timestamp,frame,x,y,z,doppler,SNR,w_snr,d2,is_inlier
18:01:54.474757,1,0.9517957,1.255308,1.1924902,-0.13916,29.519999,1.0,5.9711504,1
18:01:54.474757,1,1.063405,1.1348109,1.1543291,-0.13916,61.52,1.0,0.6864668,1
18:01:54.474757,1,1.1013998,1.1753571,1.1241138,-0.13916,39.239998,1.0,1.6421494,1
18:01:54.474757,1,1.0367281,1.0415709,1.1315681,-0.13916,64.76,1.0,4.146278,1
18:01:54.474757,1,1.0765018,1.124476,1.1570984,-0.13916,56.0,1.0,1.4011505,1
18:01:54.474757,1,1.1149646,1.1646528,1.126982,-0.13916,35.12,1.0,2.2951398,1
18:01:54.474757,1,1.061136,1.0213064,1.1369978,-0.13916,58.64,1.0,2.738566,1
18:01:54.474757,1,1.0254102,1.0942649,1.1845444,-0.13916,66.24,1.0,2.160179,1
18:01:54.474757,1,1.1023711,1.103429,1.162738,-0.13916,48.12,1.0,3.7062063,1
18:01:54.474757,1,1.0731815,1.0109984,1.1397599,-0.13916,50.12,1.0,2.4422143,1
18:01:54.474757,1,1.1129464,1.0484593,1.1078851,-0.13916,40.0,1.0,3.0181859,1
18:01:54.474757,1,1.1375948,1.0267199,1.1137102,-0.13916,32.76,1.0,2.9620852,1
18:01:54.474757,1,1.108669,0.97938347,1.1482311,-0.13916,33.76,1.0,3.1351318,1
18:01:54.474757,1,1.1497489,1.0156728,1.1166703,-0.13916,26.88,1.0,3.3462079,1
18:01:54.474757,1,1.1317751,0.9577417,1.15403,-0.13916,27.519999,1.0,4.874499,1
18:01:54.474757,1,1.1417582,1.1428537,1.132823,-0.13916,30.519999,1.0,4.526886,1
18:01:54.474757,1,0.9875655,1.0538789,1.2146404,-0.13916,29.519999,1.0,6.0430765,1
18:01:54.474757,1,1.0969492,0.99003583,1.1453768,-0.13916,41.36,1.0,2.6445558,1
18:01:54.474757,1,1.0877249,1.1859299,1.1212808,-0.13916,41.879997,1.0,1.304073,1
18:01:54.474757,1,0.934209,1.1605415,1.1667856,-0.13916,31.0,1.0,4.863356,1
18:01:54.474757,1,0.96882457,1.2035434,1.1359123,-0.13916,36.0,1.0,4.262171,1
18:01:54.474757,1,1.0150502,1.280832,1.1688172,-0.13916,32.52,1.0,6.2807465,1
18:01:54.474757,1,0.9607534,1.142237,1.1716903,-0.13916,37.879997,1.0,2.6060233,1
18:01:54.474757,1,0.9963525,1.1845607,1.1409987,-0.13916,43.64,1.0,1.6664602,1
18:01:54.474757,1,0.9738821,1.1328933,1.174194,-0.13916,46.0,1.0,1.9305727,1
18:01:54.474757,1,1.0099677,1.1748707,1.1435951,-0.13916,51.76,1.0,0.8491097,1
18:01:54.474757,1,1.0319515,1.2268844,1.1103071,-0.13916,37.0,1.0,3.1932807,1
18:01:54.474757,1,0.98691344,1.1234233,1.1767315,-0.13916,54.76,1.0,1.5521834,1
18:01:54.474757,1,1.0234818,1.1650499,1.1462266,-0.13916,58.879997,1.0,0.34664157,1
18:01:54.474757,1,1.0600502,1.2066765,1.1157218,-0.13916,42.36,1.0,1.5912675,1
18:01:54.474757,1,1.0966187,1.248303,1.085217,-0.06972,20.359999,1.0,5.2860613,1
18:01:54.474757,1,1.0126787,1.1041081,1.1819069,-0.13916,62.239998,1.0,1.6709663,1
18:01:54.474757,1,1.0502019,1.1450189,1.1515939,-0.13916,62.64,1.0,0.26959005,1
18:01:54.474757,1,1.0460532,1.2168483,1.1129962,-0.13916,40.64,1.0,2.225679,1
18:01:54.474757,1,1.1627711,1.2677516,1.0606548,-0.06972,5.52,0.552,10.680616,1
18:01:54.474757,1,0.9963525,1.1845607,1.1409987,-0.13916,43.64,1.0,1.6664602,1
18:01:54.474757,1,0.9875655,1.0538789,1.2146404,-0.13916,29.519999,1.0,6.0430765,1
18:01:54.474757,1,1.0099677,1.1748707,1.1435951,-0.13916,51.76,1.0,0.8491097,1
18:01:54.474757,1,1.0126787,1.1041081,1.1819069,-0.13916,62.239998,1.0,1.6709663,1
18:01:54.474757,1,0.9963525,1.1845607,1.1409987,-0.13916,43.64,1.0,1.6664602,1
18:01:54.474757,1,1.061136,1.0213064,1.1369978,-0.13916,58.64,1.0,2.738566,1
18:01:54.474757,1,1.1013998,1.1753571,1.1241138,-0.13916,39.239998,1.0,1.6421494,1
18:01:54.474757,1,1.1497489,1.0156728,1.1166703,-0.13916,26.88,1.0,3.3462079,1
18:01:54.474757,1,1.063405,1.1348109,1.1543291,-0.13916,61.52,1.0,0.6864668,1
18:01:54.474757,1,1.0765018,1.124476,1.1570984,-0.13916,56.0,1.0,1.4011505,1
18:01:54.474757,1,1.1013998,1.1753571,1.1241138,-0.13916,39.239998,1.0,1.6421494,1
18:01:54.474757,1,1.0600502,1.2066765,1.1157218,-0.13916,42.36,1.0,1.5912675,1
18:01:54.474757,1,1.0319515,1.2268844,1.1103071,-0.13916,37.0,1.0,3.1932807,1
18:01:54.528844,2,1.0295223,1.2709575,1.1714631,-0.06972,29.519999,1.0,2.8873718,1
18:01:54.528844,2,0.99484223,1.194233,1.2943473,-0.20888,33.239998,1.0,1.6392363,1
18:01:54.528844,2,0.95907766,1.2112037,1.4379574,-0.20888,10.24,1.0,3.5324917,1
18:01:54.528844,2,1.0078806,1.217445,1.2026356,-0.20888,36.52,1.0,0.5596982,1
18:01:54.528844,2,1.0198098,1.3450109,1.1347866,-0.06972,15.88,1.0,2.6070292,1
18:01:54.528844,2,1.2281443,0.929971,-0.16298325,-0.27832,9.639999,0.964,3.981497,1
18:01:54.528844,2,1.1948841,1.0447339,-0.0495228,-0.13916,5.12,0.51199996,4.4708056,1
18:01:54.528844,2,1.2272906,0.97612256,-0.2209333,-0.27832,8.36,0.83599997,3.0009274,1
18:01:54.528844,2,1.032186,1.4447776,1.1700542,-0.06972,6.0,0.59999996,6.245227,1
18:01:54.528844,2,1.1948841,1.0447339,-0.0495228,-0.13916,5.12,0.51199996,4.4708056,1
18:01:54.528844,2,1.0078806,1.217445,1.2026356,-0.20888,36.52,1.0,0.5596982,1
18:01:54.528844,2,1.0198098,1.3450109,1.1347866,-0.06972,15.88,1.0,2.6070292,1
18:01:54.528844,2,1.032186,1.4447776,1.1700542,-0.06972,6.0,0.59999996,6.245227,1
18:01:54.528844,2,1.0078806,1.217445,1.2026356,-0.20888,36.52,1.0,0.5596982,1
18:01:54.528844,2,1.2272906,0.97612256,-0.2209333,-0.27832,8.36,0.83599997,3.0009274,1
18:01:54.528844,2,1.0295223,1.2709575,1.1714631,-0.06972,29.519999,1.0,2.8873718,1
18:01:54.528844,2,1.2281443,0.929971,-0.16298325,-0.27832,9.639999,0.964,3.981497,1
18:01:54.528844,2,0.99484223,1.194233,1.2943473,-0.20888,33.239998,1.0,1.6392363,1
18:01:54.528844,2,1.2272906,0.97612256,-0.2209333,-0.27832,8.36,0.83599997,3.0009274,1
18:01:54.528844,2,1.2272906,0.97612256,-0.2209333,-0.27832,8.36,0.83599997,3.0009274,1
18:01:54.528844,2,0.99484223,1.194233,1.2943473,-0.20888,33.239998,1.0,1.6392363,1
18:01:54.528844,2,1.0198098,1.3450109,1.1347866,-0.06972,15.88,1.0,2.6070292,1
18:01:54.528844,2,1.2281443,0.929971,-0.16298325,-0.27832,9.639999,0.964,3.981497,1
18:01:54.528844,2,0.95907766,1.2112037,1.4379574,-0.20888,10.24,1.0,3.5324917,1
18:01:54.528844,2,1.0295223,1.2709575,1.1714631,-0.06972,29.519999,1.0,2.8873718,1
18:01:54.528844,2,1.0078806,1.217445,1.2026356,-0.20888,36.52,1.0,0.5596982,1
18:01:54.528844,2,1.0078806,1.217445,1.2026356,-0.20888,36.52,1.0,0.5596982,1
18:01:54.528844,2,1.0198098,1.3450109,1.1347866,-0.06972,15.88,1.0,2.6070292,1
18:01:54.528844,2,1.032186,1.4447776,1.1700542,-0.06972,6.0,0.59999996,6.245227,1
18:01:54.528844,2,1.2281443,0.929971,-0.16298325,-0.27832,9.639999,0.964,3.981497,1
18:01:54.528844,2,1.0295223,1.2709575,1.1714631,-0.06972,29.519999,1.0,2.8873718,1
18:01:54.528844,2,1.1948841,1.0447339,-0.0495228,-0.13916,5.12,0.51199996,4.4708056,1
18:01:54.528844,2,0.95907766,1.2112037,1.4379574,-0.20888,10.24,1.0,3.5324917,1
18:01:54.528844,2,0.99484223,1.194233,1.2943473,-0.20888,33.239998,1.0,1.6392363,1
18:01:54.528844,2,1.0295223,1.2709575,1.1714631,-0.06972,29.519999,1.0,2.8873718,1
18:01:54.528844,2,1.0198098,1.3450109,1.1347866,-0.06972,15.88,1.0,2.6070292,1
18:01:54.528844,2,1.2281443,0.929971,-0.16298325,-0.27832,9.639999,0.964,3.981497,1
18:01:54.528844,2,1.0198098,1.3450109,1.1347866,-0.06972,15.88,1.0,2.6070292,1
18:01:54.528844,2,1.0198098,1.3450109,1.1347866,-0.06972,15.88,1.0,2.6070292,1
18:01:54.528844,2,1.2272906,0.97612256,-0.2209333,-0.27832,8.36,0.83599997,3.0009274,1
18:01:54.528844,2,1.032186,1.4447776,1.1700542,-0.06972,6.0,0.59999996,6.245227,1
18:01:54.528844,2,1.0078806,1.217445,1.2026356,-0.20888,36.52,1.0,0.5596982,1
18:01:54.528844,2,1.2272906,0.97612256,-0.2209333,-0.27832,8.36,0.83599997,3.0009274,1
18:01:54.528844,2,1.0295223,1.2709575,1.1714631,-0.06972,29.519999,1.0,2.8873718,1
18:01:54.528844,2,0.95907766,1.2112037,1.4379574,-0.20888,10.24,1.0,3.5324917,1
18:01:54.528844,2,1.0078806,1.217445,1.2026356,-0.20888,36.52,1.0,0.5596982,1
18:01:54.528844,2,1.0078806,1.217445,1.2026356,-0.20888,36.52,1.0,0.5596982,1
18:01:54.528844,2,1.032186,1.4447776,1.1700542,-0.06972,6.0,0.59999996,6.245227,1
18:01:54.587682,3,1.0216533,1.207643,1.2052621,-0.06972,82.36,1.0,0.06243234,1
18:01:54.587682,3,1.0581564,1.2507914,1.1768665,-0.06972,56.52,1.0,0.1812604,1
18:01:54.587682,3,1.008154,1.1845592,1.2969394,-0.06972,43.879997,1.0,0.49233556,1
18:01:54.587682,3,1.0488908,1.1876425,1.2106212,-0.06972,75.52,1.0,0.42376748,1
18:01:54.587682,3,1.0863671,1.2300762,1.1824172,-0.06972,57.0,1.0,0.55269307,1
18:01:54.587682,3,1.1238433,1.2725099,1.1542132,-0.13916,26.119999,1.0,0.89626443,1
18:01:54.587682,3,1.021365,1.1747572,1.2995658,-0.06972,35.76,1.0,0.8396014,1
18:01:54.587682,3,1.062353,1.1774458,1.2133534,-0.06972,64.76,1.0,0.772911,1
18:01:54.587682,3,1.1762247,1.3036542,1.1290342,-0.13916,6.64,0.664,1.8533635,1
18:01:54.587682,3,1.0474793,1.1547731,1.3049204,-0.06972,28.88,1.0,1.8528433,1
18:01:54.587682,3,1.0757089,1.1671197,1.2161202,-0.06972,53.36,1.0,1.2339889,1
18:01:54.587682,3,1.1141434,1.2088202,1.1881127,-0.06972,49.76,1.0,1.4030275,1
18:01:54.587682,3,1.1020967,1.146083,1.221757,-0.06972,43.36,1.0,2.4905689,1
18:01:54.587682,3,1.1417582,1.1428537,1.132823,-0.06972,43.879997,1.0,2.9593198,1
18:01:54.587682,3,1.1151259,1.1353745,1.2246264,-0.06972,35.12,1.0,3.2852862,1
18:01:54.587682,3,0.99484223,1.194233,1.2943473,-0.06972,52.76,1.0,0.2516615,1
18:01:54.587682,3,1.1003102,1.2195153,1.185247,-0.06972,54.52,1.0,0.9181512,1
18:01:54.587682,3,1.0438915,1.2609437,1.1741463,-0.06972,53.12,1.0,0.17579708,1
18:01:54.587682,3,1.0078806,1.217445,1.2026356,-0.06972,82.119995,1.0,0.05071879,1
18:01:54.587682,3,0.9700375,1.2203718,1.3046086,-0.06972,60.359997,1.0,0.15453006,1
18:01:54.587682,3,0.84900343,1.3205465,1.3297766,-0.13916,23.24,1.0,4.158947,1
18:01:54.587682,3,0.8920854,1.2953181,1.3365365,-0.13916,36.36,1.0,1.9888927,1
18:01:54.587682,3,0.917668,1.3138415,1.2480084,-0.13916,34.239998,1.0,2.4012835,1
18:01:54.587682,3,0.8689074,1.2962255,1.4827615,-0.13916,12.639999,1.0,3.000202,1
18:01:54.587682,3,0.9062695,1.2866327,1.3388637,-0.13916,45.12,1.0,1.4822791,1
18:01:54.587682,3,0.9322589,1.304907,1.2504023,-0.13916,42.52,1.0,1.735316,1
18:01:54.587682,3,0.8634509,1.3122759,1.3319927,-0.13916,29.119999,1.0,3.3273466,1
18:01:54.587682,3,0.9611596,1.2866173,1.255303,-0.13916,52.64,1.0,0.7476873,1
18:01:54.587682,3,0.9426699,1.2388477,1.299658,-0.06972,61.52,1.0,0.36503536,1
18:01:54.587682,3,0.9684845,1.2540394,1.2105645,-0.06972,64.119995,1.0,0.56436884,1
18:01:54.587682,3,1.0150502,1.280832,1.1688172,-0.06972,41.879997,1.0,0.52634376,1
18:01:54.587682,3,0.9564015,1.2296759,1.3021156,-0.06972,63.879997,1.0,0.20599963,1
18:01:54.587682,3,0.9966015,1.2350575,1.2156507,-0.06972,75.119995,1.0,0.08280681,1
18:01:54.587682,3,1.0295223,1.2709575,1.1714631,-0.06972,47.879997,1.0,0.2907742,1
18:01:54.587682,3,0.920363,1.2778107,1.3412277,-0.13916,54.239998,1.0,1.084172,1
18:01:54.587682,3,1.0216533,1.207643,1.2052621,-0.06972,82.36,1.0,0.06243234,1
18:01:54.587682,3,0.9564015,1.2296759,1.3021156,-0.06972,63.879997,1.0,0.20599963,1
18:01:54.587682,3,0.9564015,1.2296759,1.3021156,-0.06972,63.879997,1.0,0.20599963,1
18:01:54.587682,3,1.1762247,1.3036542,1.1290342,-0.13916,6.64,0.664,1.8533635,1
18:01:54.587682,3,0.99484223,1.194233,1.2943473,-0.06972,52.76,1.0,0.2516615,1
18:01:54.587682,3,1.0438915,1.2609437,1.1741463,-0.06972,53.12,1.0,0.17579708,1
18:01:54.587682,3,0.84900343,1.3205465,1.3297766,-0.13916,23.24,1.0,4.158947,1
18:01:54.587682,3,0.99484223,1.194233,1.2943473,-0.06972,52.76,1.0,0.2516615,1
18:01:54.587682,3,1.0438915,1.2609437,1.1741463,-0.06972,53.12,1.0,0.17579708,1
18:01:54.587682,3,0.9322589,1.304907,1.2504023,-0.13916,42.52,1.0,1.735316,1
18:01:54.587682,3,1.0474793,1.1547731,1.3049204,-0.06972,28.88,1.0,1.8528433,1
18:01:54.587682,3,1.1003102,1.2195153,1.185247,-0.06972,54.52,1.0,0.9181512,1
18:01:54.587682,3,0.9062695,1.2866327,1.3388637,-0.13916,45.12,1.0,1.4822791,1
18:01:54.640105,4,1.0821388,1.2588257,1.0823975,-0.06972,17.24,1.0,2.286853,1
18:01:54.640105,4,0.9529058,1.1862258,1.3774445,-0.13916,42.64,1.0,0.5561563,1
18:01:54.640105,4,1.0966187,1.248303,1.085217,-0.06972,15.759999,1.0,2.767845,1
18:01:54.640105,4,0.96592724,1.1769584,1.3799276,-0.13916,45.0,1.0,0.51070714,1
18:01:54.640105,4,1.0108107,1.2540915,1.4348756,-0.20888,13.12,1.0,2.5833585,1
18:01:54.640105,4,1.0335671,1.0924255,1.3358599,-0.13916,29.119999,1.0,3.3968809,1
18:01:54.640105,4,1.00882,1.1121541,1.3305737,-0.13916,40.239998,1.0,1.9557668,1
18:01:54.640105,4,1.0212446,1.1023495,1.3332008,-0.13916,34.88,1.0,2.595931,1
18:01:54.640105,4,1.0579005,1.0722228,1.3412732,-0.13916,24.0,1.0,5.4738183,1
18:01:54.640105,4,1.0460532,1.2168483,1.1129962,-0.06972,34.0,1.0,0.3552783,1
18:01:54.640105,4,0.98582006,1.1382341,1.3402135,-0.13916,44.12,1.0,1.027602,1
18:01:54.640105,4,0.9036322,1.1493772,1.399041,-0.13916,11.88,1.0,2.893121,1
18:01:54.640105,4,0.939789,1.1953669,1.3749951,-0.13916,37.76,1.0,0.7724928,1
18:01:54.640105,4,1.0675507,1.269208,1.0796155,-0.06972,18.359999,1.0,2.006526,1
18:01:54.640105,4,1.0319515,1.2268844,1.1103071,-0.06972,37.76,1.0,0.29042754,1
18:01:54.640105,4,0.92821795,1.2108369,1.3876098,-0.13916,32.12,1.0,1.0468366,1
18:01:54.640105,4,1.0380557,1.2895472,1.0741656,-0.06972,18.88,1.0,2.056785,1
18:01:54.640105,4,1.0034401,1.2465453,1.105039,-0.06972,40.36,1.0,0.74730635,1
18:01:54.640105,4,0.90147257,1.228511,1.3828741,-0.13916,26.76,1.0,2.277722,1
18:01:54.640105,4,0.9890331,1.2561684,1.1024605,-0.06972,41.52,1.0,1.2730994,1
18:01:54.640105,4,0.89213645,1.2559164,1.4259766,-0.13916,22.119999,1.0,2.767723,1
18:01:54.640105,4,0.9146035,1.19562,1.0684536,-0.06972,29.0,1.0,6.167475,1
18:01:54.640105,4,1.1031498,1.3115317,1.0489239,-0.13916,6.12,0.612,5.441078,1
18:01:54.640105,4,0.89213645,1.2559164,1.4259766,-0.13916,22.119999,1.0,2.767723,1
18:01:54.640105,4,0.9890331,1.2561684,1.1024605,-0.06972,41.52,1.0,1.2730994,1
18:01:54.640105,4,1.1031498,1.3115317,1.0489239,-0.13916,6.12,0.612,5.441078,1
18:01:54.640105,4,0.90147257,1.228511,1.3828741,-0.13916,26.76,1.0,2.277722,1
18:01:54.640105,4,0.9529058,1.1862258,1.3774445,-0.13916,42.64,1.0,0.5561563,1
18:01:54.640105,4,0.89213645,1.2559164,1.4259766,-0.13916,22.119999,1.0,2.767723,1
18:01:54.640105,4,0.98582006,1.1382341,1.3402135,-0.13916,44.12,1.0,1.027602,1
18:01:54.640105,4,0.9036322,1.1493772,1.399041,-0.13916,11.88,1.0,2.893121,1
18:01:54.640105,4,1.1031498,1.3115317,1.0489239,-0.13916,6.12,0.612,5.441078,1
18:01:54.640105,4,1.0034401,1.2465453,1.105039,-0.06972,40.36,1.0,0.74730635,1
18:01:54.640105,4,1.1031498,1.3115317,1.0489239,-0.13916,6.12,0.612,5.441078,1
18:01:54.640105,4,0.96592724,1.1769584,1.3799276,-0.13916,45.0,1.0,0.51070714,1
18:01:54.640105,4,0.98582006,1.1382341,1.3402135,-0.13916,44.12,1.0,1.027602,1
18:01:54.640105,4,1.0460532,1.2168483,1.1129962,-0.06972,34.0,1.0,0.3552783,1
18:01:54.640105,4,1.0579005,1.0722228,1.3412732,-0.13916,24.0,1.0,5.4738183,1
18:01:54.640105,4,1.00882,1.1121541,1.3305737,-0.13916,40.239998,1.0,1.9557668,1
18:01:54.640105,4,1.0675507,1.269208,1.0796155,-0.06972,18.359999,1.0,2.006526,1
18:01:54.640105,4,1.0821388,1.2588257,1.0823975,-0.06972,17.24,1.0,2.286853,1
18:01:54.640105,4,0.9890331,1.2561684,1.1024605,-0.06972,41.52,1.0,1.2730994,1
18:01:54.640105,4,1.0212446,1.1023495,1.3332008,-0.13916,34.88,1.0,2.595931,1
18:01:54.640105,4,1.0034401,1.2465453,1.105039,-0.06972,40.36,1.0,0.74730635,1
18:01:54.640105,4,0.98582006,1.1382341,1.3402135,-0.13916,44.12,1.0,1.027602,1
18:01:54.640105,4,1.0460532,1.2168483,1.1129962,-0.06972,34.0,1.0,0.3552783,1
18:01:54.640105,4,1.0460532,1.2168483,1.1129962,-0.06972,34.0,1.0,0.3552783,1
18:01:54.640105,4,0.9146035,1.19562,1.0684536,-0.06972,29.0,1.0,6.167475,1
18:01:54.697695,5,0.9529058,1.3069353,-0.29432464,-0.20888,37.0,1.0,1.5395947,1
18:01:54.697695,5,1.0396509,1.4562793,-0.400124,-0.20888,35.88,1.0,2.2485435,1
18:01:54.697695,5,1.0059806,1.409116,-0.36902615,-0.20888,43.12,1.0,0.37774545,1
18:01:54.697695,5,0.9918394,1.4191053,-0.36902615,-0.20888,44.52,1.0,0.21571283,1
18:01:54.697695,5,0.939789,1.3163989,-0.29432464,-0.20888,37.879997,1.0,1.6330531,1
18:01:54.697695,5,1.0250363,1.4666028,-0.400124,-0.20888,38.52,1.0,1.8346202,1
18:01:54.697695,5,0.9894222,1.3570186,-0.3056035,-0.20888,45.76,1.0,0.33715022,1
18:01:54.697695,5,0.9758028,1.3668448,-0.3056035,-0.20888,47.239998,1.0,0.17188151,1
18:01:54.697695,5,1.0339599,1.388716,-0.36902615,-0.20888,39.879997,1.0,1.2993894,1
18:01:54.697695,5,1.05921,1.3647768,-0.386321,-0.20888,30.64,1.0,2.7431216,1
18:01:54.697695,5,0.96592724,1.2973411,-0.29432464,-0.20888,34.36,1.0,1.6287419,1
18:01:54.697695,5,1.0029427,1.3470566,-0.3056035,-0.20888,41.879997,1.0,0.69244426,1
18:01:54.697695,5,1.0455095,1.3753005,-0.386321,-0.20888,35.36,1.0,1.824272,1
18:01:54.697695,5,0.98582006,1.270215,-0.34270808,-0.20888,30.76,1.0,3.0035815,1
18:01:54.697695,5,1.0235978,1.3188912,-0.35584107,-0.20888,36.88,1.0,1.8302625,1
18:01:54.697695,5,1.0110255,1.2502459,-0.34270808,-0.20888,26.64,1.0,4.2912664,1
18:01:54.697695,5,1.0497692,1.2981567,-0.35584107,-0.20888,31.64,1.0,3.685807,1
18:01:54.697695,5,1.0626981,1.2875943,-0.35584107,-0.20888,26.76,1.0,4.883129,1
18:01:54.697695,5,1.0685666,1.4351964,-0.400124,-0.20888,32.239998,1.0,3.6970356,1
18:01:54.697695,5,0.9620858,1.3765343,-0.3056035,-0.20888,46.12,1.0,0.19884433,1
18:01:54.697695,5,0.9265782,1.3257308,-0.29432464,-0.20888,36.76,1.0,1.911139,1
18:01:54.697695,5,0.8925064,1.2769815,-0.267435,-0.13916,12.12,1.0,5.466137,1
18:01:54.697695,5,0.89366406,1.4254164,-0.28879428,-0.20888,27.76,1.0,3.169534,1
18:01:54.697695,5,0.9251401,1.4756213,-0.3169271,-0.20888,31.0,1.0,2.650461,1
18:01:54.697695,5,0.90787333,1.4164085,-0.28879428,-0.20888,32.64,1.0,2.1730978,1
18:01:54.697695,5,0.9398498,1.4662963,-0.3169271,-0.20888,35.76,1.0,1.8603576,1
18:01:54.697695,5,0.96556795,1.5064203,-0.400124,-0.20888,35.76,1.0,2.3063602,1
18:01:54.697695,5,0.88796395,1.3553216,-0.27813578,-0.20888,30.119999,1.0,3.558715,1
18:01:54.697695,5,0.9504557,1.5160004,-0.400124,-0.06972,32.12,1.0,2.9684572,1
18:01:54.697695,5,0.9544655,1.4568247,-0.3169271,-0.20888,40.12,1.0,1.2817997,1
18:01:54.697695,5,0.92199177,1.4072591,-0.28879428,-0.20888,37.879997,1.0,1.3795786,1
18:01:54.697695,5,0.97759897,1.4289525,-0.36902615,-0.20888,43.36,1.0,0.2560022,1
18:01:54.697695,5,0.9343645,1.3954995,-0.3056035,-0.20888,42.76,1.0,0.838182,1
18:01:54.697695,5,0.89988005,1.3439959,-0.29432464,-0.20888,33.88,1.0,3.029177,1
18:01:54.697695,5,1.0103194,1.4767797,-0.400124,-0.20888,39.36,1.0,1.6309531,1
18:01:54.697695,5,1.0198098,1.5231146,-0.48761755,-0.06972,17.359999,1.0,2.7739484,1
18:01:54.697695,5,0.9955012,1.4868089,-0.400124,-0.20888,38.36,1.0,1.640042,1
18:01:54.697695,5,1.053817,1.5739051,-0.5038779,-0.20888,5.0,0.5,6.994748,1
18:01:54.697695,5,0.89366406,1.4254164,-0.28879428,-0.20888,27.76,1.0,3.169534,1
18:01:54.697695,5,1.0059806,1.409116,-0.36902615,-0.20888,43.12,1.0,0.37774545,1
18:01:54.697695,5,0.9758028,1.3668448,-0.3056035,-0.20888,47.239998,1.0,0.17188151,1
18:01:54.697695,5,1.0110255,1.2502459,-0.34270808,-0.20888,26.64,1.0,4.2912664,1
18:01:54.697695,5,1.0250363,1.4666028,-0.400124,-0.20888,38.52,1.0,1.8346202,1
18:01:54.697695,5,0.939789,1.3163989,-0.29432464,-0.20888,37.879997,1.0,1.6330531,1
18:01:54.697695,5,0.939789,1.3163989,-0.29432464,-0.20888,37.879997,1.0,1.6330531,1
18:01:54.697695,5,0.9529058,1.3069353,-0.29432464,-0.20888,37.0,1.0,1.5395947,1
18:01:54.697695,5,1.0110255,1.2502459,-0.34270808,-0.20888,26.64,1.0,4.2912664,1
18:01:54.697695,5,0.96592724,1.2973411,-0.29432464,-0.20888,34.36,1.0,1.6287419,1
18:01:54.753874,6,1.1151412,1.0927191,1.1656076,-0.20888,58.359997,1.0,1.1027828,1
18:01:54.753874,6,1.0372744,1.1254191,1.2441279,-0.20888,102.88,1.0,0.29831496,1
18:01:54.753874,6,1.0757089,1.1671197,1.2161202,-0.20888,50.879997,1.0,3.4325793,1
18:01:54.753874,6,1.0234977,1.0643471,1.2772595,-0.20888,53.12,1.0,1.098971,1
18:01:54.753874,6,1.0629841,1.0640041,1.1926528,-0.20888,87.119995,1.0,0.49267757,1
18:01:54.753874,6,1.1023711,1.103429,1.162738,-0.20888,56.52,1.0,0.959468,1
18:01:54.753874,6,1.0355978,1.0544024,1.2799242,-0.20888,41.36,1.0,1.288692,1
18:01:54.753874,6,1.0752978,1.0536768,1.1954199,-0.20888,68.119995,1.0,0.727965,1
18:01:54.753874,6,1.0594859,1.0341648,1.2853469,-0.20888,32.36,1.0,1.8611226,1
18:01:54.753874,6,1.2013384,1.014373,1.1866004,-0.20888,28.0,1.0,3.797532,1
18:01:54.753874,6,1.1403452,1.070932,1.1714454,-0.20888,55.52,1.0,1.565079,1
18:01:54.753874,6,1.1810892,1.1091958,1.1418417,-0.20888,13.0,1.0,5.277719,1
18:01:54.753874,6,1.0705636,0.9842705,1.2332919,-0.20888,25.64,1.0,5.271523,1
18:01:54.753874,6,1.1115888,1.0219889,1.2039107,-0.20888,39.64,1.0,1.8236418,1
18:01:54.753874,6,1.1527768,1.059857,1.174413,-0.20888,49.239998,1.0,1.8861433,1
18:01:54.753874,6,1.1234652,1.0111943,1.2068031,-0.20888,30.64,1.0,2.322106,1
18:01:54.753874,6,1.1650933,1.0486624,1.1774125,-0.20888,41.64,1.0,2.268662,1
18:01:54.753874,6,1.1468796,0.9892638,1.2126794,-0.20888,24.24,1.0,3.5255296,1
18:01:54.753874,6,0.9989919,1.0838835,1.2720248,-0.20888,67.52,1.0,0.90879434,1
18:01:54.753874,6,1.0875039,1.0432312,1.1982188,-0.20888,51.879997,1.0,1.0275949,1
18:01:54.753874,6,1.062353,1.1774458,1.2133534,-0.20888,43.52,1.0,3.5683298,1
18:01:54.753874,6,1.1893753,1.0259193,1.1835066,-0.20888,34.239998,1.0,3.2230265,1
18:01:54.753874,6,0.9865885,1.0934732,1.2694552,-0.20888,81.759995,1.0,0.90704286,1
18:01:54.753874,6,1.0243957,1.1353763,1.2414598,-0.20888,106.36,1.0,0.3627244,1
18:01:54.753874,6,0.8657724,1.2118441,1.3038619,-0.20888,28.76,1.0,3.8629165,1
18:01:54.753874,6,0.892612,1.1948588,1.308413,-0.20888,36.64,1.0,2.7306063,1
18:01:54.753874,6,0.91778857,1.2104566,1.2213421,-0.20888,26.64,1.0,2.828185,1
18:01:54.753874,6,0.89941454,1.1646043,1.2668651,-0.20888,47.36,1.0,2.3726954,1
18:01:54.753874,6,0.94501805,1.1924627,1.2261636,-0.20888,34.12,1.0,1.8914005,1
18:01:54.753874,6,0.9231168,1.1395986,1.2570959,-0.20888,60.879997,1.0,1.8116192,1
18:01:54.753874,6,0.95849174,1.1832694,1.228627,-0.20888,44.36,1.0,1.5025612,1
18:01:54.753874,6,0.9360009,1.1306198,1.2595018,-0.20888,75.88,1.0,1.5102124,1
18:01:54.753874,6,0.9718695,1.1739464,1.231125,-0.20888,58.52,1.0,1.1669549,1
18:01:54.753874,6,0.9487914,1.1215168,1.261941,-0.20888,87.759995,1.0,1.2687315,1
18:01:54.753874,6,0.98515016,1.1644946,1.2336576,-0.20888,76.36,1.0,0.8848203,1
18:01:54.753874,6,1.0216533,1.207643,1.2052621,-0.20888,29.64,1.0,4.2623515,1
18:01:54.753874,6,0.93359077,1.096949,1.3489379,-0.20888,29.88,1.0,2.779459,1
18:01:54.753874,6,0.97408646,1.1029426,1.2669178,-0.20888,90.24,1.0,0.96676075,1
18:01:54.753874,6,1.0488908,1.1876425,1.2106212,-0.20888,36.12,1.0,3.7522445,1
18:01:54.753874,6,1.0114145,1.1452087,1.2388253,-0.20888,95.0,1.0,0.4822851,1
18:01:54.753874,6,0.8963339,1.1234646,1.341833,-0.20888,31.24,1.0,3.4550147,1
18:01:54.753874,6,0.9487914,1.1215168,1.261941,-0.20888,87.759995,1.0,1.2687315,1
18:01:54.753874,6,1.1810892,1.1091958,1.1418417,-0.20888,13.0,1.0,5.277719,1
18:01:54.753874,6,1.0757089,1.1671197,1.2161202,-0.20888,50.879997,1.0,3.4325793,1
18:01:54.753874,6,1.1151412,1.0927191,1.1656076,-0.20888,58.359997,1.0,1.1027828,1
18:01:54.753874,6,1.1234652,1.0111943,1.2068031,-0.20888,30.64,1.0,2.322106,1
18:01:54.753874,6,1.1023711,1.103429,1.162738,-0.20888,56.52,1.0,0.959468,1
18:01:54.753874,6,0.9989919,1.0838835,1.2720248,-0.20888,67.52,1.0,0.90879434,1
18:01:54.806869,7,1.1023711,1.103429,1.162738,-0.27832,35.36,1.0,1.7743387,1
18:01:54.806869,7,1.0335737,0.9736856,1.1715087,-0.27832,35.64,1.0,2.4971387,1
18:01:54.806869,7,1.0731815,1.0109984,1.1397599,-0.27832,43.0,1.0,0.5027782,1
18:01:54.806869,7,1.1151412,1.0927191,1.1656076,-0.27832,37.76,1.0,1.6672543,1
18:01:54.806869,7,1.0564642,0.95349675,1.1769183,-0.27832,31.0,1.0,3.3060334,1
18:01:54.806869,7,1.0969492,0.99003583,1.1453768,-0.13916,39.12,1.0,1.176625,1
18:01:54.806869,7,1.1317751,0.9577417,1.15403,-0.13916,29.519999,1.0,2.8740847,1
18:01:54.806869,7,1.0677515,0.9432375,1.1796672,-0.27832,26.519999,1.0,3.8458338,1
18:01:54.806869,7,1.108669,0.97938347,1.1482311,-0.13916,34.36,1.0,1.6499575,1
18:01:54.806869,7,1.1527768,1.059857,1.174413,-0.13916,37.0,1.0,1.8725965,1
18:01:54.806869,7,1.1737111,0.9932292,1.122684,-0.13916,34.12,1.0,2.590624,1
18:01:54.806869,7,1.1855167,0.9818349,1.1257371,-0.13916,30.24,1.0,3.272202,1
18:01:54.806869,7,1.2278745,1.0169153,1.0945002,-0.13916,13.759999,1.0,4.9666896,1
18:01:54.806869,7,1.0629841,1.0640041,1.1926528,-0.13916,45.0,1.0,0.19558243,1
18:01:54.806869,7,1.1403452,1.070932,1.1714454,-0.13916,38.36,1.0,1.7153803,1
18:01:54.806869,7,1.0219729,0.98361325,1.1688485,-0.27832,39.76,1.0,2.2263873,1
18:01:54.806869,7,1.1790918,1.1348348,1.0410666,-0.13916,6.7599998,0.676,7.0538144,1
18:01:54.806869,7,1.038039,1.0842991,1.1872147,-0.27832,44.64,1.0,0.49494395,1
18:01:54.806869,7,1.0765018,1.124476,1.1570984,-0.27832,31.76,1.0,2.245948,1
18:01:54.806869,7,0.93793917,1.0910819,1.2046719,-0.13916,32.88,1.0,2.7554367,1
18:01:54.806869,7,0.9738821,1.1328933,1.174194,-0.27832,27.88,1.0,2.70577,1
18:01:54.806869,7,0.9504896,1.0819613,1.2071157,-0.13916,37.239998,1.0,2.2293966,1
18:01:54.806869,7,0.98691344,1.1234233,1.1767315,-0.27832,32.64,1.0,2.099703,1
18:01:54.806869,7,0.97530395,1.063359,1.2121001,-0.13916,40.879997,1.0,1.4219797,1
18:01:54.806869,7,1.0126787,1.1041081,1.1819069,-0.27832,37.52,1.0,1.1318483,1
18:01:54.806869,7,0.9875655,1.0538789,1.2146404,-0.13916,42.76,1.0,1.1420437,1
18:01:54.806869,7,1.0254102,1.0942649,1.1845444,-0.27832,41.879997,1.0,0.7716232,1
18:01:54.806869,7,1.063405,1.1348109,1.1543291,-0.27832,27.88,1.0,2.6085966,1
18:01:54.806869,7,0.93661016,1.0605088,1.2951219,-0.13916,22.76,1.0,3.319615,1
18:01:54.806869,7,0.99972826,1.044281,1.2172121,-0.13916,42.36,1.0,0.9456155,1
18:01:54.806869,7,1.2278745,1.0169153,1.0945002,-0.13916,13.759999,1.0,4.9666896,1
18:01:54.806869,7,1.0765018,1.124476,1.1570984,-0.27832,31.76,1.0,2.245948,1
18:01:54.806869,7,1.1737111,0.9932292,1.122684,-0.13916,34.12,1.0,2.590624,1
18:01:54.806869,7,0.9875655,1.0538789,1.2146404,-0.13916,42.76,1.0,1.1420437,1
18:01:54.806869,7,1.0765018,1.124476,1.1570984,-0.27832,31.76,1.0,2.245948,1
18:01:54.806869,7,0.9875655,1.0538789,1.2146404,-0.13916,42.76,1.0,1.1420437,1
18:01:54.806869,7,1.0126787,1.1041081,1.1819069,-0.27832,37.52,1.0,1.1318483,1
18:01:54.806869,7,0.9875655,1.0538789,1.2146404,-0.13916,42.76,1.0,1.1420437,1
18:01:54.806869,7,1.0219729,0.98361325,1.1688485,-0.27832,39.76,1.0,2.2263873,1
18:01:54.806869,7,1.1855167,0.9818349,1.1257371,-0.13916,30.24,1.0,3.272202,1
18:01:54.806869,7,1.1527768,1.059857,1.174413,-0.13916,37.0,1.0,1.8725965,1
18:01:54.806869,7,1.0254102,1.0942649,1.1845444,-0.27832,41.879997,1.0,0.7716232,1
18:01:54.806869,7,1.038039,1.0842991,1.1872147,-0.27832,44.64,1.0,0.49494395,1
18:01:54.806869,7,1.063405,1.1348109,1.1543291,-0.27832,27.88,1.0,2.6085966,1
18:01:54.806869,7,1.2278745,1.0169153,1.0945002,-0.13916,13.759999,1.0,4.9666896,1
18:01:54.806869,7,1.1151412,1.0927191,1.1656076,-0.27832,37.76,1.0,1.6672543,1
18:01:54.806869,7,0.99972826,1.044281,1.2172121,-0.13916,42.36,1.0,0.9456155,1
18:01:54.806869,7,1.0126787,1.1041081,1.1819069,-0.27832,37.52,1.0,1.1318483,1
18:01:54.865892,8,1.0043429,1.2006313,1.0452737,-0.13916,26.119999,1.0,2.260298,1
18:01:54.865892,8,0.6401274,1.1498975,-0.08516101,-1.11328,12.759999,1.0,3.6716576,1
18:01:54.865892,8,0.8484616,1.1431277,1.4744732,-0.20888,6.7599998,0.676,8.084707,1
18:01:54.865892,8,0.85574305,1.0289147,-0.07098095,-1.11328,10.639999,1.0,2.687505,1
18:01:54.865892,8,0.8339418,1.2612331,1.2077366,-0.13916,40.76,1.0,3.2797608,1
18:01:54.865892,8,1.161353,1.0658349,1.063529,-0.20888,26.76,1.0,5.3291283,1
18:01:54.865892,8,0.925295,1.1000806,1.2022606,-0.13916,44.879997,1.0,5.2048435,1
18:01:54.865892,8,0.7612087,1.302315,1.3463385,-0.20888,32.88,1.0,6.257239,1
18:01:54.865892,8,0.6848549,1.0598102,0.029965214,-1.11328,6.64,0.664,3.1121228,1
18:01:54.865892,8,0.94090915,1.2219907,1.1309694,-0.13916,45.879997,1.0,1.8724742,1
18:01:54.865892,8,0.7699709,1.0953864,-0.07055481,-1.11328,18.24,1.0,1.8033031,1
18:01:54.865892,8,1.0868944,1.1400137,1.061516,-0.13916,37.0,1.0,2.0273001,1
18:01:54.865892,8,0.8706704,1.1742566,1.2478093,-0.13916,66.64,1.0,1.8872547,1
18:01:54.865892,8,0.81106526,1.2442424,1.2951807,-0.13916,55.239998,1.0,2.771728,1
18:01:54.865892,8,0.84072685,1.1977401,1.4021975,-0.20888,29.119999,1.0,3.244588,1
18:01:54.865892,8,0.8384045,1.0998931,-0.11734616,-1.11328,10.5199995,1.0,3.4386415,1
18:01:54.865892,8,1.1655896,1.1461588,1.0380323,-0.20888,14.0,1.0,4.7554655,1
18:01:54.865892,8,0.78870493,1.0260315,-0.02415681,-1.11328,11.36,1.0,3.0566442,1
18:01:54.865892,8,1.0100025,1.1305275,1.0858951,-0.13916,60.0,1.0,1.1406119,1
18:01:54.865892,8,0.8662369,1.204028,1.1551335,-0.13916,53.239998,1.0,1.0323895,1
18:01:54.865892,8,0.59142345,1.1321386,-0.034818754,-1.11328,10.639999,1.0,3.3988767,1
18:01:54.865892,8,0.67166114,1.101631,-0.026644291,-1.11328,16.359999,1.0,1.9805981,1
18:01:54.865892,8,0.70561355,1.1238962,-0.078194015,-1.11328,18.52,1.0,2.4276443,1
18:01:54.865892,8,0.92079604,1.1695006,1.1643851,-0.13916,64.0,1.0,0.7785949,1
18:01:54.865892,8,0.75022006,1.0672882,-0.017442126,-1.11328,16.24,1.0,1.6503853,1
18:01:54.865892,8,0.8174361,1.0723848,-0.064391576,-1.11328,15.0,1.0,1.8100274,1
18:01:54.865892,8,1.1267213,1.1079384,1.0701106,-0.20888,33.64,1.0,3.053448,1
18:01:54.865892,8,1.0460894,1.1709206,1.0532346,-0.13916,33.52,1.0,1.7959627,1
18:01:54.865892,8,0.9696963,1.1592133,1.0782087,-0.13916,56.12,1.0,0.5243056,1
18:01:54.865892,8,0.76917857,1.2671402,1.2890453,-0.13916,39.52,1.0,4.111133,1
18:01:54.865892,8,0.9101404,1.1484526,1.2547234,-0.13916,52.64,1.0,2.38206,1
18:01:54.865892,8,1.1924763,1.1233809,1.0441357,-0.13916,14.639999,1.0,5.0846195,1
18:01:54.865892,8,0.73793983,1.1099521,-0.0744577,-1.11328,19.0,1.0,2.0313973,1
18:01:54.865892,8,0.62370723,1.1204009,-0.03167366,-1.11328,12.5199995,1.0,2.7118216,1
18:01:54.865892,8,0.7190106,1.0814803,-0.021244902,-1.11328,17.64,1.0,1.6399667,1
18:01:54.865892,8,0.8188444,1.0105032,-0.019996028,-1.11328,9.24,0.92399997,3.7888157,1
18:01:54.865892,8,0.89369524,1.1870278,1.1596887,-0.13916,58.76,1.0,0.78038114,1
18:01:54.865892,8,0.8439195,1.1908188,1.2433715,-0.13916,68.119995,1.0,1.8864912,1
18:01:54.865892,8,0.75825,1.0409744,-0.028160758,-1.11328,14.0,1.0,2.56648,1
18:01:54.865892,8,1.1356845,1.0880233,1.0575837,-0.20888,30.359999,1.0,3.7892766,1
18:01:54.865892,8,0.951913,1.2042263,1.1182482,-0.13916,51.52,1.0,1.1965411,1
18:01:54.865892,8,1.1790918,1.1348348,1.0410666,-0.13916,14.639999,1.0,4.869736,1
18:01:54.865892,8,0.6565991,1.1436347,-0.083482906,-1.11328,14.88,1.0,3.3079221,1
18:01:54.865892,8,0.78587174,1.0878721,-0.068541385,-1.11328,17.0,1.0,1.7569921,1
18:01:54.865892,8,0.83309644,1.0644133,-0.062255614,-1.11328,12.759999,1.0,1.9137263,1
18:01:54.865892,8,0.6893438,1.1306335,-0.07999924,-1.11328,16.88,1.0,2.6845064,1
18:01:54.865892,8,1.0322766,1.1809584,1.050545,-0.13916,30.0,1.0,1.8781942,1
18:01:54.865892,8,1.1002804,1.1294503,1.0643466,-0.20888,36.0,1.0,2.276,1
18:01:54.919013,9,0.9036322,1.1493772,1.399041,-0.20888,56.0,1.0,2.314115,1
18:01:54.919013,9,0.9966663,1.140219,1.0832982,-0.06972,97.24,1.0,1.4582584,1
18:01:54.919013,9,0.9564015,1.2296759,1.3021156,-0.20888,116.88,1.0,0.888513,1
18:01:54.919013,9,0.9265782,1.2043808,1.3725798,-0.20888,91.88,1.0,0.23960152,1
18:01:54.919013,9,0.9696963,1.1592133,1.0782087,-0.06972,99.36,1.0,0.70924056,1
18:01:54.919013,9,0.9406136,1.2316281,1.2843273,-0.20888,123.0,1.0,0.7562588,1
18:01:54.919013,9,0.89988005,1.2220236,1.3678524,-0.20888,96.36,1.0,0.27539593,1
18:01:54.919013,9,0.939789,1.1953669,1.3749951,-0.20888,82.88,1.0,0.33658516,1
18:01:54.919013,9,0.86679,1.1812462,1.4066169,-0.20888,73.36,1.0,1.2995672,1
18:01:54.919013,9,0.8925064,1.164252,1.4111705,-0.20888,66.24,1.0,1.707744,1
18:01:54.919013,9,0.9758028,1.2411747,1.3510442,-0.20888,106.24,1.0,1.6300447,1
18:01:54.919013,9,0.97306883,1.147695,1.3376786,-0.20888,60.52,1.0,1.6241474,1
18:01:54.919013,9,0.9162444,1.1405878,1.4013963,-0.20888,45.64,1.0,2.7490509,1
18:01:54.919013,9,0.9529058,1.1862258,1.3774445,-0.20888,71.64,1.0,0.51308715,1
18:01:54.919013,9,0.9894222,1.2316833,1.3535874,-0.27832,93.36,1.0,1.5280353,1
18:01:54.919013,9,1.0232377,1.1207076,1.0885262,-0.06972,80.88,1.0,2.5655107,1
18:01:54.919013,9,0.9287649,1.131677,1.4037838,-0.20888,36.76,1.0,3.2680564,1
18:01:54.919013,9,1.0029427,1.2220608,1.3561658,-0.27832,80.36,1.0,1.505064,1
18:01:54.919013,9,1.0493999,1.1006868,1.0938908,-0.06972,70.24,1.0,4.050822,1
18:01:54.919013,9,0.953526,1.1134949,1.4086558,-0.20888,29.519999,1.0,4.5666523,1
18:01:54.919013,9,0.98582006,1.1382341,1.3402135,-0.27832,50.36,1.0,2.1635087,1
18:01:54.919013,9,1.1267213,1.1079384,1.0701106,-0.06972,11.24,1.0,5.8245964,1
18:01:54.919013,9,0.95491457,1.2128345,1.1334227,-0.13916,96.52,1.0,0.77193624,1
18:01:54.919013,9,1.0100025,1.1305275,1.0858951,-0.06972,90.52,1.0,1.9658806,1
18:01:54.919013,9,0.88639534,1.2306507,1.3655409,-0.20888,94.88,1.0,0.40387982,1
18:01:54.919013,9,0.9268179,1.2406472,1.2819105,-0.20888,122.759995,1.0,0.93299484,1
18:01:54.919013,9,0.85380113,1.189556,1.4043903,-0.20888,74.76,1.0,1.2097825,1
18:01:54.919013,9,0.77775854,1.2550067,1.4353579,-0.20888,33.88,1.0,2.3455358,1
18:01:54.919013,9,0.8339418,1.2612331,1.2077366,-0.13916,69.24,1.0,1.7365943,1
18:01:54.919013,9,0.7913032,1.2474287,1.4373884,-0.20888,41.36,1.0,1.9466504,1
18:01:54.919013,9,0.8176694,1.2718093,1.3545125,-0.20888,57.36,1.0,2.0701585,1
18:01:54.919013,9,0.88396055,1.2572491,1.121522,-0.13916,59.64,1.0,2.0102332,1
18:01:54.919013,9,0.80476886,1.2397201,1.4394538,-0.20888,50.52,1.0,1.6107465,1
18:01:54.919013,9,0.84813297,1.2531092,1.2099134,-0.13916,80.759995,1.0,1.2983649,1
18:01:54.919013,9,0.8707222,1.2753776,1.2726046,-0.13916,93.36,1.0,2.3397121,1
18:01:54.919013,9,0.8234897,1.159278,1.4701457,-0.20888,32.0,1.0,4.16045,1
18:01:54.919013,9,0.94090915,1.2219907,1.1309694,-0.13916,89.24,1.0,0.8747696,1
18:01:54.919013,9,0.8989498,1.2582834,1.277185,-0.20888,116.52,1.0,1.5007712,1
18:01:54.919013,9,0.8315836,1.2638439,1.3566468,-0.20888,67.64,1.0,1.6069614,1
18:01:54.919013,9,0.84072685,1.1977401,1.4021975,-0.20888,69.64,1.0,1.1936377,1
18:01:54.919013,9,0.872822,1.2391472,1.3632642,-0.20888,88.24,1.0,0.6032958,1
18:01:54.919013,9,0.88488024,1.2668986,1.2748766,-0.20888,105.88,1.0,1.8874154,1
18:01:54.919013,9,0.8591613,1.2475121,1.3610228,-0.20888,78.36,1.0,0.8716039,1
18:01:54.919013,9,0.8181539,1.231882,1.4415541,-0.20888,60.64,1.0,1.3395516,1
18:01:54.919013,9,0.89833385,1.2486413,1.1238284,-0.13916,69.24,1.0,1.622214,1
18:01:54.919013,9,0.92680955,1.2310112,1.1285523,-0.13916,79.64,1.0,1.0522735,1
18:01:54.919013,9,0.80476886,1.2397201,1.4394538,-0.20888,50.52,1.0,1.6107465,1
18:01:54.919013,9,1.1267213,1.1079384,1.0701106,-0.06972,11.24,1.0,5.8245964,1
18:01:54.976880,10,0.8657724,1.2118441,1.3038619,-0.20888,73.52,1.0,0.2959481,1
18:01:54.976880,10,1.0319515,1.2268844,1.1103071,-0.34804,10.0,1.0,3.4729633,1
18:01:54.976880,10,0.74137324,1.1458623,1.4977964,-0.27832,7.0,0.7,5.340834,1
18:01:54.976880,10,0.8649896,1.3717068,1.1444674,-0.20888,6.8799996,0.68799996,6.939712,1
18:01:54.976880,10,0.7517373,1.3353757,1.4046856,-0.20888,47.12,1.0,3.434687,1
18:01:54.976880,10,0.907291,1.1783297,1.1620194,-0.20888,101.64,1.0,1.0069853,1
18:01:54.976880,10,0.76176375,1.2997745,1.1974095,-0.20888,57.36,1.0,2.4728057,1
18:01:54.976880,10,0.85679483,1.1176673,1.4347311,-0.27832,22.88,1.0,5.4958487,1
18:01:54.976880,10,0.8181539,1.231882,1.4415541,-0.20888,63.12,1.0,0.51576984,1
18:01:54.976880,10,0.93043077,1.2932545,1.0925233,-0.20888,8.88,0.88799995,2.228478,1
18:01:54.976880,10,0.6948369,1.2382649,1.4645486,-0.27832,25.88,1.0,2.5287142,1
18:01:54.976880,10,0.84813297,1.2531092,1.2099134,-0.20888,110.0,1.0,0.14201814,1
18:01:54.976880,10,0.81079704,1.298183,1.1105537,-0.20888,29.76,1.0,2.0822692,1
18:01:54.976880,10,0.8176694,1.2718093,1.3545125,-0.20888,78.759995,1.0,0.54029274,1
18:01:54.976880,10,0.96882457,1.2035434,1.1359123,-0.34804,41.64,1.0,1.2608955,1
18:01:54.976880,10,0.86679,1.1812462,1.4066169,-0.20888,39.52,1.0,1.5935895,1
18:01:54.976880,10,0.8694988,1.2657177,1.1192528,-0.20888,49.76,1.0,0.5416039,1
18:01:54.976880,10,0.73766446,1.2828178,1.4441221,-0.20888,38.52,1.0,1.4932001,1
18:01:54.976880,10,0.79818845,1.1749427,1.4659483,-0.27832,41.0,1.0,2.2528484,1
18:01:54.976880,10,0.7476532,1.2103944,1.4720165,-0.27832,44.36,1.0,1.6726557,1
18:01:54.976880,10,0.97452724,1.2656517,1.0999194,-0.20888,10.12,1.0,2.2038069,1
18:01:54.976880,10,0.88549703,1.3195672,1.0854728,-0.20888,7.24,0.724,3.0600836,1
18:01:54.976880,10,0.92680955,1.2310112,1.1285523,-0.34804,59.239998,1.0,0.40624666,1
18:01:54.976880,10,0.8053107,1.2770677,1.2034937,-0.20888,79.36,1.0,0.9341738,1
18:01:54.976880,10,0.890192,1.227921,1.2166625,-0.20888,109.52,1.0,0.11694491,1
18:01:54.976880,10,0.9036322,1.1493772,1.399041,-0.20888,26.359999,1.0,3.3916788,1
18:01:54.976880,10,0.8591613,1.2475121,1.3610228,-0.20888,79.24,1.0,0.42519945,1
18:01:54.976880,10,0.9058985,1.1861726,1.3107405,-0.20888,56.879997,1.0,1.2559144,1
18:01:54.976880,10,0.7788156,1.2608441,1.45001,-0.20888,55.36,1.0,0.69422394,1
18:01:54.976880,10,0.7909943,1.2939378,1.3653431,-0.20888,64.24,1.0,1.2300735,1
18:01:54.976880,10,1.0034401,1.2465453,1.105039,-0.34804,10.36,1.0,2.6488822,1
18:01:54.976880,10,0.9963525,1.1845607,1.1409987,-0.34804,35.239998,1.0,2.3002295,1
18:01:54.976880,10,0.89833385,1.2486413,1.1238284,-0.20888,59.64,1.0,0.29484507,1
18:01:54.976880,10,0.84072685,1.1977401,1.4021975,-0.20888,56.52,1.0,0.9138347,1
18:01:54.976880,10,0.77256787,1.1901157,1.4618828,-0.27832,49.879997,1.0,1.9050866,1
18:01:54.976880,10,0.8234897,1.159278,1.4701457,-0.27832,34.36,1.0,2.9198577,1
18:01:54.976880,10,0.8321074,1.1339813,1.4303598,-0.27832,28.119999,1.0,4.3067155,1
18:01:54.976880,10,0.7913032,1.2474287,1.4373884,-0.20888,62.359997,1.0,0.5062685,1
18:01:54.976880,10,0.9599239,1.2749945,1.097416,-0.20888,9.639999,0.964,2.1207469,1
18:01:54.976880,10,0.9005655,1.3109411,1.0877842,-0.20888,7.64,0.764,2.6948066,1
18:01:54.976880,10,0.9890331,1.2561684,1.1024605,-0.34804,10.36,1.0,2.3795042,1
18:01:54.976880,10,0.9155439,1.3021699,1.0901344,-0.20888,8.24,0.824,2.417296,1
18:01:54.976880,10,0.95491457,1.2128345,1.1334227,-0.34804,48.64,1.0,0.8830792,1
18:01:54.976880,10,0.85495013,1.2740463,1.1170211,-0.20888,42.52,1.0,0.797116,1
18:01:54.976880,10,0.82559776,1.2902796,1.1126714,-0.20888,35.64,1.0,1.5682459,1
18:01:54.976880,10,0.94090915,1.2219907,1.1309694,-0.34804,55.0,1.0,0.59851646,1
18:01:54.976880,10,0.88396055,1.2572491,1.121522,-0.20888,56.12,1.0,0.3738955,1
18:01:54.976880,10,0.8196673,1.2692195,1.2055967,-0.20888,91.36,1.0,0.586199,1
18:01:55.033319,11,0.8522221,1.2201414,-0.69836146,-0.34804,87.88,1.0,0.05649469,1
18:01:55.033319,11,0.8844013,1.1878432,-0.33116347,-0.34804,28.359999,1.0,1.7695761,1
18:01:55.033319,11,1.0096767,1.2618386,-0.9929639,-0.34804,5.8799996,0.588,3.2990417,1
18:01:55.033319,11,0.68145585,1.2449119,-0.53723246,-0.27832,30.76,1.0,3.7300742,1
18:01:55.033319,11,0.8117281,1.1400566,-0.97735244,-0.27832,45.36,1.0,2.680443,1
18:01:55.033319,11,0.7959152,1.3059428,-0.8915255,-0.27832,12.88,1.0,3.2918715,1
18:01:55.033319,11,0.9685355,1.1131625,-0.9780561,-0.34804,17.24,1.0,3.2984903,1
18:01:55.033319,11,0.8483734,1.0867649,-0.6340434,-0.34804,45.64,1.0,3.712719,1
18:01:55.033319,11,0.9360009,1.2837498,-0.42264044,-0.34804,76.64,1.0,3.9488292,1
18:01:55.033319,11,0.7245742,1.130834,-0.5577186,-0.34804,19.24,1.0,3.8382235,1
18:01:55.033319,11,0.9155439,1.3021699,-0.9098656,-0.27832,11.639999,1.0,2.8009655,1
18:01:55.033319,11,0.7741209,1.2367438,-0.6082536,-0.34804,80.759995,1.0,1.0038477,1
18:01:55.033319,11,0.89534193,1.1443175,-0.89596283,-0.27832,71.0,1.0,1.2538215,1
18:01:55.033319,11,0.8436904,1.2380884,-0.9429258,-0.27832,18.24,1.0,0.8213881,1
18:01:55.033319,11,0.8056614,1.1437992,-0.5877412,-0.34804,92.24,1.0,1.4708018,1
18:01:55.033319,11,0.932776,1.2474189,-0.96726304,-0.34804,12.88,1.0,1.1920108,1
18:01:55.033319,11,0.9190945,1.1773585,-0.68689775,-0.34804,90.24,1.0,0.59704244,1
18:01:55.033319,11,0.7754416,1.2948934,-0.6516729,-0.48720002,32.239998,1.0,2.5729773,1
18:01:55.033319,11,1.0043429,1.2006313,-0.95472634,-0.34804,11.88,1.0,2.112718,1
18:01:55.033319,11,0.8582703,1.1488887,-0.6649794,-0.34804,117.36,1.0,0.86355567,1
18:01:55.033319,11,0.93895787,1.168598,-0.94155294,-0.34804,20.76,1.0,1.050582,1
18:01:55.033319,11,0.73666316,1.2769506,-0.570522,-0.34804,51.52,1.0,2.706823,1
18:01:55.033319,11,0.8687443,1.1169301,-0.9547773,-0.27832,66.0,1.0,2.6540513,1
18:01:55.033319,11,0.9122883,1.2252984,-0.4063801,-0.41748002,51.12,1.0,1.8200212,1
18:01:55.033319,11,0.8261066,1.1995162,-0.6143936,-0.34804,130.0,1.0,0.19805355,1
18:01:55.033319,11,0.7431463,1.1872584,-0.58391577,-0.34804,79.36,1.0,1.7187535,1
18:01:55.033319,11,0.96495384,1.2904509,-1.0006306,-0.34804,5.12,0.51199996,3.2307477,1
18:01:55.033319,11,0.88650274,1.213018,-0.9362082,-0.34804,21.64,1.0,0.38728443,1
18:01:55.033319,11,0.8176694,1.2718093,-0.64548755,-0.34804,60.12,1.0,1.220806,1
18:01:55.033319,11,0.7335609,1.2119395,-0.5439648,-0.27832,62.76,1.0,1.7888167,1
18:01:55.033319,11,0.88549703,1.3195672,-0.9145272,-0.27832,8.639999,0.86399996,3.4898055,1
18:01:55.033319,11,0.83428323,1.1719601,-0.65517306,-0.34804,129.64,1.0,0.42707705,1
18:01:55.033319,11,0.9760075,1.2197607,-0.95985204,-0.34804,13.639999,1.0,1.4934146,1
18:01:55.033319,11,0.76759624,1.1665956,-0.5938495,-0.34804,106.759995,1.0,1.5003064,1
18:01:55.033319,11,0.8147246,1.254108,-0.94721824,-0.27832,14.5199995,1.0,1.4961351,1
18:01:55.033319,11,0.82572985,1.1093543,-0.6247477,-0.34804,74.88,1.0,2.6502397,1
18:01:55.033319,11,0.892612,1.1948588,-0.691587,-0.34804,104.759995,1.0,0.15699823,1
18:01:55.033319,11,0.8420526,1.1334558,-0.9592053,-0.27832,52.36,1.0,2.267115,1
18:01:55.033319,11,0.764136,1.2624536,-0.5666375,-0.34804,64.36,1.0,1.693126,1
18:01:55.033319,11,0.79958993,1.2152197,-0.6186014,-0.34804,118.0,1.0,0.4423741,1
18:01:55.033319,11,0.8837339,1.1320617,-0.6604706,-0.34804,80.0,1.0,1.4449399,1
18:01:55.033319,11,0.7071873,1.2258564,-0.5476939,-0.27832,49.12,1.0,2.6241689,1
18:01:55.033319,11,0.86046916,1.2052925,-0.33116347,-0.34804,35.76,1.0,1.438503,1
18:01:55.033319,11,0.8973674,1.1952064,-0.9486826,-0.34804,22.24,1.0,0.47304502,1
18:01:55.033319,11,0.723798,1.2898762,-0.55776924,-0.34804,41.52,1.0,3.495249,1
18:01:55.033319,11,0.9948681,1.2715198,-0.995558,-0.34804,5.64,0.564,3.1915672,1
18:01:55.033319,11,0.9005655,1.3109411,-0.9122158,-0.27832,10.12,1.0,3.1063628,1
18:01:55.033319,11,0.9472817,1.2383388,-0.96483004,-0.34804,13.639999,1.0,1.209879,1
18:01:55.081467,12,0.93895787,1.168598,1.058447,-0.48720002,50.52,1.0,0.5535193,1
18:01:55.081467,12,0.9725063,1.2103515,1.0248059,-0.48720002,9.12,0.912,0.9802203,1
18:01:55.081467,12,0.8159017,1.0760796,1.3077836,-0.55664,44.0,1.0,0.37618345,1
18:01:55.081467,12,0.8526938,1.0830041,1.2261873,-0.55664,77.64,1.0,0.2775775,1
18:01:55.081467,12,0.8896959,1.0577569,1.2329522,-0.55664,69.24,1.0,1.7569405,1
18:01:55.081467,12,0.84010834,1.0600833,1.3120699,-0.55664,40.0,1.0,0.6412069,1
18:01:55.081467,12,0.86511475,1.0747077,1.2284104,-0.55664,74.64,1.0,0.5640721,1
18:01:55.081467,12,0.9018848,1.0095079,1.1837473,-0.55664,62.239998,1.0,3.5466208,1
18:01:55.081467,12,0.8878808,1.0851784,1.1416342,-0.34804,86.52,1.0,0.53598267,1
18:01:55.081467,12,0.9285173,1.1867183,1.0708388,-0.48720002,49.76,1.0,0.41275826,1
18:01:55.081467,12,0.7991543,1.1185969,1.3574272,-0.41748002,46.879997,1.0,1.1621959,1
18:01:55.081467,12,0.7866466,1.1262559,1.355375,-0.41748002,48.0,1.0,1.7172003,1
18:01:55.081467,12,0.89534193,1.1443175,1.1040372,-0.34804,102.0,1.0,0.16500798,1
18:01:55.081467,12,0.98495805,1.25518,0.037801627,-0.06972,9.88,0.988,9.465779,1
18:01:55.081467,12,1.1580312,1.243819,-0.04048005,-0.13916,14.12,1.0,5.1574783,1
18:01:55.081467,12,1.1876196,1.1428754,-0.16217434,-0.13916,5.8799996,0.588,11.042666,1
18:01:55.081467,12,1.079297,1.2462122,-0.00045840425,-0.06972,16.119999,1.0,4.628273,1
18:01:55.081467,12,0.87231874,1.2215124,1.0615157,-0.34804,38.36,1.0,1.9391047,1
18:01:55.081467,12,0.88650274,1.213018,1.0637918,-0.34804,42.879997,1.0,1.1772884,1
18:01:55.081467,12,0.9005981,1.2043868,1.0661045,-0.34804,47.0,1.0,0.6691244,1
18:01:55.081467,12,0.7599972,1.1035246,1.4347734,-0.41748002,8.639999,0.86399996,2.00291,1
18:01:55.081467,12,0.9725063,1.2103515,1.0248059,-0.48720002,9.12,0.912,0.9802203,1
18:01:55.081467,12,0.9285173,1.1867183,1.0708388,-0.48720002,49.76,1.0,0.41275826,1
18:01:55.081467,12,0.87231874,1.2215124,1.0615157,-0.34804,38.36,1.0,1.9391047,1
18:01:55.081467,12,0.86511475,1.0747077,1.2284104,-0.55664,74.64,1.0,0.5640721,1
18:01:55.081467,12,0.8896959,1.0577569,1.2329522,-0.55664,69.24,1.0,1.7569405,1
18:01:55.081467,12,0.9725063,1.2103515,1.0248059,-0.48720002,9.12,0.912,0.9802203,1
18:01:55.081467,12,1.079297,1.2462122,-0.00045840425,-0.06972,16.119999,1.0,4.628273,1
18:01:55.081467,12,0.9725063,1.2103515,1.0248059,-0.48720002,9.12,0.912,0.9802203,1
18:01:55.081467,12,0.9725063,1.2103515,1.0248059,-0.48720002,9.12,0.912,0.9802203,1
18:01:55.081467,12,0.98495805,1.25518,0.037801627,-0.06972,9.88,0.988,9.465779,1
18:01:55.081467,12,0.89534193,1.1443175,1.1040372,-0.34804,102.0,1.0,0.16500798,1
18:01:55.081467,12,0.9005981,1.2043868,1.0661045,-0.34804,47.0,1.0,0.6691244,1
18:01:55.081467,12,0.8159017,1.0760796,1.3077836,-0.55664,44.0,1.0,0.37618345,1
18:01:55.081467,12,0.89534193,1.1443175,1.1040372,-0.34804,102.0,1.0,0.16500798,1
18:01:55.081467,12,0.93895787,1.168598,1.058447,-0.48720002,50.52,1.0,0.5535193,1
18:01:55.081467,12,1.079297,1.2462122,-0.00045840425,-0.06972,16.119999,1.0,4.628273,1
18:01:55.081467,12,0.87231874,1.2215124,1.0615157,-0.34804,38.36,1.0,1.9391047,1
18:01:55.081467,12,1.1876196,1.1428754,-0.16217434,-0.13916,5.8799996,0.588,11.042666,1
18:01:55.081467,12,0.8526938,1.0830041,1.2261873,-0.55664,77.64,1.0,0.2775775,1
18:01:55.081467,12,1.1876196,1.1428754,-0.16217434,-0.13916,5.8799996,0.588,11.042666,1
18:01:55.081467,12,0.88650274,1.213018,1.0637918,-0.34804,42.879997,1.0,1.1772884,1
18:01:55.081467,12,0.9285173,1.1867183,1.0708388,-0.48720002,49.76,1.0,0.41275826,1
18:01:55.081467,12,1.079297,1.2462122,-0.00045840425,-0.06972,16.119999,1.0,4.628273,1
18:01:55.081467,12,1.1580312,1.243819,-0.04048005,-0.13916,14.12,1.0,5.1574783,1
18:01:55.081467,12,0.84010834,1.0600833,1.3120699,-0.55664,40.0,1.0,0.6412069,1
18:01:55.081467,12,0.9285173,1.1867183,1.0708388,-0.48720002,49.76,1.0,0.41275826,1
18:01:55.081467,12,0.87231874,1.2215124,1.0615157,-0.34804,38.36,1.0,1.9391047,1
18:01:55.144172,13,0.7854049,1.1604291,1.2683483,-0.48720002,231.64,1.0,0.15261298,1
18:01:55.144172,13,0.8754228,1.2346451,0.9651044,-0.41748002,5.8799996,0.588,3.837903,1
18:01:55.144172,13,0.9137032,1.0007392,1.1860968,-0.62636,56.76,1.0,3.4164817,1
18:01:55.144172,13,0.6363049,1.1768606,1.4299486,-0.48720002,30.359999,1.0,2.2370698,1
18:01:55.144172,13,0.8050923,1.0158986,1.3407431,-0.48720002,27.0,1.0,3.2835689,1
18:01:55.144172,13,0.6910494,1.2724477,1.2214991,-0.55664,85.52,1.0,1.9554602,1
18:01:55.144172,13,0.7558271,1.2844527,1.0446509,-0.41748002,10.88,1.0,2.7825909,1
18:01:55.144172,13,0.8411513,1.1778685,1.0950472,-0.48720002,74.76,1.0,0.8720896,1
18:01:55.144172,13,0.64832205,1.292219,1.3607668,-0.55664,67.0,1.0,3.4004688,1
18:01:55.144172,13,0.6877483,1.0587528,1.4161114,-0.48720002,5.24,0.524,4.461797,1
18:01:55.144172,13,0.9282545,1.1406469,1.0145795,-0.62636,10.76,1.0,2.5484788,1
18:01:55.144172,13,0.8526938,1.0830041,1.2261873,-0.62636,122.64,1.0,0.78320026,1
18:01:55.144172,13,0.71154517,1.1762197,1.3573358,-0.48720002,134.64,1.0,0.6098665,1
18:01:55.144172,13,0.7529729,1.2055997,1.1739869,-0.48720002,141.0,1.0,0.34425575,1
18:01:55.144172,13,0.8878808,1.0851784,1.1416342,-0.62636,118.0,1.0,1.1545166,1
18:01:55.144172,13,0.83426684,1.1595911,1.1863148,-0.48720002,157.36,1.0,0.5225397,1
18:01:55.144172,13,0.82924896,1.2461681,1.0549092,-0.41748002,12.88,1.0,2.846021,1
18:01:55.144172,13,0.698645,1.2392291,1.310814,-0.48720002,119.0,1.0,1.3363953,1
18:01:55.144172,13,0.79136866,1.0916052,1.3036236,-0.48720002,129.64,1.0,0.6930845,1
18:01:55.144172,13,0.74179715,1.0865365,1.3803077,-0.48720002,56.879997,1.0,1.5789899,1
18:01:55.144172,13,0.8543659,0.9774226,1.2141817,-0.62636,50.36,1.0,5.0013638,1
18:01:55.144172,13,0.6370457,1.2406133,1.4017879,-0.48720002,42.64,1.0,2.239837,1
18:01:55.144172,13,0.87325346,1.175454,1.005253,-0.62636,13.88,1.0,1.6261722,1
18:01:55.144172,13,0.83049923,1.0317057,1.2592837,-0.62636,63.239998,1.0,2.281882,1
18:01:55.144172,13,0.7530866,1.21118,1.3183297,-0.48720002,228.36,1.0,0.9576407,1
18:01:55.144172,13,0.7613965,1.1412092,1.3513683,-0.48720002,178.12,1.0,0.33343875,1
18:01:55.144172,13,0.6859404,1.1454372,1.423543,-0.48720002,53.239998,1.0,1.4356769,1
18:01:55.144172,13,0.7583841,1.0461067,1.3326489,-0.48720002,48.76,1.0,2.845918,1
18:01:55.144172,13,0.70263636,1.2021064,1.3966354,-0.48720002,107.0,1.0,1.0618925,1
18:01:55.144172,13,0.79397714,1.1831844,1.179993,-0.48720002,162.36,1.0,0.30058384,1
18:01:55.144172,13,0.92558646,1.0589013,1.1486752,-0.62636,90.64,1.0,2.0593388,1
18:01:55.144172,13,0.6943352,1.1205477,1.3859032,-0.48720002,60.359997,1.0,1.6737956,1
18:01:55.144172,13,0.8243533,1.1371038,1.2745984,-0.48720002,179.76,1.0,0.37033153,1
18:01:55.144172,13,0.8549694,1.2205977,1.0445138,-0.41748002,13.759999,1.0,2.5240848,1
18:01:55.144172,13,0.6628069,1.2218916,1.391334,-0.48720002,66.119995,1.0,1.5876019,1
18:01:55.144172,13,0.78543293,1.2695647,1.0486401,-0.41748002,11.12,1.0,2.7206922,1
18:01:55.144172,13,0.90093416,1.1583161,1.009845,-0.62636,12.12,1.0,2.0297909,1
18:01:55.144172,13,0.7195209,1.2588222,1.22515,-0.48720002,112.119995,1.0,1.6586188,1
18:01:55.144172,13,0.86071175,1.1432184,1.190702,-0.48720002,146.12,1.0,0.8132933,1
18:01:55.144172,13,0.726011,1.2254674,1.3145014,-0.48720002,174.36,1.0,1.0895088,1
18:01:55.144172,13,0.88997614,1.018162,1.1814284,-0.62636,82.36,1.0,2.7016015,1
18:01:55.144172,13,0.71745235,1.1006323,1.3765308,-0.48720002,64.119995,1.0,1.6671839,1
18:01:55.144172,13,0.78189456,1.0312282,1.3366355,-0.48720002,33.12,1.0,2.9998002,1
18:01:55.144172,13,0.7229536,1.1627175,1.3456051,-0.48720002,162.36,1.0,0.4726158,1
18:01:55.144172,13,0.6479692,1.1647655,1.4183639,-0.48720002,37.0,1.0,2.0431378,1
18:01:55.144172,13,0.8001188,1.2619071,1.050692,-0.41748002,11.24,1.0,2.7339528,1
18:01:55.144172,13,0.8147246,1.254108,1.0527817,-0.41748002,11.36,1.0,2.7759094,1
18:01:55.144172,13,0.8871381,1.1669519,1.007531,-0.62636,13.12,1.0,1.8134574,1
18:01:55.204466,14,0.73915243,1.2128061,1.172056,-0.48720002,256.0,1.0,0.39498743,1
18:01:55.204466,14,0.91333055,1.1487147,0.90090746,-0.62636,9.5199995,0.95199996,5.0914607,1
18:01:55.204466,14,0.54786074,1.3326755,1.3499265,-0.48720002,84.88,1.0,4.1421213,1
18:01:55.204466,14,0.65080744,1.0721362,1.3984562,-0.55664,25.64,1.0,5.245554,1
18:01:55.204466,14,0.8495025,0.9938393,1.1115183,-0.62636,96.759995,1.0,4.3464413,1
18:01:55.204466,14,0.768014,1.2800056,0.9353579,-0.62636,7.24,0.724,3.496585,1
18:01:55.204466,14,0.7729513,1.0038582,1.2860965,-0.62636,45.76,1.0,4.6444407,1
18:01:55.204466,14,0.61999583,1.326348,1.122358,-0.48720002,45.239998,1.0,2.440445,1
18:01:55.204466,14,0.8150241,1.1494623,1.0365057,-0.48720002,40.64,1.0,1.0482213,1
18:01:55.204466,14,0.63078415,1.2085025,1.3333371,-0.48720002,146.23999,1.0,1.3789716,1
18:01:55.204466,14,0.72867316,1.128319,1.2937862,-0.48720002,293.36,1.0,0.8505942,1
18:01:55.204466,14,0.7916053,1.0831679,1.16401,-0.62636,193.12,1.0,1.1750815,1
18:01:55.204466,14,0.6623015,1.2855206,1.2179962,-0.48720002,223.76,1.0,1.4255707,1
18:01:55.204466,14,0.69998235,1.2523617,1.0750868,-0.48720002,64.76,1.0,0.75417465,1
18:01:55.204466,14,0.5198867,1.3732327,1.2606179,-0.48720002,63.879997,1.0,5.250795,1
18:01:55.204466,14,0.82809484,1.1991925,0.887382,-0.62636,11.24,1.0,3.107036,1
18:01:55.204466,14,0.8914687,1.0906869,1.035876,-0.48720002,25.24,1.0,2.8990269,1
18:01:55.204466,14,0.57451475,1.3213716,1.20839,-0.48720002,103.759995,1.0,2.7523963,1
18:01:55.204466,14,0.81956154,1.0016778,1.2076825,-0.62636,73.24,1.0,3.9691675,1
18:01:55.204466,14,0.6918386,1.2103913,1.254961,-0.48720002,334.0,1.0,0.36189392,1
18:01:55.204466,14,0.5964399,1.1888089,1.4119216,-0.48720002,40.36,1.0,3.1141346,1
18:01:55.204466,14,0.7687633,1.2077686,1.0704048,-0.48720002,53.0,1.0,0.73175925,1
18:01:55.204466,14,0.7993025,1.206079,0.98006165,-0.48720002,28.88,1.0,1.7164627,1
18:01:55.204466,14,0.7835204,1.1497909,1.1243215,-0.48720002,184.0,1.0,0.37033957,1
18:01:55.204466,14,0.61491466,1.2773045,1.3006117,-0.48720002,169.23999,1.0,1.7585669,1
18:01:55.204466,14,0.76343024,1.1376634,1.2115414,-0.48720002,266.12,1.0,0.37088507,1
18:01:55.204466,14,0.77007294,1.0703647,1.2489251,-0.62636,148.0,1.0,1.720414,1
18:01:55.204466,14,0.6427357,1.1400594,1.3659663,-0.48720002,92.88,1.0,2.5086732,1
18:01:55.204466,14,0.86972195,1.1657668,0.9908633,-0.48720002,21.88,1.0,3.0869737,1
18:01:55.204466,14,0.83668166,1.0757078,1.0804605,-0.62636,118.64,1.0,1.7234851,1
18:01:55.204466,14,0.5951169,1.2522745,1.3831929,-0.48720002,74.76,1.0,2.4429595,1
18:01:55.204466,14,0.72255266,1.0675654,1.3268989,-0.48720002,110.52,1.0,2.7996871,1
18:01:55.204466,14,0.72983676,1.2529418,0.98449016,-0.48720002,17.0,1.0,1.507889,1
18:01:55.204466,14,0.6689691,1.2468166,1.1629429,-0.48720002,248.12,1.0,0.49508035,1
18:01:55.204466,14,0.6414749,1.27828,1.068142,-0.48720002,54.36,1.0,1.4387851,1
18:01:55.204466,14,0.7854019,0.95992744,1.2407066,-0.62636,35.64,1.0,7.096651,1
18:01:55.204466,14,0.8818235,1.1090877,0.9388227,-0.62636,19.0,1.0,3.122554,1
18:01:55.204466,14,0.70830524,1.296161,1.0242667,-0.48720002,13.88,1.0,2.2567036,1
18:01:55.204466,14,0.60562766,1.3103888,1.3558981,-0.48720002,141.76,1.0,3.124913,1
18:01:55.204466,14,0.68386006,1.1831021,1.3401431,-0.48720002,287.52,1.0,0.94833434,1
18:01:55.204466,14,0.7843398,1.2225566,0.8811216,-0.62636,8.639999,0.86399996,2.6818101,1
18:01:55.204466,14,0.82032615,1.1179539,1.1168351,-0.48720002,137.76,1.0,0.9720614,1
18:01:55.204466,14,0.6186865,1.304082,1.2130227,-0.48720002,169.36,1.0,1.8627913,1
18:01:55.204466,14,0.85198176,1.1159494,1.029107,-0.48720002,32.239998,1.0,1.7980694,1
18:01:55.204466,14,0.65707546,1.2588733,1.3055503,-0.48720002,275.88,1.0,1.3536333,1
18:01:55.204466,14,0.7323805,1.1897544,1.2604907,-0.48720002,329.0,1.0,0.47609273,1
18:01:55.204466,14,0.60581434,1.1645203,1.3741208,-0.48720002,52.12,1.0,3.0768938,1
18:01:55.204466,14,0.8291223,1.0596837,1.1703027,-0.62636,136.12,1.0,1.8967892,1
18:01:55.253563,15,0.6771977,1.155482,1.2865078,-0.55664,289.88,1.0,0.35350448,1
18:01:55.253563,15,0.6619771,1.1236147,0.89858025,-0.55664,11.639999,1.0,3.2933936,1
18:01:55.253563,15,0.8401876,1.0911802,1.2239965,-0.55664,66.64,1.0,4.6125827,1
18:01:55.253563,15,0.5411016,1.1239794,1.3845649,-0.55664,25.76,1.0,3.9930084,1
18:01:55.253563,15,0.6212457,1.1719992,1.1402079,-0.62636,67.76,1.0,0.60931003,1
18:01:55.253563,15,0.6911265,1.0211335,1.3561743,-0.55664,27.24,1.0,4.0164547,1
18:01:55.253563,15,0.5903103,1.2261962,1.3285961,-0.41748002,42.76,1.0,4.3059855,1
18:01:55.253563,15,0.7789829,1.0991895,1.3015914,-0.55664,69.76,1.0,1.6488135,1
18:01:55.253563,15,0.72873783,1.1947366,0.9158731,-0.55664,6.3599997,0.636,4.7373896,1
18:01:55.253563,15,0.6087917,1.0650984,1.344394,-0.55664,65.52,1.0,3.0622554,1
18:01:55.253563,15,0.64998627,1.1223466,0.98975646,-0.6958,51.12,1.0,1.8521935,1
18:01:55.253563,15,0.7590445,1.1753478,1.2643509,-0.55664,167.12,1.0,2.687297,1
18:01:55.253563,15,0.63005066,1.1462065,1.3643192,-0.55664,141.64,1.0,0.89607865,1
18:01:55.253563,15,0.6644625,1.2234926,1.2514505,-0.62636,120.64,1.0,3.268874,1
18:01:55.253563,15,0.686071,1.0879763,1.3214298,-0.55664,168.0,1.0,0.59861153,1
18:01:55.253563,15,0.6432317,1.1988477,1.1951472,-0.62636,99.52,1.0,1.4200102,1
18:01:55.253563,15,0.7583841,1.0461067,1.3326489,-0.48720002,35.76,1.0,2.5264683,1
18:01:55.253563,15,0.5526621,1.1804892,1.3551332,-0.55664,30.88,1.0,3.4366124,1
18:01:55.253563,15,0.71624887,1.0969859,0.9057154,-0.55664,8.24,0.824,4.7951565,1
18:01:55.253563,15,0.7893352,1.1226643,1.2155603,-0.55664,119.36,1.0,2.387117,1
18:01:55.253563,15,0.62463886,1.180635,1.2797681,-0.41748002,74.88,1.0,1.1354738,1
18:01:55.253563,15,0.72867316,1.128319,1.2937862,-0.55664,198.51999,1.0,0.5152372,1
18:01:55.253563,15,0.6026477,1.0963542,1.3919669,-0.55664,59.12,1.0,2.1786485,1
18:01:55.253563,15,0.636474,1.1135293,1.314583,-0.55664,193.12,1.0,0.5439838,1
18:01:55.253563,15,0.7054236,1.203643,1.2567692,-0.55664,186.23999,1.0,2.6732428,1
18:01:55.253563,15,0.5916226,1.1639085,1.359576,-0.55664,71.24,1.0,1.9126341,1
18:01:55.253563,15,0.72255266,1.0675654,1.3268989,-0.48720002,61.879997,1.0,1.2809488,1
18:01:55.253563,15,0.6562315,1.0406568,1.3509431,-0.55664,51.52,1.0,3.2369645,1
18:01:55.253563,15,0.7323805,1.1897544,1.2604907,-0.55664,193.0,1.0,2.5633154,1
18:01:55.253563,15,0.6892509,1.1105624,0.90207756,-0.55664,9.639999,0.964,3.905024,1
18:01:55.253563,15,0.80367535,1.0839016,1.3056878,-0.48720002,40.52,1.0,2.590491,1
18:01:55.253563,15,0.6510485,1.1683123,1.28307,-0.55664,149.36,1.0,0.6280434,1
18:01:55.253563,15,0.703076,1.1421492,1.2900804,-0.55664,320.75998,1.0,0.31479332,1
18:01:55.253563,15,0.7539788,1.1139972,1.2976236,-0.55664,96.24,1.0,0.95854783,1
18:01:55.253563,15,0.5782015,1.1077608,1.3889107,-0.55664,49.76,1.0,2.731335,1
18:01:55.253563,15,0.67818445,1.217008,1.253188,-0.62636,144.36,1.0,3.013441,1
18:01:55.253563,15,0.74574983,1.1826155,1.2624035,-0.55664,185.76,1.0,2.5958235,1
18:01:55.253563,15,0.6918386,1.2103913,1.254961,-0.62636,168.0,1.0,2.8147686,1
18:01:55.253563,15,0.77226335,1.1679522,1.2663325,-0.55664,143.23999,1.0,2.8382573,1
18:01:55.253563,15,0.702785,1.1038394,0.90387905,-0.55664,8.76,0.876,4.3151026,1
18:01:55.253563,15,0.8275974,1.099235,1.2218382,-0.55664,80.759995,1.0,3.9586122,1
18:01:55.253563,15,0.6295367,1.2049947,1.1935,-0.62636,81.88,1.0,1.69198,1
18:01:55.253563,15,0.80216986,1.114978,1.2176199,-0.55664,98.24,1.0,2.846512,1
18:01:55.253563,15,0.6038624,1.2204287,1.3301414,-0.41748002,55.76,1.0,3.7670407,1
18:01:55.253563,15,0.63787556,1.1745374,1.281402,-0.41748002,104.119995,1.0,0.8528153,1
18:01:55.253563,15,0.7159104,1.1352959,1.2919167,-0.55664,274.12,1.0,0.38489783,1
18:01:55.253563,15,0.79136866,1.0916052,1.3036236,-0.55664,52.36,1.0,2.087933,1
18:01:55.253563,15,0.6641563,1.1619604,1.284772,-0.55664,215.36,1.0,0.46148822,1
18:01:55.312130,16,0.55811155,1.1597358,1.0822335,-0.48720002,195.23999,1.0,0.009256267,1
18:01:55.312130,16,0.65005887,0.89742947,1.1592116,-0.62636,19.76,1.0,5.7047844,1
18:01:55.312130,16,0.486101,1.1180217,1.3302132,-0.55664,20.119999,1.0,2.49096,1
18:01:55.312130,16,0.40376383,1.3403256,1.1378872,-0.48720002,43.36,1.0,5.765716,1
18:01:55.312130,16,0.65612596,1.2281854,0.90691054,-0.48720002,9.0,0.9,3.8672059,1
18:01:55.312130,16,0.686071,1.0879763,1.3214298,-0.62636,32.12,1.0,5.268319,1
18:01:55.312130,16,0.54824233,1.3271027,0.9646188,-0.48720002,8.24,0.824,2.9544759,1
18:01:55.312130,16,0.57040155,1.0205244,1.2463069,-0.62636,59.12,1.0,1.8978043,1
18:01:55.312130,16,0.67983586,1.1192448,1.0060934,-0.55664,43.36,1.0,3.0506632,1
18:01:55.312130,16,0.6356483,1.0593992,1.1188468,-0.62636,70.64,1.0,1.3671064,1
18:01:55.312130,16,0.50223064,1.2744005,1.0909324,-0.48720002,124.64,1.0,1.477084,1
18:01:55.312130,16,0.5113721,1.05856,1.1439669,-0.48720002,32.0,1.0,2.2975268,1
18:01:55.312130,16,0.600249,1.2425387,0.9951875,-0.48720002,38.64,1.0,1.7469277,1
18:01:55.312130,16,0.41184163,1.2469813,1.1201165,-0.48720002,61.52,1.0,4.5012083,1
18:01:55.312130,16,0.46996623,1.1376237,1.1124469,-0.48720002,78.36,1.0,2.3692644,1
18:01:55.312130,16,0.66832817,0.98438776,1.1638412,-0.62636,41.36,1.0,3.4076455,1
18:01:55.312130,16,0.5402821,1.0069714,1.3239644,-0.55664,7.0,0.7,3.1875422,1
18:01:55.312130,16,0.47557542,1.3376843,1.0522246,-0.48720002,27.0,1.0,3.2306056,1
18:01:55.312130,16,0.6200204,1.1793197,1.0369238,-0.48720002,79.0,1.0,1.1864823,1
18:01:55.312130,16,0.6079416,0.96739876,1.2066351,-0.62636,39.64,1.0,3.0360012,1
18:01:55.312130,16,0.52970123,1.0708174,1.2875057,-0.55664,39.239998,1.0,1.696589,1
18:01:55.312130,16,0.6638875,1.1819836,0.96268743,-0.55664,23.519999,1.0,3.1329732,1
18:01:55.312130,16,0.5091736,1.2070684,1.1154103,-0.48720002,200.12,1.0,0.6144687,1
18:01:55.312130,16,0.572312,1.0885752,1.1110291,-0.62636,135.12,1.0,0.37646535,1
18:01:55.312130,16,0.5520872,1.2170796,1.04258,-0.48720002,148.87999,1.0,0.37585178,1
18:01:55.312130,16,0.6359414,1.1160944,1.0787601,-0.62636,70.0,1.0,1.1908954,1
18:01:55.312130,16,0.58505,1.0267786,1.1524826,-0.62636,110.0,1.0,1.4252386,1
18:01:55.312130,16,0.54357207,1.2745075,1.0029999,-0.48720002,41.76,1.0,1.3442146,1
18:01:55.312130,16,0.44319412,1.2926672,1.0860379,-0.48720002,61.12,1.0,3.1915476,1
18:01:55.312130,16,0.5920803,1.3003111,0.9548123,-0.48720002,8.0,0.79999995,3.212335,1
18:01:55.312130,16,0.519606,1.3138039,1.0419927,-0.48720002,38.36,1.0,2.2864838,1
18:01:55.312130,16,0.5440272,1.2501814,1.0814048,-0.48720002,150.64,1.0,0.9339363,1
18:01:55.312130,16,0.6117599,1.2465571,0.90198785,-0.48720002,7.7599998,0.77599996,2.2949963,1
18:01:55.312130,16,0.6437803,1.2245127,1.0000175,-0.48720002,26.519999,1.0,3.156496,1
18:01:55.312130,16,0.4687858,1.2299665,1.1246755,-0.48720002,141.12,1.0,1.7581418,1
18:01:55.312130,16,0.6613871,1.1607522,1.041899,-0.55664,52.36,1.0,2.7126043,1
18:01:55.312130,16,0.5075452,1.1146573,1.1040405,-0.48720002,126.88,1.0,1.2173185,1
18:01:55.312130,16,0.5961662,1.1339475,1.0739764,-0.62636,107.88,1.0,0.2565079,1
18:01:55.312130,16,0.6392604,0.9415736,1.2002085,-0.62636,24.88,1.0,3.9861443,1
18:01:55.312130,16,0.6211156,1.0093012,1.1571658,-0.62636,93.119995,1.0,1.9013218,1
18:01:55.312130,16,0.5484578,1.043203,1.1480818,-0.62636,69.52,1.0,1.5463547,1
18:01:55.312130,16,0.5945346,1.2004652,1.0470319,-0.48720002,117.24,1.0,0.7782438,1
18:01:55.312130,16,0.57324386,1.2637196,1.0058906,-0.48720002,42.64,1.0,1.5490656,1
18:01:55.312130,16,0.47280693,1.283819,1.0884087,-0.48720002,88.52,1.0,2.1383336,1
18:01:55.312130,16,0.4404018,1.2387489,1.1223223,-0.48720002,92.119995,1.0,2.9405012,1
18:01:55.312130,16,0.53084666,1.1702547,1.0794151,-0.48720002,215.51999,1.0,0.1889806,1
18:01:55.312130,16,0.5465679,1.0993832,1.1081331,-0.48720002,148.12,1.0,0.4837174,1
18:01:55.312130,16,0.6104957,1.0714364,1.1156214,-0.62636,101.36,1.0,0.7617736,1
18:01:55.363599,17,0.45802343,1.2883146,1.0872041,-0.41748002,91.119995,1.0,1.2313753,1
18:01:55.363599,17,0.4834695,1.1289303,-0.28287852,-0.20888,6.3599997,0.636,3.8091478,1
18:01:55.363599,17,0.5945699,0.8882213,1.1098142,-0.48720002,43.12,1.0,7.7794347,1
18:01:55.363599,17,0.48209667,1.1727039,1.42796,-0.55664,50.64,1.0,1.4663692,1
18:01:55.363599,17,0.35954756,1.1965436,-0.05207601,0.06972,11.0,1.0,2.6462564,1
18:01:55.363599,17,0.43633017,1.0188571,-0.060292907,0.06972,5.8799996,0.588,3.7600098,1
18:01:55.363599,17,0.29606885,1.2743474,1.1127837,-0.41748002,71.24,1.0,6.7893004,1
18:01:55.363599,17,0.5665794,1.1949493,1.1340584,-0.55664,94.759995,1.0,3.090158,1
18:01:55.363599,17,0.42736566,1.226529,-0.16998315,-0.06972,18.76,1.0,2.9825985,1
18:01:55.363599,17,0.5076404,1.0598199,-0.16771917,-0.20888,22.359999,1.0,3.612925,1
18:01:55.363599,17,0.44330248,1.1464455,1.1100831,-0.41748002,84.88,1.0,1.1450003,1
18:01:55.363599,17,0.49211764,0.92118245,1.1801443,-0.48720002,17.359999,1.0,8.547393,1
18:01:55.363599,17,0.5630338,0.9983019,1.1048858,-0.41748002,56.36,1.0,3.511425,1
18:01:55.363599,17,0.51298237,1.3646667,1.1120905,-0.55664,10.24,1.0,5.988454,1
18:01:55.363599,17,0.34289148,1.2665138,-0.16199207,-0.06972,13.36,1.0,3.652614,1
18:01:55.363599,17,0.38311672,1.2546602,1.1180589,-0.41748002,150.0,1.0,1.8710527,1
18:01:55.363599,17,0.4829082,1.2253702,1.1259072,-0.55664,180.76,1.0,0.67281485,1
18:01:55.363599,17,0.5459859,1.2592119,1.0950022,-0.55664,54.12,1.0,3.656209,1
18:01:55.363599,17,0.3533398,1.3157558,1.0798513,-0.41748002,59.0,1.0,2.866239,1
18:01:55.363599,17,0.42255852,1.1611767,-0.06036886,0.06972,15.12,1.0,1.7533627,1
18:01:55.363599,17,0.38254237,1.2035737,-0.11778072,0.06972,17.0,1.0,2.3707266,1
18:01:55.363599,17,0.51609564,1.1341915,1.3818285,-0.55664,65.36,1.0,1.5853103,1
18:01:55.363599,17,0.57261646,0.93878186,1.1481314,-0.48720002,58.879997,1.0,5.668149,1
18:01:55.363599,17,0.4438611,1.078204,-0.17264517,0.06972,20.76,1.0,2.7293894,1
18:01:55.363599,17,0.5043823,1.0919565,-0.22465077,-0.20888,20.64,1.0,3.8672712,1
18:01:55.363599,17,0.47915325,1.0373371,-0.11337425,0.06972,16.119999,1.0,3.0899923,1
18:01:55.363599,17,0.3343158,1.2348385,-0.10792089,0.06972,13.5199995,1.0,3.5408003,1
18:01:55.363599,17,0.45524678,1.1058615,-0.22837661,-0.20888,20.119999,1.0,2.8069482,1
18:01:55.363599,17,0.5270795,0.9600292,1.1424382,-0.48720002,69.52,1.0,5.1278486,1
18:01:55.363599,17,0.41340405,1.3009416,1.0838207,-0.41748002,80.759995,1.0,1.3077838,1
18:01:55.363599,17,0.50223064,1.2744005,1.0909324,-0.55664,73.36,1.0,2.032273,1
18:01:55.363599,17,0.58924973,1.2427623,1.0994098,-0.55664,32.12,1.0,6.0481477,1
18:01:55.363599,17,0.42614302,1.2429341,1.1212009,-0.41748002,199.76,1.0,0.79088056,1
18:01:55.363599,17,0.52498,1.210766,1.1298203,-0.55664,144.23999,1.0,1.511853,1
18:01:55.363599,17,0.33974567,1.2651345,1.1152524,-0.41748002,112.759995,1.0,3.8548687,1
18:01:55.363599,17,0.39621687,1.2558042,-0.15912242,-0.06972,17.0,1.0,3.076633,1
18:01:55.363599,17,0.4166773,1.1958536,-0.11571212,0.06972,18.64,1.0,2.149694,1
18:01:55.363599,17,0.44808003,1.0462937,-0.115774184,0.06972,16.0,1.0,3.013881,1
18:01:55.363599,17,0.36901328,1.2280446,-0.106100485,0.06972,15.24,1.0,2.6214185,1
18:01:55.363599,17,0.45461652,1.2344263,1.1234806,-0.41748002,204.51999,1.0,0.54902035,1
18:01:55.363599,17,0.37272963,1.1727004,-0.063456625,0.06972,12.5199995,1.0,2.4549801,1
18:01:55.363599,17,0.549958,0.94962543,1.1452258,-0.48720002,65.64,1.0,5.2795405,1
18:01:55.363599,17,0.378479,1.2595457,-0.16012496,-0.06972,15.12,1.0,3.1158347,1
18:01:55.363599,17,0.40598893,1.1651783,-0.061441086,0.06972,13.88,1.0,1.8535798,1
18:01:55.363599,17,0.471673,1.1013848,-0.22717707,-0.20888,20.88,1.0,3.036468,1
18:01:55.363599,17,0.4598765,1.0738393,-0.17147563,0.06972,22.24,1.0,2.7713792,1
18:01:55.363599,17,0.4917678,1.0646468,-0.16901252,0.06972,22.88,1.0,3.215449,1
18:01:55.363599,17,0.33823162,1.319096,1.0789562,-0.41748002,52.36,1.0,3.5287988,1
18:01:55.418466,18,0.48941395,1.144705,1.2483567,-0.41748002,134.87999,1.0,0.4125163,1
18:01:55.418466,18,0.31065935,1.2714171,1.1135689,-0.27832,37.36,1.0,3.415339,1
18:01:55.418466,18,0.34843087,1.154551,1.444547,-0.48720002,31.0,1.0,0.45681322,1
18:01:55.418466,18,0.53854567,0.95488256,1.1438172,-0.41748002,47.879997,1.0,3.1728122,1
18:01:55.418466,18,0.56046367,1.2538681,1.096434,-0.48720002,6.3599997,0.636,0.5073123,1
18:01:55.418466,18,0.4874515,0.99904424,1.2738996,-0.41748002,43.239998,1.0,1.6846994,1
18:01:55.418466,18,0.41940194,1.2274754,1.3425432,-0.48720002,85.759995,1.0,0.53651005,1
18:01:55.418466,18,0.44319412,1.2926672,1.0860379,-0.48720002,12.88,1.0,0.77322894,1
18:01:55.418466,18,0.4399805,1.0759164,1.3583293,-0.48720002,126.52,1.0,0.5010859,1
18:01:55.418466,18,0.39536273,1.1970862,1.1553229,-0.34804,66.64,1.0,0.50273335,1
18:01:55.418466,18,0.53832614,1.056768,1.1584004,-0.41748002,109.52,1.0,1.5394075,1
18:01:55.418466,18,0.39987636,1.0562365,1.4312963,-0.48720002,21.359999,1.0,0.4112878,1
18:01:55.418466,18,0.5119374,0.9475676,1.2234976,-0.41748002,25.88,1.0,2.9065263,1
18:01:55.418466,18,0.38311672,1.2546602,1.1180589,-0.27832,54.52,1.0,1.2644098,1
18:01:55.418466,18,0.42701572,1.1660887,1.3732817,-0.48720002,147.0,1.0,0.32796383,1
18:01:55.418466,18,0.38291967,1.1207017,1.3997331,-0.48720002,70.88,1.0,0.19170459,1
18:01:55.418466,18,0.48054102,1.0903363,1.2822757,-0.41748002,140.52,1.0,0.673868,1
18:01:55.418466,18,0.44208324,1.1918117,1.2936074,-0.48720002,112.52,1.0,0.23867832,1
18:01:55.418466,18,0.37820005,1.2059609,1.4190488,-0.48720002,50.64,1.0,0.644904,1
18:01:55.418466,18,0.5212387,1.099323,1.2033557,-0.41748002,121.88,1.0,0.947299,1
18:01:55.418466,18,0.5149126,1.0108057,1.1950043,-0.41748002,80.88,1.0,1.8139178,1
18:01:55.418466,18,0.5630338,0.9983019,1.1048858,-0.41748002,83.24,1.0,2.8184385,1
18:01:55.418466,18,0.50223064,1.2744005,1.0909324,-0.48720002,8.24,0.824,0.254122,1
18:01:55.418466,18,0.4482895,1.131561,1.3265853,-0.48720002,178.36,1.0,0.3020871,1
18:01:55.418466,18,0.49856836,1.05151,1.2380042,-0.41748002,107.24,1.0,1.1331365,1
18:01:55.418466,18,0.4404018,1.2387489,1.1223223,-0.34804,50.76,1.0,0.33016753,1
18:01:55.418466,18,0.48224926,1.0316687,1.3173467,-0.41748002,57.64,1.0,1.3385291,1
18:01:55.418466,18,0.39844623,1.3048625,1.0827701,-0.48720002,13.12,1.0,1.6636724,1
18:01:55.418466,18,0.4818992,1.1784232,1.2971947,-0.48720002,132.52,1.0,0.4732727,1
18:01:55.418466,18,0.38817254,1.1779008,1.3701167,-0.48720002,65.24,1.0,0.3405793,1
18:01:55.418466,18,0.41987807,1.1090692,1.40285,-0.48720002,134.12,1.0,0.34260836,1
18:01:55.418466,18,0.47280693,1.283819,1.0884087,-0.48720002,9.639999,0.964,0.4176498,1
18:01:55.418466,18,0.53145343,1.2644155,1.0936078,-0.48720002,7.7599998,0.77599996,0.2837341,1
18:01:55.418466,18,0.33974567,1.2651345,1.1152524,-0.27832,46.36,1.0,2.4254792,1
18:01:55.418466,18,0.41184163,1.2469813,1.1201165,-0.34804,57.0,1.0,0.7089215,1
18:01:55.418466,18,0.47354412,1.1226565,1.3289713,-0.48720002,173.64,1.0,0.5972907,1
18:01:55.418466,18,0.46399757,1.0671843,1.360669,-0.48720002,77.759995,1.0,0.8802335,1
18:01:55.418466,18,0.5484578,1.043203,1.1480818,-0.41748002,96.119995,1.0,1.8971201,1
18:01:55.418466,18,0.5246036,0.9978308,1.1851344,-0.41748002,61.64,1.0,2.1874251,1
18:01:55.418466,18,0.5027827,0.9600414,1.2328949,-0.41748002,33.0,1.0,2.4923792,1
18:01:55.418466,18,0.48754317,1.2791808,1.0896515,-0.48720002,8.36,0.83599997,0.3118053,1
18:01:55.418466,18,0.4283205,1.2968763,1.08491,-0.48720002,13.5199995,1.0,1.0226263,1
18:01:55.418466,18,0.41340405,1.3009416,1.0838207,-0.48720002,13.5199995,1.0,1.3195105,1
18:01:55.418466,18,0.45802343,1.2883146,1.0872041,-0.48720002,11.639999,1.0,0.5715112,1
18:01:55.418466,18,0.5459859,1.2592119,1.0950022,-0.48720002,7.12,0.712,0.37123612,1
18:01:55.418466,18,0.39749905,1.2508901,1.1190691,-0.34804,56.879997,1.0,0.9646676,1
18:01:55.418466,18,0.32521877,1.2683461,1.1143918,-0.27832,41.879997,1.0,2.898999,1
18:01:55.418466,18,0.42614302,1.2429341,1.1212009,-0.34804,55.0,1.0,0.49736264,1
18:01:55.478881,19,0.41056567,1.1707922,1.2413666,-0.48720002,387.24,1.0,0.2822429,1
18:01:55.478881,19,0.27325144,1.1346426,1.5132966,-0.41748002,34.12,1.0,5.47372,1
18:01:55.478881,19,0.5403763,1.1683633,0.97742635,-0.48720002,5.0,0.5,6.4105196,1
18:01:55.478881,19,0.5155606,0.96506476,1.1410888,-0.34804,97.88,1.0,7.862045,1
18:01:55.478881,19,0.34665135,1.2682923,1.0130837,-0.27832,6.12,0.612,3.55914,1
18:01:55.478881,19,0.29584607,1.2585858,1.3342072,-0.48720002,118.64,1.0,2.7991269,1
18:01:55.478881,19,0.40759894,1.1130656,1.4017792,-0.48720002,154.12,1.0,1.163604,1
18:01:55.478881,19,0.28422236,1.2233574,1.1482836,-0.27832,84.0,1.0,4.296826,1
18:01:55.478881,19,0.48322827,1.13302,1.1136804,-0.41748002,124.88,1.0,1.6436366,1
18:01:55.478881,19,0.4526494,1.0126662,1.2702495,-0.34804,77.759995,1.0,4.5065937,1
18:01:55.478881,19,0.42730978,1.2057718,0.96740276,-0.48720002,11.36,1.0,1.8859967,1
18:01:55.478881,19,0.35182157,1.2130126,1.4171593,-0.48720002,179.0,1.0,1.6401519,1
18:01:55.478881,19,0.4056864,1.2109902,1.0685,-0.27832,43.64,1.0,1.1192994,1
18:01:55.478881,19,0.34380588,1.0962887,1.4718815,-0.41748002,65.76,1.0,3.0812867,1
18:01:55.478881,19,0.38159406,1.2008387,1.1543175,-0.48720002,319.75998,1.0,0.47112295,1
18:01:55.478881,19,0.5237868,1.0535605,1.1453065,-0.34804,136.76,1.0,3.7163355,1
18:01:55.478881,19,0.42285562,1.1399759,1.3243306,-0.48720002,309.52,1.0,0.714626,1
18:01:55.478881,19,0.36129397,1.2150987,1.2873676,-0.48720002,253.87999,1.0,0.82933277,1
18:01:55.478881,19,0.46712488,1.0297797,1.1899202,-0.34804,182.0,1.0,3.4262438,1
18:01:55.478881,19,0.4442633,1.1273096,1.1958567,-0.34804,344.36,1.0,0.47926262,1
18:01:55.478881,19,0.47376713,1.1804854,1.0615066,-0.48720002,22.0,1.0,2.33863,1
18:01:55.478881,19,0.31106007,1.169652,1.4540367,-0.48720002,109.24,1.0,2.0266447,1
18:01:55.478881,19,0.38817254,1.1779008,1.3701167,-0.48720002,304.0,1.0,0.86086446,1
18:01:55.478881,19,0.3203582,1.2320356,1.062861,-0.27832,29.519999,1.0,3.1859286,1
18:01:55.478881,19,0.4399805,1.0759164,1.3583293,-0.34804,97.759995,1.0,1.8842115,1
18:01:55.478881,19,0.37353897,1.1475772,1.4464158,-0.48720002,215.51999,1.0,1.1306444,1
18:01:55.478881,19,0.39987636,1.0562365,1.4312963,-0.48720002,31.519999,1.0,3.185754,1
18:01:55.478881,19,0.4630871,1.0857953,1.1506225,-0.34804,295.0,1.0,1.2642102,1
18:01:55.478881,19,0.2737931,1.2590573,1.198365,-0.27832,68.76,1.0,4.2879534,1
18:01:55.478881,19,0.44316202,1.1037208,1.2786894,-0.34804,268.75998,1.0,0.9126354,1
18:01:55.478881,19,0.48423037,1.1881598,0.9721219,-0.48720002,8.12,0.812,3.210058,1
18:01:55.478881,19,0.46878543,0.97411937,1.2291226,-0.34804,62.52,1.0,7.338918,1
18:01:55.478881,19,0.4619625,1.065428,1.2342749,-0.34804,223.51999,1.0,1.8450048,1
18:01:55.478881,19,0.35111544,1.2460859,1.3375566,-0.48720002,209.64,1.0,2.1737688,1
18:01:55.478881,19,0.29918155,1.2314086,1.4264108,-0.48720002,99.119995,1.0,2.4002345,1
18:01:55.478881,19,0.27407458,1.1941066,1.4882258,-0.48720002,56.52,1.0,3.4744081,1
18:01:55.478881,19,0.29500675,1.2654363,1.0997707,-0.27832,26.24,1.0,4.2848654,1
18:01:55.478881,19,0.39090398,1.2576051,1.0159473,-0.27832,8.639999,0.86399996,2.9880254,1
18:01:55.478881,19,0.29624212,1.1139333,1.4800447,-0.41748002,49.76,1.0,4.8767667,1
18:01:55.478881,19,0.3631857,1.2221311,1.0655148,-0.27832,42.76,1.0,1.5491285,1
18:01:55.478881,19,0.51504254,1.1661576,1.0653458,-0.48720002,16.52,1.0,4.546884,1
18:01:55.478881,19,0.32615155,1.2145131,1.1506535,-0.27832,167.0,1.0,1.8601682,1
18:01:55.478881,19,0.42278016,1.1891834,1.1574405,-0.48720002,302.36,1.0,0.7330326,1
18:01:55.478881,19,0.44330248,1.1464455,1.1100831,-0.48720002,248.76,1.0,0.4803713,1
18:01:55.478881,19,0.5010056,1.0077378,1.1824799,-0.34804,119.64,1.0,4.7721057,1
18:01:55.478881,19,0.37951443,1.0858078,1.4746898,-0.41748002,46.64,1.0,2.524029,1
18:01:55.478881,19,0.5075452,1.1146573,1.1040405,-0.41748002,82.36,1.0,2.6060305,1
18:01:55.478881,19,0.45586124,1.1972407,0.96968865,-0.48720002,10.88,1.0,2.3022485,1
18:01:55.533450,20,0.30220914,1.2534933,1.1998559,-0.34804,33.52,1.0,1.2858183,1
18:01:55.533450,20,0.27117857,1.0753247,1.5383283,-0.34804,9.5199995,0.95199996,5.1339345,1
18:01:55.533450,20,0.41913113,1.1639739,0.91730434,-0.34804,6.12,0.612,4.732616,1
18:01:55.533450,20,0.4572162,0.98856044,1.1347933,-0.27832,91.119995,1.0,7.6665673,1
18:01:55.533450,20,0.22942166,1.3206656,1.4360396,-0.13916,73.52,1.0,3.1547406,1
18:01:55.533450,20,0.37918916,1.0957019,1.3530277,-0.27832,115.64,1.0,2.226316,1
18:01:55.533450,20,0.2871695,1.2805383,1.0098023,-0.27832,5.12,0.51199996,2.8658464,1
18:01:55.533450,20,0.168022,1.1966532,1.0820696,-0.06972,27.519999,1.0,6.861674,1
18:01:55.533450,20,0.32530236,1.2195532,1.4154067,-0.34804,298.88,1.0,1.3507098,1
18:01:55.533450,20,0.4125137,1.0823239,1.2297477,-0.27832,156.23999,1.0,3.2005007,1
18:01:55.533450,20,0.19674222,1.2128581,1.4968221,-0.34804,46.76,1.0,2.9086564,1
18:01:55.533450,20,0.34154245,1.177555,1.0022607,-0.20888,10.36,1.0,1.1437902,1
18:01:55.533450,20,0.2227016,1.2868774,1.1094264,-0.27832,17.0,1.0,2.6474187,1
18:01:55.533450,20,0.34177458,1.0798335,1.4377632,-0.34804,61.64,1.0,2.5733232,1
18:01:55.533450,20,0.4112011,0.99537385,1.2234275,-0.27832,76.119995,1.0,6.2059083,1
18:01:55.533450,20,0.23679696,1.1468859,1.522988,-0.34804,52.64,1.0,2.9558709,1
18:01:55.533450,20,0.37514544,1.1815873,1.3691288,-0.34804,260.52,1.0,2.4521189,1
18:01:55.533450,20,0.27279276,1.178112,1.4517698,-0.34804,174.23999,1.0,0.65450794,1
18:01:55.533450,20,0.26013243,1.2562765,1.46243,-0.34804,130.0,1.0,1.1853703,1
18:01:55.533450,20,0.298255,1.2842572,1.3863463,-0.34804,144.52,1.0,2.6958725,1
18:01:55.533450,20,0.25612512,1.2285769,1.146885,-0.20888,45.36,1.0,0.8069892,1
18:01:55.533450,20,0.39858738,1.2137496,0.96526515,-0.27832,7.64,0.764,4.9870696,1
18:01:55.533450,20,0.29624212,1.1139333,1.4800447,-0.34804,111.88,1.0,1.9754733,1
18:01:55.533450,20,0.24835743,1.2457719,1.0591803,-0.27832,20.359999,1.0,1.6471077,1
18:01:55.533450,20,0.3261092,1.2312534,0.96057504,-0.27832,7.3599997,0.736,2.1943235,1
18:01:55.533450,20,0.37591705,1.1267163,0.9569431,-0.20888,8.0,0.79999995,2.0228477,1
18:01:55.533450,20,0.33582395,1.1578557,1.4436616,-0.34804,246.0,1.0,1.0240272,1
18:01:55.533450,20,0.43078947,1.0427904,1.186434,-0.27832,129.87999,1.0,4.687397,1
18:01:55.533450,20,0.35808724,1.1278596,1.3978151,-0.34804,178.23999,1.0,1.4495819,1
18:01:55.533450,20,0.39375636,1.0331097,1.2647717,-0.27832,93.24,1.0,4.13694,1
18:01:55.533450,20,0.22451897,1.1981611,1.0962259,-0.20888,44.0,1.0,2.4655876,1
18:01:55.533450,20,0.38439086,1.151673,1.3211964,-0.27832,223.76,1.0,2.1556258,1
18:01:55.533450,20,0.4053842,1.1160161,1.2753948,-0.27832,187.87999,1.0,2.810526,1
18:01:55.533450,20,0.20611443,1.270635,1.4728522,-0.13916,60.0,1.0,2.1621895,1
18:01:55.533450,20,0.248304,1.1991526,1.4868737,-0.34804,109.64,1.0,1.045799,1
18:01:55.533450,20,0.2904645,1.2285355,1.0486317,-0.27832,18.64,1.0,1.0370934,1
18:01:55.533450,20,0.2566007,1.2984029,1.3973814,-0.13916,99.119995,1.0,2.3024845,1
18:01:55.533450,20,0.27236542,1.2369294,1.4249314,-0.34804,159.87999,1.0,0.6916295,1
18:01:55.533450,20,0.34009415,1.2750075,1.3888247,-0.34804,169.76,1.0,4.3659506,1
18:01:55.533450,20,0.33183268,1.0995518,1.4710072,-0.34804,78.52,1.0,2.0927193,1
18:01:55.533450,20,0.19975795,1.1532115,1.5212929,-0.34804,25.76,1.0,4.9180856,1
18:01:55.533450,20,0.25829488,1.2956185,1.0215356,-0.27832,5.0,0.5,3.157394,1
18:01:55.533450,20,0.34974292,1.1948695,1.379639,-0.34804,305.75998,1.0,1.5357916,1
18:01:55.533450,20,0.3552085,1.2246721,0.96233845,-0.27832,8.639999,0.86399996,2.9653182,1
18:01:55.533450,20,0.1931885,1.2908946,1.1083499,-0.27832,13.759999,1.0,3.744975,1
18:01:55.533450,20,0.2978067,1.1670371,1.4412014,-0.34804,244.87999,1.0,0.5335312,1
18:01:55.533450,20,0.31356272,1.1838831,1.000565,-0.20888,15.0,1.0,0.9055991,1
18:01:55.533450,20,0.19585568,1.1931384,1.0830115,-0.06972,36.12,1.0,4.5790124,1
18:01:55.589348,21,0.29335484,1.1745951,1.3150544,-0.27832,679.0,1.0,0.45490828,1
18:01:55.589348,21,0.42161715,1.1051097,0.8581997,-0.20888,6.7599998,0.676,3.4578626,1
18:01:55.589348,21,0.09249076,1.2433028,1.5433121,-0.34804,49.76,1.0,3.4335623,1
18:01:55.589348,21,0.43355018,0.99716485,1.1324877,-0.20888,98.759995,1.0,4.92125,1
18:01:55.589348,21,0.2904645,1.2285355,1.0486317,-0.27832,12.639999,1.0,2.2850637,1
18:01:55.589348,21,0.2003007,1.0745071,1.5016872,-0.27832,27.24,1.0,4.2710204,1
18:01:55.589348,21,0.14168347,1.2818534,1.3279727,-0.13916,86.36,1.0,2.7338202,1
18:01:55.589348,21,0.37888387,1.1471912,1.1905295,-0.20888,128.76,1.0,2.3268511,1
18:01:55.589348,21,0.3105592,1.0309256,1.3368968,-0.20888,68.36,1.0,3.217323,1
18:01:55.589348,21,0.31986752,1.1889678,0.9106073,-0.20888,8.88,0.88799995,2.1527276,1
18:01:55.589348,21,0.23153055,1.238386,1.4103605,-0.27832,503.63998,1.0,1.0178694,1
18:01:55.589348,21,0.35258895,1.0138218,1.2184844,-0.20888,132.76,1.0,3.3336384,1
18:01:55.589348,21,0.24203739,1.2309829,1.1462404,-0.13916,30.88,1.0,1.2675791,1
18:01:55.589348,21,0.28132936,1.0891637,1.4224735,-0.27832,136.87999,1.0,1.5267864,1
18:01:55.589348,21,0.22390145,1.2433851,1.2797883,-0.13916,193.87999,1.0,1.166057,1
18:01:55.589348,21,0.15141311,1.2775428,1.4710013,-0.27832,112.759995,1.0,2.1790113,1
18:01:55.589348,21,0.13764334,1.1613609,1.5191094,-0.27832,50.879997,1.0,2.9871562,1
18:01:55.589348,21,0.42310745,1.0901651,1.1354983,-0.20888,84.24,1.0,3.3349855,1
18:01:55.589348,21,0.28961295,1.2012472,1.2332062,-0.13916,229.64,1.0,0.8505753,1
18:01:55.589348,21,0.2452485,1.1601232,1.4025995,-0.27832,563.24,1.0,0.24923523,1
18:01:55.589348,21,0.18346561,1.2095811,1.4840794,-0.27832,237.23999,1.0,0.85759485,1
18:01:55.589348,21,0.29687947,1.2372712,0.95896256,-0.20888,6.24,0.624,3.3464775,1
18:01:55.589348,21,0.23495376,1.1214623,1.4651363,-0.27832,238.36,1.0,1.2137834,1
18:01:55.589348,21,0.32876846,1.1372967,1.2696928,-0.20888,382.0,1.0,0.7311029,1
18:01:55.589348,21,0.30500203,1.1155342,1.3477137,-0.27832,295.24,1.0,0.6788458,1
18:01:55.589348,21,0.096804455,1.2976747,1.508522,-0.27832,51.52,1.0,3.751633,1
18:01:55.589348,21,0.39247274,1.0466005,1.1720666,-0.20888,166.51999,1.0,2.6432946,1
18:01:55.589348,21,0.362405,1.0972961,1.2257359,-0.20888,247.64,1.0,1.42122,1
18:01:55.589348,21,0.25637093,1.2090558,1.3617687,-0.27832,710.36,1.0,0.54866135,1
18:01:55.589348,21,0.44846517,0.95380086,1.0922422,-0.20888,84.36,1.0,6.8836904,1
18:01:55.589348,21,0.37487993,1.1647049,0.90197283,-0.20888,9.0,0.9,3.0309381,1
18:01:55.589348,21,0.11832927,1.221991,1.494375,-0.27832,73.0,1.0,2.5207841,1
18:01:55.589348,21,0.32609332,1.0824922,1.3037286,-0.20888,194.0,1.0,1.2579025,1
18:01:55.589348,21,0.27920446,1.2336645,1.2823929,-0.27832,231.12,1.0,1.6311247,1
18:01:55.589348,21,0.34592614,1.0474012,1.2609423,-0.20888,159.64,1.0,2.1958065,1
18:01:55.589348,21,0.2954014,1.1436434,1.3935859,-0.27832,365.52,1.0,0.55328536,1
18:01:55.589348,21,0.29047266,1.0623935,1.3787867,-0.27832,107.52,1.0,2.1868896,1
18:01:55.589348,21,0.18624055,1.1349194,1.4744215,-0.27832,135.76,1.0,1.9252118,1
18:01:55.589348,21,0.20848542,1.1897365,1.448655,-0.27832,394.0,1.0,0.48283336,1
18:01:55.589348,21,0.19130641,1.2503697,1.4213302,-0.27832,231.64,1.0,1.2087727,1
18:01:55.589348,21,0.3861815,1.1104126,1.1440264,-0.20888,112.0,1.0,1.9746273,1
18:01:55.589348,21,0.18218428,1.2492692,1.2782116,-0.13916,133.52,1.0,1.459424,1
18:01:55.589348,21,0.3302398,1.1922655,1.2356129,-0.06972,187.23999,1.0,1.7040159,1
18:01:55.589348,21,0.11022335,1.2813339,1.4699855,-0.27832,61.64,1.0,3.0990422,1
18:01:55.589348,21,0.17472586,1.1519604,1.5086563,-0.27832,104.64,1.0,1.8845025,1
18:01:55.589348,21,0.38630286,0.99533564,1.2106982,-0.20888,94.759995,1.0,4.407061,1
18:01:55.589348,21,0.24569836,1.1025438,1.431678,-0.27832,211.23999,1.0,1.472206,1
18:01:55.589348,21,0.39772895,1.0092101,1.1292602,-0.20888,138.64,1.0,3.6252332,1
18:01:55.646699,22,0.13687171,1.192149,1.178483,-0.06972,318.75998,1.0,0.2091889,1
18:01:55.646699,22,0.36964026,1.0660443,-0.12106633,-0.13916,22.76,1.0,9.250614,1
18:01:55.646699,22,0.088000886,1.1796619,1.553218,-0.20888,64.88,1.0,1.6570786,1
18:01:55.646699,22,0.33079273,0.9914675,1.0821495,-0.06972,136.87999,1.0,5.415753,1
18:01:55.646699,22,0.25473803,1.0702937,1.3766698,-0.20888,87.64,1.0,2.6090186,1
18:01:55.646699,22,0.23807552,1.2476071,0.95619303,-0.06972,5.3599997,0.536,2.0778444,1
18:01:55.646699,22,0.13930175,1.3491203,1.0709113,-0.06972,5.7599998,0.576,4.4602723,1
18:01:55.646699,22,0.31691605,1.2379837,-0.10876366,-0.27832,19.359999,1.0,10.25976,1
18:01:55.646699,22,0.16382934,1.2479353,1.4078017,-0.20888,237.0,1.0,1.3157152,1
18:01:55.646699,22,0.0,1.2842572,1.1916127,-0.13916,36.76,1.0,4.057141,1
18:01:55.646699,22,0.2203207,1.0633291,-0.07220914,-0.13916,13.12,1.0,10.795717,1
18:01:55.646699,22,0.22363597,1.1015114,1.0772309,-0.06972,113.119995,1.0,0.8383131,1
18:01:55.646699,22,0.28110415,1.0321903,1.2135626,-0.06972,188.87999,1.0,3.4441147,1
18:01:55.646699,22,0.1652098,1.0798035,1.5002681,-0.20888,35.88,1.0,2.7880228,1
18:01:55.646699,22,0.17502524,1.2465303,1.04381,-0.06972,19.24,1.0,0.80644095,1
18:01:55.646699,22,0.27999395,1.1488999,0.95099896,-0.13916,7.64,0.764,1.174031,1
18:01:55.646699,22,0.056199916,1.259638,1.2754333,-0.13916,57.64,1.0,1.7923799,1
18:01:55.646699,22,0.2089254,1.1304477,1.2168529,-0.06972,394.88,1.0,0.47470623,1
18:01:55.646699,22,0.20643623,1.1606162,1.3890381,-0.20888,291.24,1.0,0.8082706,1
18:01:55.646699,22,0.059594486,1.3018898,1.1054038,-0.06972,16.24,1.0,2.6953201,1
18:01:55.646699,22,0.096338615,1.2769608,1.4568876,-0.20888,86.64,1.0,1.7166768,1
18:01:55.646699,22,0.23745582,1.1868597,1.0846939,-0.06972,18.88,1.0,0.66116804,1
18:01:55.646699,22,0.27592328,1.0417721,1.1205351,-0.06972,285.52,1.0,2.8011036,1
18:01:55.646699,22,0.14433205,1.2143309,1.4828067,-0.20888,210.76,1.0,0.8583572,1
18:01:55.646699,22,0.32191265,0.98026526,1.1643131,-0.06972,125.36,1.0,6.0319896,1
18:01:55.646699,22,0.100062355,1.2475188,1.1418096,-0.06972,129.0,1.0,0.9507049,1
18:01:55.646699,22,0.38254237,1.2035737,-0.11778072,-0.13916,22.359999,1.0,11.238482,1
18:01:55.646699,22,0.23033023,1.0857584,1.1615742,-0.06972,418.75998,1.0,1.2973305,1
18:01:55.646699,22,0.09717147,1.2274424,1.2261872,-0.06972,129.23999,1.0,0.7700511,1
18:01:55.646699,22,0.17507228,1.1538757,1.1323805,-0.06972,346.63998,1.0,0.1443682,1
18:01:55.646699,22,0.03020095,1.3374938,1.157997,-0.06972,13.639999,1.0,4.189314,1
18:01:55.646699,22,0.06609127,1.2448347,1.5429016,-0.20888,84.759995,1.0,1.7659848,1
18:01:55.646699,22,0.19820306,1.1277388,1.4634545,-0.20888,159.23999,1.0,1.2985646,1
18:01:55.646699,22,0.16760124,1.3079637,1.0182277,-0.06972,6.8799996,0.68799996,2.8682952,1
18:01:55.646699,22,0.21471983,1.2017502,0.99577755,-0.13916,13.759999,1.0,0.42224276,1
18:01:55.646699,22,0.16870426,1.2057586,1.0941901,-0.06972,72.52,1.0,0.10238051,1
18:01:55.646699,22,0.14989503,1.155096,1.5078161,-0.20888,148.64,1.0,1.063631,1
18:01:55.646699,22,0.25491744,1.1263524,1.3448149,-0.20888,239.12,1.0,1.6146138,1
18:01:55.646699,22,0.18942606,1.2198232,1.3588836,-0.20888,346.0,1.0,0.94902503,1
18:01:55.646699,22,0.11909363,1.2984372,1.1063288,-0.06972,21.88,1.0,1.9902095,1
18:01:55.646699,22,0.18228497,1.1879191,1.4356061,-0.20888,281.63998,1.0,0.77241814,1
18:01:55.646699,22,0.26093814,1.067926,1.2554427,-0.06972,213.87999,1.0,2.2315333,1
18:01:55.646699,22,0.057973463,1.2831371,1.1919129,-0.13916,75.52,1.0,2.1542995,1
18:01:55.646699,22,0.2209265,1.1012948,1.4192231,-0.20888,122.64,1.0,1.7149321,1
18:01:55.646699,22,0.092083,1.2240233,1.4938304,-0.20888,115.759995,1.0,1.1559166,1
18:01:55.646699,22,0.13194051,1.2604734,1.0552411,-0.06972,21.64,1.0,0.9935986,1
18:01:55.646699,22,0.14231235,1.2353708,1.1302801,-0.06972,99.119995,1.0,0.43879178,1
18:01:55.646699,22,0.109558925,1.2590907,1.4189934,-0.20888,104.36,1.0,1.2115759,1
18:01:55.700150,23,0.11653318,1.453556,-0.759165,-0.06972,6.64,0.664,1.0193229,1
18:01:55.700150,23,-0.30519304,1.5055646,-1.6797163,-0.13916,18.0,1.0,2.9339235,1
18:01:55.700150,23,0.083196804,1.186584,-0.16762617,-0.13916,10.639999,1.0,4.211455,1
18:01:55.700150,23,0.3057771,1.6803755,-1.6896288,-0.20888,15.5199995,1.0,10.604929,1
18:01:55.700150,23,0.15645276,1.1966956,-0.55350024,0.06972,39.0,1.0,2.0153275,1
18:01:55.700150,23,-0.4413182,1.4788852,-1.4965168,-0.13916,14.36,1.0,4.3137136,1
18:01:55.700150,23,0.12617506,1.5738223,-1.7263905,-0.06972,10.639999,1.0,7.140559,1
18:01:55.700150,23,0.04210017,1.402918,-0.57693595,-0.20888,19.359999,1.0,2.4098938,1
18:01:55.700150,23,0.25551757,1.3286074,-0.68725497,-0.13916,28.24,1.0,1.057958,1
18:01:55.700150,23,-0.32102162,1.3710473,-1.5396938,-0.13916,8.12,0.812,4.197397,1
18:01:55.700150,23,-0.2886305,1.5007838,-1.511875,-0.13916,15.12,1.0,2.0895832,1
18:01:55.700150,23,0.24670504,1.4371991,-0.759165,-0.06972,7.52,0.752,1.0313375,1
18:01:55.700150,23,0.14511193,1.3138742,-0.6062344,-0.06972,96.119995,1.0,0.54902184,1
18:01:55.700150,23,0.12319667,1.2278575,-0.27595136,-0.13916,27.0,1.0,2.6641772,1
18:01:55.700150,23,0.24638405,1.2154506,-0.6299648,-0.06972,42.64,1.0,2.7550592,1
18:01:55.700150,23,0.1720082,1.4265147,-0.65896857,-0.06972,37.52,1.0,1.1143807,1
18:01:55.700150,23,-0.20840766,1.4788878,-1.6330422,-0.13916,9.76,0.97599995,2.7127802,1
18:01:55.700150,23,0.10281413,1.2824339,-0.5288421,0.06972,35.239998,1.0,0.9879243,1
18:01:55.700150,23,0.07181245,1.435052,-0.65896857,-0.06972,15.5199995,1.0,1.835189,1
18:01:55.700150,23,-0.39305967,1.5393465,-1.5405474,-0.13916,24.119999,1.0,3.7235785,1
18:01:55.700150,23,-0.25973865,1.4273745,-1.586368,-0.13916,12.24,1.0,3.1542108,1
18:01:55.700150,23,0.20612831,1.3638669,-0.63260144,-0.13916,50.12,1.0,0.62336683,1
18:01:55.700150,23,0.11023078,1.374944,-0.63260144,-0.20888,58.0,1.0,0.77838486,1
18:01:55.700150,23,0.19666462,1.3955576,-0.7159,-0.06972,28.76,1.0,0.5342877,1
18:01:55.700150,23,0.08065453,1.3426287,-0.552889,0.06972,40.879997,1.0,1.2418791,1
18:01:55.700150,23,0.1889453,1.2501739,-0.5798673,-0.06972,69.0,1.0,1.2199999,1
18:01:55.700150,23,-0.31255686,1.5418915,-1.5563574,-0.13916,27.119999,1.0,2.5318878,1
18:01:55.700150,23,-0.35184422,1.5026872,-1.4965168,-0.13916,20.64,1.0,2.8484666,1
18:01:55.700150,23,-0.22956477,1.5189364,-1.6797163,-0.13916,20.64,1.0,2.6323466,1
18:01:55.700150,23,0.23212317,1.2756156,-0.6586099,-0.06972,68.24,1.0,1.4019436,1
18:01:55.700150,23,0.21059692,1.3049797,-0.6062344,-0.06972,83.64,1.0,0.75987536,1
18:01:55.700150,23,0.26616764,1.3839843,-0.7159,-0.06972,15.24,1.0,0.96719927,1
18:01:55.700150,23,-0.4543027,1.5223969,-1.5405474,-0.20888,15.24,1.0,4.755595,1
18:01:55.700150,23,-0.29671267,1.4637296,-1.6330422,-0.13916,24.24,1.0,3.0291932,1
18:01:55.700150,23,0.12622651,1.2580549,-0.5798673,0.06972,42.239998,1.0,0.9396307,1
18:01:55.700150,23,0.18903506,1.4459151,-0.759165,-0.06972,10.36,1.0,0.8573336,1
18:01:55.700150,23,0.07325638,1.4639065,-0.7445451,-0.06972,5.0,0.5,1.6037735,1
18:01:55.700150,23,-0.39675975,1.4914572,-1.4965168,-0.13916,18.52,1.0,3.5231898,1
18:01:55.700150,23,-0.25267386,1.471971,-1.6330422,-0.13916,16.24,1.0,2.7982213,1
18:01:55.700150,23,0.12914178,1.4310324,-0.65896857,-0.06972,28.519999,1.0,1.3359138,1
18:01:55.700150,23,0.08416245,1.401024,-0.57693595,0.06972,36.36,1.0,1.8879735,1
18:01:55.700150,23,0.1651257,1.3694361,-0.63260144,-0.06972,78.64,1.0,0.59564745,1
18:01:55.700150,23,0.10563631,1.3176358,-0.6062344,-0.06972,63.64,1.0,0.61009187,1
18:01:55.700150,23,-0.35866603,1.5318223,-1.5563574,-0.13916,26.76,1.0,3.0621512,1
18:01:55.700150,23,0.20981513,1.2222942,-0.6299648,-0.06972,64.76,1.0,2.1485496,1
18:01:55.700150,23,-0.25989556,1.5140415,-1.6797163,-0.13916,20.359999,1.0,2.7048361,1
18:01:55.700150,23,0.14557905,1.4509346,-0.759165,-0.06972,8.88,0.88799995,0.9067015,1
18:01:55.700150,23,0.27539775,1.431978,-0.759165,-0.06972,6.0,0.59999996,1.2284868,1
18:01:55.752187,24,0.10323161,1.1102281,1.1683642,-0.13916,320.24,1.0,0.17246997,1
18:01:55.752187,24,-0.025911445,1.0168836,0.7900219,-0.13916,15.639999,1.0,3.2426765,1
18:01:55.752187,24,0.024438374,1.095989,1.3697847,-0.06972,35.239998,1.0,4.4398026,1
18:01:55.752187,24,0.136952,1.1151546,0.8880445,0.06972,6.52,0.652,1.90268,1
18:01:55.752187,24,0.0,1.1289794,0.9859922,-0.06972,30.88,1.0,1.6350691,1
18:01:55.752187,24,0.1870868,0.9984018,1.2469045,-0.13916,35.0,1.0,3.1069648,1
18:01:55.752187,24,0.13770577,1.1619697,1.033734,-0.06972,38.64,1.0,0.98345244,1
18:01:55.752187,24,0.22848256,1.1460786,1.1344696,-0.20888,42.0,1.0,3.551018,1
18:01:55.752187,24,0.09526737,1.0386677,1.2851197,-0.13916,149.87999,1.0,0.77488506,1
18:01:55.752187,24,0.05286044,1.1188958,1.0725727,-0.06972,74.119995,1.0,0.45763057,1
18:01:55.752187,24,0.053219207,1.063681,0.83187276,0.06972,12.36,1.0,1.3655355,1
18:01:55.752187,24,0.026225688,1.1463734,1.2125857,0.06972,33.64,1.0,3.1552844,1
18:01:55.752187,24,0.038047735,1.1231208,1.2928421,0.06972,46.36,1.0,3.123179,1
18:01:55.752187,24,-0.026336556,1.0766349,0.9309021,-0.06972,26.64,1.0,2.0168679,1
18:01:55.752187,24,0.09170994,1.0130701,1.3610322,-0.06972,15.639999,1.0,1.5984541,1
18:01:55.752187,24,0.14760928,1.0549891,1.2074537,-0.13916,224.36,1.0,0.7205935,1
18:01:55.752187,24,0.1476572,1.148267,1.1199299,-0.13916,258.24,1.0,0.81520385,1
18:01:55.752187,24,0.19225942,1.0918818,1.1599336,-0.13916,76.119995,1.0,1.821704,1
18:01:55.752187,24,0.075059496,1.0923129,1.2489083,-0.13916,134.0,1.0,0.8342093,1
18:01:55.752187,24,0.168022,1.1966532,1.0820696,-0.20888,28.519999,1.0,2.21032,1
18:01:55.752187,24,0.068939045,1.1669608,1.0323966,-0.06972,53.879997,1.0,0.89037967,1
18:01:55.752187,24,0.20776406,1.0384533,1.1991448,-0.13916,37.12,1.0,3.1651506,1
18:01:55.752187,24,0.06037599,1.0686855,1.3267791,-0.06972,78.119995,1.0,1.8207687,1
18:01:55.752187,24,0.15453859,1.0326341,1.2867364,-0.06972,76.36,1.0,1.1223109,1
18:01:55.752187,24,0.054103766,1.1279341,0.9862723,-0.06972,51.52,1.0,0.33491462,1
18:01:55.752187,24,0.09407656,1.1529377,1.1186785,-0.06972,205.51999,1.0,0.64485765,1
18:01:55.752187,24,0.124965735,1.0884482,1.2499439,-0.06972,334.52,1.0,0.33426973,1
18:01:55.752187,24,0.095947966,1.1185293,0.8871402,0.06972,8.12,0.812,0.79297864,1
18:01:55.752187,24,0.15464094,1.1052456,1.1696992,-0.13916,285.88,1.0,0.5957129,1
18:01:55.752187,24,0.18845445,1.15212,1.1328509,-0.13916,96.759995,1.0,1.8723855,1
18:01:55.752187,24,0.013308128,1.0646449,0.83161443,0.06972,16.64,1.0,1.3614261,1
18:01:55.752187,24,0.065541275,1.1450437,1.212942,-0.13916,83.36,1.0,1.6616507,1
18:01:55.752187,24,0.096476056,1.165363,1.0328248,-0.06972,49.879997,1.0,0.6697108,1
18:01:55.752187,24,0.027057294,1.1287181,0.9860622,-0.06972,41.239998,1.0,0.8205745,1
18:01:55.752187,24,0.12089106,1.1508611,1.1192348,-0.06972,297.52,1.0,0.5651917,1
18:01:55.752187,24,0.0798022,1.062396,0.83221704,0.06972,9.639999,0.964,1.7864577,1
18:01:55.752187,24,0.07926423,1.1176195,1.0729147,-0.06972,145.12,1.0,0.11365404,1
18:01:55.752187,24,0.026435507,1.1196617,1.0723675,-0.06972,42.64,1.0,1.1186464,1
18:01:55.752187,24,0.0,1.017134,0.78995484,-0.13916,16.359999,1.0,2.9145727,1
18:01:55.752187,24,0.07745986,1.1119734,1.1678965,-0.13916,124.64,1.0,0.42408854,1
18:01:55.752187,24,0.2176613,1.0879221,1.1609945,-0.13916,40.76,1.0,3.0212018,1
18:01:55.752187,24,0.10003262,1.0906216,1.2493615,-0.13916,317.0,1.0,0.43893608,1
18:01:55.752187,24,0.05005635,1.0935215,1.2485844,0.06972,63.0,1.0,1.5172453,1
18:01:55.752187,24,0.17206147,1.0519012,1.208281,-0.13916,95.52,1.0,1.3821777,1
18:01:55.752187,24,0.08449257,1.0672861,1.327154,-0.06972,130.52,1.0,1.1760399,1
18:01:55.752187,24,0.036235254,1.0696187,1.326529,-0.06972,45.12,1.0,2.734179,1
18:01:55.752187,24,0.13086817,1.035391,1.2859976,-0.13916,100.52,1.0,0.7783099,1
18:01:55.752187,24,0.17436428,1.1451565,1.1207634,-0.13916,135.64,1.0,1.3976495,1
18:01:55.807286,25,-0.037316512,1.2435106,-0.2263829,-0.06972,44.52,1.0,0.17835443,1
18:01:55.807286,25,0.03242562,1.6210649,-1.7728802,0.20888,7.52,0.752,10.567186,1
18:01:55.807286,25,0.07013076,1.0032365,1.2334764,-0.13916,47.879997,1.0,3.4885337,1
18:01:55.807286,25,-0.1406901,1.2087473,-0.90661067,-0.27832,29.519999,1.0,4.088053,1
18:01:55.807286,25,0.055348646,1.1062417,0.7851329,-0.20888,5.12,0.51199996,1.4281307,1
18:01:55.807286,25,-0.13194051,1.4620453,-0.58633256,-0.06972,26.88,1.0,5.0094438,1
18:01:55.807286,25,0.028531993,1.4264095,-0.816871,-0.20888,7.0,0.7,2.4528654,1
18:01:55.807286,25,0.051657125,1.2907393,-0.5159504,-0.20888,270.75998,1.0,2.768416,1
18:01:55.807286,25,0.13196614,1.1135383,1.0740083,-0.20888,64.52,1.0,2.3199248,1
18:01:55.807286,25,0.11639014,1.1325012,-0.18719406,-0.06972,7.3599997,0.736,8.850637,1
18:01:55.807286,25,-0.067184426,1.3425685,-0.35759905,-0.06972,39.64,1.0,0.74121904,1
18:01:55.807286,25,0.036235254,1.2074795,-0.3736853,-0.13916,82.36,1.0,3.198336,1
18:01:55.807286,25,-0.07325638,1.4639065,-0.7445451,-0.06972,8.24,0.824,2.045116,1
18:01:55.807286,25,-0.027418192,1.3707268,-0.4849736,-0.06972,71.0,1.0,0.4339481,1
18:01:55.807286,25,0.06430063,1.104283,1.1566106,-0.20888,225.23999,1.0,3.3187659,1
18:01:55.807286,25,0.13248916,1.0154538,1.1548843,-0.13916,38.239998,1.0,3.2771962,1
18:01:55.807286,25,-0.05612701,1.4024268,-0.57693595,-0.06972,43.76,1.0,0.91651434,1
18:01:55.807286,25,0.0,1.4093467,-0.7159,-0.20888,12.5199995,1.0,1.2420839,1
18:01:55.807286,25,0.013288509,1.3288066,-0.41106862,-0.06972,168.87999,1.0,0.51353467,1
18:01:55.807286,25,-0.08615914,1.4342622,-0.65896857,-0.06972,30.24,1.0,1.8464994,1
18:01:55.807286,25,0.0,1.2957479,-0.2897544,-0.06972,142.23999,1.0,0.1389353,1
18:01:55.807286,25,-0.16359815,1.2943411,-0.8925736,-0.06972,21.359999,1.0,2.1094706,1
18:01:55.807286,25,0.14846367,1.0262522,1.072829,-0.20888,42.76,1.0,3.4901686,1
18:01:55.807286,25,-0.011722773,1.1722382,-0.26214835,-0.06972,11.639999,1.0,1.9702066,1
18:01:55.807286,25,0.04151633,1.3834624,-0.8871551,-0.20888,6.0,0.59999996,3.8421028,1
18:01:55.807286,25,0.05005635,1.2507414,-0.4427875,-0.13916,211.64,1.0,3.0692801,1
18:01:55.807286,25,0.0135048805,1.3504431,-0.5394111,-0.20888,110.0,1.0,0.8795967,1
18:01:55.807286,25,-0.1194197,1.4895605,-0.68533564,-0.06972,7.8799996,0.788,4.718865,1
18:01:55.807286,25,0.10104185,1.0673022,1.1136944,-0.20888,91.52,1.0,2.405095,1
18:01:55.807286,25,0.053787615,1.1550802,1.1181043,-0.20888,121.119995,1.0,4.271958,1
18:01:55.807286,25,-0.052238006,1.3052536,-0.23770653,-0.06972,43.36,1.0,0.37688178,1
18:01:55.807286,25,0.07363868,1.0534182,1.195135,-0.13916,115.759995,1.0,3.0305247,1
18:01:55.807286,25,0.027434275,1.3715309,-0.7854433,-0.20888,9.12,0.912,2.5273197,1
18:01:55.807286,25,-0.12666123,1.403545,-0.5628718,-0.06972,33.239998,1.0,2.8151832,1
18:01:55.807286,25,0.0,1.2340224,-0.27595136,-0.06972,79.24,1.0,0.72528565,1
18:01:55.807286,25,0.025660776,1.2828678,-0.34133872,-0.06972,239.87999,1.0,0.8343051,1
18:01:55.807286,25,0.026225688,1.3111095,-0.46388057,-0.06972,226.36,1.0,1.1350735,1
18:01:55.807286,25,0.091852926,0.97023994,1.1942966,-0.13916,31.519999,1.0,3.8632238,1
18:01:55.807286,25,0.038047735,1.2678773,-0.39237696,-0.06972,248.64,1.0,1.7467408,1
18:01:55.807286,25,0.07926423,1.1176195,1.0729147,-0.20888,101.0,1.0,2.5645673,1
18:01:55.807286,25,0.012219798,1.2219391,-0.32507837,-0.06972,87.52,1.0,1.5386344,1
18:01:55.807286,25,0.047671817,1.1911597,-0.42169443,-0.13916,71.119995,1.0,4.895752,1
18:01:55.807286,25,0.084412575,1.0196446,1.1537615,-0.13916,84.52,1.0,2.9371698,1
18:01:55.807286,25,-0.02916245,1.4579281,-0.759165,-0.06972,9.36,0.936,1.574436,1
18:01:55.807286,25,-0.043098964,1.4362011,-0.65896857,-0.06972,16.76,1.0,1.2921076,1
18:01:55.807286,25,-0.026883177,1.3439797,-0.35759905,-0.06972,66.119995,1.0,0.2733492,1
18:01:55.807286,25,0.13880055,1.0638269,1.1146256,-0.13916,53.76,1.0,2.6581297,1
18:01:55.807286,25,-0.10225994,1.4584695,-0.60098284,-0.06972,30.88,1.0,3.4696317,1
18:01:55.865426,26,-0.05286044,1.1188958,1.0725727,-0.27832,109.64,1.0,0.28897473,1
18:01:55.865426,26,0.03745779,0.954843,0.74077696,-0.20888,15.639999,1.0,8.280491,1
18:01:55.865426,26,-0.15997143,1.1104946,1.416758,0.06972,37.0,1.0,3.0399075,1
18:01:55.865426,26,0.053755604,1.2048523,1.306947,-0.20888,49.239998,1.0,6.9818797,1
18:01:55.865426,26,-0.15662013,1.1583306,0.8439392,0.06972,7.24,0.724,3.014282,1
18:01:55.865426,26,-0.26879066,1.1029294,0.99297225,0.06972,57.239998,1.0,5.9518056,1
18:01:55.865426,26,-0.051089764,1.0211203,0.87861264,-0.20888,78.759995,1.0,2.1151507,1
18:01:55.865426,26,-0.106196485,1.1730952,1.2601006,0.20888,166.12,1.0,1.3380866,1
18:01:55.865426,26,-0.012080029,1.0700854,1.326404,-0.20888,45.12,1.0,2.7196567,1
18:01:55.865426,26,-0.16076857,1.0247587,1.0732292,-0.27832,77.119995,1.0,3.738072,1
18:01:55.865426,26,-0.15765087,1.0677415,0.9332851,-0.27832,145.52,1.0,1.4769502,1
18:01:55.865426,26,-0.04151633,1.1067095,0.78500754,-0.27832,7.7599998,0.77599996,1.8095728,1
18:01:55.865426,26,-0.22891599,1.1996076,0.99635166,0.06972,25.76,1.0,6.182556,1
18:01:55.865426,26,-0.080266275,1.0139008,1.3608097,-0.13916,15.88,1.0,6.0042586,1
18:01:55.865426,26,-0.06412949,1.1495091,1.3386102,-0.20888,230.0,1.0,1.1641217,1
18:01:55.865426,26,-0.025911445,1.0168836,0.7900219,-0.20888,20.24,1.0,2.839721,1
18:01:55.865426,26,0.038321793,1.0215521,0.8784969,-0.20888,30.0,1.0,4.294297,1
18:01:55.865426,26,-0.168716,1.1662459,0.9463511,0.06972,30.359999,1.0,2.7596235,1
18:01:55.865426,26,-0.106353275,1.0605979,0.8326989,-0.20888,38.0,1.0,1.009844,1
18:01:55.865426,26,-0.11653322,1.0768545,1.0296146,-0.27832,161.0,1.0,0.4572035,1
18:01:55.865426,26,0.0128310295,1.150996,1.3382117,-0.20888,52.52,1.0,2.90739,1
18:01:55.865426,26,-0.026883177,1.2056313,1.3067383,-0.20888,165.36,1.0,3.755679,1
18:01:55.865426,26,-0.097655766,1.0924499,1.370733,0.06972,120.0,1.0,1.8516619,1
18:01:55.865426,26,-0.013450266,1.1560545,1.1178433,-0.27832,83.36,1.0,1.9396262,1
18:01:55.865426,26,-0.123295866,1.1164116,0.8877077,-0.20888,37.52,1.0,0.84628487,1
18:01:55.865426,26,0.0,1.0578321,0.7415377,-0.27832,5.0,0.5,2.8345206,1
18:01:55.865426,26,-0.19375598,1.0678602,1.0320246,-0.27832,114.759995,1.0,2.752571,1
18:01:55.865426,26,-0.142245,1.1690379,1.3867815,0.06972,86.88,1.0,2.1877837,1
18:01:55.865426,26,-0.12622651,1.065107,1.1142826,0.20888,114.24,1.0,1.1476662,1
18:01:55.865426,26,-0.1745667,1.2019165,0.89200205,0.06972,5.52,0.552,5.467968,1
18:01:55.865426,26,-0.20218305,1.1143049,0.9899242,0.06972,97.88,1.0,2.414992,1
18:01:55.865426,26,-0.09402057,1.202711,1.3075207,-0.20888,191.36,1.0,2.6561074,1
18:01:55.865426,26,-0.11786419,1.1415001,1.2138915,0.20888,139.0,1.0,0.58491874,1
18:01:55.865426,26,-0.09978709,1.1632847,0.84261173,-0.20888,14.0,1.0,2.7730465,1
18:01:55.865426,26,-0.036654506,1.095694,1.3698637,-0.06972,76.759995,1.0,1.9471304,1
18:01:55.865426,26,-0.12809868,1.1448661,1.3398542,0.06972,117.64,1.0,1.3260796,1
18:01:55.865426,26,0.025729053,1.0047343,0.77991074,-0.20888,16.76,1.0,4.777854,1
18:01:55.865426,26,-0.053219207,1.063681,0.83187276,-0.20888,23.64,1.0,1.0534843,1
18:01:55.865426,26,-0.06480115,1.080358,1.0286758,-0.27832,123.88,1.0,0.23931272,1
18:01:55.865426,26,-0.102097794,1.0181606,0.8794057,-0.20888,136.0,1.0,2.2923322,1
18:01:55.865426,26,-0.21061012,1.1607496,0.9478239,0.06972,27.119999,1.0,3.855207,1
18:01:55.865426,26,-0.082995296,1.1049054,0.78549093,-0.27832,14.12,1.0,1.2932036,1
18:01:55.865426,26,0.013442261,1.205826,1.3066862,-0.20888,90.0,1.0,5.1141396,1
18:01:55.865426,26,-0.11836247,1.071741,0.9322134,-0.20888,152.87999,1.0,0.6229025,1
18:01:55.865426,26,-0.18081269,1.1643568,1.3880358,0.06972,40.52,1.0,3.1125968,1
18:01:55.865426,26,-0.025660776,1.1508101,1.3382615,-0.20888,126.0,1.0,1.7767373,1
18:01:55.865426,26,0.0,1.0221074,0.8783481,-0.20888,46.239998,1.0,2.9789326,1
18:01:55.865426,26,-0.12822926,1.1610821,0.84320194,-0.20888,12.12,1.0,2.7560616,1
18:01:55.922929,27,-0.15427943,1.2525194,1.2773408,0.06972,208.87999,1.0,1.7238133,1
18:01:55.922929,27,-0.025911445,1.0168836,0.7900219,-0.13916,21.119999,1.0,4.5246882,1
18:01:55.922929,27,-0.25836942,1.0634289,1.5046556,0.13916,26.119999,1.0,3.6645982,1
18:01:55.922929,27,-0.2572382,1.1949115,0.99761,0.20888,9.639999,0.964,3.9803607,1
18:01:55.922929,27,-0.34241965,1.259388,1.518781,-0.13916,58.239998,1.0,4.359366,1
18:01:55.922929,27,-0.14243181,1.1597749,0.8435522,-0.13916,5.7599998,0.576,1.8585114,1
18:01:55.922929,27,-0.09861652,1.1167403,1.4150845,0.06972,30.88,1.0,2.479981,1
18:01:55.922929,27,-0.21841705,1.2464119,1.4223907,0.06972,629.24,1.0,1.0487543,1
18:01:55.922929,27,-0.12160163,1.1236902,0.9874094,-0.13916,91.36,1.0,0.83185875,1
18:01:55.922929,27,-0.055557106,1.2296554,1.2255943,-0.13916,71.76,1.0,6.017844,1
18:01:55.922929,27,-0.31278563,1.2874018,1.4003292,0.13916,70.119995,1.0,3.3568623,1
18:01:55.922929,27,-0.076609105,1.0198867,0.87894315,-0.13916,73.88,1.0,3.3632693,1
18:01:55.922929,27,-0.09494556,1.229441,1.3563066,-0.13916,92.119995,1.0,4.552707,1
18:01:55.922929,27,-0.18591155,1.129594,1.4629574,0.13916,350.0,1.0,0.6122996,1
18:01:55.922929,27,-0.082995296,1.1049054,0.78549093,-0.13916,6.8799996,0.68799996,2.508924,1
18:01:55.922929,27,-0.223611,1.1890864,1.0840971,0.20888,26.359999,1.0,1.4714708,1
18:01:55.922929,27,-0.28691944,1.1913972,1.4889518,0.13916,91.759995,1.0,2.0470526,1
18:01:55.922929,27,-0.22610423,1.2711927,1.3308293,0.13916,181.87999,1.0,1.2692811,1
18:01:55.922929,27,-0.19666462,1.1627165,0.9472968,0.20888,15.88,1.0,2.0888093,1
18:01:55.922929,27,-0.11798735,1.0802075,1.4879135,0.13916,27.519999,1.0,2.3635743,1
18:01:55.922929,27,-0.14340323,1.1926384,1.4343415,-0.13916,166.0,1.0,1.7536125,1
18:01:55.922929,27,-0.09210883,1.073774,0.9316687,-0.13916,82.36,1.0,1.787791,1
18:01:55.922929,27,-0.17881158,1.1573833,1.0349629,0.20888,59.879997,1.0,0.82657003,1
18:01:55.922929,27,-0.27364525,1.2536986,1.4631207,0.06972,196.64,1.0,1.7132692,1
18:01:55.922929,27,-0.053219207,1.063681,0.83187276,-0.13916,26.24,1.0,2.9405484,1
18:01:55.922929,27,-0.22100265,1.1820755,1.4371719,0.13916,584.12,1.0,0.4647847,1
18:01:55.922929,27,-0.15059444,1.1137658,0.8884166,0.20888,30.64,1.0,2.064587,1
18:01:55.922929,27,-0.28545707,1.1319442,1.5140196,-0.13916,36.239998,1.0,2.8966093,1
18:01:55.922929,27,-0.18828899,1.0713296,1.4902923,0.13916,91.88,1.0,1.5108283,1
18:01:55.922929,27,-0.103549294,1.1725994,1.3858271,-0.13916,70.119995,1.0,2.7135582,1
18:01:55.922929,27,-0.02487466,0.97619545,0.8384363,-0.13916,43.36,1.0,5.3188205,1
18:01:55.922929,27,-0.24205844,1.2946966,1.3835491,0.06972,157.64,1.0,1.9530066,1
18:01:55.922929,27,-0.16989544,1.2788438,1.3287791,0.06972,224.12,1.0,2.3489358,1
18:01:55.922929,27,-0.16382934,1.2479353,1.4078017,0.06972,341.24,1.0,2.1211548,1
18:01:55.922929,27,-0.09829576,1.2573993,1.2760332,0.06972,117.759995,1.0,4.592369,1
18:01:55.922929,27,-0.095947966,1.1185293,0.8871402,-0.13916,34.52,1.0,1.5561255,1
18:01:55.922929,27,-0.24759603,1.1244409,1.4772292,0.13916,88.759995,1.0,1.5568006,1
18:01:55.922929,27,-0.32785434,1.2474095,1.4790756,0.13916,71.36,1.0,3.6764648,1
18:01:55.922929,27,-0.1493469,1.2310938,1.3699328,0.06972,251.76,1.0,1.8760036,1
18:01:55.922929,27,-0.26507282,1.1820055,1.0859946,0.20888,19.0,1.0,3.5358503,1
18:01:55.922929,27,-0.27279276,1.178112,1.4517698,0.13916,123.119995,1.0,1.6525121,1
18:01:55.922929,27,-0.04151633,1.1067095,0.78500754,-0.13916,5.7599998,0.576,3.1760375,1
18:01:55.922929,27,-0.16196522,1.1195813,0.9885104,0.20888,75.759995,1.0,1.2760696,1
18:01:55.922929,27,-0.18228497,1.1879191,1.4356061,0.13916,553.76,1.0,0.64230853,1
18:01:55.922929,27,-0.13576503,1.119136,1.4272321,0.06972,72.119995,1.0,1.201644,1
18:01:55.922929,27,-0.038321793,1.0215521,0.8784969,-0.13916,49.76,1.0,3.6833801,1
18:01:55.922929,27,-0.14893042,1.1344458,1.4616573,0.06972,103.759995,1.0,1.1506546,1
18:01:55.922929,27,-0.22359641,1.0704125,1.5027844,0.13916,55.12,1.0,2.1567361,1
18:01:55.974868,28,-0.22966054,1.2137507,1.3605107,0.20888,434.36,1.0,0.6871588,1
18:01:55.974868,28,-0.168716,1.1662459,0.9463511,-0.06972,10.12,1.0,2.168072,1
18:01:55.974868,28,-0.42221665,1.2372239,1.5247198,0.06972,55.76,1.0,4.9608274,1
18:01:55.974868,28,-0.095891714,1.1955217,1.1775793,-0.06972,58.879997,1.0,4.9161563,1
18:01:55.974868,28,-0.3122059,1.2175962,1.1498274,0.34804,12.24,1.0,1.334568,1
18:01:55.974868,28,-0.28274655,1.0726494,1.5390451,0.27832,27.119999,1.0,5.2762117,1
18:01:55.974868,28,-0.3546008,1.2777314,1.4029204,0.20888,97.119995,1.0,3.5169616,1
18:01:55.974868,28,-0.17219932,1.1088903,1.4171878,0.20888,36.64,1.0,2.573174,1
18:01:55.974868,28,-0.18194795,1.194963,1.0825226,0.34804,48.64,1.0,1.0944957,1
18:01:55.974868,28,-0.29973558,1.1885638,1.489711,0.27832,349.36,1.0,0.58987033,1
18:01:55.974868,28,-0.13420092,1.1994041,1.3084068,0.06972,92.64,1.0,3.4731028,1
18:01:55.974868,28,-0.18010047,1.2194053,1.2283407,-0.06972,168.51999,1.0,1.7335932,1
18:01:55.974868,28,-0.11023078,1.1643646,1.0330923,0.13916,28.359999,1.0,3.4446266,1
18:01:55.974868,28,-0.21158472,1.067467,1.4913273,0.20888,26.24,1.0,4.631701,1
18:01:55.974868,28,-0.23386607,1.1798787,1.4377606,0.20888,357.12,1.0,0.39205745,1
18:01:55.974868,28,-0.29584607,1.2585858,1.3342072,0.20888,201.87999,1.0,1.7342049,1
18:01:55.974868,28,-0.34650302,1.1215146,1.5297861,0.06972,36.36,1.0,4.098638,1
18:01:55.974868,28,-0.23776425,1.2411554,1.2803857,0.20888,278.0,1.0,1.2447379,1
18:01:55.974868,28,-0.29918155,1.2314086,1.4264108,0.27832,446.24,1.0,0.99096745,1
18:01:55.974868,28,-0.27197346,1.1194221,1.478574,0.27832,218.64,1.0,1.89803,1
18:01:55.974868,28,-0.25127688,1.1844993,1.0853263,0.34804,31.359999,1.0,0.76685333,1
18:01:55.974868,28,-0.3678927,1.237328,1.4817768,0.06972,124.88,1.0,2.571428,1
18:01:55.974868,28,-0.15511684,1.1676017,1.3871663,0.06972,66.24,1.0,2.2048612,1
18:01:55.974868,28,-0.3904167,1.1847982,1.5453044,0.06972,51.36,1.0,3.5789185,1
18:01:55.974868,28,-0.21047474,1.1257651,1.4639833,0.20888,88.119995,1.0,1.4828621,1
18:01:55.974868,28,-0.39795813,1.2842617,1.4457939,0.20888,57.879997,1.0,5.1776524,1
18:01:55.974868,28,-0.17881158,1.1573833,1.0349629,0.13916,46.0,1.0,1.5940331,1
18:01:55.974868,28,-0.11943719,1.1720054,1.2603925,-0.06972,77.759995,1.0,3.2945015,1
18:01:55.974868,28,-0.22453457,1.158648,0.94838697,0.34804,6.24,0.624,2.3166971,1
18:01:55.974868,28,-0.3511643,1.1810657,1.5053408,0.06972,100.64,1.0,1.9297062,1
18:01:55.974868,28,-0.18758062,1.1931869,1.3100728,-0.06972,211.23999,1.0,1.0243225,1
18:01:55.974868,28,-0.20643623,1.1606162,1.3890381,0.20888,184.12,1.0,0.6391979,1
18:01:55.974868,28,-0.29763415,1.1291281,1.5147742,0.27832,115.52,1.0,1.9754128,1
18:01:55.974868,28,-0.31223306,1.2813087,1.3871363,0.20888,169.64,1.0,3.2062953,1
18:01:55.974868,28,-0.32740933,1.2420856,1.4662324,0.27832,265.52,1.0,1.7428333,1
18:01:55.974868,28,-0.25845844,1.233653,1.4116287,0.27832,603.24,1.0,1.1609706,1
18:01:55.974868,28,-0.25836942,1.0634289,1.5046556,0.27832,32.36,1.0,5.4905944,1
18:01:55.974868,28,-0.27018726,1.226035,1.1475661,0.34804,24.519999,1.0,0.6729834,1
18:01:55.974868,28,-0.25407857,1.2665542,1.3320721,0.27832,278.75998,1.0,2.507923,1
18:01:55.974868,28,-0.19611008,1.2474422,1.2787012,0.27832,200.0,1.0,2.6964383,1
18:01:55.974868,28,-0.2855775,1.1754153,1.4524924,0.27832,481.0,1.0,0.39815432,1
18:01:55.974868,28,-0.4076,1.2260913,1.4847877,0.06972,66.88,1.0,4.09657,1
18:01:55.974868,28,-0.13687171,1.192149,1.178483,-0.06972,97.88,1.0,2.5445719,1
18:01:55.974868,28,-0.19666462,1.1627165,0.9472968,0.34804,9.12,0.912,2.0325618,1
18:01:55.974868,28,-0.20974383,1.1911794,1.0835364,0.34804,48.52,1.0,0.6567581,1
18:01:55.974868,28,-0.15251479,1.2226181,1.2274799,-0.06972,117.119995,1.0,3.0226116,1
18:01:55.974868,28,-0.19703203,1.1110978,1.429386,0.20888,63.76,1.0,2.075586,1
18:01:55.974868,28,-0.1514233,1.1605732,1.0341082,0.13916,41.76,1.0,2.0458255,1
18:01:56.026806,29,-0.3391781,1.2221587,1.4288893,0.41748002,508.75998,1.0,0.31941196,1
18:01:56.026806,29,-0.3608756,1.0816333,0.99867857,0.48720002,41.64,1.0,8.450043,1
18:01:56.026806,29,-0.30382866,1.0475423,1.4966662,0.41748002,19.359999,1.0,6.112014,1
18:01:56.026806,29,-0.45300806,1.1644269,1.5507629,0.41748002,63.359997,1.0,2.6512513,1
18:01:56.026806,29,-0.18942606,1.2198232,1.3588836,0.13916,85.759995,1.0,3.6710298,1
18:01:56.026806,29,-0.4779826,1.2415173,1.4126239,0.48720002,59.12,1.0,3.9709668,1
18:01:56.026806,29,-0.2209265,1.1012948,1.4192231,0.13916,63.359997,1.0,4.0457597,1
18:01:56.026806,29,-0.37053213,1.1145884,1.5316421,0.41748002,85.759995,1.0,2.1021738,1
18:01:56.026806,29,-0.28424707,1.2870704,1.3855925,0.13916,166.36,1.0,3.313426,1
18:01:56.026806,29,-0.3554818,1.1741886,1.0031627,0.48720002,12.24,1.0,3.014907,1
18:01:56.026806,29,-0.42018485,1.216801,1.4730074,0.41748002,154.76,1.0,1.3776585,1
18:01:56.026806,29,-0.25952145,1.1751127,1.4390376,0.13916,244.0,1.0,1.0080394,1
18:01:56.026806,29,-0.49876264,1.195437,1.4930015,0.41748002,55.36,1.0,4.4654336,1
18:01:56.026806,29,-0.39539716,1.2607969,1.3926324,0.41748002,136.52,1.0,1.8667243,1
18:01:56.026806,29,-0.33799905,1.1793231,1.492187,0.41748002,559.0,1.0,0.17886804,1
18:01:56.026806,29,-0.2836201,1.1114429,1.4678209,0.41748002,187.64,1.0,2.1837733,1
18:01:56.026806,29,-0.24010341,1.268941,1.3314326,0.13916,108.52,1.0,3.2673676,1
18:01:56.026806,29,-0.23153055,1.238386,1.4103605,0.13916,145.64,1.0,2.683547,1
18:01:56.026806,29,-0.20643623,1.1606162,1.3890381,0.13916,102.52,1.0,2.696056,1
18:01:56.026806,29,-0.40162385,1.1665211,1.5092381,0.41748002,155.51999,1.0,1.0504968,1
18:01:56.026806,29,-0.34009415,1.2750075,1.3888247,0.41748002,208.0,1.0,2.0218787,1
18:01:56.026806,29,-0.2852829,1.2284007,1.4130361,0.13916,329.24,1.0,0.9026684,1
18:01:56.026806,29,-0.40770537,1.1170628,1.5699914,0.41748002,43.12,1.0,2.7255733,1
18:01:56.026806,29,-0.3218978,1.1231437,1.5163777,0.41748002,209.23999,1.0,1.458946,1
18:01:56.026806,29,-0.36739334,1.2320179,1.46893,0.41748002,392.0,1.0,0.741601,1
18:01:56.026806,29,-0.31106007,1.169652,1.4540367,0.41748002,587.12,1.0,0.26748574,1
18:01:56.026806,29,-0.45144084,1.1500388,1.5136545,0.41748002,77.52,1.0,2.976053,1
18:01:56.026806,29,-0.42356518,1.2589362,1.4079565,0.48720002,98.119995,1.0,2.4457855,1
18:01:56.026806,29,-0.44694045,1.213709,1.4881055,0.41748002,99.119995,1.0,2.180664,1
18:01:56.026806,29,-0.37595835,1.1689779,1.494959,0.41748002,267.36,1.0,0.54390585,1
18:01:56.026806,29,-0.45086408,1.2504896,1.4102198,0.48720002,82.759995,1.0,3.0571334,1
18:01:56.026806,29,-0.36781922,1.2681693,1.390657,0.41748002,179.64,1.0,1.799853,1
18:01:56.026806,29,-0.31223306,1.2813087,1.3871363,0.41748002,201.23999,1.0,2.527996,1
18:01:56.026806,29,-0.26802835,1.2640326,1.3327478,0.13916,145.87999,1.0,2.2389095,1
18:01:56.026806,29,-0.30833262,1.1110134,1.4808271,0.41748002,224.76,1.0,1.9801892,1
18:01:56.026806,29,-0.47294614,1.2048233,1.4904865,0.41748002,80.759995,1.0,3.1752906,1
18:01:56.026806,29,-0.39386788,1.2246644,1.4709004,0.41748002,249.64,1.0,0.9181486,1
18:01:56.026806,29,-0.31254542,1.2284541,1.4272025,0.41748002,465.36,1.0,0.5753277,1
18:01:56.026806,29,-0.25845844,1.233653,1.4116287,0.13916,217.12,1.0,1.6606997,1
18:01:56.026806,29,-0.21627022,1.2159044,1.3599336,0.13916,121.0,1.0,2.4053335,1
18:01:56.026806,29,-0.42661765,1.1585206,1.5113819,0.41748002,96.24,1.0,1.8729498,1
18:01:56.026806,29,-0.28507304,1.1698523,1.4404471,0.41748002,401.75998,1.0,0.53386045,1
18:01:56.026806,29,-0.2319772,1.1563812,1.3901727,0.13916,153.51999,1.0,1.8443241,1
18:01:56.026806,29,-0.394413,1.1071993,1.5336219,0.41748002,53.36,1.0,2.8954601,1
18:01:56.026806,29,-0.34603268,1.1166917,1.5181065,0.41748002,141.52,1.0,1.7601551,1
18:01:56.026806,29,-0.2593388,1.1166878,1.4664156,0.41748002,122.759995,1.0,2.393108,1
18:01:56.026806,29,-0.2451624,1.0967925,1.4204295,0.41748002,97.52,1.0,3.5854893,1
18:01:56.026806,29,-0.40985152,1.2629613,1.406878,0.41748002,116.119995,1.0,2.2520237,1
18:01:56.083450,30,-0.41934803,1.2564081,1.2594647,0.55664,137.76,1.0,1.3627313,1
18:01:56.083450,30,-0.32212028,1.0760679,-0.12375214,0.34804,17.64,1.0,10.449366,1
18:01:56.083450,30,-0.45541206,1.104733,1.5863271,0.55664,22.24,1.0,5.234205,1
18:01:56.083450,30,-0.23336262,1.1494197,1.0370967,0.13916,56.0,1.0,4.2965574,1
18:01:56.083450,30,-0.47831434,1.2324096,1.0226984,0.62636,14.0,1.0,2.2191315,1
18:01:56.083450,30,-0.29333034,1.0863882,1.4232173,0.55664,24.519999,1.0,4.8131695,1
18:01:56.083450,30,-0.49378026,1.2541021,1.4538752,0.55664,87.24,1.0,2.5874496,1
18:01:56.083450,30,-0.26034892,1.1481819,0.05186983,0.34804,5.24,0.524,9.885527,1
18:01:56.083450,30,-0.24872544,1.2090477,1.231116,0.55664,69.64,1.0,3.9029434,1
18:01:56.083450,30,-0.35244417,1.2188184,1.4297843,0.55664,308.36,1.0,0.6364223,1
18:01:56.083450,30,-0.52498,1.210766,1.1298203,0.62636,24.64,1.0,3.388451,1
18:01:56.083450,30,-0.35804883,1.1132913,1.5190177,0.55664,64.52,1.0,2.8619046,1
18:01:56.083450,30,-0.32615155,1.2145131,1.1506535,0.55664,145.36,1.0,1.1566265,1
18:01:56.083450,30,-0.30971125,1.2556612,1.3349909,0.55664,161.23999,1.0,2.846236,1
18:01:56.083450,30,-0.50780576,1.2580267,1.3200672,0.34804,50.0,1.0,3.1995394,1
18:01:56.083450,30,-0.5138622,1.2103486,1.5462568,0.55664,47.52,1.0,3.1592376,1
18:01:56.083450,30,-0.42461753,1.1553468,1.0082114,0.20888,26.0,1.0,0.79757565,1
18:01:56.083450,30,-0.41557917,1.1770127,1.5473906,0.55664,140.12,1.0,0.890431,1
18:01:56.083450,30,-0.42281693,1.2528933,1.3947502,0.55664,230.12,1.0,1.1395656,1
18:01:56.083450,30,-0.40113807,1.0585989,-0.11907134,0.34804,22.64,1.0,11.02886,1
18:01:56.083450,30,-0.42075598,1.2220906,1.4858596,0.55664,251.23999,1.0,0.55222654,1
18:01:56.083450,30,-0.37269562,1.2371923,1.2042238,0.55664,177.64,1.0,0.89035165,1
18:01:56.083450,30,-0.27011147,1.149106,1.3921221,0.34804,36.64,1.0,2.8848464,1
18:01:56.083450,30,-0.27884224,1.1793785,1.0866984,0.55664,91.52,1.0,2.1992183,1
18:01:56.083450,30,-0.3599473,1.0380898,-0.06544627,0.34804,12.36,1.0,11.069726,1
18:01:56.083450,30,-0.4895546,1.1850402,1.0754533,0.62636,29.0,1.0,2.0318596,1
18:01:56.083450,30,-0.32318342,1.1610386,1.4428087,0.55664,109.0,1.0,1.239596,1
18:01:56.083450,30,-0.26968834,1.2065151,1.3624495,0.34804,56.64,1.0,2.8289018,1
18:01:56.083450,30,-0.36334115,1.1725484,1.4940023,0.55664,285.63998,1.0,0.6563614,1
18:01:56.083450,30,-0.27920446,1.2336645,1.2823929,0.55664,103.36,1.0,3.1682465,1
18:01:56.083450,30,-0.47819167,1.1599915,1.5656352,0.55664,42.12,1.0,2.9342654,1
18:01:56.083450,30,-0.48905775,1.2344671,1.2653438,0.34804,59.0,1.0,2.034221,1
18:01:56.083450,30,-0.46156308,1.2244179,1.5281512,0.55664,97.52,1.0,1.3317847,1
18:01:56.083450,30,-0.36484843,1.242628,1.3384831,0.55664,355.0,1.0,1.0068084,1
18:01:56.083450,30,-0.33183268,1.0995518,1.4710072,0.55664,47.239998,1.0,3.5733004,1
18:01:56.083450,30,-0.40629488,1.1033322,1.5346581,0.55664,43.64,1.0,3.827107,1
18:01:56.083450,30,-0.5348595,1.2446929,1.4713148,0.55664,47.36,1.0,4.0799847,1
18:01:56.083450,30,-0.46444654,1.246069,1.4114043,0.55664,140.0,1.0,1.563014,1
18:01:56.083450,30,-0.38064966,1.2284051,1.4698981,0.55664,473.75998,1.0,0.5559992,1
18:01:56.083450,30,-0.3119933,1.2226312,1.414582,0.55664,118.88,1.0,1.623561,1
18:01:56.083450,30,-0.38162726,1.2645497,1.3916268,0.55664,367.52,1.0,1.6336318,1
18:01:56.083450,30,-0.40162385,1.1665211,1.5092381,0.55664,199.64,1.0,0.83823466,1
18:01:56.083450,30,-0.41958773,1.1130673,1.571062,0.55664,34.76,1.0,3.6589174,1
18:01:56.083450,30,-0.45991206,1.1849947,1.0602983,0.62636,29.359999,1.0,1.1204964,1
18:01:56.083450,30,-0.35383514,1.0695385,-0.12200259,0.34804,19.76,1.0,10.340471,1
18:01:56.083450,30,-0.4969823,1.2206377,1.1271752,0.62636,27.88,1.0,2.3003464,1
18:01:56.083450,30,-0.44736752,1.248036,1.2617081,0.55664,99.64,1.0,1.362272,1
18:01:56.083450,30,-0.34904748,1.1600871,1.4565996,0.55664,217.0,1.0,0.8929437,1
18:01:56.140450,31,-0.4517688,1.2765667,1.3150994,0.6958,314.63998,1.0,1.1635277,1
18:01:56.140450,31,-0.47584593,1.0693201,-0.1702647,0.06972,11.36,1.0,9.496137,1
18:01:56.140450,31,-0.6688245,1.2070879,1.5412451,0.34804,66.0,1.0,4.000927,1
18:01:56.140450,31,-0.7053204,1.2657038,1.2233062,0.76552004,15.12,1.0,4.5877404,1
18:01:56.140450,31,-0.44987506,1.0617666,1.4811317,0.6958,37.64,1.0,2.2390442,1
18:01:56.140450,31,-0.4245337,0.9913116,-0.0045914645,0.06972,10.639999,1.0,8.18249,1
18:01:56.140450,31,-0.59617007,1.2584826,1.3969998,0.55664,113.759995,1.0,1.1903849,1
18:01:56.140450,31,-0.54609287,1.239072,1.1843691,0.6958,31.24,1.0,0.48733047,1
18:01:56.140450,31,-0.30669394,1.2280049,1.2839093,0.41748002,81.0,1.0,4.3870754,1
18:01:56.140450,31,-0.43328097,1.212679,1.4741119,0.6958,454.52,1.0,0.6062384,1
18:01:56.140450,31,-0.53921276,1.1354179,1.5722197,0.6958,56.64,1.0,1.7476037,1
18:01:56.140450,31,-0.61999583,1.326348,1.122358,0.76552004,6.24,0.624,2.7887316,1
18:01:56.140450,31,-0.5265334,0.9909471,-0.052814443,0.06972,13.24,1.0,9.898873,1
18:01:56.140450,31,-0.38162726,1.2645497,1.3916268,0.6958,213.0,1.0,2.4403853,1
18:01:56.140450,31,-0.3599473,1.0380898,-0.06544627,0.06972,12.639999,1.0,9.037477,1
18:01:56.140450,31,-0.36100298,1.1511247,1.4454652,0.48720002,43.12,1.0,1.7225436,1
18:01:56.140450,31,-0.5348595,1.2446929,1.4713148,0.6958,541.0,1.0,0.42966223,1
18:01:56.140450,31,-0.36638656,1.3002821,1.3087448,0.6958,138.23999,1.0,4.0658083,1
18:01:56.140450,31,-0.6229034,1.2421465,1.2464522,0.76552004,29.0,1.0,1.776167,1
18:01:56.140450,31,-0.34898,1.1885821,1.3672546,0.41748002,79.119995,1.0,2.1240819,1
18:01:56.140450,31,-0.51194054,1.2843642,1.3745946,0.6958,306.88,1.0,0.7380422,1
18:01:56.140450,31,-0.4760835,1.1410794,1.5160551,0.6958,338.12,1.0,0.7713831,1
18:01:56.140450,31,-0.65472615,1.2532097,1.1612298,0.76552004,19.76,1.0,2.7961595,1
18:01:56.140450,31,-0.60258836,1.172589,1.5563744,0.41748002,64.64,1.0,2.3923428,1
18:01:56.140450,31,-0.45086408,1.2504896,1.4102198,0.6958,590.12,1.0,0.69009626,1
18:01:56.140450,31,-0.39987636,1.0562365,1.4312963,0.6958,30.88,1.0,2.2540305,1
18:01:56.140450,31,-0.60320574,1.2328672,1.5193499,0.6958,145.12,1.0,1.5523384,1
18:01:56.140450,31,-0.53897476,1.1954159,1.5359223,0.6958,251.64,1.0,0.70786464,1
18:01:56.140450,31,-0.45148194,1.0145693,-0.059143987,0.06972,17.359999,1.0,8.468453,1
18:01:56.140450,31,-0.33432832,1.2782545,1.2536111,0.6958,96.759995,1.0,4.68908,1
18:01:56.140450,31,-0.3373473,1.2494109,1.3366656,0.41748002,114.88,1.0,3.6112828,1
18:01:56.140450,31,-0.39133322,1.2022443,1.4200447,0.6958,164.0,1.0,1.1921107,1
18:01:56.140450,31,-0.41357931,1.1575375,1.4980245,0.6958,155.23999,1.0,0.8689264,1
18:01:56.140450,31,-0.46363983,1.0418905,-0.114594325,0.06972,15.5199995,1.0,8.872424,1
18:01:56.140450,31,-0.5971137,1.2773966,1.1547489,0.76552004,19.359999,1.0,1.5382389,1
18:01:56.140450,31,-0.49876264,1.195437,1.4930015,0.6958,785.0,1.0,0.28560668,1
18:01:56.140450,31,-0.47604463,1.0729741,1.5298207,0.6958,31.64,1.0,2.3075333,1
18:01:56.140450,31,-0.40589726,1.0269927,-0.062472824,0.06972,16.119999,1.0,8.447696,1
18:01:56.140450,31,-0.587982,1.2229984,1.4771278,0.6958,183.12,1.0,1.179249,1
18:01:56.140450,31,-0.49378026,1.2541021,1.4538752,0.6958,944.88,1.0,0.41161564,1
18:01:56.140450,31,-0.6370457,1.2406133,1.4017879,0.55664,81.64,1.0,2.2115812,1
18:01:56.140450,31,-0.4696425,1.2985873,1.3707834,0.6958,340.75998,1.0,1.3565063,1
18:01:56.140450,31,-0.5537779,1.268922,1.3787322,0.6958,193.23999,1.0,0.6644916,1
18:01:56.140450,31,-0.5022733,1.1459699,1.5557085,0.6958,158.0,1.0,0.99272776,1
18:01:56.140450,31,-0.43125454,1.1961018,1.4358712,0.6958,312.24,1.0,0.48892567,1
18:01:56.140450,31,-0.41164503,1.141714,1.4615227,0.6958,106.119995,1.0,0.88479346,1
18:01:56.140450,31,-0.62998855,1.2259076,1.5362023,0.6958,95.36,1.0,2.3616936,1
18:01:56.140450,31,-0.42281693,1.2528933,1.3947502,0.6958,452.36,1.0,1.1800038,1
18:01:56.198893,32,-0.6530337,1.2550083,-0.019511027,1.25244,13.639999,1.0,4.392251,1
18:01:56.198893,32,-0.41103175,1.0575618,1.3104087,0.76552004,31.24,1.0,2.7997599,1
18:01:56.198893,32,-0.3155403,1.072105,0.79427975,0.55664,41.12,1.0,4.3866878,1
18:01:56.198893,32,-0.5447772,1.4924239,-0.42264044,0.6958,16.76,1.0,8.870163,1
18:01:56.198893,32,-0.47042632,1.1126629,-0.3736853,0.76552004,6.64,0.664,4.900159,1
18:01:56.198893,32,-0.48754317,1.2791808,1.0896515,0.6958,64.76,1.0,3.9163876,1
18:01:56.198893,32,-0.70263636,1.3173078,-0.27167737,0.83496004,70.52,1.0,5.7638445,1
18:01:56.198893,32,-0.50753635,1.1858089,0.88191533,0.6958,5.64,0.564,1.683898,1
18:01:56.198893,32,-0.38688046,1.0744103,1.0006139,0.55664,139.23999,1.0,1.6910895,1
18:01:56.198893,32,-0.4763873,1.3050687,-0.42976028,0.83496004,449.75998,1.0,3.9772573,1
18:01:56.198893,32,-0.5782015,1.2281764,-0.30355743,0.83496004,158.64,1.0,1.5380127,1
18:01:56.198893,32,-0.39910316,1.10662,1.1450427,0.83496004,125.88,1.0,1.603039,1
18:01:56.198893,32,-0.49710688,1.1993593,1.2143611,0.48720002,655.76,1.0,3.487845,1
18:01:56.198893,32,-0.6397564,1.1142988,-0.030038603,0.20888,10.0,1.0,10.207769,1
18:01:56.198893,32,-0.69830793,1.385531,0.0028741793,0.62636,9.12,0.912,6.1680574,1
18:01:56.198893,32,-0.62903166,1.4085766,-0.34496647,0.83496004,89.759995,1.0,2.6206174,1
18:01:56.198893,32,-0.39512724,1.1595274,0.8112108,0.55664,15.639999,1.0,1.3832585,1
18:01:56.198893,32,-0.3659036,1.0737686,0.8991338,0.55664,123.88,1.0,2.0715218,1
18:01:56.198893,32,-0.45586124,1.1972407,0.96968865,0.6958,93.24,1.0,1.2893356,1
18:01:56.198893,32,-0.5575451,1.3563763,-0.39011976,0.83496004,633.12,1.0,1.8140502,1
18:01:56.198893,32,-0.49501494,1.2907715,1.2334232,0.6958,352.24,1.0,5.5623064,1
18:01:56.198893,32,-0.5811094,1.143993,-0.34133872,0.83496004,31.76,1.0,4.8681216,1
18:01:56.198893,32,-0.43494806,1.1915455,-0.39237696,0.76552004,54.0,1.0,4.7662296,1
18:01:56.198893,32,-0.6804002,1.2454642,-0.31736043,0.83496004,81.52,1.0,6.1883836,1
18:01:56.198893,32,-0.5110677,1.2433076,-0.35759905,0.83496004,634.64,1.0,1.4956101,1
18:01:56.198893,32,-0.40004528,1.0862483,1.2286961,0.83496004,63.359997,1.0,1.9723866,1
18:01:56.198893,32,-0.5858588,1.2774357,-0.3738594,0.83496004,317.88,1.0,1.0785325,1
18:01:56.198893,32,-0.5950957,1.4899268,-0.3587695,0.6958,11.5199995,1.0,6.3879614,1
18:01:56.198893,32,-0.53854614,1.2993388,1.1488695,0.6958,20.76,1.0,5.979766,1
18:01:56.198893,32,-0.35497552,1.0181372,0.84407616,0.55664,105.119995,1.0,3.3798394,1
18:01:56.198893,32,-0.6764632,1.4003853,-0.283001,0.83496004,53.36,1.0,3.7993622,1
18:01:56.198893,32,-0.6441511,1.3334942,-0.33116347,0.83496004,152.12,1.0,2.1656191,1
18:01:56.198893,32,-0.43519273,1.2085788,0.87581414,0.6958,15.12,1.0,1.2889197,1
18:01:56.198893,32,-0.3391291,1.127161,0.85229105,0.55664,47.36,1.0,3.3290687,1
18:01:56.198893,32,-0.45721114,1.1229558,1.1970233,0.76552004,338.0,1.0,2.3444293,1
18:01:56.198893,32,-0.43389913,1.1009895,1.0500735,0.55664,263.12,1.0,1.5261037,1
18:01:56.198893,32,-0.46068376,1.2682549,1.1765496,0.6958,324.63998,1.0,4.175617,1
18:01:56.198893,32,-0.5524113,1.4242429,-0.4063801,0.6958,246.36,1.0,4.41332,1
18:01:56.198893,32,-0.40796655,1.1091163,0.8571261,0.55664,83.0,1.0,1.0498986,1
18:01:56.198893,32,-0.42993337,1.1111463,0.961115,0.55664,246.36,1.0,1.1294615,1
18:01:56.198893,32,-0.37657496,1.0237737,0.9450663,0.55664,115.24,1.0,2.786203,1
18:01:56.198893,32,-0.51722294,1.1582059,-0.39237696,0.76552004,128.52,1.0,3.1228418,1
18:01:56.198893,32,-0.46385708,1.2369599,1.0214791,0.6958,81.759995,1.0,2.243395,1
18:01:56.198893,32,-0.5107001,1.3567914,-0.44845194,0.62636,757.24,1.0,3.7261322,1
18:01:56.198893,32,-0.46358576,1.1763399,1.1608819,0.62636,422.88,1.0,2.151131,1
18:01:56.198893,32,-0.63886213,1.1977434,-0.30355743,0.83496004,58.0,1.0,5.282126,1
18:01:56.198893,32,-0.4331553,1.1598577,0.91840726,0.55664,96.24,1.0,0.8626355,1
18:01:56.198893,32,-0.44316202,1.1037208,1.2786894,0.55664,138.0,1.0,2.6291192,1
18:01:56.249900,33,-0.5238179,1.28093,1.2360603,0.76552004,182.36,1.0,1.7791494,1
18:01:56.249900,33,-0.38249978,1.0552452,0.79879737,0.76552004,57.12,1.0,7.49676,1
18:01:56.249900,33,-0.7514571,1.275626,1.4460491,0.76552004,56.64,1.0,4.9265704,1
18:01:56.249900,33,-0.5114653,1.0483373,1.3657191,0.83496004,22.64,1.0,5.370866,1
18:01:56.249900,33,-0.5320418,1.2236955,0.9354108,0.76552004,21.0,1.0,0.48772258,1
18:01:56.249900,33,-0.6094149,1.182985,1.4134821,0.90468,210.23999,1.0,1.2610716,1
18:01:56.249900,33,-0.5969157,1.2962244,1.0633339,0.76552004,5.24,0.524,0.9607397,1
18:01:56.249900,33,-0.4392961,1.1942902,0.7693598,0.6958,7.64,0.764,2.8181505,1
18:01:56.249900,33,-0.44643253,1.2191118,1.3447843,0.6958,41.879997,1.0,2.716623,1
18:01:56.249900,33,-0.60562766,1.3103888,1.3558981,0.76552004,293.63998,1.0,2.1380715,1
18:01:56.249900,33,-0.44713613,1.1556062,0.9195465,0.76552004,90.119995,1.0,2.1071773,1
18:01:56.249900,33,-0.63886213,1.0783648,1.3967873,0.90468,34.88,1.0,7.624998,1
18:01:56.249900,33,-0.5114367,1.2347592,0.83914363,0.6958,7.12,0.712,1.1365428,1
18:01:56.249900,33,-0.49088332,1.1439185,1.3792222,0.6958,95.36,1.0,1.280359,1
18:01:56.249900,33,-0.5493052,1.2427092,1.3241714,0.90468,276.24,1.0,0.55389696,1
18:01:56.249900,33,-0.50708395,1.222891,1.0252489,0.76552004,104.24,1.0,0.5247379,1
18:01:56.249900,33,-0.63951904,1.3284129,1.2726274,0.76552004,36.64,1.0,2.3767052,1
18:01:56.249900,33,-0.5532725,1.2940657,1.1502825,0.76552004,84.24,1.0,1.3964502,1
18:01:56.249900,33,-0.42161715,1.1051097,0.8581997,0.76552004,73.0,1.0,4.1706443,1
18:01:56.249900,33,-0.565891,1.1132864,1.3874301,0.90468,179.64,1.0,2.7003653,1
18:01:56.249900,33,-0.68053085,1.2392612,1.4487143,0.76552004,91.0,1.0,2.3859344,1
18:01:56.249900,33,-0.6776603,1.2858448,1.3785899,0.76552004,154.36,1.0,2.1425765,1
18:01:56.249900,33,-0.38083073,1.1632751,0.8102066,0.55664,20.359999,1.0,4.596758,1
18:01:56.249900,33,-0.5709256,1.2538518,0.9921562,0.76552004,8.639999,0.86399996,0.34157994,1
18:01:56.249900,33,-0.6040225,1.3099873,1.2114403,0.76552004,51.239998,1.0,1.5471964,1
18:01:56.249900,33,-0.5168679,1.2694786,1.0922512,0.76552004,101.52,1.0,1.2256523,1
18:01:56.249900,33,-0.6733502,1.1520021,1.4217839,0.90468,44.36,1.0,4.5949664,1
18:01:56.249900,33,-0.489353,1.259078,1.1790085,0.76552004,105.88,1.0,1.7932191,1
18:01:56.249900,33,-0.5657059,1.1750878,1.3565805,0.90468,503.63998,1.0,0.64088583,1
18:01:56.249900,33,-0.48423037,1.1881598,0.9721219,0.76552004,102.759995,1.0,0.9443045,1
18:01:56.249900,33,-0.44744727,1.193172,0.86422676,0.76552004,40.52,1.0,2.1059182,1
18:01:56.249900,33,-0.44900298,1.2417926,0.82096106,0.6958,8.12,0.812,2.8688395,1
18:01:56.249900,33,-0.5434358,1.3052824,1.293115,0.76552004,217.36,1.0,2.5921414,1
18:01:56.249900,33,-0.5951169,1.2522745,1.3831929,0.76552004,441.63998,1.0,0.7365144,1
18:01:56.249900,33,-0.47988322,1.2675673,1.3175107,0.76552004,60.239998,1.0,3.017467,1
18:01:56.249900,33,-0.50753635,1.1858089,0.88191533,0.76552004,39.76,1.0,1.108536,1
18:01:56.249900,33,-0.437774,1.1474588,0.8144446,0.76552004,34.64,1.0,2.9991977,1
18:01:56.249900,33,-0.5132042,1.1959336,1.3509948,0.6958,191.0,1.0,0.59099835,1
18:01:56.249900,33,-0.6505453,1.2343947,1.4034541,0.90468,170.76,1.0,1.4325566,1
18:01:56.249900,33,-0.43987978,1.161902,1.3744036,0.6958,29.359999,1.0,2.1786222,1
18:01:56.249900,33,-0.69490486,1.297694,1.4239198,0.76552004,124.88,1.0,2.911375,1
18:01:56.249900,33,-0.5864976,1.2889097,1.2975022,0.76552004,300.0,1.0,1.2426605,1
18:01:56.249900,33,-0.528625,1.1291459,1.3831805,0.90468,194.51999,1.0,1.5646967,1
18:01:56.249900,33,-0.6026477,1.0963542,1.3919669,0.90468,62.0,1.0,4.712651,1
18:01:56.249900,33,-0.64832205,1.292219,1.3607668,0.76552004,229.36,1.0,1.6953552,1
18:01:56.249900,33,-0.57451475,1.3213716,1.20839,0.76552004,72.64,1.0,2.336269,1
18:01:56.249900,33,-0.48147368,1.2443503,0.83657366,0.6958,8.0,0.79999995,1.8666925,1
18:01:56.249900,33,-0.7228156,1.2839994,1.4275893,0.76552004,82.64,1.0,3.6418016,1
18:01:56.304161,34,-0.6157787,1.2110091,1.1918885,0.90468,214.64,1.0,0.3593425,1
18:01:56.304161,34,-0.5389427,1.0949254,0.7176332,0.83496004,13.88,1.0,7.2070804,1
18:01:56.304161,34,-0.7143554,1.2017063,0.91400564,1.04384,7.24,0.724,1.9450288,1
18:01:56.304161,34,-0.67956245,1.0277536,1.3544005,0.97412,28.359999,1.0,3.4235833,1
18:01:56.304161,34,-0.7832196,1.2596425,1.2910542,1.04384,78.64,1.0,3.1867182,1
18:01:56.304161,34,-0.5356508,1.2128186,1.0279478,1.04384,80.52,1.0,1.6689091,1
18:01:56.304161,34,-0.52347505,1.103393,1.3341329,0.97412,27.76,1.0,2.7422886,1
18:01:56.304161,34,-0.65620166,1.2720127,1.0698214,0.90468,52.76,1.0,1.2310882,1
18:01:56.304161,34,-0.69017136,1.1488781,1.2882774,0.97412,215.76,1.0,0.4587978,1
18:01:56.304161,34,-0.5904869,1.0927763,0.8290967,0.83496004,60.359997,1.0,4.6955724,1
18:01:56.304161,34,-0.7323491,1.314207,1.1935424,0.90468,23.0,1.0,3.4880967,1
18:01:56.304161,34,-0.6042233,1.196251,0.9427645,0.76552004,68.119995,1.0,1.06034,1
18:01:56.304161,34,-0.64356786,1.1845211,0.85260487,1.04384,9.88,0.988,2.044151,1
18:01:56.304161,34,-0.57108074,1.2037375,1.2735778,0.90468,100.52,1.0,1.2599857,1
18:01:56.304161,34,-0.6928206,1.114255,1.3728806,0.83496004,68.64,1.0,1.1919153,1
18:01:56.304161,34,-0.5748854,1.2483847,1.0979033,0.90468,121.88,1.0,1.3378558,1
18:01:56.304161,34,-0.55553424,1.1558324,0.7796646,0.76552004,14.759999,1.0,3.9717212,1
18:01:56.304161,34,-0.59860367,1.1314256,1.3097878,0.97412,213.64,1.0,0.8211788,1
18:01:56.304161,34,-0.6623015,1.2855206,1.2179962,0.90468,321.88,1.0,2.038293,1
18:01:56.304161,34,-0.67818445,1.217008,1.253188,0.97412,391.52,1.0,0.53643245,1
18:01:56.304161,34,-0.6946048,1.2945962,1.1308658,0.90468,35.239998,1.0,2.1077695,1
18:01:56.304161,34,-0.6087917,1.0650984,1.344394,0.97412,65.52,1.0,2.073932,1
18:01:56.304161,34,-0.54609287,1.239072,1.1843691,0.90468,85.88,1.0,1.9606608,1
18:01:56.304161,34,-0.7477046,1.2446494,1.2289476,0.97412,122.759995,1.0,1.7360954,1
18:01:56.304161,34,-0.779861,1.1963724,1.3222975,1.04384,88.52,1.0,2.1885662,1
18:01:56.304161,34,-0.61161,1.2715589,1.1563132,0.90468,237.76,1.0,1.5636514,1
18:01:56.304161,34,-0.6293323,1.2306614,0.99837005,0.34804,71.36,1.0,0.7183928,1
18:01:56.304161,34,-0.5212815,1.1638871,1.3010896,1.04384,32.76,1.0,2.2929995,1
18:01:56.304161,34,-0.62642485,1.1272843,0.787314,0.83496004,12.36,1.0,4.1803956,1
18:01:56.304161,34,-0.537732,1.1843644,1.2183789,0.90468,60.52,1.0,1.502024,1
18:01:56.304161,34,-0.53305906,1.0507199,0.7648138,0.83496004,37.36,1.0,8.414337,1
18:01:56.304161,34,-0.73584193,1.155672,1.3474929,0.97412,86.119995,1.0,1.2647597,1
18:01:56.304161,34,-0.6614048,1.1009924,1.3179423,0.97412,138.0,1.0,0.9986727,1
18:01:56.304161,34,-0.6229034,1.2421465,1.2464522,0.90468,272.63998,1.0,1.102395,1
18:01:56.304161,34,-0.7323805,1.1897544,1.2604907,0.97412,179.76,1.0,0.87498206,1
18:01:56.304161,34,-0.62463886,1.180635,1.2797681,0.97412,334.75998,1.0,0.36755845,1
18:01:56.304161,34,-0.7053204,1.2657038,1.2233062,0.97412,246.23999,1.0,1.6215842,1
18:01:56.304161,34,-0.6865056,1.1652484,0.857769,1.04384,8.88,0.88799995,2.6211398,1
18:01:56.304161,34,-0.65472615,1.2532097,1.1612298,0.90468,318.24,1.0,0.85280895,1
18:01:56.304161,34,-0.5494695,1.1092942,0.82467073,0.83496004,43.879997,1.0,4.5660944,1
18:01:56.304161,34,-0.5601947,1.1482166,1.3052886,0.90468,75.24,1.0,1.3302583,1
18:01:56.304161,34,-0.56037796,1.087688,1.3383411,0.97412,51.0,1.0,2.1642327,1
18:01:56.304161,34,-0.64446706,1.0469387,1.3492599,0.97412,43.0,1.0,2.523943,1
18:01:56.304161,34,-0.76176375,1.2997745,1.1974095,0.97412,15.639999,1.0,3.4636712,1
18:01:56.304161,34,-0.5459859,1.2592119,1.0950022,0.90468,98.36,1.0,2.17576,1
18:01:56.304161,34,-0.7530866,1.21118,1.3183297,1.04384,140.12,1.0,1.7044978,1
18:01:56.304161,34,-0.59824663,1.1391141,0.7841442,0.83496004,15.12,1.0,3.9131205,1
18:01:56.304161,34,-0.7054236,1.203643,1.2567692,0.97412,293.75998,1.0,0.5915616,1
18:01:56.353294,35,-0.67042744,1.1861582,1.1985472,1.11328,52.64,1.0,1.5541811,1
18:01:56.353294,35,-0.5798684,1.3120991,0.7591094,0.97412,7.24,0.724,5.2795053,1
18:01:56.353294,35,-0.6973993,1.2566993,0.966498,1.11328,75.88,1.0,1.1905915,1
18:01:56.353294,35,-0.8522221,1.2201414,1.3016386,0.90468,49.879997,1.0,5.3120275,1
18:01:56.353294,35,-0.8291223,1.0596837,1.1703027,1.04384,34.36,1.0,8.919579,1
18:01:56.353294,35,-0.72459036,1.3524896,1.2519425,0.90468,137.0,1.0,3.2297971,1
18:01:56.353294,35,-0.5926585,1.1539181,0.89046043,1.11328,50.239998,1.0,3.3219662,1
18:01:56.353294,35,-0.76591426,1.3210294,1.104432,0.90468,40.12,1.0,3.5285497,1
18:01:56.353294,35,-0.67377156,1.0945439,1.3196701,1.11328,6.52,0.652,6.5566425,1
18:01:56.353294,35,-0.66656214,1.2268434,0.8116091,0.97412,19.52,1.0,2.9427068,1
18:01:56.353294,35,-0.6414749,1.27828,1.068142,1.11328,87.759995,1.0,1.5218972,1
18:01:56.353294,35,-0.76343024,1.1376634,1.2115414,1.04384,87.119995,1.0,1.8904953,1
18:01:56.353294,35,-0.76917857,1.2671402,1.2890453,0.90468,113.0,1.0,1.4017085,1
18:01:56.353294,35,-0.7665192,1.1066538,1.2995913,0.97412,34.12,1.0,3.2277908,1
18:01:56.353294,35,-0.64140093,1.234452,0.9052314,1.11328,63.359997,1.0,1.2244753,1
18:01:56.353294,35,-0.67265296,1.3413532,1.1862686,0.90468,120.52,1.0,3.179786,1
18:01:56.353294,35,-0.7098659,1.2586465,0.8714513,0.97412,14.639999,1.0,3.5886652,1
18:01:56.353294,35,-0.65420085,1.3221647,1.2743015,0.90468,50.52,1.0,5.033367,1
18:01:56.353294,35,-0.6293323,1.2306614,0.99837005,1.11328,73.0,1.0,1.1813164,1
18:01:56.353294,35,-0.5707372,1.2138504,0.8447461,1.11328,29.76,1.0,3.713659,1
18:01:56.353294,35,-0.68227726,1.1194849,1.2357633,1.04384,41.64,1.0,3.2432327,1
18:01:56.353294,35,-0.7409101,1.2916815,1.042714,0.90468,59.239998,1.0,2.298799,1
18:01:56.353294,35,-0.6649592,1.307729,1.1273469,1.11328,104.24,1.0,1.7871234,1
18:01:56.353294,35,-0.6042233,1.196251,0.9427645,1.11328,60.52,1.0,2.188334,1
18:01:56.353294,35,-0.78399545,1.3233421,1.2597526,0.90468,96.36,1.0,3.1872854,1
18:01:56.353294,35,-0.7122595,1.2957631,1.2813758,0.90468,103.119995,1.0,1.9040608,1
18:01:56.353294,35,-0.5911293,1.2572206,0.80346954,0.97412,18.52,1.0,3.303609,1
18:01:56.353294,35,-0.62912464,1.1906677,0.8509579,1.11328,53.239998,1.0,1.9652557,1
18:01:56.353294,35,-0.81492436,1.1071678,1.2197126,1.04384,43.36,1.0,5.1951747,1
18:01:56.353294,35,-0.7328834,1.0921425,1.2430897,1.04384,44.52,1.0,3.213675,1
18:01:56.353294,35,-0.6853778,1.2152271,0.91038275,1.11328,77.119995,1.0,1.4712924,1
18:01:56.353294,35,-0.81106526,1.2442424,1.2951807,0.90468,73.0,1.0,2.677683,1
18:01:56.353294,35,-0.7240036,1.1592163,1.2057663,1.11328,100.0,1.0,0.87338704,1
18:01:56.353294,35,-0.64360183,1.1386969,1.2306155,1.04384,30.76,1.0,4.726026,1
18:01:56.353294,35,-0.75444376,1.3382027,1.2557707,0.90468,112.119995,1.0,2.8681555,1
18:01:56.353294,35,-0.70264155,1.3280684,1.1898282,0.90468,139.64,1.0,2.051594,1
18:01:56.353294,35,-0.6214904,1.2455072,0.80660814,0.97412,20.0,1.0,2.6252594,1
18:01:56.353294,35,-0.68336684,1.3092443,1.2777635,0.90468,74.24,1.0,3.1332061,1
18:01:56.353294,35,-0.6000509,1.2025411,0.8477764,1.11328,36.0,1.0,2.4985664,1
18:01:56.353294,35,-0.6432317,1.1988477,1.1951472,0.90468,32.52,1.0,2.7971706,1
18:01:56.353294,35,-0.7893352,1.1226643,1.2155603,1.04384,70.119995,1.0,3.2703764,1
18:01:56.353294,35,-0.7077219,1.1060581,1.239361,1.04384,48.239998,1.0,2.955322,1
18:01:56.353294,35,-0.7558271,1.2844527,1.0446509,0.90468,49.0,1.0,2.8682766,1
18:01:56.353294,35,-0.6947522,1.2654303,0.8696336,0.97412,17.359999,1.0,3.0247898,1
18:01:56.353294,35,-0.73955405,1.3454182,1.2538372,0.90468,126.759995,1.0,2.9628825,1
18:01:56.353294,35,-0.7986544,1.3156984,1.2618006,0.90468,81.64,1.0,3.5970778,1
18:01:56.353294,35,-0.6876816,1.3347832,1.1880289,0.90468,133.52,1.0,2.528024,1
18:01:56.353294,35,-0.71217793,1.2498915,0.96832216,0.90468,69.0,1.0,1.5329447,1
18:01:56.407913,36,-0.8132335,1.3079135,1.2638867,1.04384,417.0,1.0,0.29210997,1
18:01:56.407913,36,-0.7777923,1.391574,0.9722735,1.04384,6.64,0.664,4.9644165,1
18:01:56.407913,36,-0.89092976,1.1580443,1.3967187,0.13916,25.76,1.0,3.6250858,1
18:01:56.407913,36,-0.68959814,1.3561847,1.0950122,1.04384,54.0,1.0,2.8525517,1
18:01:56.407913,36,-0.68485653,1.2459109,1.3090236,1.04384,24.359999,1.0,4.815212,1
18:01:56.407913,36,-0.83389074,1.3881173,1.1400702,1.11328,20.64,1.0,2.5521455,1
18:01:56.407913,36,-0.95431525,1.2224762,1.2867795,1.11328,48.36,1.0,4.5012226,1
18:01:56.407913,36,-0.7740603,1.1337935,1.3533553,1.04384,28.359999,1.0,5.073461,1
18:01:56.407913,36,-0.7323491,1.314207,1.1935424,1.04384,89.88,1.0,1.0388205,1
18:01:56.407913,36,-0.917668,1.3138415,1.2480084,1.11328,61.76,1.0,2.8210976,1
18:01:56.407913,36,-0.8522221,1.2201414,1.3016386,4.10536,174.12,1.0,0.94340116,1
18:01:56.407913,36,-0.68901247,1.3730091,0.9990852,1.11328,23.519999,1.0,4.302667,1
18:01:56.407913,36,-0.7776237,1.375816,1.070401,1.11328,37.36,1.0,2.220247,1
18:01:56.407913,36,-0.7665121,1.2038409,1.3202963,1.04384,117.24,1.0,2.1397822,1
18:01:56.407913,36,-0.8261066,1.1995162,1.3856064,1.04384,86.0,1.0,2.066592,1
18:01:56.407913,36,-0.7550606,1.2745017,1.2870728,1.04384,81.64,1.0,1.1227458,1
18:01:56.407913,36,-0.8957424,1.3546989,1.1490246,1.11328,8.5199995,0.852,3.6899986,1
18:01:56.407913,36,-0.73955405,1.3454182,1.2538372,1.04384,122.24,1.0,2.072104,1
18:01:56.407913,36,-0.82017815,1.3323818,1.1718384,1.04384,283.88,1.0,0.6512694,1
18:01:56.407913,36,-0.8584014,1.348157,1.2388135,0.97412,154.64,1.0,1.554722,1
18:01:56.407913,36,-0.8989498,1.2582834,1.277185,1.11328,109.36,1.0,1.5928895,1
18:01:56.407913,36,-0.697848,1.3025734,1.2795509,1.04384,32.88,1.0,3.4466,1
18:01:56.407913,36,-0.75948507,1.3629028,1.1636604,1.04384,169.51999,1.0,1.2490594,1
18:01:56.407913,36,-0.9265782,1.2043808,1.3725798,4.10536,33.52,1.0,3.1804738,1
18:01:56.407913,36,-0.9190945,1.1773585,1.3131022,4.10536,43.36,1.0,3.7847984,1
18:01:56.407913,36,-0.81943434,1.1731986,1.3285068,4.10536,118.0,1.0,2.2924776,1
18:01:56.407913,36,-0.73019487,1.3976642,1.0645468,1.11328,31.76,1.0,3.0225084,1
18:01:56.407913,36,-0.73560697,1.3355335,1.1005456,1.04384,122.88,1.0,1.4354429,1
18:01:56.407913,36,-0.6876816,1.3347832,1.1880289,1.04384,53.52,1.0,2.8703275,1
18:01:56.407913,36,-0.81106526,1.2442424,1.2951807,4.10536,289.24,1.0,0.420186,1
18:01:56.407913,36,-0.726011,1.2254674,1.3145014,1.04384,43.12,1.0,3.03843,1
18:01:56.407913,36,-0.94675654,1.2958319,1.252834,1.11328,38.12,1.0,4.090213,1
18:01:56.407913,36,-0.7899896,1.3479354,1.1676708,1.04384,297.36,1.0,0.73127604,1
18:01:56.407913,36,-0.8421463,1.2919232,1.2681712,1.04384,310.88,1.0,0.31289807,1
18:01:56.407913,36,-0.9268179,1.2406472,1.2819105,1.11328,61.76,1.0,2.8452778,1
18:01:56.407913,36,-0.78399545,1.3233421,1.2597526,1.04384,245.76,1.0,0.68849593,1
18:01:56.407913,36,-0.8707222,1.2753776,1.2726046,0.20888,219.0,1.0,0.7476103,1
18:01:56.407913,36,-0.87923616,1.2034162,1.30612,4.10536,81.0,1.0,1.7865539,1
18:01:56.407913,36,-0.72659963,1.2888138,1.2832378,1.04384,58.0,1.0,2.0806377,1
18:01:56.407913,36,-0.7832196,1.2596425,1.2910542,1.04384,178.12,1.0,0.5702068,1
18:01:56.407913,36,-0.86525875,1.1750084,1.3921733,1.04384,44.64,1.0,2.7192984,1
18:01:56.407913,36,-0.84948266,1.3799871,1.1422486,1.11328,15.24,1.0,2.668611,1
18:01:56.407913,36,-0.88041,1.3632771,1.1467261,1.11328,11.36,1.0,3.2380283,1
18:01:56.407913,36,-0.8182155,1.3960963,1.1379322,1.11328,27.0,1.0,2.548484,1
18:01:56.407913,36,-0.79327995,1.368229,1.072434,1.11328,33.239998,1.0,2.1819515,1
18:01:56.407913,36,-0.7460796,1.3905343,1.0664573,1.11328,35.76,1.0,2.640076,1
18:01:56.407913,36,-0.76188976,1.3832513,1.0684087,1.11328,38.12,1.0,2.372804,1
18:01:56.407913,36,-0.7048305,1.3662772,1.000889,1.11328,27.519999,1.0,3.8650296,1
18:01:56.463275,37,-0.8056807,1.4173208,1.3101699,0.90468,133.0,1.0,1.3201467,1
18:01:56.463275,37,-0.74632496,1.0178299,0.25975665,1.11328,7.3599997,0.736,6.5663786,1
18:01:56.463275,37,-1.0056199,1.3278198,1.6265398,1.04384,34.0,1.0,4.0861254,1
18:01:56.463275,37,-0.77874124,1.0500149,0.53964686,1.1830001,5.52,0.552,3.5908513,1
18:01:56.463275,37,-0.8261066,1.1995162,1.3856064,1.04384,17.359999,1.0,5.168674,1
18:01:56.463275,37,-0.98447245,1.4362034,1.4256687,0.90468,57.0,1.0,4.459048,1
18:01:56.463275,37,-0.7547119,1.4264871,1.1297891,0.83496004,54.879997,1.0,3.8269296,1
18:01:56.463275,37,-0.8135649,1.3342607,1.4895132,1.04384,68.0,1.0,2.6234577,1
18:01:56.463275,37,-0.8464899,0.9195573,0.32926604,0.97412,6.12,0.612,9.21622,1
18:01:56.463275,37,-0.92000073,1.3643403,1.546102,1.04384,132.23999,1.0,0.85232097,1
18:01:56.463275,37,-0.8752077,1.4307559,1.4336656,1.11328,265.24,1.0,0.5909514,1
18:01:56.463275,37,-0.7517373,1.3353757,1.4046856,1.04384,21.64,1.0,4.6277328,1
18:01:56.463275,37,-0.82176286,1.4949749,1.1708939,0.83496004,17.359999,1.0,5.67764,1
18:01:56.463275,37,-0.7557999,0.9297625,0.36970887,1.1830001,9.76,0.97599995,6.6443157,1
18:01:56.463275,37,-0.8863156,1.4643103,1.3427614,0.83496004,120.759995,1.0,2.3830225,1
18:01:56.463275,37,-0.75143886,1.4026037,1.2242246,0.83496004,65.0,1.0,2.9127166,1
18:01:56.463275,37,-1.027292,1.367037,1.5421069,1.11328,49.64,1.0,4.8978786,1
18:01:56.463275,37,-0.95402807,1.2695432,1.5747627,1.04384,24.64,1.0,3.8319376,1
18:01:56.463275,37,-0.88356453,1.2932696,1.5004966,1.04384,76.0,1.0,1.9276255,1
18:01:56.463275,37,-0.6823055,1.0082659,0.30549663,0.97412,9.12,0.912,6.5040903,1
18:01:56.463275,37,-0.81506723,1.4014242,1.4656546,1.04384,94.24,1.0,1.3618021,1
18:01:56.463275,37,-0.9365266,1.4017037,1.4596944,1.11328,161.76,1.0,1.1605334,1
18:01:56.463275,37,-0.81695133,1.4685216,1.2666806,0.83496004,94.88,1.0,2.891579,1
18:01:56.463275,37,-0.7965796,1.3852729,1.3997257,1.04384,69.88,1.0,1.5748763,1
18:01:56.463275,37,-0.9502604,1.4355849,1.3692673,0.90468,81.119995,1.0,3.3727694,1
18:01:56.463275,37,-0.96892697,1.4056062,1.5317723,1.11328,97.119995,1.0,2.0070162,1
18:01:56.463275,37,-0.8998254,1.3053616,1.5651652,1.04384,57.36,1.0,2.315959,1
18:01:56.463275,37,-0.7657757,0.9662911,0.31674373,0.97412,9.24,0.92399997,6.2147546,1
18:01:56.463275,37,-0.84154165,1.4285477,1.3796417,0.90468,214.76,1.0,0.8002709,1
18:01:56.463275,37,-0.7782873,1.452718,1.1965065,0.83496004,66.36,1.0,3.550922,1
18:01:56.463275,37,-0.8821703,1.4430869,1.2921877,0.83496004,124.88,1.0,2.2267556,1
18:01:56.463275,37,-0.7957913,1.3190491,1.4259253,1.04384,50.52,1.0,2.792384,1
18:01:56.463275,37,-0.8765333,1.390372,1.5391269,1.04384,203.87999,1.0,0.59684706,1
18:01:56.463275,37,-0.96264017,1.3370609,1.5534116,1.11328,55.0,1.0,2.0366395,1
18:01:56.463275,37,-0.85945284,1.3771604,1.4721562,1.04384,202.12,1.0,0.44876564,1
18:01:56.463275,37,-0.72436655,0.98788327,0.31095815,0.97412,10.12,1.0,5.9326515,1
18:01:56.463275,37,-0.80649567,0.943509,0.3228482,0.97412,7.7599998,0.77599996,7.3195724,1
18:01:56.463275,37,-0.77320194,1.4254061,1.2899566,0.90468,81.24,1.0,2.4209795,1
18:01:56.463275,37,-0.7655131,1.3940157,1.3798717,1.04384,41.0,1.0,2.8119211,1
18:01:56.463275,37,-0.91782665,1.4468831,1.3474311,0.83496004,109.88,1.0,2.6492631,1
18:01:56.463275,37,-0.84895146,1.4524297,1.2709925,0.83496004,120.64,1.0,2.2986298,1
18:01:56.463275,37,-0.9983092,1.3866035,1.536864,1.11328,61.0,1.0,3.2501137,1
18:01:56.463275,37,-0.92711216,1.2877142,1.5698937,1.04384,32.0,1.0,2.8790088,1
18:01:56.463275,37,-0.85582,1.3100713,1.4959947,1.04384,98.119995,1.0,1.8975155,1
18:01:56.463275,37,-0.8912984,1.4281888,1.4525977,1.11328,245.51999,1.0,0.6008638,1
18:01:56.463275,37,-0.8249742,1.4300312,1.361084,0.90468,171.12,1.0,1.0710918,1
18:01:56.463275,37,-0.7671803,1.3341469,1.4218799,1.04384,28.119999,1.0,3.9512508,1
18:01:56.463275,37,-0.9657118,1.4263314,1.3717469,0.90468,68.119995,1.0,3.8830974,1
18:01:56.515051,38,-0.8071104,1.5120236,1.3487858,0.76552004,43.76,1.0,2.5969594,1
18:01:56.515051,38,-0.8451336,1.519181,1.2413834,0.76552004,53.64,1.0,1.3741003,1
18:01:56.515051,38,-0.8233603,1.504149,1.3508958,0.76552004,52.76,1.0,1.7383654,1
18:01:56.515051,38,-0.8984392,1.2180098,0.75466496,0.83496004,20.0,1.0,4.145543,1
18:01:56.515051,38,-0.8141561,1.469381,1.4415604,1.04384,37.36,1.0,1.7288518,1
18:01:56.515051,38,-0.83952785,1.4961177,1.3530476,0.76552004,63.0,1.0,1.0600257,1
18:01:56.515051,38,-0.8839259,1.5322195,1.3154278,0.76552004,66.0,1.0,0.64280903,1
18:01:56.515051,38,-0.828454,1.5272639,1.2392176,0.76552004,46.12,1.0,2.1466875,1
18:01:56.515051,38,-0.86325365,1.518601,1.2608755,0.76552004,60.76,1.0,0.8501801,1
18:01:56.515051,38,-0.7733191,1.5204412,1.3277212,0.76552004,36.239998,1.0,4.7705355,1
18:01:56.515051,38,-0.7840736,1.050984,0.37699547,0.34804,11.12,1.0,10.259817,1
18:01:56.515051,38,-0.80165297,1.1691519,0.5564012,0.83496004,11.24,1.0,5.4579725,1
18:01:56.515051,38,-0.8541321,1.1516681,0.3982683,1.6004801,7.52,0.752,6.5572987,1
18:01:56.515051,38,-0.8536594,1.2177937,0.36121586,1.6004801,5.52,0.552,5.2229853,1
18:01:56.515051,38,-0.7834221,1.2337478,0.33822823,1.6004801,5.8799996,0.588,6.3981466,1
18:01:56.515051,38,-0.8376125,1.225962,0.35902718,1.6004801,5.8799996,0.588,5.1486015,1
18:01:56.515051,38,-0.7996007,1.2261024,0.3402768,1.6004801,6.0,0.59999996,5.9299927,1
18:01:56.515051,38,-0.8585817,1.5074515,1.406578,0.76552004,73.52,1.0,0.72789055,1
18:01:56.515051,38,-0.8116916,1.5351852,1.2370951,0.76552004,39.239998,1.0,3.1084445,1
18:01:56.515051,38,-0.82975364,1.4614414,1.4436878,1.04384,44.239998,1.0,1.1407031,1
18:01:56.515051,38,-0.98817885,1.4654471,1.5124652,1.04384,50.0,1.0,3.0270927,1
18:01:56.515051,38,-0.8754691,1.505279,1.4260561,0.76552004,82.36,1.0,0.44353768,1
18:01:56.515051,38,-0.9016772,1.53063,1.3353115,0.76552004,68.24,1.0,0.47397438,1
18:01:56.515051,38,-0.9204394,1.2443999,1.4459275,1.04384,7.3599997,0.736,6.294753,1
18:01:56.515051,38,-0.97009087,1.4256396,1.5996743,1.04384,47.52,1.0,3.3757384,1
18:01:56.515051,38,-0.92110586,1.3836688,1.6115752,1.04384,25.76,1.0,2.6107674,1
18:01:56.515051,38,-0.9552359,1.4349383,1.5971828,1.04384,54.76,1.0,2.5232568,1
18:01:56.515051,38,-0.97271276,1.4749174,1.5099276,1.04384,59.52,1.0,2.1684859,1
18:01:56.515051,38,-0.90901184,1.44189,1.52205,1.04384,66.119995,1.0,0.8051976,1
18:01:56.515051,38,-0.9414903,1.4934078,1.5049732,1.04384,69.88,1.0,0.9786671,1
18:01:56.515051,38,-0.9873945,1.5114828,1.4185084,0.76552004,47.0,1.0,2.2369702,1
18:01:56.515051,38,-0.94014436,1.4392946,1.5776907,1.04384,61.359997,1.0,1.8086435,1
18:01:56.515051,38,-0.9252275,1.4968477,1.4850985,1.04384,79.36,1.0,0.59631664,1
18:01:56.515051,38,-0.95408005,1.523859,1.3956443,0.76552004,54.52,1.0,1.034237,1
18:01:56.515051,38,-0.8785028,1.4591566,1.5174235,1.04384,64.76,1.0,0.52526855,1
18:01:56.515051,38,-0.90734255,1.4880577,1.4306705,0.76552004,85.88,1.0,0.27779627,1
18:01:56.515051,38,-0.93450487,1.5128933,1.340064,0.76552004,61.52,1.0,0.5488124,1
18:01:56.515051,38,-0.8631158,1.467568,1.5151696,1.04384,59.12,1.0,0.63797647,1
18:01:56.515051,38,-0.8914504,1.4967453,1.4283427,0.76552004,87.0,1.0,0.2711452,1
18:01:56.515051,38,-0.91813695,1.5218409,1.3376665,0.76552004,66.52,1.0,0.41720003,1
18:01:56.515051,38,-0.8471759,1.4704307,1.4961034,1.04384,51.76,1.0,0.8609393,1
18:01:56.515051,38,-0.893802,1.4505969,1.519717,1.04384,67.36,1.0,0.5812575,1
18:01:56.515051,38,-0.8914504,1.4967453,1.4283427,0.76552004,87.0,1.0,0.2711452,1
18:01:56.515051,38,-0.9204394,1.2443999,1.4459275,1.04384,7.3599997,0.736,6.294753,1
18:01:56.515051,38,-0.80165297,1.1691519,0.5564012,0.83496004,11.24,1.0,5.4579725,1
18:01:56.515051,38,-0.82975364,1.4614414,1.4436878,1.04384,44.239998,1.0,1.1407031,1
18:01:56.515051,38,-0.8541321,1.1516681,0.3982683,1.6004801,7.52,0.752,6.5572987,1
18:01:56.515051,38,-0.8451336,1.519181,1.2413834,0.76552004,53.64,1.0,1.3741003,1
18:01:56.578494,39,-0.99142575,1.5067726,-0.7670148,0.90468,208.87999,1.0,0.31626835,1
18:01:56.578494,39,-1.1134825,1.1886356,-1.5901625,1.11328,9.5199995,0.95199996,11.128204,1
18:01:56.578494,39,-0.9697183,1.7750574,-1.296466,1.11328,7.0,0.7,6.499059,1
18:01:56.578494,39,-0.94601583,1.3604865,-1.1608925,0.97412,19.88,1.0,2.206552,1
18:01:56.578494,39,-1.0510786,1.2242147,-0.55711895,2.43544,17.76,1.0,2.8261855,1
18:01:56.578494,39,-0.85782295,1.6887413,-0.5038779,0.90468,29.359999,1.0,6.173764,1
18:01:56.578494,39,-0.8505059,1.327374,-0.6546506,0.97412,18.359999,1.0,4.8636575,1
18:01:56.578494,39,-0.9105227,1.5540131,-1.2858309,1.46132,7.12,0.712,3.0863197,1
18:01:56.578494,39,-1.0821887,1.451493,-0.5654173,0.90468,103.759995,1.0,2.4832616,1
18:01:56.578494,39,-1.0611925,1.3710073,-1.5708183,2.85292,10.639999,1.0,6.169569,1
18:01:56.578494,39,-0.8806927,1.6511292,-0.76921624,0.97412,17.359999,1.0,3.4625616,1
18:01:56.578494,39,-1.0438313,1.7413743,-1.1624511,2.85292,11.24,1.0,6.308446,1
18:01:56.578494,39,-0.87160945,1.4795889,-0.64252347,0.90468,38.12,1.0,2.5583172,1
18:01:56.578494,39,-0.8662623,1.536542,-0.854534,0.90468,38.64,1.0,2.6332324,1
18:01:56.578494,39,-1.0453165,1.3664953,-1.0646809,0.97412,6.8799996,0.68799996,1.2701339,1
18:01:56.578494,39,-0.991124,1.339963,-0.59662217,0.90468,152.0,1.0,0.81168073,1
18:01:56.578494,39,-1.1339697,1.3398982,-0.5296302,0.90468,37.52,1.0,4.526606,1
18:01:56.578494,39,-0.9990258,1.4755354,-0.6499259,0.90468,738.63995,1.0,0.45555785,1
18:01:56.578494,39,-1.0224613,1.5606084,-1.3039896,1.11328,11.88,1.0,2.6847017,1
18:01:56.578494,39,-1.0126563,1.6893666,-1.2624692,1.11328,11.639999,1.0,4.478202,1
18:01:56.578494,39,-0.90246934,1.3948514,-0.61132956,0.90468,46.879997,1.0,1.856015,1
18:01:56.578494,39,-0.98447245,1.4362034,-0.5743312,0.90468,309.36,1.0,0.56505036,1
18:01:56.578494,39,-0.92199177,1.2845625,-0.6431793,0.97412,44.879997,1.0,2.5964618,1
18:01:56.578494,39,-1.0529065,1.3247968,-0.51969844,0.90468,48.64,1.0,1.790738,1
18:01:56.578494,39,-0.86731005,1.5406774,-0.6868385,0.90468,35.239998,1.0,2.7865126,1
18:01:56.578494,39,-0.9095329,1.7470496,-1.2624692,1.11328,7.8799996,0.788,5.800846,1
18:01:56.578494,39,-0.982123,1.2671713,-0.5861404,0.90468,43.36,1.0,1.8262594,1
18:01:56.578494,39,-1.0860542,1.5211881,-0.5899774,0.90468,33.64,1.0,3.3283885,1
18:01:56.578494,39,-1.0650634,1.5044793,-0.66617,0.90468,46.36,1.0,1.9521072,1
18:01:56.578494,39,-0.9043927,1.6168386,-1.3225813,1.11328,7.64,0.764,4.002301,1
18:01:56.578494,39,-0.9870531,1.5065639,-1.2858309,1.46132,6.64,0.664,1.9154817,1
18:01:56.578494,39,-1.0610163,1.392914,-0.54383576,0.90468,138.36,1.0,1.6651132,1
18:01:56.578494,39,-1.1582228,1.3973799,-0.55091774,0.90468,28.119999,1.0,5.9181566,1
18:01:56.578494,39,-0.9502604,1.4355849,-0.6307326,0.90468,140.52,1.0,0.5603961,1
18:01:56.578494,39,-1.0144436,1.5274323,-0.692427,0.90468,152.64,1.0,0.93561643,1
18:01:56.578494,39,-0.9683256,1.5793792,-1.3225813,1.11328,10.0,1.0,2.704112,1
18:01:56.578494,39,-1.0184337,1.4857479,-0.59414387,0.90468,568.36,1.0,0.9757655,1
18:01:56.578494,39,-0.91813695,1.5218409,-0.6623334,0.90468,94.24,1.0,1.249686,1
18:01:56.578494,39,-0.94136864,1.5347787,-0.774519,0.90468,112.64,1.0,0.7084787,1
18:01:56.578494,39,-0.91702557,1.5107023,-0.84761024,0.90468,75.759995,1.0,0.94203734,1
18:01:56.578494,39,-0.8971597,1.387194,-1.1680487,0.97412,19.0,1.0,3.3615117,1
18:01:56.578494,39,-0.8557405,1.4137962,-0.6345659,0.90468,27.0,1.0,3.5322373,1
18:01:56.578494,39,-1.0948513,1.2936759,-0.51135963,0.90468,27.88,1.0,3.1818504,1
18:01:56.578494,39,-0.9472229,1.3680495,-0.604148,0.90468,122.24,1.0,0.98136437,1
18:01:56.578494,39,-0.94041634,1.2950288,-0.5936048,0.90468,51.76,1.0,2.022388,1
18:01:56.578494,39,-0.9820879,1.3530105,-1.1394765,0.97412,15.88,1.0,1.6087369,1
18:01:56.578494,39,-1.0159594,1.4230094,-0.5518998,0.90468,306.52,1.0,0.8273804,1
18:01:56.578494,39,-1.095595,1.3501737,-1.5652359,1.11328,9.76,0.97599995,7.1368537,1
18:01:56.631610,40,-1.053959,1.5741171,-0.09479799,0.90468,142.12,1.0,0.037138768,1
18:01:56.631610,40,-0.9618128,1.6327124,1.2909814,0.83496004,58.359997,1.0,10.8643055,1
18:01:56.631610,40,-1.2047673,1.8388666,-1.1167043,0.90468,5.24,0.524,8.609611,1
18:01:56.631610,40,-1.1255776,1.4219953,0.5220739,0.90468,6.8799996,0.68799996,4.246554,1
18:01:56.631610,40,-1.0448738,1.6665998,-0.6958208,2.7832,10.76,1.0,2.301411,1
18:01:56.631610,40,-1.259248,1.3206223,-0.18304822,0.06972,8.76,0.876,10.578174,1
18:01:56.631610,40,-0.9793703,1.7508806,-0.26228228,0.83496004,76.64,1.0,3.1817338,1
18:01:56.631610,40,-1.0241102,1.3470881,-0.046517283,0.13916,7.8799996,0.788,6.355625,1
18:01:56.631610,40,-1.1001612,1.4557083,0.34154215,0.90468,5.12,0.51199996,2.1937053,1
18:01:56.631610,40,-1.1834736,1.4461559,-0.060958005,0.20888,16.24,1.0,3.412238,1
18:01:56.631610,40,-1.2288523,1.6854032,-1.0595275,1.1830001,5.3599997,0.536,5.409984,1
18:01:56.631610,40,-0.9356347,1.4923605,-0.17673011,0.90468,28.519999,1.0,4.5069327,1
18:01:56.631610,40,-1.1043019,1.6855236,-0.18184678,0.90468,70.64,1.0,1.2309864,1
18:01:56.631610,40,-0.92220265,1.6486784,-0.17047714,0.83496004,32.36,1.0,3.2319908,1
18:01:56.631610,40,-1.1704446,1.5720291,-0.019599674,0.90468,48.52,1.0,1.9168354,1
18:01:56.631610,40,-1.1863188,1.4987326,0.44231835,0.90468,5.52,0.552,5.249133,1
18:01:56.631610,40,-1.0387125,1.4246216,-0.1591075,0.90468,29.359999,1.0,3.3020232,1
18:01:56.631610,40,-0.90149814,1.6204998,1.190789,0.83496004,27.76,1.0,9.106667,1
18:01:56.631610,40,-1.0064472,1.6790081,-0.097959176,0.90468,140.0,1.0,1.1025677,1
18:01:56.631610,40,-1.1741103,1.6446217,-0.10112036,0.90468,31.76,1.0,2.4899206,1
18:01:56.631610,40,-1.1430815,1.744714,-1.0595275,0.90468,7.52,0.752,4.7942705,1
18:01:56.631610,40,-1.0935894,1.4688047,-0.09163681,0.90468,47.52,1.0,1.3965408,1
18:01:56.631610,40,-1.0956266,1.4783615,0.45531347,0.90468,6.12,0.612,2.350197,1
18:01:56.631610,40,-1.1042569,1.3479803,-0.08690398,0.20888,15.0,1.0,5.6275945,1
18:01:56.631610,40,-0.9721774,1.550647,-0.10994401,0.90468,57.64,1.0,1.6163435,1
18:01:56.631610,40,-1.0709321,1.5653771,-0.018967185,0.90468,121.36,1.0,0.06209917,1
18:01:56.631610,40,-1.2270781,1.7556803,-1.0880593,0.90468,7.24,0.724,6.598527,1
18:01:56.631610,40,-1.1095538,1.4595468,-0.018334694,0.90468,37.0,1.0,1.6372046,1
18:01:56.631610,40,-0.9868352,1.6842576,-0.17616196,0.83496004,103.119995,1.0,1.556525,1
18:01:56.631610,40,-0.92314404,1.5755543,-0.16479233,0.83496004,34.52,1.0,3.4086177,1
18:01:56.631610,40,-1.0727845,1.637418,-0.097959176,0.90468,194.64,1.0,0.29503152,1
18:01:56.631610,40,-0.95767206,1.6344842,-0.09479799,0.83496004,54.64,1.0,1.6766927,1
18:01:56.631610,40,-1.0339782,1.5113617,-0.09163681,0.90468,89.88,1.0,0.82469577,1
18:01:56.631610,40,-1.1326739,1.5212991,-0.018967185,0.90468,53.879997,1.0,1.0245967,1
18:01:56.631610,40,-1.1738634,1.7916971,-1.0880593,0.90468,8.5199995,0.852,6.301074,1
18:01:56.631610,40,-1.155888,1.4602879,0.48227513,0.90468,8.36,0.83599997,4.453389,1
18:01:56.631610,40,-1.0532469,1.7178893,-0.18184678,0.90468,124.88,1.0,1.5607724,1
18:01:56.631610,40,-1.0314481,1.720716,-0.26228228,0.90468,118.119995,1.0,1.6683292,1
18:01:56.631610,40,-0.93587095,1.7131003,-0.17616196,0.83496004,43.76,1.0,3.437347,1
18:01:56.631610,40,-1.1777964,1.4866395,-0.018967185,0.90468,32.36,1.0,2.573067,1
18:01:56.631610,40,-1.0062683,1.6050229,-0.09479799,0.90468,96.88,1.0,0.4771562,1
18:01:56.631610,40,-0.98091197,1.4650193,-0.1591075,0.90468,35.64,1.0,3.410513,1
18:01:56.631610,40,-1.1431733,1.50633,0.41758147,0.90468,5.64,0.564,3.2548769,1
18:01:56.631610,40,-1.2619439,1.7307892,-1.0880593,0.90468,5.52,0.552,7.2755184,1
18:01:56.631610,40,-1.0902336,1.4433991,0.5163388,0.90468,5.7599998,0.576,3.0239508,1
18:01:56.631610,40,-1.1949008,1.7096416,-1.0595275,0.90468,7.0,0.7,4.8825264,1
18:01:56.631610,40,-1.1409853,1.6677735,-0.10112036,0.90468,40.76,1.0,1.8721974,1
18:01:56.631610,40,-1.138772,1.5951221,-0.019599674,0.90468,86.0,1.0,1.1026082,1
18:01:56.685973,41,-1.086173,1.662691,1.3603363,0.97412,71.119995,1.0,1.5364008,1
18:01:56.685973,41,-1.1637771,1.5747666,0.023827545,0.06972,12.0,1.0,7.9577785,1
18:01:56.685973,41,-1.2688589,1.4575629,0.5725848,1.53076,5.0,0.5,4.028715,1
18:01:56.685973,41,-1.1385181,1.5354977,1.01641,0.97412,8.36,0.83599997,0.35790783,1
18:01:56.685973,41,-1.2165849,1.4984913,1.6593456,0.97412,40.64,1.0,2.4784737,1
18:01:56.685973,41,-1.0461015,1.4030907,1.4534374,0.97412,39.76,1.0,3.5766015,1
18:01:56.685973,41,-1.2139586,1.4960409,0.26566243,1.46132,6.12,0.612,5.3453536,1
18:01:56.685973,41,-1.0740732,1.5784515,1.5567641,0.97412,94.64,1.0,0.5038053,1
18:01:56.685973,41,-1.1302687,1.5322999,0.43332404,4.24452,5.8799996,0.588,3.6649032,1
18:01:56.685973,41,-1.2291892,1.6230205,1.5435122,0.97412,32.0,1.0,4.4197364,1
18:01:56.685973,41,-0.9736751,1.6932466,1.2662728,0.97412,31.519999,1.0,2.9805965,1
18:01:56.685973,41,-0.972668,1.615561,1.4656969,1.04384,42.12,1.0,1.8797852,1
18:01:56.685973,41,-1.110859,1.5031607,0.113685854,0.06972,6.0,0.59999996,7.6372766,1
18:01:56.685973,41,-1.259383,1.451479,0.45497993,1.53076,8.36,0.83599997,4.6531434,1
18:01:56.685973,41,-1.1593965,1.6455985,1.451103,0.97412,56.12,1.0,2.4211946,1
18:01:56.685973,41,-1.1326739,1.4645531,1.587938,0.97412,61.0,1.0,1.1155387,1
18:01:56.685973,41,-1.1339697,1.3398982,1.4703698,0.97412,22.88,1.0,4.5152225,1
18:01:56.685973,41,-0.9660719,1.6610612,1.3666583,0.97412,56.52,1.0,2.465473,1
18:01:56.685973,41,-1.053959,1.4959449,1.5010207,0.97412,76.64,1.0,0.9495331,1
18:01:56.685973,41,-0.96906435,1.4456383,1.4231406,0.97412,23.88,1.0,4.7024407,1
18:01:56.685973,41,-1.0772243,1.5710523,0.06015857,0.20888,10.76,1.0,8.504201,1
18:01:56.685973,41,-1.155888,1.4602879,0.48227513,1.53076,5.52,0.552,3.8539317,1
18:01:56.685973,41,-1.0733794,1.6275575,1.4592098,0.97412,137.87999,1.0,0.85866696,1
18:01:56.685973,41,-1.197706,1.5488383,0.39923704,1.32216,8.639999,0.86399996,4.0497465,1
18:01:56.685973,41,-1.2655232,1.5207396,0.5283595,1.53076,7.64,0.764,4.1914563,1
18:01:56.685973,41,-1.1926036,1.4196261,1.5999761,0.97412,31.24,1.0,2.3931515,1
18:01:56.685973,41,-1.1423558,1.6076442,1.5482872,0.97412,96.0,1.0,1.4334055,1
18:01:56.685973,41,-1.0709321,1.5071292,1.5765297,1.04384,83.119995,1.0,0.7408803,1
18:01:56.685973,41,-1.138772,1.5356969,1.5682201,0.97412,84.52,1.0,0.6535428,1
18:01:56.685973,41,-0.97396874,1.5449258,1.4878963,1.04384,34.36,1.0,2.1184616,1
18:01:56.685973,41,-1.3204398,1.483269,0.5383997,1.53076,6.0,0.59999996,5.6613503,1
18:01:56.685973,41,-1.2082154,1.5622286,1.5604563,0.97412,51.239998,1.0,2.2984123,1
18:01:56.685973,41,-1.0144594,1.7032775,1.3494612,0.97412,45.64,1.0,2.6415262,1
18:01:56.685973,41,-1.056357,1.5665537,1.4788284,0.97412,85.36,1.0,0.38427457,1
18:01:56.685973,41,-1.2047673,1.4871844,0.4454127,1.53076,8.76,0.876,3.77227,1
18:01:56.685973,41,-1.0040563,1.6676959,1.4484547,0.97412,86.0,1.0,1.9281203,1
18:01:56.685973,41,-1.2270781,1.4142464,0.4946119,1.53076,6.0,0.59999996,4.606894,1
18:01:56.685973,41,-1.1069349,1.6784376,1.4423038,0.97412,74.52,1.0,2.367293,1
18:01:56.685973,41,-1.1861061,1.5020094,1.5772467,0.97412,49.36,1.0,1.3694928,1
18:01:56.685973,41,-1.0905263,1.3721311,1.461733,0.97412,32.36,1.0,3.7832127,1
18:01:56.685973,41,-1.2330607,1.4817305,0.5661092,1.53076,5.64,0.564,3.2643683,1
18:01:56.685973,41,-1.1917213,1.437611,0.48835137,1.53076,6.24,0.624,4.080963,1
18:01:56.685973,41,-1.0505263,1.6833305,1.354806,0.97412,63.76,1.0,1.9581972,1
18:01:56.685973,41,-1.0007352,1.4327494,1.4454904,0.97412,33.12,1.0,3.907623,1
18:01:56.685973,41,-1.1755207,1.5852544,1.5542865,0.97412,78.0,1.0,1.7517608,1
18:01:56.685973,41,-1.0389256,1.6479615,1.4537425,0.97412,123.88,1.0,1.2667723,1
18:01:56.685973,41,-1.1074038,1.6064922,1.4648542,0.97412,132.52,1.0,0.6984446,1
18:01:56.685973,41,-1.1066439,1.5573866,1.5624084,0.97412,94.119995,1.0,0.46186513,1
18:01:56.740666,42,-1.2862644,1.4791979,1.4989626,1.04384,59.359997,1.0,0.3798586,1
18:01:56.740666,42,-1.0184921,1.5677677,0.81587684,0.6958,19.76,1.0,3.1308353,1
18:01:56.740666,42,-1.8045222,1.1581056,1.8453503,0.6958,5.12,0.51199996,6.9112816,1
18:01:56.740666,42,-1.0959375,1.6938748,1.2576158,1.04384,74.76,1.0,2.7097485,1
18:01:56.740666,42,-1.54735,1.1568216,1.6697395,0.97412,7.0,0.7,4.256325,1
18:01:56.740666,42,-1.0194045,1.4920981,1.4237026,1.11328,31.119999,1.0,2.4701087,1
18:01:56.740666,42,-1.1593965,1.6455985,1.451103,1.04384,142.23999,1.0,2.872502,1
18:01:56.740666,42,-1.696472,1.2905585,1.7209535,0.6958,6.7599998,0.676,5.5261536,1
18:01:56.740666,42,-1.0241644,1.6471511,1.0729586,0.6958,55.879997,1.0,1.1135038,1
18:01:56.740666,42,-1.1582228,1.3973799,1.4490823,1.25244,59.64,1.0,1.8988465,1
18:01:56.740666,42,-1.6795478,1.103812,1.7670637,1.1830001,6.12,0.612,5.5787907,1
18:01:56.740666,42,-1.1230124,1.5609338,0.90469265,0.6958,21.24,1.0,1.5974607,1
18:01:56.740666,42,-1.1374058,1.5135673,1.493026,1.11328,98.0,1.0,0.57806724,1
18:01:56.740666,42,-1.6930351,1.2072266,1.8276085,0.6958,7.8799996,0.788,4.5235333,1
18:01:56.740666,42,-1.0703728,1.6020318,1.3824753,1.04384,59.359997,1.0,0.9875274,1
18:01:56.740666,42,-1.2444911,1.5875369,1.4666605,1.04384,93.64,1.0,2.1864269,1
18:01:56.740666,42,-1.5966448,1.2146168,1.7373737,0.97412,8.24,0.824,3.006577,1
18:01:56.740666,42,-1.6276935,1.0494378,1.6985129,1.25244,5.12,0.51199996,8.102041,1
18:01:56.740666,42,-1.1543632,1.5482974,1.3968734,1.04384,115.119995,1.0,0.35209888,1
18:01:56.740666,42,-1.0692121,1.6630608,1.1559386,1.04384,69.76,1.0,1.3630185,1
18:01:56.740666,42,-1.2058431,1.3867137,1.530289,1.25244,35.0,1.0,1.336207,1
18:01:56.740666,42,-1.0748005,1.3765124,1.4416629,1.1830001,7.24,0.724,4.8938665,1
18:01:56.740666,42,-1.6432654,1.2716875,1.8103361,0.6958,9.0,0.9,3.9914215,1
18:01:56.740666,42,-1.0821887,1.451493,1.4345827,1.11328,55.36,1.0,2.021177,1
18:01:56.740666,42,-1.1388241,1.6304508,1.368975,1.04384,141.23999,1.0,1.6712141,1
18:01:56.740666,42,-1.2156115,1.4567345,1.5082544,1.11328,81.64,1.0,0.26193678,1
18:01:56.740666,42,-1.2759975,1.4085939,1.5211536,1.25244,45.76,1.0,0.30010104,1
18:01:56.740666,42,-1.0860542,1.5211881,1.4100226,1.11328,71.76,1.0,0.7870533,1
18:01:56.740666,42,-1.7567443,1.2269132,1.8269134,0.6958,5.7599998,0.576,6.338027,1
18:01:56.740666,42,-1.0458949,1.6542263,1.2767282,1.04384,76.64,1.0,1.397274,1
18:01:56.740666,42,-1.0070205,1.5133172,0.852304,0.6958,48.879997,1.0,4.5978518,1
18:01:56.740666,42,-1.2229131,1.5276779,1.4859724,1.04384,101.52,1.0,0.59449273,1
18:01:56.740666,42,-1.7352669,1.2408327,1.7342774,0.6958,6.0,0.59999996,5.7684407,1
18:01:56.740666,42,-1.7514294,1.1240318,1.8499004,0.6958,6.3599997,0.636,5.8260546,1
18:01:56.740666,42,-1.0726502,1.5374671,0.8239959,0.6958,23.24,1.0,3.0280018,1
18:01:56.740666,42,-1.086173,1.662691,1.3603363,1.04384,104.88,1.0,2.1230135,1
18:01:56.740666,42,-1.6331568,1.167817,1.7499136,0.97412,7.12,0.712,3.927552,1
18:01:56.740666,42,-1.1741103,1.5624107,1.4766659,1.04384,123.52,1.0,0.890175,1
18:01:56.740666,42,-1.5827348,1.1114668,1.6818923,0.97412,6.0,0.59999996,5.7056785,1
18:01:56.740666,42,-1.0369112,1.5519499,1.40178,1.11328,39.239998,1.0,1.2104372,1
18:01:56.740666,42,-1.1047078,1.529307,1.4685479,1.11328,85.759995,1.0,0.7377121,1
18:01:56.740666,42,-1.7809894,1.1927402,1.83607,0.6958,5.3599997,0.536,6.5649867,1
18:01:56.740666,42,-1.1322819,1.6723512,1.263383,1.04384,76.119995,1.0,2.4515767,1
18:01:56.740666,42,-1.2108148,1.6112542,1.4603056,1.04384,123.759995,1.0,2.4342582,1
18:01:56.740666,42,-1.728589,1.1576474,1.8408931,0.6958,6.8799996,0.68799996,5.2114577,1
18:01:56.740666,42,-1.6684839,1.2396975,1.8189079,0.6958,8.36,0.83599997,4.206417,1
18:01:56.740666,42,-1.6566836,1.1360385,1.7584286,0.97412,6.64,0.664,4.6889977,1
18:01:56.740666,42,-1.2548398,1.5037439,1.4923855,1.04384,86.119995,1.0,0.46064088,1
18:01:56.794317,43,-1.2626035,1.4990158,-0.019599674,1.11328,30.88,1.0,0.91789865,1
18:01:56.794317,43,-1.0070205,1.7587978,-0.7169139,0.83496004,78.759995,1.0,8.842772,1
18:01:56.794317,43,-1.7885311,1.0498449,0.22905242,1.25244,8.0,0.79999995,5.347325,1
18:01:56.794317,43,-1.1322819,1.8060178,-0.278681,1.11328,135.23999,1.0,3.0370798,1
18:01:56.794317,43,-1.7738963,1.3229406,-0.022129633,0.83496004,8.0,0.79999995,3.0743308,1
18:01:56.794317,43,-1.2601625,1.8030169,-0.5851796,0.76552004,21.64,1.0,1.3663245,1
18:01:56.794317,43,-1.5809848,1.2545924,0.14151187,1.11328,9.12,0.912,1.3694594,1
18:01:56.794317,43,-1.0891049,1.6266085,-0.097959176,1.11328,23.519999,1.0,2.1410308,1
18:01:56.794317,43,-1.0965642,1.7885416,-0.46913916,1.11328,126.24,1.0,0.9703179,1
18:01:56.794317,43,-1.8613374,1.1951511,0.06638005,0.83496004,6.52,0.652,3.8862965,1
18:01:56.794317,43,-1.2291892,1.6858652,-0.020864652,1.11328,94.119995,1.0,5.0150247,1
18:01:56.794317,43,-1.7625805,1.2079079,0.2359959,1.25244,11.0,1.0,2.433205,1
18:01:56.794317,43,-1.1366277,1.8538868,-0.6726779,0.76552004,36.76,1.0,1.5762275,1
18:01:56.794317,43,-1.6930792,1.3161688,0.15035965,0.83496004,13.36,1.0,2.4023244,1
18:01:56.794317,43,-1.6533704,1.1575327,0.14151187,1.25244,6.24,0.624,3.750584,1
18:01:56.794317,43,-1.2558446,1.5851537,0.0606884,1.11328,75.64,1.0,2.9195633,1
18:01:56.794317,43,-1.3486369,1.5069958,0.0606884,1.11328,43.239998,1.0,1.296499,1
18:01:56.794317,43,-1.1704446,1.5720291,-0.019599674,1.11328,41.36,1.0,1.6418508,1
18:01:56.794317,43,-1.0135821,1.8553498,-0.6539862,0.83496004,62.12,1.0,2.5803611,1
18:01:56.794317,43,-1.136006,1.8119577,-0.5689193,1.11328,118.24,1.0,1.0490487,1
18:01:56.794317,43,-1.6922164,1.0865598,0.22210896,1.11328,5.24,0.524,5.02365,1
18:01:56.794317,43,-1.1256012,1.6811168,-0.020232163,1.11328,36.76,1.0,3.7638316,1
18:01:56.794317,43,-1.2248389,1.8695023,-0.69136953,-4.0356402,8.12,0.812,2.0842962,1
18:01:56.794317,43,-1.786322,1.3046137,0.06638005,1.04384,7.52,0.752,3.4372294,1
18:01:56.794317,43,-1.0382314,1.7719768,-0.63529456,0.83496004,103.759995,1.0,4.605059,1
18:01:56.794317,43,-1.105493,1.8031048,-0.38486883,1.11328,133.0,1.0,1.290454,1
18:01:56.794317,43,-1.7443576,1.2474109,0.15035965,1.25244,11.759999,1.0,2.137905,1
18:01:56.794317,43,-1.6684839,1.2443259,0.14593576,1.25244,13.88,1.0,1.4231648,1
18:01:56.794317,43,-1.068116,1.7818872,-0.5526589,1.11328,116.0,1.0,2.057632,1
18:01:56.794317,43,-1.820748,1.118306,0.2359959,1.25244,9.0,0.9,3.1596866,1
18:01:56.794317,43,-1.6042084,1.3261602,0.14593576,0.83496004,19.0,1.0,1.1736984,1
18:01:56.794317,43,-1.2075562,1.7650802,-0.5689193,1.11328,95.88,1.0,1.0552021,1
18:01:56.794317,43,-1.1230124,1.7912327,-0.6539862,1.11328,115.52,1.0,2.4639287,1
18:01:56.794317,43,-1.7338254,1.1379222,0.22905242,1.25244,10.36,1.0,2.6640685,1
18:01:56.794317,43,-1.2243822,1.6105961,-0.020232163,1.11328,73.88,1.0,1.9454134,1
18:01:56.794317,43,-1.1917245,1.818959,-0.6726779,1.25244,35.76,1.0,1.6628329,1
18:01:56.794317,43,-1.0687783,1.8241119,-0.6539862,0.83496004,96.52,1.0,2.420805,1
18:01:56.794317,43,-1.1755207,1.6465974,-0.020232163,1.11328,51.879997,1.0,2.797882,1
18:01:56.794317,43,-1.302827,1.5467707,0.0606884,1.11328,59.12,1.0,2.0277045,1
18:01:56.794317,43,-1.6179056,1.2066054,0.14151187,1.11328,7.52,0.752,2.3178408,1
18:01:56.794317,43,-1.2170718,1.5362138,-0.019599674,1.11328,42.64,1.0,1.1824002,1
18:01:56.794317,43,-1.8370638,1.2321364,0.06638005,0.83496004,6.8799996,0.68799996,3.4922898,1
18:01:56.794317,43,-1.8120552,1.2686287,0.06638005,1.04384,7.12,0.712,3.349751,1
18:01:56.794317,43,-1.0993251,1.8762472,-0.6726779,0.76552004,34.36,1.0,1.6135517,1
18:01:56.794317,43,-1.7190622,1.2820463,0.15035965,0.83496004,12.5199995,1.0,2.1710877,1
18:01:56.794317,43,-1.1720155,1.7888767,-0.5689193,1.11328,115.119995,1.0,1.0127914,1
18:01:56.794317,43,-1.7863846,1.172417,0.2359959,1.25244,10.24,1.0,2.5352063,1
18:01:56.794317,43,-1.6930351,1.2107096,0.14593576,1.25244,12.639999,1.0,1.8700294,1
18:01:56.850667,44,-1.3435555,1.5569711,1.6476042,1.1830001,51.76,1.0,0.36956173,1
18:01:56.850667,44,-1.8969659,1.1384307,1.9464678,1.04384,6.0,0.59999996,2.597037,1
18:01:56.850667,44,-1.2702346,1.700348,1.0158347,1.04384,16.24,1.0,1.7762418,1
18:01:56.850667,44,-1.0982215,1.8241004,1.3967282,1.32216,119.0,1.0,1.8620808,1
18:01:56.850667,44,-1.630409,1.2874984,1.8060997,1.04384,8.88,0.88799995,1.2735261,1
18:01:56.850667,44,-1.1780677,1.6579016,1.5341659,1.1830001,60.0,1.0,1.13744,1
18:01:56.850667,44,-1.8136592,1.3711809,1.8912909,1.04384,6.8799996,0.68799996,3.30079,1
18:01:56.850667,44,-0.9937804,1.8154794,1.2165433,1.11328,58.359997,1.0,2.1175048,1
18:01:56.850667,44,-1.7514294,1.1240318,1.8499004,1.04384,5.24,0.524,4.0764775,1
18:01:56.850667,44,-1.2268023,1.8193203,1.3947363,1.1830001,61.76,1.0,2.8328843,1
18:01:56.850667,44,-1.8915026,1.2637813,1.9200686,1.04384,5.7599998,0.576,2.8466456,1
18:01:56.850667,44,-1.7292571,1.3655566,1.794344,1.04384,11.0,1.0,1.3110225,1
18:01:56.850667,44,-1.7625805,1.2278297,1.9153249,1.04384,8.0,0.79999995,1.5170548,1
18:01:56.850667,44,-1.2243822,1.5504799,1.5636042,1.1830001,36.36,1.0,1.990766,1
18:01:56.850667,44,-1.2454877,1.6320182,1.6274954,1.1830001,75.759995,1.0,0.8590465,1
18:01:56.850667,44,-1.1418605,1.7536727,1.5078493,1.1830001,94.24,1.0,1.413053,1
18:01:56.850667,44,-1.6930351,1.2072266,1.8276085,1.04384,6.64,0.664,2.3855867,1
18:01:56.850667,44,-1.0566747,1.8168434,1.3072605,1.32216,92.759995,1.0,1.6327103,1
18:01:56.850667,44,-1.820748,1.1412809,1.9385157,1.04384,6.3599997,0.636,2.6597054,1
18:01:56.850667,44,-1.789209,1.2987646,1.9035064,1.04384,8.639999,0.86399996,1.5800252,1
18:01:56.850667,44,-1.7190622,1.2772776,1.8134183,1.04384,9.639999,0.964,1.0479518,1
18:01:56.850667,44,-1.9278882,1.2084385,1.9348977,1.04384,5.0,0.5,2.8583443,1
18:01:56.850667,44,-1.174046,1.7801976,1.4084918,1.1830001,138.23999,1.0,1.3891834,1
18:01:56.850667,44,-1.7927068,1.3873371,1.7930878,1.04384,7.3599997,0.736,2.985805,1
18:01:56.850667,44,-1.8509206,1.2108439,1.9270647,1.04384,6.8799996,0.68799996,1.920633,1
18:01:56.850667,44,-1.0854121,1.7615709,1.4167556,1.32216,74.52,1.0,1.4988302,1
18:01:56.850667,44,-1.2137794,1.7081592,1.5200447,1.1830001,117.0,1.0,0.88939023,1
18:01:56.850667,44,-1.679833,1.3265275,1.8002218,1.04384,11.5199995,1.0,0.7095602,1
18:01:56.850667,44,-1.2951043,1.5952052,1.6373595,1.1830001,72.52,1.0,0.5709463,1
18:01:56.850667,44,-1.1050428,1.7695479,1.4813423,1.32216,84.24,1.0,1.5971158,1
18:01:56.850667,44,-1.8662978,1.3000802,1.9103423,1.04384,6.12,0.612,2.9357603,1
18:01:56.850667,44,-1.8403466,1.3358848,1.9007485,1.04384,6.52,0.652,3.0903785,1
18:01:56.850667,44,-1.136361,1.8025151,1.402512,1.1830001,136.52,1.0,1.6092305,1
18:01:56.850667,44,-1.0177814,1.8368818,1.3018913,1.32216,68.52,1.0,1.9720092,1
18:01:56.850667,44,-1.7632632,1.33308,1.8943117,1.04384,9.24,0.92399997,1.5701208,1
18:01:56.850667,44,-1.8144392,1.2639549,1.9128337,1.04384,8.0,0.79999995,1.6575474,1
18:01:56.850667,44,-1.874318,1.1748596,1.9367067,1.04384,6.3599997,0.636,2.20805,1
18:01:56.850667,44,-1.1780556,1.7312633,1.5138539,1.1830001,111.119995,1.0,1.134062,1
18:01:56.850667,44,-1.7443576,1.2438223,1.8223826,1.04384,8.76,0.876,1.3647794,1
18:01:56.850667,44,-1.7863846,1.1935482,1.9245107,1.04384,7.3599997,0.736,1.9008586,1
18:01:56.850667,44,-1.2122693,1.634812,1.5403528,1.1830001,66.88,1.0,0.8927967,1
18:01:56.850667,44,-1.728589,1.1576474,1.8408931,1.04384,5.64,0.564,3.322795,1
18:01:56.850667,44,-1.6684839,1.2396975,1.8189079,1.04384,7.24,0.724,1.8779407,1
18:01:56.850667,44,-1.903822,1.2454512,1.9249802,1.04384,5.3599997,0.536,2.8298333,1
18:01:56.850667,44,-1.1173471,1.8133999,1.3995954,1.1830001,129.64,1.0,1.7313092,1
18:01:56.850667,44,-1.1927133,1.768767,1.4115547,1.1830001,135.0,1.0,1.2903281,1
18:01:56.850667,44,-1.742893,1.3487872,1.7988373,1.04384,10.12,1.0,1.3155652,1
18:01:56.850667,44,-1.0759639,1.8065435,1.3100204,1.1830001,106.119995,1.0,1.4817039,1
18:01:56.900138,45,-1.6465584,1.2800044,0.062585615,1.32216,7.0,0.7,0.6789177,1
18:01:56.900138,45,-1.3479799,2.198611,-1.4766036,1.04384,12.0,1.0,11.118474,1
18:01:56.900138,45,-1.0505263,1.792961,-0.18753159,1.1830001,52.879997,1.0,3.917097,1
18:01:56.900138,45,-1.1772432,1.7207717,-1.1937546,0.83496004,7.64,0.764,6.66412,1
18:01:56.900138,45,-1.9278882,1.1841117,0.24988286,1.32216,8.12,0.812,1.4837449,1
18:01:56.900138,45,-1.3209151,1.9307762,-0.02339461,1.25244,14.0,1.0,7.049756,1
18:01:56.900138,45,-1.8969659,1.1384307,-0.05353222,1.32216,11.759999,1.0,2.4506848,1
18:01:56.900138,45,-0.9939562,1.9567381,-1.2566099,0.83496004,5.12,0.51199996,4.9402804,1
18:01:56.900138,45,-1.8000429,1.3706638,0.24988286,1.32216,11.88,1.0,1.668723,1
18:01:56.900138,45,-1.7514294,1.12458,0.14593576,1.32216,5.24,0.524,1.9248914,1
18:01:56.900138,45,-1.2069368,1.9250941,-0.13649307,1.3916,72.119995,1.0,4.695122,1
18:01:56.900138,45,-1.123632,1.6781756,-0.12132218,1.1830001,19.119999,1.0,3.4271784,1
18:01:56.900138,45,-1.081753,1.8462564,-1.2251822,0.97412,6.64,0.664,5.4397655,1
18:01:56.900138,45,-1.0809973,1.9787524,-1.1453495,1.04384,5.24,0.524,3.1223295,1
18:01:56.900138,45,-1.7956802,1.2841122,0.15478353,1.32216,16.52,1.0,0.67090744,1
18:01:56.900138,45,-1.8662978,1.2789861,0.24988286,1.32216,9.76,0.97599995,1.3938788,1
18:01:56.900138,45,-1.1398628,1.8181093,-0.12890762,1.25244,110.759995,1.0,3.2617817,1
18:01:56.900138,45,-1.6930792,1.3161688,0.15035965,1.25244,16.359999,1.0,0.36581737,1
18:01:56.900138,45,-1.7980192,1.1544949,0.2359959,1.25244,11.5199995,1.0,1.108121,1
18:01:56.900138,45,-1.6930351,1.2107096,0.14593576,1.32216,6.12,0.612,1.0649726,1
18:01:56.900138,45,-1.1357356,1.8946939,-0.13270035,1.25244,113.64,1.0,4.191769,1
18:01:56.900138,45,-1.820748,1.1412809,-0.06148435,1.32216,10.76,1.0,2.379818,1
18:01:56.900138,45,-1.0070572,1.8880382,-1.2251822,0.83496004,7.64,0.764,5.6628804,1
18:01:56.900138,45,-1.7809894,1.1945268,0.15035965,1.32216,12.36,1.0,0.89945,1
18:01:56.900138,45,-1.142023,1.7430983,-0.10428154,1.25244,77.119995,1.0,3.0506063,1
18:01:56.900138,45,-1.8389436,1.2069119,0.24293938,1.25244,14.36,1.0,0.8947387,1
18:01:56.900138,45,-1.874318,1.1512089,0.24293938,1.32216,12.639999,1.0,1.1704878,1
18:01:56.900138,45,-1.3192898,2.1518164,-1.4451759,1.04384,9.24,0.92399997,9.00652,1
18:01:56.900138,45,-1.742893,1.3548932,0.15478353,1.32216,19.119999,1.0,0.64144194,1
18:01:56.900138,45,-1.7443576,1.2474109,0.15035965,1.32216,14.12,1.0,0.5761794,1
18:01:56.900138,45,-1.1038344,1.7606431,-0.18753159,1.1830001,68.0,1.0,3.0871212,1
18:01:56.900138,45,-1.8915026,1.2414068,0.24988286,1.32216,9.12,0.912,1.3820536,1
18:01:56.900138,45,-1.8403466,1.3160537,0.24988286,1.32216,10.36,1.0,1.4639515,1
18:01:56.900138,45,-1.7696404,1.3197666,0.15478353,1.32216,17.76,1.0,0.62849265,1
18:01:56.900138,45,-1.8144392,1.243447,0.24293938,1.25244,15.36,1.0,0.7956686,1
18:01:56.900138,45,-1.0328896,1.936469,-1.2566099,0.83496004,5.3599997,0.536,4.789479,1
18:01:56.900138,45,-1.7190622,1.2820463,0.15035965,1.32216,15.24,1.0,0.4409972,1
18:01:56.900138,45,-1.044614,1.8675208,-1.2251822,0.83496004,7.24,0.724,5.516331,1
18:01:56.900138,45,-1.8427484,1.105893,-0.05200221,1.32216,10.12,1.0,2.88597,1
18:01:56.900138,45,-1.6684839,1.2443259,0.14593576,1.32216,6.64,0.664,0.8425532,1
18:01:56.900138,45,-1.728589,1.1593814,0.14593576,1.32216,5.52,0.552,1.5265621,1
18:01:56.900138,45,-1.0557128,1.9792582,-1.1678395,1.04384,5.3599997,0.536,3.4054956,1
18:01:56.900138,45,-1.1239163,1.7534655,-0.1251149,1.25244,73.88,1.0,3.1748924,1
18:01:56.900138,45,-1.8136592,1.3525951,0.24988286,1.32216,11.12,1.0,1.5878739,1
18:01:56.900138,45,-1.903822,1.2224301,0.24988286,1.32216,8.639999,0.86399996,1.3994247,1
18:01:56.900138,45,-1.8509206,1.1884625,0.24293938,1.32216,13.5199995,1.0,0.9691392,1
18:01:56.900138,45,-1.7567443,1.2299052,0.15035965,1.32216,13.24,1.0,0.6673959,1
18:01:56.900138,45,-1.0258869,1.8778733,-1.2251822,0.83496004,7.52,0.752,5.580715,1
18:01:56.954294,46,-1.1095015,1.5038575,0.29610428,-0.06972,18.76,1.0,0.29026443,1
18:01:56.954294,46,-1.058722,1.5838974,0.24212135,-0.06972,11.5199995,1.0,0.401783,1
18:01:56.954294,46,-1.13725,1.5414689,0.25349006,-0.06972,9.24,0.92399997,0.2491827,1
18:01:56.954294,46,-1.0714098,1.5249242,0.29045948,-0.06972,19.76,1.0,0.26456764,1
18:01:56.954294,46,-1.0982057,1.5630624,0.24770407,-0.06972,10.88,1.0,0.23359898,1
18:01:56.954294,46,-1.0522023,1.5351806,0.28771132,-0.06972,19.119999,1.0,0.31780228,1
18:01:56.954294,46,-1.0785178,1.5735753,0.24488717,-0.06972,11.639999,1.0,0.29487646,1
18:01:56.954294,46,-1.0207773,1.4516342,0.19816387,1.04384,17.52,1.0,0.7323355,1
18:01:56.954294,46,-1.0845544,1.6225439,0.19922972,1.04384,5.24,0.524,0.44407848,1
18:01:56.954294,46,-0.94523996,1.4896197,0.18798566,-0.06972,11.36,1.0,0.99730915,1
18:01:56.954294,46,-1.0271024,1.4979533,0.15041694,0.6958,10.76,1.0,0.6584458,1
18:01:56.954294,46,-1.0521632,1.5345027,0.10528775,0.6958,5.52,0.552,0.63173175,1
18:01:56.954294,46,-0.96427083,1.4803975,0.19045676,-0.06972,13.24,1.0,0.86957586,1
18:01:56.954294,46,-0.9883871,1.5174221,0.1452003,-0.06972,9.76,0.97599995,0.8071675,1
18:01:56.954294,46,-0.9688803,1.526875,0.14266738,-0.06972,8.639999,0.86399996,0.94561857,1
18:01:56.954294,46,-0.94927657,1.536139,0.14018509,-0.06972,7.52,0.752,1.1263443,1
18:01:56.954294,46,-1.1566025,1.5303903,0.25645855,0.6958,7.3599997,0.736,0.32663298,1
18:01:56.954294,46,-1.0020415,1.4614037,0.19554612,-0.06972,15.36,1.0,0.73678243,1
18:01:56.954294,46,-1.1283818,1.4930493,0.29900035,-0.06972,16.24,1.0,0.36975548,1
18:01:56.954294,46,-1.3679277,1.8993766,0.068066195,1.11328,11.24,1.0,1.8182693,1
18:01:56.954294,46,-1.1758394,1.5191253,0.25947696,0.6958,5.64,0.564,0.45089018,1
18:01:56.954294,46,-1.3912057,1.8860509,0.0716368,1.11328,12.759999,1.0,1.7457381,1
18:01:56.954294,46,-1.1553789,1.6911231,1.3468325,1.11328,9.5199995,0.95199996,4.5313497,1
18:01:56.954294,46,-1.1927133,1.768767,1.4115547,1.11328,34.88,1.0,5.9416223,1
18:01:56.954294,46,-1.2608914,1.8698736,1.3779179,1.11328,47.879997,1.0,6.810109,1
18:01:56.954294,46,-1.2069368,1.8241712,1.3699068,1.11328,50.64,1.0,6.4920077,1
18:01:56.954294,46,-1.1905383,1.5681933,0.5156443,1.11328,25.64,1.0,0.029060084,1
18:01:56.954294,46,-1.3112988,1.8773823,1.2734064,1.1830001,35.36,1.0,5.4586678,1
18:01:56.954294,46,-1.4561801,1.6737927,0.022816055,1.11328,9.0,0.9,2.8333802,1
18:01:56.954294,46,-1.4829034,1.83052,0.08651627,1.11328,14.88,1.0,2.108879,1
18:01:56.954294,46,-1.2027563,1.4480091,0.3110688,1.25244,7.64,0.764,1.1378685,1
18:01:56.954294,46,-1.4601957,1.8447342,0.082707584,1.11328,14.759999,1.0,1.9193656,1
18:01:56.954294,46,-1.4718747,1.9846312,0.1311959,1.11328,9.88,0.988,2.7230299,1
18:01:56.954294,46,-1.1843385,1.459538,0.30797967,1.25244,10.12,1.0,0.87785846,1
18:01:56.954294,46,-1.4143445,1.872501,0.07526748,1.11328,14.0,1.0,1.7381536,1
18:01:56.954294,46,-1.1471494,1.4820592,0.30194512,1.25244,13.12,1.0,0.49402443,1
18:01:56.954294,46,-1.2392292,1.4244206,0.31738934,1.25244,5.7599998,0.576,1.7950768,1
18:01:56.954294,46,-1.0982057,1.5630624,0.24770407,-0.06972,10.88,1.0,0.23359898,1
18:01:56.954294,46,-1.4561801,1.6737927,0.022816055,1.11328,9.0,0.9,2.8333802,1
18:01:56.954294,46,-1.2392292,1.4244206,0.31738934,1.25244,5.7599998,0.576,1.7950768,1
18:01:56.954294,46,-1.0020415,1.4614037,0.19554612,-0.06972,15.36,1.0,0.73678243,1
18:01:56.954294,46,-0.9883871,1.5174221,0.1452003,-0.06972,9.76,0.97599995,0.8071675,1
18:01:56.954294,46,-1.4143445,1.872501,0.07526748,1.11328,14.0,1.0,1.7381536,1
18:01:56.954294,46,-0.94523996,1.4896197,0.18798566,-0.06972,11.36,1.0,0.99730915,1
18:01:56.954294,46,-1.0020415,1.4614037,0.19554612,-0.06972,15.36,1.0,0.73678243,1
18:01:56.954294,46,-1.4718747,1.9846312,0.1311959,1.11328,9.88,0.988,2.7230299,1
18:01:56.954294,46,-1.3912057,1.8860509,0.0716368,1.11328,12.759999,1.0,1.7457381,1
18:01:56.954294,46,-1.13725,1.5414689,0.25349006,-0.06972,9.24,0.92399997,0.2491827,1
18:01:57.010670,47,-1.2494825,1.9064385,1.2408606,1.1830001,81.119995,1.0,0.40959433,1
18:01:57.010670,47,-1.1789764,1.9625564,0.7842089,0.90468,17.64,1.0,3.6893713,1
18:01:57.010670,47,-1.4346904,1.8550619,1.4780656,1.25244,33.36,1.0,2.9978426,1
18:01:57.010670,47,-1.4773748,1.8723629,1.158892,1.25244,21.52,1.0,3.7198598,1
18:01:57.010670,47,-1.1416973,1.9532744,1.0196072,0.90468,27.119999,1.0,3.0092669,1
18:01:57.010670,47,-1.1893725,1.7408794,1.327615,1.11328,7.7599998,0.77599996,7.7733097,1
18:01:57.010670,47,-1.3028209,1.9418099,1.036738,0.90468,53.36,1.0,0.6757038,1
18:01:57.010670,47,-1.2999799,1.8451366,1.3845462,1.1830001,57.0,1.0,1.1348042,1
18:01:57.010670,47,-1.1121517,1.8879182,1.1801562,1.11328,24.519999,1.0,3.2186863,1
18:01:57.010670,47,-1.406831,1.8869218,1.2649649,1.25244,70.119995,1.0,1.219338,1
18:01:57.010670,47,-1.3742578,1.9412389,1.1404368,0.90468,42.239998,1.0,1.1039972,1
18:01:57.010670,47,-1.4903735,1.8617926,1.3735508,1.25244,26.119999,1.0,3.9982772,1
18:01:57.010670,47,-1.2343229,1.9458151,1.1224042,0.90468,56.239998,1.0,1.0023657,1
18:01:57.010670,47,-1.3941925,1.8552784,1.3785689,1.1830001,53.36,1.0,1.6251013,1
18:01:57.010670,47,-1.3252125,1.9397078,1.250821,0.90468,116.36,1.0,0.8676404,1
18:01:57.010670,47,-1.155939,1.8909279,1.0725284,1.1830001,31.519999,1.0,1.8355424,1
18:01:57.010670,47,-1.2573596,1.8403919,1.28918,1.1830001,61.12,1.0,1.0827925,1
18:01:57.010670,47,-1.2146537,1.9803344,1.0006334,0.90468,35.12,1.0,2.467081,1
18:01:57.010670,47,-1.3592638,1.8330423,1.484618,1.1830001,42.76,1.0,2.2936952,1
18:01:57.010670,47,-1.1767868,1.8795668,1.2545722,1.1830001,42.879997,1.0,1.6149851,1
18:01:57.010670,47,-1.2987204,1.9181765,1.1551049,0.90468,109.88,1.0,0.113951825,1
18:01:57.010670,47,-1.2247889,1.8930268,1.1703323,1.1830001,65.0,1.0,0.46123213,1
18:01:57.010670,47,-1.1613708,1.9187376,1.138797,0.90468,39.879997,1.0,1.8219103,1
18:01:57.010670,47,-1.207521,1.9291482,1.0512091,0.90468,43.36,1.0,1.002058,1
18:01:57.010670,47,-1.3112988,1.8773823,1.2734064,1.1830001,97.24,1.0,0.22052664,1
18:01:57.010670,47,-1.430897,1.9041218,1.3622087,1.25244,54.0,1.0,2.1029716,1
18:01:57.010670,47,-1.223366,1.7906357,1.3083975,1.1830001,28.64,1.0,3.6178832,1
18:01:57.010670,47,-1.3349869,1.894824,1.3679727,1.1830001,83.759995,1.0,0.7613496,1
18:01:57.010670,47,-1.3302264,1.9581089,1.1099726,0.90468,52.36,1.0,1.1076045,1
18:01:57.010670,47,-1.4365568,1.9005102,1.1513499,1.25244,30.359999,1.0,2.0475802,1
18:01:57.010670,47,-1.1709834,2.0033786,0.9944587,0.90468,30.0,1.0,4.4894037,1
18:01:57.010670,47,-1.2578381,1.9564512,1.0070329,0.90468,46.52,1.0,1.166621,1
18:01:57.010670,47,-1.366295,1.9137089,1.2577873,1.25244,89.52,1.0,0.6513081,1
18:01:57.010670,47,-1.1143798,1.9128582,1.0666522,0.90468,25.359999,1.0,3.0630925,1
18:01:57.010670,47,-1.2178777,1.8643017,1.2827735,1.1830001,50.36,1.0,1.0389696,1
18:01:57.010670,47,-1.1526423,1.8660413,1.1860181,1.11328,35.64,1.0,2.1509495,1
18:01:57.010670,47,-1.2570336,1.9428641,1.1484898,0.90468,72.88,1.0,0.7438642,1
18:01:57.010670,47,-1.2710098,1.9023262,1.2667227,1.1830001,95.64,1.0,0.30258003,1
18:01:57.010670,47,-1.4570386,1.886535,1.1550946,1.25244,25.519999,1.0,2.7771504,1
18:01:57.010670,47,-1.4159313,1.9142867,1.1476586,1.25244,36.0,1.0,1.5277814,1
18:01:57.010670,47,-1.351377,1.9451576,1.1134429,0.90468,48.239998,1.0,0.9196223,1
18:01:57.010670,47,-1.2792428,1.9441979,1.0103161,0.90468,51.12,1.0,0.7952202,1
18:01:57.010670,47,-1.2363077,1.968497,1.0038052,0.90468,40.76,1.0,1.7249942,1
18:01:57.010670,47,-1.4706944,1.8760936,1.3697188,1.25244,32.76,1.0,3.1583216,1
18:01:57.010670,47,-1.4508682,1.8902038,1.365938,1.25244,41.76,1.0,2.527647,1
18:01:57.010670,47,-1.345821,1.9268076,1.2542776,0.90468,107.759995,1.0,0.66305536,1
18:01:57.010670,47,-1.2779409,1.9306209,1.1517704,0.90468,92.52,1.0,0.33572602,1
18:01:57.010670,47,-1.1863711,1.9407098,1.0481111,0.90468,34.0,1.0,1.5923015,1
18:01:57.074377,48,-1.3135569,2.0031679,1.0092189,1.11328,46.0,1.0,0.5676856,1
18:01:57.074377,48,-1.9973593,1.4426891,2.0955389,1.1830001,6.0,0.59999996,11.070999,1
18:01:57.074377,48,-1.4074733,1.6883435,-0.18314445,0.83496004,7.3599997,0.736,11.01506,1
18:01:57.074377,48,-1.5267682,1.9857134,1.651055,1.11328,36.12,1.0,2.8974848,1
18:01:57.074377,48,-1.1146234,1.7815263,0.37659025,1.73964,21.76,1.0,5.317877,1
18:01:57.074377,48,-1.2608914,1.8698736,1.3779179,0.97412,38.36,1.0,2.2741997,1
18:01:57.074377,48,-1.2162528,1.947366,0.6657678,0.83496004,31.119999,1.0,0.67848027,1
18:01:57.074377,48,-1.5210295,1.9547471,1.2350205,1.11328,13.88,1.0,2.4277072,1
18:01:57.074377,48,-1.4101188,1.805213,0.42129937,1.8788,5.52,0.552,3.3499,1
18:01:57.074377,48,-1.1773591,2.0243478,1.2281418,1.04384,45.239998,1.0,1.7492982,1
18:01:57.074377,48,-1.4069667,2.023197,1.4317043,1.11328,99.24,1.0,1.7112864,1
18:01:57.074377,48,-1.3965101,1.8299097,1.5823271,1.1830001,43.239998,1.0,1.6384279,1
18:01:57.074377,48,-1.1905754,2.009627,0.87586033,1.11328,24.0,1.0,0.67301786,1
18:01:57.074377,48,-1.2783638,1.8073123,0.31508654,1.73964,7.7599998,0.77599996,3.0095072,1
18:01:57.074377,48,-1.3984542,1.9574525,0.87555057,0.83496004,6.8799996,0.68799996,1.313752,1
18:01:57.074377,48,-1.3177893,1.8888336,0.5552367,0.83496004,8.76,0.876,1.3307378,1
18:01:57.074377,48,-1.9397264,1.5220678,1.9736388,1.1830001,6.7599998,0.676,8.597358,1
18:01:57.074377,48,-1.298625,2.059901,1.317195,1.11328,85.24,1.0,1.4910477,1
18:01:57.074377,48,-1.4086277,1.989789,1.1189392,1.11328,31.88,1.0,1.2150742,1
18:01:57.074377,48,-1.3223168,1.7773256,1.4766393,1.1830001,17.119999,1.0,3.4274182,1
18:01:57.074377,48,-1.2275689,1.8522962,0.43357867,1.73964,16.88,1.0,1.9551144,1
18:01:57.074377,48,-1.4320428,1.9567106,1.5522715,1.11328,71.24,1.0,1.186501,1
18:01:57.074377,48,-1.2973243,1.9620414,0.7675129,0.83496004,22.0,1.0,0.5842129,1
18:01:57.074377,48,-1.1677208,1.866393,0.2992559,1.73964,7.3599997,0.736,2.769113,1
18:01:57.074377,48,-1.1801697,2.0523462,1.1106656,1.11328,28.88,1.0,1.3350945,1
18:01:57.074377,48,-1.3165617,1.934811,1.4566969,1.11328,73.52,1.0,1.1307268,1
18:01:57.074377,48,-1.891234,1.479824,2.073222,1.1830001,7.12,0.712,8.835442,1
18:01:57.074377,48,-1.213026,1.9686819,1.3481826,1.11328,51.76,1.0,1.9564197,1
18:01:57.074377,48,-1.1782049,1.9044368,0.57289296,1.6699201,30.119999,1.0,1.3504692,1
18:01:57.074377,48,-1.0722353,1.7276499,0.2920135,1.73964,19.119999,1.0,8.650188,1
18:01:57.074377,48,-1.3100876,2.0097845,0.8615282,0.83496004,17.119999,1.0,0.94341797,1
18:01:57.074377,48,-1.4363898,2.0118878,1.2197098,1.11328,25.64,1.0,1.9414319,1
18:01:57.074377,48,-1.3229219,1.8580184,0.40715024,1.8788,7.3599997,0.736,2.3107615,1
18:01:57.074377,48,-1.0749089,1.8560706,0.32931897,1.73964,13.24,1.0,4.2822514,1
18:01:57.074377,48,-1.3416793,2.0201461,1.0842123,1.11328,46.879997,1.0,0.95878685,1
18:01:57.074377,48,-1.2450321,2.0298624,0.9756393,1.11328,32.52,1.0,0.6597227,1
18:01:57.074377,48,-1.4273384,2.0348783,1.5332906,1.11328,83.88,1.0,2.3453882,1
18:01:57.074377,48,-1.5096277,1.9781328,1.5484955,1.11328,44.36,1.0,2.3227592,1
18:01:57.074377,48,-1.2515241,2.0525215,1.2147073,1.11328,55.239998,1.0,1.1686503,1
18:01:57.074377,48,-1.1559024,1.8319511,0.4639253,1.6699201,27.76,1.0,2.9753404,1
18:01:57.074377,48,-1.3097069,2.0114517,1.4355062,1.11328,100.119995,1.0,1.2853595,1
18:01:57.074377,48,-1.1889231,1.9498549,1.2539874,0.97412,44.76,1.0,2.052617,1
18:01:57.074377,48,-1.3209151,1.8589317,1.4776809,1.1830001,50.0,1.0,1.8296595,1
18:01:57.074377,48,-1.2303251,1.9986669,0.75769913,0.83496004,30.0,1.0,0.62387264,1
18:01:57.074377,48,-1.3831387,1.8496972,0.56572324,0.83496004,5.7599998,0.576,1.8819124,1
18:01:57.074377,48,-1.3782353,1.819821,1.4881605,1.1830001,47.52,1.0,1.4948211,1
18:01:57.074377,48,-1.1630346,1.812831,0.34090498,1.73964,17.64,1.0,3.5863364,1
18:01:57.074377,48,-1.27458,1.9326366,1.3578409,1.11328,65.88,1.0,1.1789868,1
18:01:57.128982,49,-1.3713945,2.0525725,1.2088083,1.11328,206.64,1.0,0.45249707,1
18:01:57.128982,49,-2.0897837,1.4197311,2.114057,1.11328,5.64,0.564,10.66661,1
18:01:57.128982,49,-1.2616551,1.9507792,0.35739982,-0.20888,5.7599998,0.576,7.430608,1
18:01:57.128982,49,-1.0956838,1.9932998,0.8945252,0.97412,45.879997,1.0,4.840694,1
18:01:57.128982,49,-1.4520301,1.9427814,1.5560038,1.11328,72.36,1.0,1.0565361,1
18:01:57.128982,49,-1.3314195,2.1270897,0.9538577,0.6958,11.24,1.0,1.4314508,1
18:01:57.128982,49,-1.4153165,1.8927293,0.5323557,1.94824,6.0,0.59999996,6.510694,1
18:01:57.128982,49,-1.149092,1.9918653,1.1100651,0.97412,67.0,1.0,3.5767655,1
18:01:57.128982,49,-1.5581421,2.0024424,1.2163553,1.11328,15.639999,1.0,2.520472,1
18:01:57.128982,49,-1.3646612,2.04997,1.4245305,1.04384,209.12,1.0,1.3303341,1
18:01:57.128982,49,-1.9410241,1.518783,2.0751495,1.11328,7.24,0.724,7.1601768,1
18:01:57.128982,49,-1.3209151,1.8589317,1.4776809,0.97412,12.12,1.0,4.0027537,1
18:01:57.128982,49,-1.4547449,2.1010504,1.0721495,0.76552004,6.64,0.664,3.0005667,1
18:01:57.128982,49,-1.5271342,2.016427,1.4328635,1.11328,54.239998,1.0,2.148745,1
18:01:57.128982,49,-1.1832093,2.1268935,0.9379168,0.6958,17.88,1.0,0.84938204,1
18:01:57.128982,49,-1.2414739,1.9892989,1.2375331,0.97412,133.36,1.0,1.6883138,1
18:01:57.128982,49,-1.2530961,2.07028,1.070779,1.11328,102.0,1.0,0.40920424,1
18:01:57.128982,49,-2.070631,1.556988,2.0896459,1.11328,5.0,0.5,8.967508,1
18:01:57.128982,49,-1.3031892,1.9583899,0.51476204,1.94824,6.64,0.664,4.8122125,1
18:01:57.128982,49,-1.4404244,2.0444777,1.318055,1.11328,114.88,1.0,1.1617854,1
18:01:57.128982,49,-1.3886923,1.9585303,0.35833442,0.34804,5.3599997,0.536,8.162988,1
18:01:57.128982,49,-1.3081355,1.9835167,1.3409349,0.97412,151.36,1.0,1.0486852,1
18:01:57.128982,49,-1.1709834,2.0033786,0.9944587,0.97412,90.119995,1.0,2.354448,1
18:01:57.128982,49,-1.486756,2.010039,1.1050246,1.11328,32.88,1.0,1.3911568,1
18:01:57.128982,49,-1.3519301,2.0826044,1.0583392,1.11328,64.36,1.0,0.6800421,1
18:01:57.128982,49,-1.4273384,2.0348783,1.5332906,1.11328,113.119995,1.0,1.9678247,1
18:01:57.128982,49,-1.9973593,1.4426891,2.0955389,1.11328,6.24,0.624,9.29922,1
18:01:57.128982,49,-1.258842,2.1536915,0.91901326,0.6958,11.5199995,1.0,1.1852323,1
18:01:57.128982,49,-1.3717786,1.9725971,1.4459172,0.97412,118.52,1.0,0.92745435,1
18:01:57.128982,49,-1.298625,2.059901,1.317195,1.04384,239.23999,1.0,0.99812776,1
18:01:57.128982,49,-1.2472353,2.040274,0.9992765,0.76552004,77.119995,1.0,0.4917166,1
18:01:57.128982,49,-1.4636213,2.059763,1.4212517,1.11328,88.24,1.0,2.2197642,1
18:01:57.128982,49,-1.261228,1.9108697,0.41968173,1.94824,6.24,0.624,7.795391,1
18:01:57.128982,49,-1.3357623,1.9289514,0.39054844,-0.20888,6.64,0.664,7.550096,1
18:01:57.128982,49,-1.3215231,2.0425384,1.104805,1.11328,172.0,1.0,0.1286721,1
18:01:57.128982,49,-1.2241826,2.0291212,1.1168888,0.97412,147.36,1.0,1.0411111,1
18:01:57.128982,49,-1.1777072,2.0649676,0.96623284,0.76552004,46.12,1.0,1.150455,1
18:01:57.128982,49,-1.2515241,2.0525215,1.2147073,1.04384,184.51999,1.0,0.876442,1
18:01:57.128982,49,-1.1202359,1.9641987,1.01668,0.97412,55.36,1.0,5.1885347,1
18:01:57.128982,49,-2.0485945,1.4796962,2.0979896,1.11328,6.52,0.652,8.945775,1
18:01:57.128982,49,-1.4209012,2.0521708,1.0937355,1.11328,56.879997,1.0,0.99523026,1
18:01:57.128982,49,-1.3916408,1.9839861,1.544963,1.04384,101.52,1.0,1.5068829,1
18:01:57.128982,49,-1.3004448,2.0776043,0.97819555,0.6958,42.12,1.0,0.3793989,1
18:01:57.128982,49,-1.3365905,1.9219972,1.4601303,0.97412,47.52,1.0,1.9962476,1
18:01:57.128982,49,-1.4892768,1.9926165,1.5446147,1.11328,74.24,1.0,1.6025397,1
18:01:57.128982,49,-1.9908141,1.5577419,2.0770772,1.11328,7.3599997,0.736,7.172694,1
18:01:57.128982,49,-1.3841311,2.1322088,1.0359104,0.6958,8.76,0.876,2.3399467,1
18:01:57.128982,49,-1.2109661,1.9192199,0.39075136,-0.20888,5.0,0.5,8.498559,1
18:01:57.174405,50,-1.5440278,2.0648575,0.39888555,0.76552004,18.64,1.0,0.6501225,1
18:01:57.174405,50,-1.4046731,2.0932431,0.54927605,0.76552004,11.759999,1.0,1.2376115,1
18:01:57.174405,50,-1.5760785,2.1077194,0.3656499,0.76552004,11.0,1.0,1.5982913,1
18:01:57.174405,50,-1.4523368,2.0656457,0.5566708,0.76552004,12.88,1.0,0.5344937,1
18:01:57.174405,50,-1.4839202,2.1105664,0.5252833,0.76552004,19.88,1.0,0.5756846,1
18:01:57.174405,50,-1.519862,2.079655,0.39492056,0.76552004,17.52,1.0,0.50430584,1
18:01:57.174405,50,-1.4352199,2.1387641,0.51772773,0.76552004,17.52,1.0,1.8507701,1
18:01:57.174405,50,-1.33213,2.1328993,0.5386502,0.76552004,7.0,0.7,4.028603,1
18:01:57.174405,50,-1.3806293,2.1066952,0.5456716,0.76552004,10.24,1.0,1.9405892,1
18:01:57.174405,50,-1.416318,2.0784009,0.41709375,0.76552004,14.759999,1.0,1.9063654,1
18:01:57.174405,50,-1.3564475,2.1199143,0.5421295,0.76552004,8.5199995,0.852,2.8722668,1
18:01:57.174405,50,-1.392075,2.0919645,0.41345942,0.76552004,12.12,1.0,2.4720335,1
18:01:57.174405,50,-1.3676926,2.1052933,0.40988797,0.76552004,9.88,0.988,3.2752774,1
18:01:57.174405,50,-1.3076793,2.1456487,0.53523403,0.76552004,5.7599998,0.576,5.405673,1
18:01:57.174405,50,-1.5080489,2.096116,0.5291552,0.76552004,21.119999,1.0,0.29356882,1
18:01:57.174405,50,-1.471077,2.1085463,0.3871792,0.76552004,15.88,1.0,0.9658336,1
18:01:57.174405,50,-1.475952,2.051503,0.5604603,0.76552004,13.12,1.0,0.5430017,1
18:01:57.174405,50,-1.5778134,2.0666637,0.20197102,0.76552004,6.3599997,0.636,1.9010545,1
18:01:57.174405,50,-1.5320269,2.0814335,0.5330894,0.76552004,20.76,1.0,0.25465184,1
18:01:57.174405,50,-1.5646342,2.1257343,0.501868,0.76552004,18.76,1.0,2.2700305,1
18:01:57.174405,50,-1.3717786,1.9725971,1.4459172,1.04384,24.359999,1.0,8.443549,1
18:01:57.174405,50,-1.6495712,2.004588,0.5536801,0.76552004,12.12,1.0,3.8807633,1
18:01:57.174405,50,-1.3853289,2.0620475,1.5260106,0.90468,31.119999,1.0,6.755583,1
18:01:57.174405,50,-1.4199759,2.1136189,1.5141562,0.97412,25.0,1.0,9.4180155,1
18:01:57.174405,50,-1.5870662,2.0472388,0.67734855,1.1830001,8.36,0.83599997,1.3481863,1
18:01:57.174405,50,-1.626383,2.0204096,0.5494407,0.76552004,14.36,1.0,2.629132,1
18:01:57.174405,50,-1.6609985,2.0634115,0.5185673,0.76552004,15.24,1.0,3.39339,1
18:01:57.174405,50,-1.603032,2.0360067,0.5452615,0.76552004,16.76,1.0,1.6459043,1
18:01:57.174405,50,-1.6371505,2.0793405,0.5142992,0.76552004,16.88,1.0,2.7264245,1
18:01:57.174405,50,-1.5227373,2.0225368,0.56822175,0.76552004,11.24,1.0,1.3025886,1
18:01:57.174405,50,-1.5558516,2.0665202,0.5370854,0.76552004,19.119999,1.0,0.46376008,1
18:01:57.174405,50,-1.588966,2.1105034,0.5059491,0.76552004,18.119999,1.0,2.1700938,1
18:01:57.174405,50,-1.4994196,2.037133,0.5643107,0.76552004,12.5199995,1.0,0.79750204,1
18:01:57.174405,50,-1.5689135,1.9926728,0.5762238,0.76552004,9.76,0.97599995,3.0834134,1
18:01:57.174405,50,-1.603032,2.0360067,0.5452615,0.76552004,16.76,1.0,1.6459043,1
18:01:57.174405,50,-1.519862,2.079655,0.39492056,0.76552004,17.52,1.0,0.50430584,1
18:01:57.174405,50,-1.4352199,2.1387641,0.51772773,0.76552004,17.52,1.0,1.8507701,1
18:01:57.174405,50,-1.4523368,2.0656457,0.5566708,0.76552004,12.88,1.0,0.5344937,1
18:01:57.174405,50,-1.5760785,2.1077194,0.3656499,0.76552004,11.0,1.0,1.5982913,1
18:01:57.174405,50,-1.4046731,2.0932431,0.54927605,0.76552004,11.759999,1.0,1.2376115,1
18:01:57.174405,50,-1.33213,2.1328993,0.5386502,0.76552004,7.0,0.7,4.028603,1
18:01:57.174405,50,-1.519862,2.079655,0.39492056,0.76552004,17.52,1.0,0.50430584,1
18:01:57.174405,50,-1.6609985,2.0634115,0.5185673,0.76552004,15.24,1.0,3.39339,1
18:01:57.174405,50,-1.4046731,2.0932431,0.54927605,0.76552004,11.759999,1.0,1.2376115,1
18:01:57.174405,50,-1.5870662,2.0472388,0.67734855,1.1830001,8.36,0.83599997,1.3481863,1
18:01:57.174405,50,-1.3853289,2.0620475,1.5260106,0.90468,31.119999,1.0,6.755583,1
18:01:57.174405,50,-1.3564475,2.1199143,0.5421295,0.76552004,8.5199995,0.852,2.8722668,1
18:01:57.174405,50,-1.3676926,2.1052933,0.40988797,0.76552004,9.88,0.988,3.2752774,1
18:01:57.227611,51,-1.4440904,2.2178383,1.377586,1.04384,27.0,1.0,1.3000449,1
18:01:57.227611,51,-1.2661465,2.008383,1.3342719,0.97412,33.64,1.0,1.8165531,1
18:01:57.227611,51,-1.300185,2.0885835,1.4141841,0.97412,34.239998,1.0,0.79484594,1
18:01:57.227611,51,-1.6297199,2.2141607,0.4395487,0.83496004,9.24,0.92399997,6.460392,1
18:01:57.227611,51,-1.244961,2.020511,1.3310223,0.97412,28.88,1.0,2.0284657,1
18:01:57.227611,51,-1.3727012,2.2278268,1.2623813,1.04384,23.64,1.0,1.0675547,1
18:01:57.227611,51,-1.5721159,2.1851664,0.46666873,0.83496004,11.36,1.0,5.069047,1
18:01:57.227611,51,-1.3492047,2.2409728,1.2588589,1.04384,20.64,1.0,1.3125573,1
18:01:57.227611,51,-1.223651,2.0324335,1.3278277,0.97412,24.359999,1.0,2.288008,1
18:01:57.227611,51,-1.5079576,2.2279944,0.5952473,0.6958,8.5199995,0.852,3.6253417,1
18:01:57.227611,51,-1.3218603,2.2194035,1.1523353,1.04384,17.64,1.0,1.1010054,1
18:01:57.227611,51,-1.2981628,2.2320573,1.1489447,1.04384,15.0,1.0,1.4184133,1
18:01:57.227611,51,-1.3433027,2.0630484,1.4210261,0.97412,37.52,1.0,0.46741304,1
18:01:57.227611,51,-1.2687175,2.2063332,1.0439391,1.04384,12.759999,1.0,1.6084466,1
18:01:57.227611,51,-1.6344098,2.092347,0.17019404,0.76552004,7.8799996,0.788,9.593229,1
18:01:57.227611,51,-1.3081355,1.9835167,1.3409349,0.97412,37.64,1.0,1.535343,1
18:01:57.227611,51,-1.3977374,2.245289,1.3702306,1.04384,26.119999,1.0,1.6075164,1
18:01:57.227611,51,-1.3646612,2.04997,1.4245305,0.97412,39.64,1.0,0.3741226,1
18:01:57.227611,51,-1.4664645,2.2310374,1.4866225,1.04384,26.0,1.0,2.1152217,1
18:01:57.227611,51,-1.4526111,1.9180268,1.4605393,0.97412,23.359999,1.0,1.468622,1
18:01:57.227611,51,-1.432401,1.9252896,1.433069,0.97412,27.88,1.0,1.3898836,1
18:01:57.227611,51,-1.5024998,2.0798233,1.6304183,1.04384,33.88,1.0,1.1263363,1
18:01:57.227611,51,-1.5758207,2.181317,1.612383,1.04384,14.5199995,1.0,3.1574147,1
18:01:57.227611,51,-1.3919888,1.9525721,1.4257586,0.97412,32.52,1.0,1.1493356,1
18:01:57.227611,51,-1.5313623,2.2113311,1.6043407,1.04384,17.24,1.0,3.045283,1
18:01:57.227611,51,-1.4737985,2.174228,1.6097026,1.04384,45.76,1.0,1.790557,1
18:01:57.227611,51,-1.5119259,2.2022674,1.4943314,1.04384,20.359999,1.0,2.0246,1
18:01:57.227611,51,-1.314982,1.9076226,1.3645433,0.97412,12.0,1.0,2.8541005,1
18:01:57.227611,51,-1.3496013,1.957844,1.3478138,0.97412,39.52,1.0,1.4438778,1
18:01:57.227611,51,-1.3858833,2.0366855,1.4280901,0.97412,40.0,1.0,0.32770595,1
18:01:57.227611,51,-1.4892697,2.216762,1.4904474,1.04384,23.519999,1.0,2.0466304,1
18:01:57.227611,51,-1.3701328,1.9447086,1.3513335,0.97412,36.76,1.0,1.4691643,1
18:01:57.227611,51,-1.3289349,1.9707805,1.3443475,0.97412,39.879997,1.0,1.4659207,1
18:01:57.227611,51,-1.2661465,2.008383,1.3342719,0.97412,33.64,1.0,1.8165531,1
18:01:57.227611,51,-1.2661465,2.008383,1.3342719,0.97412,33.64,1.0,1.8165531,1
18:01:57.227611,51,-1.5758207,2.181317,1.612383,1.04384,14.5199995,1.0,3.1574147,1
18:01:57.227611,51,-1.5721159,2.1851664,0.46666873,0.83496004,11.36,1.0,5.069047,1
18:01:57.227611,51,-1.300185,2.0885835,1.4141841,0.97412,34.239998,1.0,0.79484594,1
18:01:57.227611,51,-1.2981628,2.2320573,1.1489447,1.04384,15.0,1.0,1.4184133,1
18:01:57.227611,51,-1.5758207,2.181317,1.612383,1.04384,14.5199995,1.0,3.1574147,1
18:01:57.227611,51,-1.3646612,2.04997,1.4245305,0.97412,39.64,1.0,0.3741226,1
18:01:57.227611,51,-1.3701328,1.9447086,1.3513335,0.97412,36.76,1.0,1.4691643,1
18:01:57.227611,51,-1.5721159,2.1851664,0.46666873,0.83496004,11.36,1.0,5.069047,1
18:01:57.227611,51,-1.5119259,2.2022674,1.4943314,1.04384,20.359999,1.0,2.0246,1
18:01:57.227611,51,-1.3496013,1.957844,1.3478138,0.97412,39.52,1.0,1.4438778,1
18:01:57.227611,51,-1.4440904,2.2178383,1.377586,1.04384,27.0,1.0,1.3000449,1
18:01:57.227611,51,-1.300185,2.0885835,1.4141841,0.97412,34.239998,1.0,0.79484594,1
18:01:57.227611,51,-1.3727012,2.2278268,1.2623813,1.04384,23.64,1.0,1.0675547,1
18:01:57.285967,52,-1.4088022,2.1361568,1.290217,0.97412,59.52,1.0,0.074784294,1
18:01:57.285967,52,-1.3225075,2.2450047,1.0250885,0.83496004,16.52,1.0,3.1493165,1
18:01:57.285967,52,-1.5637699,2.0922868,1.5218364,1.11328,32.36,1.0,3.8096774,1
18:01:57.285967,52,-1.237761,2.1282027,1.1885432,1.04384,24.359999,1.0,3.2015083,1
18:01:57.285967,52,-1.2661465,2.008383,1.3342719,1.04384,6.64,0.664,5.7588077,1
18:01:57.285967,52,-1.4279095,2.0095055,1.435373,1.04384,20.24,1.0,3.489557,1
18:01:57.285967,52,-1.4951804,2.1884892,1.1547334,0.97412,26.24,1.0,1.5151328,1
18:01:57.285967,52,-1.535045,2.160278,1.3930092,1.11328,42.64,1.0,2.5884879,1
18:01:57.285967,52,-1.3454255,2.2065215,1.155787,0.97412,44.239998,1.0,1.4832352,1
18:01:57.285967,52,-1.5688722,2.179088,1.2721682,1.11328,20.24,1.0,3.6806483,1
18:01:57.285967,52,-1.3088311,2.1241689,1.2967018,1.04384,41.0,1.0,1.1554,1
18:01:57.285967,52,-1.5271342,2.016427,1.4328635,1.11328,23.24,1.0,4.884194,1
18:01:57.285967,52,-1.4880781,2.15873,1.2808958,1.11328,54.52,1.0,1.034495,1
18:01:57.285967,52,-1.3960603,2.2144547,1.2659644,0.97412,55.76,1.0,1.7709739,1
18:01:57.285967,52,-1.420544,2.087623,1.4137866,1.11328,44.879997,1.0,0.66481715,1
18:01:57.285967,52,-1.2330574,2.096585,1.3073657,1.04384,20.359999,1.0,3.7500284,1
18:01:57.285967,52,-1.341691,2.0343966,1.324029,1.04384,30.359999,1.0,2.7220511,1
18:01:57.285967,52,-1.3644565,2.0431166,1.4001878,1.04384,29.359999,1.0,2.018128,1
18:01:57.285967,52,-1.4007018,2.2444408,1.1397413,0.97412,23.88,1.0,2.6042876,1
18:01:57.285967,52,-1.3370106,2.142384,1.1788579,0.97412,50.0,1.0,0.5119817,1
18:01:57.285967,52,-1.2667543,2.1711528,1.1437817,0.97412,31.119999,1.0,2.4110177,1
18:01:57.285967,52,-1.4773428,2.1243968,1.4032782,1.11328,51.36,1.0,0.93816745,1
18:01:57.285967,52,-1.5428618,2.080634,1.4150045,1.11328,38.239998,1.0,2.9911852,1
18:01:57.285967,52,-1.397113,2.071887,1.3107107,1.04384,48.36,1.0,0.915799,1
18:01:57.285967,52,-1.2969265,2.2228665,1.1233879,0.76552004,32.0,1.0,2.9638102,1
18:01:57.285967,52,-1.2632003,2.14112,1.2653636,1.04384,29.359999,1.0,2.3976233,1
18:01:57.285967,52,-1.5226973,2.2089515,1.2641664,1.11328,24.88,1.0,3.0485654,1
18:01:57.285967,52,-1.3526125,2.2710366,1.132615,0.97412,19.0,1.0,4.476268,1
18:01:57.285967,52,-1.4482307,2.2169213,1.1471151,0.97412,25.76,1.0,1.6107951,1
18:01:57.285967,52,-1.5796103,2.1301918,1.4010707,1.11328,36.36,1.0,3.8495343,1
18:01:57.285967,52,-1.4423577,2.1870368,1.273311,0.97412,58.52,1.0,0.96414024,1
18:01:57.285967,52,-1.4534589,2.1085086,1.2976253,0.97412,56.76,1.0,0.47973382,1
18:01:57.285967,52,-1.3635819,2.1629367,1.2830414,0.97412,55.879997,1.0,0.53124845,1
18:01:57.285967,52,-1.4636213,2.059763,1.4212517,1.11328,33.52,1.0,1.7014782,1
18:01:57.285967,52,-1.2768961,2.07234,1.3138621,1.04384,27.119999,1.0,2.7327416,1
18:01:57.285967,52,-1.291108,2.1677706,1.1720557,0.97412,36.88,1.0,1.6792899,1
18:01:57.285967,52,-1.5458621,2.1941314,1.2681373,1.11328,22.76,1.0,3.2493436,1
18:01:57.285967,52,-1.3767259,2.2578547,1.136147,0.97412,21.52,1.0,3.4316773,1
18:01:57.285967,52,-1.4717791,2.2028186,1.1508939,0.97412,26.64,1.0,1.4495283,1
18:01:57.285967,52,-1.5125309,2.1749969,1.3890653,1.11328,48.879997,1.0,2.2965019,1
18:01:57.285967,52,-1.4652911,2.1729937,1.2770739,0.97412,58.0,1.0,0.8885054,1
18:01:57.285967,52,-1.3688562,2.1934123,1.1592996,0.97412,50.52,1.0,0.83391464,1
18:01:57.285967,52,-1.3218603,2.2194035,1.1523353,0.97412,37.879997,1.0,2.3461804,1
18:01:57.285967,52,-1.4993331,2.1100206,1.4071304,1.11328,44.76,1.0,1.4011219,1
18:01:57.285967,52,-1.431202,2.1224403,1.2938923,0.97412,59.76,1.0,0.1684804,1
18:01:57.285967,52,-1.3141251,2.155188,1.1754271,0.97412,43.36,1.0,0.99064344,1
18:01:57.285967,52,-1.4421548,2.073797,1.4174913,1.11328,39.52,1.0,1.0760235,1
18:01:57.285967,52,-1.5061132,2.0310767,1.4289382,1.11328,28.0,1.0,3.6034875,1
18:01:57.340050,53,-1.4540431,2.2835941,1.3593119,1.11328,114.759995,1.0,0.34368983,1
18:01:57.340050,53,-1.6138121,2.1709087,1.727295,1.11328,34.76,1.0,3.1093426,1
18:01:57.340050,53,-1.580478,2.23254,1.0114512,1.11328,9.5199995,0.95199996,2.6999023,1
18:01:57.340050,53,-1.3336289,2.3489146,1.1058621,1.11328,27.88,1.0,3.730153,1
18:01:57.340050,53,-1.6755099,2.2417922,1.487669,1.11328,30.64,1.0,4.432505,1
18:01:57.340050,53,-1.420331,2.1074355,1.4889847,1.04384,17.88,1.0,6.2606874,1
18:01:57.340050,53,-1.4862913,2.2404804,1.5965302,1.11328,76.0,1.0,0.4883324,1
18:01:57.340050,53,-1.3018093,2.2665803,1.2519974,1.11328,39.12,1.0,3.2148993,1
18:01:57.340050,53,-1.4365712,2.3314848,1.2280608,1.11328,59.239998,1.0,1.8664836,1
18:01:57.340050,53,-1.3423767,2.2061305,1.3813778,1.04384,27.76,1.0,3.2230713,1
18:01:57.340050,53,-1.6349869,2.21638,1.6075679,1.11328,48.239998,1.0,2.6609144,1
18:01:57.340050,53,-1.5829071,2.2761967,1.3606392,1.11328,55.36,1.0,2.009024,1
18:01:57.340050,53,-1.5471,2.2535017,1.4825672,1.11328,87.119995,1.0,0.6644807,1
18:01:57.340050,53,-1.3971783,2.2725315,1.475504,1.11328,73.0,1.0,0.94655484,1
18:01:57.340050,53,-1.5391603,2.1305702,1.6214006,1.11328,30.519999,1.0,3.486897,1
18:01:57.340050,53,-1.5094688,2.288797,1.2394991,1.11328,72.24,1.0,1.0593486,1
18:01:57.340050,53,-1.5669885,2.2627764,1.5951359,1.11328,72.24,1.0,1.309193,1
18:01:57.340050,53,-1.4099302,2.1928608,1.4948876,1.04384,35.52,1.0,2.0178454,1
18:01:57.340050,53,-1.6058261,2.2893386,1.4749289,1.11328,45.879997,1.0,2.9654257,1
18:01:57.340050,53,-1.3805931,2.2931075,1.2416167,1.11328,80.36,1.0,1.1783699,1
18:01:57.340050,53,-1.3508253,2.271839,1.3631165,1.11328,55.36,1.0,1.7363857,1
18:01:57.340050,53,-1.4664645,2.2310374,1.4866225,1.11328,79.88,1.0,0.27328023,1
18:01:57.340050,53,-1.4737985,2.174228,1.6097026,1.11328,37.52,1.0,2.0448732,1
18:01:57.340050,53,-1.5550184,2.135527,1.7295871,1.11328,26.24,1.0,3.8950415,1
18:01:57.340050,53,-1.3039823,2.296698,1.1257389,1.11328,44.52,1.0,3.2069726,1
18:01:57.340050,53,-1.5758207,2.181317,1.612383,1.11328,49.879997,1.0,1.7707237,1
18:01:57.340050,53,-1.5319186,2.2626042,1.0033956,1.11328,10.5199995,1.0,2.0521696,1
18:01:57.340050,53,-1.5353113,2.3063173,1.3525684,1.11328,71.0,1.0,1.7885578,1
18:01:57.340050,53,-1.3833648,2.3226695,1.1128945,1.11328,41.12,1.0,2.1267755,1
18:01:57.340050,53,-1.4063234,2.311224,1.3519084,1.11328,95.36,1.0,1.1411265,1
18:01:57.340050,53,-1.5005809,2.282941,1.474679,1.11328,112.24,1.0,0.5410158,1
18:01:57.340050,53,-1.332095,2.319311,1.2345955,1.11328,54.239998,1.0,2.6146398,1
18:01:57.340050,53,-1.5313623,2.2113311,1.6043407,1.11328,59.12,1.0,0.83391774,1
18:01:57.340050,53,-1.3646739,2.2196624,1.4877062,1.04384,31.88,1.0,2.4687696,1
18:01:57.340050,53,-1.5937353,2.1816182,1.696434,1.11328,41.64,1.0,2.3739326,1
18:01:57.340050,53,-1.5591872,2.291372,1.356573,1.11328,64.64,1.0,1.8253247,1
18:01:57.340050,53,-1.6524465,2.257865,1.4833622,1.11328,37.52,1.0,3.794827,1
18:01:57.340050,53,-1.4119815,2.3452425,1.2243745,1.11328,49.76,1.0,2.4269147,1
18:01:57.340050,53,-1.4610173,2.3174903,1.2318107,1.11328,67.64,1.0,1.4511757,1
18:01:57.340050,53,-1.3585647,2.3359122,1.1093462,1.11328,33.76,1.0,2.8553543,1
18:01:57.340050,53,-1.4302548,2.2975242,1.3555794,1.11328,108.24,1.0,0.66984683,1
18:01:57.340050,53,-1.5239166,2.2683337,1.478593,1.11328,101.759995,1.0,0.52963704,1
18:01:57.340050,53,-1.3564118,2.3063264,1.2380748,1.11328,66.24,1.0,1.8236052,1
18:01:57.340050,53,-1.657329,2.200479,1.6118284,1.11328,39.64,1.0,3.4092405,1
18:01:57.340050,53,-1.6124812,2.232064,1.6033653,1.11328,59.12,1.0,2.0623393,1
18:01:57.340050,53,-1.3743501,2.2586772,1.3666432,1.11328,64.64,1.0,1.1855346,1
18:01:57.340050,53,-1.4435127,2.2450914,1.4828566,1.11328,78.759995,1.0,0.3518316,1
18:01:57.340050,53,-1.3255732,2.253891,1.2553974,1.11328,46.64,1.0,2.4794774,1
18:01:57.398154,54,-1.5585636,2.3788745,0.0853447,1.11328,151.36,1.0,0.31734556,1
18:01:57.398154,54,-1.5149913,2.527388,-0.3852403,1.11328,15.36,1.0,2.6180625,1
18:01:57.398154,54,-1.7171417,2.1674128,0.30540323,1.11328,39.64,1.0,2.0890923,1
18:01:57.398154,54,-1.7675328,2.373981,-0.26709658,1.11328,10.24,1.0,4.071732,1
18:01:57.398154,54,-1.3926666,2.5492592,-0.14536442,1.11328,26.64,1.0,2.181669,1
18:01:57.398154,54,-1.8053252,2.2787197,0.08724192,1.11328,24.519999,1.0,2.710802,1
18:01:57.398154,54,-1.3879266,2.2637658,-0.026554558,1.11328,14.12,1.0,4.840719,1
18:01:57.398154,54,-1.5758207,2.2073133,0.19015712,1.11328,31.64,1.0,1.8862243,1
18:01:57.398154,54,-1.3816986,2.4131868,0.083447486,1.11328,54.52,1.0,1.9828466,1
18:01:57.398154,54,-1.4952898,2.4945211,-0.029084517,1.11328,67.24,1.0,1.4308475,1
18:01:57.398154,54,-1.6466743,2.459354,-0.26709658,1.11328,20.76,1.0,2.7639675,1
18:01:57.398154,54,-1.6421806,2.4003687,-0.029084517,1.11328,78.88,1.0,1.0733428,1
18:01:57.398154,54,-1.459651,2.3329911,-0.1259301,0.83496004,5.8799996,0.588,1.2558662,1
18:01:57.398154,54,-1.7176898,2.2595105,0.19900489,1.11328,58.12,1.0,1.1633365,1
18:01:57.398154,54,-1.3640174,2.496817,-0.028452026,1.11328,47.12,1.0,1.9964247,1
18:01:57.398154,54,-1.6891804,2.3661005,0.08724192,1.11328,62.52,1.0,1.5230216,1
18:01:57.398154,54,-1.4664645,2.2878885,0.08155027,1.11328,44.239998,1.0,1.8393701,1
18:01:57.398154,54,-1.5208689,2.3213403,0.194581,1.11328,107.759995,1.0,0.8968364,1
18:01:57.398154,54,-1.614848,2.464783,-0.3852403,1.11328,23.119999,1.0,2.8173869,1
18:01:57.398154,54,-1.3508253,2.3592656,-0.027187048,1.11328,29.88,1.0,3.2078767,1
18:01:57.398154,54,-1.5694414,2.4485466,-0.029084517,1.11328,97.64,1.0,1.0394006,1
18:01:57.398154,54,-1.7846919,2.2069707,0.19900489,1.11328,39.0,1.0,2.0137804,1
18:01:57.398154,54,-1.6491417,2.3100166,0.19900489,1.11328,109.24,1.0,0.7448163,1
18:01:57.398154,54,-1.4621873,2.4392977,0.0853447,1.11328,105.759995,1.0,1.0380031,1
18:01:57.398154,54,-1.3971783,2.3308463,0.08155027,1.11328,39.12,1.0,2.6218169,1
18:01:57.398154,54,-1.4605575,2.2765825,-0.08351824,0.90468,9.12,0.912,2.416669,1
18:01:57.398154,54,-1.4382969,2.4547791,-0.028452026,1.11328,86.52,1.0,0.88529,1
18:01:57.398154,54,-1.657329,2.2259657,0.194581,1.11328,58.0,1.0,0.94927967,1
18:01:57.398154,54,-1.3580413,2.427854,-0.027819537,1.11328,45.239998,1.0,2.0390184,1
18:01:57.398154,54,-1.4770951,2.3560033,0.083447486,1.11328,91.64,1.0,0.72627723,1
18:01:57.398154,54,-1.5089022,2.2535875,0.19015712,1.11328,40.52,1.0,1.9703914,1
18:01:57.398154,54,-1.6955287,2.4259307,-0.26709658,1.11328,17.76,1.0,3.1526945,1
18:01:57.398154,54,-1.5652326,2.496585,-0.3852403,1.11328,21.88,1.0,2.6218443,1
18:01:57.398154,54,-1.7361615,2.331846,0.08724192,1.11328,38.12,1.0,1.8626173,1
18:01:57.398154,54,-1.4433699,2.5208979,-0.14536442,1.11328,41.36,1.0,1.5548825,1
18:01:57.398154,54,-1.5106775,2.409568,0.0853447,1.11328,126.36,1.0,0.57751113,1
18:01:57.398154,54,-1.6058261,2.3472297,0.0853447,1.11328,129.87999,1.0,0.25453576,1
18:01:57.398154,54,-1.4296827,2.385072,0.083447486,1.11328,78.52,1.0,1.2468361,1
18:01:57.398154,54,-1.5669885,2.2904606,0.194581,1.11328,96.24,1.0,0.7092526,1
18:01:57.398154,54,-1.6124812,2.2586648,0.194581,1.11328,83.36,1.0,0.72714853,1
18:01:57.398154,54,-1.4586439,2.3117561,0.061613146,0.90468,7.0,0.7,1.5041606,1
18:01:57.398154,54,-1.743705,2.3915374,-0.26709658,1.11328,12.24,1.0,3.720804,1
18:01:57.398154,54,-1.719703,2.4088545,-0.26709658,1.11328,14.759999,1.0,3.4144194,1
18:01:57.398154,54,-1.5901198,2.480808,-0.3852403,1.11328,23.64,1.0,2.695877,1
18:01:57.398154,54,-1.5401889,2.5121121,-0.3852403,1.11328,18.64,1.0,2.595738,1
18:01:57.398154,54,-1.5448779,2.4641185,-0.029084517,1.11328,83.759995,1.0,1.1220717,1
18:01:57.398154,54,-1.6180952,2.4166703,-0.029084517,1.11328,94.36,1.0,1.0153791,1
18:01:57.398154,54,-1.4702703,2.509349,-0.029084517,1.11328,52.76,1.0,1.6579558,1
18:01:57.451356,55,-1.6860031,2.464424,-0.54335475,1.11328,15.639999,1.0,0.31732383,1
18:01:57.451356,55,-1.5534245,2.04343,-2.2513041,0.97412,8.88,0.88799995,7.3045063,1
18:01:57.451356,55,-1.5430933,2.758683,-1.4496683,0.83496004,10.88,1.0,3.6259356,1
18:01:57.451356,55,-1.7724726,2.2838056,0.3192902,1.11328,27.119999,1.0,3.8426883,1
18:01:57.451356,55,-1.4197925,2.5382507,-0.029084517,1.04384,32.52,1.0,1.9864843,1
18:01:57.451356,55,-1.6711342,2.4426901,-0.9155216,0.76552004,5.8799996,0.588,0.48953593,1
18:01:57.451356,55,-1.7746269,2.383509,-0.029717006,1.11328,21.76,1.0,2.1605184,1
18:01:57.451356,55,-1.4751009,2.3528223,0.16681987,1.04384,19.0,1.0,1.1943983,1
18:01:57.451356,55,-1.4441434,2.2530644,-2.1202013,0.97412,6.64,0.664,5.1972804,1
18:01:57.451356,55,-1.4962385,2.5536697,-0.26709658,1.11328,29.519999,1.0,0.874186,1
18:01:57.451356,55,-1.4827261,2.5306077,-0.7802395,0.76552004,6.7599998,0.676,0.8923126,1
18:01:57.451356,55,-1.3423767,2.2910697,-0.026554558,1.1830001,5.52,0.552,2.0669224,1
18:01:57.451356,55,-1.6512996,2.466262,-0.1485256,1.11328,43.64,1.0,0.4160865,1
18:01:57.451356,55,-1.4566505,2.8676147,-1.3221053,0.83496004,7.0,0.7,6.171355,1
18:01:57.451356,55,-1.6382408,2.39461,0.20342878,1.11328,57.879997,1.0,1.2132854,1
18:01:57.451356,55,-1.6555569,2.8255827,-1.3461522,1.04384,7.8799996,0.788,3.1131248,1
18:01:57.451356,55,-1.6790416,2.678113,-1.4496683,1.11328,10.639999,1.0,2.1689909,1
18:01:57.451356,55,-1.5442599,2.4631329,0.08724192,1.04384,64.88,1.0,0.78308344,1
18:01:57.451356,55,-1.5983086,2.4935834,-0.66232693,1.11328,13.0,1.0,0.065634005,1
18:01:57.451356,55,-1.8070658,2.377079,-0.54335475,1.11328,10.5199995,1.0,2.2003415,1
18:01:57.451356,55,-1.5259743,2.5457106,-0.1485256,1.11328,35.88,1.0,0.72414213,1
18:01:57.451356,55,-1.4973134,2.555504,-0.66232693,1.11328,7.8799996,0.788,0.80461335,1
18:01:57.451356,55,-1.7326893,2.3271823,0.20342878,1.11328,32.88,1.0,2.4805305,1
18:01:57.451356,55,-1.4696822,2.5083454,0.08724192,1.04384,47.64,1.0,1.4228418,1
18:01:57.451356,55,-1.5110754,2.2087328,-2.1202013,0.97412,8.36,0.83599997,5.0808935,1
18:01:57.451356,55,-1.5791095,2.358444,0.19900489,1.04384,38.0,1.0,1.079218,1
18:01:57.451356,55,-1.5137076,2.8379102,-1.3221053,0.83496004,9.639999,0.964,4.662238,1
18:01:57.451356,55,-1.3743501,2.3456395,-0.027187048,1.1830001,19.119999,1.0,1.7219578,1
18:01:57.451356,55,-1.6251471,2.711156,-1.4496683,0.83496004,12.0,1.0,2.5025177,1
18:01:57.451356,55,-1.759166,2.4127424,-0.54335475,1.11328,13.36,1.0,1.2288626,1
18:01:57.451356,55,-1.7266049,2.4185226,-0.029717006,1.11328,31.88,1.0,1.3266203,1
18:01:57.451356,55,-1.5765798,2.514684,-0.1485256,1.11328,42.0,1.0,0.3794025,1
18:01:57.451356,55,-1.6478573,2.4611208,-0.66232693,1.11328,15.639999,1.0,0.13767746,1
18:01:57.451356,55,-1.5481206,2.5250487,-0.66232693,1.11328,9.24,0.92399997,0.28738895,1
18:01:57.451356,55,-1.4448693,2.5830817,-0.26709658,1.11328,19.64,1.0,1.670965,1
18:01:57.451356,55,-1.5900241,2.4268937,0.20342878,1.04384,70.64,1.0,0.9986787,1
18:01:57.451356,55,-1.6858021,2.3613684,0.20342878,1.11328,48.76,1.0,1.7080723,1
18:01:57.451356,55,-1.4852533,2.852905,-1.3221053,0.83496004,8.24,0.824,5.373656,1
18:01:57.451356,55,-1.5979548,2.7272716,-1.4496683,0.83496004,11.759999,1.0,2.7937324,1
18:01:57.451356,55,-1.652177,2.6947691,-1.4496683,1.11328,11.5199995,1.0,2.2943375,1
18:01:57.451356,55,-1.7105626,2.4474409,-0.54335475,1.11328,14.759999,1.0,0.5479302,1
18:01:57.451356,55,-1.7832052,2.3950305,-0.54335475,1.11328,11.88,1.0,1.6784763,1
18:01:57.451356,55,-1.7507035,2.401136,-0.029717006,1.11328,26.359999,1.0,1.707566,1
18:01:57.451356,55,-1.7983729,2.365644,-0.029717006,1.11328,18.0,1.0,2.6850898,1
18:01:57.451356,55,-1.6016475,2.4987926,-0.1485256,1.11328,46.239998,1.0,0.31801435,1
18:01:57.451356,55,-1.6758792,2.449626,-0.1485256,1.11328,38.0,1.0,0.5750293,1
18:01:57.451356,55,-1.6265548,2.4826515,-0.1485256,1.11328,46.879997,1.0,0.33032465,1
18:01:57.451356,55,-1.5732932,2.5094416,-0.66232693,1.11328,11.0,1.0,0.13967331,1
18:01:57.510151,56,-1.6834521,2.3779984,0.94704354,1.73964,9.24,0.92399997,2.081976,1
18:01:57.510151,56,-1.5256194,2.0678785,-0.3429408,0.06972,7.7599998,0.77599996,3.5959764,1
18:01:57.510151,56,-1.666133,2.2881222,1.7102647,1.04384,22.76,1.0,3.6453967,1
18:01:57.510151,56,-1.5726562,2.5657988,-0.095746525,0.83496004,6.0,0.59999996,7.889802,1
18:01:57.510151,56,-1.3452593,2.5811574,1.4006646,1.04384,34.12,1.0,3.060156,1
18:01:57.510151,56,-1.5432222,1.9409425,0.14290226,0.20888,11.24,1.0,3.1286335,1
18:01:57.510151,56,-1.7947081,2.2975585,-0.009268242,1.04384,10.76,1.0,7.560026,1
18:01:57.510151,56,-1.4770951,2.2973223,1.4708256,1.04384,23.519999,1.0,1.4690108,1
18:01:57.510151,56,-1.6337724,2.5170012,1.5453365,1.04384,27.76,1.0,2.1020017,1
18:01:57.510151,56,-1.5711597,2.3311234,-0.15272684,1.04384,18.0,1.0,3.6862206,1
18:01:57.510151,56,-1.5670596,2.3816233,0.787647,1.73964,11.5199995,1.0,0.3091458,1
18:01:57.510151,56,-1.4416367,2.4847276,1.5448242,1.04384,68.64,1.0,0.978936,1
18:01:57.510151,56,-1.5336033,2.551816,1.4104908,1.04384,42.36,1.0,0.71199685,1
18:01:57.510151,56,-1.4288117,2.403582,-0.17214213,1.04384,9.5199995,0.95199996,6.2444906,1
18:01:57.510151,56,-1.5842941,2.4183898,1.6825479,1.04384,71.64,1.0,1.3571566,1
18:01:57.510151,56,-1.7095805,2.251883,-0.13149446,1.04384,15.12,1.0,4.520571,1
18:01:57.510151,56,-1.4549838,2.5647242,1.2813641,1.04384,32.0,1.0,0.98310727,1
18:01:57.510151,56,-1.6538492,1.9910841,-0.32236385,0.13916,9.639999,0.964,3.1759908,1
18:01:57.510151,56,-1.3634717,2.4328642,1.4364713,1.04384,27.0,1.0,2.717505,1
18:01:57.510151,56,-1.531628,2.3596368,1.5737623,1.04384,57.76,1.0,0.9340553,1
18:01:57.510151,56,-1.3192369,2.56429,1.2821352,1.04384,26.88,1.0,3.9696174,1
18:01:57.510151,56,-1.6703484,2.319073,0.8044073,1.73964,10.0,1.0,1.47577,1
18:01:57.510151,56,-1.4477946,1.9987322,0.12741755,0.20888,9.24,0.92399997,4.477905,1
18:01:57.510151,56,-1.6921296,2.423007,1.6884992,1.04384,33.64,1.0,3.798515,1
18:01:57.510151,56,-1.6114247,2.5062447,1.4227015,1.04384,33.64,1.0,1.3893383,1
18:01:57.510151,56,-1.4240918,2.5410295,1.4114168,1.04384,57.0,1.0,1.1785476,1
18:01:57.510151,56,-1.5241419,2.5098112,1.542683,1.04384,97.36,1.0,0.5671226,1
18:01:57.510151,56,-1.459263,2.4029746,1.5621499,1.04384,57.12,1.0,1.0849048,1
18:01:57.510151,56,-1.3744411,2.6057224,1.2703786,1.04384,21.24,1.0,2.5811112,1
18:01:57.510151,56,-1.620454,2.465849,1.6464235,1.04384,54.36,1.0,1.8147948,1
18:01:57.510151,56,-1.5514753,2.360884,1.6614743,1.04384,51.0,1.0,1.2828096,1
18:01:57.510151,56,-1.3681995,2.5002863,1.4203697,1.04384,33.0,1.0,2.3358397,1
18:01:57.510151,56,-1.5411716,2.4270966,1.5602664,1.04384,95.52,1.0,0.63020617,1
18:01:57.510151,56,-1.679727,2.3553255,1.699446,1.04384,35.88,1.0,3.552359,1
18:01:57.510151,56,-1.498555,2.3014662,1.5560286,1.04384,22.119999,1.0,1.504996,1
18:01:57.510151,56,-1.4739465,2.5327048,1.5058479,1.04384,89.0,1.0,0.66083765,1
18:01:57.510151,56,-1.4861996,2.3754244,-0.16459727,1.04384,11.36,1.0,4.79692,1
18:01:57.510151,56,-1.6270189,2.3002303,-0.14444907,1.04384,19.119999,1.0,3.6280205,1
18:01:57.510151,56,-1.4112042,2.424894,1.5268828,1.04384,41.52,1.0,1.6844118,1
18:01:57.510151,56,-1.599226,2.3727653,-0.19118196,0.83496004,15.759999,1.0,4.7269564,1
18:01:57.510151,56,-1.5997243,2.4645464,1.5548117,1.04384,69.24,1.0,1.2067147,1
18:01:57.510151,56,-1.734502,2.3449824,0.9558901,1.73964,8.5199995,0.852,3.5197253,1
18:01:57.510151,56,-1.6190279,2.350847,0.7958935,1.73964,10.76,1.0,0.66136986,1
18:01:57.510151,56,-1.4809513,2.5809355,1.4026881,1.04384,37.76,1.0,0.8533176,1
18:01:57.510151,56,-1.6844205,2.4849489,1.5539248,1.04384,18.52,1.0,3.3661184,1
18:01:57.510151,56,-1.5773871,2.0379047,-0.33490938,0.06972,9.5199995,0.95199996,3.0720413,1
18:01:57.510151,56,-1.3166271,2.5262206,1.4134207,1.04384,26.119999,1.0,3.9411173,1
18:01:57.510151,56,-1.4917024,2.4563928,1.5524164,1.04384,94.64,1.0,0.58151114,1
18:01:57.561814,57,-1.5927137,2.5584939,1.2823813,1.04384,88.88,1.0,1.3750995,1
18:01:57.561814,57,-1.7412083,2.3483346,0.49573302,-3.5487201,8.12,0.812,6.5880756,1
18:01:57.561814,57,-1.7264451,2.3224232,1.7082621,0.97412,19.76,1.0,3.9229145,1
18:01:57.561814,57,-1.2600824,2.5833247,1.0253962,1.11328,49.36,1.0,6.2872043,1
18:01:57.561814,57,-1.4667429,2.4706812,1.5485879,0.97412,21.88,1.0,2.6067526,1
18:01:57.561814,57,-1.751678,2.453498,1.0484357,1.46132,22.119999,1.0,2.8595576,1
18:01:57.561814,57,-1.7912741,2.3796706,0.7647241,1.3916,13.5199995,1.0,4.3543468,1
18:01:57.561814,57,-1.3473152,2.6188676,1.2668564,1.04384,84.88,1.0,2.0164526,1
18:01:57.561814,57,-1.5080124,2.5846572,0.9807117,1.46132,30.88,1.0,0.9575814,1
18:01:57.561814,57,-1.5908029,2.4404256,0.6175853,1.3916,9.76,0.97599995,3.3546982,1
18:01:57.561814,57,-1.6187471,2.4709816,1.6756444,0.97412,56.879997,1.0,1.3469938,1
18:01:57.561814,57,-1.6970142,2.5259876,1.4193678,1.04384,55.879997,1.0,3.631385,1
18:01:57.561814,57,-1.4544019,2.5951123,1.3988895,1.04384,123.88,1.0,0.9580386,1
18:01:57.561814,57,-1.4834042,2.5827553,1.1476552,1.04384,101.64,1.0,0.51672333,1
18:01:57.561814,57,-1.5554465,2.3447273,1.5777572,0.97412,10.88,1.0,6.4577293,1
18:01:57.561814,57,-1.608202,2.5326588,1.5411409,0.97412,88.24,1.0,1.593099,1
18:01:57.561814,57,-1.3458393,2.6510906,1.1293449,1.11328,56.76,1.0,2.120603,1
18:01:57.561814,57,-1.6456575,2.519138,1.0308474,1.46132,35.88,1.0,1.5557934,1
18:01:57.561814,57,-1.6981041,2.3768802,0.6346122,1.3916,13.88,1.0,4.381364,1
18:01:57.561814,57,-1.5043381,2.5927966,1.5250272,1.04384,124.52,1.0,1.6286361,1
18:01:57.561814,57,-1.5122975,2.6034856,1.2703259,1.04384,106.88,1.0,1.3498456,1
18:01:57.561814,57,-1.6561148,2.3714364,1.695129,0.97412,30.88,1.0,2.775981,1
18:01:57.561814,57,-1.5411716,2.4270966,1.5602664,0.97412,29.519999,1.0,2.2611544,1
18:01:57.561814,57,-1.5616788,2.4285686,1.6498755,0.97412,32.52,1.0,2.1242058,1
18:01:57.561814,57,-1.5644051,2.565652,1.0183841,1.46132,36.239998,1.0,1.1476809,1
18:01:57.561814,57,-1.2911108,2.6097822,1.1436732,1.11328,59.239998,1.0,3.765836,1
18:01:57.561814,57,-1.3979532,2.5546591,1.4077648,0.97412,48.52,1.0,1.7641661,1
18:01:57.561814,57,-1.3142198,2.6243894,1.0085307,1.11328,47.52,1.0,2.9508948,1
18:01:57.561814,57,-1.4471879,2.5528655,1.5311466,0.97412,62.879997,1.0,1.2139522,1
18:01:57.561814,57,-1.5241419,2.5098112,1.542683,0.97412,72.24,1.0,0.6905442,1
18:01:57.561814,57,-1.7385534,2.413767,0.7555879,1.3916,14.36,1.0,3.3068058,1
18:01:57.561814,57,-1.6990076,2.48683,1.0395043,1.46132,29.519999,1.0,2.1021442,1
18:01:57.561814,57,-1.6447824,2.409171,0.6259599,1.3916,11.0,1.0,3.7206616,1
18:01:57.561814,57,-1.6448745,2.558269,1.4107181,1.04384,77.24,1.0,3.1986668,1
18:01:57.561814,57,-1.4012883,2.6245546,1.1364553,1.11328,79.88,1.0,1.2719007,1
18:01:57.561814,57,-1.5565814,2.5632293,1.5329497,1.04384,102.0,1.0,1.5067285,1
18:01:57.561814,57,-1.5746868,2.4798777,1.5507036,0.97412,69.119995,1.0,0.65095866,1
18:01:57.561814,57,-1.6083959,2.40297,1.6866796,0.97412,33.239998,1.0,2.329553,1
18:01:57.561814,57,-1.5956401,2.4813817,1.6422615,0.97412,63.64,1.0,1.0810642,1
18:01:57.561814,57,-1.765002,2.396846,0.7601219,1.3916,14.24,1.0,3.800007,1
18:01:57.561814,57,-1.5916493,2.550409,1.0224683,1.46132,37.0,1.0,1.2273508,1
18:01:57.561814,57,-1.6724162,2.503113,1.0351413,1.46132,33.12,1.0,1.802218,1
18:01:57.561814,57,-1.725429,2.4702911,1.0439359,1.46132,25.64,1.0,2.454796,1
18:01:57.561814,57,-1.5370045,2.5806305,1.0143706,1.46132,34.0,1.0,1.1262075,1
18:01:57.561814,57,-1.6715269,2.3931544,0.6302515,1.3916,12.639999,1.0,4.0146594,1
18:01:57.561814,57,-1.4803334,2.5990899,0.9768445,1.11328,27.519999,1.0,1.0680909,1
18:01:57.561814,57,-1.566064,2.5737498,1.2782935,1.04384,99.24,1.0,1.3129835,1
18:01:57.561814,57,-1.5392578,2.5887475,1.2742748,1.04384,106.0,1.0,1.3041124,1
18:01:57.620049,58,-1.5700556,2.6732643,1.3818692,0.97412,26.88,1.0,2.2009163,1
18:01:57.620049,58,-1.90012,2.38161,0.60476506,1.53076,9.24,0.92399997,5.9464216,1
18:01:57.620049,58,-1.7867254,2.5025873,1.0293969,1.25244,6.8799996,0.68799996,1.9685322,1
18:01:57.620049,58,-1.7281445,2.4745777,1.6818693,0.97412,26.359999,1.0,4.6800323,1
18:01:57.620049,58,-1.6352144,2.543425,0.7091231,1.53076,5.52,0.552,3.346277,1
18:01:57.620049,58,-1.4377216,2.392275,1.4473472,0.97412,7.8799996,0.788,5.830741,1
18:01:57.620049,58,-1.3187091,2.5940235,1.3972172,0.97412,24.519999,1.0,3.8647304,1
18:01:57.620049,58,-1.5957055,2.616985,0.998744,1.25244,5.7599998,0.576,2.1554499,1
18:01:57.620049,58,-1.7017341,2.6217034,1.5264233,0.97412,17.52,1.0,3.2666461,1
18:01:57.620049,58,-1.5900241,2.3968506,1.5683708,0.97412,27.0,1.0,4.181979,1
18:01:57.620049,58,-1.4514931,2.6213486,1.5173767,0.97412,62.239998,1.0,1.026005,1
18:01:57.620049,58,-1.7371024,2.48704,0.5765151,1.53076,7.52,0.752,4.0713716,1
18:01:57.620049,58,-1.7996233,2.4438612,0.7358011,1.53076,9.36,0.936,3.1129687,1
18:01:57.620049,58,-1.4310426,2.7457504,1.3624467,0.97412,20.64,1.0,5.256013,1
18:01:57.620049,58,-1.6040962,2.5498126,1.6304628,0.97412,59.76,1.0,1.2724172,1
18:01:57.620049,58,-1.450088,2.5271482,1.4151363,0.97412,61.52,1.0,1.1617682,1
18:01:57.620049,58,-1.9056666,2.372271,0.75498366,1.53076,7.52,0.752,5.708681,1
18:01:57.620049,58,-1.5942035,2.6853845,1.5093601,0.97412,25.519999,1.0,3.0064752,1
18:01:57.620049,58,-1.5241419,2.5098112,1.542683,0.97412,68.24,1.0,0.85065305,1
18:01:57.620049,58,-1.8194299,2.435506,0.5903236,1.53076,9.76,0.97599995,4.373554,1
18:01:57.620049,58,-1.718192,2.4948344,0.72214293,1.53076,8.88,0.88799995,2.6233032,1
18:01:57.620049,58,-1.6785837,2.5695407,1.0114567,1.25244,7.12,0.712,1.3070058,1
18:01:57.620049,58,-1.687517,2.5759573,1.6618648,0.97412,31.88,1.0,3.149788,1
18:01:57.620049,58,-1.3681995,2.5002863,1.4203697,0.97412,29.0,1.0,3.561606,1
18:01:57.620049,58,-1.673867,2.417112,1.5675217,0.97412,22.64,1.0,3.8362665,1
18:01:57.620049,58,-1.4553754,2.683656,1.4732382,0.97412,56.36,1.0,2.308782,1
18:01:57.620049,58,-1.8259927,2.499248,0.558954,1.6699201,6.64,0.664,5.0044537,1
18:01:57.620049,58,-1.3747324,2.7042265,1.3716089,0.97412,41.12,1.0,4.288886,1
18:01:57.620049,58,-1.5355649,2.6466172,1.5151677,0.97412,66.64,1.0,1.2839406,1
18:01:57.620049,58,-1.3738915,2.636094,1.3879085,0.97412,42.879997,1.0,2.6786082,1
18:01:57.620049,58,-1.6111954,2.6184306,1.6185879,0.97412,54.64,1.0,1.8640767,1
18:01:57.620049,58,-1.5305363,2.578139,1.5289546,0.97412,76.24,1.0,0.3792838,1
18:01:57.620049,58,-1.5997243,2.4645464,1.5548117,0.97412,46.0,1.0,1.7983613,1
18:01:57.620049,58,-1.4445256,2.45953,1.4312904,0.97412,46.879997,1.0,2.8151717,1
18:01:57.620049,58,-1.4739465,2.5327048,1.5058479,0.97412,70.88,1.0,0.8116234,1
18:01:57.620049,58,-1.542175,2.421131,1.5318177,0.97412,39.76,1.0,3.1284287,1
18:01:57.620049,58,-1.8530155,2.4085784,0.7452552,1.53076,8.24,0.824,4.1290393,1
18:01:57.620049,58,-1.7330011,2.5365863,1.0202868,1.25244,7.3599997,0.736,1.3779105,1
18:01:57.620049,58,-1.2906421,2.5388129,1.4100466,0.97412,19.0,1.0,5.360092,1
18:01:57.620049,58,-1.4870967,2.7175624,1.3699996,0.97412,23.24,1.0,3.6892567,1
18:01:57.620049,58,-1.6532001,2.5235734,1.6687409,0.97412,40.0,1.0,2.3953989,1
18:01:57.620049,58,-1.3979532,2.5546591,1.4077648,0.97412,39.36,1.0,1.894169,1
18:01:57.620049,58,-1.4946917,2.4311385,1.4388978,0.97412,45.52,1.0,2.9119055,1
18:01:57.620049,58,-1.4816229,2.6757622,1.5073584,0.97412,63.12,1.0,1.9538887,1
18:01:57.620049,58,-1.635669,2.6080577,1.6532633,0.97412,46.36,1.0,2.352603,1
18:01:57.620049,58,-1.4257793,2.629082,1.4839504,0.97412,52.12,1.0,1.4113741,1
18:01:57.620049,58,-1.7093087,2.503685,0.5720551,1.53076,6.3599997,0.636,4.247174,1
18:01:57.620049,58,-1.7647222,2.4701273,0.5810468,1.53076,8.639999,0.86399996,4.0330257,1
18:01:57.667441,59,-1.5425559,2.6882973,1.3778412,0.97412,27.359999,1.0,1.630071,1
18:01:57.667441,59,-1.4514931,2.6213486,1.5173767,0.97412,30.119999,1.0,1.1955733,1
18:01:57.667441,59,-1.4816229,2.6757622,1.5073584,0.97412,38.64,1.0,1.0383421,1
18:01:57.667441,59,-1.5149021,2.7030637,1.3738846,0.97412,28.0,1.0,2.362831,1
18:01:57.667441,59,-1.4248515,2.6352403,1.5136544,0.97412,27.119999,1.0,1.3538847,1
18:01:57.667441,59,-1.4544284,2.6899421,1.5035589,0.97412,34.76,1.0,1.742827,1
18:01:57.667441,59,-1.6203804,2.6587305,0.18496937,0.34804,7.64,0.764,4.796157,1
18:01:57.667441,59,-1.4024104,2.6908138,1.3752028,0.97412,30.24,1.0,2.2163754,1
18:01:57.667441,59,-1.4829806,2.6764688,0.98280543,0.90468,8.76,0.876,1.2390392,1
18:01:57.667441,59,-1.3747324,2.7042265,1.3716089,0.97412,25.76,1.0,3.2957828,1
18:01:57.667441,59,-1.5348694,2.6758475,0.016886193,0.27832,10.36,1.0,7.5313573,1
18:01:57.667441,59,-1.5067865,2.6548893,-0.1438106,0.83496004,8.76,0.876,10.790854,1
18:01:57.667441,59,-1.5086694,2.66132,1.5112282,0.97412,40.76,1.0,0.5635667,1
18:01:57.667441,59,-1.3738915,2.636094,1.3879085,0.83496004,23.76,1.0,2.903495,1
18:01:57.667441,59,-1.4779896,2.6072001,1.5211676,0.97412,32.0,1.0,1.2781694,1
18:01:57.667441,59,-1.576768,2.5703754,1.6562003,0.97412,28.24,1.0,2.5779643,1
18:01:57.667441,59,-1.5669156,2.7006516,1.5052692,0.97412,25.64,1.0,3.3940167,1
18:01:57.667441,59,-1.661676,2.5921328,1.6575305,0.97412,24.76,1.0,2.5175629,1
18:01:57.667441,59,-1.6024065,2.555021,1.6603146,0.97412,24.88,1.0,3.676998,1
18:01:57.667441,59,-1.635669,2.6080577,1.6532633,0.97412,29.119999,1.0,1.76566,1
18:01:57.667441,59,-1.7543458,2.5561454,0.7281537,1.94824,5.7599998,0.576,5.7711616,1
18:01:57.667441,59,-1.8173561,2.6388218,0.6483924,-3.9662,12.0,1.0,6.0156126,1
18:01:57.667441,59,-1.4471879,2.5528655,1.5311466,0.97412,14.12,1.0,6.3744326,1
18:01:57.667441,59,-1.7843014,2.590826,0.6729759,1.94824,10.24,1.0,4.7408314,1
18:01:57.667441,59,-1.8354656,2.6278684,0.49591044,0.6958,8.639999,0.86399996,6.761208,1
18:01:57.667441,59,-1.5250206,2.6003375,1.648172,0.97412,30.88,1.0,1.1854343,1
18:01:57.667441,59,-1.5566767,2.6543148,1.6408689,0.97412,37.879997,1.0,1.0989441,1
18:01:57.667441,59,-1.5942035,2.6853845,1.5093601,0.97412,23.119999,1.0,2.7980862,1
18:01:57.667441,59,-1.5043381,2.5927966,1.5250272,0.97412,32.36,1.0,1.6093953,1
18:01:57.667441,59,-1.5355649,2.6466172,1.5151677,0.97412,40.52,1.0,0.3266029,1
18:01:57.667441,59,-1.6094983,2.623731,1.6490638,0.97412,33.76,1.0,1.2845935,1
18:01:57.667441,59,-1.7843014,2.590826,0.6729759,1.94824,10.24,1.0,4.7408314,1
18:01:57.667441,59,-1.6024065,2.555021,1.6603146,0.97412,24.88,1.0,3.676998,1
18:01:57.667441,59,-1.5149021,2.7030637,1.3738846,0.97412,28.0,1.0,2.362831,1
18:01:57.667441,59,-1.5250206,2.6003375,1.648172,0.97412,30.88,1.0,1.1854343,1
18:01:57.667441,59,-1.8354656,2.6278684,0.49591044,0.6958,8.639999,0.86399996,6.761208,1
18:01:57.667441,59,-1.8354656,2.6278684,0.49591044,0.6958,8.639999,0.86399996,6.761208,1
18:01:57.667441,59,-1.8354656,2.6278684,0.49591044,0.6958,8.639999,0.86399996,6.761208,1
18:01:57.667441,59,-1.5067865,2.6548893,-0.1438106,0.83496004,8.76,0.876,10.790854,1
18:01:57.667441,59,-1.7843014,2.590826,0.6729759,1.94824,10.24,1.0,4.7408314,1
18:01:57.667441,59,-1.5425559,2.6882973,1.3778412,0.97412,27.359999,1.0,1.630071,1
18:01:57.667441,59,-1.4544284,2.6899421,1.5035589,0.97412,34.76,1.0,1.742827,1
18:01:57.667441,59,-1.5669156,2.7006516,1.5052692,0.97412,25.64,1.0,3.3940167,1
18:01:57.667441,59,-1.5149021,2.7030637,1.3738846,0.97412,28.0,1.0,2.362831,1
18:01:57.667441,59,-1.5086694,2.66132,1.5112282,0.97412,40.76,1.0,0.5635667,1
18:01:57.667441,59,-1.6094983,2.623731,1.6490638,0.97412,33.76,1.0,1.2845935,1
18:01:57.667441,59,-1.7843014,2.590826,0.6729759,1.94824,10.24,1.0,4.7408314,1
18:01:57.667441,59,-1.7543458,2.5561454,0.7281537,1.94824,5.7599998,0.576,5.7711616,1
18:01:57.722999,60,-1.4009056,2.7802646,1.4512786,0.83496004,35.76,1.0,3.992122,1
18:01:57.722999,60,-1.4544284,2.6899421,1.5035589,0.90468,42.239998,1.0,1.494433,1
18:01:57.722999,60,-1.4841226,2.7448611,1.4934233,0.90468,40.76,1.0,2.098491,1
18:01:57.722999,60,-1.4270884,2.703859,1.4998299,0.90468,39.52,1.0,1.5976173,1
18:01:57.722999,60,-1.4562244,2.759062,1.4896182,0.90468,38.879997,1.0,2.756169,1
18:01:57.722999,60,-1.3728764,2.7246373,1.4622574,0.83496004,35.64,1.0,2.0885682,1
18:01:57.722999,60,-1.4308666,2.8146474,1.3459499,0.90468,23.359999,1.0,6.3159323,1
18:01:57.722999,60,-1.4068315,2.6758866,-0.18522814,0.13916,16.76,1.0,7.047883,1
18:01:57.722999,60,-1.5553535,2.7518196,0.14067523,0.76552004,23.24,1.0,2.812148,1
18:01:57.722999,60,-1.5926701,2.7065837,-0.013100398,0.13916,17.52,1.0,2.6139953,1
18:01:57.722999,60,-1.5612371,2.721816,-0.017181888,0.13916,18.88,1.0,2.9069784,1
18:01:57.722999,60,-1.5067865,2.6548893,-0.1438106,0.13916,19.64,1.0,5.922209,1
18:01:57.722999,60,-1.5555845,2.783148,-0.055452917,0.76552004,10.12,1.0,5.287975,1
18:01:57.722999,60,-1.4382635,2.6621459,-0.18154629,0.13916,18.359999,1.0,7.0501375,1
18:01:57.722999,60,-1.4248515,2.6352403,1.5136544,0.90468,26.519999,1.0,3.76096,1
18:01:57.722999,60,-1.3744161,2.77285,1.3551854,0.83496004,31.76,1.0,3.447319,1
18:01:57.722999,60,-1.4816229,2.6757622,1.5073584,0.90468,43.239998,1.0,1.5575997,1
18:01:57.722999,60,-1.3452593,2.5811574,1.4006646,0.83496004,7.7599998,0.77599996,9.688501,1
18:01:57.722999,60,-1.5048176,2.6786354,1.6024561,0.90468,42.239998,1.0,1.6858181,1
18:01:57.722999,60,-1.7475942,2.7446733,0.45032272,0.6958,25.24,1.0,1.8891755,1
18:01:57.722999,60,-2.008535,2.6479733,0.7789609,0.6958,15.5199995,1.0,3.8039896,1
18:01:57.722999,60,-1.944333,2.619589,0.7957038,2.0874,10.88,1.0,3.7102294,1
18:01:57.722999,60,-1.9796971,2.6672351,0.77379966,0.6958,17.76,1.0,3.0997267,1
18:01:57.722999,60,-1.9214308,2.7049184,0.76370245,0.6958,20.0,1.0,2.5412238,1
18:01:57.722999,60,-1.8582101,2.6746879,0.7809402,2.0874,12.36,1.0,1.3128244,1
18:01:57.722999,60,-1.9124442,2.6645076,0.6658833,0.6958,21.88,1.0,2.0101466,1
18:01:57.722999,60,-1.8205723,2.6526399,0.68014157,2.0874,12.36,1.0,1.3005792,1
18:01:57.722999,60,-1.8871074,2.6565993,0.785787,2.0874,11.759999,1.0,1.8408244,1
18:01:57.722999,60,-1.6094983,2.623731,1.6490638,0.90468,31.64,1.0,3.564029,1
18:01:57.722999,60,-1.7914431,2.6700847,0.67546725,2.0874,11.88,1.0,0.7580482,1
18:01:57.722999,60,-1.8208044,2.7045484,0.6190579,0.6958,23.0,1.0,1.1080706,1
18:01:57.722999,60,-1.5566767,2.6543148,1.6408689,0.90468,35.88,1.0,2.2633898,1
18:01:57.722999,60,-1.7910157,2.7219923,0.6143838,0.6958,21.88,1.0,1.2409244,1
18:01:57.722999,60,-1.5300311,2.6692226,1.6368743,0.90468,39.64,1.0,1.9051775,1
18:01:57.722999,60,-1.8536855,2.700887,0.65613556,0.6958,23.0,1.0,1.4042639,1
18:01:57.722999,60,-1.761048,2.7391477,0.6097871,0.6958,19.88,1.0,1.6040356,1
18:01:57.722999,60,-1.4068315,2.6758866,-0.18522814,0.13916,16.76,1.0,7.047883,1
18:01:57.722999,60,-1.3452593,2.5811574,1.4006646,0.83496004,7.7599998,0.77599996,9.688501,1
18:01:57.722999,60,-1.5553535,2.7518196,0.14067523,0.76552004,23.24,1.0,2.812148,1
18:01:57.722999,60,-1.7475942,2.7446733,0.45032272,0.6958,25.24,1.0,1.8891755,1
18:01:57.722999,60,-1.4544284,2.6899421,1.5035589,0.90468,42.239998,1.0,1.494433,1
18:01:57.722999,60,-1.5566767,2.6543148,1.6408689,0.90468,35.88,1.0,2.2633898,1
18:01:57.722999,60,-1.7475942,2.7446733,0.45032272,0.6958,25.24,1.0,1.8891755,1
18:01:57.722999,60,-1.761048,2.7391477,0.6097871,0.6958,19.88,1.0,1.6040356,1
18:01:57.722999,60,-1.4544284,2.6899421,1.5035589,0.90468,42.239998,1.0,1.494433,1
18:01:57.722999,60,-1.4009056,2.7802646,1.4512786,0.83496004,35.76,1.0,3.992122,1
18:01:57.722999,60,-1.8536855,2.700887,0.65613556,0.6958,23.0,1.0,1.4042639,1
18:01:57.722999,60,-1.4382635,2.6621459,-0.18154629,0.13916,18.359999,1.0,7.0501375,1
18:01:57.779977,61,-1.3351886,2.8115008,0.9407384,0.6958,23.64,1.0,1.6111825,1
18:01:57.779977,61,-1.5107685,2.8917584,0.064553134,0.97412,10.76,1.0,9.624934,1
18:01:57.779977,61,-1.885856,2.8011737,0.56972116,0.6958,21.24,1.0,3.342061,1
18:01:57.779977,61,-1.5149021,2.7030637,1.3738846,0.83496004,23.24,1.0,5.047985,1
18:01:57.779977,61,-1.5888281,2.8904424,0.3969741,0.6958,28.88,1.0,3.9901693,1
18:01:57.779977,61,-1.2924678,2.6675353,1.3480731,0.83496004,9.5199995,0.95199996,5.5155897,1
18:01:57.779977,61,-1.1561899,2.771162,0.8247184,0.62636,21.119999,1.0,6.727309,1
18:01:57.779977,61,-1.4600399,2.759658,1.1937914,0.90468,28.76,1.0,2.8419156,1
18:01:57.779977,61,-1.6687324,2.8549533,0.567034,0.62636,23.88,1.0,2.6539574,1
18:01:57.779977,61,-1.7782644,2.7928421,0.42312595,0.6958,33.12,1.0,3.5990949,1
18:01:57.779977,61,-1.2874218,2.7437704,1.1012387,0.83496004,35.12,1.0,1.2702084,1
18:01:57.779977,61,-1.632599,2.8562784,0.2418588,1.53076,24.359999,1.0,4.0932846,1
18:01:57.779977,61,-1.2260664,2.7275696,0.9749984,0.62636,26.64,1.0,5.8366466,1
18:01:57.779977,61,-1.7339673,2.7702043,0.637562,0.20888,6.12,0.612,2.1028144,1
18:01:57.779977,61,-1.2134014,2.8494964,0.8966738,0.62636,17.76,1.0,5.277996,1
18:01:57.779977,61,-1.3474559,2.6863797,1.2481145,0.83496004,22.76,1.0,3.8899798,1
18:01:57.779977,61,-1.4007936,2.759342,1.0937936,0.76552004,40.0,1.0,0.7255991,1
18:01:57.779977,61,-1.6843041,2.8430147,0.40968227,0.6958,35.76,1.0,1.6770428,1
18:01:57.779977,61,-1.8867986,2.749134,0.6321295,0.62636,14.639999,1.0,5.2029943,1
18:01:57.779977,61,-1.7925063,2.7880783,0.58495307,0.62636,22.64,1.0,2.0428374,1
18:01:57.779977,61,-1.592862,2.825356,0.42870387,0.62636,18.76,1.0,2.2152708,1
18:01:57.779977,61,-1.5174574,2.7396557,1.2325295,0.76552004,23.88,1.0,3.3903503,1
18:01:57.779977,61,-1.3417811,2.775952,1.0560112,0.90468,46.879997,1.0,0.80433524,1
18:01:57.779977,61,-1.7309656,2.8221135,0.5758334,0.62636,24.88,1.0,1.3696615,1
18:01:57.779977,61,-1.4316152,2.7141154,1.2400278,0.83496004,31.88,1.0,2.078154,1
18:01:57.779977,61,-1.220956,2.7940793,0.9512918,0.62636,30.64,1.0,1.9245921,1
18:01:57.779977,61,-1.2751285,2.8367155,0.93398213,0.62636,22.119999,1.0,4.008334,1
18:01:57.779977,61,-1.2801138,2.7699199,0.9577653,0.6958,41.76,1.0,1.3192812,1
18:01:57.779977,61,-1.8239647,2.837009,0.5601191,0.6958,29.24,1.0,3.6231642,1
18:01:57.779977,61,-1.374966,2.741226,1.2327636,0.83496004,38.879997,1.0,1.7265095,1
18:01:57.779977,61,-1.3448184,2.718344,1.1080518,0.83496004,39.76,1.0,2.2138205,1
18:01:57.779977,61,-1.1900579,2.7946775,0.9178997,0.62636,25.519999,1.0,2.6549966,1
18:01:57.779977,61,-1.2578362,2.7463574,1.0678675,0.83496004,31.0,1.0,1.7213647,1
18:01:57.779977,61,-1.8550031,2.8192408,0.5648801,0.6958,25.119999,1.0,3.2024217,1
18:01:57.779977,61,-1.715797,2.8265934,0.41408235,0.6958,37.0,1.0,1.8105098,1
18:01:57.779977,61,-1.6208166,2.8749409,0.4011277,0.6958,32.76,1.0,2.793735,1
18:01:57.779977,61,-1.747118,2.8098686,0.41856375,0.6958,36.0,1.0,2.4418318,1
18:01:57.779977,61,-1.85661,2.7672136,0.6272851,0.62636,17.24,1.0,3.544762,1
18:01:57.779977,61,-1.8230094,2.7706165,0.589632,0.62636,20.119999,1.0,3.1840775,1
18:01:57.779977,61,-1.761824,2.8052444,0.58035344,0.62636,24.519999,1.0,1.4475573,1
18:01:57.779977,61,-1.637364,2.8709204,0.5627556,0.62636,21.64,1.0,3.9612765,1
18:01:57.779977,61,-1.2449056,2.8488863,0.9307209,0.62636,20.119999,1.0,5.5749846,1
18:01:57.779977,61,-1.3052238,2.824253,0.93732136,0.62636,23.519999,1.0,2.680773,1
18:01:57.779977,61,-1.4297217,2.7456715,1.0974567,0.76552004,34.36,1.0,0.7302321,1
18:01:57.779977,61,-1.3717254,2.7727325,1.0902057,0.76552004,44.76,1.0,1.0417132,1
18:01:57.779977,61,-1.2505974,2.7821424,0.95449024,0.62636,36.36,1.0,1.4889646,1
18:01:57.779977,61,-1.3095021,2.757413,0.9611165,0.6958,45.76,1.0,1.4335926,1
18:01:57.779977,61,-1.4033608,2.7278075,1.2363591,0.83496004,36.0,1.0,1.7389342,1
18:01:57.833404,62,-1.3146055,2.8259864,1.4716859,0.83496004,27.359999,1.0,2.3492398,1
18:01:57.833404,62,-1.4294145,2.883808,1.3293825,0.90468,42.52,1.0,1.2412882,1
18:01:57.833404,62,-1.3432035,2.8131502,1.4751253,0.90468,32.0,1.0,1.7916673,1
18:01:57.833404,62,-1.3700783,2.8694353,1.4646237,0.97412,47.64,1.0,0.8785771,1
18:01:57.833404,62,-1.3997524,2.8974717,1.3257214,0.90468,41.0,1.0,1.6612661,1
18:01:57.833404,62,-1.4255394,2.881509,1.0545137,0.6958,10.36,1.0,3.0445504,1
18:01:57.833404,62,-1.340908,2.8825285,1.4611154,0.97412,41.0,1.0,1.6677227,1
18:01:57.833404,62,-1.2858759,2.8385458,1.4683206,0.83496004,22.88,1.0,3.1676393,1
18:01:57.833404,62,-1.314232,2.8676858,1.3317384,0.76552004,34.239998,1.0,1.7177128,1
18:01:57.833404,62,-1.3405474,2.8910632,1.1913053,0.76552004,33.52,1.0,1.9833596,1
18:01:57.833404,62,-1.2847375,2.880238,1.328375,0.76552004,28.359999,1.0,2.686781,1
18:01:57.833404,62,-1.30889,2.8663528,1.0618476,0.76552004,29.0,1.0,3.3297732,1
18:01:57.833404,62,-1.3991115,2.856061,1.4682074,0.90468,52.879997,1.0,0.34424078,1
18:01:57.833404,62,-1.3699503,2.9108486,1.322137,0.97412,37.64,1.0,2.3369434,1
18:01:57.833404,62,-1.3716674,2.800038,1.4786386,0.90468,36.36,1.0,1.4980345,1
18:01:57.833404,62,-1.4800075,2.8375788,1.6061403,0.90468,53.239998,1.0,0.7085773,1
18:01:57.833404,62,-1.4530363,2.8463478,1.5705922,0.90468,55.12,1.0,0.50311965,1
18:01:57.833404,62,-1.5801722,2.7272952,1.7582996,0.90468,23.88,1.0,4.7224355,1
18:01:57.833404,62,-1.6117882,2.7818627,1.7534637,0.90468,28.88,1.0,3.9648376,1
18:01:57.833404,62,-1.5339231,2.7386672,1.6254551,0.90468,28.519999,1.0,3.2791638,1
18:01:57.833404,62,-1.5646137,2.7934623,1.6179613,0.90468,34.88,1.0,1.9709386,1
18:01:57.833404,62,-1.5365644,2.80844,1.613948,0.90468,41.64,1.0,1.2826968,1
18:01:57.833404,62,-1.5667048,2.8635287,1.6063755,0.90468,30.519999,1.0,4.1804256,1
18:01:57.833404,62,-1.4787742,2.7677686,1.6176574,0.90468,37.12,1.0,1.5686414,1
18:01:57.833404,62,-1.506424,2.7533512,1.6215205,0.90468,33.12,1.0,2.2852697,1
18:01:57.833404,62,-1.5435109,2.854699,1.4731523,0.90468,35.0,1.0,2.4746585,1
18:01:57.833404,62,-1.4509766,2.7819185,1.613866,0.90468,39.36,1.0,1.1251085,1
18:01:57.833404,62,-1.456016,2.8981621,1.4615064,0.90468,41.76,1.0,2.5499034,1
18:01:57.833404,62,-1.5144964,2.8694682,1.4691949,0.90468,39.0,1.0,2.2404196,1
18:01:57.833404,62,-1.371983,2.730897,1.4925851,0.90468,16.64,1.0,6.7603183,1
18:01:57.833404,62,-1.4245343,2.7905154,1.5790151,0.90468,39.12,1.0,0.9965653,1
18:01:57.833404,62,-1.5083613,2.8231459,1.6100075,0.90468,48.239998,1.0,0.8633671,1
18:01:57.833404,62,-1.3405474,2.8910632,1.1913053,0.76552004,33.52,1.0,1.9833596,1
18:01:57.833404,62,-1.4787742,2.7677686,1.6176574,0.90468,37.12,1.0,1.5686414,1
18:01:57.833404,62,-1.2858759,2.8385458,1.4683206,0.83496004,22.88,1.0,3.1676393,1
18:01:57.833404,62,-1.3432035,2.8131502,1.4751253,0.90468,32.0,1.0,1.7916673,1
18:01:57.833404,62,-1.5801722,2.7272952,1.7582996,0.90468,23.88,1.0,4.7224355,1
18:01:57.833404,62,-1.30889,2.8663528,1.0618476,0.76552004,29.0,1.0,3.3297732,1
18:01:57.833404,62,-1.5801722,2.7272952,1.7582996,0.90468,23.88,1.0,4.7224355,1
18:01:57.833404,62,-1.371983,2.730897,1.4925851,0.90468,16.64,1.0,6.7603183,1
18:01:57.833404,62,-1.340908,2.8825285,1.4611154,0.97412,41.0,1.0,1.6677227,1
18:01:57.833404,62,-1.5667048,2.8635287,1.6063755,0.90468,30.519999,1.0,4.1804256,1
18:01:57.833404,62,-1.4509766,2.7819185,1.613866,0.90468,39.36,1.0,1.1251085,1
18:01:57.833404,62,-1.456016,2.8981621,1.4615064,0.90468,41.76,1.0,2.5499034,1
18:01:57.833404,62,-1.506424,2.7533512,1.6215205,0.90468,33.12,1.0,2.2852697,1
18:01:57.833404,62,-1.371983,2.730897,1.4925851,0.90468,16.64,1.0,6.7603183,1
18:01:57.833404,62,-1.6117882,2.7818627,1.7534637,0.90468,28.88,1.0,3.9648376,1
18:01:57.833404,62,-1.3716674,2.800038,1.4786386,0.90468,36.36,1.0,1.4980345,1
18:01:57.892828,63,-1.3699503,2.9108486,1.322137,0.90468,171.64,1.0,0.14998522,1
18:01:57.892828,63,-1.6117882,2.7818627,1.7534637,0.97412,29.88,1.0,4.8169694,1
18:01:57.892828,63,-1.1789957,2.9821944,1.0275352,0.83496004,29.119999,1.0,4.155108,1
18:01:57.892828,63,-1.6361421,2.9193943,1.3237755,0.90468,7.64,0.764,4.719949,1
18:01:57.892828,63,-1.4530363,2.8463478,1.5705922,0.97412,100.759995,1.0,0.85312915,1
18:01:57.892828,63,-1.1430997,2.8385684,1.2066808,0.83496004,28.88,1.0,4.5554404,1
18:01:57.892828,63,-1.3919177,2.993013,1.1273355,0.90468,13.24,1.0,2.4078357,1
18:01:57.892828,63,-1.3189667,2.7302463,1.3646368,0.83496004,14.639999,1.0,4.651431,1
18:01:57.892828,63,-1.6259949,2.9030523,1.6029736,0.90468,23.88,1.0,3.3430538,1
18:01:57.892828,63,-1.4840268,2.9539173,1.4511467,0.90468,70.76,1.0,1.379176,1
18:01:57.892828,63,-1.2802461,2.916379,1.1845219,0.90468,105.88,1.0,0.8979716,1
18:01:57.892828,63,-1.5339231,2.7386672,1.6254551,0.90468,24.76,1.0,4.794287,1
18:01:57.892828,63,-1.1945384,2.8471193,1.0702738,0.83496004,54.64,1.0,2.7166083,1
18:01:57.892828,63,-1.5154468,2.972184,1.2742949,0.90468,11.24,1.0,2.6864645,1
18:01:57.892828,63,-1.3700783,2.8694353,1.4646237,0.90468,142.64,1.0,0.43774998,1
18:01:57.892828,63,-1.32791,2.989617,1.0222735,0.90468,11.12,1.0,2.6551723,1
18:01:57.892828,63,-1.4562244,2.759062,1.4896182,0.90468,48.36,1.0,2.9163163,1
18:01:57.892828,63,-1.2598518,2.8162615,1.310836,0.90468,53.879997,1.0,2.1796823,1
18:01:57.892828,63,-1.4850068,2.9606106,1.1713605,0.90468,12.5199995,1.0,2.328252,1
18:01:57.892828,63,-1.5380696,2.9488995,1.5906888,0.90468,53.12,1.0,2.2193503,1
18:01:57.892828,63,-1.2309872,2.804168,1.2158984,0.83496004,44.0,1.0,2.8804722,1
18:01:57.892828,63,-1.5869824,2.8676343,1.7402667,0.90468,37.239998,1.0,2.792575,1
18:01:57.892828,63,-1.4247547,2.9752533,1.4108111,0.90468,110.0,1.0,1.5200762,1
18:01:57.892828,63,-1.5083613,2.8231459,1.6100075,0.90468,60.64,1.0,1.6658037,1
18:01:57.892828,63,-1.2724192,2.9466734,1.037053,0.83496004,48.0,1.0,1.7223814,1
18:01:57.892828,63,-1.3356731,2.9597316,1.1722507,0.90468,82.24,1.0,1.1802193,1
18:01:57.892828,63,-1.3657905,2.9801877,1.3055218,0.90468,102.36,1.0,1.5566964,1
18:01:57.892828,63,-1.4799777,2.907675,1.5945464,0.97412,104.64,1.0,0.97740316,1
18:01:57.892828,63,-1.314232,2.8676858,1.3317384,0.90468,132.12,1.0,0.5575188,1
18:01:57.892828,63,-1.4265558,2.9120839,1.457776,0.90468,134.0,1.0,0.33436587,1
18:01:57.892828,63,-1.5667048,2.8635287,1.6063755,0.90468,47.239998,1.0,1.9375702,1
18:01:57.892828,63,-1.3440782,2.8067799,1.4441738,0.90468,73.52,1.0,1.5859269,1
18:01:57.892828,63,-1.2258563,2.8722582,1.1969988,0.83496004,69.0,1.0,1.7762619,1
18:01:57.892828,63,-1.3172399,2.7988503,1.3482187,0.90468,71.64,1.0,1.8026952,1
18:01:57.892828,63,-1.3099382,2.9367352,1.3152008,0.90468,134.12,1.0,0.9297104,1
18:01:57.892828,63,-1.1344887,2.8696167,1.0642456,0.83496004,43.76,1.0,4.1087008,1
18:01:57.892828,63,-1.5564518,2.8124666,1.7452635,0.97412,37.239998,1.0,3.0709944,1
18:01:57.892828,63,-1.2179698,2.9029667,1.0520368,0.83496004,64.0,1.0,1.9432287,1
18:01:57.892828,63,-1.1567422,2.9259055,1.0458905,0.83496004,50.52,1.0,3.53566,1
18:01:57.892828,63,-1.399994,2.7866518,1.4822255,0.90468,59.0,1.0,1.8883976,1
18:01:57.892828,63,-1.4787742,2.7677686,1.6176574,0.90468,38.76,1.0,3.106491,1
18:01:57.892828,63,-1.42323,2.988703,1.1638331,0.90468,13.639999,1.0,2.3341808,1
18:01:57.892828,63,-1.5455713,2.9654973,1.3114222,0.90468,9.88,0.988,2.9935129,1
18:01:57.892828,63,-1.2850587,2.8726091,1.2970473,0.90468,110.0,1.0,0.85549253,1
18:01:57.892828,63,-1.4541911,2.974806,1.1675568,0.90468,13.36,1.0,2.2380478,1
18:01:57.892828,63,-1.6061114,2.9350533,1.3195797,0.90468,8.639999,0.86399996,3.9518561,1
18:01:57.892828,63,-1.3592511,2.976639,1.025751,0.90468,12.24,1.0,2.277892,1
18:01:57.892828,63,-1.2964361,3.0022917,1.0188774,0.90468,9.88,0.988,3.2144382,1
18:01:57.943239,64,-1.3351388,2.9932323,1.3020265,0.97412,43.879997,1.0,0.5608873,1
18:01:57.943239,64,-1.3608838,3.0155964,1.156627,0.97412,23.0,1.0,1.3019295,1
18:01:57.943239,64,-1.3744674,2.9379447,0.7460748,0.90468,7.0,0.7,0.65975493,1
18:01:57.943239,64,-1.4089792,2.8476,0.43703356,0.41748002,5.52,0.552,3.3738978,1
18:01:57.943239,64,-1.2797341,2.9492424,1.3118495,0.90468,33.64,1.0,1.2248557,1
18:01:57.943239,64,-1.3043537,3.0059803,1.2986108,0.97412,41.64,1.0,1.2849824,1
18:01:57.943239,64,-1.3773582,2.861057,0.43342775,0.41748002,5.64,0.564,2.5103524,1
18:01:57.943239,64,-1.3455997,2.874208,0.42990395,0.41748002,5.52,0.552,2.115272,1
18:01:57.943239,64,-1.249402,2.9614573,1.3085765,0.97412,30.519999,1.0,2.0828226,1
18:01:57.943239,64,-1.2739477,2.9849393,1.1654963,0.76552004,37.64,1.0,1.5186889,1
18:01:57.943239,64,-1.2117127,3.0089498,1.1590629,0.76552004,32.64,1.0,4.628173,1
18:01:57.943239,64,-1.3043035,2.8382201,0.3326038,0.41748002,5.3599997,0.536,3.7673097,1
18:01:57.943239,64,-1.1789957,2.9821944,1.0275352,0.76552004,27.76,1.0,5.7163453,1
18:01:57.943239,64,-1.4050237,2.9632776,-0.14739275,0.55664,8.5199995,0.852,10.487722,1
18:01:57.943239,64,-1.4019626,2.9121654,0.40544337,0.41748002,5.64,0.564,2.4743156,1
18:01:57.943239,64,-1.2847375,2.880238,1.328375,0.90468,24.519999,1.0,3.326698,1
18:01:57.943239,64,-1.289934,2.832919,-0.27709523,0.27832,8.24,0.824,8.505592,1
18:01:57.943239,64,-1.4661907,2.8844602,0.41286692,0.41748002,5.52,0.552,4.191658,1
18:01:57.943239,64,-1.5084497,2.9636133,1.5867463,0.97412,26.64,1.0,4.6737165,1
18:01:57.943239,64,-1.4214149,2.9357014,1.5870368,0.97412,28.88,1.0,2.3951273,1
18:01:57.943239,64,-1.4487602,2.9921787,1.5790921,0.97412,31.359999,1.0,2.1938047,1
18:01:57.943239,64,-1.396953,2.9257205,1.4541221,0.97412,32.239998,1.0,1.5531493,1
18:01:57.943239,64,-1.4186966,3.0060275,1.5753814,0.97412,36.239998,1.0,1.6103296,1
18:01:57.943239,64,-1.4536095,3.0089552,1.2997777,0.97412,18.76,1.0,2.1999595,1
18:01:57.943239,64,-1.3672105,2.9390705,1.450545,0.97412,34.88,1.0,0.9201911,1
18:01:57.943239,64,-1.2600408,2.7921371,1.219122,0.90468,12.759999,1.0,10.212546,1
18:01:57.943239,64,-1.4226607,3.0228467,1.2960554,0.97412,20.76,1.0,1.9079578,1
18:01:57.943239,64,-1.4717951,2.819773,0.4444898,0.41748002,5.12,0.51199996,6.5249248,1
18:01:57.943239,64,-1.3373313,2.9521327,1.447045,0.97412,36.12,1.0,0.7156083,1
18:01:57.943239,64,-1.363059,3.008926,1.4364072,0.97412,43.52,1.0,0.8834188,1
18:01:57.943239,64,-1.3915697,3.0364387,1.2924136,0.97412,22.359999,1.0,2.0584292,1
18:01:57.943239,64,-1.4404591,2.833838,0.44072104,0.41748002,5.3599997,0.536,4.7105393,1
18:01:57.943239,64,-1.393513,2.9956126,1.4399744,0.97412,40.64,1.0,0.80211306,1
18:01:57.943239,64,-1.3043537,3.0059803,1.2986108,0.97412,41.64,1.0,1.2849824,1
18:01:57.943239,64,-1.1789957,2.9821944,1.0275352,0.76552004,27.76,1.0,5.7163453,1
18:01:57.943239,64,-1.4186966,3.0060275,1.5753814,0.97412,36.239998,1.0,1.6103296,1
18:01:57.943239,64,-1.2739477,2.9849393,1.1654963,0.76552004,37.64,1.0,1.5186889,1
18:01:57.943239,64,-1.2600408,2.7921371,1.219122,0.90468,12.759999,1.0,10.212546,1
18:01:57.943239,64,-1.396953,2.9257205,1.4541221,0.97412,32.239998,1.0,1.5531493,1
18:01:57.943239,64,-1.3744674,2.9379447,0.7460748,0.90468,7.0,0.7,0.65975493,1
18:01:57.943239,64,-1.363059,3.008926,1.4364072,0.97412,43.52,1.0,0.8834188,1
18:01:57.943239,64,-1.4019626,2.9121654,0.40544337,0.41748002,5.64,0.564,2.4743156,1
18:01:57.943239,64,-1.363059,3.008926,1.4364072,0.97412,43.52,1.0,0.8834188,1
18:01:57.943239,64,-1.4214149,2.9357014,1.5870368,0.97412,28.88,1.0,2.3951273,1
18:01:57.943239,64,-1.3373313,2.9521327,1.447045,0.97412,36.12,1.0,0.7156083,1
18:01:57.943239,64,-1.3773582,2.861057,0.43342775,0.41748002,5.64,0.564,2.5103524,1
18:01:57.943239,64,-1.3373313,2.9521327,1.447045,0.97412,36.12,1.0,0.7156083,1
18:01:57.943239,64,-1.5084497,2.9636133,1.5867463,0.97412,26.64,1.0,4.6737165,1
18:01:58.002106,65,-1.3046799,2.998055,1.2660532,0.97412,81.88,1.0,0.053989343,1
18:01:58.002106,65,-1.5732051,2.909618,1.4630167,0.97412,25.76,1.0,4.0112805,1
18:01:58.002106,65,-1.1582521,3.1177788,0.98466,0.90468,13.759999,1.0,3.9221451,1
18:01:58.002106,65,-1.0653192,2.995709,1.1632655,0.90468,18.359999,1.0,3.506244,1
18:01:58.002106,65,-1.5122901,3.0420032,1.2568964,0.97412,19.64,1.0,3.3373196,1
18:01:58.002106,65,-1.3709704,2.8629377,1.4330529,0.97412,27.76,1.0,2.7398598,1
18:01:58.002106,65,-1.2016302,2.8400383,1.3044649,0.90468,5.64,0.564,5.234753,1
18:01:58.002106,65,-1.3860947,3.0714612,1.1410034,0.90468,31.359999,1.0,2.053614,1
18:01:58.002106,65,-1.2026922,3.077515,1.1400361,0.90468,40.12,1.0,1.7408112,1
18:01:58.002106,65,-1.157958,2.988572,1.2672846,0.90468,37.239998,1.0,1.5560249,1
18:01:58.002106,65,-1.4266809,2.9532135,1.3127495,0.97412,65.119995,1.0,0.70784867,1
18:01:58.002106,65,-1.5130223,3.0027738,1.4073635,0.97412,35.64,1.0,2.619365,1
18:01:58.002106,65,-1.314232,2.8676858,1.3317384,0.90468,37.52,1.0,2.4313347,1
18:01:58.002106,65,-1.1061426,3.1016686,1.0982213,0.90468,20.76,1.0,3.731613,1
18:01:58.002106,65,-1.2979934,3.04128,1.1497451,0.90468,61.76,1.0,0.604856,1
18:01:58.002106,65,-1.3915697,3.0364387,1.2924136,0.97412,74.88,1.0,1.0055263,1
18:01:58.002106,65,-1.0751141,2.9524329,1.2756585,0.90468,16.88,1.0,4.1399293,1
18:01:58.002106,65,-1.4569639,2.891519,1.429321,0.97412,34.0,1.0,2.2079666,1
18:01:58.002106,65,-1.2572662,3.1130683,1.0938572,0.90468,23.76,1.0,2.8189075,1
18:01:58.002106,65,-1.249402,2.9614573,1.3085765,0.90468,61.52,1.0,0.56282777,1
18:01:58.002106,65,-1.1489931,3.0317533,1.1529527,0.90468,33.0,1.0,1.611812,1
18:01:58.002106,65,-1.4844129,2.9947658,1.3035798,0.97412,44.52,1.0,1.7164316,1
18:01:58.002106,65,-1.5727684,2.9798744,1.4487715,0.97412,28.64,1.0,3.9290328,1
18:01:58.002106,65,-1.4840268,2.9539173,1.4511467,0.97412,40.52,1.0,1.8725067,1
18:01:58.002106,65,-1.211531,3.034515,1.2562838,0.97412,53.76,1.0,0.9054249,1
18:01:58.002106,65,-1.5144964,2.8694682,1.4691949,0.97412,26.64,1.0,3.6952589,1
18:01:58.002106,65,-1.1657958,2.9199622,1.284359,0.90468,30.359999,1.0,2.6100633,1
18:01:58.002106,65,-1.3699503,2.9108486,1.322137,0.90468,69.64,1.0,0.9410728,1
18:01:58.002106,65,-1.4495958,3.0440695,1.1483428,0.97412,27.0,1.0,2.2924223,1
18:01:58.002106,65,-1.3099382,2.9367352,1.3152008,0.90468,82.64,1.0,0.48480904,1
18:01:58.002106,65,-1.2551144,2.8925047,1.3250881,0.90468,39.0,1.0,2.0676925,1
18:01:58.002106,65,-1.3293056,3.0546434,1.2521999,0.97412,72.0,1.0,0.9180731,1
18:01:58.002106,65,-1.3657905,2.9801877,1.3055218,0.97412,89.64,1.0,0.17018878,1
18:01:58.002106,65,-1.3978626,2.9190955,1.421932,0.97412,56.0,1.0,1.1771995,1
18:01:58.002106,65,-1.4289348,2.8358917,1.4402999,0.97412,18.76,1.0,3.9679337,1
18:01:58.002106,65,-1.3220391,3.0976205,1.133994,0.90468,27.519999,1.0,2.3404408,1
18:01:58.002106,65,-1.5431349,3.0354898,1.294632,0.97412,16.52,1.0,3.9509635,1
18:01:58.002106,65,-1.4549468,2.9613452,1.4145377,0.97412,51.64,1.0,1.2782594,1
18:01:58.002106,65,-1.3541346,3.0846956,1.1374571,0.90468,30.359999,1.0,2.1320946,1
18:01:58.002106,65,-1.417916,3.0579188,1.144632,0.97412,30.0,1.0,2.1065269,1
18:01:58.002106,65,-1.2247887,3.1250558,1.0906452,0.90468,19.88,1.0,3.366892,1
18:01:58.002106,65,-1.4809083,3.0564592,1.2530229,0.97412,23.24,1.0,3.0250244,1
18:01:58.002106,65,-1.1909369,3.106433,0.98770016,0.90468,16.52,1.0,3.2451704,1
18:01:58.002106,65,-1.2345837,3.0657437,1.1431901,0.90468,50.36,1.0,1.2338107,1
18:01:58.002106,65,-1.1706803,3.0889773,1.1369647,0.90468,31.88,1.0,2.3745093,1
18:01:58.002106,65,-1.3606797,3.0416515,1.255681,0.97412,77.24,1.0,0.8023631,1
18:01:58.002106,65,-1.1383806,3.0908282,1.101126,0.90468,25.64,1.0,2.8849325,1
18:01:58.002106,65,-1.4226607,3.0228467,1.2960554,0.97412,66.24,1.0,1.1090733,1
18:01:58.049093,66,-1.1485336,3.0652251,1.2827361,0.90468,20.0,1.0,3.8918867,1
18:01:58.049093,66,-1.1799399,3.0539794,1.2857494,0.90468,23.359999,1.0,2.4694014,1
18:01:58.049093,66,-1.2112281,3.0424309,1.2888439,0.90468,26.64,1.0,1.3819146,1
18:01:58.049093,66,-1.2708913,3.0470917,1.4261807,0.90468,29.119999,1.0,0.20858954,1
18:01:58.049093,66,-1.3215358,3.1162279,1.5530417,0.90468,25.88,1.0,0.27305877,1
18:01:58.049093,66,-1.3460176,3.1739569,1.5447617,0.90468,10.36,1.0,0.7015905,1
18:01:58.049093,66,-1.2797341,2.9492424,1.3118495,0.90468,21.64,1.0,0.10660003,1
18:01:58.049093,66,-1.2551144,2.8925047,1.3250881,0.90468,6.64,0.664,0.81477803,1
18:01:58.049093,66,-1.3324686,3.0219445,1.4329189,0.90468,29.76,1.0,0.2578674,1
18:01:58.049093,66,-1.3581469,3.0328505,1.5681942,0.90468,27.519999,1.0,1.089002,1
18:01:58.049093,66,-1.3884912,3.0195854,1.5717486,0.90468,24.359999,1.0,1.8529118,1
18:01:58.049093,66,-1.4186966,3.0060275,1.5753814,0.90468,21.0,1.0,2.9255376,1
18:01:58.049093,66,-1.301745,3.0346668,1.4295099,0.90468,30.359999,1.0,0.0729403,1
18:01:58.049093,66,-1.3460176,3.1739569,1.5447617,0.90468,10.36,1.0,0.7015905,1
18:01:58.049093,66,-1.3581469,3.0328505,1.5681942,0.90468,27.519999,1.0,1.089002,1
18:01:58.049093,66,-1.2551144,2.8925047,1.3250881,0.90468,6.64,0.664,0.81477803,1
18:01:58.049093,66,-1.1485336,3.0652251,1.2827361,0.90468,20.0,1.0,3.8918867,1
18:01:58.049093,66,-1.1799399,3.0539794,1.2857494,0.90468,23.359999,1.0,2.4694014,1
18:01:58.049093,66,-1.2797341,2.9492424,1.3118495,0.90468,21.64,1.0,0.10660003,1
18:01:58.049093,66,-1.3324686,3.0219445,1.4329189,0.90468,29.76,1.0,0.2578674,1
18:01:58.049093,66,-1.3884912,3.0195854,1.5717486,0.90468,24.359999,1.0,1.8529118,1
18:01:58.049093,66,-1.2797341,2.9492424,1.3118495,0.90468,21.64,1.0,0.10660003,1
18:01:58.049093,66,-1.3215358,3.1162279,1.5530417,0.90468,25.88,1.0,0.27305877,1
18:01:58.049093,66,-1.2797341,2.9492424,1.3118495,0.90468,21.64,1.0,0.10660003,1
18:01:58.049093,66,-1.3460176,3.1739569,1.5447617,0.90468,10.36,1.0,0.7015905,1
18:01:58.049093,66,-1.3581469,3.0328505,1.5681942,0.90468,27.519999,1.0,1.089002,1
18:01:58.049093,66,-1.3215358,3.1162279,1.5530417,0.90468,25.88,1.0,0.27305877,1
18:01:58.049093,66,-1.2112281,3.0424309,1.2888439,0.90468,26.64,1.0,1.3819146,1
18:01:58.049093,66,-1.1485336,3.0652251,1.2827361,0.90468,20.0,1.0,3.8918867,1
18:01:58.049093,66,-1.2708913,3.0470917,1.4261807,0.90468,29.119999,1.0,0.20858954,1
18:01:58.049093,66,-1.3215358,3.1162279,1.5530417,0.90468,25.88,1.0,0.27305877,1
18:01:58.049093,66,-1.3215358,3.1162279,1.5530417,0.90468,25.88,1.0,0.27305877,1
18:01:58.049093,66,-1.2708913,3.0470917,1.4261807,0.90468,29.119999,1.0,0.20858954,1
18:01:58.049093,66,-1.2708913,3.0470917,1.4261807,0.90468,29.119999,1.0,0.20858954,1
18:01:58.049093,66,-1.1799399,3.0539794,1.2857494,0.90468,23.359999,1.0,2.4694014,1
18:01:58.049093,66,-1.1485336,3.0652251,1.2827361,0.90468,20.0,1.0,3.8918867,1
18:01:58.049093,66,-1.2708913,3.0470917,1.4261807,0.90468,29.119999,1.0,0.20858954,1
18:01:58.049093,66,-1.3460176,3.1739569,1.5447617,0.90468,10.36,1.0,0.7015905,1
18:01:58.049093,66,-1.1799399,3.0539794,1.2857494,0.90468,23.359999,1.0,2.4694014,1
18:01:58.049093,66,-1.1799399,3.0539794,1.2857494,0.90468,23.359999,1.0,2.4694014,1
18:01:58.049093,66,-1.301745,3.0346668,1.4295099,0.90468,30.359999,1.0,0.0729403,1
18:01:58.049093,66,-1.1799399,3.0539794,1.2857494,0.90468,23.359999,1.0,2.4694014,1
18:01:58.049093,66,-1.2112281,3.0424309,1.2888439,0.90468,26.64,1.0,1.3819146,1
18:01:58.049093,66,-1.2708913,3.0470917,1.4261807,0.90468,29.119999,1.0,0.20858954,1
18:01:58.049093,66,-1.3324686,3.0219445,1.4329189,0.90468,29.76,1.0,0.2578674,1
18:01:58.049093,66,-1.3460176,3.1739569,1.5447617,0.90468,10.36,1.0,0.7015905,1
18:01:58.049093,66,-1.2112281,3.0424309,1.2888439,0.90468,26.64,1.0,1.3819146,1
18:01:58.049093,66,-1.2797341,2.9492424,1.3118495,0.90468,21.64,1.0,0.10660003,1
18:01:58.113046,67,-1.2695329,3.2485504,1.0922428,0.97412,8.5199995,0.852,1.8138359,1
18:01:58.113046,67,-1.5505651,2.9706864,0.3612393,1.04384,5.52,0.552,6.115881,1
18:01:58.113046,67,-1.5653934,3.0754893,1.571146,0.97412,15.5199995,1.0,5.244948,1
18:01:58.113046,67,-1.1883662,2.9850051,1.3022668,0.90468,14.88,1.0,3.8005557,1
18:01:58.113046,67,-1.2271832,3.0401967,0.35684755,0.76552004,5.24,0.524,4.8589478,1
18:01:58.113046,67,-1.1445456,3.291734,1.3743688,0.90468,19.24,1.0,3.2108831,1
18:01:58.113046,67,-1.3719447,3.2258737,1.5015845,0.90468,38.879997,1.0,1.9949542,1
18:01:58.113046,67,-1.393513,2.9956126,1.4399744,0.90468,18.359999,1.0,2.3694258,1
18:01:58.113046,67,-1.0735257,3.155593,1.2604862,0.90468,15.639999,1.0,3.2424178,1
18:01:58.113046,67,-1.2641364,3.110132,1.3785969,0.90468,46.76,1.0,0.37342948,1
18:01:58.113046,67,-1.3936738,2.9768946,0.37380928,0.90468,8.36,0.83599997,4.213322,1
18:01:58.113046,67,-1.3026756,3.2721338,1.2351516,0.97412,8.76,0.876,2.3130426,1
18:01:58.113046,67,-1.3101203,3.232446,1.390255,0.90468,37.76,1.0,1.3081988,1
18:01:58.113046,67,-1.4409066,3.1335745,1.5555822,0.90468,31.64,1.0,2.112676,1
18:01:58.113046,67,-1.1133004,3.2725096,1.2330868,0.90468,15.759999,1.0,3.3880658,1
18:01:58.113046,67,-1.3043537,3.0059803,1.2986108,0.90468,32.76,1.0,1.5844693,1
18:01:58.113046,67,-1.170212,3.1230812,1.2691978,0.90468,32.12,1.0,1.2214687,1
18:01:58.113046,67,-1.3502772,3.0547717,0.33870876,1.04384,6.3599997,0.636,3.8391638,1
18:01:58.113046,67,-1.2220336,3.198937,1.3946538,0.90468,40.12,1.0,0.8222055,1
18:01:58.113046,67,-1.4761055,3.0486557,1.5711476,0.83496004,15.24,1.0,3.1415224,1
18:01:58.113046,67,-1.3576189,3.0789835,1.4222152,0.90468,38.879997,1.0,0.7035929,1
18:01:58.113046,67,-1.085651,3.078899,1.2443911,0.90468,20.76,1.0,3.8111784,1
18:01:58.113046,67,-1.4843873,3.0000026,0.35338402,1.04384,6.64,0.664,4.795103,1
18:01:58.113046,67,-1.2823986,3.080202,0.33189467,0.83496004,5.0,0.5,4.2076044,1
18:01:58.113046,67,-1.5566808,2.9056342,0.39290348,0.90468,5.12,0.51199996,7.0860267,1
18:01:58.113046,67,-1.3188674,3.1621194,1.4045191,0.90468,55.239998,1.0,0.39366728,1
18:01:58.113046,67,-1.4350518,3.2045856,1.5437433,0.90468,30.519999,1.0,2.805385,1
18:01:58.113046,67,-1.3333362,3.015218,1.4001025,0.90468,27.64,1.0,1.5948219,1
18:01:58.113046,67,-1.4507023,3.038291,1.4331188,0.90468,19.119999,1.0,2.12165,1
18:01:58.113046,67,-1.294171,3.0158412,0.36337352,0.90468,7.24,0.724,4.1765823,1
18:01:58.113046,67,-1.4919223,2.9350824,0.38501284,0.90468,6.7599998,0.676,5.5162983,1
18:01:58.113046,67,-1.1799399,3.0539794,1.2857494,0.90468,35.36,1.0,2.01309,1
18:01:58.113046,67,-1.2111421,3.268979,1.380466,0.90468,28.359999,1.0,2.069744,1
18:01:58.113046,67,-1.4990301,3.1762435,1.5513375,0.97412,21.119999,1.0,3.904332,1
18:01:58.113046,67,-1.1568613,3.221916,1.3884965,0.90468,24.519999,1.0,1.7411944,1
18:01:58.113046,67,-1.3777862,3.1608016,1.5482866,0.90468,49.12,1.0,1.2861302,1
18:01:58.113046,67,-1.200588,3.1339402,1.3722175,0.90468,40.0,1.0,0.8149119,1
18:01:58.113046,67,-1.5034508,3.105133,1.563203,0.97412,19.359999,1.0,3.4325001,1
18:01:58.113046,67,-1.093413,3.2140512,1.2467866,0.90468,15.24,1.0,2.870055,1
18:01:58.113046,67,-1.4176158,3.028035,0.34587282,1.04384,6.8799996,0.68799996,4.0356817,1
18:01:58.113046,67,-1.3474369,3.1682487,1.5104879,0.90468,55.239998,1.0,0.9009593,1
18:01:58.113046,67,-1.2948794,3.1046057,1.4153498,0.90468,49.239998,1.0,0.38698146,1
18:01:58.113046,67,-1.1170124,3.076167,1.2798042,0.90468,25.64,1.0,2.9999874,1
18:01:58.113046,67,-1.4510741,3.01418,0.3495852,1.04384,6.8799996,0.68799996,4.345138,1
18:01:58.113046,67,-1.5175521,2.9855044,0.35726884,1.04384,6.12,0.612,5.3853993,1
18:01:58.113046,67,-1.3164036,3.0676508,0.33525777,0.83496004,5.7599998,0.576,3.9526162,1
18:01:58.113046,67,-1.235742,3.2606502,1.0890007,0.97412,8.12,0.812,2.187305,1
18:01:58.113046,67,-1.5243777,2.9205146,0.38891625,0.90468,5.8799996,0.588,6.2311387,1
18:01:58.165815,68,-1.2902632,3.2636385,0.93575895,0.90468,29.519999,1.0,2.209274,1
18:01:58.165815,68,-1.5095565,3.0508707,0.32546404,0.6958,10.5199995,1.0,4.1590323,1
18:01:58.165815,68,-1.4028457,3.2182915,1.5400707,0.83496004,19.359999,1.0,4.0372267,1
18:01:58.165815,68,-1.1451297,3.1271045,0.31932718,0.90468,8.76,0.876,4.507113,1
18:01:58.165815,68,-1.1468391,3.2615938,1.2360117,0.6958,30.519999,1.0,1.7915813,1
18:01:58.165815,68,-1.4952848,3.2247744,1.0979588,0.76552004,17.24,1.0,4.640004,1
18:01:58.165815,68,-1.1141986,3.2744815,0.78137094,0.90468,14.88,1.0,4.2295775,1
18:01:58.165815,68,-1.395285,3.1058934,0.47639498,0.90468,16.88,1.0,1.3731608,1
18:01:58.165815,68,-1.1358199,3.1633146,1.3996187,0.6958,11.88,1.0,10.977478,1
18:01:58.165815,68,-1.5631906,3.0344367,0.4955417,0.76552004,10.24,1.0,6.0152082,1
18:01:58.165815,68,-1.3387246,3.1196656,0.30703047,0.90468,12.0,1.0,1.9491421,1
18:01:58.165815,68,-1.3101203,3.232446,1.390255,0.83496004,31.24,1.0,1.5381389,1
18:01:58.165815,68,-1.2018274,3.2724228,1.0858462,0.6958,31.359999,1.0,1.3077209,1
18:01:58.165815,68,-1.0980574,3.2644978,0.93880147,0.6958,20.359999,1.0,2.9739661,1
18:01:58.165815,68,-1.3026756,3.2721338,1.2351516,0.6958,32.239998,1.0,1.375621,1
18:01:58.165815,68,-1.4263097,3.2111514,0.94982284,0.90468,24.119999,1.0,2.121304,1
18:01:58.165815,68,-1.0800824,3.2477512,1.0931118,0.6958,22.76,1.0,3.2991817,1
18:01:58.165815,68,-1.4330698,3.2501009,1.3901043,0.83496004,21.24,1.0,3.4564533,1
18:01:58.165815,68,-1.283432,3.1936617,1.5036786,0.83496004,21.52,1.0,5.054995,1
18:01:58.165815,68,-1.2180308,3.2406876,0.790426,0.90468,24.76,1.0,1.6154597,1
18:01:58.165815,68,-1.2111421,3.268979,1.380466,0.83496004,34.88,1.0,1.4237993,1
18:01:58.165815,68,-1.2482651,3.0924244,0.32861972,0.90468,14.12,1.0,2.9126208,1
18:01:58.165815,68,-1.4416528,3.0793781,0.3178255,0.90468,12.24,1.0,2.6516705,1
18:01:58.165815,68,-1.4628894,3.0782847,0.48379272,0.90468,13.5199995,1.0,2.576004,1
18:01:58.165815,68,-1.3585582,3.238052,0.94261485,0.90468,29.24,1.0,1.811254,1
18:01:58.165815,68,-1.3502772,3.0547717,0.33870876,0.90468,17.64,1.0,3.144985,1
18:01:58.165815,68,-1.2220336,3.198937,1.3946538,0.83496004,23.119999,1.0,4.1366425,1
18:01:58.165815,68,-1.1336412,3.2949824,1.0798014,0.6958,24.119999,1.0,2.750901,1
18:01:58.165815,68,-1.2352476,3.2966492,1.2285827,0.6958,33.64,1.0,1.892511,1
18:01:58.165815,68,-1.3668435,3.2771468,1.3828574,0.6958,29.0,1.0,2.64141,1
18:01:58.165815,68,-1.3380162,3.2447672,1.5329765,0.83496004,27.24,1.0,2.66016,1
18:01:58.165815,68,-1.2694306,3.1448593,0.30027983,0.90468,9.88,0.988,2.4600694,1
18:01:58.165815,68,-1.3141146,3.1868043,1.5413193,0.83496004,19.359999,1.0,5.8637867,1
18:01:58.165815,68,-1.3041428,3.1324298,0.30361032,0.90468,11.12,1.0,2.1097345,1
18:01:58.165815,68,-1.4756784,3.0652883,0.32160082,0.6958,11.5199995,1.0,3.2976835,1
18:01:58.165815,68,-1.3731724,3.106568,0.31053993,0.90468,12.5199995,1.0,1.982698,1
18:01:58.165815,68,-1.5299088,3.0493755,0.4915389,0.76552004,11.759999,1.0,4.6426225,1
18:01:58.165815,68,-1.4291587,3.0922523,0.4800501,0.90468,15.36,1.0,1.8695126,1
18:01:58.165815,68,-1.461727,3.2390556,1.0941321,0.76552004,20.64,1.0,4.138881,1
18:01:58.165815,68,-1.2559205,3.2759356,0.93246394,0.90468,27.76,1.0,2.6623359,1
18:01:58.165815,68,-1.3925035,3.2247653,0.94617504,0.90468,27.24,1.0,1.8752996,1
18:01:58.165815,68,-1.1489253,3.2635512,0.7842997,0.90468,17.76,1.0,3.1924531,1
18:01:58.165815,68,-1.1835372,3.2522862,0.7873181,0.90468,21.119999,1.0,2.3201232,1
18:01:58.165815,68,-1.1796273,3.1158767,0.32233566,0.90468,10.24,1.0,3.778533,1
18:01:58.165815,68,-1.2823986,3.080202,0.33189467,0.90468,16.0,1.0,2.782021,1
18:01:58.165815,68,-1.2140069,3.1043162,0.32543325,0.90468,12.12,1.0,3.245972,1
18:01:58.165815,68,-1.3164036,3.0676508,0.33525777,0.90468,17.359999,1.0,2.8580635,1
18:01:58.165815,68,-1.1677927,3.2838674,1.0827796,0.6958,28.0,1.0,1.945847,1
18:01:58.222151,69,-1.2018274,3.2724228,1.0858462,0.62636,56.52,1.0,0.043900058,1
18:01:58.222151,69,-1.3602129,3.2601655,0.6173265,0.20888,13.24,1.0,10.268428,1
18:01:58.222151,69,-1.4088362,3.1859543,1.3661335,0.62636,19.64,1.0,5.0932345,1
18:01:58.222151,69,-1.0853796,3.086804,1.2769542,0.62636,6.8799996,0.68799996,0.8461685,1
18:01:58.222151,69,-0.9947411,3.2948222,0.930676,0.6958,20.88,1.0,3.4256814,1
18:01:58.222151,69,-0.9435001,3.1604817,1.1178051,0.62636,16.0,1.0,2.808829,1
18:01:58.222151,69,-1.3134797,3.399614,1.204914,0.48720002,11.5199995,1.0,1.2302243,1
18:01:58.222151,69,-1.183239,3.3215978,0.6008657,0.48720002,9.76,0.97599995,7.6628036,1
18:01:58.222151,69,-1.2569518,3.1572824,1.2619977,0.62636,32.12,1.0,1.1331762,1
18:01:58.222151,69,-1.0606292,3.2162552,1.2102057,0.62636,42.76,1.0,1.2009078,1
18:01:58.222151,69,-1.1733533,3.4104073,1.0475663,0.48720002,8.88,0.88799995,0.84007555,1
18:01:58.222151,69,-1.3695825,3.246321,1.2420682,0.76552004,31.359999,1.0,2.4469516,1
18:01:58.222151,69,-1.0124347,3.267964,1.0876957,0.62636,30.359999,1.0,2.124432,1
18:01:58.222151,69,-1.3260679,3.292919,1.0796995,0.76552004,18.359999,1.0,1.0194737,1
18:01:58.222151,69,-1.1805583,3.2419994,1.2046171,0.62636,61.76,1.0,0.2916425,1
18:01:58.222151,69,-1.353593,3.1194556,1.2721334,0.62636,20.64,1.0,3.3387356,1
18:01:58.222151,69,-1.0835297,3.3644218,1.0225786,0.6958,12.5199995,1.0,1.6920091,1
18:01:58.222151,69,-1.1137459,3.2371557,1.0959508,0.62636,55.36,1.0,0.30669382,1
18:01:58.222151,69,-1.2693424,3.276044,1.1968044,0.76552004,46.879997,1.0,0.5836775,1
18:01:58.222151,69,-1.170212,3.1230812,1.2691978,0.62636,27.359999,1.0,0.6407992,1
18:01:58.222151,69,-1.2898067,3.2857635,0.61046755,0.20888,12.24,1.0,8.600669,1
18:01:58.222151,69,-1.2439281,3.3870575,1.053823,0.48720002,10.88,1.0,0.36229467,1
18:01:58.222151,69,-1.2574291,3.3178744,1.0730127,0.76552004,20.64,1.0,0.24898191,1
18:01:58.222151,69,-1.1882874,3.3414989,1.0666825,0.6958,18.88,1.0,0.26933798,1
18:01:58.222151,69,-1.0992115,3.2959433,1.0422369,0.6958,39.76,1.0,0.8321158,1
18:01:58.222151,69,-1.0276202,3.1998215,1.1066093,0.62636,35.0,1.0,1.2516358,1
18:01:58.222151,69,-1.2467538,3.2269106,1.2453051,0.62636,47.64,1.0,0.74440515,1
18:01:58.222151,69,-1.4359417,3.2192209,1.2493297,0.76552004,20.359999,1.0,4.490751,1
18:01:58.222151,69,-1.0737941,3.1475415,1.2273079,0.62636,29.24,1.0,0.738683,1
18:01:58.222151,69,-1.1266342,3.1951272,1.2158669,0.62636,53.76,1.0,0.41351902,1
18:01:58.222151,69,-1.0087781,3.1676583,1.2219176,0.62636,22.76,1.0,1.7939715,1
18:01:58.222151,69,-1.3782126,3.1761935,1.2588947,0.62636,24.519999,1.0,3.313259,1
18:01:58.222151,69,-1.1918906,3.1809373,1.2556595,0.62636,47.239998,1.0,0.5590484,1
18:01:58.222151,69,-1.23409,3.0998566,1.2754208,0.62636,20.359999,1.0,1.2444465,1
18:01:58.222151,69,-1.3936186,3.3032937,1.2287666,0.76552004,16.359999,1.0,2.586652,1
18:01:58.222151,69,-0.96097875,3.2190304,1.1014622,0.62636,22.64,1.0,2.9055173,1
18:01:58.222151,69,-1.1186703,3.3637831,1.0607115,0.6958,14.639999,1.0,1.0769966,1
18:01:58.222151,69,-1.1336412,3.2949824,1.0798014,0.62636,47.64,1.0,0.39681748,1
18:01:58.222151,69,-1.3026756,3.2721338,1.2351516,0.76552004,38.879997,1.0,1.1703923,1
18:01:58.222151,69,-0.9783106,3.2679234,1.0510544,0.62636,24.359999,1.0,2.9854963,1
18:01:58.222151,69,-1.2188847,3.3099964,0.60397434,0.20888,11.12,1.0,7.7674627,1
18:01:58.222151,69,-1.3250761,3.2731345,0.6138515,0.20888,13.0,1.0,9.330064,1
18:01:58.222151,69,-1.2087011,3.398903,1.0506489,0.48720002,10.0,1.0,0.49960002,1
18:01:58.222151,69,-1.278519,3.4121325,1.2015597,0.48720002,11.5199995,1.0,1.1114643,1
18:01:58.222151,69,-1.1535366,3.3528092,1.0636519,0.6958,16.88,1.0,0.57502,1
18:01:58.222151,69,-1.2918131,3.3055623,1.0763117,0.76552004,20.0,1.0,0.5351943,1
18:01:58.222151,69,-1.2229195,3.3298535,1.0698029,0.6958,20.24,1.0,0.16049913,1
18:01:58.222151,69,-1.235742,3.2606502,1.0890007,0.62636,53.52,1.0,0.15378773,1
18:01:58.270540,70,-1.0989367,3.3417482,1.2164985,0.48720002,23.24,1.0,1.0845041,1
18:01:58.270540,70,-1.0124347,3.267964,1.0876957,0.48720002,21.24,1.0,2.725495,1
18:01:58.270540,70,-1.0832589,3.4110281,1.1998992,0.48720002,17.52,1.0,4.023189,1
18:01:58.270540,70,-1.0463109,3.2580209,1.09036,0.48720002,23.0,1.0,1.486909,1
18:01:58.270540,70,-1.2722559,3.2734435,-0.13447414,0.62636,9.0,0.9,7.029154,1
18:01:58.270540,70,-1.0799204,3.2747536,1.1958406,0.48720002,23.76,1.0,0.53186774,1
18:01:58.270540,70,-1.1018683,3.4696264,1.1861542,0.48720002,7.24,0.724,7.8055425,1
18:01:58.270540,70,-1.2671694,3.3041954,0.037670065,0.41748002,8.24,0.824,4.516833,1
18:01:58.270540,70,-1.1135788,3.2641597,1.1986792,0.48720002,23.519999,1.0,0.5851677,1
18:01:58.270540,70,-1.0936865,3.2058506,1.2129936,0.48720002,17.52,1.0,1.9865873,1
18:01:58.270540,70,-1.1468391,3.2615938,1.2360117,0.48720002,22.0,1.0,1.3249869,1
18:01:58.270540,70,-1.1802632,3.2503545,1.2390232,0.48720002,19.88,1.0,2.6025662,1
18:01:58.270540,70,-1.3693758,3.2891133,0.21875729,1.6004801,6.7599998,0.676,3.434167,1
18:01:58.270540,70,-1.3610088,3.3209765,0.42355722,0.6958,10.639999,1.0,3.361882,1
18:01:58.270540,70,-1.3471694,3.3277082,0.59073985,0.48720002,9.5199995,0.95199996,3.6432009,1
18:01:58.270540,70,-1.0413382,3.1577568,1.2245708,0.48720002,6.64,0.664,4.534769,1
18:01:58.270540,70,-1.0989367,3.3417482,1.2164985,0.48720002,23.24,1.0,1.0845041,1
18:01:58.270540,70,-1.1018683,3.4696264,1.1861542,0.48720002,7.24,0.724,7.8055425,1
18:01:58.270540,70,-1.3471694,3.3277082,0.59073985,0.48720002,9.5199995,0.95199996,3.6432009,1
18:01:58.270540,70,-1.0832589,3.4110281,1.1998992,0.48720002,17.52,1.0,4.023189,1
18:01:58.270540,70,-1.2671694,3.3041954,0.037670065,0.41748002,8.24,0.824,4.516833,1
18:01:58.270540,70,-1.1468391,3.2615938,1.2360117,0.48720002,22.0,1.0,1.3249869,1
18:01:58.270540,70,-1.0463109,3.2580209,1.09036,0.48720002,23.0,1.0,1.486909,1
18:01:58.270540,70,-1.3610088,3.3209765,0.42355722,0.6958,10.639999,1.0,3.361882,1
18:01:58.270540,70,-1.3610088,3.3209765,0.42355722,0.6958,10.639999,1.0,3.361882,1
18:01:58.270540,70,-1.0124347,3.267964,1.0876957,0.48720002,21.24,1.0,2.725495,1
18:01:58.270540,70,-1.0832589,3.4110281,1.1998992,0.48720002,17.52,1.0,4.023189,1
18:01:58.270540,70,-1.3471694,3.3277082,0.59073985,0.48720002,9.5199995,0.95199996,3.6432009,1
18:01:58.270540,70,-1.0463109,3.2580209,1.09036,0.48720002,23.0,1.0,1.486909,1
18:01:58.270540,70,-1.0936865,3.2058506,1.2129936,0.48720002,17.52,1.0,1.9865873,1
18:01:58.270540,70,-1.3471694,3.3277082,0.59073985,0.48720002,9.5199995,0.95199996,3.6432009,1
18:01:58.270540,70,-1.3471694,3.3277082,0.59073985,0.48720002,9.5199995,0.95199996,3.6432009,1
18:01:58.270540,70,-1.0124347,3.267964,1.0876957,0.48720002,21.24,1.0,2.725495,1
18:01:58.270540,70,-1.0989367,3.3417482,1.2164985,0.48720002,23.24,1.0,1.0845041,1
18:01:58.270540,70,-1.3610088,3.3209765,0.42355722,0.6958,10.639999,1.0,3.361882,1
18:01:58.270540,70,-1.0936865,3.2058506,1.2129936,0.48720002,17.52,1.0,1.9865873,1
18:01:58.270540,70,-1.1018683,3.4696264,1.1861542,0.48720002,7.24,0.724,7.8055425,1
18:01:58.270540,70,-1.0124347,3.267964,1.0876957,0.48720002,21.24,1.0,2.725495,1
18:01:58.270540,70,-1.3471694,3.3277082,0.59073985,0.48720002,9.5199995,0.95199996,3.6432009,1
18:01:58.270540,70,-1.3610088,3.3209765,0.42355722,0.6958,10.639999,1.0,3.361882,1
18:01:58.270540,70,-1.3610088,3.3209765,0.42355722,0.6958,10.639999,1.0,3.361882,1
18:01:58.270540,70,-1.0413382,3.1577568,1.2245708,0.48720002,6.64,0.664,4.534769,1
18:01:58.270540,70,-1.3471694,3.3277082,0.59073985,0.48720002,9.5199995,0.95199996,3.6432009,1
18:01:58.270540,70,-1.0832589,3.4110281,1.1998992,0.48720002,17.52,1.0,4.023189,1
18:01:58.270540,70,-1.0799204,3.2747536,1.1958406,0.48720002,23.76,1.0,0.53186774,1
18:01:58.270540,70,-1.2722559,3.2734435,-0.13447414,0.62636,9.0,0.9,7.029154,1
18:01:58.270540,70,-1.0413382,3.1577568,1.2245708,0.48720002,6.64,0.664,4.534769,1
18:01:58.270540,70,-1.3693758,3.2891133,0.21875729,1.6004801,6.7599998,0.676,3.434167,1
18:01:58.325164,71,-1.0483028,3.5115433,1.0198122,0.34804,5.24,0.524,4.5331635,1
18:01:58.325164,71,-1.1781266,3.3596122,-0.176914,1.46132,7.0,0.7,7.520828,1
18:01:58.325164,71,-1.06646,3.471309,1.1470972,0.34804,17.359999,1.0,2.6528516,1
18:01:58.325164,71,-1.1351347,3.4548273,0.71541464,0.34804,6.24,0.624,1.1229761,1
18:01:58.325164,71,-1.2115774,3.3799775,0.0005303453,1.46132,13.759999,1.0,3.0587246,1
18:01:58.325164,71,-1.1857394,3.4439936,0.55109274,0.48720002,12.88,1.0,0.8452588,1
18:01:58.325164,71,-1.0989367,3.3417482,1.2164985,0.55664,23.119999,1.0,1.0956922,1
18:01:58.325164,71,-1.0799204,3.2747536,1.1958406,0.41748002,21.0,1.0,2.365512,1
18:01:58.325164,71,-1.0603641,3.2244532,1.2439994,0.41748002,13.759999,1.0,4.755341,1
18:01:58.325164,71,-1.3169302,3.3674998,0.18346377,1.46132,14.88,1.0,2.8901954,1
18:01:58.325164,71,-1.3437806,3.3712974,0.35838792,0.48720002,14.12,1.0,5.3108087,1
18:01:58.325164,71,-1.0832589,3.4110281,1.1998992,0.55664,26.119999,1.0,1.2238529,1
18:01:58.325164,71,-1.1781266,3.3596122,-0.176914,1.46132,7.0,0.7,7.520828,1
18:01:58.325164,71,-1.3169302,3.3674998,0.18346377,1.46132,14.88,1.0,2.8901954,1
18:01:58.325164,71,-1.0989367,3.3417482,1.2164985,0.55664,23.119999,1.0,1.0956922,1
18:01:58.325164,71,-1.1857394,3.4439936,0.55109274,0.48720002,12.88,1.0,0.8452588,1
18:01:58.325164,71,-1.0799204,3.2747536,1.1958406,0.41748002,21.0,1.0,2.365512,1
18:01:58.325164,71,-1.06646,3.471309,1.1470972,0.34804,17.359999,1.0,2.6528516,1
18:01:58.325164,71,-1.0483028,3.5115433,1.0198122,0.34804,5.24,0.524,4.5331635,1
18:01:58.325164,71,-1.3169302,3.3674998,0.18346377,1.46132,14.88,1.0,2.8901954,1
18:01:58.325164,71,-1.0603641,3.2244532,1.2439994,0.41748002,13.759999,1.0,4.755341,1
18:01:58.325164,71,-1.0799204,3.2747536,1.1958406,0.41748002,21.0,1.0,2.365512,1
18:01:58.325164,71,-1.0603641,3.2244532,1.2439994,0.41748002,13.759999,1.0,4.755341,1
18:01:58.325164,71,-1.0603641,3.2244532,1.2439994,0.41748002,13.759999,1.0,4.755341,1
18:01:58.325164,71,-1.3169302,3.3674998,0.18346377,1.46132,14.88,1.0,2.8901954,1
18:01:58.325164,71,-1.06646,3.471309,1.1470972,0.34804,17.359999,1.0,2.6528516,1
18:01:58.325164,71,-1.2115774,3.3799775,0.0005303453,1.46132,13.759999,1.0,3.0587246,1
18:01:58.325164,71,-1.0832589,3.4110281,1.1998992,0.55664,26.119999,1.0,1.2238529,1
18:01:58.325164,71,-1.0989367,3.3417482,1.2164985,0.55664,23.119999,1.0,1.0956922,1
18:01:58.325164,71,-1.0799204,3.2747536,1.1958406,0.41748002,21.0,1.0,2.365512,1
18:01:58.325164,71,-1.1781266,3.3596122,-0.176914,1.46132,7.0,0.7,7.520828,1
18:01:58.325164,71,-1.0832589,3.4110281,1.1998992,0.55664,26.119999,1.0,1.2238529,1
18:01:58.325164,71,-1.0989367,3.3417482,1.2164985,0.55664,23.119999,1.0,1.0956922,1
18:01:58.325164,71,-1.1857394,3.4439936,0.55109274,0.48720002,12.88,1.0,0.8452588,1
18:01:58.325164,71,-1.1781266,3.3596122,-0.176914,1.46132,7.0,0.7,7.520828,1
18:01:58.325164,71,-1.1857394,3.4439936,0.55109274,0.48720002,12.88,1.0,0.8452588,1
18:01:58.325164,71,-1.0989367,3.3417482,1.2164985,0.55664,23.119999,1.0,1.0956922,1
18:01:58.325164,71,-1.0989367,3.3417482,1.2164985,0.55664,23.119999,1.0,1.0956922,1
18:01:58.325164,71,-1.0989367,3.3417482,1.2164985,0.55664,23.119999,1.0,1.0956922,1
18:01:58.325164,71,-1.3169302,3.3674998,0.18346377,1.46132,14.88,1.0,2.8901954,1
18:01:58.325164,71,-1.0832589,3.4110281,1.1998992,0.55664,26.119999,1.0,1.2238529,1
18:01:58.325164,71,-1.3169302,3.3674998,0.18346377,1.46132,14.88,1.0,2.8901954,1
18:01:58.325164,71,-1.06646,3.471309,1.1470972,0.34804,17.359999,1.0,2.6528516,1
18:01:58.325164,71,-1.0799204,3.2747536,1.1958406,0.41748002,21.0,1.0,2.365512,1
18:01:58.325164,71,-1.3169302,3.3674998,0.18346377,1.46132,14.88,1.0,2.8901954,1
18:01:58.325164,71,-1.06646,3.471309,1.1470972,0.34804,17.359999,1.0,2.6528516,1
18:01:58.325164,71,-1.06646,3.471309,1.1470972,0.34804,17.359999,1.0,2.6528516,1
18:01:58.325164,71,-1.1351347,3.4548273,0.71541464,0.34804,6.24,0.624,1.1229761,1
18:01:58.381522,72,-1.1852413,3.4688787,0.14200938,0.41748002,20.0,1.0,3.2938073,1
18:01:58.381522,72,-1.0109833,3.462388,1.3378022,0.48720002,27.0,1.0,1.0615698,1
18:01:58.381522,72,-0.97577536,3.4719834,1.3352311,0.48720002,24.76,1.0,2.1943848,1
18:01:58.381522,72,-1.0478835,3.5494034,1.1667421,0.34804,8.5199995,0.852,3.2149189,1
18:01:58.381522,72,-1.0849254,3.469964,0.37255785,0.48720002,8.88,0.88799995,3.8541205,1
18:01:58.381522,72,-0.9945273,3.500003,1.1780148,0.27832,23.24,1.0,2.444609,1
18:01:58.381522,72,-0.95854324,3.509436,1.1754873,0.27832,21.0,1.0,4.4406843,1
18:01:58.381522,72,-1.0460901,3.452453,1.3404642,0.48720002,28.119999,1.0,0.5375773,1
18:01:58.381522,72,-1.0290207,3.5144837,1.2898682,0.27832,24.76,1.0,1.8452644,1
18:01:58.381522,72,-1.2261719,3.4757028,0.18174839,2.01796,21.64,1.0,2.7295084,1
18:01:58.381522,72,-1.0647539,3.5043714,1.2925779,0.27832,25.119999,1.0,1.0618584,1
18:01:58.381522,72,-1.0996646,3.501313,1.3319341,0.27832,24.0,1.0,1.2592672,1
18:01:58.381522,72,-1.1765025,3.4862182,0.31587183,2.01796,16.76,1.0,1.9277656,1
18:01:58.381522,72,-1.2058012,3.4679067,1.3408852,0.55664,16.88,1.0,4.5064335,1
18:01:58.381522,72,-1.1507691,3.4206207,1.3489937,0.55664,24.119999,1.0,2.6631715,1
18:01:58.381522,72,-1.1705383,3.4793837,1.3378099,0.27832,19.52,1.0,2.7919812,1
18:01:58.381522,72,-1.1159866,3.4315681,1.3460603,0.55664,26.519999,1.0,1.3339107,1
18:01:58.381522,72,-1.2810472,3.4982662,0.11984512,0.41748002,16.24,1.0,3.7170932,1
18:01:58.381522,72,-1.2643886,3.4636743,0.18497144,2.01796,22.359999,1.0,3.4030669,1
18:01:58.381522,72,-1.300464,3.5512893,0.09134769,0.41748002,7.7599998,0.77599996,5.425313,1
18:01:58.381522,72,-1.0444803,3.3164206,1.3311751,0.48720002,7.24,0.724,7.77248,1
18:01:58.381522,72,-1.0586177,3.4080136,1.4964232,0.48720002,14.639999,1.0,1.8132389,1
18:01:58.381522,72,-1.0810924,3.4421794,1.343217,0.55664,27.88,1.0,0.6268688,1
18:01:58.381522,72,-1.1351582,3.4905195,1.3348261,0.27832,22.0,1.0,1.7111434,1
18:01:58.381522,72,-1.2261719,3.4757028,0.18174839,2.01796,21.64,1.0,2.7295084,1
18:01:58.381522,72,-1.0478835,3.5494034,1.1667421,0.34804,8.5199995,0.852,3.2149189,1
18:01:58.381522,72,-1.1351582,3.4905195,1.3348261,0.27832,22.0,1.0,1.7111434,1
18:01:58.381522,72,-1.0290207,3.5144837,1.2898682,0.27832,24.76,1.0,1.8452644,1
18:01:58.381522,72,-0.9945273,3.500003,1.1780148,0.27832,23.24,1.0,2.444609,1
18:01:58.381522,72,-1.0996646,3.501313,1.3319341,0.27832,24.0,1.0,1.2592672,1
18:01:58.381522,72,-1.0290207,3.5144837,1.2898682,0.27832,24.76,1.0,1.8452644,1
18:01:58.381522,72,-1.2643886,3.4636743,0.18497144,2.01796,22.359999,1.0,3.4030669,1
18:01:58.381522,72,-1.1507691,3.4206207,1.3489937,0.55664,24.119999,1.0,2.6631715,1
18:01:58.381522,72,-1.0478835,3.5494034,1.1667421,0.34804,8.5199995,0.852,3.2149189,1
18:01:58.381522,72,-1.1705383,3.4793837,1.3378099,0.27832,19.52,1.0,2.7919812,1
18:01:58.381522,72,-1.1351582,3.4905195,1.3348261,0.27832,22.0,1.0,1.7111434,1
18:01:58.381522,72,-1.0460901,3.452453,1.3404642,0.48720002,28.119999,1.0,0.5375773,1
18:01:58.381522,72,-1.1705383,3.4793837,1.3378099,0.27832,19.52,1.0,2.7919812,1
18:01:58.381522,72,-1.0460901,3.452453,1.3404642,0.48720002,28.119999,1.0,0.5375773,1
18:01:58.381522,72,-1.2261719,3.4757028,0.18174839,2.01796,21.64,1.0,2.7295084,1
18:01:58.381522,72,-1.0849254,3.469964,0.37255785,0.48720002,8.88,0.88799995,3.8541205,1
18:01:58.381522,72,-0.9945273,3.500003,1.1780148,0.27832,23.24,1.0,2.444609,1
18:01:58.381522,72,-1.2058012,3.4679067,1.3408852,0.55664,16.88,1.0,4.5064335,1
18:01:58.381522,72,-1.2261719,3.4757028,0.18174839,2.01796,21.64,1.0,2.7295084,1
18:01:58.381522,72,-1.2261719,3.4757028,0.18174839,2.01796,21.64,1.0,2.7295084,1
18:01:58.381522,72,-1.2261719,3.4757028,0.18174839,2.01796,21.64,1.0,2.7295084,1
18:01:58.381522,72,-0.9945273,3.500003,1.1780148,0.27832,23.24,1.0,2.444609,1
18:01:58.381522,72,-1.0460901,3.452453,1.3404642,0.48720002,28.119999,1.0,0.5375773,1
18:01:58.440205,73,-0.90711075,3.4504657,1.1513778,0.34804,36.88,1.0,0.91858745,1
18:01:58.440205,73,-0.89146554,3.3909547,1.1660142,0.41748002,38.76,1.0,0.77594906,1
18:01:58.440205,73,-0.8758204,3.3314435,1.1806506,0.41748002,27.88,1.0,2.2565932,1
18:01:58.440205,73,-0.92610145,3.3906593,1.2033929,0.41748002,45.0,1.0,0.3831799,1
18:01:58.440205,73,-0.9425901,3.4415324,1.1537714,0.34804,40.879997,1.0,0.49736145,1
18:01:58.440205,73,-0.91007596,3.3228183,1.1829617,0.41748002,31.24,1.0,1.9710525,1
18:01:58.440205,73,-0.99477595,3.4912198,1.1417621,0.34804,27.64,1.0,1.8961859,1
18:01:58.440205,73,-0.97797525,3.4322567,1.1562569,0.34804,42.0,1.0,0.28417945,1
18:01:58.440205,73,-0.958783,3.5006547,1.1392341,0.34804,29.0,1.0,2.1823034,1
18:01:58.440205,73,-0.9226941,3.5097415,1.1367992,0.34804,28.359999,1.0,2.674333,1
18:01:58.440205,73,-0.8414773,3.3397377,1.1784282,0.41748002,24.0,1.0,2.7528455,1
18:01:58.440205,73,-0.856509,3.399397,1.1637521,0.41748002,31.88,1.0,1.3371669,1
18:01:58.440205,73,-0.8716714,3.431099,1.0426743,0.41748002,31.519999,1.0,1.1425993,1
18:01:58.440205,73,-0.8866459,3.4900422,1.0262283,0.27832,26.119999,1.0,1.586272,1
18:01:58.440205,73,-0.80705,3.3476994,1.1762948,0.41748002,20.119999,1.0,3.4588478,1
18:01:58.440205,73,-0.8214667,3.407501,1.1615806,0.41748002,25.64,1.0,2.1063,1
18:01:58.440205,73,-0.8360088,3.4393466,1.0404644,0.41748002,26.0,1.0,1.9131641,1
18:01:58.440205,73,-0.85037065,3.4984314,1.0239804,0.27832,23.0,1.0,2.4210536,1
18:01:58.440205,73,-0.7864603,3.3877935,1.0549327,0.41748002,20.64,1.0,3.9028022,1
18:01:58.440205,73,-0.8002626,3.4472492,1.0383469,0.41748002,21.359999,1.0,2.8965557,1
18:01:58.440205,73,-0.8140104,3.5064697,1.0218265,0.27832,19.64,1.0,3.46668,1
18:01:58.440205,73,-0.93833923,3.5692527,1.1221628,0.34804,9.24,0.92399997,6.057121,1
18:01:58.440205,73,-0.9608676,3.3815458,1.2058347,0.41748002,48.52,1.0,0.21361028,1
18:01:58.440205,73,-0.9273731,3.2546656,1.1999136,0.41748002,9.88,0.988,5.131932,1
18:01:58.440205,73,-1.1657495,3.3433669,1.3278813,0.34804,17.88,1.0,3.6463504,1
18:01:58.440205,73,-1.1878121,3.3781204,1.2087168,0.34804,15.759999,1.0,3.590788,1
18:01:58.440205,73,-1.1133004,3.2725096,1.2330868,0.41748002,18.76,1.0,4.0883164,1
18:01:58.440205,73,-1.1316578,3.3544626,1.3249083,0.34804,22.359999,1.0,2.6684291,1
18:01:58.440205,73,-1.1530752,3.389426,1.2056874,0.34804,19.359999,1.0,2.5718296,1
18:01:58.440205,73,-1.0796504,3.2831006,1.2302489,0.41748002,22.519999,1.0,3.1240053,1
18:01:58.440205,73,-1.0989367,3.3417482,1.2164985,0.41748002,28.119999,1.0,1.6340945,1
18:01:58.440205,73,-1.118223,3.4003956,1.2027482,0.34804,23.88,1.0,1.7665972,1
18:01:58.440205,73,-1.1374329,3.4588113,1.1890521,0.34804,15.0,1.0,3.511383,1
18:01:58.440205,73,-0.9440044,3.3221998,1.2197723,0.41748002,33.12,1.0,1.4083426,1
18:01:58.440205,73,-1.0645757,3.3521972,1.2136987,0.41748002,35.0,1.0,0.9615777,1
18:01:58.440205,73,-1.0458924,3.2933664,1.2274983,0.41748002,26.64,1.0,2.3751905,1
18:01:58.440205,73,-1.1018683,3.4696264,1.1861542,0.34804,18.0,1.0,3.0005727,1
18:01:58.440205,73,-1.0120298,3.3033054,1.2248352,0.41748002,30.24,1.0,1.8405004,1
18:01:58.440205,73,-1.0301081,3.3623137,1.210988,0.41748002,42.12,1.0,0.5015539,1
18:01:58.440205,73,-1.0481864,3.4213223,1.1971408,0.34804,34.76,1.0,0.7911245,1
18:01:58.440205,73,-1.0661933,3.4800975,1.1833485,0.34804,21.359999,1.0,2.698425,1
18:01:58.440205,73,-0.97806597,3.312917,1.2222598,0.41748002,32.76,1.0,1.5186304,1
18:01:58.440205,73,-0.99553764,3.372097,1.2083666,0.41748002,47.36,1.0,0.2526617,1
18:01:58.440205,73,-1.0130093,3.4312773,1.1944735,0.34804,39.64,1.0,0.61797345,1
18:01:58.440205,73,-1.0832589,3.4110281,1.1998992,0.34804,29.119999,1.0,1.1735262,1
18:01:58.440205,73,-1.0304118,3.4902234,1.1806352,0.34804,24.76,1.0,2.6034627,1
18:01:58.440205,73,-0.8414773,3.3397377,1.1784282,0.41748002,24.0,1.0,2.7528455,1
18:01:58.440205,73,-0.9608676,3.3815458,1.2058347,0.41748002,48.52,1.0,0.21361028,1
18:01:58.488905,74,-0.92842025,3.5943692,0.09409439,0.27832,6.52,0.652,3.4326243,1
18:01:58.488905,74,-0.8618036,3.6662776,0.06053663,0.27832,8.24,0.824,4.896516,1
18:01:58.488905,74,-0.90674275,3.630605,-0.11712695,0.13916,6.3599997,0.636,3.3972778,1
18:01:58.488905,74,-0.9381046,3.5781803,1.1590314,0.27832,13.36,1.0,1.5205857,1
18:01:58.488905,74,-0.9370806,3.506742,1.4771575,0.34804,17.24,1.0,1.4838486,1
18:01:58.488905,74,-0.9248511,3.4140735,1.3089356,0.41748002,19.52,1.0,3.0777087,1
18:01:58.488905,74,-0.97806597,3.312917,1.2222598,0.41748002,10.24,1.0,4.6424084,1
18:01:58.488905,74,-0.95662624,3.5410428,1.3212885,0.27832,13.5199995,1.0,2.1588411,1
18:01:58.488905,74,-0.8618036,3.6662776,0.06053663,0.27832,8.24,0.824,4.896516,1
18:01:58.488905,74,-0.95662624,3.5410428,1.3212885,0.27832,13.5199995,1.0,2.1588411,1
18:01:58.488905,74,-0.95662624,3.5410428,1.3212885,0.27832,13.5199995,1.0,2.1588411,1
18:01:58.488905,74,-0.8618036,3.6662776,0.06053663,0.27832,8.24,0.824,4.896516,1
18:01:58.488905,74,-0.97806597,3.312917,1.2222598,0.41748002,10.24,1.0,4.6424084,1
18:01:58.488905,74,-0.9370806,3.506742,1.4771575,0.34804,17.24,1.0,1.4838486,1
18:01:58.488905,74,-0.9370806,3.506742,1.4771575,0.34804,17.24,1.0,1.4838486,1
18:01:58.488905,74,-0.8618036,3.6662776,0.06053663,0.27832,8.24,0.824,4.896516,1
18:01:58.488905,74,-0.8618036,3.6662776,0.06053663,0.27832,8.24,0.824,4.896516,1
18:01:58.488905,74,-0.95662624,3.5410428,1.3212885,0.27832,13.5199995,1.0,2.1588411,1
18:01:58.488905,74,-0.9370806,3.506742,1.4771575,0.34804,17.24,1.0,1.4838486,1
18:01:58.488905,74,-0.90674275,3.630605,-0.11712695,0.13916,6.3599997,0.636,3.3972778,1
18:01:58.488905,74,-0.9248511,3.4140735,1.3089356,0.41748002,19.52,1.0,3.0777087,1
18:01:58.488905,74,-0.97806597,3.312917,1.2222598,0.41748002,10.24,1.0,4.6424084,1
18:01:58.488905,74,-0.90674275,3.630605,-0.11712695,0.13916,6.3599997,0.636,3.3972778,1
18:01:58.488905,74,-0.97806597,3.312917,1.2222598,0.41748002,10.24,1.0,4.6424084,1
18:01:58.488905,74,-0.9248511,3.4140735,1.3089356,0.41748002,19.52,1.0,3.0777087,1
18:01:58.488905,74,-0.97806597,3.312917,1.2222598,0.41748002,10.24,1.0,4.6424084,1
18:01:58.488905,74,-0.95662624,3.5410428,1.3212885,0.27832,13.5199995,1.0,2.1588411,1
18:01:58.488905,74,-0.9370806,3.506742,1.4771575,0.34804,17.24,1.0,1.4838486,1
18:01:58.488905,74,-0.9370806,3.506742,1.4771575,0.34804,17.24,1.0,1.4838486,1
18:01:58.488905,74,-0.9370806,3.506742,1.4771575,0.34804,17.24,1.0,1.4838486,1
18:01:58.488905,74,-0.92842025,3.5943692,0.09409439,0.27832,6.52,0.652,3.4326243,1
18:01:58.488905,74,-0.95662624,3.5410428,1.3212885,0.27832,13.5199995,1.0,2.1588411,1
18:01:58.488905,74,-0.95662624,3.5410428,1.3212885,0.27832,13.5199995,1.0,2.1588411,1
18:01:58.488905,74,-0.8618036,3.6662776,0.06053663,0.27832,8.24,0.824,4.896516,1
18:01:58.488905,74,-0.8618036,3.6662776,0.06053663,0.27832,8.24,0.824,4.896516,1
18:01:58.488905,74,-0.97806597,3.312917,1.2222598,0.41748002,10.24,1.0,4.6424084,1
18:01:58.488905,74,-0.9381046,3.5781803,1.1590314,0.27832,13.36,1.0,1.5205857,1
18:01:58.488905,74,-0.95662624,3.5410428,1.3212885,0.27832,13.5199995,1.0,2.1588411,1
18:01:58.488905,74,-0.9248511,3.4140735,1.3089356,0.41748002,19.52,1.0,3.0777087,1
18:01:58.488905,74,-0.97806597,3.312917,1.2222598,0.41748002,10.24,1.0,4.6424084,1
18:01:58.488905,74,-0.9248511,3.4140735,1.3089356,0.41748002,19.52,1.0,3.0777087,1
18:01:58.488905,74,-0.9381046,3.5781803,1.1590314,0.27832,13.36,1.0,1.5205857,1
18:01:58.488905,74,-0.8618036,3.6662776,0.06053663,0.27832,8.24,0.824,4.896516,1
18:01:58.488905,74,-0.9248511,3.4140735,1.3089356,0.41748002,19.52,1.0,3.0777087,1
18:01:58.488905,74,-0.92842025,3.5943692,0.09409439,0.27832,6.52,0.652,3.4326243,1
18:01:58.488905,74,-0.9248511,3.4140735,1.3089356,0.41748002,19.52,1.0,3.0777087,1
18:01:58.488905,74,-0.9248511,3.4140735,1.3089356,0.41748002,19.52,1.0,3.0777087,1
18:01:58.488905,74,-0.97806597,3.312917,1.2222598,0.41748002,10.24,1.0,4.6424084,1
18:01:58.552737,75,-0.86672544,3.8758953,-1.0565368,0.06972,5.12,0.51199996,0.32754025,1
18:01:58.552737,75,-0.8912427,3.4903893,0.10810378,0.27832,15.88,1.0,3.1279414,1
18:01:58.552737,75,-1.0481864,3.4213223,-0.8028591,0.34804,24.64,1.0,3.5951557,1
18:01:58.552737,75,-0.7155409,3.7205777,-0.18959598,0.27832,22.76,1.0,2.7991905,1
18:01:58.552737,75,-0.61381257,4.061347,-1.2705891,0.06972,16.76,1.0,5.927696,1
18:01:58.552737,75,-1.1082674,4.0044622,-1.1053178,0.20888,18.76,1.0,6.6785398,1
18:01:58.552737,75,-0.9750401,3.6652675,-0.07586494,0.41748002,33.0,1.0,2.8141978,1
18:01:58.552737,75,-0.8788915,4.1234937,-1.1215782,0.06972,10.76,1.0,2.814452,1
18:01:58.552737,75,-1.0117952,3.521493,-0.9828538,0.41748002,28.64,1.0,2.5759323,1
18:01:58.552737,75,-0.8002626,3.5786812,-0.036671888,0.27832,24.119999,1.0,2.6636567,1
18:01:58.552737,75,-0.8963715,4.008469,-1.2705891,0.20888,36.36,1.0,1.3146945,1
18:01:58.552737,75,-0.73292375,4.027728,-1.0890576,0.06972,34.239998,1.0,2.0217853,1
18:01:58.552737,75,-0.9977172,3.9073772,-1.0727972,0.06972,19.76,1.0,1.5422051,1
18:01:58.552737,75,-0.8276885,3.7013268,-0.07586494,0.27832,35.239998,1.0,1.8202741,1
18:01:58.552737,75,-1.1023091,3.4323893,-0.9583237,0.41748002,25.119999,1.0,4.2872443,1
18:01:58.552737,75,-0.89340365,3.995197,-1.0890576,0.06972,48.12,1.0,1.0720714,1
18:01:58.552737,75,-0.7353585,4.041108,-1.2705891,0.06972,28.519999,1.0,2.542536,1
18:01:58.552737,75,-0.80118287,3.9523592,-1.0727972,0.06972,21.52,1.0,0.89578974,1
18:01:58.552737,75,-0.74093807,3.6551623,-0.074600026,0.27832,26.76,1.0,2.9684603,1
18:01:58.552737,75,-0.8866459,3.6231525,-0.03730188,0.41748002,45.76,1.0,1.9329801,1
18:01:58.552737,75,-1.027962,4.025825,-1.1053178,0.20888,26.76,1.0,4.171898,1
18:01:58.552737,75,-0.8160282,4.0255938,-1.2705891,0.06972,35.52,1.0,1.4718136,1
18:01:58.552737,75,-0.97797525,3.4322567,-0.84374315,0.27832,30.64,1.0,3.845817,1
18:01:58.552737,75,-0.9425901,3.5432851,0.07334011,0.27832,32.239998,1.0,2.8840783,1
18:01:58.552737,75,-1.07566,3.886643,-1.0727972,0.20888,14.88,1.0,3.2473943,1
18:01:58.552737,75,-0.78980434,3.7055237,-0.18959598,0.27832,31.24,1.0,1.6192491,1
18:01:58.552737,75,-0.9472452,4.045578,-1.1053178,0.20888,31.119999,1.0,2.505451,1
18:01:58.552737,75,-0.68468845,3.9887054,-1.2518975,0.06972,28.0,1.0,3.829748,1
18:01:58.552737,75,-1.0524542,3.9562747,-1.0890576,0.20888,29.519999,1.0,3.6134126,1
18:01:58.552737,75,-0.9193753,3.926549,-1.0727972,0.06972,21.88,1.0,0.6484582,1
18:01:58.552737,75,-0.8790765,3.754437,-0.07712986,0.27832,11.24,1.0,2.2476802,1
18:01:58.552737,75,-0.9589268,3.604696,-0.03730188,0.41748002,44.76,1.0,2.4631927,1
18:01:58.552737,75,-0.9015446,3.6840339,-0.07586494,0.27832,38.36,1.0,1.9480836,1
18:01:58.552737,75,-1.0847056,3.5012417,-0.9774274,0.41748002,20.359999,1.0,3.1541052,1
18:01:58.552737,75,-1.0308242,3.4529946,-0.96384484,0.41748002,35.239998,1.0,3.7093265,1
18:01:58.552737,75,-0.87154067,3.5614269,0.07334011,0.27832,30.359999,1.0,2.6107087,1
18:01:58.552737,75,-0.60478276,4.0016003,-1.2518975,0.06972,18.64,1.0,6.632415,1
18:01:58.552737,75,-0.7219807,3.9675913,-1.0727972,0.06972,16.88,1.0,2.162805,1
18:01:58.552737,75,-0.81332636,4.0122647,-1.0890576,0.06972,46.879997,1.0,1.095107,1
18:01:58.552737,75,-0.8140104,3.6401596,-0.03730188,0.27832,37.12,1.0,2.1259658,1
18:01:58.552737,75,-0.90674275,4.054848,-1.1053178,0.06972,34.64,1.0,1.9975146,1
18:01:58.552737,75,-1.0681682,4.0153446,-1.1053178,0.20888,22.519999,1.0,5.3222523,1
18:01:58.552737,75,-0.6949113,4.0482593,-1.2705891,0.06972,24.119999,1.0,3.4299886,1
18:01:58.552737,75,-0.6543946,4.055006,-1.2705891,0.06972,20.119999,1.0,4.5571485,1
18:01:58.552737,75,-0.7757321,4.033552,-1.2705891,0.06972,32.64,1.0,1.8910666,1
18:01:58.552737,75,-1.0919638,3.9455526,-1.0890576,0.20888,23.76,1.0,4.7648478,1
18:01:58.552737,75,-0.7731637,4.0201974,-1.0890576,0.06972,41.0,1.0,1.4435921,1
18:01:58.552737,75,-1.0128396,3.9666014,-1.0890576,0.20888,36.12,1.0,2.6644468,1
18:01:58.599859,76,-0.7622357,3.7996628,-0.003783672,0.34804,5.24,0.524,8.098066,1
18:01:58.599859,76,-0.53862906,3.693473,-0.13397236,0.41748002,8.0,0.79999995,2.734977,1
18:01:58.599859,76,-0.8414888,3.6547801,1.1005553,0.20888,16.24,1.0,4.966261,1
18:01:58.599859,76,-0.49008617,3.6440682,-0.10390048,0.41748002,8.12,0.812,4.079705,1
18:01:58.599859,76,-0.8212613,3.4159784,1.1966085,0.27832,12.24,1.0,2.2348042,1
18:01:58.599859,76,-0.87154067,3.4590561,1.149076,0.27832,17.0,1.0,0.8917223,1
18:01:58.599859,76,-0.9226941,3.4711258,0.992683,0.27832,16.52,1.0,3.103192,1
18:01:58.599859,76,-0.86478955,3.5577507,1.007431,0.20888,24.519999,1.0,0.46468997,1
18:01:58.599859,76,-0.8212613,3.4159784,1.1966085,0.27832,12.24,1.0,2.2348042,1
18:01:58.599859,76,-0.87154067,3.4590561,1.149076,0.27832,17.0,1.0,0.8917223,1
18:01:58.599859,76,-0.7622357,3.7996628,-0.003783672,0.34804,5.24,0.524,8.098066,1
18:01:58.599859,76,-0.8212613,3.4159784,1.1966085,0.27832,12.24,1.0,2.2348042,1
18:01:58.599859,76,-0.8212613,3.4159784,1.1966085,0.27832,12.24,1.0,2.2348042,1
18:01:58.599859,76,-0.9226941,3.4711258,0.992683,0.27832,16.52,1.0,3.103192,1
18:01:58.599859,76,-0.86478955,3.5577507,1.007431,0.20888,24.519999,1.0,0.46468997,1
18:01:58.599859,76,-0.8414888,3.6547801,1.1005553,0.20888,16.24,1.0,4.966261,1
18:01:58.599859,76,-0.7622357,3.7996628,-0.003783672,0.34804,5.24,0.524,8.098066,1
18:01:58.599859,76,-0.8414888,3.6547801,1.1005553,0.20888,16.24,1.0,4.966261,1
18:01:58.599859,76,-0.87154067,3.4590561,1.149076,0.27832,17.0,1.0,0.8917223,1
18:01:58.599859,76,-0.7622357,3.7996628,-0.003783672,0.34804,5.24,0.524,8.098066,1
18:01:58.599859,76,-0.9226941,3.4711258,0.992683,0.27832,16.52,1.0,3.103192,1
18:01:58.599859,76,-0.49008617,3.6440682,-0.10390048,0.41748002,8.12,0.812,4.079705,1
18:01:58.599859,76,-0.8414888,3.6547801,1.1005553,0.20888,16.24,1.0,4.966261,1
18:01:58.599859,76,-0.49008617,3.6440682,-0.10390048,0.41748002,8.12,0.812,4.079705,1
18:01:58.599859,76,-0.8414888,3.6547801,1.1005553,0.20888,16.24,1.0,4.966261,1
18:01:58.599859,76,-0.8414888,3.6547801,1.1005553,0.20888,16.24,1.0,4.966261,1
18:01:58.599859,76,-0.49008617,3.6440682,-0.10390048,0.41748002,8.12,0.812,4.079705,1
18:01:58.599859,76,-0.8414888,3.6547801,1.1005553,0.20888,16.24,1.0,4.966261,1
18:01:58.599859,76,-0.9226941,3.4711258,0.992683,0.27832,16.52,1.0,3.103192,1
18:01:58.599859,76,-0.87154067,3.4590561,1.149076,0.27832,17.0,1.0,0.8917223,1
18:01:58.599859,76,-0.53862906,3.693473,-0.13397236,0.41748002,8.0,0.79999995,2.734977,1
18:01:58.599859,76,-0.87154067,3.4590561,1.149076,0.27832,17.0,1.0,0.8917223,1
18:01:58.599859,76,-0.8212613,3.4159784,1.1966085,0.27832,12.24,1.0,2.2348042,1
18:01:58.599859,76,-0.87154067,3.4590561,1.149076,0.27832,17.0,1.0,0.8917223,1
18:01:58.599859,76,-0.53862906,3.693473,-0.13397236,0.41748002,8.0,0.79999995,2.734977,1
18:01:58.599859,76,-0.49008617,3.6440682,-0.10390048,0.41748002,8.12,0.812,4.079705,1
18:01:58.599859,76,-0.86478955,3.5577507,1.007431,0.20888,24.519999,1.0,0.46468997,1
18:01:58.599859,76,-0.8414888,3.6547801,1.1005553,0.20888,16.24,1.0,4.966261,1
18:01:58.599859,76,-0.8212613,3.4159784,1.1966085,0.27832,12.24,1.0,2.2348042,1
18:01:58.599859,76,-0.87154067,3.4590561,1.149076,0.27832,17.0,1.0,0.8917223,1
18:01:58.599859,76,-0.87154067,3.4590561,1.149076,0.27832,17.0,1.0,0.8917223,1
18:01:58.599859,76,-0.53862906,3.693473,-0.13397236,0.41748002,8.0,0.79999995,2.734977,1
18:01:58.599859,76,-0.8212613,3.4159784,1.1966085,0.27832,12.24,1.0,2.2348042,1
18:01:58.599859,76,-0.8414888,3.6547801,1.1005553,0.20888,16.24,1.0,4.966261,1
18:01:58.599859,76,-0.87154067,3.4590561,1.149076,0.27832,17.0,1.0,0.8917223,1
18:01:58.599859,76,-0.53862906,3.693473,-0.13397236,0.41748002,8.0,0.79999995,2.734977,1
18:01:58.599859,76,-0.49008617,3.6440682,-0.10390048,0.41748002,8.12,0.812,4.079705,1
18:01:58.599859,76,-0.9226941,3.4711258,0.992683,0.27832,16.52,1.0,3.103192,1
18:01:58.660323,77,-0.7661796,3.6409116,0.9844933,0.13916,21.119999,1.0,0.13383453,1
18:01:58.660323,77,-0.6922812,3.5054505,1.1745988,0.13916,32.88,1.0,0.6465797,1
18:01:58.660323,77,-0.70435,3.5569038,1.1241621,0.13916,50.0,1.0,0.52236277,1
18:01:58.660323,77,-0.71640044,3.588301,0.9992451,0.13916,45.36,1.0,0.26783934,1
18:01:58.660323,77,-0.72834516,3.6481297,0.98255926,0.13916,19.64,1.0,0.3749946,1
18:01:58.660323,77,-0.6564149,3.5033462,1.1372085,0.13916,28.88,1.0,0.94042796,1
18:01:58.660323,77,-0.6676915,3.5635304,1.1223866,0.13916,41.0,1.0,1.0082915,1
18:01:58.660323,77,-0.67911476,3.5950408,0.99743915,0.13916,37.64,1.0,0.6923773,1
18:01:58.660323,77,-0.69033426,3.6444514,0.9436215,0.13916,17.359999,1.0,0.745177,1
18:01:58.660323,77,-0.6203099,3.5095122,1.1355563,0.13916,24.359999,1.0,1.5881246,1
18:01:58.660323,77,-0.6417612,3.6014202,0.9957298,0.13916,30.119999,1.0,1.3231214,1
18:01:58.660323,77,-0.65236354,3.6509361,0.9418839,0.13916,15.0,1.0,1.3797898,1
18:01:58.660323,77,-0.58414286,3.5153294,1.1339976,0.13916,20.24,1.0,2.4283946,1
18:01:58.660323,77,-0.5942671,3.5472908,1.0108886,0.13916,25.519999,1.0,2.003613,1
18:01:58.660323,77,-0.6043434,3.6074386,0.9941172,0.13916,23.88,1.0,2.15954,1
18:01:58.660323,77,-0.5205047,3.558059,1.0080032,0.13916,20.119999,1.0,4.1875057,1
18:01:58.660323,77,-0.5293304,3.6183894,0.991183,0.13916,19.0,1.0,4.4468927,1
18:01:58.660323,77,-0.7536144,3.5812013,1.0011475,0.13916,51.12,1.0,0.049962837,1
18:01:58.660323,77,-0.74093807,3.5499237,1.1260325,0.13916,56.52,1.0,0.23630089,1
18:01:58.660323,77,-0.63096625,3.5698025,1.120706,0.13916,32.36,1.0,1.6936393,1
18:01:58.660323,77,-0.80393755,3.6333284,0.98652524,0.13916,21.52,1.0,0.106330805,1
18:01:58.660323,77,-0.7282423,3.49859,1.1764371,0.13916,35.239998,1.0,0.35649887,1
18:01:58.660323,77,-0.9945273,3.500003,1.1780148,0.13916,17.0,1.0,3.7855916,1
18:01:58.660323,77,-0.95854324,3.509436,1.1754873,0.13916,21.359999,1.0,2.697386,1
18:01:58.660323,77,-0.9747963,3.5689418,1.1615069,0.13916,21.0,1.0,2.7604127,1
18:01:58.660323,77,-0.90565956,3.4829094,1.2944176,0.13916,19.52,1.0,1.9933288,1
18:01:58.660323,77,-0.93833923,3.5692527,1.1221628,0.13916,26.359999,1.0,1.8538023,1
18:01:58.660323,77,-0.95412755,3.5993607,0.99562687,0.13916,14.12,1.0,2.1379702,1
18:01:58.660323,77,-0.87132275,3.4676845,1.1847181,0.13916,23.64,1.0,1.1357337,1
18:01:58.660323,77,-0.88629127,3.5272563,1.1707124,0.13916,34.36,1.0,1.1233516,1
18:01:58.660323,77,-0.9015446,3.5781388,1.1197817,0.13916,33.0,1.0,1.1295439,1
18:01:58.660323,77,-0.9167138,3.6083963,0.9932058,0.13916,16.52,1.0,1.3085018,1
18:01:58.660323,77,-0.8356744,3.4759288,1.1825091,0.13916,28.119999,1.0,0.6495531,1
18:01:58.660323,77,-0.92246336,3.5185206,1.173053,0.13916,27.0,1.0,1.8099495,1
18:01:58.660323,77,-0.8646598,3.586669,1.1174961,0.13916,40.76,1.0,0.612814,1
18:01:58.660323,77,-0.7907531,3.5737424,1.003146,0.13916,52.239998,1.0,0.039126836,1
18:01:58.660323,77,-0.85003054,3.5356421,1.1684654,0.13916,43.12,1.0,0.6375871,1
18:01:58.660323,77,-0.77745205,3.5425904,1.1279974,0.13916,57.239998,1.0,0.15047969,1
18:01:58.660323,77,-0.7641306,3.4913821,1.1783683,0.13916,35.12,1.0,0.26011884,1
18:01:58.660323,77,-0.841615,3.625381,0.98865473,0.13916,20.64,1.0,0.29279754,1
18:01:58.660323,77,-0.75095147,3.4311655,1.1925392,0.13916,13.36,1.0,0.31054503,1
18:01:58.660323,77,-0.8276885,3.5948424,1.115306,0.13916,48.12,1.0,0.3035315,1
18:01:58.660323,77,-0.81368476,3.5436773,1.1663123,0.13916,51.879997,1.0,0.35257635,1
18:01:58.660323,77,-0.7999425,3.4838283,1.1803925,0.13916,32.36,1.0,0.35773054,1
18:01:58.660323,77,-0.8792084,3.61707,0.9908817,0.13916,18.88,1.0,0.69346946,1
18:01:58.660323,77,-0.81368476,3.5436773,1.1663123,0.13916,51.879997,1.0,0.35257635,1
18:01:58.660323,77,-0.87132275,3.4676845,1.1847181,0.13916,23.64,1.0,1.1357337,1
18:01:58.660323,77,-0.95412755,3.5993607,0.99562687,0.13916,14.12,1.0,2.1379702,1
18:01:58.716625,78,-0.6790129,3.6239536,1.1075058,0.06972,115.52,1.0,0.64611316,1
18:01:58.716625,78,-0.97763413,3.6761122,0.28408584,0.41748002,9.88,0.988,8.84025,1
18:01:58.716625,78,-0.9572491,3.5336702,1.2847272,0.06972,16.24,1.0,3.401592,1
18:01:58.716625,78,-0.4233663,3.692652,0.9706295,0.06972,15.0,1.0,4.8036833,1
18:01:58.716625,78,-0.47530574,3.530681,1.1298842,0.06972,26.119999,1.0,2.9734683,1
18:01:58.716625,78,-0.8788567,3.6555426,1.1402664,0.06972,21.64,1.0,4.0048656,1
18:01:58.716625,78,-0.7999425,3.4838283,1.1803925,0.06972,43.52,1.0,2.903184,1
18:01:58.716625,78,-0.61441976,3.6675863,0.9773459,0.06972,39.36,1.0,1.641536,1
18:01:58.716625,78,-0.9673404,3.6697779,0.4229682,0.41748002,6.52,0.652,6.671217,1
18:01:58.716625,78,-0.6201548,3.5181282,1.1712018,0.06972,56.52,1.0,1.5133826,1
18:01:58.716625,78,-0.40948004,3.5715344,1.0043925,0.06972,15.5199995,1.0,3.4779785,1
18:01:58.716625,78,-0.68051136,3.4365208,1.1538048,0.06972,24.76,1.0,6.5410595,1
18:01:58.716625,78,-0.5293304,3.6183894,0.991183,0.06972,43.76,1.0,1.0706937,1
18:01:58.716625,78,-0.7660647,3.6703084,1.0963945,0.06972,43.12,1.0,2.9951758,1
18:01:58.716625,78,-0.9381046,3.5781803,1.1590314,0.13916,19.359999,1.0,2.538835,1
18:01:58.716625,78,-0.7407528,3.5586925,1.162289,0.06972,99.0,1.0,0.32997516,1
18:01:58.716625,78,-0.87014633,3.491486,1.2921195,0.06972,26.359999,1.0,2.9780436,1
18:01:58.716625,78,-0.5941779,3.5757196,1.1191205,0.06972,53.36,1.0,0.45907304,1
18:01:58.716625,78,-0.6904378,3.6549819,0.9807232,0.13916,51.76,1.0,1.0786859,1
18:01:58.716625,78,-0.4999415,3.6837332,0.9730193,0.06972,24.119999,1.0,3.2473319,1
18:01:58.716625,78,-0.82748157,3.6037638,1.1521764,0.06972,48.12,1.0,1.264226,1
18:01:58.716625,78,-0.45410556,3.627889,0.98863757,0.06972,22.88,1.0,2.2536104,1
18:01:58.716625,78,-0.88629127,3.5272563,1.1707124,0.13916,27.519999,1.0,2.047197,1
18:01:58.716625,78,-0.40250397,3.53916,1.1276122,0.06972,16.119999,1.0,4.169088,1
18:01:58.716625,78,-0.44646716,3.595826,1.1137329,0.06972,20.119999,1.0,2.3012598,1
18:01:58.716625,78,-0.52042663,3.586486,1.1162356,0.06972,37.52,1.0,1.1629502,1
18:01:58.716625,78,-0.6675246,3.572296,1.158644,0.06972,101.36,1.0,0.19663215,1
18:01:58.716625,78,-0.6922812,3.5054505,1.1745988,0.06972,71.36,1.0,1.6900115,1
18:01:58.716625,78,-0.6043434,3.6074386,0.9941172,0.13916,63.12,1.0,0.32155308,1
18:01:58.716625,78,-0.7535014,3.610116,1.1112134,0.06972,96.0,1.0,0.55779225,1
18:01:58.716625,78,-0.81368476,3.5436773,1.1663123,0.06972,52.36,1.0,0.93885595,1
18:01:58.716625,78,-0.8414888,3.6547801,1.1005553,0.06972,27.359999,1.0,3.0057182,1
18:01:58.716625,78,-0.58414286,3.5153294,1.1339976,0.06972,44.36,1.0,2.0599174,1
18:01:58.716625,78,-0.53815603,3.6787198,0.9743627,0.06972,31.0,1.0,2.613239,1
18:01:58.716625,78,-0.6524614,3.6614676,0.97898537,0.13916,47.36,1.0,1.3078841,1
18:01:58.716625,78,-0.46167699,3.6883776,0.9717749,0.06972,18.88,1.0,3.977964,1
18:01:58.716625,78,-0.7282359,3.6775255,1.0944607,0.06972,49.879997,1.0,3.1449852,1
18:01:58.716625,78,-0.803817,3.6627264,1.0984261,0.06972,34.76,1.0,2.9477105,1
18:01:58.716625,78,-0.91634715,3.6468723,1.1425896,0.06972,17.24,1.0,4.2271566,1
18:01:58.716625,78,-0.49174255,3.6233208,0.9898616,0.06972,31.119999,1.0,1.6087563,1
18:01:58.716625,78,-0.41642317,3.6320932,0.987511,0.06972,17.359999,1.0,3.0038574,1
18:01:58.716625,78,-0.716293,3.6172147,1.1093115,0.06972,118.52,1.0,0.54719734,1
18:01:58.716625,78,-0.6416649,3.630332,1.1057967,0.06972,89.88,1.0,0.85192364,1
18:01:58.716625,78,-0.8644436,3.5955923,1.1543659,0.06972,34.36,1.0,1.5691295,1
18:01:58.716625,78,-0.9013192,3.5870643,1.156651,0.06972,25.519999,1.0,1.992801,1
18:01:58.716625,78,-0.7904368,3.6115777,1.1500826,0.06972,68.76,1.0,1.0746884,1
18:01:58.716625,78,-0.48347107,3.5913346,1.1149365,0.06972,27.0,1.0,1.6785994,1
18:01:58.716625,78,-0.63096625,3.5698025,1.120706,0.06972,76.0,1.0,0.2745263,1
18:01:58.763153,79,-0.68140405,3.7840202,-0.19183579,0.27832,5.24,0.524,8.543771,1
18:01:58.763153,79,-0.5842305,3.4873807,1.0275936,0.06972,7.64,0.764,3.3786926,1
18:01:58.763153,79,-0.6310609,3.5413728,1.0124743,0.13916,10.12,1.0,2.2400193,1
18:01:58.763153,79,-0.86882085,3.7410583,0.2124184,0.48720002,13.639999,1.0,2.7352364,1
18:01:58.763153,79,-0.8558488,3.685202,0.23910819,0.48720002,11.0,1.0,0.80722547,1
18:01:58.763153,79,-0.91566336,3.7123709,0.033896048,0.48720002,7.52,0.752,3.0192535,1
18:01:58.763153,79,-0.8558488,3.685202,0.23910819,0.48720002,11.0,1.0,0.80722547,1
18:01:58.763153,79,-0.91566336,3.7123709,0.033896048,0.48720002,7.52,0.752,3.0192535,1
18:01:58.763153,79,-0.5842305,3.4873807,1.0275936,0.06972,7.64,0.764,3.3786926,1
18:01:58.763153,79,-0.68140405,3.7840202,-0.19183579,0.27832,5.24,0.524,8.543771,1
18:01:58.763153,79,-0.68140405,3.7840202,-0.19183579,0.27832,5.24,0.524,8.543771,1
18:01:58.763153,79,-0.8558488,3.685202,0.23910819,0.48720002,11.0,1.0,0.80722547,1
18:01:58.763153,79,-0.86882085,3.7410583,0.2124184,0.48720002,13.639999,1.0,2.7352364,1
18:01:58.763153,79,-0.8558488,3.685202,0.23910819,0.48720002,11.0,1.0,0.80722547,1
18:01:58.763153,79,-0.8558488,3.685202,0.23910819,0.48720002,11.0,1.0,0.80722547,1
18:01:58.763153,79,-0.6310609,3.5413728,1.0124743,0.13916,10.12,1.0,2.2400193,1
18:01:58.763153,79,-0.91566336,3.7123709,0.033896048,0.48720002,7.52,0.752,3.0192535,1
18:01:58.763153,79,-0.86882085,3.7410583,0.2124184,0.48720002,13.639999,1.0,2.7352364,1
18:01:58.763153,79,-0.91566336,3.7123709,0.033896048,0.48720002,7.52,0.752,3.0192535,1
18:01:58.763153,79,-0.86882085,3.7410583,0.2124184,0.48720002,13.639999,1.0,2.7352364,1
18:01:58.763153,79,-0.5842305,3.4873807,1.0275936,0.06972,7.64,0.764,3.3786926,1
18:01:58.763153,79,-0.8558488,3.685202,0.23910819,0.48720002,11.0,1.0,0.80722547,1
18:01:58.763153,79,-0.86882085,3.7410583,0.2124184,0.48720002,13.639999,1.0,2.7352364,1
18:01:58.763153,79,-0.8558488,3.685202,0.23910819,0.48720002,11.0,1.0,0.80722547,1
18:01:58.763153,79,-0.6310609,3.5413728,1.0124743,0.13916,10.12,1.0,2.2400193,1
18:01:58.763153,79,-0.68140405,3.7840202,-0.19183579,0.27832,5.24,0.524,8.543771,1
18:01:58.763153,79,-0.86882085,3.7410583,0.2124184,0.48720002,13.639999,1.0,2.7352364,1
18:01:58.763153,79,-0.6310609,3.5413728,1.0124743,0.13916,10.12,1.0,2.2400193,1
18:01:58.763153,79,-0.5842305,3.4873807,1.0275936,0.06972,7.64,0.764,3.3786926,1
18:01:58.763153,79,-0.86882085,3.7410583,0.2124184,0.48720002,13.639999,1.0,2.7352364,1
18:01:58.763153,79,-0.91566336,3.7123709,0.033896048,0.48720002,7.52,0.752,3.0192535,1
18:01:58.763153,79,-0.6310609,3.5413728,1.0124743,0.13916,10.12,1.0,2.2400193,1
18:01:58.763153,79,-0.68140405,3.7840202,-0.19183579,0.27832,5.24,0.524,8.543771,1
18:01:58.763153,79,-0.8558488,3.685202,0.23910819,0.48720002,11.0,1.0,0.80722547,1
18:01:58.763153,79,-0.68140405,3.7840202,-0.19183579,0.27832,5.24,0.524,8.543771,1
18:01:58.763153,79,-0.91566336,3.7123709,0.033896048,0.48720002,7.52,0.752,3.0192535,1
18:01:58.763153,79,-0.8558488,3.685202,0.23910819,0.48720002,11.0,1.0,0.80722547,1
18:01:58.763153,79,-0.86882085,3.7410583,0.2124184,0.48720002,13.639999,1.0,2.7352364,1
18:01:58.763153,79,-0.68140405,3.7840202,-0.19183579,0.27832,5.24,0.524,8.543771,1
18:01:58.763153,79,-0.5842305,3.4873807,1.0275936,0.06972,7.64,0.764,3.3786926,1
18:01:58.763153,79,-0.86882085,3.7410583,0.2124184,0.48720002,13.639999,1.0,2.7352364,1
18:01:58.763153,79,-0.91566336,3.7123709,0.033896048,0.48720002,7.52,0.752,3.0192535,1
18:01:58.763153,79,-0.6310609,3.5413728,1.0124743,0.13916,10.12,1.0,2.2400193,1
18:01:58.763153,79,-0.68140405,3.7840202,-0.19183579,0.27832,5.24,0.524,8.543771,1
18:01:58.763153,79,-0.8558488,3.685202,0.23910819,0.48720002,11.0,1.0,0.80722547,1
18:01:58.763153,79,-0.8558488,3.685202,0.23910819,0.48720002,11.0,1.0,0.80722547,1
18:01:58.763153,79,-0.5842305,3.4873807,1.0275936,0.06972,7.64,0.764,3.3786926,1
18:01:58.763153,79,-0.6310609,3.5413728,1.0124743,0.13916,10.12,1.0,2.2400193,1
18:01:58.819660,80,-0.53815603,3.6787198,0.9743627,0.06972,10.639999,1.0,4.4182153,1
18:01:58.819660,80,-0.68140405,3.7840202,-0.19183579,0.20888,7.52,0.752,2.3720155,1
18:01:58.819660,80,-0.7132927,3.7234662,-0.15884294,0.20888,11.0,1.0,3.2623684,1
18:01:58.819660,80,-0.70986736,3.7516327,0.023375899,0.20888,11.88,1.0,0.57668835,1
18:01:58.819660,80,-0.6958208,3.7327104,0.26892036,0.27832,7.64,0.764,0.4897152,1
18:01:58.819660,80,-0.74616086,3.7644594,0.20614812,0.20888,11.639999,1.0,4.486555,1
18:01:58.819660,80,-0.7044557,3.5284722,1.015931,0.06972,6.3599997,0.636,7.424373,1
18:01:58.819660,80,-0.6043434,3.6074386,0.9941172,0.06972,13.36,1.0,1.8230822,1
18:01:58.819660,80,-0.6043434,3.6074386,0.9941172,0.06972,13.36,1.0,1.8230822,1
18:01:58.819660,80,-0.70986736,3.7516327,0.023375899,0.20888,11.88,1.0,0.57668835,1
18:01:58.819660,80,-0.68140405,3.7840202,-0.19183579,0.20888,7.52,0.752,2.3720155,1
18:01:58.819660,80,-0.68140405,3.7840202,-0.19183579,0.20888,7.52,0.752,2.3720155,1
18:01:58.819660,80,-0.68140405,3.7840202,-0.19183579,0.20888,7.52,0.752,2.3720155,1
18:01:58.819660,80,-0.6043434,3.6074386,0.9941172,0.06972,13.36,1.0,1.8230822,1
18:01:58.819660,80,-0.53815603,3.6787198,0.9743627,0.06972,10.639999,1.0,4.4182153,1
18:01:58.819660,80,-0.6958208,3.7327104,0.26892036,0.27832,7.64,0.764,0.4897152,1
18:01:58.819660,80,-0.7132927,3.7234662,-0.15884294,0.20888,11.0,1.0,3.2623684,1
18:01:58.819660,80,-0.7044557,3.5284722,1.015931,0.06972,6.3599997,0.636,7.424373,1
18:01:58.819660,80,-0.70986736,3.7516327,0.023375899,0.20888,11.88,1.0,0.57668835,1
18:01:58.819660,80,-0.53815603,3.6787198,0.9743627,0.06972,10.639999,1.0,4.4182153,1
18:01:58.819660,80,-0.6043434,3.6074386,0.9941172,0.06972,13.36,1.0,1.8230822,1
18:01:58.819660,80,-0.74616086,3.7644594,0.20614812,0.20888,11.639999,1.0,4.486555,1
18:01:58.819660,80,-0.6958208,3.7327104,0.26892036,0.27832,7.64,0.764,0.4897152,1
18:01:58.819660,80,-0.7044557,3.5284722,1.015931,0.06972,6.3599997,0.636,7.424373,1
18:01:58.819660,80,-0.68140405,3.7840202,-0.19183579,0.20888,7.52,0.752,2.3720155,1
18:01:58.819660,80,-0.53815603,3.6787198,0.9743627,0.06972,10.639999,1.0,4.4182153,1
18:01:58.819660,80,-0.68140405,3.7840202,-0.19183579,0.20888,7.52,0.752,2.3720155,1
18:01:58.819660,80,-0.68140405,3.7840202,-0.19183579,0.20888,7.52,0.752,2.3720155,1
18:01:58.819660,80,-0.74616086,3.7644594,0.20614812,0.20888,11.639999,1.0,4.486555,1
18:01:58.819660,80,-0.70986736,3.7516327,0.023375899,0.20888,11.88,1.0,0.57668835,1
18:01:58.819660,80,-0.74616086,3.7644594,0.20614812,0.20888,11.639999,1.0,4.486555,1
18:01:58.819660,80,-0.74616086,3.7644594,0.20614812,0.20888,11.639999,1.0,4.486555,1
18:01:58.819660,80,-0.74616086,3.7644594,0.20614812,0.20888,11.639999,1.0,4.486555,1
18:01:58.819660,80,-0.70986736,3.7516327,0.023375899,0.20888,11.88,1.0,0.57668835,1
18:01:58.819660,80,-0.74616086,3.7644594,0.20614812,0.20888,11.639999,1.0,4.486555,1
18:01:58.819660,80,-0.68140405,3.7840202,-0.19183579,0.20888,7.52,0.752,2.3720155,1
18:01:58.819660,80,-0.70986736,3.7516327,0.023375899,0.20888,11.88,1.0,0.57668835,1
18:01:58.819660,80,-0.53815603,3.6787198,0.9743627,0.06972,10.639999,1.0,4.4182153,1
18:01:58.819660,80,-0.74616086,3.7644594,0.20614812,0.20888,11.639999,1.0,4.486555,1
18:01:58.819660,80,-0.68140405,3.7840202,-0.19183579,0.20888,7.52,0.752,2.3720155,1
18:01:58.819660,80,-0.6043434,3.6074386,0.9941172,0.06972,13.36,1.0,1.8230822,1
18:01:58.819660,80,-0.74616086,3.7644594,0.20614812,0.20888,11.639999,1.0,4.486555,1
18:01:58.819660,80,-0.6043434,3.6074386,0.9941172,0.06972,13.36,1.0,1.8230822,1
18:01:58.819660,80,-0.7044557,3.5284722,1.015931,0.06972,6.3599997,0.636,7.424373,1
18:01:58.819660,80,-0.7132927,3.7234662,-0.15884294,0.20888,11.0,1.0,3.2623684,1
18:01:58.819660,80,-0.68140405,3.7840202,-0.19183579,0.20888,7.52,0.752,2.3720155,1
18:01:58.819660,80,-0.70986736,3.7516327,0.023375899,0.20888,11.88,1.0,0.57668835,1
18:01:58.819660,80,-0.7132927,3.7234662,-0.15884294,0.20888,11.0,1.0,3.2623684,1
18:01:58.877448,81,-0.37869915,3.6359334,0.986482,0.06972,30.76,1.0,1.3808137,1
18:01:58.877448,81,-0.5047208,3.752885,-0.16672571,0.55664,7.12,0.712,7.4641576,1
18:01:58.877448,81,-0.4233663,3.692652,0.9706295,0.06972,31.64,1.0,0.9698076,1
18:01:58.877448,81,-0.5079372,3.7832222,1.1080189,0.06972,5.8799996,0.588,7.0976706,1
18:01:58.877448,81,-0.46160772,3.7177675,1.0836779,0.06972,38.52,1.0,2.0736759,1
18:01:58.877448,81,-0.45403746,3.6567967,1.0987054,0.13916,49.76,1.0,0.5111065,1
18:01:58.877448,81,-0.38501328,3.6965563,0.9695834,0.06972,24.88,1.0,1.5893759,1
18:01:58.877448,81,-0.41642317,3.6320932,0.987511,0.06972,39.76,1.0,1.0269837,1
18:01:58.877448,81,-0.34093723,3.639409,0.98555076,0.06972,23.76,1.0,1.8956208,1
18:01:58.877448,81,-0.42210373,3.7251003,-0.35217384,0.20888,8.88,0.88799995,11.187125,1
18:01:58.877448,81,-0.42813617,3.778337,-0.3857896,0.20888,6.64,0.664,10.622237,1
18:01:58.877448,81,-0.26531494,3.645265,0.9839816,0.06972,14.639999,1.0,3.3908267,1
18:01:58.877448,81,-0.30314124,3.6425197,0.98471725,0.06972,18.52,1.0,2.5670059,1
18:01:58.877448,81,-0.3081956,3.7032523,0.9677892,0.06972,15.24,1.0,3.269161,1
18:01:58.877448,81,-0.34662178,3.70009,0.9686366,0.06972,19.52,1.0,2.3573506,1
18:01:58.877448,81,-0.49986652,3.7131238,1.0849222,0.06972,43.239998,1.0,1.5336564,1
18:01:58.877448,81,-0.6788431,3.6328676,1.1443781,0.13916,34.0,1.0,1.3445193,1
18:01:58.877448,81,-0.47423658,3.5701861,1.3089176,0.06972,10.12,1.0,2.9188223,1
18:01:58.877448,81,-0.4916688,3.6522293,1.0999293,0.13916,57.36,1.0,0.26891693,1
18:01:58.877448,81,-0.7904368,3.6115777,1.1500826,0.13916,16.52,1.0,4.1567826,1
18:01:58.877448,81,-0.802531,3.6967921,1.2488719,0.13916,12.5199995,1.0,3.9754732,1
18:01:58.877448,81,-0.753313,3.6190336,1.1480849,0.13916,20.76,1.0,3.0176966,1
18:01:58.877448,81,-0.71611387,3.6261303,1.1461833,0.13916,26.519999,1.0,2.0825636,1
18:01:58.877448,81,-0.7280538,3.6865897,1.1319473,0.06972,19.76,1.0,1.8962879,1
18:01:58.877448,81,-0.69016165,3.6934392,1.130112,0.06972,25.119999,1.0,1.5299131,1
18:01:58.877448,81,-0.64150447,3.6392443,1.1426693,0.13916,43.36,1.0,0.7969307,1
18:01:58.877448,81,-0.7658732,3.6793747,1.1338806,0.06972,15.639999,1.0,2.4486952,1
18:01:58.877448,81,-0.60410166,3.6452603,1.1410574,0.13916,52.76,1.0,0.43339893,1
18:01:58.877448,81,-0.614174,3.7060387,1.126736,0.06972,38.64,1.0,1.3279209,1
18:01:58.877448,81,-0.66400766,3.7780812,0.20249821,0.48720002,10.639999,1.0,5.1612496,1
18:01:58.877448,81,-0.66847867,3.7582896,0.021592174,0.55664,11.12,1.0,6.5918307,1
18:01:58.877448,81,-0.5202965,3.5952458,1.1524945,0.13916,16.359999,1.0,1.6403902,1
18:01:58.877448,81,-0.529251,3.6472986,1.1012505,0.13916,58.64,1.0,0.19118999,1
18:01:58.877448,81,-0.53794074,3.7171676,1.123754,0.06972,43.239998,1.0,1.7904978,1
18:01:58.877448,81,-0.65220046,3.6999226,1.1283748,0.06972,31.76,1.0,1.3426746,1
18:01:58.877448,81,-0.5047208,3.752885,-0.16672571,0.55664,7.12,0.712,7.4641576,1
18:01:58.877448,81,-0.46160772,3.7177675,1.0836779,0.06972,38.52,1.0,2.0736759,1
18:01:58.877448,81,-0.60410166,3.6452603,1.1410574,0.13916,52.76,1.0,0.43339893,1
18:01:58.877448,81,-0.37869915,3.6359334,0.986482,0.06972,30.76,1.0,1.3808137,1
18:01:58.877448,81,-0.6788431,3.6328676,1.1443781,0.13916,34.0,1.0,1.3445193,1
18:01:58.877448,81,-0.34093723,3.639409,0.98555076,0.06972,23.76,1.0,1.8956208,1
18:01:58.877448,81,-0.42210373,3.7251003,-0.35217384,0.20888,8.88,0.88799995,11.187125,1
18:01:58.877448,81,-0.42210373,3.7251003,-0.35217384,0.20888,8.88,0.88799995,11.187125,1
18:01:58.877448,81,-0.30314124,3.6425197,0.98471725,0.06972,18.52,1.0,2.5670059,1
18:01:58.877448,81,-0.5202965,3.5952458,1.1524945,0.13916,16.359999,1.0,1.6403902,1
18:01:58.877448,81,-0.3081956,3.7032523,0.9677892,0.06972,15.24,1.0,3.269161,1
18:01:58.877448,81,-0.49986652,3.7131238,1.0849222,0.06972,43.239998,1.0,1.5336564,1
18:01:58.877448,81,-0.6788431,3.6328676,1.1443781,0.13916,34.0,1.0,1.3445193,1
18:01:58.936016,82,-0.31249842,3.8360379,1.2559845,0.06972,12.0,1.0,1.79909,1
18:01:58.936016,82,-0.3074562,3.7741427,1.2679894,0.13916,36.76,1.0,0.7038029,1
18:01:58.936016,82,-0.35146108,3.8328311,1.2568438,0.06972,13.639999,1.0,1.3855826,1
18:01:58.936016,82,-0.34579018,3.7709877,1.2688348,0.13916,48.879997,1.0,0.33700937,1
18:01:58.936016,82,-0.3903886,3.8292484,1.2578038,0.06972,15.0,1.0,1.104751,1
18:01:58.936016,82,-0.3840896,3.7674627,1.2697793,0.13916,60.359997,1.0,0.10733177,1
18:01:58.936016,82,-0.3401193,3.709144,1.2808257,0.13916,36.76,1.0,0.76635665,1
18:01:58.936016,82,-0.1924103,3.7738397,1.228227,0.13916,15.759999,1.0,2.5406218,1
18:01:58.936016,82,-0.26909146,3.7769272,1.2672433,0.13916,27.24,1.0,1.2069846,1
18:01:58.936016,82,-0.27350453,3.8388681,1.2552263,0.06972,10.24,1.0,2.3445184,1
18:01:58.936016,82,-0.22691639,3.7173605,1.2786242,0.13916,20.76,1.0,2.1518526,1
18:01:58.936016,82,-0.23069982,3.779341,1.2665966,0.13916,20.52,1.0,1.8459312,1
18:01:58.936016,82,-0.23448326,3.8413215,1.2545688,0.06972,8.76,0.876,3.021221,1
18:01:58.936016,82,-0.18913166,3.71937,1.2780858,0.13916,16.76,1.0,2.893462,1
18:01:58.936016,82,-0.15395135,3.7755127,1.2277788,0.13916,12.36,1.0,3.4360516,1
18:01:58.936016,82,-0.3777906,3.705677,1.2817549,0.13916,40.64,1.0,0.5863037,1
18:01:58.936016,82,-0.26467842,3.7149863,1.2792604,0.13916,25.64,1.0,1.5497817,1
18:01:58.936016,82,-0.30241397,3.7122474,1.2799942,0.13916,31.24,1.0,1.0877495,1
18:01:58.936016,82,-0.4223506,3.763568,1.270823,0.06972,64.119995,1.0,0.015601794,1
18:01:58.936016,82,-0.6862992,3.7525759,1.4328233,0.13916,14.12,1.0,3.3214426,1
18:01:58.936016,82,-0.6379143,3.6973755,1.4404258,0.13916,18.52,1.0,2.9217963,1
18:01:58.936016,82,-0.64855045,3.7590227,1.4310958,0.13916,18.359999,1.0,2.5211957,1
18:01:58.936016,82,-0.65918654,3.8206701,1.4217659,0.13916,7.64,0.764,3.5982797,1
18:01:58.936016,82,-0.6007209,3.7033577,1.4388229,0.13916,22.64,1.0,2.1830864,1
18:01:58.936016,82,-0.61073685,3.7651048,1.4294662,0.13916,24.359999,1.0,1.8634981,1
18:01:58.936016,82,-0.5634673,3.7089803,1.4373163,0.13916,27.76,1.0,1.5894006,1
18:01:58.936016,82,-0.57286215,3.770821,1.4279345,0.13916,33.0,1.0,1.3468062,1
18:01:58.936016,82,-0.58287096,3.826496,1.3798457,0.13916,10.88,1.0,2.2725542,1
18:01:58.936016,82,-0.52615744,3.714243,1.4359062,0.13916,33.52,1.0,1.1393516,1
18:01:58.936016,82,-0.6207528,3.8268518,1.4201095,0.13916,9.12,0.912,3.0246556,1
18:01:58.936016,82,-0.54427624,3.8319397,1.3783871,0.13916,12.759999,1.0,1.9477304,1
18:01:58.936016,82,-0.53549427,3.7701106,1.3884169,0.13916,44.52,1.0,0.7629369,1
18:01:58.936016,82,-0.46812263,3.8209555,1.2600259,0.06972,14.5199995,1.0,0.9446784,1
18:01:58.936016,82,-0.46056935,3.7593036,1.2719655,0.06972,56.879997,1.0,0.06275478,1
18:01:58.936016,82,-0.48879495,3.7191448,1.4345927,0.13916,38.52,1.0,0.8316474,1
18:01:58.936016,82,-0.41542414,3.701846,1.2827814,0.13916,41.36,1.0,0.54839116,1
18:01:58.936016,82,-0.42927706,3.8252897,1.2588645,0.06972,15.24,1.0,0.9574592,1
18:01:58.936016,82,-0.43881705,3.5437057,1.1643484,0.06972,18.76,1.0,8.813861,1
18:01:58.936016,82,-0.3840896,3.7674627,1.2697793,0.13916,60.359997,1.0,0.10733177,1
18:01:58.936016,82,-0.31249842,3.8360379,1.2559845,0.06972,12.0,1.0,1.79909,1
18:01:58.936016,82,-0.1924103,3.7738397,1.228227,0.13916,15.759999,1.0,2.5406218,1
18:01:58.936016,82,-0.26909146,3.7769272,1.2672433,0.13916,27.24,1.0,1.2069846,1
18:01:58.936016,82,-0.46056935,3.7593036,1.2719655,0.06972,56.879997,1.0,0.06275478,1
18:01:58.936016,82,-0.42927706,3.8252897,1.2588645,0.06972,15.24,1.0,0.9574592,1
18:01:58.936016,82,-0.54427624,3.8319397,1.3783871,0.13916,12.759999,1.0,1.9477304,1
18:01:58.936016,82,-0.26467842,3.7149863,1.2792604,0.13916,25.64,1.0,1.5497817,1
18:01:58.936016,82,-0.61073685,3.7651048,1.4294662,0.13916,24.359999,1.0,1.8634981,1
18:01:58.936016,82,-0.52615744,3.714243,1.4359062,0.13916,33.52,1.0,1.1393516,1
18:01:58.984419,83,-0.41480723,3.7072883,-0.13767415,-0.06972,7.52,0.752,8.479203,1
18:01:58.984419,83,-0.21980406,3.5627968,1.1592329,0.13916,17.359999,1.0,3.8760424,1
18:01:58.984419,83,-0.26043484,3.645746,1.2546967,0.13916,21.359999,1.0,1.8253688,1
18:01:58.984419,83,-0.2563825,3.560497,1.1598492,0.06972,19.88,1.0,2.2614055,1
18:01:58.984419,83,-0.29756537,3.643051,1.2554188,0.13916,23.64,1.0,0.69795084,1
18:01:58.984419,83,-0.2929353,3.557844,1.16056,0.06972,22.0,1.0,1.2940558,1
18:01:58.984419,83,-0.4269876,3.8161485,-0.20044455,0.13916,5.24,0.524,10.625464,1
18:01:58.984419,83,-0.42090946,3.7618263,-0.1691215,0.13916,6.24,0.624,9.019808,1
18:01:58.984419,83,-0.34454405,3.7974136,1.420809,0.20888,12.639999,1.0,7.8518105,1
18:01:58.984419,83,-0.22327824,3.648082,1.2540708,0.13916,18.76,1.0,3.607882,1
18:01:58.984419,83,-0.3294588,3.554838,1.1613655,0.06972,23.359999,1.0,0.9762067,1
18:01:58.984419,83,-0.3344484,3.6473007,1.2928168,0.13916,25.0,1.0,0.40351093,1
18:01:58.984419,83,-0.44546285,3.636,1.2958448,0.06972,22.24,1.0,2.9245093,1
18:01:58.984419,83,-0.40186006,3.5714617,1.2706901,0.13916,22.64,1.0,1.6730949,1
18:01:58.984419,83,-0.40849766,3.640124,1.2947397,0.06972,24.24,1.0,1.4234762,1
18:01:58.984419,83,-0.4382246,3.5674045,1.2717772,0.13916,20.76,1.0,3.2728686,1
18:01:58.984419,83,-0.3654553,3.5751677,1.2696971,0.13916,23.64,1.0,0.72278446,1
18:01:58.984419,83,-0.37149158,3.6438913,1.2937303,0.06972,25.24,1.0,0.58378893,1
18:01:58.984419,83,-0.3777906,3.705677,1.2817549,0.06972,18.359999,1.0,1.9633701,1
18:01:58.984419,83,-0.35963774,3.490226,1.1767141,0.06972,9.76,0.97599995,3.779814,1
18:01:58.984419,83,-0.3777906,3.705677,1.2817549,0.06972,18.359999,1.0,1.9633701,1
18:01:58.984419,83,-0.2563825,3.560497,1.1598492,0.06972,19.88,1.0,2.2614055,1
18:01:58.984419,83,-0.3294588,3.554838,1.1613655,0.06972,23.359999,1.0,0.9762067,1
18:01:58.984419,83,-0.21980406,3.5627968,1.1592329,0.13916,17.359999,1.0,3.8760424,1
18:01:58.984419,83,-0.34454405,3.7974136,1.420809,0.20888,12.639999,1.0,7.8518105,1
18:01:58.984419,83,-0.40186006,3.5714617,1.2706901,0.13916,22.64,1.0,1.6730949,1
18:01:58.984419,83,-0.4269876,3.8161485,-0.20044455,0.13916,5.24,0.524,10.625464,1
18:01:58.984419,83,-0.44546285,3.636,1.2958448,0.06972,22.24,1.0,2.9245093,1
18:01:58.984419,83,-0.29756537,3.643051,1.2554188,0.13916,23.64,1.0,0.69795084,1
18:01:58.984419,83,-0.26043484,3.645746,1.2546967,0.13916,21.359999,1.0,1.8253688,1
18:01:58.984419,83,-0.44546285,3.636,1.2958448,0.06972,22.24,1.0,2.9245093,1
18:01:58.984419,83,-0.40849766,3.640124,1.2947397,0.06972,24.24,1.0,1.4234762,1
18:01:58.984419,83,-0.37149158,3.6438913,1.2937303,0.06972,25.24,1.0,0.58378893,1
18:01:58.984419,83,-0.29756537,3.643051,1.2554188,0.13916,23.64,1.0,0.69795084,1
18:01:58.984419,83,-0.21980406,3.5627968,1.1592329,0.13916,17.359999,1.0,3.8760424,1
18:01:58.984419,83,-0.34454405,3.7974136,1.420809,0.20888,12.639999,1.0,7.8518105,1
18:01:58.984419,83,-0.3344484,3.6473007,1.2928168,0.13916,25.0,1.0,0.40351093,1
18:01:58.984419,83,-0.4382246,3.5674045,1.2717772,0.13916,20.76,1.0,3.2728686,1
18:01:58.984419,83,-0.3777906,3.705677,1.2817549,0.06972,18.359999,1.0,1.9633701,1
18:01:58.984419,83,-0.2929353,3.557844,1.16056,0.06972,22.0,1.0,1.2940558,1
18:01:58.984419,83,-0.29756537,3.643051,1.2554188,0.13916,23.64,1.0,0.69795084,1
18:01:58.984419,83,-0.3777906,3.705677,1.2817549,0.06972,18.359999,1.0,1.9633701,1
18:01:58.984419,83,-0.3344484,3.6473007,1.2928168,0.13916,25.0,1.0,0.40351093,1
18:01:58.984419,83,-0.21980406,3.5627968,1.1592329,0.13916,17.359999,1.0,3.8760424,1
18:01:58.984419,83,-0.3344484,3.6473007,1.2928168,0.13916,25.0,1.0,0.40351093,1
18:01:58.984419,83,-0.26043484,3.645746,1.2546967,0.13916,21.359999,1.0,1.8253688,1
18:01:58.984419,83,-0.42090946,3.7618263,-0.1691215,0.13916,6.24,0.624,9.019808,1
18:01:58.984419,83,-0.2563825,3.560497,1.1598492,0.06972,19.88,1.0,2.2614055,1
18:01:59.040042,84,-0.2740526,3.8058894,1.1019453,0.13916,7.52,0.752,4.273186,1
18:01:59.040042,84,-0.26269054,3.9703696,-0.078047805,0.34804,8.639999,0.86399996,5.6356025,1
18:01:59.040042,84,-0.18283725,3.595587,1.3021115,0.13916,21.24,1.0,2.6574354,1
18:01:59.040042,84,-0.30208862,3.9117172,-0.04804202,-0.06972,10.88,1.0,3.8614588,1
18:01:59.040042,84,-0.22232884,3.6809099,1.4376493,0.13916,17.0,1.0,2.1268666,1
18:01:59.040042,84,-0.21936446,3.5936446,1.302632,0.13916,23.24,1.0,1.3072531,1
18:01:59.040042,84,-0.34024453,3.852953,-0.018062716,-0.06972,8.24,0.824,3.5641263,1
18:01:59.040042,84,-0.26467842,3.7149863,1.2792604,0.06972,7.0,0.7,1.7556747,1
18:01:59.040042,84,-0.14629175,3.5971766,1.3016856,0.13916,18.88,1.0,4.6539445,1
18:01:59.040042,84,-0.30807233,3.7416904,1.1171831,0.06972,14.36,1.0,1.9492412,1
18:01:59.040042,84,-0.29234946,3.5887015,1.3039565,0.13916,24.119999,1.0,0.52986455,1
18:01:59.040042,84,-0.2874943,3.5197523,1.280619,0.13916,9.36,0.936,2.4599805,1
18:01:59.040042,84,-0.3287999,3.5857017,1.3047603,0.13916,22.64,1.0,1.0943767,1
18:01:59.040042,84,-0.3652175,3.5823498,1.3056585,0.13916,20.359999,1.0,2.2886567,1
18:01:59.040042,84,-0.40057322,3.5980499,1.4149346,0.13916,17.76,1.0,4.7066665,1
18:01:59.040042,84,-0.25586975,3.5913494,1.303247,0.13916,24.359999,1.0,0.59942466,1
18:01:59.040042,84,-0.18283725,3.595587,1.3021115,0.13916,21.24,1.0,2.6574354,1
18:01:59.040042,84,-0.30208862,3.9117172,-0.04804202,-0.06972,10.88,1.0,3.8614588,1
18:01:59.040042,84,-0.34024453,3.852953,-0.018062716,-0.06972,8.24,0.824,3.5641263,1
18:01:59.040042,84,-0.30208862,3.9117172,-0.04804202,-0.06972,10.88,1.0,3.8614588,1
18:01:59.040042,84,-0.14629175,3.5971766,1.3016856,0.13916,18.88,1.0,4.6539445,1
18:01:59.040042,84,-0.30807233,3.7416904,1.1171831,0.06972,14.36,1.0,1.9492412,1
18:01:59.040042,84,-0.40057322,3.5980499,1.4149346,0.13916,17.76,1.0,4.7066665,1
18:01:59.040042,84,-0.3652175,3.5823498,1.3056585,0.13916,20.359999,1.0,2.2886567,1
18:01:59.040042,84,-0.40057322,3.5980499,1.4149346,0.13916,17.76,1.0,4.7066665,1
18:01:59.040042,84,-0.2740526,3.8058894,1.1019453,0.13916,7.52,0.752,4.273186,1
18:01:59.040042,84,-0.3652175,3.5823498,1.3056585,0.13916,20.359999,1.0,2.2886567,1
18:01:59.040042,84,-0.26269054,3.9703696,-0.078047805,0.34804,8.639999,0.86399996,5.6356025,1
18:01:59.040042,84,-0.21936446,3.5936446,1.302632,0.13916,23.24,1.0,1.3072531,1
18:01:59.040042,84,-0.2740526,3.8058894,1.1019453,0.13916,7.52,0.752,4.273186,1
18:01:59.040042,84,-0.29234946,3.5887015,1.3039565,0.13916,24.119999,1.0,0.52986455,1
18:01:59.040042,84,-0.21936446,3.5936446,1.302632,0.13916,23.24,1.0,1.3072531,1
18:01:59.040042,84,-0.40057322,3.5980499,1.4149346,0.13916,17.76,1.0,4.7066665,1
18:01:59.040042,84,-0.26269054,3.9703696,-0.078047805,0.34804,8.639999,0.86399996,5.6356025,1
18:01:59.040042,84,-0.18283725,3.595587,1.3021115,0.13916,21.24,1.0,2.6574354,1
18:01:59.040042,84,-0.30807233,3.7416904,1.1171831,0.06972,14.36,1.0,1.9492412,1
18:01:59.040042,84,-0.29234946,3.5887015,1.3039565,0.13916,24.119999,1.0,0.52986455,1
18:01:59.040042,84,-0.3287999,3.5857017,1.3047603,0.13916,22.64,1.0,1.0943767,1
18:01:59.040042,84,-0.30807233,3.7416904,1.1171831,0.06972,14.36,1.0,1.9492412,1
18:01:59.040042,84,-0.40057322,3.5980499,1.4149346,0.13916,17.76,1.0,4.7066665,1
18:01:59.040042,84,-0.21936446,3.5936446,1.302632,0.13916,23.24,1.0,1.3072531,1
18:01:59.040042,84,-0.2874943,3.5197523,1.280619,0.13916,9.36,0.936,2.4599805,1
18:01:59.040042,84,-0.21936446,3.5936446,1.302632,0.13916,23.24,1.0,1.3072531,1
18:01:59.040042,84,-0.30208862,3.9117172,-0.04804202,-0.06972,10.88,1.0,3.8614588,1
18:01:59.040042,84,-0.21936446,3.5936446,1.302632,0.13916,23.24,1.0,1.3072531,1
18:01:59.040042,84,-0.40057322,3.5980499,1.4149346,0.13916,17.76,1.0,4.7066665,1
18:01:59.040042,84,-0.14629175,3.5971766,1.3016856,0.13916,18.88,1.0,4.6539445,1
18:01:59.040042,84,-0.30807233,3.7416904,1.1171831,0.06972,14.36,1.0,1.9492412,1
18:01:59.099527,85,-0.22313295,3.65538,1.2906519,0.20888,33.239998,1.0,0.35771513,1
18:01:59.099527,85,0.03918171,3.814969,1.0995123,0.13916,6.24,0.624,5.931032,1
18:01:59.099527,85,-0.46812263,3.8209555,1.2600259,0.13916,8.12,0.812,4.431296,1
18:01:59.099527,85,0.0,3.569168,1.1575257,0.13916,18.0,1.0,4.161116,1
18:01:59.099527,85,-0.30807233,3.7416904,1.1171831,0.13916,35.52,1.0,0.53332657,1
18:01:59.099527,85,-0.40159854,3.5786462,1.3066508,0.20888,21.0,1.0,3.9668412,1
18:01:59.099527,85,-0.21601304,3.5013483,1.1737338,0.20888,16.88,1.0,5.362301,1
18:01:59.099527,85,-0.1955658,3.83573,1.2155701,0.13916,18.119999,1.0,2.6560996,1
18:01:59.099527,85,-0.11566201,3.7428763,1.0769501,0.13916,22.0,1.0,0.67891806,1
18:01:59.099527,85,-0.07446579,3.6538348,1.2525293,0.13916,24.359999,1.0,1.5822607,1
18:01:59.099527,85,-0.31249842,3.8360379,1.2559845,0.13916,16.359999,1.0,2.7245913,1
18:01:59.099527,85,-0.1099515,3.567575,1.1579525,0.20888,34.36,1.0,2.6685574,1
18:01:59.099527,85,-0.3843397,3.7599094,1.2319597,0.13916,25.88,1.0,1.6761076,1
18:01:59.099527,85,-0.146387,3.5900042,1.2657217,0.13916,41.239998,1.0,1.4800124,1
18:01:59.099527,85,-0.3344484,3.6473007,1.2928168,0.20888,22.76,1.0,1.1726505,1
18:01:59.099527,85,-0.15663281,3.8209465,1.1384685,0.13916,15.5199995,1.0,1.8773599,1
18:01:59.099527,85,-0.0783595,3.8144014,1.0996644,0.13916,10.5199995,1.0,2.6603725,1
18:01:59.099527,85,-0.19267043,3.7489462,1.1152389,0.13916,32.36,1.0,0.16295925,1
18:01:59.099527,85,-0.25603634,3.584173,1.267284,0.20888,45.36,1.0,1.6692668,1
18:01:59.099527,85,-0.038559146,3.744366,1.0765508,0.13916,14.36,1.0,1.9910889,1
18:01:59.099527,85,0.0,3.6545541,1.2523365,0.13916,17.0,1.0,3.2484303,1
18:01:59.099527,85,-0.3903886,3.8292484,1.2578038,0.13916,11.36,1.0,3.195906,1
18:01:59.099527,85,-0.46086925,3.751745,1.2341473,0.13916,17.119999,1.0,3.2553205,1
18:01:59.099527,85,-0.1488049,3.6589727,1.2896892,0.20888,31.88,1.0,0.71817946,1
18:01:59.099527,85,-0.3287999,3.5857017,1.3047603,0.20888,32.36,1.0,2.310379,1
18:01:59.099527,85,-0.2736826,3.8311973,1.2167847,0.13916,18.64,1.0,2.132205,1
18:01:59.099527,85,-0.49874207,3.7546704,1.273207,0.13916,14.0,1.0,4.3416696,1
18:01:59.099527,85,-0.11752946,3.813455,1.099918,0.13916,12.759999,1.0,1.9326525,1
18:01:59.099527,85,-0.03918171,3.814969,1.0995123,0.13916,8.639999,0.86399996,3.5705369,1
18:01:59.099527,85,0.0,3.8151581,1.0994617,0.13916,7.24,0.724,4.661349,1
18:01:59.099527,85,-0.23463593,3.8336523,1.2161268,0.13916,19.359999,1.0,2.3016713,1
18:01:59.099527,85,-0.35146108,3.8328311,1.2568438,0.13916,13.759999,1.0,2.8657105,1
18:01:59.099527,85,-0.42927706,3.8252897,1.2588645,0.13916,9.5199995,0.95199996,3.717117,1
18:01:59.099527,85,-0.15419802,3.7415729,1.0772992,0.13916,27.119999,1.0,0.2992353,1
18:01:59.099527,85,-0.07711443,3.7438073,1.0767006,0.13916,17.76,1.0,1.2434505,1
18:01:59.099527,85,-0.2696307,3.7444806,1.1164355,0.13916,37.64,1.0,0.22003981,1
18:01:59.099527,85,-0.34648314,3.7385292,1.1180302,0.13916,31.0,1.0,1.0388714,1
18:01:59.099527,85,-0.23116213,3.7468994,1.1157874,0.13916,36.36,1.0,0.097187534,1
18:01:59.099527,85,-0.4226256,3.756012,1.233004,0.13916,21.0,1.0,2.3691275,1
18:01:59.099527,85,-0.111689374,3.6529357,1.2527702,0.13916,28.519999,1.0,1.0109507,1
18:01:59.099527,85,-0.037234757,3.6543744,1.2523847,0.13916,20.52,1.0,2.3286254,1
18:01:59.099527,85,-0.29737175,3.6503522,1.2919991,0.20888,26.88,1.0,0.71799815,1
18:01:59.099527,85,-0.18597822,3.657356,1.2901225,0.20888,33.76,1.0,0.4486938,1
18:01:59.099527,85,-0.26026535,3.6530454,1.2912774,0.20888,30.64,1.0,0.44692013,1
18:01:59.099527,85,-0.37149158,3.6438913,1.2937303,0.20888,19.0,1.0,1.8125892,1
18:01:59.099527,85,-0.03665539,3.568991,1.1575731,0.13916,22.359999,1.0,3.4862235,1
18:01:59.099527,85,-0.07330711,3.56846,1.1577154,0.13916,27.88,1.0,2.9881897,1
18:01:59.099527,85,-0.1829563,3.5884135,1.2661479,0.13916,46.64,1.0,1.363727,1
18:01:59.154926,86,-0.15132803,3.7210143,1.2776452,0.20888,36.0,1.0,0.14423124,1
18:01:59.154926,86,0.0,3.569168,1.1575257,0.20888,17.64,1.0,4.5008583,1
18:01:59.154926,86,0.07694097,3.785285,1.2650038,0.13916,17.52,1.0,4.802672,1
18:01:59.154926,86,-0.37149158,3.6438913,1.2937303,0.20888,21.52,1.0,3.8256981,1
18:01:59.154926,86,-0.3063482,3.8005571,1.4199668,0.20888,18.359999,1.0,3.5965188,1
18:01:59.154926,86,-0.21980406,3.5627968,1.1592329,0.20888,32.52,1.0,2.5745013,1
18:01:59.154926,86,-0.27350453,3.8388681,1.2552263,0.13916,9.639999,0.964,3.8829923,1
18:01:59.154926,86,-0.078202784,3.847363,1.2529501,0.13916,14.24,1.0,2.1699438,1
18:01:59.154926,86,-0.11184037,3.6288626,1.143487,0.20888,36.239998,1.0,0.8888587,1
18:01:59.154926,86,-0.037866108,3.7163377,1.2397082,0.13916,27.0,1.0,1.1170772,1
18:01:59.154926,86,-0.26043484,3.645746,1.2546967,0.20888,37.36,1.0,1.1797149,1
18:01:59.154926,86,0.0,3.8404536,1.2143044,0.13916,12.24,1.0,2.7844956,1
18:01:59.154926,86,-0.30241397,3.7122474,1.2799942,0.20888,24.119999,1.0,1.9826219,1
18:01:59.154926,86,-0.329014,3.5785217,1.2687984,0.20888,21.64,1.0,3.434372,1
18:01:59.154926,86,-0.19543855,3.8433979,1.2540125,0.13916,12.639999,1.0,2.4338908,1
18:01:59.154926,86,0.037866108,3.7163377,1.2397082,0.13916,19.119999,1.0,3.113986,1
18:01:59.154926,86,-0.22691639,3.7173605,1.2786242,0.20888,32.36,1.0,0.5740993,1
18:01:59.154926,86,-0.18609932,3.6500592,1.2535409,0.20888,43.0,1.0,0.4040898,1
18:01:59.154926,86,0.0,3.7860281,1.2648047,0.13916,24.88,1.0,2.3958688,1
18:01:59.154926,86,-0.115401834,3.784356,1.2652527,0.13916,33.52,1.0,0.74595416,1
18:01:59.154926,86,-0.037285093,3.6303031,1.143101,0.20888,25.359999,1.0,1.7938881,1
18:01:59.154926,86,-0.07330711,3.56846,1.1577154,0.20888,25.24,1.0,2.8669314,1
18:01:59.154926,86,-0.1465849,3.566336,1.1582845,0.20888,32.239998,1.0,2.2304769,1
18:01:59.154926,86,-0.18004388,3.503261,1.1732212,0.20888,10.88,1.0,4.3835053,1
18:01:59.154926,86,-0.26909146,3.7769272,1.2672433,0.27832,22.119999,1.0,2.1069531,1
18:01:59.154926,86,-0.1922851,3.781384,1.2660491,0.13916,30.0,1.0,0.9256566,1
18:01:59.154926,86,-0.25603634,3.584173,1.267284,0.20888,29.519999,1.0,1.9591557,1
18:01:59.154926,86,-0.07567915,3.723207,1.2770576,0.20888,31.119999,1.0,0.71141356,1
18:01:59.154926,86,-0.29737175,3.6503522,1.2919991,0.20888,31.88,1.0,1.7282857,1
18:01:59.154926,86,0.03912881,3.8402646,1.2143551,0.13916,11.0,1.0,3.6922,1
18:01:59.154926,86,-0.03912881,3.8402646,1.2143551,0.13916,13.5199995,1.0,2.1436975,1
18:01:59.154926,86,-0.15637429,3.845097,1.2535572,0.13916,13.759999,1.0,2.0888083,1
18:01:59.154926,86,-0.23448326,3.8413215,1.2545688,0.13916,11.12,1.0,3.0327811,1
18:01:59.154926,86,-0.1172944,3.8464189,1.253203,0.13916,14.36,1.0,2.0000067,1
18:01:59.154926,86,-0.15385117,3.7830558,1.2656012,0.13916,32.76,1.0,0.70941335,1
18:01:59.154926,86,-0.07694097,3.785285,1.2650038,0.13916,32.0,1.0,1.037646,1
18:01:59.154926,86,-0.038472407,3.7858424,1.2648544,0.13916,28.88,1.0,1.5868399,1
18:01:59.154926,86,0.038472407,3.7858424,1.2648544,0.13916,21.0,1.0,3.467048,1
18:01:59.154926,86,-0.23069982,3.779341,1.2665966,0.13916,26.119999,1.0,1.3923018,1
18:01:59.154926,86,0.0,3.7165205,1.2396592,0.13916,22.76,1.0,1.985971,1
18:01:59.154926,86,-0.3401193,3.709144,1.2808257,0.20888,20.119999,1.0,3.048073,1
18:01:59.154926,86,-0.18913166,3.71937,1.2780858,0.20888,35.239998,1.0,0.23567851,1
18:01:59.154926,86,-0.26467842,3.7149863,1.2792604,0.20888,28.359999,1.0,1.1571869,1
18:01:59.154926,86,-0.11350927,3.7222934,1.2773025,0.20888,34.52,1.0,0.30205035,1
18:01:59.154926,86,0.0,3.6304832,1.1430528,0.13916,20.76,1.0,2.6283627,1
18:01:59.154926,86,-0.07456646,3.629763,1.1432458,0.20888,30.76,1.0,1.2147819,1
18:01:59.154926,86,-0.14890179,3.6516771,1.2531074,0.20888,40.879997,1.0,0.38161895,1
18:01:59.154926,86,-0.22327824,3.648082,1.2540708,0.20888,41.64,1.0,0.6708642,1
18:01:59.213923,87,-0.113736734,3.6903934,1.128964,0.20888,110.119995,1.0,0.03912465,1
18:01:59.213923,87,0.0,3.866106,-0.021587068,-0.06972,8.639999,0.86399996,11.23713,1
18:01:59.213923,87,-0.3840896,3.7674627,1.2697793,0.20888,17.52,1.0,3.8039434,1
18:01:59.213923,87,0.14662156,3.557732,1.1226358,0.20888,14.759999,1.0,4.530818,1
18:01:59.213923,87,0.11752946,3.813455,1.099918,0.20888,8.639999,0.86399996,5.230457,1
18:01:59.213923,87,-0.25603634,3.584173,1.267284,0.20888,24.76,1.0,2.9173894,1
18:01:59.213923,87,-0.07204276,3.506914,1.1722425,0.20888,12.88,1.0,4.397048,1
18:01:59.213923,87,-0.1955658,3.83573,1.2155701,0.20888,18.24,1.0,2.8229828,1
18:01:59.213923,87,-0.03918171,3.814969,1.0995123,0.20888,17.0,1.0,2.103131,1
18:01:59.213923,87,0.0379173,3.6918583,1.1285715,0.20888,37.879997,1.0,1.1266116,1
18:01:59.213923,87,-0.26485077,3.707563,1.2420594,0.27832,41.12,1.0,1.2061135,1
18:01:59.213923,87,-0.18320364,3.564743,1.1587113,0.20888,39.879997,1.0,2.99419,1
18:01:59.213923,87,-0.07825371,3.8396976,1.214507,0.20888,19.359999,1.0,3.5583389,1
18:01:59.213923,87,0.03665539,3.568991,1.1575731,0.20888,30.0,1.0,2.5031362,1
18:01:59.213923,87,-0.22737111,3.6854508,1.1302884,0.20888,56.879997,1.0,0.83700216,1
18:01:59.213923,87,0.15163128,3.6891117,1.1293074,0.20888,16.24,1.0,3.4936843,1
18:01:59.213923,87,-0.3344484,3.6473007,1.2928168,0.27832,20.359999,1.0,2.976206,1
18:01:59.213923,87,-0.31249842,3.8360379,1.2559845,0.20888,11.36,1.0,3.9581704,1
18:01:59.213923,87,-0.037285093,3.6303031,1.143101,0.20888,69.0,1.0,0.72274256,1
18:01:59.213923,87,0.07458511,3.6210117,1.1069845,0.20888,27.24,1.0,2.0041924,1
18:01:59.213923,87,0.03918171,3.814969,1.0995123,0.20888,12.0,1.0,3.3746178,1
18:01:59.213923,87,-0.15395135,3.7755127,1.2277788,0.27832,84.0,1.0,1.1783408,1
18:01:59.213923,87,0.0,3.7536,1.113992,0.20888,49.0,1.0,1.1950119,1
18:01:59.213923,87,0.07709515,3.752855,1.1141915,0.20888,27.119999,1.0,2.545171,1
18:01:59.213923,87,-0.07709515,3.752855,1.1141915,0.20888,82.64,1.0,0.43869892,1
18:01:59.213923,87,-0.23085004,3.7717955,1.2287748,0.20888,51.0,1.0,1.3711612,1
18:01:59.213923,87,-0.14910309,3.6276023,1.1438247,0.20888,83.119995,1.0,0.8966734,1
18:01:59.213923,87,-0.22327824,3.648082,1.2540708,0.20888,47.64,1.0,1.0676585,1
18:01:59.213923,87,-0.1099515,3.567575,1.1579525,0.20888,53.36,1.0,2.2173345,1
18:01:59.213923,87,-0.3777906,3.705677,1.2817549,0.27832,18.119999,1.0,3.4296222,1
18:01:59.213923,87,-0.3074562,3.7741427,1.2679894,0.20888,28.64,1.0,2.4539163,1
18:01:59.213923,87,-0.0379173,3.6918583,1.1285715,0.20888,73.88,1.0,0.28158736,1
18:01:59.213923,87,-0.03665539,3.568991,1.1575731,0.20888,46.64,1.0,2.0581021,1
18:01:59.213923,87,0.14914039,3.6188507,1.1075635,0.20888,16.0,1.0,3.45745,1
18:01:59.213923,87,-0.3287999,3.5857017,1.3047603,0.20888,15.5199995,1.0,4.2842984,1
18:01:59.213923,87,-0.23448326,3.8413215,1.2545688,0.20888,15.759999,1.0,3.4735184,1
18:01:59.213923,87,0.037285093,3.6303031,1.143101,0.20888,36.88,1.0,1.3641751,1
18:01:59.213923,87,-0.29756537,3.643051,1.2554188,0.27832,26.359999,1.0,2.3184588,1
18:01:59.213923,87,0.07332545,3.5598567,1.1220665,0.20888,23.519999,1.0,3.2697368,1
18:01:59.213923,87,0.0783595,3.8144014,1.0996644,0.20888,10.12,1.0,4.2304063,1
18:01:59.213923,87,0.0,3.8151581,1.0994617,0.20888,14.36,1.0,2.6649075,1
18:01:59.213923,87,-0.15647611,3.8374302,1.2151146,0.20888,20.0,1.0,2.9176178,1
18:01:59.213923,87,-0.11737078,3.838753,1.2147602,0.20888,20.52,1.0,3.1634078,1
18:01:59.213923,87,-0.35146108,3.8328311,1.2568438,0.20888,9.76,0.97599995,4.4364815,1
18:01:59.213923,87,-0.27350453,3.8388681,1.2552263,0.20888,13.36,1.0,3.6378996,1
18:01:59.213923,87,0.11563309,3.7519243,1.114441,0.20888,20.88,1.0,3.4384973,1
18:01:59.213923,87,-0.11563309,3.7519243,1.114441,0.20888,91.0,1.0,0.28781873,1
18:01:59.213923,87,-0.038549505,3.7534137,1.1140419,0.20888,65.64,1.0,0.74171686,1
18:01:59.268539,88,-0.038333762,3.8122146,-0.5831569,0.06972,76.88,1.0,0.90670705,1
18:01:59.268539,88,0.26467842,3.7149863,1.2792604,0.06972,18.76,1.0,11.241669,1
18:01:59.268539,88,-0.24630032,3.6315188,-2.2884731,-0.13916,7.24,0.724,8.8269615,1
18:01:59.268539,88,0.23448326,3.9033635,0.27417597,0.06972,12.5199995,1.0,4.617106,1
18:01:59.268539,88,0.14662156,3.557732,-0.87736416,0.20888,30.359999,1.0,4.887365,1
18:01:59.268539,88,0.21989201,3.660468,-0.036671888,0.20888,18.0,1.0,2.7757318,1
18:01:59.268539,88,-0.2195073,3.58647,-0.7333313,0.20888,21.88,1.0,4.507558,1
18:01:59.268539,88,0.15637429,3.845097,-0.7464428,0.06972,18.24,1.0,3.871086,1
18:01:59.268539,88,-0.23448326,3.8413215,-0.7454312,0.20888,9.0,0.9,4.6876154,1
18:01:59.268539,88,-0.08431674,3.781357,-2.1743548,-0.13916,7.12,0.712,11.228967,1
18:01:59.268539,88,-0.22609864,3.7433233,-0.57188594,0.06972,18.64,1.0,3.6115282,1
18:01:59.268539,88,-0.037285093,3.6303031,-0.85689896,0.20888,104.88,1.0,0.9002848,1
18:01:59.268539,88,0.03784147,3.7237554,-0.7230893,0.06972,91.52,1.0,0.27286473,1
18:01:59.268539,88,0.18635091,3.723912,0.11189072,0.06972,28.119999,1.0,1.8462657,1
18:01:59.268539,88,-0.078202784,3.847363,-0.74705,0.13916,20.119999,1.0,2.058778,1
18:01:59.268539,88,-0.11350927,3.7222934,-0.7226975,0.20888,42.52,1.0,0.6960671,1
18:01:59.268539,88,0.18913166,3.7794807,0.2653282,0.06972,32.12,1.0,2.2573678,1
18:01:59.268539,88,-0.1465849,3.566336,-0.8417154,0.20888,36.64,1.0,3.193258,1
18:01:59.268539,88,0.27350453,3.8388681,1.2552263,0.06972,10.5199995,1.0,9.931274,1
18:01:59.268539,88,-0.036023185,3.5074358,-0.8278973,0.20888,14.759999,1.0,4.435874,1
18:01:59.268539,88,0.076744534,3.805636,-0.62110204,0.06972,82.64,1.0,1.1182994,1
18:01:59.268539,88,0.039103348,3.8479295,-0.74720174,0.13916,28.519999,1.0,2.1049416,1
18:01:59.268539,88,0.15132803,3.7210143,-0.72235477,0.06972,43.52,1.0,1.93133,1
18:01:59.268539,88,0.07456646,3.629763,-0.85675424,0.20888,76.119995,1.0,1.7217948,1
18:01:59.268539,88,-0.15329672,3.809438,-0.58241284,0.06972,33.64,1.0,2.378798,1
18:01:59.268539,88,0.26085213,3.7203705,0.074600026,0.13916,16.359999,1.0,2.9139788,1
18:01:59.268539,88,-0.26026535,3.6530454,-0.70872253,0.20888,17.88,1.0,4.497914,1
18:01:59.268539,88,-0.15637429,3.845097,-0.7464428,0.20888,13.12,1.0,2.987731,1
18:01:59.268539,88,-0.03784147,3.7237554,-0.7230893,0.06972,75.88,1.0,0.10715206,1
18:01:59.268539,88,0.115401834,3.784356,-0.73474723,0.06972,65.24,1.0,1.7420214,1
18:01:59.268539,88,0.07332545,3.5598567,-0.87793344,0.20888,52.64,1.0,3.3840322,1
18:01:59.268539,88,0.14910309,3.6276023,-0.8561753,0.06972,38.52,1.0,3.2128148,1
18:01:59.268539,88,0.18324946,3.6619346,0.07334011,0.20888,23.119999,1.0,2.5079079,1
18:01:59.268539,88,-0.11184037,3.6288626,-0.856513,0.20888,57.64,1.0,1.29931,1
18:01:59.268539,88,-0.18609932,3.6500592,-0.74645907,0.20888,30.359999,1.0,2.367265,1
18:01:59.268539,88,-0.07330711,3.56846,-0.84228456,0.20888,61.0,1.0,2.391272,1
18:01:59.268539,88,0.0,3.569168,-0.8424743,0.20888,73.88,1.0,2.3412762,1
18:01:59.268539,88,-0.15078269,3.7469637,-0.5728614,0.06972,31.64,1.0,1.6832757,1
18:01:59.268539,88,-0.22986844,3.8057368,-0.58142114,0.06972,20.24,1.0,4.3019958,1
18:01:59.268539,88,0.23069982,3.8403819,0.2697521,0.06972,28.24,1.0,3.2136853,1
18:01:59.268539,88,0.26909146,3.7769272,1.2672433,0.06972,22.0,1.0,10.186871,1
18:01:59.268539,88,0.0,3.8063772,-0.6213007,0.06972,91.36,1.0,0.72666246,1
18:01:59.268539,88,0.1172944,3.8464189,-0.74679697,0.06972,22.24,1.0,3.0917568,1
18:01:59.268539,88,-0.19543855,3.8433979,-0.74598753,0.20888,10.76,1.0,3.7411313,1
18:01:59.268539,88,0.19543855,3.905513,0.27417597,0.06972,15.0,1.0,4.2725596,1
18:01:59.268539,88,0.0,3.8481183,-0.74725235,0.13916,28.0,1.0,1.8980391,1
18:01:59.268539,88,0.078202784,3.847363,-0.74705,0.13916,26.119999,1.0,2.5029464,1
18:01:59.268539,88,-0.039103348,3.8479295,-0.74720174,0.13916,24.64,1.0,1.8825458,1
18:01:59.321343,89,0.11186834,3.6201112,1.1072258,0.13916,113.36,1.0,0.7317182,1
18:01:59.321343,89,-0.18635091,3.6259823,1.1442589,0.13916,14.36,1.0,4.7965245,1
18:01:59.321343,89,0.34662178,3.70009,0.9686366,0.06972,16.76,1.0,4.5593777,1
18:01:59.321343,89,0.0,3.7151666,0.9645968,0.06972,26.24,1.0,8.452793,1
18:01:59.321343,89,0.25648507,3.5239484,1.0177953,0.13916,26.359999,1.0,5.2908945,1
18:01:59.321343,89,-0.07709515,3.752855,1.1141915,0.06972,17.119999,1.0,4.8571744,1
18:01:59.321343,89,0.15675035,3.773066,0.94842786,0.13916,7.52,0.752,5.2889194,1
18:01:59.321343,89,-0.03665539,3.568991,1.1575731,0.13916,35.64,1.0,2.09071,1
18:01:59.321343,89,0.07206078,3.498459,1.1372085,0.13916,10.12,1.0,4.622011,1
18:01:59.321343,89,0.2274621,3.6476452,0.9833439,0.13916,40.879997,1.0,1.5574017,1
18:01:59.321343,89,0.21985903,3.554192,1.1235844,0.13916,33.36,1.0,3.9248924,1
18:01:59.321343,89,0.0379173,3.6918583,1.1285715,0.13916,80.119995,1.0,3.309406,1
18:01:59.321343,89,0.18955806,3.6785638,1.092873,0.13916,58.359997,1.0,4.7316756,1
18:01:59.321343,89,0.3352527,3.5787282,1.0024649,0.13916,18.24,1.0,3.0366037,1
18:01:59.321343,89,0.077126004,3.7144215,0.9647964,0.06972,37.0,1.0,4.907326,1
18:01:59.321343,89,-0.11184037,3.6288626,1.143487,0.13916,24.359999,1.0,2.1335735,1
18:01:59.321343,89,0.26973858,3.7060437,0.96704125,0.06972,25.359999,1.0,2.810975,1
18:01:59.321343,89,0.19274753,3.710511,0.9658442,0.06972,36.0,1.0,2.518351,1
18:01:59.321343,89,-0.0379173,3.6918583,1.1285715,0.13916,39.239998,1.0,2.1078238,1
18:01:59.321343,89,0.30314124,3.6425197,0.98471725,0.13916,21.76,1.0,2.002661,1
18:01:59.321343,89,-0.15163128,3.6891117,1.1293074,0.13916,15.5199995,1.0,3.1969585,1
18:01:59.321343,89,0.03665539,3.568991,1.1575731,0.13916,53.239998,1.0,1.8093541,1
18:01:59.321343,89,0.14662156,3.557732,1.1226358,0.13916,50.879997,1.0,1.9468248,1
18:01:59.321343,89,0.0,3.6304832,1.1430528,0.13916,68.0,1.0,1.0838132,1
18:01:59.321343,89,-0.1465849,3.566336,1.1582845,0.13916,17.76,1.0,5.3898077,1
18:01:59.321343,89,0.11376517,3.6814938,1.0920879,0.13916,102.119995,1.0,2.0790553,1
18:01:59.321343,89,0.22366956,3.586827,1.0002948,0.13916,44.0,1.0,2.6702108,1
18:01:59.321343,89,0.18639751,3.6172302,1.1079978,0.13916,62.64,1.0,2.6768086,1
18:01:59.321343,89,0.32959065,3.5182872,1.0193123,0.13916,16.88,1.0,5.3567605,1
18:01:59.321343,89,-0.038559146,3.744366,1.0765508,0.06972,21.24,1.0,3.219387,1
18:01:59.321343,89,0.07332545,3.5598567,1.1220665,0.13916,58.359997,1.0,1.4100941,1
18:01:59.321343,89,0.15422116,3.7121868,0.9653952,0.06972,39.64,1.0,2.9319048,1
18:01:59.321343,89,0.03856493,3.7149804,0.9646467,0.06972,31.88,1.0,6.480847,1
18:01:59.321343,89,0.11567936,3.7134902,0.9650459,0.06972,40.12,1.0,3.7262993,1
18:01:59.321343,89,0.3081956,3.7032523,0.9677892,0.06972,20.64,1.0,3.505953,1
18:01:59.321343,89,0.23125462,3.7084632,0.96639293,0.06972,30.76,1.0,2.479921,1
18:01:59.321343,89,0.34093723,3.639409,0.98555076,0.13916,16.64,1.0,2.7663813,1
18:01:59.321343,89,0.26531494,3.645265,0.9839816,0.13916,29.359999,1.0,1.5979104,1
18:01:59.321343,89,0.07584977,3.6824095,1.0918425,0.13916,101.52,1.0,1.2988712,1
18:01:59.321343,89,0.1516692,3.6802118,1.0924314,0.13916,81.759995,1.0,3.2252543,1
18:01:59.321343,89,0.0,3.6920414,1.1285224,0.13916,56.64,1.0,2.5199518,1
18:01:59.321343,89,-0.113736734,3.6903934,1.128964,0.13916,20.52,1.0,2.4401135,1
18:01:59.321343,89,-0.07583081,3.691309,1.1287186,0.13916,27.88,1.0,2.079149,1
18:01:59.321343,89,0.29808688,3.581787,1.0016453,0.13916,23.64,1.0,2.5535035,1
18:01:59.321343,89,0.26089126,3.5844867,1.000922,0.13916,31.76,1.0,2.429682,1
18:01:59.321343,89,0.07458511,3.6210117,1.1069845,0.13916,117.24,1.0,0.3053036,1
18:01:59.321343,89,0.14914039,3.6188507,1.1075635,0.13916,88.24,1.0,1.5240763,1
18:01:59.321343,89,-0.037285093,3.6303031,1.143101,0.13916,47.12,1.0,1.0490879,1
18:01:59.374173,90,0.18864879,3.7698312,0.37871808,-0.06972,28.519999,1.0,1.3693244,1
18:01:59.374173,90,0.1922851,3.8424969,0.2697521,-0.06972,71.24,1.0,0.045497492,1
18:01:59.374173,90,0.1955658,3.908056,0.23505892,-0.06972,64.0,1.0,1.4244846,1
18:01:59.374173,90,0.22691639,3.7774003,0.2653282,-0.06972,27.88,1.0,2.3012633,1
18:01:59.374173,90,0.23069982,3.8403819,0.2697521,-0.06972,68.88,1.0,0.10214991,1
18:01:59.374173,90,0.23463593,3.905905,0.23505892,-0.06972,64.0,1.0,1.4160154,1
18:01:59.374173,90,0.23842183,3.9689276,0.23885164,-0.06972,15.88,1.0,6.7758017,1
18:01:59.374173,90,0.26467842,3.7749424,0.2653282,-0.06972,25.24,1.0,2.6381588,1
18:01:59.374173,90,0.26909146,3.837883,0.2697521,-0.06972,58.12,1.0,0.31688312,1
18:01:59.374173,90,0.2736826,3.9033635,0.23505892,-0.06972,57.239998,1.0,1.5500236,1
18:01:59.374173,90,0.3127019,3.9004316,0.23505892,-0.06972,47.12,1.0,1.828807,1
18:01:59.374173,90,0.3074562,3.8350003,0.2697521,-0.06972,45.239998,1.0,0.6919101,1
18:01:59.374173,90,0.3401193,3.7688942,0.2653282,-0.06972,18.0,1.0,3.8521144,1
18:01:59.374173,90,0.34579018,3.831734,0.2697521,-0.06972,34.36,1.0,1.2298187,1
18:01:59.374173,90,0.35168993,3.8971095,0.23505892,-0.06972,37.36,1.0,2.2550538,1
18:01:59.374173,90,0.3840896,3.8280845,0.2697521,-0.06972,26.119999,1.0,1.9335706,1
18:01:59.374173,90,0.3906428,3.8933978,0.23505892,-0.06972,29.359999,1.0,2.8318403,1
18:01:59.374173,90,0.4223506,3.8240523,0.2697521,-0.06972,20.24,1.0,2.8064995,1
18:01:59.374173,90,0.42955658,3.8892968,0.23505892,-0.06972,23.119999,1.0,3.5626302,1
18:01:59.374173,90,0.46842742,3.8848069,0.23505892,-0.06972,18.52,1.0,4.451272,1
18:01:59.374173,90,0.15647611,3.9098163,0.23505892,-0.06972,57.239998,1.0,1.5735244,1
18:01:59.374173,90,0.30241397,3.772107,0.2653282,-0.06972,21.64,1.0,3.1542795,1
18:01:59.374173,90,0.15385117,3.8442276,0.2697521,-0.06972,63.64,1.0,0.14508891,1
18:01:59.374173,90,0.3777906,3.7653046,0.2653282,-0.06972,14.88,1.0,4.734511,1
18:01:59.374173,90,0.14826864,3.704739,0.4095005,-0.13916,5.24,0.524,5.470461,1
18:01:59.374173,90,0.15094167,3.7715292,0.37871808,-0.06972,27.0,1.0,1.4868083,1
18:01:59.374173,90,-0.038472407,3.8471127,0.2697521,0.06972,17.76,1.0,2.9488335,1
18:01:59.374173,90,0.0,3.7705727,0.416444,-0.06972,13.759999,1.0,3.80578,1
18:01:59.374173,90,0.0,3.847305,0.2697521,-0.06972,22.76,1.0,2.082362,1
18:01:59.374173,90,0.0,3.9182363,0.117582366,0.06972,23.119999,1.0,2.2775044,1
18:01:59.374173,90,-0.03918171,3.9180405,0.117582366,0.06972,18.359999,1.0,3.0650008,1
18:01:59.374173,90,0.038472407,3.8471127,0.2697521,-0.06972,29.64,1.0,1.3686154,1
18:01:59.374173,90,0.03918171,3.9180405,0.117582366,0.06972,29.24,1.0,1.6401486,1
18:01:59.374173,90,0.075406425,3.7698185,0.416444,-0.06972,20.359999,1.0,2.3962872,1
18:01:59.374173,90,0.07694097,3.8465357,0.2697521,-0.06972,39.12,1.0,0.807541,1
18:01:59.374173,90,0.07825371,3.9121637,0.23505892,-0.06972,37.36,1.0,2.2876492,1
18:01:59.374173,90,0.11310021,3.768876,0.416444,-0.06972,24.0,1.0,1.9280256,1
18:01:59.374173,90,0.115401834,3.845574,0.2697521,-0.06972,51.12,1.0,0.3994642,1
18:01:59.374173,90,0.037705097,3.770384,0.416444,-0.06972,16.88,1.0,3.0223124,1
18:01:59.374173,90,0.11737078,3.9111855,0.23505892,-0.06972,47.12,1.0,1.86162,1
18:01:59.374173,90,0.0,3.847305,0.2697521,-0.06972,22.76,1.0,2.082362,1
18:01:59.374173,90,0.038472407,3.8471127,0.2697521,-0.06972,29.64,1.0,1.3686154,1
18:01:59.374173,90,0.26909146,3.837883,0.2697521,-0.06972,58.12,1.0,0.31688312,1
18:01:59.374173,90,0.35168993,3.8971095,0.23505892,-0.06972,37.36,1.0,2.2550538,1
18:01:59.374173,90,0.0,3.847305,0.2697521,-0.06972,22.76,1.0,2.082362,1
18:01:59.374173,90,0.11310021,3.768876,0.416444,-0.06972,24.0,1.0,1.9280256,1
18:01:59.374173,90,0.15385117,3.8442276,0.2697521,-0.06972,63.64,1.0,0.14508891,1
18:01:59.374173,90,0.038472407,3.8471127,0.2697521,-0.06972,29.64,1.0,1.3686154,1
18:01:59.426105,91,0.22366956,3.586827,1.0002948,-0.13916,37.36,1.0,0.22111957,1
18:01:59.426105,91,0.25644663,3.5518918,1.1242007,-0.06972,26.24,1.0,0.4860967,1
18:01:59.426105,91,0.26089126,3.5844867,1.000922,-0.06972,34.12,1.0,0.4113581,1
18:01:59.426105,91,0.29305252,3.5212944,1.0185064,-0.06972,24.0,1.0,1.7434196,1
18:01:59.426105,91,0.29808688,3.581787,1.0016453,-0.06972,29.119999,1.0,0.8039457,1
18:01:59.426105,91,0.372385,3.5753105,1.0033807,-0.06972,19.24,1.0,2.1880174,1
18:01:59.426105,91,0.3352527,3.5787282,1.0024649,-0.06972,23.88,1.0,1.396829,1
18:01:59.426105,91,0.3660958,3.5149274,1.0202125,-0.06972,18.0,1.0,2.89454,1
18:01:59.426105,91,0.40948004,3.5715344,1.0043925,-0.06972,15.639999,1.0,3.175584,1
18:01:59.426105,91,0.21985903,3.554192,1.1235844,-0.06972,27.119999,1.0,0.4389992,1
18:01:59.426105,91,0.32959065,3.5182872,1.0193123,-0.06972,21.119999,1.0,2.2192025,1
18:01:59.426105,91,0.21601304,3.5013483,1.1737338,-0.06972,5.3599997,0.536,1.7691828,1
18:01:59.426105,91,0.31312466,3.8030536,1.1027051,-0.06972,9.0,0.9,10.371447,1
18:01:59.426105,91,0.18639751,3.6172302,1.1079978,-0.06972,37.239998,1.0,0.24035747,1
18:01:59.426105,91,0.1895865,3.6496594,0.9828042,-0.06972,11.12,1.0,0.27269626,1
18:01:59.426105,91,0.0,3.6304832,1.1430528,-0.06972,15.24,1.0,3.815615,1
18:01:59.426105,91,0.037285093,3.6303031,1.143101,-0.06972,19.0,1.0,2.7567978,1
18:01:59.426105,91,0.07330711,3.56846,1.1577154,-0.06972,18.0,1.0,2.311896,1
18:01:59.426105,91,0.1099515,3.567575,1.1579525,-0.06972,21.119999,1.0,1.5445445,1
18:01:59.426105,91,0.11186834,3.6201112,1.1072258,-0.06972,28.88,1.0,0.911539,1
18:01:59.426105,91,0.14662156,3.557732,1.1226358,-0.06972,24.119999,1.0,0.9467057,1
18:01:59.426105,91,0.14914039,3.6188507,1.1075635,-0.06972,34.0,1.0,0.47437704,1
18:01:59.426105,91,0.18324946,3.556139,1.1230627,-0.06972,26.359999,1.0,0.5918393,1
18:01:59.426105,91,0.07456646,3.629763,1.1432458,-0.06972,23.64,1.0,1.9062724,1
18:01:59.426105,91,0.18639751,3.6172302,1.1079978,-0.06972,37.239998,1.0,0.24035747,1
18:01:59.426105,91,0.25644663,3.5518918,1.1242007,-0.06972,26.24,1.0,0.4860967,1
18:01:59.426105,91,0.372385,3.5753105,1.0033807,-0.06972,19.24,1.0,2.1880174,1
18:01:59.426105,91,0.32959065,3.5182872,1.0193123,-0.06972,21.119999,1.0,2.2192025,1
18:01:59.426105,91,0.21985903,3.554192,1.1235844,-0.06972,27.119999,1.0,0.4389992,1
18:01:59.426105,91,0.18324946,3.556139,1.1230627,-0.06972,26.359999,1.0,0.5918393,1
18:01:59.426105,91,0.40948004,3.5715344,1.0043925,-0.06972,15.639999,1.0,3.175584,1
18:01:59.426105,91,0.07456646,3.629763,1.1432458,-0.06972,23.64,1.0,1.9062724,1
18:01:59.426105,91,0.22366956,3.586827,1.0002948,-0.13916,37.36,1.0,0.22111957,1
18:01:59.426105,91,0.32959065,3.5182872,1.0193123,-0.06972,21.119999,1.0,2.2192025,1
18:01:59.426105,91,0.29305252,3.5212944,1.0185064,-0.06972,24.0,1.0,1.7434196,1
18:01:59.426105,91,0.18324946,3.556139,1.1230627,-0.06972,26.359999,1.0,0.5918393,1
18:01:59.426105,91,0.18324946,3.556139,1.1230627,-0.06972,26.359999,1.0,0.5918393,1
18:01:59.426105,91,0.037285093,3.6303031,1.143101,-0.06972,19.0,1.0,2.7567978,1
18:01:59.426105,91,0.3352527,3.5787282,1.0024649,-0.06972,23.88,1.0,1.396829,1
18:01:59.426105,91,0.1099515,3.567575,1.1579525,-0.06972,21.119999,1.0,1.5445445,1
18:01:59.426105,91,0.1895865,3.6496594,0.9828042,-0.06972,11.12,1.0,0.27269626,1
18:01:59.426105,91,0.40948004,3.5715344,1.0043925,-0.06972,15.639999,1.0,3.175584,1
18:01:59.426105,91,0.18324946,3.556139,1.1230627,-0.06972,26.359999,1.0,0.5918393,1
18:01:59.426105,91,0.037285093,3.6303031,1.143101,-0.06972,19.0,1.0,2.7567978,1
18:01:59.426105,91,0.21985903,3.554192,1.1235844,-0.06972,27.119999,1.0,0.4389992,1
18:01:59.426105,91,0.31312466,3.8030536,1.1027051,-0.06972,9.0,0.9,10.371447,1
18:01:59.426105,91,0.1895865,3.6496594,0.9828042,-0.06972,11.12,1.0,0.27269626,1
18:01:59.426105,91,0.1099515,3.567575,1.1579525,-0.06972,21.119999,1.0,1.5445445,1
18:01:59.487383,92,0.2652088,3.6830719,1.1309258,-0.06972,128.23999,1.0,0.03287194,1
18:01:59.487383,92,0.5668652,3.613095,0.9926016,-0.20888,27.0,1.0,3.8510196,1
18:01:59.487383,92,0.0,3.6618478,1.2889189,-0.06972,18.24,1.0,3.5381255,1
18:01:59.487383,92,0.35799083,3.8214514,0.9348082,-0.20888,5.64,0.564,3.0191288,1
18:01:59.487383,92,0.0783595,3.8144014,1.0996644,-0.13916,14.0,1.0,3.657137,1
18:01:59.487383,92,0.40256435,3.511215,1.0212072,-0.20888,25.359999,1.0,4.982649,1
18:01:59.487383,92,0.2519606,3.499088,1.1743394,-0.06972,6.7599998,0.676,4.855454,1
18:01:59.487383,92,0.5080642,3.7740183,1.069915,-0.20888,23.119999,1.0,3.6229122,1
18:01:59.487383,92,0.14890179,3.6516771,1.2531074,-0.13916,52.64,1.0,1.1545471,1
18:01:59.487383,92,0.4163607,3.6610005,1.0975791,-0.20888,75.36,1.0,0.8066455,1
18:01:59.487383,92,0.35225347,3.7906406,1.0654612,-0.20888,43.36,1.0,1.8900359,1
18:01:59.487383,92,0.1465849,3.566336,1.1582845,-0.06972,28.64,1.0,2.8764136,1
18:01:59.487383,92,0.23495315,3.8083477,1.1012865,-0.13916,31.88,1.0,2.206622,1
18:01:59.487383,92,0.3660409,3.542872,1.1266177,-0.06972,30.76,1.0,2.9382138,1
18:01:59.487383,92,0.15163128,3.6891117,1.1293074,-0.06972,62.64,1.0,0.66393936,1
18:01:59.487383,92,0.5762303,3.7027292,1.0877074,-0.20888,29.359999,1.0,3.8400939,1
18:01:59.487383,92,0.07567915,3.723207,1.2770576,-0.13916,36.76,1.0,2.3211536,1
18:01:59.487383,92,0.4835436,3.5629082,1.0067039,-0.20888,28.359999,1.0,3.6622908,1
18:01:59.487383,92,0.0731605,3.5992963,1.3011177,-0.06972,18.88,1.0,3.1629817,1
18:01:59.487383,92,0.3848593,3.734997,1.1189766,-0.20888,101.88,1.0,1.0227495,1
18:01:59.487383,92,0.3351186,3.6159067,1.1469585,-0.20888,82.88,1.0,0.75398135,1
18:01:59.487383,92,0.4302449,3.783082,1.0674865,-0.20888,34.52,1.0,2.521397,1
18:01:59.487383,92,0.15668766,3.812131,1.1002729,-0.13916,20.88,1.0,2.6980503,1
18:01:59.487383,92,0.4916688,3.6522293,1.0999293,-0.20888,43.64,1.0,1.9278728,1
18:01:59.487383,92,0.038549505,3.7534137,1.1140419,-0.06972,25.64,1.0,2.8213718,1
18:01:59.487383,92,0.46160772,3.7177675,1.0836779,-0.20888,62.64,1.0,1.6305751,1
18:01:59.487383,92,0.19267043,3.7489462,1.1152389,-0.06972,67.88,1.0,0.8309255,1
18:01:59.487383,92,0.11563309,3.7519243,1.114441,-0.06972,40.52,1.0,1.5866458,1
18:01:59.487383,92,0.30807233,3.7416904,1.1171831,-0.20888,120.0,1.0,0.5900535,1
18:01:59.487383,92,0.22358009,3.6240025,1.1447893,-0.06972,88.759995,1.0,0.6769577,1
18:01:59.487383,92,0.2929353,3.557844,1.16056,-0.06972,40.239998,1.0,2.2023141,1
18:01:59.487383,92,0.4094186,3.5999596,1.1126254,-0.20888,48.52,1.0,1.5371141,1
18:01:59.487383,92,0.34080088,3.677218,1.1324943,-0.20888,121.88,1.0,0.21780482,1
18:01:59.487383,92,0.0,3.723938,1.2768618,-0.13916,23.119999,1.0,3.6090212,1
18:01:59.487383,92,0.58568037,3.7634532,1.072746,-0.20888,15.5199995,1.0,5.196345,1
18:01:59.487383,92,0.07441733,3.661129,1.2891115,-0.13916,29.88,1.0,2.2017853,1
18:01:59.487383,92,0.21980406,3.5627968,1.1592329,-0.06972,39.0,1.0,2.288371,1
18:01:59.487383,92,0.31312466,3.8030536,1.1027051,-0.20888,42.52,1.0,2.180686,1
18:01:59.487383,92,0.10980306,3.5912416,1.26539,-0.06972,23.24,1.0,2.6617486,1
18:01:59.487383,92,0.39126873,3.7870495,1.0664233,-0.20888,40.12,1.0,2.147014,1
18:01:59.487383,92,0.5468996,3.7689233,1.0712804,-0.20888,18.88,1.0,4.3504853,1
18:01:59.487383,92,0.46917802,3.778738,1.0686505,-0.20888,28.519999,1.0,3.0133014,1
18:01:59.487383,92,0.1958302,3.8104284,1.100729,-0.13916,25.88,1.0,2.3940403,1
18:01:59.487383,92,0.11752946,3.813455,1.099918,-0.13916,17.0,1.0,3.1189573,1
18:01:59.487383,92,0.2740526,3.8058894,1.1019453,-0.13916,38.0,1.0,2.135559,1
18:01:59.487383,92,0.49986652,3.7131238,1.0849222,-0.20888,48.0,1.0,2.2465718,1
18:01:59.487383,92,0.53807527,3.7081108,1.0862654,-0.20888,37.239998,1.0,2.9829743,1
18:01:59.487383,92,0.2696307,3.7444806,1.1164355,-0.06972,107.24,1.0,0.55159616,1
18:01:59.539512,93,0.43030944,3.7532108,0.95374805,-0.20888,44.76,1.0,0.078743726,1
18:01:59.539512,93,0.49986652,3.7131238,1.0849222,-0.27832,52.12,1.0,0.5761231,1
18:01:59.539512,93,0.49154586,3.6611362,1.1368035,-0.27832,32.88,1.0,0.6677631,1
18:01:59.539512,93,0.4692484,3.7488663,0.9549121,-0.20888,42.52,1.0,0.24960834,1
18:01:59.539512,93,0.43725255,3.8137698,0.9368665,-0.20888,9.76,0.97599995,0.16512884,1
18:01:59.539512,93,0.45392394,3.6657026,1.13558,-0.27832,35.88,1.0,0.4235917,1
18:01:59.539512,93,0.50814044,3.7441459,0.956177,-0.20888,36.64,1.0,0.5797726,1
18:01:59.539512,93,0.46167699,3.6883776,0.9717749,-0.20888,59.879997,1.0,0.1994545,1
18:01:59.539512,93,0.5291186,3.6562066,1.1381243,-0.27832,28.64,1.0,1.0612352,1
18:01:59.539512,93,0.65220046,3.6999226,1.1283748,-0.27832,20.119999,1.0,3.2703512,1
18:01:59.539512,93,0.5469817,3.73905,0.9575424,-0.27832,29.64,1.0,1.0690703,1
18:01:59.539512,93,0.56663847,3.6509144,1.1395423,-0.27832,24.119999,1.0,1.6038039,1
18:01:59.539512,93,0.5760862,3.7117872,1.1251957,-0.27832,32.76,1.0,1.685165,1
18:01:59.539512,93,0.58568037,3.7634532,1.072746,-0.27832,23.519999,1.0,1.697668,1
18:01:59.539512,93,0.60410166,3.6452603,1.1410574,-0.27832,20.0,1.0,2.2952104,1
18:01:59.539512,93,0.614174,3.7060387,1.126736,-0.27832,25.519999,1.0,2.401135,1
18:01:59.539512,93,0.62440246,3.757609,1.074312,-0.27832,18.64,1.0,2.4553325,1
18:01:59.539512,93,0.6630622,3.751391,1.075978,-0.27832,14.88,1.0,3.371144,1
18:01:59.539512,93,0.4233663,3.692652,0.9706295,-0.20888,61.12,1.0,0.03638539,1
18:01:59.539512,93,0.53807527,3.7081108,1.0862654,-0.27832,42.0,1.0,1.0006441,1
18:01:59.539512,93,0.4162566,3.6699052,1.1344538,-0.27832,36.36,1.0,0.32887,1
18:01:59.539512,93,0.37854767,3.6737437,1.1334252,-0.27832,34.36,1.0,0.38369197,1
18:01:59.539512,93,0.15422116,3.7121868,0.9653952,-0.20888,12.88,1.0,3.2214198,1
18:01:59.539512,93,0.15675035,3.773066,0.94842786,-0.20888,11.12,1.0,3.3446996,1
18:01:59.539512,93,0.19274753,3.710511,0.9658442,-0.20888,16.119999,1.0,2.3035278,1
18:01:59.539512,93,0.19590855,3.7713628,0.94888425,-0.20888,13.88,1.0,2.4007504,1
18:01:59.539512,93,0.22737111,3.6854508,1.1302884,-0.06972,17.52,1.0,2.0983706,1
18:01:59.539512,93,0.23125462,3.7084632,0.96639293,-0.20888,20.64,1.0,1.53963,1
18:01:59.539512,93,0.23504716,3.7692814,0.94944197,-0.20888,17.64,1.0,1.6156185,1
18:01:59.539512,93,0.2652088,3.6830719,1.1309258,-0.06972,21.359999,1.0,1.4455346,1
18:01:59.539512,93,0.26973858,3.7060437,0.96704125,-0.20888,26.64,1.0,0.92996436,1
18:01:59.539512,93,0.27416226,3.766822,0.9501009,-0.20888,22.519999,1.0,0.989549,1
18:01:59.539512,93,0.21936446,3.5936446,1.302632,-0.06972,7.64,0.764,3.4570067,1
18:01:59.539512,93,0.3081956,3.7032523,0.9677892,-0.20888,34.76,1.0,0.4747115,1
18:01:59.539512,93,0.31324995,3.7639852,0.9508611,-0.20888,28.76,1.0,0.5227284,1
18:01:59.539512,93,0.3351186,3.6159067,1.1469585,-0.06972,16.359999,1.0,0.59937096,1
18:01:59.539512,93,0.34080088,3.677218,1.1324943,-0.27832,30.359999,1.0,0.5880966,1
18:01:59.539512,93,0.34662178,3.70009,0.9686366,-0.20888,44.64,1.0,0.17399552,1
18:01:59.539512,93,0.3523063,3.7607706,0.9517224,-0.20888,35.88,1.0,0.2152845,1
18:01:59.539512,93,0.38501328,3.6965563,0.9695834,-0.20888,54.76,1.0,0.027883453,1
18:01:59.539512,93,0.30302,3.6803274,1.1316612,-0.06972,25.76,1.0,0.9420679,1
18:01:59.539512,93,0.39132744,3.757179,0.95268476,-0.20888,42.12,1.0,0.06728622,1
18:01:59.539512,93,0.45392394,3.6657026,1.13558,-0.27832,35.88,1.0,0.4235917,1
18:01:59.539512,93,0.50814044,3.7441459,0.956177,-0.20888,36.64,1.0,0.5797726,1
18:01:59.539512,93,0.58568037,3.7634532,1.072746,-0.27832,23.519999,1.0,1.697668,1
18:01:59.539512,93,0.3081956,3.7032523,0.9677892,-0.20888,34.76,1.0,0.4747115,1
18:01:59.539512,93,0.31324995,3.7639852,0.9508611,-0.20888,28.76,1.0,0.5227284,1
18:01:59.539512,93,0.15422116,3.7121868,0.9653952,-0.20888,12.88,1.0,3.2214198,1
18:01:59.596085,94,0.41642317,3.6320932,0.987511,-0.13916,51.0,1.0,0.048485834,1
18:01:59.596085,94,0.22313295,3.65538,1.2906519,-0.06972,19.0,1.0,10.549297,1
18:01:59.596085,94,0.15403612,3.6678135,0.81765544,-0.27832,15.24,1.0,6.9481883,1
18:01:59.596085,94,0.66236603,3.676476,0.81206167,-0.27832,10.76,1.0,4.562736,1
18:01:59.596085,94,0.63080853,3.5785663,1.1569638,-0.20888,15.639999,1.0,3.6845968,1
18:01:59.596085,94,0.35963774,3.490226,1.1767141,-0.13916,7.0,0.7,7.7084785,1
18:01:59.596085,94,0.39085793,3.7120972,0.80251694,-0.27832,29.119999,1.0,1.9088155,1
18:01:59.596085,94,0.2274621,3.6476452,0.9833439,-0.13916,18.88,1.0,2.1733456,1
18:01:59.596085,94,0.6043434,3.6074386,0.9941172,-0.34804,23.76,1.0,1.8234576,1
18:01:59.596085,94,0.4833502,3.6000931,1.1511958,-0.13916,37.52,1.0,1.5263621,1
18:01:59.596085,94,0.29796767,3.6189644,1.1461391,-0.13916,29.88,1.0,2.0238032,1
18:01:59.596085,94,0.31320295,3.7532744,0.91315293,-0.13916,21.0,1.0,4.747018,1
18:01:59.596085,94,0.19587916,3.760651,0.9111764,-0.13916,10.88,1.0,6.4124265,1
18:01:59.596085,94,0.5463254,3.6939898,0.8073688,-0.27832,19.88,1.0,2.5016863,1
18:01:59.596085,94,0.26941496,3.6616778,0.8192995,-0.13916,32.12,1.0,3.9253323,1
18:01:59.596085,94,0.49986652,3.6731985,0.93591875,-0.13916,46.879997,1.0,0.8491391,1
18:01:59.596085,94,0.46112305,3.644033,0.8240274,-0.13916,56.52,1.0,2.4162295,1
18:01:59.596085,94,0.5477804,3.52941,1.1681789,-0.13916,17.359999,1.0,3.4524112,1
18:01:59.596085,94,0.65236354,3.6509361,0.9418839,-0.34804,18.0,1.0,3.149195,1
18:01:59.596085,94,0.5762303,3.6628036,0.93870395,-0.34804,28.88,1.0,1.7072525,1
18:01:59.596085,94,0.67911476,3.5950408,0.99743915,-0.34804,15.0,1.0,3.6240382,1
18:01:59.596085,94,0.34093723,3.639409,0.98555076,-0.13916,38.12,1.0,0.42456576,1
18:01:59.596085,94,0.5293304,3.6183894,0.991183,-0.13916,37.879997,1.0,0.64869463,1
18:01:59.596085,94,0.40931624,3.6087158,1.1488853,-0.13916,45.0,1.0,1.2980081,1
18:01:59.596085,94,0.3462059,3.6557312,0.82089293,-0.13916,51.879997,1.0,2.8011796,1
18:01:59.596085,94,0.2563825,3.560497,1.1598492,-0.13916,20.0,1.0,3.9722042,1
18:01:59.596085,94,0.43881705,3.5437057,1.1643484,-0.13916,25.76,1.0,2.4478524,1
18:01:59.596085,94,0.3294588,3.554838,1.1613655,-0.13916,25.64,1.0,2.8784754,1
18:01:59.596085,94,0.4686854,3.7037945,0.8047417,-0.27832,28.0,1.0,1.897817,1
18:01:59.596085,94,0.5571908,3.5900419,1.153889,-0.13916,24.64,1.0,2.3208773,1
18:01:59.596085,94,0.2350119,3.75857,0.911734,-0.13916,13.5199995,1.0,5.7225156,1
18:01:59.596085,94,0.35225347,3.7500606,0.9140141,-0.13916,25.64,1.0,4.45697,1
18:01:59.596085,94,0.27412114,3.756111,0.91239285,-0.13916,16.88,1.0,5.1681857,1
18:01:59.596085,94,0.6237469,3.6826875,0.81039727,-0.27832,13.12,1.0,3.7207537,1
18:01:59.596085,94,0.50753075,3.6990795,0.806005,-0.27832,24.119999,1.0,2.1230137,1
18:01:59.596085,94,0.42979315,3.7081337,0.803579,-0.27832,30.119999,1.0,1.8262433,1
18:01:59.596085,94,0.5850654,3.6885257,0.80883294,-0.27832,16.119999,1.0,3.0340643,1
18:01:59.596085,94,0.53807527,3.6681855,0.93726194,-0.34804,37.0,1.0,1.2055573,1
18:01:59.596085,94,0.6143276,3.6570537,0.9402447,-0.34804,22.64,1.0,2.3548136,1
18:01:59.596085,94,0.19251627,3.6661398,0.8181039,-0.27832,19.359999,1.0,5.7591577,1
18:01:59.596085,94,0.38455135,3.652202,0.82183856,-0.13916,60.12,1.0,2.5005863,1
18:01:59.596085,94,0.23097716,3.6640944,0.8186519,-0.27832,24.76,1.0,4.7524276,1
18:01:59.596085,94,0.42285836,3.6483023,0.8228834,-0.13916,62.12,1.0,2.372558,1
18:01:59.596085,94,0.30782583,3.6588898,0.8200465,-0.13916,41.52,1.0,3.2755656,1
18:01:59.596085,94,0.49174255,3.6233208,0.9898616,-0.13916,45.76,1.0,0.2939158,1
18:01:59.596085,94,0.26531494,3.645265,0.9839816,-0.13916,23.88,1.0,1.4302895,1
18:01:59.596085,94,0.6417612,3.6014202,0.9957298,-0.34804,18.88,1.0,2.6449292,1
18:01:59.596085,94,0.37869915,3.6359334,0.986482,-0.13916,45.879997,1.0,0.15846053,1
18:01:59.653348,95,0.45410556,3.627889,0.98863757,-0.20888,100.24,1.0,0.14508945,1
18:01:59.653348,95,0.22232884,3.6809099,1.4376493,-0.13916,26.359999,1.0,5.2673903,1
18:01:59.653348,95,0.6922812,3.5054505,1.1745988,-0.27832,16.119999,1.0,3.657206,1
18:01:59.653348,95,0.7274713,3.6038332,0.8347989,-0.34804,20.0,1.0,3.558575,1
18:01:59.653348,95,0.18951067,3.6874642,1.1297488,-0.34804,20.52,1.0,3.2197583,1
18:01:59.653348,95,0.4382246,3.5674045,1.2717772,-0.27832,69.0,1.0,1.1403136,1
18:01:59.653348,95,0.26941496,3.6616778,0.8192995,-0.20888,25.359999,1.0,4.4696813,1
18:01:59.653348,95,0.5463254,3.6939898,0.8073688,-0.13916,17.359999,1.0,1.4816803,1
18:01:59.653348,95,0.6417612,3.6014202,0.9957298,-0.13916,39.76,1.0,1.5000548,1
18:01:59.653348,95,0.31324995,3.7639852,0.9508611,-0.27832,8.76,0.876,1.6972789,1
18:01:59.653348,95,0.25586975,3.5913494,1.303247,-0.13916,27.76,1.0,2.39228,1
18:01:59.653348,95,0.5571908,3.5900419,1.153889,-0.13916,56.64,1.0,0.9853062,1
18:01:59.653348,95,0.19274753,3.710511,0.9658442,-0.27832,15.5199995,1.0,4.1671968,1
18:01:59.653348,95,0.42285836,3.6483023,0.8228834,-0.20888,81.88,1.0,1.8590312,1
18:01:59.653348,95,0.43124866,3.4825864,1.178761,-0.13916,19.24,1.0,0.3119825,1
18:01:59.653348,95,0.34093723,3.639409,0.98555076,-0.20888,56.0,1.0,1.0063487,1
18:01:59.653348,95,0.30302,3.6803274,1.1316612,-0.13916,42.76,1.0,1.1339575,1
18:01:59.653348,95,0.33324313,3.6728597,1.4398063,-0.27832,56.52,1.0,4.481017,1
18:01:59.653348,95,0.37149158,3.6438913,1.2937303,-0.13916,72.119995,1.0,1.6776347,1
18:01:59.653348,95,0.51925594,3.626681,1.2983418,-0.27832,72.36,1.0,2.458717,1
18:01:59.653348,95,0.66236603,3.676476,0.81206167,-0.13916,10.5199995,1.0,2.4089975,1
18:01:59.653348,95,0.39126873,3.7464695,0.9149763,-0.27832,13.12,1.0,0.9476183,1
18:01:59.653348,95,0.3462059,3.6557312,0.82089293,-0.20888,45.76,1.0,2.8743677,1
18:01:59.653348,95,0.5668652,3.613095,0.9926016,-0.13916,66.76,1.0,0.5414932,1
18:01:59.653348,95,0.63080853,3.5785663,1.1569638,-0.13916,33.36,1.0,2.1654453,1
18:01:59.653348,95,0.23504716,3.7692814,0.94944197,-0.27832,6.24,0.624,3.2818902,1
18:01:59.653348,95,0.6136826,3.6232665,0.82959175,-0.13916,45.12,1.0,1.8472203,1
18:01:59.653348,95,0.4686854,3.7037945,0.8047417,-0.13916,18.119999,1.0,1.6028153,1
18:01:59.653348,95,0.49934167,3.6393943,0.82527035,-0.20888,95.88,1.0,1.4223043,1
18:01:59.653348,95,0.44546285,3.636,1.2958448,-0.13916,92.88,1.0,1.8009593,1
18:01:59.653348,95,0.58399683,3.5239437,1.1696435,-0.13916,33.36,1.0,1.4074547,1
18:01:59.653348,95,0.51150924,3.5345259,1.166808,-0.13916,54.239998,1.0,0.5538236,1
18:01:59.653348,95,0.3287999,3.5857017,1.3047603,-0.13916,44.879997,1.0,1.6976029,1
18:01:59.653348,95,0.7041739,3.565671,1.1604191,-0.41748002,20.76,1.0,3.877091,1
18:01:59.653348,95,0.40159854,3.5786462,1.3066508,-0.27832,65.24,1.0,1.5240278,1
18:01:59.653348,95,0.27416226,3.766822,0.9501009,-0.27832,7.3599997,0.736,2.4150677,1
18:01:59.653348,95,0.35225347,3.7500606,0.9140141,-0.27832,10.639999,1.0,1.4079913,1
18:01:59.653348,95,0.6237469,3.6826875,0.81039727,-0.13916,12.639999,1.0,1.9525738,1
18:01:59.653348,95,0.7009189,3.6698916,0.8138259,-0.13916,8.88,0.88799995,3.0120897,1
18:01:59.653348,95,0.50753075,3.6990795,0.806005,-0.13916,18.76,1.0,1.468062,1
18:01:59.653348,95,0.42979315,3.7081337,0.803579,-0.13916,15.759999,1.0,1.8862426,1
18:01:59.653348,95,0.5850654,3.6885257,0.80883294,-0.13916,15.0,1.0,1.6433179,1
18:01:59.653348,95,0.23125462,3.7084632,0.96639293,-0.27832,19.64,1.0,3.1645951,1
18:01:59.653348,95,0.57562524,3.6290104,0.8280527,-0.20888,61.12,1.0,1.562049,1
18:01:59.653348,95,0.6896094,3.6106772,0.832965,-0.13916,25.64,1.0,2.8459888,1
18:01:59.653348,95,0.38455135,3.652202,0.82183856,-0.20888,62.359997,1.0,2.2942698,1
18:01:59.653348,95,0.53751034,3.6343865,0.8266122,-0.20888,80.36,1.0,1.4202813,1
18:01:59.653348,95,0.6516786,3.6171553,0.83122927,-0.13916,33.64,1.0,2.2753608,1
18:01:59.702436,96,0.6043434,3.6074386,0.9941172,-0.34804,39.12,1.0,1.0664314,1
18:01:59.702436,96,0.6631617,3.721515,0.9622409,-0.34804,13.36,1.0,3.011446,1
18:01:59.702436,96,0.61441976,3.6675863,0.9773459,-0.34804,43.76,1.0,0.18363774,1
18:01:59.702436,96,0.62449616,3.727734,0.9605745,-0.34804,14.5199995,1.0,2.5784774,1
18:01:59.702436,96,0.6417612,3.6014202,0.9957298,-0.34804,37.12,1.0,1.2122083,1
18:01:59.702436,96,0.6524614,3.6614676,0.97898537,-0.34804,38.879997,1.0,0.47073275,1
18:01:59.702436,96,0.67911476,3.5950408,0.99743915,-0.34804,33.0,1.0,1.5717852,1
18:01:59.702436,96,0.80393755,3.6333284,0.98652524,-0.34804,17.24,1.0,3.6033614,1
18:01:59.702436,96,0.70165557,3.7042196,0.9262971,-0.34804,11.88,1.0,2.5895395,1
18:01:59.702436,96,0.71640044,3.588301,0.9992451,-0.34804,28.119999,1.0,2.1429443,1
18:01:59.702436,96,0.72834516,3.6481297,0.98255926,-0.34804,26.519999,1.0,1.6443691,1
18:01:59.702436,96,0.7536144,3.5812013,1.0011475,-0.34804,23.519999,1.0,2.9237468,1
18:01:59.702436,96,0.7661796,3.6409116,0.9844933,-0.34804,21.359999,1.0,2.526593,1
18:01:59.702436,96,0.7907531,3.5737424,1.003146,-0.34804,19.359999,1.0,3.9125345,1
18:01:59.702436,96,0.5942671,3.5472908,1.0108886,-0.20888,19.359999,1.0,5.226858,1
18:01:59.702436,96,0.6904378,3.6549819,0.9807232,-0.34804,32.64,1.0,0.9584112,1
18:01:59.702436,96,0.5857682,3.7335792,0.95900834,-0.34804,15.0,1.0,2.3350186,1
18:01:59.702436,96,0.50814044,3.7441459,0.956177,-0.34804,13.88,1.0,2.428901,1
18:01:59.702436,96,0.5668652,3.613095,0.9926016,-0.34804,38.239998,1.0,1.1369506,1
18:01:59.702436,96,0.5763167,3.6733372,0.9758049,-0.34804,45.239998,1.0,0.099719994,1
18:01:59.702436,96,0.34662178,3.70009,0.9686366,-0.27832,16.52,1.0,4.0443277,1
18:01:59.702436,96,0.38501328,3.6965563,0.9695834,-0.27832,20.359999,1.0,2.838673,1
18:01:59.702436,96,0.4233663,3.692652,0.9706295,-0.27832,25.119999,1.0,1.8577586,1
18:01:59.702436,96,0.43030944,3.7532108,0.95374805,-0.34804,11.0,1.0,3.3206098,1
18:01:59.702436,96,0.45410556,3.627889,0.98863757,-0.20888,25.64,1.0,2.6753945,1
18:01:59.702436,96,0.46167699,3.6883776,0.9717749,-0.34804,30.88,1.0,1.0972848,1
18:01:59.702436,96,0.41642317,3.6320932,0.987511,-0.20888,21.24,1.0,3.6415792,1
18:01:59.702436,96,0.49174255,3.6233208,0.9898616,-0.34804,30.359999,1.0,1.9382464,1
18:01:59.702436,96,0.4999415,3.6837332,0.9730193,-0.34804,37.239998,1.0,0.5532318,1
18:01:59.702436,96,0.5293304,3.6183894,0.991183,-0.34804,35.0,1.0,1.4265394,1
18:01:59.702436,96,0.53815603,3.6787198,0.9743627,-0.34804,42.64,1.0,0.22186165,1
18:01:59.702436,96,0.5469817,3.73905,0.9575424,-0.34804,14.759999,1.0,2.2840626,1
18:01:59.702436,96,0.4692484,3.7488663,0.9549121,-0.34804,12.5199995,1.0,2.7731223,1
18:01:59.702436,96,0.4999415,3.6837332,0.9730193,-0.34804,37.239998,1.0,0.5532318,1
18:01:59.702436,96,0.6524614,3.6614676,0.97898537,-0.34804,38.879997,1.0,0.47073275,1
18:01:59.702436,96,0.4999415,3.6837332,0.9730193,-0.34804,37.239998,1.0,0.5532318,1
18:01:59.702436,96,0.7907531,3.5737424,1.003146,-0.34804,19.359999,1.0,3.9125345,1
18:01:59.702436,96,0.71640044,3.588301,0.9992451,-0.34804,28.119999,1.0,2.1429443,1
18:01:59.702436,96,0.80393755,3.6333284,0.98652524,-0.34804,17.24,1.0,3.6033614,1
18:01:59.702436,96,0.62449616,3.727734,0.9605745,-0.34804,14.5199995,1.0,2.5784774,1
18:01:59.702436,96,0.5942671,3.5472908,1.0108886,-0.20888,19.359999,1.0,5.226858,1
18:01:59.702436,96,0.4999415,3.6837332,0.9730193,-0.34804,37.239998,1.0,0.5532318,1
18:01:59.702436,96,0.34662178,3.70009,0.9686366,-0.27832,16.52,1.0,4.0443277,1
18:01:59.702436,96,0.41642317,3.6320932,0.987511,-0.20888,21.24,1.0,3.6415792,1
18:01:59.702436,96,0.41642317,3.6320932,0.987511,-0.20888,21.24,1.0,3.6415792,1
18:01:59.702436,96,0.6417612,3.6014202,0.9957298,-0.34804,37.12,1.0,1.2122083,1
18:01:59.702436,96,0.7661796,3.6409116,0.9844933,-0.34804,21.359999,1.0,2.526593,1
18:01:59.702436,96,0.4692484,3.7488663,0.9549121,-0.34804,12.5199995,1.0,2.7731223,1
18:01:59.758624,97,0.69033426,3.6444514,0.9436215,-0.41748002,42.0,1.0,2.2210777,1
18:01:59.758624,97,0.6790129,3.584683,0.9609459,-0.41748002,56.36,1.0,0.5145066,1
18:01:59.758624,97,0.6676915,3.5249145,0.97827035,-0.34804,32.88,1.0,0.7113319,1
18:01:59.758624,97,0.6565134,3.4753957,1.030805,-0.34804,23.88,1.0,3.0254424,1
18:01:59.758624,97,0.63096625,3.5311866,0.97658974,-0.34804,37.52,1.0,0.5424987,1
18:01:59.758624,97,0.6416649,3.5910614,0.95923686,-0.41748002,65.88,1.0,0.123226054,1
18:01:59.758624,97,0.620403,3.4815629,1.0291525,-0.34804,26.24,1.0,2.6098957,1
18:01:59.758624,97,0.86375195,3.5142174,0.8620841,-0.41748002,16.119999,1.0,4.0193315,1
18:01:59.758624,97,0.65236354,3.6509361,0.9418839,-0.41748002,49.12,1.0,1.6000276,1
18:01:59.758624,97,0.7036105,3.4856288,0.8730171,-0.34804,27.76,1.0,4.956629,1
18:01:59.758624,97,0.803817,3.622801,0.94942266,-0.41748002,20.0,1.0,6.180049,1
18:01:59.758624,97,0.7282359,3.6376,0.9454573,-0.41748002,33.52,1.0,3.194339,1
18:01:59.758624,97,0.7401601,3.4786558,0.87488544,-0.34804,23.0,1.0,4.40777,1
18:01:59.758624,97,0.7527103,3.5376399,0.8558081,-0.34804,34.239998,1.0,3.0329988,1
18:01:59.758624,97,0.7660647,3.630383,0.9473911,-0.41748002,25.88,1.0,4.515432,1
18:01:59.758624,97,0.77663577,3.4713302,0.87684834,-0.34804,18.88,1.0,4.212698,1
18:01:59.758624,97,0.78980434,3.53019,0.85780424,-0.34804,26.24,1.0,3.0127633,1
18:01:59.758624,97,0.8268195,3.5223823,0.8598963,-0.41748002,20.359999,1.0,3.3428245,1
18:01:59.758624,97,0.84060526,3.581112,0.84088707,-0.41748002,15.639999,1.0,4.191732,1
18:01:59.758624,97,0.62449616,3.727734,0.9605745,-0.41748002,8.24,0.824,5.959268,1
18:01:59.758624,97,0.7155409,3.544731,0.853908,-0.34804,44.64,1.0,3.4074543,1
18:01:59.758624,97,0.61441976,3.6675863,0.9773459,-0.41748002,51.12,1.0,2.2489998,1
18:01:59.758624,97,0.69255817,3.4688802,1.0325508,-0.34804,21.119999,1.0,3.788839,1
18:01:59.758624,97,0.5942671,3.5472908,1.0108886,-0.34804,40.12,1.0,0.5483184,1
18:01:59.758624,97,0.60425276,3.5970788,0.9576245,-0.41748002,68.119995,1.0,0.08823983,1
18:01:59.758624,97,0.37864232,3.66484,1.0965502,-0.41748002,18.88,1.0,4.438415,1
18:01:59.758624,97,0.38501328,3.6965563,0.9695834,-0.34804,14.88,1.0,5.2588634,1
18:01:59.758624,97,0.40948004,3.5715344,1.0043925,-0.34804,23.64,1.0,4.5188837,1
18:01:59.758624,97,0.4233663,3.692652,0.9706295,-0.34804,18.76,1.0,3.8194776,1
18:01:59.758624,97,0.44653416,3.5674002,1.0055003,-0.34804,28.24,1.0,2.9851928,1
18:01:59.758624,97,0.45410556,3.627889,0.98863757,-0.34804,30.64,1.0,1.9365621,1
18:01:59.758624,97,0.46167699,3.6883776,0.9717749,-0.34804,24.0,1.0,2.7616374,1
18:01:59.758624,97,0.4835436,3.5629082,1.0067039,-0.34804,33.12,1.0,1.8257238,1
18:01:59.758624,97,0.49174255,3.6233208,0.9898616,-0.34804,39.64,1.0,1.011996,1
18:01:59.758624,97,0.41642317,3.6320932,0.987511,-0.34804,23.88,1.0,3.236656,1
18:01:59.758624,97,0.5205047,3.558059,1.0080032,-0.34804,37.52,1.0,1.0360167,1
18:01:59.758624,97,0.5293304,3.6183894,0.991183,-0.34804,50.64,1.0,0.45831785,1
18:01:59.758624,97,0.53815603,3.6787198,0.9743627,-0.41748002,38.879997,1.0,1.771131,1
18:01:59.758624,97,0.53846735,3.4600728,1.1474941,-0.41748002,13.12,1.0,9.021039,1
18:01:59.758624,97,0.5479174,3.5207968,1.1325326,-0.41748002,28.119999,1.0,6.5278387,1
18:01:59.758624,97,0.55741376,3.5528529,1.0093982,-0.34804,40.12,1.0,0.61166525,1
18:01:59.758624,97,0.5668652,3.613095,0.9926016,-0.34804,61.64,1.0,0.27094406,1
18:01:59.758624,97,0.5763167,3.6733372,0.9758049,-0.41748002,46.879997,1.0,1.8288773,1
18:01:59.758624,97,0.58414286,3.5153294,1.1339976,-0.41748002,27.76,1.0,7.629347,1
18:01:59.758624,97,0.4999415,3.6837332,0.9730193,-0.34804,30.76,1.0,2.0804632,1
18:01:59.758624,97,0.55741376,3.5528529,1.0093982,-0.34804,40.12,1.0,0.61166525,1
18:01:59.758624,97,0.53846735,3.4600728,1.1474941,-0.41748002,13.12,1.0,9.021039,1
18:01:59.758624,97,0.4233663,3.692652,0.9706295,-0.34804,18.76,1.0,3.8194776,1
18:01:59.814522,98,0.66699046,3.6653967,-0.1864348,-0.41748002,69.0,1.0,1.259613,1
18:01:59.814522,98,0.95031345,3.721729,-0.3466391,-0.41748002,11.36,1.0,7.0526752,1
18:01:59.814522,98,0.44653416,3.7032394,-0.03730188,-0.41748002,18.119999,1.0,5.102801,1
18:01:59.814522,98,0.7373306,3.833877,-0.35232392,-0.41748002,6.8799996,0.68799996,7.2332907,1
18:01:59.814522,98,0.63386726,3.4833705,-0.03540691,-0.48720002,5.52,0.552,8.914824,1
18:01:59.814522,98,0.49934167,3.8194273,-0.19275716,-0.41748002,15.0,1.0,3.7018557,1
18:01:59.814522,98,0.8855821,3.6188054,-0.1864348,-0.55664,25.64,1.0,2.447998,1
18:01:59.814522,98,0.802531,3.7652333,-0.23126619,-0.55664,29.76,1.0,2.414423,1
18:01:59.814522,98,0.72842443,3.5934305,-0.07334011,-0.55664,40.52,1.0,2.9946063,1
18:01:59.814522,98,0.5842305,3.6202285,-0.036671888,-0.41748002,39.52,1.0,3.4557652,1
18:01:59.814522,98,0.6516786,3.796404,-0.19275716,-0.41748002,39.12,1.0,2.5749788,1
18:01:59.814522,98,0.5198802,3.6891372,-0.1864348,-0.41748002,29.119999,1.0,5.0445046,1
18:01:59.814522,98,0.76351917,3.5822017,-0.18328612,-0.41748002,34.88,1.0,4.522982,1
18:01:59.814522,98,0.7527103,3.7132363,-0.18959598,-0.41748002,77.36,1.0,0.52333426,1
18:01:59.814522,98,0.57562524,3.8086772,-0.19275716,-0.41748002,24.76,1.0,2.6818352,1
18:01:59.814522,98,0.87767017,3.7484307,-0.23126619,-0.55664,17.88,1.0,3.9188528,1
18:01:59.814522,98,0.72707087,3.7805297,-0.23126619,-0.55664,43.12,1.0,1.6796834,1
18:01:59.814522,98,0.8268195,3.6974406,-0.18959598,-0.41748002,44.64,1.0,1.654373,1
18:01:59.814522,98,0.593554,3.6780024,-0.1864348,-0.41748002,48.12,1.0,2.6531923,1
18:01:59.814522,98,0.45356074,3.761513,-0.18959598,-0.41748002,18.64,1.0,4.7397943,1
18:01:59.814522,98,0.937354,3.670976,-0.18959598,-0.55664,19.76,1.0,4.749168,1
18:01:59.814522,98,0.5117139,3.6311882,-0.036671888,-0.41748002,28.119999,1.0,3.4650128,1
18:01:59.814522,98,0.6564149,3.6072793,-0.07334011,-0.55664,46.12,1.0,2.0599005,1
18:01:59.814522,98,0.83500576,3.5662158,-0.18328612,-0.41748002,24.119999,1.0,4.694519,1
18:01:59.814522,98,0.6097027,3.55187,-0.0360394,-0.48720002,24.0,1.0,4.528754,1
18:01:59.814522,98,0.7401601,3.6513245,-0.1864348,-0.41748002,64.36,1.0,0.7993549,1
18:01:59.814522,98,0.6409912,3.7341435,-0.18959598,-0.41748002,74.119995,1.0,0.3642837,1
18:01:59.814522,98,0.5286953,3.7516901,-0.18959598,-0.41748002,31.359999,1.0,2.2407253,1
18:01:59.814522,98,0.8130337,3.6357923,-0.1864348,-0.41748002,42.0,1.0,1.2133511,1
18:01:59.814522,98,0.46112305,3.8242297,-0.19275716,-0.41748002,12.0,1.0,4.5784636,1
18:01:59.814522,98,0.6896094,3.7896972,-0.19275716,-0.41748002,44.0,1.0,2.8411334,1
18:01:59.814522,98,0.53751034,3.8142428,-0.19275716,-0.41748002,19.119999,1.0,3.0729537,1
18:01:59.814522,98,0.6136826,3.8027306,-0.19275716,-0.41748002,31.76,1.0,2.5189204,1
18:01:59.814522,98,0.8401426,3.7570198,-0.23126619,-0.55664,23.0,1.0,3.073975,1
18:01:59.814522,98,0.7648392,3.7730703,-0.23126619,-0.55664,37.239998,1.0,1.9472005,1
18:01:59.814522,98,0.9130493,3.731046,-0.3466391,-0.41748002,14.12,1.0,6.833285,1
18:01:59.814522,98,0.86375195,3.6889875,-0.18959598,-0.55664,33.36,1.0,2.5059626,1
18:01:59.814522,98,0.7155409,3.7205777,-0.18959598,-0.41748002,89.759995,1.0,0.2578164,1
18:01:59.814522,98,0.5661851,3.7462156,-0.18959598,-0.41748002,42.0,1.0,1.3748413,1
18:01:59.814522,98,0.6036183,3.7403665,-0.18959598,-0.41748002,56.64,1.0,0.752322,1
18:01:59.814522,98,0.49115255,3.7567894,-0.18959598,-0.41748002,23.88,1.0,3.359193,1
18:01:59.814522,98,0.67829996,3.727547,-0.18959598,-0.41748002,88.24,1.0,0.20218201,1
18:01:59.814522,98,0.900598,3.6801658,-0.18959598,-0.55664,25.359999,1.0,3.5395803,1
18:01:59.814522,98,0.78980434,3.7055237,-0.18959598,-0.41748002,59.879997,1.0,0.9912349,1
18:01:59.814522,98,0.4835436,3.698589,-0.03730188,-0.41748002,22.76,1.0,5.044022,1
18:01:59.814522,98,0.7036105,3.6585436,-0.1864348,-0.41748002,70.88,1.0,0.91663724,1
18:01:59.814522,98,0.55674493,3.683754,-0.1864348,-0.41748002,37.52,1.0,3.7199008,1
18:01:59.814522,98,0.8493504,3.6274803,-0.1864348,-0.41748002,32.64,1.0,1.731227,1
18:01:59.862875,99,0.52080435,3.6956952,-0.67914873,-0.62636,7.8799996,0.788,2.5494936,1
18:01:59.862875,99,0.60452324,3.745974,-0.6904723,-0.62636,6.52,0.652,3.8101633,1
18:01:59.862875,99,0.7036105,3.6585436,-0.1864348,-0.55664,6.7599998,0.676,3.360229,1
18:01:59.862875,99,0.71471584,3.525804,-0.21611029,-0.6958,5.52,0.552,3.7220287,1
18:01:59.862875,99,0.8001425,3.5781443,-0.07334011,-0.55664,7.52,0.752,1.9086391,1
18:01:59.862875,99,0.60452324,3.745974,-0.6904723,-0.62636,6.52,0.652,3.8101633,1
18:01:59.862875,99,0.71471584,3.525804,-0.21611029,-0.6958,5.52,0.552,3.7220287,1
18:01:59.862875,99,0.52080435,3.6956952,-0.67914873,-0.62636,7.8799996,0.788,2.5494936,1
18:01:59.862875,99,0.7036105,3.6585436,-0.1864348,-0.55664,6.7599998,0.676,3.360229,1
18:01:59.862875,99,0.60452324,3.745974,-0.6904723,-0.62636,6.52,0.652,3.8101633,1
18:01:59.862875,99,0.71471584,3.525804,-0.21611029,-0.6958,5.52,0.552,3.7220287,1
18:01:59.862875,99,0.52080435,3.6956952,-0.67914873,-0.62636,7.8799996,0.788,2.5494936,1
18:01:59.862875,99,0.52080435,3.6956952,-0.67914873,-0.62636,7.8799996,0.788,2.5494936,1
18:01:59.862875,99,0.71471584,3.525804,-0.21611029,-0.6958,5.52,0.552,3.7220287,1
18:01:59.862875,99,0.8001425,3.5781443,-0.07334011,-0.55664,7.52,0.752,1.9086391,1
18:01:59.862875,99,0.8001425,3.5781443,-0.07334011,-0.55664,7.52,0.752,1.9086391,1
18:01:59.862875,99,0.52080435,3.6956952,-0.67914873,-0.62636,7.8799996,0.788,2.5494936,1
18:01:59.862875,99,0.7036105,3.6585436,-0.1864348,-0.55664,6.7599998,0.676,3.360229,1
18:01:59.862875,99,0.52080435,3.6956952,-0.67914873,-0.62636,7.8799996,0.788,2.5494936,1
18:01:59.862875,99,0.60452324,3.745974,-0.6904723,-0.62636,6.52,0.652,3.8101633,1
18:01:59.862875,99,0.60452324,3.745974,-0.6904723,-0.62636,6.52,0.652,3.8101633,1
18:01:59.862875,99,0.52080435,3.6956952,-0.67914873,-0.62636,7.8799996,0.788,2.5494936,1
18:01:59.862875,99,0.71471584,3.525804,-0.21611029,-0.6958,5.52,0.552,3.7220287,1
18:01:59.862875,99,0.7036105,3.6585436,-0.1864348,-0.55664,6.7599998,0.676,3.360229,1
18:01:59.862875,99,0.52080435,3.6956952,-0.67914873,-0.62636,7.8799996,0.788,2.5494936,1
18:01:59.862875,99,0.8001425,3.5781443,-0.07334011,-0.55664,7.52,0.752,1.9086391,1
18:01:59.862875,99,0.71471584,3.525804,-0.21611029,-0.6958,5.52,0.552,3.7220287,1
18:01:59.862875,99,0.52080435,3.6956952,-0.67914873,-0.62636,7.8799996,0.788,2.5494936,1
18:01:59.862875,99,0.7036105,3.6585436,-0.1864348,-0.55664,6.7599998,0.676,3.360229,1
18:01:59.862875,99,0.60452324,3.745974,-0.6904723,-0.62636,6.52,0.652,3.8101633,1
18:01:59.862875,99,0.7036105,3.6585436,-0.1864348,-0.55664,6.7599998,0.676,3.360229,1
18:01:59.862875,99,0.60452324,3.745974,-0.6904723,-0.62636,6.52,0.652,3.8101633,1
18:01:59.862875,99,0.60452324,3.745974,-0.6904723,-0.62636,6.52,0.652,3.8101633,1
18:01:59.862875,99,0.7036105,3.6585436,-0.1864348,-0.55664,6.7599998,0.676,3.360229,1
18:01:59.862875,99,0.60452324,3.745974,-0.6904723,-0.62636,6.52,0.652,3.8101633,1
18:01:59.862875,99,0.7036105,3.6585436,-0.1864348,-0.55664,6.7599998,0.676,3.360229,1
18:01:59.862875,99,0.7036105,3.6585436,-0.1864348,-0.55664,6.7599998,0.676,3.360229,1
18:01:59.862875,99,0.52080435,3.6956952,-0.67914873,-0.62636,7.8799996,0.788,2.5494936,1
18:01:59.862875,99,0.7036105,3.6585436,-0.1864348,-0.55664,6.7599998,0.676,3.360229,1
18:01:59.862875,99,0.52080435,3.6956952,-0.67914873,-0.62636,7.8799996,0.788,2.5494936,1
18:01:59.862875,99,0.71471584,3.525804,-0.21611029,-0.6958,5.52,0.552,3.7220287,1
18:01:59.862875,99,0.7036105,3.6585436,-0.1864348,-0.55664,6.7599998,0.676,3.360229,1
18:01:59.862875,99,0.52080435,3.6956952,-0.67914873,-0.62636,7.8799996,0.788,2.5494936,1
18:01:59.862875,99,0.60452324,3.745974,-0.6904723,-0.62636,6.52,0.652,3.8101633,1
18:01:59.862875,99,0.8001425,3.5781443,-0.07334011,-0.55664,7.52,0.752,1.9086391,1
18:01:59.862875,99,0.52080435,3.6956952,-0.67914873,-0.62636,7.8799996,0.788,2.5494936,1
18:01:59.862875,99,0.52080435,3.6956952,-0.67914873,-0.62636,7.8799996,0.788,2.5494936,1
18:01:59.862875,99,0.60452324,3.745974,-0.6904723,-0.62636,6.52,0.652,3.8101633,1
18:02:00.089256,101,0.85927206,3.205533,0.96114635,-0.6958,8.5199995,0.852,1.6949126,1
18:02:00.089256,101,1.0093635,3.3052518,0.77312607,-0.62636,24.119999,1.0,4.805158,1
18:02:00.089256,101,0.974212,3.3148317,0.7705591,-0.62636,28.24,1.0,3.2554553,1
18:02:00.089256,101,0.938963,3.324072,0.7680832,-0.62636,32.52,1.0,2.0392098,1
18:02:00.089256,101,0.92536044,3.3133695,0.9257062,-0.62636,27.359999,1.0,2.45309,1
18:02:00.089256,101,0.9036201,3.3329709,0.76569873,-0.62636,36.0,1.0,1.1571164,1
18:02:00.089256,101,0.8905296,3.3221397,0.9233563,-0.62636,29.76,1.0,1.740348,1
18:02:00.089256,101,0.8822605,3.3860016,0.707183,-0.62636,21.52,1.0,1.5235046,1
18:02:00.089256,101,0.8681869,3.3415282,0.76340586,-0.62636,37.76,1.0,0.6097396,1
18:02:00.089256,101,0.8414773,3.3030837,1.0416332,-0.62636,18.88,1.0,5.6734905,1
18:02:00.089256,101,0.84616464,3.3943493,0.7049462,-0.62636,21.0,1.0,1.2531724,1
18:02:00.089256,101,0.85560966,3.330573,0.9210966,-0.62636,31.119999,1.0,1.3522643,1
18:02:00.089256,101,0.8206042,3.3386686,0.9189274,-0.62636,30.88,1.0,1.2892462,1
18:02:00.089256,101,0.653889,3.3856478,0.75158405,-0.62636,18.0,1.0,4.3696723,1
18:02:00.089256,101,0.6897897,3.3791583,0.7533229,-0.62636,21.64,1.0,2.9042156,1
18:02:00.089256,101,0.71510947,3.3609211,0.9129649,-0.62636,23.24,1.0,3.0527523,1
18:02:00.089256,101,0.8326669,3.3497427,0.7612048,-0.62636,37.12,1.0,0.39751336,1
18:02:00.089256,101,0.7503506,3.3538435,0.9148613,-0.62636,26.519999,1.0,2.1394005,1
18:02:00.089256,101,0.7256214,3.3723223,0.7551546,-0.62636,25.76,1.0,1.774116,1
18:02:00.089256,101,0.77372277,3.4099967,0.7007535,-0.62636,17.64,1.0,1.7519461,1
18:02:00.089256,101,0.7855167,3.3464255,0.9168489,-0.62636,29.24,1.0,1.5515739,1
18:02:00.089256,101,0.7970636,3.3576138,0.7590957,-0.62636,34.36,1.0,0.5207409,1
18:02:00.089256,101,0.8099842,3.402348,0.702803,-0.62636,19.64,1.0,1.3292586,1
18:02:00.089256,101,0.76138055,3.3651404,0.75707895,-0.62636,30.24,1.0,0.9795947,1
18:02:00.089256,101,0.85560966,3.330573,0.9210966,-0.62636,31.119999,1.0,1.3522643,1
18:02:00.089256,101,0.76138055,3.3651404,0.75707895,-0.62636,30.24,1.0,0.9795947,1
18:02:00.089256,101,0.8905296,3.3221397,0.9233563,-0.62636,29.76,1.0,1.740348,1
18:02:00.089256,101,0.76138055,3.3651404,0.75707895,-0.62636,30.24,1.0,0.9795947,1
18:02:00.089256,101,0.71510947,3.3609211,0.9129649,-0.62636,23.24,1.0,3.0527523,1
18:02:00.089256,101,0.8681869,3.3415282,0.76340586,-0.62636,37.76,1.0,0.6097396,1
18:02:00.089256,101,0.84616464,3.3943493,0.7049462,-0.62636,21.0,1.0,1.2531724,1
18:02:00.089256,101,0.77372277,3.4099967,0.7007535,-0.62636,17.64,1.0,1.7519461,1
18:02:00.089256,101,0.8206042,3.3386686,0.9189274,-0.62636,30.88,1.0,1.2892462,1
18:02:00.089256,101,1.0093635,3.3052518,0.77312607,-0.62636,24.119999,1.0,4.805158,1
18:02:00.089256,101,0.6897897,3.3791583,0.7533229,-0.62636,21.64,1.0,2.9042156,1
18:02:00.089256,101,0.938963,3.324072,0.7680832,-0.62636,32.52,1.0,2.0392098,1
18:02:00.089256,101,0.85560966,3.330573,0.9210966,-0.62636,31.119999,1.0,1.3522643,1
18:02:00.089256,101,0.974212,3.3148317,0.7705591,-0.62636,28.24,1.0,3.2554553,1
18:02:00.089256,101,0.92536044,3.3133695,0.9257062,-0.62636,27.359999,1.0,2.45309,1
18:02:00.089256,101,0.7256214,3.3723223,0.7551546,-0.62636,25.76,1.0,1.774116,1
18:02:00.089256,101,0.71510947,3.3609211,0.9129649,-0.62636,23.24,1.0,3.0527523,1
18:02:00.089256,101,0.974212,3.3148317,0.7705591,-0.62636,28.24,1.0,3.2554553,1
18:02:00.089256,101,0.8326669,3.3497427,0.7612048,-0.62636,37.12,1.0,0.39751336,1
18:02:00.089256,101,0.8206042,3.3386686,0.9189274,-0.62636,30.88,1.0,1.2892462,1
18:02:00.089256,101,0.6897897,3.3791583,0.7533229,-0.62636,21.64,1.0,2.9042156,1
18:02:00.089256,101,0.8414773,3.3030837,1.0416332,-0.62636,18.88,1.0,5.6734905,1
18:02:00.089256,101,0.8099842,3.402348,0.702803,-0.62636,19.64,1.0,1.3292586,1
18:02:00.089256,101,0.974212,3.3148317,0.7705591,-0.62636,28.24,1.0,3.2554553,1
18:02:00.112253,102,0.974212,3.3148317,0.7705591,-0.55664,29.88,1.0,0.8526655,1
18:02:00.112253,102,0.9263994,3.1882842,0.96576816,-0.6958,13.759999,1.0,11.142939,1
18:02:00.112253,102,0.94424045,3.2772086,1.0485665,-0.62636,28.64,1.0,0.5915581,1
18:02:00.112253,102,0.96009874,3.3042636,0.92814624,-0.55664,33.64,1.0,0.55044335,1
18:02:00.112253,102,0.9783106,3.2679234,1.0510544,-0.62636,28.64,1.0,1.1224418,1
18:02:00.112253,102,0.9541839,3.3682623,0.71193624,-0.55664,14.24,1.0,3.334016,1
18:02:00.112253,102,1.0116416,3.3412976,0.87704164,-0.55664,27.76,1.0,5.395153,1
18:02:00.112253,102,1.01122,3.2273946,0.9520159,-0.62636,27.0,1.0,3.6051648,1
18:02:00.112253,102,1.0292839,3.2850468,0.9332953,-0.55664,31.0,1.0,2.780046,1
18:02:00.112253,102,1.0450555,3.2174633,0.9546769,-0.62636,24.359999,1.0,5.1275682,1
18:02:00.112253,102,0.9947411,3.2948222,0.930676,-0.55664,33.12,1.0,1.4012457,1
18:02:00.112253,102,0.938963,3.324072,0.7680832,-0.55664,30.76,1.0,0.30048794,1
18:02:00.112253,102,0.85560966,3.330573,0.9210966,-0.55664,26.359999,1.0,1.2410514,1
18:02:00.112253,102,0.91007596,3.2861643,1.0461668,-0.62636,27.119999,1.0,0.5918128,1
18:02:00.112253,102,0.92536044,3.3133695,0.9257062,-0.55664,32.36,1.0,0.23488277,1
18:02:00.112253,102,0.8071711,3.320708,1.0735631,-0.55664,18.119999,1.0,3.9285018,1
18:02:00.112253,102,0.8206042,3.3386686,0.9189274,-0.55664,22.88,1.0,2.5798461,1
18:02:00.112253,102,0.8326669,3.3497427,0.7612048,-0.55664,25.359999,1.0,2.0369143,1
18:02:00.112253,102,0.8681869,3.3415282,0.76340586,-0.55664,28.119999,1.0,0.88380426,1
18:02:00.112253,102,0.8758204,3.2947896,1.0438555,-0.55664,24.519999,1.0,1.1306834,1
18:02:00.112253,102,0.8905296,3.3221397,0.9233563,-0.55664,29.76,1.0,0.46232632,1
18:02:00.112253,102,0.9036201,3.3329709,0.76569873,-0.55664,30.119999,1.0,0.30801913,1
18:02:00.112253,102,0.8414773,3.3030837,1.0416332,-0.55664,21.24,1.0,2.2161443,1
18:02:00.112253,102,0.9947411,3.2948222,0.930676,-0.55664,33.12,1.0,1.4012457,1
18:02:00.112253,102,0.8681869,3.3415282,0.76340586,-0.55664,28.119999,1.0,0.88380426,1
18:02:00.112253,102,0.85560966,3.330573,0.9210966,-0.55664,26.359999,1.0,1.2410514,1
18:02:00.112253,102,1.0116416,3.3412976,0.87704164,-0.55664,27.76,1.0,5.395153,1
18:02:00.112253,102,1.0116416,3.3412976,0.87704164,-0.55664,27.76,1.0,5.395153,1
18:02:00.112253,102,0.9947411,3.2948222,0.930676,-0.55664,33.12,1.0,1.4012457,1
18:02:00.112253,102,0.8414773,3.3030837,1.0416332,-0.55664,21.24,1.0,2.2161443,1
18:02:00.112253,102,1.0292839,3.2850468,0.9332953,-0.55664,31.0,1.0,2.780046,1
18:02:00.112253,102,0.94424045,3.2772086,1.0485665,-0.62636,28.64,1.0,0.5915581,1
18:02:00.112253,102,1.0450555,3.2174633,0.9546769,-0.62636,24.359999,1.0,5.1275682,1
18:02:00.112253,102,0.9263994,3.1882842,0.96576816,-0.6958,13.759999,1.0,11.142939,1
18:02:00.112253,102,0.8414773,3.3030837,1.0416332,-0.55664,21.24,1.0,2.2161443,1
18:02:00.112253,102,0.9541839,3.3682623,0.71193624,-0.55664,14.24,1.0,3.334016,1
18:02:00.112253,102,0.9541839,3.3682623,0.71193624,-0.55664,14.24,1.0,3.334016,1
18:02:00.112253,102,1.01122,3.2273946,0.9520159,-0.62636,27.0,1.0,3.6051648,1
18:02:00.112253,102,0.938963,3.324072,0.7680832,-0.55664,30.76,1.0,0.30048794,1
18:02:00.112253,102,0.9036201,3.3329709,0.76569873,-0.55664,30.119999,1.0,0.30801913,1
18:02:00.112253,102,0.8414773,3.3030837,1.0416332,-0.55664,21.24,1.0,2.2161443,1
18:02:00.112253,102,0.938963,3.324072,0.7680832,-0.55664,30.76,1.0,0.30048794,1
18:02:00.112253,102,1.0116416,3.3412976,0.87704164,-0.55664,27.76,1.0,5.395153,1
18:02:00.112253,102,0.9947411,3.2948222,0.930676,-0.55664,33.12,1.0,1.4012457,1
18:02:00.112253,102,0.9263994,3.1882842,0.96576816,-0.6958,13.759999,1.0,11.142939,1
18:02:00.112253,102,1.0292839,3.2850468,0.9332953,-0.55664,31.0,1.0,2.780046,1
18:02:00.112253,102,1.01122,3.2273946,0.9520159,-0.62636,27.0,1.0,3.6051648,1
18:02:00.112253,102,0.974212,3.3148317,0.7705591,-0.55664,29.88,1.0,0.8526655,1
18:02:00.144262,103,1.0264008,3.2384973,0.79689825,-0.55664,87.0,1.0,0.36245206,1
18:02:00.144262,103,0.7927522,3.2613885,1.0901124,-0.62636,16.52,1.0,7.342623,1
18:02:00.144262,103,0.7935496,3.3047009,0.6223369,-0.55664,21.24,1.0,4.4977303,1
18:02:00.144262,103,1.2457561,3.1510608,0.97246945,-0.62636,18.88,1.0,4.03449,1
18:02:00.144262,103,1.027466,3.1903408,1.0731521,-0.62636,36.12,1.0,2.1795573,1
18:02:00.144262,103,1.1635106,3.266216,0.62419385,-0.55664,7.52,0.752,4.550162,1
18:02:00.144262,103,0.8039444,3.234195,0.8039364,-0.55664,23.24,1.0,3.7680519,1
18:02:00.144262,103,1.2524027,3.2287562,0.79362303,-0.6958,18.88,1.0,3.7531679,1
18:02:00.144262,103,0.9541839,3.3682623,0.71193624,-0.55664,8.5199995,0.852,5.7725186,1
18:02:00.144262,103,0.90862,3.244253,0.91089773,-0.55664,48.64,1.0,0.7978728,1
18:02:00.144262,103,1.1124096,3.196623,0.96026105,-0.62636,40.0,1.0,0.9729006,1
18:02:00.144262,103,0.9348234,3.2713068,0.63128483,-0.55664,48.36,1.0,3.0948663,1
18:02:00.144262,103,0.9106423,3.1694365,1.1154057,-0.55664,16.52,1.0,4.6513314,1
18:02:00.144262,103,0.9218896,3.2542639,0.75553066,-0.55664,71.36,1.0,1.090042,1
18:02:00.144262,103,1.0613444,3.3390574,0.71976167,-0.55664,8.36,0.83599997,4.549327,1
18:02:00.144262,103,1.1489253,3.2635512,0.7842997,-0.6958,35.88,1.0,1.8443162,1
18:02:00.144262,103,1.0106634,3.2164426,0.9183495,-0.55664,70.52,1.0,0.28037468,1
18:02:00.144262,103,1.1997248,3.2200754,0.9134495,-0.62636,37.239998,1.0,2.1432054,1
18:02:00.144262,103,1.1582521,3.1177788,0.98466,-0.62636,19.64,1.0,5.5106807,1
18:02:00.144262,103,1.097453,3.2533615,0.9045306,-0.62636,60.52,1.0,1.2016221,1
18:02:00.144262,103,0.8822605,3.3860016,0.707183,-0.55664,7.64,0.764,7.203953,1
18:02:00.144262,103,1.0084022,3.292574,0.7387283,-0.55664,55.36,1.0,0.9775333,1
18:02:00.144262,103,1.0793602,3.2850757,0.77853227,-0.55664,43.879997,1.0,1.3987211,1
18:02:00.144262,103,0.814698,3.2400026,0.64816135,-0.55664,35.64,1.0,7.2439365,1
18:02:00.144262,103,0.8643594,3.288686,0.62662804,-0.55664,32.76,1.0,3.475864,1
18:02:00.144262,103,1.0595157,3.149914,0.97604936,-0.62636,30.359999,1.0,3.0148292,1
18:02:00.144262,103,0.9273731,3.2186663,1.0655622,-0.62636,36.88,1.0,2.8626866,1
18:02:00.144262,103,0.8524005,3.2714026,0.7509383,-0.55664,45.12,1.0,1.7505577,1
18:02:00.144262,103,0.8401311,3.261145,0.9063715,-0.55664,29.519999,1.0,1.8846812,1
18:02:00.144262,103,0.8603043,3.245421,1.094391,-0.62636,25.519999,1.0,5.475698,1
18:02:00.144262,103,1.2680097,3.2073495,0.9541142,-0.62636,23.64,1.0,4.0248017,1
18:02:00.144262,103,1.1793188,3.174486,0.96619266,-0.62636,30.76,1.0,2.1427064,1
18:02:00.144262,103,0.9574095,3.2576602,0.7917636,-0.55664,84.52,1.0,0.3087628,1
18:02:00.144262,103,1.0450555,3.2174633,0.9546769,-0.55664,63.0,1.0,0.4757485,1
18:02:00.144262,103,1.0257256,3.3491373,0.7170608,-0.55664,8.639999,0.86399996,4.8280163,1
18:02:00.144262,103,0.99000424,3.3588727,0.7144522,-0.55664,8.639999,0.86399996,5.237308,1
18:02:00.144262,103,0.9182681,3.3773057,0.70951307,-0.55664,8.12,0.812,6.4293623,1
18:02:00.144262,103,1.1283429,3.2772849,0.621228,-0.55664,8.0,0.79999995,3.888848,1
18:02:00.144262,103,1.2180308,3.2406876,0.790426,-0.6958,23.24,1.0,2.942832,1
18:02:00.144262,103,1.1835372,3.2522862,0.7873181,-0.6958,28.88,1.0,2.3088043,1
18:02:00.144262,103,0.9732841,3.3021448,0.7361638,-0.55664,54.239998,1.0,1.1427817,1
18:02:00.144262,103,1.0434194,3.2826643,0.74138355,-0.55664,51.36,1.0,0.9619911,1
18:02:00.144262,103,0.8996364,3.2801666,0.62891084,-0.55664,40.36,1.0,3.2036552,1
18:02:00.144262,103,0.8289959,3.2968645,0.6244367,-0.55664,26.359999,1.0,3.9081945,1
18:02:00.144262,103,1.2342592,3.2194347,0.950876,-0.62636,29.359999,1.0,3.383322,1
18:02:00.144262,103,1.1657495,3.2315,0.9103884,-0.62636,47.52,1.0,1.6677577,1
18:02:00.144262,103,1.0607443,3.2284172,0.79959923,-0.55664,75.0,1.0,0.6340278,1
18:02:00.144262,103,0.99195474,3.2482452,0.79428625,-0.55664,91.0,1.0,0.25560105,1
18:02:00.182702,104,1.0106634,3.2164426,0.9183495,-0.62636,57.76,1.0,0.29566285,1
18:02:00.182702,104,1.0264008,3.2384973,0.79689825,-0.41748002,43.239998,1.0,1.3470585,1
18:02:00.182702,104,1.0276202,3.1998215,1.1066093,-0.62636,47.36,1.0,2.6650636,1
18:02:00.182702,104,1.0444803,3.206517,0.92100906,-0.62636,54.64,1.0,0.2593053,1
18:02:00.182702,104,1.0607443,3.2284172,0.79959923,-0.41748002,39.76,1.0,1.5555586,1
18:02:00.182702,104,1.0606292,3.180256,1.0758543,-0.62636,43.239998,1.0,1.2215507,1
18:02:00.182702,104,1.0781927,3.1962652,0.923756,-0.62636,48.36,1.0,0.431795,1
18:02:00.182702,104,1.1291095,3.207264,0.80526716,-0.41748002,34.64,1.0,2.4624994,1
18:02:00.182702,104,1.0936865,3.1698513,1.0786422,-0.62636,37.36,1.0,1.5716285,1
18:02:00.182702,104,1.1921886,3.136729,1.0875174,-0.6958,25.64,1.0,3.5307581,1
18:02:00.182702,104,1.1594695,3.1480868,1.0844741,-0.62636,31.119999,1.0,2.7348588,1
18:02:00.182702,104,1.1786697,3.1635633,0.9325185,-0.48720002,33.64,1.0,2.01018,1
18:02:00.182702,104,1.1970232,3.1847944,0.8112878,-0.48720002,24.119999,1.0,3.8992949,1
18:02:00.182702,104,1.2119306,3.1520176,0.93561214,-0.6958,27.519999,1.0,2.8516388,1
18:02:00.182702,104,0.9943492,3.2095869,1.1039927,-0.62636,48.36,1.0,2.3170626,1
18:02:00.182702,104,1.1452907,3.1747873,0.929511,-0.62636,40.76,1.0,1.3213024,1
18:02:00.182702,104,0.9758731,3.1852887,1.2525294,-0.62636,18.64,1.0,5.7124214,1
18:02:00.182702,104,1.1631244,3.1961932,0.80823356,-0.41748002,29.119999,1.0,3.1212633,1
18:02:00.182702,104,0.99195474,3.2482452,0.79428625,-0.41748002,43.64,1.0,1.3371613,1
18:02:00.182702,104,0.80620265,3.280075,0.9379002,-0.41748002,24.0,1.0,3.058453,1
18:02:00.182702,104,0.82656956,3.253568,1.092208,-0.62636,23.519999,1.0,3.5127842,1
18:02:00.182702,104,0.84059376,3.2721217,0.9400313,-0.41748002,29.359999,1.0,1.9264312,1
18:02:00.182702,104,0.8532131,3.283896,0.7847337,-0.41748002,24.88,1.0,4.0240073,1
18:02:00.182702,104,0.8603043,3.245421,1.094391,-0.62636,28.519999,1.0,2.7539914,1
18:02:00.182702,104,0.8749008,3.2638364,0.9422513,-0.41748002,36.0,1.0,1.1605995,1
18:02:00.182702,104,0.8880352,3.2754862,0.78698707,-0.41748002,30.119999,1.0,2.8561604,1
18:02:00.182702,104,0.8183057,3.2919688,0.7825706,-0.41748002,20.52,1.0,5.608306,1
18:02:00.182702,104,0.9091204,3.2552202,0.94456005,-0.41748002,43.36,1.0,0.708487,1
18:02:00.182702,104,0.9227685,3.2667408,0.7893304,-0.41748002,35.76,1.0,2.0507448,1
18:02:00.182702,104,0.9275122,3.2281513,1.0990183,-0.62636,40.52,1.0,2.1002026,1
18:02:00.182702,104,0.94324905,3.2462738,0.9469572,-0.41748002,50.76,1.0,0.5226757,1
18:02:00.182702,104,0.9767455,3.226041,0.91577756,-0.62636,56.239998,1.0,0.56778944,1
18:02:00.182702,104,0.9574095,3.2576602,0.7917636,-0.41748002,40.76,1.0,1.5589424,1
18:02:00.182702,104,0.96097875,3.2190304,1.1014622,-0.62636,45.76,1.0,2.118422,1
18:02:00.182702,104,0.89395297,3.2369483,1.0966612,-0.62636,34.36,1.0,2.298413,1
18:02:00.182702,104,1.0781927,3.1962652,0.923756,-0.62636,48.36,1.0,0.431795,1
18:02:00.182702,104,0.9767455,3.226041,0.91577756,-0.62636,56.239998,1.0,0.56778944,1
18:02:00.182702,104,1.0106634,3.2164426,0.9183495,-0.62636,57.76,1.0,0.29566285,1
18:02:00.182702,104,1.1631244,3.1961932,0.80823356,-0.41748002,29.119999,1.0,3.1212633,1
18:02:00.182702,104,0.9091204,3.2552202,0.94456005,-0.41748002,43.36,1.0,0.708487,1
18:02:00.182702,104,0.9943492,3.2095869,1.1039927,-0.62636,48.36,1.0,2.3170626,1
18:02:00.182702,104,1.0264008,3.2384973,0.79689825,-0.41748002,43.239998,1.0,1.3470585,1
18:02:00.182702,104,0.96097875,3.2190304,1.1014622,-0.62636,45.76,1.0,2.118422,1
18:02:00.182702,104,0.9574095,3.2576602,0.7917636,-0.41748002,40.76,1.0,1.5589424,1
18:02:00.182702,104,0.80620265,3.280075,0.9379002,-0.41748002,24.0,1.0,3.058453,1
18:02:00.182702,104,0.8183057,3.2919688,0.7825706,-0.41748002,20.52,1.0,5.608306,1
18:02:00.182702,104,0.82656956,3.253568,1.092208,-0.62636,23.519999,1.0,3.5127842,1
18:02:00.182702,104,1.1921886,3.136729,1.0875174,-0.6958,25.64,1.0,3.5307581,1
18:02:00.208630,105,1.0595157,3.149914,0.97604936,-0.55664,33.0,1.0,0.0775334,1
18:02:00.208630,105,1.0739552,3.1215022,1.1282496,-0.55664,24.76,1.0,0.5247883,1
18:02:00.208630,105,1.0925381,3.1395204,0.9788344,-0.55664,30.359999,1.0,0.2771944,1
18:02:00.208630,105,1.1427118,3.1401002,0.829149,-0.41748002,23.88,1.0,1.1129267,1
18:02:00.208630,105,1.1383806,3.0908282,1.101126,-0.55664,21.24,1.0,1.1333951,1
18:02:00.208630,105,1.1902814,3.0957117,0.9546258,-0.55664,22.64,1.0,2.0216103,1
18:02:00.208630,105,1.1760155,3.1289015,0.8321497,-0.41748002,21.76,1.0,1.796318,1
18:02:00.208630,105,1.1705047,3.079677,1.1041139,-0.55664,17.88,1.0,1.7579991,1
18:02:00.208630,105,1.2228292,3.084057,0.9577486,-0.55664,18.88,1.0,2.9528608,1
18:02:00.208630,105,1.2552549,3.0720887,0.9609555,-0.55664,15.639999,1.0,4.059907,1
18:02:00.208630,105,1.0421283,3.1717584,0.8206662,-0.34804,25.24,1.0,0.16041654,1
18:02:00.208630,105,1.1582521,3.1177788,0.98466,-0.55664,26.64,1.0,1.2089081,1
18:02:00.208630,105,1.0263872,3.1599884,0.97335,-0.55664,33.36,1.0,0.055675726,1
18:02:00.208630,105,1.0414944,3.131719,1.1255121,-0.55664,27.76,1.0,0.43760958,1
18:02:00.208630,105,1.0264008,3.2384973,0.79689825,-0.41748002,18.64,1.0,0.26920155,1
18:02:00.208630,105,0.84465677,3.186392,1.1108625,-0.55664,17.359999,1.0,3.5257215,1
18:02:00.208630,105,0.8776934,3.1780736,1.1130915,-0.55664,20.76,1.0,2.5810149,1
18:02:00.208630,105,0.9106423,3.1694365,1.1154057,-0.55664,24.119999,1.0,1.8082396,1
18:02:00.208630,105,0.8928804,3.1970706,0.96341383,-0.55664,20.64,1.0,1.7486751,1
18:02:00.208630,105,0.9435001,3.1604817,1.1178051,-0.55664,27.24,1.0,1.2075025,1
18:02:00.208630,105,0.95982575,3.1791744,0.96820915,-0.55664,28.359999,1.0,0.5459847,1
18:02:00.208630,105,0.95817804,3.0928326,1.1365864,-0.55664,13.88,1.0,0.7648897,1
18:02:00.208630,105,0.9762636,3.1512098,1.1202896,-0.55664,29.24,1.0,0.77884513,1
18:02:00.208630,105,0.99315614,3.169742,0.9707365,-0.55664,31.64,1.0,0.21179183,1
18:02:00.208630,105,0.9263994,3.1882842,0.96576816,-0.55664,24.519999,1.0,1.0582898,1
18:02:00.208630,105,1.0089295,3.141622,1.1228586,-0.55664,29.519999,1.0,0.5222438,1
18:02:00.208630,105,1.0925381,3.1395204,0.9788344,-0.55664,30.359999,1.0,0.2771944,1
18:02:00.208630,105,0.8776934,3.1780736,1.1130915,-0.55664,20.76,1.0,2.5810149,1
18:02:00.208630,105,0.9263994,3.1882842,0.96576816,-0.55664,24.519999,1.0,1.0582898,1
18:02:00.208630,105,0.95817804,3.0928326,1.1365864,-0.55664,13.88,1.0,0.7648897,1
18:02:00.208630,105,1.0595157,3.149914,0.97604936,-0.55664,33.0,1.0,0.0775334,1
18:02:00.208630,105,1.2552549,3.0720887,0.9609555,-0.55664,15.639999,1.0,4.059907,1
18:02:00.208630,105,0.8928804,3.1970706,0.96341383,-0.55664,20.64,1.0,1.7486751,1
18:02:00.208630,105,0.9263994,3.1882842,0.96576816,-0.55664,24.519999,1.0,1.0582898,1
18:02:00.208630,105,0.8928804,3.1970706,0.96341383,-0.55664,20.64,1.0,1.7486751,1
18:02:00.208630,105,0.9106423,3.1694365,1.1154057,-0.55664,24.119999,1.0,1.8082396,1
18:02:00.208630,105,0.9762636,3.1512098,1.1202896,-0.55664,29.24,1.0,0.77884513,1
18:02:00.208630,105,1.0739552,3.1215022,1.1282496,-0.55664,24.76,1.0,0.5247883,1
18:02:00.208630,105,1.0414944,3.131719,1.1255121,-0.55664,27.76,1.0,0.43760958,1
18:02:00.208630,105,1.1760155,3.1289015,0.8321497,-0.41748002,21.76,1.0,1.796318,1
18:02:00.208630,105,1.1902814,3.0957117,0.9546258,-0.55664,22.64,1.0,2.0216103,1
18:02:00.208630,105,1.0595157,3.149914,0.97604936,-0.55664,33.0,1.0,0.0775334,1
18:02:00.208630,105,0.84465677,3.186392,1.1108625,-0.55664,17.359999,1.0,3.5257215,1
18:02:00.208630,105,1.1383806,3.0908282,1.101126,-0.55664,21.24,1.0,1.1333951,1
18:02:00.208630,105,1.2552549,3.0720887,0.9609555,-0.55664,15.639999,1.0,4.059907,1
18:02:00.208630,105,1.0421283,3.1717584,0.8206662,-0.34804,25.24,1.0,0.16041654,1
18:02:00.208630,105,1.0925381,3.1395204,0.9788344,-0.55664,30.359999,1.0,0.2771944,1
18:02:00.208630,105,1.0414944,3.131719,1.1255121,-0.55664,27.76,1.0,0.43760958,1
18:02:00.249105,106,1.1427118,3.1401002,0.829149,-0.62636,16.52,1.0,1.1883161,1
18:02:00.249105,106,1.2253759,3.1216269,0.67988,-0.6958,7.12,0.712,7.005572,1
18:02:00.249105,106,1.1371853,3.0610714,1.0031275,-0.62636,18.359999,1.0,1.1598752,1
18:02:00.249105,106,1.1172918,3.0335698,1.1177778,-0.62636,10.5199995,1.0,2.8005402,1
18:02:00.249105,106,1.0925381,3.1395204,0.9788344,-0.62636,22.24,1.0,1.9846985,1
18:02:00.249105,106,1.0377784,3.1422033,-0.21717292,-0.6958,13.12,1.0,3.0068226,1
18:02:00.249105,106,0.99888766,3.186436,-0.053107508,-0.6958,7.0,0.7,2.080436,1
18:02:00.249105,106,0.971356,3.360176,-0.15771411,-0.13916,5.0,0.5,10.192565,1
18:02:00.249105,106,1.0542573,3.1920984,-0.2523794,-0.6958,11.0,1.0,2.0482132,1
18:02:00.249105,106,0.971356,3.360176,-0.15771411,-0.13916,5.0,0.5,10.192565,1
18:02:00.249105,106,1.1172918,3.0335698,1.1177778,-0.62636,10.5199995,1.0,2.8005402,1
18:02:00.249105,106,1.1427118,3.1401002,0.829149,-0.62636,16.52,1.0,1.1883161,1
18:02:00.249105,106,1.1427118,3.1401002,0.829149,-0.62636,16.52,1.0,1.1883161,1
18:02:00.249105,106,0.99888766,3.186436,-0.053107508,-0.6958,7.0,0.7,2.080436,1
18:02:00.249105,106,1.1172918,3.0335698,1.1177778,-0.62636,10.5199995,1.0,2.8005402,1
18:02:00.249105,106,1.1427118,3.1401002,0.829149,-0.62636,16.52,1.0,1.1883161,1
18:02:00.249105,106,1.0925381,3.1395204,0.9788344,-0.62636,22.24,1.0,1.9846985,1
18:02:00.249105,106,1.0925381,3.1395204,0.9788344,-0.62636,22.24,1.0,1.9846985,1
18:02:00.249105,106,1.0925381,3.1395204,0.9788344,-0.62636,22.24,1.0,1.9846985,1
18:02:00.249105,106,1.1172918,3.0335698,1.1177778,-0.62636,10.5199995,1.0,2.8005402,1
18:02:00.249105,106,1.2253759,3.1216269,0.67988,-0.6958,7.12,0.712,7.005572,1
18:02:00.249105,106,0.99888766,3.186436,-0.053107508,-0.6958,7.0,0.7,2.080436,1
18:02:00.249105,106,1.2253759,3.1216269,0.67988,-0.6958,7.12,0.712,7.005572,1
18:02:00.249105,106,1.1172918,3.0335698,1.1177778,-0.62636,10.5199995,1.0,2.8005402,1
18:02:00.249105,106,1.0542573,3.1920984,-0.2523794,-0.6958,11.0,1.0,2.0482132,1
18:02:00.249105,106,1.0542573,3.1920984,-0.2523794,-0.6958,11.0,1.0,2.0482132,1
18:02:00.249105,106,1.1371853,3.0610714,1.0031275,-0.62636,18.359999,1.0,1.1598752,1
18:02:00.249105,106,1.1172918,3.0335698,1.1177778,-0.62636,10.5199995,1.0,2.8005402,1
18:02:00.249105,106,1.0925381,3.1395204,0.9788344,-0.62636,22.24,1.0,1.9846985,1
18:02:00.249105,106,1.1172918,3.0335698,1.1177778,-0.62636,10.5199995,1.0,2.8005402,1
18:02:00.249105,106,1.1427118,3.1401002,0.829149,-0.62636,16.52,1.0,1.1883161,1
18:02:00.249105,106,1.0377784,3.1422033,-0.21717292,-0.6958,13.12,1.0,3.0068226,1
18:02:00.249105,106,1.2253759,3.1216269,0.67988,-0.6958,7.12,0.712,7.005572,1
18:02:00.249105,106,1.2253759,3.1216269,0.67988,-0.6958,7.12,0.712,7.005572,1
18:02:00.249105,106,1.0542573,3.1920984,-0.2523794,-0.6958,11.0,1.0,2.0482132,1
18:02:00.249105,106,1.0542573,3.1920984,-0.2523794,-0.6958,11.0,1.0,2.0482132,1
18:02:00.249105,106,1.2253759,3.1216269,0.67988,-0.6958,7.12,0.712,7.005572,1
18:02:00.249105,106,1.0377784,3.1422033,-0.21717292,-0.6958,13.12,1.0,3.0068226,1
18:02:00.249105,106,1.1427118,3.1401002,0.829149,-0.62636,16.52,1.0,1.1883161,1
18:02:00.249105,106,1.0377784,3.1422033,-0.21717292,-0.6958,13.12,1.0,3.0068226,1
18:02:00.249105,106,0.971356,3.360176,-0.15771411,-0.13916,5.0,0.5,10.192565,1
18:02:00.249105,106,1.1371853,3.0610714,1.0031275,-0.62636,18.359999,1.0,1.1598752,1
18:02:00.249105,106,1.0542573,3.1920984,-0.2523794,-0.6958,11.0,1.0,2.0482132,1
18:02:00.249105,106,1.0925381,3.1395204,0.9788344,-0.62636,22.24,1.0,1.9846985,1
18:02:00.249105,106,1.0542573,3.1920984,-0.2523794,-0.6958,11.0,1.0,2.0482132,1
18:02:00.249105,106,1.0542573,3.1920984,-0.2523794,-0.6958,11.0,1.0,2.0482132,1
18:02:00.249105,106,0.971356,3.360176,-0.15771411,-0.13916,5.0,0.5,10.192565,1
18:02:00.249105,106,1.0925381,3.1395204,0.9788344,-0.62636,22.24,1.0,1.9846985,1
18:02:00.307200,107,1.1692758,3.049932,1.0061122,-0.62636,44.64,1.0,0.47121894,1
18:02:00.307200,107,1.1909369,3.106433,0.98770016,-0.6958,32.88,1.0,0.58541954,1
18:02:00.307200,107,1.2092016,3.1173818,0.8352364,-0.48720002,18.52,1.0,8.816517,1
18:02:00.307200,107,1.1802349,3.0113766,1.1237245,-0.6958,36.52,1.0,2.8737595,1
18:02:00.307200,107,1.2012492,3.0384831,1.00918,-0.6958,40.36,1.0,0.6525796,1
18:02:00.307200,107,1.2235028,3.094772,0.9908247,-0.6958,30.76,1.0,0.7640029,1
18:02:00.307200,107,1.210259,2.970655,1.0306271,-0.62636,31.76,1.0,1.1587676,1
18:02:00.307200,107,1.2559462,3.082797,0.99403334,-0.6958,27.76,1.0,1.3554397,1
18:02:00.307200,107,1.2414012,2.9588144,1.0337998,-0.6958,27.0,1.0,2.1097722,1
18:02:00.307200,107,1.2648326,3.0146618,1.0155628,-0.6958,29.359999,1.0,2.2093332,1
18:02:00.307200,107,1.2964361,3.0022917,1.0188774,-0.6958,24.519999,1.0,3.5833495,1
18:02:00.307200,107,1.1488208,3.0226252,1.1207105,-0.6958,40.36,1.0,1.6561197,1
18:02:00.307200,107,1.2331026,3.026726,1.0123302,-0.6958,34.88,1.0,1.2321546,1
18:02:00.307200,107,1.1582521,3.1177788,0.98466,-0.6958,33.36,1.0,0.8201613,1
18:02:00.307200,107,0.9762636,3.1512098,1.1202896,-0.6958,30.76,1.0,2.0926592,1
18:02:00.307200,107,1.1172918,3.0335698,1.1177778,-0.6958,42.36,1.0,0.82320297,1
18:02:00.307200,107,1.1383806,3.0908282,1.101126,-0.6958,46.52,1.0,0.8342034,1
18:02:00.307200,107,0.9260215,3.1019328,1.1341481,-0.6958,25.0,1.0,3.154405,1
18:02:00.307200,107,0.9435001,3.1604817,1.1178051,-0.6958,25.76,1.0,3.2781782,1
18:02:00.307200,107,0.95817804,3.0928326,1.1365864,-0.6958,29.64,1.0,2.0199008,1
18:02:00.307200,107,1.0089295,3.141622,1.1228586,-0.6958,36.12,1.0,1.3065954,1
18:02:00.307200,107,1.027466,3.1903408,1.0731521,-0.6958,26.64,1.0,1.5250611,1
18:02:00.307200,107,0.9902387,3.0834224,1.139108,-0.6958,34.36,1.0,1.2704375,1
18:02:00.307200,107,1.0413382,3.1224122,1.092663,-0.6958,41.36,1.0,0.6662813,1
18:02:00.307200,107,1.0606292,3.180256,1.0758543,-0.6958,29.88,1.0,0.74524444,1
18:02:00.307200,107,1.0539018,3.0545425,1.1121582,-0.6958,41.76,1.0,0.31296644,1
18:02:00.307200,107,1.0737941,3.112197,1.0954002,-0.6958,45.239998,1.0,0.32239914,1
18:02:00.307200,107,1.0936865,3.1698513,1.0786422,-0.6958,32.239998,1.0,0.37995178,1
18:02:00.307200,107,1.0963674,2.9852686,1.166063,-0.6958,11.88,1.0,2.1408725,1
18:02:00.307200,107,1.0222003,3.073703,1.1417122,-0.6958,38.76,1.0,0.90633726,1
18:02:00.307200,107,1.0606292,3.180256,1.0758543,-0.6958,29.88,1.0,0.74524444,1
18:02:00.307200,107,1.1383806,3.0908282,1.101126,-0.6958,46.52,1.0,0.8342034,1
18:02:00.307200,107,1.2964361,3.0022917,1.0188774,-0.6958,24.519999,1.0,3.5833495,1
18:02:00.307200,107,1.2414012,2.9588144,1.0337998,-0.6958,27.0,1.0,2.1097722,1
18:02:00.307200,107,1.2559462,3.082797,0.99403334,-0.6958,27.76,1.0,1.3554397,1
18:02:00.307200,107,1.1488208,3.0226252,1.1207105,-0.6958,40.36,1.0,1.6561197,1
18:02:00.307200,107,1.2331026,3.026726,1.0123302,-0.6958,34.88,1.0,1.2321546,1
18:02:00.307200,107,1.0539018,3.0545425,1.1121582,-0.6958,41.76,1.0,0.31296644,1
18:02:00.307200,107,1.2964361,3.0022917,1.0188774,-0.6958,24.519999,1.0,3.5833495,1
18:02:00.307200,107,1.210259,2.970655,1.0306271,-0.62636,31.76,1.0,1.1587676,1
18:02:00.307200,107,1.1909369,3.106433,0.98770016,-0.6958,32.88,1.0,0.58541954,1
18:02:00.307200,107,0.9902387,3.0834224,1.139108,-0.6958,34.36,1.0,1.2704375,1
18:02:00.307200,107,0.9435001,3.1604817,1.1178051,-0.6958,25.76,1.0,3.2781782,1
18:02:00.307200,107,0.9762636,3.1512098,1.1202896,-0.6958,30.76,1.0,2.0926592,1
18:02:00.307200,107,1.2092016,3.1173818,0.8352364,-0.48720002,18.52,1.0,8.816517,1
18:02:00.307200,107,1.2235028,3.094772,0.9908247,-0.6958,30.76,1.0,0.7640029,1
18:02:00.307200,107,0.9435001,3.1604817,1.1178051,-0.6958,25.76,1.0,3.2781782,1
18:02:00.307200,107,1.2331026,3.026726,1.0123302,-0.6958,34.88,1.0,1.2321546,1
18:02:00.358121,108,1.2648326,3.0146618,1.0155628,-0.83496004,18.0,1.0,0.8030953,1
18:02:00.358121,108,1.3897322,3.0448596,0.663478,-0.83496004,5.24,0.524,0.89635843,1
18:02:00.358121,108,1.3732525,3.0550072,0.8519496,-0.90468,11.88,1.0,0.7742333,1
18:02:00.358121,108,1.2875549,3.0598078,0.96424615,-0.83496004,15.88,1.0,0.7365528,1
18:02:00.358121,108,1.2414012,2.9588144,1.0337998,-0.83496004,16.52,1.0,0.73280716,1
18:02:00.358121,108,1.3486553,2.9286544,-0.11627835,-0.90468,5.8799996,0.588,4.934703,1
18:02:00.358121,108,1.3018641,3.0025003,-0.15790245,-0.83496004,7.64,0.764,3.6387758,1
18:02:00.358121,108,1.0738157,3.1320052,-0.21444029,-0.13916,6.64,0.664,3.1022384,1
18:02:00.358121,108,0.84362537,3.3345447,-0.13149516,-0.13916,5.52,0.552,10.577844,1
18:02:00.358121,108,1.1874154,2.9145842,1.048924,-0.83496004,8.639999,0.86399996,0.7706159,1
18:02:00.358121,108,1.3018641,3.0025003,-0.15790245,-0.83496004,7.64,0.764,3.6387758,1
18:02:00.358121,108,1.2648326,3.0146618,1.0155628,-0.83496004,18.0,1.0,0.8030953,1
18:02:00.358121,108,1.0738157,3.1320052,-0.21444029,-0.13916,6.64,0.664,3.1022384,1
18:02:00.358121,108,1.2414012,2.9588144,1.0337998,-0.83496004,16.52,1.0,0.73280716,1
18:02:00.358121,108,1.1874154,2.9145842,1.048924,-0.83496004,8.639999,0.86399996,0.7706159,1
18:02:00.358121,108,1.1874154,2.9145842,1.048924,-0.83496004,8.639999,0.86399996,0.7706159,1
18:02:00.358121,108,1.2648326,3.0146618,1.0155628,-0.83496004,18.0,1.0,0.8030953,1
18:02:00.358121,108,1.1874154,2.9145842,1.048924,-0.83496004,8.639999,0.86399996,0.7706159,1
18:02:00.358121,108,1.3486553,2.9286544,-0.11627835,-0.90468,5.8799996,0.588,4.934703,1
18:02:00.358121,108,1.2875549,3.0598078,0.96424615,-0.83496004,15.88,1.0,0.7365528,1
18:02:00.358121,108,1.2875549,3.0598078,0.96424615,-0.83496004,15.88,1.0,0.7365528,1
18:02:00.358121,108,1.3732525,3.0550072,0.8519496,-0.90468,11.88,1.0,0.7742333,1
18:02:00.358121,108,1.0738157,3.1320052,-0.21444029,-0.13916,6.64,0.664,3.1022384,1
18:02:00.358121,108,1.3897322,3.0448596,0.663478,-0.83496004,5.24,0.524,0.89635843,1
18:02:00.358121,108,1.3018641,3.0025003,-0.15790245,-0.83496004,7.64,0.764,3.6387758,1
18:02:00.358121,108,1.2648326,3.0146618,1.0155628,-0.83496004,18.0,1.0,0.8030953,1
18:02:00.358121,108,1.2875549,3.0598078,0.96424615,-0.83496004,15.88,1.0,0.7365528,1
18:02:00.358121,108,1.3897322,3.0448596,0.663478,-0.83496004,5.24,0.524,0.89635843,1
18:02:00.358121,108,1.3018641,3.0025003,-0.15790245,-0.83496004,7.64,0.764,3.6387758,1
18:02:00.358121,108,1.3018641,3.0025003,-0.15790245,-0.83496004,7.64,0.764,3.6387758,1
18:02:00.358121,108,1.3732525,3.0550072,0.8519496,-0.90468,11.88,1.0,0.7742333,1
18:02:00.358121,108,1.2414012,2.9588144,1.0337998,-0.83496004,16.52,1.0,0.73280716,1
18:02:00.358121,108,0.84362537,3.3345447,-0.13149516,-0.13916,5.52,0.552,10.577844,1
18:02:00.358121,108,1.2875549,3.0598078,0.96424615,-0.83496004,15.88,1.0,0.7365528,1
18:02:00.358121,108,1.2648326,3.0146618,1.0155628,-0.83496004,18.0,1.0,0.8030953,1
18:02:00.358121,108,1.3732525,3.0550072,0.8519496,-0.90468,11.88,1.0,0.7742333,1
18:02:00.358121,108,1.3732525,3.0550072,0.8519496,-0.90468,11.88,1.0,0.7742333,1
18:02:00.358121,108,1.2648326,3.0146618,1.0155628,-0.83496004,18.0,1.0,0.8030953,1
18:02:00.358121,108,1.3897322,3.0448596,0.663478,-0.83496004,5.24,0.524,0.89635843,1
18:02:00.358121,108,1.0738157,3.1320052,-0.21444029,-0.13916,6.64,0.664,3.1022384,1
18:02:00.358121,108,0.84362537,3.3345447,-0.13149516,-0.13916,5.52,0.552,10.577844,1
18:02:00.358121,108,1.3732525,3.0550072,0.8519496,-0.90468,11.88,1.0,0.7742333,1
18:02:00.358121,108,1.1874154,2.9145842,1.048924,-0.83496004,8.639999,0.86399996,0.7706159,1
18:02:00.358121,108,0.84362537,3.3345447,-0.13149516,-0.13916,5.52,0.552,10.577844,1
18:02:00.358121,108,1.3732525,3.0550072,0.8519496,-0.90468,11.88,1.0,0.7742333,1
18:02:00.358121,108,1.0738157,3.1320052,-0.21444029,-0.13916,6.64,0.664,3.1022384,1
18:02:00.358121,108,1.3486553,2.9286544,-0.11627835,-0.90468,5.8799996,0.588,4.934703,1
18:02:00.358121,108,1.2875549,3.0598078,0.96424615,-0.83496004,15.88,1.0,0.7365528,1
18:02:00.415831,109,1.3241905,2.9458613,0.89296585,-0.83496004,37.879997,1.0,0.76219374,1
18:02:00.415831,109,1.3487215,3.0004344,0.87245774,-0.83496004,14.88,1.0,4.2377906,1
18:02:00.415831,109,1.3303338,2.8785863,0.9168775,-0.90468,30.359999,1.0,0.42492932,1
18:02:00.415831,109,1.3554438,2.9329195,0.8964336,-0.83496004,35.88,1.0,0.7297198,1
18:02:00.415831,109,1.3608751,2.8655887,0.9203602,-0.90468,26.24,1.0,0.87273735,1
18:02:00.415831,109,1.4175407,2.9061337,0.9036108,-0.90468,27.519999,1.0,1.3638029,1
18:02:00.415831,109,1.3912803,2.8522968,0.92392176,-0.90468,22.119999,1.0,1.5642357,1
18:02:00.415831,109,1.4516704,2.824835,0.93128014,-0.90468,18.359999,1.0,3.6971729,1
18:02:00.415831,109,1.4790705,2.8781538,0.9111081,-0.90468,23.0,1.0,2.9621341,1
18:02:00.415831,109,1.5081774,2.8521194,0.88289654,-0.90468,19.119999,1.0,4.86006,1
18:02:00.415831,109,1.3865616,2.9196765,0.89998204,-0.90468,32.0,1.0,0.92869335,1
18:02:00.415831,109,1.2996595,2.8912883,0.913474,-0.83496004,33.36,1.0,0.21632063,1
18:02:00.415831,109,1.2134014,2.8494964,0.8966738,-0.83496004,18.24,1.0,3.860319,1
18:02:00.415831,109,1.2688551,2.9036934,0.91015005,-0.83496004,34.52,1.0,0.24260414,1
18:02:00.415831,109,1.2928047,2.9585006,0.8895792,-0.83496004,37.52,1.0,1.021619,1
18:02:00.415831,109,1.101199,2.8389459,0.93926984,-0.6958,10.36,1.0,8.264165,1
18:02:00.415831,109,1.1433101,2.9388022,0.8662072,-0.83496004,22.359999,1.0,2.317768,1
18:02:00.415831,109,1.1745735,2.9276075,0.8692068,-0.83496004,26.359999,1.0,1.5584239,1
18:02:00.415831,109,1.206869,2.927608,0.9037422,-0.83496004,30.359999,1.0,0.98355186,1
18:02:00.415831,109,1.2296486,2.9828665,0.8830504,-0.83496004,30.88,1.0,2.2043152,1
18:02:00.415831,109,1.237924,2.9158003,0.906906,-0.83496004,33.36,1.0,0.49965885,1
18:02:00.415831,109,1.2612897,2.970836,0.8862739,-0.83496004,34.88,1.0,1.5036942,1
18:02:00.415831,109,1.1978844,2.9945905,0.8799089,-0.83496004,26.519999,1.0,3.1195767,1
18:02:00.415831,109,1.3241905,2.9458613,0.89296585,-0.83496004,37.879997,1.0,0.76219374,1
18:02:00.415831,109,1.4175407,2.9061337,0.9036108,-0.90468,27.519999,1.0,1.3638029,1
18:02:00.415831,109,1.4790705,2.8781538,0.9111081,-0.90468,23.0,1.0,2.9621341,1
18:02:00.415831,109,1.1978844,2.9945905,0.8799089,-0.83496004,26.519999,1.0,3.1195767,1
18:02:00.415831,109,1.2996595,2.8912883,0.913474,-0.83496004,33.36,1.0,0.21632063,1
18:02:00.415831,109,1.5081774,2.8521194,0.88289654,-0.90468,19.119999,1.0,4.86006,1
18:02:00.415831,109,1.3912803,2.8522968,0.92392176,-0.90468,22.119999,1.0,1.5642357,1
18:02:00.415831,109,1.2296486,2.9828665,0.8830504,-0.83496004,30.88,1.0,2.2043152,1
18:02:00.415831,109,1.2996595,2.8912883,0.913474,-0.83496004,33.36,1.0,0.21632063,1
18:02:00.415831,109,1.3487215,3.0004344,0.87245774,-0.83496004,14.88,1.0,4.2377906,1
18:02:00.415831,109,1.206869,2.927608,0.9037422,-0.83496004,30.359999,1.0,0.98355186,1
18:02:00.415831,109,1.206869,2.927608,0.9037422,-0.83496004,30.359999,1.0,0.98355186,1
18:02:00.415831,109,1.2996595,2.8912883,0.913474,-0.83496004,33.36,1.0,0.21632063,1
18:02:00.415831,109,1.237924,2.9158003,0.906906,-0.83496004,33.36,1.0,0.49965885,1
18:02:00.415831,109,1.3241905,2.9458613,0.89296585,-0.83496004,37.879997,1.0,0.76219374,1
18:02:00.415831,109,1.1433101,2.9388022,0.8662072,-0.83496004,22.359999,1.0,2.317768,1
18:02:00.415831,109,1.237924,2.9158003,0.906906,-0.83496004,33.36,1.0,0.49965885,1
18:02:00.415831,109,1.4790705,2.8781538,0.9111081,-0.90468,23.0,1.0,2.9621341,1
18:02:00.415831,109,1.2688551,2.9036934,0.91015005,-0.83496004,34.52,1.0,0.24260414,1
18:02:00.415831,109,1.5081774,2.8521194,0.88289654,-0.90468,19.119999,1.0,4.86006,1
18:02:00.415831,109,1.3303338,2.8785863,0.9168775,-0.90468,30.359999,1.0,0.42492932,1
18:02:00.415831,109,1.2996595,2.8912883,0.913474,-0.83496004,33.36,1.0,0.21632063,1
18:02:00.415831,109,1.2134014,2.8494964,0.8966738,-0.83496004,18.24,1.0,3.860319,1
18:02:00.415831,109,1.5081774,2.8521194,0.88289654,-0.90468,19.119999,1.0,4.86006,1
18:02:00.415831,109,1.3912803,2.8522968,0.92392176,-0.90468,22.119999,1.0,1.5642357,1
18:02:00.472899,110,1.3165631,2.8845484,0.7338457,-0.90468,40.239998,1.0,0.32076252,1
18:02:00.472899,110,1.4093755,2.8450496,0.74442935,-0.90468,31.24,1.0,1.4832385,1
18:02:00.472899,110,1.2837095,2.8112097,1.0798957,-0.90468,18.0,1.0,2.7507415,1
18:02:00.472899,110,1.3081696,2.8562553,1.0305675,-0.90468,47.36,1.0,0.714183,1
18:02:00.472899,110,1.3290668,2.8671367,0.8854099,-0.90468,60.52,1.0,0.2039111,1
18:02:00.472899,110,1.3476363,2.8716812,0.7372935,-0.90468,36.239998,1.0,0.52865934,1
18:02:00.472899,110,1.3382021,2.8434741,1.0339922,-0.90468,44.239998,1.0,0.8883749,1
18:02:00.472899,110,1.359579,2.8541515,0.8888893,-0.90468,52.36,1.0,0.52889675,1
18:02:00.472899,110,1.3681008,2.8304036,1.0374944,-0.90468,38.52,1.0,1.2178963,1
18:02:00.472899,110,1.453683,2.7576168,0.95517653,-0.90468,26.119999,1.0,2.2732801,1
18:02:00.472899,110,1.4400353,2.8312879,0.7481168,-0.90468,26.24,1.0,2.2056916,1
18:02:00.472899,110,1.4242702,2.7715163,0.9514522,-0.97412,32.0,1.0,1.8290396,1
18:02:00.472899,110,1.4502878,2.8134365,0.8997988,-0.90468,34.52,1.0,2.4213555,1
18:02:00.472899,110,1.4705511,2.8172307,0.7518834,-0.90468,21.88,1.0,3.0767384,1
18:02:00.472899,110,1.4751171,2.763453,0.8098069,-0.90468,27.519999,1.0,3.3858457,1
18:02:00.472899,110,1.4829507,2.743434,0.95897686,-0.90468,21.119999,1.0,2.8691242,1
18:02:00.472899,110,1.5048162,2.7490609,0.81366324,-0.90468,22.119999,1.0,4.1121345,1
18:02:00.472899,110,1.2996595,2.8912883,0.913474,-0.90468,64.52,1.0,0.58661187,1
18:02:00.472899,110,1.4201925,2.8272998,0.89608413,-0.90468,43.0,1.0,1.6486349,1
18:02:00.472899,110,1.2787101,2.87885,1.0584989,-0.90468,46.64,1.0,1.3840902,1
18:02:00.472899,110,1.1756933,2.9391148,0.9006589,-0.97412,37.0,1.0,1.1644951,1
18:02:00.472899,110,1.2853581,2.8971148,0.7304785,-0.97412,41.879997,1.0,0.30990583,1
18:02:00.472899,110,1.3323234,2.882731,0.58303714,-0.97412,13.759999,1.0,2.035772,1
18:02:00.472899,110,1.1274682,2.9553921,0.7148631,-0.97412,22.64,1.0,3.7291405,1
18:02:00.472899,110,1.1259534,2.9369302,1.0429363,-0.97412,19.88,1.0,3.408147,1
18:02:00.472899,110,1.1444001,2.9503202,0.8976565,-0.97412,29.64,1.0,1.8499948,1
18:02:00.472899,110,1.1592844,2.9443479,0.71782243,-0.97412,27.119999,1.0,2.5290823,1
18:02:00.472899,110,1.1567422,2.9259055,1.0458905,-0.97412,24.359999,1.0,2.5824878,1
18:02:00.472899,110,1.1161187,3.0043643,1.0215948,-0.83496004,23.88,1.0,6.18203,1
18:02:00.472899,110,1.1909846,2.932997,0.72086394,-0.97412,32.12,1.0,1.6037947,1
18:02:00.472899,110,1.1874154,2.9145842,1.048924,-0.97412,29.88,1.0,1.9822768,1
18:02:00.472899,110,1.206869,2.927608,0.9037422,-0.97412,45.76,1.0,0.7109444,1
18:02:00.472899,110,1.2225658,2.9213402,0.72398734,-0.97412,37.0,1.0,0.9362439,1
18:02:00.472899,110,1.2179698,2.9029667,1.0520368,-0.97412,36.239998,1.0,1.5921375,1
18:02:00.472899,110,1.237924,2.9158003,0.906906,-0.97412,55.0,1.0,0.47344112,1
18:02:00.472899,110,1.2540246,2.9093792,0.7271923,-0.97412,40.76,1.0,0.51013225,1
18:02:00.472899,110,1.2484024,2.891055,1.0552286,-0.90468,42.36,1.0,1.3973962,1
18:02:00.472899,110,1.2688551,2.9036934,0.91015005,-0.97412,62.359997,1.0,0.43681037,1
18:02:00.472899,110,1.2688551,2.9036934,0.91015005,-0.97412,62.359997,1.0,0.43681037,1
18:02:00.472899,110,1.1161187,3.0043643,1.0215948,-0.83496004,23.88,1.0,6.18203,1
18:02:00.472899,110,1.2837095,2.8112097,1.0798957,-0.90468,18.0,1.0,2.7507415,1
18:02:00.472899,110,1.2540246,2.9093792,0.7271923,-0.97412,40.76,1.0,0.51013225,1
18:02:00.472899,110,1.359579,2.8541515,0.8888893,-0.90468,52.36,1.0,0.52889675,1
18:02:00.472899,110,1.206869,2.927608,0.9037422,-0.97412,45.76,1.0,0.7109444,1
18:02:00.472899,110,1.4751171,2.763453,0.8098069,-0.90468,27.519999,1.0,3.3858457,1
18:02:00.472899,110,1.3323234,2.882731,0.58303714,-0.97412,13.759999,1.0,2.035772,1
18:02:00.472899,110,1.3290668,2.8671367,0.8854099,-0.90468,60.52,1.0,0.2039111,1
18:02:00.472899,110,1.1274682,2.9553921,0.7148631,-0.97412,22.64,1.0,3.7291405,1
18:02:00.531735,111,1.359002,2.9632354,-0.42620465,-0.97412,69.88,1.0,0.1446431,1
18:02:00.531735,111,1.5715338,2.9463232,-0.71173424,-1.25244,12.24,1.0,4.646517,1
18:02:00.531735,111,1.5893015,2.8412921,-0.45878288,-0.97412,20.24,1.0,3.507161,1
18:02:00.531735,111,1.1374458,2.9325957,-0.3155984,-0.97412,18.88,1.0,2.8929472,1
18:02:00.531735,111,1.3080907,3.0939255,-0.6112517,-1.25244,8.639999,0.86399996,0.77838415,1
18:02:00.531735,111,1.2015482,3.0978665,-0.43440402,-1.25244,15.88,1.0,2.1675816,1
18:02:00.531735,111,1.4245343,2.8043897,-0.3155984,-0.97412,17.76,1.0,1.4134688,1
18:02:00.531735,111,1.4610877,3.0246816,-0.6112517,-1.25244,14.36,1.0,0.9647579,1
18:02:00.531735,111,1.2298938,2.8297412,-0.27844375,-0.97412,9.639999,0.964,1.548519,1
18:02:00.531735,111,1.5543336,2.914076,-0.56693006,-1.25244,30.24,1.0,2.6071787,1
18:02:00.531735,111,1.2155732,2.9572039,-0.41800532,-0.97412,38.64,1.0,0.9367309,1
18:02:00.531735,111,1.3351393,2.8360121,-0.40980595,-0.97412,27.359999,1.0,0.21782014,1
18:02:00.531735,111,1.4744087,2.9025743,-0.45878288,-0.97412,42.239998,1.0,0.93481266,1
18:02:00.531735,111,1.1524035,3.0616229,-0.3282273,-0.97412,18.0,1.0,3.8992066,1
18:02:00.531735,111,1.2939297,3.0604315,-0.43440402,-1.25244,31.0,1.0,0.73354506,1
18:02:00.531735,111,1.5047281,2.8210754,-0.41800532,-0.97412,18.64,1.0,1.9103446,1
18:02:00.531735,111,1.1263233,2.9923348,-0.41800532,-0.97412,19.52,1.0,2.6155055,1
18:02:00.531735,111,1.4433087,2.9878762,-0.467609,-0.97412,48.879997,1.0,0.3848685,1
18:02:00.531735,111,1.4194314,2.8649411,-0.41800532,-0.97412,37.12,1.0,0.5576667,1
18:02:00.531735,111,1.2248987,2.897158,-0.3155984,-0.97412,28.0,1.0,1.4246978,1
18:02:00.531735,111,1.2092036,3.027454,-0.42620465,-0.97412,28.88,1.0,1.4404964,1
18:02:00.531735,111,1.3697034,3.0671465,-0.6112517,-1.25244,11.5199995,1.0,0.5179674,1
18:02:00.531735,111,1.521285,2.9948568,-0.6112517,-1.25244,13.36,1.0,1.8201421,1
18:02:00.531735,111,1.3832664,3.0161428,-0.467609,-0.97412,45.12,1.0,0.120856255,1
18:02:00.531735,111,1.6123004,2.8824086,-0.56693006,-1.25244,19.64,1.0,4.252921,1
18:02:00.531735,111,1.4957451,2.944578,-0.56693006,-1.25244,37.239998,1.0,1.390436,1
18:02:00.531735,111,1.417991,2.9354646,-0.42620465,-0.97412,65.119995,1.0,0.35874423,1
18:02:00.531735,111,1.2994695,2.989821,-0.42620465,-0.97412,60.239998,1.0,0.34910005,1
18:02:00.531735,111,1.5321615,2.8725078,-0.45878288,-0.97412,25.64,1.0,2.013298,1
18:02:00.531735,111,1.3618526,2.8927548,-0.41800532,-0.97412,53.36,1.0,0.16025025,1
18:02:00.531735,111,1.2744702,2.9323027,-0.41800532,-0.97412,54.36,1.0,0.32261512,1
18:02:00.531735,111,1.3915887,2.808744,-0.40980595,-0.97412,21.0,1.0,0.59013844,1
18:02:00.531735,111,1.322671,3.043203,-0.467609,-1.25244,38.239998,1.0,0.2895798,1
18:02:00.531735,111,1.4003059,3.0532963,-0.6112517,-1.25244,12.88,1.0,0.55527204,1
18:02:00.531735,111,1.4307684,3.039141,-0.6112517,-1.25244,13.88,1.0,0.7042237,1
18:02:00.531735,111,1.4912609,3.0099196,-0.6112517,-1.25244,14.12,1.0,1.3367754,1
18:02:00.531735,111,1.338964,3.08069,-0.6112517,-1.25244,10.0,1.0,0.59233975,1
18:02:00.531735,111,1.2632612,3.0732176,-0.43440402,-1.25244,24.76,1.0,1.1035376,1
18:02:00.531735,111,1.2324663,3.0856965,-0.43440402,-1.25244,19.76,1.0,1.5815879,1
18:02:00.531735,111,1.4133582,3.0021596,-0.467609,-0.97412,49.36,1.0,0.19879432,1
18:02:00.531735,111,1.4731147,2.973294,-0.467609,-0.97412,44.12,1.0,0.6789888,1
18:02:00.531735,111,1.5833962,2.8983872,-0.56693006,-1.25244,24.359999,1.0,3.3765512,1
18:02:00.531735,111,1.2394172,3.0152106,-0.42620465,-0.97412,37.36,1.0,0.9721413,1
18:02:00.531735,111,1.1788691,3.0393944,-0.42620465,-0.97412,22.64,1.0,2.0132706,1
18:02:00.531735,111,1.3885659,2.9494975,-0.42620465,-0.97412,71.88,1.0,0.19939595,1
18:02:00.531735,111,1.4472742,2.921138,-0.42620465,-0.97412,53.76,1.0,0.62260306,1
18:02:00.531735,111,1.2695068,3.002666,-0.42620465,-0.97412,48.239998,1.0,0.6083164,1
18:02:00.531735,111,1.5033603,2.8876855,-0.45878288,-0.97412,32.76,1.0,1.422021,1
18:02:00.578809,112,1.4815682,2.6655402,0.95250195,-0.97412,22.24,1.0,2.0579937,1
18:02:00.578809,112,1.4931028,2.6839466,0.6597474,-0.76552004,6.3599997,0.636,2.3133328,1
18:02:00.578809,112,1.5223017,2.6044319,0.6927764,-0.90468,19.52,1.0,4.7688775,1
18:02:00.578809,112,1.3694696,2.664879,0.99179626,-0.83496004,26.359999,1.0,1.3458171,1
18:02:00.578809,112,1.4068315,2.6758866,-0.18522814,-0.27832,7.3599997,0.736,2.7784765,1
18:02:00.578809,112,1.2037355,2.596765,0.990516,-0.90468,9.0,0.9,4.403445,1
18:02:00.578809,112,1.4374379,2.6181674,-0.33872098,-0.27832,8.12,0.812,3.9964356,1
18:02:00.578809,112,1.429467,2.6757827,-0.38145617,-0.55664,6.24,0.624,3.6360679,1
18:02:00.578809,112,1.256931,2.6386633,0.97277796,-0.90468,22.24,1.0,1.9482111,1
18:02:00.578809,112,1.4374379,2.6181674,-0.33872098,-0.27832,8.12,0.812,3.9964356,1
18:02:00.578809,112,1.4815682,2.6655402,0.95250195,-0.97412,22.24,1.0,2.0579937,1
18:02:00.578809,112,1.3694696,2.664879,0.99179626,-0.83496004,26.359999,1.0,1.3458171,1
18:02:00.578809,112,1.4068315,2.6758866,-0.18522814,-0.27832,7.3599997,0.736,2.7784765,1
18:02:00.578809,112,1.256931,2.6386633,0.97277796,-0.90468,22.24,1.0,1.9482111,1
18:02:00.578809,112,1.3694696,2.664879,0.99179626,-0.83496004,26.359999,1.0,1.3458171,1
18:02:00.578809,112,1.4931028,2.6839466,0.6597474,-0.76552004,6.3599997,0.636,2.3133328,1
18:02:00.578809,112,1.429467,2.6757827,-0.38145617,-0.55664,6.24,0.624,3.6360679,1
18:02:00.578809,112,1.429467,2.6757827,-0.38145617,-0.55664,6.24,0.624,3.6360679,1
18:02:00.578809,112,1.4068315,2.6758866,-0.18522814,-0.27832,7.3599997,0.736,2.7784765,1
18:02:00.578809,112,1.4374379,2.6181674,-0.33872098,-0.27832,8.12,0.812,3.9964356,1
18:02:00.578809,112,1.4374379,2.6181674,-0.33872098,-0.27832,8.12,0.812,3.9964356,1
18:02:00.578809,112,1.4374379,2.6181674,-0.33872098,-0.27832,8.12,0.812,3.9964356,1
18:02:00.578809,112,1.429467,2.6757827,-0.38145617,-0.55664,6.24,0.624,3.6360679,1
18:02:00.578809,112,1.4815682,2.6655402,0.95250195,-0.97412,22.24,1.0,2.0579937,1
18:02:00.578809,112,1.2037355,2.596765,0.990516,-0.90468,9.0,0.9,4.403445,1
18:02:00.578809,112,1.3694696,2.664879,0.99179626,-0.83496004,26.359999,1.0,1.3458171,1
18:02:00.578809,112,1.3694696,2.664879,0.99179626,-0.83496004,26.359999,1.0,1.3458171,1
18:02:00.578809,112,1.4068315,2.6758866,-0.18522814,-0.27832,7.3599997,0.736,2.7784765,1
18:02:00.578809,112,1.429467,2.6757827,-0.38145617,-0.55664,6.24,0.624,3.6360679,1
18:02:00.578809,112,1.3694696,2.664879,0.99179626,-0.83496004,26.359999,1.0,1.3458171,1
18:02:00.578809,112,1.4931028,2.6839466,0.6597474,-0.76552004,6.3599997,0.636,2.3133328,1
18:02:00.578809,112,1.256931,2.6386633,0.97277796,-0.90468,22.24,1.0,1.9482111,1
18:02:00.578809,112,1.5223017,2.6044319,0.6927764,-0.90468,19.52,1.0,4.7688775,1
18:02:00.578809,112,1.2037355,2.596765,0.990516,-0.90468,9.0,0.9,4.403445,1
18:02:00.578809,112,1.3694696,2.664879,0.99179626,-0.83496004,26.359999,1.0,1.3458171,1
18:02:00.578809,112,1.429467,2.6757827,-0.38145617,-0.55664,6.24,0.624,3.6360679,1
18:02:00.578809,112,1.4815682,2.6655402,0.95250195,-0.97412,22.24,1.0,2.0579937,1
18:02:00.578809,112,1.3694696,2.664879,0.99179626,-0.83496004,26.359999,1.0,1.3458171,1
18:02:00.578809,112,1.5223017,2.6044319,0.6927764,-0.90468,19.52,1.0,4.7688775,1
18:02:00.578809,112,1.4815682,2.6655402,0.95250195,-0.97412,22.24,1.0,2.0579937,1
18:02:00.578809,112,1.2037355,2.596765,0.990516,-0.90468,9.0,0.9,4.403445,1
18:02:00.578809,112,1.2037355,2.596765,0.990516,-0.90468,9.0,0.9,4.403445,1
18:02:00.578809,112,1.4931028,2.6839466,0.6597474,-0.76552004,6.3599997,0.636,2.3133328,1
18:02:00.578809,112,1.429467,2.6757827,-0.38145617,-0.55664,6.24,0.624,3.6360679,1
18:02:00.578809,112,1.2037355,2.596765,0.990516,-0.90468,9.0,0.9,4.403445,1
18:02:00.578809,112,1.256931,2.6386633,0.97277796,-0.90468,22.24,1.0,1.9482111,1
18:02:00.578809,112,1.2037355,2.596765,0.990516,-0.90468,9.0,0.9,4.403445,1
18:02:00.578809,112,1.256931,2.6386633,0.97277796,-0.90468,22.24,1.0,1.9482111,1
18:02:00.640490,113,1.3888239,2.6606605,0.8212486,-0.83496004,103.88,1.0,0.18784103,1
18:02:00.640490,113,1.1374458,2.750987,0.93614376,-0.83496004,20.359999,1.0,4.349162,1
18:02:00.640490,113,1.6037561,2.4944947,0.73395705,-0.83496004,24.0,1.0,4.349399,1
18:02:00.640490,113,1.3164849,2.7790282,0.6684325,-0.83496004,13.12,1.0,2.7600262,1
18:02:00.640490,113,1.4931028,2.6839466,0.6597474,-0.83496004,19.119999,1.0,2.5399897,1
18:02:00.640490,113,1.2581292,2.6492372,1.0018729,-0.83496004,19.76,1.0,3.1323845,1
18:02:00.640490,113,1.2075623,2.801585,0.7743506,-0.90468,23.119999,1.0,3.1803424,1
18:02:00.640490,113,1.2494708,2.6707628,0.860109,-0.83496004,47.0,1.0,2.055626,1
18:02:00.640490,113,1.4732099,2.5536993,0.8590463,-0.83496004,33.0,1.0,2.0987895,1
18:02:00.640490,113,1.3801956,2.6878593,0.7039393,-0.83496004,71.24,1.0,0.24893412,1
18:02:00.640490,113,1.3274978,2.7526047,0.78747475,-0.83496004,48.0,1.0,1.6542829,1
18:02:00.640490,113,1.4392809,2.5956807,0.7397168,-0.83496004,81.24,1.0,0.6098374,1
18:02:00.640490,113,1.5507653,2.5895898,0.69675326,-0.83496004,38.36,1.0,1.8630425,1
18:02:00.640490,113,1.5210041,2.4881148,0.77961725,-0.83496004,26.88,1.0,4.671759,1
18:02:00.640490,113,1.1771013,2.6186392,1.0159336,-0.83496004,6.24,0.624,8.893986,1
18:02:00.640490,113,1.2155732,2.748252,0.8308572,-0.83496004,37.64,1.0,1.9611845,1
18:02:00.640490,113,1.3351393,2.6333117,0.8701439,-0.83496004,60.52,1.0,1.0833969,1
18:02:00.640490,113,1.4365584,2.7258363,0.68268514,-0.83496004,20.52,1.0,2.7298808,1
18:02:00.640490,113,1.2727402,2.7120848,0.8074695,-0.83496004,63.52,1.0,0.87135273,1
18:02:00.640490,113,1.5236231,2.5527482,0.7512205,-0.83496004,49.239998,1.0,1.839029,1
18:02:00.640490,113,1.3896998,2.5951827,0.8479308,-0.83496004,56.239998,1.0,1.3179153,1
18:02:00.640490,113,1.376797,2.7530122,0.6754034,-0.83496004,17.64,1.0,2.5354896,1
18:02:00.640490,113,1.5515878,2.654536,0.66762793,-0.83496004,17.24,1.0,3.5025048,1
18:02:00.640490,113,1.2677836,2.7776742,0.7807575,-0.90468,37.52,1.0,2.1906967,1
18:02:00.640490,113,1.4385501,2.6606314,0.71123505,-0.83496004,71.64,1.0,0.44409323,1
18:02:00.640490,113,1.6072245,2.5590851,0.704927,-0.83496004,24.0,1.0,3.3275454,1
18:02:00.640490,113,1.3310483,2.6869333,0.8142088,-0.83496004,81.0,1.0,0.29794,1
18:02:00.640490,113,1.1917292,2.6943436,0.85379046,-0.83496004,31.119999,1.0,3.3321862,1
18:02:00.640490,113,1.5249956,2.6176896,0.72274125,-0.83496004,48.879997,1.0,1.5510207,1
18:02:00.640490,113,1.5486954,2.524946,0.72579765,-0.83496004,38.12,1.0,2.738398,1
18:02:00.640490,113,1.4067479,2.7395685,0.6790056,-0.83496004,19.52,1.0,2.5813117,1
18:02:00.640490,113,1.3467083,2.7661657,0.67187893,-0.83496004,15.36,1.0,2.5943542,1
18:02:00.640490,113,1.5805991,2.6394086,0.6716813,-0.83496004,15.24,1.0,4.1320367,1
18:02:00.640490,113,1.4636348,2.6982267,0.6559211,-0.83496004,20.359999,1.0,2.2092242,1
18:02:00.640490,113,1.3571573,2.7396388,0.790949,-0.83496004,60.239998,1.0,1.550137,1
18:02:00.640490,113,1.2377348,2.789775,0.77751505,-0.90468,29.24,1.0,2.627599,1
18:02:00.640490,113,1.4094434,2.6743863,0.70754945,-0.83496004,76.0,1.0,0.29128832,1
18:02:00.640490,113,1.467513,2.6465962,0.7149958,-0.83496004,61.0,1.0,0.70584184,1
18:02:00.640490,113,1.5790738,2.5744739,0.7008036,-0.83496004,30.24,1.0,2.5419688,1
18:02:00.640490,113,1.2450839,2.7363677,0.83404154,-0.83496004,48.76,1.0,1.4045817,1
18:02:00.640490,113,1.1859409,2.7598503,0.8277494,-0.83496004,29.519999,1.0,2.640184,1
18:02:00.640490,113,1.3600041,2.6739366,0.8176913,-0.83496004,97.0,1.0,0.18589596,1
18:02:00.640490,113,1.4956577,2.5673304,0.74731326,-0.83496004,63.879997,1.0,1.3142672,1
18:02:00.640490,113,1.4108752,2.609446,0.7360284,-0.83496004,97.119995,1.0,0.4322108,1
18:02:00.640490,113,1.5763046,2.5098531,0.7298417,-0.83496004,29.88,1.0,3.4861977,1
18:02:00.640490,113,1.1667144,2.7398586,0.9391256,-0.83496004,25.119999,1.0,3.4797132,1
18:02:00.640490,113,1.3634322,2.6202786,0.8736361,-0.83496004,60.879997,1.0,1.0029918,1
18:02:00.640490,113,1.3067129,2.646071,0.8667251,-0.83496004,55.0,1.0,1.2844622,1
18:02:00.697203,114,1.408556,2.5319684,0.73563904,-1.04384,109.24,1.0,0.09848112,1
18:02:00.697203,114,1.2325443,2.5953631,1.0221704,-0.76552004,19.64,1.0,3.8612566,1
18:02:00.697203,114,1.2166435,2.5731056,0.48464265,-1.04384,31.76,1.0,3.4908931,1
18:02:00.697203,114,1.6056213,2.425657,0.9342734,-0.90468,21.24,1.0,5.5341096,1
18:02:00.697203,114,1.4225687,2.505564,1.0462321,-0.90468,24.519999,1.0,1.7755507,1
18:02:00.697203,114,1.6100688,2.5722628,0.73491335,-0.90468,14.5199995,1.0,4.932069,1
18:02:00.697203,114,1.3666297,2.6182895,0.5556369,-1.04384,19.64,1.0,2.2100098,1
18:02:00.697203,114,1.27883,2.5815227,0.86072844,-0.97412,32.0,1.0,1.6819628,1
18:02:00.697203,114,1.4185205,2.5279372,0.90686756,-0.90468,64.24,1.0,0.47548512,1
18:02:00.697203,114,1.2888813,2.5440204,0.6360911,-1.04384,59.359997,1.0,1.5960889,1
18:02:00.697203,114,1.6416113,2.5288486,0.8565675,-0.90468,30.0,1.0,4.259464,1
18:02:00.697203,114,1.5210041,2.4881148,0.77961725,-0.90468,73.64,1.0,1.3154311,1
18:02:00.697203,114,1.4649205,2.6332872,0.68504465,-0.83496004,22.0,1.0,4.6433806,1
18:02:00.697203,114,1.2873774,2.5051339,1.0522326,-0.76552004,8.88,0.88799995,4.577786,1
18:02:00.697203,114,1.4562654,2.5917857,0.595992,-1.04384,22.24,1.0,1.7306819,1
18:02:00.697203,114,1.2013774,2.5661485,0.5981879,-1.04384,30.64,1.0,3.6907496,1
18:02:00.697203,114,1.2789408,2.6566236,0.5453653,-1.04384,13.24,1.0,4.5669827,1
18:02:00.697203,114,1.4996116,2.4856534,0.91819745,-0.90468,50.0,1.0,1.5529243,1
18:02:00.697203,114,1.4930155,2.5543275,0.71792483,-0.90468,83.36,1.0,0.75336236,1
18:02:00.697203,114,1.6065941,2.5073915,0.7633738,-0.90468,37.0,1.0,2.6253755,1
18:02:00.697203,114,1.5507653,2.5895898,0.69675326,-0.83496004,18.76,1.0,3.83237,1
18:02:00.697203,114,1.4000617,2.5555847,0.61934227,-1.04384,86.36,1.0,0.18877089,1
18:02:00.697203,114,1.3118013,2.5807276,0.5799915,-1.04384,60.52,1.0,1.0432869,1
18:02:00.697203,114,1.5824814,2.49466,0.8748658,-0.90468,47.0,1.0,2.2068152,1
18:02:00.697203,114,1.4083828,2.5963688,0.70666,-1.04384,93.759995,1.0,1.132554,1
18:02:00.697203,114,1.3419293,2.5456214,1.0354987,-0.90468,28.119999,1.0,1.7409879,1
18:02:00.697203,114,1.3618948,2.5432587,0.8709813,-0.97412,57.76,1.0,0.55215096,1
18:02:00.697203,114,1.4742161,2.467322,1.0252001,-0.90468,18.0,1.0,2.9708705,1
18:02:00.697203,114,1.5514362,2.5378966,0.75519997,-0.90468,57.239998,1.0,1.558574,1
18:02:00.697203,114,1.2543365,2.6055152,0.57334965,-1.04384,39.239998,1.0,2.3091698,1
18:02:00.697203,114,1.4663197,2.516971,0.7718852,-1.04384,103.52,1.0,0.31987098,1
18:02:00.697203,114,1.3528193,2.5586421,0.72849184,-1.04384,90.52,1.0,0.28046232,1
18:02:00.697203,114,1.552927,2.4561672,0.9260982,-0.90468,32.76,1.0,3.1627111,1
18:02:00.697203,114,1.2228096,2.6056874,0.85425353,-0.97412,25.76,1.0,3.1816475,1
18:02:00.697203,114,1.2579638,2.5423923,0.60455334,-1.04384,47.12,1.0,2.5399356,1
18:02:00.697203,114,1.5818683,2.5876787,0.7307826,-0.83496004,16.64,1.0,4.82698,1
18:02:00.697203,114,1.5223017,2.6044319,0.6927764,-0.83496004,20.76,1.0,3.9477592,1
18:02:00.697203,114,1.4275246,2.6057136,0.59226006,-1.04384,21.359999,1.0,2.0166879,1
18:02:00.697203,114,1.3083023,2.644128,0.54871345,-1.04384,15.24,1.0,3.640706,1
18:02:00.697203,114,1.3375329,2.6313496,0.55213743,-1.04384,17.52,1.0,2.853771,1
18:02:00.697203,114,1.5236231,2.5527482,0.7512205,-0.90468,70.36,1.0,1.2884917,1
18:02:00.697203,114,1.579094,2.5227773,0.7592512,-0.90468,45.879997,1.0,2.002355,1
18:02:00.697203,114,1.4367383,2.5826278,0.7103418,-1.04384,92.64,1.0,0.847891,1
18:02:00.697203,114,1.3403383,2.5679185,0.5834237,-1.04384,73.88,1.0,0.6386477,1
18:02:00.697203,114,1.283133,2.5932603,0.5766334,-1.04384,48.76,1.0,1.6013497,1
18:02:00.697203,114,1.6094104,2.4792442,0.87899643,-0.90468,37.76,1.0,3.0482292,1
18:02:00.697203,114,1.5481194,2.4732919,0.783589,-0.90468,59.0,1.0,2.0845382,1
18:02:00.697203,114,1.4937365,2.502675,0.7757159,-1.04384,89.759995,1.0,0.7289131,1
18:02:00.751273,115,1.4344431,2.454119,0.7682218,-1.11328,49.76,1.0,0.43469104,1
18:02:00.751273,115,1.1614758,2.5189764,0.48367754,-1.04384,22.64,1.0,4.418307,1
18:02:00.751273,115,1.2048831,2.607135,1.0190161,-0.83496004,27.24,1.0,3.6162817,1
18:02:00.751273,115,1.4962385,2.3975258,1.0810661,-0.90468,19.359999,1.0,3.470337,1
18:02:00.751273,115,1.4107356,2.4070957,0.51365596,-1.11328,45.76,1.0,0.8625496,1
18:02:00.751273,115,1.2859972,2.439519,1.0756994,-0.6958,11.5199995,1.0,2.139279,1
18:02:00.751273,115,1.2877557,2.467177,0.6389972,-1.11328,52.0,1.0,0.70869756,1
18:02:00.751273,115,1.5263456,2.471039,0.92211336,-0.90468,30.24,1.0,2.487006,1
18:02:00.751273,115,1.506054,2.4221685,0.6367672,-1.11328,28.64,1.0,1.748072,1
18:02:00.751273,115,1.3958277,2.519176,1.0425848,-0.6958,48.0,1.0,0.9936604,1
18:02:00.751273,115,1.2990214,2.5213876,0.46619758,-1.04384,14.36,1.0,1.286989,1
18:02:00.751273,115,1.2480596,2.4224713,0.52637,-1.11328,38.52,1.0,2.085842,1
18:02:00.751273,115,1.4531181,2.5139458,0.5978856,-1.11328,14.24,1.0,0.89834785,1
18:02:00.751273,115,1.396111,2.4153216,0.65289176,-1.11328,55.239998,1.0,0.4735196,1
18:02:00.751273,115,1.3147775,2.5584526,1.0320606,-0.83496004,46.52,1.0,1.2593037,1
18:02:00.751273,115,1.3833976,2.4825194,0.47661227,-1.11328,16.119999,1.0,0.5787714,1
18:02:00.751273,115,1.4189667,2.4397671,1.0697477,-0.6958,27.119999,1.0,1.6524326,1
18:02:00.751273,115,1.233822,2.5294876,1.0457071,-0.6958,29.119999,1.0,2.3259528,1
18:02:00.751273,115,1.2134761,2.5577936,0.45644262,-1.04384,11.639999,1.0,3.3655841,1
18:02:00.751273,115,1.3288199,2.4467916,0.50301945,-1.11328,49.36,1.0,0.69947046,1
18:02:00.751273,115,1.5540874,2.4336684,1.0654964,-0.90468,19.359999,1.0,4.3122015,1
18:02:00.751273,115,1.4756215,2.4775686,1.0537333,-0.90468,28.88,1.0,2.0123122,1
18:02:00.751273,115,1.3404177,2.4797504,1.0590341,-0.6958,36.239998,1.0,1.0971913,1
18:02:00.751273,115,1.4519072,2.450741,0.62911123,-1.11328,40.0,1.0,0.65103406,1
18:02:00.751273,115,1.2177516,2.495994,0.48983565,-1.04384,32.64,1.0,2.5783513,1
18:02:00.751273,115,1.2735405,2.4719293,0.4962838,-1.11328,38.64,1.0,1.3390404,1
18:02:00.751273,115,1.3422018,2.4417725,0.6458043,-1.11328,56.64,1.0,0.29698983,1
18:02:00.751273,115,1.2600824,2.5833247,1.0253962,-0.83496004,40.0,1.0,2.1513371,1
18:02:00.751273,115,1.193387,2.4460545,0.5200509,-1.11328,32.239998,1.0,3.3299901,1
18:02:00.751273,115,1.2873774,2.5051339,1.0522326,-0.6958,33.0,1.0,1.4299364,1
18:02:00.751273,115,1.4149337,2.4841025,0.508491,-1.11328,15.36,1.0,0.5876777,1
18:02:00.751273,115,1.4975761,2.4741933,0.88948727,-0.90468,36.239998,1.0,1.6648097,1
18:02:00.751273,115,1.4809568,2.4997754,0.6016826,-1.11328,12.759999,1.0,1.2404463,1
18:02:00.751273,115,1.2421163,2.5459337,0.45962042,-1.04384,13.0,1.0,2.5202522,1
18:02:00.751273,115,1.3272804,2.5087032,0.4695963,-1.11328,15.5199995,1.0,0.89881676,1
18:02:00.751273,115,1.3554068,2.4957469,0.47306797,-1.11328,16.119999,1.0,0.6627863,1
18:02:00.751273,115,1.4790546,2.4365854,0.6329042,-1.11328,34.12,1.0,1.125131,1
18:02:00.751273,115,1.552927,2.4561672,0.9260982,-0.90468,25.24,1.0,3.3099067,1
18:02:00.751273,115,1.3562616,2.4338236,0.5064942,-1.11328,51.239998,1.0,0.6042943,1
18:02:00.751273,115,1.3835678,2.420591,0.51003987,-1.11328,49.879997,1.0,0.65869546,1
18:02:00.751273,115,1.1896732,2.5076213,0.48672017,-1.04384,27.119999,1.0,3.4231937,1
18:02:00.751273,115,1.3012452,2.459494,0.49961585,-1.11328,44.64,1.0,0.944346,1
18:02:00.751273,115,1.461264,2.4401338,0.77196914,-1.11328,43.0,1.0,0.86074877,1
18:02:00.751273,115,1.3692249,2.4286773,0.64931315,-1.11328,57.879997,1.0,0.31178373,1
18:02:00.751273,115,1.3419293,2.5456214,1.0354987,-0.6958,50.76,1.0,1.027874,1
18:02:00.751273,115,1.4491675,2.4916945,1.0499483,-0.90468,35.12,1.0,1.5302478,1
18:02:00.751273,115,1.3689469,2.5325289,1.0390068,-0.6958,51.36,1.0,0.93936205,1
18:02:00.751273,115,1.4225687,2.505564,1.0462321,-0.6958,41.879997,1.0,1.1906594,1
18:02:00.804176,116,1.3610617,2.4785223,0.89742863,-0.83496004,80.36,1.0,0.040675726,1
18:02:00.804176,116,1.2480596,2.4224713,0.52637,-1.04384,30.359999,1.0,5.345268,1
18:02:00.804176,116,1.1514726,2.5539017,1.0085384,-0.76552004,22.64,1.0,3.5775383,1
18:02:00.804176,116,1.4519072,2.450741,0.62911123,-0.97412,20.52,1.0,2.8702252,1
18:02:00.804176,116,1.4948134,2.3875198,1.0531203,-0.90468,28.119999,1.0,3.2513413,1
18:02:00.804176,116,1.2325768,2.3984966,1.0925767,-0.76552004,8.639999,0.86399996,3.7557847,1
18:02:00.804176,116,1.2175587,2.4929202,0.7695018,-1.04384,31.0,1.0,1.9686496,1
18:02:00.804176,116,1.5772095,2.4296396,0.90142536,-0.90468,32.0,1.0,4.131234,1
18:02:00.804176,116,1.461264,2.4401338,0.77196914,-0.97412,65.36,1.0,1.2911806,1
18:02:00.804176,116,1.3654366,2.456604,1.0346093,-0.76552004,59.359997,1.0,0.84277755,1
18:02:00.804176,116,1.1806206,2.4523923,0.6571922,-1.04384,24.88,1.0,4.3215437,1
18:02:00.804176,116,1.259462,2.5073197,1.0210199,-0.76552004,43.239998,1.0,1.1918389,1
18:02:00.804176,116,1.469116,2.435106,0.94019663,-0.90468,59.359997,1.0,1.2865896,1
18:02:00.804176,116,1.3422018,2.4417725,0.6458043,-0.97412,55.0,1.0,1.8649734,1
18:02:00.804176,116,1.3010906,2.4687893,0.80690825,-0.97412,61.239998,1.0,0.41532084,1
18:02:00.804176,116,1.1800464,2.4772604,1.0356116,-0.76552004,25.88,1.0,3.045831,1
18:02:00.804176,116,1.3118887,2.4269722,1.0790614,-0.76552004,32.12,1.0,1.8148878,1
18:02:00.804176,116,1.547236,2.3913991,0.9519079,-0.90468,30.119999,1.0,3.4881136,1
18:02:00.804176,116,1.258777,2.4419217,1.0450805,-0.76552004,31.519999,1.0,1.8041663,1
18:02:00.804176,116,1.3696047,2.4916248,0.6181565,-1.04384,16.88,1.0,2.7002501,1
18:02:00.804176,116,1.5242739,2.4595988,0.89339787,-0.90468,47.64,1.0,2.513796,1
18:02:00.804176,116,1.396111,2.4153216,0.65289176,-0.97412,69.76,1.0,1.8273737,1
18:02:00.804176,116,1.4162971,2.462978,0.9327284,-0.97412,71.36,1.0,0.45510933,1
18:02:00.804176,116,1.302233,2.3978364,0.5329709,-1.04384,45.64,1.0,4.467701,1
18:02:00.804176,116,1.4176152,2.4297209,1.0418125,-0.90468,43.239998,1.0,1.4278742,1
18:02:00.804176,116,1.2057084,2.5311322,1.0146395,-0.76552004,34.88,1.0,2.129188,1
18:02:00.804176,116,1.3127118,2.4824736,1.0276775,-0.76552004,59.359997,1.0,0.7636003,1
18:02:00.804176,116,1.490572,2.4383328,0.8040346,-0.97412,56.879997,1.0,1.6861477,1
18:02:00.804176,116,1.2718406,2.4688735,0.77594507,-1.04384,49.239998,1.0,0.93552274,1
18:02:00.804176,116,1.4246145,2.4646337,0.6253887,-0.97412,20.0,1.0,2.6830292,1
18:02:00.804176,116,1.3971795,2.4782622,0.621737,-1.04384,18.76,1.0,2.626307,1
18:02:00.804176,116,1.5508192,2.444747,0.8973774,-0.90468,39.12,1.0,3.2585218,1
18:02:00.804176,116,1.4344431,2.454119,0.7682218,-0.97412,70.24,1.0,0.9583116,1
18:02:00.804176,116,1.3692249,2.4286773,0.64931315,-0.97412,63.879997,1.0,1.7812921,1
18:02:00.804176,116,1.3896738,2.4765298,0.9290972,-0.97412,79.759995,1.0,0.23066762,1
18:02:00.804176,116,1.4953064,2.4207888,0.9440329,-0.90468,47.64,1.0,1.8933228,1
18:02:00.804176,116,1.5213472,2.4062192,0.9479368,-0.90468,37.76,1.0,2.6272037,1
18:02:00.804176,116,1.3341998,2.4915397,0.8939407,-0.76552004,73.0,1.0,0.07867235,1
18:02:00.804176,116,1.27521,2.4102848,0.52963537,-1.04384,37.239998,1.0,4.8411646,1
18:02:00.804176,116,1.244762,2.4810278,0.7726883,-1.04384,39.0,1.0,1.3874248,1
18:02:00.804176,116,1.4434931,2.4159026,1.0455152,-0.90468,35.0,1.0,1.9097297,1
18:02:00.804176,116,1.1786494,2.542648,1.0115539,-0.76552004,28.0,1.0,2.7893624,1
18:02:00.804176,116,1.3915955,2.4432883,1.0381771,-0.90468,52.12,1.0,1.0721717,1
18:02:00.804176,116,1.3391411,2.469666,1.0311092,-0.76552004,62.359997,1.0,0.7398602,1
18:02:00.804176,116,1.2861512,2.4950254,1.0243143,-0.76552004,52.12,1.0,0.91419125,1
18:02:00.804176,116,1.337649,2.4141757,1.0824902,-0.90468,30.24,1.0,1.9108093,1
18:02:00.804176,116,1.2859972,2.439519,1.0756994,-0.76552004,32.64,1.0,1.844525,1
18:02:00.804176,116,1.1535633,2.4885309,1.0325917,-0.76552004,22.519999,1.0,3.712835,1
18:02:00.858065,117,1.3317517,2.373307,0.9737328,-0.83496004,45.36,1.0,1.4706906,1
18:02:00.858065,117,1.3061049,2.386047,0.97031915,-0.76552004,43.64,1.0,1.5684152,1
18:02:00.858065,117,1.3392166,2.3168921,0.70778924,-0.76552004,37.0,1.0,0.31073138,1
18:02:00.858065,117,1.3543954,2.310964,0.5730157,-0.76552004,38.0,1.0,1.4269724,1
18:02:00.858065,117,1.3825097,2.3589346,0.5433946,-0.76552004,18.76,1.0,1.5930632,1
18:02:00.858065,117,1.4246145,2.4646337,0.6253887,-0.76552004,5.12,0.51199996,0.8172697,1
18:02:00.858065,117,1.2738296,2.2700844,1.0183685,-0.83496004,7.0,0.7,1.4321169,1
18:02:00.858065,117,1.3027906,2.3216956,0.99605066,-0.83496004,29.88,1.0,1.4098079,1
18:02:00.858065,117,1.406152,2.2842984,0.58016074,-0.76552004,34.0,1.0,3.0273924,1
18:02:00.858065,117,1.4653572,2.332071,0.58162826,-0.76552004,14.88,1.0,4.1053786,1
18:02:00.858065,117,1.3277494,2.308991,0.99945486,-0.83496004,28.88,1.0,1.5703114,1
18:02:00.858065,117,1.3572652,2.3603199,0.97721267,-0.83496004,44.36,1.0,1.646382,1
18:02:00.858065,117,1.4318208,2.2705917,0.5838334,-0.76552004,29.64,1.0,4.2535286,1
18:02:00.858065,117,1.3772659,2.2828617,1.0064561,-0.83496004,26.64,1.0,2.6771073,1
18:02:00.858065,117,1.4078826,2.3336098,0.98436964,-0.83496004,40.879997,1.0,2.817725,1
18:02:00.858065,117,1.4579369,2.3059273,0.9917872,-0.83496004,31.0,1.0,5.0808315,1
18:02:00.858065,117,1.4329814,2.3198893,0.98804605,-0.83496004,36.12,1.0,3.8129733,1
18:02:00.858065,117,1.2777016,2.3341587,0.99271125,-0.83496004,29.519999,1.0,1.5113251,1
18:02:00.858065,117,1.4353408,2.3317153,0.55068797,-0.76552004,16.88,1.0,3.2756999,1
18:02:00.858065,117,1.3558855,2.3721602,0.53985083,-0.76552004,19.88,1.0,1.1952897,1
18:02:00.858065,117,1.3134261,2.3297036,0.7043565,-0.76552004,36.12,1.0,0.0929054,1
18:02:00.858065,117,1.3283126,2.3239207,0.56954396,-0.76552004,40.52,1.0,1.0529865,1
18:02:00.858065,117,1.1691186,2.3963122,0.5501467,-0.76552004,26.0,1.0,4.7686834,1
18:02:00.858065,117,1.2226794,2.3732085,0.5563373,-0.76552004,30.519999,1.0,2.3970015,1
18:02:00.858065,117,1.200606,2.4236147,0.930416,-0.76552004,24.76,1.0,4.1500363,1
18:02:00.858065,117,1.2232425,2.3120606,0.58955586,-0.76552004,26.76,1.0,1.5709825,1
18:02:00.858065,117,1.2492777,2.36127,0.5595363,-0.76552004,35.0,1.0,1.6354575,1
18:02:00.858065,117,1.27521,2.4102848,0.52963537,-0.76552004,18.359999,1.0,1.7756704,1
18:02:00.858065,117,1.2267241,2.4118915,0.9335572,-0.76552004,29.359999,1.0,2.9963748,1
18:02:00.858065,117,1.2352769,2.3666341,0.6944609,-0.76552004,30.519999,1.0,1.1037846,1
18:02:00.858065,117,1.2480596,2.4224713,0.52637,-0.76552004,16.64,1.0,2.5595796,1
18:02:00.858065,117,1.302233,2.3978364,0.5329709,-0.76552004,19.64,1.0,1.286773,1
18:02:00.858065,117,1.2254772,2.3477266,0.9598876,-0.76552004,25.24,1.0,2.0582938,1
18:02:00.858065,117,1.2527195,2.3999166,0.9367659,-0.76552004,34.64,1.0,2.1146967,1
18:02:00.858065,117,1.2875043,2.3422651,0.7009906,-0.76552004,33.88,1.0,0.1525775,1
18:02:00.858065,117,1.302097,2.3366246,0.56613994,-0.76552004,40.76,1.0,0.96316963,1
18:02:00.858065,117,1.3291256,2.3851278,0.5363761,-0.76552004,20.24,1.0,1.0932342,1
18:02:00.858065,117,1.2507848,2.335767,0.96309215,-0.76552004,27.88,1.0,1.46646,1
18:02:00.858065,117,1.2803277,2.3985386,0.96697205,-0.76552004,39.64,1.0,1.9394981,1
18:02:00.858065,117,1.2757511,2.3490748,0.5628039,-0.76552004,38.76,1.0,1.1574023,1
18:02:00.858065,117,1.3317517,2.373307,0.9737328,-0.83496004,45.36,1.0,1.4706906,1
18:02:00.858065,117,1.302233,2.3978364,0.5329709,-0.76552004,19.64,1.0,1.286773,1
18:02:00.858065,117,1.2226794,2.3732085,0.5563373,-0.76552004,30.519999,1.0,2.3970015,1
18:02:00.858065,117,1.4078826,2.3336098,0.98436964,-0.83496004,40.879997,1.0,2.817725,1
18:02:00.858065,117,1.2480596,2.4224713,0.52637,-0.76552004,16.64,1.0,2.5595796,1
18:02:00.858065,117,1.2232425,2.3120606,0.58955586,-0.76552004,26.76,1.0,1.5709825,1
18:02:00.858065,117,1.3558855,2.3721602,0.53985083,-0.76552004,19.88,1.0,1.1952897,1
18:02:00.858065,117,1.3392166,2.3168921,0.70778924,-0.76552004,37.0,1.0,0.31073138,1
18:02:00.915828,118,1.3465832,2.5245843,-1.0121334,-0.76552004,37.64,1.0,2.3393877,1
18:02:00.915828,118,1.2175354,2.2969182,-1.6850457,-0.83496004,8.5199995,0.852,2.9299636,1
18:02:00.915828,118,1.4262316,2.4341872,-0.36884156,-0.90468,22.24,1.0,7.055556,1
18:02:00.915828,118,1.5195909,2.370773,-1.2914658,-1.04384,7.3599997,0.736,8.19475,1
18:02:00.915828,118,1.1183586,2.357303,-1.4225668,-0.76552004,23.519999,1.0,3.159631,1
18:02:00.915828,118,1.097152,2.4038255,-1.0551441,-0.83496004,23.119999,1.0,4.181368,1
18:02:00.915828,118,1.4518257,2.4778693,-0.76397914,-0.90468,22.519999,1.0,2.0918603,1
18:02:00.915828,118,1.2726098,2.5686002,-0.49206686,-0.90468,59.0,1.0,3.569846,1
18:02:00.915828,118,1.274961,2.573346,-0.76397914,-0.76552004,55.64,1.0,4.353465,1
18:02:00.915828,118,1.4237447,2.4866216,-1.1778238,-1.04384,11.36,1.0,3.092053,1
18:02:00.915828,118,1.2468606,2.3658893,-1.1433632,-0.90468,54.0,1.0,0.74050313,1
18:02:00.915828,118,1.4955443,2.4392948,-1.0121334,-0.97412,13.88,1.0,4.250778,1
18:02:00.915828,118,1.2229798,2.4684284,-0.38820896,-0.90468,18.52,1.0,4.8233175,1
18:02:00.915828,118,1.2611592,2.2897015,-1.5420668,-0.76552004,39.879997,1.0,2.8565261,1
18:02:00.915828,118,1.399396,2.5017862,-0.49206686,-0.90468,37.239998,1.0,1.9519012,1
18:02:00.915828,118,1.4277692,2.4936507,-1.3178328,-1.04384,5.64,0.564,5.1793957,1
18:02:00.915828,118,1.1290976,2.3474338,-1.5575362,-0.76552004,16.119999,1.0,3.3962038,1
18:02:00.915828,118,1.2491642,2.3001196,-1.4072446,-0.76552004,51.239998,1.0,2.3568733,1
18:02:00.915828,118,1.3131195,2.5850544,-0.8969039,-0.76552004,40.64,1.0,5.596799,1
18:02:00.915828,118,1.3285401,2.5518873,-1.1491116,-1.04384,13.24,1.0,5.8715835,1
18:02:00.915828,118,1.200047,2.359441,-1.0432513,-0.90468,40.239998,1.0,1.766438,1
18:02:00.915828,118,1.1426429,2.4120572,-1.1557338,-0.76552004,24.519999,1.0,2.539141,1
18:02:00.915828,118,1.3277494,2.4892743,-0.36884156,-0.90468,39.0,1.0,3.0986333,1
18:02:00.915828,118,1.2966188,2.2604883,-1.6752844,-0.83496004,12.36,1.0,4.946315,1
18:02:00.915828,118,1.3768476,2.5203028,-0.76397914,-0.90468,42.12,1.0,0.99460596,1
18:02:00.915828,118,1.4217035,2.4830568,-1.0121334,-0.97412,21.24,1.0,1.7159708,1
18:02:00.915828,118,1.4559579,2.4849217,-0.40586117,-0.90468,24.359999,1.0,4.3798714,1
18:02:00.915828,118,1.2524848,2.5279806,-0.36884156,-0.90468,49.0,1.0,3.7615645,1
18:02:00.915828,118,1.2086945,2.3135593,-1.5484595,-0.76552004,30.119999,1.0,2.0772069,1
18:02:00.915828,118,1.1971985,2.3237505,-1.4135765,-0.76552004,36.12,1.0,1.6959921,1
18:02:00.915828,118,1.3261695,2.5473337,-0.76397914,-0.76552004,49.76,1.0,2.0048137,1
18:02:00.915828,118,1.1949908,2.3894765,-1.1496835,-0.76552004,37.76,1.0,0.9901578,1
18:02:00.915828,118,1.3490837,2.5292718,-0.49206686,-0.90468,53.52,1.0,1.565931,1
18:02:00.915828,118,1.3772659,2.462223,-0.36884156,-0.90468,32.76,1.0,4.3669295,1
18:02:00.915828,118,1.2703838,2.272886,-1.6786064,-0.83496004,11.12,1.0,3.926728,1
18:02:00.915828,118,1.2440218,2.2850296,-1.6818602,-0.83496004,9.76,0.97599995,3.2565787,1
18:02:00.915828,118,1.2349886,2.301757,-1.5452971,-0.76552004,35.76,1.0,2.2971022,1
18:02:00.915828,118,1.1557463,2.3363988,-1.5545794,-0.76552004,19.88,1.0,2.6326177,1
18:02:00.915828,118,1.1822796,2.3251069,-1.5515537,-0.76552004,24.64,1.0,2.1909971,1
18:02:00.915828,118,1.3539921,2.5384746,-1.1491116,-1.04384,13.36,1.0,4.721114,1
18:02:00.915828,118,1.1447539,2.3463726,-1.419638,-0.76552004,29.119999,1.0,2.3520925,1
18:02:00.915828,118,1.4269749,2.4922636,-0.76397914,-0.90468,27.88,1.0,1.3699852,1
18:02:00.915828,118,1.3006303,2.560468,-0.76397914,-0.76552004,55.0,1.0,3.0147984,1
18:02:00.915828,118,1.2232425,2.3120606,-1.4104441,-0.76552004,44.0,1.0,1.8589396,1
18:02:00.915828,118,1.4019814,2.5064085,-0.76397914,-0.90468,34.52,1.0,1.0061703,1
18:02:00.915828,118,1.1688752,2.4008932,-1.1527425,-0.76552004,30.359999,1.0,1.6051186,1
18:02:00.915828,118,1.4243433,2.4876673,-0.49206686,-0.90468,30.119999,1.0,2.6789227,1
18:02:00.915828,118,1.2209867,2.377808,-1.1465569,-0.76552004,46.12,1.0,0.700032,1
18:02:00.975831,119,1.2982317,2.3413048,0.86322415,-0.97412,79.64,1.0,1.0628276,1
18:02:00.975831,119,1.4044875,2.1279204,0.24017756,-0.76552004,6.64,0.664,7.1376367,1
18:02:00.975831,119,1.5277176,2.2287197,1.1087451,-1.04384,18.76,1.0,3.607882,1
18:02:00.975831,119,1.2092512,2.253788,0.48690715,-0.97412,21.88,1.0,3.5166934,1
18:02:00.975831,119,1.1977721,2.2158585,1.1591706,-1.04384,6.64,0.664,5.6448803,1
18:02:00.975831,119,1.5861038,2.3030407,0.82037985,-1.04384,9.5199995,0.95199996,5.3337374,1
18:02:00.975831,119,1.1295531,2.4441354,1.0803479,-0.97412,19.0,1.0,6.6260996,1
18:02:00.975831,119,1.4318208,2.2705917,0.5838334,-0.97412,18.88,1.0,2.1821115,1
18:02:00.975831,119,1.3572708,2.3262937,1.0826002,-0.97412,100.64,1.0,0.775082,1
18:02:00.975831,119,1.2259492,2.1600668,0.25575626,-1.11328,6.8799996,0.68799996,7.7100887,1
18:02:00.975831,119,1.3628213,2.155489,1.0575628,-0.97412,28.0,1.0,5.356731,1
18:02:00.975831,119,1.2089857,2.3162634,0.7222477,-0.97412,38.12,1.0,1.939032,1
18:02:00.975831,119,1.3465832,2.1766016,0.36894378,-0.76552004,13.36,1.0,4.180689,1
18:02:00.975831,119,1.3903931,2.2905252,0.71485424,-0.97412,53.879997,1.0,0.96696943,1
18:02:00.975831,119,1.4827465,2.2917247,0.9955928,-1.04384,37.64,1.0,1.6939666,1
18:02:00.975831,119,1.4527471,2.3131204,0.82940215,-0.97412,39.12,1.0,1.7842393,1
18:02:00.975831,119,1.1041119,2.3249238,1.1240612,-0.97412,19.359999,1.0,4.380372,1
18:02:00.975831,119,1.2288935,2.3239646,1.0897615,-0.97412,54.64,1.0,1.3320323,1
18:02:00.975831,119,1.3900687,2.225666,0.47509143,-0.97412,18.359999,1.0,2.4534152,1
18:02:00.975831,119,1.1717176,2.2742922,0.61650974,-0.97412,23.519999,1.0,3.0448499,1
18:02:00.975831,119,1.1933253,2.19191,0.38667908,-1.11328,17.76,1.0,5.8591995,1
18:02:00.975831,119,1.5117378,2.1354394,1.0544465,-1.04384,17.0,1.0,7.064458,1
18:02:00.975831,119,1.4973134,2.2970047,0.69882816,-1.04384,15.759999,1.0,3.1301517,1
18:02:00.975831,119,1.3261695,2.262803,0.6027543,-0.97412,50.64,1.0,1.2035874,1
18:02:00.975831,119,1.451215,2.180838,0.3460578,-0.76552004,7.7599998,0.77599996,4.7822504,1
18:02:00.975831,119,1.2969265,2.2228665,1.1233879,-1.04384,39.64,1.0,2.8568351,1
18:02:00.975831,119,1.4231807,2.2214417,1.1172324,-1.04384,37.76,1.0,2.4500453,1
18:02:00.975831,119,1.355423,2.3495245,0.95026845,-0.97412,90.759995,1.0,1.2502084,1
18:02:00.975831,119,1.5631081,2.3009136,0.9541562,-1.04384,16.52,1.0,4.052587,1
18:02:00.975831,119,1.311001,2.205094,0.49995467,-0.97412,42.64,1.0,2.4743416,1
18:02:00.975831,119,1.2702512,2.2145195,0.35878372,-1.11328,8.24,0.824,4.359002,1
18:02:00.975831,119,1.2325768,2.3984966,1.0925767,-0.97412,42.52,1.0,3.0075748,1
18:02:00.975831,119,1.1777765,2.2918591,1.1329209,-0.97412,29.119999,1.0,2.850392,1
18:02:00.975831,119,1.5557975,2.2668533,0.8720951,-1.04384,20.119999,1.0,3.2190807,1
18:02:00.975831,119,1.5095053,2.347896,0.8083609,-1.04384,13.5199995,1.0,4.8394423,1
18:02:00.975831,119,1.431183,2.285889,1.0934266,-1.04384,58.0,1.0,1.1722,1
18:02:00.975831,119,1.1550409,2.3679767,1.10664,-0.97412,30.119999,1.0,3.1825259,1
18:02:00.975831,119,1.3027403,2.2872813,1.0995908,-1.04384,99.0,1.0,0.7853559,1
18:02:00.975831,119,1.3085597,2.3616755,1.102443,-0.97412,100.52,1.0,1.4744189,1
18:02:00.975831,119,1.2251333,2.259411,1.1135958,-1.04384,40.36,1.0,2.4849625,1
18:02:00.975831,119,1.4459072,2.325435,0.69121027,-0.97412,17.88,1.0,3.1386225,1
18:02:00.975831,119,1.5058589,2.2964275,0.8641707,-1.04384,25.0,1.0,2.3875968,1
18:02:00.975831,119,1.5319186,2.2626042,1.0033956,-1.04384,22.88,1.0,2.6691024,1
18:02:00.975831,119,1.4329814,2.3198893,0.98804605,-0.97412,63.76,1.0,1.2696052,1
18:02:00.975831,119,1.3539921,2.154566,0.23303784,-0.76552004,5.8799996,0.588,6.5081377,1
18:02:00.975831,119,1.3768476,2.2366931,0.6097505,-0.97412,55.239998,1.0,1.1315835,1
18:02:00.975831,119,1.2601013,2.292413,0.7286384,-0.97412,49.64,1.0,0.92225933,1
18:02:00.975831,119,1.1813012,2.4218135,1.086329,-0.97412,31.76,1.0,4.5996566,1
18:02:01.028647,120,1.3253752,2.131585,0.80031204,-1.1830001,129.64,1.0,0.31806174,1
18:02:01.028647,120,1.5689135,1.9926728,0.5762238,-1.1830001,14.639999,1.0,6.128663,1
18:02:01.028647,120,1.2085936,2.1942658,0.5222071,-1.25244,14.5199995,1.0,5.1776505,1
18:02:01.028647,120,1.1853352,2.1056128,1.0613116,-1.1830001,7.3599997,0.736,5.7465854,1
18:02:01.028647,120,1.4881685,2.0209103,0.9545918,-1.1830001,21.52,1.0,3.7365425,1
18:02:01.028647,120,1.1150565,2.2225025,0.9005754,-1.1830001,19.88,1.0,4.314053,1
18:02:01.028647,120,1.4352199,2.1387641,0.51772773,-1.25244,6.52,0.652,4.265323,1
18:02:01.028647,120,1.4605608,2.060935,0.6905126,-1.1830001,56.64,1.0,1.0866711,1
18:02:01.028647,120,1.3207549,2.0543125,0.95736486,-1.1830001,42.76,1.0,3.6850116,1
18:02:01.028647,120,1.2697178,2.1664813,0.6622316,-1.25244,59.76,1.0,1.3033402,1
18:02:01.028647,120,1.2052954,2.1927085,0.783934,-1.1830001,33.36,1.0,1.9182724,1
18:02:01.028647,120,1.5751685,1.9876125,0.7101593,-1.1830001,19.76,1.0,4.665679,1
18:02:01.028647,120,1.1832093,2.1268935,0.9379168,-1.1830001,43.12,1.0,3.663854,1
18:02:01.028647,120,1.3076793,2.1456487,0.53523403,-1.25244,28.359999,1.0,2.88887,1
18:02:01.028647,120,1.3662322,2.1155517,0.6758781,-1.1830001,102.119995,1.0,0.3861764,1
18:02:01.028647,120,1.419068,2.0785592,0.81452024,-1.1830001,70.76,1.0,0.6236817,1
18:02:01.028647,120,1.475952,2.051503,0.5604603,-1.25244,28.119999,1.0,3.1526039,1
18:02:01.028647,120,1.4538848,2.1110575,0.91871387,-1.1830001,51.239998,1.0,7.5579004,1
18:02:01.028647,120,1.2823795,2.1414182,0.9223018,-1.1830001,113.759995,1.0,1.3779836,1
18:02:01.028647,120,1.1959904,2.2022092,0.6526583,-1.25244,26.24,1.0,2.9680564,1
18:02:01.028647,120,1.4098411,2.0015543,0.97150135,-1.1830001,23.119999,1.0,6.165212,1
18:02:01.028647,120,1.1147774,2.1709712,0.953178,-1.1830001,23.119999,1.0,4.3175344,1
18:02:01.028647,120,1.3610994,2.1792827,0.5068708,-1.25244,5.24,0.524,5.127944,1
18:02:01.028647,120,1.5320269,2.0814335,0.5330894,-1.25244,5.0,0.5,4.3125668,1
18:02:01.028647,120,1.3752239,2.0900705,0.9360604,-1.1830001,67.36,1.0,1.4743757,1
18:02:01.028647,120,1.1874835,2.1891387,0.9095152,-1.1830001,45.52,1.0,2.5883262,1
18:02:01.028647,120,1.2525457,2.0915995,0.9473738,-1.1830001,54.879997,1.0,3.1479902,1
18:02:01.028647,120,1.4046731,2.0932431,0.54927605,-1.25244,42.76,1.0,2.3337789,1
18:02:01.028647,120,1.5227897,2.0679255,0.9302711,-1.1830001,22.24,1.0,7.944581,1
18:02:01.028647,120,1.3754966,2.1175056,0.8322227,-1.1830001,121.64,1.0,1.1732049,1
18:02:01.028647,120,1.4839202,2.1105664,0.5252833,-1.25244,6.12,0.612,4.1031384,1
18:02:01.028647,120,1.3564475,2.1199143,0.5421295,-1.25244,40.52,1.0,2.387302,1
18:02:01.028647,120,1.2583882,2.170436,0.52859235,-1.25244,18.0,1.0,3.8216054,1
18:02:01.028647,120,1.5068582,2.032271,0.69819313,-1.1830001,32.239998,1.0,2.123297,1
18:02:01.028647,120,1.3182386,2.1414826,0.66892993,-1.25244,78.24,1.0,0.6541159,1
18:02:01.028647,120,1.4136792,2.0886989,0.6830733,-1.1830001,74.64,1.0,0.5204523,1
18:02:01.028647,120,1.156403,2.2155216,0.77782124,-1.1830001,25.519999,1.0,3.1373503,1
18:02:01.028647,120,1.2537059,2.1689556,0.7902986,-1.1830001,62.0,1.0,1.027953,1
18:02:01.028647,120,1.4434214,2.0492282,0.9470041,-1.1830001,36.12,1.0,2.5142987,1
18:02:01.028647,120,1.3290675,2.1161928,0.929061,-1.1830001,118.0,1.0,1.2540073,1
18:02:01.028647,120,1.1363896,2.1492999,0.931913,-1.1830001,28.64,1.0,4.5764003,1
18:02:01.028647,120,1.459643,2.1247828,0.521474,-1.25244,6.52,0.652,4.140284,1
18:02:01.028647,120,1.5080489,2.096116,0.5291552,-1.25244,5.64,0.564,4.15875,1
18:02:01.028647,120,1.3859456,2.1660154,0.5104258,-1.25244,6.0,0.59999996,4.7625513,1
18:02:01.028647,120,1.4523368,2.0656457,0.5566708,-1.25244,34.52,1.0,2.7541661,1
18:02:01.028647,120,1.5459026,2.0077164,0.5721929,-1.1830001,18.0,1.0,5.1647367,1
18:02:01.028647,120,1.33213,2.1328993,0.5386502,-1.25244,34.88,1.0,2.5833464,1
18:02:01.028647,120,1.2830979,2.1581614,0.5318813,-1.25244,22.519999,1.0,3.3020446,1
18:02:01.080272,121,1.378308,2.0616622,0.60527277,-1.25244,105.36,1.0,0.15068991,1
18:02:01.080272,121,1.2450321,2.0298624,0.9756393,-1.32216,14.639999,1.0,6.368511,1
18:02:01.080272,121,1.1959904,2.2022092,0.6526583,-1.32216,19.359999,1.0,3.2529697,1
18:02:01.080272,121,1.5225363,1.8914039,0.64206076,-1.25244,35.239998,1.0,2.4052026,1
18:02:01.080272,121,1.2486746,2.1076956,0.82100314,-1.32216,22.119999,1.0,2.4035113,1
18:02:01.080272,121,1.3956242,1.9693058,0.7487325,-1.25244,37.76,1.0,0.9070756,1
18:02:01.080272,121,1.5227373,2.0225368,0.56822175,-1.25244,15.88,1.0,2.2944815,1
18:02:01.080272,121,1.2546108,2.0661104,0.6228054,-1.25244,36.239998,1.0,1.9695824,1
18:02:01.080272,121,1.343891,2.1753657,0.6139573,-1.25244,15.759999,1.0,0.3686449,1
18:02:01.080272,121,1.4117581,1.9622765,0.6230705,-1.25244,98.64,1.0,0.398122,1
18:02:01.080272,121,1.272948,2.2270586,0.62916595,-1.25244,10.88,1.0,1.2948588,1
18:02:01.080272,121,1.2175834,2.1301968,0.68878794,-1.25244,27.64,1.0,2.4934509,1
18:02:01.080272,121,1.4523368,2.0656457,0.5566708,-1.25244,20.76,1.0,0.94409674,1
18:02:01.080272,121,1.3282245,2.0087743,0.738157,-1.25244,34.12,1.0,0.79863054,1
18:02:01.080272,121,1.4617678,1.9279022,0.75982654,-1.25244,29.76,1.0,2.0171742,1
18:02:01.080272,121,1.3182386,2.1414826,0.66892993,-1.25244,60.76,1.0,0.2879209,1
18:02:01.080272,121,1.3435793,2.0022013,0.6123727,-1.25244,85.52,1.0,0.53411186,1
18:02:01.080272,121,1.5122845,1.9640553,0.6032428,-1.25244,46.52,1.0,1.8636009,1
18:02:01.080272,121,1.2981476,2.0669608,0.95397574,-1.32216,29.519999,1.0,4.649373,1
18:02:01.080272,121,1.3605756,2.1342454,0.56709963,-1.25244,18.52,1.0,0.5615931,1
18:02:01.080272,121,1.443855,2.0068898,0.5917654,-1.25244,83.759995,1.0,0.58107316,1
18:02:01.080272,121,1.408948,2.1074932,0.5742679,-1.25244,20.76,1.0,0.47368693,1
18:02:01.080272,121,1.5689135,1.9926728,0.5762238,-1.25244,11.36,1.0,3.7717533,1
18:02:01.080272,121,1.2697178,2.1664813,0.6622316,-1.25244,44.239998,1.0,1.0707606,1
18:02:01.080272,121,1.3309877,2.087833,0.5982604,-1.25244,82.64,1.0,0.48868555,1
18:02:01.080272,121,1.5571518,1.9344058,0.6111874,-1.25244,27.24,1.0,3.270936,1
18:02:01.080272,121,1.3013997,2.0414202,0.6294211,-1.25244,65.119995,1.0,0.9007022,1
18:02:01.080272,121,1.4565085,1.9345702,0.63049436,-1.25244,79.119995,1.0,0.87575454,1
18:02:01.080272,121,1.2952423,2.0831223,0.8275875,-1.25244,30.24,1.0,1.7921498,1
18:02:01.080272,121,1.3975097,2.034336,0.58441114,-1.25244,115.88,1.0,0.30267063,1
18:02:01.080272,121,1.247825,2.2392333,0.6259038,-1.25244,9.12,0.912,1.9088141,1
18:02:01.080272,121,1.2979437,2.214642,0.63249296,-1.25244,13.12,1.0,0.8206052,1
18:02:01.080272,121,1.4329239,2.0937676,0.57794565,-1.25244,21.64,1.0,0.6195978,1
18:02:01.080272,121,1.475952,2.051503,0.5604603,-1.25244,18.52,1.0,1.2759088,1
18:02:01.080272,121,1.5459026,2.0077164,0.5721929,-1.25244,13.5199995,1.0,2.9768803,1
18:02:01.080272,121,1.2452657,2.1786277,0.6589769,-1.32216,32.76,1.0,1.6618255,1
18:02:01.080272,121,1.220689,2.1905375,0.65578574,-1.32216,24.88,1.0,2.3885891,1
18:02:01.080272,121,1.5347949,1.9493389,0.6071861,-1.25244,35.12,1.0,2.5134401,1
18:02:01.080272,121,1.489623,1.9785535,0.5993581,-1.25244,62.64,1.0,1.3235301,1
18:02:01.080272,121,1.4207534,2.0207248,0.5880583,-1.25244,105.64,1.0,0.38283774,1
18:02:01.080272,121,1.1935532,2.1418417,0.68566763,-1.32216,21.64,1.0,3.3274133,1
18:02:01.080272,121,1.2780691,2.0538783,0.62608296,-1.25244,48.36,1.0,1.3727056,1
18:02:01.080272,121,1.4786664,1.9203943,0.6342928,-1.25244,60.359997,1.0,1.2791653,1
18:02:01.080272,121,1.3664429,1.9891127,0.6158798,-1.25244,103.88,1.0,0.37253156,1
18:02:01.080272,121,1.5006764,1.906005,0.63814837,-1.25244,45.879997,1.0,1.7896507,1
18:02:01.080272,121,1.38917,1.9758041,0.6194458,-1.25244,109.759995,1.0,0.32784528,1
18:02:01.080272,121,1.272022,2.0955215,0.8242652,-1.32216,26.119999,1.0,2.035875,1
18:02:01.080272,121,1.350827,1.9958353,0.74162394,-1.25244,36.88,1.0,0.72029763,1
18:02:01.134866,122,1.2694702,2.2171757,-0.43856296,-1.25244,60.359997,1.0,0.21372335,1
18:02:01.134866,122,1.2508042,2.345017,-0.82213724,-1.25244,19.76,1.0,4.9313726,1
18:02:01.134866,122,1.1503762,2.38146,-0.2386725,-1.25244,19.359999,1.0,4.1472397,1
18:02:01.134866,122,1.4398632,2.1976993,-0.6989378,-1.04384,30.359999,1.0,4.3952084,1
18:02:01.134866,122,1.1778926,2.3774257,-0.5933118,-1.25244,22.519999,1.0,2.6905265,1
18:02:01.134866,122,1.4649501,2.187944,-0.34424347,-1.25244,29.24,1.0,5.2103877,1
18:02:01.134866,122,1.1112857,2.3005364,-0.43856296,-1.25244,17.24,1.0,4.055022,1
18:02:01.134866,122,1.2898784,2.305995,-0.26510763,-1.25244,65.76,1.0,1.4776285,1
18:02:01.134866,122,1.3054894,2.2800846,-0.6989378,-1.32216,46.879997,1.0,1.7949268,1
18:02:01.134866,122,1.2343229,2.1066515,-0.34407845,-1.25244,5.12,0.51199996,1.907169,1
18:02:01.134866,122,1.3450567,2.0984752,-0.42786217,-1.25244,21.0,1.0,1.6123022,1
18:02:01.134866,122,1.3537678,2.2584264,-0.34424347,-1.25244,64.119995,1.0,1.2442397,1
18:02:01.134866,122,1.3435793,2.2931223,-0.82213724,-1.25244,22.88,1.0,4.435255,1
18:02:01.134866,122,1.1730556,2.1992536,-0.42786217,-1.25244,20.52,1.0,1.9496442,1
18:02:01.134866,122,1.3634952,2.1748085,-0.36173064,-1.25244,40.64,1.0,1.6637878,1
18:02:01.134866,122,1.2212917,2.3458822,-0.2386725,-1.25244,38.0,1.0,2.3263886,1
18:02:01.134866,122,1.2815065,2.1378767,-0.42786217,-1.25244,26.24,1.0,0.74618995,1
18:02:01.134866,122,1.4281162,2.1329312,-0.36173064,-1.25244,25.64,1.0,3.919141,1
18:02:01.134866,122,1.3571181,2.164637,-0.43856296,-1.25244,50.0,1.0,1.1193094,1
18:02:01.134866,122,1.2023937,2.2542565,-0.43856296,-1.25244,34.12,1.0,0.99245805,1
18:02:01.134866,122,1.2974513,2.3195333,-0.82213724,-1.25244,22.519999,1.0,4.3836336,1
18:02:01.134866,122,1.2252023,2.3533938,-0.5933118,-1.25244,32.239998,1.0,1.3835276,1
18:02:01.134866,122,1.3986624,2.2309012,-0.34424347,-1.25244,45.36,1.0,2.417286,1
18:02:01.134866,122,1.350827,2.2535205,-0.6989378,-1.25244,45.64,1.0,2.0985386,1
18:02:01.134866,122,1.2596296,2.3057365,-0.6989378,-1.32216,38.0,1.0,2.0733232,1
18:02:01.134866,122,1.3956242,2.2260551,-0.6989378,-1.25244,41.239998,1.0,2.9701483,1
18:02:01.134866,122,1.1570711,2.277852,-0.43856296,-1.25244,27.0,1.0,2.2296085,1
18:02:01.134866,122,1.3135569,2.1913447,-0.43856296,-1.25244,58.64,1.0,0.39429083,1
18:02:01.134866,122,1.2168032,2.175354,-0.42786217,-1.25244,25.88,1.0,1.0619135,1
18:02:01.134866,122,1.2435036,2.3313296,-0.26510763,-1.25244,47.52,1.0,1.6521616,1
18:02:01.134866,122,1.2741914,2.3323917,-0.82213724,-1.25244,21.52,1.0,4.5817266,1
18:02:01.134866,122,1.2016075,2.365528,-0.5933118,-1.25244,27.0,1.0,1.9590896,1
18:02:01.134866,122,1.174133,2.3698373,-0.2386725,-1.25244,24.0,1.0,3.3843725,1
18:02:01.134866,122,1.1977721,2.3579776,-0.2386725,-1.25244,30.119999,1.0,2.7779396,1
18:02:01.134866,122,1.2667543,2.3187783,-0.26510763,-1.25244,57.64,1.0,1.4899968,1
18:02:01.134866,122,1.3311162,2.271851,-0.34424347,-1.25244,68.36,1.0,0.8699956,1
18:02:01.134866,122,1.4429978,2.2024837,-0.34424347,-1.25244,36.52,1.0,4.144079,1
18:02:01.134866,122,1.3762839,2.2447762,-0.34424347,-1.25244,55.36,1.0,1.7606114,1
18:02:01.134866,122,1.3282245,2.2669158,-0.6989378,-1.25244,47.76,1.0,1.8748444,1
18:02:01.134866,122,1.2826236,2.2930253,-0.6989378,-1.32216,43.239998,1.0,1.8605201,1
18:02:01.134866,122,1.4178146,2.2119877,-0.6989378,-1.25244,35.76,1.0,3.6144266,1
18:02:01.134866,122,1.4067158,2.1471055,-0.36173064,-1.25244,32.239998,1.0,3.0368404,1
18:02:01.134866,122,1.2472353,2.2297595,-0.43856296,-1.25244,52.64,1.0,0.3317561,1
18:02:01.134866,122,1.2915782,2.2043705,-0.43856296,-1.25244,62.76,1.0,0.23511308,1
18:02:01.134866,122,1.1342351,2.2893085,-0.43856296,-1.25244,21.52,1.0,3.068067,1
18:02:01.134866,122,1.2248758,2.24212,-0.43856296,-1.25244,43.0,1.0,0.59081215,1
18:02:01.134866,122,1.3240049,2.1118207,-0.42786217,-1.25244,23.88,1.0,1.1949577,1
18:02:01.134866,122,1.1949892,2.1874132,-0.42786217,-1.25244,23.359999,1.0,1.4370577,1
18:02:01.186794,123,1.3260032,1.8859625,0.6822208,-0.97412,44.76,1.0,2.5730066,1
18:02:01.186794,123,1.3358607,2.068523,0.7053134,-0.97412,24.88,1.0,2.785035,1
18:02:01.186794,123,1.3630239,2.0213337,1.3275291,-0.97412,11.12,1.0,5.575401,1
18:02:01.186794,123,1.3353763,1.9438894,0.64734834,-0.97412,66.36,1.0,0.35887748,1
18:02:01.186794,123,1.3591249,2.0555072,0.708801,-0.97412,26.76,1.0,2.5423877,1
18:02:01.186794,123,1.3575866,1.9308833,0.6508333,-0.97412,64.76,1.0,0.84847283,1
18:02:01.186794,123,1.4450482,1.8767333,0.66534275,-0.97412,42.12,1.0,5.0562596,1
18:02:01.186794,123,1.3796612,1.9176632,0.6543756,-0.97412,58.64,1.0,1.5609968,1
18:02:01.186794,123,1.4280925,2.0151203,0.71962255,-0.97412,26.519999,1.0,3.1303387,1
18:02:01.186794,123,1.3532426,2.0984545,1.303592,-1.1830001,15.24,1.0,5.680801,1
18:02:01.186794,123,1.4233942,1.890587,0.6616307,-0.97412,50.36,1.0,3.6628466,1
18:02:01.186794,123,1.3130324,1.9566803,0.643921,-0.97412,62.64,1.0,0.090247676,1
18:02:01.186794,123,1.382253,2.042267,0.7123486,-0.97412,27.24,1.0,2.517651,1
18:02:01.186794,123,1.2824856,1.9111594,0.67546934,-0.97412,46.879997,1.0,1.5586021,1
18:02:01.186794,123,1.3043096,1.898666,0.6788169,-0.97412,47.12,1.0,1.9559551,1
18:02:01.186794,123,1.267953,1.9816116,0.6372407,-0.97412,54.879997,1.0,0.20820417,1
18:02:01.186794,123,1.312463,2.0813136,0.7018862,-0.97412,22.119999,1.0,3.2435336,1
18:02:01.186794,123,1.3252596,1.8381616,-0.2939596,-1.46132,6.3599997,0.636,8.356744,1
18:02:01.186794,123,1.3753444,1.8610493,-0.33542812,-1.46132,9.36,0.936,9.40564,1
18:02:01.186794,123,1.1489254,1.9816374,0.6565848,-0.97412,23.88,1.0,3.6882153,1
18:02:01.186794,123,1.1714858,1.9704306,0.6595877,-0.97412,28.519999,1.0,2.8045561,1
18:02:01.186794,123,1.1762911,2.028837,0.6245867,-0.90468,24.24,1.0,3.0132325,1
18:02:01.186794,123,1.193929,1.9590064,0.66264874,-0.97412,33.76,1.0,2.1301446,1
18:02:01.186794,123,1.2223666,2.005667,0.63079506,-0.97412,37.12,1.0,1.1873373,1
18:02:01.186794,123,1.2162528,1.947366,0.6657678,-0.97412,39.239998,1.0,1.6666355,1
18:02:01.186794,123,1.2452221,1.9937494,0.6339884,-0.97412,45.76,1.0,0.59103876,1
18:02:01.186794,123,1.2889341,2.0938773,0.69851965,-0.97412,19.24,1.0,3.9158654,1
18:02:01.186794,123,1.2384549,1.9355106,0.6689444,-0.97412,44.0,1.0,1.415719,1
18:02:01.186794,123,1.1993889,2.0173633,0.62766105,-0.97412,30.0,1.0,1.9953167,1
18:02:01.186794,123,1.193929,1.9590064,0.66264874,-0.97412,33.76,1.0,2.1301446,1
18:02:01.186794,123,1.3043096,1.898666,0.6788169,-0.97412,47.12,1.0,1.9559551,1
18:02:01.186794,123,1.2889341,2.0938773,0.69851965,-0.97412,19.24,1.0,3.9158654,1
18:02:01.186794,123,1.2223666,2.005667,0.63079506,-0.97412,37.12,1.0,1.1873373,1
18:02:01.186794,123,1.3358607,2.068523,0.7053134,-0.97412,24.88,1.0,2.785035,1
18:02:01.186794,123,1.4280925,2.0151203,0.71962255,-0.97412,26.519999,1.0,3.1303387,1
18:02:01.186794,123,1.3753444,1.8610493,-0.33542812,-1.46132,9.36,0.936,9.40564,1
18:02:01.186794,123,1.3252596,1.8381616,-0.2939596,-1.46132,6.3599997,0.636,8.356744,1
18:02:01.186794,123,1.1489254,1.9816374,0.6565848,-0.97412,23.88,1.0,3.6882153,1
18:02:01.186794,123,1.2889341,2.0938773,0.69851965,-0.97412,19.24,1.0,3.9158654,1
18:02:01.186794,123,1.2162528,1.947366,0.6657678,-0.97412,39.239998,1.0,1.6666355,1
18:02:01.186794,123,1.1489254,1.9816374,0.6565848,-0.97412,23.88,1.0,3.6882153,1
18:02:01.186794,123,1.193929,1.9590064,0.66264874,-0.97412,33.76,1.0,2.1301446,1
18:02:01.186794,123,1.3575866,1.9308833,0.6508333,-0.97412,64.76,1.0,0.84847283,1
18:02:01.186794,123,1.382253,2.042267,0.7123486,-0.97412,27.24,1.0,2.517651,1
18:02:01.186794,123,1.3753444,1.8610493,-0.33542812,-1.46132,9.36,0.936,9.40564,1
18:02:01.186794,123,1.1489254,1.9816374,0.6565848,-0.97412,23.88,1.0,3.6882153,1
18:02:01.186794,123,1.3591249,2.0555072,0.708801,-0.97412,26.76,1.0,2.5423877,1
18:02:01.186794,123,1.2162528,1.947366,0.6657678,-0.97412,39.239998,1.0,1.6666355,1
18:02:01.248363,124,1.300646,1.9494562,0.8919831,-0.76552004,83.52,1.0,0.40868545,1
18:02:01.248363,124,1.5306802,1.7511483,0.59212935,-0.76552004,11.12,1.0,4.877534,1
18:02:01.248363,124,1.1411138,2.1377382,1.0792964,-0.97412,23.119999,1.0,5.6034174,1
18:02:01.248363,124,1.3575866,1.9308833,0.6508333,-0.76552004,11.12,1.0,1.8734459,1
18:02:01.248363,124,1.1352161,1.9019934,1.0695634,-0.97412,24.119999,1.0,4.192998,1
18:02:01.248363,124,1.4012127,1.7628188,0.9955118,-0.90468,15.759999,1.0,3.8026419,1
18:02:01.248363,124,1.1622188,2.0333347,0.7484099,-0.76552004,17.359999,1.0,3.7786531,1
18:02:01.248363,124,1.4351043,1.8108737,0.8248521,-0.90468,32.36,1.0,1.983449,1
18:02:01.248363,124,1.2886113,1.8710784,1.0416315,-0.97412,61.12,1.0,1.012724,1
18:02:01.248363,124,1.2248758,2.0522132,0.9960773,-0.97412,49.52,1.0,2.4377809,1
18:02:01.248363,124,1.3054894,2.0214942,0.73474866,-0.76552004,9.0,0.9,3.489321,1
18:02:01.248363,124,1.4879208,1.848402,0.6729341,-0.83496004,12.0,1.0,3.892294,1
18:02:01.248363,124,1.0788852,1.995423,1.0334507,-0.97412,17.88,1.0,4.291051,1
18:02:01.248363,124,1.3347477,1.874988,0.95180595,-0.97412,64.119995,1.0,0.51165265,1
18:02:01.248363,124,1.3902798,1.8466036,0.692767,-0.76552004,46.36,1.0,1.0013449,1
18:02:01.248363,124,1.2578381,1.9564512,1.0070329,-0.97412,94.52,1.0,0.41099852,1
18:02:01.248363,124,1.4945991,1.7769246,0.7114374,-0.83496004,20.64,1.0,3.5282774,1
18:02:01.248363,124,1.2953557,1.7984418,1.0728174,-0.90468,17.88,1.0,3.544697,1
18:02:01.248363,124,1.2152553,1.8469496,1.0598198,-0.97412,27.76,1.0,3.210713,1
18:02:01.248363,124,1.2303251,1.9986669,0.75769913,-0.76552004,26.88,1.0,1.8527539,1
18:02:01.248363,124,1.3728682,1.8515612,0.81394994,-0.90468,53.879997,1.0,0.5761884,1
18:02:01.248363,124,1.3966094,1.8354106,0.9624107,-0.90468,35.76,1.0,1.8769811,1
18:02:01.248363,124,1.1341434,2.0652993,1.081251,-0.97412,25.88,1.0,2.825685,1
18:02:01.248363,124,1.1842754,1.9308064,1.0256274,-0.97412,53.879997,1.0,1.4018214,1
18:02:01.248363,124,1.3043096,1.898666,0.6788169,-0.76552004,49.12,1.0,0.9175039,1
18:02:01.248363,124,1.1730556,2.0135767,1.0175081,-0.97412,34.0,1.0,1.3955231,1
18:02:01.248363,124,1.4233942,1.890587,0.6616307,-0.76552004,12.88,1.0,2.410004,1
18:02:01.248363,124,1.321666,1.9190742,1.017048,-0.97412,82.64,1.0,0.8695349,1
18:02:01.248363,124,1.1853352,2.1056128,1.0613116,-0.97412,38.12,1.0,4.396705,1
18:02:01.248363,124,1.2672276,2.017729,0.9788904,-0.97412,76.64,1.0,1.8230208,1
18:02:01.248363,124,1.4340208,1.7974012,0.94701606,-1.11328,21.119999,1.0,3.0470705,1
18:02:01.248363,124,1.1437178,1.9632175,1.0420802,-0.97412,30.359999,1.0,2.1157804,1
18:02:01.248363,124,1.2596296,2.0462723,0.7281094,-0.76552004,7.52,0.752,3.928582,1
18:02:01.248363,124,1.275118,1.9744654,0.76418394,-0.76552004,41.76,1.0,1.1572746,1
18:02:01.248363,124,1.4533052,1.8054001,0.7038074,-0.83496004,25.359999,1.0,2.204042,1
18:02:01.248363,124,1.3475642,1.87305,0.6856807,-0.76552004,52.12,1.0,0.7374193,1
18:02:01.248363,124,1.3437791,1.9239122,0.8988276,-0.97412,67.76,1.0,0.73032606,1
18:02:01.248363,124,1.2168032,1.9904919,1.0236938,-0.97412,61.12,1.0,0.8018506,1
18:02:01.248363,124,1.3294582,1.845789,1.0484078,-0.97412,34.88,1.0,1.6133564,1
18:02:01.248363,124,1.247249,1.8955737,1.035068,-0.97412,73.76,1.0,0.83822757,1
18:02:01.248363,124,1.3616804,1.7895072,0.98836064,-0.90468,26.24,1.0,2.5745475,1
18:02:01.248363,124,1.2555566,1.8230826,1.066215,-0.97412,24.76,1.0,3.1594174,1
18:02:01.248363,124,1.1744679,1.8700333,1.0536346,-0.97412,29.24,1.0,3.709819,1
18:02:01.248363,124,1.2826236,2.033994,0.73139936,-0.76552004,8.12,0.812,3.6527536,1
18:02:01.248363,124,1.3796612,1.9176632,0.6543756,-0.76552004,12.24,1.0,1.9446634,1
18:02:01.248363,124,1.3353763,1.9438894,0.64734834,-0.76552004,10.0,1.0,1.9120644,1
18:02:01.248363,124,1.4665579,1.8626711,0.66911066,-0.76552004,12.639999,1.0,3.2955554,1
18:02:01.248363,124,1.4450482,1.8767333,0.66534275,-0.76552004,13.0,1.0,2.800994,1
18:02:01.303416,125,1.2900155,1.8895314,0.92232984,-0.83496004,197.87999,1.0,0.6925073,1
18:02:01.303416,125,1.193929,1.9590064,0.66264874,-0.6958,12.639999,1.0,2.212013,1
18:02:01.303416,125,1.511892,1.8262534,0.8038972,-0.83496004,15.12,1.0,5.127395,1
18:02:01.303416,125,1.0618343,1.88344,0.9525419,-0.76552004,15.0,1.0,4.47109,1
18:02:01.303416,125,1.1854823,1.8078548,1.1058223,-0.76552004,17.119999,1.0,2.993522,1
18:02:01.303416,125,1.3460778,1.7306949,1.0177696,-0.83496004,18.76,1.0,3.6341012,1
18:02:01.303416,125,1.3194008,1.9494034,0.77089924,-0.83496004,25.64,1.0,2.9121916,1
18:02:01.303416,125,1.403859,1.6957576,0.88936526,-0.83496004,18.24,1.0,5.056153,1
18:02:01.303416,125,1.1121453,1.9957546,0.77531344,-0.6958,17.24,1.0,3.5614161,1
18:02:01.303416,125,1.1615257,1.9605929,0.90328896,-0.83496004,33.36,1.0,1.9066806,1
18:02:01.303416,125,1.3937536,1.8381994,0.8175303,-0.83496004,85.52,1.0,1.1194528,1
18:02:01.303416,125,1.2481384,1.7933534,1.0009803,-0.76552004,45.239998,1.0,1.8547556,1
18:02:01.303416,125,1.3043096,1.898666,0.6788169,-0.6958,22.76,1.0,0.7436441,1
18:02:01.303416,125,1.2010207,1.9510617,0.78728884,-0.6958,37.239998,1.0,1.3999199,1
18:02:01.303416,125,1.1470795,1.8512056,0.9854788,-0.76552004,38.36,1.0,2.184473,1
18:02:01.303416,125,1.3223034,1.8307437,0.8616973,-0.83496004,166.87999,1.0,0.2320748,1
18:02:01.303416,125,1.3387822,1.7921065,0.9627247,-0.83496004,43.879997,1.0,1.18926,1
18:02:01.303416,125,1.2164745,1.8661743,0.94287825,-0.83496004,77.36,1.0,0.44641843,1
18:02:01.303416,125,1.4000883,1.7666891,0.85352534,-0.83496004,50.239998,1.0,1.794294,1
18:02:01.303416,125,1.38483,1.9102192,0.78139865,-0.83496004,27.24,1.0,2.9829936,1
18:02:01.303416,125,1.0956838,1.9932998,0.8945252,-0.6958,14.5199995,1.0,3.5358493,1
18:02:01.303416,125,1.348985,1.7467293,0.9004092,-0.83496004,31.76,1.0,2.535457,1
18:02:01.303416,125,1.3306875,1.8776764,0.8069524,-0.83496004,173.23999,1.0,0.50701994,1
18:02:01.303416,125,1.266424,1.9153085,0.7968689,-0.83496004,105.88,1.0,0.60221463,1
18:02:01.303416,125,1.4960489,1.7684014,0.83623254,-0.83496004,26.24,1.0,3.7500727,1
18:02:01.303416,125,1.1536509,1.9005175,0.93367606,-0.76552004,39.64,1.0,1.1653986,1
18:02:01.303416,125,1.2782036,1.8300266,0.95256406,-0.83496004,83.119995,1.0,0.45282677,1
18:02:01.303416,125,1.0897889,1.9330249,0.92496574,-0.76552004,16.359999,1.0,2.6119304,1
18:02:01.303416,125,1.4701203,1.8550584,0.79617894,-0.83496004,19.88,1.0,4.1101675,1
18:02:01.303416,125,1.4277607,1.8830508,0.7886784,-0.83496004,22.76,1.0,3.3973217,1
18:02:01.303416,125,1.2384549,1.9355106,0.6689444,-0.6958,16.88,1.0,1.3799318,1
18:02:01.303416,125,1.1568143,1.9738374,0.78118616,-0.6958,27.88,1.0,2.3228505,1
18:02:01.303416,125,1.4555655,1.7969128,0.82859296,-0.83496004,44.36,1.0,2.4520524,1
18:02:01.303416,125,1.2048433,1.9377347,0.9094138,-0.83496004,71.36,1.0,1.2004303,1
18:02:01.303416,125,1.2476789,1.9140444,0.9157616,-0.83496004,110.759995,1.0,0.79581493,1
18:02:01.303416,125,1.3632957,1.804802,0.8686484,-0.83496004,74.119995,1.0,0.775072,1
18:02:01.303416,125,1.43987,1.7392563,0.8608759,-0.83496004,26.519999,1.0,3.0357711,1
18:02:01.303416,125,1.3072922,1.7563254,1.0109019,-0.83496004,29.76,1.0,2.6665535,1
18:02:01.303416,125,1.1878614,1.8286511,0.9915223,-0.76552004,46.239998,1.0,1.801271,1
18:02:01.303416,125,1.1034265,1.8625245,0.9581462,-0.76552004,24.0,1.0,3.3928723,1
18:02:01.303416,125,1.3631558,1.9234911,0.77784246,-0.83496004,27.359999,1.0,2.8863626,1
18:02:01.303416,125,1.4910808,1.8407568,0.80001104,-0.83496004,17.24,1.0,4.580307,1
18:02:01.303416,125,1.4063658,1.8967386,0.78501076,-0.83496004,25.359999,1.0,3.1531494,1
18:02:01.303416,125,1.2824856,1.9111594,0.67546934,-0.6958,19.64,1.0,0.87424594,1
18:02:01.303416,125,1.2162528,1.947366,0.6657678,-0.6958,14.5199995,1.0,1.7550945,1
18:02:01.303416,125,1.4351043,1.8108737,0.8248521,-0.83496004,60.64,1.0,1.9267561,1
18:02:01.303416,125,1.2879747,1.9029716,0.8001746,-0.83496004,146.64,1.0,0.49232674,1
18:02:01.303416,125,1.2447466,1.9274366,0.7936192,-0.83496004,73.24,1.0,0.7900979,1
18:02:01.354232,126,1.3937536,1.8381994,0.8175303,-0.6958,18.52,1.0,5.349711,1
18:02:01.354232,126,1.3294582,1.845789,1.0484078,-0.83496004,89.759995,1.0,1.4617969,1
18:02:01.354232,126,1.2976481,1.8079445,1.0947638,-0.83496004,78.119995,1.0,0.22000504,1
18:02:01.354232,126,1.3091003,1.8585323,1.0449932,-0.83496004,96.0,1.0,1.8759863,1
18:02:01.354232,126,1.331836,1.8642054,0.92911595,-0.6958,61.12,1.0,4.3347836,1
18:02:01.354232,126,1.27552,1.8108582,1.0694904,-0.83496004,85.52,1.0,0.10709773,1
18:02:01.354232,126,1.295104,1.8079153,1.2737712,-0.90468,37.12,1.0,1.8068913,1
18:02:01.354232,126,1.2561622,1.8325595,1.2671678,-0.90468,41.879997,1.0,0.88679636,1
18:02:01.354232,126,1.3235795,1.8226753,1.1645368,-0.83496004,67.52,1.0,0.61305124,1
18:02:01.354232,126,1.4384707,1.8166213,1.1570215,-0.83496004,49.52,1.0,3.3671296,1
18:02:01.354232,126,1.3156347,1.8031093,1.2991699,-0.90468,32.0,1.0,2.4370854,1
18:02:01.354232,126,1.343281,1.8097953,1.1679881,-0.83496004,56.239998,1.0,0.9456553,1
18:02:01.354232,126,1.3921858,1.8160713,1.0815079,-0.83496004,69.24,1.0,1.638511,1
18:02:01.354232,126,1.3347992,1.7903086,1.3025998,-0.90468,27.0,1.0,3.3407645,1
18:02:01.354232,126,1.3647007,1.8054471,1.1937993,-0.83496004,46.12,1.0,1.528241,1
18:02:01.354232,126,1.3987277,1.8440275,1.1496781,-0.83496004,58.76,1.0,2.9720418,1
18:02:01.354232,126,1.4034768,1.7787077,1.2009641,-0.83496004,37.76,1.0,3.0929408,1
18:02:01.354232,126,1.4226555,1.7650584,1.2046213,-0.83496004,31.0,1.0,4.194957,1
18:02:01.354232,126,1.4581274,1.8026317,1.16077,-0.83496004,41.52,1.0,3.875057,1
18:02:01.354232,126,1.3520718,1.8425796,1.0744051,-0.83496004,80.119995,1.0,1.6727475,1
18:02:01.354232,126,1.2782036,1.8300266,0.95256406,-0.6958,97.119995,1.0,0.65271246,1
18:02:01.354232,126,1.232224,1.8199631,1.1983647,-0.6958,45.12,1.0,0.91109437,1
18:02:01.354232,126,1.2125084,1.8317703,1.195201,-0.6958,45.76,1.0,0.78473026,1
18:02:01.354232,126,1.2555566,1.8230826,1.066215,-0.83496004,86.88,1.0,0.11889346,1
18:02:01.354232,126,1.1240581,1.8517665,0.9610288,-0.76552004,41.52,1.0,3.0059736,1
18:02:01.354232,126,1.163266,1.8447156,0.84945214,-0.6958,53.64,1.0,3.1356893,1
18:02:01.354232,126,1.117,1.802662,1.0120823,-0.6958,29.119999,1.0,3.857217,1
18:02:01.354232,126,1.1445773,1.8408097,0.96396464,-0.6958,50.36,1.0,2.2307572,1
18:02:01.354232,126,1.1840038,1.833379,0.8524897,-0.6958,63.239998,1.0,2.245366,1
18:02:01.354232,126,1.1436702,1.820996,1.0784508,-0.6958,34.239998,1.0,2.2245338,1
18:02:01.354232,126,1.1852703,1.8183044,0.96999496,-0.6958,60.879997,1.0,1.1394978,1
18:02:01.354232,126,1.2046233,1.8218428,0.85558087,-0.6958,73.88,1.0,1.5089715,1
18:02:01.354232,126,1.1131072,1.808246,0.87605804,-0.76552004,34.12,1.0,3.868019,1
18:02:01.354232,126,1.20544,1.806758,0.9730888,-0.6958,72.0,1.0,0.8347369,1
18:02:01.354232,126,1.1656464,1.8192099,1.1027796,-0.6958,39.36,1.0,1.7076395,1
18:02:01.354232,126,1.2577523,1.8422744,0.9492822,-0.6958,92.759995,1.0,1.1618041,1
18:02:01.354232,126,1.2281682,1.8053132,0.9977757,-0.6958,81.759995,1.0,0.46583167,1
18:02:01.354232,126,1.1849515,1.813899,1.3021642,-0.90468,12.759999,1.0,3.3781607,1
18:02:01.354232,126,1.5576108,1.5880609,-0.15627377,-0.13916,15.88,1.0,9.424152,1
18:02:01.354232,126,1.2371753,1.8543241,0.94605356,-0.6958,84.36,1.0,1.8354928,1
18:02:01.354232,126,1.1910528,1.834778,1.1703953,-0.6958,43.64,1.0,0.93649876,1
18:02:01.354232,126,1.2371753,1.8543241,0.94605356,-0.6958,84.36,1.0,1.8354928,1
18:02:01.354232,126,1.2281682,1.8053132,0.9977757,-0.6958,81.759995,1.0,0.46583167,1
18:02:01.354232,126,1.2046233,1.8218428,0.85558087,-0.6958,73.88,1.0,1.5089715,1
18:02:01.354232,126,1.4226555,1.7650584,1.2046213,-0.83496004,31.0,1.0,4.194957,1
18:02:01.354232,126,1.1656464,1.8192099,1.1027796,-0.6958,39.36,1.0,1.7076395,1
18:02:01.354232,126,1.3937536,1.8381994,0.8175303,-0.6958,18.52,1.0,5.349711,1
18:02:01.354232,126,1.232224,1.8199631,1.1983647,-0.6958,45.12,1.0,0.91109437,1
18:02:01.414718,127,1.2805775,1.9125782,-0.4188397,-0.76552004,50.64,1.0,0.025294378,1
18:02:01.414718,127,1.3159739,1.72171,1.303407,-0.83496004,18.64,1.0,7.8502135,1
18:02:01.414718,127,1.4751451,1.9812738,-1.7634418,-0.27832,7.8799996,0.788,9.926668,1
18:02:01.414718,127,1.1424117,1.8558513,-1.1535317,-0.62636,21.24,1.0,3.6299934,1
18:02:01.414718,127,1.5003307,1.6357876,0.787957,-0.76552004,15.36,1.0,6.419769,1
18:02:01.414718,127,1.4428517,1.9379003,-0.7473706,-0.76552004,23.0,1.0,2.8136606,1
18:02:01.414718,127,1.1018369,1.8263295,-0.7948525,-0.76552004,20.76,1.0,4.2181973,1
18:02:01.414718,127,1.174046,1.8726324,-0.110603906,-0.90468,8.24,0.824,1.8488127,1
18:02:01.414718,127,1.266424,2.1614392,-0.66641706,-0.62636,5.7599998,0.576,4.461688,1
18:02:01.414718,127,1.1214797,1.9587051,-0.29507974,-0.76552004,25.0,1.0,2.8907979,1
18:02:01.414718,127,1.2528918,1.9546853,-0.617636,-0.76552004,103.64,1.0,0.19282553,1
18:02:01.414718,127,1.3745662,1.6748748,1.1176039,-0.76552004,17.359999,1.0,6.2133327,1
18:02:01.414718,127,1.3865397,1.6389563,0.9214191,-0.76552004,23.64,1.0,5.585312,1
18:02:01.414718,127,1.2974751,1.8564031,-0.22724582,-0.83496004,22.64,1.0,0.16880643,1
18:02:01.414718,127,1.3037759,2.0340717,-0.7473706,-0.76552004,40.879997,1.0,1.1703422,1
18:02:01.414718,127,1.4351043,2.0533204,-0.66641706,-0.76552004,8.24,0.824,4.1740556,1
18:02:01.414718,127,1.4960489,1.7684014,0.83623254,-0.76552004,7.8799996,0.788,5.6542544,1
18:02:01.414718,127,1.367848,1.8760395,-0.617636,-0.76552004,31.24,1.0,0.805234,1
18:02:01.414718,127,1.0832407,1.8532639,-0.93019533,-0.76552004,18.24,1.0,4.580685,1
18:02:01.414718,127,1.2447466,1.9274366,-1.2063808,-0.62636,5.3599997,0.536,1.5603633,1
18:02:01.414718,127,1.1852703,2.022932,-0.5242967,-0.76552004,49.36,1.0,1.5992618,1
18:02:01.414718,127,1.1445773,1.8408097,-1.0360353,-0.76552004,36.12,1.0,3.429605,1
18:02:01.414718,127,1.1436702,1.9974616,-0.4188397,-0.76552004,40.879997,1.0,2.3038092,1
18:02:01.414718,127,1.2046233,2.0559626,-0.6338964,-0.76552004,48.239998,1.0,1.7221498,1
18:02:01.414718,127,1.3518455,2.1090667,-0.66641706,-0.76552004,7.0,0.7,3.6478066,1
18:02:01.414718,127,1.2369134,1.8879321,-0.29507974,-0.76552004,36.0,1.0,0.38281456,1
18:02:01.414718,127,1.3300837,1.944178,-0.72867894,-0.76552004,84.88,1.0,0.4939802,1
18:02:01.414718,127,1.4255898,1.6227775,0.8107941,-0.76552004,27.0,1.0,5.624838,1
18:02:01.414718,127,1.2226325,1.9501292,-0.4188397,-0.76552004,78.64,1.0,0.52983683,1
18:02:01.414718,127,1.33737,1.873306,-0.4188397,-0.76552004,28.88,1.0,0.21979287,1
18:02:01.414718,127,1.1797274,1.9241844,-0.29507974,-0.76552004,37.52,1.0,1.2883146,1
18:02:01.414718,127,1.1931053,1.8920351,-1.1800611,-0.62636,15.5199995,1.0,2.2171676,1
18:02:01.414718,127,1.3840742,1.9803075,-0.7473706,-0.76552004,34.64,1.0,1.6262287,1
18:02:01.414718,127,1.4811981,1.5806582,0.82207996,-0.76552004,16.64,1.0,7.331641,1
18:02:01.414718,127,1.3878018,1.9034066,-0.72867894,-0.76552004,48.0,1.0,1.3206959,1
18:02:01.414718,127,1.3058732,1.993187,-0.6338964,-0.76552004,100.24,1.0,0.6004938,1
18:02:01.414718,127,1.2355237,2.1087008,-0.65015674,-0.62636,23.64,1.0,2.754681,1
18:02:01.414718,127,1.475881,2.0242095,-0.66641706,-0.76552004,8.12,0.812,4.9322586,1
18:02:01.414718,127,1.3937536,2.08161,-0.66641706,-0.76552004,7.8799996,0.788,3.7449057,1
18:02:01.414718,127,1.3441938,2.007591,-0.7473706,-0.76552004,42.76,1.0,1.2360741,1
18:02:01.414718,127,1.4621582,1.664404,0.7802893,-0.76552004,18.76,1.0,5.231719,1
18:02:01.414718,127,1.2628365,2.0597386,-0.7473706,-0.62636,29.24,1.0,1.4318011,1
18:02:01.414718,127,1.1840038,1.833379,-1.1475103,-0.76552004,36.0,1.0,3.3412933,1
18:02:01.414718,127,1.2657509,2.018904,-0.6338964,-0.76552004,84.88,1.0,0.80562794,1
18:02:01.414718,127,1.1034265,1.8625245,-1.0418538,-0.76552004,20.64,1.0,4.070289,1
18:02:01.414718,127,1.2254891,1.9988236,-0.5242967,-0.76552004,89.36,1.0,0.8078734,1
18:02:01.414718,127,1.4235053,1.6118125,0.9286923,-0.76552004,18.24,1.0,6.274682,1
18:02:01.414718,127,1.2917323,1.9292382,-0.617636,-0.76552004,79.119995,1.0,0.083540365,1
18:02:01.465162,128,1.3257394,1.7484965,0.87523395,-0.55664,36.36,1.0,0.07260213,1
18:02:01.465162,128,1.3642023,1.7326696,0.7619976,-0.62636,18.119999,1.0,0.5324201,1
18:02:01.465162,128,1.2262439,1.7175455,1.3338673,-0.83496004,12.639999,1.0,9.121807,1
18:02:01.465162,128,1.3300562,1.6783197,0.9108717,-0.6958,24.519999,1.0,1.8101491,1
18:02:01.465162,128,1.3650723,1.7225044,0.8821985,-0.6958,35.239998,1.0,0.49155176,1
18:02:01.465162,128,1.3845348,1.7092247,0.8857568,-0.6958,32.36,1.0,1.0373191,1
18:02:01.465162,128,1.4370428,1.7250615,0.98068935,-0.83496004,24.64,1.0,3.1746383,1
18:02:01.465162,128,1.4594595,1.6696696,0.6576358,-0.62636,6.8799996,0.68799996,3.2080278,1
18:02:01.465162,128,1.398156,1.7524483,0.97335106,-0.83496004,28.64,1.0,1.5953426,1
18:02:01.465162,128,1.43987,1.7392563,0.8608759,-0.83496004,16.52,1.0,2.8504763,1
18:02:01.465162,128,1.4595459,1.725253,0.8646281,-0.83496004,15.0,1.0,3.6267297,1
18:02:01.465162,128,1.2917323,1.7036451,0.9040858,-0.6958,26.76,1.0,0.9563826,1
18:02:01.465162,128,1.4234009,1.6922773,0.77282065,-0.62636,17.64,1.0,1.8378865,1
18:02:01.465162,128,1.3441938,1.7457503,0.75849265,-0.62636,17.24,1.0,0.5491815,1
18:02:01.465162,128,1.3840742,1.7193964,0.76555413,-0.62636,18.24,1.0,0.739757,1
18:02:01.465162,128,1.2723757,1.7160288,0.90076756,-0.6958,28.0,1.0,0.860104,1
18:02:01.465162,128,1.3058732,1.7612063,0.8718284,-0.55664,35.239998,1.0,0.19408257,1
18:02:01.465162,128,1.2111095,1.762996,0.7732227,-0.55664,20.76,1.0,2.4916704,1
18:02:01.465162,128,1.20544,1.806758,0.9730888,-0.6958,24.24,1.0,2.4346237,1
18:02:01.465162,128,1.2664683,1.7329316,0.66252196,-0.62636,12.759999,1.0,1.2793196,1
18:02:01.465162,128,1.2254891,1.7950175,0.9762347,-0.6958,26.519999,1.0,1.5969852,1
18:02:01.465162,128,1.231253,1.7512002,0.77638334,-0.55664,24.519999,1.0,1.6144192,1
18:02:01.465162,128,1.2866051,1.7206012,0.6658259,-0.62636,14.36,1.0,0.72703826,1
18:02:01.465162,128,1.2167177,1.8564465,1.2607672,-0.83496004,19.119999,1.0,3.020566,1
18:02:01.465162,128,1.2858764,1.7737236,0.86847436,-0.55664,32.36,1.0,0.5327182,1
18:02:01.465162,128,1.324051,1.758637,0.75503963,-0.62636,15.88,1.0,0.7873091,1
18:02:01.465162,128,1.204219,1.80236,1.305256,-0.83496004,19.359999,1.0,3.9407396,1
18:02:01.465162,128,1.2657509,1.7860471,0.86517227,-0.55664,28.64,1.0,1.085957,1
18:02:01.465162,128,1.3642023,1.7326696,0.7619976,-0.62636,18.119999,1.0,0.5324201,1
18:02:01.465162,128,1.398156,1.7524483,0.97335106,-0.83496004,28.64,1.0,1.5953426,1
18:02:01.465162,128,1.43987,1.7392563,0.8608759,-0.83496004,16.52,1.0,2.8504763,1
18:02:01.465162,128,1.3840742,1.7193964,0.76555413,-0.62636,18.24,1.0,0.739757,1
18:02:01.465162,128,1.231253,1.7512002,0.77638334,-0.55664,24.519999,1.0,1.6144192,1
18:02:01.465162,128,1.3257394,1.7484965,0.87523395,-0.55664,36.36,1.0,0.07260213,1
18:02:01.465162,128,1.3840742,1.7193964,0.76555413,-0.62636,18.24,1.0,0.739757,1
18:02:01.465162,128,1.2657509,1.7860471,0.86517227,-0.55664,28.64,1.0,1.085957,1
18:02:01.465162,128,1.2723757,1.7160288,0.90076756,-0.6958,28.0,1.0,0.860104,1
18:02:01.465162,128,1.2657509,1.7860471,0.86517227,-0.55664,28.64,1.0,1.085957,1
18:02:01.465162,128,1.398156,1.7524483,0.97335106,-0.83496004,28.64,1.0,1.5953426,1
18:02:01.465162,128,1.2111095,1.762996,0.7732227,-0.55664,20.76,1.0,2.4916704,1
18:02:01.465162,128,1.3650723,1.7225044,0.8821985,-0.6958,35.239998,1.0,0.49155176,1
18:02:01.465162,128,1.4234009,1.6922773,0.77282065,-0.62636,17.64,1.0,1.8378865,1
18:02:01.465162,128,1.43987,1.7392563,0.8608759,-0.83496004,16.52,1.0,2.8504763,1
18:02:01.465162,128,1.2858764,1.7737236,0.86847436,-0.55664,32.36,1.0,0.5327182,1
18:02:01.465162,128,1.2866051,1.7206012,0.6658259,-0.62636,14.36,1.0,0.72703826,1
18:02:01.465162,128,1.2167177,1.8564465,1.2607672,-0.83496004,19.119999,1.0,3.020566,1
18:02:01.465162,128,1.2167177,1.8564465,1.2607672,-0.83496004,19.119999,1.0,3.020566,1
18:02:01.465162,128,1.4234009,1.6922773,0.77282065,-0.62636,17.64,1.0,1.8378865,1
18:02:01.522662,129,1.2730116,1.7102698,1.0368388,-0.76552004,141.64,1.0,0.083878465,1
18:02:01.522662,129,1.137296,1.702196,1.3438656,-0.83496004,12.36,1.0,2.984588,1
18:02:01.522662,129,1.4253296,1.5527158,0.98473155,-0.83496004,28.64,1.0,4.197574,1
18:02:01.522662,129,1.0736612,1.7928839,1.0977066,-0.6958,27.359999,1.0,3.5546477,1
18:02:01.522662,129,1.2164745,1.8661743,0.94287825,-0.62636,15.639999,1.0,3.050688,1
18:02:01.522662,129,1.4370428,1.7250615,0.98068935,-0.83496004,18.88,1.0,3.7179067,1
18:02:01.522662,129,1.2897397,1.5482353,1.0851731,-0.76552004,21.359999,1.0,3.3621287,1
18:02:01.522662,129,1.1288273,1.6534333,1.0569854,-0.6958,33.239998,1.0,3.0944033,1
18:02:01.522662,129,1.3387822,1.7921065,0.9627247,-0.62636,25.88,1.0,2.0495372,1
18:02:01.522662,129,1.3634641,1.6367358,1.0328796,-0.76552004,59.359997,1.0,1.3670652,1
18:02:01.522662,129,1.4742641,1.6252738,1.0217173,-0.83496004,28.359999,1.0,4.7967157,1
18:02:01.522662,129,1.2481384,1.7933534,1.0009803,-0.76552004,87.88,1.0,0.9475743,1
18:02:01.522662,129,1.1635873,1.8098527,1.0814366,-0.6958,73.119995,1.0,1.8303924,1
18:02:01.522662,129,1.2015513,1.6084079,1.0690498,-0.76552004,37.12,1.0,2.3277757,1
18:02:01.522662,129,1.1470795,1.8512056,0.9854788,-0.62636,35.239998,1.0,3.029158,1
18:02:01.522662,129,1.12544,1.7325565,1.0445173,-0.6958,44.12,1.0,1.9384131,1
18:02:01.522662,129,1.3431414,1.7205619,0.99618495,-0.83496004,87.0,1.0,0.82935584,1
18:02:01.522662,129,1.3522213,1.5371948,1.0050907,-0.76552004,34.239998,1.0,3.79564,1
18:02:01.522662,129,1.2907038,1.6177677,1.052252,-0.76552004,57.64,1.0,1.081552,1
18:02:01.522662,129,1.1987314,1.6778954,1.0361408,-0.6958,103.88,1.0,0.7870575,1
18:02:01.522662,129,1.2782036,1.8300266,0.95256406,-0.62636,23.119999,1.0,2.1353972,1
18:02:01.522662,129,1.1959624,1.7579731,1.0240567,-0.6958,95.0,1.0,0.5915939,1
18:02:01.522662,129,1.4189162,1.6671959,1.0104843,-0.83496004,43.879997,1.0,2.5653021,1
18:02:01.522662,129,1.1034949,1.8427026,1.0726346,-0.6958,34.76,1.0,3.6017735,1
18:02:01.522662,129,1.3072922,1.7563254,1.0109019,-0.76552004,108.0,1.0,0.79499185,1
18:02:01.522662,129,1.3079207,1.6754441,1.0225077,-0.76552004,101.36,1.0,0.29659387,1
18:02:01.522662,129,1.378502,1.7658587,0.9697578,-0.83496004,23.64,1.0,2.4471402,1
18:02:01.522662,129,1.1878614,1.8286511,0.9915223,-0.62636,44.239998,1.0,1.9196395,1
18:02:01.522662,129,1.2347339,1.7344936,1.030348,-0.6958,138.87999,1.0,0.15751086,1
18:02:01.522662,129,1.3998145,1.6100438,1.0400317,-0.83496004,35.88,1.0,2.522759,1
18:02:01.522662,129,1.1636287,1.710445,1.050442,-0.6958,73.36,1.0,1.086331,1
18:02:01.522662,129,1.326602,1.5924855,1.0590264,-0.76552004,44.239998,1.0,1.820239,1
18:02:01.522662,129,1.2358929,1.6543779,1.0424423,-0.76552004,104.36,1.0,0.6371467,1
18:02:01.522662,129,1.0917807,1.6748835,1.0512378,-0.6958,24.76,1.0,4.016567,1
18:02:01.522662,129,1.2371995,1.5848505,1.0753621,-0.76552004,30.0,1.0,2.4777107,1
18:02:01.522662,129,1.1654223,1.6312718,1.0629236,-0.6958,38.12,1.0,2.5324416,1
18:02:01.522662,129,1.366011,1.5140015,0.988502,-0.76552004,27.0,1.0,4.9217005,1
18:02:01.522662,129,1.2577523,1.8422744,0.9492822,-0.62636,20.52,1.0,2.3477032,1
18:02:01.522662,129,1.298527,1.8175818,0.9558986,-0.62636,25.0,1.0,2.0152378,1
18:02:01.522662,129,1.35871,1.7790785,0.96621555,-0.76552004,25.359999,1.0,2.2031305,1
18:02:01.522662,129,1.4562716,1.7110878,0.9844336,-0.83496004,16.52,1.0,4.319917,1
18:02:01.522662,129,1.2371753,1.8543241,0.94605356,-0.62636,18.0,1.0,2.6526349,1
18:02:01.522662,129,1.398156,1.7524483,0.97335106,-0.83496004,21.359999,1.0,2.7811806,1
18:02:01.522662,129,1.2080753,1.8170794,0.9946229,-0.62636,56.12,1.0,1.503809,1
18:02:01.522662,129,1.2679839,1.7812015,1.0042363,-0.76552004,102.36,1.0,0.80624706,1
18:02:01.522662,129,1.3267514,1.7436038,1.0143107,-0.76552004,101.759995,1.0,0.92424303,1
18:02:01.522662,129,1.2281682,1.8053132,0.9977757,-0.76552004,71.119995,1.0,1.1799439,1
18:02:01.522662,129,1.4375099,1.6534003,1.0141809,-0.83496004,35.0,1.0,3.2210588,1
18:02:01.575849,130,1.3136446,1.62171,0.9428077,-0.76552004,69.119995,1.0,0.8541513,1
18:02:01.575849,130,1.1733583,1.608116,1.3749596,-0.90468,5.64,0.564,6.3575783,1
18:02:01.575849,130,1.2929493,1.588787,0.62742513,-0.62636,10.0,1.0,2.8171687,1
18:02:01.575849,130,1.1845835,1.5510794,1.098701,-0.76552004,17.0,1.0,2.890133,1
18:02:01.575849,130,1.4628077,1.5948768,0.8182701,-0.76552004,12.0,1.0,3.9327736,1
18:02:01.575849,130,1.1339202,1.6814536,0.9664367,-0.6958,29.0,1.0,4.9453683,1
18:02:01.575849,130,1.4171149,1.473674,0.9993077,-0.83496004,23.64,1.0,4.5329976,1
18:02:01.575849,130,1.2578224,1.6706704,0.81731224,-0.62636,23.88,1.0,1.8054252,1
18:02:01.575849,130,1.2771747,1.5096817,1.0064934,-0.76552004,32.239998,1.0,2.5345044,1
18:02:01.575849,130,1.3882389,1.5881909,0.72314227,-0.76552004,13.0,1.0,0.92701745,1
18:02:01.575849,130,1.4417754,1.5979741,0.9324002,-1.04384,29.119999,1.0,4.4655886,1
18:02:01.575849,130,1.3522027,1.60763,0.8342039,-0.76552004,35.52,1.0,0.4468633,1
18:02:01.575849,130,1.1720155,1.5806751,0.9874708,-0.6958,37.76,1.0,2.897952,1
18:02:01.575849,130,1.2200376,1.6829064,0.92641014,-0.6958,40.12,1.0,3.138244,1
18:02:01.575849,130,1.3125664,1.6403735,0.70916,-0.62636,10.88,1.0,0.85850185,1
18:02:01.575849,130,1.3487009,1.5271126,0.98498887,-0.76552004,46.879997,1.0,1.236651,1
18:02:01.575849,130,1.34475,1.4590232,1.0200673,-0.76552004,18.64,1.0,5.11036,1
18:02:01.575849,130,1.2601625,1.590125,0.9681048,-0.76552004,72.36,1.0,0.31141904,1
18:02:01.575849,130,1.4216189,1.5424242,0.9640522,-1.04384,39.36,1.0,2.551962,1
18:02:01.575849,130,1.1901515,1.6477779,0.97546005,-0.6958,44.36,1.0,2.2138534,1
18:02:01.575849,130,1.2251464,1.5459403,0.996778,-0.76552004,42.64,1.0,2.0955026,1
18:02:01.575849,130,1.4255898,1.6227775,0.8107941,-0.76552004,12.639999,1.0,3.146456,1
18:02:01.575849,130,1.3506728,1.6146476,0.7160532,-0.76552004,12.5199995,1.0,0.59772164,1
18:02:01.575849,130,1.3890214,1.5811509,0.84129894,-0.76552004,34.76,1.0,0.885968,1
18:02:01.575849,130,1.2959652,1.6460018,0.82392216,-0.76552004,30.64,1.0,0.84785265,1
18:02:01.575849,130,1.3861772,1.5695463,0.95678484,-0.76552004,56.36,1.0,1.430223,1
18:02:01.575849,130,1.2578596,1.658971,0.9328236,-0.6958,56.64,1.0,1.8332529,1
18:02:01.575849,130,1.3501809,1.5959785,0.9497024,-0.76552004,64.24,1.0,0.8685781,1
18:02:01.575849,130,1.4564921,1.5146229,0.9715015,-0.97412,32.36,1.0,4.2478094,1
18:02:01.575849,130,1.2959684,1.5654337,0.9747208,-0.76552004,68.119995,1.0,0.2660574,1
18:02:01.575849,130,1.2238525,1.6141195,0.96167547,-0.76552004,64.76,1.0,0.8983705,1
18:02:01.575849,130,1.3831844,1.5007237,0.99205977,-0.83496004,29.519999,1.0,2.593369,1
18:02:01.575849,130,1.136006,1.6029696,0.981497,-0.6958,28.119999,1.0,4.1082454,1
18:02:01.575849,130,1.3112246,1.4846789,1.0131929,-0.76552004,27.119999,1.0,3.5334072,1
18:02:01.575849,130,1.3316863,1.6276026,0.71258193,-0.76552004,11.88,1.0,0.6550697,1
18:02:01.575849,130,1.4068147,1.5746918,0.7267593,-0.76552004,13.0,1.0,1.3167254,1
18:02:01.575849,130,1.4235053,1.6118125,0.9286923,-0.76552004,32.36,1.0,4.098613,1
18:02:01.575849,130,1.2769576,1.6584282,0.8205925,-0.62636,27.24,1.0,1.2584621,1
18:02:01.575849,130,1.3706806,1.5944793,0.8377276,-0.76552004,36.0,1.0,0.5947714,1
18:02:01.575849,130,1.314843,1.6333926,0.82730085,-0.76552004,33.64,1.0,0.57482976,1
18:02:01.575849,130,1.2951785,1.6343096,0.9394316,-0.76552004,64.36,1.0,1.048439,1
18:02:01.575849,130,1.2009426,1.6945989,0.92327714,-0.6958,33.239998,1.0,3.9830387,1
18:02:01.575849,130,1.4039682,1.5560709,0.9603956,-0.76552004,47.52,1.0,1.9202311,1
18:02:01.575849,130,1.2390106,1.6710299,0.9295924,-0.6958,48.0,1.0,2.4212987,1
18:02:01.575849,130,1.3319794,1.6089324,0.94623137,-0.76552004,69.119995,1.0,0.7937219,1
18:02:01.575849,130,1.1715243,1.659184,0.9724038,-0.6958,35.76,1.0,2.9967124,1
18:02:01.575849,130,1.2781293,1.5778658,0.9713896,-0.76552004,73.88,1.0,0.22041252,1
18:02:01.575849,130,1.205513,1.6258525,0.9585316,-0.6958,54.36,1.0,1.3919832,1
18:02:01.630704,131,1.2959684,1.5654337,0.9747208,-0.76552004,62.52,1.0,0.3610166,1
18:02:01.630704,131,1.2625666,1.4687129,0.9294032,-0.76552004,68.76,1.0,0.53337175,1
18:02:01.630704,131,1.226481,1.4267355,0.960002,-0.83496004,61.0,1.0,0.71664834,1
18:02:01.630704,131,1.1586331,1.4790487,1.2493169,-0.90468,5.0,0.5,1.6639072,1
18:02:01.630704,131,1.4532858,1.5687023,1.0511091,-0.83496004,31.76,1.0,4.4702697,1
18:02:01.630704,131,1.3185704,1.7138983,1.1071476,-0.83496004,28.88,1.0,2.6559274,1
18:02:01.630704,131,1.2455461,1.4808263,0.9261574,-0.76552004,81.119995,1.0,0.24888553,1
18:02:01.630704,131,1.33737,1.701071,1.1105846,-0.83496004,32.64,1.0,2.5445273,1
18:02:01.630704,131,1.209947,1.4385027,0.95684904,-0.76552004,73.64,1.0,0.42302394,1
18:02:01.630704,131,1.3526287,1.5474516,0.75589544,-0.76552004,6.64,0.664,0.90722644,1
18:02:01.630704,131,1.3707279,1.5342987,0.7594198,-0.76552004,7.7599998,0.77599996,1.328314,1
18:02:01.630704,131,1.3128636,1.431395,0.9394025,-0.97412,46.36,1.0,2.0830493,1
18:02:01.630704,131,1.2794607,1.4564358,0.9326928,-0.97412,56.76,1.0,0.9337843,1
18:02:01.630704,131,1.366445,1.6465186,1.0539209,-0.83496004,35.64,1.0,1.7760462,1
18:02:01.630704,131,1.3886901,1.5209717,0.7629908,-0.76552004,8.88,0.88799995,1.8818805,1
18:02:01.630704,131,1.2737484,1.442245,1.041397,-0.83496004,39.879997,1.0,1.49536,1
18:02:01.630704,131,1.3817084,1.6234776,1.036432,-0.83496004,37.239998,1.0,1.8424119,1
18:02:01.630704,131,1.4241961,1.4938003,0.7702713,-0.76552004,10.0,1.0,3.3870401,1
18:02:01.630704,131,1.2900965,1.4298625,1.0447148,-0.83496004,32.239998,1.0,2.0954797,1
18:02:01.630704,131,1.3998145,1.6100438,1.0400317,-0.83496004,37.0,1.0,2.2996376,1
18:02:01.630704,131,1.435605,1.5826548,1.0473706,-0.83496004,35.0,1.0,3.6134653,1
18:02:01.630704,131,1.2805775,1.739005,1.1004202,-0.83496004,24.88,1.0,3.2780352,1
18:02:01.630704,131,1.2406716,1.4665333,1.034889,-0.83496004,49.36,1.0,0.6312984,1
18:02:01.630704,131,1.2601625,1.590125,0.9681048,-0.76552004,57.76,1.0,0.25140008,1
18:02:01.630704,131,1.2781293,1.5778658,0.9713896,-0.76552004,61.359997,1.0,0.24431993,1
18:02:01.630704,131,1.1765177,1.4615549,0.9506722,-0.76552004,84.64,1.0,0.16453885,1
18:02:01.630704,131,1.2111334,1.5045568,0.91979885,-0.76552004,90.88,1.0,0.02678928,1
18:02:01.630704,131,1.0382314,1.5471718,0.9277312,-0.76552004,33.64,1.0,3.466662,1
18:02:01.630704,131,1.0558989,1.5370579,0.9304412,-0.76552004,41.76,1.0,2.6788683,1
18:02:01.630704,131,1.0869656,1.5822812,0.89897263,-0.76552004,44.76,1.0,2.8564277,1
18:02:01.630704,131,1.0734609,1.5267738,0.93319684,-0.76552004,52.0,1.0,1.9972439,1
18:02:01.630704,131,1.1050442,1.5716946,0.90180933,-0.76552004,55.12,1.0,2.1120687,1
18:02:01.630704,131,1.0909156,1.5163206,0.9359978,-0.76552004,64.119995,1.0,1.4223253,1
18:02:01.630704,131,1.0687783,1.5926929,0.8961829,-0.76552004,36.36,1.0,3.712768,1
18:02:01.630704,131,1.1254958,1.494911,0.9417345,-0.76552004,76.88,1.0,0.59457016,1
18:02:01.630704,131,1.1230124,1.5609338,0.90469265,-0.76552004,67.24,1.0,1.4802625,1
18:02:01.630704,131,1.1937444,1.5161716,0.9166867,-0.76552004,94.52,1.0,0.08862765,1
18:02:01.630704,131,1.1218312,1.4795653,1.048231,-0.76552004,38.12,1.0,0.5249692,1
18:02:01.630704,131,1.205513,1.6258525,0.9585316,-0.76552004,46.52,1.0,1.0118189,1
18:02:01.630704,131,1.1596259,1.4728377,0.947649,-0.76552004,89.759995,1.0,0.19916248,1
18:02:01.630704,131,1.142618,1.4839567,0.94466966,-0.76552004,86.759995,1.0,0.3426236,1
18:02:01.630704,131,1.1870531,1.6374078,0.9554354,-0.76552004,40.52,1.0,1.5103092,1
18:02:01.630704,131,1.1586101,1.5388943,0.91059816,-0.76552004,80.0,1.0,0.5563989,1
18:02:01.630704,131,1.176236,1.5276178,0.9136197,-0.76552004,90.24,1.0,0.26528937,1
18:02:01.630704,131,1.2238525,1.6141195,0.96167547,-0.76552004,52.52,1.0,0.63554084,1
18:02:01.630704,131,1.2601625,1.590125,0.9681048,-0.76552004,57.76,1.0,0.25140008,1
18:02:01.630704,131,1.2406716,1.4665333,1.034889,-0.83496004,49.36,1.0,0.6312984,1
18:02:01.630704,131,1.205513,1.6258525,0.9585316,-0.76552004,46.52,1.0,1.0118189,1
18:02:01.688265,132,1.2794607,1.4564358,0.9326928,-0.83496004,128.76,1.0,1.3574198,1
18:02:01.688265,132,1.3972373,1.432559,0.6705229,-0.90468,8.0,0.79999995,7.651257,1
18:02:01.688265,132,1.5234693,1.4006697,0.9089333,-0.90468,36.36,1.0,6.1161156,1
18:02:01.688265,132,1.0588186,1.4717073,0.96730286,-0.83496004,25.119999,1.0,3.8162892,1
18:02:01.688265,132,1.1987959,1.3573775,1.097805,-0.90468,26.24,1.0,3.7299871,1
18:02:01.688265,132,1.3542012,1.3269724,0.9867335,-1.11328,37.12,1.0,3.3983276,1
18:02:01.688265,132,1.1433512,1.4946516,0.8354683,-0.83496004,45.36,1.0,3.1779227,1
18:02:01.688265,132,1.352275,1.4810877,0.79542845,-0.90468,20.88,1.0,2.3954105,1
18:02:01.688265,132,1.1743479,1.396179,0.98754066,-0.83496004,66.36,1.0,1.717395,1
18:02:01.688265,132,1.4543221,1.3997343,0.817227,-0.90468,38.0,1.0,2.4403796,1
18:02:01.688265,132,1.4174678,1.4188279,0.9234188,-0.90468,122.64,1.0,2.663814,1
18:02:01.688265,132,1.2468697,1.4905573,0.8147282,-0.83496004,57.12,1.0,1.9218508,1
18:02:01.688265,132,1.2974734,1.458668,0.7107711,-0.76552004,12.88,1.0,5.3868213,1
18:02:01.688265,132,1.2533792,1.3375416,1.0032525,-0.97412,48.12,1.0,3.7449665,1
18:02:01.688265,132,1.1200982,1.4133862,1.0827975,-0.90468,26.76,1.0,3.6415324,1
18:02:01.688265,132,1.1596259,1.4728377,0.947649,-0.83496004,60.64,1.0,1.8745024,1
18:02:01.688265,132,1.3493555,1.4153019,0.8348928,-0.83496004,114.36,1.0,0.94859475,1
18:02:01.688265,132,1.3457413,1.405714,0.9462837,-1.11328,112.759995,1.0,0.7047423,1
18:02:01.688265,132,1.4255524,1.3387785,0.96421903,-1.11328,68.64,1.0,3.0739827,1
18:02:01.688265,132,1.2111334,1.5045568,0.91979885,-0.83496004,83.759995,1.0,3.910403,1
18:02:01.688265,132,1.226481,1.4267355,0.960002,-0.83496004,91.119995,1.0,0.37055355,1
18:02:01.688265,132,1.4039303,1.4411503,0.80612963,-0.90468,30.359999,1.0,1.738993,1
18:02:01.688265,132,1.3673637,1.45918,0.9126065,-0.83496004,124.64,1.0,3.4320974,1
18:02:01.688265,132,1.298697,1.4536722,0.82461154,-0.83496004,83.88,1.0,0.83682036,1
18:02:01.688265,132,1.4822812,1.3628016,0.938431,-1.11328,84.52,1.0,3.7279594,1
18:02:01.688265,132,1.2913741,1.3780878,0.9730371,-0.97412,68.24,1.0,0.77621734,1
18:02:01.688265,132,1.3143579,1.2879301,1.0165459,-0.97412,25.24,1.0,7.9007363,1
18:02:01.688265,132,1.0909156,1.5163206,0.9359978,-0.83496004,31.76,1.0,5.0095453,1
18:02:01.688265,132,1.1951827,1.4607663,0.8445478,-0.83496004,68.36,1.0,1.718181,1
18:02:01.688265,132,1.1089998,1.4402957,0.9757196,-0.83496004,38.879997,1.0,2.2836401,1
18:02:01.688265,132,1.437325,1.4176633,0.6975659,-0.90468,9.76,0.97599995,6.3384695,1
18:02:01.688265,132,1.3624033,1.459216,0.6633802,-0.76552004,7.0,0.7,7.1020555,1
18:02:01.688265,132,1.3320644,1.4332678,0.71757704,-0.90468,17.24,1.0,5.6683893,1
18:02:01.688265,132,1.2116919,1.5143061,0.80836475,-0.83496004,39.0,1.0,3.2436433,1
18:02:01.688265,132,1.3780807,1.379403,0.9533337,-1.11328,97.119995,1.0,1.1945792,1
18:02:01.688265,132,1.3128636,1.431395,0.9394025,-0.83496004,132.0,1.0,0.7732789,1
18:02:01.688265,132,1.2455461,1.4808263,0.9261574,-0.83496004,100.759995,1.0,2.4161725,1
18:02:01.688265,132,1.1254958,1.494911,0.9417345,-0.83496004,39.239998,1.0,3.2543764,1
18:02:01.688265,132,1.2063239,1.3731827,0.9937025,-0.97412,66.36,1.0,2.1381865,1
18:02:01.688265,132,1.1419022,1.418553,0.98154557,-0.83496004,58.12,1.0,1.7767328,1
18:02:01.688265,132,1.1519245,1.3914394,1.0886782,-0.90468,29.119999,1.0,3.3455412,1
18:02:01.688265,132,1.50704,1.415306,0.9050115,-0.90468,38.36,1.0,6.080846,1
18:02:01.688265,132,1.4201888,1.4314642,0.693868,-0.90468,9.0,0.9,5.8520346,1
18:02:01.688265,132,1.3868499,1.4546288,0.80251807,-0.90468,25.359999,1.0,1.8148216,1
18:02:01.688265,132,1.437668,1.4137017,0.8134845,-0.90468,34.88,1.0,2.0457113,1
18:02:01.688265,132,1.4708307,1.3856068,0.8210125,-0.90468,39.12,1.0,3.0041852,1
18:02:01.688265,132,1.384204,1.4458909,0.9161673,-0.90468,127.64,1.0,3.0388339,1
18:02:01.688265,132,1.4662962,1.3770422,0.93461525,-0.90468,98.119995,1.0,3.2197387,1
18:02:01.744503,133,1.2753404,1.3904841,0.96971554,-0.90468,118.24,1.0,0.13492627,1
18:02:01.744503,133,1.1449801,1.4510998,1.348133,-1.04384,13.36,1.0,6.895378,1
18:02:01.744503,133,1.4809358,1.3109134,0.7503618,-0.76552004,7.12,0.712,4.0964327,1
18:02:01.744503,133,1.3095174,1.4336834,0.6950184,-0.6958,5.12,0.51199996,1.0311925,1
18:02:01.744503,133,1.0770152,1.3459944,0.9408123,-0.83496004,27.24,1.0,2.122107,1
18:02:01.744503,133,1.1586101,1.5388943,0.91059816,-0.6958,24.64,1.0,3.4284456,1
18:02:01.744503,133,1.4564899,1.3109392,0.97167856,-1.11328,25.24,1.0,3.7567275,1
18:02:01.744503,133,1.3659741,1.4021878,0.83840674,-0.90468,35.52,1.0,0.44548965,1
18:02:01.744503,133,1.2599195,1.2611284,1.0430783,-0.90468,27.519999,1.0,1.2237936,1
18:02:01.744503,133,1.2468697,1.4905573,0.8147282,-0.6958,18.64,1.0,1.0457131,1
18:02:01.744503,133,1.1697555,1.3315561,1.0242074,-0.83496004,44.36,1.0,0.48504803,1
18:02:01.744503,133,1.0923814,1.4509276,0.97287077,-0.83496004,32.12,1.0,2.744075,1
18:02:01.744503,133,1.3780807,1.379403,0.9533337,-0.90468,62.76,1.0,1.0454202,1
18:02:01.744503,133,1.2455461,1.4808263,0.9261574,-0.83496004,63.52,1.0,0.91768676,1
18:02:01.744503,133,1.3829477,1.3939273,0.7281183,-0.6958,8.12,0.812,1.0808768,1
18:02:01.744503,133,1.3440646,1.2622509,1.0234265,-0.90468,29.359999,1.0,2.2667596,1
18:02:01.744503,133,1.4310658,1.348146,0.8528872,-0.76552004,23.0,1.0,1.9479756,1
18:02:01.744503,133,1.1072867,1.3755511,1.0124189,-0.83496004,37.239998,1.0,1.3840586,1
18:02:01.744503,133,1.4662962,1.3770422,0.93461525,-1.11328,19.119999,1.0,2.8639414,1
18:02:01.744503,133,1.1765177,1.4615549,0.9506722,-0.83496004,71.64,1.0,1.3381464,1
18:02:01.744503,133,1.2688158,1.3253603,1.0065165,-0.90468,58.64,1.0,0.4022117,1
18:02:01.744503,133,1.1743479,1.396179,0.98754066,-0.83496004,78.24,1.0,0.592281,1
18:02:01.744503,133,1.3542012,1.3269724,0.9867335,-0.90468,50.76,1.0,1.2431103,1
18:02:01.744503,133,1.4325864,1.3531303,0.7390498,-0.76552004,8.24,0.824,2.1945443,1
18:02:01.744503,133,1.298697,1.4536722,0.82461154,-0.6958,28.0,1.0,0.28850684,1
18:02:01.744503,133,1.3293688,1.4186339,0.9428218,-0.97412,92.119995,1.0,0.3934629,1
18:02:01.744503,133,1.3999052,1.2870654,0.9974265,-0.90468,31.76,1.0,2.838296,1
18:02:01.744503,133,1.226481,1.4267355,0.960002,-0.83496004,109.759995,1.0,0.39370647,1
18:02:01.744503,133,1.1254958,1.494911,0.9417345,-0.6958,34.64,1.0,2.960689,1
18:02:01.744503,133,1.2153844,1.2969955,1.0334678,-0.90468,37.52,1.0,0.5393988,1
18:02:01.744503,133,1.2116919,1.5143061,0.80836475,-0.6958,12.639999,1.0,1.9630349,1
18:02:01.744503,133,1.1937444,1.5161716,0.9166867,-0.6958,38.76,1.0,2.1881773,1
18:02:01.744503,133,1.2794607,1.4564358,0.9326928,-0.97412,93.119995,1.0,0.46766427,1
18:02:01.744503,133,1.4255524,1.3387785,0.96421903,-0.90468,38.879997,1.0,2.427867,1
18:02:01.744503,133,1.3072785,1.3655372,0.9764001,-0.90468,83.24,1.0,0.34638697,1
18:02:01.744503,133,1.2063239,1.3731827,0.9937025,-0.90468,92.24,1.0,0.23672597,1
18:02:01.744503,133,1.1419022,1.418553,0.98154557,-0.83496004,64.119995,1.0,1.2376028,1
18:02:01.744503,133,1.2378174,1.3495733,1.0000286,-0.90468,85.52,1.0,0.17283168,1
18:02:01.744503,133,1.3143579,1.2879301,1.0165459,-0.90468,36.76,1.0,1.2990022,1
18:02:01.744503,133,1.1387489,1.3538553,1.0182322,-0.83496004,41.64,1.0,0.79649514,1
18:02:01.744503,133,1.360598,1.3949935,0.7053854,-0.6958,7.24,0.724,1.1300735,1
18:02:01.744503,133,1.4822812,1.3628016,0.938431,-1.11328,16.0,1.0,3.5015583,1
18:02:01.744503,133,1.4161812,1.3668889,0.7353632,-0.76552004,8.5199995,0.852,1.7358962,1
18:02:01.744503,133,1.4488482,1.339214,0.7427787,-0.76552004,7.7599998,0.77599996,2.7407868,1
18:02:01.744503,133,1.3266774,1.4209515,0.69842994,-0.6958,6.24,0.624,0.9777472,1
18:02:01.744503,133,1.2815487,1.466134,0.82127243,-0.6958,22.88,1.0,0.45800552,1
18:02:01.744503,133,1.2293422,1.5025166,0.81152374,-0.6958,15.24,1.0,1.463332,1
18:02:01.744503,133,1.3157153,1.4410454,0.8279949,-0.6958,32.76,1.0,0.20227136,1
18:02:01.797979,134,1.2521392,1.3877931,1.0728213,-0.90468,140.23999,1.0,0.036231525,1
18:02:01.797979,134,1.1421527,1.4022248,1.4282361,-0.97412,29.0,1.0,4.7465115,1
18:02:01.797979,134,1.5489758,1.2770839,1.0688179,-0.90468,36.36,1.0,5.397765,1
18:02:01.797979,134,1.4150035,1.3618915,0.8492041,-0.90468,13.639999,1.0,2.7926345,1
18:02:01.797979,134,1.0267216,1.4270941,0.998608,-0.62636,28.64,1.0,3.98024,1
18:02:01.797979,134,1.0728498,1.4569138,1.2463448,-0.62636,29.88,1.0,3.4508421,1
18:02:01.797979,134,1.4261814,1.3920964,1.0380003,-0.90468,34.12,1.0,2.6172261,1
18:02:01.797979,134,1.1765177,1.4615549,0.9506722,-0.6958,56.0,1.0,3.2930684,1
18:02:01.797979,134,1.2814887,1.3455579,1.3764129,-0.90468,25.519999,1.0,3.718826,1
18:02:01.797979,134,1.3293688,1.4186339,0.9428218,-0.76552004,16.76,1.0,2.0948553,1
18:02:01.797979,134,1.1387489,1.3538553,1.0182322,-0.76552004,72.36,1.0,3.2872357,1
18:02:01.797979,134,1.498118,1.3484073,0.942288,-0.90468,12.88,1.0,3.1457527,1
18:02:01.797979,134,1.4462188,1.2975985,1.0801549,-0.90468,109.0,1.0,2.910957,1
18:02:01.797979,134,1.1899515,1.4102036,1.3389844,-0.97412,50.12,1.0,3.0160217,1
18:02:01.797979,134,1.2239465,1.4784366,1.0316995,-0.76552004,70.0,1.0,4.8232856,1
18:02:01.797979,134,1.4338878,1.4050568,0.92710876,-0.90468,14.24,1.0,3.6847715,1
18:02:01.797979,134,1.2596058,1.3098785,1.1105324,-0.76552004,42.36,1.0,2.8945017,1
18:02:01.797979,134,1.1971642,1.3374527,1.3870733,-0.90468,24.0,1.0,4.25243,1
18:02:01.797979,134,1.1002463,1.3364705,1.395825,-0.90468,6.3599997,0.636,6.094864,1
18:02:01.797979,134,1.2378174,1.3495733,1.0000286,-0.90468,139.76,1.0,1.4757068,1
18:02:01.797979,134,1.1380781,1.4218938,1.2757097,-0.62636,49.52,1.0,2.115826,1
18:02:01.797979,134,1.1089998,1.4402957,0.9757196,-0.62636,74.52,1.0,2.5090778,1
18:02:01.797979,134,1.3698696,1.365616,1.0619297,-0.90468,117.36,1.0,0.6419513,1
18:02:01.797979,134,1.3063155,1.4173228,1.0480748,-0.90468,102.759995,1.0,1.3503511,1
18:02:01.797979,134,1.5040482,1.3213221,1.0569643,-0.90468,42.12,1.0,3.0942101,1
18:02:01.797979,134,1.3780807,1.379403,0.9533337,-0.76552004,24.76,1.0,1.287656,1
18:02:01.797979,134,1.2002943,1.3086624,1.0303416,-0.76552004,70.0,1.0,5.205881,1
18:02:01.797979,134,1.1743479,1.396179,0.98754066,-0.6958,113.24,1.0,1.1538604,1
18:02:01.797979,134,1.4903051,1.2550483,1.0915562,-0.90468,94.0,1.0,6.227252,1
18:02:01.797979,134,1.0588186,1.4717073,0.96730286,-0.62636,54.12,1.0,4.4625726,1
18:02:01.797979,134,1.214182,1.3457236,1.1009277,-0.76552004,60.76,1.0,1.2650741,1
18:02:01.797979,134,1.2370855,1.3820521,1.3666342,-0.90468,37.239998,1.0,3.2346516,1
18:02:01.797979,134,1.0913887,1.3861699,1.0095736,-0.62636,53.0,1.0,3.0086331,1
18:02:01.797979,134,1.4662962,1.3770422,0.93461525,-0.90468,14.24,1.0,3.1091237,1
18:02:01.797979,134,1.457767,1.3642387,1.0454648,-0.90468,42.12,1.0,2.3410096,1
18:02:01.797979,134,1.4161024,1.3252473,1.0727464,-0.90468,114.24,1.0,1.5435262,1
18:02:01.797979,134,1.2737484,1.442245,1.041397,-0.90468,86.36,1.0,2.4257393,1
18:02:01.797979,134,1.209947,1.4385027,0.95684904,-0.6958,62.76,1.0,1.9867688,1
18:02:01.797979,134,1.2063239,1.3731827,0.9937025,-0.90468,134.64,1.0,1.0874318,1
18:02:01.797979,134,1.1419022,1.418553,0.98154557,-0.6958,100.0,1.0,1.6392379,1
18:02:01.797979,134,1.059267,1.4069444,1.0040071,-0.62636,35.12,1.0,3.3152373,1
18:02:01.797979,134,1.1697555,1.3315561,1.0242074,-0.76552004,76.36,1.0,4.0117173,1
18:02:01.797979,134,1.1046796,1.4358797,1.2519809,-0.62636,36.239998,1.0,2.3894205,1
18:02:01.797979,134,1.4822812,1.3628016,0.938431,-0.90468,13.759999,1.0,3.047763,1
18:02:01.797979,134,1.4887695,1.3357764,1.0530912,-0.90468,43.239998,1.0,2.6792514,1
18:02:01.797979,134,1.5341529,1.2919743,1.0648279,-0.90468,39.64,1.0,4.447126,1
18:02:01.797979,134,1.4420464,1.3782438,1.041712,-0.90468,39.0,1.0,2.4053638,1
18:02:01.797979,134,1.3457413,1.405714,0.9462837,-0.76552004,20.52,1.0,1.6976432,1
18:02:01.849445,135,1.2073117,1.4326882,1.0816941,-0.6958,132.0,1.0,0.48598337,1
18:02:01.849445,135,1.1549312,1.4004899,1.106522,-0.6958,125.119995,1.0,1.5224423,1
18:02:01.849445,135,1.1910361,1.4442714,1.0785904,-0.55664,127.24,1.0,0.36558643,1
18:02:01.849445,135,1.2239465,1.4784366,1.0316995,-0.48720002,43.36,1.0,2.3004615,1
18:02:01.849445,135,1.0965726,1.4346638,1.4195441,-0.83496004,29.119999,1.0,2.6491,1
18:02:01.849445,135,1.142291,1.3712342,1.1897602,-0.55664,61.64,1.0,2.6045942,1
18:02:01.849445,135,1.1707133,1.3892578,1.1095315,-0.6958,124.52,1.0,1.5476015,1
18:02:01.849445,135,1.1270715,1.4131843,1.4252995,-0.83496004,32.0,1.0,2.983667,1
18:02:01.849445,135,1.2521392,1.3877931,1.0728213,-0.6958,134.12,1.0,1.2767445,1
18:02:01.849445,135,1.1185337,1.344731,1.4501787,-0.83496004,17.88,1.0,4.905333,1
18:02:01.849445,135,1.1571196,1.39112,1.4312116,-0.83496004,33.36,1.0,3.5762768,1
18:02:01.849445,135,1.1719708,1.3798712,1.4342257,-0.83496004,31.64,1.0,3.967273,1
18:02:01.849445,135,1.3383603,1.3917763,1.0549201,-0.48720002,47.879997,1.0,5.012127,1
18:02:01.849445,135,1.0811579,1.4451815,1.4167259,-0.83496004,25.64,1.0,2.5810874,1
18:02:01.849445,135,1.2013202,1.3569462,1.4403684,-0.83496004,28.519999,1.0,4.9355087,1
18:02:01.849445,135,1.2158154,1.3452723,1.4434965,-0.83496004,25.0,1.0,5.511839,1
18:02:01.849445,135,1.4255524,1.3387785,0.96421903,-0.48720002,23.24,1.0,8.856882,1
18:02:01.849445,135,1.1421527,1.4022248,1.4282361,-0.83496004,33.52,1.0,3.2481601,1
18:02:01.849445,135,1.2070987,1.4901778,1.0285535,-0.55664,42.36,1.0,2.180595,1
18:02:01.849445,135,1.1113802,1.3930037,1.183927,-0.55664,61.879997,1.0,2.66208,1
18:02:01.849445,135,1.1311179,1.4489602,1.1546435,-0.55664,121.64,1.0,0.08344098,1
18:02:01.849445,135,1.1746415,1.4556968,1.075529,-0.55664,120.36,1.0,0.32092696,1
18:02:01.849445,135,1.0293721,1.5791434,1.1054711,-0.55664,56.0,1.0,3.4953322,1
18:02:01.849445,135,1.0151535,1.5215497,1.1351932,-0.55664,61.64,1.0,2.691121,1
18:02:01.849445,135,1.046889,1.5691158,1.1081581,-0.55664,63.76,1.0,2.9722354,1
18:02:01.849445,135,1.0320379,1.5116625,1.1378425,-0.55664,71.36,1.0,2.0603983,1
18:02:01.849445,135,1.064301,1.5589194,1.1108902,-0.55664,72.36,1.0,2.5313714,1
18:02:01.849445,135,1.048819,1.5016125,1.1405355,-0.55664,82.119995,1.0,1.5189265,1
18:02:01.849445,135,1.0816067,1.5485554,1.1136672,-0.55664,81.88,1.0,2.1704316,1
18:02:01.849445,135,1.032186,1.4447776,1.1700542,-0.55664,44.12,1.0,4.351319,1
18:02:01.849445,135,1.0654951,1.4914012,1.1432716,-0.55664,93.36,1.0,1.0646749,1
18:02:01.849445,135,1.1148778,1.4598076,1.151737,-0.55664,114.36,1.0,0.20672455,1
18:02:01.849445,135,1.1385181,1.5354977,1.01641,-0.55664,37.36,1.0,2.4182363,1
18:02:01.849445,135,1.0988042,1.5380247,1.1164889,-0.55664,91.759995,1.0,1.8872348,1
18:02:01.849445,135,1.1901304,1.5017556,1.0254512,-0.55664,41.0,1.0,2.1309175,1
18:02:01.849445,135,1.1497307,1.5054435,1.125219,-0.55664,111.64,1.0,1.4842185,1
18:02:01.849445,135,1.080025,1.4141717,1.1782551,-0.55664,55.36,1.0,3.0676422,1
18:02:01.849445,135,1.0957574,1.4036634,1.1810708,-0.55664,59.64,1.0,2.8207605,1
18:02:01.849445,135,1.1328679,1.5164677,1.1222651,-0.55664,101.88,1.0,1.5459871,1
18:02:01.849445,135,1.0985262,1.4704976,1.1488726,-0.55664,104.52,1.0,0.41030514,1
18:02:01.849445,135,1.0641845,1.4245275,1.1754802,-0.55664,49.879997,1.0,3.404051,1
18:02:01.849445,135,1.1558383,1.5244167,1.0193791,-0.55664,39.36,1.0,2.248079,1
18:02:01.849445,135,1.0151535,1.5215497,1.1351932,-0.55664,61.64,1.0,2.691121,1
18:02:01.849445,135,1.1311179,1.4489602,1.1546435,-0.55664,121.64,1.0,0.08344098,1
18:02:01.849445,135,1.1910361,1.4442714,1.0785904,-0.55664,127.24,1.0,0.36558643,1
18:02:01.849445,135,1.048819,1.5016125,1.1405355,-0.55664,82.119995,1.0,1.5189265,1
18:02:01.849445,135,1.048819,1.5016125,1.1405355,-0.55664,82.119995,1.0,1.5189265,1
18:02:01.849445,135,1.1549312,1.4004899,1.106522,-0.6958,125.119995,1.0,1.5224423,1
18:02:01.906119,136,1.209947,1.4385027,0.95684904,-0.55664,25.88,1.0,1.4872859,1
18:02:01.906119,136,1.2041686,1.4233849,1.0632845,-0.55664,104.64,1.0,1.2381911,1
18:02:01.906119,136,1.1159135,1.3479408,1.1171676,-0.55664,102.36,1.0,1.7471324,1
18:02:01.906119,136,1.1519245,1.3914394,1.0886782,-0.55664,165.12,1.0,0.17048794,1
18:02:01.906119,136,1.1879355,1.434938,1.0601889,-0.55664,99.759995,1.0,1.0253723,1
18:02:01.906119,136,1.226481,1.4267355,0.960002,-0.55664,26.359999,1.0,1.6216424,1
18:02:01.906119,136,1.2549422,1.3441187,0.76880765,-0.55664,8.0,0.79999995,1.4575051,1
18:02:01.906119,136,1.1311625,1.3370881,1.1200756,-0.55664,102.759995,1.0,1.9621443,1
18:02:01.906119,136,1.1676655,1.3802365,1.09168,-0.55664,175.23999,1.0,0.38464683,1
18:02:01.906119,136,1.2428923,1.4148092,0.96319765,-0.48720002,26.24,1.0,1.8831129,1
18:02:01.906119,136,1.3486658,1.2700171,0.6773241,-0.55664,6.64,0.664,5.212745,1
18:02:01.906119,136,1.2362721,1.3998113,1.069601,-0.55664,108.119995,1.0,2.0363111,1
18:02:01.906119,136,1.2753404,1.3904841,0.96971554,-0.48720002,25.88,1.0,2.7873058,1
18:02:01.906119,136,1.3028795,1.307056,0.77873856,-0.48720002,9.88,0.988,2.9454825,1
18:02:01.906119,136,1.1348999,1.3053433,1.2217056,-0.55664,38.36,1.0,4.535825,1
18:02:01.906119,136,1.2105898,1.3924005,1.1697987,-0.55664,183.87999,1.0,2.094976,1
18:02:01.906119,136,1.2521392,1.3877931,1.0728213,-0.55664,109.64,1.0,2.6215713,1
18:02:01.906119,136,1.2913741,1.3780878,0.9730371,-0.48720002,25.24,1.0,3.4300847,1
18:02:01.906119,136,1.0809773,1.3041844,1.4858246,-0.6958,10.12,1.0,9.681253,1
18:02:01.906119,136,1.1715834,1.4463336,1.0571353,-0.55664,93.52,1.0,0.93680674,1
18:02:01.906119,136,1.2019249,1.3663391,1.1156726,-0.55664,181.76,1.0,1.2839758,1
18:02:01.906119,136,1.1185337,1.344731,1.4501787,-0.76552004,27.88,1.0,6.0182757,1
18:02:01.906119,136,1.1360682,1.4024897,1.0857173,-0.55664,152.23999,1.0,0.08125437,1
18:02:01.906119,136,1.1765177,1.4615549,0.9506722,-0.55664,25.119999,1.0,1.6002502,1
18:02:01.906119,136,1.0052637,1.4852685,1.0635368,-0.41748002,72.0,1.0,3.8856235,1
18:02:01.906119,136,1.0366898,1.5317004,1.0342615,-0.41748002,52.36,1.0,4.723765,1
18:02:01.906119,136,1.0061327,1.419711,1.0979367,-0.41748002,55.0,1.0,3.7592075,1
18:02:01.906119,136,1.038601,1.4655256,1.0688269,-0.41748002,82.88,1.0,2.1780524,1
18:02:01.906119,136,1.0710694,1.5113403,1.039717,-0.41748002,58.52,1.0,3.0240846,1
18:02:01.906119,136,1.0221303,1.4099151,1.1005616,-0.41748002,63.64,1.0,3.0936182,1
18:02:01.906119,136,1.0551147,1.4554137,1.0715363,-0.41748002,95.119995,1.0,1.5141337,1
18:02:01.906119,136,1.0880994,1.5009122,1.0425111,-0.55664,65.119995,1.0,2.3632839,1
18:02:01.906119,136,1.1005529,1.3586456,1.1142992,-0.55664,98.36,1.0,1.6574404,1
18:02:01.906119,136,1.0715231,1.4451427,1.0742885,-0.41748002,108.64,1.0,0.97634727,1
18:02:01.906119,136,1.1050205,1.4903202,1.0453492,-0.55664,72.119995,1.0,1.8280293,1
18:02:01.906119,136,1.053817,1.3898624,1.1059347,-0.41748002,82.64,1.0,2.1415024,1
18:02:01.906119,136,1.0878241,1.4347138,1.0770829,-0.41748002,123.0,1.0,0.5644031,1
18:02:01.906119,136,1.1218312,1.4795653,1.048231,-0.55664,79.36,1.0,1.4180086,1
18:02:01.906119,136,1.1596259,1.4728377,0.947649,-0.55664,24.119999,1.0,1.8478403,1
18:02:01.906119,136,1.0850823,1.3692015,1.1114708,-0.41748002,91.36,1.0,1.6931736,1
18:02:01.906119,136,1.1200982,1.4133862,1.0827975,-0.55664,137.87999,1.0,0.11705795,1
18:02:01.906119,136,1.1551143,1.4575709,1.0541244,-0.55664,86.64,1.0,0.972613,1
18:02:01.906119,136,1.0380255,1.3999653,1.1032276,-0.41748002,73.0,1.0,2.5544727,1
18:02:01.906119,136,1.0880994,1.5009122,1.0425111,-0.55664,65.119995,1.0,2.3632839,1
18:02:01.906119,136,1.1676655,1.3802365,1.09168,-0.55664,175.23999,1.0,0.38464683,1
18:02:01.906119,136,1.3486658,1.2700171,0.6773241,-0.55664,6.64,0.664,5.212745,1
18:02:01.906119,136,1.2105898,1.3924005,1.1697987,-0.55664,183.87999,1.0,2.094976,1
18:02:01.906119,136,1.1005529,1.3586456,1.1142992,-0.55664,98.36,1.0,1.6574404,1
18:02:01.959642,137,1.5193684,1.0541017,1.1790676,-0.62636,89.88,1.0,1.0019233,1
18:02:01.959642,137,1.1971531,1.2522203,1.3995907,-0.48720002,24.119999,1.0,1.4733114,1
18:02:01.959642,137,1.289261,1.2852576,1.1171296,-0.62636,113.64,1.0,0.89041567,1
18:02:01.959642,137,1.1431638,1.3039635,1.4045353,-0.48720002,35.76,1.0,1.5365281,1
18:02:01.959642,137,1.3143399,1.3382059,1.0861081,-0.41748002,41.12,1.0,4.3010197,1
18:02:01.959642,137,1.1572429,1.2928532,1.4075122,-0.48720002,32.52,1.0,1.479052,1
18:02:01.959642,137,1.0774004,1.2036545,1.4483901,-0.62636,6.24,0.624,10.792841,1
18:02:01.959642,137,1.543676,1.024514,1.1869956,-0.62636,83.36,1.0,1.1982663,1
18:02:01.959642,137,1.1712064,1.2816076,1.4105254,-0.48720002,28.359999,1.0,1.4343584,1
18:02:01.959642,137,1.555599,1.0095456,1.1910063,-0.62636,76.52,1.0,1.3234991,1
18:02:01.959642,137,1.6238288,0.91738516,1.2157006,-0.62636,56.239998,1.0,2.565017,1
18:02:01.959642,137,1.6283381,1.0098803,1.1740828,-0.62636,49.76,1.0,2.756269,1
18:02:01.959642,137,1.6017232,0.9485426,1.207352,-0.62636,62.76,1.0,2.0451825,1
18:02:01.959642,137,1.6517955,0.97819555,1.1825726,-0.62636,46.12,1.0,2.7759342,1
18:02:01.959642,137,1.6745923,0.94606405,1.1911823,-0.62636,42.52,1.0,2.880141,1
18:02:01.959642,137,1.645285,0.88580686,1.224162,-0.62636,50.239998,1.0,3.2127988,1
18:02:01.959642,137,1.6967192,0.9134986,1.1999081,-0.62636,38.879997,1.0,3.0868826,1
18:02:01.959642,137,1.666083,0.85382044,1.2327328,-0.62636,44.76,1.0,4.0063877,1
18:02:01.959642,137,1.7181674,0.88051224,1.2087468,-0.62636,35.36,1.0,3.4153452,1
18:02:01.959642,137,1.0938085,1.2878435,1.4719589,-0.62636,23.88,1.0,4.0624466,1
18:02:01.959642,137,1.6042295,1.0411055,1.1657159,-0.62636,53.12,1.0,2.804382,1
18:02:01.959642,137,1.3072785,1.3655372,0.9764001,-0.41748002,16.359999,1.0,6.0686617,1
18:02:01.959642,137,1.5789769,0.9792668,1.1991196,-0.62636,69.52,1.0,1.6365453,1
18:02:01.959642,137,1.1146641,1.3257731,1.3986913,-0.48720002,37.36,1.0,1.6905569,1
18:02:01.959642,137,1.1910123,1.2922212,1.1320976,-0.55664,113.759995,1.0,0.24728355,1
18:02:01.959642,137,1.0267216,1.4270941,0.998608,-0.27832,62.64,1.0,1.4936776,1
18:02:01.959642,137,1.059267,1.4069444,1.0040071,-0.27832,69.24,1.0,1.1697912,1
18:02:01.959642,137,1.0923814,1.4509276,0.97287077,-0.27832,39.12,1.0,2.2351565,1
18:02:01.959642,137,1.0753816,1.3966347,1.0067695,-0.27832,75.88,1.0,1.0286851,1
18:02:01.959642,137,1.1089998,1.4402957,0.9757196,-0.27832,40.879997,1.0,2.1917048,1
18:02:01.959642,137,1.0913887,1.3861699,1.0095736,-0.27832,82.52,1.0,0.9001155,1
18:02:01.959642,137,1.0588186,1.4717073,0.96730286,-0.27832,36.88,1.0,2.340802,1
18:02:01.959642,137,1.1072867,1.3755511,1.0124189,-0.27832,88.64,1.0,0.78316534,1
18:02:01.959642,137,1.1255072,1.4295038,0.9786113,-0.27832,42.239998,1.0,2.1530445,1
18:02:01.959642,137,1.1238433,1.2725099,1.1542132,-0.48720002,48.52,1.0,2.2405808,1
18:02:01.959642,137,1.0857185,1.3470279,1.3929962,-0.48720002,34.239998,1.0,1.89862,1
18:02:01.959642,137,1.1002463,1.3364705,1.395825,-0.48720002,36.76,1.0,1.7876533,1
18:02:01.959642,137,1.1903955,1.384758,0.9906009,-0.27832,42.64,1.0,2.0279062,1
18:02:01.959642,137,1.0600058,1.3868228,1.4389002,-0.48720002,30.519999,1.0,2.0120828,1
18:02:01.959642,137,1.1743479,1.396179,0.98754066,-0.27832,43.12,1.0,2.0563917,1
18:02:01.959642,137,1.1387489,1.3538553,1.0182322,-0.27832,94.36,1.0,0.58085436,1
18:02:01.959642,137,1.1419022,1.418553,0.98154557,-0.27832,43.0,1.0,2.1181908,1
18:02:01.959642,137,1.0451051,1.3969897,1.4361761,-0.48720002,26.24,1.0,2.1470096,1
18:02:01.959642,137,1.0923814,1.4509276,0.97287077,-0.27832,39.12,1.0,2.2351565,1
18:02:01.959642,137,1.1002463,1.3364705,1.395825,-0.48720002,36.76,1.0,1.7876533,1
18:02:01.959642,137,1.1971531,1.2522203,1.3995907,-0.48720002,24.119999,1.0,1.4733114,1
18:02:01.959642,137,1.3143399,1.3382059,1.0861081,-0.41748002,41.12,1.0,4.3010197,1
18:02:01.959642,137,1.6967192,0.9134986,1.1999081,-0.62636,38.879997,1.0,3.0868826,1
18:02:02.013644,138,1.163917,1.2831376,1.2276555,-0.55664,56.36,1.0,0.6029649,1
18:02:02.013644,138,1.3263795,1.2219887,0.7174905,-0.41748002,6.3599997,0.636,3.883442,1
18:02:02.013644,138,1.0413619,1.251953,1.4881129,-0.48720002,11.759999,1.0,10.191083,1
18:02:02.013644,138,1.1002463,1.3364705,1.395825,-0.27832,34.0,1.0,1.3257637,1
18:02:02.013644,138,1.0809773,1.3041844,1.4858246,-0.48720002,31.519999,1.0,3.2029073,1
18:02:02.013644,138,1.1146641,1.3257731,1.3986913,-0.48720002,37.36,1.0,1.1481202,1
18:02:02.013644,138,1.1910123,1.2922212,1.1320976,-0.55664,88.0,1.0,0.25818318,1
18:02:02.013644,138,1.1572429,1.2928532,1.4075122,-0.48720002,39.52,1.0,1.5077827,1
18:02:02.013644,138,1.2821946,1.26082,0.94179755,-0.34804,19.359999,1.0,2.6894183,1
18:02:02.013644,138,1.3563579,1.1960746,0.72443414,-0.41748002,6.12,0.612,6.0828633,1
18:02:02.013644,138,1.1431638,1.3039635,1.4045353,-0.48720002,39.36,1.0,1.2406651,1
18:02:02.013644,138,1.1712064,1.2816076,1.4105254,-0.48720002,37.52,1.0,1.9201849,1
18:02:02.013644,138,1.1987803,1.2587146,1.4166596,-0.48720002,34.12,1.0,3.175379,1
18:02:02.013644,138,1.3111905,1.2347273,0.7140772,-0.41748002,6.3599997,0.636,3.025531,1
18:02:02.013644,138,1.2123882,1.2470695,1.41978,-0.48720002,30.119999,1.0,4.0155964,1
18:02:02.013644,138,1.2303529,1.2851834,1.0366329,-0.34804,53.64,1.0,0.875858,1
18:02:02.013644,138,1.2656417,1.2696987,0.8136436,-0.34804,10.12,1.0,1.4274472,1
18:02:02.013644,138,1.2190745,1.3057022,0.8039965,-0.34804,8.12,0.812,0.82061803,1
18:02:02.013644,138,1.2804208,1.2597611,0.7073694,-0.41748002,6.12,0.612,1.8009946,1
18:02:02.013644,138,1.0857185,1.3470279,1.3929962,-0.27832,29.88,1.0,1.6548319,1
18:02:02.013644,138,1.0753816,1.3966347,1.0067695,-0.27832,38.52,1.0,4.6198864,1
18:02:02.013644,138,1.0913887,1.3861699,1.0095736,-0.27832,41.76,1.0,3.4934018,1
18:02:02.013644,138,1.1072867,1.3755511,1.0124189,-0.27832,44.879997,1.0,2.539539,1
18:02:02.013644,138,1.1429297,1.3663033,0.9135334,-0.27832,18.76,1.0,2.1398213,1
18:02:02.013644,138,1.3065614,1.1891565,-0.0664962,-0.27832,7.24,0.724,8.311864,1
18:02:02.013644,138,1.1387489,1.3538553,1.0182322,-0.27832,47.76,1.0,1.1410509,1
18:02:02.013644,138,1.1747179,1.3439158,0.9195321,-0.27832,19.119999,1.0,1.1134527,1
18:02:02.013644,138,1.2033062,1.3174015,0.80086166,-0.34804,8.12,0.812,0.95215917,1
18:02:02.013644,138,1.1543099,1.3427806,1.0211997,-0.27832,50.0,1.0,0.692271,1
18:02:02.013644,138,1.1904366,1.332493,0.9225929,-0.34804,19.119999,1.0,0.85211533,1
18:02:02.013644,138,1.2060362,1.3209187,0.92569417,-0.34804,18.88,1.0,0.756007,1
18:02:02.013644,138,1.2502438,1.2818496,0.8103878,-0.34804,9.24,0.92399997,1.060105,1
18:02:02.013644,138,1.1874176,1.328948,0.7977678,-0.34804,8.0,0.79999995,1.2538024,1
18:02:02.013644,138,1.2821946,1.26082,0.94179755,-0.34804,19.359999,1.0,2.6894183,1
18:02:02.013644,138,1.1146641,1.3257731,1.3986913,-0.48720002,37.36,1.0,1.1481202,1
18:02:02.013644,138,1.3111905,1.2347273,0.7140772,-0.41748002,6.3599997,0.636,3.025531,1
18:02:02.013644,138,1.1572429,1.2928532,1.4075122,-0.48720002,39.52,1.0,1.5077827,1
18:02:02.013644,138,1.3065614,1.1891565,-0.0664962,-0.27832,7.24,0.724,8.311864,1
18:02:02.013644,138,1.2821946,1.26082,0.94179755,-0.34804,19.359999,1.0,2.6894183,1
18:02:02.013644,138,1.0913887,1.3861699,1.0095736,-0.27832,41.76,1.0,3.4934018,1
18:02:02.013644,138,1.1072867,1.3755511,1.0124189,-0.27832,44.879997,1.0,2.539539,1
18:02:02.013644,138,1.1429297,1.3663033,0.9135334,-0.27832,18.76,1.0,2.1398213,1
18:02:02.013644,138,1.3111905,1.2347273,0.7140772,-0.41748002,6.3599997,0.636,3.025531,1
18:02:02.013644,138,1.0809773,1.3041844,1.4858246,-0.48720002,31.519999,1.0,3.2029073,1
18:02:02.013644,138,1.2060362,1.3209187,0.92569417,-0.34804,18.88,1.0,0.756007,1
18:02:02.013644,138,1.163917,1.2831376,1.2276555,-0.55664,56.36,1.0,0.6029649,1
18:02:02.013644,138,1.1910123,1.2922212,1.1320976,-0.55664,88.0,1.0,0.25818318,1
18:02:02.013644,138,1.2303529,1.2851834,1.0366329,-0.34804,53.64,1.0,0.875858,1
18:02:02.066453,139,1.1173216,1.248254,1.4279512,-0.41748002,29.76,1.0,0.4871073,1
18:02:02.066453,139,1.1527039,1.2183468,1.2593061,-0.34804,54.879997,1.0,0.14523709,1
18:02:02.066453,139,1.1948115,1.2165071,1.169219,-0.27832,120.36,1.0,0.16644926,1
18:02:02.066453,139,1.1308033,1.2373962,1.4308605,-0.41748002,27.64,1.0,0.5463987,1
18:02:02.066453,139,1.1798422,1.1958153,1.2653433,-0.34804,53.36,1.0,0.60360086,1
18:02:02.066453,139,1.1574261,1.2152928,1.4367831,-0.41748002,24.24,1.0,1.0801052,1
18:02:02.066453,139,1.1705647,1.2040495,1.4397957,-0.48720002,20.64,1.0,1.5558913,1
18:02:02.066453,139,1.2771852,1.2206769,1.1512679,-0.27832,119.24,1.0,2.735319,1
18:02:02.066453,139,1.3184005,1.2600687,1.123879,-0.27832,45.0,1.0,6.457816,1
18:02:02.066453,139,1.183586,1.1926796,1.4428422,-0.48720002,17.24,1.0,2.1718948,1
18:02:02.066453,139,1.2326927,1.1492026,1.2778332,-0.34804,34.76,1.0,3.2558746,1
18:02:02.066453,139,1.2456003,1.1372333,1.2810404,-0.34804,28.76,1.0,4.2848415,1
18:02:02.066453,139,1.1932352,1.1843542,1.2684144,-0.34804,48.239998,1.0,1.0486263,1
18:02:02.066453,139,1.1389611,1.2294148,1.2563404,-0.27832,52.239998,1.0,0.13046442,1
18:02:02.066453,139,1.2065088,1.1727642,1.2715199,-0.34804,41.52,1.0,1.6385192,1
18:02:02.066453,139,1.0547274,1.2418296,1.4908255,-0.41748002,17.0,1.0,2.2706008,1
18:02:02.066453,139,1.0938085,1.2878435,1.4719589,-0.41748002,30.0,1.0,0.79907113,1
18:02:02.066453,139,1.21022,1.033118,-0.046410337,-1.04384,5.0,0.5,10.676761,1
18:02:02.066453,139,1.2707957,1.034075,-0.089844055,-0.13916,8.88,0.88799995,8.969524,1
18:02:02.066453,139,1.0244145,1.3448629,1.4749249,-0.41748002,18.0,1.0,3.9673762,1
18:02:02.066453,139,1.0685666,1.2827336,1.2420537,-0.27832,26.88,1.0,2.1729069,1
18:02:02.066453,139,1.0519037,1.3189348,1.463628,-0.41748002,21.52,1.0,2.2703984,1
18:02:02.066453,139,1.3323299,1.0332676,-0.13280503,-0.13916,9.5199995,0.95199996,8.833076,1
18:02:02.066453,139,1.1238433,1.2725099,1.1542132,-0.27832,93.64,1.0,1.1095854,1
18:02:02.066453,139,1.0659791,1.3087062,1.4663688,-0.41748002,25.119999,1.0,1.645706,1
18:02:02.066453,139,1.097055,1.2618146,1.247659,-0.27832,39.52,1.0,0.9353844,1
18:02:02.066453,139,1.2900616,1.3242629,0.90296096,-0.20888,5.3599997,0.536,10.539461,1
18:02:02.066453,139,1.0799478,1.298342,1.4691459,-0.41748002,28.24,1.0,1.155052,1
18:02:02.066453,139,1.0828649,1.2723429,1.2448379,-0.27832,32.76,1.0,1.4844981,1
18:02:02.066453,139,1.1251044,1.2403494,1.2534105,-0.27832,46.52,1.0,0.2576912,1
18:02:02.066453,139,1.1798422,1.1958153,1.2653433,-0.34804,53.36,1.0,0.60360086,1
18:02:02.066453,139,1.0547274,1.2418296,1.4908255,-0.41748002,17.0,1.0,2.2706008,1
18:02:02.066453,139,1.2707957,1.034075,-0.089844055,-0.13916,8.88,0.88799995,8.969524,1
18:02:02.066453,139,1.2456003,1.1372333,1.2810404,-0.34804,28.76,1.0,4.2848415,1
18:02:02.066453,139,1.2771852,1.2206769,1.1512679,-0.27832,119.24,1.0,2.735319,1
18:02:02.066453,139,1.0685666,1.2827336,1.2420537,-0.27832,26.88,1.0,2.1729069,1
18:02:02.066453,139,1.2771852,1.2206769,1.1512679,-0.27832,119.24,1.0,2.735319,1
18:02:02.066453,139,1.2065088,1.1727642,1.2715199,-0.34804,41.52,1.0,1.6385192,1
18:02:02.066453,139,1.1705647,1.2040495,1.4397957,-0.48720002,20.64,1.0,1.5558913,1
18:02:02.066453,139,1.183586,1.1926796,1.4428422,-0.48720002,17.24,1.0,2.1718948,1
18:02:02.066453,139,1.3323299,1.0332676,-0.13280503,-0.13916,9.5199995,0.95199996,8.833076,1
18:02:02.066453,139,1.0519037,1.3189348,1.463628,-0.41748002,21.52,1.0,2.2703984,1
18:02:02.066453,139,1.1705647,1.2040495,1.4397957,-0.48720002,20.64,1.0,1.5558913,1
18:02:02.066453,139,1.097055,1.2618146,1.247659,-0.27832,39.52,1.0,0.9353844,1
18:02:02.066453,139,1.2326927,1.1492026,1.2778332,-0.34804,34.76,1.0,3.2558746,1
18:02:02.066453,139,1.0244145,1.3448629,1.4749249,-0.41748002,18.0,1.0,3.9673762,1
18:02:02.066453,139,1.1308033,1.2373962,1.4308605,-0.41748002,27.64,1.0,0.5463987,1
18:02:02.066453,139,1.1389611,1.2294148,1.2563404,-0.27832,52.239998,1.0,0.13046442,1
18:02:02.125157,140,1.1948115,1.3900776,-0.48761755,-0.27832,120.759995,1.0,0.21117747,1
18:02:02.125157,140,1.3111905,1.5254762,-0.9225351,-0.06972,6.8799996,0.68799996,9.49166,1
18:02:02.125157,140,1.0501572,1.2467905,-0.21311854,-0.41748002,8.76,0.876,5.767692,1
18:02:02.125157,140,1.3833911,1.3984079,-0.6958208,-0.34804,20.88,1.0,4.8769617,1
18:02:02.125157,140,1.2378174,1.5623994,-0.6166029,-0.06972,15.88,1.0,4.8352327,1
18:02:02.125157,140,1.0295223,1.4420918,-0.4713572,-0.20888,39.0,1.0,5.75809,1
18:02:02.125157,140,1.0762117,1.3866832,-0.22948484,-0.41748002,30.359999,1.0,3.7943797,1
18:02:02.125157,140,1.3033208,1.4273746,-0.5979113,-0.27832,54.12,1.0,1.357659,1
18:02:02.125157,140,1.2821946,1.4917415,-0.6958208,-0.06972,21.119999,1.0,1.5977123,1
18:02:02.125157,140,1.1613196,1.4963436,-0.5038779,-0.27832,64.36,1.0,2.01257,1
18:02:02.125157,140,1.31107,1.4948329,-0.8173101,-0.06972,11.0,1.0,4.636356,1
18:02:02.125157,140,1.1558552,1.3178627,-0.2470262,-0.41748002,21.52,1.0,3.6390123,1
18:02:02.125157,140,1.2596058,1.4954567,-0.52013826,-0.27832,46.12,1.0,3.7904935,1
18:02:02.125157,140,1.3730309,1.3604518,-0.5979113,-0.34804,46.0,1.0,5.5027504,1
18:02:02.125157,140,1.1003102,1.388835,-0.4713572,-0.27832,61.64,1.0,2.4952183,1
18:02:02.125157,140,1.1816103,1.3203567,-0.4713572,-0.27832,50.36,1.0,3.153789,1
18:02:02.125157,140,1.0946594,1.4702418,-0.48761755,-0.27832,86.0,1.0,2.4634275,1
18:02:02.125157,140,1.0642927,1.3161167,-0.22128549,-0.41748002,27.119999,1.0,2.8113382,1
18:02:02.125157,140,1.128741,1.2612795,-0.22128549,-0.41748002,19.88,1.0,4.5813875,1
18:02:02.125157,140,1.2763411,1.3700578,-0.57921964,-0.34804,89.36,1.0,2.1499383,1
18:02:02.125157,140,1.2202284,1.4487063,-0.5038779,-0.27832,81.64,1.0,0.6468216,1
18:02:02.125157,140,1.1987959,1.5446312,-0.52013826,-0.27832,28.88,1.0,5.530364,1
18:02:02.125157,140,1.3408227,1.4392743,-0.6958208,-0.27832,24.0,1.0,2.5013893,1
18:02:02.125157,140,1.1525778,1.4252911,-0.48761755,-0.27832,114.24,1.0,0.3422907,1
18:02:02.125157,140,1.1414739,1.3552057,-0.4713572,-0.27832,60.76,1.0,2.1937356,1
18:02:02.125157,140,1.1173216,1.3537778,-0.22948484,-0.41748002,27.359999,1.0,3.5737507,1
18:02:02.125157,140,1.2521054,1.5170854,-0.6958208,-0.06972,18.64,1.0,2.09813,1
18:02:02.125157,140,1.311771,1.4658011,-0.6958208,-0.27832,24.119999,1.0,1.7296236,1
18:02:02.125157,140,1.2294466,1.520348,-0.52013826,-0.27832,40.36,1.0,4.38264,1
18:02:02.125157,140,1.2745144,1.4531537,-0.5979113,-0.27832,51.0,1.0,0.77220976,1
18:02:02.125157,140,1.3316057,1.4010245,-0.5979113,-0.34804,53.52,1.0,2.5518594,1
18:02:02.125157,140,1.1910123,1.4728196,-0.5038779,-0.27832,76.24,1.0,1.0512967,1
18:02:02.125157,140,1.1238433,1.448056,-0.48761755,-0.27832,96.52,1.0,1.1268308,1
18:02:02.125157,140,1.0581564,1.4212143,-0.4713572,-0.20888,51.879997,1.0,4.041908,1
18:02:02.125157,140,1.0904005,1.294569,-0.22128549,-0.41748002,25.119999,1.0,3.1587684,1
18:02:02.125157,140,1.1292684,1.3407148,-0.2470262,-0.41748002,24.64,1.0,2.959247,1
18:02:02.125157,140,1.3551482,1.4257942,-0.6958208,-0.27832,22.76,1.0,3.129763,1
18:02:02.125157,140,1.2970477,1.4788452,-0.6958208,-0.06972,23.119999,1.0,1.5841732,1
18:02:02.125157,140,1.214182,1.5325662,-0.52013826,-0.27832,34.36,1.0,4.8874173,1
18:02:02.125157,140,1.359358,1.3741139,-0.5979113,-0.34804,50.239998,1.0,4.3630395,1
18:02:02.125157,140,1.3175291,1.4142702,-0.5979113,-0.34804,54.879997,1.0,1.8781668,1
18:02:02.125157,140,1.2346543,1.4364318,-0.5038779,-0.27832,85.88,1.0,0.6551781,1
18:02:02.125157,140,1.1762247,1.4846559,-0.5038779,-0.27832,70.36,1.0,1.4626708,1
18:02:02.125157,140,1.0799025,1.4811146,-0.48761755,-0.20888,75.52,1.0,3.3374355,1
18:02:02.125157,140,1.1382675,1.4367454,-0.48761755,-0.27832,106.36,1.0,0.6652711,1
18:02:02.125157,140,1.1141434,1.3777626,-0.4713572,-0.27832,62.76,1.0,2.2556217,1
18:02:02.125157,140,1.1549686,1.3437233,-0.4713572,-0.27832,56.239998,1.0,2.3726923,1
18:02:02.125157,140,1.0438915,1.4317247,-0.4713572,-0.20888,45.36,1.0,4.8317866,1
18:02:02.174719,141,1.3496443,1.2686208,0.7890372,-0.13916,6.8799996,0.68799996,4.926734,1
18:02:02.174719,141,1.31107,1.2323623,0.82364786,-0.13916,9.76,0.97599995,4.418501,1
18:02:02.174719,141,1.1910123,1.2922212,1.1320976,-0.34804,53.0,1.0,0.19940026,1
18:02:02.174719,141,1.1525778,1.2505207,1.1601051,-0.34804,110.0,1.0,0.13614532,1
18:02:02.174719,141,1.1149646,1.1646528,1.126982,-0.27832,70.52,1.0,0.21037444,1
18:02:02.174719,141,0.99945885,1.1887488,1.4608392,-0.41748002,14.5199995,1.0,2.2420835,1
18:02:02.174719,141,1.0377593,1.2343031,1.4401779,-0.41748002,31.76,1.0,2.4544847,1
18:02:02.174719,141,1.2533792,1.3375416,1.0032525,-0.20888,15.12,1.0,2.9891632,1
18:02:02.174719,141,1.214182,1.3457236,1.1009277,-0.34804,30.64,1.0,3.203291,1
18:02:02.174719,141,1.0834538,1.2434449,1.3567598,-0.20888,22.64,1.0,1.9457443,1
18:02:02.174719,141,1.0834538,1.2434449,1.3567598,-0.20888,22.64,1.0,1.9457443,1
18:02:02.174719,141,1.1910123,1.2922212,1.1320976,-0.34804,53.0,1.0,0.19940026,1
18:02:02.174719,141,1.2533792,1.3375416,1.0032525,-0.20888,15.12,1.0,2.9891632,1
18:02:02.174719,141,1.1525778,1.2505207,1.1601051,-0.34804,110.0,1.0,0.13614532,1
18:02:02.174719,141,1.0377593,1.2343031,1.4401779,-0.41748002,31.76,1.0,2.4544847,1
18:02:02.174719,141,1.0377593,1.2343031,1.4401779,-0.41748002,31.76,1.0,2.4544847,1
18:02:02.174719,141,1.31107,1.2323623,0.82364786,-0.13916,9.76,0.97599995,4.418501,1
18:02:02.174719,141,1.2533792,1.3375416,1.0032525,-0.20888,15.12,1.0,2.9891632,1
18:02:02.174719,141,1.1149646,1.1646528,1.126982,-0.27832,70.52,1.0,0.21037444,1
18:02:02.174719,141,1.0377593,1.2343031,1.4401779,-0.41748002,31.76,1.0,2.4544847,1
18:02:02.174719,141,1.1910123,1.2922212,1.1320976,-0.34804,53.0,1.0,0.19940026,1
18:02:02.174719,141,1.1149646,1.1646528,1.126982,-0.27832,70.52,1.0,0.21037444,1
18:02:02.174719,141,1.1525778,1.2505207,1.1601051,-0.34804,110.0,1.0,0.13614532,1
18:02:02.174719,141,1.1910123,1.2922212,1.1320976,-0.34804,53.0,1.0,0.19940026,1
18:02:02.174719,141,1.0834538,1.2434449,1.3567598,-0.20888,22.64,1.0,1.9457443,1
18:02:02.174719,141,1.1525778,1.2505207,1.1601051,-0.34804,110.0,1.0,0.13614532,1
18:02:02.174719,141,1.2533792,1.3375416,1.0032525,-0.20888,15.12,1.0,2.9891632,1
18:02:02.174719,141,1.1525778,1.2505207,1.1601051,-0.34804,110.0,1.0,0.13614532,1
18:02:02.174719,141,1.2533792,1.3375416,1.0032525,-0.20888,15.12,1.0,2.9891632,1
18:02:02.174719,141,1.1910123,1.2922212,1.1320976,-0.34804,53.0,1.0,0.19940026,1
18:02:02.174719,141,1.0377593,1.2343031,1.4401779,-0.41748002,31.76,1.0,2.4544847,1
18:02:02.174719,141,1.1525778,1.2505207,1.1601051,-0.34804,110.0,1.0,0.13614532,1
18:02:02.174719,141,1.2533792,1.3375416,1.0032525,-0.20888,15.12,1.0,2.9891632,1
18:02:02.174719,141,0.99945885,1.1887488,1.4608392,-0.41748002,14.5199995,1.0,2.2420835,1
18:02:02.174719,141,1.1910123,1.2922212,1.1320976,-0.34804,53.0,1.0,0.19940026,1
18:02:02.174719,141,1.3496443,1.2686208,0.7890372,-0.13916,6.8799996,0.68799996,4.926734,1
18:02:02.174719,141,1.1149646,1.1646528,1.126982,-0.27832,70.52,1.0,0.21037444,1
18:02:02.174719,141,1.1149646,1.1646528,1.126982,-0.27832,70.52,1.0,0.21037444,1
18:02:02.174719,141,1.1149646,1.1646528,1.126982,-0.27832,70.52,1.0,0.21037444,1
18:02:02.174719,141,1.0834538,1.2434449,1.3567598,-0.20888,22.64,1.0,1.9457443,1
18:02:02.174719,141,1.1525778,1.2505207,1.1601051,-0.34804,110.0,1.0,0.13614532,1
18:02:02.174719,141,1.3496443,1.2686208,0.7890372,-0.13916,6.8799996,0.68799996,4.926734,1
18:02:02.174719,141,1.1525778,1.2505207,1.1601051,-0.34804,110.0,1.0,0.13614532,1
18:02:02.174719,141,1.0377593,1.2343031,1.4401779,-0.41748002,31.76,1.0,2.4544847,1
18:02:02.174719,141,1.0834538,1.2434449,1.3567598,-0.20888,22.64,1.0,1.9457443,1
18:02:02.174719,141,1.0377593,1.2343031,1.4401779,-0.41748002,31.76,1.0,2.4544847,1
18:02:02.174719,141,1.1149646,1.1646528,1.126982,-0.27832,70.52,1.0,0.21037444,1
18:02:02.174719,141,1.1149646,1.1646528,1.126982,-0.27832,70.52,1.0,0.21037444,1
18:02:02.232540,142,1.0487317,1.1432972,1.4561529,-0.41748002,31.519999,1.0,1.0431037,1
18:02:02.232540,142,1.0889204,1.1871096,1.435312,-0.41748002,38.64,1.0,0.5553198,1
18:02:02.232540,142,1.263134,1.2329458,1.1479803,-0.27832,41.879997,1.0,4.9648,1
18:02:02.232540,142,1.0734223,1.122798,1.4616456,-0.41748002,27.519999,1.0,0.8939421,1
18:02:02.232540,142,1.1145571,1.165825,1.4410152,-0.41748002,32.76,1.0,0.5819366,1
18:02:02.232540,142,1.193965,1.097725,1.1449152,-0.27832,86.52,1.0,0.41539744,1
18:02:02.232540,142,1.127209,1.154998,1.4439163,-0.41748002,27.24,1.0,0.6126829,1
18:02:02.232540,142,1.249444,1.1692814,1.1818732,-0.27832,72.88,1.0,1.7806842,1
18:02:02.232540,142,1.5046932,0.7695177,1.1389531,-0.27832,49.12,1.0,2.902795,1
18:02:02.232540,142,1.5550728,0.8575497,1.170568,-0.41748002,40.879997,1.0,4.3413215,1
18:02:02.232540,142,1.523714,0.7402646,1.1467913,-0.27832,45.12,1.0,3.4551735,1
18:02:02.232540,142,1.5745245,0.76494986,1.1183399,-0.27832,38.64,1.0,3.3653972,1
18:02:02.232540,142,1.5421253,0.71064985,1.1547266,-0.27832,41.239998,1.0,4.0809035,1
18:02:02.232540,142,1.5935498,0.7343476,1.1265397,-0.41748002,36.239998,1.0,3.8325524,1
18:02:02.232540,142,1.5599198,0.6806854,1.1627556,-0.27832,37.64,1.0,4.7867513,1
18:02:02.232540,142,1.6119378,0.7033839,1.1348364,-0.41748002,33.76,1.0,4.361833,1
18:02:02.232540,142,1.0774004,1.2036545,1.4483901,-0.41748002,43.879997,1.0,0.7247114,1
18:02:02.232540,142,1.037637,1.1592314,1.4687483,-0.41748002,34.76,1.0,1.0023496,1
18:02:02.232540,142,1.139748,1.1440493,1.4468501,-0.41748002,22.519999,1.0,0.6540702,1
18:02:02.232540,142,1.0642927,1.2139982,1.4456186,-0.41748002,47.0,1.0,0.72484857,1
18:02:02.232540,142,1.1023711,1.103429,1.162738,-0.20888,22.76,1.0,2.7959843,1
18:02:02.232540,142,0.9504497,1.2434888,1.4968923,-0.41748002,27.76,1.0,1.6077908,1
18:02:02.232540,142,0.986872,1.2911407,1.4776126,-0.41748002,32.88,1.0,1.3938155,1
18:02:02.232540,142,0.9735049,1.2078068,1.4557326,-0.41748002,31.64,1.0,1.7048291,1
18:02:02.232540,142,1.0108107,1.2540915,1.4348756,-0.20888,38.64,1.0,0.87404114,1
18:02:02.232540,142,1.3081697,1.3185557,0.7968907,-0.13916,6.64,0.664,9.916517,1
18:02:02.232540,142,0.97299945,1.3006063,1.4750763,-0.41748002,27.359999,1.0,1.4388428,1
18:02:02.232540,142,1.0243362,1.2442623,1.4375093,-0.41748002,43.76,1.0,0.8124352,1
18:02:02.232540,142,0.99945885,1.1887488,1.4608392,-0.41748002,36.76,1.0,1.363533,1
18:02:02.232540,142,1.0377593,1.2343031,1.4401779,-0.41748002,47.0,1.0,0.76772714,1
18:02:02.232540,142,1.2433263,1.2225996,0.9738758,-0.06972,30.88,1.0,2.5691628,1
18:02:02.232540,142,1.2776625,1.206799,0.87541246,-0.06972,19.76,1.0,3.0928478,1
18:02:02.232540,142,1.31107,1.2323623,0.82364786,-0.13916,14.759999,1.0,5.175311,1
18:02:02.232540,142,0.98423964,1.1185586,1.471919,-0.41748002,9.0,0.9,4.0461,1
18:02:02.232540,142,0.9865312,1.1983405,1.4582691,-0.41748002,34.76,1.0,1.5235025,1
18:02:02.232540,142,1.025013,1.1691934,1.466079,-0.41748002,36.76,1.0,1.1038576,1
18:02:02.232540,142,1.0734223,1.122798,1.4616456,-0.41748002,27.519999,1.0,0.8939421,1
18:02:02.232540,142,1.0774004,1.2036545,1.4483901,-0.41748002,43.879997,1.0,0.7247114,1
18:02:02.232540,142,0.9735049,1.2078068,1.4557326,-0.41748002,31.64,1.0,1.7048291,1
18:02:02.232540,142,1.0642927,1.2139982,1.4456186,-0.41748002,47.0,1.0,0.72484857,1
18:02:02.232540,142,0.9865312,1.1983405,1.4582691,-0.41748002,34.76,1.0,1.5235025,1
18:02:02.232540,142,1.31107,1.2323623,0.82364786,-0.13916,14.759999,1.0,5.175311,1
18:02:02.232540,142,1.2776625,1.206799,0.87541246,-0.06972,19.76,1.0,3.0928478,1
18:02:02.232540,142,1.0487317,1.1432972,1.4561529,-0.41748002,31.519999,1.0,1.0431037,1
18:02:02.232540,142,1.2776625,1.206799,0.87541246,-0.06972,19.76,1.0,3.0928478,1
18:02:02.232540,142,1.025013,1.1691934,1.466079,-0.41748002,36.76,1.0,1.1038576,1
18:02:02.232540,142,1.0243362,1.2442623,1.4375093,-0.41748002,43.76,1.0,0.8124352,1
18:02:02.232540,142,1.1023711,1.103429,1.162738,-0.20888,22.76,1.0,2.7959843,1
18:02:02.291105,143,1.095137,1.226087,1.3433639,-0.34804,69.119995,1.0,0.3590453,1
18:02:02.291105,143,1.2502438,1.2818496,0.8103878,0.06972,6.12,0.612,11.029587,1
18:02:02.291105,143,1.2710661,1.070418,1.2251974,-0.41748002,105.119995,1.0,1.7077049,1
18:02:02.291105,143,0.92363477,1.2615917,1.4920417,-0.34804,24.64,1.0,2.7111368,1
18:02:02.291105,143,1.2153844,1.2969955,1.0334678,0.06972,15.5199995,1.0,8.158123,1
18:02:02.291105,143,1.0976835,1.1018261,1.467265,-0.34804,27.76,1.0,1.6457247,1
18:02:02.291105,143,1.164888,1.1323075,1.2966502,-0.41748002,82.64,1.0,0.18962413,1
18:02:02.291105,143,1.2346543,1.2570734,1.1415154,0.06972,34.88,1.0,6.1120396,1
18:02:02.291105,143,0.9855774,1.1242107,1.4866207,-0.34804,21.52,1.0,4.5327935,1
18:02:02.291105,143,1.0243362,1.2442623,1.4375093,-0.34804,58.12,1.0,0.5808616,1
18:02:02.291105,143,1.097055,1.2618146,1.247659,-0.34804,72.0,1.0,1.3447326,1
18:02:02.291105,143,1.249444,1.1692814,1.1818732,-0.20888,59.12,1.0,2.589817,1
18:02:02.291105,143,1.0278994,1.2842386,1.3458292,-0.34804,28.119999,1.0,1.1810737,1
18:02:02.291105,143,1.1590368,1.1031617,1.4054269,-0.41748002,24.359999,1.0,0.83541733,1
18:02:02.291105,143,1.2271938,1.0745312,1.3121313,-0.41748002,43.36,1.0,1.2326739,1
18:02:02.291105,143,1.0889204,1.1871096,1.435312,-0.34804,63.52,1.0,0.22129336,1
18:02:02.291105,143,1.1798422,1.1958153,1.2653433,-0.34804,112.64,1.0,1.1422964,1
18:02:02.291105,143,1.2109319,1.1381506,1.2254164,-0.41748002,121.36,1.0,0.7487145,1
18:02:02.291105,143,1.037637,1.1592314,1.4687483,-0.34804,59.359997,1.0,1.2627361,1
18:02:02.291105,143,0.97299945,1.3006063,1.4750763,-0.34804,28.64,1.0,1.5427456,1
18:02:02.291105,143,0.9735049,1.2078068,1.4557326,-0.34804,45.879997,1.0,1.9816409,1
18:02:02.291105,143,1.1153723,1.1835841,1.3008156,-0.41748002,82.88,1.0,0.03142082,1
18:02:02.291105,143,1.2134591,1.244135,0.8453886,0.06972,6.64,0.664,6.6120543,1
18:02:02.291105,143,1.1389611,1.2294148,1.2563404,-0.34804,93.0,1.0,1.0853565,1
18:02:02.291105,143,1.0678346,1.2469804,1.3377655,-0.34804,43.879997,1.0,0.5453351,1
18:02:02.291105,143,1.1416317,1.1617824,1.3066573,-0.41748002,92.0,1.0,0.06396594,1
18:02:02.291105,143,1.1901686,1.1095587,1.3027457,-0.41748002,68.76,1.0,0.496907,1
18:02:02.291105,143,0.99718416,1.2637894,1.4322771,-0.34804,36.239998,1.0,0.9614353,1
18:02:02.291105,143,1.0628481,1.2078948,1.4297427,-0.34804,76.0,1.0,0.24811736,1
18:02:02.291105,143,1.1145571,1.165825,1.4410152,-0.34804,51.12,1.0,0.34135336,1
18:02:02.291105,143,1.1344174,1.1253155,1.3994908,-0.41748002,40.0,1.0,0.47814524,1
18:02:02.291105,143,0.9504497,1.2434888,1.4968923,-0.34804,37.36,1.0,2.046189,1
18:02:02.291105,143,0.99945885,1.1887488,1.4608392,-0.34804,61.239998,1.0,1.5717397,1
18:02:02.291105,143,1.0734223,1.122798,1.4616456,-0.34804,42.76,1.0,1.4360062,1
18:02:02.291105,143,1.0401051,1.2673422,1.3323096,-0.34804,34.88,1.0,0.8811689,1
18:02:02.291105,143,1.0487317,1.1432972,1.4561529,-0.34804,51.64,1.0,1.3834814,1
18:02:02.291105,143,1.1527039,1.2183468,1.2593061,-0.34804,103.52,1.0,1.0697447,1
18:02:02.291105,143,1.1251044,1.2403494,1.2534105,-0.34804,82.24,1.0,1.1360873,1
18:02:02.291105,143,1.1978731,1.1497843,1.2222992,-0.34804,118.88,1.0,0.62431294,1
18:02:02.291105,143,1.0815399,1.2365997,1.3405471,-0.34804,55.36,1.0,0.43375197,1
18:02:02.291105,143,1.2026311,1.0980022,1.3058423,-0.41748002,55.0,1.0,0.70562506,1
18:02:02.291105,143,1.1520723,1.1434977,1.2936518,-0.41748002,91.88,1.0,0.09139041,1
18:02:02.291105,143,0.9590295,1.3099372,1.4725761,-0.34804,22.76,1.0,1.8262794,1
18:02:02.291105,143,1.0377593,1.2343031,1.4401779,-0.34804,69.64,1.0,0.44840074,1
18:02:02.291105,143,1.0108107,1.2540915,1.4348756,-0.34804,46.239998,1.0,0.7516919,1
18:02:02.291105,143,1.075938,1.1975652,1.4325105,-0.34804,73.36,1.0,0.21616739,1
18:02:02.291105,143,1.1467844,1.1142981,1.4024429,-0.41748002,31.119999,1.0,0.6382331,1
18:02:02.291105,143,0.9370891,1.252605,1.4944496,-0.34804,30.24,1.0,2.3575587,1
18:02:02.345106,144,1.2625768,1.1857233,1.0826341,-0.06972,20.0,1.0,2.6726096,1
18:02:02.345106,144,1.221833,1.1474596,1.1122379,-0.06972,43.239998,1.0,0.95185506,1
18:02:02.345106,144,1.1810892,1.1091958,1.1418417,-0.06972,80.759995,1.0,0.51874644,1
18:02:02.345106,144,1.0487317,1.1432972,1.4561529,-0.27832,29.88,1.0,2.0253704,1
18:02:02.345106,144,1.2205324,1.2217035,1.0729933,-0.06972,19.88,1.0,1.92716,1
18:02:02.345106,144,1.1948278,1.1708035,1.1059829,-0.06972,41.52,1.0,0.45559457,1
18:02:02.345106,144,1.1549845,1.1317613,1.1357952,-0.06972,76.52,1.0,0.11535107,1
18:02:02.345106,144,1.0362285,1.1533668,1.4534547,-0.27832,32.52,1.0,2.114562,1
18:02:02.345106,144,1.0684019,1.1046575,1.4160606,-0.27832,26.359999,1.0,2.4225059,1
18:02:02.345106,144,1.2346711,1.2098457,1.0761706,-0.06972,20.52,1.0,2.0782185,1
18:02:02.345106,144,1.1527768,1.059857,1.174413,-0.34804,35.76,1.0,1.6658195,1
18:02:02.345106,144,1.1044602,1.0731728,1.4244969,-0.27832,19.119999,1.0,3.099989,1
18:02:02.345106,144,1.235153,1.1355932,1.1154175,-0.06972,43.12,1.0,1.3417388,1
18:02:02.345106,144,1.2763411,1.1734612,1.0859197,-0.06972,18.88,1.0,3.114991,1
18:02:02.345106,144,1.0925497,1.0837836,1.4216536,-0.27832,22.64,1.0,2.7902317,1
18:02:02.345106,144,1.2067213,1.0861305,1.1480219,-0.34804,76.36,1.0,1.2902286,1
18:02:02.345106,144,1.2483494,1.1235987,1.1186314,-0.06972,41.239998,1.0,1.8255363,1
18:02:02.345106,144,1.2318709,1.0625747,1.1543337,-0.34804,69.0,1.0,2.4265187,1
18:02:02.345106,144,1.2743666,1.0992303,1.1251609,-0.06972,38.239998,1.0,3.0731099,1
18:02:02.345106,144,1.2442615,1.0506159,1.157538,-0.34804,60.359997,1.0,3.1304443,1
18:02:02.345106,144,1.2871847,1.0868589,1.1284758,-0.06972,34.88,1.0,3.836008,1
18:02:02.345106,144,1.2686683,1.026342,1.1640422,-0.34804,51.76,1.0,4.80782,1
18:02:02.345106,144,1.1811453,1.1822786,1.1029081,-0.06972,38.12,1.0,0.35010248,1
18:02:02.345106,144,1.193965,1.097725,1.1449152,-0.06972,80.759995,1.0,0.85868174,1
18:02:02.345106,144,1.0628481,1.2078948,1.4297427,-0.27832,22.88,1.0,1.0429413,1
18:02:02.345106,144,1.1417582,1.1428537,1.132823,-0.06972,69.0,1.0,0.05271155,1
18:02:02.345106,144,1.0821388,1.2588257,1.0823975,-0.06972,19.76,1.0,2.3155217,1
18:02:02.345106,144,1.0236217,1.1633152,1.4507891,-0.27832,33.52,1.0,2.28897,1
18:02:02.345106,144,1.1031498,1.3115317,1.0489239,0.20888,10.0,1.0,4.288897,1
18:02:02.345106,144,1.1182243,1.3008032,1.0517986,0.20888,10.639999,1.0,3.6421316,1
18:02:02.345106,144,0.96038127,1.2171469,1.4532299,-0.27832,23.0,1.0,4.3168163,1
18:02:02.345106,144,1.0966187,1.248303,1.085217,-0.06972,22.519999,1.0,1.7419583,1
18:02:02.345106,144,0.9721835,1.2018763,1.4404566,-0.27832,26.64,1.0,3.8458223,1
18:02:02.345106,144,1.0877249,1.1859299,1.1212808,-0.06972,43.52,1.0,0.7387694,1
18:02:02.345106,144,1.133187,1.2899295,1.0547122,-0.06972,11.12,1.0,3.0967586,1
18:02:02.345106,144,1.1627711,1.2677516,1.0606548,-0.06972,13.36,1.0,2.3082943,1
18:02:02.345106,144,1.1918901,1.2450066,1.0667492,-0.06972,18.24,1.0,1.9196994,1
18:02:02.345106,144,1.1534274,1.2048297,1.0968657,-0.06972,33.88,1.0,0.42660785,1
18:02:02.345106,144,1.1149646,1.1646528,1.126982,-0.06972,60.12,1.0,0.20759894,1
18:02:02.345106,144,0.9981022,1.1828442,1.4455563,-0.27832,32.64,1.0,2.8948488,1
18:02:02.345106,144,1.1252481,1.2268407,1.0909678,-0.06972,25.76,1.0,0.8893823,1
18:02:02.345106,144,1.1773895,1.2564493,1.0636832,-0.06972,16.0,1.0,2.0642514,1
18:02:02.345106,144,0.959702,1.1373364,1.4668876,-0.27832,17.119999,1.0,5.6690674,1
18:02:02.345106,144,1.1393946,1.2159033,1.0938984,-0.06972,29.64,1.0,0.6094904,1
18:02:02.345106,144,1.1013998,1.1753571,1.1241138,-0.06972,51.36,1.0,0.42594457,1
18:02:02.345106,144,0.9851921,1.1924229,1.4429897,-0.27832,30.119999,1.0,3.3270237,1
18:02:02.345106,144,1.2002943,1.3086624,1.0303416,0.20888,5.24,0.524,4.9955053,1
18:02:02.345106,144,1.133187,1.2899295,1.0547122,-0.06972,11.12,1.0,3.0967586,1
18:02:02.401031,145,1.1267213,1.1079384,1.0701106,-0.13916,76.88,1.0,0.024134804,1
18:02:02.401031,145,0.9610064,1.1430138,1.4815824,-0.20888,21.119999,1.0,2.5176198,1
18:02:02.401031,145,1.2303529,1.2851834,1.0366329,-0.13916,6.0,0.59999996,1.9838187,1
18:02:02.401031,145,1.0603799,1.1445929,1.3076483,-0.20888,26.64,1.0,0.6953404,1
18:02:02.401031,145,1.2951486,1.0272151,1.0699033,-0.20888,20.119999,1.0,4.8265696,1
18:02:02.401031,145,1.067887,1.2216977,1.0177917,-0.13916,13.759999,1.0,2.546132,1
18:02:02.401031,145,1.1650933,1.0486624,1.1774125,-0.20888,51.0,1.0,1.363176,1
18:02:02.401031,145,1.2322412,1.1608417,1.0122609,-0.13916,14.0,1.0,0.6026778,1
18:02:02.401031,145,1.0100025,1.1305275,1.0858951,-0.13916,35.0,1.0,1.61906,1
18:02:02.401031,145,1.1182243,1.3008032,1.0517986,-0.13916,7.0,0.7,3.4750183,1
18:02:02.401031,145,1.0487317,1.1432972,1.4561529,-0.20888,21.88,1.0,1.9287871,1
18:02:02.401031,145,1.1908288,1.0519623,1.0851094,-0.20888,73.119995,1.0,1.1859237,1
18:02:02.401031,145,1.2995192,1.0996917,1.028646,-0.13916,10.88,1.0,2.7650795,1
18:02:02.401031,145,0.96038127,1.2171469,1.4532299,-0.20888,21.119999,1.0,3.6193922,1
18:02:02.401031,145,1.1382366,1.1684128,1.0320694,-0.13916,24.24,1.0,0.32493174,1
18:02:02.401031,145,1.1129464,1.0484593,1.1078851,-0.13916,68.88,1.0,0.4077333,1
18:02:02.401031,145,1.0623242,1.0904878,1.0966237,-0.13916,57.64,1.0,0.32998767,1
18:02:02.401031,145,1.1773895,1.2564493,1.0636832,-0.13916,11.12,1.0,1.3833097,1
18:02:02.401031,145,1.218886,1.1000881,1.0503769,-0.13916,31.0,1.0,0.8380595,1
18:02:02.401031,145,1.0597974,1.1607498,1.0559598,-0.13916,45.64,1.0,1.136455,1
18:02:02.401031,145,1.2519599,0.9929611,1.1009187,-0.20888,43.879997,1.0,4.6216984,1
18:02:02.401031,145,1.1790918,1.1348348,1.0410666,-0.13916,30.519999,1.0,0.14677736,1
18:02:02.401031,145,1.2575831,1.0642042,1.0599921,-0.20888,25.88,1.0,2.3987992,1
18:02:02.401031,145,0.99945885,1.1887488,1.4608392,-0.20888,26.64,1.0,2.5029938,1
18:02:02.401031,145,1.2595316,1.1367723,1.0187104,-0.13916,13.36,1.0,1.1607116,1
18:02:02.401031,145,1.2044579,1.1843792,1.005954,-0.13916,12.759999,1.0,0.45408016,1
18:02:02.401031,145,1.0963571,1.2007921,1.0233934,-0.13916,18.0,1.0,1.3700552,1
18:02:02.401031,145,1.2278745,1.0169153,1.0945002,-0.20888,52.64,1.0,2.9752543,1
18:02:02.401031,145,1.1002804,1.1294503,1.0643466,-0.13916,66.24,1.0,0.19675727,1
18:02:02.401031,145,1.0322766,1.1809584,1.050545,-0.34804,31.0,1.0,2.2147975,1
18:02:02.401031,145,1.1527113,1.0859201,1.0760105,-0.13916,86.36,1.0,0.21556772,1
18:02:02.401031,145,1.1403452,1.070932,1.1714454,-0.20888,65.119995,1.0,0.5857265,1
18:02:02.401031,145,1.0878528,1.069718,1.102189,-0.13916,64.52,1.0,0.19759552,1
18:02:02.401031,145,1.0236217,1.1633152,1.4507891,-0.20888,26.119999,1.0,1.964317,1
18:02:02.401031,145,1.133187,1.2899295,1.0547122,-0.13916,7.64,0.764,2.7972076,1
18:02:02.401031,145,1.1627711,1.2677516,1.0606548,-0.13916,9.36,0.936,1.7511066,1
18:02:02.401031,145,1.2184105,1.1726776,1.0090896,-0.13916,13.88,1.0,0.47721288,1
18:02:02.401031,145,1.2729884,1.124541,1.0219877,-0.13916,12.24,1.0,1.5932537,1
18:02:02.401031,145,1.2702324,1.0519956,1.0632633,-0.20888,22.88,1.0,3.1119096,1
18:02:02.401031,145,1.1924763,1.1233809,1.0441357,-0.13916,31.76,1.0,0.28054923,1
18:02:02.401031,145,1.1243888,1.1793406,1.0291413,-0.13916,20.88,1.0,0.57716846,1
18:02:02.401031,145,1.2319087,1.0882516,1.0535486,-0.20888,28.76,1.0,1.2617692,1
18:02:02.401031,145,1.1655896,1.1461588,1.0380323,-0.13916,27.64,1.0,0.10962968,1
18:02:02.401031,145,1.0821762,1.2113136,1.0205742,-0.13916,15.639999,1.0,1.9103118,1
18:02:02.401031,145,1.1782404,1.0634041,1.0820435,-0.20888,82.0,1.0,0.77138823,1
18:02:02.401031,145,1.0868944,1.1400137,1.061516,-0.13916,55.36,1.0,0.4193617,1
18:02:02.401031,145,1.0460894,1.1709206,1.0532346,-0.34804,37.52,1.0,1.630579,1
18:02:02.401031,145,1.1397732,1.096992,1.0730437,-0.13916,84.52,1.0,0.07431296,1
18:02:02.567058,146,1.1149646,1.3509219,-0.5418363,-0.06972,87.88,1.0,0.08966337,1
18:02:02.567058,146,0.92217886,1.2647926,-0.22058278,-0.13916,13.12,1.0,6.5787845,1
18:02:02.567058,146,1.31107,1.4948329,-0.8173101,0.06972,6.0,0.59999996,8.402918,1
18:02:02.567058,146,1.2995192,1.3136256,-0.6536347,-0.27832,16.119999,1.0,3.4926145,1
18:02:02.567058,146,0.98580277,1.4723239,-0.4713572,-0.06972,24.0,1.0,4.8330717,1
18:02:02.567058,146,1.021365,1.3160142,-0.37251797,-0.06972,27.24,1.0,1.7134639,1
18:02:02.567058,146,1.2097936,1.4658194,-0.693768,-0.13916,11.36,1.0,3.5506706,1
18:02:02.567058,146,1.2318709,1.245243,-0.5418363,-0.27832,45.239998,1.0,3.4108725,1
18:02:02.567058,146,1.0675507,1.4641738,-0.560528,0.13916,17.76,1.0,2.6411626,1
18:02:02.567058,146,1.0216533,1.3721869,-0.45509687,-0.06972,50.64,1.0,1.3508395,1
18:02:02.567058,146,1.221833,1.3381306,-0.560528,-0.27832,38.64,1.0,1.3019865,1
18:02:02.567058,146,1.1403452,1.2488866,-0.52314466,-0.27832,63.0,1.0,3.293436,1
18:02:02.567058,146,1.2322412,1.3769327,-0.6536347,-0.27832,19.52,1.0,1.3540865,1
18:02:02.567058,146,1.0034401,1.4357033,-0.5418363,-0.06972,29.24,1.0,2.4460192,1
18:02:02.567058,146,1.1252481,1.4203119,-0.560528,0.13916,30.359999,1.0,1.1163036,1
18:02:02.567058,146,1.0600502,1.394428,-0.5418363,-0.06972,54.879997,1.0,0.6734987,1
18:02:02.567058,146,1.2579237,1.4635041,-0.79326314,-0.13916,8.12,0.812,3.735081,1
18:02:02.567058,146,1.063405,1.3150189,-0.52314466,-0.06972,67.76,1.0,1.7408298,1
18:02:02.567058,146,1.2743666,1.2881999,-0.560528,-0.27832,25.76,1.0,3.1540828,1
18:02:02.567058,146,0.95907766,1.3154002,-0.22940889,-0.13916,18.76,1.0,3.5839963,1
18:02:02.567058,146,1.1810892,1.2935086,-0.5418363,-0.27832,76.52,1.0,1.1122193,1
18:02:02.567058,146,1.190385,1.4132749,-0.6536347,0.13916,18.88,1.0,1.0579362,1
18:02:02.567058,146,1.1811453,1.3741779,-0.560528,0.13916,42.239998,1.0,0.7621504,1
18:02:02.567058,146,0.9800341,1.4022144,-0.45509687,-0.06972,28.76,1.0,2.7090178,1
18:02:02.567058,146,1.1023711,1.2825298,-0.52314466,-0.06972,73.88,1.0,2.1505086,1
18:02:02.567058,146,1.2595316,1.3520142,-0.6536347,-0.27832,18.64,1.0,1.9564902,1
18:02:02.567058,146,1.0966187,1.4425313,-0.560528,0.13916,25.359999,1.0,1.7358334,1
18:02:02.567058,146,1.2483494,1.3134279,-0.560528,-0.27832,29.88,1.0,2.0621517,1
18:02:02.567058,146,1.1534274,1.3975245,-0.560528,0.13916,40.0,1.0,0.78925997,1
18:02:02.567058,146,1.0877249,1.3729495,-0.5418363,-0.06972,66.88,1.0,0.22998719,1
18:02:02.567058,146,1.1549845,1.3168701,-0.5418363,-0.27832,86.0,1.0,0.46292123,1
18:02:02.567058,146,1.2067213,1.2696297,-0.5418363,-0.27832,54.52,1.0,2.091796,1
18:02:02.567058,146,1.0319515,1.4153486,-0.5418363,-0.06972,35.88,1.0,1.4140037,1
18:02:02.567058,146,1.0488908,1.3514807,-0.45509687,-0.06972,59.64,1.0,0.8054876,1
18:02:02.567058,146,1.2729884,1.3393514,-0.6536347,-0.27832,17.24,1.0,2.3828743,1
18:02:02.567058,146,1.2184105,1.389186,-0.6536347,0.13916,19.64,1.0,1.17556,1
18:02:02.567058,146,1.0821388,1.4534253,-0.560528,0.13916,21.119999,1.0,2.1531608,1
18:02:02.567058,146,1.1948278,1.362298,-0.560528,-0.27832,41.64,1.0,0.8636027,1
18:02:02.567058,146,1.235153,1.3258456,-0.560528,-0.27832,34.36,1.0,1.6412386,1
18:02:02.567058,146,1.1393946,1.4089887,-0.560528,0.13916,35.64,1.0,0.9157732,1
18:02:02.567058,146,1.1417582,1.3283539,-0.5418363,-0.06972,90.52,1.0,0.25942045,1
18:02:02.567058,146,1.1013998,1.3620038,-0.5418363,-0.06972,78.88,1.0,0.12151223,1
18:02:02.567058,146,1.193965,1.2816333,-0.5418363,-0.27832,65.119995,1.0,1.5601614,1
18:02:02.567058,146,1.0460532,1.4049586,-0.5418363,-0.06972,44.36,1.0,1.0069865,1
18:02:02.567058,146,0.994007,1.3923441,-0.45509687,-0.06972,34.76,1.0,2.1850996,1
18:02:02.567058,146,1.0078806,1.3823346,-0.45509687,-0.06972,42.12,1.0,1.7321773,1
18:02:02.567058,146,1.1151412,1.2714422,-0.52314466,-0.27832,70.0,1.0,2.4487839,1
18:02:02.567058,146,1.1527768,1.2374209,-0.52314466,-0.27832,54.76,1.0,3.8417885,1
18:02:02.632979,147,1.0603799,1.2847856,-0.37251797,-0.13916,53.0,1.0,0.3403939,1
18:02:02.632979,147,1.2529953,1.4001237,-0.75046486,-0.06972,5.3599997,0.536,3.23067,1
18:02:02.632979,147,0.83547777,1.3326076,-0.15781167,-0.06972,24.24,1.0,4.110297,1
18:02:02.632979,147,1.2442615,1.2328622,-0.5418363,-0.13916,25.0,1.0,4.1343465,1
18:02:02.632979,147,1.0821388,1.4534253,-0.560528,-0.06972,5.64,0.564,2.7694418,1
18:02:02.632979,147,0.98423964,1.2171222,-0.22058278,-0.06972,43.239998,1.0,2.7524607,1
18:02:02.632979,147,0.9544145,1.3950638,-0.2382001,-0.06972,37.879997,1.0,3.9756272,1
18:02:02.632979,147,1.1417582,1.3283539,-0.5418363,-0.13916,31.76,1.0,0.4811298,1
18:02:02.632979,147,1.0078806,1.3823346,-0.45509687,-0.13916,31.88,1.0,0.4982012,1
18:02:02.632979,147,1.190385,1.4132749,-0.6536347,-0.06972,9.639999,0.964,2.5461657,1
18:02:02.632979,147,1.1535393,1.2633365,-0.45509687,-0.13916,59.76,1.0,1.322582,1
18:02:02.632979,147,1.0029427,1.3470566,-0.3056035,-0.13916,58.76,1.0,0.82338035,1
18:02:02.632979,147,1.235153,1.3258456,-0.560528,-0.13916,17.0,1.0,3.0217607,1
18:02:02.632979,147,1.0561671,1.2287749,-0.27813578,-0.06972,28.24,1.0,1.2735335,1
18:02:02.632979,147,0.89791906,1.2847258,-0.20491917,-0.06972,53.239998,1.0,2.8458967,1
18:02:02.632979,147,1.1773895,1.4559735,-0.57921964,-0.06972,8.24,0.824,7.3902683,1
18:02:02.632979,147,1.0757089,1.330234,-0.45509687,-0.13916,64.64,1.0,0.020629376,1
18:02:02.632979,147,0.9735049,1.3075186,-0.21311854,-0.06972,70.0,1.0,0.88648665,1
18:02:02.632979,147,1.1650933,1.2258314,-0.52314466,-0.13916,50.52,1.0,4.3578677,1
18:02:02.632979,147,0.8985971,1.2069097,-0.19671981,-0.06972,20.0,1.0,7.7510376,1
18:02:02.632979,147,1.0877249,1.3729495,-0.5418363,-0.06972,18.359999,1.0,0.13930506,1
18:02:02.632979,147,0.90693957,1.3545395,-0.21311854,-0.06972,38.64,1.0,2.262918,1
18:02:02.632979,147,1.1109095,1.241354,-0.37251797,-0.13916,31.64,1.0,1.2923684,1
18:02:02.632979,147,1.1534274,1.3975245,-0.560528,-0.06972,13.24,1.0,2.10577,1
18:02:02.632979,147,0.8689074,1.3859289,-0.16412614,-0.06972,24.24,1.0,4.5019016,1
18:02:02.632979,147,1.193965,1.2816333,-0.5418363,-0.13916,34.88,1.0,1.7869221,1
18:02:02.632979,147,1.0236217,1.2658224,-0.22940889,-0.06972,44.879997,1.0,0.54000586,1
18:02:02.632979,147,1.2322412,1.3769327,-0.6536347,-0.06972,11.24,1.0,2.9204736,1
18:02:02.632979,147,1.2743666,1.2881999,-0.560528,-0.13916,14.36,1.0,4.254896,1
18:02:02.632979,147,1.1948278,1.362298,-0.560528,-0.06972,17.0,1.0,2.3175883,1
18:02:02.632979,147,1.0460532,1.4049586,-0.5418363,-0.06972,12.759999,1.0,0.4802716,1
18:02:02.632979,147,1.1151259,1.2973691,-0.45509687,-0.13916,71.76,1.0,0.40568417,1
18:02:02.632979,147,1.2013384,1.1903323,-0.52314466,-0.13916,34.52,1.0,6.628666,1
18:02:02.632979,147,1.0428971,1.3163668,-0.3056035,-0.13916,58.76,1.0,0.4890058,1
18:02:02.632979,147,0.94857615,1.2477909,-0.20491917,-0.06972,58.879997,1.0,2.214292,1
18:02:02.632979,147,0.875074,1.3069475,-0.15781167,-0.06972,36.76,1.0,2.781847,1
18:02:02.632979,147,0.9275832,1.4157935,-0.22128549,-0.06972,25.88,1.0,5.5185585,1
18:02:02.632979,147,0.97752964,1.3692636,-0.28879428,-0.13916,45.36,1.0,1.6545621,1
18:02:02.632979,147,1.1252481,1.4203119,-0.560528,-0.06972,8.88,0.88799995,2.223142,1
18:02:02.632979,147,1.1149646,1.3509219,-0.5418363,-0.06972,27.119999,1.0,0.19378762,1
18:02:02.632979,147,1.0488908,1.3514807,-0.45509687,-0.13916,46.879997,1.0,0.047254603,1
18:02:02.632979,147,0.9338472,1.3361311,-0.21311854,-0.06972,59.12,1.0,1.5729399,1
18:02:02.632979,147,0.9981022,1.2860403,-0.22940889,-0.06972,55.52,1.0,0.54833883,1
18:02:02.632979,147,0.9234323,1.2665117,-0.20491917,-0.06972,59.76,1.0,2.422135,1
18:02:02.632979,147,1.0083836,1.1971953,-0.22058278,-0.06972,28.64,1.0,3.1235583,1
18:02:02.632979,147,0.959702,1.2365623,-0.22058278,-0.06972,51.76,1.0,2.6120007,1
18:02:02.632979,147,1.2184105,1.389186,-0.6536347,-0.06972,10.639999,1.0,2.739319,1
18:02:02.632979,147,1.2483494,1.3134279,-0.560528,-0.13916,15.88,1.0,3.3720279,1
