{"timestamp": "15:36:36.555858", "frame": 1, "mu": [1.59976017305342, 0.7810080696406667, 1.3986817085981573], "Sigma": [[0.007779583263175896, -0.0077145341381958075, -0.007441005765556495], [-0.0077145341381958075, 0.009064571155201671, 0.006235380800058845], [-0.007441005765556495, 0.006235380800058845, 0.009791971218429693]], "chi2_level": 0.99, "chi2_df": 3, "chi2_threshold": 11.344866730144373, "N_raw": 17, "N_roi": 17, "N_inlier": 16, "refit": true}
{"timestamp": "15:36:36.612237", "frame": 2, "mu": [1.5353226876832649, 1.0529389660178679, 1.2139830510242988], "Sigma": [[0.005071449756774497, -0.0013216223204745741, 0.00285103959003057], [-0.0013216223204745741, 0.00788243799407054, -0.01927228541566793], [0.00285103959003057, -0.01927228541566793, 0.07759687987193732]], "chi2_level": 0.99, "chi2_df": 3, "chi2_threshold": 11.344866730144373, "N_raw": 22, "N_roi": 22, "N_inlier": 21, "refit": true}
{"timestamp": "15:36:36.667222", "frame": 3, "mu": [1.517975426455897, 1.0847339367601505, 1.2649538395804802], "Sigma": [[0.005127846016339091, -0.0023151313342878554, 0.009671561733904594], [-0.002315131334287856, 0.01222272332690936, -0.03218779106503228], [0.009671561733904595, -0.03218779106503228, 0.11379350799328997]], "chi2_level": 0.99, "chi2_df": 3, "chi2_threshold": 11.344866730144373, "N_raw": 17, "N_roi": 17, "N_inlier": 17, "refit": true}
{"timestamp": "15:36:36.723261", "frame": 4, "mu": [1.6136088992848279, 0.9706767376203154, 1.3561470391009496], "Sigma": [[0.0025079518538360882, -0.002724881560263002, -0.00029670833272732114], [-0.002724881560263002, 0.00885142066360414, -0.005286138722640011], [-0.00029670833272732103, -0.005286138722640011, 0.007330499805843904]], "chi2_level": 0.99, "chi2_df": 3, "chi2_threshold": 11.344866730144373, "N_raw": 21, "N_roi": 21, "N_inlier": 19, "refit": true}
{"timestamp": "15:36:36.832880", "frame": 6, "mu": [1.5134735102697088, 0.8890077510598104, 1.3495446927930372], "Sigma": [[0.005981857800709617, 0.00037645349263729013, -0.011026554338912812], [0.00037645349263729, 0.002387662110248466, -0.0020597331850176707], [-0.011026554338912812, -0.0020597331850176707, 0.023697953159526067]], "chi2_level": 0.99, "chi2_df": 3, "chi2_threshold": 11.344866730144373, "N_raw": 13, "N_roi": 13, "N_inlier": 13, "refit": true}
{"timestamp": "15:36:36.887405", "frame": 7, "mu": [1.531673620962908, 0.8525584074830813, 1.1107051789355664], "Sigma": [[0.005784532642936286, -0.009624217849676353, 0.00043670999707853776], [-0.009624217849676353, 0.031948645002517824, -0.031107824096904893], [0.00043670999707853776, -0.031107824096904893, 0.06074278111755116]], "chi2_level": 0.99, "chi2_df": 3, "chi2_threshold": 11.344866730144373, "N_raw": 7, "N_roi": 7, "N_inlier": 7, "refit": true}
{"timestamp": "15:36:36.946245", "frame": 8, "mu": [1.4729655075949755, 0.9416776028620351, -0.31783482577158967], "Sigma": [[0.008275579539724564, -0.002033388417164181, -0.0070617164562055456], [-0.002033388417164181, 0.004028805355990859, 0.0010329394860197096], [-0.007061716456205545, 0.0010329394860197096, 0.006608427919488391]], "chi2_level": 0.99, "chi2_df": 3, "chi2_threshold": 11.344866730144373, "N_raw": 35, "N_roi": 35, "N_inlier": 34, "refit": true}
{"timestamp": "15:36:37.006256", "frame": 9, "mu": [1.4885848135025983, 0.9088084429637899, 1.1907166330561767], "Sigma": [[0.009722368464695342, -0.009139499125020855, 6.084423491313322e-05], [-0.009139499125020855, 0.034537899907272865, -0.04134906421181074], [6.084423491313235e-05, -0.041349064211810733, 0.06732057941559558]], "chi2_level": 0.99, "chi2_df": 3, "chi2_threshold": 11.344866730144373, "N_raw": 9, "N_roi": 9, "N_inlier": 8, "refit": true}
{"timestamp": "15:36:37.052469", "frame": 10, "mu": [1.447536208085586, 0.8042625690467389, 1.3374080830608435], "Sigma": [[0.007382864113002002, -0.0007467780007700442, -0.009932455977783012], [-0.000746778000770044, 0.0020373278587830336, -0.0016359206880512775], [-0.00993245597778301, -0.001635920688051277, 0.020275866164718985]], "chi2_level": 0.99, "chi2_df": 3, "chi2_threshold": 11.344866730144373, "N_raw": 8, "N_roi": 8, "N_inlier": 8, "refit": true}
{"timestamp": "15:36:37.108209", "frame": 11, "mu": [1.3016443521989753, 0.9415738647208356, -0.26974844880877136], "Sigma": [[0.011044810993970004, -0.00972365398615085, -0.014497788925243105], [-0.00972365398615085, 0.01423312011382469, 0.014107749416623199], [-0.014497788925243104, 0.014107749416623199, 0.020468584612381643]], "chi2_level": 0.99, "chi2_df": 3, "chi2_threshold": 11.344866730144373, "N_raw": 13, "N_roi": 13, "N_inlier": 13, "refit": true}
{"timestamp": "15:36:37.164765", "frame": 12, "mu": [1.2969603108687788, 0.9555383332351368, -0.3113046007798929], "Sigma": [[0.006712591880429572, -0.0021004801103576254, -0.006358835611161543], [-0.002100480110357626, 0.002128002721022556, 0.0017079308729015018], [-0.006358835611161543, 0.0017079308729015018, 0.006533238397819907]], "chi2_level": 0.99, "chi2_df": 3, "chi2_threshold": 11.344866730144373, "N_raw": 23, "N_roi": 23, "N_inlier": 21, "refit": true}
{"timestamp": "15:36:37.218590", "frame": 13, "mu": [1.1929934347597373, 0.8795118880772614, 1.4820353160980273], "Sigma": [[0.0030756148062310463, 0.00044671502456342403, -0.0037424041558232896], [0.000446715024563424, 0.0016518419558005908, -0.00041176615462562745], [-0.0037424041558232904, -0.00041176615462562745, 0.007072383324867008]], "chi2_level": 0.99, "chi2_df": 3, "chi2_threshold": 11.344866730144373, "N_raw": 14, "N_roi": 14, "N_inlier": 14, "refit": true}
{"timestamp": "15:36:37.333008", "frame": 15, "mu": [1.1381139493890466, 0.8332207308784512, 1.4367606774602955], "Sigma": [[0.011469461094627353, -0.00684798114516767, -0.007675611914879133], [-0.00684798114516767, 0.007656038946212601, 0.003231818390679865], [-0.007675611914879133, 0.003231818390679865, 0.006090898586234538]], "chi2_level": 0.99, "chi2_df": 3, "chi2_threshold": 11.344866730144373, "N_raw": 43, "N_roi": 43, "N_inlier": 42, "refit": true}
{"timestamp": "15:36:37.383511", "frame": 16, "mu": [1.0313784164177966, 0.9183916410152201, 1.4319839840861652], "Sigma": [[0.003820405059015069, 0.0007180468567685638, -0.006031141926339032], [0.0007180468567685638, 0.0007123846616641729, -0.0019826034094572007], [-0.006031141926339032, -0.0019826034094572007, 0.011738104805757682]], "chi2_level": 0.99, "chi2_df": 3, "chi2_threshold": 11.344866730144373, "N_raw": 13, "N_roi": 13, "N_inlier": 11, "refit": true}
{"timestamp": "15:36:37.441286", "frame": 17, "mu": [0.8742569281932038, 0.9265568829596916, 1.5437968435392355], "Sigma": [[0.005803971375625125, -0.0019764866461836057, -0.004266960444734228], [-0.0019764866461836053, 0.0035538083543617135, 0.0007751720756532159], [-0.004266960444734228, 0.0007751720756532159, 0.003940676503327989]], "chi2_level": 0.99, "chi2_df": 3, "chi2_threshold": 11.344866730144373, "N_raw": 36, "N_roi": 36, "N_inlier": 33, "refit": true}
{"timestamp": "15:36:37.501404", "frame": 18, "mu": [0.9266870981642499, 0.872623555751044, -0.5649728029930631], "Sigma": [[0.010463674414429037, -0.0033077148535949506, -0.010506196194279973], [-0.0033077148535949506, 0.003534898513125985, 0.0026239514701440246], [-0.010506196194279973, 0.0026239514701440246, 0.01712780628893741]], "chi2_level": 0.99, "chi2_df": 3, "chi2_threshold": 11.344866730144373, "N_raw": 67, "N_roi": 67, "N_inlier": 63, "refit": true}
{"timestamp": "15:36:37.551239", "frame": 19, "mu": [0.753028014189585, 0.92342255378418, 1.5663111345269995], "Sigma": [[0.0025389155307016676, -0.001111865405773264, -0.0021033749934881952], [-0.001111865405773264, 0.0031315972601852074, 0.00037555676155815707], [-0.0021033749934881952, 0.0003755567615581571, 0.0027764765548767834]], "chi2_level": 0.99, "chi2_df": 3, "chi2_threshold": 11.344866730144373, "N_raw": 34, "N_roi": 34, "N_inlier": 33, "refit": true}
{"timestamp": "15:36:37.607173", "frame": 20, "mu": [0.724673883204566, 0.9202559528143363, 1.527961232641289], "Sigma": [[0.003966549488412011, -0.0013575392967399335, -0.003589172792076409], [-0.0013575392967399335, 0.0022410699198713553, 6.477815962804595e-05], [-0.003589172792076409, 6.477815962804595e-05, 0.006011487488139016]], "chi2_level": 0.99, "chi2_df": 3, "chi2_threshold": 11.344866730144373, "N_raw": 42, "N_roi": 42, "N_inlier": 40, "refit": true}
{"timestamp": "15:36:37.667636", "frame": 21, "mu": [0.7074436915019855, 0.9211963056914039, 1.4385285685803333], "Sigma": [[0.008120127523023473, -0.0005840192983073636, -0.012328203838412741], [-0.0005840192983073635, 0.0024221421031124686, -0.0013275353948711368], [-0.012328203838412741, -0.0013275353948711368, 0.02601446756399338]], "chi2_level": 0.99, "chi2_df": 3, "chi2_threshold": 11.344866730144373, "N_raw": 77, "N_roi": 77, "N_inlier": 76, "refit": true}
{"timestamp": "15:36:37.722505", "frame": 22, "mu": [0.649515472392849, 0.8940721021534049, 1.4631510456619168], "Sigma": [[0.007046888990401098, -7.898506732087487e-05, -0.011283937639503763], [-7.898506732087474e-05, 0.0026943797400223652, -0.0014666128180377803], [-0.011283937639503763, -0.0014666128180377803, 0.02620059601057178]], "chi2_level": 0.99, "chi2_df": 3, "chi2_threshold": 11.344866730144373, "N_raw": 68, "N_roi": 68, "N_inlier": 66, "refit": true}
{"timestamp": "15:36:37.778859", "frame": 23, "mu": [0.5959313920147224, 0.8762187661009918, 1.4183467866986132], "Sigma": [[0.00466636785946712, -0.0012285415184467529, -0.004640502240933077], [-0.0012285415184467529, 0.008424323620608343, 0.007115495806885015], [-0.004640502240933077, 0.007115495806885015, 0.08303756371876869]], "chi2_level": 0.99, "chi2_df": 3, "chi2_threshold": 11.344866730144373, "N_raw": 79, "N_roi": 79, "N_inlier": 75, "refit": true}
{"timestamp": "15:36:37.830120", "frame": 24, "mu": [0.5404364224939944, 0.9932433595572383, -0.34951291822799246], "Sigma": [[0.003791622777114011, 0.0015355122789718107, -0.005629226336830689], [0.0015355122789718107, 0.004157551346131701, -0.008831535064653784], [-0.0056292263368306885, -0.008831535064653784, 0.030435865763331446]], "chi2_level": 0.99, "chi2_df": 3, "chi2_threshold": 11.344866730144373, "N_raw": 61, "N_roi": 61, "N_inlier": 59, "refit": true}
{"timestamp": "15:36:37.884394", "frame": 25, "mu": [0.45104254182456827, 0.8691462185619613, 1.4458356069099023], "Sigma": [[0.0035603599308347174, 0.0007416366357773248, -0.003846439635771401], [0.0007416366357773249, 0.003592315669820873, -0.008472913542715108], [-0.003846439635771401, -0.008472913542715104, 0.035185728912766105]], "chi2_level": 0.99, "chi2_df": 3, "chi2_threshold": 11.344866730144373, "N_raw": 57, "N_roi": 57, "N_inlier": 52, "refit": true}
{"timestamp": "15:36:37.945180", "frame": 26, "mu": [0.37218887701185704, 0.8641771076616049, 1.2724376532481572], "Sigma": [[0.00430900314677449, -0.002562012935998181, -0.01135400041643166], [-0.0025620129359981807, 0.003679933663586146, 0.005135257867285241], [-0.01135400041643166, 0.005135257867285241, 0.08433064448211386]], "chi2_level": 0.99, "chi2_df": 3, "chi2_threshold": 11.344866730144373, "N_raw": 87, "N_roi": 87, "N_inlier": 82, "refit": true}
{"timestamp": "15:36:37.995452", "frame": 27, "mu": [0.2952066855515791, 1.0102134746779265, -0.5354098418296097], "Sigma": [[0.0027132775200965987, -0.0012390587460839597, 0.004264753962832795], [-0.0012390587460839597, 0.0011563373581241275, -0.0032296275482911812], [0.004264753962832795, -0.0032296275482911812, 0.037394220743690906]], "chi2_level": 0.99, "chi2_df": 3, "chi2_threshold": 11.344866730144373, "N_raw": 53, "N_roi": 53, "N_inlier": 49, "refit": true}
{"timestamp": "15:36:38.047258", "frame": 28, "mu": [0.16783166893194196, 0.9033682451454306, 1.3293909341172676], "Sigma": [[0.0021092942410791153, -0.0017437457165083705, -0.014914540518795715], [-0.0017437457165083705, 0.004252198356844333, 0.029754502230016272], [-0.014914540518795715, 0.029754502230016272, 0.28637632538378005]], "chi2_level": 0.99, "chi2_df": 3, "chi2_threshold": 11.344866730144373, "N_raw": 31, "N_roi": 31, "N_inlier": 30, "refit": true}
{"timestamp": "15:36:38.109219", "frame": 29, "mu": [0.11120224496919316, 0.9861235648195028, -0.22964822379180566], "Sigma": [[0.003112172663965662, 0.0003668478439676639, -0.004282748532646658], [0.0003668478439676639, 0.004753404201775503, -0.001285586052056765], [-0.004282748532646659, -0.0012855860520567647, 0.007196231892612066]], "chi2_level": 0.99, "chi2_df": 3, "chi2_threshold": 11.344866730144373, "N_raw": 85, "N_roi": 82, "N_inlier": 80, "refit": true}
{"timestamp": "15:36:38.196188", "frame": 30, "mu": [0.07904411494002828, 0.9655946442696595, -0.43767298908367247], "Sigma": [[0.00309800230755688, -0.002464401151659515, -0.0006469039110484709], [-0.002464401151659515, 0.006498427488855373, -0.0017012243755240189], [-0.0006469039110484707, -0.001701224375524019, 0.013532434874100623]], "chi2_level": 0.99, "chi2_df": 3, "chi2_threshold": 11.344866730144373, "N_raw": 81, "N_roi": 81, "N_inlier": 80, "refit": true}
{"timestamp": "15:36:38.218012", "frame": 31, "mu": [-0.020647265327460394, 0.9452692565246987, -0.243139812615211], "Sigma": [[0.0015192377506052608, -0.0010181815203447876, -0.001886077818617132], [-0.0010181815203447874, 0.003101730316370459, 0.0023628444469559733], [-0.001886077818617132, 0.0023628444469559733, 0.015369007391422785]], "chi2_level": 0.99, "chi2_df": 3, "chi2_threshold": 11.344866730144373, "N_raw": 38, "N_roi": 38, "N_inlier": 37, "refit": true}
{"timestamp": "15:36:38.273477", "frame": 32, "mu": [-0.10808214032891106, 1.0110148663537892, -0.2505992195382334], "Sigma": [[0.0022753024018521933, 0.0003577824195866837, -0.002964545733136861], [0.0003577824195866838, 0.005481518760060635, -0.0057162423559990955], [-0.002964545733136861, -0.0057162423559990955, 0.012373336729598656]], "chi2_level": 0.99, "chi2_df": 3, "chi2_threshold": 11.344866730144373, "N_raw": 85, "N_roi": 85, "N_inlier": 81, "refit": true}
{"timestamp": "15:36:38.328823", "frame": 33, "mu": [-0.20662324617863947, 0.9311363053250138, 1.5243761892652712], "Sigma": [[0.0027644510125498538, -0.0005019280787310637, -0.0021824576725880157], [-0.0005019280787310638, 0.0046749381089133376, -0.0032017746462942426], [-0.002182457672588016, -0.0032017746462942426, 0.00729864195495572]], "chi2_level": 0.99, "chi2_df": 3, "chi2_threshold": 11.344866730144373, "N_raw": 88, "N_roi": 88, "N_inlier": 84, "refit": true}
{"timestamp": "15:36:38.386218", "frame": 34, "mu": [-0.2719137673410133, 0.8850869783422585, 1.5119435468636628], "Sigma": [[0.004690816820032741, -0.0029577867055357613, -0.0061130963427676165], [-0.0029577867055357613, 0.005801690169347117, 0.0023060444013085083], [-0.0061130963427676165, 0.0023060444013085083, 0.010689381610280222]], "chi2_level": 0.99, "chi2_df": 3, "chi2_threshold": 11.344866730144373, "N_raw": 89, "N_roi": 89, "N_inlier": 86, "refit": true}
{"timestamp": "15:36:38.438128", "frame": 35, "mu": [-0.3600607857401095, 1.024556293747425, -0.36114863050772583], "Sigma": [[0.0048027508678619105, 0.0017035071207609437, 0.0022300985850738945], [0.0017035071207609442, 0.006221322119044171, 0.0016145681204208615], [0.0022300985850738945, 0.0016145681204208615, 0.008592188752440734]], "chi2_level": 0.99, "chi2_df": 3, "chi2_threshold": 11.344866730144373, "N_raw": 79, "N_roi": 79, "N_inlier": 77, "refit": true}
{"timestamp": "15:36:38.492665", "frame": 36, "mu": [-0.3815206909875859, 0.9505109043697838, -0.39416393275480816], "Sigma": [[0.005699205455466359, -0.002510880230951495, -0.010482349137124779], [-0.002510880230951495, 0.003698415336513705, 0.002893853272683878], [-0.01048234913712478, 0.002893853272683878, 0.023518677599856166]], "chi2_level": 0.99, "chi2_df": 3, "chi2_threshold": 11.344866730144373, "N_raw": 75, "N_roi": 75, "N_inlier": 74, "refit": true}
{"timestamp": "15:36:38.545790", "frame": 37, "mu": [-0.5349532011832321, 1.0025778766759514, -0.23911427498496682], "Sigma": [[0.004066179519474124, -0.0029706164451891743, -0.005350905737292396], [-0.0029706164451891743, 0.006627808510680827, 0.004586789793680093], [-0.005350905737292395, 0.004586789793680092, 0.012556388613101929]], "chi2_level": 0.99, "chi2_df": 3, "chi2_threshold": 11.344866730144373, "N_raw": 56, "N_roi": 56, "N_inlier": 55, "refit": true}
{"timestamp": "15:36:38.598768", "frame": 38, "mu": [-0.6802355394092049, 1.0043551358193958, -0.16616087077219505], "Sigma": [[0.021987931757038722, 0.016399393731257428, -0.018713757013055846], [0.016399393731257428, 0.01893414470791696, -0.014693507079097053], [-0.018713757013055846, -0.014693507079097053, 0.019089316667149095]], "chi2_level": 0.99, "chi2_df": 3, "chi2_threshold": 11.344866730144373, "N_raw": 47, "N_roi": 47, "N_inlier": 44, "refit": true}
{"timestamp": "15:36:38.655904", "frame": 39, "mu": [-0.770227669958177, 0.9244267603013276, 1.5078260627154678], "Sigma": [[0.038423262950065484, 0.017658186303972614, -0.06437232742865018], [0.01765818630397261, 0.011758224939688748, -0.02881641655503789], [-0.06437232742865018, -0.02881641655503789, 0.13641320279713123]], "chi2_level": 0.99, "chi2_df": 3, "chi2_threshold": 11.344866730144373, "N_raw": 65, "N_roi": 65, "N_inlier": 64, "refit": true}
{"timestamp": "15:36:38.711902", "frame": 40, "mu": [-0.9553486409814981, 0.8777573119911372, -0.0012179323815196125], "Sigma": [[0.02668028726046666, 0.017415676328099892, -0.010260271451493665], [0.017415676328099892, 0.01714789603467911, -0.009236234052584398], [-0.010260271451493665, -0.009236234052584398, 0.006736668252037373]], "chi2_level": 0.99, "chi2_df": 3, "chi2_threshold": 11.344866730144373, "N_raw": 70, "N_roi": 68, "N_inlier": 66, "refit": true}
{"timestamp": "15:36:38.768993", "frame": 41, "mu": [-0.9595228750999849, 0.9362575239969615, -0.18305632232776792], "Sigma": [[0.01952578250233028, 0.01587071847714481, -0.02903250331252069], [0.01587071847714481, 0.02045106206626652, -0.030414819835340334], [-0.02903250331252069, -0.030414819835340334, 0.06830731800614812]], "chi2_level": 0.99, "chi2_df": 3, "chi2_threshold": 11.344866730144373, "N_raw": 88, "N_roi": 88, "N_inlier": 88, "refit": true}
{"timestamp": "15:36:38.828086", "frame": 42, "mu": [-1.0339504632241552, 0.8261442622132317, 1.6887564789842973], "Sigma": [[0.012395187752126122, -0.000525984253459102, -0.010218533353994638], [-0.000525984253459102, 0.013576685168670504, -2.276120661742889e-05], [-0.010218533353994636, -2.2761206617428835e-05, 0.011589261602252527]], "chi2_level": 0.99, "chi2_df": 3, "chi2_threshold": 11.344866730144373, "N_raw": 116, "N_roi": 116, "N_inlier": 112, "refit": true}
{"timestamp": "15:36:38.884818", "frame": 43, "mu": [-1.0861161376829938, 0.8607907576083397, 0.6275286012475995], "Sigma": [[0.01789156146819334, 0.001391917348902083, 0.06928026052318484], [0.001391917348902083, 0.00986433020327846, 0.03721849158011762], [0.06928026052318485, 0.03721849158011762, 0.683217790306356]], "chi2_level": 0.99, "chi2_df": 3, "chi2_threshold": 11.344866730144373, "N_raw": 119, "N_roi": 119, "N_inlier": 118, "refit": true}
{"timestamp": "15:36:38.937798", "frame": 44, "mu": [-1.1382931462614594, 0.8273206514607158, 1.620277545903952], "Sigma": [[0.015125070621673705, 0.0018007552992176622, -0.010745237104358197], [0.0018007552992176622, 0.015821773737467182, 0.00045394676064730306], [-0.010745237104358197, 0.0004539467606473026, 0.011472945358606794]], "chi2_level": 0.99, "chi2_df": 3, "chi2_threshold": 11.344866730144373, "N_raw": 109, "N_roi": 109, "N_inlier": 106, "refit": true}
{"timestamp": "15:36:38.991596", "frame": 45, "mu": [-1.1927479796360412, 0.8695289892608733, 0.07928237090144256], "Sigma": [[0.011723555299781226, 0.0055634126528045155, 0.0405064097580628], [0.005563412652804515, 0.01283495427182481, 0.05461836150462039], [0.040506409758062814, 0.05461836150462039, 0.6007291426907784]], "chi2_level": 0.99, "chi2_df": 3, "chi2_threshold": 11.344866730144373, "N_raw": 95, "N_roi": 95, "N_inlier": 94, "refit": true}
{"timestamp": "15:36:39.045065", "frame": 46, "mu": [-1.2600121213521402, 0.949028602302288, -0.1221399859834692], "Sigma": [[0.009463026607286209, 0.0055276475674074545, -0.007999475393688326], [0.0055276475674074545, 0.01787107541189416, -0.007385964563957143], [-0.007999475393688326, -0.007385964563957143, 0.017524709068737546]], "chi2_level": 0.99, "chi2_df": 3, "chi2_threshold": 11.344866730144373, "N_raw": 82, "N_roi": 82, "N_inlier": 77, "refit": true}
{"timestamp": "15:36:39.100462", "frame": 47, "mu": [-1.2976387773120786, 0.933912923922762, -0.2566141373423977], "Sigma": [[0.014246366239695133, 0.005760669691843618, -0.00498123741953473], [0.005760669691843618, 0.015178808607661102, -0.003071301140002435], [-0.00498123741953473, -0.003071301140002435, 0.002174416801694168]], "chi2_level": 0.99, "chi2_df": 3, "chi2_threshold": 11.344866730144373, "N_raw": 101, "N_roi": 101, "N_inlier": 97, "refit": true}
{"timestamp": "15:36:39.156850", "frame": 48, "mu": [-1.3046099187833469, 1.084081470477841, -0.5130783158515082], "Sigma": [[0.013996776212779989, 0.020315032241245583, -0.021562218145161825], [0.020315032241245583, 0.06290029122134524, -0.07374600571127066], [-0.021562218145161828, -0.07374600571127066, 0.1478373980895041]], "chi2_level": 0.99, "chi2_df": 3, "chi2_threshold": 11.344866730144373, "N_raw": 98, "N_roi": 98, "N_inlier": 98, "refit": true}
{"timestamp": "15:36:39.211724", "frame": 49, "mu": [-1.323981044180679, 1.0619812002328335, -0.4667953574959339], "Sigma": [[0.013231477789826048, 0.014980341951949142, -0.00705172893994751], [0.014980341951949142, 0.05532919892121867, -0.04998297054375768], [-0.007051728939947511, -0.04998297054375768, 0.0680253906351331]], "chi2_level": 0.99, "chi2_df": 3, "chi2_threshold": 11.344866730144373, "N_raw": 98, "N_roi": 98, "N_inlier": 97, "refit": true}
{"timestamp": "15:36:39.264169", "frame": 50, "mu": [-1.397881335295274, 0.9680284856823722, 1.5434369746552052], "Sigma": [[0.016836146434624423, 0.006453668900314244, -0.012273033422721711], [0.006453668900314244, 0.011826266661982965, -0.007197393336992933], [-0.012273033422721711, -0.007197393336992933, 0.010193383212145956]], "chi2_level": 0.99, "chi2_df": 3, "chi2_threshold": 11.344866730144373, "N_raw": 87, "N_roi": 87, "N_inlier": 86, "refit": true}
{"timestamp": "15:36:39.322699", "frame": 51, "mu": [-1.4217847623603062, 1.0273016623706206, 1.5280286300853776], "Sigma": [[0.016563407307988817, 0.005891381758280603, -0.011683206661117173], [0.005891381758280603, 0.014586972760893978, -0.006150140337224285], [-0.011683206661117173, -0.006150140337224285, 0.009373442315918511]], "chi2_level": 0.99, "chi2_df": 3, "chi2_threshold": 11.344866730144373, "N_raw": 98, "N_roi": 98, "N_inlier": 94, "refit": true}
{"timestamp": "15:36:39.375466", "frame": 52, "mu": [-1.452039363399428, 1.062350271463925, -0.5008135864354841], "Sigma": [[0.0178875972833031, 0.009785052263087634, -0.0007330697154053819], [0.009785052263087634, 0.023329281331320922, 0.005749889579895891], [-0.0007330697154053819, 0.005749889579895892, 0.010317040803165402]], "chi2_level": 0.99, "chi2_df": 3, "chi2_threshold": 11.344866730144373, "N_raw": 96, "N_roi": 96, "N_inlier": 96, "refit": true}
{"timestamp": "15:36:39.428434", "frame": 53, "mu": [-1.5472564835438498, 1.1831574740037762, -0.19896704486216368], "Sigma": [[0.010507112686144685, 0.005782699789977496, -0.0047489726727582265], [0.005782699789977497, 0.015028589465298023, -0.00838396292009341], [-0.004748972672758226, -0.00838396292009341, 0.007473148100888268]], "chi2_level": 0.99, "chi2_df": 3, "chi2_threshold": 11.344866730144373, "N_raw": 76, "N_roi": 76, "N_inlier": 76, "refit": true}
{"timestamp": "15:36:39.480749", "frame": 54, "mu": [-1.5619649919829326, 1.1296953731021977, 1.508182497918568], "Sigma": [[0.013271999100783914, 0.005773373087519948, -0.013882128207317171], [0.005773373087519948, 0.00834322298707186, -0.010327028675216291], [-0.013882128207317171, -0.010327028675216291, 0.030553788095396144]], "chi2_level": 0.99, "chi2_df": 3, "chi2_threshold": 11.344866730144373, "N_raw": 56, "N_roi": 56, "N_inlier": 55, "refit": true}
{"timestamp": "15:36:39.540198", "frame": 55, "mu": [-1.5814554592105594, 1.2977868521468205, -0.17769439023759886], "Sigma": [[0.020562702594239826, 0.012904675393913576, -0.008479675996358103], [0.012904675393913576, 0.0171420598257463, -0.009678378517724181], [-0.008479675996358101, -0.009678378517724183, 0.021600051952977636]], "chi2_level": 0.99, "chi2_df": 3, "chi2_threshold": 11.344866730144373, "N_raw": 93, "N_roi": 93, "N_inlier": 91, "refit": true}
{"timestamp": "15:36:39.592008", "frame": 56, "mu": [-1.6602606544341993, 1.267324465589726, -0.21083497826643796], "Sigma": [[0.014351202463577052, 0.010102521784954365, 0.001407251675424565], [0.010102521784954365, 0.018837309133618592, 0.0017279980816458458], [0.0014072516754245652, 0.0017279980816458465, 0.008757839106739402]], "chi2_level": 0.99, "chi2_df": 3, "chi2_threshold": 11.344866730144373, "N_raw": 66, "N_roi": 66, "N_inlier": 63, "refit": true}
{"timestamp": "15:36:39.644783", "frame": 57, "mu": [-1.6780578311085388, 1.3545163696005142, 0.0299728526635587], "Sigma": [[0.014536942209996085, 0.009156333990153677, -0.009177154589286344], [0.009156333990153677, 0.01484972466932327, -0.010545859292830743], [-0.009177154589286344, -0.010545859292830743, 0.017492386397436575]], "chi2_level": 0.99, "chi2_df": 3, "chi2_threshold": 11.344866730144373, "N_raw": 54, "N_roi": 54, "N_inlier": 51, "refit": true}
{"timestamp": "15:36:39.701397", "frame": 58, "mu": [-1.7449791916789106, 1.3804142242604178, 0.11385698100387538], "Sigma": [[0.01586687648545644, 0.012773713445075462, -0.01059026466122389], [0.012773713445075462, 0.020789136569522, -0.01481999121928389], [-0.01059026466122389, -0.01481999121928389, 0.015340375155715343]], "chi2_level": 0.99, "chi2_df": 3, "chi2_threshold": 11.344866730144373, "N_raw": 65, "N_roi": 65, "N_inlier": 63, "refit": true}
{"timestamp": "15:36:39.754777", "frame": 59, "mu": [-1.7891248445728891, 1.4112352603501659, 1.7746491018172394], "Sigma": [[0.01734658721666678, 0.009494544643664162, -0.014723958401768497], [0.009494544643664162, 0.012100853241167197, -0.013379536762403239], [-0.014723958401768496, -0.013379536762403239, 0.025367948903533392]], "chi2_level": 0.99, "chi2_df": 3, "chi2_threshold": 11.344866730144373, "N_raw": 59, "N_roi": 59, "N_inlier": 56, "refit": true}
{"timestamp": "15:36:39.814079", "frame": 60, "mu": [-1.7185753195689812, 1.5114836217556198, 1.4749810550431486], "Sigma": [[0.01662567839814313, 0.008355540577385844, -0.006208640874811043], [0.008355540577385846, 0.008267384408843588, -0.012296757932457325], [-0.006208640874811043, -0.012296757932457325, 0.03679240190314173]], "chi2_level": 0.99, "chi2_df": 3, "chi2_threshold": 11.344866730144373, "N_raw": 77, "N_roi": 77, "N_inlier": 73, "refit": true}
{"timestamp": "15:36:39.869045", "frame": 61, "mu": [-1.8035598131704105, 1.5564917684971535, 1.7400316733072765], "Sigma": [[0.02848989240177377, 0.019725945202722105, -0.020657932268576533], [0.019725945202722108, 0.02271319305800629, -0.014069666511301968], [-0.020657932268576533, -0.014069666511301968, 0.016914597324905765]], "chi2_level": 0.99, "chi2_df": 3, "chi2_threshold": 11.344866730144373, "N_raw": 85, "N_roi": 85, "N_inlier": 84, "refit": true}
{"timestamp": "15:36:39.922109", "frame": 62, "mu": [-1.7795620115651982, 1.5933820620562804, 1.640580365178521], "Sigma": [[0.027494320356107285, 0.02012026531552346, -0.046472771629521174], [0.02012026531552346, 0.020854000807175962, -0.02708627083852863], [-0.046472771629521174, -0.02708627083852863, 0.15038156388085464]], "chi2_level": 0.99, "chi2_df": 3, "chi2_threshold": 11.344866730144373, "N_raw": 69, "N_roi": 69, "N_inlier": 69, "refit": true}
{"timestamp": "15:36:39.974368", "frame": 63, "mu": [-1.8949412564754482, 1.6485558618084237, 1.7240399893979945], "Sigma": [[0.04097709313598022, 0.022895577172432242, -0.026087088937634617], [0.022895577172432242, 0.019255386722198946, -0.021270398861780296], [-0.026087088937634617, -0.021270398861780296, 0.038205054492804376]], "chi2_level": 0.99, "chi2_df": 3, "chi2_threshold": 11.344866730144373, "N_raw": 51, "N_roi": 51, "N_inlier": 49, "refit": true}
{"timestamp": "15:36:40.029872", "frame": 64, "mu": [-1.7694193078087834, 1.818689336214313, 1.6409969630973802], "Sigma": [[0.034888411900840154, 0.02612348151018898, -0.034300077819976744], [0.02612348151018898, 0.030696151921003865, -0.03153839575485822], [-0.034300077819976744, -0.03153839575485822, 0.04771341290306045]], "chi2_level": 0.99, "chi2_df": 3, "chi2_threshold": 11.344866730144373, "N_raw": 58, "N_roi": 58, "N_inlier": 57, "refit": true}
{"timestamp": "15:36:40.080969", "frame": 65, "mu": [-2.0980747575882024, 1.7207174274273824, 0.24386606479778658], "Sigma": [[0.05618879944451931, 0.050749640066227356, -0.03203203497759395], [0.050749640066227356, 0.05460928519470171, -0.03376647687702834], [-0.03203203497759395, -0.03376647687702834, 0.022703626212314563]], "chi2_level": 0.99, "chi2_df": 3, "chi2_threshold": 11.344866730144373, "N_raw": 30, "N_roi": 30, "N_inlier": 29, "refit": true}
{"timestamp": "15:36:40.133562", "frame": 66, "mu": [-1.842311053497756, 2.007102073422897, 1.629666440690722], "Sigma": [[0.059657107892462896, 0.04059785670079011, -0.05891409578245304], [0.04059785670079011, 0.037664132910871284, -0.05262842926424999], [-0.05891409578245304, -0.052628429264249994, 0.09188469368483887]], "chi2_level": 0.99, "chi2_df": 3, "chi2_threshold": 11.344866730144373, "N_raw": 12, "N_roi": 12, "N_inlier": 12, "refit": true}
{"timestamp": "15:36:40.188084", "frame": 67, "mu": [-1.6365727180186551, 2.3317124542378265, -0.13534344501241163], "Sigma": [[0.005623551140990035, 0.002644880010491034, 0.0027108345193149743], [0.0026448800104910343, 0.008954382925531251, -0.011452851897045537], [0.0027108345193149743, -0.011452851897045539, 0.03891030706476421]], "chi2_level": 0.99, "chi2_df": 3, "chi2_threshold": 11.344866730144373, "N_raw": 18, "N_roi": 18, "N_inlier": 17, "refit": true}
{"timestamp": "15:36:40.243652", "frame": 68, "mu": [-1.721747355842884, 2.3020969923720074, 0.928051142594616], "Sigma": [[0.004646048034436754, -3.4395143043056206e-06, -0.028620071672225002], [-3.4395143043056206e-06, 0.003129256484960428, -0.023303174196277157], [-0.028620071672225002, -0.023303174196277157, 0.6423757286678428]], "chi2_level": 0.99, "chi2_df": 3, "chi2_threshold": 11.344866730144373, "N_raw": 11, "N_roi": 11, "N_inlier": 11, "refit": true}
{"timestamp": "15:36:40.301528", "frame": 69, "mu": [-1.7198533546781951, 2.290274248301374, 1.378926762979053], "Sigma": [[0.012042189782679779, 0.003957892181049563, -0.018512013112567158], [0.003957892181049563, 0.01042680167721949, -0.043190813946026335], [-0.018512013112567154, -0.043190813946026335, 0.2557482080888603]], "chi2_level": 0.99, "chi2_df": 3, "chi2_threshold": 11.344866730144373, "N_raw": 36, "N_roi": 35, "N_inlier": 34, "refit": true}
{"timestamp": "15:36:40.358753", "frame": 70, "mu": [-1.8081502432572678, 2.324674991694981, 1.5545339108213847], "Sigma": [[0.011830015387997076, 0.005057031058531945, -0.021733860519996172], [0.005057031058531944, 0.012667755728297139, -0.03630254051613546], [-0.021733860519996172, -0.03630254051613546, 0.20183680446415278]], "chi2_level": 0.99, "chi2_df": 3, "chi2_threshold": 11.344866730144373, "N_raw": 51, "N_roi": 51, "N_inlier": 49, "refit": true}
{"timestamp": "15:36:40.415623", "frame": 71, "mu": [-1.7844635259562407, 2.4061605872338365, 1.5783362148890885], "Sigma": [[0.012826164223110765, 0.003078400986151818, -0.00818066199517051], [0.003078400986151818, 0.008056352818475948, -0.006790867211419815], [-0.00818066199517051, -0.006790867211419815, 0.017554950710806674]], "chi2_level": 0.99, "chi2_df": 3, "chi2_threshold": 11.344866730144373, "N_raw": 61, "N_roi": 61, "N_inlier": 57, "refit": true}
{"timestamp": "15:36:40.465652", "frame": 72, "mu": [-1.7188109671731377, 2.5387526318658766, 1.199587371718329], "Sigma": [[0.007461095109898233, 0.003107705875776986, -0.0034182590672044], [0.003107705875776986, 0.0035863916527051542, -0.006498971803029003], [-0.0034182590672044, -0.006498971803029002, 0.01502615375134539]], "chi2_level": 0.99, "chi2_df": 3, "chi2_threshold": 11.344866730144373, "N_raw": 27, "N_roi": 25, "N_inlier": 23, "refit": true}
{"timestamp": "15:36:40.518542", "frame": 73, "mu": [-1.7813229505898063, 2.5386427472923447, 1.5003051040118016], "Sigma": [[0.006530801651208117, 0.001527373609485724, 0.008950022198513145], [0.001527373609485724, 0.00552846334965222, 0.004024750273572378], [0.008950022198513145, 0.004024750273572378, 0.101744733032699]], "chi2_level": 0.99, "chi2_df": 3, "chi2_threshold": 11.344866730144373, "N_raw": 17, "N_roi": 16, "N_inlier": 16, "refit": true}
{"timestamp": "15:36:40.574762", "frame": 74, "mu": [-1.8482426127294884, 2.827844525396876, -0.35124179004903483], "Sigma": [[0.011167815530100367, 0.0019255747026637174, 0.033162610465795245], [0.001925574702663718, 0.013927622579895034, 0.009026886986612132], [0.033162610465795245, 0.009026886986612132, 0.15875771614254935]], "chi2_level": 0.99, "chi2_df": 3, "chi2_threshold": 11.344866730144373, "N_raw": 24, "N_roi": 24, "N_inlier": 24, "refit": true}
{"timestamp": "15:36:40.629216", "frame": 75, "mu": [-1.8561571619873525, 2.7904722337099055, 1.3028611892489372], "Sigma": [[0.015176436595536226, -0.003068758503389981, 0.011351061258597382], [-0.003068758503389981, 0.004189556069351828, -0.008240175795420133], [0.011351061258597382, -0.008240175795420133, 0.028686391318846843]], "chi2_level": 0.99, "chi2_df": 3, "chi2_threshold": 11.344866730144373, "N_raw": 25, "N_roi": 25, "N_inlier": 25, "refit": true}
{"timestamp": "15:36:40.685836", "frame": 76, "mu": [-1.72350841640346, 2.913964813695281, 1.3391961645099253], "Sigma": [[0.01338048602754939, 0.003911230860991856, -0.015408194446072991], [0.003911230860991856, 0.002136353244306233, -0.0076964691381260445], [-0.015408194446072991, -0.0076964691381260445, 0.03519209829243799]], "chi2_level": 0.99, "chi2_df": 3, "chi2_threshold": 11.344866730144373, "N_raw": 31, "N_roi": 31, "N_inlier": 30, "refit": true}
{"timestamp": "15:36:40.737817", "frame": 77, "mu": [-1.6769515323867359, 3.1557198685666816, -0.2351363268564473], "Sigma": [[0.009459414860862816, -0.008138361443761798, 0.02844394472638721], [-0.008138361443761798, 0.015580160222211831, -0.04134781771528298], [0.02844394472638721, -0.04134781771528298, 0.12945845973899983]], "chi2_level": 0.99, "chi2_df": 3, "chi2_threshold": 11.344866730144373, "N_raw": 9, "N_roi": 9, "N_inlier": 9, "refit": true}
{"timestamp": "15:36:40.792638", "frame": 78, "mu": [-1.7033697009253816, 3.0123353312268826, 1.1281208285617965], "Sigma": [[0.007034399504845374, -0.006984279708142175, 0.02622372122089138], [-0.006984279708142175, 0.009509266889856847, -0.035170128096224614], [0.026223721220891373, -0.03517012809622462, 0.13488873194149045]], "chi2_level": 0.99, "chi2_df": 3, "chi2_threshold": 11.344866730144373, "N_raw": 8, "N_roi": 7, "N_inlier": 7, "refit": true}
{"timestamp": "15:36:40.849850", "frame": 79, "mu": [-1.7332415072841378, 3.049627166470618, 1.3270592983722582], "Sigma": [[0.014254661454832042, -0.006957736146188774, 0.037368234111637866], [-0.006957736146188774, 0.005976018381879915, -0.02006630681946208], [0.037368234111637866, -0.020066306819462084, 0.11726471450142911]], "chi2_level": 0.99, "chi2_df": 3, "chi2_threshold": 11.344866730144373, "N_raw": 8, "N_roi": 8, "N_inlier": 8, "refit": true}
{"timestamp": "15:36:40.903593", "frame": 80, "mu": [-1.8735199548872494, 3.191516192910812, 0.9063513181970856], "Sigma": [[0.02097434515632486, -0.011832299912787305, 0.052773604645392075], [-0.011832299912787305, 0.011183458081328064, -0.03910015598953568], [0.052773604645392075, -0.03910015598953567, 0.1812832921036685]], "chi2_level": 0.99, "chi2_df": 3, "chi2_threshold": 11.344866730144373, "N_raw": 15, "N_roi": 15, "N_inlier": 15, "refit": true}
{"timestamp": "15:36:41.015520", "frame": 82, "mu": [-1.6398372097851652, 3.2529389611773523, 0.7248711400305522], "Sigma": [[0.008086122621833508, 0.0010538765727419986, -0.01469437786302993], [0.0010538765727419986, 0.0005140544191006135, -0.00010144868451628314], [-0.01469437786302993, -0.00010144868451628325, 0.16592999769528]], "chi2_level": 0.99, "chi2_df": 3, "chi2_threshold": 11.344866730144373, "N_raw": 27, "N_roi": 27, "N_inlier": 26, "refit": true}
{"timestamp": "15:36:41.070681", "frame": 83, "mu": [-1.6470601988342917, 3.3130544705069713, 1.2147189645840453], "Sigma": [[0.009105541997977145, 0.0024905023615000446, -0.0073057436545242395], [0.0024905023615000446, 0.002719154434586899, -0.006701702691939589], [-0.0073057436545242395, -0.006701702691939589, 0.020033767376337948]], "chi2_level": 0.99, "chi2_df": 3, "chi2_threshold": 11.344866730144373, "N_raw": 30, "N_roi": 29, "N_inlier": 29, "refit": true}
{"timestamp": "15:36:41.123044", "frame": 84, "mu": [-1.569324475743179, 3.338909848206934, 1.0565306521466975], "Sigma": [[0.0009081617713797581, -0.0007875153423617281, 0.004711885571483358], [-0.0007875153423617281, 0.0069536408697760685, 0.010790883536838332], [0.004711885571483359, 0.010790883536838328, 0.2010103877575509]], "chi2_level": 0.99, "chi2_df": 3, "chi2_threshold": 11.344866730144373, "N_raw": 8, "N_roi": 8, "N_inlier": 8, "refit": true}
{"timestamp": "15:36:41.181561", "frame": 85, "mu": [-1.5776352682762023, 3.464184478375957, -1.0781195197006717], "Sigma": [[0.011138971970751881, 0.004255322847568075, 0.0033274019350682084], [0.004255322847568075, 0.003310123409404919, 0.006736085318139223], [0.0033274019350682076, 0.006736085318139223, 0.10354234006956818]], "chi2_level": 0.99, "chi2_df": 3, "chi2_threshold": 11.344866730144373, "N_raw": 33, "N_roi": 31, "N_inlier": 30, "refit": true}
{"timestamp": "15:36:41.232708", "frame": 86, "mu": [-1.6546470075418411, 3.452884993849145, 0.7873713528180476], "Sigma": [[0.009526414215597977, 0.005253390465939413, 0.03381159679411541], [0.005253390465939413, 0.005563572541005889, 0.021873859005015595], [0.03381159679411541, 0.021873859005015598, 0.20948090521744844]], "chi2_level": 0.99, "chi2_df": 3, "chi2_threshold": 11.344866730144373, "N_raw": 15, "N_roi": 13, "N_inlier": 13, "refit": true}
{"timestamp": "15:36:41.346239", "frame": 88, "mu": [-1.6053588344112455, 3.6235335062879126, 0.6866074266136475], "Sigma": [[0.014863248165560792, 0.003745358582711575, 0.0059192744787507365], [0.003745358582711575, 0.0019889198632301267, -0.004301369151049289], [0.005919274478750736, -0.004301369151049288, 0.12025109464463943]], "chi2_level": 0.99, "chi2_df": 3, "chi2_threshold": 11.344866730144373, "N_raw": 38, "N_roi": 38, "N_inlier": 37, "refit": true}
{"timestamp": "15:36:41.398803", "frame": 89, "mu": [-1.5326592046871181, 3.662229953617531, 0.9600593666042694], "Sigma": [[0.01144664884435855, -0.003633032625585211, 0.04751455384758384], [-0.0036330326255852104, 0.004486359041988157, -0.024606541489675275], [0.047514553847583844, -0.024606541489675282, 0.25154028780972754]], "chi2_level": 0.99, "chi2_df": 3, "chi2_threshold": 11.344866730144373, "N_raw": 11, "N_roi": 9, "N_inlier": 9, "refit": true}
{"timestamp": "15:36:41.453550", "frame": 90, "mu": [-1.4893810006933084, 3.7025668626708352, 1.1013848778733655], "Sigma": [[0.010603130446803423, -0.001633384633707056, 0.030674675394380395], [-0.001633384633707056, 0.002985566271777659, -0.01873054347473184], [0.030674675394380395, -0.01873054347473184, 0.19284027045476815]], "chi2_level": 0.99, "chi2_df": 3, "chi2_threshold": 11.344866730144373, "N_raw": 17, "N_roi": 17, "N_inlier": 17, "refit": true}
