{"timestamp": "15:14:56.975211", "frame": 30, "mu": [2.391102793198785, 4.930662907129891, 1.1925912948290265], "Sigma": [[0.004815246006339071, -0.0017165232608749434, -0.0019344194088792123], [-0.0017165232608749434, 0.0022953058121671062, -0.002793866477195715], [-0.0019344194088792121, -0.0027938664771957156, 0.03965850772197288]], "chi2_level": 0.99, "chi2_df": 3, "chi2_threshold": 11.344866730144373, "N_raw": 45, "N_roi": 12, "N_inlier": 12, "refit": true}
{"timestamp": "15:14:57.027177", "frame": 31, "mu": [2.3151175085281084, 4.904721861833042, 0.6278545292936685], "Sigma": [[0.010229619581921196, -0.004092185176214881, 0.001092213860828742], [-0.004092185176214881, 0.0027439195685477202, -0.0007440386937231667], [0.0010922138608287421, -0.0007440386937231668, 0.0002029035607868343]], "chi2_level": 0.99, "chi2_df": 3, "chi2_threshold": 11.344866730144373, "N_raw": 26, "N_roi": 13, "N_inlier": 12, "refit": true}
{"timestamp": "15:14:57.138989", "frame": 33, "mu": [2.3444546634986296, 4.809828437886478, 1.0703904885378916], "Sigma": [[0.010104241383179079, -0.004435911141158868, -0.004336865694174692], [-0.004435911141158869, 0.003828183552676143, -0.0036209667084976453], [-0.004336865694174692, -0.0036209667084976453, 0.025186775625852666]], "chi2_level": 0.99, "chi2_df": 3, "chi2_threshold": 11.344866730144373, "N_raw": 41, "N_roi": 19, "N_inlier": 19, "refit": true}
{"timestamp": "15:14:57.195284", "frame": 34, "mu": [2.313993764667817, 4.904054228247086, 0.23915741955711503], "Sigma": [[0.008784765753955547, 0.00023189197852698613, -0.006428606644157489], [0.00023189197852698591, 0.007546694537202092, -0.014528642235777958], [-0.006428606644157489, -0.014528642235777958, 0.035892057431490175]], "chi2_level": 0.99, "chi2_df": 3, "chi2_threshold": 11.344866730144373, "N_raw": 27, "N_roi": 12, "N_inlier": 12, "refit": true}
{"timestamp": "15:14:57.251608", "frame": 35, "mu": [2.2897927198117833, 4.788942340143075, 0.7472575491599508], "Sigma": [[0.014758907721723894, -0.00951248712347222, -0.004609606405402142], [-0.00951248712347222, 0.008406651965433647, 0.0021650231087750795], [-0.004609606405402141, 0.0021650231087750795, 0.012508984014872866]], "chi2_level": 0.99, "chi2_df": 3, "chi2_threshold": 11.344866730144373, "N_raw": 39, "N_roi": 18, "N_inlier": 17, "refit": true}
{"timestamp": "15:14:57.307060", "frame": 36, "mu": [2.2838702609356325, 4.762337274604592, 0.7595916610329316], "Sigma": [[0.016215799474498575, -0.00940065206276747, -0.0069708580116408], [-0.00940065206276747, 0.009528293053744438, 0.004751892051147507], [-0.0069708580116408, 0.004751892051147507, 0.00737826710729152]], "chi2_level": 0.99, "chi2_df": 3, "chi2_threshold": 11.344866730144373, "N_raw": 35, "N_roi": 26, "N_inlier": 24, "refit": true}
{"timestamp": "15:14:57.365132", "frame": 37, "mu": [2.2766108825300977, 4.723872601302263, 1.0445789581034457], "Sigma": [[0.01803671732309491, -0.00964759120073434, -0.006706109568943018], [-0.00964759120073434, 0.008708707048031917, -0.00391010249465876], [-0.006706109568943018, -0.00391010249465876, 0.024677785473233738]], "chi2_level": 0.99, "chi2_df": 3, "chi2_threshold": 11.344866730144373, "N_raw": 62, "N_roi": 35, "N_inlier": 35, "refit": true}
{"timestamp": "15:14:57.414568", "frame": 38, "mu": [2.3177153441134255, 4.519327620574113, 0.5766414487211957], "Sigma": [[0.015485719823839497, -0.008930048377707533, -0.009093497542673771], [-0.008930048377707533, 0.006936192546299719, 0.004873631533717487], [-0.009093497542673771, 0.004873631533717487, 0.009607069261892144]], "chi2_level": 0.99, "chi2_df": 3, "chi2_threshold": 11.344866730144373, "N_raw": 24, "N_roi": 17, "N_inlier": 17, "refit": true}
{"timestamp": "15:14:57.471896", "frame": 39, "mu": [2.2552122300495596, 4.5395960255823775, 0.6631642917593128], "Sigma": [[0.022656732870074386, -0.01236086188914727, -0.008813486724642489], [-0.01236086188914727, 0.009130432464344982, 0.002175709121315203], [-0.008813486724642489, 0.002175709121315203, 0.010801169634866074]], "chi2_level": 0.99, "chi2_df": 3, "chi2_threshold": 11.344866730144373, "N_raw": 42, "N_roi": 31, "N_inlier": 31, "refit": true}
{"timestamp": "15:14:57.523956", "frame": 40, "mu": [2.286522941716773, 4.457142686441433, 0.5640028955026144], "Sigma": [[0.017442576902873742, -0.010783690685389986, -0.009261016462924914], [-0.010783690685389986, 0.008415511005382365, 0.005479195056436525], [-0.009261016462924914, 0.005479195056436525, 0.010189895154017558]], "chi2_level": 0.99, "chi2_df": 3, "chi2_threshold": 11.344866730144373, "N_raw": 25, "N_roi": 19, "N_inlier": 19, "refit": true}
{"timestamp": "15:14:57.580380", "frame": 41, "mu": [2.2956382070510255, 4.488367646123013, 0.7710500215708193], "Sigma": [[0.016331883012090202, -0.007796334860363492, -0.001554655027035193], [-0.007796334860363491, 0.005136848661333533, 0.00024378268759834318], [-0.001554655027035193, 0.0002437826875983434, 0.005116060123187961]], "chi2_level": 0.99, "chi2_df": 3, "chi2_threshold": 11.344866730144373, "N_raw": 33, "N_roi": 13, "N_inlier": 12, "refit": true}
{"timestamp": "15:14:57.638939", "frame": 42, "mu": [2.187786696482556, 4.554989273963273, -0.84953338080175], "Sigma": [[0.034174640710620485, -0.00678542853517161, 0.06996654796401441], [-0.006785428535171609, 0.007867891070516738, -0.0069038554254193035], [0.06996654796401441, -0.006903855425419304, 0.24505854579566444]], "chi2_level": 0.99, "chi2_df": 3, "chi2_threshold": 11.344866730144373, "N_raw": 56, "N_roi": 52, "N_inlier": 52, "refit": true}
{"timestamp": "15:14:57.694553", "frame": 43, "mu": [2.2065959342286594, 4.584580139298359, -0.04306481571680148], "Sigma": [[0.026341414809309842, -0.01148834410117108, -0.01613283452599772], [-0.01148834410117108, 0.011547191044902191, -0.0027083209653152134], [-0.016132834525997716, -0.0027083209653152134, 0.029694679721499993]], "chi2_level": 0.99, "chi2_df": 3, "chi2_threshold": 11.344866730144373, "N_raw": 56, "N_roi": 46, "N_inlier": 45, "refit": true}
{"timestamp": "15:14:57.746658", "frame": 44, "mu": [2.1830617602303857, 4.324354457595286, 0.7540353078762234], "Sigma": [[0.028091244699665577, -0.015111996652473314, -0.005514200115884867], [-0.015111996652473314, 0.010115796187737605, -0.0011419574559503169], [-0.005514200115884866, -0.0011419574559503169, 0.013291966736687135]], "chi2_level": 0.99, "chi2_df": 3, "chi2_threshold": 11.344866730144373, "N_raw": 46, "N_roi": 41, "N_inlier": 41, "refit": true}
{"timestamp": "15:14:57.801646", "frame": 45, "mu": [2.2412463258800726, 4.457232303429862, -0.25061461951069147], "Sigma": [[0.01974339778826046, -0.011931598216442659, -0.010899651492826495], [-0.011931598216442659, 0.012223656212809965, 0.00909233119269643], [-0.010899651492826496, 0.00909233119269643, 0.009271445423658028]], "chi2_level": 0.99, "chi2_df": 3, "chi2_threshold": 11.344866730144373, "N_raw": 38, "N_roi": 31, "N_inlier": 31, "refit": true}
{"timestamp": "15:14:57.857288", "frame": 46, "mu": [2.166402419566816, 4.232140401928191, 0.6574079158169327], "Sigma": [[0.025716830462076665, -0.019040761329270066, -0.005168534448991555], [-0.019040761329270066, 0.018045092997264534, 0.0021144479719483523], [-0.0051685344489915555, 0.0021144479719483523, 0.006180902866344822]], "chi2_level": 0.99, "chi2_df": 3, "chi2_threshold": 11.344866730144373, "N_raw": 44, "N_roi": 39, "N_inlier": 38, "refit": true}
{"timestamp": "15:14:57.913966", "frame": 47, "mu": [2.032585056335258, 4.51689455853744, -0.1927960313266125], "Sigma": [[0.03198250246530814, -0.01894895976986574, -0.012214509090046346], [-0.01894895976986574, 0.016627237185920952, 0.007841272257230783], [-0.012214509090046346, 0.007841272257230783, 0.0073316683426088635]], "chi2_level": 0.99, "chi2_df": 3, "chi2_threshold": 11.344866730144373, "N_raw": 53, "N_roi": 49, "N_inlier": 48, "refit": true}
{"timestamp": "15:14:57.965814", "frame": 48, "mu": [2.0919325585142934, 4.151633646128505, 0.7903924363928241], "Sigma": [[0.025988899169847417, -0.017319302267170343, -0.01057301435121926], [-0.017319302267170343, 0.015272302877000576, 0.005169818690623456], [-0.01057301435121926, 0.005169818690623456, 0.01074354454357417]], "chi2_level": 0.99, "chi2_df": 3, "chi2_threshold": 11.344866730144373, "N_raw": 39, "N_roi": 38, "N_inlier": 37, "refit": true}
{"timestamp": "15:14:58.020341", "frame": 49, "mu": [2.004654394471957, 4.148903961672546, 0.7521686515812537], "Sigma": [[0.022020857642138156, -0.014473967521021185, -0.007918625448696866], [-0.014473967521021189, 0.010189013648862167, 0.00410787407116522], [-0.007918625448696866, 0.00410787407116522, 0.022528484346499445]], "chi2_level": 0.99, "chi2_df": 3, "chi2_threshold": 11.344866730144373, "N_raw": 28, "N_roi": 25, "N_inlier": 25, "refit": true}
{"timestamp": "15:14:58.079870", "frame": 50, "mu": [1.9133347207348053, 4.170228855701395, 0.9061550011726722], "Sigma": [[0.03033669049604381, -0.016595641926471554, -0.006488953192280908], [-0.016595641926471554, 0.013412379193054961, -0.002400752960287304], [-0.006488953192280908, -0.0024007529602873045, 0.017208042619359404]], "chi2_level": 0.99, "chi2_df": 3, "chi2_threshold": 11.344866730144373, "N_raw": 62, "N_roi": 59, "N_inlier": 59, "refit": true}
{"timestamp": "15:14:58.132928", "frame": 51, "mu": [1.927791596070891, 4.122283006453482, 1.0380174579783898], "Sigma": [[0.02815125961904328, -0.0157696319952046, -0.010950286593643738], [-0.0157696319952046, 0.0133492860071314, 0.003552224407143826], [-0.01095028659364374, 0.0035522244071438266, 0.01026921827229325]], "chi2_level": 0.99, "chi2_df": 3, "chi2_threshold": 11.344866730144373, "N_raw": 50, "N_roi": 49, "N_inlier": 49, "refit": true}
{"timestamp": "15:14:58.188590", "frame": 52, "mu": [1.9233029568319515, 4.069449009924626, 0.8120843093924818], "Sigma": [[0.022434559118622605, -0.01236124316713826, 0.002247513996728807], [-0.01236124316713826, 0.01021294968308126, -0.007087598856734178], [0.0022475139967288076, -0.007087598856734178, 0.013636499380419788]], "chi2_level": 0.99, "chi2_df": 3, "chi2_threshold": 11.344866730144373, "N_raw": 51, "N_roi": 48, "N_inlier": 48, "refit": true}
{"timestamp": "15:14:58.247550", "frame": 53, "mu": [1.8111859424328922, 4.022542618422512, 0.7509028611517344], "Sigma": [[0.03355569914523476, -0.01860737343152311, 0.017140163759612075], [-0.018607373431523105, 0.014498459478824619, -0.015666181650203892], [0.01714016375961207, -0.015666181650203885, 0.06553008204829033]], "chi2_level": 0.99, "chi2_df": 3, "chi2_threshold": 11.344866730144373, "N_raw": 76, "N_roi": 70, "N_inlier": 70, "refit": true}
{"timestamp": "15:14:58.295925", "frame": 54, "mu": [1.62139642193284, 3.9896595785745412, 0.285469266928588], "Sigma": [[0.02051525110148704, -0.00875531542141067, 0.0029518961350653338], [-0.00875531542141067, 0.005592893284200864, -0.001960392394191113], [0.0029518961350653338, -0.0019603923941911125, 0.003181148863347605]], "chi2_level": 0.99, "chi2_df": 3, "chi2_threshold": 11.344866730144373, "N_raw": 28, "N_roi": 27, "N_inlier": 25, "refit": true}
{"timestamp": "15:14:58.356014", "frame": 55, "mu": [1.7473025493203607, 3.844420550789113, 0.5136071461434871], "Sigma": [[0.03447655367650421, -0.018956278425136933, 0.007220160164948362], [-0.018956278425136933, 0.013170984065620932, -0.0074448389630530085], [0.007220160164948362, -0.0074448389630530085, 0.031230621231263876]], "chi2_level": 0.99, "chi2_df": 3, "chi2_threshold": 11.344866730144373, "N_raw": 72, "N_roi": 70, "N_inlier": 68, "refit": true}
{"timestamp": "15:14:58.409938", "frame": 56, "mu": [1.7062631358785851, 3.8179955890474444, 0.5959158757909495], "Sigma": [[0.027285146039883818, -0.015483800351621328, 0.0021544850753143427], [-0.015483800351621328, 0.01086164406362789, -0.005131754759323919], [0.0021544850753143427, -0.005131754759323919, 0.040862107838636766]], "chi2_level": 0.99, "chi2_df": 3, "chi2_threshold": 11.344866730144373, "N_raw": 66, "N_roi": 65, "N_inlier": 64, "refit": true}
{"timestamp": "15:14:58.462694", "frame": 57, "mu": [1.6615030368326031, 3.8392478038676248, 0.6412703072335076], "Sigma": [[0.014142037022129772, -0.008312875141501346, 0.0005202004061071693], [-0.008312875141501346, 0.00667346500394348, -0.0045055625064694405], [0.0005202004061071696, -0.0045055625064694405, 0.025178454286882583]], "chi2_level": 0.99, "chi2_df": 3, "chi2_threshold": 11.344866730144373, "N_raw": 42, "N_roi": 40, "N_inlier": 39, "refit": true}
{"timestamp": "15:14:58.516995", "frame": 58, "mu": [1.489462659736687, 3.8664810672108962, 1.0124743619315737], "Sigma": [[0.01685917070714082, -0.006438516093504486, -0.013744007741632928], [-0.006438516093504486, 0.003462137039055363, 0.0004272295410061094], [-0.013744007741632928, 0.00042722954100611, 0.07600719839187443]], "chi2_level": 0.99, "chi2_df": 3, "chi2_threshold": 11.344866730144373, "N_raw": 46, "N_roi": 46, "N_inlier": 46, "refit": true}
{"timestamp": "15:14:58.576116", "frame": 59, "mu": [1.5813027167375984, 3.7253993065234488, 0.7617349945580226], "Sigma": [[0.02954275367752926, -0.019935952537765277, -0.006932575127157816], [-0.019935952537765277, 0.01734766151693303, -0.002150647440616717], [-0.006932575127157817, -0.0021506474406167175, 0.02538705115556381]], "chi2_level": 0.99, "chi2_df": 3, "chi2_threshold": 11.344866730144373, "N_raw": 71, "N_roi": 71, "N_inlier": 71, "refit": true}
{"timestamp": "15:14:58.629595", "frame": 60, "mu": [1.5260337037655298, 3.669143335188014, 0.7096064305864723], "Sigma": [[0.02728584872696299, -0.011045588678863861, -0.019751768037935567], [-0.011045588678863863, 0.006728748229715792, 0.006134676983878074], [-0.019751768037935567, 0.006134676983878074, 0.0681805678756361]], "chi2_level": 0.99, "chi2_df": 3, "chi2_threshold": 11.344866730144373, "N_raw": 59, "N_roi": 57, "N_inlier": 55, "refit": true}
{"timestamp": "15:14:58.685428", "frame": 61, "mu": [1.3900322941663081, 3.6609068394523954, 0.7571056049519133], "Sigma": [[0.02852087565991146, -0.00714590877483974, -0.009980497905496958], [-0.00714590877483974, 0.0038095406659351327, 0.0023146146289919896], [-0.009980497905496958, 0.0023146146289919896, 0.06613449694959496]], "chi2_level": 0.99, "chi2_df": 3, "chi2_threshold": 11.344866730144373, "N_raw": 65, "N_roi": 64, "N_inlier": 64, "refit": true}
{"timestamp": "15:14:58.737366", "frame": 62, "mu": [1.4370827989776935, 3.5941114457016, 0.6373059602588188], "Sigma": [[0.019709545066569294, -0.005857353078980677, 0.0017672153442720739], [-0.005857353078980677, 0.004126837218728177, -0.002328552676660847], [0.0017672153442720735, -0.002328552676660847, 0.007304796496193141]], "chi2_level": 0.99, "chi2_df": 3, "chi2_threshold": 11.344866730144373, "N_raw": 42, "N_roi": 41, "N_inlier": 39, "refit": true}
{"timestamp": "15:14:58.793224", "frame": 63, "mu": [1.3234313341829498, 3.5839539550201933, 0.7481389164879727], "Sigma": [[0.023396233534953896, -0.008236427268718637, -0.013377376143938283], [-0.008236427268718637, 0.005175062656565348, -0.0006367186723892169], [-0.013377376143938283, -0.0006367186723892171, 0.04905531490380826]], "chi2_level": 0.99, "chi2_df": 3, "chi2_threshold": 11.344866730144373, "N_raw": 52, "N_roi": 52, "N_inlier": 50, "refit": true}
{"timestamp": "15:14:58.848113", "frame": 64, "mu": [1.3114485487653067, 3.5239154459360207, 0.4935579472567182], "Sigma": [[0.022954153604475273, -0.01039311891293483, -0.005590748963708571], [-0.01039311891293483, 0.009209084202189645, -0.0015864906224719467], [-0.005590748963708571, -0.0015864906224719462, 0.014434393443554233]], "chi2_level": 0.99, "chi2_df": 3, "chi2_threshold": 11.344866730144373, "N_raw": 51, "N_roi": 47, "N_inlier": 43, "refit": true}
{"timestamp": "15:14:58.902365", "frame": 65, "mu": [1.1998462873813516, 3.4973666174130997, 0.6561036749177055], "Sigma": [[0.01591982924343035, -0.00787103384155648, -0.016271948342946943], [-0.00787103384155648, 0.009448459961132983, 0.007944307428787961], [-0.016271948342946943, 0.007944307428787961, 0.05816225414416515]], "chi2_level": 0.99, "chi2_df": 3, "chi2_threshold": 11.344866730144373, "N_raw": 42, "N_roi": 42, "N_inlier": 42, "refit": true}
{"timestamp": "15:14:58.958050", "frame": 66, "mu": [1.3355890750505401, 3.564969905601582, -0.31753492170417014], "Sigma": [[0.015820729477241936, -0.005862008003162222, -0.005636514072396269], [-0.005862008003162222, 0.0065358252011788265, -0.006042112420805785], [-0.005636514072396269, -0.006042112420805784, 0.019080429885609623]], "chi2_level": 0.99, "chi2_df": 3, "chi2_threshold": 11.344866730144373, "N_raw": 49, "N_roi": 46, "N_inlier": 46, "refit": true}
{"timestamp": "15:14:59.011046", "frame": 67, "mu": [1.239222211689017, 3.407652512865971, -1.012294307980984], "Sigma": [[0.01593107929584916, 0.005122925327426693, 0.04024873394195179], [0.005122925327426693, 0.007181461366370336, 0.02418613529351718], [0.04024873394195179, 0.024186135293517177, 0.1583107636698273]], "chi2_level": 0.99, "chi2_df": 3, "chi2_threshold": 11.344866730144373, "N_raw": 37, "N_roi": 37, "N_inlier": 36, "refit": true}
{"timestamp": "15:14:59.065037", "frame": 68, "mu": [1.1723390292122209, 3.3284518021397407, 0.7374395541121771], "Sigma": [[0.01973468948988122, -0.01564821821860103, -0.0013928519584936688], [-0.01564821821860103, 0.014049379622191509, -0.0017836169053854628], [-0.0013928519584936686, -0.0017836169053854626, 0.013929594800510798]], "chi2_level": 0.99, "chi2_df": 3, "chi2_threshold": 11.344866730144373, "N_raw": 31, "N_roi": 31, "N_inlier": 30, "refit": true}
{"timestamp": "15:14:59.131383", "frame": 69, "mu": [1.077107086211974, 3.2791253249324757, 0.716849890665951], "Sigma": [[0.029976968665747474, -0.020886241128080928, -0.009879430639834475], [-0.020886241128080928, 0.020125824711486374, -0.0032767607612338365], [-0.009879430639834475, -0.0032767607612338365, 0.0560085307185057]], "chi2_level": 0.99, "chi2_df": 3, "chi2_threshold": 11.344866730144373, "N_raw": 108, "N_roi": 108, "N_inlier": 107, "refit": true}
{"timestamp": "15:14:59.185903", "frame": 70, "mu": [1.0197971588820662, 3.2538565277893006, 0.7254014077079676], "Sigma": [[0.03515170545264279, -0.02471142445217373, 0.0017414833013831954], [-0.02471142445217373, 0.02622021132587534, -0.0033512105278037606], [0.0017414833013831951, -0.0033512105278037606, 0.011890543354019173]], "chi2_level": 0.99, "chi2_df": 3, "chi2_threshold": 11.344866730144373, "N_raw": 100, "N_roi": 97, "N_inlier": 96, "refit": true}
{"timestamp": "15:14:59.238039", "frame": 71, "mu": [0.9304162538209169, 3.199963750233593, 0.7681456132340476], "Sigma": [[0.020924930603105046, -0.010901744970099728, 0.0017503755572197278], [-0.010901744970099728, 0.008223722344434524, -0.007175319350444765], [0.0017503755572197272, -0.007175319350444765, 0.03161882549792019]], "chi2_level": 0.99, "chi2_df": 3, "chi2_threshold": 11.344866730144373, "N_raw": 76, "N_roi": 72, "N_inlier": 72, "refit": true}
{"timestamp": "15:14:59.294725", "frame": 72, "mu": [0.8617126451603279, 3.159185514691887, 0.8133779857881149], "Sigma": [[0.021595420728695428, -0.008611417982439914, 0.00012151518282760949], [-0.008611417982439914, 0.005773513185151142, -0.00531642915555565], [0.00012151518282760916, -0.005316429155555651, 0.03794590543444539]], "chi2_level": 0.99, "chi2_df": 3, "chi2_threshold": 11.344866730144373, "N_raw": 87, "N_roi": 82, "N_inlier": 78, "refit": true}
{"timestamp": "15:14:59.351473", "frame": 73, "mu": [0.7493244313079667, 3.3395604157951717, 0.006086953303361102], "Sigma": [[0.023006847529410904, -0.025295892115630228, 0.059127046971802114], [-0.025295892115630228, 0.052072761524882126, -0.10969291442277428], [0.059127046971802114, -0.10969291442277429, 0.29744778088071505]], "chi2_level": 0.99, "chi2_df": 3, "chi2_threshold": 11.344866730144373, "N_raw": 97, "N_roi": 92, "N_inlier": 90, "refit": true}
{"timestamp": "15:14:59.410502", "frame": 74, "mu": [0.7478959772102028, 3.245572065745896, -0.5166060392888328], "Sigma": [[0.024998647263917616, -0.008183176392066286, 0.01430889482051835], [-0.008183176392066286, 0.026803392284866688, -0.010907509065812993], [0.01430889482051835, -0.010907509065812993, 0.11650642146002185]], "chi2_level": 0.99, "chi2_df": 3, "chi2_threshold": 11.344866730144373, "N_raw": 124, "N_roi": 117, "N_inlier": 116, "refit": true}
{"timestamp": "15:14:59.464168", "frame": 75, "mu": [0.7133618708895146, 3.0193983049368067, -0.5054505600795122], "Sigma": [[0.04223819399054213, -0.020491294719148165, 0.17201726684954746], [-0.020491294719148165, 0.02581837922065823, -0.10532992192609673], [0.17201726684954746, -0.10532992192609675, 1.0438895887333233]], "chi2_level": 0.99, "chi2_df": 3, "chi2_threshold": 11.344866730144373, "N_raw": 118, "N_roi": 115, "N_inlier": 115, "refit": true}
{"timestamp": "15:14:59.511830", "frame": 76, "mu": [0.6290134456484275, 2.962814453120289, 1.0052887663375165], "Sigma": [[0.015899276896892297, -0.00991100536232346, -0.0287679827116996], [-0.00991100536232346, 0.011122704466141215, 0.013495128022961145], [-0.0287679827116996, 0.013495128022961145, 0.06918795551586607]], "chi2_level": 0.99, "chi2_df": 3, "chi2_threshold": 11.344866730144373, "N_raw": 71, "N_roi": 70, "N_inlier": 66, "refit": true}
{"timestamp": "15:14:59.570660", "frame": 77, "mu": [0.6630853127486027, 2.8943933159046558, 0.8677287972403224], "Sigma": [[0.018577020915205043, -0.0071866801587194325, -0.00743405043004861], [-0.0071866801587194325, 0.00902886041818194, -0.003948125545480846], [-0.007434050430048611, -0.003948125545480846, 0.026716054179433464]], "chi2_level": 0.99, "chi2_df": 3, "chi2_threshold": 11.344866730144373, "N_raw": 96, "N_roi": 94, "N_inlier": 90, "refit": true}
{"timestamp": "15:14:59.626969", "frame": 78, "mu": [0.5799441931570833, 2.8943548028539645, 0.9584681567905727], "Sigma": [[0.028064527016579896, -0.013306841198225273, -0.024087087253490347], [-0.013306841198225273, 0.01503381788863964, -0.002425415888223683], [-0.024087087253490343, -0.002425415888223683, 0.08246055973286398]], "chi2_level": 0.99, "chi2_df": 3, "chi2_threshold": 11.344866730144373, "N_raw": 103, "N_roi": 101, "N_inlier": 97, "refit": true}
{"timestamp": "15:14:59.680348", "frame": 79, "mu": [0.5176918596321948, 2.9218215693579075, 0.9292589080686303], "Sigma": [[0.0206076546146389, -0.01144590139407867, -0.009096738899472356], [-0.01144590139407867, 0.009738054119931066, -0.0018975952359563144], [-0.009096738899472358, -0.0018975952359563144, 0.032093950713971614]], "chi2_level": 0.99, "chi2_df": 3, "chi2_threshold": 11.344866730144373, "N_raw": 96, "N_roi": 93, "N_inlier": 89, "refit": true}
{"timestamp": "15:14:59.735780", "frame": 80, "mu": [0.4702643537855026, 2.9043285304375273, 0.3334112749304093], "Sigma": [[0.022834692277805463, -0.009847685274533547, 0.04230666551277726], [-0.009847685274533547, 0.019577939564060228, -0.04584274558061128], [0.04230666551277726, -0.04584274558061127, 0.2010745527013361]], "chi2_level": 0.99, "chi2_df": 3, "chi2_threshold": 11.344866730144373, "N_raw": 98, "N_roi": 90, "N_inlier": 86, "refit": true}
{"timestamp": "15:14:59.795274", "frame": 81, "mu": [0.3733146349075558, 2.830794934090313, 1.0854613254783034], "Sigma": [[0.024547427236801263, -0.01023109657306019, -0.0024967009855082476], [-0.010231096573060188, 0.01054551396875531, -0.012408281582291956], [-0.002496700985508247, -0.012408281582291956, 0.09121080033465019]], "chi2_level": 0.99, "chi2_df": 3, "chi2_threshold": 11.344866730144373, "N_raw": 123, "N_roi": 123, "N_inlier": 117, "refit": true}
{"timestamp": "15:14:59.849659", "frame": 82, "mu": [0.3189147753321652, 2.8095025971190415, 1.0690949794712428], "Sigma": [[0.022680437202100327, -0.011770162190393622, -0.006940068734013555], [-0.011770162190393622, 0.012486565239580564, -0.010430897568497566], [-0.006940068734013555, -0.010430897568497568, 0.05818649361059596]], "chi2_level": 0.99, "chi2_df": 3, "chi2_threshold": 11.344866730144373, "N_raw": 118, "N_roi": 116, "N_inlier": 111, "refit": true}
{"timestamp": "15:14:59.899954", "frame": 83, "mu": [0.2933883593256746, 2.7469197481231067, -0.4205483777590141], "Sigma": [[0.021328964161789546, -0.007037870428037473, 0.0895239770097517], [-0.007037870428037473, 0.008018981720927432, -0.03280467495863691], [0.0895239770097517, -0.03280467495863691, 0.7731088602558202]], "chi2_level": 0.99, "chi2_df": 3, "chi2_threshold": 11.344866730144373, "N_raw": 91, "N_roi": 91, "N_inlier": 88, "refit": true}
{"timestamp": "15:14:59.953957", "frame": 84, "mu": [0.246348858779546, 2.6721483451779395, 1.0681135091859617], "Sigma": [[0.017417006654893315, 0.0003330888120605058, -0.018718402473352803], [0.0003330888120605057, 0.0034198305258497184, -0.014361730969894397], [-0.018718402473352803, -0.0143617309698944, 0.15808713063325028]], "chi2_level": 0.99, "chi2_df": 3, "chi2_threshold": 11.344866730144373, "N_raw": 80, "N_roi": 77, "N_inlier": 74, "refit": true}
{"timestamp": "15:15:00.011005", "frame": 85, "mu": [0.14112966868809415, 2.634909020459564, 1.0507335141581804], "Sigma": [[0.014477660683760616, -0.0060372686921278795, -0.011689606789585302], [-0.0060372686921278795, 0.00846474072141402, -0.015622663822259337], [-0.011689606789585302, -0.015622663822259335, 0.14278478705041067]], "chi2_level": 0.99, "chi2_df": 3, "chi2_threshold": 11.344866730144373, "N_raw": 97, "N_roi": 97, "N_inlier": 95, "refit": true}
{"timestamp": "15:15:00.068531", "frame": 86, "mu": [0.0751176642250414, 2.646648145426162, 1.0654690148168764], "Sigma": [[0.017425915844028604, -0.009779130569480095, 0.0012977913217340925], [-0.009779130569480095, 0.01191321288574526, -0.014012673268622034], [0.0012977913217340922, -0.014012673268622032, 0.04029694887542209]], "chi2_level": 0.99, "chi2_df": 3, "chi2_threshold": 11.344866730144373, "N_raw": 112, "N_roi": 112, "N_inlier": 108, "refit": true}
{"timestamp": "15:15:00.120159", "frame": 87, "mu": [0.0965955288098518, 2.587323909585822, 0.9297264770761932], "Sigma": [[0.027843660213500883, -0.017570354780254805, 0.005188720080148407], [-0.017570354780254805, 0.014560166361341087, -0.007651817916994283], [0.005188720080148407, -0.007651817916994282, 0.013612560125606148]], "chi2_level": 0.99, "chi2_df": 3, "chi2_threshold": 11.344866730144373, "N_raw": 90, "N_roi": 90, "N_inlier": 86, "refit": true}
{"timestamp": "15:15:00.173176", "frame": 88, "mu": [0.12140791171259961, 2.4593561016577103, 1.1471029907440966], "Sigma": [[0.018287280439730515, -0.0026793466362433874, -0.02721599959510026], [-0.002679346636243388, 0.0027431572038099437, -0.0019112492824621807], [-0.02721599959510026, -0.0019112492824621807, 0.06682600768815755]], "chi2_level": 0.99, "chi2_df": 3, "chi2_threshold": 11.344866730144373, "N_raw": 79, "N_roi": 79, "N_inlier": 75, "refit": true}
{"timestamp": "15:15:00.228833", "frame": 89, "mu": [0.0033913856098103726, 2.5290775005579365, 1.006114132174402], "Sigma": [[0.020324377136315713, -0.01362696926713461, -0.004925230452317266], [-0.013626969267134609, 0.012651554410769778, 0.0002156066546863942], [-0.004925230452317266, 0.00021560665468639447, 0.0070954415855426]], "chi2_level": 0.99, "chi2_df": 3, "chi2_threshold": 11.344866730144373, "N_raw": 83, "N_roi": 83, "N_inlier": 80, "refit": true}
{"timestamp": "15:15:00.286309", "frame": 90, "mu": [0.002103832295929629, 2.421719066657074, 0.9681891649028185], "Sigma": [[0.018534920242263747, -0.01135787495392361, -0.0009292951143750467], [-0.01135787495392361, 0.009152107968997722, -0.003651614397576062], [-0.0009292951143750463, -0.003651614397576062, 0.026174372992073397]], "chi2_level": 0.99, "chi2_df": 3, "chi2_threshold": 11.344866730144373, "N_raw": 99, "N_roi": 99, "N_inlier": 95, "refit": true}
{"timestamp": "15:15:00.340680", "frame": 91, "mu": [-0.03477635258929598, 2.5349732039408996, -0.38095663896017146], "Sigma": [[0.015380909855578502, -0.00607829312116083, 0.008539502536282119], [-0.00607829312116083, 0.0077793440253035575, -0.014849916150633352], [0.008539502536282119, -0.014849916150633352, 0.03830978001359918]], "chi2_level": 0.99, "chi2_df": 3, "chi2_threshold": 11.344866730144373, "N_raw": 96, "N_roi": 96, "N_inlier": 91, "refit": true}
{"timestamp": "15:15:00.394670", "frame": 92, "mu": [-0.1278091661249181, 2.282709721868941, 1.1831870807672278], "Sigma": [[0.009292826129282289, -0.0013699918640214647, 0.004148557198009146], [-0.0013699918640214643, 0.004477998751055915, -0.0016728382231647222], [0.004148557198009146, -0.0016728382231647222, 0.08768121062388863]], "chi2_level": 0.99, "chi2_df": 3, "chi2_threshold": 11.344866730144373, "N_raw": 87, "N_roi": 87, "N_inlier": 83, "refit": true}
{"timestamp": "15:15:00.447168", "frame": 93, "mu": [-0.24977851412233298, 2.2992673619475372, 0.8285771552680934], "Sigma": [[0.01946005842703287, -0.0015434257496247752, 0.02318854494454702], [-0.0015434257496247752, 0.002735736036946384, -0.0031959735589924803], [0.023188544944547022, -0.0031959735589924803, 0.057616464735464695]], "chi2_level": 0.99, "chi2_df": 3, "chi2_threshold": 11.344866730144373, "N_raw": 72, "N_roi": 71, "N_inlier": 64, "refit": true}
{"timestamp": "15:15:00.506815", "frame": 94, "mu": [-0.23878948622829407, 2.252863518837558, 1.2310231802673934], "Sigma": [[0.013468366103577373, -0.006188698516154773, 0.002460504606838463], [-0.006188698516154773, 0.00917958447170418, -0.011996514611148305], [0.002460504606838463, -0.011996514611148305, 0.052965785784537665]], "chi2_level": 0.99, "chi2_df": 3, "chi2_threshold": 11.344866730144373, "N_raw": 106, "N_roi": 106, "N_inlier": 103, "refit": true}
{"timestamp": "15:15:00.566454", "frame": 95, "mu": [-0.33385185784812776, 2.1850187061618245, 1.0817683232767827], "Sigma": [[0.016128856164077714, -0.005132020655673659, 0.010675950572095562], [-0.005132020655673659, 0.006587943773926401, -0.01974516469881098], [0.01067595057209556, -0.01974516469881098, 0.11571476555710447]], "chi2_level": 0.99, "chi2_df": 3, "chi2_threshold": 11.344866730144373, "N_raw": 133, "N_roi": 132, "N_inlier": 128, "refit": true}
{"timestamp": "15:15:00.615681", "frame": 96, "mu": [-0.3296548573591386, 2.088974547870076, 1.277353339651784], "Sigma": [[0.013247831214731437, 0.0021233871636143686, -0.018847024522340848], [0.0021233871636143686, 0.004355516011093986, -0.008866645791145863], [-0.018847024522340848, -0.008866645791145863, 0.05040998497724533]], "chi2_level": 0.99, "chi2_df": 3, "chi2_threshold": 11.344866730144373, "N_raw": 92, "N_roi": 92, "N_inlier": 88, "refit": true}
{"timestamp": "15:15:00.671284", "frame": 97, "mu": [-0.357333369762958, 2.062937726764208, 1.2424790787530167], "Sigma": [[0.016505147546443583, 0.0029258455118734692, -0.03449544815079275], [0.0029258455118734692, 0.005642107341902242, -0.013134256550920015], [-0.03449544815079275, -0.013134256550920015, 0.18313077989408508]], "chi2_level": 0.99, "chi2_df": 3, "chi2_threshold": 11.344866730144373, "N_raw": 101, "N_roi": 101, "N_inlier": 97, "refit": true}
{"timestamp": "15:15:00.724938", "frame": 98, "mu": [-0.44106270189680724, 1.999638951551447, 1.3296919342887363], "Sigma": [[0.011720271189181283, 0.0011211234713007613, -0.018670330819795505], [0.0011211234713007613, 0.003746833975042105, -0.006394787542195473], [-0.0186703308197955, -0.006394787542195473, 0.045871573545952796]], "chi2_level": 0.99, "chi2_df": 3, "chi2_threshold": 11.344866730144373, "N_raw": 88, "N_roi": 88, "N_inlier": 83, "refit": true}
{"timestamp": "15:15:00.778052", "frame": 99, "mu": [-0.4854502524717588, 1.966609273185372, 1.3410870141778843], "Sigma": [[0.007441629305242898, -0.000113127330647079, -0.010609854766796068], [-0.00011312733064707911, 0.003649604907236252, -0.004145244800013839], [-0.010609854766796068, -0.004145244800013839, 0.034110151640258254]], "chi2_level": 0.99, "chi2_df": 3, "chi2_threshold": 11.344866730144373, "N_raw": 75, "N_roi": 75, "N_inlier": 70, "refit": true}
{"timestamp": "15:15:00.942699", "frame": 100, "mu": [-0.5070689114675788, 1.962340166264951, 1.3234023510480388], "Sigma": [[0.006397731160937957, -0.00041143856357386734, -0.0036827527774857247], [-0.00041143856357386767, 0.003601713738023502, -0.004727988900428356], [-0.0036827527774857247, -0.004727988900428356, 0.016482959901861646]], "chi2_level": 0.99, "chi2_df": 3, "chi2_threshold": 11.344866730144373, "N_raw": 70, "N_roi": 70, "N_inlier": 66, "refit": true}
{"timestamp": "15:15:00.968302", "frame": 101, "mu": [-0.5429085514461152, 1.841428638685125, 1.0493845320073094], "Sigma": [[0.011847399049467237, -0.003687929319442354, -0.04361399697293529], [-0.003687929319442354, 0.004745332849148978, 0.01670146400749627], [-0.04361399697293529, 0.01670146400749627, 0.2603316769737783]], "chi2_level": 0.99, "chi2_df": 3, "chi2_threshold": 11.344866730144373, "N_raw": 83, "N_roi": 83, "N_inlier": 82, "refit": true}
{"timestamp": "15:15:00.998101", "frame": 102, "mu": [-0.5808568290765185, 1.8034785951401089, 1.1207359160857662], "Sigma": [[0.009398957879842525, -0.0023736812320944776, -0.03301189364617514], [-0.002373681232094478, 0.009269793016252989, 0.02813253253171711], [-0.03301189364617514, 0.02813253253171711, 0.27477532865931037]], "chi2_level": 0.99, "chi2_df": 3, "chi2_threshold": 11.344866730144373, "N_raw": 101, "N_roi": 101, "N_inlier": 99, "refit": true}
{"timestamp": "15:15:01.028873", "frame": 103, "mu": [-0.6787368579716924, 1.8100543908692266, 0.8506806736022912], "Sigma": [[0.004701539120538885, -0.0004114640014743553, -0.01569003232217609], [-0.0004114640014743553, 0.009290317743890148, 0.022668947634902813], [-0.01569003232217609, 0.022668947634902813, 0.22639975133544146]], "chi2_level": 0.99, "chi2_df": 3, "chi2_threshold": 11.344866730144373, "N_raw": 36, "N_roi": 36, "N_inlier": 34, "refit": true}
{"timestamp": "15:15:01.060165", "frame": 104, "mu": [-0.6675435155455631, 1.7627898741080825, 1.2209992188529597], "Sigma": [[0.007001445494618723, 0.0006214971736873798, -0.008088757022511533], [0.0006214971736873798, 0.002953717234886142, -0.0022131592354260694], [-0.008088757022511533, -0.0022131592354260694, 0.05450158317035596]], "chi2_level": 0.99, "chi2_df": 3, "chi2_threshold": 11.344866730144373, "N_raw": 90, "N_roi": 89, "N_inlier": 80, "refit": true}
{"timestamp": "15:15:01.111038", "frame": 105, "mu": [-0.8091321853253315, 1.6975823751022276, 1.328768974460936], "Sigma": [[0.00854336711090871, 0.002485070389742069, -0.017632553705102756], [0.002485070389742069, 0.004607484635185625, -0.013467956140920084], [-0.017632553705102756, -0.013467956140920084, 0.06919820111709364]], "chi2_level": 0.99, "chi2_df": 3, "chi2_threshold": 11.344866730144373, "N_raw": 95, "N_roi": 95, "N_inlier": 91, "refit": true}
{"timestamp": "15:15:01.163109", "frame": 106, "mu": [-0.7755960903850276, 1.6953493271623903, 1.181902622947852], "Sigma": [[0.005562625199848933, 0.0011407472403419387, -0.01098167922456174], [0.0011407472403419387, 0.006451654672388803, -0.030440847977949846], [-0.01098167922456174, -0.030440847977949846, 0.21448925903177862]], "chi2_level": 0.99, "chi2_df": 3, "chi2_threshold": 11.344866730144373, "N_raw": 78, "N_roi": 78, "N_inlier": 75, "refit": true}
{"timestamp": "15:15:01.221096", "frame": 107, "mu": [-0.8072564184091584, 1.602097676469699, 1.0787790516083966], "Sigma": [[0.013435763728512653, 0.00454732808078773, 0.020665076616665567], [0.00454732808078773, 0.009209835558214445, 0.029570990209518727], [0.020665076616665563, 0.02957099020951873, 0.2406933184693393]], "chi2_level": 0.99, "chi2_df": 3, "chi2_threshold": 11.344866730144373, "N_raw": 101, "N_roi": 101, "N_inlier": 98, "refit": true}
{"timestamp": "15:15:01.270728", "frame": 108, "mu": [-0.8153606563920877, 1.585261619354655, 1.3521359070013754], "Sigma": [[0.01099877230982023, 0.0033229175545486413, -0.01408697365632494], [0.0033229175545486413, 0.005452282621822881, -0.009842499506859718], [-0.01408697365632494, -0.00984249950685972, 0.026424348698701142]], "chi2_level": 0.99, "chi2_df": 3, "chi2_threshold": 11.344866730144373, "N_raw": 66, "N_roi": 66, "N_inlier": 54, "refit": true}
{"timestamp": "15:15:01.323202", "frame": 109, "mu": [-0.9638624592986957, 1.490187439551718, 1.229044131342093], "Sigma": [[0.03855869078562134, 0.027455278909064587, -0.07389573380500547], [0.027455278909064587, 0.024076774244446604, -0.05735379357773685], [-0.07389573380500547, -0.05735379357773685, 0.3315346623756395]], "chi2_level": 0.99, "chi2_df": 3, "chi2_threshold": 11.344866730144373, "N_raw": 42, "N_roi": 42, "N_inlier": 41, "refit": true}
{"timestamp": "15:15:01.380090", "frame": 110, "mu": [-0.9904509495730492, 1.5022371659381244, 1.4070367339107082], "Sigma": [[0.0045018609895129515, 0.0011331276471127256, -0.0058410808288839565], [0.0011331276471127256, 0.004400110951698617, -0.009381240177457645], [-0.0058410808288839565, -0.009381240177457645, 0.024769676955380834]], "chi2_level": 0.99, "chi2_df": 3, "chi2_threshold": 11.344866730144373, "N_raw": 64, "N_roi": 64, "N_inlier": 60, "refit": true}
{"timestamp": "15:15:01.436562", "frame": 111, "mu": [-1.1505445490498867, 1.3673894762413479, -0.08338765913231538], "Sigma": [[0.027910429374768154, 0.020888052307381888, 9.451343547778273e-05], [0.020888052307381888, 0.023464328390564025, 0.001874092248510797], [9.451343547778279e-05, 0.0018740922485107972, 0.01135788533863348]], "chi2_level": 0.99, "chi2_df": 3, "chi2_threshold": 11.344866730144373, "N_raw": 76, "N_roi": 76, "N_inlier": 74, "refit": true}
{"timestamp": "15:15:01.488480", "frame": 112, "mu": [-1.2145003518511985, 1.2469834931499788, 1.642299258953845], "Sigma": [[0.04931392826932684, 0.03200652923191044, -0.04527481263346081], [0.03200652923191044, 0.023723344339515458, -0.03188279712016987], [-0.04527481263346081, -0.03188279712016987, 0.04903907070829695]], "chi2_level": 0.99, "chi2_df": 3, "chi2_threshold": 11.344866730144373, "N_raw": 51, "N_roi": 51, "N_inlier": 49, "refit": true}
{"timestamp": "15:15:01.544627", "frame": 113, "mu": [-1.3453198707068084, 1.1480849181951274, 1.7522716126806883], "Sigma": [[0.013746103604212684, 0.009299820189322891, -0.008932594578757676], [0.009299820189322891, 0.011505696873951051, -0.011025492548301739], [-0.008932594578757677, -0.011025492548301739, 0.014152464632864835]], "chi2_level": 0.99, "chi2_df": 3, "chi2_threshold": 11.344866730144373, "N_raw": 63, "N_roi": 62, "N_inlier": 60, "refit": true}
{"timestamp": "15:15:01.603501", "frame": 114, "mu": [-1.3276110408026995, 1.1580699113925976, 1.611077608076103], "Sigma": [[0.01315079754429853, 0.00770760484389451, -0.007332466018760416], [0.00770760484389451, 0.011781427602131132, -0.009335445480189643], [-0.007332466018760415, -0.009335445480189643, 0.008149864565212174]], "chi2_level": 0.99, "chi2_df": 3, "chi2_threshold": 11.344866730144373, "N_raw": 88, "N_roi": 88, "N_inlier": 87, "refit": true}
{"timestamp": "15:15:01.650750", "frame": 115, "mu": [-1.356010520890804, 1.0624679065152194, 1.5079086984045533], "Sigma": [[0.008444172531522732, 0.005881919580023282, -0.021269738487865515], [0.005881919580023281, 0.007190576747787703, -0.020727034385967957], [-0.021269738487865515, -0.020727034385967954, 0.16473870399386273]], "chi2_level": 0.99, "chi2_df": 3, "chi2_threshold": 11.344866730144373, "N_raw": 29, "N_roi": 29, "N_inlier": 27, "refit": true}
{"timestamp": "15:15:01.709953", "frame": 116, "mu": [-1.4005256345268675, 1.0209823303280623, 1.6176073980937489], "Sigma": [[0.009654395127479848, 0.002617646954474304, -0.0015666393750312397], [0.002617646954474304, 0.006642534500352105, -0.0049428433100535685], [-0.0015666393750312397, -0.0049428433100535685, 0.004409180683293794]], "chi2_level": 0.99, "chi2_df": 3, "chi2_threshold": 11.344866730144373, "N_raw": 66, "N_roi": 66, "N_inlier": 63, "refit": true}
