{"timestamp": "15:49:56.594539", "frame": 40, "mu": [-2.3742769772158687, 0.9473090349353346, 0.8158215724853667], "Sigma": [[0.0035817245676464902, 0.006405498028047437, 0.0010652550071728805], [0.006405498028047437, 0.011535493061451425, 0.0015723093856377503], [0.0010652550071728805, 0.0015723093856377503, 0.0024473999671695778]], "chi2_level": 0.99, "chi2_df": 3, "chi2_threshold": 11.344866730144373, "N_raw": 10, "N_roi": 10, "N_inlier": 10, "refit": true}
{"timestamp": "15:49:56.707082", "frame": 42, "mu": [-2.376377071123362, 1.0067440390438032, 1.052051439916423], "Sigma": [[0.00571417482737265, 0.00704639723605496, -0.0039419983304497565], [0.00704639723605496, 0.009544834069161534, -0.005328310576667389], [-0.003941998330449756, -0.005328310576667389, 0.015299304972232912]], "chi2_level": 0.99, "chi2_df": 3, "chi2_threshold": 11.344866730144373, "N_raw": 25, "N_roi": 23, "N_inlier": 23, "refit": true}
{"timestamp": "15:49:56.872394", "frame": 45, "mu": [-2.306881629165812, 0.917800942545922, 1.0586840575872603], "Sigma": [[0.006217795900793597, 0.009310062820365117, -0.005473706496658033], [0.009310062820365117, 0.01964849739583006, -0.010989813384035289], [-0.0054737064966580325, -0.010989813384035289, 0.007477441887824143]], "chi2_level": 0.99, "chi2_df": 3, "chi2_threshold": 11.344866730144373, "N_raw": 23, "N_roi": 22, "N_inlier": 21, "refit": true}
{"timestamp": "15:49:56.927182", "frame": 46, "mu": [-2.2968948180955966, 1.2105159159898842, -0.6576943482550982], "Sigma": [[0.00631659297819201, 0.006483590394135945, -0.0022203007655564196], [0.006483590394135945, 0.01311201270330936, -0.0043516203094582364], [-0.0022203007655564196, -0.0043516203094582364, 0.002449142829274832]], "chi2_level": 0.99, "chi2_df": 3, "chi2_threshold": 11.344866730144373, "N_raw": 25, "N_roi": 25, "N_inlier": 25, "refit": true}
{"timestamp": "15:49:56.981322", "frame": 47, "mu": [-2.2684475220925493, 1.1010831918340207, -0.8428941001033772], "Sigma": [[0.004601515281747506, 0.005755457881414296, -0.0025294990521402697], [0.005755457881414296, 0.017971539954569873, -0.0025244000597884723], [-0.0025294990521402697, -0.0025244000597884723, 0.0020334784578617845]], "chi2_level": 0.99, "chi2_df": 3, "chi2_threshold": 11.344866730144373, "N_raw": 22, "N_roi": 22, "N_inlier": 22, "refit": true}
{"timestamp": "15:49:57.146332", "frame": 50, "mu": [-2.308012810025383, 1.07544856338302, 1.1455304700517124], "Sigma": [[0.006537601240335621, 0.008127663746802991, -0.004991765195833371], [0.00812766374680299, 0.01680528988019188, -0.007166253324344449], [-0.004991765195833371, -0.007166253324344449, 0.004406852953107488]], "chi2_level": 0.99, "chi2_df": 3, "chi2_threshold": 11.344866730144373, "N_raw": 24, "N_roi": 23, "N_inlier": 23, "refit": true}
{"timestamp": "15:49:57.584599", "frame": 58, "mu": [-2.206578623482759, 1.3720613121524319, -0.9197389377978453], "Sigma": [[0.003105625906243549, 0.0036176141915367182, 0.00025059354498294247], [0.003617614191536718, 0.0065321360893811934, -0.00014979110624683712], [0.00025059354498294247, -0.0001497911062468371, 0.00010585692831104488]], "chi2_level": 0.99, "chi2_df": 3, "chi2_threshold": 11.344866730144373, "N_raw": 10, "N_roi": 10, "N_inlier": 10, "refit": true}
{"timestamp": "15:49:57.858933", "frame": 63, "mu": [-2.0256414805841283, 1.499289604492883, 1.3422884173802792], "Sigma": [[0.03319825461023254, 0.021181172002781565, -0.09844772375574214], [0.021181172002781565, 0.014475043128234574, -0.05906347418168527], [-0.09844772375574214, -0.059063474181685276, 0.30688275659107195]], "chi2_level": 0.99, "chi2_df": 3, "chi2_threshold": 11.344866730144373, "N_raw": 8, "N_roi": 8, "N_inlier": 8, "refit": true}
{"timestamp": "15:49:57.915173", "frame": 64, "mu": [-2.0671133010264, 1.4715580734806717, 1.270459494380863], "Sigma": [[0.038607737832032876, 0.026536878597661493, -0.0987041277693432], [0.026536878597661493, 0.019713484791302915, -0.0669157539541856], [-0.0987041277693432, -0.0669157539541856, 0.2730806366558056]], "chi2_level": 0.99, "chi2_df": 3, "chi2_threshold": 11.344866730144373, "N_raw": 17, "N_roi": 17, "N_inlier": 17, "refit": true}
{"timestamp": "15:49:57.978379", "frame": 65, "mu": [-2.0785329874862106, 1.4664385703222487, 1.4307526236159858], "Sigma": [[0.017060303126006378, 0.011786263116599423, -0.010778142744369347], [0.011786263116599423, 0.01672842365872109, -0.011842894591658614], [-0.010778142744369347, -0.011842894591658612, 0.010464353340086578]], "chi2_level": 0.99, "chi2_df": 3, "chi2_threshold": 11.344866730144373, "N_raw": 67, "N_roi": 67, "N_inlier": 65, "refit": true}
{"timestamp": "15:49:58.086402", "frame": 67, "mu": [-1.9957933485242938, 1.5282282706668326, 1.4472467247550391], "Sigma": [[0.012708921597372243, 0.009891741107431549, -0.009182510086364244], [0.009891741107431549, 0.012825418511698565, -0.011207700545866141], [-0.009182510086364244, -0.011207700545866143, 0.012735617962158937]], "chi2_level": 0.99, "chi2_df": 3, "chi2_threshold": 11.344866730144373, "N_raw": 55, "N_roi": 53, "N_inlier": 50, "refit": true}
{"timestamp": "15:49:58.141043", "frame": 68, "mu": [-2.034959468382025, 1.5562324215910195, 1.6517145858128637], "Sigma": [[0.009297507884817854, 0.008058510378622687, -0.007498144890150705], [0.008058510378622687, 0.012235872170132119, -0.010870266739295717], [-0.007498144890150705, -0.010870266739295717, 0.011324504213927125]], "chi2_level": 0.99, "chi2_df": 3, "chi2_threshold": 11.344866730144373, "N_raw": 39, "N_roi": 39, "N_inlier": 38, "refit": true}
{"timestamp": "15:49:58.191707", "frame": 69, "mu": [-1.9807555010460105, 1.5513189679289272, 1.4498666964528446], "Sigma": [[0.0115796701649494, 0.008814925068372451, -0.011197236161140729], [0.008814925068372451, 0.00832658724345522, -0.013295917423627427], [-0.011197236161140729, -0.013295917423627427, 0.03911504652571033]], "chi2_level": 0.99, "chi2_df": 3, "chi2_threshold": 11.344866730144373, "N_raw": 25, "N_roi": 25, "N_inlier": 23, "refit": true}
{"timestamp": "15:49:58.411018", "frame": 73, "mu": [-1.789992928910627, 1.871918299099057, 0.09661942728578302], "Sigma": [[0.0144704156702352, 0.014566549721589515, -0.005734235266618139], [0.014566549721589515, 0.01812276860775055, -0.009862186061791924], [-0.005734235266618138, -0.009862186061791924, 0.007708496183507549]], "chi2_level": 0.99, "chi2_df": 3, "chi2_threshold": 11.344866730144373, "N_raw": 18, "N_roi": 18, "N_inlier": 18, "refit": true}
{"timestamp": "15:49:58.470954", "frame": 74, "mu": [-1.6589745648892307, 1.9232215805085806, 1.3755944868183234], "Sigma": [[0.009664870490472962, 0.0045614838638262534, -0.001885863038468023], [0.004561483863826254, 0.003954818233895868, -0.006513365225487734], [-0.001885863038468023, -0.006513365225487734, 0.023669568357965156]], "chi2_level": 0.99, "chi2_df": 3, "chi2_threshold": 11.344866730144373, "N_raw": 51, "N_roi": 51, "N_inlier": 49, "refit": true}
{"timestamp": "15:49:58.523550", "frame": 75, "mu": [-1.774929469591015, 1.8164784395852087, 1.131252988859237], "Sigma": [[0.06688174614333951, 0.043551280126269507, -0.15362816380885574], [0.043551280126269507, 0.03877648505175039, -0.06285049764371194], [-0.15362816380885574, -0.06285049764371194, 0.6627521203590222]], "chi2_level": 0.99, "chi2_df": 3, "chi2_threshold": 11.344866730144373, "N_raw": 14, "N_roi": 14, "N_inlier": 13, "refit": true}
{"timestamp": "15:49:58.582182", "frame": 76, "mu": [-1.6105894759233337, 1.9632933493268043, 1.4658201337618904], "Sigma": [[0.00971467965876487, 0.005284060721790866, -0.0031321579812167645], [0.005284060721790867, 0.00503875437096474, -0.0067300068334426345], [-0.0031321579812167645, -0.006730006833442635, 0.015250759549602604]], "chi2_level": 0.99, "chi2_df": 3, "chi2_threshold": 11.344866730144373, "N_raw": 47, "N_roi": 47, "N_inlier": 43, "refit": true}
{"timestamp": "15:49:58.640900", "frame": 77, "mu": [-1.597149425154625, 2.024752948413428, 1.4819812207192649], "Sigma": [[0.010580295499248672, 0.004733439365403148, -0.005993382352879249], [0.004733439365403148, 0.006187399147140148, -0.009948912510463573], [-0.0059933823528792495, -0.009948912510463573, 0.04004855202411262]], "chi2_level": 0.99, "chi2_df": 3, "chi2_threshold": 11.344866730144373, "N_raw": 68, "N_roi": 68, "N_inlier": 63, "refit": true}
{"timestamp": "15:49:58.693622", "frame": 78, "mu": [-1.5788912532657973, 2.0493333168791925, -0.3785313511606503], "Sigma": [[0.009789392837857718, 0.0042656176076003955, -0.0003751538650028465], [0.004265617607600396, 0.007942051946971559, 4.5509434893958953e-05], [-0.0003751538650028465, 4.5509434893958953e-05, 0.02304397983622072]], "chi2_level": 0.99, "chi2_df": 3, "chi2_threshold": 11.344866730144373, "N_raw": 53, "N_roi": 53, "N_inlier": 50, "refit": true}
{"timestamp": "15:49:58.746815", "frame": 79, "mu": [-1.5267417666839675, 2.15615438494715, 0.1815369185003868], "Sigma": [[0.008599878767664632, 0.005535256541795866, -0.003811907909143903], [0.005535256541795864, 0.00810373210722607, -0.005068485215255491], [-0.003811907909143903, -0.005068485215255491, 0.0037611267691084614]], "chi2_level": 0.99, "chi2_df": 3, "chi2_threshold": 11.344866730144373, "N_raw": 38, "N_roi": 38, "N_inlier": 37, "refit": true}
{"timestamp": "15:49:58.799228", "frame": 80, "mu": [-1.5178345469323344, 2.079991770790995, 1.6125327189558203], "Sigma": [[0.007979187289195127, 0.002775872868837358, -0.006682300342668401], [0.0027758728688373584, 0.004647653242579103, -0.001138851346733404], [-0.006682300342668401, -0.001138851346733404, 0.006453559070863203]], "chi2_level": 0.99, "chi2_df": 3, "chi2_threshold": 11.344866730144373, "N_raw": 30, "N_roi": 30, "N_inlier": 29, "refit": true}
{"timestamp": "15:49:58.858015", "frame": 81, "mu": [-1.4735817679169627, 2.1611296396516515, 1.4512779978798653], "Sigma": [[0.010265631649512922, 0.004489677671694734, -0.010782620633087681], [0.004489677671694734, 0.004413110874331253, -0.010126733439105595], [-0.010782620633087681, -0.010126733439105595, 0.04394454860598242]], "chi2_level": 0.99, "chi2_df": 3, "chi2_threshold": 11.344866730144373, "N_raw": 55, "N_roi": 55, "N_inlier": 54, "refit": true}
{"timestamp": "15:49:58.908279", "frame": 82, "mu": [-1.3064029001224673, 2.1607152656102033, 0.6831795701480984], "Sigma": [[0.004117069019612079, -0.0034012009192409686, -0.02064517183892771], [-0.0034012009192409686, 0.007525993200057323, 0.0425039468618782], [-0.02064517183892771, 0.0425039468618782, 0.3093915537914212]], "chi2_level": 0.99, "chi2_df": 3, "chi2_threshold": 11.344866730144373, "N_raw": 15, "N_roi": 15, "N_inlier": 15, "refit": true}
{"timestamp": "15:49:58.967835", "frame": 83, "mu": [-1.4194189512993582, 2.245328311389912, 1.3673802362654306], "Sigma": [[0.012277718696231243, 0.0029084305115624756, -0.025711118803993415], [0.0029084305115624756, 0.004521780988724614, 0.0036993634057283014], [-0.025711118803993415, 0.0036993634057283014, 0.18219270501439513]], "chi2_level": 0.99, "chi2_df": 3, "chi2_threshold": 11.344866730144373, "N_raw": 56, "N_roi": 54, "N_inlier": 53, "refit": true}
{"timestamp": "15:49:59.020512", "frame": 84, "mu": [-1.3932424152930425, 2.246299508917904, 1.4387294080079815], "Sigma": [[0.0065964978034036776, 0.0018612661936059482, -0.01603434686308857], [0.001861266193605948, 0.003349349740893582, 0.006348519699703484], [-0.016034346863088574, 0.006348519699703484, 0.2044152374665478]], "chi2_level": 0.99, "chi2_df": 3, "chi2_threshold": 11.344866730144373, "N_raw": 30, "N_roi": 30, "N_inlier": 28, "refit": true}
{"timestamp": "15:49:59.073907", "frame": 85, "mu": [-1.355238857626587, 2.2727763986166436, 1.2825359947726511], "Sigma": [[0.0019866811361121495, -0.00018403853660162086, -0.004249582209708442], [-0.00018403853660162075, 0.011664098417832522, 0.04693894333516273], [-0.004249582209708442, 0.046938943335162735, 0.3508880273944562]], "chi2_level": 0.99, "chi2_df": 3, "chi2_threshold": 11.344866730144373, "N_raw": 18, "N_roi": 18, "N_inlier": 17, "refit": true}
{"timestamp": "15:49:59.130429", "frame": 86, "mu": [-1.3041659397705603, 2.302729531985324, 1.4612581873103347], "Sigma": [[0.009171216157985962, 0.0028925540120417273, -0.013327524041393925], [0.002892554012041727, 0.0033966785782595984, -0.003944568244485096], [-0.013327524041393925, -0.003944568244485096, 0.1241164143235375]], "chi2_level": 0.99, "chi2_df": 3, "chi2_threshold": 11.344866730144373, "N_raw": 32, "N_roi": 32, "N_inlier": 30, "refit": true}
{"timestamp": "15:49:59.188440", "frame": 87, "mu": [-1.2664576235010632, 2.373899141437421, 1.2518442289952678], "Sigma": [[0.010002181386282824, 0.0027787918164788048, -0.006047880164657252], [0.0027787918164788048, 0.0012589412062806516, -0.00378754211574298], [-0.006047880164657253, -0.0037875421157429795, 0.05662012451247659]], "chi2_level": 0.99, "chi2_df": 3, "chi2_threshold": 11.344866730144373, "N_raw": 55, "N_roi": 53, "N_inlier": 49, "refit": true}
{"timestamp": "15:49:59.238432", "frame": 88, "mu": [-1.1843820997956565, 2.3531434613226185, 0.8723678484857087], "Sigma": [[0.0047095828464085035, 0.0015036581420501964, -0.020010659165312507], [0.0015036581420501964, 0.002501080617902291, -0.0026436599470549306], [-0.020010659165312507, -0.0026436599470549306, 0.25328938708237453]], "chi2_level": 0.99, "chi2_df": 3, "chi2_threshold": 11.344866730144373, "N_raw": 14, "N_roi": 13, "N_inlier": 13, "refit": true}
{"timestamp": "15:49:59.350959", "frame": 90, "mu": [-1.1765261242738934, 2.4283924479304524, 1.0932867647489195], "Sigma": [[0.011782219783115331, 0.003450020047884345, -0.015507543916925062], [0.003450020047884345, 0.0013945926755363262, -0.006064230879687372], [-0.015507543916925062, -0.006064230879687372, 0.06411221668366772]], "chi2_level": 0.99, "chi2_df": 3, "chi2_threshold": 11.344866730144373, "N_raw": 37, "N_roi": 37, "N_inlier": 35, "refit": true}
{"timestamp": "15:49:59.407165", "frame": 91, "mu": [-1.1079574493520377, 2.507087200879748, 1.2089849653686477], "Sigma": [[0.011450584113547414, 0.0003977818868289225, -0.017690940228190455], [0.0003977818868289225, 0.0006143043536395977, -0.0023058645016912054], [-0.017690940228190455, -0.0023058645016912054, 0.1168594246367495]], "chi2_level": 0.99, "chi2_df": 3, "chi2_threshold": 11.344866730144373, "N_raw": 44, "N_roi": 44, "N_inlier": 42, "refit": true}
{"timestamp": "15:49:59.518302", "frame": 93, "mu": [-1.1905769970337117, 2.505849955395385, 0.4962540966490181], "Sigma": [[0.016468748466320758, 0.0032467640014708795, 0.01914682753943029], [0.0032467640014708795, 0.0016424358954584678, 0.011274102249941385], [0.01914682753943029, 0.011274102249941385, 0.1915249464367491]], "chi2_level": 0.99, "chi2_df": 3, "chi2_threshold": 11.344866730144373, "N_raw": 49, "N_roi": 49, "N_inlier": 47, "refit": true}
{"timestamp": "15:49:59.572903", "frame": 94, "mu": [-1.1242152992713423, 2.554803350718354, 0.33771619086630145], "Sigma": [[0.014677341530467531, 0.0036141857013203636, 0.0019826509260833956], [0.0036141857013203636, 0.0018841850465827327, -0.0011711777004808248], [0.0019826509260833956, -0.0011711777004808248, 0.017404138737306923]], "chi2_level": 0.99, "chi2_df": 3, "chi2_threshold": 11.344866730144373, "N_raw": 37, "N_roi": 34, "N_inlier": 31, "refit": true}
{"timestamp": "15:49:59.632862", "frame": 95, "mu": [-0.9854704823252253, 2.6327862582189483, 1.084368103213817], "Sigma": [[0.014917227405177211, 0.0021697158737515173, 0.012932530449506185], [0.0021697158737515173, 0.0033562703465788053, -0.0013906911461078043], [0.012932530449506185, -0.001390691146107804, 0.2502750011708804]], "chi2_level": 0.99, "chi2_df": 3, "chi2_threshold": 11.344866730144373, "N_raw": 81, "N_roi": 80, "N_inlier": 80, "refit": true}
{"timestamp": "15:49:59.690841", "frame": 96, "mu": [-0.917418624102579, 2.7805560224131485, -0.12320075359972747], "Sigma": [[0.01717051287899274, -0.012693270070072007, 0.06695701679112312], [-0.012693270070072009, 0.02335015440982301, -0.08645974506999418], [0.06695701679112312, -0.08645974506999418, 0.45507000950466975]], "chi2_level": 0.99, "chi2_df": 3, "chi2_threshold": 11.344866730144373, "N_raw": 90, "N_roi": 88, "N_inlier": 88, "refit": true}
{"timestamp": "15:49:59.739134", "frame": 97, "mu": [-0.8680856885337647, 2.645094157387271, 1.2169360708181263], "Sigma": [[0.012851672722000246, -0.004720204232581146, -0.006319613197262469], [-0.004720204232581146, 0.006601809679785512, -0.0033071596107177303], [-0.006319613197262469, -0.0033071596107177303, 0.04489585378830656]], "chi2_level": 0.99, "chi2_df": 3, "chi2_threshold": 11.344866730144373, "N_raw": 49, "N_roi": 49, "N_inlier": 46, "refit": true}
{"timestamp": "15:49:59.792538", "frame": 98, "mu": [-0.8370826305480753, 2.701515163755741, 1.107841881285624], "Sigma": [[0.011563637468461115, 0.001203907504192757, -0.0035733202451775927], [0.0012039075041927571, 0.000744539745082424, -0.0024773184773225643], [-0.0035733202451775927, -0.0024773184773225643, 0.030993454802967457]], "chi2_level": 0.99, "chi2_df": 3, "chi2_threshold": 11.344866730144373, "N_raw": 46, "N_roi": 46, "N_inlier": 42, "refit": true}
{"timestamp": "15:49:59.855132", "frame": 99, "mu": [-0.7986957356128415, 2.692104095772417, 1.239247398276885], "Sigma": [[0.01296707036285055, -0.0006792940981793234, -0.008085449947781822], [-0.0006792940981793234, 0.0028203123550363087, -0.006378962999579322], [-0.008085449947781822, -0.006378962999579322, 0.027435504600286188]], "chi2_level": 0.99, "chi2_df": 3, "chi2_threshold": 11.344866730144373, "N_raw": 71, "N_roi": 71, "N_inlier": 68, "refit": true}
{"timestamp": "15:49:59.954620", "frame": 100, "mu": [-0.7373686761504608, 2.7609456614171197, 1.2945562844673], "Sigma": [[0.01055880523738261, -0.001936648538462008, -0.01591873344259745], [-0.001936648538462008, 0.0026139404601248917, -0.0014159175432111155], [-0.01591873344259745, -0.0014159175432111155, 0.060454976395138665]], "chi2_level": 0.99, "chi2_df": 3, "chi2_threshold": 11.344866730144373, "N_raw": 64, "N_roi": 64, "N_inlier": 60, "refit": true}
{"timestamp": "15:49:59.975069", "frame": 101, "mu": [-0.7412460597160799, 2.7845597504036887, 1.358714051559104], "Sigma": [[0.010974738239042782, 0.0009212023557856901, -0.0029436661764107976], [0.0009212023557856901, 0.0035843601713251537, -0.00460762428106937], [-0.002943666176410798, -0.00460762428106937, 0.0329197164596894]], "chi2_level": 0.99, "chi2_df": 3, "chi2_threshold": 11.344866730144373, "N_raw": 65, "N_roi": 65, "N_inlier": 62, "refit": true}
{"timestamp": "15:50:00.016899", "frame": 102, "mu": [-0.7328237821897334, 2.8289873116285515, 1.3617975029507725], "Sigma": [[0.012450772940446445, -0.0005392329591183206, -0.010822552637935889], [-0.0005392329591183202, 0.006471429174322455, -0.003924231790473378], [-0.010822552637935889, -0.003924231790473378, 0.018093261316635675]], "chi2_level": 0.99, "chi2_df": 3, "chi2_threshold": 11.344866730144373, "N_raw": 75, "N_roi": 75, "N_inlier": 71, "refit": true}
{"timestamp": "15:50:00.073739", "frame": 103, "mu": [-0.7107289386030952, 2.8683240940852666, 1.3129142789324764], "Sigma": [[0.014685457417445693, -0.0001395342722266133, -0.009664797558717636], [-0.0001395342722266133, 0.008639474537298212, 0.012803103894255607], [-0.009664797558717636, 0.012803103894255609, 0.1401363031567913]], "chi2_level": 0.99, "chi2_df": 3, "chi2_threshold": 11.344866730144373, "N_raw": 83, "N_roi": 81, "N_inlier": 78, "refit": true}
{"timestamp": "15:50:00.130861", "frame": 104, "mu": [-0.6909085672505608, 3.0145341973977327, -0.13506759805399912], "Sigma": [[0.012569006957941999, -0.0017863807811182373, -0.0009056431868061986], [-0.0017863807811182373, 0.01136112432206801, -0.03925204424881647], [-0.000905643186806199, -0.03925204424881647, 0.2761862148509519]], "chi2_level": 0.99, "chi2_df": 3, "chi2_threshold": 11.344866730144373, "N_raw": 102, "N_roi": 101, "N_inlier": 99, "refit": true}
{"timestamp": "15:50:00.184082", "frame": 105, "mu": [-0.6711921828495822, 2.969386737794021, 1.2069466136089066], "Sigma": [[0.015388033951911897, -0.004921303023369304, -0.0035621183935713777], [-0.004921303023369304, 0.0065223429066397125, -0.010187633847803287], [-0.0035621183935713773, -0.010187633847803287, 0.09568750247429449]], "chi2_level": 0.99, "chi2_df": 3, "chi2_threshold": 11.344866730144373, "N_raw": 82, "N_roi": 82, "N_inlier": 76, "refit": true}
{"timestamp": "15:50:00.236045", "frame": 106, "mu": [-0.6194310209866045, 3.0373351253697933, 1.2663192022888896], "Sigma": [[0.01545244218072808, -0.0011946131319631654, -0.008911856312596899], [-0.0011946131319631652, 0.003261321436203668, -0.003145813390746657], [-0.008911856312596897, -0.003145813390746657, 0.041623389409593564]], "chi2_level": 0.99, "chi2_df": 3, "chi2_threshold": 11.344866730144373, "N_raw": 66, "N_roi": 66, "N_inlier": 63, "refit": true}
{"timestamp": "15:50:00.297749", "frame": 107, "mu": [-0.571226569803009, 3.0189872905091377, 0.9368347487258746], "Sigma": [[0.015453599244084576, 0.0013538021385380958, -0.0027515570592848695], [0.0013538021385380958, 0.007617875351175773, 0.035227515096885945], [-0.0027515570592848686, 0.035227515096885945, 0.4795646749939378]], "chi2_level": 0.99, "chi2_df": 3, "chi2_threshold": 11.344866730144373, "N_raw": 116, "N_roi": 114, "N_inlier": 114, "refit": true}
{"timestamp": "15:50:00.350286", "frame": 108, "mu": [-0.5336860524833534, 3.0671767132627057, 1.3430277332923133], "Sigma": [[0.017868246236000335, 0.00013483644216811673, -0.0020337365460786835], [0.00013483644216811679, 0.007091519728735454, 0.003088634116351364], [-0.0020337365460786835, 0.003088634116351364, 0.14378053161005003]], "chi2_level": 0.99, "chi2_df": 3, "chi2_threshold": 11.344866730144373, "N_raw": 93, "N_roi": 91, "N_inlier": 89, "refit": true}
{"timestamp": "15:50:00.399572", "frame": 109, "mu": [-0.4992839223071936, 3.1377035400120525, 1.4283665363123115], "Sigma": [[0.017785172318432498, -0.0007372892655620552, -0.01644990409153658], [-0.000737289265562055, 0.003958640874925905, 0.006033722985079798], [-0.016449904091536578, 0.006033722985079797, 0.14502937079924771]], "chi2_level": 0.99, "chi2_df": 3, "chi2_threshold": 11.344866730144373, "N_raw": 57, "N_roi": 53, "N_inlier": 50, "refit": true}
{"timestamp": "15:50:00.456996", "frame": 110, "mu": [-0.438571030684094, 3.1425483556039255, 1.4653289309173452], "Sigma": [[0.017363299666360257, 0.00021084283451320446, -0.011061426413683715], [0.00021084283451320446, 0.006489370939092804, -0.005270583135279667], [-0.011061426413683715, -0.0052705831352796665, 0.06025122596792176]], "chi2_level": 0.99, "chi2_df": 3, "chi2_threshold": 11.344866730144373, "N_raw": 74, "N_roi": 70, "N_inlier": 67, "refit": true}
{"timestamp": "15:50:00.511121", "frame": 111, "mu": [-0.44422656779305686, 3.1481124954475534, 1.4566266146915983], "Sigma": [[0.01708908417346607, -0.0010579359211982783, -0.010995331181290209], [-0.0010579359211982783, 0.006837557891539211, -0.0012235600862191332], [-0.010995331181290209, -0.0012235600862191332, 0.01012126832900179]], "chi2_level": 0.99, "chi2_df": 3, "chi2_threshold": 11.344866730144373, "N_raw": 70, "N_roi": 66, "N_inlier": 63, "refit": true}
{"timestamp": "15:50:00.563728", "frame": 112, "mu": [-0.41047389353133445, 3.1839264088933286, 1.233257989501529], "Sigma": [[0.018646600469599164, -0.0014987835269218521, -0.013155560633487561], [-0.0014987835269218526, 0.0031014126923568776, -0.003189604065909719], [-0.013155560633487561, -0.003189604065909719, 0.019477199709557597]], "chi2_level": 0.99, "chi2_df": 3, "chi2_threshold": 11.344866730144373, "N_raw": 56, "N_roi": 56, "N_inlier": 53, "refit": true}
{"timestamp": "15:50:00.611966", "frame": 113, "mu": [-0.32525312708497395, 3.280029472697084, 1.606678079775713], "Sigma": [[0.005104597482960194, 0.0005130034884674951, -0.004949369202690196], [0.0005130034884674951, 0.00160661839592009, -0.0021438930868952866], [-0.004949369202690196, -0.0021438930868952866, 0.008090424666493191]], "chi2_level": 0.99, "chi2_df": 3, "chi2_threshold": 11.344866730144373, "N_raw": 15, "N_roi": 15, "N_inlier": 15, "refit": true}
{"timestamp": "15:50:00.671228", "frame": 114, "mu": [-0.2680025828554543, 3.3135330536379413, 0.3258064362032771], "Sigma": [[0.01236814857994825, 0.001913033075307214, -0.009113211720175042], [0.001913033075307214, 0.004499775810688073, -0.007105837342267582], [-0.009113211720175042, -0.007105837342267583, 0.016864578631868084]], "chi2_level": 0.99, "chi2_df": 3, "chi2_threshold": 11.344866730144373, "N_raw": 37, "N_roi": 37, "N_inlier": 33, "refit": true}
{"timestamp": "15:50:00.728826", "frame": 115, "mu": [-0.27525849026059435, 3.2911404144338943, 1.375528994394014], "Sigma": [[0.017909549859808815, 0.0005598095273105902, -0.011851160435735732], [0.0005598095273105904, 0.0027691786000158102, -0.0026125816414617068], [-0.011851160435735732, -0.0026125816414617068, 0.028681407009093832]], "chi2_level": 0.99, "chi2_df": 3, "chi2_threshold": 11.344866730144373, "N_raw": 52, "N_roi": 52, "N_inlier": 47, "refit": true}
{"timestamp": "15:50:00.782049", "frame": 116, "mu": [-0.38169805518396965, 3.23260326049827, 0.4219666719870455], "Sigma": [[0.021246598029601008, 0.0014307863843395325, 0.020140931700252683], [0.0014307863843395325, 0.0015987878747445573, 0.0030667139722142267], [0.020140931700252683, 0.0030667139722142267, 0.0846413289095082]], "chi2_level": 0.99, "chi2_df": 3, "chi2_threshold": 11.344866730144373, "N_raw": 48, "N_roi": 48, "N_inlier": 46, "refit": true}
{"timestamp": "15:50:00.839399", "frame": 117, "mu": [-0.26438541266712745, 3.3322377022089165, -0.8202386396752465], "Sigma": [[0.028551213885739248, 0.00565403812817529, 0.0657401683413821], [0.00565403812817529, 0.004127894908984068, 0.024366551948259516], [0.0657401683413821, 0.024366551948259516, 0.3179589384121297]], "chi2_level": 0.99, "chi2_df": 3, "chi2_threshold": 11.344866730144373, "N_raw": 63, "N_roi": 63, "N_inlier": 63, "refit": true}
{"timestamp": "15:50:00.898106", "frame": 118, "mu": [-0.19692381627794636, 3.404635846849967, 1.1882468208529902], "Sigma": [[0.027268494727736334, -0.008384341228526302, 0.005987449668132562], [-0.008384341228526302, 0.007584195703280742, -0.01379350217027924], [0.005987449668132562, -0.01379350217027924, 0.034915633995081546]], "chi2_level": 0.99, "chi2_df": 3, "chi2_threshold": 11.344866730144373, "N_raw": 82, "N_roi": 82, "N_inlier": 81, "refit": true}
{"timestamp": "15:50:00.951835", "frame": 119, "mu": [-0.1456888533895812, 3.43062562010153, 1.3230484141760117], "Sigma": [[0.018635759922439044, -0.0010780123146823491, 0.012914595499265881], [-0.001078012314682349, 0.004099593783653067, -0.008668742476349016], [0.012914595499265881, -0.008668742476349016, 0.23886942200276007]], "chi2_level": 0.99, "chi2_df": 3, "chi2_threshold": 11.344866730144373, "N_raw": 73, "N_roi": 73, "N_inlier": 72, "refit": true}
{"timestamp": "15:50:00.998425", "frame": 120, "mu": [-0.09133307579826797, 3.4909191384263454, 0.9158310865395726], "Sigma": [[0.007284830852130095, -0.0034439191424893477, -0.0027080188193732996], [-0.0034439191424893477, 0.005705900841955625, -0.018401897328039006], [-0.0027080188193733005, -0.018401897328039006, 0.39061277717887416]], "chi2_level": 0.99, "chi2_df": 3, "chi2_threshold": 11.344866730144373, "N_raw": 12, "N_roi": 12, "N_inlier": 12, "refit": true}
{"timestamp": "15:50:01.058625", "frame": 121, "mu": [-0.058707799944763016, 3.4798209063131815, 0.423712234562918], "Sigma": [[0.01577332250886633, 0.001965402591749258, -0.01177074901543666], [0.0019654025917492574, 0.009417447666138758, -0.016127704832977166], [-0.01177074901543666, -0.016127704832977166, 0.056740313286408814]], "chi2_level": 0.99, "chi2_df": 3, "chi2_threshold": 11.344866730144373, "N_raw": 55, "N_roi": 55, "N_inlier": 52, "refit": true}
{"timestamp": "15:50:01.109576", "frame": 122, "mu": [-0.03324526949397701, 3.5227677793341665, 1.411553836966603], "Sigma": [[0.009699546889461343, -0.0023386341713118, 0.008744745526204108], [-0.0023386341713118, 0.004628007325718039, -0.007529462438480928], [0.008744745526204108, -0.007529462438480929, 0.14909308626516773]], "chi2_level": 0.99, "chi2_df": 3, "chi2_threshold": 11.344866730144373, "N_raw": 26, "N_roi": 25, "N_inlier": 25, "refit": true}
{"timestamp": "15:50:01.170276", "frame": 123, "mu": [-0.006847548478888929, 3.469170827056073, 1.3399107613259615], "Sigma": [[0.018757282836749604, -0.004345289408188922, 0.003599624516083502], [-0.004345289408188923, 0.0045843465399117095, -0.007278918044045172], [0.0035996245160835024, -0.007278918044045172, 0.020489998475838662]], "chi2_level": 0.99, "chi2_df": 3, "chi2_threshold": 11.344866730144373, "N_raw": 64, "N_roi": 64, "N_inlier": 62, "refit": true}
{"timestamp": "15:50:01.226681", "frame": 124, "mu": [0.008117382896378382, 3.5199896130813704, -0.4657305701211044], "Sigma": [[0.021321440666827306, -0.006821840919285048, 0.026588946837377624], [-0.006821840919285048, 0.008213993147794104, -0.007754047964994527], [0.026588946837377624, -0.007754047964994529, 0.09834538003398893]], "chi2_level": 0.99, "chi2_df": 3, "chi2_threshold": 11.344866730144373, "N_raw": 73, "N_roi": 73, "N_inlier": 69, "refit": true}
{"timestamp": "15:50:01.280725", "frame": 125, "mu": [0.0626843880031931, 3.5538589406429395, 1.4469652774524266], "Sigma": [[0.01721673895688868, -0.004089705163285764, -0.013123741572030983], [-0.004089705163285765, 0.004574901126037654, -0.004006141010322551], [-0.013123741572030983, -0.004006141010322551, 0.05112306980940295]], "chi2_level": 0.99, "chi2_df": 3, "chi2_threshold": 11.344866730144373, "N_raw": 64, "N_roi": 64, "N_inlier": 62, "refit": true}
{"timestamp": "15:50:01.334722", "frame": 126, "mu": [0.05841675421549347, 3.602019231627951, 1.5411189492965434], "Sigma": [[0.018055294111721347, -0.00451508549866378, -0.009635421229174733], [-0.00451508549866378, 0.0057658999324946445, 0.0019280055698249789], [-0.009635421229174733, 0.0019280055698249793, 0.007726490449920501]], "chi2_level": 0.99, "chi2_df": 3, "chi2_threshold": 11.344866730144373, "N_raw": 56, "N_roi": 56, "N_inlier": 51, "refit": true}
{"timestamp": "15:50:01.387191", "frame": 127, "mu": [0.005928142575594452, 3.7138829099670807, 1.3795645009372088], "Sigma": [[0.011941256918627892, -0.00171317386337594, -0.010794255617126151], [-0.00171317386337594, 0.0032958994567195534, -0.0036447848525690578], [-0.010794255617126151, -0.0036447848525690578, 0.023632967225113027]], "chi2_level": 0.99, "chi2_df": 3, "chi2_threshold": 11.344866730144373, "N_raw": 43, "N_roi": 41, "N_inlier": 40, "refit": true}
{"timestamp": "15:50:01.445341", "frame": 128, "mu": [0.12771171388190491, 3.743865874167151, 0.27638426455403187], "Sigma": [[0.018376152043596557, -0.004610191745795833, 0.0028050983146170405], [-0.004610191745795833, 0.011952044060187907, -0.029468062248072767], [0.002805098314617042, -0.029468062248072767, 0.1026729391326939]], "chi2_level": 0.99, "chi2_df": 3, "chi2_threshold": 11.344866730144373, "N_raw": 69, "N_roi": 67, "N_inlier": 65, "refit": true}
{"timestamp": "15:50:01.584331", "frame": 129, "mu": [0.22133148588069126, 3.695672099528814, 0.41157927080953316], "Sigma": [[0.011593358366766005, -0.0010726591512760346, -0.005607082054269633], [-0.0010726591512760346, 0.0037709262397665278, 0.0011948590197948564], [-0.005607082054269634, 0.0011948590197948562, 0.004946342176547164]], "chi2_level": 0.99, "chi2_df": 3, "chi2_threshold": 11.344866730144373, "N_raw": 34, "N_roi": 34, "N_inlier": 34, "refit": true}
{"timestamp": "15:50:01.599616", "frame": 130, "mu": [0.1617075700404379, 3.8104344473336775, 1.3635047239136804], "Sigma": [[0.01880824124021646, -0.0059526733417867034, -0.014227902227007642], [-0.0059526733417867034, 0.005057115629128952, -4.988001352026095e-05], [-0.014227902227007642, -4.9880013520260734e-05, 0.025668139496099175]], "chi2_level": 0.99, "chi2_df": 3, "chi2_threshold": 11.344866730144373, "N_raw": 48, "N_roi": 48, "N_inlier": 48, "refit": true}
{"timestamp": "15:50:01.631374", "frame": 131, "mu": [0.15905216472410444, 3.7128078931117345, 0.8310917319691276], "Sigma": [[0.012257455218284464, -0.0007226486593089814, 0.0019070745001062725], [-0.0007226486593089812, 0.0036393594031722642, 0.02336440109170715], [0.0019070745001062708, 0.02336440109170715, 0.19379293090238722]], "chi2_level": 0.99, "chi2_df": 3, "chi2_threshold": 11.344866730144373, "N_raw": 33, "N_roi": 33, "N_inlier": 32, "refit": true}
{"timestamp": "15:50:01.676287", "frame": 132, "mu": [0.29772083793379434, 3.8293821645828943, 1.1701858429038732], "Sigma": [[0.006149147673299403, -0.002242820890187349, 0.0003995030143791457], [-0.0022428208901873496, 0.0010923832071924042, -0.0017565633042822978], [0.0003995030143791457, -0.0017565633042822978, 0.018126560493268305]], "chi2_level": 0.99, "chi2_df": 3, "chi2_threshold": 11.344866730144373, "N_raw": 9, "N_roi": 9, "N_inlier": 9, "refit": true}
{"timestamp": "15:50:01.712408", "frame": 133, "mu": [0.3109177263630648, 3.8882026608312916, 0.3364172893375618], "Sigma": [[0.005080833069043282, -0.004146011936264188, 0.008172257887600452], [-0.004146011936264188, 0.009078079922740652, -0.013701878216323748], [0.008172257887600452, -0.013701878216323748, 0.03627632953335061]], "chi2_level": 0.99, "chi2_df": 3, "chi2_threshold": 11.344866730144373, "N_raw": 12, "N_roi": 12, "N_inlier": 12, "refit": true}
{"timestamp": "15:50:01.769391", "frame": 134, "mu": [0.2696951521459098, 4.070659733106231, -0.036298965886739976], "Sigma": [[0.009709033096342768, -0.006859891780718948, 0.010585977174478867], [-0.006859891780718948, 0.01966360766208139, -0.03268251105903114], [0.010585977174478867, -0.03268251105903114, 0.057753039393260444]], "chi2_level": 0.99, "chi2_df": 3, "chi2_threshold": 11.344866730144373, "N_raw": 22, "N_roi": 22, "N_inlier": 22, "refit": true}
{"timestamp": "15:50:01.821802", "frame": 135, "mu": [0.3795938673273541, 3.8770147940983417, 0.9842031277921967], "Sigma": [[0.00748354360475533, -0.009391493015526341, 0.037319995098796424], [-0.009391493015526341, 0.013134861822101848, -0.04874278417238227], [0.037319995098796424, -0.04874278417238226, 0.21236566553911143]], "chi2_level": 0.99, "chi2_df": 3, "chi2_threshold": 11.344866730144373, "N_raw": 8, "N_roi": 8, "N_inlier": 8, "refit": true}
{"timestamp": "15:50:01.876799", "frame": 136, "mu": [0.39243775775561857, 3.956652647867259, 0.8255816434062369], "Sigma": [[0.0011268932017305378, 0.0009405962600534529, -0.012611856813569931], [0.0009405962600534529, 0.00528717081769844, -0.032616666087573874], [-0.012611856813569931, -0.032616666087573874, 0.4126282004788973]], "chi2_level": 0.99, "chi2_df": 3, "chi2_threshold": 11.344866730144373, "N_raw": 10, "N_roi": 10, "N_inlier": 10, "refit": true}
{"timestamp": "15:50:01.933897", "frame": 137, "mu": [0.5241931811159434, 4.241654104867636, -0.28653080499543654], "Sigma": [[0.010306298393586136, 0.007276748338880795, -0.020246234537333756], [0.007276748338880796, 0.012408125248544411, -0.02880782119604325], [-0.020246234537333756, -0.028807821196043255, 0.07610893706070637]], "chi2_level": 0.99, "chi2_df": 3, "chi2_threshold": 11.344866730144373, "N_raw": 21, "N_roi": 21, "N_inlier": 21, "refit": true}
{"timestamp": "15:50:01.987860", "frame": 138, "mu": [0.4646098580234141, 4.0385632920517995, 0.23582046599997858], "Sigma": [[0.010318633906050088, -0.0003108721654431661, -0.010462019303734641], [-0.000310872165443166, 0.00196404816341426, -0.0008006769890049255], [-0.010462019303734641, -0.0008006769890049254, 0.013364447379426686]], "chi2_level": 0.99, "chi2_df": 3, "chi2_threshold": 11.344866730144373, "N_raw": 22, "N_roi": 22, "N_inlier": 20, "refit": true}
{"timestamp": "15:50:02.047460", "frame": 139, "mu": [0.38299547760211833, 3.990414732295911, 0.4675613318102644], "Sigma": [[0.02477809476217034, -0.004901765386792132, -0.008513259876045067], [-0.004901765386792132, 0.0029974126372195563, 0.001302279014683049], [-0.008513259876045067, 0.001302279014683049, 0.03068409847928113]], "chi2_level": 0.99, "chi2_df": 3, "chi2_threshold": 11.344866730144373, "N_raw": 48, "N_roi": 46, "N_inlier": 44, "refit": true}
{"timestamp": "15:50:02.100843", "frame": 140, "mu": [0.4838321506134645, 4.092904559866265, 0.23297161428675484], "Sigma": [[0.0131523837107718, -0.0028477301269795893, 0.003849776825137803], [-0.002847730126979589, 0.006527089820901962, -0.016340503718018186], [0.003849776825137803, -0.016340503718018182, 0.07903430502970687]], "chi2_level": 0.99, "chi2_df": 3, "chi2_threshold": 11.344866730144373, "N_raw": 37, "N_roi": 35, "N_inlier": 34, "refit": true}
{"timestamp": "15:50:02.152313", "frame": 141, "mu": [0.5238578917700696, 4.169098592460908, -0.8389520648134501], "Sigma": [[0.012754220325159835, 0.013641141203435608, -0.006105179610500248], [0.013641141203435608, 0.06832506444662316, 0.09139760330257406], [-0.006105179610500243, 0.09139760330257404, 0.990784786614774]], "chi2_level": 0.99, "chi2_df": 3, "chi2_threshold": 11.344866730144373, "N_raw": 8, "N_roi": 8, "N_inlier": 8, "refit": true}
{"timestamp": "15:50:02.209506", "frame": 142, "mu": [0.3996229354090691, 4.283955236939554, -0.35984473056723904], "Sigma": [[0.013849555309487688, -0.0061375492479657165, 0.01767152194722929], [-0.006137549247965718, 0.01148033334567492, -0.03936566091675369], [0.017671521947229287, -0.03936566091675369, 0.17367131023786117]], "chi2_level": 0.99, "chi2_df": 3, "chi2_threshold": 11.344866730144373, "N_raw": 28, "N_roi": 25, "N_inlier": 24, "refit": true}
{"timestamp": "15:50:02.265206", "frame": 143, "mu": [0.6267121371386393, 4.10608058930908, 1.0881891150169862], "Sigma": [[0.017031190182674155, -0.005766953501774267, 0.005836638667840695], [-0.005766953501774268, 0.003246690857172911, -0.006719729992011527], [0.005836638667840695, -0.006719729992011527, 0.026360721750943054]], "chi2_level": 0.99, "chi2_df": 3, "chi2_threshold": 11.344866730144373, "N_raw": 40, "N_roi": 40, "N_inlier": 39, "refit": true}
{"timestamp": "15:50:02.320848", "frame": 144, "mu": [0.6455030710979579, 4.158582773776357, 0.43357649093724027], "Sigma": [[0.013342663971107548, -0.002701276983757904, -0.0010591756438112436], [-0.0027012769837579044, 0.0057604443564416305, -0.00863031506136092], [-0.0010591756438112433, -0.00863031506136092, 0.01696388914056813]], "chi2_level": 0.99, "chi2_df": 3, "chi2_threshold": 11.344866730144373, "N_raw": 31, "N_roi": 31, "N_inlier": 30, "refit": true}
{"timestamp": "15:50:02.375735", "frame": 145, "mu": [0.6964389555276737, 4.23481259445482, 0.261763306714147], "Sigma": [[0.010649880246471859, -0.0006075767245656815, -0.007305750355441534], [-0.0006075767245656815, 0.0037656249479349124, -0.0018056287668703655], [-0.007305750355441534, -0.0018056287668703655, 0.009036697255541534]], "chi2_level": 0.99, "chi2_df": 3, "chi2_threshold": 11.344866730144373, "N_raw": 30, "N_roi": 28, "N_inlier": 27, "refit": true}
{"timestamp": "15:50:02.427484", "frame": 146, "mu": [0.8126890505328745, 4.373589625650483, 0.009309853224857445], "Sigma": [[0.0017172129292272777, 0.005089545194485494, -0.014942411835821408], [0.005089545194485494, 0.03430948701435243, -0.0751952239509943], [-0.014942411835821408, -0.07519522395099429, 0.19595313662702232]], "chi2_level": 0.99, "chi2_df": 3, "chi2_threshold": 11.344866730144373, "N_raw": 11, "N_roi": 8, "N_inlier": 8, "refit": true}
{"timestamp": "15:50:02.484138", "frame": 147, "mu": [0.8271118366438532, 4.162915509035862, 1.1676293466569712], "Sigma": [[0.012417039007356915, -0.0024574273662004605, -0.005126854320829501], [-0.00245742736620046, 0.0019385990255055927, -0.0011783435733038008], [-0.0051268543208295, -0.0011783435733038008, 0.009049947277606012]], "chi2_level": 0.99, "chi2_df": 3, "chi2_threshold": 11.344866730144373, "N_raw": 26, "N_roi": 22, "N_inlier": 22, "refit": true}
