{"timestamp": "15:07:57.184480", "frame": 40, "mu": [1.9029725145049707, 1.0599788879633265, 1.6656718384927074], "Sigma": [[0.0019496764888437253, -0.00034676104125913154, -0.0006392322467619278], [-0.0003467610412591315, 0.003151857837999372, 9.243459952518212e-05], [-0.0006392322467619278, 9.243459952518207e-05, 0.00044367484587835225]], "chi2_level": 0.99, "chi2_df": 3, "chi2_threshold": 11.344866730144373, "N_raw": 8, "N_roi": 8, "N_inlier": 8, "refit": true}
{"timestamp": "15:07:57.240966", "frame": 41, "mu": [1.8329045043502565, 1.1162478667468145, 1.5932385322198925], "Sigma": [[0.004509047607285423, -0.001828953945668278, 0.001107828061113975], [-0.0018289539456682778, 0.003635690212881679, 0.0006689622703315682], [0.001107828061113975, 0.0006689622703315684, 0.0011059328809344944]], "chi2_level": 0.99, "chi2_df": 3, "chi2_threshold": 11.344866730144373, "N_raw": 15, "N_roi": 15, "N_inlier": 14, "refit": true}
{"timestamp": "15:07:57.298503", "frame": 42, "mu": [1.8456868171087086, 1.2314129999204237, -0.044241733602285185], "Sigma": [[0.00599586061045188, -0.0027097453164941867, 0.001452734076346681], [-0.0027097453164941863, 0.005904368777080276, 0.0007798632497034404], [0.0014527340763466805, 0.0007798632497034404, 0.0012139137142400446]], "chi2_level": 0.99, "chi2_df": 3, "chi2_threshold": 11.344866730144373, "N_raw": 24, "N_roi": 24, "N_inlier": 24, "refit": true}
{"timestamp": "15:07:57.353264", "frame": 43, "mu": [1.7726808195522916, 1.2350693248889115, 1.449299244725484], "Sigma": [[0.004521155718220226, 0.0012078869106940029, -0.0001983189170763056], [0.0012078869106940027, 0.0022343177098446414, -0.00046359171429235683], [-0.0001983189170763056, -0.00046359171429235683, 0.00014072133632746098]], "chi2_level": 0.99, "chi2_df": 3, "chi2_threshold": 11.344866730144373, "N_raw": 10, "N_roi": 10, "N_inlier": 9, "refit": true}
{"timestamp": "15:07:57.572029", "frame": 47, "mu": [1.6350488578791817, 1.395234216262662, 1.5255111898726363], "Sigma": [[0.24226631459410797, 0.20921417400977488, -0.040366201656412394], [0.20921417400977488, 0.1814340199665666, -0.03537879630898667], [-0.040366201656412394, -0.03537879630898666, 0.06777535039625214]], "chi2_level": 0.99, "chi2_df": 3, "chi2_threshold": 11.344866730144373, "N_raw": 10, "N_roi": 7, "N_inlier": 7, "refit": true}
{"timestamp": "15:07:57.627213", "frame": 48, "mu": [1.645807018790026, 1.4591109256512653, 1.480750224388283], "Sigma": [[0.27747053266819505, 0.19961023837580583, -0.1172952505291188], [0.19961023837580583, 0.16515204979504594, -0.019324367956026274], [-0.1172952505291188, -0.019324367956026274, 0.3357437001603863]], "chi2_level": 0.99, "chi2_df": 3, "chi2_threshold": 11.344866730144373, "N_raw": 9, "N_roi": 8, "N_inlier": 8, "refit": true}
{"timestamp": "15:07:57.737247", "frame": 50, "mu": [1.7681692751578044, 1.7191815714253378, 1.2288525903406136], "Sigma": [[0.0020469226114072626, 0.001070874109270962, -0.009253623723887473], [0.0010708741092709617, 0.0035591499349482423, -0.010237891942168719], [-0.009253623723887473, -0.01023789194216872, 0.27427635456292404]], "chi2_level": 0.99, "chi2_df": 3, "chi2_threshold": 11.344866730144373, "N_raw": 8, "N_roi": 8, "N_inlier": 8, "refit": true}
{"timestamp": "15:07:57.902212", "frame": 53, "mu": [1.700364239565391, 2.0275655847953526, -0.3247636319119606], "Sigma": [[0.0074512626998054264, 0.001161408854054087, 0.009585374242569326], [0.0011614088540540875, 0.0018228255782604737, 0.0023406630029275265], [0.009585374242569326, 0.0023406630029275265, 0.05320163449465041]], "chi2_level": 0.99, "chi2_df": 3, "chi2_threshold": 11.344866730144373, "N_raw": 13, "N_roi": 11, "N_inlier": 11, "refit": true}
{"timestamp": "15:07:58.012212", "frame": 55, "mu": [1.677062469610926, 2.0892778348018144, 1.7250641657322827], "Sigma": [[0.003986882306621868, 0.0009656555000736496, -0.0002459566151438549], [0.00096565550007365, 0.002595569008216121, 1.9983222959904894e-05], [-0.0002459566151438548, 1.9983222959904894e-05, 0.0015094386389457096]], "chi2_level": 0.99, "chi2_df": 3, "chi2_threshold": 11.344866730144373, "N_raw": 12, "N_roi": 11, "N_inlier": 10, "refit": true}
{"timestamp": "15:07:58.067796", "frame": 56, "mu": [1.7115445489967511, 2.128312332879131, -0.38227943884497917], "Sigma": [[0.01802679414885197, 0.002988308897084348, -0.034969769629420125], [0.0029883088970843476, 0.0011029445237837037, -0.0028367051787127136], [-0.034969769629420125, -0.0028367051787127145, 0.3130036823597596]], "chi2_level": 0.99, "chi2_df": 3, "chi2_threshold": 11.344866730144373, "N_raw": 10, "N_roi": 8, "N_inlier": 8, "refit": true}
{"timestamp": "15:07:58.232372", "frame": 59, "mu": [1.7357760233363768, 2.4145786803257554, -0.165344031325869], "Sigma": [[0.008317858041422124, 0.0031525016375512156, -0.02699310040384593], [0.0031525016375512156, 0.013529426636721319, -0.054395664220617715], [-0.02699310040384593, -0.054395664220617715, 0.2608977952503362]], "chi2_level": 0.99, "chi2_df": 3, "chi2_threshold": 11.344866730144373, "N_raw": 7, "N_roi": 7, "N_inlier": 7, "refit": true}
{"timestamp": "15:07:58.617653", "frame": 66, "mu": [1.6301933855380648, 2.559740040457749, 1.030218067311144], "Sigma": [[0.010599196957239718, -0.01118183986866203, -0.04637174350614844], [-0.01118183986866203, 0.014375629707255684, 0.04814400123627659], [-0.04637174350614845, 0.048144001236276594, 0.21242197373881297]], "chi2_level": 0.99, "chi2_df": 3, "chi2_threshold": 11.344866730144373, "N_raw": 10, "N_roi": 7, "N_inlier": 7, "refit": true}
{"timestamp": "15:07:58.672212", "frame": 67, "mu": [1.781071313560682, 2.517204251666097, 0.679900718096228], "Sigma": [[0.018131306139766705, -0.018727011170335605, -0.054209650353109755], [-0.018727011170335605, 0.021127858294476123, 0.058608637226194596], [-0.054209650353109755, 0.058608637226194596, 0.17935080835874143]], "chi2_level": 0.99, "chi2_df": 3, "chi2_threshold": 11.344866730144373, "N_raw": 15, "N_roi": 13, "N_inlier": 12, "refit": true}
{"timestamp": "15:07:58.728489", "frame": 68, "mu": [1.786237207045042, 2.736357868981888, 0.9121328757868225], "Sigma": [[0.10574984387030886, 0.03503243222599821, -0.04172273788219003], [0.03503243222599821, 0.15461773666149833, 0.22394934563812635], [-0.04172273788219004, 0.22394934563812635, 0.45448652729477707]], "chi2_level": 0.99, "chi2_df": 3, "chi2_threshold": 11.344866730144373, "N_raw": 14, "N_roi": 9, "N_inlier": 9, "refit": true}
{"timestamp": "15:07:58.837218", "frame": 70, "mu": [1.6308536386060557, 2.896170266864389, 1.1924547353697192], "Sigma": [[0.006174506054149682, 4.939252979364178e-05, -0.015950029415472564], [4.939252979364167e-05, 0.001548739598807871, -0.0008016141897040302], [-0.015950029415472564, -0.0008016141897040301, 0.054997823246748234]], "chi2_level": 0.99, "chi2_df": 3, "chi2_threshold": 11.344866730144373, "N_raw": 11, "N_roi": 11, "N_inlier": 10, "refit": true}
{"timestamp": "15:07:58.891998", "frame": 71, "mu": [1.6215355752147076, 2.941089746861091, 1.0720179102217928], "Sigma": [[0.00508118139251324, 0.0020869156044542292, -0.03835947182176538], [0.0020869156044542292, 0.0015225553002586004, -0.015982076401063392], [-0.03835947182176538, -0.015982076401063392, 0.3201835041533895]], "chi2_level": 0.99, "chi2_df": 3, "chi2_threshold": 11.344866730144373, "N_raw": 7, "N_roi": 7, "N_inlier": 7, "refit": true}
{"timestamp": "15:07:58.947389", "frame": 72, "mu": [1.6385704770580034, 3.037948025526984, 1.1959715680747909], "Sigma": [[0.0034668201920388005, 0.0010308285030111353, -0.01810110982220766], [0.0010308285030111353, 0.0014975534435845389, -0.011996779050712952], [-0.01810110982220766, -0.01199677905071295, 0.21381023709792354]], "chi2_level": 0.99, "chi2_df": 3, "chi2_threshold": 11.344866730144373, "N_raw": 8, "N_roi": 8, "N_inlier": 8, "refit": true}
{"timestamp": "15:07:59.004799", "frame": 73, "mu": [1.6085615218546183, 3.0526378442553677, 1.1183634626137853], "Sigma": [[0.010735100568046512, -0.006269142485423334, -0.006234865148171637], [-0.006269142485423334, 0.004535834371244513, 0.001462542042592591], [-0.006234865148171637, 0.0014625420425925907, 0.028253708055411483]], "chi2_level": 0.99, "chi2_df": 3, "chi2_threshold": 11.344866730144373, "N_raw": 25, "N_roi": 25, "N_inlier": 24, "refit": true}
{"timestamp": "15:07:59.057918", "frame": 74, "mu": [1.7030097924067396, 3.181098414601294, 1.1222630587156779], "Sigma": [[0.002031182892816378, 0.0012234211911230069, -0.013580392076600303], [0.0012234211911230069, 0.001223645199834767, -0.009304773232168134], [-0.013580392076600306, -0.009304773232168132, 0.21145594912876564]], "chi2_level": 0.99, "chi2_df": 3, "chi2_threshold": 11.344866730144373, "N_raw": 9, "N_roi": 7, "N_inlier": 7, "refit": true}
{"timestamp": "15:07:59.222210", "frame": 77, "mu": [1.6364621527340963, 3.1919568787731825, 1.2091195596292985], "Sigma": [[0.02212678993898566, -0.017072173468068705, -0.07603150494542468], [-0.017072173468068705, 0.01976509622224173, 0.06727129380743638], [-0.07603150494542467, 0.06727129380743639, 0.28115992869402]], "chi2_level": 0.99, "chi2_df": 3, "chi2_threshold": 11.344866730144373, "N_raw": 12, "N_roi": 7, "N_inlier": 7, "refit": true}
{"timestamp": "15:07:59.442770", "frame": 81, "mu": [1.7107129516001676, 3.5215610213100224, 0.17086358200464252], "Sigma": [[0.017884357465433744, 0.001179919794737783, -0.019089097867554874], [0.001179919794737783, 0.002166036132832716, -0.0020453620276797185], [-0.019089097867554874, -0.0020453620276797185, 0.022430369494784157]], "chi2_level": 0.99, "chi2_df": 3, "chi2_threshold": 11.344866730144373, "N_raw": 16, "N_roi": 16, "N_inlier": 16, "refit": true}
{"timestamp": "15:07:59.607706", "frame": 84, "mu": [1.5584875884901006, 3.5913655171298635, 1.478761967203065], "Sigma": [[0.011107114473134285, -0.00010937808786558518, -0.018353027971662047], [-0.00010937808786558507, 0.0006715813372858775, -0.0004437764096925042], [-0.018353027971662047, -0.0004437764096925042, 0.03830335583387225]], "chi2_level": 0.99, "chi2_df": 3, "chi2_threshold": 11.344866730144373, "N_raw": 11, "N_roi": 11, "N_inlier": 9, "refit": true}
{"timestamp": "15:07:59.667510", "frame": 85, "mu": [1.501330386510619, 3.6895181189949824, 1.5884722609444408], "Sigma": [[0.018994825836242624, -0.0060089290144554, -0.011148538432801716], [-0.0060089290144554, 0.006542750945027126, 0.002230174531949382], [-0.011148538432801716, 0.002230174531949381, 0.020067027557307545]], "chi2_level": 0.99, "chi2_df": 3, "chi2_threshold": 11.344866730144373, "N_raw": 47, "N_roi": 47, "N_inlier": 45, "refit": true}
{"timestamp": "15:07:59.722239", "frame": 86, "mu": [1.4934479935741816, 3.721523208378937, 1.578522835525658], "Sigma": [[0.021418424994445132, -0.0077136342205933245, -0.007630971283549814], [-0.0077136342205933245, 0.006636709595376958, 0.0027202490506197012], [-0.007630971283549815, 0.0027202490506197004, 0.004562495956900827]], "chi2_level": 0.99, "chi2_df": 3, "chi2_threshold": 11.344866730144373, "N_raw": 42, "N_roi": 42, "N_inlier": 41, "refit": true}
{"timestamp": "15:07:59.776233", "frame": 87, "mu": [1.5079219644664947, 3.7560628210969633, 1.3653135326231014], "Sigma": [[0.04001412515411498, -0.019247286307161923, -0.08653415912916207], [-0.019247286307161923, 0.011094480470604283, 0.04596680124542907], [-0.08653415912916207, 0.04596680124542907, 0.26709031126693944]], "chi2_level": 0.99, "chi2_df": 3, "chi2_threshold": 11.344866730144373, "N_raw": 37, "N_roi": 35, "N_inlier": 35, "refit": true}
{"timestamp": "15:07:59.832512", "frame": 88, "mu": [1.5455474240269207, 3.84962599236611, 1.4540019550114156], "Sigma": [[0.02129651291029585, -0.006845335657287913, -0.030230860319600483], [-0.006845335657287913, 0.004889250529487137, 0.007271113648262814], [-0.030230860319600483, 0.007271113648262814, 0.053846392073489915]], "chi2_level": 0.99, "chi2_df": 3, "chi2_threshold": 11.344866730144373, "N_raw": 43, "N_roi": 42, "N_inlier": 41, "refit": true}
{"timestamp": "15:07:59.882016", "frame": 89, "mu": [1.704955263323186, 3.945371885871435, 1.2498868641371446], "Sigma": [[0.12677769080655135, 0.03625158707431029, -0.06921424545961083], [0.03625158707431029, 0.01515314931421178, -0.0008393807914687489], [-0.06921424545961083, -0.0008393807914687489, 0.13196096480067426]], "chi2_level": 0.99, "chi2_df": 3, "chi2_threshold": 11.344866730144373, "N_raw": 8, "N_roi": 8, "N_inlier": 8, "refit": true}
{"timestamp": "15:08:00.048071", "frame": 92, "mu": [1.4489422618779115, 4.092667830749528, 1.5699514922101798], "Sigma": [[0.006152650174210613, -0.0011852327084899753, -0.005255548687666908], [-0.001185232708489975, 0.0023686338384464605, -0.00022692798214022405], [-0.005255548687666908, -0.00022692798214022405, 0.011632925501885027]], "chi2_level": 0.99, "chi2_df": 3, "chi2_threshold": 11.344866730144373, "N_raw": 11, "N_roi": 11, "N_inlier": 11, "refit": true}
{"timestamp": "15:08:00.104110", "frame": 93, "mu": [1.4777019277874526, 4.131732799383944, 1.6467280261385004], "Sigma": [[0.013346681959829573, -0.0030029494864392573, -0.008875102528877889], [-0.003002949486439258, 0.0032273479241941225, 0.002165779789437319], [-0.008875102528877889, 0.002165779789437319, 0.00862664342213194]], "chi2_level": 0.99, "chi2_df": 3, "chi2_threshold": 11.344866730144373, "N_raw": 22, "N_roi": 22, "N_inlier": 21, "refit": true}
{"timestamp": "15:08:00.159574", "frame": 94, "mu": [1.4846072772642278, 4.165990112972725, 1.578952459661742], "Sigma": [[0.015952829540746814, -0.004106367331156043, -0.00845639432072436], [-0.004106367331156044, 0.003992580074511518, 0.001376990623922269], [-0.00845639432072436, 0.001376990623922269, 0.008778784837462123]], "chi2_level": 0.99, "chi2_df": 3, "chi2_threshold": 11.344866730144373, "N_raw": 29, "N_roi": 29, "N_inlier": 27, "refit": true}
{"timestamp": "15:08:00.212509", "frame": 95, "mu": [1.3884539476853877, 3.9029540436795185, 1.2926005900866349], "Sigma": [[0.19447258939317738, 0.5255555947802186, -0.14586371283161637], [0.5255555947802186, 1.4335805502727483, -0.36122969602141974], [-0.14586371283161637, -0.36122969602141974, 0.20702881630456935]], "chi2_level": 0.99, "chi2_df": 3, "chi2_threshold": 11.344866730144373, "N_raw": 7, "N_roi": 7, "N_inlier": 7, "refit": true}
{"timestamp": "15:08:00.267073", "frame": 96, "mu": [1.678663237013901, 4.267833433608251, 1.343325459107787], "Sigma": [[0.013771862402593399, 0.0011192839542387392, -0.019402685589117126], [0.001119283954238739, 0.0015198130920865633, -0.0015945032702494937], [-0.019402685589117126, -0.001594503270249494, 0.029492217225037594]], "chi2_level": 0.99, "chi2_df": 3, "chi2_threshold": 11.344866730144373, "N_raw": 8, "N_roi": 7, "N_inlier": 7, "refit": true}
{"timestamp": "15:08:00.433136", "frame": 99, "mu": [1.7262153854494813, 4.37792980299185, 0.7140526209437077], "Sigma": [[0.0068540498157288405, -0.0015062737259107382, -0.011112052969393311], [-0.0015062737259107382, 0.0008596536461988839, 0.00159538749293835], [-0.01111205296939331, 0.0015953874929383503, 0.039197317952815294]], "chi2_level": 0.99, "chi2_df": 3, "chi2_threshold": 11.344866730144373, "N_raw": 11, "N_roi": 11, "N_inlier": 11, "refit": true}
{"timestamp": "15:08:00.528969", "frame": 100, "mu": [1.7476029619639926, 4.48805573200163, 1.0784070467471303], "Sigma": [[0.02762175286947198, -0.010793347648025376, -0.035750874508843976], [-0.010793347648025376, 0.006084717670742887, 0.009693789282976128], [-0.035750874508843976, 0.009693789282976128, 0.0678310010784194]], "chi2_level": 0.99, "chi2_df": 3, "chi2_threshold": 11.344866730144373, "N_raw": 41, "N_roi": 40, "N_inlier": 39, "refit": true}
{"timestamp": "15:08:00.816677", "frame": 106, "mu": [1.5677880522144625, 4.77255289019537, 1.1866847504136107], "Sigma": [[0.027086041268041396, -0.0018453925111631669, -0.06631642318039342], [-0.0018453925111631669, 0.0010590237191778968, 0.008441175227256043], [-0.06631642318039342, 0.008441175227256043, 0.2217143198139688]], "chi2_level": 0.99, "chi2_df": 3, "chi2_threshold": 11.344866730144373, "N_raw": 7, "N_roi": 7, "N_inlier": 7, "refit": true}
