{"timestamp": "15:39:23.995737", "frame": 6, "mu": [1.565406568324644, 1.0641769698089183, 1.5296610858160629], "Sigma": [[0.004730267993273462, 0.001773272920648516, -0.0024658544219385505], [0.0017732729206485158, 0.0011610831466817894, -0.0009193601608179535], [-0.00246585442193855, -0.0009193601608179537, 0.0014605179592714842]], "chi2_level": 0.99, "chi2_df": 3, "chi2_threshold": 11.344866730144373, "N_raw": 7, "N_roi": 7, "N_inlier": 7, "refit": true}
{"timestamp": "15:39:24.052498", "frame": 7, "mu": [1.6667246568807697, 1.0455380362690732, 1.3459991494525632], "Sigma": [[0.0027868991365004817, -0.0015735311309395491, 8.719279799862473e-05], [-0.0015735311309395491, 0.006870475274836919, -0.0015709628402323223], [8.719279799862469e-05, -0.0015709628402323223, 0.0004201006786326382]], "chi2_level": 0.99, "chi2_df": 3, "chi2_threshold": 11.344866730144373, "N_raw": 24, "N_roi": 24, "N_inlier": 22, "refit": true}
{"timestamp": "15:39:24.104463", "frame": 8, "mu": [1.599879523884761, 1.098297589586614, 1.3378806486600494], "Sigma": [[0.0017323024512891608, 0.0003039874229921977, -0.0013808409014386981], [0.00030398742299219794, 0.007707773546486259, -0.0057568621804589435], [-0.0013808409014386981, -0.0057568621804589435, 0.0058314080680817015]], "chi2_level": 0.99, "chi2_df": 3, "chi2_threshold": 11.344866730144373, "N_raw": 10, "N_roi": 10, "N_inlier": 10, "refit": true}
{"timestamp": "15:39:24.160593", "frame": 9, "mu": [1.5003613714372643, 1.1605731701068898, -0.2111807082803314], "Sigma": [[0.00103068221589687, 4.315986638865946e-07, -8.09941582111465e-05], [4.3159866388670304e-07, 0.012470311013765441, -0.0072532738437075875], [-8.09941582111465e-05, -0.007253273843707588, 0.005108687596315538]], "chi2_level": 0.99, "chi2_df": 3, "chi2_threshold": 11.344866730144373, "N_raw": 11, "N_roi": 11, "N_inlier": 11, "refit": true}
{"timestamp": "15:39:24.271446", "frame": 11, "mu": [1.6578234484817551, 0.9783329709541236, 1.4196894243195484], "Sigma": [[0.005667168014951146, -0.0009181203293399003, -0.003058224465810125], [-0.0009181203293399005, 0.006276092762335624, -0.0005971098845082041], [-0.0030582244658101253, -0.0005971098845082041, 0.0029053640437794914]], "chi2_level": 0.99, "chi2_df": 3, "chi2_threshold": 11.344866730144373, "N_raw": 20, "N_roi": 20, "N_inlier": 19, "refit": true}
{"timestamp": "15:39:24.325486", "frame": 12, "mu": [1.5990039355313164, 0.9486285841187423, 1.3930767936523234], "Sigma": [[0.006132363418424428, -0.001016870255300745, -0.007612705861090882], [-0.001016870255300745, 0.0010260135849701787, 0.0006579241483691243], [-0.007612705861090882, 0.0006579241483691243, 0.010508606814444989]], "chi2_level": 0.99, "chi2_df": 3, "chi2_threshold": 11.344866730144373, "N_raw": 11, "N_roi": 11, "N_inlier": 11, "refit": true}
{"timestamp": "15:39:24.381817", "frame": 13, "mu": [1.6052843161832748, 0.9500562750562922, 1.1728710079617626], "Sigma": [[0.00492857275064976, -0.004402344446763655, -0.0022259638601213358], [-0.004402344446763655, 0.01046094466251568, -0.014547406857603203], [-0.002225963860121336, -0.014547406857603203, 0.053301993818991145]], "chi2_level": 0.99, "chi2_df": 3, "chi2_threshold": 11.344866730144373, "N_raw": 17, "N_roi": 17, "N_inlier": 16, "refit": true}
{"timestamp": "15:39:24.435911", "frame": 14, "mu": [1.5062086843182192, 1.0245598396363023, 1.1712068707838845], "Sigma": [[0.004709271509207445, 0.0032766997902501016, -0.012037529485658588], [0.0032766997902501016, 0.011455605178882597, -0.037252157622599015], [-0.012037529485658588, -0.037252157622599015, 0.1323818895326523]], "chi2_level": 0.99, "chi2_df": 3, "chi2_threshold": 11.344866730144373, "N_raw": 10, "N_roi": 10, "N_inlier": 10, "refit": true}
{"timestamp": "15:39:24.493247", "frame": 15, "mu": [1.5385337141935826, 0.9753284618045305, 1.2124625793590265], "Sigma": [[0.005966999139791078, -0.0007719571764725104, -0.007218174586725723], [-0.0007719571764725104, 0.008993003529613628, -0.02322747099987137], [-0.007218174586725723, -0.02322747099987137, 0.09332541739555811]], "chi2_level": 0.99, "chi2_df": 3, "chi2_threshold": 11.344866730144373, "N_raw": 29, "N_roi": 29, "N_inlier": 29, "refit": true}
{"timestamp": "15:39:24.546141", "frame": 16, "mu": [1.5463943299983225, 0.8528169360450395, 1.3638994449490986], "Sigma": [[0.009586541072060311, -0.005303775988693362, -0.008710957215576574], [-0.005303775988693362, 0.008162807011850725, 0.005299796607493084], [-0.008710957215576572, 0.005299796607493084, 0.011385523676728874]], "chi2_level": 0.99, "chi2_df": 3, "chi2_threshold": 11.344866730144373, "N_raw": 19, "N_roi": 19, "N_inlier": 18, "refit": true}
{"timestamp": "15:39:24.604107", "frame": 17, "mu": [1.4974265211242714, 0.848221832425757, 1.3916248272376146], "Sigma": [[0.009933546854801745, -0.0043538450777776665, -0.008252086937470439], [-0.0043538450777776665, 0.00586646443834228, 0.0020612061633073896], [-0.00825208693747044, 0.0020612061633073896, 0.008295914028732228]], "chi2_level": 0.99, "chi2_df": 3, "chi2_threshold": 11.344866730144373, "N_raw": 37, "N_roi": 37, "N_inlier": 35, "refit": true}
{"timestamp": "15:39:24.662898", "frame": 18, "mu": [1.4487005901477146, 0.8277142690258701, 1.3889629004691477], "Sigma": [[0.010690365402127897, -0.0058903461914623055, -0.007762226387886756], [-0.0058903461914623055, 0.006264762558008314, 0.002594492513748579], [-0.007762226387886756, 0.002594492513748579, 0.007124776820381952]], "chi2_level": 0.99, "chi2_df": 3, "chi2_threshold": 11.344866730144373, "N_raw": 40, "N_roi": 40, "N_inlier": 40, "refit": true}
{"timestamp": "15:39:24.713893", "frame": 19, "mu": [1.3777945664455848, 0.889676211427102, 1.273654550738596], "Sigma": [[0.008396012235104494, -0.0024678152090577437, -0.008138308904835167], [-0.0024678152090577437, 0.00526963183399119, -0.007906207938078133], [-0.008138308904835167, -0.007906207938078133, 0.04304992249278004]], "chi2_level": 0.99, "chi2_df": 3, "chi2_threshold": 11.344866730144373, "N_raw": 18, "N_roi": 18, "N_inlier": 18, "refit": true}
{"timestamp": "15:39:24.771536", "frame": 20, "mu": [1.3282361170668517, 0.8128939328881027, 1.3793797575681355], "Sigma": [[0.006910997833347026, -0.005796236539357531, -0.008893913093538998], [-0.005796236539357531, 0.00680935835736822, 0.006595397985306678], [-0.008893913093538998, 0.006595397985306678, 0.015559427617812689]], "chi2_level": 0.99, "chi2_df": 3, "chi2_threshold": 11.344866730144373, "N_raw": 33, "N_roi": 33, "N_inlier": 30, "refit": true}
{"timestamp": "15:39:24.824596", "frame": 21, "mu": [1.1944243621948878, 0.9077090740374232, 1.3998968625354449], "Sigma": [[0.010599435535598929, -0.00277837533031828, -0.013330141778461632], [-0.00277837533031828, 0.004087127062222168, -0.0011463848406804726], [-0.013330141778461632, -0.0011463848406804726, 0.028805747676687737]], "chi2_level": 0.99, "chi2_df": 3, "chi2_threshold": 11.344866730144373, "N_raw": 23, "N_roi": 23, "N_inlier": 22, "refit": true}
{"timestamp": "15:39:24.884588", "frame": 22, "mu": [1.129456956636673, 0.8732061272150304, 1.4646304521304736], "Sigma": [[0.016869314162427748, -0.008328375426850207, -0.010759828687683236], [-0.008328375426850207, 0.006723603742817059, 0.004083776709614166], [-0.010759828687683236, 0.004083776709614166, 0.008379759991120743]], "chi2_level": 0.99, "chi2_df": 3, "chi2_threshold": 11.344866730144373, "N_raw": 59, "N_roi": 59, "N_inlier": 57, "refit": true}
{"timestamp": "15:39:24.937413", "frame": 23, "mu": [1.0293401770501103, 1.0501086065365182, -0.3037631147174045], "Sigma": [[0.007896166798063658, -0.0010065100622750917, -0.00928775093955897], [-0.0010065100622750917, 0.0027252485241976406, -0.0009810242499299821], [-0.00928775093955897, -0.0009810242499299821, 0.013435851398188637]], "chi2_level": 0.99, "chi2_df": 3, "chi2_threshold": 11.344866730144373, "N_raw": 54, "N_roi": 54, "N_inlier": 51, "refit": true}
{"timestamp": "15:39:24.999427", "frame": 24, "mu": [1.0269255334492253, 0.999935082121633, -0.04090136944599682], "Sigma": [[0.011753375017045964, -0.004571357503266498, 0.02645790772093406], [-0.004571357503266498, 0.015863007670817806, -0.08097795554846665], [0.02645790772093406, -0.08097795554846665, 0.4987626705268878]], "chi2_level": 0.99, "chi2_df": 3, "chi2_threshold": 11.344866730144373, "N_raw": 89, "N_roi": 89, "N_inlier": 89, "refit": true}
{"timestamp": "15:39:25.047957", "frame": 25, "mu": [0.940434710651836, 0.857454552370286, 1.4517731650633239], "Sigma": [[0.017575439774413552, -0.008975122253312085, -0.017077412838703634], [-0.008975122253312085, 0.007156832910908289, 0.008227713167924611], [-0.017077412838703634, 0.008227713167924611, 0.02012477831058097]], "chi2_level": 0.99, "chi2_df": 3, "chi2_threshold": 11.344866730144373, "N_raw": 47, "N_roi": 47, "N_inlier": 46, "refit": true}
{"timestamp": "15:39:25.101533", "frame": 26, "mu": [0.8504887849293203, 0.844312249009377, 1.4274488714721572], "Sigma": [[0.006815978891561142, -0.004040923271352767, -0.007010867294476437], [-0.004040923271352767, 0.003622087123823458, 0.003455237449766265], [-0.007010867294476437, 0.003455237449766266, 0.008230628099924071]], "chi2_level": 0.99, "chi2_df": 3, "chi2_threshold": 11.344866730144373, "N_raw": 34, "N_roi": 34, "N_inlier": 33, "refit": true}
{"timestamp": "15:39:25.158022", "frame": 27, "mu": [0.797817553163449, 0.884308774546636, 1.3439389899546843], "Sigma": [[0.011502486254030582, -0.0009078984512988627, -0.01590875114219336], [-0.0009078984512988627, 0.004022193999324348, -0.003961187047298186], [-0.01590875114219336, -0.003961187047298186, 0.03020820022326325]], "chi2_level": 0.99, "chi2_df": 3, "chi2_threshold": 11.344866730144373, "N_raw": 47, "N_roi": 47, "N_inlier": 46, "refit": true}
{"timestamp": "15:39:25.213831", "frame": 28, "mu": [0.7516005597077251, 0.7827722435074375, 1.4105602180017138], "Sigma": [[0.011023285745664826, -0.005316388471648832, -0.01070995063841361], [-0.005316388471648831, 0.0037291207413530994, 0.004334452140758076], [-0.01070995063841361, 0.004334452140758076, 0.012074298736146733]], "chi2_level": 0.99, "chi2_df": 3, "chi2_threshold": 11.344866730144373, "N_raw": 53, "N_roi": 53, "N_inlier": 52, "refit": true}
{"timestamp": "15:39:25.270047", "frame": 29, "mu": [0.6402145080215669, 0.8322349377107724, -0.498765355495319], "Sigma": [[0.007937538177433635, 0.0011863478080103157, -0.002885003406698979], [0.0011863478080103157, 0.002253105152181559, 0.00036265258795356277], [-0.002885003406698979, 0.0003626525879535629, 0.01049618328980219]], "chi2_level": 0.99, "chi2_df": 3, "chi2_threshold": 11.344866730144373, "N_raw": 55, "N_roi": 55, "N_inlier": 53, "refit": true}
{"timestamp": "15:39:25.326177", "frame": 30, "mu": [0.5801459495035559, 0.764121903547282, 1.4455751386040738], "Sigma": [[0.0068215080744243655, -0.00232956401453995, -0.005796153479776012], [-0.00232956401453995, 0.0029882052201992207, 0.00017633416651942395], [-0.005796153479776012, 0.0001763341665194238, 0.008464528963505134]], "chi2_level": 0.99, "chi2_df": 3, "chi2_threshold": 11.344866730144373, "N_raw": 67, "N_roi": 67, "N_inlier": 65, "refit": true}
{"timestamp": "15:39:25.381383", "frame": 31, "mu": [0.5303374977640185, 0.7669816646686832, 1.4770876827187835], "Sigma": [[0.007460512082622752, -0.001256222203236584, -0.005363216984706483], [-0.001256222203236584, 0.0015836357119236256, -0.0002520054838722859], [-0.005363216984706482, -0.00025200548387228585, 0.006335064842288733]], "chi2_level": 0.99, "chi2_df": 3, "chi2_threshold": 11.344866730144373, "N_raw": 64, "N_roi": 64, "N_inlier": 61, "refit": true}
{"timestamp": "15:39:25.437710", "frame": 32, "mu": [0.46582601158749276, 0.7776652865456637, 1.4260188121113822], "Sigma": [[0.0035053922224204098, -0.00042124139152806294, -0.003984155541836945], [-0.00042124139152806294, 0.0017986009307504318, -0.0012269631963262612], [-0.003984155541836945, -0.0012269631963262612, 0.014481581226574674]], "chi2_level": 0.99, "chi2_df": 3, "chi2_threshold": 11.344866730144373, "N_raw": 76, "N_roi": 76, "N_inlier": 74, "refit": true}
{"timestamp": "15:39:25.490582", "frame": 33, "mu": [0.368579704645466, 0.7427550618636641, 1.3957479510833741], "Sigma": [[0.011819546454536907, -0.009225344032748507, -0.00681507865274494], [-0.009225344032748509, 0.008371229392830333, 0.004262160654997692], [-0.006815078652744939, 0.004262160654997692, 0.01452285359387266]], "chi2_level": 0.99, "chi2_df": 3, "chi2_threshold": 11.344866730144373, "N_raw": 66, "N_roi": 66, "N_inlier": 62, "refit": true}
{"timestamp": "15:39:25.550525", "frame": 34, "mu": [0.2878896695167237, 0.786314982132085, 1.2850778221684103], "Sigma": [[0.0144046599282243, -0.010176982161736285, 0.010251376833568457], [-0.010176982161736285, 0.009983331269827653, -0.012336566077587164], [0.010251376833568455, -0.012336566077587164, 0.07414442135621009]], "chi2_level": 0.99, "chi2_df": 3, "chi2_threshold": 11.344866730144373, "N_raw": 96, "N_roi": 96, "N_inlier": 96, "refit": true}
{"timestamp": "15:39:25.598000", "frame": 35, "mu": [0.22514833021243796, 0.8167845592514835, 1.4193153720616496], "Sigma": [[0.004712220198049418, -0.002233600926193807, -0.0035711947242743477], [-0.002233600926193807, 0.0026340452926480115, -0.002715595116038697], [-0.0035711947242743477, -0.0027155951160386963, 0.017197998060336915]], "chi2_level": 0.99, "chi2_df": 3, "chi2_threshold": 11.344866730144373, "N_raw": 37, "N_roi": 37, "N_inlier": 37, "refit": true}
{"timestamp": "15:39:25.653634", "frame": 36, "mu": [0.24769963387830687, 0.7727086892171438, 1.325144979055391], "Sigma": [[0.0036022571840650473, -0.00303917496186399, 0.0037017845307222505], [-0.0030391749618639908, 0.004594706545478175, -0.005546085473344502], [0.0037017845307222505, -0.0055460854733445026, 0.010907879481743361]], "chi2_level": 0.99, "chi2_df": 3, "chi2_threshold": 11.344866730144373, "N_raw": 54, "N_roi": 54, "N_inlier": 51, "refit": true}
{"timestamp": "15:39:25.711547", "frame": 37, "mu": [0.11059031077938226, 0.7394410608073182, 1.3063371192167443], "Sigma": [[0.007086209793601027, -0.006972318640899482, 0.002179848013562442], [-0.006972318640899481, 0.008670864899943384, -0.004204261748038582], [0.002179848013562442, -0.004204261748038582, 0.015149220325504675]], "chi2_level": 0.99, "chi2_df": 3, "chi2_threshold": 11.344866730144373, "N_raw": 70, "N_roi": 70, "N_inlier": 68, "refit": true}
{"timestamp": "15:39:25.774472", "frame": 38, "mu": [-0.009163373248700823, 0.8263098456218635, 1.3697738271426965], "Sigma": [[0.0043159947887833824, -0.0017352199641230753, 0.00087328938732343], [-0.0017352199641230753, 0.0018065311848968642, -0.0011546101944337724], [0.00087328938732343, -0.0011546101944337724, 0.03036748800310616]], "chi2_level": 0.99, "chi2_df": 3, "chi2_threshold": 11.344866730144373, "N_raw": 118, "N_roi": 118, "N_inlier": 114, "refit": true}
{"timestamp": "15:39:25.825204", "frame": 39, "mu": [-0.07370145133216256, 0.7802254795670852, 1.422655120506852], "Sigma": [[0.002673665614026332, -0.003130417592188418, -0.0002974217546902433], [-0.003130417592188418, 0.006645622417465631, 0.0006580989985640657], [-0.00029742175469024354, 0.0006580989985640654, 0.024345949964277896]], "chi2_level": 0.99, "chi2_df": 3, "chi2_threshold": 11.344866730144373, "N_raw": 84, "N_roi": 83, "N_inlier": 79, "refit": true}
{"timestamp": "15:39:25.879197", "frame": 40, "mu": [-0.12600500336124393, 0.8043647526603627, 1.4722277109516888], "Sigma": [[0.004035962052038944, -0.0027025271851817047, -0.003355546776758333], [-0.0027025271851817047, 0.004337886838222604, 0.0018988161511926905], [-0.003355546776758333, 0.0018988161511926903, 0.012216626806874227]], "chi2_level": 0.99, "chi2_df": 3, "chi2_threshold": 11.344866730144373, "N_raw": 90, "N_roi": 90, "N_inlier": 87, "refit": true}
{"timestamp": "15:39:25.933086", "frame": 41, "mu": [-0.22773340064751568, 0.8179617546995628, 1.5021183462134475], "Sigma": [[0.002882676188984579, -0.0015303584685335539, -0.0036174488496993045], [-0.0015303584685335539, 0.003592267637378875, 0.00041356198455141257], [-0.0036174488496993045, 0.00041356198455141273, 0.013358052393835787]], "chi2_level": 0.99, "chi2_df": 3, "chi2_threshold": 11.344866730144373, "N_raw": 82, "N_roi": 82, "N_inlier": 80, "refit": true}
{"timestamp": "15:39:25.989205", "frame": 42, "mu": [-0.3090736902774699, 0.8255708374124369, 1.512559214762881], "Sigma": [[0.003229489528079947, -0.0017520580357275077, -0.0036312252615116505], [-0.0017520580357275077, 0.00311393222288324, -0.0010494438110990093], [-0.003631225261511651, -0.0010494438110990093, 0.010985444480108035]], "chi2_level": 0.99, "chi2_df": 3, "chi2_threshold": 11.344866730144373, "N_raw": 87, "N_roi": 87, "N_inlier": 85, "refit": true}
{"timestamp": "15:39:26.041796", "frame": 43, "mu": [-0.38196337351451487, 0.8423271136471004, 1.5545706906752563], "Sigma": [[0.0031196136190275317, -0.001974946436642797, -0.0020119818786161602], [-0.0019749464366427966, 0.004347770678267029, -0.00022916276971722714], [-0.0020119818786161602, -0.00022916276971722714, 0.00483695517667814]], "chi2_level": 0.99, "chi2_df": 3, "chi2_threshold": 11.344866730144373, "N_raw": 68, "N_roi": 65, "N_inlier": 63, "refit": true}
{"timestamp": "15:39:26.094566", "frame": 44, "mu": [-0.4551783847912423, 0.8486771542669793, 1.6017755596281014], "Sigma": [[0.0026083915815343934, -0.0012415369323715841, -0.0008778917871549457], [-0.0012415369323715841, 0.003808377593195016, -0.001546563248142337], [-0.0008778917871549458, -0.0015465632481423371, 0.0016527616083239346]], "chi2_level": 0.99, "chi2_df": 3, "chi2_threshold": 11.344866730144373, "N_raw": 59, "N_roi": 59, "N_inlier": 58, "refit": true}
{"timestamp": "15:39:26.148590", "frame": 45, "mu": [-0.5325471542450431, 0.9406336729427486, -0.1530158753620917], "Sigma": [[0.0031494238039411994, -0.0011618140456236118, -0.00023690283468620884], [-0.0011618140456236114, 0.0032368840396048973, -0.0006265415651626013], [-0.0002369028346862088, -0.0006265415651626012, 0.00045345724083628027]], "chi2_level": 0.99, "chi2_df": 3, "chi2_threshold": 11.344866730144373, "N_raw": 53, "N_roi": 52, "N_inlier": 49, "refit": true}
{"timestamp": "15:39:26.202921", "frame": 46, "mu": [-0.6705267360713101, 0.8468098616387779, 1.6410626380996844], "Sigma": [[0.013638815915709097, 0.007055688657004116, -0.008837039216432273], [0.007055688657004116, 0.007837148780714877, -0.005767377225176217], [-0.008837039216432273, -0.005767377225176217, 0.006337806311950366]], "chi2_level": 0.99, "chi2_df": 3, "chi2_threshold": 11.344866730144373, "N_raw": 49, "N_roi": 49, "N_inlier": 49, "refit": true}
{"timestamp": "15:39:26.266171", "frame": 47, "mu": [-0.8669333661365471, 0.797892308820249, -0.04291320908780696], "Sigma": [[0.01641239768332162, 0.006999461929115112, -0.003383954124212089], [0.006999461929115113, 0.008850218609051448, -0.002454560386741301], [-0.003383954124212089, -0.0024545603867413, 0.0011049324843359343]], "chi2_level": 0.99, "chi2_df": 3, "chi2_threshold": 11.344866730144373, "N_raw": 99, "N_roi": 99, "N_inlier": 98, "refit": true}
{"timestamp": "15:39:26.322803", "frame": 48, "mu": [-0.9062893778124613, 0.6605790796462339, 1.5640371770731059], "Sigma": [[0.01290432981856947, -0.0038891900222628078, -0.014422034903732455], [-0.0038891900222628078, 0.017724153464007564, 0.01849932067121731], [-0.014422034903732454, 0.01849932067121731, 0.049717231620568986]], "chi2_level": 0.99, "chi2_df": 3, "chi2_threshold": 11.344866730144373, "N_raw": 110, "N_roi": 110, "N_inlier": 110, "refit": true}
{"timestamp": "15:39:26.375244", "frame": 49, "mu": [-0.939075358587021, 0.6280869006205169, 1.4052613426426384], "Sigma": [[0.009198734752618046, 0.008018684264449483, -0.002032381586335062], [0.008018684264449483, 0.016349183968231852, 0.007201110664651079], [-0.0020323815863350614, 0.007201110664651079, 0.040588167312553526]], "chi2_level": 0.99, "chi2_df": 3, "chi2_threshold": 11.344866730144373, "N_raw": 96, "N_roi": 96, "N_inlier": 90, "refit": true}
{"timestamp": "15:39:26.431954", "frame": 50, "mu": [-1.0428763586726675, 0.8099477893583094, -0.2704509912035499], "Sigma": [[0.011497000634666698, 0.0020388874131260083, -0.00698290703223337], [0.002038887413126008, 0.013170004097676392, 0.001433820697655854], [-0.006982907032233369, 0.0014338206976558542, 0.03301060416785283]], "chi2_level": 0.99, "chi2_df": 3, "chi2_threshold": 11.344866730144373, "N_raw": 110, "N_roi": 110, "N_inlier": 105, "refit": true}
{"timestamp": "15:39:26.487063", "frame": 51, "mu": [-1.0743091315767497, 0.7675558757908468, 1.5685860404285947], "Sigma": [[0.010237137966192, 0.0010575271268569377, -0.006254191313905316], [0.001057527126856938, 0.013568035954441336, -0.0020526412279075696], [-0.006254191313905316, -0.0020526412279075696, 0.00521082783249551]], "chi2_level": 0.99, "chi2_df": 3, "chi2_threshold": 11.344866730144373, "N_raw": 105, "N_roi": 105, "N_inlier": 100, "refit": true}
{"timestamp": "15:39:26.541224", "frame": 52, "mu": [-1.1249841137749104, 0.8706505286447559, 1.459999883779294], "Sigma": [[0.012953007178383113, 0.0086553978846836, -0.034953872155507396], [0.0086553978846836, 0.01512505217832351, -0.04876831757071159], [-0.034953872155507396, -0.048768317570711595, 0.2370852515123846]], "chi2_level": 0.99, "chi2_df": 3, "chi2_threshold": 11.344866730144373, "N_raw": 101, "N_roi": 101, "N_inlier": 101, "refit": true}
{"timestamp": "15:39:26.596616", "frame": 53, "mu": [-1.1938172982407989, 0.7530299221159323, 1.266257541388182], "Sigma": [[0.01094720904373765, 0.014239577029970626, -0.01739315472459592], [0.014239577029970623, 0.07010798247748877, -0.04291938496628642], [-0.01739315472459592, -0.04291938496628642, 0.16380880584194096]], "chi2_level": 0.99, "chi2_df": 3, "chi2_threshold": 11.344866730144373, "N_raw": 104, "N_roi": 104, "N_inlier": 103, "refit": true}
{"timestamp": "15:39:26.649902", "frame": 54, "mu": [-1.2659030077638376, 1.105993814984285, -0.4542425694478037], "Sigma": [[0.009731848254739718, 0.018568210339425024, -0.03282429830257214], [0.018568210339425024, 0.0943535120009136, -0.15082895295872997], [-0.03282429830257214, -0.15082895295872994, 0.2600225958263969]], "chi2_level": 0.99, "chi2_df": 3, "chi2_threshold": 11.344866730144373, "N_raw": 87, "N_roi": 87, "N_inlier": 85, "refit": true}
{"timestamp": "15:39:26.701495", "frame": 55, "mu": [-1.344254581194943, 0.9024770711413178, 1.6318336237761744], "Sigma": [[0.007941077270988504, 0.0035245417666978974, -0.0035942954110759124], [0.0035245417666978974, 0.012437682030634065, -0.005606529585343925], [-0.0035942954110759124, -0.005606529585343925, 0.005084361992282265]], "chi2_level": 0.99, "chi2_df": 3, "chi2_threshold": 11.344866730144373, "N_raw": 67, "N_roi": 67, "N_inlier": 66, "refit": true}
{"timestamp": "15:39:26.758386", "frame": 56, "mu": [-1.3752932626538283, 0.8920986839438676, 1.5392179338466816], "Sigma": [[0.011929834746656386, 0.0024895211271040683, -0.009867075874215623], [0.002489521127104069, 0.007053650660387494, -0.007703103772773162], [-0.009867075874215623, -0.007703103772773162, 0.020040306234290407]], "chi2_level": 0.99, "chi2_df": 3, "chi2_threshold": 11.344866730144373, "N_raw": 84, "N_roi": 84, "N_inlier": 81, "refit": true}
{"timestamp": "15:39:26.811850", "frame": 57, "mu": [-1.4785451368211335, 0.9121767398193533, 1.4915577857130975], "Sigma": [[0.008207208238315559, 0.002209285473180462, -0.0035570582390456024], [0.002209285473180462, 0.008917879291842746, -0.008385225320781202], [-0.003557058239045602, -0.008385225320781202, 0.014529029930008467]], "chi2_level": 0.99, "chi2_df": 3, "chi2_threshold": 11.344866730144373, "N_raw": 73, "N_roi": 73, "N_inlier": 68, "refit": true}
{"timestamp": "15:39:26.869205", "frame": 58, "mu": [-1.4882711133013309, 0.9349158322370715, 1.4010555198747408], "Sigma": [[0.00931527761699747, 0.007992443672792499, -0.0016234739421781144], [0.007992443672792499, 0.02632997342337975, -0.004495126444023982], [-0.0016234739421781144, -0.004495126444023982, 0.013962519965907578]], "chi2_level": 0.99, "chi2_df": 3, "chi2_threshold": 11.344866730144373, "N_raw": 91, "N_roi": 91, "N_inlier": 89, "refit": true}
{"timestamp": "15:39:26.925157", "frame": 59, "mu": [-1.5283864146284971, 1.0018694375220645, 1.4458898366608492], "Sigma": [[0.012853416903593574, 0.006050344158268686, -0.005108130126470336], [0.006050344158268686, 0.0152683793266966, -0.00833657643704114], [-0.005108130126470336, -0.00833657643704114, 0.005859830637837021]], "chi2_level": 0.99, "chi2_df": 3, "chi2_threshold": 11.344866730144373, "N_raw": 90, "N_roi": 90, "N_inlier": 88, "refit": true}
{"timestamp": "15:39:26.979528", "frame": 60, "mu": [-1.6171807018825919, 1.0622759655949165, 1.3875128956699752], "Sigma": [[0.01103218413738524, 0.006428350491756628, -0.005756030527235017], [0.006428350491756628, 0.01745177709133178, -0.01103432599875523], [-0.005756030527235017, -0.011034325998755229, 0.01137410800392494]], "chi2_level": 0.99, "chi2_df": 3, "chi2_threshold": 11.344866730144373, "N_raw": 90, "N_roi": 90, "N_inlier": 86, "refit": true}
{"timestamp": "15:39:27.032409", "frame": 61, "mu": [-1.6918323699772093, 1.0811702685746982, -0.5074977167097294], "Sigma": [[0.009509021010087005, 0.00737785349537801, -0.00038029782917853403], [0.00737785349537801, 0.022235192917118375, -0.001837930641809773], [-0.0003802978291785337, -0.0018379306418097737, 0.008878713119399091]], "chi2_level": 0.99, "chi2_df": 3, "chi2_threshold": 11.344866730144373, "N_raw": 70, "N_roi": 70, "N_inlier": 67, "refit": true}
{"timestamp": "15:39:27.085338", "frame": 62, "mu": [-1.752642671412058, 1.1144051561761306, 1.4742567761280896], "Sigma": [[0.008931994264898406, 0.0023726733194962464, -0.004622666752594065], [0.0023726733194962464, 0.013163485840370392, -0.0049294729969979], [-0.004622666752594065, -0.0049294729969979, 0.0061439989940597454]], "chi2_level": 0.99, "chi2_df": 3, "chi2_threshold": 11.344866730144373, "N_raw": 59, "N_roi": 59, "N_inlier": 58, "refit": true}
{"timestamp": "15:39:27.141412", "frame": 63, "mu": [-1.7732913877610312, 1.1478911022462834, 1.4485107902835597], "Sigma": [[0.012260630870428536, 0.004716431201372252, -0.0015392575042438225], [0.004716431201372252, 0.013307538912899713, -0.00585438669918979], [-0.0015392575042438225, -0.005854386699189791, 0.00437308978405702]], "chi2_level": 0.99, "chi2_df": 3, "chi2_threshold": 11.344866730144373, "N_raw": 74, "N_roi": 74, "N_inlier": 72, "refit": true}
{"timestamp": "15:39:27.197073", "frame": 64, "mu": [-1.7642805833392492, 1.21647805833952, 1.4785578345864212], "Sigma": [[0.014527265772271718, 0.008593329670765343, -0.001936050217663072], [0.008593329670765343, 0.01419436868291518, -0.005878181390798256], [-0.0019360502176630722, -0.005878181390798256, 0.003386434376096048]], "chi2_level": 0.99, "chi2_df": 3, "chi2_threshold": 11.344866730144373, "N_raw": 74, "N_roi": 74, "N_inlier": 69, "refit": true}
{"timestamp": "15:39:27.252357", "frame": 65, "mu": [-1.8759291310643935, 1.2912550364058584, 1.6156628415032026], "Sigma": [[0.014298110031070128, 0.005425970995306367, -0.007111336826501877], [0.005425970995306366, 0.013685148231838829, -0.009063690374625535], [-0.007111336826501877, -0.009063690374625533, 0.015711017974234763]], "chi2_level": 0.99, "chi2_df": 3, "chi2_threshold": 11.344866730144373, "N_raw": 76, "N_roi": 76, "N_inlier": 75, "refit": true}
{"timestamp": "15:39:27.303918", "frame": 66, "mu": [-1.9157745522178276, 1.3580901113041306, 1.6227384771285156], "Sigma": [[0.010041352339952365, 0.005205355945969225, -0.003209744096385047], [0.005205355945969225, 0.010154316140185068, -0.005950185516613707], [-0.003209744096385047, -0.005950185516613706, 0.018409210945954376]], "chi2_level": 0.99, "chi2_df": 3, "chi2_threshold": 11.344866730144373, "N_raw": 56, "N_roi": 56, "N_inlier": 55, "refit": true}
{"timestamp": "15:39:27.360490", "frame": 67, "mu": [-1.9688977755789459, 1.4393936744002984, 1.545528316137762], "Sigma": [[0.009067426870304566, 0.005866925958471632, -0.00343865876754053], [0.005866925958471632, 0.011146463342233813, -0.012682147016624361], [-0.00343865876754053, -0.012682147016624361, 0.05201086630632193]], "chi2_level": 0.99, "chi2_df": 3, "chi2_threshold": 11.344866730144373, "N_raw": 67, "N_roi": 66, "N_inlier": 64, "refit": true}
{"timestamp": "15:39:27.413357", "frame": 68, "mu": [-2.0185701424029383, 1.4770108970202336, -0.0402265996622064], "Sigma": [[0.013541255372592991, 0.011369375391579707, -0.015000093325167234], [0.011369375391579707, 0.02170065416509972, -0.01254722454994289], [-0.015000093325167234, -0.012547224549942892, 0.026940673991607503]], "chi2_level": 0.99, "chi2_df": 3, "chi2_threshold": 11.344866730144373, "N_raw": 55, "N_roi": 55, "N_inlier": 53, "refit": true}
{"timestamp": "15:39:27.471666", "frame": 69, "mu": [-1.9999142265971301, 1.4835865916380113, 1.5853342535236794], "Sigma": [[0.017776540514485836, 0.011227518186480726, -0.011799567465883348], [0.011227518186480726, 0.01923817038727923, -0.01183474166258034], [-0.011799567465883348, -0.01183474166258034, 0.01041806718939829]], "chi2_level": 0.99, "chi2_df": 3, "chi2_threshold": 11.344866730144373, "N_raw": 78, "N_roi": 78, "N_inlier": 77, "refit": true}
{"timestamp": "15:39:27.528881", "frame": 70, "mu": [-2.1115381781387157, 1.5526192382926358, 1.7008462478204824], "Sigma": [[0.014806670691534473, 0.011429212388851641, -0.006739330424365972], [0.01142921238885164, 0.017654748946929318, -0.016395551670077883], [-0.006739330424365972, -0.016395551670077883, 0.024551154141084924]], "chi2_level": 0.99, "chi2_df": 3, "chi2_threshold": 11.344866730144373, "N_raw": 69, "N_roi": 69, "N_inlier": 66, "refit": true}
{"timestamp": "15:39:27.580000", "frame": 71, "mu": [-2.1396150255970863, 1.5653650991703012, 1.7236471386347247], "Sigma": [[0.016341660189517944, 0.009257741922577927, -0.011611237563926954], [0.009257741922577927, 0.016030780683640833, -0.006439232094589138], [-0.011611237563926954, -0.006439232094589137, 0.010690950526246138]], "chi2_level": 0.99, "chi2_df": 3, "chi2_threshold": 11.344866730144373, "N_raw": 63, "N_roi": 63, "N_inlier": 59, "refit": true}
{"timestamp": "15:39:27.634529", "frame": 72, "mu": [-2.12567392247973, 1.661904407767556, 1.5992698570618116], "Sigma": [[0.014064381912945892, 0.006912412944353384, -0.002774903200557467], [0.006912412944353383, 0.010914369477964156, -0.0060810167990442785], [-0.0027749032005574673, -0.006081016799044279, 0.016955318957602942]], "chi2_level": 0.99, "chi2_df": 3, "chi2_threshold": 11.344866730144373, "N_raw": 56, "N_roi": 56, "N_inlier": 55, "refit": true}
{"timestamp": "15:39:27.688766", "frame": 73, "mu": [-2.17663642135055, 1.6880557304977355, 1.678767729470677], "Sigma": [[0.015916584984485702, 0.009656022784839232, -0.012514418531438188], [0.009656022784839232, 0.014797643624558614, -0.014780069000564031], [-0.012514418531438188, -0.014780069000564031, 0.028846923569835106]], "chi2_level": 0.99, "chi2_df": 3, "chi2_threshold": 11.344866730144373, "N_raw": 55, "N_roi": 55, "N_inlier": 52, "refit": true}
{"timestamp": "15:39:27.748960", "frame": 74, "mu": [-2.15994033080995, 1.8063723320584515, 1.7218830774512106], "Sigma": [[0.022443788935235243, 0.018235731293808934, -0.02042530021822106], [0.018235731293808934, 0.02613664963366028, -0.023780175819757055], [-0.02042530021822106, -0.023780175819757058, 0.04757312232909316]], "chi2_level": 0.99, "chi2_df": 3, "chi2_threshold": 11.344866730144373, "N_raw": 87, "N_roi": 87, "N_inlier": 84, "refit": true}
{"timestamp": "15:39:27.806742", "frame": 75, "mu": [-2.147478556302022, 1.9081152358130025, 0.18904128178584642], "Sigma": [[0.028416477647580957, 0.026692522768440127, -0.01875311509914053], [0.026692522768440127, 0.042681450625065336, -0.02914422464679964], [-0.01875311509914053, -0.029144224646799645, 0.03490796977989272]], "chi2_level": 0.99, "chi2_df": 3, "chi2_threshold": 11.344866730144373, "N_raw": 104, "N_roi": 102, "N_inlier": 100, "refit": true}
{"timestamp": "15:39:27.852612", "frame": 76, "mu": [-2.320591620632087, 1.9272912720298998, 1.9117313319984721], "Sigma": [[0.012021651036649362, 0.011685742270519463, -0.007739553971495301], [0.011685742270519463, 0.017288283364220586, -0.013095081064759076], [-0.007739553971495301, -0.013095081064759076, 0.012603015432494378]], "chi2_level": 0.99, "chi2_df": 3, "chi2_threshold": 11.344866730144373, "N_raw": 40, "N_roi": 34, "N_inlier": 30, "refit": true}
{"timestamp": "15:39:27.903245", "frame": 77, "mu": [-2.2802843233851724, 1.934830268353047, 1.438755435183587], "Sigma": [[0.023685611491325136, 0.019026481691227354, -0.0035098713399248876], [0.019026481691227354, 0.018916725857624106, -0.009585287966200593], [-0.003509871339924889, -0.009585287966200595, 0.031103699953448825]], "chi2_level": 0.99, "chi2_df": 3, "chi2_threshold": 11.344866730144373, "N_raw": 18, "N_roi": 18, "N_inlier": 17, "refit": true}
{"timestamp": "15:39:27.957871", "frame": 78, "mu": [-2.2062449077760204, 2.045169650556431, 1.5611483522371195], "Sigma": [[0.0292644390765675, 0.02196870356423616, -0.0201724999128711], [0.02196870356423616, 0.023031959004887394, -0.026612257501542974], [-0.0201724999128711, -0.026612257501542974, 0.04576292938168623]], "chi2_level": 0.99, "chi2_df": 3, "chi2_threshold": 11.344866730144373, "N_raw": 17, "N_roi": 17, "N_inlier": 16, "refit": true}
{"timestamp": "15:39:28.019606", "frame": 79, "mu": [-2.2650666350746533, 2.190473121646962, 1.6996501670522017], "Sigma": [[0.015785998989562663, 0.012844278376321142, -0.015250728770308234], [0.01284427837632114, 0.016205846834515925, -0.026926288830172056], [-0.015250728770308234, -0.026926288830172052, 0.21838776344836916]], "chi2_level": 0.99, "chi2_df": 3, "chi2_threshold": 11.344866730144373, "N_raw": 59, "N_roi": 49, "N_inlier": 49, "refit": true}
{"timestamp": "15:39:28.068073", "frame": 80, "mu": [-2.0951688533369697, 2.3426467195251064, 1.4450822938345727], "Sigma": [[0.019407133328311704, -0.0010971908825432436, 0.024648917442791386], [-0.0010971908825432436, 0.0013753845064549634, -0.0004218803322723238], [0.024648917442791386, -0.000421880332272324, 0.04566222661099864]], "chi2_level": 0.99, "chi2_df": 3, "chi2_threshold": 11.344866730144373, "N_raw": 11, "N_roi": 11, "N_inlier": 10, "refit": true}
{"timestamp": "15:39:28.180080", "frame": 82, "mu": [-2.0876730030943538, 2.467487322594675, 0.3165383788535205], "Sigma": [[0.009056292246302992, 0.004582171804880519, -0.004591489194615257], [0.004582171804880519, 0.005265181396458446, -0.0014983999562082392], [-0.004591489194615257, -0.0014983999562082388, 0.003492638013064633]], "chi2_level": 0.99, "chi2_df": 3, "chi2_threshold": 11.344866730144373, "N_raw": 27, "N_roi": 22, "N_inlier": 21, "refit": true}
{"timestamp": "15:39:28.232016", "frame": 83, "mu": [-2.045143414974929, 2.5516488611862846, 1.3823957352810063], "Sigma": [[0.019341888293720702, -0.006773404521810079, 0.030339759054981767], [-0.006773404521810079, 0.005786535467477067, -0.018785261979074864], [0.030339759054981767, -0.018785261979074867, 0.07404071895536554]], "chi2_level": 0.99, "chi2_df": 3, "chi2_threshold": 11.344866730144373, "N_raw": 12, "N_roi": 10, "N_inlier": 10, "refit": true}
{"timestamp": "15:39:28.287052", "frame": 84, "mu": [-2.2518589600705115, 2.6678621791728006, 1.0381002029179462], "Sigma": [[0.004222306963956409, -0.001532939282793538, 0.023559912321418505], [-0.001532939282793538, 0.005570671961667156, -0.03745957631730986], [0.023559912321418505, -0.03745957631730986, 0.40744948765896943]], "chi2_level": 0.99, "chi2_df": 3, "chi2_threshold": 11.344866730144373, "N_raw": 8, "N_roi": 8, "N_inlier": 8, "refit": true}
{"timestamp": "15:39:28.452244", "frame": 87, "mu": [-2.0481245978951654, 2.9538641083763872, -0.024039960738951607], "Sigma": [[0.0023599678171905398, -0.002448624006782307, 0.0063207774536464915], [-0.002448624006782307, 0.013872059473759935, -0.04155751751002985], [0.0063207774536464915, -0.041557517510029854, 0.1381655641014971]], "chi2_level": 0.99, "chi2_df": 3, "chi2_threshold": 11.344866730144373, "N_raw": 7, "N_roi": 7, "N_inlier": 7, "refit": true}
{"timestamp": "15:39:28.570265", "frame": 89, "mu": [-1.9722179691289867, 2.978435011250721, 1.4207518402136383], "Sigma": [[0.016849724686274235, 0.0026886850834131814, 0.0007402559504602383], [0.002688685083413181, 0.009459549134409067, -0.014934652706251474], [0.0007402559504602381, -0.014934652706251472, 0.06018715100126789]], "chi2_level": 0.99, "chi2_df": 3, "chi2_threshold": 11.344866730144373, "N_raw": 64, "N_roi": 64, "N_inlier": 64, "refit": true}
{"timestamp": "15:39:28.617627", "frame": 90, "mu": [-1.993416479227099, 3.0380639471894426, 1.2381255731793253], "Sigma": [[0.004028039088641842, -0.0014886536393115804, 0.018992786000962037], [-0.0014886536393115804, 0.0013019468244763303, -0.00645204157162009], [0.018992786000962037, -0.00645204157162009, 0.09889443379046528]], "chi2_level": 0.99, "chi2_df": 3, "chi2_threshold": 11.344866730144373, "N_raw": 7, "N_roi": 7, "N_inlier": 7, "refit": true}
{"timestamp": "15:39:28.672457", "frame": 91, "mu": [-2.0941770150426353, 3.073766838630266, 0.8376458484345741], "Sigma": [[0.008990213198121341, 0.0035675853009644364, 0.0028701435066447447], [0.003567585300964436, 0.0018032831309706618, 0.003339836297133678], [0.0028701435066447447, 0.0033398362971336784, 0.05865487191323245]], "chi2_level": 0.99, "chi2_df": 3, "chi2_threshold": 11.344866730144373, "N_raw": 21, "N_roi": 21, "N_inlier": 20, "refit": true}
{"timestamp": "15:39:28.728146", "frame": 92, "mu": [-2.00425424858557, 3.234167923166253, 0.9406402755828848], "Sigma": [[0.01182087631085167, 0.0022714431780310115, 5.5894988781700307e-05], [0.002271443178031011, 0.0032917008164904623, -0.012840098752978212], [5.589498878169987e-05, -0.012840098752978212, 0.09072996833475366]], "chi2_level": 0.99, "chi2_df": 3, "chi2_threshold": 11.344866730144373, "N_raw": 19, "N_roi": 19, "N_inlier": 19, "refit": true}
{"timestamp": "15:39:28.781894", "frame": 93, "mu": [-1.9080834909941502, 3.3172725412683604, 0.7473920422790805], "Sigma": [[0.015735585330528056, -0.0038888260079329917, 0.008467909873123427], [-0.0038888260079329917, 0.002024190713410926, -0.010648886088415287], [0.008467909873123427, -0.010648886088415289, 0.09510277956090912]], "chi2_level": 0.99, "chi2_df": 3, "chi2_threshold": 11.344866730144373, "N_raw": 9, "N_roi": 9, "N_inlier": 9, "refit": true}
{"timestamp": "15:39:28.891958", "frame": 95, "mu": [-1.8316246509605065, 3.421893290804003, 0.8471322218705629], "Sigma": [[0.004918195522323432, -0.002262600507934892, 0.034006733861484645], [-0.0022626005079348925, 0.0028650561020309648, -0.02538528850611073], [0.034006733861484645, -0.02538528850611073, 0.31487018651633797]], "chi2_level": 0.99, "chi2_df": 3, "chi2_threshold": 11.344866730144373, "N_raw": 10, "N_roi": 8, "N_inlier": 8, "refit": true}
{"timestamp": "15:39:28.948756", "frame": 96, "mu": [-1.7416252606695244, 3.40766418756689, 1.3139340118742786], "Sigma": [[0.005708842526165449, 0.0015824260309398523, -0.0038910119151348834], [0.0015824260309398523, 0.0014053537581217308, -0.003700082529239829], [-0.003891011915134883, -0.0037000825292398294, 0.01469301701508916]], "chi2_level": 0.99, "chi2_df": 3, "chi2_threshold": 11.344866730144373, "N_raw": 19, "N_roi": 17, "N_inlier": 15, "refit": true}
{"timestamp": "15:39:29.283393", "frame": 100, "mu": [-1.825671565992098, 3.603012644358625, 0.38183697273884265], "Sigma": [[0.02654651864694415, 0.00745416031056719, -0.008668595364291634], [0.00745416031056719, 0.0036759998939839686, -0.0041336380330339265], [-0.008668595364291634, -0.0041336380330339265, 0.007331357236931718]], "chi2_level": 0.99, "chi2_df": 3, "chi2_threshold": 11.344866730144373, "N_raw": 42, "N_roi": 42, "N_inlier": 38, "refit": true}
