{"timestamp": "15:37:09.103801", "frame": 1, "mu": [1.060162111289017, 1.2538294587740815, 1.4616439323080996], "Sigma": [[0.009102208034452268, -0.002241494571024196, -0.01165820430264292], [-0.002241494571024196, 0.004178073140296864, -0.0014861915173806882], [-0.01165820430264292, -0.0014861915173806882, 0.02279276595568193]], "chi2_level": 0.99, "chi2_df": 3, "chi2_threshold": 11.344866730144373, "N_raw": 75, "N_roi": 75, "N_inlier": 72, "refit": true}
{"timestamp": "15:37:09.154086", "frame": 2, "mu": [1.03821952360007, 1.2929135113727581, 1.48646702382878], "Sigma": [[0.009606596259834779, 0.002529579707540037, -0.009238392152401926], [0.0025295797075400367, 0.004630847573013245, -0.005052122990151463], [-0.009238392152401926, -0.005052122990151463, 0.011778927432291279]], "chi2_level": 0.99, "chi2_df": 3, "chi2_threshold": 11.344866730144373, "N_raw": 49, "N_roi": 49, "N_inlier": 47, "refit": true}
{"timestamp": "15:37:09.205510", "frame": 3, "mu": [1.060837026014088, 1.2915819352435076, 1.155945698186799], "Sigma": [[0.017225889685204145, -0.0035306869014106053, -0.051043024588521405], [-0.0035306869014106058, 0.007057235166672378, 0.011940204878487168], [-0.05104302458852141, 0.011940204878487168, 0.1560860958811216]], "chi2_level": 0.99, "chi2_df": 3, "chi2_threshold": 11.344866730144373, "N_raw": 8, "N_roi": 8, "N_inlier": 8, "refit": true}
{"timestamp": "15:37:09.260112", "frame": 4, "mu": [1.0379273629930668, 1.2737168711848799, 1.3708130246754733], "Sigma": [[0.01169411501521091, -0.0011269567457107173, -0.03136953199407881], [-0.0011269567457107173, 0.010922754077747336, -0.006059768987155697], [-0.03136953199407881, -0.0060597689871556976, 0.11094281796162256]], "chi2_level": 0.99, "chi2_df": 3, "chi2_threshold": 11.344866730144373, "N_raw": 9, "N_roi": 9, "N_inlier": 9, "refit": true}
{"timestamp": "15:37:09.317667", "frame": 5, "mu": [0.968099097150797, 1.2493741588546574, 1.595399256584561], "Sigma": [[0.008138949535568967, -0.0030654415737809814, -0.009618200160639774], [-0.0030654415737809814, 0.00352128991652231, 0.0030706492754091425], [-0.009618200160639773, 0.0030706492754091425, 0.014973313075964298]], "chi2_level": 0.99, "chi2_df": 3, "chi2_threshold": 11.344866730144373, "N_raw": 24, "N_roi": 24, "N_inlier": 24, "refit": true}
{"timestamp": "15:37:09.425115", "frame": 7, "mu": [1.1661887271471076, 1.1148650764833326, 1.128275227264276], "Sigma": [[0.0040742062054387905, 0.0010834882173450305, -0.013465260545715257], [0.00108348821734503, 0.027769440850785206, -0.01569530467130643], [-0.013465260545715257, -0.015695304671306434, 0.07646708785013437]], "chi2_level": 0.99, "chi2_df": 3, "chi2_threshold": 11.344866730144373, "N_raw": 9, "N_roi": 9, "N_inlier": 9, "refit": true}
{"timestamp": "15:37:09.480358", "frame": 8, "mu": [1.1163112152467989, 1.2601855059272187, 1.3169291583988394], "Sigma": [[0.014111470063557572, 0.0003108407356655539, -0.029812600726718708], [0.0003108407356655535, 0.00478276899274508, -0.01710198278370944], [-0.029812600726718708, -0.01710198278370944, 0.1309031715163762]], "chi2_level": 0.99, "chi2_df": 3, "chi2_threshold": 11.344866730144373, "N_raw": 7, "N_roi": 7, "N_inlier": 7, "refit": true}
{"timestamp": "15:37:09.543186", "frame": 9, "mu": [0.991665737459167, 1.260162195484589, 1.5690737334047204], "Sigma": [[0.004474468616230207, -0.00047011220490532314, -0.004237599118689123], [-0.0004701122049053232, 0.003079874735261814, -0.002457651175517823], [-0.004237599118689123, -0.0024576511755178224, 0.01255809350227559]], "chi2_level": 0.99, "chi2_df": 3, "chi2_threshold": 11.344866730144373, "N_raw": 39, "N_roi": 39, "N_inlier": 36, "refit": true}
{"timestamp": "15:37:09.598883", "frame": 10, "mu": [1.0261861345692016, 1.2611853070600492, 1.5217304932807283], "Sigma": [[0.006844820699512571, -0.0012394067892711274, -0.006653782356689418], [-0.0012394067892711274, 0.004332826792815091, -0.002843870477769834], [-0.006653782356689418, -0.0028438704777698346, 0.013676240166280326]], "chi2_level": 0.99, "chi2_df": 3, "chi2_threshold": 11.344866730144373, "N_raw": 67, "N_roi": 67, "N_inlier": 65, "refit": true}
{"timestamp": "15:37:09.650670", "frame": 11, "mu": [1.0296931227486534, 1.2291331464194657, 1.6132835287514968], "Sigma": [[0.005874572789510591, -0.0018611356404519786, -0.0035075674142622656], [-0.0018611356404519786, 0.0030860097561335306, -0.0005457714935873065], [-0.0035075674142622656, -0.0005457714935873066, 0.005096032518754053]], "chi2_level": 0.99, "chi2_df": 3, "chi2_threshold": 11.344866730144373, "N_raw": 43, "N_roi": 43, "N_inlier": 39, "refit": true}
{"timestamp": "15:37:09.702275", "frame": 12, "mu": [0.9708150962124025, 1.2619753783298138, 1.552554360125798], "Sigma": [[0.006131432705790981, 0.00344618955661967, -0.018112055135889794], [0.003446189556619671, 0.004767182059462318, -0.01319634875061981], [-0.018112055135889798, -0.01319634875061981, 0.07165951549903465]], "chi2_level": 0.99, "chi2_df": 3, "chi2_threshold": 11.344866730144373, "N_raw": 16, "N_roi": 16, "N_inlier": 16, "refit": true}
{"timestamp": "15:37:09.760290", "frame": 13, "mu": [0.946643945845675, 1.274812384937365, 1.6194075377949204], "Sigma": [[0.004185907113142348, -0.0013919456108369137, -0.0011845938474314775], [-0.0013919456108369137, 0.004029035912528063, -0.0010599104242381358], [-0.0011845938474314777, -0.0010599104242381358, 0.0012211289291454857]], "chi2_level": 0.99, "chi2_df": 3, "chi2_threshold": 11.344866730144373, "N_raw": 43, "N_roi": 43, "N_inlier": 41, "refit": true}
{"timestamp": "15:37:09.816720", "frame": 14, "mu": [0.9777233169876418, 1.2302502554000316, 1.4504775979522795], "Sigma": [[0.01386785807666909, -0.005235284865583978, -0.029912756296569316], [-0.0052352848655839775, 0.005486154497290579, 0.009653119935105287], [-0.029912756296569316, 0.009653119935105287, 0.07558116629482815]], "chi2_level": 0.99, "chi2_df": 3, "chi2_threshold": 11.344866730144373, "N_raw": 53, "N_roi": 53, "N_inlier": 53, "refit": true}
{"timestamp": "15:37:09.868584", "frame": 15, "mu": [0.9517832527552906, 1.2838681729340375, -0.004098552986938119], "Sigma": [[0.0035066721560663146, -0.000494162976486126, -0.0008515601705099552], [-0.000494162976486126, 0.0023803584979915234, 0.0006966224914302837], [-0.0008515601705099553, 0.0006966224914302837, 0.0005454113524962725]], "chi2_level": 0.99, "chi2_df": 3, "chi2_threshold": 11.344866730144373, "N_raw": 27, "N_roi": 27, "N_inlier": 27, "refit": true}
{"timestamp": "15:37:09.922932", "frame": 16, "mu": [0.9488432127110181, 1.2224445983510712, 1.6381107476853074], "Sigma": [[0.003016805913022239, -0.0007180219149853813, -0.0011549211677640342], [-0.0007180219149853816, 0.003441607281460007, -0.00036519034184720066], [-0.0011549211677640342, -0.00036519034184720066, 0.000859644266723967]], "chi2_level": 0.99, "chi2_df": 3, "chi2_threshold": 11.344866730144373, "N_raw": 32, "N_roi": 32, "N_inlier": 30, "refit": true}
{"timestamp": "15:37:09.980218", "frame": 17, "mu": [0.9731988207985741, 1.199100677765932, 1.583561167919753], "Sigma": [[0.007420495071386123, -0.0018560520743931904, -0.009025566067248714], [-0.0018560520743931904, 0.0023709406743798555, 0.0031621133305668107], [-0.009025566067248714, 0.0031621133305668107, 0.023744766334677175]], "chi2_level": 0.99, "chi2_df": 3, "chi2_threshold": 11.344866730144373, "N_raw": 38, "N_roi": 38, "N_inlier": 35, "refit": true}
{"timestamp": "15:37:10.035479", "frame": 18, "mu": [0.9864012493468254, 1.1832217988417806, 1.4917114990929237], "Sigma": [[0.009430167647922422, -0.003129826311000656, -0.015607216724849318], [-0.003129826311000656, 0.0031552282615782976, 0.0040727154683184675], [-0.015607216724849318, 0.0040727154683184675, 0.03233594550068221]], "chi2_level": 0.99, "chi2_df": 3, "chi2_threshold": 11.344866730144373, "N_raw": 45, "N_roi": 45, "N_inlier": 42, "refit": true}
{"timestamp": "15:37:10.088348", "frame": 19, "mu": [0.8769977630501751, 1.2306164823131713, 1.6260960453662174], "Sigma": [[0.0029400562965704027, -0.0006435130783785815, -0.0012201531080851427], [-0.0006435130783785815, 0.0036224937900397845, -0.00044875486499362143], [-0.0012201531080851425, -0.00044875486499362143, 0.0023568109743327776]], "chi2_level": 0.99, "chi2_df": 3, "chi2_threshold": 11.344866730144373, "N_raw": 30, "N_roi": 30, "N_inlier": 27, "refit": true}
{"timestamp": "15:37:10.145024", "frame": 20, "mu": [0.9290609813053468, 1.2750611383033625, -0.16522073334580709], "Sigma": [[0.011816507849569823, -0.0018201689627528885, -0.0172626583624685], [-0.0018201689627528887, 0.002130103298771265, 0.001745588988303942], [-0.0172626583624685, 0.0017455889883039417, 0.031212564505912102]], "chi2_level": 0.99, "chi2_df": 3, "chi2_threshold": 11.344866730144373, "N_raw": 41, "N_roi": 41, "N_inlier": 36, "refit": true}
{"timestamp": "15:37:10.196698", "frame": 21, "mu": [1.0184847126319054, 1.0420829014749105, 0.9002753163304479], "Sigma": [[0.012984815385111733, -0.012900807232461863, -0.07058404252510037], [-0.012900807232461863, 0.024908185016132713, 0.10513045408497024], [-0.07058404252510037, 0.10513045408497024, 0.5258992840342124]], "chi2_level": 0.99, "chi2_df": 3, "chi2_threshold": 11.344866730144373, "N_raw": 12, "N_roi": 12, "N_inlier": 11, "refit": true}
{"timestamp": "15:37:10.253269", "frame": 22, "mu": [1.055663238981208, 1.0708570827203194, 0.28120087740177924], "Sigma": [[0.01008665071511261, -0.008262185582074323, -0.04935539814173441], [-0.008262185582074323, 0.00983447998120655, 0.036348018470155244], [-0.04935539814173441, 0.036348018470155244, 0.41075588804626934]], "chi2_level": 0.99, "chi2_df": 3, "chi2_threshold": 11.344866730144373, "N_raw": 26, "N_roi": 26, "N_inlier": 25, "refit": true}
{"timestamp": "15:37:10.311221", "frame": 23, "mu": [0.8754438050596464, 1.1871394166981784, 1.3544100617933512], "Sigma": [[0.011854941180740665, -0.0002177156319141995, -0.03230678139954253], [-0.00021771563191419943, 0.0018276094496256087, -0.0031170597270369096], [-0.03230678139954253, -0.0031170597270369096, 0.1212470179485594]], "chi2_level": 0.99, "chi2_df": 3, "chi2_threshold": 11.344866730144373, "N_raw": 53, "N_roi": 53, "N_inlier": 51, "refit": true}
{"timestamp": "15:37:10.366359", "frame": 24, "mu": [0.7983913618535732, 1.1350254408446978, 1.3917823608440598], "Sigma": [[0.009315669528821199, -0.005482341721280502, -0.03710694795488462], [-0.005482341721280502, 0.011229097987818515, 0.03389339156576131], [-0.03710694795488462, 0.03389339156576131, 0.23169149943790193]], "chi2_level": 0.99, "chi2_df": 3, "chi2_threshold": 11.344866730144373, "N_raw": 50, "N_roi": 50, "N_inlier": 48, "refit": true}
{"timestamp": "15:37:10.422953", "frame": 25, "mu": [0.8101291829184178, 1.1014019917039128, 1.4478486821767194], "Sigma": [[0.009552041410717813, -0.004175582533247731, -0.009801401056885397], [-0.004175582533247731, 0.00432154939908272, 0.003771521708839022], [-0.009801401056885397, 0.003771521708839022, 0.01084488313592447]], "chi2_level": 0.99, "chi2_df": 3, "chi2_threshold": 11.344866730144373, "N_raw": 58, "N_roi": 58, "N_inlier": 52, "refit": true}
{"timestamp": "15:37:10.484107", "frame": 26, "mu": [0.7493720625655692, 1.1352689310901019, 1.059109005490089], "Sigma": [[0.010213617536788226, 0.0034609951229940504, 0.027718233053720523], [0.0034609951229940504, 0.0077731876497931975, 0.02844073042632926], [0.027718233053720526, 0.02844073042632926, 0.35522457206859953]], "chi2_level": 0.99, "chi2_df": 3, "chi2_threshold": 11.344866730144373, "N_raw": 93, "N_roi": 93, "N_inlier": 91, "refit": true}
{"timestamp": "15:37:10.537438", "frame": 27, "mu": [0.7438373364139582, 1.1084651235378253, 1.385458635536713], "Sigma": [[0.00902126411986883, -0.003937605614459043, -0.013000869041884315], [-0.003937605614459042, 0.00513301646740326, 0.003912879434018061], [-0.013000869041884317, 0.00391287943401806, 0.02156587361583099]], "chi2_level": 0.99, "chi2_df": 3, "chi2_threshold": 11.344866730144373, "N_raw": 85, "N_roi": 85, "N_inlier": 77, "refit": true}
{"timestamp": "15:37:10.591229", "frame": 28, "mu": [0.685406624111063, 1.094001807208747, 1.3875796011343033], "Sigma": [[0.0056784285118584325, -0.0037363958345818446, -0.00709739430993829], [-0.0037363958345818446, 0.007899541956551683, 0.002562374358364429], [-0.00709739430993829, 0.002562374358364429, 0.010150369569806757]], "chi2_level": 0.99, "chi2_df": 3, "chi2_threshold": 11.344866730144373, "N_raw": 74, "N_roi": 74, "N_inlier": 69, "refit": true}
{"timestamp": "15:37:10.647862", "frame": 29, "mu": [0.6240496585571151, 1.098266070711747, 1.4219799902772725], "Sigma": [[0.006527758984935255, -0.002908656148993714, -0.006855989241248638], [-0.002908656148993714, 0.007847976921433278, 0.0016125707271158335], [-0.006855989241248638, 0.001612570727115833, 0.00796389116807501]], "chi2_level": 0.99, "chi2_df": 3, "chi2_threshold": 11.344866730144373, "N_raw": 88, "N_roi": 88, "N_inlier": 82, "refit": true}
{"timestamp": "15:37:10.699066", "frame": 30, "mu": [0.5833700573323554, 1.0739477849657069, 1.4023527312298414], "Sigma": [[0.005689332334749494, -0.002262110988553176, -0.006629856764658771], [-0.0022621109885531754, 0.004441664347344676, 0.0008696301008521702], [-0.006629856764658771, 0.0008696301008521701, 0.008968653725242859]], "chi2_level": 0.99, "chi2_df": 3, "chi2_threshold": 11.344866730144373, "N_raw": 62, "N_roi": 62, "N_inlier": 57, "refit": true}
{"timestamp": "15:37:10.752768", "frame": 31, "mu": [0.503239721298746, 1.1031184322449437, 1.4969628996294009], "Sigma": [[0.005122828648081337, -0.0002592235458415776, -0.0027726740825307072], [-0.0002592235458415776, 0.0019711274715548243, -0.0006281376481121039], [-0.0027726740825307072, -0.0006281376481121039, 0.0021372346496652235]], "chi2_level": 0.99, "chi2_df": 3, "chi2_threshold": 11.344866730144373, "N_raw": 46, "N_roi": 46, "N_inlier": 42, "refit": true}
{"timestamp": "15:37:10.808798", "frame": 32, "mu": [0.4006252855285042, 1.1306682218868958, 1.5160696440235752], "Sigma": [[0.002944538610480591, -0.0009063154567198457, -0.0016647780057105295], [-0.0009063154567198461, 0.004840302665419121, -0.0016419293394245153], [-0.0016647780057105295, -0.0016419293394245153, 0.0022194968228405314]], "chi2_level": 0.99, "chi2_df": 3, "chi2_threshold": 11.344866730144373, "N_raw": 61, "N_roi": 60, "N_inlier": 57, "refit": true}
{"timestamp": "15:37:10.863603", "frame": 33, "mu": [0.32664555446063365, 1.1481668010631463, 1.5522794742297674], "Sigma": [[0.003125473587282079, -0.0011950004664345367, -0.0011499526791981381], [-0.001195000466434537, 0.005017732671335369, -0.0028527048175345203], [-0.0011499526791981381, -0.0028527048175345203, 0.008662790744287972]], "chi2_level": 0.99, "chi2_df": 3, "chi2_threshold": 11.344866730144373, "N_raw": 63, "N_roi": 63, "N_inlier": 59, "refit": true}
{"timestamp": "15:37:10.919295", "frame": 34, "mu": [0.2754368927878562, 1.1280032907949182, 1.4611774596547962], "Sigma": [[0.002780033146447665, 0.00015968723583932484, -0.006081904789512904], [0.00015968723583932484, 0.005130379245625082, -0.014412682851402004], [-0.006081904789512903, -0.014412682851402004, 0.12778013544409553]], "chi2_level": 0.99, "chi2_df": 3, "chi2_threshold": 11.344866730144373, "N_raw": 62, "N_roi": 62, "N_inlier": 59, "refit": true}
{"timestamp": "15:37:10.978824", "frame": 35, "mu": [0.23291272820261172, 1.1618595529322797, 1.4607808681719543], "Sigma": [[0.0036218115853215724, 0.0008221778320048371, -0.002359687044448563], [0.0008221778320048371, 0.0047436147670166335, -0.0052250973893409915], [-0.002359687044448563, -0.0052250973893409915, 0.02548610329481665]], "chi2_level": 0.99, "chi2_df": 3, "chi2_threshold": 11.344866730144373, "N_raw": 100, "N_roi": 100, "N_inlier": 96, "refit": true}
{"timestamp": "15:37:11.029735", "frame": 36, "mu": [0.14201589817972926, 1.1033204997066852, 1.5272983090066663], "Sigma": [[0.0028478345070442604, -0.0012296166873005795, -0.0022430583209893926], [-0.0012296166873005797, 0.0034689812350067756, -0.00035998638713437254], [-0.0022430583209893926, -0.0003599863871343726, 0.002680049820117376]], "chi2_level": 0.99, "chi2_df": 3, "chi2_threshold": 11.344866730144373, "N_raw": 58, "N_roi": 55, "N_inlier": 50, "refit": true}
{"timestamp": "15:37:11.081406", "frame": 37, "mu": [0.1104959810182559, 1.1978226895336401, 1.2257538934176635], "Sigma": [[0.00214061448723049, -0.000783942739149115, 0.0027844935066149625], [-0.000783942739149115, 0.0017634475565991685, -0.004647493048226894], [0.002784493506614962, -0.004647493048226893, 0.018406594433442953]], "chi2_level": 0.99, "chi2_df": 3, "chi2_threshold": 11.344866730144373, "N_raw": 45, "N_roi": 42, "N_inlier": 37, "refit": true}
{"timestamp": "15:37:11.140722", "frame": 38, "mu": [0.011989213369064144, 1.142515907538127, 1.5384205321049698], "Sigma": [[0.004463805635399603, -0.0018945980856602197, -0.00518464424509407], [-0.0018945980856602197, 0.004463573356979614, 0.00036808027604247806], [-0.005184644245094069, 0.000368080276042478, 0.007836792740210015]], "chi2_level": 0.99, "chi2_df": 3, "chi2_threshold": 11.344866730144373, "N_raw": 78, "N_roi": 78, "N_inlier": 74, "refit": true}
{"timestamp": "15:37:11.193053", "frame": 39, "mu": [-0.03588248911887709, 1.1361604139882324, 1.5447465528314637], "Sigma": [[0.0027335949476947024, -0.0005156865020121869, -0.003062764231921463], [-0.0005156865020121869, 0.0038415363084649207, -0.0014778279536516933], [-0.003062764231921463, -0.0014778279536516933, 0.005245972908744457]], "chi2_level": 0.99, "chi2_df": 3, "chi2_threshold": 11.344866730144373, "N_raw": 60, "N_roi": 60, "N_inlier": 59, "refit": true}
{"timestamp": "15:37:11.248687", "frame": 40, "mu": [-0.08331196956201818, 1.2177748870680563, -0.19005806340994186], "Sigma": [[0.0027679731272659933, -0.00025051624666725097, -0.0034178589912884656], [-0.0002505162466672509, 0.005687519954570601, -0.002084463743895636], [-0.0034178589912884656, -0.002084463743895637, 0.007914991403542722]], "chi2_level": 0.99, "chi2_df": 3, "chi2_threshold": 11.344866730144373, "N_raw": 66, "N_roi": 66, "N_inlier": 63, "refit": true}
{"timestamp": "15:37:11.306189", "frame": 41, "mu": [-0.17141968922649917, 1.129451104666288, 1.5143783678340759], "Sigma": [[0.0033725624598566224, -0.0014722424771736846, -0.004010698547793041], [-0.0014722424771736844, 0.004892324135277304, -0.0017057756963544828], [-0.004010698547793041, -0.001705775696354483, 0.008280228234765106]], "chi2_level": 0.99, "chi2_df": 3, "chi2_threshold": 11.344866730144373, "N_raw": 78, "N_roi": 78, "N_inlier": 75, "refit": true}
{"timestamp": "15:37:11.364902", "frame": 42, "mu": [-0.21402669297121368, 1.1087345126750927, 1.5103615204466214], "Sigma": [[0.0040745675606271665, -0.0021829728839857314, -0.004340286123192519], [-0.0021829728839857314, 0.009849236991550667, -0.0007647919184344952], [-0.004340286123192519, -0.000764791918434495, 0.0080322933754193]], "chi2_level": 0.99, "chi2_df": 3, "chi2_threshold": 11.344866730144373, "N_raw": 99, "N_roi": 99, "N_inlier": 99, "refit": true}
{"timestamp": "15:37:11.416529", "frame": 43, "mu": [-0.31649159714317815, 1.125909099251762, 1.5642237531768066], "Sigma": [[0.0044832782869498, -0.002910149760267604, -0.00309480187176367], [-0.002910149760267604, 0.006500923856742466, -0.0003898834616062528], [-0.0030948018717636694, -0.0003898834616062529, 0.00493282351364582]], "chi2_level": 0.99, "chi2_df": 3, "chi2_threshold": 11.344866730144373, "N_raw": 81, "N_roi": 81, "N_inlier": 79, "refit": true}
{"timestamp": "15:37:11.471089", "frame": 44, "mu": [-0.359031888686394, 1.1255828799525958, 1.5102758418025295], "Sigma": [[0.0030544676285266612, -0.0017015497130323408, -0.0018681175069452482], [-0.001701549713032341, 0.008321575564509265, -0.0009827352380177257], [-0.0018681175069452487, -0.0009827352380177257, 0.008510466615091703]], "chi2_level": 0.99, "chi2_df": 3, "chi2_threshold": 11.344866730144373, "N_raw": 79, "N_roi": 79, "N_inlier": 76, "refit": true}
{"timestamp": "15:37:11.526370", "frame": 45, "mu": [-0.4332846281727516, 1.0863301225303943, 1.4727496432668634], "Sigma": [[0.004458898401283188, -0.0033771841994233508, -0.005817060676918775], [-0.0033771841994233508, 0.009742760983602067, 0.005494979900039623], [-0.005817060676918775, 0.005494979900039624, 0.020812015669171183]], "chi2_level": 0.99, "chi2_df": 3, "chi2_threshold": 11.344866730144373, "N_raw": 78, "N_roi": 78, "N_inlier": 75, "refit": true}
{"timestamp": "15:37:11.580267", "frame": 46, "mu": [-0.44249529924568715, 1.1027227105329072, 1.0988458873394937], "Sigma": [[0.0075458266863700114, -0.0048596407663728585, -0.02284775446801718], [-0.0048596407663728585, 0.009740583811804841, 0.023000393788452738], [-0.02284775446801718, 0.023000393788452738, 0.20667512040900388]], "chi2_level": 0.99, "chi2_df": 3, "chi2_threshold": 11.344866730144373, "N_raw": 67, "N_roi": 67, "N_inlier": 66, "refit": true}
{"timestamp": "15:37:11.636182", "frame": 47, "mu": [-0.578301041605827, 1.1792384495640778, 1.517407827309373], "Sigma": [[0.005686897619472505, -0.0016177763227348371, -0.0032022010146470744], [-0.0016177763227348371, 0.004899271976871679, -0.0018988233377237296], [-0.0032022010146470744, -0.0018988233377237298, 0.009807622997834584]], "chi2_level": 0.99, "chi2_df": 3, "chi2_threshold": 11.344866730144373, "N_raw": 83, "N_roi": 83, "N_inlier": 79, "refit": true}
{"timestamp": "15:37:11.690277", "frame": 48, "mu": [-0.6434034799255699, 1.193060748912978, 1.5460021178228527], "Sigma": [[0.004713777264534435, -0.000530793802504214, -0.00267429607684392], [-0.000530793802504214, 0.004812965360718385, -0.003313247005900525], [-0.00267429607684392, -0.003313247005900525, 0.008021074755821122]], "chi2_level": 0.99, "chi2_df": 3, "chi2_threshold": 11.344866730144373, "N_raw": 70, "N_roi": 69, "N_inlier": 67, "refit": true}
{"timestamp": "15:37:11.741564", "frame": 49, "mu": [-0.7073075773702323, 1.1974566478138482, 1.5344906928585593], "Sigma": [[0.0047855417872687345, 0.00141540645712403, -0.006018359442069701], [0.0014154064571240302, 0.003856545162364752, -0.004525051703393117], [-0.006018359442069703, -0.004525051703393116, 0.018575036111371065]], "chi2_level": 0.99, "chi2_df": 3, "chi2_threshold": 11.344866730144373, "N_raw": 52, "N_roi": 52, "N_inlier": 46, "refit": true}
{"timestamp": "15:37:11.796845", "frame": 50, "mu": [-0.7095078311198245, 1.2196532396915394, 1.4283885514623782], "Sigma": [[0.007612326446715897, 0.007079489292922808, -0.017703676484571537], [0.007079489292922807, 0.01143131823816026, -0.017533345786030573], [-0.017703676484571537, -0.017533345786030573, 0.05737167242873556]], "chi2_level": 0.99, "chi2_df": 3, "chi2_threshold": 11.344866730144373, "N_raw": 47, "N_roi": 47, "N_inlier": 43, "refit": true}
{"timestamp": "15:37:11.854500", "frame": 51, "mu": [-0.9509973754770075, 1.0466426446989876, 1.4919253633318221], "Sigma": [[0.044753791566281356, 0.025919757090387407, -0.06069006629824674], [0.025919757090387404, 0.021725448841985358, -0.037737479533218266], [-0.06069006629824674, -0.037737479533218266, 0.19523675264717444]], "chi2_level": 0.99, "chi2_df": 3, "chi2_threshold": 11.344866730144373, "N_raw": 67, "N_roi": 67, "N_inlier": 67, "refit": true}
{"timestamp": "15:37:11.917935", "frame": 52, "mu": [-0.9759713589089224, 1.1301268774319762, 0.41345679944521685], "Sigma": [[0.05283878207230221, 0.03573667471240899, 0.1362357805297942], [0.035736674712408996, 0.033660313022009024, 0.10248749672303813], [0.1362357805297942, 0.10248749672303813, 0.645109895891021]], "chi2_level": 0.99, "chi2_df": 3, "chi2_threshold": 11.344866730144373, "N_raw": 126, "N_roi": 126, "N_inlier": 124, "refit": true}
{"timestamp": "15:37:11.967761", "frame": 53, "mu": [-1.0445216727040711, 1.1826005140439932, -0.32753151618643084], "Sigma": [[0.042633831402844255, 0.038894402083555775, -0.033039169059964874], [0.038894402083555775, 0.046109820926484524, -0.033810198084859924], [-0.033039169059964874, -0.033810198084859924, 0.06283067643648171]], "chi2_level": 0.99, "chi2_df": 3, "chi2_threshold": 11.344866730144373, "N_raw": 84, "N_roi": 84, "N_inlier": 84, "refit": true}
{"timestamp": "15:37:12.025718", "frame": 54, "mu": [-1.1541442830601696, 1.0966562704972578, 1.7346231823978917], "Sigma": [[0.03076261570416819, 0.015787955219573917, -0.03597198268254622], [0.015787955219573917, 0.0165977338743747, -0.019897279969762725], [-0.03597198268254622, -0.019897279969762725, 0.05281793976874915]], "chi2_level": 0.99, "chi2_df": 3, "chi2_threshold": 11.344866730144373, "N_raw": 106, "N_roi": 106, "N_inlier": 105, "refit": true}
{"timestamp": "15:37:12.074185", "frame": 55, "mu": [-1.3152808689208637, 1.054432464736055, 1.8374982498302108], "Sigma": [[0.024308172223853182, 0.014337058890454769, -0.02859947456297196], [0.014337058890454769, 0.015203543806591937, -0.020193769464272735], [-0.02859947456297196, -0.020193769464272735, 0.048609191051578994]], "chi2_level": 0.99, "chi2_df": 3, "chi2_threshold": 11.344866730144373, "N_raw": 56, "N_roi": 56, "N_inlier": 53, "refit": true}
{"timestamp": "15:37:12.127295", "frame": 56, "mu": [-1.331569538536472, 1.0885049284839443, 1.7719974262718536], "Sigma": [[0.029147492450542073, 0.020497377818230442, -0.05170198321719608], [0.020497377818230442, 0.02184520759593572, -0.034084308247629876], [-0.05170198321719609, -0.034084308247629876, 0.11946161079452061]], "chi2_level": 0.99, "chi2_df": 3, "chi2_threshold": 11.344866730144373, "N_raw": 46, "N_roi": 46, "N_inlier": 44, "refit": true}
{"timestamp": "15:37:12.189290", "frame": 57, "mu": [-1.243786986538777, 1.197127192055604, 0.16102981008354422], "Sigma": [[0.0647897983652046, 0.03695681622285847, 0.0020609799500357264], [0.03695681622285847, 0.03402320349377374, -0.014897154209015839], [0.002060979950035727, -0.014897154209015839, 0.058848605177262474]], "chi2_level": 0.99, "chi2_df": 3, "chi2_threshold": 11.344866730144373, "N_raw": 98, "N_roi": 98, "N_inlier": 92, "refit": true}
{"timestamp": "15:37:12.252274", "frame": 58, "mu": [-1.343137702449194, 1.1846126217381334, -0.3161132275562102], "Sigma": [[0.03974296640320811, 0.025868529130865334, -0.0248932796683995], [0.025868529130865334, 0.031065458745323134, -0.02067592077794314], [-0.0248932796683995, -0.020675920777943144, 0.04042686402571312]], "chi2_level": 0.99, "chi2_df": 3, "chi2_threshold": 11.344866730144373, "N_raw": 150, "N_roi": 150, "N_inlier": 134, "refit": true}
{"timestamp": "15:37:12.303286", "frame": 59, "mu": [-1.3319244134888095, 1.2623034706216179, 1.4837710577359329], "Sigma": [[0.043348463346402924, 0.02463187026480073, -0.11558692406349895], [0.02463187026480073, 0.02299912977445192, -0.06501278243885117], [-0.11558692406349894, -0.06501278243885117, 0.40513484167661323]], "chi2_level": 0.99, "chi2_df": 3, "chi2_threshold": 11.344866730144373, "N_raw": 127, "N_roi": 127, "N_inlier": 126, "refit": true}
{"timestamp": "15:37:12.354669", "frame": 60, "mu": [-1.4028649833782196, 1.2649053087110258, -0.05471100861395659], "Sigma": [[0.05312760540134978, 0.03640810194732542, 0.03541098186949224], [0.03640810194732542, 0.03529121955665972, 0.029864125165076576], [0.03541098186949224, 0.029864125165076576, 0.07821989444575675]], "chi2_level": 0.99, "chi2_df": 3, "chi2_threshold": 11.344866730144373, "N_raw": 102, "N_roi": 102, "N_inlier": 100, "refit": true}
{"timestamp": "15:37:12.411990", "frame": 61, "mu": [-1.3613640186184033, 1.3473874197776843, 1.4196573842200428], "Sigma": [[0.03251040638297084, 0.022928673792110277, -0.05161497224794707], [0.022928673792110273, 0.030514199920903498, -0.06415248798718058], [-0.05161497224794706, -0.0641524879871806, 0.22567150891177595]], "chi2_level": 0.99, "chi2_df": 3, "chi2_threshold": 11.344866730144373, "N_raw": 115, "N_roi": 115, "N_inlier": 115, "refit": true}
{"timestamp": "15:37:12.459509", "frame": 62, "mu": [-1.5513981569044926, 1.2609288725190888, 0.10075204384899895], "Sigma": [[0.01788237648117458, 0.014515982002544822, -0.0007722510689878489], [0.014515982002544822, 0.020357477159744564, 0.00428126574198253], [-0.0007722510689878493, 0.00428126574198253, 0.01498149013894019]], "chi2_level": 0.99, "chi2_df": 3, "chi2_threshold": 11.344866730144373, "N_raw": 65, "N_roi": 65, "N_inlier": 62, "refit": true}
{"timestamp": "15:37:12.507271", "frame": 63, "mu": [-1.5457959977677094, 1.3179578468316446, 1.7079170242977044], "Sigma": [[0.03205251821659322, 0.025272910164685455, -0.042398709764279174], [0.02527291016468546, 0.024810029431325167, -0.03602559602902169], [-0.042398709764279174, -0.03602559602902168, 0.07503353105511017]], "chi2_level": 0.99, "chi2_df": 3, "chi2_threshold": 11.344866730144373, "N_raw": 25, "N_roi": 25, "N_inlier": 24, "refit": true}
{"timestamp": "15:37:12.567688", "frame": 64, "mu": [-1.615996588233082, 1.410095091237743, 1.8520148231062434], "Sigma": [[0.02998412853328125, 0.01841785763415588, -0.02377614071127948], [0.01841785763415588, 0.016837942104657964, -0.01561615486254717], [-0.02377614071127948, -0.01561615486254717, 0.02061280988057074]], "chi2_level": 0.99, "chi2_df": 3, "chi2_threshold": 11.344866730144373, "N_raw": 58, "N_roi": 58, "N_inlier": 55, "refit": true}
{"timestamp": "15:37:12.621755", "frame": 65, "mu": [-1.7120757639074171, 1.3622645020998794, 1.880032085477334], "Sigma": [[0.04005773491716046, 0.02364533947891901, -0.03390492588497604], [0.023645339478919006, 0.024184979706544846, -0.01904678024367177], [-0.03390492588497604, -0.01904678024367177, 0.03075086102850269]], "chi2_level": 0.99, "chi2_df": 3, "chi2_threshold": 11.344866730144373, "N_raw": 50, "N_roi": 50, "N_inlier": 50, "refit": true}
{"timestamp": "15:37:12.681694", "frame": 66, "mu": [-1.4469835584669621, 1.6600484865074114, 1.535077101288724], "Sigma": [[0.03808156208472277, 0.021138583573203015, -0.041721799953561636], [0.021138583573203015, 0.03602357940623477, 0.01747331938810298], [-0.04172179995356164, 0.01747331938810298, 0.1804219746990254]], "chi2_level": 0.99, "chi2_df": 3, "chi2_threshold": 11.344866730144373, "N_raw": 90, "N_roi": 90, "N_inlier": 90, "refit": true}
{"timestamp": "15:37:12.731295", "frame": 67, "mu": [-1.3901085306306826, 1.7647928567938553, 1.5001843468616864], "Sigma": [[0.00614942784294457, -0.0006000442845934008, -0.005158699099653297], [-0.0006000442845934008, 0.006267161911527469, 0.0003550756332117787], [-0.005158699099653297, 0.0003550756332117786, 0.005416867891522178]], "chi2_level": 0.99, "chi2_df": 3, "chi2_threshold": 11.344866730144373, "N_raw": 43, "N_roi": 42, "N_inlier": 40, "refit": true}
{"timestamp": "15:37:12.789080", "frame": 68, "mu": [-1.5063147735533577, 1.8354357648372674, 1.6461450206577914], "Sigma": [[0.04909743308219357, 0.04128727656185766, -0.036779125471724475], [0.04128727656185766, 0.04087171843051628, -0.03617273288266959], [-0.036779125471724475, -0.03617273288266959, 0.037401154002286066]], "chi2_level": 0.99, "chi2_df": 3, "chi2_threshold": 11.344866730144373, "N_raw": 70, "N_roi": 68, "N_inlier": 67, "refit": true}
{"timestamp": "15:37:12.837520", "frame": 69, "mu": [-1.3374111678129679, 1.8896313273726402, 1.4668893403416488], "Sigma": [[0.0034277814292303613, -0.0011727393306520627, -0.003575785970741127], [-0.0011727393306520627, 0.0038288038472078564, 0.0007351029257030444], [-0.003575785970741127, 0.0007351029257030444, 0.0044935329967379116]], "chi2_level": 0.99, "chi2_df": 3, "chi2_threshold": 11.344866730144373, "N_raw": 15, "N_roi": 15, "N_inlier": 15, "refit": true}
{"timestamp": "15:37:12.897379", "frame": 70, "mu": [-1.3577383472413593, 2.049712077852212, 1.365031907373819], "Sigma": [[0.009127397364502911, 0.0023912765540115713, -0.010437426686933707], [0.002391276554011571, 0.002335205475586682, -0.0021151740092097814], [-0.010437426686933704, -0.002115174009209781, 0.07457278334475902]], "chi2_level": 0.99, "chi2_df": 3, "chi2_threshold": 11.344866730144373, "N_raw": 58, "N_roi": 58, "N_inlier": 53, "refit": true}
{"timestamp": "15:37:12.955123", "frame": 71, "mu": [-1.3974523796968208, 2.0689544089241156, 1.5526422570633986], "Sigma": [[0.011143954775299576, -0.00039016733703235793, -0.01230957811051718], [-0.00039016733703235793, 0.005982274999870641, -0.005389899676295175], [-0.01230957811051718, -0.0053898996762951745, 0.041529709388828204]], "chi2_level": 0.99, "chi2_df": 3, "chi2_threshold": 11.344866730144373, "N_raw": 71, "N_roi": 71, "N_inlier": 65, "refit": true}
{"timestamp": "15:37:13.005399", "frame": 72, "mu": [-1.429068448770444, 2.1396543319526082, 0.12044998417426574], "Sigma": [[0.013200307681408703, -0.0038264869102787673, 0.002533505860599563], [-0.0038264869102787673, 0.013311119554179818, -0.025983929626694297], [0.0025335058605995653, -0.0259839296266943, 0.08853402923284014]], "chi2_level": 0.99, "chi2_df": 3, "chi2_threshold": 11.344866730144373, "N_raw": 45, "N_roi": 45, "N_inlier": 43, "refit": true}
{"timestamp": "15:37:13.057891", "frame": 73, "mu": [-1.3273470456556606, 2.130888161399873, 1.4943210356555994], "Sigma": [[0.0068343518729323755, 0.0009675047734635555, -0.004612505442985925], [0.0009675047734635554, 0.002561535858011393, -0.001974181666439258], [-0.004612505442985926, -0.001974181666439258, 0.00532604557715682]], "chi2_level": 0.99, "chi2_df": 3, "chi2_threshold": 11.344866730144373, "N_raw": 26, "N_roi": 26, "N_inlier": 24, "refit": true}
{"timestamp": "15:37:13.115074", "frame": 74, "mu": [-1.375815678881946, 2.2596374049620973, 0.008090890560640551], "Sigma": [[0.008429377332059831, 0.0014879763787810146, -0.0010666238561047293], [0.0014879763787810148, 0.013556310426571168, -0.019276005636653007], [-0.001066623856104729, -0.019276005636653003, 0.04668183385842693]], "chi2_level": 0.99, "chi2_df": 3, "chi2_threshold": 11.344866730144373, "N_raw": 48, "N_roi": 48, "N_inlier": 47, "refit": true}
{"timestamp": "15:37:13.169514", "frame": 75, "mu": [-1.4535798037778747, 2.269724978977822, 0.125434557729499], "Sigma": [[0.014377734524135833, 0.005198296970400628, -0.018606289506485803], [0.005198296970400628, 0.006687984000628658, -0.01268467094715792], [-0.018606289506485806, -0.01268467094715792, 0.0566230804361271]], "chi2_level": 0.99, "chi2_df": 3, "chi2_threshold": 11.344866730144373, "N_raw": 36, "N_roi": 36, "N_inlier": 34, "refit": true}
{"timestamp": "15:37:13.229463", "frame": 76, "mu": [-1.4109567946297452, 2.3992804770263527, 0.10557578791167864], "Sigma": [[0.013377407923306023, 0.005148569887002813, -0.011684328665721317], [0.005148569887002813, 0.011239560186900506, -0.006521889436509832], [-0.011684328665721319, -0.006521889436509831, 0.012874525293606578]], "chi2_level": 0.99, "chi2_df": 3, "chi2_threshold": 11.344866730144373, "N_raw": 70, "N_roi": 70, "N_inlier": 67, "refit": true}
{"timestamp": "15:37:13.284301", "frame": 77, "mu": [-1.4406327534672263, 2.5029822132718524, 0.1778392017780039], "Sigma": [[0.012558209769647893, 0.003541581195207122, -0.008951224749344658], [0.003541581195207122, 0.010100857713512632, -0.006479111235694172], [-0.008951224749344658, -0.006479111235694172, 0.01762652287473391]], "chi2_level": 0.99, "chi2_df": 3, "chi2_threshold": 11.344866730144373, "N_raw": 63, "N_roi": 63, "N_inlier": 60, "refit": true}
{"timestamp": "15:37:13.338949", "frame": 78, "mu": [-1.4260612924656895, 2.5059601108392373, 1.223366886702255], "Sigma": [[0.010773955334439774, 0.001759653484478963, -0.016194332737989495], [0.001759653484478963, 0.004146570644450924, -0.012852518572792036], [-0.016194332737989488, -0.012852518572792036, 0.23227849694135047]], "chi2_level": 0.99, "chi2_df": 3, "chi2_threshold": 11.344866730144373, "N_raw": 64, "N_roi": 64, "N_inlier": 63, "refit": true}
{"timestamp": "15:37:13.388778", "frame": 79, "mu": [-1.5366561473243556, 2.5817171065373667, 1.6685010608360482], "Sigma": [[0.008809957340227251, 0.0025789523509401092, -0.00792553187069039], [0.0025789523509401092, 0.004306920761384967, -0.0035718800925960245], [-0.00792553187069039, -0.0035718800925960245, 0.010683711543878578]], "chi2_level": 0.99, "chi2_df": 3, "chi2_threshold": 11.344866730144373, "N_raw": 34, "N_roi": 34, "N_inlier": 32, "refit": true}
{"timestamp": "15:37:13.446510", "frame": 80, "mu": [-1.3823078571839578, 2.634278591539363, 1.200991279407026], "Sigma": [[0.00885918027332508, 0.0005181737738721322, -0.0018355357339529834], [0.0005181737738721325, 0.003055046598285395, -0.01388098439869101], [-0.0018355357339529836, -0.01388098439869101, 0.08658743964171121]], "chi2_level": 0.99, "chi2_df": 3, "chi2_threshold": 11.344866730144373, "N_raw": 48, "N_roi": 48, "N_inlier": 46, "refit": true}
{"timestamp": "15:37:13.503922", "frame": 81, "mu": [-1.4803866155345464, 2.7114930319031134, 0.8628187053085932], "Sigma": [[0.012790906209578413, 0.0016535966583780361, 0.022321981574411794], [0.001653596658378036, 0.0035572909645391546, -0.01664672690103376], [0.022321981574411794, -0.01664672690103376, 0.2792584520222278]], "chi2_level": 0.99, "chi2_df": 3, "chi2_threshold": 11.344866730144373, "N_raw": 61, "N_roi": 61, "N_inlier": 61, "refit": true}
{"timestamp": "15:37:13.559505", "frame": 82, "mu": [-1.451089308964689, 2.766664947133151, 1.078922471384206], "Sigma": [[0.015117988409028605, -0.0009753545834741184, 0.018426192974721527], [-0.0009753545834741184, 0.003863571568782793, -0.0210190115741797], [0.018426192974721527, -0.0210190115741797, 0.21656361412062256]], "chi2_level": 0.99, "chi2_df": 3, "chi2_threshold": 11.344866730144373, "N_raw": 65, "N_roi": 65, "N_inlier": 64, "refit": true}
{"timestamp": "15:37:13.611738", "frame": 83, "mu": [-1.42563749785744, 3.018868678278797, -0.2958445612454071], "Sigma": [[0.010241673242189832, 0.001019807709900043, -0.002427177676474688], [0.0010198077099000428, 0.021271080704482206, -0.04778098672568576], [-0.002427177676474686, -0.04778098672568575, 0.11165867222269488]], "chi2_level": 0.99, "chi2_df": 3, "chi2_threshold": 11.344866730144373, "N_raw": 50, "N_roi": 50, "N_inlier": 49, "refit": true}
{"timestamp": "15:37:13.661133", "frame": 84, "mu": [-1.4180233301542535, 2.8542001657337885, 1.3673016739163648], "Sigma": [[0.007901372056669407, 7.247487194531835e-05, 0.013614932452067328], [7.247487194531835e-05, 0.003347088419438542, 0.0072146637332913925], [0.013614932452067331, 0.0072146637332913925, 0.12694939171828326]], "chi2_level": 0.99, "chi2_df": 3, "chi2_threshold": 11.344866730144373, "N_raw": 17, "N_roi": 15, "N_inlier": 14, "refit": true}
{"timestamp": "15:37:13.715996", "frame": 85, "mu": [-1.455180880451217, 2.9419667774344154, 1.1733215772485603], "Sigma": [[0.007836048149278494, 0.0018049397107895739, 0.011448140443749266], [0.0018049397107895739, 0.0008480124094813127, 0.0018242597214749028], [0.011448140443749266, 0.0018242597214749026, 0.07181407964531822]], "chi2_level": 0.99, "chi2_df": 3, "chi2_threshold": 11.344866730144373, "N_raw": 16, "N_roi": 16, "N_inlier": 15, "refit": true}
{"timestamp": "15:37:13.774728", "frame": 86, "mu": [-1.3430387925370162, 2.9140885539873445, 1.0996270928974576], "Sigma": [[0.021747594729650793, 0.002335448472207807, 0.03638370986219791], [0.002335448472207807, 0.00230336483475927, 0.002372264582310363], [0.03638370986219791, 0.002372264582310363, 0.12856890705482196]], "chi2_level": 0.99, "chi2_df": 3, "chi2_threshold": 11.344866730144373, "N_raw": 34, "N_roi": 33, "N_inlier": 32, "refit": true}
{"timestamp": "15:37:13.826397", "frame": 87, "mu": [-1.487621293735188, 3.051630989196534, 0.9473622219278345], "Sigma": [[0.010898151226543562, -0.0011222247083098732, 0.024130722578957507], [-0.0011222247083098732, 0.0025790879979912017, -0.002084786384481646], [0.0241307225789575, -0.002084786384481646, 0.10352201757070242]], "chi2_level": 0.99, "chi2_df": 3, "chi2_threshold": 11.344866730144373, "N_raw": 15, "N_roi": 15, "N_inlier": 14, "refit": true}
