{"timestamp": "15:17:41.496304", "frame": 4, "mu": [1.7013141039857635, 0.8587095442477425, 1.3226341754939406], "Sigma": [[0.0027625447161286447, -0.0018295666075726293, 0.000743210755764778], [-0.0018295666075726295, 0.006305942821993273, -0.005125641567293465], [0.0007432107557647781, -0.005125641567293465, 0.008511699382870708]], "chi2_level": 0.99, "chi2_df": 3, "chi2_threshold": 11.344866730144373, "N_raw": 12, "N_roi": 12, "N_inlier": 11, "refit": true}
{"timestamp": "15:17:41.552853", "frame": 5, "mu": [1.6964357152265737, 0.8509402945368231, 1.3735349419192964], "Sigma": [[0.002389958395646599, -0.001994689201117051, -0.0011501973870565035], [-0.001994689201117051, 0.010325767667064388, -0.001668475321533641], [-0.0011501973870565035, -0.001668475321533641, 0.0019870589868667475]], "chi2_level": 0.99, "chi2_df": 3, "chi2_threshold": 11.344866730144373, "N_raw": 20, "N_roi": 20, "N_inlier": 18, "refit": true}
{"timestamp": "15:17:41.606142", "frame": 6, "mu": [1.7037877449111662, 0.8233769523115809, 1.4183056891259622], "Sigma": [[0.004091406506199162, -0.006976680529978104, 0.0014855427941626717], [-0.006976680529978104, 0.031145456026408867, -0.02230141499939471], [0.0014855427941626717, -0.02230141499939471, 0.022172899711477567]], "chi2_level": 0.99, "chi2_df": 3, "chi2_threshold": 11.344866730144373, "N_raw": 12, "N_roi": 12, "N_inlier": 11, "refit": true}
{"timestamp": "15:17:41.717756", "frame": 8, "mu": [1.677552089162375, 0.8907973967239889, 1.3492598643047056], "Sigma": [[0.002100284353750233, -0.0019149319895935815, -0.0007841923873596355], [-0.0019149319895935815, 0.006231148524510924, -0.002681888051112218], [-0.0007841923873596354, -0.0026818880511122177, 0.00311421636988301]], "chi2_level": 0.99, "chi2_df": 3, "chi2_threshold": 11.344866730144373, "N_raw": 20, "N_roi": 20, "N_inlier": 19, "refit": true}
{"timestamp": "15:17:41.883395", "frame": 11, "mu": [1.631451309683028, 0.9349781735759402, 1.309254996043669], "Sigma": [[0.007625901392808191, 0.00269449507306878, -0.012832808194297267], [0.00269449507306878, 0.013292430756540687, -0.017083177538302192], [-0.012832808194297267, -0.017083177538302192, 0.04292229581118728]], "chi2_level": 0.99, "chi2_df": 3, "chi2_threshold": 11.344866730144373, "N_raw": 21, "N_roi": 21, "N_inlier": 21, "refit": true}
{"timestamp": "15:17:41.940271", "frame": 12, "mu": [1.6262359495273142, 0.798719640450198, 1.381558833156488], "Sigma": [[0.006746461789278975, -0.005042485329528177, -0.005290320433455453], [-0.005042485329528178, 0.007419755336204848, 0.0006360138018126644], [-0.005290320433455455, 0.0006360138018126644, 0.00786018683971515]], "chi2_level": 0.99, "chi2_df": 3, "chi2_threshold": 11.344866730144373, "N_raw": 35, "N_roi": 35, "N_inlier": 34, "refit": true}
{"timestamp": "15:17:41.993742", "frame": 13, "mu": [1.557071575971371, 0.805209997246781, 1.3633509905453285], "Sigma": [[0.006249171231229461, -0.003693537569953407, -0.005460417643697658], [-0.0036935375699534067, 0.0028549961620100888, 0.003112838797685972], [-0.005460417643697658, 0.0031128387976859717, 0.005290860602440825]], "chi2_level": 0.99, "chi2_df": 3, "chi2_threshold": 11.344866730144373, "N_raw": 9, "N_roi": 9, "N_inlier": 8, "refit": true}
{"timestamp": "15:17:42.048468", "frame": 14, "mu": [1.5368483503157981, 0.9242910495187334, -0.3453969711166825], "Sigma": [[0.005279173890422768, -0.003040760006105148, -0.005481217812396643], [-0.003040760006105148, 0.003360370639666526, 0.003240071306390757], [-0.005481217812396643, 0.0032400713063907576, 0.007005344514122896]], "chi2_level": 0.99, "chi2_df": 3, "chi2_threshold": 11.344866730144373, "N_raw": 12, "N_roi": 12, "N_inlier": 11, "refit": true}
{"timestamp": "15:17:42.104637", "frame": 15, "mu": [1.4778535701574467, 0.8254005786010825, 1.5297340632987855], "Sigma": [[0.006666547707611458, -0.0041105673363793, -0.005227852231669742], [-0.0041105673363793, 0.004735964117156705, 0.0022735742483838647], [-0.005227852231669742, 0.0022735742483838643, 0.005847247731371992]], "chi2_level": 0.99, "chi2_df": 3, "chi2_threshold": 11.344866730144373, "N_raw": 19, "N_roi": 19, "N_inlier": 19, "refit": true}
{"timestamp": "15:17:42.158651", "frame": 16, "mu": [1.5226451251588828, 0.9964903359487076, -0.4932400900872908], "Sigma": [[0.007593809512494704, 0.00038474497729587337, -0.009673049268304063], [0.00038474497729587337, 0.0008378798804711738, -2.6463472824834252e-05], [-0.009673049268304063, -2.6463472824834333e-05, 0.012954332114566806]], "chi2_level": 0.99, "chi2_df": 3, "chi2_threshold": 11.344866730144373, "N_raw": 8, "N_roi": 8, "N_inlier": 7, "refit": true}
{"timestamp": "15:17:42.271172", "frame": 18, "mu": [1.4175633625844928, 0.8020239345922777, 1.491160630361459], "Sigma": [[0.004664480589747196, -0.0033955205004141554, -0.0024464406321200224], [-0.003395520500414155, 0.006255026613148334, -4.5492678088285396e-05], [-0.0024464406321200224, -4.5492678088285396e-05, 0.002435793996465438]], "chi2_level": 0.99, "chi2_df": 3, "chi2_threshold": 11.344866730144373, "N_raw": 29, "N_roi": 29, "N_inlier": 29, "refit": true}
{"timestamp": "15:17:42.324117", "frame": 19, "mu": [1.3568076638007527, 0.8334426741780318, 1.5234400458895427], "Sigma": [[0.003140468511355972, -0.001295175747519981, -0.001511500118791951], [-0.0012951757475199812, 0.0037877703547184822, -4.709100112352665e-06], [-0.001511500118791951, -4.70910011235261e-06, 0.0015452828773669278]], "chi2_level": 0.99, "chi2_df": 3, "chi2_threshold": 11.344866730144373, "N_raw": 20, "N_roi": 20, "N_inlier": 19, "refit": true}
{"timestamp": "15:17:42.378838", "frame": 20, "mu": [1.37250941036693, 0.8447814576574465, 1.303575512757525], "Sigma": [[0.002537191794206231, 0.0009271251453933079, -0.007439669952548484], [0.0009271251453933081, 0.013726112309317, -0.027120713126264073], [-0.007439669952548484, -0.027120713126264073, 0.0762878216084395]], "chi2_level": 0.99, "chi2_df": 3, "chi2_threshold": 11.344866730144373, "N_raw": 9, "N_roi": 9, "N_inlier": 9, "refit": true}
{"timestamp": "15:17:42.434268", "frame": 21, "mu": [1.326676330620574, 0.87364156604456, 1.2716926790386562], "Sigma": [[0.0022964695959405974, -0.0011317720465333298, -0.0015187114212460691], [-0.00113177204653333, 0.01293257988520384, -0.009757513048874669], [-0.0015187114212460691, -0.009757513048874667, 0.030807412297524067]], "chi2_level": 0.99, "chi2_df": 3, "chi2_threshold": 11.344866730144373, "N_raw": 17, "N_roi": 17, "N_inlier": 16, "refit": true}
{"timestamp": "15:17:42.490333", "frame": 22, "mu": [1.2817704795632563, 0.798123219621014, 1.4380578050529524], "Sigma": [[0.007584254695488489, -0.004608678415098911, -0.006842493144788625], [-0.00460867841509891, 0.007053606881564434, 0.0026255332458678263], [-0.006842493144788625, 0.0026255332458678263, 0.006781253532673878]], "chi2_level": 0.99, "chi2_df": 3, "chi2_threshold": 11.344866730144373, "N_raw": 11, "N_roi": 11, "N_inlier": 11, "refit": true}
{"timestamp": "15:17:42.548226", "frame": 23, "mu": [1.1457569589411492, 0.8995623348887415, 1.5443503367028284], "Sigma": [[0.00862357980708957, -0.003530626845964646, -0.002672981011533718], [-0.0035306268459646462, 0.004454138157779662, 0.0005198661328800281], [-0.002672981011533718, 0.0005198661328800281, 0.0011105042872496264]], "chi2_level": 0.99, "chi2_df": 3, "chi2_threshold": 11.344866730144373, "N_raw": 38, "N_roi": 38, "N_inlier": 37, "refit": true}
{"timestamp": "15:17:42.598464", "frame": 24, "mu": [1.0878845500598282, 0.9994131325789022, 1.4101242018767177], "Sigma": [[0.002394454787296839, 0.002974139728168488, -0.009324222724972464], [0.002974139728168488, 0.007750047568341839, -0.009230326774483539], [-0.009324222724972464, -0.009230326774483539, 0.050920878537450795]], "chi2_level": 0.99, "chi2_df": 3, "chi2_threshold": 11.344866730144373, "N_raw": 8, "N_roi": 8, "N_inlier": 8, "refit": true}
{"timestamp": "15:17:42.656692", "frame": 25, "mu": [1.0322344796839196, 0.9493899777773908, 1.5934296581531504], "Sigma": [[0.0037478534900824445, -0.0009567276320804519, -0.0032922732251764305], [-0.0009567276320804519, 0.002776260495128655, -0.0004252338149359749], [-0.0032922732251764305, -0.00042523381493597467, 0.007110877026186307]], "chi2_level": 0.99, "chi2_df": 3, "chi2_threshold": 11.344866730144373, "N_raw": 28, "N_roi": 28, "N_inlier": 25, "refit": true}
{"timestamp": "15:17:42.712657", "frame": 26, "mu": [0.9613338838195903, 0.9460483030185601, 1.548564390496097], "Sigma": [[0.005726534086367324, -0.003387250683876947, -0.010479364389714203], [-0.003387250683876947, 0.00654429109591543, 0.008581796956018697], [-0.010479364389714203, 0.008581796956018697, 0.0400809891923936]], "chi2_level": 0.99, "chi2_df": 3, "chi2_threshold": 11.344866730144373, "N_raw": 41, "N_roi": 41, "N_inlier": 40, "refit": true}
{"timestamp": "15:17:42.766476", "frame": 27, "mu": [0.8764668076339853, 0.9895554705865314, 1.596301501220233], "Sigma": [[0.006345940679085084, -0.002194211911803874, -0.009937737718674816], [-0.0021942119118038743, 0.004025096030722733, 0.0025785977691319944], [-0.009937737718674814, 0.0025785977691319944, 0.021538516744615654]], "chi2_level": 0.99, "chi2_df": 3, "chi2_threshold": 11.344866730144373, "N_raw": 33, "N_roi": 33, "N_inlier": 30, "refit": true}
{"timestamp": "15:17:42.823637", "frame": 28, "mu": [0.8537773450099544, 0.9527240374486767, 1.5778202785381574], "Sigma": [[0.004028134955986621, -0.0005331604995828634, -0.004223696750769331], [-0.0005331604995828634, 0.0030916874958930845, -0.0005473040841644327], [-0.004223696750769331, -0.0005473040841644329, 0.014523521045845948]], "chi2_level": 0.99, "chi2_df": 3, "chi2_threshold": 11.344866730144373, "N_raw": 48, "N_roi": 48, "N_inlier": 45, "refit": true}
{"timestamp": "15:17:42.886025", "frame": 29, "mu": [0.8170030214619681, 0.8934120438660114, 1.1222001451562815], "Sigma": [[0.006644574876911532, 0.0014394354085008644, 0.003822257200130586], [0.0014394354085008644, 0.020901301074157934, 0.06398039118513676], [0.003822257200130585, 0.06398039118513676, 0.3719394811984353]], "chi2_level": 0.99, "chi2_df": 3, "chi2_threshold": 11.344866730144373, "N_raw": 93, "N_roi": 93, "N_inlier": 92, "refit": true}
{"timestamp": "15:17:42.930747", "frame": 30, "mu": [0.7266064422439352, 0.9220005003753889, 1.5301239849755766], "Sigma": [[0.00592843225808012, -0.0019107901668901073, -0.006062966784651793], [-0.0019107901668901073, 0.0014328436071556706, 0.0017232582736921372], [-0.006062966784651793, 0.0017232582736921372, 0.006657397807082053]], "chi2_level": 0.99, "chi2_df": 3, "chi2_threshold": 11.344866730144373, "N_raw": 19, "N_roi": 19, "N_inlier": 17, "refit": true}
{"timestamp": "15:17:42.991560", "frame": 31, "mu": [0.7318740558736588, 0.9456508839282972, 1.2754660386021037], "Sigma": [[0.005493622453872789, 0.0016652316471343076, -0.016530696230890353], [0.0016652316471343074, 0.005075645885400913, -0.020509227208556864], [-0.016530696230890353, -0.020509227208556864, 0.13368778126561387]], "chi2_level": 0.99, "chi2_df": 3, "chi2_threshold": 11.344866730144373, "N_raw": 51, "N_roi": 51, "N_inlier": 49, "refit": true}
{"timestamp": "15:17:43.043929", "frame": 32, "mu": [0.6427134709509923, 0.9118504544329735, 1.5531968725282712], "Sigma": [[0.002871853188413813, -0.0006569323658283889, -0.0016261168813454072], [-0.0006569323658283888, 0.002892747804304825, -0.0005529495384147224], [-0.0016261168813454072, -0.0005529495384147224, 0.0014267638663241452]], "chi2_level": 0.99, "chi2_df": 3, "chi2_threshold": 11.344866730144373, "N_raw": 46, "N_roi": 46, "N_inlier": 41, "refit": true}
{"timestamp": "15:17:43.106509", "frame": 33, "mu": [0.6482246534514733, 0.8971841085625829, -0.1456851636788553], "Sigma": [[0.005609847591392895, -0.0004012935709043968, 0.026642317297492647], [-0.00040129357090439694, 0.006392259260392978, -0.0006160859111423484], [0.026642317297492647, -0.0006160859111423479, 0.9844630717625095]], "chi2_level": 0.99, "chi2_df": 3, "chi2_threshold": 11.344866730144373, "N_raw": 90, "N_roi": 90, "N_inlier": 88, "refit": true}
{"timestamp": "15:17:43.161332", "frame": 34, "mu": [0.5988851404841461, 0.9147347202021019, 1.4407746081011197], "Sigma": [[0.0033906206153629433, 0.0008870558072597294, -0.0038481821481221525], [0.0008870558072597294, 0.0048199598027396364, -0.008935022564440575], [-0.003848182148122152, -0.008935022564440575, 0.027231892433294137]], "chi2_level": 0.99, "chi2_df": 3, "chi2_threshold": 11.344866730144373, "N_raw": 76, "N_roi": 76, "N_inlier": 75, "refit": true}
{"timestamp": "15:17:43.213822", "frame": 35, "mu": [0.5397821861298729, 0.8922645817289608, 1.4153798763398397], "Sigma": [[0.0051448681832599414, -0.0001180291522264645, -0.011532613804173933], [-0.00011802915222646454, 0.0038398329804267984, -0.004626202068609324], [-0.011532613804173933, -0.004626202068609324, 0.04211484861025522]], "chi2_level": 0.99, "chi2_df": 3, "chi2_threshold": 11.344866730144373, "N_raw": 79, "N_roi": 79, "N_inlier": 79, "refit": true}
{"timestamp": "15:17:43.266655", "frame": 36, "mu": [0.4864422602357963, 0.8903843258490108, 1.4011551152724415], "Sigma": [[0.002740252407533946, 0.0005994721338813496, -0.0063783965216823515], [0.0005994721338813496, 0.003224866867337206, -0.009555498846733653], [-0.0063783965216823515, -0.009555498846733654, 0.052826137809957235]], "chi2_level": 0.99, "chi2_df": 3, "chi2_threshold": 11.344866730144373, "N_raw": 69, "N_roi": 69, "N_inlier": 67, "refit": true}
{"timestamp": "15:17:43.323006", "frame": 37, "mu": [0.4819708725423549, 0.9106984899987355, 1.3621826913596633], "Sigma": [[0.003475543647030721, 0.000978444418862699, -0.0064940521784063576], [0.000978444418862699, 0.0037337254009993243, -0.009741495655969393], [-0.006494052178406356, -0.009741495655969393, 0.034594965086524404]], "chi2_level": 0.99, "chi2_df": 3, "chi2_threshold": 11.344866730144373, "N_raw": 74, "N_roi": 74, "N_inlier": 74, "refit": true}
{"timestamp": "15:17:43.379407", "frame": 38, "mu": [0.4069339847754395, 0.8997591810292555, 1.4130692113517458], "Sigma": [[0.0036238998842770126, -0.0014819523508495796, 0.003811987083525121], [-0.0014819523508495796, 0.0027886918835423567, -0.009878018956406583], [0.003811987083525121, -0.009878018956406583, 0.044842560327356215]], "chi2_level": 0.99, "chi2_df": 3, "chi2_threshold": 11.344866730144373, "N_raw": 80, "N_roi": 80, "N_inlier": 78, "refit": true}
{"timestamp": "15:17:43.435326", "frame": 39, "mu": [0.3507498512386869, 0.927400590806752, 1.2301369188260618], "Sigma": [[0.008387017142390573, -0.0026423110754625187, 0.003507374745700774], [-0.0026423110754625182, 0.00518137829051887, -0.008615746001513498], [0.0035073747457007747, -0.008615746001513498, 0.04381738671573694]], "chi2_level": 0.99, "chi2_df": 3, "chi2_threshold": 11.344866730144373, "N_raw": 87, "N_roi": 87, "N_inlier": 83, "refit": true}
{"timestamp": "15:17:43.487960", "frame": 40, "mu": [0.34286741079291044, 0.8766856680161143, 1.3892945800209633], "Sigma": [[0.0027379993657606267, -0.00035612878592031964, -0.00305590950873024], [-0.00035612878592031954, 0.004570765406581859, -0.004306868571815597], [-0.00305590950873024, -0.004306868571815597, 0.013062850138113875]], "chi2_level": 0.99, "chi2_df": 3, "chi2_threshold": 11.344866730144373, "N_raw": 75, "N_roi": 75, "N_inlier": 70, "refit": true}
{"timestamp": "15:17:43.537445", "frame": 41, "mu": [0.3245463094576989, 0.7760898358666066, 1.0953206825254103], "Sigma": [[0.004656779184382989, -0.0040958490941506685, 0.02692337361367321], [-0.004095849094150669, 0.00626093078093539, -0.018516221006697354], [0.02692337361367321, -0.018516221006697354, 0.22549306434569028]], "chi2_level": 0.99, "chi2_df": 3, "chi2_threshold": 11.344866730144373, "N_raw": 27, "N_roi": 24, "N_inlier": 23, "refit": true}
{"timestamp": "15:17:43.594264", "frame": 42, "mu": [0.25531998971329567, 1.0018832065573426, -0.3909655421497083], "Sigma": [[0.0015613011321300631, 0.00014418073980320778, -0.0014893971012586923], [0.00014418073980320784, 0.0045707176836528056, -0.0006190899855687687], [-0.0014893971012586923, -0.0006190899855687687, 0.0020594586476535962]], "chi2_level": 0.99, "chi2_df": 3, "chi2_threshold": 11.344866730144373, "N_raw": 49, "N_roi": 48, "N_inlier": 45, "refit": true}
{"timestamp": "15:17:43.654286", "frame": 43, "mu": [0.12973807145574506, 0.8831566129683346, 1.2798356918839249], "Sigma": [[0.0074403869452552215, -0.0052403783252132, 0.0075362387027694275], [-0.0052403783252132, 0.006973254028649537, -0.00815318499252737], [0.0075362387027694275, -0.00815318499252737, 0.017210991814208824]], "chi2_level": 0.99, "chi2_df": 3, "chi2_threshold": 11.344866730144373, "N_raw": 81, "N_roi": 78, "N_inlier": 74, "refit": true}
{"timestamp": "15:17:43.703959", "frame": 44, "mu": [0.10330781203829566, 0.7818769923967785, 1.3131392020645387], "Sigma": [[0.0013343509544302067, -0.0010618896344744989, -0.00086916218274271], [-0.0010618896344744989, 0.0035982416749533227, -0.0013313609949773865], [-0.0008691621827427101, -0.0013313609949773863, 0.0027187813188582904]], "chi2_level": 0.99, "chi2_df": 3, "chi2_threshold": 11.344866730144373, "N_raw": 48, "N_roi": 48, "N_inlier": 46, "refit": true}
{"timestamp": "15:17:43.764045", "frame": 45, "mu": [-0.06719872417685988, 0.9401722191019851, 1.257922372480618], "Sigma": [[0.006111587472159734, -0.004121915042243726, 0.020479367460732874], [-0.004121915042243726, 0.005628686978800283, -0.011008781891459651], [0.020479367460732874, -0.011008781891459651, 0.12271357708663579]], "chi2_level": 0.99, "chi2_df": 3, "chi2_threshold": 11.344866730144373, "N_raw": 79, "N_roi": 79, "N_inlier": 79, "refit": true}
{"timestamp": "15:17:43.817536", "frame": 46, "mu": [-0.055508424176319175, 0.9334095589530294, 1.5431444369428569], "Sigma": [[0.0027042110381186694, -0.001890445412399424, -0.0032331127545746977], [-0.0018904454123994238, 0.006086349486135466, 0.0015098262815575758], [-0.0032331127545746977, 0.0015098262815575758, 0.007173876058991062]], "chi2_level": 0.99, "chi2_df": 3, "chi2_threshold": 11.344866730144373, "N_raw": 69, "N_roi": 69, "N_inlier": 66, "refit": true}
{"timestamp": "15:17:43.874358", "frame": 47, "mu": [-0.15328668185927696, 0.9486670425084692, 1.490304313618573], "Sigma": [[0.0024347043379721704, -0.0014677797187772341, 0.001411896373171438], [-0.0014677797187772341, 0.003571507283354501, -0.007706222114980882], [0.001411896373171438, -0.007706222114980882, 0.02522505942739943]], "chi2_level": 0.99, "chi2_df": 3, "chi2_threshold": 11.344866730144373, "N_raw": 79, "N_roi": 79, "N_inlier": 77, "refit": true}
{"timestamp": "15:17:43.929154", "frame": 48, "mu": [-0.1839836838821764, 0.932977314004185, 1.547059786741594], "Sigma": [[0.0032877386654434613, -0.0018640082806027718, -0.002501378294317999], [-0.0018640082806027718, 0.003966270693581925, -0.0011560501822579696], [-0.002501378294317999, -0.0011560501822579696, 0.010472733744095727]], "chi2_level": 0.99, "chi2_df": 3, "chi2_threshold": 11.344866730144373, "N_raw": 84, "N_roi": 84, "N_inlier": 82, "refit": true}
{"timestamp": "15:17:43.985408", "frame": 49, "mu": [-0.20711655059749268, 0.9226212043214366, 1.484100579036453], "Sigma": [[0.002830635940231767, -0.002303862751383594, -0.0018486373652358218], [-0.002303862751383594, 0.005204822748990002, -0.0009982407128462274], [-0.0018486373652358218, -0.0009982407128462274, 0.01215095679286885]], "chi2_level": 0.99, "chi2_df": 3, "chi2_threshold": 11.344866730144373, "N_raw": 89, "N_roi": 87, "N_inlier": 83, "refit": true}
{"timestamp": "15:17:44.036075", "frame": 50, "mu": [-0.25240335250044826, 0.9098095392905159, 1.4507936362807559], "Sigma": [[0.0028623286389032896, -0.001714203467293009, -0.004244278788384177], [-0.001714203467293009, 0.0046220684055017424, 0.00020153222459899997], [-0.004244278788384177, 0.00020153222459899997, 0.010035106936787759]], "chi2_level": 0.99, "chi2_df": 3, "chi2_threshold": 11.344866730144373, "N_raw": 63, "N_roi": 63, "N_inlier": 62, "refit": true}
{"timestamp": "15:17:44.092150", "frame": 51, "mu": [-0.3201126433089685, 0.9227651179148517, 1.4957348409988236], "Sigma": [[0.0024192399130416554, -0.002128901602547451, -0.003989041481493911], [-0.002128901602547451, 0.005872667638269902, 0.0018426402950975358], [-0.003989041481493911, 0.0018426402950975362, 0.010178698443200131]], "chi2_level": 0.99, "chi2_df": 3, "chi2_threshold": 11.344866730144373, "N_raw": 66, "N_roi": 64, "N_inlier": 60, "refit": true}
{"timestamp": "15:17:44.148810", "frame": 52, "mu": [-0.37760985055819823, 0.9276925188663725, 1.467481511141471], "Sigma": [[0.002946118001397776, -0.000847905488927479, -0.001332888563767621], [-0.0008479054889274792, 0.005280984285377324, -0.003343472736677193], [-0.001332888563767621, -0.003343472736677193, 0.003668044356863768]], "chi2_level": 0.99, "chi2_df": 3, "chi2_threshold": 11.344866730144373, "N_raw": 79, "N_roi": 79, "N_inlier": 77, "refit": true}
{"timestamp": "15:17:44.202487", "frame": 53, "mu": [-0.46209480189599633, 0.9509096893293407, -0.44637422780457364], "Sigma": [[0.0033995832150166706, -0.0002883650573347318, -0.001780570570375799], [-0.0002883650573347318, 0.0021605607073599785, -0.0022591202445466562], [-0.0017805705703757987, -0.0022591202445466562, 0.006560303787139892]], "chi2_level": 0.99, "chi2_df": 3, "chi2_threshold": 11.344866730144373, "N_raw": 67, "N_roi": 67, "N_inlier": 58, "refit": true}
{"timestamp": "15:17:44.256306", "frame": 54, "mu": [-0.5320770581086749, 0.9277331701742739, 1.565430536489051], "Sigma": [[0.002673601910048866, -0.0008586133531682833, -0.0003790426419410372], [-0.0008586133531682831, 0.004157014419626807, -0.0028159340682476297], [-0.0003790426419410372, -0.0028159340682476297, 0.002593471111395017]], "chi2_level": 0.99, "chi2_df": 3, "chi2_threshold": 11.344866730144373, "N_raw": 61, "N_roi": 61, "N_inlier": 60, "refit": true}
{"timestamp": "15:17:44.308345", "frame": 55, "mu": [-0.561033800183976, 0.9164555794648053, 1.594951897873155], "Sigma": [[0.0021449461421783897, -0.0014349706491213348, -0.0005192247361211991], [-0.0014349706491213346, 0.002836193372079062, -0.0013049821935026333], [-0.0005192247361211991, -0.0013049821935026335, 0.0024714417538622938]], "chi2_level": 0.99, "chi2_df": 3, "chi2_threshold": 11.344866730144373, "N_raw": 39, "N_roi": 39, "N_inlier": 36, "refit": true}
{"timestamp": "15:17:44.364230", "frame": 56, "mu": [-0.6115943903412138, 0.9398130523689292, 1.2591717109342049], "Sigma": [[0.008762325417740875, 0.004653647202900781, -0.04388182782043723], [0.004653647202900781, 0.004973474749948999, -0.027589589455278375], [-0.04388182782043723, -0.02758958945527837, 0.3748851355416933]], "chi2_level": 0.99, "chi2_df": 3, "chi2_threshold": 11.344866730144373, "N_raw": 51, "N_roi": 51, "N_inlier": 46, "refit": true}
{"timestamp": "15:17:44.416665", "frame": 57, "mu": [-0.9094127344939134, 0.7303567660655315, 1.8217290760238298], "Sigma": [[0.019690235859153363, 0.01078605631182021, -0.014718159504745244], [0.01078605631182021, 0.011192411373971861, -0.011153679530799824], [-0.014718159504745244, -0.011153679530799824, 0.01306895784994294]], "chi2_level": 0.99, "chi2_df": 3, "chi2_threshold": 11.344866730144373, "N_raw": 32, "N_roi": 32, "N_inlier": 31, "refit": true}
{"timestamp": "15:17:44.481433", "frame": 58, "mu": [-0.8966043494821174, 0.7985662930655668, 1.7031111593077417], "Sigma": [[0.01743342620869176, 0.0076356893934750435, -0.011981679131203607], [0.007635689393475045, 0.007845397777271399, -0.009201688932046839], [-0.011981679131203607, -0.009201688932046839, 0.016585852844796516]], "chi2_level": 0.99, "chi2_df": 3, "chi2_threshold": 11.344866730144373, "N_raw": 97, "N_roi": 97, "N_inlier": 94, "refit": true}
{"timestamp": "15:17:44.536200", "frame": 59, "mu": [-0.9071720887228094, 0.7785188795591036, 0.19957149613081507], "Sigma": [[0.014258200221926282, 0.003148916406038674, 0.058425925303109236], [0.0031489164060386743, 0.009478647629209436, 0.036429790944822675], [0.05842592530310923, 0.03642979094482268, 0.6690857838701175]], "chi2_level": 0.99, "chi2_df": 3, "chi2_threshold": 11.344866730144373, "N_raw": 96, "N_roi": 96, "N_inlier": 96, "refit": true}
{"timestamp": "15:17:44.588424", "frame": 60, "mu": [-0.9637028216158228, 0.7616826964431542, 1.6085227259804806], "Sigma": [[0.0230002720562651, 0.003328111776450605, -0.01928245764342815], [0.0033281117764506056, 0.007436882868194092, -0.005429022104707938], [-0.019282457643428154, -0.005429022104707939, 0.024611498931255235]], "chi2_level": 0.99, "chi2_df": 3, "chi2_threshold": 11.344866730144373, "N_raw": 65, "N_roi": 64, "N_inlier": 61, "refit": true}
{"timestamp": "15:17:44.650001", "frame": 61, "mu": [-0.9902405370397599, 0.8037595082629866, 1.603637682144159], "Sigma": [[0.016461535761437232, 0.0014444831918446785, -0.00967750492955112], [0.0014444831918446783, 0.011071574209241177, -0.001950165910177025], [-0.00967750492955112, -0.0019501659101770245, 0.007738505219100279]], "chi2_level": 0.99, "chi2_df": 3, "chi2_threshold": 11.344866730144373, "N_raw": 125, "N_roi": 125, "N_inlier": 122, "refit": true}
{"timestamp": "15:17:44.706135", "frame": 62, "mu": [-1.0373843002718344, 0.8493984660622556, -0.26753355698334186], "Sigma": [[0.014822053643212008, 0.006142271415094417, -0.0006434139390033325], [0.006142271415094417, 0.020488856382455428, 0.008316413319211681], [-0.0006434139390033321, 0.008316413319211683, 0.00779574064451503]], "chi2_level": 0.99, "chi2_df": 3, "chi2_threshold": 11.344866730144373, "N_raw": 122, "N_roi": 122, "N_inlier": 118, "refit": true}
{"timestamp": "15:17:44.755938", "frame": 63, "mu": [-1.0556426300188613, 0.808726208531913, -0.3033184310081709], "Sigma": [[0.014969025383269828, 0.0037026102551801577, -0.004572117966278464], [0.003702610255180157, 0.015261830149749142, 0.01045941279637071], [-0.004572117966278464, 0.01045941279637071, 0.01686039499297334]], "chi2_level": 0.99, "chi2_df": 3, "chi2_threshold": 11.344866730144373, "N_raw": 91, "N_roi": 91, "N_inlier": 89, "refit": true}
{"timestamp": "15:17:44.809393", "frame": 64, "mu": [-1.1502433211669927, 0.8479925596103036, -0.07613150685466188], "Sigma": [[0.01175321235215404, 0.004042505507086497, 0.02063885127655169], [0.004042505507086497, 0.010395307727306412, 0.01490065087414173], [0.02063885127655169, 0.01490065087414173, 0.1565058411147562]], "chi2_level": 0.99, "chi2_df": 3, "chi2_threshold": 11.344866730144373, "N_raw": 81, "N_roi": 81, "N_inlier": 78, "refit": true}
{"timestamp": "15:17:44.868450", "frame": 65, "mu": [-1.1117247262858223, 0.8120085379284419, 1.5824321112589979], "Sigma": [[0.013773016361890216, 0.001646654586641327, -0.009326231992101173], [0.0016466545866413267, 0.009584357057828223, -0.00518269548717519], [-0.009326231992101173, -0.005182695487175191, 0.010454942700284648]], "chi2_level": 0.99, "chi2_df": 3, "chi2_threshold": 11.344866730144373, "N_raw": 108, "N_roi": 108, "N_inlier": 104, "refit": true}
{"timestamp": "15:17:44.919666", "frame": 66, "mu": [-1.1712605388521051, 0.863874169553566, 1.6784372234283635], "Sigma": [[0.010176618884964739, 0.001401826592158591, -0.004945571233834071], [0.0014018265921585914, 0.009205168215517841, -0.001997288946592094], [-0.004945571233834071, -0.0019972889465920936, 0.006856411994456823]], "chi2_level": 0.99, "chi2_df": 3, "chi2_threshold": 11.344866730144373, "N_raw": 80, "N_roi": 80, "N_inlier": 77, "refit": true}
{"timestamp": "15:17:44.976979", "frame": 67, "mu": [-1.1797000539022122, 0.8833259828754572, 1.4930183996965358], "Sigma": [[0.01151139657343433, 0.004803905696962665, -0.0135289567132854], [0.004803905696962665, 0.012054324534881863, -0.013440892869737323], [-0.0135289567132854, -0.013440892869737325, 0.14792651892133304]], "chi2_level": 0.99, "chi2_df": 3, "chi2_threshold": 11.344866730144373, "N_raw": 99, "N_roi": 99, "N_inlier": 99, "refit": true}
{"timestamp": "15:17:45.031762", "frame": 68, "mu": [-1.1978122980139303, 0.9614711938833069, -0.1824584111968603], "Sigma": [[0.015326724619212395, 0.008975436300406436, 0.001031760289549378], [0.008975436300406436, 0.015350029200029727, 0.0022063219840081517], [0.001031760289549378, 0.0022063219840081517, 0.0058798802360917465]], "chi2_level": 0.99, "chi2_df": 3, "chi2_threshold": 11.344866730144373, "N_raw": 99, "N_roi": 99, "N_inlier": 96, "refit": true}
{"timestamp": "15:17:45.085732", "frame": 69, "mu": [-1.2720894499432505, 0.7152981239008243, 1.4408011873422855], "Sigma": [[0.015238390139968609, 0.008045189650623575, -0.002387511467695745], [0.008045189650623575, 0.014121906451340229, -0.0048403304666542], [-0.002387511467695745, -0.004840330466654198, 0.0025716573563807567]], "chi2_level": 0.99, "chi2_df": 3, "chi2_threshold": 11.344866730144373, "N_raw": 87, "N_roi": 87, "N_inlier": 86, "refit": true}
{"timestamp": "15:17:45.140695", "frame": 70, "mu": [-1.2544496660903706, 0.8660919329468806, 1.5649801190069654], "Sigma": [[0.014231204766315947, 0.007188515684104739, -0.005353195866477823], [0.007188515684104739, 0.01216561125991971, -0.005177299475436703], [-0.005353195866477823, -0.005177299475436703, 0.005249719310247204]], "chi2_level": 0.99, "chi2_df": 3, "chi2_threshold": 11.344866730144373, "N_raw": 89, "N_roi": 89, "N_inlier": 85, "refit": true}
{"timestamp": "15:17:45.193803", "frame": 71, "mu": [-1.2852977241474137, 0.8396112219753001, 1.4812987999374494], "Sigma": [[0.011605122224003952, 0.0055188467042273405, -0.0035771211348616843], [0.00551884670422734, 0.015111314805825582, -0.004417180189040662], [-0.0035771211348616843, -0.004417180189040662, 0.0023808934334378887]], "chi2_level": 0.99, "chi2_df": 3, "chi2_threshold": 11.344866730144373, "N_raw": 87, "N_roi": 87, "N_inlier": 85, "refit": true}
{"timestamp": "15:17:45.247501", "frame": 72, "mu": [-1.3405041532544277, 0.8530361472160067, 1.5173670129913397], "Sigma": [[0.00953249146846484, 0.0024424347874117524, -0.0016091863058172217], [0.0024424347874117524, 0.007662127026340248, -0.0035608900256920537], [-0.0016091863058172217, -0.0035608900256920537, 0.002261225976424575]], "chi2_level": 0.99, "chi2_df": 3, "chi2_threshold": 11.344866730144373, "N_raw": 66, "N_roi": 66, "N_inlier": 64, "refit": true}
{"timestamp": "15:17:45.305298", "frame": 73, "mu": [-1.3219407479482155, 0.9226390406357492, 1.486762736059749], "Sigma": [[0.01283714725928889, 0.003705816740186261, -0.006691682646910306], [0.0037058167401862615, 0.0100557528078029, -0.005023340437730405], [-0.006691682646910306, -0.005023340437730405, 0.007732947386532981]], "chi2_level": 0.99, "chi2_df": 3, "chi2_threshold": 11.344866730144373, "N_raw": 88, "N_roi": 88, "N_inlier": 84, "refit": true}
{"timestamp": "15:17:45.357118", "frame": 74, "mu": [-1.3520588696371576, 0.8955495285476833, 1.440490247129134], "Sigma": [[0.010039141178502917, 0.0020880199214966914, -0.007042470306123335], [0.0020880199214966914, 0.007147721864019654, -0.0038393938391214793], [-0.007042470306123335, -0.0038393938391214797, 0.008470016883980335]], "chi2_level": 0.99, "chi2_df": 3, "chi2_threshold": 11.344866730144373, "N_raw": 61, "N_roi": 61, "N_inlier": 59, "refit": true}
{"timestamp": "15:17:45.418484", "frame": 75, "mu": [-1.334571054475775, 0.991413538173506, 1.3800889005996557], "Sigma": [[0.019141934673599405, 0.008675808715351906, -0.029136657058086525], [0.008675808715351906, 0.013725951381726926, -0.030790698616898798], [-0.029136657058086525, -0.030790698616898798, 0.13562719504962262]], "chi2_level": 0.99, "chi2_df": 3, "chi2_threshold": 11.344866730144373, "N_raw": 108, "N_roi": 108, "N_inlier": 108, "refit": true}
{"timestamp": "15:17:45.468964", "frame": 76, "mu": [-1.3921253536750853, 0.9763640134172352, -0.2463425973322028], "Sigma": [[0.014645136322758266, 0.006880815373775234, 0.031803486848275976], [0.006880815373775235, 0.013026282208791201, 0.02161054661796244], [0.03180348684827598, 0.02161054661796244, 0.29613779643669297]], "chi2_level": 0.99, "chi2_df": 3, "chi2_threshold": 11.344866730144373, "N_raw": 79, "N_roi": 79, "N_inlier": 79, "refit": true}
{"timestamp": "15:17:45.527065", "frame": 77, "mu": [-1.3762873273179725, 0.9905354118765994, 1.4509377506363137], "Sigma": [[0.018133435393918058, 0.007363083159416868, -0.005244554427468528], [0.007363083159416868, 0.009825698191997146, -0.007293181824742182], [-0.005244554427468528, -0.007293181824742182, 0.009722586866217237]], "chi2_level": 0.99, "chi2_df": 3, "chi2_threshold": 11.344866730144373, "N_raw": 104, "N_roi": 104, "N_inlier": 102, "refit": true}
{"timestamp": "15:17:45.575519", "frame": 78, "mu": [-1.4647796006915041, 0.9849423033823232, 1.5354460679927138], "Sigma": [[0.009707233216337307, 0.002989359212740239, -0.00204008429526091], [0.00298935921274024, 0.006692641653935727, -0.004859487422531047], [-0.0020400842952609105, -0.0048594874225310475, 0.005582132870011013]], "chi2_level": 0.99, "chi2_df": 3, "chi2_threshold": 11.344866730144373, "N_raw": 58, "N_roi": 58, "N_inlier": 57, "refit": true}
{"timestamp": "15:17:45.630124", "frame": 79, "mu": [-1.515188942035786, 1.0987180061209665, -0.21467454311405573], "Sigma": [[0.009536850713575205, 0.003663258332736504, 0.002917255145939318], [0.003663258332736504, 0.009942452204228196, -0.0011662561108439682], [0.002917255145939318, -0.0011662561108439682, 0.009698113285232459]], "chi2_level": 0.99, "chi2_df": 3, "chi2_threshold": 11.344866730144373, "N_raw": 57, "N_roi": 57, "N_inlier": 56, "refit": true}
{"timestamp": "15:17:45.687248", "frame": 80, "mu": [-1.4711967351012167, 1.0334204767710289, 1.508807188216569], "Sigma": [[0.01030423872481709, 0.003975541209255184, -0.005361759377667646], [0.003975541209255184, 0.006542118953691928, -0.006246481492956677], [-0.005361759377667646, -0.006246481492956679, 0.013602918311842413]], "chi2_level": 0.99, "chi2_df": 3, "chi2_threshold": 11.344866730144373, "N_raw": 67, "N_roi": 67, "N_inlier": 64, "refit": true}
{"timestamp": "15:17:45.742800", "frame": 81, "mu": [-1.582840438117268, 1.1248886362084438, 1.6236995724985377], "Sigma": [[0.01005697974923692, 0.004585305899148668, -0.007852206584038748], [0.004585305899148668, 0.010057321438458352, -0.009032472938847978], [-0.007852206584038748, -0.00903247293884798, 0.015070054064585668]], "chi2_level": 0.99, "chi2_df": 3, "chi2_threshold": 11.344866730144373, "N_raw": 68, "N_roi": 68, "N_inlier": 63, "refit": true}
{"timestamp": "15:17:45.795930", "frame": 82, "mu": [-1.5538684618555079, 1.1742174846855, 1.660230597100247], "Sigma": [[0.010117374312962722, 0.0036063262219278224, -0.009146017101355639], [0.0036063262219278233, 0.009500726865510596, -0.010547890150836717], [-0.009146017101355639, -0.010547890150836719, 0.02147841888838657]], "chi2_level": 0.99, "chi2_df": 3, "chi2_threshold": 11.344866730144373, "N_raw": 62, "N_roi": 62, "N_inlier": 60, "refit": true}
{"timestamp": "15:17:45.848006", "frame": 83, "mu": [-1.458852221227709, 1.1877428102474672, 1.5021685418881423], "Sigma": [[0.008139159392808218, 0.0052805456129161625, -0.007563146141815386], [0.0052805456129161625, 0.007768618951328485, -0.007170949770252151], [-0.007563146141815385, -0.007170949770252152, 0.020743073418613346]], "chi2_level": 0.99, "chi2_df": 3, "chi2_threshold": 11.344866730144373, "N_raw": 41, "N_roi": 41, "N_inlier": 37, "refit": true}
{"timestamp": "15:17:45.901831", "frame": 84, "mu": [-1.5902025522291467, 1.1974816895525675, 1.6783853556655841], "Sigma": [[0.014779552891524375, 0.007045081628563938, -0.027957122612760982], [0.007045081628563938, 0.008351774612390983, -0.017069135368577567], [-0.027957122612760982, -0.017069135368577567, 0.08105154590619382]], "chi2_level": 0.99, "chi2_df": 3, "chi2_threshold": 11.344866730144373, "N_raw": 31, "N_roi": 31, "N_inlier": 29, "refit": true}
{"timestamp": "15:17:45.963578", "frame": 85, "mu": [-1.505315450401947, 1.222739617989501, 1.1864378703576894], "Sigma": [[0.01533918060343261, 0.006138225577684758, -0.04002550710557426], [0.006138225577684759, 0.00710878102266722, -0.011529193745777], [-0.04002550710557426, -0.011529193745777, 0.31077084276715]], "chi2_level": 0.99, "chi2_df": 3, "chi2_threshold": 11.344866730144373, "N_raw": 80, "N_roi": 80, "N_inlier": 78, "refit": true}
{"timestamp": "15:17:46.014034", "frame": 86, "mu": [-1.5964937454669956, 1.2995315648456267, 1.3505775947972156], "Sigma": [[0.017772739489409245, 0.011996546364597219, -0.034424486474032956], [0.011996546364597219, 0.013894545488390664, -0.035513077177070376], [-0.034424486474032956, -0.035513077177070376, 0.12276299096374539]], "chi2_level": 0.99, "chi2_df": 3, "chi2_threshold": 11.344866730144373, "N_raw": 45, "N_roi": 45, "N_inlier": 44, "refit": true}
{"timestamp": "15:17:46.071776", "frame": 87, "mu": [-1.6119120624802707, 1.3820463200531985, 1.3466807721932579], "Sigma": [[0.013654020867678541, 0.011266457530605966, -0.04550372850249141], [0.011266457530605966, 0.01592816256848329, -0.05746823809661588], [-0.04550372850249141, -0.05746823809661588, 0.3468812449291537]], "chi2_level": 0.99, "chi2_df": 3, "chi2_threshold": 11.344866730144373, "N_raw": 71, "N_roi": 71, "N_inlier": 71, "refit": true}
{"timestamp": "15:17:46.124004", "frame": 88, "mu": [-1.6748988023413325, 1.354162300289063, -0.11186681375415367], "Sigma": [[0.014104645135533226, 0.011138405414384343, 0.0015699496839285732], [0.011138405414384343, 0.01641310218601649, -0.0015130854197165206], [0.0015699496839285737, -0.001513085419716521, 0.018458533793005955]], "chi2_level": 0.99, "chi2_df": 3, "chi2_threshold": 11.344866730144373, "N_raw": 49, "N_roi": 49, "N_inlier": 46, "refit": true}
{"timestamp": "15:17:46.182047", "frame": 89, "mu": [-1.656678165862914, 1.4267367725787692, 0.15252162000557407], "Sigma": [[0.021180556143506585, 0.018310440545732793, -0.014944226847666577], [0.018310440545732793, 0.022981035792531093, -0.013189492709843091], [-0.014944226847666577, -0.013189492709843091, 0.013901652179610454]], "chi2_level": 0.99, "chi2_df": 3, "chi2_threshold": 11.344866730144373, "N_raw": 68, "N_roi": 68, "N_inlier": 66, "refit": true}
{"timestamp": "15:17:46.231324", "frame": 90, "mu": [-1.652792711616299, 1.436770860035662, 1.7781175688655324], "Sigma": [[0.01575214319616082, 0.010049377116293813, -0.020741377999897247], [0.010049377116293813, 0.010908759328595878, -0.014442552000456898], [-0.02074137799989724, -0.014442552000456898, 0.03487762687663506]], "chi2_level": 0.99, "chi2_df": 3, "chi2_threshold": 11.344866730144373, "N_raw": 25, "N_roi": 25, "N_inlier": 24, "refit": true}
{"timestamp": "15:17:46.293532", "frame": 91, "mu": [-1.6999419129011866, 1.5286867978238394, 1.79192038761755], "Sigma": [[0.024737700574330147, 0.015834715763525582, -0.021899238150232158], [0.01583471576352558, 0.020525039931869063, -0.013212935885030641], [-0.021899238150232158, -0.013212935885030641, 0.021906959161511315]], "chi2_level": 0.99, "chi2_df": 3, "chi2_threshold": 11.344866730144373, "N_raw": 86, "N_roi": 86, "N_inlier": 84, "refit": true}
{"timestamp": "15:17:46.350344", "frame": 92, "mu": [-1.660753222063962, 1.6161868282512881, 1.669576592198276], "Sigma": [[0.022732088440346555, 0.010820350103108365, -0.016190259550204852], [0.010820350103108365, 0.013106705341060843, -0.013070174543439072], [-0.016190259550204852, -0.013070174543439074, 0.02284142917943463]], "chi2_level": 0.99, "chi2_df": 3, "chi2_threshold": 11.344866730144373, "N_raw": 88, "N_roi": 88, "N_inlier": 87, "refit": true}
{"timestamp": "15:17:46.404106", "frame": 93, "mu": [-1.7127989528255916, 1.6520977008575266, 1.705379064225583], "Sigma": [[0.021117540534756993, 0.0183330675255573, -0.019978377715616676], [0.0183330675255573, 0.02492944693782278, -0.021241281210827398], [-0.019978377715616676, -0.021241281210827398, 0.02502991867158615]], "chi2_level": 0.99, "chi2_df": 3, "chi2_threshold": 11.344866730144373, "N_raw": 83, "N_roi": 83, "N_inlier": 82, "refit": true}
