{"timestamp": "15:53:51.609371", "frame": 1, "mu": [0.8521857358469068, 1.4867180979565653, 1.5666733840379008], "Sigma": [[0.007246974420881364, -0.00020812653905497087, -0.004622503404396365], [-0.00020812653905497104, 0.004633604512926368, -0.0024232148933886447], [-0.004622503404396365, -0.0024232148933886442, 0.004976884727341316]], "chi2_level": 0.99, "chi2_df": 3, "chi2_threshold": 11.344866730144373, "N_raw": 66, "N_roi": 66, "N_inlier": 64, "refit": true}
{"timestamp": "15:53:51.664467", "frame": 2, "mu": [0.8488335634911012, 1.4951869541260976, 1.5704817601006122], "Sigma": [[0.006683896272395267, -0.0003148073701499212, -0.0047649464600198355], [-0.00031480737014992125, 0.004852437938326358, -0.0030120808658181514], [-0.0047649464600198355, -0.0030120808658181514, 0.00626716818879626]], "chi2_level": 0.99, "chi2_df": 3, "chi2_threshold": 11.344866730144373, "N_raw": 67, "N_roi": 66, "N_inlier": 64, "refit": true}
{"timestamp": "15:53:51.719449", "frame": 3, "mu": [0.8387487016281185, 1.4887558744351783, 1.5449018218609518], "Sigma": [[0.005048336002769125, -0.001155901487929164, -0.0033654943050917263], [-0.0011559014879291638, 0.0026990593241020084, -0.0018095404752588042], [-0.0033654943050917254, -0.0018095404752588046, 0.007480719224582014]], "chi2_level": 0.99, "chi2_df": 3, "chi2_threshold": 11.344866730144373, "N_raw": 43, "N_roi": 43, "N_inlier": 40, "refit": true}
{"timestamp": "15:53:51.772737", "frame": 4, "mu": [0.8525675900897014, 1.4697397451798937, 1.5356523936303506], "Sigma": [[0.006566506275718314, -0.0036468504841750344, -0.010933337851822812], [-0.0036468504841750344, 0.0035970133521179065, 0.005905533898444665], [-0.010933337851822812, 0.005905533898444665, 0.024452264619582414]], "chi2_level": 0.99, "chi2_df": 3, "chi2_threshold": 11.344866730144373, "N_raw": 38, "N_roi": 38, "N_inlier": 35, "refit": true}
{"timestamp": "15:53:51.831707", "frame": 5, "mu": [0.8352840471264715, 1.4596840356372704, 1.5198919548311987], "Sigma": [[0.007362210368728951, -0.0011570781047589177, -0.008653296085619372], [-0.0011570781047589177, 0.002371733794126252, -0.0002921965681780456], [-0.00865329608561937, -0.0002921965681780456, 0.02101807741925673]], "chi2_level": 0.99, "chi2_df": 3, "chi2_threshold": 11.344866730144373, "N_raw": 59, "N_roi": 59, "N_inlier": 57, "refit": true}
{"timestamp": "15:53:51.887125", "frame": 6, "mu": [0.8586022735332103, 1.446186534647842, 1.4718986208777174], "Sigma": [[0.009493734935656051, -0.001977100052980441, -0.010421786253371253], [-0.001977100052980441, 0.002726627855522903, -0.0014494102104340059], [-0.010421786253371253, -0.0014494102104340054, 0.019119948088104473]], "chi2_level": 0.99, "chi2_df": 3, "chi2_threshold": 11.344866730144373, "N_raw": 70, "N_roi": 70, "N_inlier": 69, "refit": true}
{"timestamp": "15:53:51.938830", "frame": 7, "mu": [0.8058267079935748, 1.4555083408548974, 1.6401646505185188], "Sigma": [[0.004813695197990638, -0.0010114444269764564, -0.003567200198236727], [-0.0010114444269764564, 0.004305049456904192, 0.0018825126392807497], [-0.0035672001982367265, 0.0018825126392807495, 0.009616859120965496]], "chi2_level": 0.99, "chi2_df": 3, "chi2_threshold": 11.344866730144373, "N_raw": 43, "N_roi": 43, "N_inlier": 39, "refit": true}
{"timestamp": "15:53:51.996878", "frame": 8, "mu": [0.8248288679503587, 1.4329277745449747, 1.5202222251158641], "Sigma": [[0.00695288995262333, -0.00011819946469779058, -0.008782625737956667], [-0.0001181994646977905, 0.005256329607246407, -0.003415125679749764], [-0.008782625737956667, -0.003415125679749764, 0.030626082519477085]], "chi2_level": 0.99, "chi2_df": 3, "chi2_threshold": 11.344866730144373, "N_raw": 68, "N_roi": 68, "N_inlier": 65, "refit": true}
{"timestamp": "15:53:52.051288", "frame": 9, "mu": [0.8561260879548297, 1.4450759691604378, 1.4846747899972672], "Sigma": [[0.007622485555830264, -0.0005869466406663712, -0.006228935297714894], [-0.0005869466406663712, 0.004089447999483448, -0.002616845976704843], [-0.006228935297714894, -0.002616845976704843, 0.007924468543363239]], "chi2_level": 0.99, "chi2_df": 3, "chi2_threshold": 11.344866730144373, "N_raw": 64, "N_roi": 64, "N_inlier": 64, "refit": true}
{"timestamp": "15:53:52.108863", "frame": 10, "mu": [0.8601285262737517, 1.4229989128726324, 1.395854327183216], "Sigma": [[0.006176059347367626, -0.0002276884499200196, -0.00601055939538151], [-0.00022768844992001957, 0.004687884924365608, -0.00424883692066819], [-0.00601055939538151, -0.00424883692066819, 0.01063225423938441]], "chi2_level": 0.99, "chi2_df": 3, "chi2_threshold": 11.344866730144373, "N_raw": 72, "N_roi": 72, "N_inlier": 69, "refit": true}
{"timestamp": "15:53:52.163617", "frame": 11, "mu": [0.8512597565682827, 1.4265583568495275, 1.425514875118652], "Sigma": [[0.005559348012457543, -0.0007079358449834048, -0.007127017145343899], [-0.0007079358449834049, 0.002843511167789168, -0.0037036386166710766], [-0.0071270171453438995, -0.0037036386166710766, 0.017729909255327393]], "chi2_level": 0.99, "chi2_df": 3, "chi2_threshold": 11.344866730144373, "N_raw": 61, "N_roi": 61, "N_inlier": 58, "refit": true}
{"timestamp": "15:53:52.211654", "frame": 12, "mu": [0.7716250330047688, 1.4423402674523444, 1.5913730240097743], "Sigma": [[0.004718228605583319, -0.0014751984342991284, -0.012991945175854685], [-0.0014751984342991284, 0.003183586199006028, 0.010708159663586712], [-0.012991945175854685, 0.01070815966358671, 0.12530058980671716]], "chi2_level": 0.99, "chi2_df": 3, "chi2_threshold": 11.344866730144373, "N_raw": 29, "N_roi": 29, "N_inlier": 27, "refit": true}
{"timestamp": "15:53:52.273819", "frame": 13, "mu": [0.8238153328553236, 1.390652007387657, 1.291810323594241], "Sigma": [[0.006389350585868374, -0.0007685267226609179, -0.013256439961610801], [-0.0007685267226609179, 0.0045630456675707825, -0.010910246561559043], [-0.0132564399616108, -0.010910246561559044, 0.13187335137580922]], "chi2_level": 0.99, "chi2_df": 3, "chi2_threshold": 11.344866730144373, "N_raw": 84, "N_roi": 84, "N_inlier": 80, "refit": true}
{"timestamp": "15:53:52.323858", "frame": 14, "mu": [0.7788472652474263, 1.3776566549026752, 1.5158791485652328], "Sigma": [[0.004725978987746554, -0.0015487264307531181, -0.005780504340016518], [-0.0015487264307531181, 0.0033466607854023877, 0.002735646280591115], [-0.005780504340016519, 0.002735646280591115, 0.015877685867119]], "chi2_level": 0.99, "chi2_df": 3, "chi2_threshold": 11.344866730144373, "N_raw": 40, "N_roi": 40, "N_inlier": 38, "refit": true}
{"timestamp": "15:53:52.381792", "frame": 15, "mu": [0.7994140023197704, 1.3556517717014456, 0.9286853763691689], "Sigma": [[0.014397168346549435, -0.005536330299706146, 0.03782063346595256], [-0.005536330299706146, 0.004410742496749625, -0.007505184019738162], [0.037820633465952554, -0.007505184019738162, 0.30453722779423803]], "chi2_level": 0.99, "chi2_df": 3, "chi2_threshold": 11.344866730144373, "N_raw": 63, "N_roi": 63, "N_inlier": 61, "refit": true}
{"timestamp": "15:53:52.437952", "frame": 16, "mu": [0.7315753385513615, 1.3793885093451945, 1.1540819610021633], "Sigma": [[0.01797265487396138, -0.0027246284381698474, 0.05077408174707179], [-0.0027246284381698474, 0.002899578981909433, -0.004905512147387136], [0.05077408174707179, -0.004905512147387135, 0.3663953422454846]], "chi2_level": 0.99, "chi2_df": 3, "chi2_threshold": 11.344866730144373, "N_raw": 67, "N_roi": 67, "N_inlier": 65, "refit": true}
{"timestamp": "15:53:52.492775", "frame": 17, "mu": [0.7834226437547973, 1.3518949444724901, 1.3208455478383125], "Sigma": [[0.005949463098723056, -0.0020977178183677466, -0.006529040975199629], [-0.0020977178183677466, 0.002983947592328228, -0.0029326685337014466], [-0.006529040975199629, -0.0029326685337014466, 0.025868367984563788]], "chi2_level": 0.99, "chi2_df": 3, "chi2_threshold": 11.344866730144373, "N_raw": 74, "N_roi": 74, "N_inlier": 73, "refit": true}
{"timestamp": "15:53:52.547246", "frame": 18, "mu": [0.7456121291193203, 1.353809739224934, 1.2915874882119383], "Sigma": [[0.003916770326274332, -0.003232499181757554, -0.002764139409494986], [-0.003232499181757554, 0.004892306036627246, -0.003094031085468526], [-0.002764139409494987, -0.003094031085468526, 0.021934383981833033]], "chi2_level": 0.99, "chi2_df": 3, "chi2_threshold": 11.344866730144373, "N_raw": 66, "N_roi": 66, "N_inlier": 63, "refit": true}
{"timestamp": "15:53:52.597939", "frame": 19, "mu": [0.6587284102344928, 1.3547056358839107, 1.022078364668974], "Sigma": [[0.027532340144060474, -0.01617062516651575, 0.07317524658798583], [-0.016170625166515754, 0.01358254227138788, -0.05496001756908568], [0.07317524658798583, -0.05496001756908569, 0.308559207429322]], "chi2_level": 0.99, "chi2_df": 3, "chi2_threshold": 11.344866730144373, "N_raw": 37, "N_roi": 36, "N_inlier": 35, "refit": true}
{"timestamp": "15:53:52.653533", "frame": 20, "mu": [0.6441408846850568, 1.367731792297895, 1.5091540076062386], "Sigma": [[0.003953035793869872, -0.0010602971344755101, -0.0034162927107204344], [-0.0010602971344755101, 0.003352653423654721, 0.0007399023457522796], [-0.003416292710720434, 0.0007399023457522797, 0.0054051981713646]], "chi2_level": 0.99, "chi2_df": 3, "chi2_threshold": 11.344866730144373, "N_raw": 41, "N_roi": 41, "N_inlier": 38, "refit": true}
{"timestamp": "15:53:52.710188", "frame": 21, "mu": [0.5749624199129939, 1.4243950401935312, 1.4642589658219678], "Sigma": [[0.003390940335160292, -0.0006764326998074893, -0.0039918363415361365], [-0.0006764326998074893, 0.0034596732427933205, -0.002262532411925141], [-0.0039918363415361365, -0.002262532411925141, 0.0160125749034093]], "chi2_level": 0.99, "chi2_df": 3, "chi2_threshold": 11.344866730144373, "N_raw": 52, "N_roi": 52, "N_inlier": 49, "refit": true}
{"timestamp": "15:53:52.770416", "frame": 22, "mu": [0.5565436785735886, 1.4347156735212014, 1.4648583116441016], "Sigma": [[0.004526972280169596, -0.000483401191740153, -0.003706477275250126], [-0.0004834011917401529, 0.004640039176194218, 0.002189150330477465], [-0.003706477275250126, 0.002189150330477465, 0.04394805603155066]], "chi2_level": 0.99, "chi2_df": 3, "chi2_threshold": 11.344866730144373, "N_raw": 69, "N_roi": 69, "N_inlier": 68, "refit": true}
{"timestamp": "15:53:52.823869", "frame": 23, "mu": [0.5310945869675205, 1.4261490228983749, 1.403862800031773], "Sigma": [[0.00382390226421064, -0.0008061678408854058, -0.004607286503531203], [-0.0008061678408854057, 0.0029677112853328646, -0.00024231576722959604], [-0.004607286503531203, -0.00024231576722959583, 0.05504228499038532]], "chi2_level": 0.99, "chi2_df": 3, "chi2_threshold": 11.344866730144373, "N_raw": 72, "N_roi": 72, "N_inlier": 68, "refit": true}
{"timestamp": "15:53:52.881313", "frame": 24, "mu": [0.4971868580633084, 1.473443102914498, 1.4011087794743204], "Sigma": [[0.005001507300286789, -0.00036074764944361414, -0.004545289210953629], [-0.00036074764944361414, 0.0033024469599128243, -0.006584456389338365], [-0.004545289210953629, -0.006584456389338366, 0.03736663731036324]], "chi2_level": 0.99, "chi2_df": 3, "chi2_threshold": 11.344866730144373, "N_raw": 93, "N_roi": 93, "N_inlier": 89, "refit": true}
{"timestamp": "15:53:52.933851", "frame": 25, "mu": [0.49909768962772894, 1.4568410472823634, 1.3886538331095197], "Sigma": [[0.004697379487386323, 0.0003624439216427006, -0.008425692686381934], [0.0003624439216427007, 0.00386338589225421, 0.0002822789752029728], [-0.008425692686381934, 0.0002822789752029725, 0.052344292575961696]], "chi2_level": 0.99, "chi2_df": 3, "chi2_threshold": 11.344866730144373, "N_raw": 73, "N_roi": 73, "N_inlier": 71, "refit": true}
{"timestamp": "15:53:52.987139", "frame": 26, "mu": [0.42427414602737107, 1.4707110488096728, 1.4952421502526478], "Sigma": [[0.0051404892470423786, -0.0008230688148393812, -0.002964825253108985], [-0.0008230688148393811, 0.005526509139734026, -0.0026199897429546584], [-0.002964825253108985, -0.0026199897429546584, 0.0038849314682683983]], "chi2_level": 0.99, "chi2_df": 3, "chi2_threshold": 11.344866730144373, "N_raw": 70, "N_roi": 70, "N_inlier": 69, "refit": true}
{"timestamp": "15:53:53.037197", "frame": 27, "mu": [0.487896126451078, 1.3634421668412566, 0.907493491521049], "Sigma": [[0.004605152539639449, -0.002006218042047885, -0.010485154974978712], [-0.002006218042047885, 0.003112210720974746, 0.01526526998713607], [-0.010485154974978714, 0.01526526998713607, 0.18621323955777933]], "chi2_level": 0.99, "chi2_df": 3, "chi2_threshold": 11.344866730144373, "N_raw": 29, "N_roi": 29, "N_inlier": 29, "refit": true}
{"timestamp": "15:53:53.099188", "frame": 28, "mu": [0.3597051790285504, 1.4630797171129581, 1.4242063590384084], "Sigma": [[0.004952226311911186, -6.462689745363199e-05, -0.005222517206716541], [-6.462689745363201e-05, 0.003319223623029131, -0.004214758568972501], [-0.005222517206716541, -0.0042147585689725, 0.02056905240502694]], "chi2_level": 0.99, "chi2_df": 3, "chi2_threshold": 11.344866730144373, "N_raw": 80, "N_roi": 79, "N_inlier": 76, "refit": true}
{"timestamp": "15:53:53.150750", "frame": 29, "mu": [0.30862395489607947, 1.4655674225269844, 1.4847239064331703], "Sigma": [[0.004363045641579607, -2.5553721072763176e-05, -0.0012227187613650142], [-2.5553721072763067e-05, 0.0014833173214926097, 0.0016243993589138452], [-0.001222718761365014, 0.0016243993589138447, 0.07126543265838567]], "chi2_level": 0.99, "chi2_df": 3, "chi2_threshold": 11.344866730144373, "N_raw": 49, "N_roi": 46, "N_inlier": 42, "refit": true}
{"timestamp": "15:53:53.201898", "frame": 30, "mu": [0.21263043537838355, 1.4869629369903217, 1.486695195438808], "Sigma": [[0.0026094902435410813, -0.0005777106116448987, 0.0031331911064370033], [-0.0005777106116448986, 0.003596074150945219, 0.01053391003703158], [0.0031331911064370033, 0.01053391003703158, 0.1600168410989081]], "chi2_level": 0.99, "chi2_df": 3, "chi2_threshold": 11.344866730144373, "N_raw": 35, "N_roi": 35, "N_inlier": 33, "refit": true}
{"timestamp": "15:53:53.267882", "frame": 31, "mu": [0.1560157114154071, 1.4381520888407242, 1.0649348224149089], "Sigma": [[0.01812618639452241, 0.006953415611367097, 0.07839076951396039], [0.006953415611367097, 0.008863209689766874, 0.04027655584316573], [0.07839076951396039, 0.04027655584316573, 0.463843195671279]], "chi2_level": 0.99, "chi2_df": 3, "chi2_threshold": 11.344866730144373, "N_raw": 109, "N_roi": 109, "N_inlier": 106, "refit": true}
{"timestamp": "15:53:53.318153", "frame": 32, "mu": [0.19408571479128742, 1.4617255169747927, 1.5414130359231992], "Sigma": [[0.004323912518661784, -0.0005411725343380889, -0.0025561807647862013], [-0.0005411725343380889, 0.0045363514440166204, -0.0013421054012197672], [-0.0025561807647862013, -0.0013421054012197674, 0.0025699665352052646]], "chi2_level": 0.99, "chi2_df": 3, "chi2_threshold": 11.344866730144373, "N_raw": 67, "N_roi": 67, "N_inlier": 61, "refit": true}
{"timestamp": "15:53:53.372119", "frame": 33, "mu": [0.10597008882301479, 1.4794430213904366, 1.461116228989452], "Sigma": [[0.008568501494396656, 0.001266472477803195, 0.02082402873721189], [0.001266472477803195, 0.002996914412947067, 0.000690277055485807], [0.02082402873721189, 0.0006902770554858072, 0.1296688275250942]], "chi2_level": 0.99, "chi2_df": 3, "chi2_threshold": 11.344866730144373, "N_raw": 65, "N_roi": 65, "N_inlier": 63, "refit": true}
{"timestamp": "15:53:53.428800", "frame": 34, "mu": [0.03177780930311758, 1.5033428808507825, 1.5226935454567467], "Sigma": [[0.0032046389190843825, -0.00018208033218010115, -0.0037514309090366372], [-0.0001820803321801011, 0.004338084875100294, -0.008785366559609074], [-0.0037514309090366364, -0.008785366559609074, 0.029863742609639737]], "chi2_level": 0.99, "chi2_df": 3, "chi2_threshold": 11.344866730144373, "N_raw": 70, "N_roi": 66, "N_inlier": 61, "refit": true}
{"timestamp": "15:53:53.488156", "frame": 35, "mu": [0.03883570506245161, 1.4760304260317034, 1.4975484465935527], "Sigma": [[0.004030808842048987, -0.002242194310156092, -0.0010865807077114146], [-0.0022421943101560925, 0.010013142634037972, -0.008118115488282033], [-0.0010865807077114146, -0.008118115488282032, 0.014666652165113654]], "chi2_level": 0.99, "chi2_df": 3, "chi2_threshold": 11.344866730144373, "N_raw": 102, "N_roi": 99, "N_inlier": 99, "refit": true}
{"timestamp": "15:53:53.536957", "frame": 36, "mu": [-0.010041513064779652, 1.4356246906373058, 1.593567685582488], "Sigma": [[0.003692261327988281, -0.0004228383895163428, -0.002435672881245513], [-0.0004228383895163429, 0.004565216706060892, -0.001675918414550232], [-0.002435672881245513, -0.001675918414550232, 0.0033026409237788407]], "chi2_level": 0.99, "chi2_df": 3, "chi2_threshold": 11.344866730144373, "N_raw": 62, "N_roi": 62, "N_inlier": 58, "refit": true}
{"timestamp": "15:53:53.595991", "frame": 37, "mu": [-0.0664889926135438, 1.4581753786063116, 1.4848879974407374], "Sigma": [[0.004058997707292237, -0.0008342368545848671, -0.0011837494560547374], [-0.000834236854584867, 0.004894294933745244, -0.007673237208218702], [-0.0011837494560547376, -0.007673237208218702, 0.07352181226893359]], "chi2_level": 0.99, "chi2_df": 3, "chi2_threshold": 11.344866730144373, "N_raw": 96, "N_roi": 96, "N_inlier": 93, "refit": true}
{"timestamp": "15:53:53.647130", "frame": 38, "mu": [-0.08789020643652005, 1.4273548235220228, 1.6023798649850594], "Sigma": [[0.004040434853902299, -0.0008006363134030157, -0.003920599501298987], [-0.0008006363134030157, 0.004875577914329724, -0.0004351327700685743], [-0.003920599501298987, -0.0004351327700685743, 0.004688390868548297]], "chi2_level": 0.99, "chi2_df": 3, "chi2_threshold": 11.344866730144373, "N_raw": 61, "N_roi": 61, "N_inlier": 59, "refit": true}
{"timestamp": "15:53:53.693056", "frame": 39, "mu": [-0.08396672452076168, 1.3777361718744654, 1.2850405610975146], "Sigma": [[0.0010216663069248428, -0.001432324014479526, 0.002063056808828738], [-0.001432324014479526, 0.0031611513978005573, -0.0037104491336269604], [0.0020630568088287372, -0.003710449133626961, 0.04470393307447833]], "chi2_level": 0.99, "chi2_df": 3, "chi2_threshold": 11.344866730144373, "N_raw": 7, "N_roi": 7, "N_inlier": 7, "refit": true}
{"timestamp": "15:53:53.747289", "frame": 40, "mu": [-0.06949797749528414, 1.3843776966647932, 1.220605724811668], "Sigma": [[0.0013459340322170223, 0.000519599092849516, 0.0012469236576519054], [0.0005195990928495158, 0.0013318782974786909, -0.006117592764075223], [0.0012469236576519054, -0.006117592764075222, 0.05398161908603354]], "chi2_level": 0.99, "chi2_df": 3, "chi2_threshold": 11.344866730144373, "N_raw": 8, "N_roi": 8, "N_inlier": 8, "refit": true}
{"timestamp": "15:53:53.805787", "frame": 41, "mu": [-0.24152584594136423, 1.4245131820026637, 1.6651742598396855], "Sigma": [[0.00284592183114097, -0.00043885688985101113, -0.0019383157684016586], [-0.00043885688985101113, 0.0015776854294419216, -8.177858637609994e-05], [-0.0019383157684016586, -8.177858637609989e-05, 0.0016042685391293812]], "chi2_level": 0.99, "chi2_df": 3, "chi2_threshold": 11.344866730144373, "N_raw": 28, "N_roi": 26, "N_inlier": 25, "refit": true}
{"timestamp": "15:53:53.862987", "frame": 42, "mu": [-0.23551610833586786, 1.4012427923967314, 1.5055198809624852], "Sigma": [[0.0035764232893750235, -0.001973490782088548, -0.001441900015136432], [-0.001973490782088548, 0.003535347419813335, -0.000601003570092006], [-0.001441900015136432, -0.0006010035700920061, 0.0029448550476009355]], "chi2_level": 0.99, "chi2_df": 3, "chi2_threshold": 11.344866730144373, "N_raw": 45, "N_roi": 43, "N_inlier": 40, "refit": true}
{"timestamp": "15:53:53.917145", "frame": 43, "mu": [-0.29389676190083514, 1.4087729353664975, 1.3956566799681775], "Sigma": [[0.0074229755213883145, -0.0002457814721909964, 0.03813645893892938], [-0.0002457814721909964, 0.003279825920106275, -0.0009019686461985707], [0.038136458938929384, -0.0009019686461985707, 0.31282977245023663]], "chi2_level": 0.99, "chi2_df": 3, "chi2_threshold": 11.344866730144373, "N_raw": 30, "N_roi": 29, "N_inlier": 27, "refit": true}
{"timestamp": "15:53:53.982910", "frame": 44, "mu": [-0.2730322253666466, 1.3743248677370654, 1.3568540127013475], "Sigma": [[0.004815361694966246, -0.0029277074735863367, -0.009397723421407288], [-0.0029277074735863367, 0.006535997742687765, 0.008045820218764859], [-0.009397723421407288, 0.008045820218764859, 0.07072236408789831]], "chi2_level": 0.99, "chi2_df": 3, "chi2_threshold": 11.344866730144373, "N_raw": 100, "N_roi": 100, "N_inlier": 96, "refit": true}
{"timestamp": "15:53:54.036226", "frame": 45, "mu": [-0.3114371474936249, 1.4091771770843715, -0.1346442568658459], "Sigma": [[0.005051210694272683, -0.003292148890945363, 0.03377445499177735], [-0.0032921488909453626, 0.012770936699273143, 0.0004275644052653396], [0.03377445499177734, 0.00042756440526534045, 0.6330263370847208]], "chi2_level": 0.99, "chi2_df": 3, "chi2_threshold": 11.344866730144373, "N_raw": 90, "N_roi": 88, "N_inlier": 87, "refit": true}
{"timestamp": "15:53:54.087238", "frame": 46, "mu": [-0.3603876281523632, 1.3847390912956852, 1.4458055871896796], "Sigma": [[0.0038071609117102893, -0.0012705797084731827, -0.005131299925900254], [-0.0012705797084731829, 0.010897557298164136, -0.003024794699485731], [-0.005131299925900253, -0.003024794699485731, 0.013558344984825]], "chi2_level": 0.99, "chi2_df": 3, "chi2_threshold": 11.344866730144373, "N_raw": 67, "N_roi": 67, "N_inlier": 64, "refit": true}
{"timestamp": "15:53:54.147224", "frame": 47, "mu": [-0.4262628976287674, 1.4169179296077337, 1.3898818203715524], "Sigma": [[0.005183498236924123, -0.002525713921569239, -0.008362979238257014], [-0.002525713921569239, 0.0076314391583765925, 0.006756016331719583], [-0.008362979238257014, 0.006756016331719583, 0.06382186296284878]], "chi2_level": 0.99, "chi2_df": 3, "chi2_threshold": 11.344866730144373, "N_raw": 101, "N_roi": 101, "N_inlier": 98, "refit": true}
{"timestamp": "15:53:54.200115", "frame": 48, "mu": [-0.4739377868293236, 1.4734662856849252, 1.4740997984377586], "Sigma": [[0.004867394504254202, 1.4416033846351549e-05, -0.003920684731003916], [1.441603384635157e-05, 0.004682265419707812, -0.0056136986928277755], [-0.003920684731003916, -0.005613698692827775, 0.011837060112310723]], "chi2_level": 0.99, "chi2_df": 3, "chi2_threshold": 11.344866730144373, "N_raw": 79, "N_roi": 79, "N_inlier": 76, "refit": true}
{"timestamp": "15:53:54.255647", "frame": 49, "mu": [-0.49709984356268233, 1.5262333250746611, -0.21237766036594063], "Sigma": [[0.005916289257744679, -0.00013716995830901483, 0.0006165876487833357], [-0.0001371699583090148, 0.010697818728607584, 0.004958725471804119], [0.0006165876487833357, 0.004958725471804119, 0.010990485380738992]], "chi2_level": 0.99, "chi2_df": 3, "chi2_threshold": 11.344866730144373, "N_raw": 87, "N_roi": 87, "N_inlier": 83, "refit": true}
{"timestamp": "15:53:54.309401", "frame": 50, "mu": [-0.5312059547158148, 1.433202766981361, 1.4128803528647969], "Sigma": [[0.0047013697567257545, -0.002177549792101829, -0.0072107524050510925], [-0.0021775497921018294, 0.007420838614609676, 0.0036422183471082124], [-0.0072107524050510925, 0.003642218347108213, 0.037226951880246995]], "chi2_level": 0.99, "chi2_df": 3, "chi2_threshold": 11.344866730144373, "N_raw": 76, "N_roi": 76, "N_inlier": 73, "refit": true}
{"timestamp": "15:53:54.369154", "frame": 51, "mu": [-0.5692498518904484, 1.4229262547448636, 1.2023604849261766], "Sigma": [[0.006208020648501599, -0.0028849966768797735, -0.017326423241938088], [-0.0028849966768797735, 0.01124459397117395, 0.02794857990563014], [-0.017326423241938088, 0.02794857990563014, 0.21852786650817468]], "chi2_level": 0.99, "chi2_df": 3, "chi2_threshold": 11.344866730144373, "N_raw": 118, "N_roi": 118, "N_inlier": 117, "refit": true}
{"timestamp": "15:53:54.421358", "frame": 52, "mu": [-0.6134907258336042, 1.5135027190199712, -0.7301398877093778], "Sigma": [[0.005615059338111309, 0.0010283271160816563, -0.010297288887153467], [0.0010283271160816568, 0.010295418995878521, 0.0013651571132261473], [-0.010297288887153469, 0.001365157113226147, 0.12158361370198681]], "chi2_level": 0.99, "chi2_df": 3, "chi2_threshold": 11.344866730144373, "N_raw": 90, "N_roi": 90, "N_inlier": 87, "refit": true}
{"timestamp": "15:53:54.470324", "frame": 53, "mu": [-0.6500372214808032, 1.4348494728457204, 1.4327516547835795], "Sigma": [[0.003911711035876828, 0.0008149747448628264, -0.0030828038580195515], [0.0008149747448628266, 0.009795667973842842, -7.007804732515486e-05], [-0.0030828038580195515, -7.007804732515486e-05, 0.005303358781201264]], "chi2_level": 0.99, "chi2_df": 3, "chi2_threshold": 11.344866730144373, "N_raw": 54, "N_roi": 54, "N_inlier": 51, "refit": true}
{"timestamp": "15:53:54.528303", "frame": 54, "mu": [-0.6774425164462621, 1.507376995886575, 1.428261345395779], "Sigma": [[0.007314631976403889, 0.00037707834510923734, -0.010215497313535611], [0.0003770783451092373, 0.005837510697111606, -0.004990109664088443], [-0.010215497313535611, -0.004990109664088443, 0.030382582038860052]], "chi2_level": 0.99, "chi2_df": 3, "chi2_threshold": 11.344866730144373, "N_raw": 76, "N_roi": 74, "N_inlier": 71, "refit": true}
{"timestamp": "15:53:54.581627", "frame": 55, "mu": [-0.7244292373951242, 1.4947619686072096, 1.4914337596040963], "Sigma": [[0.004415958327555296, 0.0016940352954486245, -0.002724439437624012], [0.0016940352954486245, 0.008142561006615052, -0.0011047603470798525], [-0.0027244394376240125, -0.0011047603470798525, 0.004794698963407694]], "chi2_level": 0.99, "chi2_df": 3, "chi2_threshold": 11.344866730144373, "N_raw": 59, "N_roi": 59, "N_inlier": 55, "refit": true}
{"timestamp": "15:53:54.635495", "frame": 56, "mu": [-0.737186980794835, 1.563192443562567, 1.4519098931370444], "Sigma": [[0.00280614877931861, 0.0007432088393040522, -0.003359203908259145], [0.0007432088393040523, 0.005171716428132335, -0.004513138026028565], [-0.003359203908259145, -0.004513138026028565, 0.019330000857181322]], "chi2_level": 0.99, "chi2_df": 3, "chi2_threshold": 11.344866730144373, "N_raw": 51, "N_roi": 51, "N_inlier": 48, "refit": true}
{"timestamp": "15:53:54.687344", "frame": 57, "mu": [-0.7827942159248072, 1.53805197892555, 1.391963575149467], "Sigma": [[0.00415889203202685, 0.0036956545618205047, 0.011776202617848381], [0.0036956545618205047, 0.009291539530356394, 0.022173573269685883], [0.011776202617848383, 0.02217357326968588, 0.16131294823945586]], "chi2_level": 0.99, "chi2_df": 3, "chi2_threshold": 11.344866730144373, "N_raw": 30, "N_roi": 29, "N_inlier": 28, "refit": true}
{"timestamp": "15:53:54.747839", "frame": 58, "mu": [-0.8357393690905897, 1.4907774700271832, 1.5216761303774058], "Sigma": [[0.006354426039673449, -0.00016612789162511604, -0.005133827726352751], [-0.00016612789162511604, 0.011307184160631872, 0.0015719078546718528], [-0.005133827726352751, 0.0015719078546718528, 0.005158154792151219]], "chi2_level": 0.99, "chi2_df": 3, "chi2_threshold": 11.344866730144373, "N_raw": 76, "N_roi": 76, "N_inlier": 73, "refit": true}
{"timestamp": "15:53:54.799022", "frame": 59, "mu": [-0.8751378546558151, 1.4740051470628912, 1.449743612183018], "Sigma": [[0.003930080047860169, 0.0010501785564823948, -0.00337323626943332], [0.0010501785564823946, 0.009238740358432241, -0.0015936522937651499], [-0.00337323626943332, -0.0015936522937651503, 0.008583574297778994]], "chi2_level": 0.99, "chi2_df": 3, "chi2_threshold": 11.344866730144373, "N_raw": 46, "N_roi": 46, "N_inlier": 44, "refit": true}
{"timestamp": "15:53:54.858674", "frame": 60, "mu": [-0.888316457216679, 1.5115587261161394, 1.4799954206401182], "Sigma": [[0.0063636331417354555, 0.0003085709051885772, -0.005256761339208784], [0.0003085709051885771, 0.011584467676373006, -9.844456246288349e-05], [-0.005256761339208784, -9.844456246288357e-05, 0.006937106512741669]], "chi2_level": 0.99, "chi2_df": 3, "chi2_threshold": 11.344866730144373, "N_raw": 77, "N_roi": 77, "N_inlier": 74, "refit": true}
{"timestamp": "15:53:54.914925", "frame": 61, "mu": [-0.9227816017373744, 1.5353460424055727, 1.4044835127174349], "Sigma": [[0.023595775688727026, 0.00704301020302466, -0.04698602182507815], [0.00704301020302466, 0.009637637489273362, -0.010494033592394309], [-0.04698602182507815, -0.010494033592394309, 0.1622675838722934]], "chi2_level": 0.99, "chi2_df": 3, "chi2_threshold": 11.344866730144373, "N_raw": 81, "N_roi": 81, "N_inlier": 75, "refit": true}
{"timestamp": "15:53:54.965196", "frame": 62, "mu": [-0.9115127160061197, 1.5288558666231258, 0.9873930811138045], "Sigma": [[0.0600614161519758, 0.02546320440280985, -0.11927368820266969], [0.02546320440280985, 0.020184095621732977, -0.034617288481591305], [-0.11927368820266969, -0.034617288481591305, 0.4661664308021451]], "chi2_level": 0.99, "chi2_df": 3, "chi2_threshold": 11.344866730144373, "N_raw": 53, "N_roi": 53, "N_inlier": 51, "refit": true}
{"timestamp": "15:53:55.026165", "frame": 63, "mu": [-0.890984605191957, 1.669609765060635, -0.12842171734498375], "Sigma": [[0.011564556984386675, -0.003810647557984823, 0.04846794708204077], [-0.0038106475579848227, 0.014788364736156719, -0.01006075012246044], [0.04846794708204077, -0.010060750122460441, 0.35716845433994376]], "chi2_level": 0.99, "chi2_df": 3, "chi2_threshold": 11.344866730144373, "N_raw": 98, "N_roi": 98, "N_inlier": 88, "refit": true}
{"timestamp": "15:53:55.080745", "frame": 64, "mu": [-0.91761696794367, 1.5971165625589652, 1.3980605196886262], "Sigma": [[0.017540097452133738, 0.005365406269388419, -0.015440477406678112], [0.005365406269388419, 0.009131874280718518, -0.005202617379509406], [-0.015440477406678112, -0.005202617379509406, 0.04792188714113789]], "chi2_level": 0.99, "chi2_df": 3, "chi2_threshold": 11.344866730144373, "N_raw": 86, "N_roi": 86, "N_inlier": 73, "refit": true}
{"timestamp": "15:53:55.136353", "frame": 65, "mu": [-1.0399015555997255, 1.5244751373405787, 1.2683054180698299], "Sigma": [[0.08817582683134886, 0.05449830579645999, -0.07429091228511121], [0.05449830579645999, 0.041427556317112244, -0.06066093663237068], [-0.07429091228511121, -0.06066093663237068, 0.22757745504087232]], "chi2_level": 0.99, "chi2_df": 3, "chi2_threshold": 11.344866730144373, "N_raw": 98, "N_roi": 98, "N_inlier": 96, "refit": true}
{"timestamp": "15:53:55.193295", "frame": 66, "mu": [-1.0469420389298252, 1.6547719557056562, 0.012481357117956164], "Sigma": [[0.055405372998728164, 0.04276029880803495, -0.016245727324721765], [0.04276029880803495, 0.041661717478355564, -0.005379511470387847], [-0.016245727324721765, -0.005379511470387847, 0.059352468726369983]], "chi2_level": 0.99, "chi2_df": 3, "chi2_threshold": 11.344866730144373, "N_raw": 101, "N_roi": 101, "N_inlier": 96, "refit": true}
{"timestamp": "15:53:55.242918", "frame": 67, "mu": [-0.9626111739519078, 1.7233636827722698, 1.3840849517287586], "Sigma": [[0.006209628005935024, -0.0004608891773405821, -0.004333938938544871], [-0.00046088917734058186, 0.00526045009422162, -0.002979679144701921], [-0.004333938938544871, -0.002979679144701921, 0.021054269616584083]], "chi2_level": 0.99, "chi2_df": 3, "chi2_threshold": 11.344866730144373, "N_raw": 67, "N_roi": 67, "N_inlier": 60, "refit": true}
{"timestamp": "15:53:55.292848", "frame": 68, "mu": [-0.9449997593859122, 1.6768049554665099, 1.394799764979037], "Sigma": [[0.005123146371487446, 0.0006471302696515349, -0.00394486545205666], [0.0006471302696515349, 0.003109341819993519, -0.00240092470089308], [-0.00394486545205666, -0.00240092470089308, 0.010935280419942886]], "chi2_level": 0.99, "chi2_df": 3, "chi2_threshold": 11.344866730144373, "N_raw": 37, "N_roi": 37, "N_inlier": 34, "refit": true}
{"timestamp": "15:53:55.348651", "frame": 69, "mu": [-0.9691700852255822, 1.7662088164429428, 1.467214651883024], "Sigma": [[0.009651653304953555, -0.0011365174856854615, -0.0075926788360736455], [-0.0011365174856854615, 0.002543093765929306, 7.049798095558899e-05], [-0.0075926788360736455, 7.04979809555891e-05, 0.01039692780925812]], "chi2_level": 0.99, "chi2_df": 3, "chi2_threshold": 11.344866730144373, "N_raw": 45, "N_roi": 45, "N_inlier": 42, "refit": true}
{"timestamp": "15:53:55.405047", "frame": 70, "mu": [-0.9709126541795158, 1.7611526761179392, 1.3631343148430033], "Sigma": [[0.007487504032112066, 0.0008056812223482743, -0.006643768237953171], [0.0008056812223482745, 0.004850570253019745, -0.0030754579884315018], [-0.006643768237953171, -0.0030754579884315026, 0.010885162907619615]], "chi2_level": 0.99, "chi2_df": 3, "chi2_threshold": 11.344866730144373, "N_raw": 55, "N_roi": 55, "N_inlier": 52, "refit": true}
{"timestamp": "15:53:55.462117", "frame": 71, "mu": [-1.0464322516745834, 1.7621294320794108, 1.3579398626424608], "Sigma": [[0.008353231598653024, 0.000892674314342512, -0.0029065428595717304], [0.000892674314342512, 0.005565046161018492, -0.005292704837933672], [-0.0029065428595717304, -0.005292704837933672, 0.006671004468570471]], "chi2_level": 0.99, "chi2_df": 3, "chi2_threshold": 11.344866730144373, "N_raw": 70, "N_roi": 70, "N_inlier": 67, "refit": true}
{"timestamp": "15:53:55.518569", "frame": 72, "mu": [-1.104720242652375, 1.7922665446692043, 1.1762630785968746], "Sigma": [[0.008651285163972667, -0.0011549737508814184, -0.014618005586654598], [-0.0011549737508814184, 0.012418966886022705, 0.03519869966049183], [-0.014618005586654596, 0.03519869966049183, 0.17030762184524742]], "chi2_level": 0.99, "chi2_df": 3, "chi2_threshold": 11.344866730144373, "N_raw": 78, "N_roi": 78, "N_inlier": 76, "refit": true}
{"timestamp": "15:53:55.576208", "frame": 73, "mu": [-1.0323973731424483, 1.8657296623356066, 1.297090514989702], "Sigma": [[0.011864331193182425, -0.000521624634263009, 0.0020595374636682424], [-0.0005216246342630089, 0.0057960181221095005, -0.0015434221606698754], [0.0020595374636682424, -0.0015434221606698754, 0.03162049838376242]], "chi2_level": 0.99, "chi2_df": 3, "chi2_threshold": 11.344866730144373, "N_raw": 92, "N_roi": 92, "N_inlier": 86, "refit": true}
{"timestamp": "15:53:55.629604", "frame": 74, "mu": [-1.0280109714748458, 1.9241571524472536, 1.3753506285812558], "Sigma": [[0.014928790139185528, -0.002244265037837089, -0.005395268145444608], [-0.002244265037837089, 0.005796152607994571, -0.0005548959471329488], [-0.005395268145444608, -0.0005548959471329489, 0.007482494066558284]], "chi2_level": 0.99, "chi2_df": 3, "chi2_threshold": 11.344866730144373, "N_raw": 75, "N_roi": 75, "N_inlier": 72, "refit": true}
{"timestamp": "15:53:55.686278", "frame": 75, "mu": [-1.0116443587971993, 1.9961884301589288, 1.1009332391133482], "Sigma": [[0.011932158475093999, -0.0035565167392002223, 0.004399117352942228], [-0.003556516739200222, 0.010687707659713388, -0.03992999024082207], [0.004399117352942228, -0.03992999024082207, 0.3167403427260688]], "chi2_level": 0.99, "chi2_df": 3, "chi2_threshold": 11.344866730144373, "N_raw": 89, "N_roi": 89, "N_inlier": 89, "refit": true}
{"timestamp": "15:53:55.740976", "frame": 76, "mu": [-1.0355269169257575, 1.977349233730762, 1.2467438567676705], "Sigma": [[0.00985194411635631, 0.0013885808175118858, 0.008321753850021726], [0.0013885808175118858, 0.005714961777858624, 0.01075292839313097], [0.008321753850021726, 0.01075292839313097, 0.10240119487177898]], "chi2_level": 0.99, "chi2_df": 3, "chi2_threshold": 11.344866730144373, "N_raw": 84, "N_roi": 84, "N_inlier": 81, "refit": true}
{"timestamp": "15:53:55.794028", "frame": 77, "mu": [-0.9893963641576822, 2.0567743515700423, 1.287646155637639], "Sigma": [[0.01008686831936313, -0.0005194598907558959, -0.004975660100594748], [-0.0005194598907558961, 0.004036298114957458, 0.0009474806603670758], [-0.004975660100594748, 0.0009474806603670757, 0.042652115005044615]], "chi2_level": 0.99, "chi2_df": 3, "chi2_threshold": 11.344866730144373, "N_raw": 72, "N_roi": 72, "N_inlier": 69, "refit": true}
{"timestamp": "15:53:55.852401", "frame": 78, "mu": [-1.0334610645680962, 2.0955636210408173, 1.147379526273689], "Sigma": [[0.01893712839791523, 0.00039446764533562686, 0.028835120433931223], [0.0003944676453356271, 0.005630700698489516, 0.0022483188318093913], [0.028835120433931227, 0.0022483188318093918, 0.18988214067830067]], "chi2_level": 0.99, "chi2_df": 3, "chi2_threshold": 11.344866730144373, "N_raw": 105, "N_roi": 105, "N_inlier": 105, "refit": true}
{"timestamp": "15:53:55.905519", "frame": 79, "mu": [-1.052908890399902, 2.111303710417816, 1.172013430519781], "Sigma": [[0.01669377400381226, 0.0007038040186799819, 0.023869538824201574], [0.0007038040186799816, 0.0031705332116094016, -0.0034359154500276895], [0.023869538824201574, -0.0034359154500276895, 0.1124031975639781]], "chi2_level": 0.99, "chi2_df": 3, "chi2_threshold": 11.344866730144373, "N_raw": 78, "N_roi": 78, "N_inlier": 78, "refit": true}
{"timestamp": "15:53:55.958866", "frame": 80, "mu": [-1.053854982218547, 2.322058513620705, -0.4024892393672492], "Sigma": [[0.024532184261935264, -0.010036686202450962, 0.0832025675844642], [-0.010036686202450962, 0.026747055939117893, -0.051760707204218936], [0.0832025675844642, -0.051760707204218936, 0.38230903722455556]], "chi2_level": 0.99, "chi2_df": 3, "chi2_threshold": 11.344866730144373, "N_raw": 78, "N_roi": 78, "N_inlier": 78, "refit": true}
{"timestamp": "15:53:56.010113", "frame": 81, "mu": [-0.9755992114492387, 2.3424809831329307, -0.010258200330184417], "Sigma": [[0.01115122716469723, 0.0009030850776225287, -0.009527072608839428], [0.0009030850776225287, 0.004093389007007762, -0.007587904866511853], [-0.009527072608839428, -0.007587904866511853, 0.033464663332315354]], "chi2_level": 0.99, "chi2_df": 3, "chi2_threshold": 11.344866730144373, "N_raw": 46, "N_roi": 46, "N_inlier": 43, "refit": true}
{"timestamp": "15:53:56.063128", "frame": 82, "mu": [-1.0701709589375787, 2.2722991509625734, 1.3276701644831126], "Sigma": [[0.03288918032791704, -0.0062038467260301655, -0.010250941701612361], [-0.006203846726030167, 0.003493475530383726, -0.0009688168884552247], [-0.010250941701612361, -0.0009688168884552249, 0.011727239301437153]], "chi2_level": 0.99, "chi2_df": 3, "chi2_threshold": 11.344866730144373, "N_raw": 41, "N_roi": 41, "N_inlier": 38, "refit": true}
{"timestamp": "15:53:56.119879", "frame": 83, "mu": [-0.9619161064970384, 2.2559747096859537, 1.0982848343641785], "Sigma": [[0.012678868788870657, 0.001691010462014297, 0.0018438305531525078], [0.001691010462014297, 0.0012110940750643805, -0.00247039604844954], [0.0018438305531525076, -0.00247039604844954, 0.013670615042556705]], "chi2_level": 0.99, "chi2_df": 3, "chi2_threshold": 11.344866730144373, "N_raw": 55, "N_roi": 54, "N_inlier": 53, "refit": true}
{"timestamp": "15:53:56.177350", "frame": 84, "mu": [-1.0322147942520254, 2.348217015071977, 1.3298623535042866], "Sigma": [[0.012039501741598258, -0.0005711501338458499, -0.005424917766113242], [-0.0005711501338458499, 0.0062478335118938385, -0.0034426941913480082], [-0.005424917766113242, -0.0034426941913480082, 0.0078624373597445]], "chi2_level": 0.99, "chi2_df": 3, "chi2_threshold": 11.344866730144373, "N_raw": 67, "N_roi": 67, "N_inlier": 65, "refit": true}
{"timestamp": "15:53:56.236017", "frame": 85, "mu": [-1.0418118817994395, 2.3472283788910926, 1.2595941446521493], "Sigma": [[0.013270492120059563, -0.002008047961158935, -0.02244531736709984], [-0.002008047961158936, 0.007562896603951174, 0.010783541464023792], [-0.02244531736709984, 0.01078354146402379, 0.14329119531557213]], "chi2_level": 0.99, "chi2_df": 3, "chi2_threshold": 11.344866730144373, "N_raw": 89, "N_roi": 88, "N_inlier": 86, "refit": true}
{"timestamp": "15:53:56.287562", "frame": 86, "mu": [-1.060812404820882, 2.4043338130452825, 1.3402804124268302], "Sigma": [[0.012508819094090433, -0.0006137381365027819, -0.0038612736526882512], [-0.0006137381365027819, 0.00423943486812789, -0.004618629287624644], [-0.0038612736526882512, -0.004618629287624644, 0.01425227096010979]], "chi2_level": 0.99, "chi2_df": 3, "chi2_threshold": 11.344866730144373, "N_raw": 64, "N_roi": 64, "N_inlier": 63, "refit": true}
