{"timestamp": "15:31:22.531448", "frame": 8, "mu": [2.144745192077251, 1.733369842189751, 1.0633860482852258], "Sigma": [[0.5629956257598339, 0.41809269686088385, -0.2940542044062418], [0.41809269686088385, 0.323088560759678, -0.242598979497462], [-0.29405420440624186, -0.24259897949746198, 0.22317322973260648]], "chi2_level": 0.99, "chi2_df": 3, "chi2_threshold": 11.344866730144373, "N_raw": 7, "N_roi": 7, "N_inlier": 7, "refit": true}
{"timestamp": "15:31:22.588376", "frame": 9, "mu": [2.305001602896098, 2.055876262824237, 0.6258792841042129], "Sigma": [[0.008726146491863146, -0.01016649172893485, -0.0022606278533656016], [-0.01016649172893485, 0.014989205936536671, 0.0020741939063946917], [-0.0022606278533656016, 0.0020741939063946917, 0.0019366382681076596]], "chi2_level": 0.99, "chi2_df": 3, "chi2_threshold": 11.344866730144373, "N_raw": 23, "N_roi": 22, "N_inlier": 21, "refit": true}
{"timestamp": "15:31:22.807976", "frame": 13, "mu": [1.8979531042783562, 1.7577217229624933, 1.360801806642304], "Sigma": [[0.3675351451041059, 0.2954130769730573, -0.1592579116067264], [0.2954130769730573, 0.24112585274120754, -0.12474106116812991], [-0.1592579116067264, -0.12474106116812991, 0.14465626968449996]], "chi2_level": 0.99, "chi2_df": 3, "chi2_threshold": 11.344866730144373, "N_raw": 7, "N_roi": 7, "N_inlier": 7, "refit": true}
{"timestamp": "15:31:22.864665", "frame": 14, "mu": [1.9561193731602664, 1.9864735492583787, 1.5036398761224365], "Sigma": [[0.005609575861909189, -0.0026432415080980738, -0.003016024513345798], [-0.0026432415080980738, 0.0036122203686507624, 0.00046989754437530345], [-0.003016024513345798, 0.0004698975443753034, 0.002640605894708029]], "chi2_level": 0.99, "chi2_df": 3, "chi2_threshold": 11.344866730144373, "N_raw": 17, "N_roi": 17, "N_inlier": 16, "refit": true}
{"timestamp": "15:31:23.085172", "frame": 18, "mu": [1.6374385790014574, 2.00515822232356, 1.2619792391296918], "Sigma": [[0.009570594321239606, -0.006832530781723925, -0.02775079643394296], [-0.006832530781723925, 0.006529794493451634, 0.021150623437313377], [-0.027750796433942963, 0.021150623437313377, 0.11337053250036691]], "chi2_level": 0.99, "chi2_df": 3, "chi2_threshold": 11.344866730144373, "N_raw": 23, "N_roi": 23, "N_inlier": 23, "refit": true}
{"timestamp": "15:31:23.140879", "frame": 19, "mu": [1.4643047354002086, 2.066100811732816, 1.591329379840966], "Sigma": [[0.006192392417767987, -0.003358359717185186, -0.00426652499698407], [-0.003358359717185186, 0.003928443643311808, 0.0014787043729858028], [-0.00426652499698407, 0.0014787043729858028, 0.011401439417993509]], "chi2_level": 0.99, "chi2_df": 3, "chi2_threshold": 11.344866730144373, "N_raw": 23, "N_roi": 23, "N_inlier": 22, "refit": true}
{"timestamp": "15:31:23.195301", "frame": 20, "mu": [1.476265649478147, 2.0239072333994033, 1.404341856341072], "Sigma": [[0.00565120660143791, -0.003185089132224119, -0.007498866132845264], [-0.0031850891322241187, 0.003055149127983133, 0.004020221300658523], [-0.007498866132845264, 0.004020221300658523, 0.027152136270089253]], "chi2_level": 0.99, "chi2_df": 3, "chi2_threshold": 11.344866730144373, "N_raw": 23, "N_roi": 23, "N_inlier": 20, "refit": true}
{"timestamp": "15:31:23.253243", "frame": 21, "mu": [1.5014988809672833, 1.8683631323845131, 0.8843221862852988], "Sigma": [[0.01217802566178427, -0.010467995513421965, -0.026973417013274548], [-0.010467995513421965, 0.011667036437878014, 0.021297811233615613], [-0.026973417013274548, 0.021297811233615613, 0.09434392232094052]], "chi2_level": 0.99, "chi2_df": 3, "chi2_threshold": 11.344866730144373, "N_raw": 41, "N_roi": 41, "N_inlier": 40, "refit": true}
{"timestamp": "15:31:23.306380", "frame": 22, "mu": [1.3112473656504247, 1.9704380918751623, 1.2778408900303906], "Sigma": [[0.007263201119597222, -0.004580944417559945, -0.010488658278281049], [-0.004580944417559945, 0.005048030538597035, 0.006217900016021148], [-0.010488658278281049, 0.006217900016021148, 0.02074350381581786]], "chi2_level": 0.99, "chi2_df": 3, "chi2_threshold": 11.344866730144373, "N_raw": 30, "N_roi": 29, "N_inlier": 27, "refit": true}
{"timestamp": "15:31:23.365842", "frame": 23, "mu": [1.3394591512092975, 1.7958726062199182, 0.888470403908989], "Sigma": [[0.011581275240865179, -0.012433156329572141, -0.02071032017400259], [-0.012433156329572141, 0.016833169440586826, 0.031073550319352918], [-0.020710320174002587, 0.03107355031935292, 0.08392898824985427]], "chi2_level": 0.99, "chi2_df": 3, "chi2_threshold": 11.344866730144373, "N_raw": 56, "N_roi": 56, "N_inlier": 55, "refit": true}
{"timestamp": "15:31:23.423407", "frame": 24, "mu": [1.213665732597508, 2.064289538330522, -0.5198412675221924], "Sigma": [[0.009984002673615834, -0.004968930079953729, -0.008947963851349534], [-0.004968930079953729, 0.005373215285767876, -0.0045622852484611225], [-0.008947963851349534, -0.004562285248461121, 0.04541401349663805]], "chi2_level": 0.99, "chi2_df": 3, "chi2_threshold": 11.344866730144373, "N_raw": 70, "N_roi": 68, "N_inlier": 65, "refit": true}
{"timestamp": "15:31:23.477890", "frame": 25, "mu": [1.0333803590077866, 1.926876021425129, 1.3460356241609417], "Sigma": [[0.008688665787486794, -0.006046171348437077, -0.013770829822384766], [-0.006046171348437077, 0.009083198738647756, 0.01923491360527406], [-0.013770829822384766, 0.01923491360527406, 0.0664198663759965]], "chi2_level": 0.99, "chi2_df": 3, "chi2_threshold": 11.344866730144373, "N_raw": 50, "N_roi": 50, "N_inlier": 49, "refit": true}
{"timestamp": "15:31:23.530973", "frame": 26, "mu": [0.9253024393890703, 2.0364737888198317, 0.015145557437525105], "Sigma": [[0.011636653332630429, -0.0011888668780556636, -0.010420629191742716], [-0.0011888668780556636, 0.004712785507697891, 0.0011292939119706602], [-0.010420629191742716, 0.0011292939119706604, 0.011528496065320911]], "chi2_level": 0.99, "chi2_df": 3, "chi2_threshold": 11.344866730144373, "N_raw": 61, "N_roi": 60, "N_inlier": 59, "refit": true}
{"timestamp": "15:31:23.586692", "frame": 27, "mu": [0.837786622433117, 1.9342546956997932, 1.3578549334153946], "Sigma": [[0.006466800504723342, -0.0022841731421357923, -0.0022889070918344265], [-0.0022841731421357923, 0.0022706804807261106, 0.0021008271520185397], [-0.0022889070918344265, 0.0021008271520185397, 0.05436395966003382]], "chi2_level": 0.99, "chi2_df": 3, "chi2_threshold": 11.344866730144373, "N_raw": 60, "N_roi": 58, "N_inlier": 55, "refit": true}
{"timestamp": "15:31:23.639518", "frame": 28, "mu": [0.7706491650851103, 1.96506713968546, 1.3912356796893608], "Sigma": [[0.004201522844812836, -0.0016166157376289428, -0.002327212255727221], [-0.0016166157376289428, 0.004922048130948043, 0.0019316352488458048], [-0.002327212255727221, 0.0019316352488458043, 0.05019555498423193]], "chi2_level": 0.99, "chi2_df": 3, "chi2_threshold": 11.344866730144373, "N_raw": 48, "N_roi": 45, "N_inlier": 42, "refit": true}
{"timestamp": "15:31:23.691847", "frame": 29, "mu": [0.6608328735995506, 1.910151041192391, 0.7638785545219813], "Sigma": [[0.00906564449051986, 0.002020719444860398, 0.02730756059530791], [0.002020719444860398, 0.0026174057440874776, 0.00333251374653066], [0.02730756059530791, 0.0033325137465306594, 0.26367638506023455]], "chi2_level": 0.99, "chi2_df": 3, "chi2_threshold": 11.344866730144373, "N_raw": 27, "N_roi": 22, "N_inlier": 22, "refit": true}
{"timestamp": "15:31:23.750578", "frame": 30, "mu": [0.5831177375016225, 1.929182857276547, 1.3357148662159748], "Sigma": [[0.006714000615109996, -0.002040229513630673, -0.008070864220358312], [-0.002040229513630673, 0.006930927831433359, 0.005047038845705672], [-0.008070864220358312, 0.005047038845705672, 0.04740778135496665]], "chi2_level": 0.99, "chi2_df": 3, "chi2_threshold": 11.344866730144373, "N_raw": 57, "N_roi": 57, "N_inlier": 52, "refit": true}
{"timestamp": "15:31:23.804798", "frame": 31, "mu": [0.4620293492764402, 1.9775848947655863, 1.4080294415724242], "Sigma": [[0.005105825951827286, -0.0025731082261855644, -0.006834735934255893], [-0.0025731082261855644, 0.005820722440592981, 0.00269449463636576], [-0.006834735934255893, 0.00269449463636576, 0.01241274392535044]], "chi2_level": 0.99, "chi2_df": 3, "chi2_threshold": 11.344866730144373, "N_raw": 49, "N_roi": 49, "N_inlier": 44, "refit": true}
{"timestamp": "15:31:23.863637", "frame": 32, "mu": [0.3449790095586385, 2.089871531968078, -0.16923278065995492], "Sigma": [[0.006843367477700469, -0.0002163485506919883, -0.006759367076051265], [-0.00021634855069198824, 0.005199308653572643, -0.007568904548714473], [-0.006759367076051265, -0.007568904548714473, 0.030119129991892993]], "chi2_level": 0.99, "chi2_df": 3, "chi2_threshold": 11.344866730144373, "N_raw": 75, "N_roi": 70, "N_inlier": 66, "refit": true}
{"timestamp": "15:31:23.917983", "frame": 33, "mu": [0.23817680996553467, 1.990160169511371, 1.3377602913479285], "Sigma": [[0.0087213420281331, -0.004465261452040766, -0.022010669239049374], [-0.004465261452040766, 0.005167539891549782, 0.013152481475066936], [-0.022010669239049374, 0.013152481475066936, 0.08659012976503772]], "chi2_level": 0.99, "chi2_df": 3, "chi2_threshold": 11.344866730144373, "N_raw": 68, "N_roi": 62, "N_inlier": 58, "refit": true}
{"timestamp": "15:31:23.969736", "frame": 34, "mu": [0.14080439125947405, 2.00953962246617, 1.3502049412009445], "Sigma": [[0.0032677955101873524, -0.0019532597757829216, -0.005892212343111826], [-0.001953259775782921, 0.0035178445938069125, 0.004585409820243884], [-0.005892212343111826, 0.004585409820243883, 0.045554582425004216]], "chi2_level": 0.99, "chi2_df": 3, "chi2_threshold": 11.344866730144373, "N_raw": 45, "N_roi": 43, "N_inlier": 40, "refit": true}
{"timestamp": "15:31:24.028885", "frame": 35, "mu": [0.05415675374147109, 2.0031095282314473, 1.3336145870628022], "Sigma": [[0.02504286793459755, -0.010048030699376152, -0.06883867239928233], [-0.010048030699376152, 0.009804299787368022, 0.026496229388050543], [-0.06883867239928232, 0.026496229388050543, 0.22083414661553796]], "chi2_level": 0.99, "chi2_df": 3, "chi2_threshold": 11.344866730144373, "N_raw": 75, "N_roi": 74, "N_inlier": 73, "refit": true}
{"timestamp": "15:31:24.077826", "frame": 36, "mu": [0.022295347268807816, 1.973340315433061, 0.3385575229398407], "Sigma": [[0.012582536942337718, -0.003983894285032432, -0.03523799983242615], [-0.003983894285032432, 0.0021471194659845004, 0.011316286262939616], [-0.03523799983242615, 0.011316286262939616, 0.22497371471767189]], "chi2_level": 0.99, "chi2_df": 3, "chi2_threshold": 11.344866730144373, "N_raw": 36, "N_roi": 30, "N_inlier": 29, "refit": true}
{"timestamp": "15:31:24.140299", "frame": 37, "mu": [-0.23539910998331678, 1.9848671415252304, 1.2399388021411286], "Sigma": [[0.007773928435712447, -0.002014593164124395, -0.009405293703886325], [-0.002014593164124395, 0.008578943038626998, 0.02719382355356581], [-0.009405293703886323, 0.02719382355356581, 0.3679919169263865]], "chi2_level": 0.99, "chi2_df": 3, "chi2_threshold": 11.344866730144373, "N_raw": 88, "N_roi": 84, "N_inlier": 84, "refit": true}
{"timestamp": "15:31:24.197899", "frame": 38, "mu": [-0.37617973605286664, 1.9727512681130177, 1.1256458538019602], "Sigma": [[0.014846765892132777, 0.001259086358549964, 0.044387882620422564], [0.001259086358549964, 0.008529906123441405, 0.023073098928707042], [0.044387882620422564, 0.023073098928707042, 0.3797289234426881]], "chi2_level": 0.99, "chi2_df": 3, "chi2_threshold": 11.344866730144373, "N_raw": 98, "N_roi": 98, "N_inlier": 98, "refit": true}
{"timestamp": "15:31:24.250125", "frame": 39, "mu": [-0.470075271031683, 1.963967216004344, 1.2305794195682531], "Sigma": [[0.017928280050320128, 0.004658270118858559, 0.052657485848211366], [0.004658270118858559, 0.008591644697533853, 0.02578747500170677], [0.052657485848211366, 0.02578747500170677, 0.28897462311844013]], "chi2_level": 0.99, "chi2_df": 3, "chi2_threshold": 11.344866730144373, "N_raw": 81, "N_roi": 81, "N_inlier": 80, "refit": true}
{"timestamp": "15:31:24.295501", "frame": 40, "mu": [-0.5819998255150276, 1.9304054155571202, 0.8218362040538966], "Sigma": [[0.010159352491882708, 0.0019515392100511808, 0.05428315020355447], [0.001951539210051181, 0.0028905611906871968, 0.014723218132158898], [0.05428315020355447, 0.014723218132158898, 0.3700625790955026]], "chi2_level": 0.99, "chi2_df": 3, "chi2_threshold": 11.344866730144373, "N_raw": 14, "N_roi": 14, "N_inlier": 14, "refit": true}
{"timestamp": "15:31:24.353351", "frame": 41, "mu": [-0.6910485691821016, 1.9470890649658603, 1.3330017500737794], "Sigma": [[0.009699034473743068, -0.00021622936739653032, 0.024861100191972026], [-0.0002162293673965303, 0.0037186592662468944, 0.0014222823681441427], [0.024861100191972026, 0.0014222823681441427, 0.16324440913218274]], "chi2_level": 0.99, "chi2_df": 3, "chi2_threshold": 11.344866730144373, "N_raw": 41, "N_roi": 41, "N_inlier": 39, "refit": true}
{"timestamp": "15:31:24.409943", "frame": 42, "mu": [-0.508836043545762, 2.0931758897640402, 0.4651227038452569], "Sigma": [[0.018650491938864106, 0.003132903004325619, -0.037891546766077894], [0.003132903004325619, 0.002129488844794657, -0.010821826389704955], [-0.037891546766077894, -0.010821826389704955, 0.12493751994177016]], "chi2_level": 0.99, "chi2_df": 3, "chi2_threshold": 11.344866730144373, "N_raw": 49, "N_roi": 47, "N_inlier": 43, "refit": true}
{"timestamp": "15:31:24.471300", "frame": 43, "mu": [-0.7730010183647995, 2.0349928085281572, 0.8884559294364011], "Sigma": [[0.03090212866078331, 0.006588809739184854, -0.09688658126060973], [0.006588809739184855, 0.004993024943812847, -0.0315125251287602], [-0.09688658126060973, -0.0315125251287602, 0.3947172879599327]], "chi2_level": 0.99, "chi2_df": 3, "chi2_threshold": 11.344866730144373, "N_raw": 100, "N_roi": 99, "N_inlier": 97, "refit": true}
{"timestamp": "15:31:24.523777", "frame": 44, "mu": [-0.9246919820490052, 2.024131003626348, 1.11909846160879], "Sigma": [[0.021904964736600356, 0.0052264572273855074, -0.07794437909956754], [0.005226457227385507, 0.003842316223404763, -0.0235411603627584], [-0.07794437909956753, -0.023541160362758405, 0.34497766887641296]], "chi2_level": 0.99, "chi2_df": 3, "chi2_threshold": 11.344866730144373, "N_raw": 79, "N_roi": 77, "N_inlier": 72, "refit": true}
{"timestamp": "15:31:24.578458", "frame": 45, "mu": [-1.0756290276721412, 2.0350564877443067, 0.8949025576948674], "Sigma": [[0.007200694739251918, 0.0023197852662406454, -0.021094409369972082], [0.0023197852662406454, 0.005161261403086862, -0.024641198726837638], [-0.021094409369972082, -0.024641198726837638, 0.31963046541831447]], "chi2_level": 0.99, "chi2_df": 3, "chi2_threshold": 11.344866730144373, "N_raw": 74, "N_roi": 74, "N_inlier": 73, "refit": true}
{"timestamp": "15:31:24.628778", "frame": 46, "mu": [-1.2940916445628163, 1.9196528036253855, 1.659970383459832], "Sigma": [[0.006541976295877797, 0.002840700279993379, -0.009006711191379744], [0.0028407002799933794, 0.005908590742120333, -0.0073679025794207344], [-0.009006711191379744, -0.0073679025794207344, 0.0212434902407368]], "chi2_level": 0.99, "chi2_df": 3, "chi2_threshold": 11.344866730144373, "N_raw": 43, "N_roi": 43, "N_inlier": 38, "refit": true}
{"timestamp": "15:31:24.681450", "frame": 47, "mu": [-1.2879902180868787, 1.9872488105454917, 1.0756583493822018], "Sigma": [[0.006188611093658148, 0.0011528249570483004, -0.027221095812087665], [0.0011528249570483004, 0.005317742905015272, -0.010550887002667934], [-0.027221095812087665, -0.010550887002667934, 0.23836949274012734]], "chi2_level": 0.99, "chi2_df": 3, "chi2_threshold": 11.344866730144373, "N_raw": 23, "N_roi": 19, "N_inlier": 19, "refit": true}
{"timestamp": "15:31:24.735258", "frame": 48, "mu": [-1.5333519530891517, 1.9433548161389163, 1.5682887478040004], "Sigma": [[0.024538325004717223, 0.02242923844036728, -0.03090361125095261], [0.02242923844036728, 0.032660187160371314, -0.03336090300682768], [-0.03090361125095261, -0.03336090300682769, 0.04819107342213761]], "chi2_level": 0.99, "chi2_df": 3, "chi2_threshold": 11.344866730144373, "N_raw": 19, "N_roi": 19, "N_inlier": 17, "refit": true}
{"timestamp": "15:31:24.795282", "frame": 49, "mu": [-1.8030433012450109, 1.7281868851078508, 1.7557016685828855], "Sigma": [[0.04165339324216157, 0.04270260103889184, -0.051608388231223684], [0.04270260103889184, 0.0513417676739297, -0.05942475013795199], [-0.051608388231223684, -0.05942475013795199, 0.08101976202517414]], "chi2_level": 0.99, "chi2_df": 3, "chi2_threshold": 11.344866730144373, "N_raw": 60, "N_roi": 60, "N_inlier": 59, "refit": true}
{"timestamp": "15:31:24.853455", "frame": 50, "mu": [-2.008230992297297, 1.6741960936253626, 1.6620504181638756], "Sigma": [[0.057432770862070597, 0.04655734361253937, -0.0367429056019589], [0.04655734361253937, 0.04324579422177838, -0.03843447155026944], [-0.0367429056019589, -0.03843447155026944, 0.07604559140847938]], "chi2_level": 0.99, "chi2_df": 3, "chi2_threshold": 11.344866730144373, "N_raw": 75, "N_roi": 75, "N_inlier": 73, "refit": true}
{"timestamp": "15:31:24.902059", "frame": 51, "mu": [-2.0628911442107443, 1.7225851678965112, 1.7210258457765872], "Sigma": [[0.05301296375136806, 0.050067489234202386, -0.07073938684933163], [0.05006748923420239, 0.05375369312491239, -0.07697464417500038], [-0.07073938684933165, -0.07697464417500038, 0.11948265234947922]], "chi2_level": 0.99, "chi2_df": 3, "chi2_threshold": 11.344866730144373, "N_raw": 31, "N_roi": 31, "N_inlier": 31, "refit": true}
{"timestamp": "15:31:24.962189", "frame": 52, "mu": [-2.1468481948838765, 1.631999482402448, 1.744121959459092], "Sigma": [[0.024962086014044458, 0.019452554454417202, -0.02292851165688424], [0.019452554454417202, 0.025331274183565025, -0.024278983115370682], [-0.02292851165688424, -0.024278983115370682, 0.03569913256248245]], "chi2_level": 0.99, "chi2_df": 3, "chi2_threshold": 11.344866730144373, "N_raw": 74, "N_roi": 72, "N_inlier": 70, "refit": true}
{"timestamp": "15:31:25.015777", "frame": 53, "mu": [-2.1440719034599756, 1.6475722289882178, 1.4736252909923022], "Sigma": [[0.01990454107683555, 0.015880838781203423, -0.0279876093922119], [0.015880838781203423, 0.0248683808607354, -0.03435835979124297], [-0.0279876093922119, -0.03435835979124297, 0.06058963656871674]], "chi2_level": 0.99, "chi2_df": 3, "chi2_threshold": 11.344866730144373, "N_raw": 53, "N_roi": 53, "N_inlier": 52, "refit": true}
{"timestamp": "15:31:25.069302", "frame": 54, "mu": [-2.247537354765101, 1.7381702346525136, 0.08377484083141176], "Sigma": [[0.010892943775883464, 0.01579491375826059, -0.010607251728052946], [0.015794913758260594, 0.03786563084390106, -0.024166234374792497], [-0.010607251728052948, -0.024166234374792497, 0.02206368294089365]], "chi2_level": 0.99, "chi2_df": 3, "chi2_threshold": 11.344866730144373, "N_raw": 43, "N_roi": 43, "N_inlier": 42, "refit": true}
{"timestamp": "15:31:25.123697", "frame": 55, "mu": [-2.283854918693166, 1.5976558098592897, 1.6186722006155463], "Sigma": [[0.009167236116859497, 0.005839057603021679, -0.008931935606697175], [0.005839057603021679, 0.014679200639997196, -0.005888773861957509], [-0.008931935606697175, -0.005888773861957509, 0.009952411685954524]], "chi2_level": 0.99, "chi2_df": 3, "chi2_threshold": 11.344866730144373, "N_raw": 47, "N_roi": 45, "N_inlier": 42, "refit": true}
{"timestamp": "15:31:25.181868", "frame": 56, "mu": [-2.3389230207982026, 1.5452615919220385, 1.5648451939872563], "Sigma": [[0.00837116522765378, 0.004104044700563858, -0.006490718447483987], [0.004104044700563858, 0.014858054904036482, -0.004060598588070315], [-0.006490718447483987, -0.004060598588070315, 0.007189625117089757]], "chi2_level": 0.99, "chi2_df": 3, "chi2_threshold": 11.344866730144373, "N_raw": 49, "N_roi": 44, "N_inlier": 44, "refit": true}
{"timestamp": "15:31:25.233876", "frame": 57, "mu": [-2.367987000149599, 1.6438674085618608, 1.4186524894425128], "Sigma": [[0.006294136741830283, 0.004862392254544034, -0.017191451103596513], [0.004862392254544034, 0.02578692290952299, -0.0464525390288112], [-0.017191451103596513, -0.0464525390288112, 0.1458261381061852]], "chi2_level": 0.99, "chi2_df": 3, "chi2_threshold": 11.344866730144373, "N_raw": 43, "N_roi": 35, "N_inlier": 35, "refit": true}
{"timestamp": "15:31:25.288662", "frame": 58, "mu": [-2.406820298941268, 1.7081211855428686, -0.3505861214152492], "Sigma": [[0.003799019590284416, 0.001313707897404916, 0.00012420628763076244], [0.0013137078974049157, 0.020397439084979527, 0.02092440872724082], [0.0001242062876307624, 0.02092440872724082, 0.04128374058253567]], "chi2_level": 0.99, "chi2_df": 3, "chi2_threshold": 11.344866730144373, "N_raw": 42, "N_roi": 30, "N_inlier": 27, "refit": true}
{"timestamp": "15:31:25.340424", "frame": 59, "mu": [-2.383977073039577, 1.7889911500722528, 1.1433440597295803], "Sigma": [[0.010550948601235883, 0.013866158572863472, -0.04902540739785834], [0.013866158572863472, 0.022035494863384866, -0.07467176297093417], [-0.049025407397858344, -0.07467176297093417, 0.2697595247405122]], "chi2_level": 0.99, "chi2_df": 3, "chi2_threshold": 11.344866730144373, "N_raw": 26, "N_roi": 12, "N_inlier": 12, "refit": true}
