{"timestamp": "15:48:49.799367", "frame": 13, "mu": [-1.9098130084854836, 4.956048351754943, 1.0820603402570113], "Sigma": [[0.019063110645804876, 0.0017349115038357466, -0.004643156991244829], [0.0017349115038357466, 0.0005860725328251711, -0.00020032901388850616], [-0.004643156991244828, -0.0002003290138885062, 0.0031154022555460906]], "chi2_level": 0.99, "chi2_df": 3, "chi2_threshold": 11.344866730144373, "N_raw": 33, "N_roi": 9, "N_inlier": 9, "refit": true}
{"timestamp": "15:48:50.021312", "frame": 17, "mu": [-1.861872404772627, 4.931214992081718, 0.7831766236076505], "Sigma": [[0.038529698361397705, 0.002784552438946291, -0.015167369175811938], [0.0027845524389462904, 0.0015505059826570443, -0.0011359650490483395], [-0.015167369175811938, -0.0011359650490483395, 0.008294056787030811]], "chi2_level": 0.99, "chi2_df": 3, "chi2_threshold": 11.344866730144373, "N_raw": 40, "N_roi": 23, "N_inlier": 23, "refit": true}
{"timestamp": "15:48:50.077881", "frame": 18, "mu": [-1.829514321652733, 4.926682092309431, 0.8424452859466931], "Sigma": [[0.03189003939572564, 0.0042282254164097074, -0.015464651180905096], [0.0042282254164097074, 0.0024653189778942606, -0.0025598585890589656], [-0.015464651180905096, -0.0025598585890589656, 0.00963007644139577]], "chi2_level": 0.99, "chi2_df": 3, "chi2_threshold": 11.344866730144373, "N_raw": 56, "N_roi": 23, "N_inlier": 23, "refit": true}
{"timestamp": "15:48:50.131977", "frame": 19, "mu": [-1.8640262680745496, 4.923586370184718, -1.1642726591433274], "Sigma": [[0.014042428341663344, 0.0009268578759368306, -0.007453896621224625], [0.000926857875936831, 0.0018331145395325454, 0.0006305334848979706], [-0.007453896621224625, 0.0006305334848979704, 0.0058945454033837025]], "chi2_level": 0.99, "chi2_df": 3, "chi2_threshold": 11.344866730144373, "N_raw": 36, "N_roi": 13, "N_inlier": 13, "refit": true}
{"timestamp": "15:48:50.242398", "frame": 21, "mu": [-1.7760824661432, 4.937057116174559, 1.0077835389181682], "Sigma": [[0.023724805007011487, 0.0036517897654646165, -0.009171539389738598], [0.0036517897654646165, 0.0017138446002022483, -0.002229164704796358], [-0.009171539389738598, -0.002229164704796358, 0.005925092993164595]], "chi2_level": 0.99, "chi2_df": 3, "chi2_threshold": 11.344866730144373, "N_raw": 37, "N_roi": 19, "N_inlier": 19, "refit": true}
{"timestamp": "15:48:50.302105", "frame": 22, "mu": [-1.7054789201504499, 4.940120661954214, 0.8997546671112454], "Sigma": [[0.04021070001870726, 0.003626111088259605, -0.023056928112323016], [0.0036261110882596045, 0.00151116329492558, -0.003248790146549086], [-0.023056928112323016, -0.003248790146549086, 0.017667722023218882]], "chi2_level": 0.99, "chi2_df": 3, "chi2_threshold": 11.344866730144373, "N_raw": 71, "N_roi": 27, "N_inlier": 27, "refit": true}
{"timestamp": "15:48:50.349415", "frame": 23, "mu": [-1.688894777717416, 4.8891149084850225, 0.7998379926126987], "Sigma": [[0.005727440573693944, 0.0006676810333112358, -0.003847314262054298], [0.0006676810333112359, 0.0009508565109412624, -0.000763755613092437], [-0.0038473142620542976, -0.000763755613092437, 0.004849520576107307]], "chi2_level": 0.99, "chi2_df": 3, "chi2_threshold": 11.344866730144373, "N_raw": 14, "N_roi": 9, "N_inlier": 8, "refit": true}
{"timestamp": "15:48:50.464029", "frame": 25, "mu": [-1.6266444664814619, 4.899683805646331, 0.8014617648156516], "Sigma": [[0.0327931554874223, 0.006444400741355553, -0.011053785745387634], [0.006444400741355552, 0.0033314109586150553, -0.0033490833281473063], [-0.011053785745387634, -0.0033490833281473067, 0.006967342717195312]], "chi2_level": 0.99, "chi2_df": 3, "chi2_threshold": 11.344866730144373, "N_raw": 48, "N_roi": 37, "N_inlier": 35, "refit": true}
{"timestamp": "15:48:50.520548", "frame": 26, "mu": [-1.5760220535633065, 4.858708535848281, 0.5616825492180098], "Sigma": [[0.031130531853327224, 0.006019980230106182, -0.016713987937592528], [0.006019980230106182, 0.004899060412221941, -0.0021721182545970195], [-0.016713987937592524, -0.0021721182545970195, 0.01058608484139339]], "chi2_level": 0.99, "chi2_df": 3, "chi2_threshold": 11.344866730144373, "N_raw": 56, "N_roi": 37, "N_inlier": 37, "refit": true}
{"timestamp": "15:48:50.581925", "frame": 27, "mu": [-1.7049319334157946, 4.928732070801069, 0.15902616434212194], "Sigma": [[0.024915180619592168, 0.004354485509821745, -0.0060071379385514155], [0.004354485509821745, 0.0027057552918615985, -0.0019093983219884], [-0.0060071379385514155, -0.0019093983219884, 0.0028860503576469865]], "chi2_level": 0.99, "chi2_df": 3, "chi2_threshold": 11.344866730144373, "N_raw": 91, "N_roi": 23, "N_inlier": 22, "refit": true}
{"timestamp": "15:48:50.631786", "frame": 28, "mu": [-1.6844257955743305, 4.931090185492458, 0.10463961001996885], "Sigma": [[0.022760911127437403, 0.003740771649716409, -0.009812457346754169], [0.0037407716497164095, 0.0022953463031231817, -0.0012745500580079504], [-0.009812457346754167, -0.0012745500580079504, 0.0054519020351531545]], "chi2_level": 0.99, "chi2_df": 3, "chi2_threshold": 11.344866730144373, "N_raw": 60, "N_roi": 21, "N_inlier": 21, "refit": true}
{"timestamp": "15:48:50.685196", "frame": 29, "mu": [-1.5070933250536602, 4.834581524439761, 0.7409201839157051], "Sigma": [[0.029413021985632844, 0.00709907833396553, -0.014886413001140011], [0.00709907833396553, 0.004444953618255674, -0.006861839818876966], [-0.014886413001140011, -0.006861839818876966, 0.014679215827980553]], "chi2_level": 0.99, "chi2_df": 3, "chi2_threshold": 11.344866730144373, "N_raw": 53, "N_roi": 46, "N_inlier": 45, "refit": true}
{"timestamp": "15:48:50.740065", "frame": 30, "mu": [-1.519603837007563, 4.859132514814678, 0.7299393148704062], "Sigma": [[0.02941811068375083, 0.006125509688372274, -0.01606192540957014], [0.006125509688372274, 0.005193011369234953, -0.0019524726167728236], [-0.01606192540957014, -0.0019524726167728236, 0.010625114359845]], "chi2_level": 0.99, "chi2_df": 3, "chi2_threshold": 11.344866730144373, "N_raw": 58, "N_roi": 37, "N_inlier": 36, "refit": true}
{"timestamp": "15:48:50.792278", "frame": 31, "mu": [-1.501841509271778, 4.773937617776365, 0.8156795408990546], "Sigma": [[0.025173549413140844, 0.005223003107695501, -0.011135035610180068], [0.005223003107695501, 0.0027643580819901184, -0.003341863977723134], [-0.011135035610180068, -0.003341863977723134, 0.008139396891450887]], "chi2_level": 0.99, "chi2_df": 3, "chi2_threshold": 11.344866730144373, "N_raw": 33, "N_roi": 28, "N_inlier": 28, "refit": true}
{"timestamp": "15:48:50.847212", "frame": 32, "mu": [-1.4386309059542604, 4.7883082913426, 0.6970327412733828], "Sigma": [[0.022250343427294608, 0.007179485986684551, -0.012547348211330552], [0.007179485986684551, 0.005073544942314301, -0.004035765125451828], [-0.01254734821133055, -0.004035765125451828, 0.008589434971583732]], "chi2_level": 0.99, "chi2_df": 3, "chi2_threshold": 11.344866730144373, "N_raw": 32, "N_roi": 27, "N_inlier": 27, "refit": true}
{"timestamp": "15:48:50.903361", "frame": 33, "mu": [-1.4562966876574868, 4.773945288772231, 0.7976479935646783], "Sigma": [[0.03428979845309036, 0.007779114876411568, -0.020848481161333747], [0.007779114876411568, 0.005591728747420494, -0.007917735342923504], [-0.020848481161333747, -0.007917735342923504, 0.017915060767677925]], "chi2_level": 0.99, "chi2_df": 3, "chi2_threshold": 11.344866730144373, "N_raw": 51, "N_roi": 50, "N_inlier": 50, "refit": true}
{"timestamp": "15:48:50.958930", "frame": 34, "mu": [-1.3958596636899427, 4.908826276346017, 0.2925896498402913], "Sigma": [[0.012540879031775193, 0.0013533660812935205, -0.0014829909189083632], [0.0013533660812935207, 0.003604641572775107, -0.00800007838106076], [-0.0014829909189083626, -0.00800007838106076, 0.019226931021808155]], "chi2_level": 0.99, "chi2_df": 3, "chi2_threshold": 11.344866730144373, "N_raw": 39, "N_roi": 20, "N_inlier": 20, "refit": true}
{"timestamp": "15:48:51.010514", "frame": 35, "mu": [-1.186414824142062, 4.881216671084178, 0.4833860978743506], "Sigma": [[0.01180736859952727, 0.001748692556945976, -0.0016201374284597868], [0.0017486925569459761, 0.0037848522634958562, 0.0010085899868123038], [-0.001620137428459786, 0.0010085899868123038, 0.07098541595547449]], "chi2_level": 0.99, "chi2_df": 3, "chi2_threshold": 11.344866730144373, "N_raw": 17, "N_roi": 14, "N_inlier": 14, "refit": true}
{"timestamp": "15:48:51.068119", "frame": 36, "mu": [-1.2817164428282568, 4.880663372142471, 0.7440035673190295], "Sigma": [[0.02856684692464352, 0.004901337206074802, -0.02525590423892602], [0.004901337206074802, 0.005915472458407078, -0.00910722467184766], [-0.02525590423892602, -0.009107224671847658, 0.03168186255406008]], "chi2_level": 0.99, "chi2_df": 3, "chi2_threshold": 11.344866730144373, "N_raw": 42, "N_roi": 37, "N_inlier": 37, "refit": true}
{"timestamp": "15:48:51.128510", "frame": 37, "mu": [-1.295924779314935, 4.798334008847282, 0.8108155925942473], "Sigma": [[0.041361263530446224, 0.011310115586429994, -0.025778677424378012], [0.011310115586429994, 0.010134686976639462, -0.008897957280072696], [-0.025778677424378012, -0.008897957280072696, 0.019580453986690588]], "chi2_level": 0.99, "chi2_df": 3, "chi2_threshold": 11.344866730144373, "N_raw": 72, "N_roi": 69, "N_inlier": 68, "refit": true}
{"timestamp": "15:48:51.174570", "frame": 38, "mu": [-1.1668415056669683, 4.822960493576925, 0.6293009472407636], "Sigma": [[0.00821840757605829, 0.0019090173138867335, -0.010979931282595844], [0.0019090173138867335, 0.0051960190657734835, -0.007587006972093253], [-0.010979931282595846, -0.007587006972093253, 0.02310442553438595]], "chi2_level": 0.99, "chi2_df": 3, "chi2_threshold": 11.344866730144373, "N_raw": 15, "N_roi": 14, "N_inlier": 14, "refit": true}
{"timestamp": "15:48:51.232174", "frame": 39, "mu": [-1.1783342315623542, 4.827409016510419, 0.7775006377296211], "Sigma": [[0.019828241360665272, 0.006307934262145024, -0.01370655019316977], [0.006307934262145024, 0.00855199666807741, -0.00352292756959987], [-0.013706550193169771, -0.00352292756959987, 0.015886714533790324]], "chi2_level": 0.99, "chi2_df": 3, "chi2_threshold": 11.344866730144373, "N_raw": 31, "N_roi": 25, "N_inlier": 24, "refit": true}
{"timestamp": "15:48:51.292134", "frame": 40, "mu": [-1.1852431359043334, 4.73013230700167, 0.6820108812278303], "Sigma": [[0.03748245067936784, 0.005717990783428757, -0.03724971500323294], [0.005717990783428757, 0.0032122017818631827, -0.011733877376294959], [-0.03724971500323294, -0.011733877376294959, 0.06007232966039601]], "chi2_level": 0.99, "chi2_df": 3, "chi2_threshold": 11.344866730144373, "N_raw": 66, "N_roi": 62, "N_inlier": 62, "refit": true}
{"timestamp": "15:48:51.347661", "frame": 41, "mu": [-1.150111090595976, 4.667423388702262, 0.6866441260714311], "Sigma": [[0.05173162740065615, 0.014859931057590921, -0.059499186741089394], [0.014859931057590921, 0.006332449330771781, -0.023746232957597587], [-0.059499186741089394, -0.023746232957597587, 0.10452195665997585]], "chi2_level": 0.99, "chi2_df": 3, "chi2_threshold": 11.344866730144373, "N_raw": 62, "N_roi": 49, "N_inlier": 47, "refit": true}
{"timestamp": "15:48:51.398220", "frame": 42, "mu": [-0.9999065187832716, 4.720870348553548, 0.6365781982140247], "Sigma": [[0.016907280452444686, 0.000638902386406558, -0.011230012393837611], [0.0006389023864065582, 0.0031496211515409885, -0.015865090284286447], [-0.01123001239383761, -0.01586509028428645, 0.13708162800460358]], "chi2_level": 0.99, "chi2_df": 3, "chi2_threshold": 11.344866730144373, "N_raw": 39, "N_roi": 31, "N_inlier": 31, "refit": true}
{"timestamp": "15:48:51.455990", "frame": 43, "mu": [-1.1257891019086113, 4.607158252484924, 0.6644815666699163], "Sigma": [[0.03079074033802771, 0.009093517327253378, -0.016044008371651302], [0.009093517327253376, 0.005971269330756027, -0.009865079828043258], [-0.016044008371651302, -0.009865079828043258, 0.02926061583067208]], "chi2_level": 0.99, "chi2_df": 3, "chi2_threshold": 11.344866730144373, "N_raw": 60, "N_roi": 57, "N_inlier": 56, "refit": true}
{"timestamp": "15:48:51.513645", "frame": 44, "mu": [-1.055011299786177, 4.6582726236086, 0.8504550596364894], "Sigma": [[0.031539914214824084, 0.004507011184249394, -0.01617710532670407], [0.004507011184249393, 0.006479696327741174, -0.008954384071057565], [-0.01617710532670407, -0.008954384071057565, 0.019653593367315748]], "chi2_level": 0.99, "chi2_df": 3, "chi2_threshold": 11.344866730144373, "N_raw": 73, "N_roi": 67, "N_inlier": 67, "refit": true}
{"timestamp": "15:48:51.566301", "frame": 45, "mu": [-1.0600313059042978, 4.593500121494227, 0.7511531852734317], "Sigma": [[0.0278314346884473, 0.005654593895870976, -0.01639442481180259], [0.005654593895870976, 0.008115547976694577, -0.003747438490726236], [-0.01639442481180259, -0.003747438490726236, 0.013182593821364642]], "chi2_level": 0.99, "chi2_df": 3, "chi2_threshold": 11.344866730144373, "N_raw": 60, "N_roi": 56, "N_inlier": 54, "refit": true}
{"timestamp": "15:48:51.616251", "frame": 46, "mu": [-1.11156445789739, 4.519332641007921, 0.8615438886377413], "Sigma": [[0.01674054426739978, 0.005899152084859494, -0.011186850550751515], [0.005899152084859495, 0.006862074125814285, -0.001508252084449982], [-0.011186850550751515, -0.0015082520844499818, 0.010720792853743085]], "chi2_level": 0.99, "chi2_df": 3, "chi2_threshold": 11.344866730144373, "N_raw": 25, "N_roi": 22, "N_inlier": 21, "refit": true}
{"timestamp": "15:48:51.676051", "frame": 47, "mu": [-1.0216780499557445, 4.560475890977635, 0.8301887425198161], "Sigma": [[0.032135409497969364, 0.004805364011284379, -0.0162004099183942], [0.00480536401128438, 0.007604145122215997, -0.00025686062616318004], [-0.0162004099183942, -0.00025686062616318004, 0.010713334869520879]], "chi2_level": 0.99, "chi2_df": 3, "chi2_threshold": 11.344866730144373, "N_raw": 51, "N_roi": 50, "N_inlier": 48, "refit": true}
{"timestamp": "15:48:51.734067", "frame": 48, "mu": [-0.8979959852261775, 4.741488804432204, -0.10484574623461354], "Sigma": [[0.0472199828980938, 0.021036049585902522, -0.0026754370548016967], [0.021036049585902522, 0.018848237432876714, 0.005504746052040004], [-0.002675437054801697, 0.005504746052040004, 0.014497819504408425]], "chi2_level": 0.99, "chi2_df": 3, "chi2_threshold": 11.344866730144373, "N_raw": 81, "N_roi": 79, "N_inlier": 77, "refit": true}
{"timestamp": "15:48:51.788918", "frame": 49, "mu": [-0.9132799993507866, 4.570965542380367, 0.793647282886543], "Sigma": [[0.040250748548721904, 0.016217384882198954, -0.01268233460877552], [0.016217384882198954, 0.018735724545316777, 7.419867806689705e-05], [-0.01268233460877552, 7.41986780668964e-05, 0.00884446306346852]], "chi2_level": 0.99, "chi2_df": 3, "chi2_threshold": 11.344866730144373, "N_raw": 77, "N_roi": 72, "N_inlier": 71, "refit": true}
{"timestamp": "15:48:51.843353", "frame": 50, "mu": [-0.9229654406563144, 4.51541053324027, 0.8056367413090316], "Sigma": [[0.04016530481645754, 0.015616827593293997, -0.007923665662760471], [0.015616827593293997, 0.020429784403682896, 0.004584016375131016], [-0.007923665662760471, 0.004584016375131016, 0.00841402619933453]], "chi2_level": 0.99, "chi2_df": 3, "chi2_threshold": 11.344866730144373, "N_raw": 77, "N_roi": 77, "N_inlier": 76, "refit": true}
{"timestamp": "15:48:51.893665", "frame": 51, "mu": [-0.9109219902735852, 4.5620781629009945, 0.8776634707561854], "Sigma": [[0.025239338020846186, 0.008204851045674418, -0.004416329700740467], [0.008204851045674418, 0.009967731428705646, 0.004977581715708522], [-0.004416329700740467, 0.004977581715708522, 0.009082389035794794]], "chi2_level": 0.99, "chi2_df": 3, "chi2_threshold": 11.344866730144373, "N_raw": 41, "N_roi": 38, "N_inlier": 38, "refit": true}
{"timestamp": "15:48:51.947930", "frame": 52, "mu": [-1.0054547091925432, 4.424569232351551, 0.8789607739020631], "Sigma": [[0.018684754699078016, 0.0019072862214159114, -0.009160511446866502], [0.0019072862214159117, 0.0021396593646609862, -0.0027714705603370995], [-0.009160511446866502, -0.0027714705603370995, 0.009780936599709446]], "chi2_level": 0.99, "chi2_df": 3, "chi2_threshold": 11.344866730144373, "N_raw": 35, "N_roi": 35, "N_inlier": 32, "refit": true}
{"timestamp": "15:48:52.001796", "frame": 53, "mu": [-0.9229904856464862, 4.4058121919172955, 0.7961364240293687], "Sigma": [[0.027065704230208397, 0.0021640045450723143, -0.00945262459775507], [0.0021640045450723143, 0.0013324816717767598, -0.0031641409613603656], [-0.009452624597755071, -0.003164140961360365, 0.012531709804616523]], "chi2_level": 0.99, "chi2_df": 3, "chi2_threshold": 11.344866730144373, "N_raw": 35, "N_roi": 35, "N_inlier": 34, "refit": true}
{"timestamp": "15:48:52.060173", "frame": 54, "mu": [-0.8218127555490047, 4.638156588227822, -0.016567125341786244], "Sigma": [[0.036804840431125634, 0.014997873292008333, 0.00429840558910416], [0.014997873292008333, 0.011249754492814406, 0.012542796511668017], [0.00429840558910416, 0.012542796511668017, 0.0283638702916959]], "chi2_level": 0.99, "chi2_df": 3, "chi2_threshold": 11.344866730144373, "N_raw": 54, "N_roi": 53, "N_inlier": 52, "refit": true}
{"timestamp": "15:48:52.118125", "frame": 55, "mu": [-0.7650869586141433, 4.550260857289311, 0.08874482538412344], "Sigma": [[0.0379437368020347, 0.013947236472247566, -0.004440674656551643], [0.013947236472247566, 0.015001095243125406, -0.0027354890531835333], [-0.004440674656551643, -0.0027354890531835333, 0.006805362808504978]], "chi2_level": 0.99, "chi2_df": 3, "chi2_threshold": 11.344866730144373, "N_raw": 69, "N_roi": 68, "N_inlier": 67, "refit": true}
{"timestamp": "15:48:52.176645", "frame": 56, "mu": [-0.7423708263408104, 4.385197996462631, 0.794762760163298], "Sigma": [[0.0485626678838975, 0.017602271836205954, -0.02045161707422246], [0.017602271836205954, 0.017014248001449114, -0.00896599813432749], [-0.02045161707422246, -0.00896599813432749, 0.010649917740118654]], "chi2_level": 0.99, "chi2_df": 3, "chi2_threshold": 11.344866730144373, "N_raw": 93, "N_roi": 89, "N_inlier": 88, "refit": true}
{"timestamp": "15:48:52.224254", "frame": 57, "mu": [-0.707710303465723, 4.346569401170997, 0.7253582333745487], "Sigma": [[0.02352218466324708, 0.008503698889298458, -0.008907532205668693], [0.008503698889298458, 0.0144579529212378, 0.004075063207438643], [-0.008907532205668695, 0.004075063207438643, 0.012684165847952495]], "chi2_level": 0.99, "chi2_df": 3, "chi2_threshold": 11.344866730144373, "N_raw": 44, "N_roi": 43, "N_inlier": 40, "refit": true}
{"timestamp": "15:48:52.277182", "frame": 58, "mu": [-0.6956736658175187, 4.293807767049209, 0.860001550326715], "Sigma": [[0.023042454264095034, 0.006371313700567115, -0.005106358790177469], [0.006371313700567115, 0.009891365292388493, 0.007644522199999457], [-0.005106358790177468, 0.007644522199999457, 0.012882369432358268]], "chi2_level": 0.99, "chi2_df": 3, "chi2_threshold": 11.344866730144373, "N_raw": 38, "N_roi": 38, "N_inlier": 36, "refit": true}
{"timestamp": "15:48:52.341688", "frame": 59, "mu": [-0.6825057099537729, 4.328274899543643, 0.8352103139408651], "Sigma": [[0.04120285667177712, 0.013888620718166784, -0.011297778538187794], [0.013888620718166782, 0.024768220678322884, 0.00809611442084987], [-0.011297778538187794, 0.00809611442084987, 0.014438129677493394]], "chi2_level": 0.99, "chi2_df": 3, "chi2_threshold": 11.344866730144373, "N_raw": 96, "N_roi": 91, "N_inlier": 91, "refit": true}
{"timestamp": "15:48:52.396654", "frame": 60, "mu": [-0.6474550188624338, 4.290122316534894, 0.9226135299564356], "Sigma": [[0.043477338855285805, 0.011380446473037709, -0.01248359137465974], [0.011380446473037709, 0.014880952906826964, -0.007478375002375924], [-0.01248359137465974, -0.007478375002375925, 0.008070835119813552]], "chi2_level": 0.99, "chi2_df": 3, "chi2_threshold": 11.344866730144373, "N_raw": 100, "N_roi": 99, "N_inlier": 98, "refit": true}
{"timestamp": "15:48:52.445703", "frame": 61, "mu": [-0.7177077294435908, 4.209321701053706, 1.0037771239355087], "Sigma": [[0.02847519201313208, 0.006385055738533235, -0.002728357914842203], [0.006385055738533235, 0.00830706833146801, -0.0018315555716561438], [-0.002728357914842203, -0.0018315555716561438, 0.0005960135786556281]], "chi2_level": 0.99, "chi2_df": 3, "chi2_threshold": 11.344866730144373, "N_raw": 53, "N_roi": 50, "N_inlier": 49, "refit": true}
{"timestamp": "15:48:52.505964", "frame": 62, "mu": [-0.6207068636782892, 4.215857823024206, -0.6506548145205865], "Sigma": [[0.04438802221842973, 0.014931320933578913, 0.10251394607703747], [0.014931320933578913, 0.020022015317985475, 0.05298516058624677], [0.10251394607703747, 0.05298516058624676, 0.6583857616490972]], "chi2_level": 0.99, "chi2_df": 3, "chi2_threshold": 11.344866730144373, "N_raw": 94, "N_roi": 91, "N_inlier": 91, "refit": true}
{"timestamp": "15:48:52.560886", "frame": 63, "mu": [-0.6214836939750212, 4.168251690088637, 0.8495348388570222], "Sigma": [[0.036394115374813435, 0.006194139503744016, -0.020488944676391476], [0.006194139503744016, 0.009133675151706294, -0.007442336184560333], [-0.020488944676391476, -0.007442336184560333, 0.017675973326319636]], "chi2_level": 0.99, "chi2_df": 3, "chi2_threshold": 11.344866730144373, "N_raw": 86, "N_roi": 82, "N_inlier": 79, "refit": true}
{"timestamp": "15:48:52.611191", "frame": 64, "mu": [-0.700523570608654, 4.080332536512297, 0.9554064756790049], "Sigma": [[0.03288651635867183, 0.003024386203027203, -0.012806701616101401], [0.003024386203027203, 0.005648665444780769, -0.0005996251474668552], [-0.012806701616101401, -0.000599625147466855, 0.005962485120474894]], "chi2_level": 0.99, "chi2_df": 3, "chi2_threshold": 11.344866730144373, "N_raw": 59, "N_roi": 54, "N_inlier": 53, "refit": true}
{"timestamp": "15:48:52.667963", "frame": 65, "mu": [-0.6050011197592617, 4.149849184025242, 1.0345383010721], "Sigma": [[0.03143568517879466, 0.006505747564553442, -0.014677745031009454], [0.006505747564553443, 0.00877088501242585, -0.010519297672553], [-0.014677745031009454, -0.010519297672553, 0.01678112553939136]], "chi2_level": 0.99, "chi2_df": 3, "chi2_threshold": 11.344866730144373, "N_raw": 73, "N_roi": 73, "N_inlier": 73, "refit": true}
{"timestamp": "15:48:52.723963", "frame": 66, "mu": [-0.5387672400033467, 4.126957885698615, 0.9330892383038231], "Sigma": [[0.03373323905558891, 0.008263099490297385, -0.013779294879548827], [0.008263099490297385, 0.010216323601554595, -0.011461183343939727], [-0.013779294879548829, -0.011461183343939727, 0.018244574022959245]], "chi2_level": 0.99, "chi2_df": 3, "chi2_threshold": 11.344866730144373, "N_raw": 81, "N_roi": 79, "N_inlier": 78, "refit": true}
{"timestamp": "15:48:52.782962", "frame": 67, "mu": [-0.4777534271160265, 4.153148453198779, 0.9510240290753158], "Sigma": [[0.03642432925969821, 0.006233937304876031, -0.028914599285406063], [0.006233937304876031, 0.013715491037996526, -0.0169677137176739], [-0.028914599285406063, -0.016967713717673902, 0.04107938492729135]], "chi2_level": 0.99, "chi2_df": 3, "chi2_threshold": 11.344866730144373, "N_raw": 108, "N_roi": 108, "N_inlier": 108, "refit": true}
{"timestamp": "15:48:52.834677", "frame": 68, "mu": [-0.43766803931772696, 4.0965076761938315, 0.9617508486419359], "Sigma": [[0.028914417835519457, 0.0034386132154305164, -0.012517340744046658], [0.0034386132154305164, 0.005604502955481594, -0.011890049411248733], [-0.012517340744046658, -0.011890049411248733, 0.03414443933913028]], "chi2_level": 0.99, "chi2_df": 3, "chi2_threshold": 11.344866730144373, "N_raw": 80, "N_roi": 80, "N_inlier": 79, "refit": true}
{"timestamp": "15:48:52.879303", "frame": 69, "mu": [-0.47042110207640686, 4.077693009149657, 0.533840628645372], "Sigma": [[0.0016638240534917815, 0.0028354846129859364, 0.0007005098696856015], [0.002835484612985936, 0.025125063517416037, -0.06371737826759478], [0.0007005098696855998, -0.06371737826759478, 0.2545248029132275]], "chi2_level": 0.99, "chi2_df": 3, "chi2_threshold": 11.344866730144373, "N_raw": 10, "N_roi": 8, "N_inlier": 8, "refit": true}
{"timestamp": "15:48:52.938649", "frame": 70, "mu": [-0.36886844179693046, 4.281121772503577, 0.029327826159794672], "Sigma": [[0.021187299364507216, 0.0027557773664025906, -0.011499649338585126], [0.00275577736640259, 0.004117601816443488, -0.008844489165991905], [-0.011499649338585126, -0.008844489165991905, 0.022817991084386494]], "chi2_level": 0.99, "chi2_df": 3, "chi2_threshold": 11.344866730144373, "N_raw": 43, "N_roi": 41, "N_inlier": 38, "refit": true}
{"timestamp": "15:48:52.995692", "frame": 71, "mu": [-0.41777629720235143, 4.013481348297622, 0.7625652460476193], "Sigma": [[0.03756293699352516, 0.014629693161205536, -0.008678296227587715], [0.014629693161205538, 0.011299511214657146, -0.0013555066092566423], [-0.008678296227587715, -0.0013555066092566426, 0.006857147643330966]], "chi2_level": 0.99, "chi2_df": 3, "chi2_threshold": 11.344866730144373, "N_raw": 62, "N_roi": 57, "N_inlier": 54, "refit": true}
{"timestamp": "15:48:53.044210", "frame": 72, "mu": [-0.2581706046182858, 4.096414790415739, 0.6755697440339287], "Sigma": [[0.008970060093664264, 0.0010786373023994598, 0.01347540677360315], [0.00107863730239946, 0.0050839223351885595, -0.010089877725760987], [0.01347540677360315, -0.010089877725760987, 0.19985052198439757]], "chi2_level": 0.99, "chi2_df": 3, "chi2_threshold": 11.344866730144373, "N_raw": 21, "N_roi": 21, "N_inlier": 21, "refit": true}
{"timestamp": "15:48:53.107088", "frame": 73, "mu": [-0.3797618728649106, 4.016321045135757, 0.09891977062161565], "Sigma": [[0.028392493580463647, 0.003774363854276055, 0.03634925921443705], [0.0037743638542760546, 0.009758486993751543, 0.006587483417780231], [0.03634925921443706, 0.006587483417780232, 0.12925967588668122]], "chi2_level": 0.99, "chi2_df": 3, "chi2_threshold": 11.344866730144373, "N_raw": 65, "N_roi": 65, "N_inlier": 64, "refit": true}
{"timestamp": "15:48:53.161961", "frame": 74, "mu": [-0.34775177818448416, 3.954630688637104, -0.696759225418416], "Sigma": [[0.025603369188352917, 0.004519950247426244, 0.05935162092112571], [0.0045199502474262436, 0.007714707048147648, 0.009722874712732997], [0.059351620921125704, 0.009722874712732995, 0.31963756701011026]], "chi2_level": 0.99, "chi2_df": 3, "chi2_threshold": 11.344866730144373, "N_raw": 70, "N_roi": 70, "N_inlier": 69, "refit": true}
{"timestamp": "15:48:53.216962", "frame": 75, "mu": [-0.22205332147205092, 3.9853902309064475, -0.853374191241731], "Sigma": [[0.037648913662399336, 0.02707563845773985, 0.06885707163952604], [0.027075638457739852, 0.03623159632658736, 0.08243467796745027], [0.06885707163952605, 0.08243467796745027, 0.2646904383087489]], "chi2_level": 0.99, "chi2_df": 3, "chi2_threshold": 11.344866730144373, "N_raw": 66, "N_roi": 66, "N_inlier": 64, "refit": true}
{"timestamp": "15:48:53.267214", "frame": 76, "mu": [-0.13760438228012864, 4.124202205679703, 1.0930831018624239], "Sigma": [[0.015997817569519956, 0.006740391371129209, 0.0019256338917175919], [0.006740391371129208, 0.017786147321670033, 0.016008102120229285], [0.0019256338917175919, 0.016008102120229285, 0.024567408585145785]], "chi2_level": 0.99, "chi2_df": 3, "chi2_threshold": 11.344866730144373, "N_raw": 31, "N_roi": 29, "N_inlier": 27, "refit": true}
{"timestamp": "15:48:53.328046", "frame": 77, "mu": [-0.27056904873935494, 3.75518951797881, 0.8018939752496013], "Sigma": [[0.019673449383495516, 0.001966685135781083, -0.0071083518047507935], [0.001966685135781083, 0.0031919419760969136, -0.0028784965157585395], [-0.0071083518047507935, -0.0028784965157585395, 0.0060323799514541915]], "chi2_level": 0.99, "chi2_df": 3, "chi2_threshold": 11.344866730144373, "N_raw": 52, "N_roi": 50, "N_inlier": 46, "refit": true}
{"timestamp": "15:48:53.382794", "frame": 78, "mu": [-0.09515376019149221, 4.047861211554568, -0.04189877976124722], "Sigma": [[0.030078590654779313, 0.01483578620250087, -0.004349221833977702], [0.01483578620250087, 0.01664395648014581, 0.000872665248564839], [-0.0043492218339777015, 0.000872665248564839, 0.0048033401937075506]], "chi2_level": 0.99, "chi2_df": 3, "chi2_threshold": 11.344866730144373, "N_raw": 78, "N_roi": 78, "N_inlier": 74, "refit": true}
{"timestamp": "15:48:53.431808", "frame": 79, "mu": [-0.09037549176526619, 3.870616547176308, 1.1521104163768794], "Sigma": [[0.014976500169667131, 0.00747077117036416, 0.022457211259247007], [0.00747077117036416, 0.008120650537857512, 0.012769772609461914], [0.022457211259247007, 0.012769772609461914, 0.03841476293916706]], "chi2_level": 0.99, "chi2_df": 3, "chi2_threshold": 11.344866730144373, "N_raw": 32, "N_roi": 32, "N_inlier": 30, "refit": true}
{"timestamp": "15:48:53.492300", "frame": 80, "mu": [-0.1694199252286944, 3.913902210061971, -0.043198440337764724], "Sigma": [[0.024166106645902692, 0.0034409288676418973, -0.008502516272064735], [0.003440928867641897, 0.007995101837208429, -0.001178981999434086], [-0.008502516272064733, -0.0011789819994340858, 0.006062562635455251]], "chi2_level": 0.99, "chi2_df": 3, "chi2_threshold": 11.344866730144373, "N_raw": 75, "N_roi": 73, "N_inlier": 66, "refit": true}
{"timestamp": "15:48:53.547032", "frame": 81, "mu": [-0.11395305972360392, 3.7528603518252703, 1.0999590064547735], "Sigma": [[0.01884567721988722, 0.0001702507551046441, -0.0007379577153737921], [0.00017025075510464403, 0.004031625945775198, -0.003310095364004979], [-0.0007379577153737917, -0.003310095364004979, 0.0915431906294282]], "chi2_level": 0.99, "chi2_df": 3, "chi2_threshold": 11.344866730144373, "N_raw": 64, "N_roi": 63, "N_inlier": 59, "refit": true}
{"timestamp": "15:48:53.601301", "frame": 82, "mu": [-0.014881962364019443, 3.793425183596349, 1.197377981716744], "Sigma": [[0.025185221193542724, 0.0075360625743027525, -0.011840653302507165], [0.0075360625743027525, 0.014227853654563145, -0.015812611770804882], [-0.011840653302507165, -0.015812611770804882, 0.025821298235253986]], "chi2_level": 0.99, "chi2_df": 3, "chi2_threshold": 11.344866730144373, "N_raw": 60, "N_roi": 60, "N_inlier": 57, "refit": true}
{"timestamp": "15:48:53.659788", "frame": 83, "mu": [0.04628158867381341, 3.737881136891852, 0.9742526087262093], "Sigma": [[0.022804587059635832, 0.0017621346062116033, -0.013620501008190247], [0.001762134606211603, 0.0030108144916788718, -0.007935724367314146], [-0.013620501008190247, -0.007935724367314148, 0.06071819754724018]], "chi2_level": 0.99, "chi2_df": 3, "chi2_threshold": 11.344866730144373, "N_raw": 80, "N_roi": 79, "N_inlier": 76, "refit": true}
{"timestamp": "15:48:53.706642", "frame": 84, "mu": [0.01198090715596691, 3.611234519999658, 0.7538310218092084], "Sigma": [[0.00887521392980665, 0.0004402802733812442, 0.0033325002160907577], [0.0004402802733812442, 0.008258325398649022, -0.02335425213975048], [0.003332500216090758, -0.02335425213975048, 0.12538122584963132]], "chi2_level": 0.99, "chi2_df": 3, "chi2_threshold": 11.344866730144373, "N_raw": 26, "N_roi": 26, "N_inlier": 25, "refit": true}
{"timestamp": "15:48:53.761093", "frame": 85, "mu": [0.06580867280512702, 3.7088708137849444, 1.16145637935891], "Sigma": [[0.008489036103721155, -0.0008917980078211885, -0.00473190666316332], [-0.0008917980078211884, 0.002847042757159614, -0.005025276488892554], [-0.00473190666316332, -0.005025276488892554, 0.018502834282301723]], "chi2_level": 0.99, "chi2_df": 3, "chi2_threshold": 11.344866730144373, "N_raw": 34, "N_roi": 34, "N_inlier": 34, "refit": true}
{"timestamp": "15:48:53.820738", "frame": 86, "mu": [0.05265147556057835, 3.723272796369195, -0.04900860202976395], "Sigma": [[0.021008513982197455, -0.0012308857541069587, 0.00841035260160387], [-0.0012308857541069584, 0.006913373687201585, -0.013470850733129786], [0.00841035260160387, -0.013470850733129786, 0.03378233574463103]], "chi2_level": 0.99, "chi2_df": 3, "chi2_threshold": 11.344866730144373, "N_raw": 66, "N_roi": 66, "N_inlier": 64, "refit": true}
{"timestamp": "15:48:53.867962", "frame": 87, "mu": [0.13334381335663448, 3.7166024207259265, -0.0004973155081189479], "Sigma": [[0.006357255300605495, -0.011619537609125563, 0.027211849324856152], [-0.011619537609125562, 0.033318716289407954, -0.07095586126035539], [0.02721184932485615, -0.07095586126035539, 0.17006680210938532]], "chi2_level": 0.99, "chi2_df": 3, "chi2_threshold": 11.344866730144373, "N_raw": 7, "N_roi": 7, "N_inlier": 7, "refit": true}
{"timestamp": "15:48:53.930961", "frame": 88, "mu": [0.10689789968754199, 3.5673367510305414, -0.6513845927516477], "Sigma": [[0.021434530951890723, 0.006113149555227179, 0.05294051463232349], [0.0061131495552271785, 0.008357086578835405, 0.017626478231259204], [0.05294051463232349, 0.017626478231259207, 0.20682221531765937]], "chi2_level": 0.99, "chi2_df": 3, "chi2_threshold": 11.344866730144373, "N_raw": 69, "N_roi": 69, "N_inlier": 69, "refit": true}
{"timestamp": "15:48:53.985392", "frame": 89, "mu": [0.09109547247426351, 3.4543645244720507, 0.8880078871030502], "Sigma": [[0.021622771617721005, -0.0017932164754988927, -0.0024259059666974], [-0.0017932164754988927, 0.005109838127545538, -0.00014867744581020256], [-0.0024259059666974, -0.00014867744581020245, 0.0015812747412342245]], "chi2_level": 0.99, "chi2_df": 3, "chi2_threshold": 11.344866730144373, "N_raw": 59, "N_roi": 59, "N_inlier": 56, "refit": true}
{"timestamp": "15:48:54.042601", "frame": 90, "mu": [0.18501611933443954, 3.538815213315456, 1.224840965842343], "Sigma": [[0.0220621106230851, 0.0010468601321608217, -0.028254944968275582], [0.0010468601321608215, 0.003959055848115958, -0.010352657758669361], [-0.028254944968275582, -0.010352657758669361, 0.06728157876578456]], "chi2_level": 0.99, "chi2_df": 3, "chi2_threshold": 11.344866730144373, "N_raw": 69, "N_roi": 69, "N_inlier": 67, "refit": true}
{"timestamp": "15:48:54.103299", "frame": 91, "mu": [0.21198357710159613, 3.5842857747618475, 0.31094485173424774], "Sigma": [[0.03859172489195506, 0.0014370727335753413, 0.0551093958015224], [0.0014370727335753413, 0.010978539223700052, -0.010361412357083932], [0.05510939580152241, -0.010361412357083932, 0.1671592079097406]], "chi2_level": 0.99, "chi2_df": 3, "chi2_threshold": 11.344866730144373, "N_raw": 110, "N_roi": 110, "N_inlier": 106, "refit": true}
{"timestamp": "15:48:54.151291", "frame": 92, "mu": [0.2926751891493615, 3.5558494030179877, 0.7858577042749629], "Sigma": [[0.024682283236116643, 0.0012288341567796193, -0.021046427560178087], [0.0012288341567796195, 0.004798101725847135, 0.0037543891111420412], [-0.021046427560178087, 0.0037543891111420412, 0.06583461255561945]], "chi2_level": 0.99, "chi2_df": 3, "chi2_threshold": 11.344866730144373, "N_raw": 52, "N_roi": 50, "N_inlier": 47, "refit": true}
{"timestamp": "15:48:54.213269", "frame": 93, "mu": [0.26813002479873055, 3.5244558212305783, -0.7778329586292809], "Sigma": [[0.028038934821522657, 0.010543484703969007, 0.012527354507545123], [0.010543484703969003, 0.020281824234341266, 0.01079669310866405], [0.012527354507545123, 0.01079669310866405, 0.08900348574875826]], "chi2_level": 0.99, "chi2_df": 3, "chi2_threshold": 11.344866730144373, "N_raw": 112, "N_roi": 111, "N_inlier": 111, "refit": true}
{"timestamp": "15:48:54.259981", "frame": 94, "mu": [0.23262935859092387, 3.369676999983461, 1.1106889193499976], "Sigma": [[0.01739620814650988, -0.0038467896934664043, -0.019392161589247333], [-0.0038467896934664043, 0.0034640861222945546, -0.0015832030299182888], [-0.01939216158924733, -0.001583203029918288, 0.04068189900271291]], "chi2_level": 0.99, "chi2_df": 3, "chi2_threshold": 11.344866730144373, "N_raw": 46, "N_roi": 45, "N_inlier": 43, "refit": true}
{"timestamp": "15:48:54.315961", "frame": 95, "mu": [0.24428491678175338, 3.376855948665996, 1.102594562712565], "Sigma": [[0.019552754650340773, -0.0021653824903850646, -0.013682094221478647], [-0.002165382490385065, 0.004612546203586265, -0.0023061509527284056], [-0.013682094221478647, -0.0023061509527284047, 0.017500874925299163]], "chi2_level": 0.99, "chi2_df": 3, "chi2_threshold": 11.344866730144373, "N_raw": 62, "N_roi": 58, "N_inlier": 55, "refit": true}
{"timestamp": "15:48:54.475206", "frame": 98, "mu": [0.5276754563511113, 3.562744878150098, -0.15482238750775196], "Sigma": [[0.008359647096087927, 0.0034941971354364686, -0.0028142707170988723], [0.0034941971354364686, 0.005910149683349803, 1.874473248664123e-05], [-0.0028142707170988723, 1.874473248664123e-05, 0.0031064162259007294]], "chi2_level": 0.99, "chi2_df": 3, "chi2_threshold": 11.344866730144373, "N_raw": 27, "N_roi": 21, "N_inlier": 20, "refit": true}
{"timestamp": "15:48:54.536342", "frame": 99, "mu": [0.49174861340899223, 3.3084332758753323, 1.0189597251410532], "Sigma": [[0.019686395934533696, 6.345248245069509e-05, -0.004818615644901545], [6.345248245069509e-05, 0.007980193708663345, 0.001910524921778053], [-0.004818615644901545, 0.001910524921778053, 0.0026032902675683714]], "chi2_level": 0.99, "chi2_df": 3, "chi2_threshold": 11.344866730144373, "N_raw": 68, "N_roi": 67, "N_inlier": 64, "refit": true}
{"timestamp": "15:48:54.861821", "frame": 100, "mu": [0.5046471079772792, 3.3896294273767547, -0.8565382906059511], "Sigma": [[0.0088137101723461, 0.0036998882459183405, 0.0205996973324703], [0.0036998882459183405, 0.00782015248129794, 0.012086161872483781], [0.0205996973324703, 0.012086161872483781, 0.3568535381068865]], "chi2_level": 0.99, "chi2_df": 3, "chi2_threshold": 11.344866730144373, "N_raw": 21, "N_roi": 18, "N_inlier": 17, "refit": true}
{"timestamp": "15:48:54.879365", "frame": 101, "mu": [0.5025923802745491, 3.419573684389367, -0.30190714189829115], "Sigma": [[0.009388983947049392, -0.002102638044825117, 0.01598273691662639], [-0.002102638044825117, 0.03223665644744217, -0.09283377711878604], [0.01598273691662639, -0.09283377711878604, 0.3312349898154767]], "chi2_level": 0.99, "chi2_df": 3, "chi2_threshold": 11.344866730144373, "N_raw": 19, "N_roi": 16, "N_inlier": 16, "refit": true}
{"timestamp": "15:48:54.923405", "frame": 102, "mu": [0.544179756435853, 3.1282411382909414, 0.8619223532163244], "Sigma": [[0.01685557959760125, -0.007118147410985922, -0.018040431489946263], [-0.007118147410985922, 0.0038341571072989297, 0.006457693776663499], [-0.01804043148994626, 0.006457693776663499, 0.05391748792197767]], "chi2_level": 0.99, "chi2_df": 3, "chi2_threshold": 11.344866730144373, "N_raw": 60, "N_roi": 58, "N_inlier": 56, "refit": true}
{"timestamp": "15:48:54.954108", "frame": 103, "mu": [0.5437889986120209, 3.4126708455291004, -0.6045171404523], "Sigma": [[0.008523245101971633, 0.002512057900086429, -0.013118374732423745], [0.0025120579000864293, 0.0161669398556282, -0.051672054473493295], [-0.013118374732423745, -0.051672054473493295, 0.1921986333277903]], "chi2_level": 0.99, "chi2_df": 3, "chi2_threshold": 11.344866730144373, "N_raw": 36, "N_roi": 36, "N_inlier": 36, "refit": true}
{"timestamp": "15:48:54.976305", "frame": 104, "mu": [0.616164750440908, 3.325555564221647, -0.18705426564182123], "Sigma": [[0.017522398737826253, 0.0010707829849020147, -0.0030483564470348305], [0.0010707829849020147, 0.00567172009078707, -0.0015446159812525252], [-0.0030483564470348305, -0.0015446159812525252, 0.0013719113890076635]], "chi2_level": 0.99, "chi2_df": 3, "chi2_threshold": 11.344866730144373, "N_raw": 58, "N_roi": 58, "N_inlier": 55, "refit": true}
{"timestamp": "15:48:55.016134", "frame": 105, "mu": [0.6425806705631224, 3.143731123951165, 1.090361784988014], "Sigma": [[0.011145621897825543, -0.0017247730576591745, -0.00580529782206588], [-0.001724773057659174, 0.0015878599692107124, -0.004810006339457844], [-0.005805297822065879, -0.004810006339457843, 0.043779363568109825]], "chi2_level": 0.99, "chi2_df": 3, "chi2_threshold": 11.344866730144373, "N_raw": 60, "N_roi": 58, "N_inlier": 54, "refit": true}
