{"timestamp": "15:51:55.748310", "frame": 43, "mu": [1.8694484066617052, 0.7928153380270635, -0.48183145370679803], "Sigma": [[0.003174930088660551, 0.0016496777199188912, -0.00014747510907942268], [0.001649677719918891, 0.004831939516835532, -0.000795814176735746], [-0.0001474751090794228, -0.000795814176735746, 0.0013938326021210384]], "chi2_level": 0.99, "chi2_df": 3, "chi2_threshold": 11.344866730144373, "N_raw": 8, "N_roi": 8, "N_inlier": 8, "refit": true}
{"timestamp": "15:51:55.858239", "frame": 45, "mu": [1.7949002587319531, 0.6520881451441967, 1.1713403244975027], "Sigma": [[0.0010943093508268835, 0.001030799423073626, -0.00411846674423461], [0.001030799423073626, 0.00804012618045107, -0.0028370286899006203], [-0.00411846674423461, -0.0028370286899006203, 0.048816456805985634]], "chi2_level": 0.99, "chi2_df": 3, "chi2_threshold": 11.344866730144373, "N_raw": 7, "N_roi": 7, "N_inlier": 7, "refit": true}
{"timestamp": "15:51:56.023243", "frame": 48, "mu": [1.6371760296933386, 0.625726304664638, 1.1042635418381987], "Sigma": [[0.001107177046764945, 0.0004123944714658479, -0.006432712717498334], [0.0004123944714658479, 0.0036067825618123525, -0.0025127819747525967], [-0.006432712717498335, -0.0025127819747525963, 0.05767639907851669]], "chi2_level": 0.99, "chi2_df": 3, "chi2_threshold": 11.344866730144373, "N_raw": 8, "N_roi": 8, "N_inlier": 8, "refit": true}
{"timestamp": "15:51:56.187511", "frame": 51, "mu": [1.568303261336788, 0.597358967409496, -0.47663460849640293], "Sigma": [[0.006894896758254261, -0.0006048193057101631, -0.007867246998612635], [-0.0006048193057101631, 0.0033842200476475915, 0.006738460054667887], [-0.007867246998612635, 0.006738460054667887, 0.02343310762600602]], "chi2_level": 0.99, "chi2_df": 3, "chi2_threshold": 11.344866730144373, "N_raw": 7, "N_roi": 7, "N_inlier": 7, "refit": true}
{"timestamp": "15:51:56.353635", "frame": 54, "mu": [1.4345567307131093, 0.6227072504253242, 1.2897767939786968], "Sigma": [[0.004768118682764495, -0.0018520175774372994, -0.01404158086578123], [-0.0018520175774372994, 0.012145619667978317, -0.007885632726951291], [-0.014041580865781231, -0.007885632726951291, 0.07341181741041249]], "chi2_level": 0.99, "chi2_df": 3, "chi2_threshold": 11.344866730144373, "N_raw": 8, "N_roi": 8, "N_inlier": 8, "refit": true}
{"timestamp": "15:51:56.464044", "frame": 56, "mu": [1.410299285512686, 0.6085288723379118, 1.3084559585001632], "Sigma": [[0.0031483145537881153, -0.0009229938152623316, -0.0059847764629283404], [-0.0009229938152623316, 0.009958439519584297, -0.021537148797884986], [-0.0059847764629283404, -0.021537148797884986, 0.07097919658524296]], "chi2_level": 0.99, "chi2_df": 3, "chi2_threshold": 11.344866730144373, "N_raw": 13, "N_roi": 13, "N_inlier": 13, "refit": true}
{"timestamp": "15:51:56.521929", "frame": 57, "mu": [1.3757954339388727, 0.6176998297982025, 1.3938646535397985], "Sigma": [[0.0038871922297600767, -0.002155041386932453, -0.0033878176555095247], [-0.002155041386932453, 0.009933351991772943, -0.0026694061184647567], [-0.0033878176555095247, -0.0026694061184647567, 0.005764840523012641]], "chi2_level": 0.99, "chi2_df": 3, "chi2_threshold": 11.344866730144373, "N_raw": 37, "N_roi": 37, "N_inlier": 35, "refit": true}
{"timestamp": "15:51:56.576956", "frame": 58, "mu": [1.3545502032809955, 0.5880473126743044, 1.3207518285156141], "Sigma": [[0.001577832307785, -0.0011589593972687082, -0.0013757194458292451], [-0.0011589593972687082, 0.005489591258974391, -0.0018206202349411592], [-0.0013757194458292451, -0.0018206202349411596, 0.0033803611567169312]], "chi2_level": 0.99, "chi2_df": 3, "chi2_threshold": 11.344866730144373, "N_raw": 20, "N_roi": 20, "N_inlier": 19, "refit": true}
{"timestamp": "15:51:56.632734", "frame": 59, "mu": [1.3042308517186882, 0.5799968173257569, -0.6327114999869313], "Sigma": [[0.003965233655242151, -0.002254942789178001, -0.003325300811746842], [-0.002254942789178001, 0.0037016182059578366, 0.0015733327723898077], [-0.0033253008117468414, 0.0015733327723898077, 0.006877837712223563]], "chi2_level": 0.99, "chi2_df": 3, "chi2_threshold": 11.344866730144373, "N_raw": 23, "N_roi": 23, "N_inlier": 23, "refit": true}
{"timestamp": "15:51:56.688517", "frame": 60, "mu": [1.214842051835775, 0.6427122332081158, 1.4043152389695708], "Sigma": [[0.003504475883462867, -0.0028446647741132065, -0.005150782599864647], [-0.002844664774113207, 0.002978204025387183, 0.0029066920385428232], [-0.005150782599864647, 0.002906692038542823, 0.010979861163538381]], "chi2_level": 0.99, "chi2_df": 3, "chi2_threshold": 11.344866730144373, "N_raw": 28, "N_roi": 28, "N_inlier": 25, "refit": true}
{"timestamp": "15:51:56.742644", "frame": 61, "mu": [1.1146008537451362, 0.7162182642527082, 1.5104493094128304], "Sigma": [[0.004747228622642157, -0.0015690263515073105, -0.005963282892184105], [-0.0015690263515073105, 0.003248190265069258, 0.0024088805695994444], [-0.005963282892184105, 0.0024088805695994444, 0.015273477118089338]], "chi2_level": 0.99, "chi2_df": 3, "chi2_threshold": 11.344866730144373, "N_raw": 25, "N_roi": 25, "N_inlier": 23, "refit": true}
{"timestamp": "15:51:56.799069", "frame": 62, "mu": [1.1458412040206585, 0.6871328031812203, 1.4579748150039002], "Sigma": [[0.006971940103309354, -0.0037270998244168154, -0.006924739163431686], [-0.0037270998244168154, 0.004057302181699358, 0.003643923523680259], [-0.006924739163431687, 0.0036439235236802596, 0.009115349497631922]], "chi2_level": 0.99, "chi2_df": 3, "chi2_threshold": 11.344866730144373, "N_raw": 33, "N_roi": 33, "N_inlier": 32, "refit": true}
{"timestamp": "15:51:56.855157", "frame": 63, "mu": [1.1519884830261908, 0.7692908928441017, 1.3581790663137592], "Sigma": [[0.0054047805289417555, -0.002701467660024939, -0.0012207003281017041], [-0.002701467660024939, 0.012820151281716465, -0.008035755785824182], [-0.0012207003281017041, -0.008035755785824182, 0.007963715156298323]], "chi2_level": 0.99, "chi2_df": 3, "chi2_threshold": 11.344866730144373, "N_raw": 43, "N_roi": 43, "N_inlier": 43, "refit": true}
{"timestamp": "15:51:56.912721", "frame": 64, "mu": [0.9938776258024993, 0.7923440268698965, 1.5506319518205327], "Sigma": [[0.007596710306819156, -0.002352837477038687, -0.001297330699864829], [-0.0023528374770386867, 0.004548420395911772, -0.0009017649132529741], [-0.001297330699864829, -0.0009017649132529741, 0.000786300599557952]], "chi2_level": 0.99, "chi2_df": 3, "chi2_threshold": 11.344866730144373, "N_raw": 57, "N_roi": 57, "N_inlier": 54, "refit": true}
{"timestamp": "15:51:56.963016", "frame": 65, "mu": [0.9758861418800906, 0.78014196814289, 1.4565727708273184], "Sigma": [[0.005722710598416358, -0.0025991422438397384, -0.0016596992279362972], [-0.0025991422438397384, 0.0035245298184457927, 0.00047700921384051477], [-0.0016596992279362972, 0.0004770092138405149, 0.0008193123492096756]], "chi2_level": 0.99, "chi2_df": 3, "chi2_threshold": 11.344866730144373, "N_raw": 24, "N_roi": 24, "N_inlier": 22, "refit": true}
{"timestamp": "15:51:57.021289", "frame": 66, "mu": [0.8870465308205265, 0.8097590594056179, 1.5510359099691176], "Sigma": [[0.004756978296616207, -0.0008262462519965253, -0.0018852169081662864], [-0.0008262462519965253, 0.003730469319730782, -0.0012300565576247359], [-0.0018852169081662864, -0.0012300565576247359, 0.0015546039258304111]], "chi2_level": 0.99, "chi2_df": 3, "chi2_threshold": 11.344866730144373, "N_raw": 46, "N_roi": 46, "N_inlier": 45, "refit": true}
{"timestamp": "15:51:57.072644", "frame": 67, "mu": [0.8438381781130897, 0.8098575443758723, 1.444581119239826], "Sigma": [[0.0028638956308430124, -0.0014452183576771959, -0.003315887806665879], [-0.0014452183576771959, 0.0017007968790517967, 0.0005701256282252108], [-0.0033158878066658795, 0.0005701256282252108, 0.005783231186120929]], "chi2_level": 0.99, "chi2_df": 3, "chi2_threshold": 11.344866730144373, "N_raw": 27, "N_roi": 27, "N_inlier": 23, "refit": true}
{"timestamp": "15:51:57.132036", "frame": 68, "mu": [0.9195393386992874, 0.7772331873387887, 1.2698323500847284], "Sigma": [[0.004744275257568734, -0.0016720263083998413, -0.007745001417536108], [-0.0016720263083998413, 0.002426849537312797, -0.003715478594298171], [-0.007745001417536108, -0.0037154785942981705, 0.08674436901187985]], "chi2_level": 0.99, "chi2_df": 3, "chi2_threshold": 11.344866730144373, "N_raw": 53, "N_roi": 53, "N_inlier": 51, "refit": true}
{"timestamp": "15:51:57.181644", "frame": 69, "mu": [0.9029044400629822, 0.6370610298266224, 1.1900701911161706], "Sigma": [[0.00712427394882847, -0.0009221792659429995, -0.0012177244217617164], [-0.0009221792659429993, 0.031112802835555252, 0.08626479911361429], [-0.0012177244217617146, 0.0862647991136143, 0.2690115320547138]], "chi2_level": 0.99, "chi2_df": 3, "chi2_threshold": 11.344866730144373, "N_raw": 17, "N_roi": 17, "N_inlier": 17, "refit": true}
{"timestamp": "15:51:57.243354", "frame": 70, "mu": [0.7599282489190817, 0.8102623654341642, 1.4893613902664078], "Sigma": [[0.005427804658114513, 0.001062003369122802, -0.009131743272446662], [0.001062003369122802, 0.0037487617550352225, -0.006197588904040372], [-0.009131743272446664, -0.006197588904040372, 0.022869133040720725]], "chi2_level": 0.99, "chi2_df": 3, "chi2_threshold": 11.344866730144373, "N_raw": 65, "N_roi": 65, "N_inlier": 62, "refit": true}
{"timestamp": "15:51:57.300054", "frame": 71, "mu": [0.790956901127934, 0.7714055739736192, 1.3639661974682558], "Sigma": [[0.010462267659294994, -0.0021329476707410066, -0.01822715655767657], [-0.0021329476707410066, 0.00407258419478036, 0.0006619569007851352], [-0.01822715655767657, 0.0006619569007851352, 0.04088292725973499]], "chi2_level": 0.99, "chi2_df": 3, "chi2_threshold": 11.344866730144373, "N_raw": 73, "N_roi": 73, "N_inlier": 73, "refit": true}
{"timestamp": "15:51:57.351276", "frame": 72, "mu": [0.7207527275599336, 0.8174109502407101, 1.529295876011795], "Sigma": [[0.0060244991295988525, 0.0016075790940531685, -0.009711939646525945], [0.0016075790940531687, 0.002656538913173841, -0.004907044584037937], [-0.009711939646525945, -0.004907044584037937, 0.02161919384407482]], "chi2_level": 0.99, "chi2_df": 3, "chi2_threshold": 11.344866730144373, "N_raw": 45, "N_roi": 45, "N_inlier": 43, "refit": true}
{"timestamp": "15:51:57.403403", "frame": 73, "mu": [0.6395068861269446, 0.74677005682352, 1.5450522250507406], "Sigma": [[0.0028582393242863177, -0.0006843951375737141, -0.0025414129451519574], [-0.000684395137573714, 0.0020226441959082615, -0.00031661530641711815], [-0.0025414129451519574, -0.00031661530641711815, 0.003259144386652563]], "chi2_level": 0.99, "chi2_df": 3, "chi2_threshold": 11.344866730144373, "N_raw": 34, "N_roi": 34, "N_inlier": 30, "refit": true}
{"timestamp": "15:51:57.460747", "frame": 74, "mu": [0.6184432143265153, 0.7669232078433449, 1.3668140827491995], "Sigma": [[0.0025103788574469908, 0.0006138598684762623, -0.010738464018597241], [0.0006138598684762621, 0.0030307642161758012, -0.012743182650762264], [-0.010738464018597241, -0.012743182650762262, 0.11743026444097412]], "chi2_level": 0.99, "chi2_df": 3, "chi2_threshold": 11.344866730144373, "N_raw": 46, "N_roi": 46, "N_inlier": 45, "refit": true}
{"timestamp": "15:51:57.518411", "frame": 75, "mu": [0.6005300088384117, 0.8372396355874381, -0.2988620582930203], "Sigma": [[0.004091391194670175, 7.266219805261503e-05, -0.005728552673516484], [7.266219805261506e-05, 0.002657731080203611, -0.000928839131159211], [-0.005728552673516484, -0.000928839131159211, 0.013006428281718923]], "chi2_level": 0.99, "chi2_df": 3, "chi2_threshold": 11.344866730144373, "N_raw": 60, "N_roi": 60, "N_inlier": 54, "refit": true}
{"timestamp": "15:51:57.567618", "frame": 76, "mu": [0.5464914186661415, 0.7124039196960524, 1.479534531917235], "Sigma": [[0.003966389925567501, -0.0007006513018749005, -0.00827871935330889], [-0.0007006513018749006, 0.0005095451824820453, 0.0005177142864296435], [-0.00827871935330889, 0.0005177142864296435, 0.027728676613792975]], "chi2_level": 0.99, "chi2_df": 3, "chi2_threshold": 11.344866730144373, "N_raw": 27, "N_roi": 27, "N_inlier": 26, "refit": true}
{"timestamp": "15:51:57.628042", "frame": 77, "mu": [0.5519508617894316, 0.8881141801602036, -0.37892835973715455], "Sigma": [[0.002195437592425892, 0.001890033704422674, -0.004658174947057078], [0.001890033704422674, 0.007534424600510479, -0.01396971361756557], [-0.004658174947057078, -0.013969713617565573, 0.031615288946900286]], "chi2_level": 0.99, "chi2_df": 3, "chi2_threshold": 11.344866730144373, "N_raw": 61, "N_roi": 61, "N_inlier": 60, "refit": true}
{"timestamp": "15:51:57.687152", "frame": 78, "mu": [0.4984362322416323, 0.7443635438990818, 1.435240287570377], "Sigma": [[0.0023853747234135825, 0.00026378474992789125, -0.0031563431844008312], [0.0002637847499278912, 0.0029938521574617554, -0.005015654109137353], [-0.0031563431844008312, -0.005015654109137353, 0.015469076975275624]], "chi2_level": 0.99, "chi2_df": 3, "chi2_threshold": 11.344866730144373, "N_raw": 86, "N_roi": 86, "N_inlier": 83, "refit": true}
{"timestamp": "15:51:57.739702", "frame": 79, "mu": [0.4834940449484525, 0.6947517942610919, 1.5121076587034992], "Sigma": [[0.004225257281198012, -0.0019190484349937051, -0.0025325847548570983], [-0.0019190484349937051, 0.002589151278028703, -0.0005557795373869938], [-0.0025325847548570983, -0.0005557795373869937, 0.003933856927848703]], "chi2_level": 0.99, "chi2_df": 3, "chi2_threshold": 11.344866730144373, "N_raw": 69, "N_roi": 69, "N_inlier": 65, "refit": true}
{"timestamp": "15:51:57.791536", "frame": 80, "mu": [0.4337578061778294, 0.7592438849811232, 1.241847234964144], "Sigma": [[0.0030254218435341257, -0.0009478421223071742, 0.008949678801303068], [-0.0009478421223071741, 0.00335453657236373, -0.014695041867136435], [0.008949678801303068, -0.014695041867136436, 0.11374701595257716]], "chi2_level": 0.99, "chi2_df": 3, "chi2_threshold": 11.344866730144373, "N_raw": 45, "N_roi": 45, "N_inlier": 45, "refit": true}
{"timestamp": "15:51:57.844005", "frame": 81, "mu": [0.3943232191683236, 0.6782358725106027, 1.4816986555674185], "Sigma": [[0.002473882429469501, -0.0008375435705051427, -0.0013832332852982314], [-0.0008375435705051427, 0.0026025356299917445, -0.005525356962080169], [-0.0013832332852982312, -0.005525356962080168, 0.03277932923948719]], "chi2_level": 0.99, "chi2_df": 3, "chi2_threshold": 11.344866730144373, "N_raw": 31, "N_roi": 30, "N_inlier": 28, "refit": true}
{"timestamp": "15:51:57.903122", "frame": 82, "mu": [0.33976459711580514, 0.7306112929887816, 1.4711629878935026], "Sigma": [[0.0015382196381900895, -0.0006263897829094642, 0.0004482011697853625], [-0.0006263897829094642, 0.0014902554219787167, -0.003073675127767745], [0.0004482011697853623, -0.003073675127767745, 0.011960126428680485]], "chi2_level": 0.99, "chi2_df": 3, "chi2_threshold": 11.344866730144373, "N_raw": 60, "N_roi": 60, "N_inlier": 59, "refit": true}
{"timestamp": "15:51:57.960046", "frame": 83, "mu": [0.3116293474222926, 0.7617183548129602, 1.4768948541637252], "Sigma": [[0.0014850473613927933, 0.00025360650975205033, -0.0013911185960952723], [0.0002536065097520503, 0.0033099715071867866, -0.006250392091833201], [-0.0013911185960952723, -0.006250392091833201, 0.013299223616009898]], "chi2_level": 0.99, "chi2_df": 3, "chi2_threshold": 11.344866730144373, "N_raw": 74, "N_roi": 74, "N_inlier": 69, "refit": true}
{"timestamp": "15:51:58.013809", "frame": 84, "mu": [0.2716106000911996, 0.738057836671725, 1.2829130100448378], "Sigma": [[0.0032380842083944966, 0.0021428145362556187, 0.023246892086390372], [0.002142814536255619, 0.004045575141544407, 0.020805200341895303], [0.023246892086390372, 0.020805200341895303, 0.3223187317765081]], "chi2_level": 0.99, "chi2_df": 3, "chi2_threshold": 11.344866730144373, "N_raw": 64, "N_roi": 64, "N_inlier": 62, "refit": true}
{"timestamp": "15:51:58.062179", "frame": 85, "mu": [0.25570803763342675, 0.7123847352679356, 1.34389593787099], "Sigma": [[0.0013957391400414635, 0.0002418312128921306, -0.007986406980829218], [0.0002418312128921307, 0.004535220193274002, -0.029696059594889336], [-0.007986406980829218, -0.029696059594889336, 0.26571651016556047]], "chi2_level": 0.99, "chi2_df": 3, "chi2_threshold": 11.344866730144373, "N_raw": 20, "N_roi": 20, "N_inlier": 20, "refit": true}
{"timestamp": "15:51:58.171312", "frame": 87, "mu": [0.2621306843908231, 0.6274446558892487, 1.2193372156192734], "Sigma": [[0.0006305079008130693, -0.0010570048313543739, 0.00013318054266887945], [-0.0010570048313543739, 0.004832520421888523, -0.00175330204167729], [0.00013318054266887945, -0.0017533020416772903, 0.0009973295495479067]], "chi2_level": 0.99, "chi2_df": 3, "chi2_threshold": 11.344866730144373, "N_raw": 18, "N_roi": 18, "N_inlier": 15, "refit": true}
{"timestamp": "15:51:58.226603", "frame": 88, "mu": [0.21167365511093622, 0.712994064188469, 1.2032549276845461], "Sigma": [[0.0014021055847667232, -0.0002313229325079837, -0.009895730572138009], [-0.00023132293250798362, 0.0008368947075290145, -0.006974844636395789], [-0.00989573057213801, -0.006974844636395789, 0.31502942203830103]], "chi2_level": 0.99, "chi2_df": 3, "chi2_threshold": 11.344866730144373, "N_raw": 20, "N_roi": 20, "N_inlier": 20, "refit": true}
{"timestamp": "15:51:58.286548", "frame": 89, "mu": [0.11482709693321061, 0.8071203931268373, -0.41978821912627173], "Sigma": [[0.0011874661113061436, -0.0004386151564043409, -0.0014019560057370356], [-0.0004386151564043409, 0.004419394818767204, 0.0006482644460507836], [-0.0014019560057370356, 0.0006482644460507836, 0.011744046529670647]], "chi2_level": 0.99, "chi2_df": 3, "chi2_threshold": 11.344866730144373, "N_raw": 52, "N_roi": 52, "N_inlier": 50, "refit": true}
{"timestamp": "15:51:58.345953", "frame": 90, "mu": [-0.009373517292138847, 0.8557681955554617, -0.24127294777639904], "Sigma": [[0.0033680774921816046, -0.0023363972397829154, 0.03727383979384506], [-0.0023363972397829154, 0.004932396137050875, -0.04019091616926884], [0.03727383979384506, -0.04019091616926884, 0.7285210599092596]], "chi2_level": 0.99, "chi2_df": 3, "chi2_threshold": 11.344866730144373, "N_raw": 84, "N_roi": 84, "N_inlier": 82, "refit": true}
{"timestamp": "15:51:58.396171", "frame": 91, "mu": [-0.0198819467109665, 0.8211089210019519, 1.4582783560074217], "Sigma": [[0.004494487308037936, -0.003354455552144848, 0.01497689984739686], [-0.003354455552144848, 0.004378314946572741, -0.012961392670460876], [0.014976899847396858, -0.012961392670460873, 0.06111668621150409]], "chi2_level": 0.99, "chi2_df": 3, "chi2_threshold": 11.344866730144373, "N_raw": 48, "N_roi": 48, "N_inlier": 48, "refit": true}
{"timestamp": "15:51:58.453027", "frame": 92, "mu": [-0.07621672278602423, 0.8432167934419647, 1.3470854813739346], "Sigma": [[0.0031052565984821742, -0.002363323527018301, 0.005334279313126265], [-0.0023633235270183006, 0.004019490347323153, -0.004657209973209175], [0.005334279313126264, -0.004657209973209176, 0.01614621584671156]], "chi2_level": 0.99, "chi2_df": 3, "chi2_threshold": 11.344866730144373, "N_raw": 62, "N_roi": 62, "N_inlier": 62, "refit": true}
{"timestamp": "15:51:58.503166", "frame": 93, "mu": [-0.08752350134947667, 0.8425580214074266, 1.375958130378733], "Sigma": [[0.0021458328977393077, -0.0008281248065851902, 0.006495589334266864], [-0.0008281248065851902, 0.0009428892089827135, -0.002965664555801171], [0.006495589334266863, -0.002965664555801171, 0.031122510932027735]], "chi2_level": 0.99, "chi2_df": 3, "chi2_threshold": 11.344866730144373, "N_raw": 28, "N_roi": 28, "N_inlier": 25, "refit": true}
{"timestamp": "15:51:58.564411", "frame": 94, "mu": [-0.10795439421786936, 0.8085615175443942, 1.4988300973374058], "Sigma": [[0.001419670054459102, 0.0006957134629807971, -0.0018747958455553014], [0.0006957134629807971, 0.0020454970321173624, -0.003820797255929825], [-0.0018747958455553012, -0.003820797255929825, 0.008542576468939378]], "chi2_level": 0.99, "chi2_df": 3, "chi2_threshold": 11.344866730144373, "N_raw": 66, "N_roi": 66, "N_inlier": 62, "refit": true}
{"timestamp": "15:51:58.622036", "frame": 95, "mu": [-0.12013655488612067, 0.7824947774769004, 1.4741511943749097], "Sigma": [[0.001948736279430053, -0.0006658115360747836, -0.0018299804471837498], [-0.0006658115360747836, 0.002957591397901099, -0.0029936951101669773], [-0.0018299804471837498, -0.0029936951101669773, 0.00816566357458686]], "chi2_level": 0.99, "chi2_df": 3, "chi2_threshold": 11.344866730144373, "N_raw": 81, "N_roi": 81, "N_inlier": 79, "refit": true}
{"timestamp": "15:51:58.681420", "frame": 96, "mu": [-0.18346749735864198, 0.831813415619647, 0.378308453106704], "Sigma": [[0.004172034282231917, -0.0016379573041309982, 0.04241255105826072], [-0.0016379573041309982, 0.005683600010746884, -0.028832200363312306], [0.04241255105826072, -0.02883220036331231, 0.676166327661268]], "chi2_level": 0.99, "chi2_df": 3, "chi2_threshold": 11.344866730144373, "N_raw": 115, "N_roi": 115, "N_inlier": 115, "refit": true}
{"timestamp": "15:51:58.735187", "frame": 97, "mu": [-0.20125074622853203, 0.8201176444725545, 1.4795803272658392], "Sigma": [[0.002813106210738735, 0.0006136551284163156, 0.0007537790431568602], [0.0006136551284163156, 0.0025356617777639477, -0.0026549822816518158], [0.0007537790431568602, -0.0026549822816518158, 0.02711683404688016]], "chi2_level": 0.99, "chi2_df": 3, "chi2_threshold": 11.344866730144373, "N_raw": 103, "N_roi": 102, "N_inlier": 99, "refit": true}
{"timestamp": "15:51:58.789794", "frame": 98, "mu": [-0.22654621340351644, 0.7437815741327051, 1.4316491298956118], "Sigma": [[0.0039578708160021535, -0.0015796199198150622, -0.005846981316646387], [-0.0015796199198150624, 0.0024457545446905406, 0.003912209016422217], [-0.005846981316646388, 0.003912209016422217, 0.03184282299611346]], "chi2_level": 0.99, "chi2_df": 3, "chi2_threshold": 11.344866730144373, "N_raw": 101, "N_roi": 100, "N_inlier": 93, "refit": true}
{"timestamp": "15:51:58.839960", "frame": 99, "mu": [-0.238296182842602, 0.7771780315669576, 1.3821719381865731], "Sigma": [[0.0025643805769688484, -0.0017760842264758912, 1.6187432943337294e-05], [-0.0017760842264758912, 0.0024546335836182387, -0.001992054630724012], [1.6187432943337376e-05, -0.001992054630724012, 0.006320162093420673]], "chi2_level": 0.99, "chi2_df": 3, "chi2_threshold": 11.344866730144373, "N_raw": 71, "N_roi": 71, "N_inlier": 68, "refit": true}
{"timestamp": "15:51:58.946951", "frame": 100, "mu": [-0.40090688650097006, 0.7907899640012193, 1.5037910607176295], "Sigma": [[0.0007987127289735448, -7.470122001336579e-05, -0.0018685889617914013], [-7.470122001336579e-05, 0.0005890492573368372, -0.00011413118499263747], [-0.001868588961791401, -0.00011413118499263758, 0.014992993435969697]], "chi2_level": 0.99, "chi2_df": 3, "chi2_threshold": 11.344866730144373, "N_raw": 25, "N_roi": 25, "N_inlier": 24, "refit": true}
{"timestamp": "15:51:59.003549", "frame": 102, "mu": [-0.4323424128843609, 0.7537185126870047, 1.5561962664758227], "Sigma": [[0.002103267026573361, -0.0007576668226463245, -0.00022285497289278113], [-0.0007576668226463245, 0.0022183485825418067, -0.0017979953043481777], [-0.000222854972892781, -0.0017979953043481777, 0.004616345860747118]], "chi2_level": 0.99, "chi2_df": 3, "chi2_threshold": 11.344866730144373, "N_raw": 60, "N_roi": 60, "N_inlier": 54, "refit": true}
{"timestamp": "15:51:59.054014", "frame": 103, "mu": [-0.5567135459369289, 0.6888618930809016, 1.6189859430069626], "Sigma": [[0.02482688713534662, 0.014976563494994441, -0.019222943421097257], [0.014976563494994443, 0.010974664406294707, -0.014931231747697922], [-0.019222943421097257, -0.014931231747697922, 0.02321080325611164]], "chi2_level": 0.99, "chi2_df": 3, "chi2_threshold": 11.344866730144373, "N_raw": 29, "N_roi": 28, "N_inlier": 26, "refit": true}
{"timestamp": "15:51:59.108257", "frame": 104, "mu": [-0.7096991149461578, 0.6217763475937877, 1.7344158542545043], "Sigma": [[0.022717151592329343, 0.01075878136831467, -0.020749572934078517], [0.010758781368314672, 0.0072018346013714984, -0.013224559745405734], [-0.020749572934078517, -0.013224559745405734, 0.02554382062405927]], "chi2_level": 0.99, "chi2_df": 3, "chi2_threshold": 11.344866730144373, "N_raw": 20, "N_roi": 20, "N_inlier": 20, "refit": true}
{"timestamp": "15:51:59.163800", "frame": 105, "mu": [-0.7469889262176763, 0.6001250832952137, 1.7479974689032618], "Sigma": [[0.0175164436737511, 0.00940305412080394, -0.014114013283837348], [0.00940305412080394, 0.008382743716844604, -0.010363333378543504], [-0.014114013283837348, -0.010363333378543506, 0.014261847898075972]], "chi2_level": 0.99, "chi2_df": 3, "chi2_threshold": 11.344866730144373, "N_raw": 32, "N_roi": 32, "N_inlier": 27, "refit": true}
{"timestamp": "15:51:59.224070", "frame": 106, "mu": [-0.7030746585963821, 0.6668226789963543, 1.659755875023917], "Sigma": [[0.01160837620939788, 0.009253950548559448, -0.01304805001406009], [0.009253950548559448, 0.010325822284766447, -0.013175280508787197], [-0.01304805001406009, -0.013175280508787197, 0.018896330355729136]], "chi2_level": 0.99, "chi2_df": 3, "chi2_threshold": 11.344866730144373, "N_raw": 67, "N_roi": 66, "N_inlier": 62, "refit": true}
{"timestamp": "15:51:59.280214", "frame": 107, "mu": [-0.8155273792462475, 0.5893521407433143, 1.7386929596189107], "Sigma": [[0.006607103517834013, 0.0017413748119273812, -0.0020557885535849646], [0.001741374811927381, 0.005136941910552812, -0.003056970666690294], [-0.0020557885535849646, -0.003056970666690294, 0.002234947852226863]], "chi2_level": 0.99, "chi2_df": 3, "chi2_threshold": 11.344866730144373, "N_raw": 76, "N_roi": 76, "N_inlier": 75, "refit": true}
{"timestamp": "15:51:59.335084", "frame": 108, "mu": [-0.8417880973281971, 0.5800643006063895, 1.753711635828016], "Sigma": [[0.006503272919120781, 0.0024318828179226877, -0.003841356839268078], [0.0024318828179226877, 0.006375318388191161, -0.004826851097971688], [-0.003841356839268078, -0.004826851097971688, 0.004707817691409843]], "chi2_level": 0.99, "chi2_df": 3, "chi2_threshold": 11.344866730144373, "N_raw": 69, "N_roi": 68, "N_inlier": 64, "refit": true}
{"timestamp": "15:51:59.384203", "frame": 109, "mu": [-0.8275685620580686, 0.6379688873720974, -0.15815097212562293], "Sigma": [[0.00915088920287181, 0.007018159660424978, -0.008909109537193895], [0.007018159660424978, 0.008708150500564628, -0.009587312800507725], [-0.008909109537193895, -0.009587312800507725, 0.012726448608677629]], "chi2_level": 0.99, "chi2_df": 3, "chi2_threshold": 11.344866730144373, "N_raw": 28, "N_roi": 26, "N_inlier": 24, "refit": true}
{"timestamp": "15:51:59.527021", "frame": 110, "mu": [-0.869060645533205, 0.6144119062720979, 1.6946126673857114], "Sigma": [[0.0069538911133200255, 0.0020096357406667346, -0.003896723109539539], [0.0020096357406667346, 0.003424951717246524, -0.005552113908384892], [-0.003896723109539539, -0.0055521139083848925, 0.01158671666647697]], "chi2_level": 0.99, "chi2_df": 3, "chi2_threshold": 11.344866730144373, "N_raw": 35, "N_roi": 35, "N_inlier": 35, "refit": true}
{"timestamp": "15:51:59.546964", "frame": 111, "mu": [-0.8821832855666563, 0.6648561132253014, -0.1659915092217844], "Sigma": [[0.004725949411692407, 0.0002457033742705055, -0.0015626430501267325], [0.00024570337427050543, 0.005642997167774984, -0.0036820492554538523], [-0.0015626430501267325, -0.0036820492554538523, 0.0031686202861925736]], "chi2_level": 0.99, "chi2_df": 3, "chi2_threshold": 11.344866730144373, "N_raw": 54, "N_roi": 54, "N_inlier": 53, "refit": true}
{"timestamp": "15:51:59.571455", "frame": 112, "mu": [-0.9154511977113984, 0.6669324471538662, -0.1901087597637232], "Sigma": [[0.008228121319166734, 0.0009239279623973115, -0.001836592899280047], [0.0009239279623973115, 0.005520684554798414, -0.0037941861966897202], [-0.001836592899280047, -0.0037941861966897202, 0.0032612281583220062]], "chi2_level": 0.99, "chi2_df": 3, "chi2_threshold": 11.344866730144373, "N_raw": 65, "N_roi": 65, "N_inlier": 61, "refit": true}
{"timestamp": "15:51:59.608494", "frame": 113, "mu": [-0.9259518739702554, 0.6116653879190109, 1.634323114356009], "Sigma": [[0.005739128244929988, 0.0011172287323017397, -0.0017112887874647146], [0.0011172287323017397, 0.0054955618708428374, -0.0036182088548687], [-0.0017112887874647146, -0.0036182088548687, 0.0027492781611924326]], "chi2_level": 0.99, "chi2_df": 3, "chi2_threshold": 11.344866730144373, "N_raw": 65, "N_roi": 65, "N_inlier": 63, "refit": true}
{"timestamp": "15:51:59.660987", "frame": 114, "mu": [-0.9457294280466725, 0.6537990584071521, -0.19217344353146554], "Sigma": [[0.004644435140340286, 0.00033132102117976214, -0.0014953493566993927], [0.000331321021179762, 0.004499362577652206, -0.00262443136601267], [-0.0014953493566993927, -0.00262443136601267, 0.003392308133771035]], "chi2_level": 0.99, "chi2_df": 3, "chi2_threshold": 11.344866730144373, "N_raw": 49, "N_roi": 49, "N_inlier": 44, "refit": true}
{"timestamp": "15:51:59.714376", "frame": 115, "mu": [-1.0893454865698637, 0.6933713000343836, -0.1906705069564233], "Sigma": [[0.0033136008675439125, 0.0006967669018702082, 0.000429441231559312], [0.0006967669018702082, 0.004596226896389741, -0.0024483449148347334], [0.000429441231559312, -0.0024483449148347334, 0.0017056425126853532]], "chi2_level": 0.99, "chi2_df": 3, "chi2_threshold": 11.344866730144373, "N_raw": 40, "N_roi": 40, "N_inlier": 37, "refit": true}
{"timestamp": "15:51:59.767159", "frame": 116, "mu": [-1.0450808714106041, 0.5817223385692484, 1.6460312454254296], "Sigma": [[0.0017386830564393566, 0.00041179241218255476, 4.651126121688783e-05], [0.00041179241218255476, 0.0016804538275069795, -0.0014348878572656236], [4.6511261216887777e-05, -0.0014348878572656236, 0.0014744496479431569]], "chi2_level": 0.99, "chi2_df": 3, "chi2_threshold": 11.344866730144373, "N_raw": 20, "N_roi": 20, "N_inlier": 20, "refit": true}
{"timestamp": "15:51:59.826680", "frame": 117, "mu": [-1.0853445720529915, 0.6966383882278652, -0.2366999811953943], "Sigma": [[0.004119266933338171, 1.868231882803966e-05, 0.00013224178878188514], [1.868231882803966e-05, 0.007829830929731598, -0.0026211287504718014], [0.00013224178878188514, -0.0026211287504718014, 0.0012782052880078358]], "chi2_level": 0.99, "chi2_df": 3, "chi2_threshold": 11.344866730144373, "N_raw": 51, "N_roi": 51, "N_inlier": 47, "refit": true}
{"timestamp": "15:51:59.877329", "frame": 118, "mu": [-1.0904477624520814, 0.54153161695926, 1.5381499132556962], "Sigma": [[0.003535961406426336, -0.0002725590278494669, -0.0007537779013254476], [-0.00027255902784946694, 0.0039975961886106635, -0.001150550241345283], [-0.0007537779013254476, -0.001150550241345283, 0.0007524711986655327]], "chi2_level": 0.99, "chi2_df": 3, "chi2_threshold": 11.344866730144373, "N_raw": 32, "N_roi": 32, "N_inlier": 32, "refit": true}
{"timestamp": "15:51:59.934999", "frame": 119, "mu": [-1.1329059736043927, 0.5670488043134762, 1.457821794329082], "Sigma": [[0.005181594089816717, 0.0034216912803068317, -0.005885183609082091], [0.0034216912803068317, 0.005072539521595362, -0.010122408574167501], [-0.005885183609082091, -0.010122408574167501, 0.05490930463113239]], "chi2_level": 0.99, "chi2_df": 3, "chi2_threshold": 11.344866730144373, "N_raw": 43, "N_roi": 43, "N_inlier": 40, "refit": true}
{"timestamp": "15:51:59.992431", "frame": 120, "mu": [-1.180481156531814, 0.6668263111092868, -0.2717156196395344], "Sigma": [[0.006626824543734248, -0.00017123155219730447, -0.0030161908348770717], [-0.00017123155219730488, 0.007430523572287715, -0.0016839770526204541], [-0.0030161908348770717, -0.001683977052620454, 0.0024756932663398015]], "chi2_level": 0.99, "chi2_df": 3, "chi2_threshold": 11.344866730144373, "N_raw": 54, "N_roi": 54, "N_inlier": 50, "refit": true}
{"timestamp": "15:52:00.046941", "frame": 121, "mu": [-1.1967408949871572, 0.6334336985397915, -0.47423527606397375], "Sigma": [[0.0057283755875362176, 0.006138899086753539, -0.00594878068722605], [0.00613889908675354, 0.028013370552526357, -0.025751130376689864], [-0.005948780687226049, -0.025751130376689864, 0.04181812206751407]], "chi2_level": 0.99, "chi2_df": 3, "chi2_threshold": 11.344866730144373, "N_raw": 52, "N_roi": 52, "N_inlier": 48, "refit": true}
{"timestamp": "15:52:00.098512", "frame": 122, "mu": [-1.199085959388156, 0.6991956524330889, -0.2867881619531227], "Sigma": [[0.00406474697113443, -0.00037881057627185287, -0.0026186127819447886], [-0.00037881057627185287, 0.00639935481653352, 0.0006783642786420356], [-0.0026186127819447886, 0.0006783642786420358, 0.0019154414085707176]], "chi2_level": 0.99, "chi2_df": 3, "chi2_threshold": 11.344866730144373, "N_raw": 36, "N_roi": 36, "N_inlier": 35, "refit": true}
{"timestamp": "15:52:00.154871", "frame": 123, "mu": [-1.2718907008756235, 0.5498424023568269, 1.4777184204297058], "Sigma": [[0.004016354330443316, 0.001245705828400244, -0.0003364183505503203], [0.0012457058284002435, 0.005816431363889161, -0.004614053727413135], [-0.0003364183505503203, -0.004614053727413135, 0.004434211712190238]], "chi2_level": 0.99, "chi2_df": 3, "chi2_threshold": 11.344866730144373, "N_raw": 46, "N_roi": 46, "N_inlier": 42, "refit": true}
{"timestamp": "15:52:00.212308", "frame": 124, "mu": [-1.2767730864727653, 0.5426180496230378, 1.4829873370604676], "Sigma": [[0.007838008069413023, -0.00028512036783296876, -0.0024430605412580127], [-0.00028512036783296865, 0.011667927868001164, -0.0034975886547555556], [-0.0024430605412580127, -0.0034975886547555556, 0.0022004147780748037]], "chi2_level": 0.99, "chi2_df": 3, "chi2_threshold": 11.344866730144373, "N_raw": 60, "N_roi": 60, "N_inlier": 60, "refit": true}
{"timestamp": "15:52:00.267155", "frame": 125, "mu": [-1.289580537796824, 0.5001195862371849, 1.421198729215517], "Sigma": [[0.008046381915839581, -0.0009656437020118781, -0.0032298764328143616], [-0.0009656437020118781, 0.012119732641510778, -0.0030089926970880768], [-0.0032298764328143608, -0.0030089926970880768, 0.0027654081604272665]], "chi2_level": 0.99, "chi2_df": 3, "chi2_threshold": 11.344866730144373, "N_raw": 59, "N_roi": 59, "N_inlier": 58, "refit": true}
{"timestamp": "15:52:00.322709", "frame": 126, "mu": [-1.3144648002503365, 0.5225872253458171, -0.5767748226175688], "Sigma": [[0.00741758795042608, 0.00216202683009188, -0.0001875369504334395], [0.00216202683009188, 0.016823949076688015, 0.0012517360765780501], [-0.00018753695043343955, 0.0012517360765780501, 0.0029252203392203576]], "chi2_level": 0.99, "chi2_df": 3, "chi2_threshold": 11.344866730144373, "N_raw": 55, "N_roi": 55, "N_inlier": 52, "refit": true}
{"timestamp": "15:52:00.377078", "frame": 127, "mu": [-1.3467053306538097, 0.5391205764358556, 1.453132612564913], "Sigma": [[0.007372146491971702, -0.0012145899964495642, -0.00423478294319536], [-0.0012145899964495642, 0.011405065465452778, -0.002407992980118242], [-0.00423478294319536, -0.002407992980118242, 0.0037418410540126187]], "chi2_level": 0.99, "chi2_df": 3, "chi2_threshold": 11.344866730144373, "N_raw": 51, "N_roi": 51, "N_inlier": 51, "refit": true}
{"timestamp": "15:52:00.431395", "frame": 128, "mu": [-1.3698415229171639, 0.5417582990336606, 1.4328619299250898], "Sigma": [[0.007500707011135161, -0.0004012692004101418, -0.0015427111242952846], [-0.0004012692004101416, 0.009261257303485518, -0.0037006303629594983], [-0.001542711124295285, -0.0037006303629594983, 0.0022667240032265812]], "chi2_level": 0.99, "chi2_df": 3, "chi2_threshold": 11.344866730144373, "N_raw": 51, "N_roi": 51, "N_inlier": 51, "refit": true}
{"timestamp": "15:52:00.489162", "frame": 129, "mu": [-1.4266986107024833, 0.7086595069745517, -0.5645651189815687], "Sigma": [[0.006468926724911345, 0.0005223502226072114, 0.006978534471151827], [0.0005223502226072114, 0.010116886067366547, -0.007508646330155325], [0.006978534471151827, -0.007508646330155325, 0.02009201032555306]], "chi2_level": 0.99, "chi2_df": 3, "chi2_threshold": 11.344866730144373, "N_raw": 62, "N_roi": 62, "N_inlier": 62, "refit": true}
{"timestamp": "15:52:00.540104", "frame": 130, "mu": [-1.424761172311221, 0.5483283343782438, 1.3689121615968922], "Sigma": [[0.003952962990903283, 0.0019215413082938504, -0.0013087650478464277], [0.0019215413082938507, 0.012379401166100772, -0.0041419789484448645], [-0.0013087650478464277, -0.0041419789484448645, 0.001961519176772179]], "chi2_level": 0.99, "chi2_df": 3, "chi2_threshold": 11.344866730144373, "N_raw": 41, "N_roi": 41, "N_inlier": 38, "refit": true}
{"timestamp": "15:52:00.593947", "frame": 131, "mu": [-1.4585066839642638, 0.6000590880545728, 1.4091797321763857], "Sigma": [[0.004874549996162607, 0.0021613949657576063, -0.0023981961481059464], [0.002161394965757606, 0.009010644107140928, -0.004305418137627776], [-0.0023981961481059464, -0.004305418137627776, 0.00305674874697257]], "chi2_level": 0.99, "chi2_df": 3, "chi2_threshold": 11.344866730144373, "N_raw": 36, "N_roi": 36, "N_inlier": 36, "refit": true}
{"timestamp": "15:52:00.651799", "frame": 132, "mu": [-1.5000609826513283, 0.6362842386288169, 1.4416072463752607], "Sigma": [[0.008346568264568024, 0.002063570259985348, -0.0022381938230158125], [0.0020635702599853486, 0.008476979022020917, -0.004915066915406321], [-0.002238193823015812, -0.004915066915406321, 0.0039479555077402305]], "chi2_level": 0.99, "chi2_df": 3, "chi2_threshold": 11.344866730144373, "N_raw": 52, "N_roi": 52, "N_inlier": 50, "refit": true}
{"timestamp": "15:52:00.703721", "frame": 133, "mu": [-1.5636994909586774, 0.6293794459306121, -0.6065939421022839], "Sigma": [[0.005346162794927076, 0.004504433026605518, -0.0020617740774696806], [0.004504433026605518, 0.007541095999529388, -0.00590695760142854], [-0.0020617740774696806, -0.00590695760142854, 0.0071244281860503725]], "chi2_level": 0.99, "chi2_df": 3, "chi2_threshold": 11.344866730144373, "N_raw": 35, "N_roi": 35, "N_inlier": 33, "refit": true}
{"timestamp": "15:52:00.761376", "frame": 134, "mu": [-1.5759227164550231, 0.5874253647638736, 1.304553571638486], "Sigma": [[0.006706326170214096, 0.004759218311002019, -0.0008354702714086047], [0.004759218311002019, 0.008790567152108334, -0.004981486556054248], [-0.000835470271408605, -0.004981486556054248, 0.022774352459298156]], "chi2_level": 0.99, "chi2_df": 3, "chi2_threshold": 11.344866730144373, "N_raw": 56, "N_roi": 56, "N_inlier": 53, "refit": true}
{"timestamp": "15:52:00.816493", "frame": 135, "mu": [-1.5510423717841086, 0.5613481634299073, 1.315345649674008], "Sigma": [[0.007400496053246477, 0.0044052554508119965, -0.0008395880626735217], [0.004405255450811997, 0.01026465195998784, -0.005289230711466515], [-0.0008395880626735217, -0.005289230711466515, 0.0036204811534774417]], "chi2_level": 0.99, "chi2_df": 3, "chi2_threshold": 11.344866730144373, "N_raw": 46, "N_roi": 46, "N_inlier": 45, "refit": true}
{"timestamp": "15:52:00.871064", "frame": 136, "mu": [-1.5756767630806723, 0.5826979463681764, 1.289913114631771], "Sigma": [[0.006291643561381421, 0.003832566464564992, -0.0001099713538369401], [0.0038325664645649923, 0.008633205698484652, -0.005113516336893812], [-0.00010997135383694024, -0.005113516336893812, 0.00796043655409184]], "chi2_level": 0.99, "chi2_df": 3, "chi2_threshold": 11.344866730144373, "N_raw": 46, "N_roi": 46, "N_inlier": 44, "refit": true}
{"timestamp": "15:52:00.925423", "frame": 137, "mu": [-1.59032555018856, 0.5821816496568945, 1.2729362620507614], "Sigma": [[0.00436181242644198, 0.00377718867066789, -0.0005421333369200982], [0.00377718867066789, 0.00989003908003468, -0.00523632249702853], [-0.0005421333369200981, -0.00523632249702853, 0.008363539980558048]], "chi2_level": 0.99, "chi2_df": 3, "chi2_threshold": 11.344866730144373, "N_raw": 42, "N_roi": 42, "N_inlier": 39, "refit": true}
