{"timestamp": "18:16:16.006481", "frame": 35, "mu": [1.552533760295859, 0.9158349918631805, 1.028186041203874], "Sigma": [[0.007250543819874005, -0.009370494837880074, 0.03029064554323492], [-0.009370494837880074, 0.02175386525126528, -0.07326472312931363], [0.03029064554323492, -0.07326472312931363, 0.2605446005205309]], "chi2_level": 0.95, "chi2_df": 3, "chi2_threshold": 7.814727903251179, "N_raw": 11, "N_roi": 11, "N_inlier": 11, "refit": true}
{"timestamp": "18:16:16.061835", "frame": 36, "mu": [1.5095447275502538, 0.8821066652655563, 1.2368010973604413], "Sigma": [[0.0026999838363789123, -9.350778870941219e-05, 0.00030981777423281153], [-9.350778870941237e-05, 0.004502647944776277, -0.0006509771418031117], [0.00030981777423281153, -0.0006509771418031119, 0.002339483969760387]], "chi2_level": 0.95, "chi2_df": 3, "chi2_threshold": 7.814727903251179, "N_raw": 24, "N_roi": 24, "N_inlier": 20, "refit": true}
{"timestamp": "18:16:16.117456", "frame": 37, "mu": [1.4498629592756735, 1.0048520370971352, 1.3335359592737477], "Sigma": [[0.0029275765753972553, 0.0010139022411014954, 0.0017624538116473264], [0.0010139022411014957, 0.0032630197512590825, 0.0027056646768047273], [0.0017624538116473268, 0.0027056646768047277, 0.020598574533926186]], "chi2_level": 0.95, "chi2_df": 3, "chi2_threshold": 7.814727903251179, "N_raw": 12, "N_roi": 11, "N_inlier": 10, "refit": true}
{"timestamp": "18:16:16.229812", "frame": 39, "mu": [1.4112020070758151, 1.1016856712068148, 1.4637223608715042], "Sigma": [[0.004743675932017847, -0.003854651802040918, -0.0005542390950978555], [-0.003854651802040918, 0.006792655880710616, -0.002148290520463923], [-0.0005542390950978556, -0.0021482905204639234, 0.004065281594450073]], "chi2_level": 0.95, "chi2_df": 3, "chi2_threshold": 7.814727903251179, "N_raw": 32, "N_roi": 32, "N_inlier": 31, "refit": true}
{"timestamp": "18:16:16.288157", "frame": 40, "mu": [1.31692272165214, 1.1499474196289132, 1.3880259351110453], "Sigma": [[0.005653657526349638, -0.0016960138555402117, 1.1484688970032034e-05], [-0.0016960138555402117, 0.00927090211178983, -0.000567386042954108], [1.1484688970032047e-05, -0.000567386042954108, 0.0002119377132238341]], "chi2_level": 0.95, "chi2_df": 3, "chi2_threshold": 7.814727903251179, "N_raw": 48, "N_roi": 48, "N_inlier": 47, "refit": true}
{"timestamp": "18:16:16.339234", "frame": 41, "mu": [1.2675120453940878, 1.1295671973581718, 1.2977912941518808], "Sigma": [[0.00491228747117125, -0.0020312454053210503, -0.0007426065875855434], [-0.0020312454053210503, 0.005150734381610097, -0.00039569264374085934], [-0.0007426065875855433, -0.00039569264374085934, 0.00041508217192257003]], "chi2_level": 0.95, "chi2_df": 3, "chi2_threshold": 7.814727903251179, "N_raw": 33, "N_roi": 33, "N_inlier": 33, "refit": true}
{"timestamp": "18:16:16.393519", "frame": 42, "mu": [1.212922250637847, 1.2520846074162364, 1.4224199677609826], "Sigma": [[0.0028691333989419236, -8.648372095743621e-05, 7.128634583271336e-05], [-8.648372095743619e-05, 0.0049799374829505505, 0.0007281818324928004], [7.128634583271337e-05, 0.0007281818324928004, 0.0002931271668785396]], "chi2_level": 0.95, "chi2_df": 3, "chi2_threshold": 7.814727903251179, "N_raw": 25, "N_roi": 25, "N_inlier": 25, "refit": true}
{"timestamp": "18:16:16.505864", "frame": 44, "mu": [1.1210515123802358, 1.3624940820672298, 1.511667321760026], "Sigma": [[0.005847888929838241, -0.002066754648593131, -0.00016335810001633184], [-0.002066754648593131, 0.006580549721135233, 0.0019104914605771123], [-0.00016335810001633184, 0.0019104914605771123, 0.0009992489294280446]], "chi2_level": 0.95, "chi2_df": 3, "chi2_threshold": 7.814727903251179, "N_raw": 41, "N_roi": 41, "N_inlier": 41, "refit": true}
{"timestamp": "18:16:16.560721", "frame": 45, "mu": [1.163781841431229, 1.240142332322661, 1.3366072828596753], "Sigma": [[0.004382332361607754, -0.0036599313662486702, -0.004690140221424834], [-0.0036599313662486702, 0.014253354680523625, 0.012312749450077605], [-0.004690140221424834, 0.012312749450077605, 0.013953387480982024]], "chi2_level": 0.95, "chi2_df": 3, "chi2_threshold": 7.814727903251179, "N_raw": 36, "N_roi": 36, "N_inlier": 34, "refit": true}
{"timestamp": "18:16:16.613179", "frame": 46, "mu": [1.1100981314879816, 1.2376756862298592, 1.159440658202318], "Sigma": [[0.0025604098937494317, -0.001551935111682445, -0.0018819307908994776], [-0.0015519351116824447, 0.0034696610820990075, 1.4665873920692509e-05], [-0.0018819307908994776, 1.4665873920692563e-05, 0.00255970164898012]], "chi2_level": 0.95, "chi2_df": 3, "chi2_threshold": 7.814727903251179, "N_raw": 20, "N_roi": 20, "N_inlier": 18, "refit": true}
{"timestamp": "18:16:16.723648", "frame": 48, "mu": [1.0798519370036481, 1.3808189862303915, 1.1091167053900692], "Sigma": [[0.0039264552488515216, -0.0013074392241577567, -0.025418284573296715], [-0.0013074392241577567, 0.002676048248496327, 0.006368721269428243], [-0.02541828457329672, 0.006368721269428243, 0.3017188464688315]], "chi2_level": 0.95, "chi2_df": 3, "chi2_threshold": 7.814727903251179, "N_raw": 22, "N_roi": 22, "N_inlier": 22, "refit": true}
{"timestamp": "18:16:16.777903", "frame": 49, "mu": [1.0156063556826076, 1.5201275996515116, 1.3416294576916061], "Sigma": [[0.005986680123867091, -0.005346534746776112, -0.026262277673222457], [-0.005346534746776112, 0.011938291085193375, 0.030878388827978075], [-0.026262277673222457, 0.03087838882797808, 0.13424159541055056]], "chi2_level": 0.95, "chi2_df": 3, "chi2_threshold": 7.814727903251179, "N_raw": 14, "N_roi": 14, "N_inlier": 12, "refit": true}
{"timestamp": "18:16:16.832163", "frame": 50, "mu": [1.049439171008317, 1.4627613979235266, 1.2553818018986305], "Sigma": [[0.00695204569150355, -0.0075791994029948875, -0.029616348393642883], [-0.0075791994029948875, 0.01613237717459888, 0.0379217034315084], [-0.029616348393642883, 0.037921703431508406, 0.17858496159306164]], "chi2_level": 0.95, "chi2_df": 3, "chi2_threshold": 7.814727903251179, "N_raw": 12, "N_roi": 12, "N_inlier": 11, "refit": true}
{"timestamp": "18:16:16.889828", "frame": 51, "mu": [1.0397859833655638, 1.3581154685950356, 1.1666303703532628], "Sigma": [[0.002756965651168338, -0.001159558834729479, -0.0015554971259880406], [-0.001159558834729479, 0.0019410685638043084, -0.0008599442311567835], [-0.0015554971259880406, -0.0008599442311567835, 0.003437158882289347]], "chi2_level": 0.95, "chi2_df": 3, "chi2_threshold": 7.814727903251179, "N_raw": 28, "N_roi": 28, "N_inlier": 26, "refit": true}
{"timestamp": "18:16:16.945560", "frame": 52, "mu": [0.9677974440082253, 1.485273679500822, 1.3299499525195981], "Sigma": [[0.004891107320784817, -0.0016430260708447265, -0.0011411976846062728], [-0.0016430260708447267, 0.005423517446144348, 0.001009989863889318], [-0.0011411976846062728, 0.001009989863889318, 0.0005268624248456092]], "chi2_level": 0.95, "chi2_df": 3, "chi2_threshold": 7.814727903251179, "N_raw": 38, "N_roi": 38, "N_inlier": 37, "refit": true}
{"timestamp": "18:16:17.002675", "frame": 53, "mu": [1.0025964287701339, 1.6507849315582108, -0.5640313400156309], "Sigma": [[0.003565807196422109, -0.0009067832778075333, -0.004432431605220638], [-0.0009067832778075334, 0.004618198249580502, -0.004756316866284039], [-0.004432431605220638, -0.0047563168662840384, 0.018959185518121358]], "chi2_level": 0.95, "chi2_df": 3, "chi2_threshold": 7.814727903251179, "N_raw": 49, "N_roi": 48, "N_inlier": 46, "refit": true}
{"timestamp": "18:16:17.060889", "frame": 54, "mu": [0.9846596700159914, 1.5308375054940107, 1.1463685022258994], "Sigma": [[0.006929095859638519, -0.005459426256527674, -0.01075556848159782], [-0.005459426256527674, 0.006458360010367202, 0.008544869734763373], [-0.01075556848159782, 0.008544869734763373, 0.0441011765863472]], "chi2_level": 0.95, "chi2_df": 3, "chi2_threshold": 7.814727903251179, "N_raw": 71, "N_roi": 71, "N_inlier": 66, "refit": true}
{"timestamp": "18:16:17.115030", "frame": 55, "mu": [0.9554874141228328, 1.62206836815907, 1.3453020634559405], "Sigma": [[0.007563518335658383, -0.004731292790340959, -0.010026488304077964], [-0.004731292790340959, 0.011796380241748576, 0.012374922980875743], [-0.010026488304077964, 0.012374922980875743, 0.032217929054229544]], "chi2_level": 0.95, "chi2_df": 3, "chi2_threshold": 7.814727903251179, "N_raw": 66, "N_roi": 66, "N_inlier": 61, "refit": true}
{"timestamp": "18:16:17.171338", "frame": 56, "mu": [0.9362449105793846, 1.621716223003448, 1.2812199284128614], "Sigma": [[0.00666806497194205, -0.002446099463258247, -0.005977725567232436], [-0.002446099463258247, 0.007284424506795087, 0.005927023409647519], [-0.005977725567232436, 0.005927023409647519, 0.03342242760425981]], "chi2_level": 0.95, "chi2_df": 3, "chi2_threshold": 7.814727903251179, "N_raw": 72, "N_roi": 71, "N_inlier": 66, "refit": true}
{"timestamp": "18:16:17.226251", "frame": 57, "mu": [0.908172650136251, 1.6791237999741864, 1.2095368784410896], "Sigma": [[0.007638680632431469, -0.005045490525164904, -0.011132933410425348], [-0.005045490525164905, 0.005992453041597284, 0.013885561567950799], [-0.011132933410425348, 0.013885561567950799, 0.06620215814744809]], "chi2_level": 0.95, "chi2_df": 3, "chi2_threshold": 7.814727903251179, "N_raw": 68, "N_roi": 68, "N_inlier": 62, "refit": true}
{"timestamp": "18:16:17.283340", "frame": 58, "mu": [0.870572516589371, 1.6999056193529631, 1.2761921711226873], "Sigma": [[0.00932985760585272, -0.0036615662273907865, -0.009864574968600371], [-0.0036615662273907865, 0.004731595397356633, 0.007415580145808647], [-0.00986457496860037, 0.007415580145808647, 0.05790648989535269]], "chi2_level": 0.95, "chi2_df": 3, "chi2_threshold": 7.814727903251179, "N_raw": 86, "N_roi": 86, "N_inlier": 82, "refit": true}
{"timestamp": "18:16:17.338553", "frame": 59, "mu": [0.8263796259174649, 1.689177356147857, 1.182151733740687], "Sigma": [[0.007800219371670571, -0.002702497436745688, -0.006371308510390712], [-0.002702497436745688, 0.005402029432407311, 0.0007669356131874813], [-0.006371308510390712, 0.0007669356131874813, 0.03141153497237907]], "chi2_level": 0.95, "chi2_df": 3, "chi2_threshold": 7.814727903251179, "N_raw": 85, "N_roi": 85, "N_inlier": 81, "refit": true}
{"timestamp": "18:16:17.391763", "frame": 60, "mu": [0.7904558850498669, 1.7099164349475662, 1.1274772677800047], "Sigma": [[0.006172290191674698, -0.0005441273073025102, 0.0020922529092770497], [-0.0005441273073025102, 0.001610888657059887, -0.001055645428591118], [0.0020922529092770497, -0.0010556454285911181, 0.03489317977727459]], "chi2_level": 0.95, "chi2_df": 3, "chi2_threshold": 7.814727903251179, "N_raw": 70, "N_roi": 70, "N_inlier": 64, "refit": true}
{"timestamp": "18:16:17.445403", "frame": 61, "mu": [0.7954864552856671, 1.91563769124007, -0.21241731291409016], "Sigma": [[0.006695511713679498, 0.0006265380366943455, -0.002118396219294788], [0.0006265380366943456, 0.0066811149077893135, 0.00100573468938576], [-0.002118396219294788, 0.0010057346893857602, 0.0032306081108956063]], "chi2_level": 0.95, "chi2_df": 3, "chi2_threshold": 7.814727903251179, "N_raw": 63, "N_roi": 62, "N_inlier": 57, "refit": true}
{"timestamp": "18:16:17.498963", "frame": 62, "mu": [0.7073232670670195, 1.7739564123683123, 1.1555843023983794], "Sigma": [[0.006140070531787776, 0.0013441769999955884, -0.0013731979090550919], [0.0013441769999955884, 0.007087080258059882, -0.0011449799671157234], [-0.0013731979090550919, -0.0011449799671157234, 0.0010711939285277725]], "chi2_level": 0.95, "chi2_df": 3, "chi2_threshold": 7.814727903251179, "N_raw": 58, "N_roi": 58, "N_inlier": 55, "refit": true}
{"timestamp": "18:16:17.549832", "frame": 63, "mu": [0.6351977452234611, 1.9391872040295104, -0.5692981452571946], "Sigma": [[0.0023518847978002823, -0.0004432079861713779, -8.006078420944843e-05], [-0.000443207986171378, 0.002947075140500138, -0.0027456295119729], [-8.006078420944832e-05, -0.0027456295119729, 0.0035621958828991915]], "chi2_level": 0.95, "chi2_df": 3, "chi2_threshold": 7.814727903251179, "N_raw": 23, "N_roi": 23, "N_inlier": 21, "refit": true}
{"timestamp": "18:16:17.611533", "frame": 64, "mu": [0.6482012039073743, 1.8256291128093165, 0.9270153326149905], "Sigma": [[0.015862905007474542, -8.883661977593287e-05, -0.029513249214871144], [-8.88366197759326e-05, 0.0020314105930762318, -0.004823250210073078], [-0.029513249214871144, -0.004823250210073078, 0.103005976749146]], "chi2_level": 0.95, "chi2_df": 3, "chi2_threshold": 7.814727903251179, "N_raw": 81, "N_roi": 81, "N_inlier": 79, "refit": true}
{"timestamp": "18:16:17.661396", "frame": 65, "mu": [0.5446830612904049, 1.8227171845089414, 1.1118336163483309], "Sigma": [[0.0039492289581562435, 0.0005702035313549295, 0.0015231513191330491], [0.0005702035313549296, 0.0017494127131165843, 1.0018939890332933e-05], [0.0015231513191330493, 1.0018939890332838e-05, 0.025467265769524225]], "chi2_level": 0.95, "chi2_df": 3, "chi2_threshold": 7.814727903251179, "N_raw": 39, "N_roi": 39, "N_inlier": 37, "refit": true}
{"timestamp": "18:16:17.718255", "frame": 66, "mu": [0.5358405007202389, 1.8914950312123318, 0.9678543570540361], "Sigma": [[0.0065188780394967475, 0.0022219467363335994, -0.01397048159976048], [0.0022219467363335994, 0.002434419268261878, 0.0018937734074068663], [-0.013970481599760479, 0.0018937734074068668, 0.18674987275985447]], "chi2_level": 0.95, "chi2_df": 3, "chi2_threshold": 7.814727903251179, "N_raw": 45, "N_roi": 45, "N_inlier": 44, "refit": true}
{"timestamp": "18:16:17.775785", "frame": 67, "mu": [0.48646189125207295, 1.9048472975962305, 0.9655434093853774], "Sigma": [[0.00799432775304198, -0.0007712805365963075, -0.0035826110320336473], [-0.0007712805365963076, 0.002134520992978895, -0.0027572180635131336], [-0.0035826110320336464, -0.0027572180635131336, 0.028537818649033337]], "chi2_level": 0.95, "chi2_df": 3, "chi2_threshold": 7.814727903251179, "N_raw": 67, "N_roi": 67, "N_inlier": 62, "refit": true}
{"timestamp": "18:16:17.826930", "frame": 68, "mu": [0.4866072271080545, 1.9750645205774637, 1.1686708210319448], "Sigma": [[0.004353267446997602, -0.0008541638203715056, -0.003601745954105737], [-0.0008541638203715056, 0.0019833980462576253, 0.008012779809345186], [-0.003601745954105737, 0.008012779809345184, 0.14484810787598232]], "chi2_level": 0.95, "chi2_df": 3, "chi2_threshold": 7.814727903251179, "N_raw": 37, "N_roi": 37, "N_inlier": 33, "refit": true}
{"timestamp": "18:16:17.885345", "frame": 69, "mu": [0.44902929514063566, 1.9983074751533052, 1.2059612002191533], "Sigma": [[0.006969964704555821, 0.001269297196983713, 0.0010809610299427122], [0.0012692971969837132, 0.003001945276723497, -0.003127026357923437], [0.0010809610299427124, -0.003127026357923437, 0.01659422333195992]], "chi2_level": 0.95, "chi2_df": 3, "chi2_threshold": 7.814727903251179, "N_raw": 65, "N_roi": 65, "N_inlier": 63, "refit": true}
{"timestamp": "18:16:17.940164", "frame": 70, "mu": [0.3696373658651353, 2.06983757091267, 1.3599015754368926], "Sigma": [[0.007684083733877386, 0.004409010983293057, 0.0050751838408314275], [0.004409010983293058, 0.011207597910892006, 0.007922982681817238], [0.0050751838408314275, 0.00792298268181724, 0.011264916962370726]], "chi2_level": 0.95, "chi2_df": 3, "chi2_threshold": 7.814727903251179, "N_raw": 65, "N_roi": 65, "N_inlier": 60, "refit": true}
{"timestamp": "18:16:17.997079", "frame": 71, "mu": [0.3386712267088232, 2.109994015817951, -0.5937695389946718], "Sigma": [[0.00621033238456513, 0.005489619750827487, 0.012896422370223256], [0.005489619750827487, 0.010883563935454562, 0.01207363101798604], [0.012896422370223252, 0.01207363101798604, 0.06327931368530187]], "chi2_level": 0.95, "chi2_df": 3, "chi2_threshold": 7.814727903251179, "N_raw": 74, "N_roi": 71, "N_inlier": 63, "refit": true}
{"timestamp": "18:16:18.048176", "frame": 72, "mu": [0.2879242161683578, 2.047752735042987, 1.118865866499057], "Sigma": [[0.011270364810452417, 0.0019430821427210104, -0.00977459004051857], [0.0019430821427210104, 0.003535671650309207, -0.004795803165414651], [-0.00977459004051857, -0.004795803165414651, 0.014791227834340335]], "chi2_level": 0.95, "chi2_df": 3, "chi2_threshold": 7.814727903251179, "N_raw": 49, "N_roi": 48, "N_inlier": 45, "refit": true}
{"timestamp": "18:16:18.102673", "frame": 73, "mu": [0.2347722060308587, 2.130919475787942, 1.3117284391051753], "Sigma": [[0.006063115577371413, -0.00011737076231814865, -0.002484803306509351], [-0.00011737076231814873, 0.006310288842222439, 0.00232509974702617], [-0.002484803306509351, 0.00232509974702617, 0.006978462996781648]], "chi2_level": 0.95, "chi2_df": 3, "chi2_threshold": 7.814727903251179, "N_raw": 52, "N_roi": 52, "N_inlier": 48, "refit": true}
{"timestamp": "18:16:18.157993", "frame": 74, "mu": [0.2742330915919017, 2.2071569699124787, 0.6734914603102753], "Sigma": [[0.007510564382220039, 0.000675655671199802, 0.0349922182654331], [0.000675655671199802, 0.0020360615741022475, 0.019595035745727248], [0.0349922182654331, 0.019595035745727244, 0.4989567480581832]], "chi2_level": 0.95, "chi2_df": 3, "chi2_threshold": 7.814727903251179, "N_raw": 46, "N_roi": 44, "N_inlier": 41, "refit": true}
{"timestamp": "18:16:18.207434", "frame": 75, "mu": [0.16594131896516415, 2.462302888185069, -1.1975417814380898], "Sigma": [[0.005215593723748509, -0.0040705923909582584, 0.0260839859397773], [-0.0040705923909582584, 0.007488040656931281, -0.06452823855575747], [0.0260839859397773, -0.06452823855575746, 0.7111017755446637]], "chi2_level": 0.95, "chi2_df": 3, "chi2_threshold": 7.814727903251179, "N_raw": 17, "N_roi": 17, "N_inlier": 15, "refit": true}
{"timestamp": "18:16:18.267715", "frame": 76, "mu": [0.16415893899361153, 2.4464976635554767, -0.015959312122650393], "Sigma": [[0.005810798421096851, -0.003902643966132144, 0.010214927654880305], [-0.003902643966132144, 0.013237010347856177, -0.040959367109226624], [0.010214927654880303, -0.04095936710922662, 0.17594173716041536]], "chi2_level": 0.95, "chi2_df": 3, "chi2_threshold": 7.814727903251179, "N_raw": 51, "N_roi": 49, "N_inlier": 45, "refit": true}
{"timestamp": "18:16:18.324446", "frame": 77, "mu": [0.13251761063728396, 2.306303078396329, 1.2455925378442827], "Sigma": [[0.007860146764442433, 0.0016649056367079008, 0.00329482996357486], [0.0016649056367079008, 0.0025370932624568, 0.0035757728807443317], [0.0032948299635748596, 0.003575772880744331, 0.04867191727631789]], "chi2_level": 0.95, "chi2_df": 3, "chi2_threshold": 7.814727903251179, "N_raw": 64, "N_roi": 62, "N_inlier": 55, "refit": true}
{"timestamp": "18:16:18.384367", "frame": 78, "mu": [0.08459817367594051, 2.280239639729553, 0.7167953578740739], "Sigma": [[0.008451038547609742, 0.0021177532780540117, 0.018048905992677985], [0.0021177532780540117, 0.0023574073198561318, 0.013984343029187888], [0.018048905992677985, 0.013984343029187888, 0.3637201563944176]], "chi2_level": 0.95, "chi2_df": 3, "chi2_threshold": 7.814727903251179, "N_raw": 87, "N_roi": 85, "N_inlier": 84, "refit": true}
{"timestamp": "18:16:18.436318", "frame": 79, "mu": [0.04384080191002136, 2.341307924418825, 0.9621429719369496], "Sigma": [[0.008775692973655599, 0.003910945888318771, 0.011106481630495785], [0.003910945888318771, 0.005544805949227957, 0.009225812615719435], [0.011106481630495784, 0.009225812615719435, 0.23532107503445696]], "chi2_level": 0.95, "chi2_df": 3, "chi2_threshold": 7.814727903251179, "N_raw": 72, "N_roi": 71, "N_inlier": 67, "refit": true}
{"timestamp": "18:16:18.491370", "frame": 80, "mu": [0.0126137637847895, 2.423958216248807, 0.6682344609236781], "Sigma": [[0.010234473925296785, -0.003090461583823174, 0.019039000853199144], [-0.003090461583823174, 0.0034700011664329598, -0.01160214804385274], [0.01903900085319914, -0.011602148043852742, 0.19232403387690297]], "chi2_level": 0.95, "chi2_df": 3, "chi2_threshold": 7.814727903251179, "N_raw": 66, "N_roi": 66, "N_inlier": 64, "refit": true}
{"timestamp": "18:16:18.551777", "frame": 81, "mu": [-0.021908285642756493, 2.5795880653197845, -0.1430938131828697], "Sigma": [[0.011374038170634773, -0.0011031461136943536, 0.0069066503599042985], [-0.0011031461136943536, 0.01412875632685343, -0.02288025530276088], [0.006906650359904299, -0.022880255302760884, 0.05973626190663325]], "chi2_level": 0.95, "chi2_df": 3, "chi2_threshold": 7.814727903251179, "N_raw": 97, "N_roi": 93, "N_inlier": 89, "refit": true}
{"timestamp": "18:16:18.600144", "frame": 82, "mu": [-0.029734861692833063, 2.450177384116201, 1.2325329816982449], "Sigma": [[0.007742358042402677, 0.00013371345088833463, -0.005168098128790073], [0.00013371345088833444, 0.0028502787690434924, -0.004347825362184971], [-0.005168098128790073, -0.004347825362184971, 0.03613961884655677]], "chi2_level": 0.95, "chi2_df": 3, "chi2_threshold": 7.814727903251179, "N_raw": 58, "N_roi": 58, "N_inlier": 53, "refit": true}
{"timestamp": "18:16:18.656059", "frame": 83, "mu": [-0.09326134751228209, 2.499340635927521, 1.2890922039055284], "Sigma": [[0.01086916855652591, 0.001616651806968882, -0.0038938320108122164], [0.001616651806968882, 0.005611217464204275, -0.0030180038870123707], [-0.0038938320108122173, -0.0030180038870123707, 0.009299413455185408]], "chi2_level": 0.95, "chi2_df": 3, "chi2_threshold": 7.814727903251179, "N_raw": 71, "N_roi": 71, "N_inlier": 66, "refit": true}
{"timestamp": "18:16:18.710252", "frame": 84, "mu": [-0.14341377281821568, 2.5752361028779456, 1.470317938164568], "Sigma": [[0.00988209086073988, 0.0006946218489761731, -0.002603476551447075], [0.0006946218489761729, 0.0072924649412419, 0.0011507801373223552], [-0.002603476551447075, 0.001150780137322355, 0.009758912267077762]], "chi2_level": 0.95, "chi2_df": 3, "chi2_threshold": 7.814727903251179, "N_raw": 65, "N_roi": 65, "N_inlier": 61, "refit": true}
{"timestamp": "18:16:18.772179", "frame": 85, "mu": [-0.08132410431098382, 2.5375078204934667, 0.9409662859496404], "Sigma": [[0.023657842137328716, -0.0005216773417729251, -0.05518101695981399], [-0.0005216773417729252, 0.005462328822299078, 0.015498862781414007], [-0.055181016959814, 0.015498862781414009, 0.2955999717711395]], "chi2_level": 0.95, "chi2_df": 3, "chi2_threshold": 7.814727903251179, "N_raw": 104, "N_roi": 104, "N_inlier": 97, "refit": true}
{"timestamp": "18:16:18.821401", "frame": 86, "mu": [-0.10523014364641449, 2.5980787502179563, 1.0160519382839728], "Sigma": [[0.025354548351818593, -0.007527704105194681, -0.07888786752791459], [-0.007527704105194681, 0.005483773951669898, 0.02623101044486522], [-0.07888786752791459, 0.02623101044486522, 0.321936210742376]], "chi2_level": 0.95, "chi2_df": 3, "chi2_threshold": 7.814727903251179, "N_raw": 72, "N_roi": 72, "N_inlier": 69, "refit": true}
{"timestamp": "18:16:18.878059", "frame": 87, "mu": [-0.2030418412955503, 2.653045686385833, 1.1607222063895297], "Sigma": [[0.01708710974941204, -0.0008723119675485082, -0.015279773347432715], [-0.0008723119675485083, 0.0060165759624973975, 0.02180691795956468], [-0.015279773347432716, 0.02180691795956468, 0.33336062002267997]], "chi2_level": 0.95, "chi2_df": 3, "chi2_threshold": 7.814727903251179, "N_raw": 82, "N_roi": 82, "N_inlier": 80, "refit": true}
{"timestamp": "18:16:18.934436", "frame": 88, "mu": [-0.20941488033885927, 2.6374789239673215, -0.580260782629141], "Sigma": [[0.028083616144783607, -0.0008624104334924762, 0.0400455859427129], [-0.000862410433492476, 0.006276368205916034, -0.012381203470524946], [0.040045585942712895, -0.012381203470524946, 0.2979153400101438]], "chi2_level": 0.95, "chi2_df": 3, "chi2_threshold": 7.814727903251179, "N_raw": 91, "N_roi": 91, "N_inlier": 87, "refit": true}
{"timestamp": "18:16:18.985956", "frame": 89, "mu": [-0.37978052546682295, 2.676035990376757, 1.1737925783986514], "Sigma": [[0.013939475072448033, 0.002279751776096001, -0.0011600337420645287], [0.002279751776096, 0.004150924255118695, -0.005498559132738217], [-0.0011600337420645285, -0.005498559132738217, 0.009312484380447107]], "chi2_level": 0.95, "chi2_df": 3, "chi2_threshold": 7.814727903251179, "N_raw": 71, "N_roi": 71, "N_inlier": 64, "refit": true}
{"timestamp": "18:16:19.045213", "frame": 90, "mu": [-0.3817697583698678, 2.702343795072499, 0.821749256949881], "Sigma": [[0.025718089660512047, 0.0028517054574383055, -0.011074470700690016], [0.002851705457438305, 0.005794005985805484, 0.017499514989815137], [-0.011074470700690016, 0.01749951498981514, 0.46749743775120883]], "chi2_level": 0.95, "chi2_df": 3, "chi2_threshold": 7.814727903251179, "N_raw": 97, "N_roi": 97, "N_inlier": 96, "refit": true}
{"timestamp": "18:16:19.099005", "frame": 91, "mu": [-0.43164522399475747, 2.7164477426252067, 1.123454993885104], "Sigma": [[0.018583736126820752, 0.00407170046648546, -0.029980362791988267], [0.00407170046648546, 0.005673542788817068, -0.015987331902646385], [-0.029980362791988267, -0.01598733190264638, 0.11433075194926792]], "chi2_level": 0.95, "chi2_df": 3, "chi2_threshold": 7.814727903251179, "N_raw": 88, "N_roi": 88, "N_inlier": 83, "refit": true}
{"timestamp": "18:16:19.151486", "frame": 92, "mu": [-0.4441979514372856, 2.8025980623141256, 0.8629068981269817], "Sigma": [[0.016123733439627794, 0.0035159443275062244, -0.03814669890544776], [0.003515944327506224, 0.004834491368850536, -0.021767079510331494], [-0.03814669890544775, -0.021767079510331494, 0.20818755853420282]], "chi2_level": 0.95, "chi2_df": 3, "chi2_threshold": 7.814727903251179, "N_raw": 73, "N_roi": 73, "N_inlier": 67, "refit": true}
{"timestamp": "18:16:19.212426", "frame": 93, "mu": [-0.5572026784318006, 2.8212032737578823, 0.6993583260680638], "Sigma": [[0.017021489615940667, 0.0006556452159659052, 0.011606465623857375], [0.0006556452159659049, 0.008579559370434134, -0.026286522021693425], [0.011606465623857375, -0.026286522021693425, 0.3569642916911518]], "chi2_level": 0.95, "chi2_df": 3, "chi2_threshold": 7.814727903251179, "N_raw": 111, "N_roi": 108, "N_inlier": 107, "refit": true}
{"timestamp": "18:16:19.258432", "frame": 94, "mu": [-0.5972339191730079, 2.7780583406096313, 1.162677854946025], "Sigma": [[0.010530490321278027, -1.2300184345155088e-05, -0.01397195416892685], [-1.2300184345155142e-05, 0.003704969658622266, -0.008251452336726112], [-0.01397195416892685, -0.008251452336726112, 0.043921096087368446]], "chi2_level": 0.95, "chi2_df": 3, "chi2_threshold": 7.814727903251179, "N_raw": 51, "N_roi": 51, "N_inlier": 46, "refit": true}
{"timestamp": "18:16:19.313897", "frame": 95, "mu": [-0.5929200497339561, 2.8389583708844506, 1.2832310528636561], "Sigma": [[0.01278001971932169, 0.0002926120636546415, -0.011490551882285812], [0.0002926120636546417, 0.003013837530444899, -0.0029980428966740456], [-0.011490551882285812, -0.002998042896674046, 0.020802584612346693]], "chi2_level": 0.95, "chi2_df": 3, "chi2_threshold": 7.814727903251179, "N_raw": 55, "N_roi": 55, "N_inlier": 51, "refit": true}
{"timestamp": "18:16:19.366311", "frame": 96, "mu": [-0.6194946234898807, 2.8740677607593876, 1.295886467962199], "Sigma": [[0.011984024069383344, -0.0012592398663353835, -0.017703690364021068], [-0.001259239866335384, 0.0031548974804888317, 0.001628462750039432], [-0.017703690364021068, 0.0016284627500394325, 0.03094855644886824]], "chi2_level": 0.95, "chi2_df": 3, "chi2_threshold": 7.814727903251179, "N_raw": 44, "N_roi": 44, "N_inlier": 41, "refit": true}
{"timestamp": "18:16:19.428248", "frame": 97, "mu": [-0.5945410951604517, 2.932409627300708, 1.1603043020561825], "Sigma": [[0.014298252021991904, -0.00069862824168015, -0.024695227268635767], [-0.0006986282416801498, 0.0053534168463910264, 0.009107841850914103], [-0.024695227268635767, 0.009107841850914105, 0.1555767116074179]], "chi2_level": 0.95, "chi2_df": 3, "chi2_threshold": 7.814727903251179, "N_raw": 86, "N_roi": 86, "N_inlier": 84, "refit": true}
{"timestamp": "18:16:19.479640", "frame": 98, "mu": [-0.6624377993154361, 2.9465139181062656, 1.2085818800495134], "Sigma": [[0.0121405360690363, 0.00251941049864526, -0.005871341213870432], [0.00251941049864526, 0.006348680966399025, 0.003976768561428489], [-0.005871341213870432, 0.003976768561428489, 0.039219728511678126]], "chi2_level": 0.95, "chi2_df": 3, "chi2_threshold": 7.814727903251179, "N_raw": 59, "N_roi": 59, "N_inlier": 54, "refit": true}
{"timestamp": "18:16:19.532827", "frame": 99, "mu": [-0.6541874730985133, 3.002100228610991, 1.1885488239648645], "Sigma": [[0.010338021240564049, -0.0021112370723140672, -0.025900608283416126], [-0.0021112370723140672, 0.0063880497085851235, 0.023386026857605886], [-0.025900608283416126, 0.023386026857605893, 0.18794759264705532]], "chi2_level": 0.95, "chi2_df": 3, "chi2_threshold": 7.814727903251179, "N_raw": 52, "N_roi": 52, "N_inlier": 52, "refit": true}
{"timestamp": "18:16:19.688463", "frame": 100, "mu": [-0.6943070578656698, 3.039652061750597, 1.1080544464232438], "Sigma": [[0.01930122575814326, -0.000947840217747216, -0.0416144948173852], [-0.0009478402177472158, 0.006887706197790633, 0.009066505399232875], [-0.04161449481738521, 0.009066505399232871, 0.17167208017947946]], "chi2_level": 0.95, "chi2_df": 3, "chi2_threshold": 7.814727903251179, "N_raw": 89, "N_roi": 89, "N_inlier": 88, "refit": true}
{"timestamp": "18:16:19.694526", "frame": 101, "mu": [-0.7219698798952158, 3.2615792287584897, -0.27843808468724407], "Sigma": [[0.014839546962540555, 0.005312835020631334, -0.021739173380466326], [0.005312835020631334, 0.008397691801709798, -0.02576307579397325], [-0.021739173380466326, -0.02576307579397325, 0.09553487616822295]], "chi2_level": 0.95, "chi2_df": 3, "chi2_threshold": 7.814727903251179, "N_raw": 78, "N_roi": 76, "N_inlier": 74, "refit": true}
{"timestamp": "18:16:19.734609", "frame": 102, "mu": [-0.7773300352782531, 3.127256147684983, 0.9946274128906886], "Sigma": [[0.006335567011253265, -0.0004666557163225987, -0.0025683649596906183], [-0.0004666557163225987, 0.002041731517666435, -0.0010804299279155065], [-0.0025683649596906183, -0.0010804299279155065, 0.06115520065893483]], "chi2_level": 0.95, "chi2_df": 3, "chi2_threshold": 7.814727903251179, "N_raw": 26, "N_roi": 26, "N_inlier": 23, "refit": true}
{"timestamp": "18:16:19.764784", "frame": 103, "mu": [-0.8432244661558321, 3.203737311585876, 0.6862640247480531], "Sigma": [[0.015284102102340259, 0.0015173680861682425, -0.007787275440999523], [0.0015173680861682425, 0.004204108231814134, -0.02250825092205446], [-0.007787275440999521, -0.022508250922054468, 0.14980928039860275]], "chi2_level": 0.95, "chi2_df": 3, "chi2_threshold": 7.814727903251179, "N_raw": 130, "N_roi": 130, "N_inlier": 128, "refit": true}
{"timestamp": "18:16:19.816329", "frame": 104, "mu": [-0.8519090732908158, 3.2079528237825463, 0.9789058729353275], "Sigma": [[0.01532360418448839, 0.001264443545676047, -0.008061430730659937], [0.0012644435456760465, 0.0030863209164091144, -0.009248978416881931], [-0.008061430730659937, -0.009248978416881931, 0.11792589051490134]], "chi2_level": 0.95, "chi2_df": 3, "chi2_threshold": 7.814727903251179, "N_raw": 99, "N_roi": 99, "N_inlier": 96, "refit": true}
{"timestamp": "18:16:19.871213", "frame": 105, "mu": [-0.9283021380494998, 3.231470970259465, 1.0775779575212452], "Sigma": [[0.017657890108720056, 0.00040795441047065473, 0.0078123844758056695], [0.00040795441047065484, 0.003594207534202234, -0.010042417954893261], [0.007812384475805671, -0.010042417954893261, 0.19252036789338234]], "chi2_level": 0.95, "chi2_df": 3, "chi2_threshold": 7.814727903251179, "N_raw": 106, "N_roi": 103, "N_inlier": 101, "refit": true}
{"timestamp": "18:16:19.923789", "frame": 106, "mu": [-0.9356941669412709, 3.2766258691758092, 1.064645156696215], "Sigma": [[0.015470778826694804, 0.001819400491466971, 0.007922687288939068], [0.001819400491466971, 0.003765550344629597, -0.011044082984152461], [0.007922687288939067, -0.011044082984152463, 0.2751487018766239]], "chi2_level": 0.95, "chi2_df": 3, "chi2_threshold": 7.814727903251179, "N_raw": 82, "N_roi": 82, "N_inlier": 82, "refit": true}
{"timestamp": "18:16:19.976055", "frame": 107, "mu": [-0.966624632592893, 3.3093682159150317, 0.3507213955996872], "Sigma": [[0.01648106765816771, 0.004930454918898739, -0.012082461838409133], [0.004930454918898738, 0.010550431744972114, -0.008841166354098927], [-0.012082461838409133, -0.008841166354098927, 0.0271982302388033]], "chi2_level": 0.95, "chi2_df": 3, "chi2_threshold": 7.814727903251179, "N_raw": 68, "N_roi": 68, "N_inlier": 64, "refit": true}
{"timestamp": "18:16:20.031286", "frame": 108, "mu": [-0.9703294095427295, 3.2827196936605008, 1.3251160224007088], "Sigma": [[0.015360760082415844, 0.0028264181050231996, -0.02197583682427382], [0.0028264181050231987, 0.007690978429196632, -0.0032510112203345404], [-0.02197583682427382, -0.0032510112203345395, 0.1608333592344897]], "chi2_level": 0.95, "chi2_df": 3, "chi2_threshold": 7.814727903251179, "N_raw": 71, "N_roi": 71, "N_inlier": 68, "refit": true}
{"timestamp": "18:16:20.084198", "frame": 109, "mu": [-0.9534962129377489, 3.339817206919583, 1.0295678828961081], "Sigma": [[0.024138190397799648, 0.0015188593236629283, -0.07420553859063059], [0.001518859323662928, 0.0020648240369699924, -0.0070808012356985885], [-0.07420553859063059, -0.0070808012356985885, 0.3249450575081398]], "chi2_level": 0.95, "chi2_df": 3, "chi2_threshold": 7.814727903251179, "N_raw": 55, "N_roi": 55, "N_inlier": 52, "refit": true}
{"timestamp": "18:16:20.136733", "frame": 110, "mu": [-1.058364612745135, 3.3677110561107604, 0.2915445291823987], "Sigma": [[0.011302066740454416, 0.0035560786880545923, -0.006488769623597946], [0.0035560786880545914, 0.005326621237682339, -0.002067498176595191], [-0.006488769623597946, -0.002067498176595191, 0.007177396099003073]], "chi2_level": 0.95, "chi2_df": 3, "chi2_threshold": 7.814727903251179, "N_raw": 38, "N_roi": 38, "N_inlier": 35, "refit": true}
{"timestamp": "18:16:20.196179", "frame": 111, "mu": [-1.038746125057213, 3.514215609307532, 0.07035555447959635], "Sigma": [[0.02160498505820141, 0.015144017499827299, -0.0426187050819142], [0.0151440174998273, 0.018275600941549612, -0.04488016416659487], [-0.0426187050819142, -0.04488016416659487, 0.12011696390495931]], "chi2_level": 0.95, "chi2_df": 3, "chi2_threshold": 7.814727903251179, "N_raw": 69, "N_roi": 67, "N_inlier": 63, "refit": true}
{"timestamp": "18:16:20.251102", "frame": 112, "mu": [-0.9938889560680524, 3.423433216892689, 0.8653134935258585], "Sigma": [[0.02800152167598668, 0.002119732045903686, -0.054078963246103486], [0.002119732045903686, 0.0018128612663813402, -0.005398363734208829], [-0.054078963246103486, -0.005398363734208829, 0.15976191289091898]], "chi2_level": 0.95, "chi2_df": 3, "chi2_threshold": 7.814727903251179, "N_raw": 74, "N_roi": 74, "N_inlier": 71, "refit": true}
{"timestamp": "18:16:20.306987", "frame": 113, "mu": [-1.0960648919937308, 3.435512549222999, 0.9805455755827953], "Sigma": [[0.024698202156062173, 0.0034668495180047525, -0.04090599784921427], [0.0034668495180047525, 0.0036271863044073467, -0.01194835993356408], [-0.040905997849214275, -0.01194835993356408, 0.09428499440062788]], "chi2_level": 0.95, "chi2_df": 3, "chi2_threshold": 7.814727903251179, "N_raw": 78, "N_roi": 77, "N_inlier": 74, "refit": true}
{"timestamp": "18:16:20.363836", "frame": 114, "mu": [-1.1001017720462825, 3.524661911604782, 0.9272911561663386], "Sigma": [[0.02423125080265364, 0.0041510251579363975, -0.042428389610130075], [0.0041510251579363975, 0.0029446111018100194, -0.01568130406455746], [-0.042428389610130075, -0.01568130406455746, 0.12729829442360022]], "chi2_level": 0.95, "chi2_df": 3, "chi2_threshold": 7.814727903251179, "N_raw": 83, "N_roi": 82, "N_inlier": 80, "refit": true}
{"timestamp": "18:16:20.410233", "frame": 115, "mu": [-1.1780315824588645, 3.504365300131768, 0.8933327327851912], "Sigma": [[0.01123606930100928, 0.006359058225133321, -0.011610901960803822], [0.006359058225133321, 0.005771326355481645, -0.010106780485674509], [-0.011610901960803822, -0.010106780485674509, 0.020653949653951273]], "chi2_level": 0.95, "chi2_df": 3, "chi2_threshold": 7.814727903251179, "N_raw": 32, "N_roi": 32, "N_inlier": 30, "refit": true}
{"timestamp": "18:16:20.463256", "frame": 116, "mu": [-1.3368975924692887, 3.502706137008192, 1.1408518940935426], "Sigma": [[0.008075405124844602, 0.001290908791201268, -0.007981492552928729], [0.0012909087912012682, 0.0029389044512770674, -0.0149098276474713], [-0.00798149255292873, -0.0149098276474713, 0.09479750714899575]], "chi2_level": 0.95, "chi2_df": 3, "chi2_threshold": 7.814727903251179, "N_raw": 23, "N_roi": 23, "N_inlier": 20, "refit": true}
{"timestamp": "18:16:20.517602", "frame": 117, "mu": [-1.321685929533022, 3.719742211720632, -0.016910753298870436], "Sigma": [[0.005444992401600968, 0.0002922744366044268, 6.602911483159692e-05], [0.0002922744366044266, 0.02973913987270953, -0.06028693131204855], [6.602911483159649e-05, -0.06028693131204855, 0.1250604566626564]], "chi2_level": 0.95, "chi2_df": 3, "chi2_threshold": 7.814727903251179, "N_raw": 16, "N_roi": 16, "N_inlier": 15, "refit": true}
{"timestamp": "18:16:20.576543", "frame": 118, "mu": [-1.4042390793879673, 3.684024292263066, 0.4633303640155274], "Sigma": [[0.021476672889345915, 0.002369043383035308, -0.008032833172663442], [0.002369043383035308, 0.0030388525565042263, -0.005704893120626619], [-0.008032833172663442, -0.005704893120626619, 0.019714395991100954]], "chi2_level": 0.95, "chi2_df": 3, "chi2_threshold": 7.814727903251179, "N_raw": 42, "N_roi": 41, "N_inlier": 38, "refit": true}
{"timestamp": "18:16:20.630958", "frame": 119, "mu": [-1.443125837204437, 3.7069305800576564, -0.038812615657828946], "Sigma": [[0.01825752413411174, -0.005957878314798397, 0.008228033897431115], [-0.005957878314798396, 0.028587990482871327, -0.046945680569143014], [0.008228033897431113, -0.046945680569143014, 0.07924208108820069]], "chi2_level": 0.95, "chi2_df": 3, "chi2_threshold": 7.814727903251179, "N_raw": 34, "N_roi": 33, "N_inlier": 32, "refit": true}
{"timestamp": "18:16:20.686019", "frame": 120, "mu": [-1.425939062270849, 3.571867294290322, 1.0752813718130192], "Sigma": [[0.015392811004583899, -0.0006900116335642, -0.011062014820346328], [-0.0006900116335641999, 0.0038819759096435625, -0.012212140682132444], [-0.011062014820346328, -0.012212140682132444, 0.11311440943503703]], "chi2_level": 0.95, "chi2_df": 3, "chi2_threshold": 7.814727903251179, "N_raw": 38, "N_roi": 38, "N_inlier": 35, "refit": true}
{"timestamp": "18:16:20.848822", "frame": 123, "mu": [-1.5404723222930925, 3.6003885557542343, 1.1056980035568928], "Sigma": [[0.010694765068988924, 0.0017928432880090445, -0.010430856104939268], [0.0017928432880090445, 0.002978579353465972, -0.0005905833560565908], [-0.010430856104939271, -0.0005905833560565907, 0.01186195443616677]], "chi2_level": 0.95, "chi2_df": 3, "chi2_threshold": 7.814727903251179, "N_raw": 22, "N_roi": 20, "N_inlier": 19, "refit": true}
{"timestamp": "18:16:20.904327", "frame": 124, "mu": [-1.5931916320192654, 3.702127407658339, 1.2055091454670503], "Sigma": [[0.010757665177983511, 0.0021305440149822974, -0.013976996543987479], [0.0021305440149822974, 0.0031146173198067333, -0.004678482651983841], [-0.013976996543987479, -0.004678482651983841, 0.02548120557196347]], "chi2_level": 0.95, "chi2_df": 3, "chi2_threshold": 7.814727903251179, "N_raw": 28, "N_roi": 28, "N_inlier": 27, "refit": true}
{"timestamp": "18:16:20.957782", "frame": 125, "mu": [-1.6498101294586274, 3.661515479701919, 1.0144625090040118], "Sigma": [[0.010086308718722566, 0.0038696704495822685, -0.02261442608783], [0.0038696704495822685, 0.002025820911798681, -0.009131477638417958], [-0.02261442608783, -0.009131477638417958, 0.0765800715215101]], "chi2_level": 0.95, "chi2_df": 3, "chi2_threshold": 7.814727903251179, "N_raw": 14, "N_roi": 14, "N_inlier": 13, "refit": true}
