{"timestamp": "17:21:21.113373", "frame": 20, "mu": [-0.3466877609260107, 0.15023085241861983, 1.078487030876692], "Sigma": [[0.19143593979709042, -0.010496143587287224, 0.0959207217516029], [-0.010496143587287224, 0.0011215512934384445, -0.010883008350506426], [0.09592072175160288, -0.010883008350506426, 0.3288097724467271]], "chi2_level": 0.95, "chi2_df": 3, "chi2_threshold": 7.814727903251179, "N_raw": 16, "N_roi": 16, "N_inlier": 15, "refit": true}
{"timestamp": "17:21:21.170632", "frame": 21, "mu": [-0.42379181913324904, 0.1659809581665736, 1.2876710563737181], "Sigma": [[0.230223435373816, -0.003673488573805066, 0.049248158527128834], [-0.003673488573805066, 0.0019339870848299643, -0.014062797082157264], [0.04924815852712884, -0.014062797082157264, 0.2922478454261534]], "chi2_level": 0.95, "chi2_df": 3, "chi2_threshold": 7.814727903251179, "N_raw": 28, "N_roi": 28, "N_inlier": 27, "refit": true}
{"timestamp": "17:21:21.226109", "frame": 22, "mu": [-0.6733544584541998, 0.19813968628861436, 1.4631707010296064], "Sigma": [[0.006996617407169506, 0.002680817837876645, -0.006818620241330453], [0.002680817837876645, 0.002022607589368589, -0.004609339699310889], [-0.006818620241330453, -0.004609339699310889, 0.014713217191851771]], "chi2_level": 0.95, "chi2_df": 3, "chi2_threshold": 7.814727903251179, "N_raw": 33, "N_roi": 33, "N_inlier": 28, "refit": true}
{"timestamp": "17:21:21.288005", "frame": 23, "mu": [-0.6980004828733869, 0.23698179648482603, 1.5114172940524804], "Sigma": [[0.0037239266462198227, 0.0009227369599363402, -0.00248807981158626], [0.0009227369599363402, 0.0017448235955290518, -0.0007348708092533821], [-0.00248807981158626, -0.0007348708092533817, 0.009978047808202285]], "chi2_level": 0.95, "chi2_df": 3, "chi2_threshold": 7.814727903251179, "N_raw": 44, "N_roi": 44, "N_inlier": 39, "refit": true}
{"timestamp": "17:21:21.339234", "frame": 24, "mu": [-0.7143903049988712, 0.21838578036762538, 1.5084795654909908], "Sigma": [[0.004910497333596267, 0.0030720403695922065, 0.00035320937425403705], [0.0030720403695922065, 0.0032099918579679646, -0.0012538217477724646], [0.00035320937425403716, -0.0012538217477724646, 0.002744449502023137]], "chi2_level": 0.95, "chi2_df": 3, "chi2_threshold": 7.814727903251179, "N_raw": 44, "N_roi": 44, "N_inlier": 38, "refit": true}
{"timestamp": "17:21:21.397144", "frame": 25, "mu": [-0.6098320303139982, 0.3469774919782897, 1.457604595683757], "Sigma": [[0.006483329326316474, 0.0008750260849664863, -0.005480610083736671], [0.0008750260849664862, 0.0007735444454272073, -0.0016352388918053518], [-0.00548061008373667, -0.0016352388918053516, 0.011815859375292018]], "chi2_level": 0.95, "chi2_df": 3, "chi2_threshold": 7.814727903251179, "N_raw": 66, "N_roi": 66, "N_inlier": 62, "refit": true}
{"timestamp": "17:21:21.449429", "frame": 26, "mu": [-0.7446128014278508, 0.3356294585074208, 1.5389811837149243], "Sigma": [[0.004906982335609781, 0.0016466129805793326, -0.0021642192415574626], [0.0016466129805793328, 0.0011424579074883377, -0.001812142100382337], [-0.0021642192415574626, -0.001812142100382337, 0.00495810932273126]], "chi2_level": 0.95, "chi2_df": 3, "chi2_threshold": 7.814727903251179, "N_raw": 38, "N_roi": 38, "N_inlier": 33, "refit": true}
{"timestamp": "17:21:21.504621", "frame": 27, "mu": [-0.7012159703664019, 0.3613540344935955, 1.3876853993131686], "Sigma": [[0.016970416273705737, 0.007842961575353356, -0.022023588516637358], [0.007842961575353356, 0.007744532344956413, -0.033182559937805556], [-0.022023588516637358, -0.033182559937805556, 0.20255441644137792]], "chi2_level": 0.95, "chi2_df": 3, "chi2_threshold": 7.814727903251179, "N_raw": 39, "N_roi": 39, "N_inlier": 36, "refit": true}
{"timestamp": "17:21:21.567446", "frame": 28, "mu": [-0.5966654570378779, 0.4709514152638477, 1.422020315496477], "Sigma": [[0.03062960281985388, 0.005972402020199467, -0.025259194206122517], [0.005972402020199467, 0.002410218465380943, -0.006760796764484661], [-0.025259194206122517, -0.00676079676448466, 0.027581219586723785]], "chi2_level": 0.95, "chi2_df": 3, "chi2_threshold": 7.814727903251179, "N_raw": 101, "N_roi": 101, "N_inlier": 99, "refit": true}
{"timestamp": "17:21:21.621030", "frame": 29, "mu": [-0.4943977152913433, 0.5320239279427765, 1.2727140548922393], "Sigma": [[0.005796546645267255, -0.00044537193448736793, -0.0022238469275243076], [-0.0004453719344873678, 0.0018362290775171487, -0.0030891780217779147], [-0.0022238469275243076, -0.0030891780217779143, 0.008296662169291083]], "chi2_level": 0.95, "chi2_df": 3, "chi2_threshold": 7.814727903251179, "N_raw": 84, "N_roi": 84, "N_inlier": 73, "refit": true}
{"timestamp": "17:21:21.672529", "frame": 30, "mu": [-0.46705658592501487, 0.5802289106884042, 1.274873374523988], "Sigma": [[0.0018239275740221795, 0.0004265505934624459, -0.0012790365512842581], [0.0004265505934624459, 0.0014463222275799413, -0.0029386836358629657], [-0.0012790365512842581, -0.0029386836358629657, 0.006963370391507577]], "chi2_level": 0.95, "chi2_df": 3, "chi2_threshold": 7.814727903251179, "N_raw": 60, "N_roi": 60, "N_inlier": 59, "refit": true}
{"timestamp": "17:21:21.720939", "frame": 31, "mu": [-0.7000406404652721, 0.5896683710590357, 1.468894194895065], "Sigma": [[0.02786810190488554, 0.011212963789859623, -0.03855311789257446], [0.011212963789859623, 0.006907234135750563, -0.017931876287947672], [-0.03855311789257446, -0.017931876287947672, 0.066758715633153]], "chi2_level": 0.95, "chi2_df": 3, "chi2_threshold": 7.814727903251179, "N_raw": 17, "N_roi": 17, "N_inlier": 16, "refit": true}
{"timestamp": "17:21:21.836886", "frame": 33, "mu": [-0.6935621124470397, 0.6357723667859748, 1.4085677153654612], "Sigma": [[0.04881328543227475, 0.011032179710511743, -0.044320655131857956], [0.011032179710511743, 0.004703961349806413, -0.012602551370085582], [-0.044320655131857956, -0.012602551370085584, 0.04571666270549977]], "chi2_level": 0.95, "chi2_df": 3, "chi2_threshold": 7.814727903251179, "N_raw": 54, "N_roi": 54, "N_inlier": 51, "refit": true}
{"timestamp": "17:21:21.890665", "frame": 34, "mu": [-0.5552037083907742, 0.75103046176717, 1.1716048662057068], "Sigma": [[0.0017746459213621691, -5.054719890782073e-05, -0.002679867028814905], [-5.0547198907820704e-05, 0.0008343810675820622, -0.002635079685633331], [-0.002679867028814905, -0.002635079685633331, 0.019396640963021676]], "chi2_level": 0.95, "chi2_df": 3, "chi2_threshold": 7.814727903251179, "N_raw": 50, "N_roi": 50, "N_inlier": 49, "refit": true}
{"timestamp": "17:21:21.948649", "frame": 35, "mu": [-0.8091671097072839, 0.7043502010454002, 1.4197422317048554], "Sigma": [[0.044559808764482144, 0.016551974134845732, -0.05606823393324141], [0.016551974134845732, 0.008093215522196473, -0.02346202820665269], [-0.056068233933241424, -0.02346202820665269, 0.0800950602645612]], "chi2_level": 0.95, "chi2_df": 3, "chi2_threshold": 7.814727903251179, "N_raw": 45, "N_roi": 45, "N_inlier": 43, "refit": true}
{"timestamp": "17:21:21.997930", "frame": 36, "mu": [-0.5433298344906426, 0.8132767918297271, 1.2078634757128566], "Sigma": [[0.0016216612217035483, -0.00010499409017301518, -4.3676005034060605e-05], [-0.00010499409017301519, 0.0004275093576906616, -0.0009385396769365526], [-4.3676005034060605e-05, -0.0009385396769365526, 0.0036257164885936943]], "chi2_level": 0.95, "chi2_df": 3, "chi2_threshold": 7.814727903251179, "N_raw": 29, "N_roi": 29, "N_inlier": 27, "refit": true}
{"timestamp": "17:21:22.052222", "frame": 37, "mu": [-0.8033317428046012, 0.8031892899834141, 1.4457630052617625], "Sigma": [[0.06158996704899533, 0.013051340679505861, -0.0612397693327819], [0.013051340679505861, 0.006816668714153294, -0.021072239129948184], [-0.06123976933278189, -0.021072239129948184, 0.09878322695333916]], "chi2_level": 0.95, "chi2_df": 3, "chi2_threshold": 7.814727903251179, "N_raw": 29, "N_roi": 29, "N_inlier": 27, "refit": true}
{"timestamp": "17:21:22.111635", "frame": 38, "mu": [-0.576830070251092, 0.8960185622933434, 1.262282526179304], "Sigma": [[0.0028042084200119504, -0.000816672569371868, -8.147728897264078e-05], [-0.0008166725693718681, 0.0026252609608994172, -0.0023692454590671596], [-8.147728897264084e-05, -0.0023692454590671596, 0.003144363406073223]], "chi2_level": 0.95, "chi2_df": 3, "chi2_threshold": 7.814727903251179, "N_raw": 54, "N_roi": 54, "N_inlier": 50, "refit": true}
{"timestamp": "17:21:22.165028", "frame": 39, "mu": [-0.5617883692333732, 0.9465085692506559, 1.0776537016003571], "Sigma": [[0.002847646950604464, 0.0005191638578692424, -0.005440421773975173], [0.0005191638578692426, 0.0018623138436128994, -0.00647704719006021], [-0.005440421773975173, -0.00647704719006021, 0.03806245816610122]], "chi2_level": 0.95, "chi2_df": 3, "chi2_threshold": 7.814727903251179, "N_raw": 38, "N_roi": 37, "N_inlier": 32, "refit": true}
{"timestamp": "17:21:22.225721", "frame": 40, "mu": [-0.6615232330864375, 1.1732980450108066, -0.38004044877110243], "Sigma": [[0.005454268068874778, -0.002971378252072206, -0.002390972422465907], [-0.002971378252072206, 0.005338355511615384, -0.001054928282641021], [-0.002390972422465907, -0.001054928282641021, 0.0050355398404186786]], "chi2_level": 0.95, "chi2_df": 3, "chi2_threshold": 7.814727903251179, "N_raw": 72, "N_roi": 72, "N_inlier": 62, "refit": true}
{"timestamp": "17:21:22.279205", "frame": 41, "mu": [-0.6712600593330689, 1.0947942127248935, -0.6821653907775944], "Sigma": [[0.004900910406377072, -0.0026689074088976734, 0.0011055831264948006], [-0.002668907408897674, 0.004822172919625381, -0.0020635224312303703], [0.0011055831264948006, -0.0020635224312303703, 0.003834500930421464]], "chi2_level": 0.95, "chi2_df": 3, "chi2_threshold": 7.814727903251179, "N_raw": 67, "N_roi": 67, "N_inlier": 56, "refit": true}
{"timestamp": "17:21:22.327908", "frame": 42, "mu": [-0.5872004461334462, 1.1304659012136296, 1.315375251425143], "Sigma": [[0.0023169750568071325, -0.002018110625854777, -0.000916852686267899], [-0.002018110625854777, 0.004541968890000804, -0.0004178387157484619], [-0.000916852686267899, -0.0004178387157484619, 0.0012649293617432015]], "chi2_level": 0.95, "chi2_df": 3, "chi2_threshold": 7.814727903251179, "N_raw": 29, "N_roi": 29, "N_inlier": 28, "refit": true}
{"timestamp": "17:21:22.391463", "frame": 43, "mu": [-0.6444900540886991, 1.3136247193613961, -0.41237172594569893], "Sigma": [[0.007393724284394562, -0.0020916660475262068, -0.0018454561067788693], [-0.0020916660475262068, 0.005649766204437747, -0.0012808215205294955], [-0.0018454561067788693, -0.0012808215205294955, 0.001563023604880238]], "chi2_level": 0.95, "chi2_df": 3, "chi2_threshold": 7.814727903251179, "N_raw": 84, "N_roi": 84, "N_inlier": 75, "refit": true}
{"timestamp": "17:21:22.444973", "frame": 44, "mu": [-0.7074309797584083, 1.399296758897624, -0.3271901499853318], "Sigma": [[0.00812178265115593, -0.0032228818474193638, -0.0022235008530360973], [-0.0032228818474193633, 0.005223280000623439, -0.002232404812944821], [-0.0022235008530360977, -0.002232404812944821, 0.00820081873450726]], "chi2_level": 0.95, "chi2_df": 3, "chi2_threshold": 7.814727903251179, "N_raw": 79, "N_roi": 79, "N_inlier": 72, "refit": true}
{"timestamp": "17:21:22.500601", "frame": 45, "mu": [-0.6501565577976742, 1.3080795457013117, 1.1751116550238412], "Sigma": [[0.006140046450432577, -0.0003200649587699021, -0.0037023322389086472], [-0.0003200649587699021, 0.0012484719010301922, -0.0016940802465143054], [-0.0037023322389086477, -0.0016940802465143056, 0.030352262280571383]], "chi2_level": 0.95, "chi2_df": 3, "chi2_threshold": 7.814727903251179, "N_raw": 85, "N_roi": 85, "N_inlier": 82, "refit": true}
{"timestamp": "17:21:22.559966", "frame": 46, "mu": [-0.6313698161589374, 1.344769352219486, 1.09766146899056], "Sigma": [[0.009524649233334778, 0.0004826438167290754, 0.011877971472151999], [0.0004826438167290754, 0.003558504919470343, 0.0027756930121982004], [0.011877971472151999, 0.0027756930121982004, 0.06193038534711465]], "chi2_level": 0.95, "chi2_df": 3, "chi2_threshold": 7.814727903251179, "N_raw": 99, "N_roi": 99, "N_inlier": 92, "refit": true}
{"timestamp": "17:21:22.616129", "frame": 47, "mu": [-0.712901186892922, 1.4185594190003983, 1.0841409883648176], "Sigma": [[0.010583616246690235, 0.0005610077386375507, 0.027242279234388676], [0.0005610077386375507, 0.006736121984762017, 0.006262512867115576], [0.027242279234388673, 0.006262512867115575, 0.1694104416070755]], "chi2_level": 0.95, "chi2_df": 3, "chi2_threshold": 7.814727903251179, "N_raw": 113, "N_roi": 113, "N_inlier": 108, "refit": true}
{"timestamp": "17:21:22.671232", "frame": 48, "mu": [-0.6583864955607048, 1.4777236931469973, 0.9578512277854732], "Sigma": [[0.014751222331523409, -0.0003481101978347755, 0.04634044883067147], [-0.00034811019783477525, 0.0038820150516875934, -0.009934601770526222], [0.04634044883067147, -0.009934601770526224, 0.2557025099715263]], "chi2_level": 0.95, "chi2_df": 3, "chi2_threshold": 7.814727903251179, "N_raw": 107, "N_roi": 107, "N_inlier": 104, "refit": true}
{"timestamp": "17:21:22.731082", "frame": 49, "mu": [-0.6774960386599924, 1.5844758417713842, 0.8721495252475682], "Sigma": [[0.018627802388991928, -0.0034621455755638386, 0.04906418102894604], [-0.0034621455755638386, 0.006296269924985324, -0.009527356139787117], [0.04906418102894604, -0.009527356139787117, 0.33160270147876275]], "chi2_level": 0.95, "chi2_df": 3, "chi2_threshold": 7.814727903251179, "N_raw": 150, "N_roi": 150, "N_inlier": 143, "refit": true}
{"timestamp": "17:21:22.780705", "frame": 50, "mu": [-0.6464295901853461, 1.6077557843539876, 1.0346196174924962], "Sigma": [[0.016854811602488265, -0.0054636217700138184, 0.02053756390062121], [-0.0054636217700138184, 0.004673638031070955, -0.013343494039598319], [0.02053756390062121, -0.013343494039598319, 0.10731741179590065]], "chi2_level": 0.95, "chi2_df": 3, "chi2_threshold": 7.814727903251179, "N_raw": 107, "N_roi": 107, "N_inlier": 102, "refit": true}
{"timestamp": "17:21:22.830919", "frame": 51, "mu": [-0.6393256274115575, 1.6437184402042606, 1.1662109469883128], "Sigma": [[0.00798178541030496, 0.00035167977962347947, -0.0013225420024498944], [0.0003516797796234795, 0.0026076993681293324, -0.0013809113566137887], [-0.0013225420024498944, -0.0013809113566137885, 0.0228031633020956]], "chi2_level": 0.95, "chi2_df": 3, "chi2_threshold": 7.814727903251179, "N_raw": 84, "N_roi": 84, "N_inlier": 77, "refit": true}
{"timestamp": "17:21:22.892182", "frame": 52, "mu": [-0.695589306147883, 1.7002198817871477, 0.907002220816226], "Sigma": [[0.011821788022490749, 0.00027005116439970483, 0.031035553495788553], [0.00027005116439970516, 0.00840007494783354, 0.00658764517962357], [0.031035553495788553, 0.006587645179623569, 0.33654799034200084]], "chi2_level": 0.95, "chi2_df": 3, "chi2_threshold": 7.814727903251179, "N_raw": 126, "N_roi": 126, "N_inlier": 121, "refit": true}
{"timestamp": "17:21:22.944217", "frame": 53, "mu": [-0.6814197760575159, 1.7828998573464578, 1.2544870900790628], "Sigma": [[0.009651672458455782, -0.0015356841408439208, -0.002926640540436799], [-0.0015356841408439208, 0.007639127034725538, -0.0021038923625214287], [-0.002926640540436799, -0.0021038923625214287, 0.020038410977901863]], "chi2_level": 0.95, "chi2_df": 3, "chi2_threshold": 7.814727903251179, "N_raw": 96, "N_roi": 96, "N_inlier": 91, "refit": true}
{"timestamp": "17:21:23.005397", "frame": 54, "mu": [-0.7100789228406161, 1.8228387748831796, 0.9715709857429373], "Sigma": [[0.013138779772290327, 3.468550004009856e-05, 0.025300057152471474], [3.468550004009856e-05, 0.0027361419141876753, -0.001002464213304819], [0.025300057152471474, -0.0010024642133048187, 0.2445815423031827]], "chi2_level": 0.95, "chi2_df": 3, "chi2_threshold": 7.814727903251179, "N_raw": 114, "N_roi": 114, "N_inlier": 113, "refit": true}
{"timestamp": "17:21:23.062380", "frame": 55, "mu": [-0.7420617869448397, 1.8370761680096552, 0.6683488162957166], "Sigma": [[0.028585548550502573, -5.055145767900854e-05, 0.06098137678006379], [-5.055145767900854e-05, 0.004648538070360689, 0.006073860577135896], [0.06098137678006379, 0.006073860577135896, 0.32442379908007396]], "chi2_level": 0.95, "chi2_df": 3, "chi2_threshold": 7.814727903251179, "N_raw": 150, "N_roi": 150, "N_inlier": 145, "refit": true}
{"timestamp": "17:21:23.116113", "frame": 56, "mu": [-0.7277168167556808, 1.8705658304610464, 0.6341493928521955], "Sigma": [[0.022141181235612022, -0.0073415395755404055, 0.034596822743488485], [-0.007341539575540407, 0.01727620555507445, 0.016292858763445946], [0.03459682274348848, 0.016292858763445946, 0.33013860826769365]], "chi2_level": 0.95, "chi2_df": 3, "chi2_threshold": 7.814727903251179, "N_raw": 145, "N_roi": 145, "N_inlier": 144, "refit": true}
{"timestamp": "17:21:23.165910", "frame": 57, "mu": [-0.7088179713215792, 1.9453545849031717, 1.011822173256538], "Sigma": [[0.010798027898614709, -0.004708611921328433, -0.01580762932588225], [-0.004708611921328433, 0.0248552466529113, 0.05461670085676235], [-0.01580762932588225, 0.05461670085676235, 0.18952381186753564]], "chi2_level": 0.95, "chi2_df": 3, "chi2_threshold": 7.814727903251179, "N_raw": 110, "N_roi": 110, "N_inlier": 106, "refit": true}
{"timestamp": "17:21:23.226373", "frame": 58, "mu": [-0.7797524588085634, 2.0503573730494393, 0.7311234693414208], "Sigma": [[0.020499669075904666, 3.559426344027948e-05, 0.04165733412720604], [3.55942634402795e-05, 0.005502032476308647, 0.006364809246850758], [0.04165733412720605, 0.006364809246850759, 0.3369369286872645]], "chi2_level": 0.95, "chi2_df": 3, "chi2_threshold": 7.814727903251179, "N_raw": 150, "N_roi": 150, "N_inlier": 147, "refit": true}
{"timestamp": "17:21:23.274873", "frame": 59, "mu": [-0.7373766391047857, 2.2402989158615347, -0.10728049205126854], "Sigma": [[0.00896810318329482, -0.008119299800237203, 0.045277227993182935], [-0.008119299800237205, 0.01823843796606308, -0.07292611135203343], [0.04527722799318294, -0.07292611135203343, 0.44150351141092964]], "chi2_level": 0.95, "chi2_df": 3, "chi2_threshold": 7.814727903251179, "N_raw": 105, "N_roi": 105, "N_inlier": 102, "refit": true}
{"timestamp": "17:21:23.330527", "frame": 60, "mu": [-0.7309651726164706, 2.359243418640701, -0.544650705962046], "Sigma": [[0.009212962056101403, -0.002131391209171997, 0.00752648242734723], [-0.002131391209171997, 0.016563302957479906, -0.059571144665648855], [0.007526482427347229, -0.059571144665648855, 0.3087015847757583]], "chi2_level": 0.95, "chi2_df": 3, "chi2_threshold": 7.814727903251179, "N_raw": 111, "N_roi": 111, "N_inlier": 105, "refit": true}
{"timestamp": "17:21:23.386377", "frame": 61, "mu": [-0.7804015838613967, 2.216418244139678, 0.9199451552231813], "Sigma": [[0.012560977036498772, -0.0019269286121399414, 0.008860168318262428], [-0.0019269286121399412, 0.0059962040787386265, -0.021387617946570122], [0.008860168318262428, -0.021387617946570122, 0.15346586061862896]], "chi2_level": 0.95, "chi2_df": 3, "chi2_threshold": 7.814727903251179, "N_raw": 114, "N_roi": 114, "N_inlier": 109, "refit": true}
{"timestamp": "17:21:23.442374", "frame": 62, "mu": [-0.7792088797977758, 2.2952169292096474, -0.22314404373303365], "Sigma": [[0.01334401714560964, 0.001197100163413956, 0.0891411159311089], [0.0011971001634139562, 0.0090594356052246, 0.008328626450277923], [0.0891411159311089, 0.008328626450277923, 0.7864672478110485]], "chi2_level": 0.95, "chi2_df": 3, "chi2_threshold": 7.814727903251179, "N_raw": 122, "N_roi": 122, "N_inlier": 116, "refit": true}
{"timestamp": "17:21:23.494831", "frame": 63, "mu": [-0.7948250813211495, 2.273472238839151, 1.1111967132940637], "Sigma": [[0.01707625320079274, 0.0006644305461662139, 0.009240069762919413], [0.0006644305461662137, 0.0032354853781424806, -0.002516204762799489], [0.009240069762919412, -0.002516204762799489, 0.03705830947239709]], "chi2_level": 0.95, "chi2_df": 3, "chi2_threshold": 7.814727903251179, "N_raw": 102, "N_roi": 102, "N_inlier": 96, "refit": true}
{"timestamp": "17:21:23.550184", "frame": 64, "mu": [-0.825574483478501, 2.3611837741526855, 0.9180943184923075], "Sigma": [[0.015950357803424523, 0.0007773685206420737, 0.02263262395922598], [0.0007773685206420738, 0.0037144081610434427, 0.007031104881882793], [0.02263262395922598, 0.007031104881882793, 0.3209425255603515]], "chi2_level": 0.95, "chi2_df": 3, "chi2_threshold": 7.814727903251179, "N_raw": 108, "N_roi": 108, "N_inlier": 107, "refit": true}
{"timestamp": "17:21:23.604118", "frame": 65, "mu": [-0.84104888284749, 2.4329646828137297, 1.2187337884241787], "Sigma": [[0.017719951802288376, -0.001185935608975069, 0.004213675897256625], [-0.0011859356089750689, 0.005494480068087271, -0.002096116088629146], [0.004213675897256625, -0.002096116088629146, 0.029409489916697]], "chi2_level": 0.95, "chi2_df": 3, "chi2_threshold": 7.814727903251179, "N_raw": 98, "N_roi": 97, "N_inlier": 93, "refit": true}
{"timestamp": "17:21:23.665062", "frame": 66, "mu": [-0.8720426821211271, 2.388356871713885, 0.5419839210005208], "Sigma": [[0.017338909995332687, 0.007452172173020494, 0.014845149829591602], [0.007452172173020493, 0.09681901632688088, 0.11345332271329076], [0.014845149829591602, 0.11345332271329076, 0.47846437400289]], "chi2_level": 0.95, "chi2_df": 3, "chi2_threshold": 7.814727903251179, "N_raw": 138, "N_roi": 136, "N_inlier": 128, "refit": true}
{"timestamp": "17:21:23.720677", "frame": 67, "mu": [-0.8342421366902748, 2.4211337569055087, -0.23355967980934297], "Sigma": [[0.017392486108992522, 0.02033542547083164, 0.11886051286828421], [0.020335425470831635, 0.23566478890784706, 0.2615368799379826], [0.11886051286828422, 0.2615368799379825, 1.1823068370357375]], "chi2_level": 0.95, "chi2_df": 3, "chi2_threshold": 7.814727903251179, "N_raw": 148, "N_roi": 146, "N_inlier": 136, "refit": true}
{"timestamp": "17:21:23.773681", "frame": 68, "mu": [-0.9172231530471497, 2.530192644374697, 0.48337788230314305], "Sigma": [[0.019952174146193352, 0.011128207042940813, 0.022155168889887916], [0.011128207042940812, 0.025190111723096542, 0.04737839638392719], [0.022155168889887916, 0.047378396383927185, 0.31551686861015327]], "chi2_level": 0.95, "chi2_df": 3, "chi2_threshold": 7.814727903251179, "N_raw": 132, "N_roi": 132, "N_inlier": 132, "refit": true}
{"timestamp": "17:21:23.817913", "frame": 69, "mu": [-0.8712365479598642, 2.7166767005492902, -0.9051489048966069], "Sigma": [[0.006512836648827261, 0.00011494921697778018, 0.002163269012431461], [0.0001149492169777804, 0.008417809614211525, -0.00545700981920854], [0.002163269012431461, -0.005457009819208542, 0.09543393095972685]], "chi2_level": 0.95, "chi2_df": 3, "chi2_threshold": 7.814727903251179, "N_raw": 59, "N_roi": 59, "N_inlier": 55, "refit": true}
{"timestamp": "17:21:23.873584", "frame": 70, "mu": [-0.800165119586527, 2.7728771635687983, 1.2849883336266494], "Sigma": [[0.01270606826191554, -0.0011762079714051654, -0.004626458181048714], [-0.0011762079714051656, 0.00420088474645058, -0.004373974606924515], [-0.0046264581810487124, -0.004373974606924515, 0.04612799108788386]], "chi2_level": 0.95, "chi2_df": 3, "chi2_threshold": 7.814727903251179, "N_raw": 72, "N_roi": 72, "N_inlier": 67, "refit": true}
{"timestamp": "17:21:23.930262", "frame": 71, "mu": [-0.8072690120916521, 2.8333128343425558, 1.2541089077118246], "Sigma": [[0.012709819773113432, -0.0010182876313684717, -0.0031123998253372413], [-0.0010182876313684715, 0.004555183967767798, -0.008186641328993544], [-0.0031123998253372405, -0.008186641328993546, 0.0605561558727377]], "chi2_level": 0.95, "chi2_df": 3, "chi2_threshold": 7.814727903251179, "N_raw": 73, "N_roi": 73, "N_inlier": 68, "refit": true}
{"timestamp": "17:21:23.989670", "frame": 72, "mu": [-0.8682659528674787, 2.855950552714456, 0.6244873210026392], "Sigma": [[0.03088482884863361, 0.0001515868071904089, 0.06074127329585454], [0.0001515868071904089, 0.002846608679257741, 0.0036332581325728237], [0.06074127329585454, 0.0036332581325728233, 0.3934090429249842]], "chi2_level": 0.95, "chi2_df": 3, "chi2_threshold": 7.814727903251179, "N_raw": 110, "N_roi": 110, "N_inlier": 109, "refit": true}
{"timestamp": "17:21:24.046840", "frame": 73, "mu": [-0.8987555382685364, 2.9860491554479838, 0.6584307414046806], "Sigma": [[0.03063638102038692, -0.006622783896900884, 0.039594881714138414], [-0.006622783896900884, 0.00600455309114873, -0.034634672146248914], [0.039594881714138414, -0.03463467214624891, 0.27038310367578533]], "chi2_level": 0.95, "chi2_df": 3, "chi2_threshold": 7.814727903251179, "N_raw": 125, "N_roi": 125, "N_inlier": 124, "refit": true}
{"timestamp": "17:21:24.100836", "frame": 74, "mu": [-0.8666940784972484, 2.9666584899294524, 0.575263776381192], "Sigma": [[0.023712096759317403, -0.0045728491881964605, 0.03126335437062561], [-0.0045728491881964605, 0.009167280396605202, -0.006408452295716886], [0.03126335437062561, -0.006408452295716884, 0.4410868229799686]], "chi2_level": 0.95, "chi2_df": 3, "chi2_threshold": 7.814727903251179, "N_raw": 115, "N_roi": 114, "N_inlier": 114, "refit": true}
{"timestamp": "17:21:24.152397", "frame": 75, "mu": [-0.8003702456444238, 3.1169845437869372, -0.5802871922614304], "Sigma": [[0.013920989293634669, 7.944012539414349e-05, 0.03454770879837263], [7.944012539414349e-05, 0.03599722354522143, -0.05582005282046459], [0.03454770879837263, -0.05582005282046458, 0.2843566342684412]], "chi2_level": 0.95, "chi2_df": 3, "chi2_threshold": 7.814727903251179, "N_raw": 90, "N_roi": 88, "N_inlier": 85, "refit": true}
{"timestamp": "17:21:24.207858", "frame": 76, "mu": [-0.8198211165696399, 3.0298525747553806, 0.7499500789384507], "Sigma": [[0.015537216694947882, -0.00023625379338574972, -0.008708011778424592], [-0.00023625379338574972, 0.005718780947285181, 0.01928102626931008], [-0.008708011778424592, 0.019281026269310077, 0.24078396224725399]], "chi2_level": 0.95, "chi2_df": 3, "chi2_threshold": 7.814727903251179, "N_raw": 97, "N_roi": 97, "N_inlier": 87, "refit": true}
{"timestamp": "17:21:24.259432", "frame": 77, "mu": [-0.8388690840509817, 3.142547707796655, 1.0296549618439768], "Sigma": [[0.013840491227279436, -0.001569638810520109, -0.02029104495633801], [-0.0015696388105201089, 0.004051261313994079, 0.0108308474299252], [-0.020291044956338006, 0.010830847429925199, 0.16367737550426334]], "chi2_level": 0.95, "chi2_df": 3, "chi2_threshold": 7.814727903251179, "N_raw": 67, "N_roi": 67, "N_inlier": 64, "refit": true}
{"timestamp": "17:21:24.314291", "frame": 78, "mu": [-0.9161877141110971, 3.2104471847298117, 1.2804029182535006], "Sigma": [[0.011615068669710068, 0.000535413631806277, -0.0109362972977001], [0.0005354136318062771, 0.005154725350656868, -0.0068306831987380145], [-0.0109362972977001, -0.0068306831987380145, 0.04424532699914122]], "chi2_level": 0.95, "chi2_df": 3, "chi2_threshold": 7.814727903251179, "N_raw": 65, "N_roi": 63, "N_inlier": 60, "refit": true}
{"timestamp": "17:21:24.376557", "frame": 79, "mu": [-0.9455199482098522, 3.542058778572161, -0.49448563504278054], "Sigma": [[0.024684256194373755, -0.005774312277837393, 0.03096038731225132], [-0.005774312277837393, 0.0296551696879176, -0.08641818627928882], [0.03096038731225132, -0.08641818627928882, 0.3164840533098207]], "chi2_level": 0.95, "chi2_df": 3, "chi2_threshold": 7.814727903251179, "N_raw": 116, "N_roi": 112, "N_inlier": 110, "refit": true}
{"timestamp": "17:21:24.428333", "frame": 80, "mu": [-0.9743792389709907, 3.3541288622054504, 0.5808167003021901], "Sigma": [[0.019536871242492156, 0.003581890680733932, 0.02993549402282584], [0.003581890680733932, 0.0039003576719638046, 0.007648463994599812], [0.02993549402282584, 0.007648463994599814, 0.4724712436328747]], "chi2_level": 0.95, "chi2_df": 3, "chi2_threshold": 7.814727903251179, "N_raw": 95, "N_roi": 92, "N_inlier": 90, "refit": true}
{"timestamp": "17:21:24.477838", "frame": 81, "mu": [-0.9097759422441921, 3.398629389445582, 0.9213512745714291], "Sigma": [[0.017393644632363633, 0.0011034222766245333, 0.004109175342469755], [0.0011034222766245333, 0.0025136416834508823, 0.000490413739115696], [0.004109175342469756, 0.000490413739115696, 0.24629667239779293]], "chi2_level": 0.95, "chi2_df": 3, "chi2_threshold": 7.814727903251179, "N_raw": 66, "N_roi": 66, "N_inlier": 65, "refit": true}
{"timestamp": "17:21:24.537840", "frame": 82, "mu": [-0.9636992843932775, 3.4478019311222594, 0.7209192184361547], "Sigma": [[0.020963540675123953, -0.0004047786255841359, 0.02310173468044604], [-0.000404778625584136, 0.003289902699634424, -0.013161604155225968], [0.02310173468044604, -0.013161604155225968, 0.3356947212907091]], "chi2_level": 0.95, "chi2_df": 3, "chi2_threshold": 7.814727903251179, "N_raw": 100, "N_roi": 100, "N_inlier": 95, "refit": true}
{"timestamp": "17:21:24.592839", "frame": 83, "mu": [-0.9940598879922075, 3.49522527712371, 0.7728409328320399], "Sigma": [[0.019032303171041376, -0.00019020922118531555, 0.004016004846896893], [-0.00019020922118531555, 0.005451793955420468, -0.017311823284470222], [0.004016004846896894, -0.01731182328447022, 0.16601180864369136]], "chi2_level": 0.95, "chi2_df": 3, "chi2_threshold": 7.814727903251179, "N_raw": 98, "N_roi": 98, "N_inlier": 94, "refit": true}
{"timestamp": "17:21:24.644848", "frame": 84, "mu": [-0.9896428077737169, 3.569263822819141, 0.9082967313935619], "Sigma": [[0.01793655871315253, 0.00039790718760176574, 0.0036811335289345915], [0.00039790718760176585, 0.008599113229213385, -0.027590302571935454], [0.0036811335289345915, -0.027590302571935454, 0.10631544539818691]], "chi2_level": 0.95, "chi2_df": 3, "chi2_threshold": 7.814727903251179, "N_raw": 79, "N_roi": 79, "N_inlier": 76, "refit": true}
{"timestamp": "17:21:24.694566", "frame": 85, "mu": [-0.9558538768460388, 3.776719681934478, -0.06903177781562564], "Sigma": [[0.00948131083624475, 0.0072342696164449756, -0.012440154354256609], [0.0072342696164449756, 0.03680347903924927, -0.06480242220627189], [-0.01244015435425661, -0.06480242220627189, 0.1176214476119955]], "chi2_level": 0.95, "chi2_df": 3, "chi2_threshold": 7.814727903251179, "N_raw": 43, "N_roi": 43, "N_inlier": 41, "refit": true}
{"timestamp": "17:21:24.753857", "frame": 86, "mu": [-0.9296068874802867, 3.635135468102153, 1.1605068918724715], "Sigma": [[0.01954346282425089, 0.0033471131631864558, -0.003862830597474806], [0.0033471131631864558, 0.0054348600057362, -0.0077469195097179784], [-0.003862830597474807, -0.0077469195097179784, 0.01372870396480503]], "chi2_level": 0.95, "chi2_df": 3, "chi2_threshold": 7.814727903251179, "N_raw": 69, "N_roi": 69, "N_inlier": 66, "refit": true}
{"timestamp": "17:21:24.809306", "frame": 87, "mu": [-0.9756851272535225, 3.6877192922023037, 1.1508401350469217], "Sigma": [[0.020053064004228443, 0.0024029528306820517, -0.012907586387467317], [0.0024029528306820517, 0.005013117587314437, -0.008475766674078362], [-0.012907586387467317, -0.008475766674078363, 0.02254581051825142]], "chi2_level": 0.95, "chi2_df": 3, "chi2_threshold": 7.814727903251179, "N_raw": 69, "N_roi": 69, "N_inlier": 66, "refit": true}
{"timestamp": "17:21:24.862805", "frame": 88, "mu": [-1.037001014820909, 3.7721708913791714, 1.0877875355114712], "Sigma": [[0.019524077762325225, 0.0027120542571091987, -0.002088714380130727], [0.0027120542571091983, 0.0018552467468372876, 0.0017604827233632231], [-0.0020887143801307274, 0.001760482723363223, 0.10661966212877529]], "chi2_level": 0.95, "chi2_df": 3, "chi2_threshold": 7.814727903251179, "N_raw": 62, "N_roi": 62, "N_inlier": 60, "refit": true}
{"timestamp": "17:21:24.917987", "frame": 89, "mu": [-0.9675960641708439, 3.8342913229388573, 1.152832903541328], "Sigma": [[0.02359402554802318, 0.002463969673896801, -0.001258752348870543], [0.0024639696738968015, 0.003246486202528581, -0.0049291022595642844], [-0.0012587523488705433, -0.0049291022595642844, 0.030960683024806545]], "chi2_level": 0.95, "chi2_df": 3, "chi2_threshold": 7.814727903251179, "N_raw": 65, "N_roi": 65, "N_inlier": 63, "refit": true}
{"timestamp": "17:21:24.973318", "frame": 90, "mu": [-1.0171289592872794, 3.8583548377013632, 1.0686687644152564], "Sigma": [[0.0230211715670115, 0.0023381467422189254, -0.007605066543976915], [0.0023381467422189254, 0.0019628117290244255, -0.0037160148633585844], [-0.007605066543976916, -0.0037160148633585835, 0.08946234300327822]], "chi2_level": 0.95, "chi2_df": 3, "chi2_threshold": 7.814727903251179, "N_raw": 71, "N_roi": 71, "N_inlier": 68, "refit": true}
{"timestamp": "17:21:25.028102", "frame": 91, "mu": [-0.9808016391433563, 3.941893370217555, 0.9621687002609978], "Sigma": [[0.024836597976397194, 0.00135700915021301, -0.011985844251624252], [0.0013570091502130102, 0.00456053636605888, -0.002650047588295029], [-0.011985844251624248, -0.002650047588295029, 0.008090733843789971]], "chi2_level": 0.95, "chi2_df": 3, "chi2_threshold": 7.814727903251179, "N_raw": 65, "N_roi": 65, "N_inlier": 54, "refit": true}
{"timestamp": "17:21:25.084940", "frame": 92, "mu": [-0.9813080688921221, 3.9742146946367343, 1.2089982016487195], "Sigma": [[0.02667712124489611, 0.002311424987121901, -0.010879267468719797], [0.002311424987121901, 0.005384126445996913, -0.007207973490225335], [-0.010879267468719797, -0.007207973490225335, 0.013970410346140398]], "chi2_level": 0.95, "chi2_df": 3, "chi2_threshold": 7.814727903251179, "N_raw": 73, "N_roi": 73, "N_inlier": 69, "refit": true}
{"timestamp": "17:21:25.138952", "frame": 93, "mu": [-0.9608332120316447, 4.015231439463312, 1.0635130406493785], "Sigma": [[0.027437651086918504, 0.0026908261908489507, -0.01098269038386672], [0.0026908261908489507, 0.005328038965171589, -0.006136380391279362], [-0.01098269038386672, -0.006136380391279362, 0.013700102247138654]], "chi2_level": 0.95, "chi2_df": 3, "chi2_threshold": 7.814727903251179, "N_raw": 72, "N_roi": 72, "N_inlier": 68, "refit": true}
{"timestamp": "17:21:25.190163", "frame": 94, "mu": [-0.9183350081724202, 4.082493318802348, 1.0236727227197004], "Sigma": [[0.013358534627459177, 0.001590314638230165, -0.016342932588496634], [0.0015903146382301651, 0.0031664045150542426, -0.016725817813046842], [-0.01634293258849663, -0.016725817813046842, 0.12001395445315127]], "chi2_level": 0.95, "chi2_df": 3, "chi2_threshold": 7.814727903251179, "N_raw": 42, "N_roi": 42, "N_inlier": 41, "refit": true}
{"timestamp": "17:21:25.252334", "frame": 95, "mu": [-1.0379444555068786, 4.212408642630005, 0.8356412001467028], "Sigma": [[0.025671657942783362, -0.0038194979894329334, -0.0016955330879948735], [-0.0038194979894329334, 0.013155210473604928, -0.03767435697672499], [-0.0016955330879948735, -0.03767435697672499, 0.1444996576247983]], "chi2_level": 0.95, "chi2_df": 3, "chi2_threshold": 7.814727903251179, "N_raw": 97, "N_roi": 97, "N_inlier": 94, "refit": true}
{"timestamp": "17:21:25.299368", "frame": 96, "mu": [-1.0017067041682037, 4.208020510015458, 1.0998838245239284], "Sigma": [[0.02080459045411021, -0.004771150829734722, 0.013382148191320525], [-0.004771150829734722, 0.010060908799602744, -0.030308106208939638], [0.013382148191320524, -0.030308106208939638, 0.10770794541073708]], "chi2_level": 0.95, "chi2_df": 3, "chi2_threshold": 7.814727903251179, "N_raw": 36, "N_roi": 36, "N_inlier": 35, "refit": true}
{"timestamp": "17:21:25.354436", "frame": 97, "mu": [-0.9681881081840031, 4.197432386251479, 1.334084259277313], "Sigma": [[0.022524213091520452, 0.0022229920892864246, -0.01416210932487182], [0.0022229920892864246, 0.003541426546617534, -0.001504312934033788], [-0.01416210932487182, -0.001504312934033788, 0.010736562153996067]], "chi2_level": 0.95, "chi2_df": 3, "chi2_threshold": 7.814727903251179, "N_raw": 44, "N_roi": 44, "N_inlier": 40, "refit": true}
{"timestamp": "17:21:25.413412", "frame": 98, "mu": [-0.9522748197304998, 4.319336594145032, 0.30328622126978194], "Sigma": [[0.024466540432236714, 0.00827340364973416, -0.028443613536905422], [0.008273403649734157, 0.013834529533283657, -0.0350837400417674], [-0.028443613536905426, -0.0350837400417674, 0.14467425216158344]], "chi2_level": 0.95, "chi2_df": 3, "chi2_threshold": 7.814727903251179, "N_raw": 73, "N_roi": 73, "N_inlier": 71, "refit": true}
{"timestamp": "17:21:25.465858", "frame": 99, "mu": [-0.9159087767828312, 4.389356467551536, 0.2715362352749503], "Sigma": [[0.020430548110627843, 0.002637437365723206, -0.010662595095443601], [0.0026374373657232055, 0.008470333663961516, -0.020651120258414556], [-0.010662595095443601, -0.020651120258414556, 0.06591640544857987]], "chi2_level": 0.95, "chi2_df": 3, "chi2_threshold": 7.814727903251179, "N_raw": 53, "N_roi": 53, "N_inlier": 49, "refit": true}
{"timestamp": "17:21:25.672248", "frame": 100, "mu": [-1.003723013210296, 4.400729357082072, 1.3853503747343912], "Sigma": [[0.020430200849022376, 0.0025274512002493644, -0.0029585409560828725], [0.0025274512002493644, 0.0034341496707887783, -0.003942385867168843], [-0.0029585409560828725, -0.003942385867168843, 0.07505354457654641]], "chi2_level": 0.95, "chi2_df": 3, "chi2_threshold": 7.814727903251179, "N_raw": 41, "N_roi": 41, "N_inlier": 39, "refit": true}
{"timestamp": "17:21:25.677491", "frame": 101, "mu": [-0.9645523190660689, 4.445343533208014, 0.4930705961557275], "Sigma": [[0.026605716697922957, 0.006691932478481919, -0.014896295466553798], [0.00669193247848192, 0.00744524324857561, -0.007834321813199669], [-0.014896295466553798, -0.007834321813199669, 0.015412452840555943]], "chi2_level": 0.95, "chi2_df": 3, "chi2_threshold": 7.814727903251179, "N_raw": 56, "N_roi": 56, "N_inlier": 52, "refit": true}
{"timestamp": "17:21:25.711914", "frame": 102, "mu": [-0.9856483467057513, 4.482989884967057, 1.2861783601423509], "Sigma": [[0.012255838316099285, 0.0021237852767552585, -0.006315425441207376], [0.002123785276755259, 0.0022488860700096243, -0.0010739891541214212], [-0.006315425441207376, -0.001073989154121421, 0.0048290404112943585]], "chi2_level": 0.95, "chi2_df": 3, "chi2_threshold": 7.814727903251179, "N_raw": 22, "N_roi": 22, "N_inlier": 20, "refit": true}
{"timestamp": "17:21:25.742153", "frame": 103, "mu": [-0.9877343340725787, 4.578084525378697, 1.3171574773107249], "Sigma": [[0.00606868608927698, 0.0005529442503094689, -0.006178865026956327], [0.0005529442503094689, 0.0015698921571158358, -0.0013838877877939972], [-0.006178865026956327, -0.0013838877877939972, 0.010611098228539693]], "chi2_level": 0.95, "chi2_df": 3, "chi2_threshold": 7.814727903251179, "N_raw": 15, "N_roi": 11, "N_inlier": 10, "refit": true}
{"timestamp": "17:21:25.769915", "frame": 104, "mu": [-0.9463371448066489, 4.574166547930309, 1.1964229153796577], "Sigma": [[0.02003798822979732, 0.000775644702104993, -0.010512511152276067], [0.0007756447021049929, 0.0027086460825112074, -0.0020835111173578805], [-0.010512511152276067, -0.002083511117357881, 0.008147376800760673]], "chi2_level": 0.95, "chi2_df": 3, "chi2_threshold": 7.814727903251179, "N_raw": 35, "N_roi": 35, "N_inlier": 34, "refit": true}
{"timestamp": "17:21:25.801803", "frame": 105, "mu": [-1.0489987961768574, 4.603470116959806, 0.9977261913949335], "Sigma": [[0.027330882419302795, 0.002726044362742136, -0.012737562610553088], [0.002726044362742137, 0.0015830964872682078, -0.002815111735014024], [-0.012737562610553086, -0.002815111735014024, 0.01044311254446925]], "chi2_level": 0.95, "chi2_df": 3, "chi2_threshold": 7.814727903251179, "N_raw": 34, "N_roi": 34, "N_inlier": 30, "refit": true}
{"timestamp": "17:21:25.846941", "frame": 106, "mu": [-0.9211612483120681, 4.6635544306045915, 1.480659609695212], "Sigma": [[0.012738529316043393, 0.0017841638035155968, -0.0012355205527049772], [0.0017841638035155968, 0.0019466182811402396, 0.00012898480422940666], [-0.0012355205527049772, 0.00012898480422940658, 0.00036273589635981535]], "chi2_level": 0.95, "chi2_df": 3, "chi2_threshold": 7.814727903251179, "N_raw": 20, "N_roi": 20, "N_inlier": 18, "refit": true}
