{"timestamp": "17:35:36.548206", "frame": 4, "mu": [2.1033226150992044, 0.8087306688222566, 1.1518097063506514], "Sigma": [[0.005084011199914991, -0.005987467585478738, -0.0010613997100001778], [-0.005987467585478738, 0.01239262330304516, -0.003368896345585501], [-0.0010613997100001776, -0.0033688963455855013, 0.006613840278418393]], "chi2_level": 0.95, "chi2_df": 3, "chi2_threshold": 7.814727903251179, "N_raw": 30, "N_roi": 30, "N_inlier": 27, "refit": true}
{"timestamp": "17:35:36.710975", "frame": 7, "mu": [2.0944399527941338, 0.7143656160930537, 1.1594621148418935], "Sigma": [[0.0038867681499773535, -0.005968661250578223, -0.0005734809100544407], [-0.005968661250578223, 0.014813667839724345, -0.0007987174563165627], [-0.0005734809100544407, -0.0007987174563165627, 0.0014336265862742793]], "chi2_level": 0.95, "chi2_df": 3, "chi2_threshold": 7.814727903251179, "N_raw": 17, "N_roi": 17, "N_inlier": 16, "refit": true}
{"timestamp": "17:35:37.040423", "frame": 13, "mu": [2.1116563602108522, 0.7721472493462127, 1.236161145695295], "Sigma": [[0.0029309173341133758, -0.003619696175717702, -0.0017454008540822299], [-0.003619696175717702, 0.009945651368435192, -7.255501262875348e-06], [-0.00174540085408223, -7.25550126287524e-06, 0.0025571606115095307]], "chi2_level": 0.95, "chi2_df": 3, "chi2_threshold": 7.814727903251179, "N_raw": 15, "N_roi": 15, "N_inlier": 15, "refit": true}
{"timestamp": "17:35:37.095606", "frame": 14, "mu": [2.130861065895763, 0.7528831582891568, 1.2504179570074117], "Sigma": [[0.00221952361202098, -0.00275033709319488, -0.003537342553383592], [-0.00275033709319488, 0.006041626871904302, 0.002610551577521805], [-0.003537342553383592, 0.002610551577521805, 0.016843957725628113]], "chi2_level": 0.95, "chi2_df": 3, "chi2_threshold": 7.814727903251179, "N_raw": 12, "N_roi": 12, "N_inlier": 11, "refit": true}
{"timestamp": "17:35:37.150682", "frame": 15, "mu": [2.1111143802514434, 0.8053972549882834, 1.3071951143417646], "Sigma": [[0.003569330826935393, -0.003814948384827504, -0.0014286331339627538], [-0.0038149483848275044, 0.008850329648198938, 0.00040907668409633825], [-0.0014286331339627535, 0.00040907668409633825, 0.0012052323848068963]], "chi2_level": 0.95, "chi2_df": 3, "chi2_threshold": 7.814727903251179, "N_raw": 13, "N_roi": 13, "N_inlier": 12, "refit": true}
{"timestamp": "17:35:37.262333", "frame": 17, "mu": [2.0665282436693877, 0.9566442239925, 1.2862156665340123], "Sigma": [[0.0055336924467803295, -0.005213284527861052, 0.00035622924823368177], [-0.005213284527861052, 0.013130851993448605, -0.0017519835770272824], [0.00035622924823368177, -0.0017519835770272827, 0.0008738080466846248]], "chi2_level": 0.95, "chi2_df": 3, "chi2_threshold": 7.814727903251179, "N_raw": 26, "N_roi": 26, "N_inlier": 25, "refit": true}
{"timestamp": "17:35:37.370204", "frame": 19, "mu": [1.9804554847109093, 1.230266025313071, -0.7214382169705509], "Sigma": [[0.002044292541919498, -0.0002954548274715533, -0.0004950568046368156], [-0.0002954548274715534, 0.0036981486110437673, -0.000526919765309244], [-0.0004950568046368156, -0.0005269197653092439, 0.0002189981089586813]], "chi2_level": 0.95, "chi2_df": 3, "chi2_threshold": 7.814727903251179, "N_raw": 11, "N_roi": 11, "N_inlier": 10, "refit": true}
{"timestamp": "17:35:37.537945", "frame": 22, "mu": [2.1054526377674456, 0.8927695850477007, 1.233898002643049], "Sigma": [[0.004711498075046369, -0.006294565360127807, -0.002198008456248772], [-0.006294565360127806, 0.0174689626368088, -0.003154492756923034], [-0.002198008456248772, -0.003154492756923034, 0.0066884138331123315]], "chi2_level": 0.95, "chi2_df": 3, "chi2_threshold": 7.814727903251179, "N_raw": 33, "N_roi": 33, "N_inlier": 31, "refit": true}
{"timestamp": "17:35:37.704910", "frame": 25, "mu": [2.0402925455428984, 0.8863494277535237, 1.2227654182261356], "Sigma": [[0.00760904897639621, -0.007004199751315556, -0.00048002084339236013], [-0.007004199751315555, 0.015081401120681766, -0.0038301900903923436], [-0.00048002084339236013, -0.0038301900903923436, 0.004141617170730231]], "chi2_level": 0.95, "chi2_df": 3, "chi2_threshold": 7.814727903251179, "N_raw": 40, "N_roi": 40, "N_inlier": 38, "refit": true}
{"timestamp": "17:35:37.814678", "frame": 27, "mu": [2.030308174067881, 0.8587917635381732, 1.0252775470668147], "Sigma": [[0.004681728072648922, -0.0069020233805930815, -0.002420944510513326], [-0.0069020233805930815, 0.012662846706973038, 0.0006516706728321271], [-0.002420944510513326, 0.0006516706728321271, 0.006946811703331259]], "chi2_level": 0.95, "chi2_df": 3, "chi2_threshold": 7.814727903251179, "N_raw": 27, "N_roi": 27, "N_inlier": 26, "refit": true}
{"timestamp": "17:35:37.869006", "frame": 28, "mu": [1.9743897744578431, 0.8512024355749078, 1.175937135317858], "Sigma": [[0.008097392739747434, -0.010213444597144704, -0.00266361074643776], [-0.010213444597144702, 0.016190102007171355, 0.0014044239104064203], [-0.002663610746437761, 0.0014044239104064203, 0.0029534656302427262]], "chi2_level": 0.95, "chi2_df": 3, "chi2_threshold": 7.814727903251179, "N_raw": 24, "N_roi": 24, "N_inlier": 24, "refit": true}
{"timestamp": "17:35:37.921925", "frame": 29, "mu": [2.0089478681850492, 0.7323777084094817, 1.2335790220522416], "Sigma": [[0.003903416489884982, -0.0037515867473443877, -0.002755305806926873], [-0.0037515867473443877, 0.01059387278820942, 0.0012988282674542286], [-0.002755305806926873, 0.001298828267454229, 0.0029602617678445016]], "chi2_level": 0.95, "chi2_df": 3, "chi2_threshold": 7.814727903251179, "N_raw": 11, "N_roi": 11, "N_inlier": 10, "refit": true}
{"timestamp": "17:35:38.034358", "frame": 31, "mu": [1.9143088104421921, 0.8907564595263384, 1.2353497491803536], "Sigma": [[0.004383541494318699, -0.005304222253696936, -0.00016508226224743968], [-0.005304222253696936, 0.009815358202304093, -0.0013124616592832166], [-0.00016508226224743952, -0.0013124616592832166, 0.0038556223327268872]], "chi2_level": 0.95, "chi2_df": 3, "chi2_threshold": 7.814727903251179, "N_raw": 23, "N_roi": 23, "N_inlier": 21, "refit": true}
{"timestamp": "17:35:38.088306", "frame": 32, "mu": [1.9865018485329813, 0.60822759231487, 1.0261062596924204], "Sigma": [[0.00208264194109951, -0.003546791199045876, 0.00195796624793569], [-0.0035467911990458754, 0.01000849526170446, -0.00567776106012114], [0.0019579662479356904, -0.00567776106012114, 0.03966535482072309]], "chi2_level": 0.95, "chi2_df": 3, "chi2_threshold": 7.814727903251179, "N_raw": 19, "N_roi": 19, "N_inlier": 19, "refit": true}
{"timestamp": "17:35:38.143881", "frame": 33, "mu": [1.9318170190714996, 0.7139674548110077, 1.222158278764566], "Sigma": [[0.005871106192377448, -0.006347715901652612, -6.025934054899179e-05], [-0.006347715901652612, 0.013351186468295638, -0.002612266910500145], [-6.0259340548991805e-05, -0.002612266910500145, 0.0023758399007168867]], "chi2_level": 0.95, "chi2_df": 3, "chi2_threshold": 7.814727903251179, "N_raw": 28, "N_roi": 28, "N_inlier": 26, "refit": true}
{"timestamp": "17:35:38.198480", "frame": 34, "mu": [1.9246031396294536, 0.596828393580519, 1.1726117693892855], "Sigma": [[0.0025565439484371835, -0.00294648463489412, 0.0008993285009469974], [-0.00294648463489412, 0.010083915821977036, -0.004142624468505386], [0.0008993285009469973, -0.004142624468505386, 0.00288750370909474]], "chi2_level": 0.95, "chi2_df": 3, "chi2_threshold": 7.814727903251179, "N_raw": 17, "N_roi": 17, "N_inlier": 16, "refit": true}
{"timestamp": "17:35:38.256105", "frame": 35, "mu": [1.8890692572961367, 0.5935714374192708, 1.1505301766057665], "Sigma": [[0.004111996461950914, -0.0023365757903880554, -0.0015723631881776803], [-0.0023365757903880554, 0.010924817438810333, -0.006545508102477561], [-0.0015723631881776803, -0.006545508102477562, 0.01105215362646904]], "chi2_level": 0.95, "chi2_df": 3, "chi2_threshold": 7.814727903251179, "N_raw": 36, "N_roi": 36, "N_inlier": 34, "refit": true}
{"timestamp": "17:35:38.309426", "frame": 36, "mu": [1.8333066732076557, 0.5359310875120401, 1.2395442604146636], "Sigma": [[0.004944829144480671, -0.0014644007397074685, -0.002700865014557492], [-0.0014644007397074683, 0.0060704899341024595, -0.0021915203139752106], [-0.0027008650145574917, -0.0021915203139752106, 0.004536981847146732]], "chi2_level": 0.95, "chi2_df": 3, "chi2_threshold": 7.814727903251179, "N_raw": 22, "N_roi": 22, "N_inlier": 19, "refit": true}
{"timestamp": "17:35:38.418741", "frame": 38, "mu": [1.73905682502674, 0.5961340190137527, 1.2251498796557456], "Sigma": [[0.003683227749274492, -0.003645994342751895, 0.0005864183596781427], [-0.0036459943427518955, 0.01764225001039448, -0.0004994138999231231], [0.0005864183596781429, -0.0004994138999231231, 0.000574474902527515]], "chi2_level": 0.95, "chi2_df": 3, "chi2_threshold": 7.814727903251179, "N_raw": 21, "N_roi": 21, "N_inlier": 19, "refit": true}
{"timestamp": "17:35:38.475836", "frame": 39, "mu": [0.583482739249273, 0.48034250620423363, 1.1698600607267964], "Sigma": [[2.451391388179297, 0.08076014803547185, 0.006523206903218708], [0.08076014803547185, 0.011117945009509874, -0.0008802179223269213], [0.006523206903218708, -0.0008802179223269213, 0.0005761880139484665]], "chi2_level": 0.95, "chi2_df": 3, "chi2_threshold": 7.814727903251179, "N_raw": 35, "N_roi": 35, "N_inlier": 34, "refit": true}
{"timestamp": "17:35:38.529753", "frame": 40, "mu": [0.7484320182378614, 0.5349022148162639, -0.8648688356244386], "Sigma": [[2.0132404084549447, -0.03619171166945, -0.056492977722539806], [-0.03619171166945, 0.006385455136476829, 0.0030587360498740297], [-0.056492977722539806, 0.0030587360498740297, 0.007337009751342252]], "chi2_level": 0.95, "chi2_df": 3, "chi2_threshold": 7.814727903251179, "N_raw": 28, "N_roi": 28, "N_inlier": 27, "refit": true}
{"timestamp": "17:35:38.583197", "frame": 41, "mu": [1.5773974159223894, 0.48297417266236364, 1.1370413801160948], "Sigma": [[0.0029717802310054997, -0.004241451273461384, -0.00021711826792402585], [-0.004241451273461384, 0.009015267034391594, -0.001057343226291501], [-0.0002171182679240258, -0.0010573432262915015, 0.0024524642129418995]], "chi2_level": 0.95, "chi2_df": 3, "chi2_threshold": 7.814727903251179, "N_raw": 20, "N_roi": 20, "N_inlier": 18, "refit": true}
{"timestamp": "17:35:38.640528", "frame": 42, "mu": [1.5208274706521008, 0.5285088198229757, 1.2792992037722737], "Sigma": [[0.0038498549211067098, -0.0017737870794907432, -0.0022306539753011853], [-0.0017737870794907427, 0.010748164759065154, -0.0006064370567793873], [-0.0022306539753011853, -0.0006064370567793874, 0.003446812511927468]], "chi2_level": 0.95, "chi2_df": 3, "chi2_threshold": 7.814727903251179, "N_raw": 29, "N_roi": 29, "N_inlier": 24, "refit": true}
{"timestamp": "17:35:38.695785", "frame": 43, "mu": [0.9131833129774115, 0.43520788904137997, 1.1420382187598934], "Sigma": [[1.354102601558541, 0.07111996221117767, -0.008517687251286217], [0.07111996221117767, 0.011819863789291033, -0.0001863820896802538], [-0.008517687251286217, -0.00018638208968025386, 0.0036021861611469945]], "chi2_level": 0.95, "chi2_df": 3, "chi2_threshold": 7.814727903251179, "N_raw": 30, "N_roi": 30, "N_inlier": 27, "refit": true}
{"timestamp": "17:35:38.748333", "frame": 44, "mu": [1.371734113454265, 0.4923407704389694, 1.2480090402965855], "Sigma": [[0.004929411214752767, -0.003838642801158549, -0.007229764543682132], [-0.003838642801158548, 0.007715055424021189, 0.009906411248585368], [-0.007229764543682131, 0.009906411248585368, 0.040470505954437665]], "chi2_level": 0.95, "chi2_df": 3, "chi2_threshold": 7.814727903251179, "N_raw": 18, "N_roi": 18, "N_inlier": 16, "refit": true}
{"timestamp": "17:35:38.805326", "frame": 45, "mu": [1.2748807703862715, 0.7627240798060271, -0.5349260369334572], "Sigma": [[0.0032868941740257984, 0.0012379707451791542, -0.0052134411944247516], [0.0012379707451791542, 0.014991687632631473, -0.024756710415879252], [-0.005213441194424752, -0.02475671041587925, 0.056490206440179255]], "chi2_level": 0.95, "chi2_df": 3, "chi2_threshold": 7.814727903251179, "N_raw": 25, "N_roi": 25, "N_inlier": 25, "refit": true}
{"timestamp": "17:35:38.862269", "frame": 46, "mu": [1.2244108435611838, 0.5947921216058798, 1.2512635222524828], "Sigma": [[0.0026142615345371425, -0.0024742931404131314, -0.002133254692426523], [-0.0024742931404131314, 0.016102333479266793, -0.02209370305084195], [-0.002133254692426523, -0.022093703050841955, 0.05847746514076467]], "chi2_level": 0.95, "chi2_df": 3, "chi2_threshold": 7.814727903251179, "N_raw": 42, "N_roi": 42, "N_inlier": 40, "refit": true}
{"timestamp": "17:35:38.918662", "frame": 47, "mu": [1.1958922644086905, 0.6555015859361997, -0.4824127742977308], "Sigma": [[0.00664414305698131, -0.0020321550410546613, -0.00767805515990414], [-0.0020321550410546613, 0.0051696918452794624, 0.000735172925979763], [-0.00767805515990414, 0.000735172925979763, 0.012345001844823357]], "chi2_level": 0.95, "chi2_df": 3, "chi2_threshold": 7.814727903251179, "N_raw": 50, "N_roi": 50, "N_inlier": 47, "refit": true}
{"timestamp": "17:35:38.971405", "frame": 48, "mu": [1.144597326521601, 0.47095970265345494, 1.3188171706496246], "Sigma": [[0.004597466434556409, -0.004787332159404854, -0.007456032188592978], [-0.004787332159404854, 0.010908509036496115, 0.006103912490908364], [-0.007456032188592978, 0.006103912490908364, 0.0321246692936449]], "chi2_level": 0.95, "chi2_df": 3, "chi2_threshold": 7.814727903251179, "N_raw": 37, "N_roi": 37, "N_inlier": 34, "refit": true}
{"timestamp": "17:35:39.026389", "frame": 49, "mu": [1.1785827840434862, 0.3557225771051363, 1.1476132444882279], "Sigma": [[0.002846801837220707, -0.001690843177238816, -0.0017642431818739065], [-0.0016908431772388157, 0.006073672147829984, -0.002385007862125612], [-0.0017642431818739065, -0.002385007862125612, 0.004292378585551668]], "chi2_level": 0.95, "chi2_df": 3, "chi2_threshold": 7.814727903251179, "N_raw": 33, "N_roi": 33, "N_inlier": 29, "refit": true}
{"timestamp": "17:35:39.080477", "frame": 50, "mu": [1.0394628629671214, 0.49395876717995574, 1.2685131266580387], "Sigma": [[0.0038132445310658874, -0.0008525353749951933, -0.007189330051923846], [-0.000852535374995193, 0.002787879739107346, -0.0010232638044190968], [-0.007189330051923847, -0.0010232638044190966, 0.029625042966347246]], "chi2_level": 0.95, "chi2_df": 3, "chi2_threshold": 7.814727903251179, "N_raw": 28, "N_roi": 28, "N_inlier": 28, "refit": true}
{"timestamp": "17:35:39.141404", "frame": 51, "mu": [0.9490866399640855, 0.5779929528712366, -0.7077256396057621], "Sigma": [[0.0032563078221014684, -0.0007021699478769708, -0.0030039175406917644], [-0.0007021699478769708, 0.003494578582880409, 0.0034692903459870982], [-0.003003917540691764, 0.0034692903459870982, 0.040882772974852453]], "chi2_level": 0.95, "chi2_df": 3, "chi2_threshold": 7.814727903251179, "N_raw": 73, "N_roi": 73, "N_inlier": 70, "refit": true}
{"timestamp": "17:35:39.191616", "frame": 52, "mu": [0.9086094292164332, 0.7033224402245872, -0.6270999450616969], "Sigma": [[0.0022070645607853126, 0.0008202429975322004, -0.004313782400610325], [0.0008202429975322004, 0.0067680176520155365, -0.011973834940880756], [-0.004313782400610325, -0.011973834940880756, 0.028591297413829958]], "chi2_level": 0.95, "chi2_df": 3, "chi2_threshold": 7.814727903251179, "N_raw": 35, "N_roi": 35, "N_inlier": 33, "refit": true}
{"timestamp": "17:35:39.246503", "frame": 53, "mu": [0.7952861837347711, 0.5237090081938032, 1.3924098976043682], "Sigma": [[0.002646016279578005, -0.0013519791576022129, -0.0036260273655099855], [-0.0013519791576022129, 0.003077822071949075, 0.0014393754870518697], [-0.0036260273655099855, 0.0014393754870518697, 0.010862018242628698]], "chi2_level": 0.95, "chi2_df": 3, "chi2_threshold": 7.814727903251179, "N_raw": 33, "N_roi": 33, "N_inlier": 31, "refit": true}
{"timestamp": "17:35:39.301999", "frame": 54, "mu": [0.7778799173719966, 0.5125520906210574, 1.2229540743225427], "Sigma": [[0.004202983799656041, -0.003366809933948913, -0.005335633403182037], [-0.003366809933948913, 0.004733936798808018, -0.001548307830470496], [-0.005335633403182037, -0.0015483078304704963, 0.03497275011181978]], "chi2_level": 0.95, "chi2_df": 3, "chi2_threshold": 7.814727903251179, "N_raw": 45, "N_roi": 45, "N_inlier": 44, "refit": true}
{"timestamp": "17:35:39.356413", "frame": 55, "mu": [0.6789107281566422, 0.5130077822818274, 1.409220686202837], "Sigma": [[0.0033013880863912767, -0.0017434157334899362, -0.004119145545457793], [-0.0017434157334899362, 0.001797406291410836, 0.0016832212182234043], [-0.004119145545457794, 0.0016832212182234043, 0.0066625126922335255]], "chi2_level": 0.95, "chi2_df": 3, "chi2_threshold": 7.814727903251179, "N_raw": 40, "N_roi": 39, "N_inlier": 35, "refit": true}
{"timestamp": "17:35:39.414268", "frame": 56, "mu": [0.6390590613848132, 0.5036461708706857, 1.4141203237776985], "Sigma": [[0.0026227584464595588, -0.0010375212156930453, -0.002678759479004072], [-0.001037521215693045, 0.0019546293571858, -0.0004504115439843279], [-0.002678759479004072, -0.00045041154398432797, 0.005487108765777494]], "chi2_level": 0.95, "chi2_df": 3, "chi2_threshold": 7.814727903251179, "N_raw": 50, "N_roi": 50, "N_inlier": 44, "refit": true}
{"timestamp": "17:35:39.465882", "frame": 57, "mu": [0.5824225879829235, 0.5079368052930556, 1.4131922521451914], "Sigma": [[0.002118109511971919, -0.0005411711588194728, -0.0008074364887223261], [-0.0005411711588194728, 0.0023435579834361698, -0.005058875125229554], [-0.0008074364887223262, -0.005058875125229553, 0.03360977607764407]], "chi2_level": 0.95, "chi2_df": 3, "chi2_threshold": 7.814727903251179, "N_raw": 32, "N_roi": 32, "N_inlier": 27, "refit": true}
{"timestamp": "17:35:39.519090", "frame": 58, "mu": [0.5276068334203947, 0.5206633927905973, 1.1579323906670185], "Sigma": [[0.001477112237056089, -0.0008104682133768683, 0.0017159297223009289], [-0.0008104682133768681, 0.0014677017183131608, -0.0007298700939120108], [0.0017159297223009286, -0.0007298700939120113, 0.1094244883483259]], "chi2_level": 0.95, "chi2_df": 3, "chi2_threshold": 7.814727903251179, "N_raw": 23, "N_roi": 23, "N_inlier": 20, "refit": true}
{"timestamp": "17:35:39.573112", "frame": 59, "mu": [0.4157471145680481, 0.4957693020332688, 0.6805842996768913], "Sigma": [[0.020573815957934054, 0.006274793530319602, 0.06596715486348818], [0.006274793530319602, 0.00331856148779554, 0.01762917123804131], [0.06596715486348818, 0.01762917123804131, 0.40385854406715666]], "chi2_level": 0.95, "chi2_df": 3, "chi2_threshold": 7.814727903251179, "N_raw": 12, "N_roi": 12, "N_inlier": 11, "refit": true}
{"timestamp": "17:35:39.631059", "frame": 60, "mu": [0.44861424846709214, 0.4868881073627096, 1.1410719089689783], "Sigma": [[0.009028455470551823, -0.005299659239700993, 0.02051011924429551], [-0.005299659239700993, 0.004184744616715141, -0.016117324717356378], [0.02051011924429551, -0.016117324717356378, 0.08078740953496322]], "chi2_level": 0.95, "chi2_df": 3, "chi2_threshold": 7.814727903251179, "N_raw": 38, "N_roi": 38, "N_inlier": 33, "refit": true}
{"timestamp": "17:35:39.688350", "frame": 61, "mu": [0.37545144987146034, 0.6473824952510719, -0.6139728401937454], "Sigma": [[0.0019197230144536107, -0.000579420742273664, -0.001715248724380549], [-0.0005794207422736638, 0.001640105002729017, -0.001764695740339772], [-0.001715248724380549, -0.001764695740339772, 0.005757097494637468]], "chi2_level": 0.95, "chi2_df": 3, "chi2_threshold": 7.814727903251179, "N_raw": 52, "N_roi": 51, "N_inlier": 45, "refit": true}
{"timestamp": "17:35:39.741694", "frame": 62, "mu": [0.30945485395402417, 0.5560134869943463, 1.3533500102345701], "Sigma": [[0.0016558409049866327, -0.0008000333702643371, -0.0023148196487198123], [-0.0008000333702643371, 0.0009077990069681416, 0.0003050222519931417], [-0.0023148196487198123, 0.0003050222519931417, 0.01031058836099785]], "chi2_level": 0.95, "chi2_df": 3, "chi2_threshold": 7.814727903251179, "N_raw": 42, "N_roi": 42, "N_inlier": 38, "refit": true}
{"timestamp": "17:35:39.795302", "frame": 63, "mu": [0.1940455321138431, 0.6974514523740603, -0.5167353236502317], "Sigma": [[0.0007867901996053665, -0.0008407137633585269, -0.00028606649212196186], [-0.0008407137633585268, 0.002222329734938406, -0.0031898316925838385], [-0.0002860664921219618, -0.003189831692583838, 0.01225550983340868]], "chi2_level": 0.95, "chi2_df": 3, "chi2_threshold": 7.814727903251179, "N_raw": 29, "N_roi": 29, "N_inlier": 26, "refit": true}
{"timestamp": "17:35:39.857580", "frame": 64, "mu": [0.16138909063580664, 0.529884867739197, 1.3165899115458517], "Sigma": [[0.0030711725290833904, -0.0026109423127805642, -0.005679088823520074], [-0.0026109423127805642, 0.0035942652956684365, 0.003820515810918991], [-0.005679088823520074, 0.003820515810918991, 0.014708203103843189]], "chi2_level": 0.95, "chi2_df": 3, "chi2_threshold": 7.814727903251179, "N_raw": 80, "N_roi": 80, "N_inlier": 77, "refit": true}
{"timestamp": "17:35:39.912248", "frame": 65, "mu": [0.09700908343664931, 0.723215542800424, -0.4958995708420858], "Sigma": [[0.004037401576491643, 0.0004478038531731718, -0.007149575542364976], [0.00044780385317317185, 0.0015890323811187945, -0.001857648335476273], [-0.007149575542364976, -0.0018576483354762732, 0.016302957902764616]], "chi2_level": 0.95, "chi2_df": 3, "chi2_threshold": 7.814727903251179, "N_raw": 72, "N_roi": 72, "N_inlier": 67, "refit": true}
{"timestamp": "17:35:39.969863", "frame": 66, "mu": [0.0328678492728885, 0.5463784000053564, 1.350634555299048], "Sigma": [[0.004020777590928309, -0.0018305469037894738, -0.007739278297069526], [-0.0018305469037894738, 0.0032319067864053416, 0.0026330705883997815], [-0.007739278297069527, 0.0026330705883997815, 0.019302759042727057]], "chi2_level": 0.95, "chi2_df": 3, "chi2_threshold": 7.814727903251179, "N_raw": 97, "N_roi": 97, "N_inlier": 92, "refit": true}
{"timestamp": "17:35:40.020663", "frame": 67, "mu": [-0.08892671133984294, 0.5734771260714528, 1.471694853351199], "Sigma": [[0.0018817805826768753, -0.0005399216652140252, 0.00038598948617922025], [-0.0005399216652140252, 0.0022935957462554375, -0.0018650611612594289], [0.00038598948617922025, -0.0018650611612594289, 0.0015693510294938597]], "chi2_level": 0.95, "chi2_df": 3, "chi2_threshold": 7.814727903251179, "N_raw": 70, "N_roi": 70, "N_inlier": 65, "refit": true}
{"timestamp": "17:35:40.078646", "frame": 68, "mu": [-0.09487030943095144, 0.5484272746028961, 1.3527493295461388], "Sigma": [[0.0018563359730128487, 8.240249421643462e-05, -0.002511651567388589], [8.24024942164346e-05, 0.001313760361018933, -0.0028272536507930944], [-0.0025116515673885894, -0.0028272536507930944, 0.010736654502506186]], "chi2_level": 0.95, "chi2_df": 3, "chi2_threshold": 7.814727903251179, "N_raw": 88, "N_roi": 88, "N_inlier": 86, "refit": true}
{"timestamp": "17:35:40.134186", "frame": 69, "mu": [-0.10764685960836506, 0.4914989857972467, 1.2798532045956814], "Sigma": [[0.0024763554914623382, -0.000312047085950661, -0.0024035705682353007], [-0.00031204708595066095, 0.0008503582086387935, -0.00047590657783080925], [-0.0024035705682353007, -0.00047590657783080925, 0.010077189270964725]], "chi2_level": 0.95, "chi2_df": 3, "chi2_threshold": 7.814727903251179, "N_raw": 86, "N_roi": 86, "N_inlier": 81, "refit": true}
{"timestamp": "17:35:40.183474", "frame": 70, "mu": [-0.20280098672424673, 0.49854331391587325, 1.3327364921562943], "Sigma": [[0.0011270159255404929, -0.00036673885745664933, -0.0007291223938567863], [-0.0003667388574566492, 0.00044016754464782054, -0.0007403695931599366], [-0.0007291223938567863, -0.0007403695931599364, 0.005271298865286344]], "chi2_level": 0.95, "chi2_df": 3, "chi2_threshold": 7.814727903251179, "N_raw": 42, "N_roi": 42, "N_inlier": 37, "refit": true}
{"timestamp": "17:35:40.238475", "frame": 71, "mu": [-0.27642438751875237, 0.5018685311663769, 1.3767619822254626], "Sigma": [[0.0010232331627990003, -0.0006833995236363907, -0.001389299306464798], [-0.0006833995236363907, 0.0013837147497468328, 0.002263237090116722], [-0.001389299306464798, 0.002263237090116722, 0.012811189139177004]], "chi2_level": 0.95, "chi2_df": 3, "chi2_threshold": 7.814727903251179, "N_raw": 52, "N_roi": 52, "N_inlier": 47, "refit": true}
{"timestamp": "17:35:40.297003", "frame": 72, "mu": [-0.2834184744710918, 0.5036320904309208, 1.3136631007999824], "Sigma": [[0.0017620743450120183, -0.00025960672598668896, -0.002296797852637633], [-0.00025960672598668896, 0.001405219078238698, -0.0025640450306105298], [-0.002296797852637633, -0.0025640450306105298, 0.011152230341277714]], "chi2_level": 0.95, "chi2_df": 3, "chi2_threshold": 7.814727903251179, "N_raw": 77, "N_roi": 77, "N_inlier": 73, "refit": true}
{"timestamp": "17:35:40.351363", "frame": 73, "mu": [-0.36378001432854457, 0.49434802845065734, 1.3325857291108965], "Sigma": [[0.0017159650214836413, -0.0006639038399261995, -8.644331633418999e-05], [-0.0006639038399261993, 0.000833657787707628, -0.0014172766374177968], [-8.644331633419e-05, -0.0014172766374177968, 0.0050442919439183]], "chi2_level": 0.95, "chi2_df": 3, "chi2_threshold": 7.814727903251179, "N_raw": 60, "N_roi": 60, "N_inlier": 55, "refit": true}
{"timestamp": "17:35:40.405648", "frame": 74, "mu": [-0.4134608455918135, 0.6995834074208381, -0.5429201761525037], "Sigma": [[0.002281355220677473, -0.0003573424388213319, -0.0006750106688407532], [-0.0003573424388213319, 0.0020814695191752625, -0.0026050701873267922], [-0.0006750106688407529, -0.0026050701873267922, 0.00433901872859618]], "chi2_level": 0.95, "chi2_df": 3, "chi2_threshold": 7.814727903251179, "N_raw": 70, "N_roi": 70, "N_inlier": 64, "refit": true}
{"timestamp": "17:35:40.463631", "frame": 75, "mu": [-0.537648942118449, 0.6056700030762705, -0.5051854788862647], "Sigma": [[0.020291640299167336, 0.00970247376756893, -0.0163860604841359], [0.00970247376756893, 0.0075471991545587366, -0.011405623865335775], [-0.0163860604841359, -0.011405623865335775, 0.018787929370556296]], "chi2_level": 0.95, "chi2_df": 3, "chi2_threshold": 7.814727903251179, "N_raw": 86, "N_roi": 86, "N_inlier": 79, "refit": true}
{"timestamp": "17:35:40.517370", "frame": 76, "mu": [-0.6777312348490601, 0.5126524491522932, -0.44631724590908683], "Sigma": [[0.027631650917109542, 0.018960539114285625, -0.01137025893352896], [0.018960539114285625, 0.017215239529088554, -0.009706080700772434], [-0.01137025893352896, -0.009706080700772434, 0.008101300485883945]], "chi2_level": 0.95, "chi2_df": 3, "chi2_threshold": 7.814727903251179, "N_raw": 75, "N_roi": 75, "N_inlier": 69, "refit": true}
{"timestamp": "17:35:40.576942", "frame": 77, "mu": [-0.723149016950948, 0.40662111340718315, 1.4775457247223758], "Sigma": [[0.022452376978141612, 0.008020879579795054, -0.018061102321926974], [0.008020879579795052, 0.005864983637842955, -0.009462641129867149], [-0.018061102321926974, -0.009462641129867149, 0.02234653693516355]], "chi2_level": 0.95, "chi2_df": 3, "chi2_threshold": 7.814727903251179, "N_raw": 107, "N_roi": 107, "N_inlier": 102, "refit": true}
{"timestamp": "17:35:40.627768", "frame": 78, "mu": [-0.7819413228730193, 0.40634186815256357, 1.4900758001153938], "Sigma": [[0.019203395850063226, 0.0044651009914163445, -0.01964695465978924], [0.0044651009914163445, 0.005052154490307, -0.007605952138852814], [-0.019646954659789242, -0.007605952138852813, 0.02535345344794002]], "chi2_level": 0.95, "chi2_df": 3, "chi2_threshold": 7.814727903251179, "N_raw": 80, "N_roi": 80, "N_inlier": 77, "refit": true}
{"timestamp": "17:35:40.679916", "frame": 79, "mu": [-0.8732700362119125, 0.3838020416683662, 1.5427302537553857], "Sigma": [[0.007666677364636078, 0.002564802480994952, -0.005642166512049581], [0.0025648024809949515, 0.003578997512719351, -0.006126527896955234], [-0.005642166512049581, -0.006126527896955233, 0.016162834619021287]], "chi2_level": 0.95, "chi2_df": 3, "chi2_threshold": 7.814727903251179, "N_raw": 62, "N_roi": 62, "N_inlier": 59, "refit": true}
{"timestamp": "17:35:40.738592", "frame": 80, "mu": [-0.881945275158508, 0.35989995250880746, 1.4189368406952287], "Sigma": [[0.011771809591770401, 0.004044713045032472, -0.000473809833199139], [0.004044713045032472, 0.0032226203809019548, -0.0027953661086852224], [-0.000473809833199139, -0.0027953661086852224, 0.006167138161495215]], "chi2_level": 0.95, "chi2_df": 3, "chi2_threshold": 7.814727903251179, "N_raw": 90, "N_roi": 90, "N_inlier": 87, "refit": true}
{"timestamp": "17:35:40.791468", "frame": 81, "mu": [-0.9653466971095797, 0.4983843433188676, -0.49042722445107123], "Sigma": [[0.008563582571590117, 0.0016849264171482261, 0.0002515190259605356], [0.0016849264171482261, 0.004409980482792577, -0.0032259630382860485], [0.00025151902596053566, -0.003225963038286048, 0.003656009023151903]], "chi2_level": 0.95, "chi2_df": 3, "chi2_threshold": 7.814727903251179, "N_raw": 70, "N_roi": 70, "N_inlier": 66, "refit": true}
{"timestamp": "17:35:40.846430", "frame": 82, "mu": [-0.93275043519968, 0.3372901503526469, 1.1874877630935081], "Sigma": [[0.009703436932486752, 0.008258881782656208, -0.01567793754178507], [0.00825888178265621, 0.01017905794111053, -0.01885305424676325], [-0.01567793754178507, -0.01885305424676325, 0.041213916370907905]], "chi2_level": 0.95, "chi2_df": 3, "chi2_threshold": 7.814727903251179, "N_raw": 71, "N_roi": 71, "N_inlier": 64, "refit": true}
{"timestamp": "17:35:40.901380", "frame": 83, "mu": [-1.009083658445173, 0.5945139881263274, -0.6182109109522576], "Sigma": [[0.008899924417125867, 0.008590223532414756, -0.015298313138233528], [0.008590223532414756, 0.0172435995818572, -0.02521729591432107], [-0.01529831313823353, -0.02521729591432107, 0.04455308356495876]], "chi2_level": 0.95, "chi2_df": 3, "chi2_threshold": 7.814727903251179, "N_raw": 67, "N_roi": 67, "N_inlier": 67, "refit": true}
{"timestamp": "17:35:40.956463", "frame": 84, "mu": [-1.1029218045830833, 0.3845382918613747, 1.3646112348251065], "Sigma": [[0.00860794946823955, 0.0015682180056850437, -0.0016117113081789516], [0.0015682180056850441, 0.007380708572753365, -0.0046419332191734095], [-0.0016117113081789516, -0.0046419332191734095, 0.006144810090622983]], "chi2_level": 0.95, "chi2_df": 3, "chi2_threshold": 7.814727903251179, "N_raw": 76, "N_roi": 76, "N_inlier": 70, "refit": true}
{"timestamp": "17:35:41.010589", "frame": 85, "mu": [-0.7958108202347739, 0.34850416240184623, 1.3592860721345938], "Sigma": [[0.7441763182580282, -0.01789756288724529, 0.028898372450415863], [-0.01789756288724529, 0.005309294947086638, -0.004183891173562828], [0.028898372450415863, -0.004183891173562828, 0.007189584317973096]], "chi2_level": 0.95, "chi2_df": 3, "chi2_threshold": 7.814727903251179, "N_raw": 70, "N_roi": 70, "N_inlier": 65, "refit": true}
{"timestamp": "17:35:41.066550", "frame": 86, "mu": [-0.9329705561231066, 0.3397825777238015, 1.2790298148340806], "Sigma": [[0.6353760671011836, -0.009754595635422325, 0.0380369044382867], [-0.009754595635422325, 0.004392382308278735, -0.00262320864827008], [0.0380369044382867, -0.00262320864827008, 0.016723697030284236]], "chi2_level": 0.95, "chi2_df": 3, "chi2_threshold": 7.814727903251179, "N_raw": 76, "N_roi": 76, "N_inlier": 72, "refit": true}
{"timestamp": "17:35:41.118493", "frame": 87, "mu": [-1.313238297841904, 0.5376678345928194, 1.3865025831506184], "Sigma": [[0.004661176944835281, 0.0019161354673566566, 0.0013252356008770687], [0.0019161354673566566, 0.007314619510922558, 0.0024301882099571643], [0.0013252356008770687, 0.0024301882099571647, 0.0232053159440907]], "chi2_level": 0.95, "chi2_df": 3, "chi2_threshold": 7.814727903251179, "N_raw": 57, "N_roi": 57, "N_inlier": 53, "refit": true}
{"timestamp": "17:35:41.174943", "frame": 88, "mu": [-1.319798035867444, 0.4521797057609582, 1.3860508792049155], "Sigma": [[0.00904480489396649, -0.0006869872010101774, -0.0011545797301019236], [-0.0006869872010101772, 0.00839334470516838, -0.004168114007839908], [-0.0011545797301019236, -0.004168114007839908, 0.003009634124428757]], "chi2_level": 0.95, "chi2_df": 3, "chi2_threshold": 7.814727903251179, "N_raw": 61, "N_roi": 61, "N_inlier": 55, "refit": true}
{"timestamp": "17:35:41.233481", "frame": 89, "mu": [-1.4311476710376236, 0.6336957769225444, -0.753855678769372], "Sigma": [[0.035593826298589135, -0.012223823508108217, 0.039683759495542925], [-0.012223823508108215, 0.02985121023391739, -0.032854192002139876], [0.039683759495542925, -0.032854192002139876, 0.09287440114923931]], "chi2_level": 0.95, "chi2_df": 3, "chi2_threshold": 7.814727903251179, "N_raw": 89, "N_roi": 89, "N_inlier": 84, "refit": true}
{"timestamp": "17:35:41.283945", "frame": 90, "mu": [-1.412000819305962, 0.4451525831910725, 1.284069611799755], "Sigma": [[0.006124611652699873, 0.0036461881646369385, 0.003448082592756708], [0.003646188164636939, 0.006027897284516088, 3.208042891408652e-05], [0.003448082592756708, 3.208042891408652e-05, 0.016129525557703632]], "chi2_level": 0.95, "chi2_df": 3, "chi2_threshold": 7.814727903251179, "N_raw": 59, "N_roi": 59, "N_inlier": 53, "refit": true}
{"timestamp": "17:35:41.344624", "frame": 91, "mu": [-1.4623685350533249, 0.5147053309649583, 1.1874536722234097], "Sigma": [[0.008292574207256981, 0.004031222232629531, -5.828708860887064e-05], [0.004031222232629531, 0.007665466540653913, -0.005542435980834187], [-5.8287088608870966e-05, -0.005542435980834187, 0.04186079866568741]], "chi2_level": 0.95, "chi2_df": 3, "chi2_threshold": 7.814727903251179, "N_raw": 95, "N_roi": 95, "N_inlier": 90, "refit": true}
{"timestamp": "17:35:41.397191", "frame": 92, "mu": [-1.5091227212968776, 0.685585030866659, -0.6736794442109855], "Sigma": [[0.007014713618457341, 0.004622609861375435, 0.004714939603850717], [0.004622609861375435, 0.01021328067200713, -0.005715385628874761], [0.004714939603850717, -0.005715385628874761, 0.024789107053441797]], "chi2_level": 0.95, "chi2_df": 3, "chi2_threshold": 7.814727903251179, "N_raw": 76, "N_roi": 76, "N_inlier": 71, "refit": true}
{"timestamp": "17:35:41.453227", "frame": 93, "mu": [-1.5571849864862997, 0.5509502191614088, 1.247987064054978], "Sigma": [[0.008452888187917217, 0.0043881896310217295, 0.0034714862990736523], [0.004388189631021729, 0.011108475851609375, -0.0005075148871773639], [0.003471486299073652, -0.0005075148871773639, 0.02572756170613063]], "chi2_level": 0.95, "chi2_df": 3, "chi2_threshold": 7.814727903251179, "N_raw": 78, "N_roi": 78, "N_inlier": 74, "refit": true}
{"timestamp": "17:35:41.507513", "frame": 94, "mu": [-1.6170084081914797, 0.6077329809664974, 1.2115777767282792], "Sigma": [[0.007399160261348419, 0.006915612644166022, 0.0012304376405395388], [0.006915612644166021, 0.013117662560168669, 0.0018148276785709362], [0.0012304376405395392, 0.0018148276785709362, 0.03119461461694332]], "chi2_level": 0.95, "chi2_df": 3, "chi2_threshold": 7.814727903251179, "N_raw": 75, "N_roi": 75, "N_inlier": 71, "refit": true}
{"timestamp": "17:35:41.560190", "frame": 95, "mu": [-1.639201432285159, 0.8311143250661827, -0.5143272011958379], "Sigma": [[0.00809079055777558, 0.003217965652919471, 0.0009742699596988621], [0.0032179656529194717, 0.009891179688022585, -0.0064373377912046535], [0.000974269959698862, -0.0064373377912046535, 0.018042105847718322]], "chi2_level": 0.95, "chi2_df": 3, "chi2_threshold": 7.814727903251179, "N_raw": 61, "N_roi": 61, "N_inlier": 58, "refit": true}
{"timestamp": "17:35:41.620728", "frame": 96, "mu": [-1.7161880591663397, 0.5953377255855863, 1.0787267362846884], "Sigma": [[0.008843692307987011, 0.006888763206006966, 0.005720382390928209], [0.006888763206006967, 0.01377843019066475, 0.017613656005914226], [0.005720382390928208, 0.017613656005914226, 0.09434434241469929]], "chi2_level": 0.95, "chi2_df": 3, "chi2_threshold": 7.814727903251179, "N_raw": 98, "N_roi": 98, "N_inlier": 94, "refit": true}
{"timestamp": "17:35:41.672101", "frame": 97, "mu": [-1.775164568451826, 0.6966002060322373, 1.2486169295933345], "Sigma": [[0.011182496688287705, 0.006351043183534157, 0.0016066812373991457], [0.006351043183534157, 0.014008418066836508, -0.0029422786293582964], [0.0016066812373991455, -0.002942278629358296, 0.020077636620262004]], "chi2_level": 0.95, "chi2_df": 3, "chi2_threshold": 7.814727903251179, "N_raw": 74, "N_roi": 74, "N_inlier": 69, "refit": true}
{"timestamp": "17:35:41.726397", "frame": 98, "mu": [-1.8137881332207366, 0.7126063035877013, 1.182747881493927], "Sigma": [[0.010749219582523529, 0.008986307734843801, 0.0001032038376835445], [0.008986307734843801, 0.013191934430034259, -0.0023367148590753787], [0.00010320383768354472, -0.0023367148590753787, 0.03385254413347654]], "chi2_level": 0.95, "chi2_df": 3, "chi2_threshold": 7.814727903251179, "N_raw": 78, "N_roi": 78, "N_inlier": 76, "refit": true}
{"timestamp": "17:35:41.781087", "frame": 99, "mu": [-1.8210740452091083, 0.7949640311316782, 1.2893598481093085], "Sigma": [[0.011547822208406526, 0.005300255209359651, -0.0022375445784134146], [0.005300255209359651, 0.008841265515939983, -0.006233559346413621], [-0.0022375445784134137, -0.006233559346413621, 0.014487990030456305]], "chi2_level": 0.95, "chi2_df": 3, "chi2_threshold": 7.814727903251179, "N_raw": 66, "N_roi": 66, "N_inlier": 63, "refit": true}
{"timestamp": "17:35:41.931889", "frame": 100, "mu": [-1.9431723028766976, 0.7543892420791305, 1.0881015753702308], "Sigma": [[0.028686102617362163, 0.018867711087357186, 0.039105971976556284], [0.018867711087357186, 0.022411076293371846, 0.019652811551771426], [0.039105971976556284, 0.019652811551771423, 0.10244479018205462]], "chi2_level": 0.95, "chi2_df": 3, "chi2_threshold": 7.814727903251179, "N_raw": 98, "N_roi": 98, "N_inlier": 93, "refit": true}
{"timestamp": "17:35:41.945776", "frame": 101, "mu": [-1.9809876378635345, 0.8124296861109619, 1.0878325939386257], "Sigma": [[0.025955354508641615, 0.008217554880996259, 0.031418973169895684], [0.008217554880996259, 0.01252064943540653, -0.00626939791528713], [0.031418973169895684, -0.0062693979152871285, 0.08975848122725165]], "chi2_level": 0.95, "chi2_df": 3, "chi2_threshold": 7.814727903251179, "N_raw": 91, "N_roi": 91, "N_inlier": 90, "refit": true}
{"timestamp": "17:35:41.975777", "frame": 102, "mu": [-1.9510414295290541, 0.8172664895973122, 1.200694397995366], "Sigma": [[0.013889012060423691, 0.01050116117441206, -0.00039237791214348554], [0.01050116117441206, 0.014425915284408656, -0.008340791689734353], [-0.00039237791214348576, -0.008340791689734355, 0.013920904934750037]], "chi2_level": 0.95, "chi2_df": 3, "chi2_threshold": 7.814727903251179, "N_raw": 78, "N_roi": 78, "N_inlier": 68, "refit": true}
{"timestamp": "17:35:42.008696", "frame": 103, "mu": [-1.9802237961429563, 0.917122373383291, 1.2403811164026382], "Sigma": [[0.012617487529431815, 0.007659357151268836, -0.00357150738676593], [0.007659357151268836, 0.010999355336708481, -0.00963233912248178], [-0.00357150738676593, -0.00963233912248178, 0.01539379045875994]], "chi2_level": 0.95, "chi2_df": 3, "chi2_threshold": 7.814727903251179, "N_raw": 67, "N_roi": 67, "N_inlier": 65, "refit": true}
{"timestamp": "17:35:42.053194", "frame": 104, "mu": [-1.9825365197914606, 1.0306590040428099, 1.3157961436332215], "Sigma": [[0.01100478859370684, 0.003988461346349399, -0.0036508303862891342], [0.003988461346349399, 0.010322001244356694, -0.005556079648383151], [-0.0036508303862891347, -0.005556079648383151, 0.006948009361840817]], "chi2_level": 0.95, "chi2_df": 3, "chi2_threshold": 7.814727903251179, "N_raw": 52, "N_roi": 52, "N_inlier": 51, "refit": true}
{"timestamp": "17:35:42.111633", "frame": 105, "mu": [-2.0916007382813047, 0.9054370706811359, 1.079694221868678], "Sigma": [[0.01709307201173084, 0.01704749865898198, -0.00495014417754863], [0.01704749865898198, 0.023286405941494087, -0.0121432080185604], [-0.00495014417754863, -0.0121432080185604, 0.013671752863530907]], "chi2_level": 0.95, "chi2_df": 3, "chi2_threshold": 7.814727903251179, "N_raw": 75, "N_roi": 75, "N_inlier": 71, "refit": true}
