{"timestamp": "18:02:26.299240", "frame": 1, "mu": [0.7935756220238711, 1.5049869512857879, 1.0511530405998144], "Sigma": [[0.01232442829030342, -0.008655036148349386, 0.0037253420752516547], [-0.008655036148349386, 0.01271744103345178, -0.0048773799089946515], [0.0037253420752516547, -0.0048773799089946515, 0.005325584176775022]], "chi2_level": 0.95, "chi2_df": 3, "chi2_threshold": 7.814727903251179, "N_raw": 66, "N_roi": 66, "N_inlier": 63, "refit": true}
{"timestamp": "18:02:26.348642", "frame": 2, "mu": [0.8433270071953713, 1.6599209803102857, -0.9550631695852848], "Sigma": [[0.007115188784802197, 0.007752961283044262, -0.029733593292049085], [0.007752961283044262, 0.01945066587901014, -0.0647610521353969], [-0.029733593292049085, -0.0647610521353969, 0.35496089865027347]], "chi2_level": 0.95, "chi2_df": 3, "chi2_threshold": 7.814727903251179, "N_raw": 11, "N_roi": 11, "N_inlier": 10, "refit": true}
{"timestamp": "18:02:26.412085", "frame": 3, "mu": [0.8328813663751655, 1.5547133699512978, -0.37338362778564604], "Sigma": [[0.009018668551621579, -0.002756699992276057, -0.004556842041609355], [-0.002756699992276057, 0.004215906230836081, -0.0031407898565986763], [-0.004556842041609355, -0.0031407898565986763, 0.010706714738305414]], "chi2_level": 0.95, "chi2_df": 3, "chi2_threshold": 7.814727903251179, "N_raw": 73, "N_roi": 73, "N_inlier": 67, "refit": true}
{"timestamp": "18:02:26.473735", "frame": 4, "mu": [0.7523756269259739, 1.4200716435606957, 1.2261544483846558], "Sigma": [[0.011883651217540819, -0.005951459838714286, 0.0007521815721492812], [-0.0059514598387142865, 0.006553470389229376, -0.0033798677995547114], [0.0007521815721492811, -0.0033798677995547114, 0.029286415075847838]], "chi2_level": 0.95, "chi2_df": 3, "chi2_threshold": 7.814727903251179, "N_raw": 108, "N_roi": 108, "N_inlier": 103, "refit": true}
{"timestamp": "18:02:26.526341", "frame": 5, "mu": [0.6572269540610433, 1.397787954952386, 0.9671876738966095], "Sigma": [[0.013671724483105946, 0.0021016947369163403, 0.004103374119219747], [0.0021016947369163403, 0.0037876236845645122, -0.002041924292977597], [0.004103374119219747, -0.002041924292977597, 0.013258654332057142]], "chi2_level": 0.95, "chi2_df": 3, "chi2_threshold": 7.814727903251179, "N_raw": 82, "N_roi": 82, "N_inlier": 75, "refit": true}
{"timestamp": "18:02:26.577714", "frame": 6, "mu": [0.6688572062002509, 1.6143482942684257, -0.4724155438352957], "Sigma": [[0.004067958099860532, 0.00012230281880277956, -0.0033390189844353458], [0.00012230281880277972, 0.00916089178525893, -0.014419104273916801], [-0.003339018984435346, -0.014419104273916801, 0.02705209553461045]], "chi2_level": 0.95, "chi2_df": 3, "chi2_threshold": 7.814727903251179, "N_raw": 62, "N_roi": 62, "N_inlier": 55, "refit": true}
{"timestamp": "18:02:26.627661", "frame": 7, "mu": [0.7332853298666026, 1.341787743440696, 1.2520918040962175], "Sigma": [[0.011298237740829558, -0.005130251204970748, -0.008944670637020927], [-0.0051302512049707484, 0.0033659688757067697, 0.0025746537144965224], [-0.008944670637020927, 0.0025746537144965215, 0.01506924770344297]], "chi2_level": 0.95, "chi2_df": 3, "chi2_threshold": 7.814727903251179, "N_raw": 32, "N_roi": 32, "N_inlier": 28, "refit": true}
{"timestamp": "18:02:26.684286", "frame": 8, "mu": [0.6400160691320398, 1.3683119223056155, 1.1710143531086548], "Sigma": [[0.006337038382666701, -0.004014706511114519, 0.005378769801573628], [-0.004014706511114519, 0.004359634629774979, -0.005539980294123363], [0.005378769801573627, -0.005539980294123362, 0.01607403083145119]], "chi2_level": 0.95, "chi2_df": 3, "chi2_threshold": 7.814727903251179, "N_raw": 49, "N_roi": 49, "N_inlier": 42, "refit": true}
{"timestamp": "18:02:26.737708", "frame": 9, "mu": [0.5662376954160439, 1.5217399428902905, -0.38639686267017964], "Sigma": [[0.0027822053710245594, -0.0013271077479362616, -8.249542491588625e-05], [-0.0013271077479362614, 0.0024234243957153897, -0.0037182120560633578], [-8.249542491588625e-05, -0.003718212056063358, 0.009580928146221293]], "chi2_level": 0.95, "chi2_df": 3, "chi2_threshold": 7.814727903251179, "N_raw": 36, "N_roi": 36, "N_inlier": 29, "refit": true}
{"timestamp": "18:02:26.796093", "frame": 10, "mu": [0.5336709736520457, 1.5188689828565223, -0.44408087018261166], "Sigma": [[0.0042191926084641845, -0.0007583714284477794, -0.0025576299038847098], [-0.0007583714284477793, 0.0037371806617450955, -0.0038885915170353584], [-0.0025576299038847098, -0.0038885915170353584, 0.008228712425229831]], "chi2_level": 0.95, "chi2_df": 3, "chi2_threshold": 7.814727903251179, "N_raw": 58, "N_roi": 58, "N_inlier": 54, "refit": true}
{"timestamp": "18:02:26.850158", "frame": 11, "mu": [0.4392351303564795, 1.4181036021595002, 1.305398561157485], "Sigma": [[0.004151377473602149, -0.001033585020882452, -0.0036493519831544527], [-0.001033585020882452, 0.002027291017747593, -0.0007134042248908897], [-0.0036493519831544527, -0.0007134042248908897, 0.0077701618852565844]], "chi2_level": 0.95, "chi2_df": 3, "chi2_threshold": 7.814727903251179, "N_raw": 48, "N_roi": 48, "N_inlier": 41, "refit": true}
{"timestamp": "18:02:26.909999", "frame": 12, "mu": [0.39015511662685565, 1.3844832431840828, 1.258035519447525], "Sigma": [[0.005326568553732524, -0.0023309280283788474, -0.005027852186250754], [-0.0023309280283788474, 0.0051765193239187305, 0.0015333398162760484], [-0.005027852186250754, 0.0015333398162760484, 0.016723617305481664]], "chi2_level": 0.95, "chi2_df": 3, "chi2_threshold": 7.814727903251179, "N_raw": 65, "N_roi": 65, "N_inlier": 60, "refit": true}
{"timestamp": "18:02:26.966908", "frame": 13, "mu": [0.25571146424352054, 1.4030699988666238, 1.0799639623826438], "Sigma": [[0.009316742829418587, -0.006126263521203294, 0.007780499536337878], [-0.006126263521203294, 0.006775784044969954, -0.007211518367182795], [0.0077804995363378775, -0.007211518367182796, 0.03775751850441609]], "chi2_level": 0.95, "chi2_df": 3, "chi2_threshold": 7.814727903251179, "N_raw": 99, "N_roi": 99, "N_inlier": 96, "refit": true}
{"timestamp": "18:02:27.018999", "frame": 14, "mu": [0.23449408749286238, 1.4068792361411018, 1.3537591073622635], "Sigma": [[0.0054307202969815305, -0.0037334263506507937, -0.008895003695202464], [-0.0037334263506507937, 0.009604451167476663, 0.007264770028517621], [-0.008895003695202462, 0.007264770028517622, 0.02141796806794603]], "chi2_level": 0.95, "chi2_df": 3, "chi2_threshold": 7.814727903251179, "N_raw": 72, "N_roi": 72, "N_inlier": 68, "refit": true}
{"timestamp": "18:02:27.072756", "frame": 15, "mu": [0.021597012919605262, 1.414305687776995, 1.1574660640204915], "Sigma": [[0.029259164666629017, 0.0036605076899533847, 0.04082560764346324], [0.0036605076899533847, 0.0021372708276870085, 0.005917123037367089], [0.04082560764346324, 0.005917123037367089, 0.07018496413666608]], "chi2_level": 0.95, "chi2_df": 3, "chi2_threshold": 7.814727903251179, "N_raw": 67, "N_roi": 65, "N_inlier": 59, "refit": true}
{"timestamp": "18:02:27.126375", "frame": 16, "mu": [0.127600361028552, 1.3552911741826077, 1.2267841268709767], "Sigma": [[0.007491510140828112, -0.002914720116625572, -0.011762956451057068], [-0.002914720116625572, 0.004904945040407146, 0.004561226743579633], [-0.011762956451057068, 0.004561226743579632, 0.02201869266673847]], "chi2_level": 0.95, "chi2_df": 3, "chi2_threshold": 7.814727903251179, "N_raw": 67, "N_roi": 67, "N_inlier": 59, "refit": true}
{"timestamp": "18:02:27.183220", "frame": 17, "mu": [0.025633984224687514, 1.4405363073765165, 1.423895811346131], "Sigma": [[0.0049284396774394905, -0.0009499669053813794, -0.0035503055678840607], [-0.0009499669053813794, 0.005790795655200561, 0.0002806012056310417], [-0.00355030556788406, 0.00028060120563104177, 0.005510420303413785]], "chi2_level": 0.95, "chi2_df": 3, "chi2_threshold": 7.814727903251179, "N_raw": 71, "N_roi": 71, "N_inlier": 65, "refit": true}
{"timestamp": "18:02:27.234560", "frame": 18, "mu": [-0.3518998576851524, 1.4423776244716007, 0.9965164379942145], "Sigma": [[0.006294561208688052, -0.0006127817735653365, -0.0004591370161853682], [-0.0006127817735653365, 0.005380684188330428, -0.0003990900757920476], [-0.00045913701618536824, -0.0003990900757920476, 0.001128980539484744]], "chi2_level": 0.95, "chi2_df": 3, "chi2_threshold": 7.814727903251179, "N_raw": 48, "N_roi": 48, "N_inlier": 42, "refit": true}
{"timestamp": "18:02:27.296064", "frame": 19, "mu": [-0.043390825235209665, 1.5266316929950772, 0.11784396473566115], "Sigma": [[0.007542135305559411, -0.004038011934047984, 0.045781671030475535], [-0.004038011934047984, 0.009008490678129444, -0.04243054938106826], [0.045781671030475535, -0.04243054938106826, 0.5264182329229851]], "chi2_level": 0.95, "chi2_df": 3, "chi2_threshold": 7.814727903251179, "N_raw": 97, "N_roi": 97, "N_inlier": 92, "refit": true}
{"timestamp": "18:02:27.356634", "frame": 20, "mu": [-0.18228277054464032, 1.4426516699373781, 0.9920578756204397], "Sigma": [[0.016941075852457833, -0.005667318652228825, -0.015172309782444993], [-0.005667318652228825, 0.008680435582062688, 0.0001687638293462471], [-0.015172309782444993, 0.00016876382934624679, 0.3109660574929655]], "chi2_level": 0.95, "chi2_df": 3, "chi2_threshold": 7.814727903251179, "N_raw": 123, "N_roi": 120, "N_inlier": 118, "refit": true}
{"timestamp": "18:02:27.412523", "frame": 21, "mu": [-0.25816397721635, 1.4696961580094727, 1.195097917856249], "Sigma": [[0.021744011806086944, -0.010200069754941884, 0.010073484016058626], [-0.010200069754941884, 0.011107780184973302, -0.006801498818534141], [0.010073484016058626, -0.006801498818534142, 0.0584497192979008]], "chi2_level": 0.95, "chi2_df": 3, "chi2_threshold": 7.814727903251179, "N_raw": 132, "N_roi": 132, "N_inlier": 126, "refit": true}
{"timestamp": "18:02:27.460909", "frame": 22, "mu": [-0.3044908461897767, 1.427555241126415, 1.238005213338752], "Sigma": [[0.015016016786557833, -0.005151904307506102, 0.005502621929528119], [-0.005151904307506102, 0.009859285075959389, -0.0039936236318357035], [0.005502621929528119, -0.0039936236318357035, 0.0037786739130018458]], "chi2_level": 0.95, "chi2_df": 3, "chi2_threshold": 7.814727903251179, "N_raw": 85, "N_roi": 85, "N_inlier": 77, "refit": true}
{"timestamp": "18:02:27.514673", "frame": 23, "mu": [-0.3361556727435519, 1.4572123355284046, 1.3013371495617334], "Sigma": [[0.005654108302328217, 0.0001562106828995521, -0.003649325859062363], [0.00015621068289955204, 0.008113838426632974, -0.0005059045687775789], [-0.003649325859062363, -0.000505904568777579, 0.008230681794600984]], "chi2_level": 0.95, "chi2_df": 3, "chi2_threshold": 7.814727903251179, "N_raw": 81, "N_roi": 81, "N_inlier": 78, "refit": true}
{"timestamp": "18:02:27.576987", "frame": 24, "mu": [-0.4274405544734219, 1.5006046773244268, 0.200257772574923], "Sigma": [[0.009194086508939117, -0.006046875307212252, 0.05151501154702655], [-0.006046875307212251, 0.011574203791214622, -0.04458303405467057], [0.05151501154702655, -0.04458303405467057, 0.5095944480454488]], "chi2_level": 0.95, "chi2_df": 3, "chi2_threshold": 7.814727903251179, "N_raw": 128, "N_roi": 128, "N_inlier": 128, "refit": true}
{"timestamp": "18:02:27.629541", "frame": 25, "mu": [-0.4768337040955003, 1.5692278482305577, 0.1965538216235275], "Sigma": [[0.008447571760464992, -0.0026394052498872637, 0.04800850895749027], [-0.0026394052498872637, 0.009471235198376, -0.022528292892326034], [0.048008508957490266, -0.022528292892326038, 0.4981160613515139]], "chi2_level": 0.95, "chi2_df": 3, "chi2_threshold": 7.814727903251179, "N_raw": 112, "N_roi": 112, "N_inlier": 111, "refit": true}
{"timestamp": "18:02:27.690087", "frame": 26, "mu": [-0.5319208166354732, 1.473727853018617, 0.941208071764581], "Sigma": [[0.010241036780474602, 0.002873716361266643, -0.023784785761174404], [0.0028737163612666435, 0.006053436640148318, -0.021159588108173123], [-0.023784785761174404, -0.021159588108173123, 0.15577187358473024]], "chi2_level": 0.95, "chi2_df": 3, "chi2_threshold": 7.814727903251179, "N_raw": 149, "N_roi": 149, "N_inlier": 147, "refit": true}
{"timestamp": "18:02:27.744431", "frame": 27, "mu": [-0.6209182749528267, 1.5291208991699854, 0.9303121660159757], "Sigma": [[0.007631558205132792, 0.0010961312009469257, -0.014884993513393785], [0.0010961312009469257, 0.0067808687572736325, -0.010444862778898379], [-0.014884993513393785, -0.010444862778898379, 0.2300168941407998]], "chi2_level": 0.95, "chi2_df": 3, "chi2_threshold": 7.814727903251179, "N_raw": 144, "N_roi": 144, "N_inlier": 143, "refit": true}
{"timestamp": "18:02:27.794811", "frame": 28, "mu": [-0.6667070184089334, 1.613417847646733, 0.1652029456846354], "Sigma": [[0.009749401594311069, -0.0046758163170855455, 0.04627254641887725], [-0.0046758163170855455, 0.009141185371870121, -0.03777699857936748], [0.04627254641887725, -0.03777699857936748, 0.41990268622990146]], "chi2_level": 0.95, "chi2_df": 3, "chi2_threshold": 7.814727903251179, "N_raw": 116, "N_roi": 116, "N_inlier": 115, "refit": true}
{"timestamp": "18:02:27.846942", "frame": 29, "mu": [-0.7341959920160347, 1.6464454548663665, 1.4015660855468886], "Sigma": [[0.010248748508620878, 0.0018663326747753153, -0.005129562590810693], [0.0018663326747753151, 0.005455394609208803, -0.005461834233634099], [-0.005129562590810692, -0.005461834233634099, 0.008874307816596786]], "chi2_level": 0.95, "chi2_df": 3, "chi2_threshold": 7.814727903251179, "N_raw": 94, "N_roi": 94, "N_inlier": 87, "refit": true}
{"timestamp": "18:02:27.899787", "frame": 30, "mu": [-0.7946022480433165, 1.7351400920848925, -0.25530224240003424], "Sigma": [[0.008223988300834784, 0.0020841636489463055, -0.006029376559961174], [0.002084163648946305, 0.010281002654350268, -0.004139116286206973], [-0.006029376559961174, -0.004139116286206974, 0.009170051069596482]], "chi2_level": 0.95, "chi2_df": 3, "chi2_threshold": 7.814727903251179, "N_raw": 90, "N_roi": 90, "N_inlier": 85, "refit": true}
{"timestamp": "18:02:27.957829", "frame": 31, "mu": [-0.8389970335810574, 1.6949844345816762, -0.07994405530564358], "Sigma": [[0.014445961150535256, -0.011065756355170146, 0.015252941499166311], [-0.011065756355170146, 0.0265615143059136, -0.0353299605070283], [0.015252941499166311, -0.0353299605070283, 0.062435079843592374]], "chi2_level": 0.95, "chi2_df": 3, "chi2_threshold": 7.814727903251179, "N_raw": 94, "N_roi": 94, "N_inlier": 88, "refit": true}
{"timestamp": "18:02:28.009111", "frame": 32, "mu": [-0.8924454813646103, 1.6862592563350118, 1.1742207186057625], "Sigma": [[0.008781157243328185, 0.0026062187678299576, -0.001623057739023175], [0.0026062187678299576, 0.005262657743155698, -0.0058777486027714355], [-0.0016230577390231754, -0.0058777486027714355, 0.008079795652674495]], "chi2_level": 0.95, "chi2_df": 3, "chi2_threshold": 7.814727903251179, "N_raw": 82, "N_roi": 82, "N_inlier": 76, "refit": true}
{"timestamp": "18:02:28.065153", "frame": 33, "mu": [-0.9039322345588966, 1.8882117599785144, -0.3911861600313451], "Sigma": [[0.013669831520101072, 0.0032577468948724857, -0.0415170979330131], [0.0032577468948724857, 0.0066772389401010546, -0.0043251421667297825], [-0.0415170979330131, -0.0043251421667297825, 0.2099022684464769]], "chi2_level": 0.95, "chi2_df": 3, "chi2_threshold": 7.814727903251179, "N_raw": 88, "N_roi": 88, "N_inlier": 84, "refit": true}
{"timestamp": "18:02:28.122482", "frame": 34, "mu": [-0.9512584640665496, 1.830148705960748, -0.30794600184422866], "Sigma": [[0.010345392440187328, -0.006418381038317122, 0.03348352201727834], [-0.006418381038317122, 0.03851736564265827, -0.03936187764476841], [0.03348352201727835, -0.03936187764476841, 0.1967299930331966]], "chi2_level": 0.95, "chi2_df": 3, "chi2_threshold": 7.814727903251179, "N_raw": 99, "N_roi": 99, "N_inlier": 95, "refit": true}
{"timestamp": "18:02:28.181014", "frame": 35, "mu": [-1.0295279786260734, 2.0310434195441958, -0.4174863108461975], "Sigma": [[0.009700078634732245, 0.0022034499442024832, -0.009355819491956649], [0.0022034499442024832, 0.010330728575549427, -0.015582927138387815], [-0.00935581949195665, -0.015582927138387815, 0.17191137658078992]], "chi2_level": 0.95, "chi2_df": 3, "chi2_threshold": 7.814727903251179, "N_raw": 120, "N_roi": 120, "N_inlier": 117, "refit": true}
{"timestamp": "18:02:28.239052", "frame": 36, "mu": [-1.0620319106313958, 1.8768775689966204, 0.8520761565078794], "Sigma": [[0.01029604053590412, -0.0014665835041403337, -0.011689534438669463], [-0.0014665835041403332, 0.012452207257604625, 0.007504279388169919], [-0.011689534438669463, 0.007504279388169919, 0.3298390118873996]], "chi2_level": 0.95, "chi2_df": 3, "chi2_threshold": 7.814727903251179, "N_raw": 150, "N_roi": 150, "N_inlier": 149, "refit": true}
{"timestamp": "18:02:28.294841", "frame": 37, "mu": [-1.1076850328124261, 2.0996897118066706, 0.20527632316427136], "Sigma": [[0.019904450264084952, -0.009622608711659899, 0.08819487292553406], [-0.009622608711659899, 0.013114295160875183, -0.053014175046254455], [0.08819487292553406, -0.05301417504625445, 0.6101958702117296]], "chi2_level": 0.95, "chi2_df": 3, "chi2_threshold": 7.814727903251179, "N_raw": 141, "N_roi": 141, "N_inlier": 140, "refit": true}
{"timestamp": "18:02:28.347807", "frame": 38, "mu": [-1.1343139599224514, 2.052872830638743, 1.0351326998026722], "Sigma": [[0.024056525291823054, 0.0005602498811257386, 0.028253308127359454], [0.0005602498811257395, 0.0035023473676105074, -0.002369475208057535], [0.028253308127359454, -0.002369475208057536, 0.20042750409562693]], "chi2_level": 0.95, "chi2_df": 3, "chi2_threshold": 7.814727903251179, "N_raw": 131, "N_roi": 131, "N_inlier": 127, "refit": true}
{"timestamp": "18:02:28.401169", "frame": 39, "mu": [-1.1090262723974034, 2.1095497840615924, 1.1079540581101996], "Sigma": [[0.03489640056116307, -0.002661621931977518, 0.04312188172683021], [-0.002661621931977518, 0.0069839502885274225, -0.012039257812582029], [0.0431218817268302, -0.01203925781258203, 0.11757571068151454]], "chi2_level": 0.95, "chi2_df": 3, "chi2_threshold": 7.814727903251179, "N_raw": 122, "N_roi": 122, "N_inlier": 119, "refit": true}
{"timestamp": "18:02:28.449507", "frame": 40, "mu": [-1.0345539738818506, 2.3356383965088354, -0.23834850478587769], "Sigma": [[0.010439112803119264, 0.0029025857545841222, -0.008975726579055555], [0.0029025857545841222, 0.005957518248233279, -0.013830415265717096], [-0.008975726579055555, -0.013830415265717096, 0.04399462289813672]], "chi2_level": 0.95, "chi2_df": 3, "chi2_threshold": 7.814727903251179, "N_raw": 72, "N_roi": 72, "N_inlier": 66, "refit": true}
{"timestamp": "18:02:28.501134", "frame": 41, "mu": [-1.0982607724796465, 2.3500304936521856, -0.1326592420301212], "Sigma": [[0.010803896880438342, 0.004142269429866266, -0.011216074679097408], [0.004142269429866266, 0.007271611271099608, -0.012428967380881329], [-0.011216074679097408, -0.012428967380881329, 0.03125340843414856]], "chi2_level": 0.95, "chi2_df": 3, "chi2_threshold": 7.814727903251179, "N_raw": 66, "N_roi": 66, "N_inlier": 61, "refit": true}
{"timestamp": "18:02:28.563504", "frame": 42, "mu": [-1.193503083657796, 2.5450665082881803, -0.6399842712282378], "Sigma": [[0.017089811129637214, -0.013400395488897876, 0.033118235040834824], [-0.013400395488897878, 0.04057973472439888, -0.09752634939754613], [0.03311823504083482, -0.09752634939754613, 0.30665965653790755]], "chi2_level": 0.95, "chi2_df": 3, "chi2_threshold": 7.814727903251179, "N_raw": 110, "N_roi": 110, "N_inlier": 107, "refit": true}
{"timestamp": "18:02:28.615135", "frame": 43, "mu": [-1.1118454864542653, 2.515880710026958, -0.4397995513644214], "Sigma": [[0.008514286409950412, 0.0007842185296322217, -0.007773485731364545], [0.0007842185296322212, 0.011257202449699718, -0.02901702602637425], [-0.007773485731364545, -0.02901702602637425, 0.1522954586745264]], "chi2_level": 0.95, "chi2_df": 3, "chi2_threshold": 7.814727903251179, "N_raw": 78, "N_roi": 78, "N_inlier": 75, "refit": true}
{"timestamp": "18:02:28.670993", "frame": 44, "mu": [-1.141394256552722, 2.366695500342757, 1.0882126356692419], "Sigma": [[0.011188370485780117, -0.0009055991810696364, -0.015707616611566215], [-0.0009055991810696362, 0.013181591869749166, 0.03417944065114985], [-0.015707616611566215, 0.03417944065114985, 0.18311015077775042]], "chi2_level": 0.95, "chi2_df": 3, "chi2_threshold": 7.814727903251179, "N_raw": 91, "N_roi": 87, "N_inlier": 86, "refit": true}
{"timestamp": "18:02:28.724020", "frame": 45, "mu": [-1.173890737930293, 2.4544742029535875, 0.939710019645362], "Sigma": [[0.011212474647602121, 0.0008357317724340956, -0.0078053956955541235], [0.0008357317724340956, 0.005307650766255071, 0.01905451162295241], [-0.007805395695554126, 0.019054511622952415, 0.2215561394059529]], "chi2_level": 0.95, "chi2_df": 3, "chi2_threshold": 7.814727903251179, "N_raw": 83, "N_roi": 83, "N_inlier": 82, "refit": true}
{"timestamp": "18:02:28.781485", "frame": 46, "mu": [-1.133526106721619, 2.5401386566796798, 1.0328377102811532], "Sigma": [[0.015543353537125241, 0.002417816232971596, -0.0045580239102635655], [0.002417816232971596, 0.005144997847490079, 0.0020204088982429588], [-0.004558023910263565, 0.0020204088982429583, 0.09195394141739038]], "chi2_level": 0.95, "chi2_df": 3, "chi2_threshold": 7.814727903251179, "N_raw": 93, "N_roi": 93, "N_inlier": 89, "refit": true}
{"timestamp": "18:02:28.834468", "frame": 47, "mu": [-1.161498613133844, 2.775417330183936, -0.37582248479172187], "Sigma": [[0.02224203860799831, -0.008826373125117023, 0.04572213584414939], [-0.008826373125117023, 0.013479797112766237, -0.0496218126405394], [0.04572213584414939, -0.0496218126405394, 0.22513102705413146]], "chi2_level": 0.95, "chi2_df": 3, "chi2_threshold": 7.814727903251179, "N_raw": 77, "N_roi": 77, "N_inlier": 75, "refit": true}
{"timestamp": "18:02:28.890950", "frame": 48, "mu": [-1.222756499173481, 2.67170178421971, 0.8750284551764625], "Sigma": [[0.022579806254884725, -0.0015583417742574483, 0.01942656315145735], [-0.0015583417742574483, 0.003616525035561649, -0.013049696531371328], [0.019426563151457348, -0.013049696531371328, 0.12298178305435863]], "chi2_level": 0.95, "chi2_df": 3, "chi2_threshold": 7.814727903251179, "N_raw": 95, "N_roi": 94, "N_inlier": 91, "refit": true}
{"timestamp": "18:02:28.944493", "frame": 49, "mu": [-1.1776219587735541, 2.7053016994942425, 0.8962661955564538], "Sigma": [[0.022605129935143596, -0.0029005609517982066, 0.030455252155631593], [-0.0029005609517982066, 0.0042061967846739245, -0.01649357266196306], [0.030455252155631593, -0.01649357266196306, 0.21205394806783387]], "chi2_level": 0.95, "chi2_df": 3, "chi2_threshold": 7.814727903251179, "N_raw": 86, "N_roi": 86, "N_inlier": 85, "refit": true}
{"timestamp": "18:02:28.997199", "frame": 50, "mu": [-1.078342715709573, 2.8562899852939942, -0.004109022128662927], "Sigma": [[0.02165885766473013, 0.002147648873600408, -0.027807983115542424], [0.002147648873600408, 0.004429225525595891, -0.004847984281128001], [-0.027807983115542424, -0.004847984281128001, 0.03859269647956838]], "chi2_level": 0.95, "chi2_df": 3, "chi2_threshold": 7.814727903251179, "N_raw": 61, "N_roi": 61, "N_inlier": 56, "refit": true}
{"timestamp": "18:02:29.050711", "frame": 51, "mu": [-1.0145205428873363, 2.7475769286992215, 1.078008384180437], "Sigma": [[0.02274058779300724, -0.003236452733781328, -0.01879351182458276], [-0.003236452733781328, 0.0037310793223497307, 0.0012516703032183695], [-0.01879351182458276, 0.0012516703032183695, 0.01778797064211397]], "chi2_level": 0.95, "chi2_df": 3, "chi2_threshold": 7.814727903251179, "N_raw": 63, "N_roi": 63, "N_inlier": 57, "refit": true}
{"timestamp": "18:02:29.111530", "frame": 52, "mu": [-1.1705887016211336, 2.8063637789976426, 0.9828448970164919], "Sigma": [[0.0338418650813936, 0.004507421696490779, 0.028368926305758574], [0.004507421696490779, 0.004518488898953038, 0.01137160357405264], [0.028368926305758574, 0.01137160357405264, 0.11593583558995336]], "chi2_level": 0.95, "chi2_df": 3, "chi2_threshold": 7.814727903251179, "N_raw": 101, "N_roi": 101, "N_inlier": 100, "refit": true}
{"timestamp": "18:02:29.163431", "frame": 53, "mu": [-1.0381895630100217, 2.863991845524797, 1.1422091399573353], "Sigma": [[0.021100988707252646, -0.004077671071137163, -0.014501925964986069], [-0.004077671071137163, 0.005933168720434786, 0.0005986794071220423], [-0.014501925964986069, 0.0005986794071220422, 0.022606448663173632]], "chi2_level": 0.95, "chi2_df": 3, "chi2_threshold": 7.814727903251179, "N_raw": 75, "N_roi": 75, "N_inlier": 70, "refit": true}
{"timestamp": "18:02:29.218682", "frame": 54, "mu": [-1.1164086418939287, 2.8807742698780814, 0.9152734063290673], "Sigma": [[0.04636906567745579, 0.006567792998948251, 0.04864296921208848], [0.006567792998948251, 0.004524678027690365, 0.012387665041379399], [0.04864296921208848, 0.012387665041379399, 0.12418208504534821]], "chi2_level": 0.95, "chi2_df": 3, "chi2_threshold": 7.814727903251179, "N_raw": 83, "N_roi": 83, "N_inlier": 80, "refit": true}
{"timestamp": "18:02:29.275850", "frame": 55, "mu": [-1.1371774760569022, 2.9445115643625503, 0.9172727115017381], "Sigma": [[0.03774214318942513, 0.012452915501903007, 0.05724144944812665], [0.01245291550190301, 0.008542215496992514, 0.02718432465311016], [0.05724144944812665, 0.02718432465311016, 0.17141844617049704]], "chi2_level": 0.95, "chi2_df": 3, "chi2_threshold": 7.814727903251179, "N_raw": 91, "N_roi": 91, "N_inlier": 89, "refit": true}
{"timestamp": "18:02:29.332879", "frame": 56, "mu": [-1.160385489718555, 3.2336787360541916, -0.3939289427777426], "Sigma": [[0.06158851416013564, -0.00669675822783378, 0.06537395176915889], [-0.00669675822783378, 0.008203880308433316, -0.030211150792195322], [0.06537395176915889, -0.030211150792195322, 0.15864819408715045]], "chi2_level": 0.95, "chi2_df": 3, "chi2_threshold": 7.814727903251179, "N_raw": 105, "N_roi": 105, "N_inlier": 104, "refit": true}
{"timestamp": "18:02:29.386177", "frame": 57, "mu": [-1.110833159004092, 3.0751634208782357, 0.8606040166097084], "Sigma": [[0.06540827235452883, 0.0022467727702364148, 0.07951991441608382], [0.0022467727702364148, 0.002528608425412228, -0.004848370054872138], [0.07951991441608382, -0.004848370054872139, 0.15781848467622253]], "chi2_level": 0.95, "chi2_df": 3, "chi2_threshold": 7.814727903251179, "N_raw": 87, "N_roi": 85, "N_inlier": 83, "refit": true}
{"timestamp": "18:02:29.437680", "frame": 58, "mu": [-1.0095775035640704, 3.1644531453389035, -0.8235762440441662], "Sigma": [[0.042617417546153225, -0.00017972586997555356, 0.10373720348558033], [-0.00017972586997555334, 0.007049509591960347, -0.0012862086312441857], [0.10373720348558033, -0.001286208631244186, 0.3452501593767767]], "chi2_level": 0.95, "chi2_df": 3, "chi2_threshold": 7.814727903251179, "N_raw": 77, "N_roi": 77, "N_inlier": 76, "refit": true}
{"timestamp": "18:02:29.488972", "frame": 59, "mu": [-0.8566090076818976, 3.326660479408886, -0.1927753158524712], "Sigma": [[0.015178097353938685, -0.012579894434253922, 0.020571111425731634], [-0.012579894434253922, 0.03508571081066042, -0.07357177329022405], [0.020571111425731634, -0.07357177329022405, 0.1653394747972464]], "chi2_level": 0.95, "chi2_df": 3, "chi2_threshold": 7.814727903251179, "N_raw": 42, "N_roi": 42, "N_inlier": 41, "refit": true}
{"timestamp": "18:02:29.543524", "frame": 60, "mu": [-0.8356215220301145, 3.1467286402862196, 0.7575553321804379], "Sigma": [[0.010618219708472714, -0.0022535020028367093, 0.020315830300747385], [-0.0022535020028367093, 0.0025263351502092324, -0.013254647324184585], [0.020315830300747392, -0.013254647324184585, 0.15923473965732785]], "chi2_level": 0.95, "chi2_df": 3, "chi2_threshold": 7.814727903251179, "N_raw": 42, "N_roi": 39, "N_inlier": 37, "refit": true}
{"timestamp": "18:02:29.649987", "frame": 62, "mu": [-0.7577885857854515, 3.1892314953567644, 0.7316873377268079], "Sigma": [[0.004583144725653841, -0.0014017112557258148, 0.02067150410319457], [-0.0014017112557258148, 0.0024193061497324716, -0.011560094432976708], [0.02067150410319457, -0.011560094432976708, 0.15152281319000424]], "chi2_level": 0.95, "chi2_df": 3, "chi2_threshold": 7.814727903251179, "N_raw": 16, "N_roi": 13, "N_inlier": 11, "refit": true}
{"timestamp": "18:02:29.704193", "frame": 63, "mu": [-0.738495483213299, 3.2868569351522336, 0.7495191966377209], "Sigma": [[0.005032495747292246, 0.000546819174705027, -0.0034289298307032135], [0.000546819174705027, 0.005636941445200252, -0.01485462287615607], [-0.0034289298307032126, -0.01485462287615607, 0.29112531724611906]], "chi2_level": 0.95, "chi2_df": 3, "chi2_threshold": 7.814727903251179, "N_raw": 17, "N_roi": 16, "N_inlier": 15, "refit": true}
{"timestamp": "18:02:29.764728", "frame": 64, "mu": [-0.6470072799521721, 3.295167105362342, 1.1321650690828744], "Sigma": [[0.015038777947733376, -0.001079214098719287, -0.004784765827300741], [-0.001079214098719287, 0.002398263524399669, -0.0035083859442130586], [-0.004784765827300742, -0.0035083859442130595, 0.010791589093013062]], "chi2_level": 0.95, "chi2_df": 3, "chi2_threshold": 7.814727903251179, "N_raw": 50, "N_roi": 49, "N_inlier": 44, "refit": true}
{"timestamp": "18:02:29.818551", "frame": 65, "mu": [-0.5741580304121519, 3.3274042747890182, 1.151578879821571], "Sigma": [[0.013928215655259382, 0.0005414630583970211, 0.002345392214801824], [0.0005414630583970212, 0.0021428938666457637, -0.0032026962355168236], [0.002345392214801823, -0.0032026962355168236, 0.0591784927789304]], "chi2_level": 0.95, "chi2_df": 3, "chi2_threshold": 7.814727903251179, "N_raw": 43, "N_roi": 38, "N_inlier": 34, "refit": true}
{"timestamp": "18:02:29.878830", "frame": 66, "mu": [-0.5385940749748211, 3.3303770267915542, 0.9379561794133894], "Sigma": [[0.020803974540483362, 0.00017524926920017812, 0.010420780985252577], [0.0001752492692001781, 0.003665148366729234, -0.011149422085051267], [0.010420780985252577, -0.011149422085051269, 0.18178058618386952]], "chi2_level": 0.95, "chi2_df": 3, "chi2_threshold": 7.814727903251179, "N_raw": 77, "N_roi": 75, "N_inlier": 71, "refit": true}
{"timestamp": "18:02:29.930139", "frame": 67, "mu": [-0.43046579609848024, 3.3343935550258026, 0.9972598940007712], "Sigma": [[0.013368210782379219, -0.0006189409714640295, -0.007036662180578989], [-0.0006189409714640296, 0.0031820413285415404, -0.004144947301585861], [-0.007036662180578989, -0.004144947301585861, 0.02036789382244427]], "chi2_level": 0.95, "chi2_df": 3, "chi2_threshold": 7.814727903251179, "N_raw": 52, "N_roi": 50, "N_inlier": 45, "refit": true}
{"timestamp": "18:02:29.985457", "frame": 68, "mu": [-0.4095065955214761, 3.4048710884159155, 1.0045804768452324], "Sigma": [[0.01970548420498521, -0.0018743398116825697, -0.01027709909718593], [-0.00187433981168257, 0.0034742128797961547, -0.0018179374633277689], [-0.010277099097185929, -0.001817937463327769, 0.012588614059952355]], "chi2_level": 0.95, "chi2_df": 3, "chi2_threshold": 7.814727903251179, "N_raw": 58, "N_roi": 56, "N_inlier": 52, "refit": true}
{"timestamp": "18:02:30.034331", "frame": 69, "mu": [-0.22959925031409426, 3.309444285784466, 0.9972677489249334], "Sigma": [[0.0040226581136306875, -0.0008366713365004652, -0.003043670572911962], [-0.0008366713365004652, 0.0035737586116466914, 0.0009936046215996612], [-0.0030436705729119614, 0.000993604621599661, 0.002988522416867703]], "chi2_level": 0.95, "chi2_df": 3, "chi2_threshold": 7.814727903251179, "N_raw": 17, "N_roi": 17, "N_inlier": 15, "refit": true}
{"timestamp": "18:02:30.092129", "frame": 70, "mu": [-0.23155636118725081, 3.335344049610388, 1.0540416300088469], "Sigma": [[0.013268862369316852, -0.0011204673847601567, -0.009327348951118294], [-0.0011204673847601565, 0.0037983513021281026, 0.00131532267199903], [-0.009327348951118294, 0.00131532267199903, 0.007337651287720629]], "chi2_level": 0.95, "chi2_df": 3, "chi2_threshold": 7.814727903251179, "N_raw": 40, "N_roi": 40, "N_inlier": 37, "refit": true}
{"timestamp": "18:02:30.149117", "frame": 71, "mu": [-0.14840659839682913, 3.4671285815918007, 1.0573907290037305], "Sigma": [[0.008463015180509527, 0.0012576605910047261, -0.01113666296003183], [0.0012576605910047261, 0.01242548175367933, -0.03779710468723553], [-0.01113666296003183, -0.03779710468723554, 0.17293862867343232]], "chi2_level": 0.95, "chi2_df": 3, "chi2_threshold": 7.814727903251179, "N_raw": 31, "N_roi": 28, "N_inlier": 27, "refit": true}
{"timestamp": "18:02:30.203296", "frame": 72, "mu": [-0.1343622626273519, 3.4156738372833226, 1.1210928906443065], "Sigma": [[0.013617094612759914, 0.0022063029679352747, -0.0004838336241932223], [0.0022063029679352747, 0.006145274284278057, 0.002987362017100723], [-0.0004838336241932223, 0.002987362017100723, 0.002194175255335761]], "chi2_level": 0.95, "chi2_df": 3, "chi2_threshold": 7.814727903251179, "N_raw": 45, "N_roi": 43, "N_inlier": 39, "refit": true}
{"timestamp": "18:02:30.259627", "frame": 73, "mu": [-0.08197125192069518, 3.4283452133292256, 1.2392602510636594], "Sigma": [[0.014690939880498844, 0.0003521018094717155, -0.0005531368716741127], [0.0003521018094717155, 0.005380142451772684, 0.00047734406300288523], [-0.0005531368716741127, 0.00047734406300288534, 0.003922209730069159]], "chi2_level": 0.95, "chi2_df": 3, "chi2_threshold": 7.814727903251179, "N_raw": 54, "N_roi": 54, "N_inlier": 49, "refit": true}
{"timestamp": "18:02:30.315190", "frame": 74, "mu": [-0.0435023546554859, 3.3882664260407904, 1.1025979145242322], "Sigma": [[0.014754509686858657, 0.0008941341294966818, -0.0009864659072569351], [0.0008941341294966818, 0.003937096520799424, -0.002820812803455041], [-0.0009864659072569355, -0.0028208128034550406, 0.004622710051891078]], "chi2_level": 0.95, "chi2_df": 3, "chi2_threshold": 7.814727903251179, "N_raw": 54, "N_roi": 53, "N_inlier": 50, "refit": true}
{"timestamp": "18:02:30.371571", "frame": 75, "mu": [0.0400747294798976, 3.3514617724360494, 1.0635357951675333], "Sigma": [[0.0178609673354181, 0.004737241431166321, 0.009597311702010506], [0.004737241431166321, 0.006460280230091605, 0.00046589204270704014], [0.009597311702010506, 0.0004658920427070399, 0.008213228019460854]], "chi2_level": 0.95, "chi2_df": 3, "chi2_threshold": 7.814727903251179, "N_raw": 66, "N_roi": 63, "N_inlier": 60, "refit": true}
{"timestamp": "18:02:30.425381", "frame": 76, "mu": [0.13478451166005648, 3.4217270184124304, -0.3005370829587436], "Sigma": [[0.013876027952859379, 0.00463508037819092, 0.04514153155085758], [0.00463508037819092, 0.008955857868618716, 0.013010721178623367], [0.04514153155085759, 0.013010721178623367, 0.24216224758650506]], "chi2_level": 0.95, "chi2_df": 3, "chi2_threshold": 7.814727903251179, "N_raw": 62, "N_roi": 59, "N_inlier": 59, "refit": true}
{"timestamp": "18:02:30.478250", "frame": 77, "mu": [0.21842768330643564, 3.320418346502957, 1.2962180463234954], "Sigma": [[0.014770177545486268, 0.0013061170255309548, 0.006497526452237082], [0.0013061170255309548, 0.0030174272349123028, 0.0008905122773242178], [0.006497526452237082, 0.0008905122773242178, 0.003894814317024121]], "chi2_level": 0.95, "chi2_df": 3, "chi2_threshold": 7.814727903251179, "N_raw": 40, "N_roi": 38, "N_inlier": 37, "refit": true}
{"timestamp": "18:02:30.534062", "frame": 78, "mu": [0.2897802130370081, 3.3015864000550468, 1.1921666374580655], "Sigma": [[0.016630485672637023, -0.0012113450166199105, -0.003237337064332651], [-0.0012113450166199107, 0.0024182120419576295, -0.0013302779458795766], [-0.003237337064332651, -0.0013302779458795764, 0.0042569525211833695]], "chi2_level": 0.95, "chi2_df": 3, "chi2_threshold": 7.814727903251179, "N_raw": 46, "N_roi": 43, "N_inlier": 42, "refit": true}
{"timestamp": "18:02:30.586682", "frame": 79, "mu": [0.3010461506122762, 3.2823769809116876, 1.1009148068586654], "Sigma": [[0.010374034943342717, 0.0005515437556865298, -0.002912339639752559], [0.0005515437556865297, 0.0027802768226221084, -0.0006116560359347355], [-0.002912339639752559, -0.0006116560359347355, 0.0021912428888837742]], "chi2_level": 0.95, "chi2_df": 3, "chi2_threshold": 7.814727903251179, "N_raw": 32, "N_roi": 32, "N_inlier": 31, "refit": true}
{"timestamp": "18:02:30.645430", "frame": 80, "mu": [0.3679853123999315, 3.253769136557284, 1.0490016211381723], "Sigma": [[0.016415222853565115, 0.001644711345932132, -0.005501372696853472], [0.0016447113459321316, 0.007462874632097005, -0.00022153505729294385], [-0.005501372696853472, -0.00022153505729294383, 0.0026361316955115874]], "chi2_level": 0.95, "chi2_df": 3, "chi2_threshold": 7.814727903251179, "N_raw": 62, "N_roi": 62, "N_inlier": 61, "refit": true}
{"timestamp": "18:02:30.700267", "frame": 81, "mu": [0.460343232180701, 3.15271933880748, 0.9048050066545686], "Sigma": [[0.01586989812585482, -0.006102829706615048, -0.011648544355624367], [-0.0061028297066150474, 0.009231644401638279, 0.006748087271996861], [-0.011648544355624367, 0.006748087271996861, 0.010420277762882567]], "chi2_level": 0.95, "chi2_df": 3, "chi2_threshold": 7.814727903251179, "N_raw": 57, "N_roi": 55, "N_inlier": 53, "refit": true}
{"timestamp": "18:02:30.755732", "frame": 82, "mu": [0.3884974716795799, 3.15063768973848, 1.0469588956337343], "Sigma": [[0.016918154629246437, -0.004868287796361767, -0.014911425668653236], [-0.004868287796361765, 0.006666977207432545, 0.003918329690057886], [-0.014911425668653236, 0.003918329690057886, 0.014874696009342468]], "chi2_level": 0.95, "chi2_df": 3, "chi2_threshold": 7.814727903251179, "N_raw": 59, "N_roi": 58, "N_inlier": 56, "refit": true}
{"timestamp": "18:02:30.809516", "frame": 83, "mu": [0.529501366452062, 3.0627462716382032, 0.9097651413406903], "Sigma": [[0.016614526701948972, -0.004298979887435118, -0.00823855798286609], [-0.004298979887435119, 0.0053869468836031135, 0.0026209847136750316], [-0.008238557982866091, 0.0026209847136750316, 0.004932997315702603]], "chi2_level": 0.95, "chi2_df": 3, "chi2_threshold": 7.814727903251179, "N_raw": 49, "N_roi": 48, "N_inlier": 46, "refit": true}
{"timestamp": "18:02:30.863801", "frame": 84, "mu": [0.5961822237062943, 3.101460422514529, 1.0292086678893766], "Sigma": [[0.012152323068050253, -0.0028918517110022943, -0.006644462239945399], [-0.002891851711002294, 0.00342952948059098, -0.0011780267176657586], [-0.006644462239945399, -0.0011780267176657584, 0.011166148310879526]], "chi2_level": 0.95, "chi2_df": 3, "chi2_threshold": 7.814727903251179, "N_raw": 49, "N_roi": 48, "N_inlier": 45, "refit": true}
{"timestamp": "18:02:30.970174", "frame": 86, "mu": [0.6019523722358032, 2.951734203537228, 0.9497049831741315], "Sigma": [[0.011311049444437093, -0.0032749552487316993, -0.006026812327504021], [-0.0032749552487316993, 0.0021447206274247763, 0.0011698550931983171], [-0.006026812327504021, 0.0011698550931983171, 0.0044134867646036064]], "chi2_level": 0.95, "chi2_df": 3, "chi2_threshold": 7.814727903251179, "N_raw": 27, "N_roi": 27, "N_inlier": 26, "refit": true}
{"timestamp": "18:02:31.032771", "frame": 87, "mu": [0.6851579810180771, 2.84939308120997, 0.8318342859917914], "Sigma": [[0.020802768879062954, -0.003919745500086176, -0.010619614446843399], [-0.003919745500086176, 0.0070629228181188905, 0.0013892685321802935], [-0.010619614446843399, 0.0013892685321802937, 0.008292404653157823]], "chi2_level": 0.95, "chi2_df": 3, "chi2_threshold": 7.814727903251179, "N_raw": 75, "N_roi": 75, "N_inlier": 69, "refit": true}
{"timestamp": "18:02:31.089695", "frame": 88, "mu": [0.7512485553959781, 2.8213403505009107, 0.7826260413579904], "Sigma": [[0.02886298092980106, -0.004093706644122256, -0.024256580169663478], [-0.004093706644122256, 0.002019904142928546, 0.0003893089973770337], [-0.024256580169663478, 0.0003893089973770336, 0.03343347110860005]], "chi2_level": 0.95, "chi2_df": 3, "chi2_threshold": 7.814727903251179, "N_raw": 72, "N_roi": 72, "N_inlier": 68, "refit": true}
