{"timestamp": "18:20:12.721865", "frame": 1, "mu": [1.9986503554688613, 4.537514988820162, 0.8804555274080859], "Sigma": [[0.026754025738412117, -0.013409957425672072, -0.009503796617457313], [-0.013409957425672072, 0.008059020855063154, 0.004734178444571644], [-0.009503796617457313, 0.004734178444571644, 0.008219878479002097]], "chi2_level": 0.95, "chi2_df": 3, "chi2_threshold": 7.814727903251179, "N_raw": 31, "N_roi": 27, "N_inlier": 24, "refit": true}
{"timestamp": "18:20:12.777147", "frame": 2, "mu": [1.978701383901565, 4.589639170841231, 1.0396452095546647], "Sigma": [[0.008439006258825316, -0.00492558064363876, -0.002465355330418712], [-0.00492558064363876, 0.004021892464385891, -0.005314478423090033], [-0.002465355330418712, -0.005314478423090033, 0.04811043182666064]], "chi2_level": 0.95, "chi2_df": 3, "chi2_threshold": 7.814727903251179, "N_raw": 15, "N_roi": 13, "N_inlier": 12, "refit": true}
{"timestamp": "18:20:12.834724", "frame": 3, "mu": [2.052385674729847, 4.546870033841587, 1.1826447003970035], "Sigma": [[0.02621958428847247, -0.01370495056009982, -0.008546626104538156], [-0.013704950560099818, 0.00920310585820801, 0.00018484375372299902], [-0.008546626104538156, 0.00018484375372299902, 0.01680991550611343]], "chi2_level": 0.95, "chi2_df": 3, "chi2_threshold": 7.814727903251179, "N_raw": 40, "N_roi": 36, "N_inlier": 35, "refit": true}
{"timestamp": "18:20:12.890061", "frame": 4, "mu": [2.0800330421208164, 4.593141154417739, 1.1958628095487958], "Sigma": [[0.031139074013288442, -0.015213149065165412, -0.02234363377072914], [-0.015213149065165412, 0.009644909607155909, 0.008701664121059537], [-0.022343633770729142, 0.008701664121059537, 0.02185299949347834]], "chi2_level": 0.95, "chi2_df": 3, "chi2_threshold": 7.814727903251179, "N_raw": 37, "N_roi": 34, "N_inlier": 33, "refit": true}
{"timestamp": "18:20:12.941859", "frame": 5, "mu": [1.9882283462744257, 4.649295338802081, 1.28210625516953], "Sigma": [[0.0066239454224829766, -0.00341163267450917, -0.004383898062532188], [-0.00341163267450917, 0.004290762365229355, 0.0020141309609552063], [-0.004383898062532188, 0.0020141309609552063, 0.005257163422764679]], "chi2_level": 0.95, "chi2_df": 3, "chi2_threshold": 7.814727903251179, "N_raw": 17, "N_roi": 12, "N_inlier": 10, "refit": true}
{"timestamp": "18:20:12.997117", "frame": 6, "mu": [1.9989876270746496, 4.651370479062978, 1.2939585452683686], "Sigma": [[0.014920791935476215, -0.006616257984994059, -0.0041307830864904796], [-0.006616257984994059, 0.004363841293679143, 0.0009137632725350036], [-0.00413078308649048, 0.0009137632725350037, 0.00518677502419414]], "chi2_level": 0.95, "chi2_df": 3, "chi2_threshold": 7.814727903251179, "N_raw": 16, "N_roi": 14, "N_inlier": 12, "refit": true}
{"timestamp": "18:20:13.107712", "frame": 8, "mu": [1.9873486486045162, 4.7247673308914475, 1.4463825465562392], "Sigma": [[0.01787428105461502, -0.008101681649930664, -0.006788457456084536], [-0.008101681649930664, 0.005934605843960484, 0.004142963584962403], [-0.006788457456084536, 0.004142963584962403, 0.007025192642435953]], "chi2_level": 0.95, "chi2_df": 3, "chi2_threshold": 7.814727903251179, "N_raw": 23, "N_roi": 21, "N_inlier": 19, "refit": true}
{"timestamp": "18:20:13.163461", "frame": 9, "mu": [1.9889686359088607, 4.743237468106241, 0.5843715684904918], "Sigma": [[0.025461066760965215, -0.008378520754157454, -0.012323209472193758], [-0.008378520754157456, 0.005005039995589682, 0.0061255758766835455], [-0.012323209472193761, 0.0061255758766835455, 0.011469369985366358]], "chi2_level": 0.95, "chi2_df": 3, "chi2_threshold": 7.814727903251179, "N_raw": 32, "N_roi": 32, "N_inlier": 30, "refit": true}
{"timestamp": "18:20:13.219629", "frame": 10, "mu": [2.0302420960152148, 4.700236187503303, 1.2620159412172829], "Sigma": [[0.025709491821003436, -0.014960868019118733, -0.008707256441988252], [-0.014960868019118733, 0.011872093989142522, 0.005339591115481132], [-0.008707256441988252, 0.005339591115481132, 0.0044855515446810615]], "chi2_level": 0.95, "chi2_df": 3, "chi2_threshold": 7.814727903251179, "N_raw": 36, "N_roi": 33, "N_inlier": 31, "refit": true}
{"timestamp": "18:20:13.328452", "frame": 12, "mu": [2.0408720146118093, 4.746951144402668, 1.0375848271472077], "Sigma": [[0.025702786799883054, -0.006196391845137646, -0.04091891151602679], [-0.0061963918451376455, 0.004295667491101834, 0.003131254306344087], [-0.04091891151602679, 0.0031312543063440872, 0.12100390636436453]], "chi2_level": 0.95, "chi2_df": 3, "chi2_threshold": 7.814727903251179, "N_raw": 28, "N_roi": 24, "N_inlier": 23, "refit": true}
{"timestamp": "18:20:13.381499", "frame": 13, "mu": [1.9924158144463786, 4.854444860197162, 0.3618631340543231], "Sigma": [[0.010965487819284787, -0.00431447597912331, -0.0020620756874624915], [-0.00431447597912331, 0.005613426717193491, -0.0015552423050651846], [-0.0020620756874624915, -0.0015552423050651846, 0.0031103768518569042]], "chi2_level": 0.95, "chi2_df": 3, "chi2_threshold": 7.814727903251179, "N_raw": 20, "N_roi": 18, "N_inlier": 17, "refit": true}
{"timestamp": "18:20:13.438523", "frame": 14, "mu": [2.028277117185074, 4.766312662758485, 1.2347097100432132], "Sigma": [[0.025410105520838392, -0.013843386878726237, -0.010971098586140064], [-0.013843386878726237, 0.010919297880645993, 0.0040970996899419125], [-0.010971098586140064, 0.0040970996899419125, 0.00817149332493119]], "chi2_level": 0.95, "chi2_df": 3, "chi2_threshold": 7.814727903251179, "N_raw": 36, "N_roi": 33, "N_inlier": 33, "refit": true}
{"timestamp": "18:20:13.603585", "frame": 17, "mu": [2.0286638186484454, 4.735361997027164, 1.0247190115804174], "Sigma": [[0.020443849149553186, -0.009757771829826619, -0.008536150681511895], [-0.009757771829826619, 0.007439797562123614, 0.002055038670425357], [-0.008536150681511895, 0.002055038670425357, 0.007584983324173326]], "chi2_level": 0.95, "chi2_df": 3, "chi2_threshold": 7.814727903251179, "N_raw": 31, "N_roi": 31, "N_inlier": 31, "refit": true}
{"timestamp": "18:20:13.662997", "frame": 18, "mu": [2.0421897375468636, 4.832763558254878, 0.27819057184583224], "Sigma": [[0.03550957915869882, -0.012301250136841649, -0.015872385343036005], [-0.012301250136841649, 0.00952531425863056, 0.0031479444322429955], [-0.015872385343036005, 0.003147944432242996, 0.010117205613066666]], "chi2_level": 0.95, "chi2_df": 3, "chi2_threshold": 7.814727903251179, "N_raw": 62, "N_roi": 46, "N_inlier": 46, "refit": true}
{"timestamp": "18:20:13.714685", "frame": 19, "mu": [2.0084234838254145, 4.7795183454692305, -0.6220098525900994], "Sigma": [[0.021234976014302423, -0.006765363007325817, 0.05056793902778369], [-0.006765363007325819, 0.006266094374224317, -0.007777581487231566], [0.05056793902778369, -0.007777581487231565, 0.25175845612633374]], "chi2_level": 0.95, "chi2_df": 3, "chi2_threshold": 7.814727903251179, "N_raw": 33, "N_roi": 33, "N_inlier": 33, "refit": true}
{"timestamp": "18:20:13.822195", "frame": 21, "mu": [2.1284352294188427, 4.710031747753753, 0.9119418173629618], "Sigma": [[0.010174575829701377, -0.004035743975390863, 0.0009548222848438009], [-0.004035743975390863, 0.003216181609490289, -0.0018866810038376527], [0.0009548222848438009, -0.0018866810038376527, 0.003649425377552959]], "chi2_level": 0.95, "chi2_df": 3, "chi2_threshold": 7.814727903251179, "N_raw": 22, "N_roi": 18, "N_inlier": 16, "refit": true}
{"timestamp": "18:20:13.932585", "frame": 23, "mu": [2.004622291622871, 4.73558800267936, 1.122541683346732], "Sigma": [[0.015168865857602392, -0.007744176152752545, -0.008617528801726436], [-0.007744176152752545, 0.006254282213822484, 0.0050876029050531115], [-0.008617528801726436, 0.0050876029050531115, 0.007097338567681403]], "chi2_level": 0.95, "chi2_df": 3, "chi2_threshold": 7.814727903251179, "N_raw": 24, "N_roi": 21, "N_inlier": 20, "refit": true}
{"timestamp": "18:20:13.991134", "frame": 24, "mu": [2.068555524829277, 4.636449254414166, 0.9709661931067], "Sigma": [[0.017271675374782774, -0.009318985169577364, -0.007239042316653693], [-0.009318985169577364, 0.006078590383814962, 0.001062645144926213], [-0.007239042316653694, 0.001062645144926213, 0.023970934278061025]], "chi2_level": 0.95, "chi2_df": 3, "chi2_threshold": 7.814727903251179, "N_raw": 47, "N_roi": 27, "N_inlier": 26, "refit": true}
{"timestamp": "18:20:14.046343", "frame": 25, "mu": [2.0521070794306917, 4.647672098027817, 0.852080155895516], "Sigma": [[0.029279935414584065, -0.013616350629179425, -0.014469743800228372], [-0.013616350629179423, 0.010367411484295364, 0.0033253949633302274], [-0.014469743800228372, 0.0033253949633302274, 0.015556956903924094]], "chi2_level": 0.95, "chi2_df": 3, "chi2_threshold": 7.814727903251179, "N_raw": 48, "N_roi": 48, "N_inlier": 46, "refit": true}
{"timestamp": "18:20:14.102533", "frame": 26, "mu": [2.154862969415624, 4.558863159389112, 0.7737429252801017], "Sigma": [[0.03834031990130113, -0.014762795283317037, -0.011354234769210254], [-0.014762795283317037, 0.00934915195587416, 0.0007988869837705511], [-0.011354234769210254, 0.0007988869837705511, 0.020611299131386034]], "chi2_level": 0.95, "chi2_df": 3, "chi2_threshold": 7.814727903251179, "N_raw": 54, "N_roi": 52, "N_inlier": 52, "refit": true}
{"timestamp": "18:20:14.154087", "frame": 27, "mu": [1.9478287271435668, 4.673556048798428, 1.0070702055449121], "Sigma": [[0.01349747444714051, -0.006561287606260547, -0.011527241488199655], [-0.006561287606260547, 0.004375579509366613, 0.0008124020084681606], [-0.011527241488199655, 0.0008124020084681605, 0.0401892428588488]], "chi2_level": 0.95, "chi2_df": 3, "chi2_threshold": 7.814727903251179, "N_raw": 33, "N_roi": 30, "N_inlier": 29, "refit": true}
{"timestamp": "18:20:14.266624", "frame": 29, "mu": [2.0493571192078823, 4.535385457709742, 0.9474296245664141], "Sigma": [[0.02952493001101341, -0.013776047388048274, -0.004157015659107727], [-0.013776047388048274, 0.00854042388161297, -0.0037377841150710474], [-0.004157015659107726, -0.0037377841150710474, 0.024089758955141885]], "chi2_level": 0.95, "chi2_df": 3, "chi2_threshold": 7.814727903251179, "N_raw": 51, "N_roi": 49, "N_inlier": 47, "refit": true}
{"timestamp": "18:20:14.319351", "frame": 30, "mu": [2.0530365617946997, 4.515906918453508, 0.7756514969303189], "Sigma": [[0.014205745419910794, -0.007343727217969425, 0.0030693637487928275], [-0.007343727217969425, 0.004271189481837801, -0.0038571144529129945], [0.003069363748792827, -0.0038571144529129945, 0.0275354848660847]], "chi2_level": 0.95, "chi2_df": 3, "chi2_threshold": 7.814727903251179, "N_raw": 30, "N_roi": 28, "N_inlier": 25, "refit": true}
{"timestamp": "18:20:14.373963", "frame": 31, "mu": [2.0689296650607436, 4.502269796087591, 0.6821358933079612], "Sigma": [[0.02577757069824419, -0.012824400191206505, -0.009464417196291307], [-0.012824400191206505, 0.009128943409771894, 0.0032262319906631396], [-0.009464417196291307, 0.003226231990663139, 0.0066740969903650435]], "chi2_level": 0.95, "chi2_df": 3, "chi2_threshold": 7.814727903251179, "N_raw": 33, "N_roi": 33, "N_inlier": 33, "refit": true}
{"timestamp": "18:20:14.428141", "frame": 32, "mu": [1.9197063098476823, 4.5253044714922686, 0.8233935865331217], "Sigma": [[0.017171986287347736, -0.007741053800647506, 0.0014002879270005799], [-0.007741053800647506, 0.004013802626739613, 0.002018546026640329], [0.0014002879270005805, 0.002018546026640329, 0.0613942178753165]], "chi2_level": 0.95, "chi2_df": 3, "chi2_threshold": 7.814727903251179, "N_raw": 31, "N_roi": 31, "N_inlier": 30, "refit": true}
{"timestamp": "18:20:14.488627", "frame": 33, "mu": [1.9465314465028887, 4.4349366635435254, 0.5692987325610718], "Sigma": [[0.03467570710535007, -0.015123448594854578, 0.0021925602969849337], [-0.015123448594854578, 0.007623028177717907, -0.004341395704973796], [0.0021925602969849337, -0.004341395704973796, 0.06977723969906297]], "chi2_level": 0.95, "chi2_df": 3, "chi2_threshold": 7.814727903251179, "N_raw": 66, "N_roi": 66, "N_inlier": 64, "refit": true}
{"timestamp": "18:20:14.541706", "frame": 34, "mu": [1.960494530072768, 4.613617280220694, -0.2166632685762751], "Sigma": [[0.027954590912305514, -0.009294179234607519, -0.01973126300816818], [-0.009294179234607517, 0.008202500153874361, -0.0050121987583630085], [-0.01973126300816818, -0.0050121987583630085, 0.07533731116331943]], "chi2_level": 0.95, "chi2_df": 3, "chi2_threshold": 7.814727903251179, "N_raw": 50, "N_roi": 50, "N_inlier": 48, "refit": true}
{"timestamp": "18:20:14.595893", "frame": 35, "mu": [1.881068274832543, 4.493160178584272, 0.7893853551259814], "Sigma": [[0.020181683348454733, -0.012445513730969792, -0.014957837287397819], [-0.012445513730969793, 0.009324147697444172, 0.004495655810140083], [-0.014957837287397819, 0.004495655810140083, 0.032280568664859524]], "chi2_level": 0.95, "chi2_df": 3, "chi2_threshold": 7.814727903251179, "N_raw": 44, "N_roi": 41, "N_inlier": 40, "refit": true}
{"timestamp": "18:20:14.700588", "frame": 37, "mu": [1.869826462373402, 4.329157727263182, 0.497397156854745], "Sigma": [[0.007877926215727932, -0.006178975391215152, -0.004019719147697318], [-0.006178975391215152, 0.0071333408411738755, 0.003689618988772588], [-0.004019719147697318, 0.0036896189887725885, 0.0034836506992322104]], "chi2_level": 0.95, "chi2_df": 3, "chi2_threshold": 7.814727903251179, "N_raw": 15, "N_roi": 15, "N_inlier": 14, "refit": true}
{"timestamp": "18:20:14.870403", "frame": 40, "mu": [1.8141868962850567, 4.344460233656836, -0.546613446508887], "Sigma": [[0.03007453292653616, -0.0006751090523634748, 0.04891911030811483], [-0.0006751090523634749, 0.00439092939452468, 0.004074790259191791], [0.04891911030811483, 0.004074790259191791, 0.2055775256531863]], "chi2_level": 0.95, "chi2_df": 3, "chi2_threshold": 7.814727903251179, "N_raw": 49, "N_roi": 49, "N_inlier": 48, "refit": true}
{"timestamp": "18:20:14.922926", "frame": 41, "mu": [1.7486365043161705, 4.260833594689848, 0.7504558439184176], "Sigma": [[0.017625489746544418, -0.012135641797343104, -0.016809116537538867], [-0.012135641797343106, 0.011198265164706882, 0.011521035573303428], [-0.016809116537538867, 0.011521035573303428, 0.019117554310856762]], "chi2_level": 0.95, "chi2_df": 3, "chi2_threshold": 7.814727903251179, "N_raw": 26, "N_roi": 26, "N_inlier": 24, "refit": true}
{"timestamp": "18:20:14.976719", "frame": 42, "mu": [1.7468643751778827, 4.264853177298035, 0.7541346782461062], "Sigma": [[0.016755894979797036, -0.011304549173143396, -0.012922762879644228], [-0.011304549173143398, 0.0105890954860845, 0.010533791068352009], [-0.01292276287964423, 0.010533791068352005, 0.012362914131197467]], "chi2_level": 0.95, "chi2_df": 3, "chi2_threshold": 7.814727903251179, "N_raw": 22, "N_roi": 22, "N_inlier": 21, "refit": true}
{"timestamp": "18:20:15.037709", "frame": 43, "mu": [1.7379703272691873, 4.251572381269537, 0.9673407853855763], "Sigma": [[0.033227738484985614, -0.012163185827357623, -0.015617738765283069], [-0.012163185827357623, 0.008118319507887729, 0.0018906984946814504], [-0.015617738765283069, 0.0018906984946814504, 0.014334198652398157]], "chi2_level": 0.95, "chi2_df": 3, "chi2_threshold": 7.814727903251179, "N_raw": 62, "N_roi": 54, "N_inlier": 53, "refit": true}
{"timestamp": "18:20:15.094960", "frame": 44, "mu": [1.7605830507048492, 4.197776845142897, 0.8982510889363675], "Sigma": [[0.02972572629996425, -0.015515357331077641, -0.016889962679110478], [-0.01551535733107764, 0.012573139303056724, 0.0018367485448592933], [-0.016889962679110478, 0.0018367485448592933, 0.02442847953448702]], "chi2_level": 0.95, "chi2_df": 3, "chi2_threshold": 7.814727903251179, "N_raw": 66, "N_roi": 62, "N_inlier": 62, "refit": true}
{"timestamp": "18:20:15.148006", "frame": 45, "mu": [1.5813624125157664, 4.298342486788917, 0.7916836936314514], "Sigma": [[0.030141875541596218, -0.021901092738335765, -0.028114569283488572], [-0.021901092738335765, 0.022411695443893508, 0.018575463948348768], [-0.028114569283488572, 0.018575463948348768, 0.03188774510944148]], "chi2_level": 0.95, "chi2_df": 3, "chi2_threshold": 7.814727903251179, "N_raw": 59, "N_roi": 59, "N_inlier": 56, "refit": true}
{"timestamp": "18:20:15.202775", "frame": 46, "mu": [1.7103445686069223, 4.109609938796505, 0.5950153715548464], "Sigma": [[0.03121811915158427, -0.023723514844659684, -0.03273489775289594], [-0.023723514844659684, 0.02304650711562129, 0.026453828599261316], [-0.03273489775289594, 0.02645382859926132, 0.037072125537381075]], "chi2_level": 0.95, "chi2_df": 3, "chi2_threshold": 7.814727903251179, "N_raw": 52, "N_roi": 42, "N_inlier": 41, "refit": true}
{"timestamp": "18:20:15.253673", "frame": 47, "mu": [1.6175788055568678, 4.339059593788899, -0.6392809786172184], "Sigma": [[0.017502204681634603, -0.005279600095581578, 0.004971966268980903], [-0.005279600095581578, 0.005103516192965012, -0.00039950625267812126], [0.004971966268980903, -0.00039950625267812126, 0.0034127237329983568]], "chi2_level": 0.95, "chi2_df": 3, "chi2_threshold": 7.814727903251179, "N_raw": 33, "N_roi": 33, "N_inlier": 32, "refit": true}
{"timestamp": "18:20:15.306741", "frame": 48, "mu": [1.723147271502306, 4.052998189014872, 0.5476945007436669], "Sigma": [[0.00904816309877013, -0.004475264609170224, -0.00556905983170555], [-0.004475264609170224, 0.0033746875373811894, 0.0016053136386310484], [-0.005569059831705549, 0.0016053136386310484, 0.006648474257896554]], "chi2_level": 0.95, "chi2_df": 3, "chi2_threshold": 7.814727903251179, "N_raw": 18, "N_roi": 17, "N_inlier": 16, "refit": true}
{"timestamp": "18:20:15.364967", "frame": 49, "mu": [1.6400302805828715, 4.231233957671559, -0.27721190705536886], "Sigma": [[0.029477708677917047, -0.009963209155473992, -0.015322535990442528], [-0.009963209155473992, 0.006245655474264571, 0.0012337674999695304], [-0.015322535990442528, 0.00123376749996953, 0.015781356535239027]], "chi2_level": 0.95, "chi2_df": 3, "chi2_threshold": 7.814727903251179, "N_raw": 43, "N_roi": 42, "N_inlier": 40, "refit": true}
{"timestamp": "18:20:15.422161", "frame": 50, "mu": [1.7118819722007477, 4.104101137355282, -0.3182952696927516], "Sigma": [[0.02927978444379112, -0.007488884829856766, -0.031854926549084915], [-0.007488884829856766, 0.005128027344137565, 0.001061494199209883], [-0.031854926549084915, 0.0010614941992098826, 0.05339304142447317]], "chi2_level": 0.95, "chi2_df": 3, "chi2_threshold": 7.814727903251179, "N_raw": 47, "N_roi": 45, "N_inlier": 44, "refit": true}
{"timestamp": "18:20:15.530227", "frame": 52, "mu": [1.557173512990761, 4.073436440535037, -0.1517692246359284], "Sigma": [[0.02965947136518901, -0.011585965831294058, -0.019709407856423954], [-0.011585965831294058, 0.008527695251845544, 0.0041187662384222475], [-0.019709407856423954, 0.0041187662384222475, 0.017605109288279748]], "chi2_level": 0.95, "chi2_df": 3, "chi2_threshold": 7.814727903251179, "N_raw": 47, "N_roi": 47, "N_inlier": 46, "refit": true}
{"timestamp": "18:20:15.585925", "frame": 53, "mu": [1.506410124054221, 4.087582242819342, -0.04791860214666512], "Sigma": [[0.02583872647595241, -0.006040890148773836, -0.014808395878719793], [-0.006040890148773835, 0.004718642286080009, 0.001856343019237097], [-0.014808395878719793, 0.0018563430192370975, 0.010856124499684466]], "chi2_level": 0.95, "chi2_df": 3, "chi2_threshold": 7.814727903251179, "N_raw": 39, "N_roi": 39, "N_inlier": 37, "refit": true}
{"timestamp": "18:20:15.643001", "frame": 54, "mu": [1.5491211450992648, 3.8748394775563813, 0.8726699916951222], "Sigma": [[0.03142296411274227, -0.016098085448402542, -0.02020804075436799], [-0.016098085448402542, 0.010566231566757168, 0.005993566147177576], [-0.02020804075436799, 0.005993566147177576, 0.026332388251728477]], "chi2_level": 0.95, "chi2_df": 3, "chi2_threshold": 7.814727903251179, "N_raw": 60, "N_roi": 60, "N_inlier": 56, "refit": true}
{"timestamp": "18:20:15.752405", "frame": 56, "mu": [1.4384092910279083, 3.824761668732847, 0.6975109440014514], "Sigma": [[0.022248966263009366, -0.012394559141705608, -0.00634551909595836], [-0.012394559141705608, 0.00951956182455824, 0.0002132530980414407], [-0.006345519095958361, 0.0002132530980414408, 0.06052496028481659]], "chi2_level": 0.95, "chi2_df": 3, "chi2_threshold": 7.814727903251179, "N_raw": 62, "N_roi": 62, "N_inlier": 60, "refit": true}
{"timestamp": "18:20:15.808229", "frame": 57, "mu": [1.3796243085832247, 3.998016524537926, -0.19170836844200279], "Sigma": [[0.02055407880969847, -0.007966222336209694, 0.0018047058764357376], [-0.007966222336209694, 0.010365585727860605, -0.016539136218788154], [0.0018047058764357367, -0.016539136218788154, 0.039154899213677694]], "chi2_level": 0.95, "chi2_df": 3, "chi2_threshold": 7.814727903251179, "N_raw": 56, "N_roi": 56, "N_inlier": 54, "refit": true}
{"timestamp": "18:20:15.863061", "frame": 58, "mu": [1.3352560802872482, 3.8165620458118346, 0.773347525990327], "Sigma": [[0.0276054704554927, -0.010034899411144636, 0.010094539333885467], [-0.010034899411144636, 0.0060470697328861905, -0.008399147354373585], [0.010094539333885467, -0.008399147354373587, 0.04320437821921985]], "chi2_level": 0.95, "chi2_df": 3, "chi2_threshold": 7.814727903251179, "N_raw": 64, "N_roi": 64, "N_inlier": 63, "refit": true}
{"timestamp": "18:20:15.916692", "frame": 59, "mu": [1.1508749173495398, 4.11922503513471, -0.33112064503896904], "Sigma": [[0.0237373964316719, -0.00538550534381382, -0.0024748352243703165], [-0.00538550534381382, 0.005716595938377949, -0.0006394548685835904], [-0.0024748352243703173, -0.0006394548685835904, 0.0187567019618586]], "chi2_level": 0.95, "chi2_df": 3, "chi2_threshold": 7.814727903251179, "N_raw": 43, "N_roi": 43, "N_inlier": 39, "refit": true}
{"timestamp": "18:20:15.965257", "frame": 60, "mu": [1.1389453055102399, 3.8401850897639376, 0.8083486072539305], "Sigma": [[0.0059901777243022754, -0.001912668171715079, 0.012098004895371085], [-0.0019126681717150785, 0.003715721056379999, -0.004125179230326245], [0.012098004895371084, -0.004125179230326245, 0.18498382026964158]], "chi2_level": 0.95, "chi2_df": 3, "chi2_threshold": 7.814727903251179, "N_raw": 10, "N_roi": 10, "N_inlier": 10, "refit": true}
{"timestamp": "18:20:16.029805", "frame": 61, "mu": [1.236569344437473, 3.7161410311201477, 0.7355136993390072], "Sigma": [[0.027916052054284525, -0.00615106263446297, 0.007193957415501077], [-0.00615106263446297, 0.004422670695377059, 0.014338982999512485], [0.007193957415501077, 0.014338982999512483, 0.16688841347031305]], "chi2_level": 0.95, "chi2_df": 3, "chi2_threshold": 7.814727903251179, "N_raw": 75, "N_roi": 75, "N_inlier": 73, "refit": true}
{"timestamp": "18:20:16.090128", "frame": 62, "mu": [1.1067238375121295, 3.6702784432920192, 0.4766433083440042], "Sigma": [[0.03243177878017246, -0.008681493142408058, 0.021281268758529273], [-0.008681493142408058, 0.010055285520526236, 0.021676991738630476], [0.021281268758529273, 0.021676991738630476, 0.2846365184228111]], "chi2_level": 0.95, "chi2_df": 3, "chi2_threshold": 7.814727903251179, "N_raw": 106, "N_roi": 106, "N_inlier": 106, "refit": true}
{"timestamp": "18:20:16.137827", "frame": 63, "mu": [1.2774955176825413, 3.6574845315600477, 0.6765114276519724], "Sigma": [[0.022867103482303114, -0.009471162709871821, -0.008434242770208124], [-0.009471162709871823, 0.005409791826474631, 0.0016294566403225802], [-0.008434242770208121, 0.0016294566403225806, 0.10826361680411692]], "chi2_level": 0.95, "chi2_df": 3, "chi2_threshold": 7.814727903251179, "N_raw": 43, "N_roi": 43, "N_inlier": 42, "refit": true}
{"timestamp": "18:20:16.186097", "frame": 64, "mu": [1.08568034942137, 3.955147378516225, -0.4764160187338086], "Sigma": [[0.010938897264903087, -0.004196168350228232, -0.0005397255928227176], [-0.004196168350228232, 0.003314812105924198, -0.007075491379047143], [-0.000539725592822718, -0.007075491379047143, 0.03848500413258455]], "chi2_level": 0.95, "chi2_df": 3, "chi2_threshold": 7.814727903251179, "N_raw": 22, "N_roi": 22, "N_inlier": 20, "refit": true}
{"timestamp": "18:20:16.248889", "frame": 65, "mu": [1.1699100489049934, 3.593467650685902, 0.7369281903711027], "Sigma": [[0.021625782287667095, -0.009618260970743482, -0.01020132188101492], [-0.009618260970743482, 0.004654849248760049, 0.0027172997967380907], [-0.010201321881014918, 0.0027172997967380907, 0.07175660596775764]], "chi2_level": 0.95, "chi2_df": 3, "chi2_threshold": 7.814727903251179, "N_raw": 62, "N_roi": 62, "N_inlier": 59, "refit": true}
{"timestamp": "18:20:16.303249", "frame": 66, "mu": [1.083663589546213, 3.6262722874624935, 0.748303951203916], "Sigma": [[0.019479223781126417, -0.00842851406208393, 0.0009415748474746503], [-0.00842851406208393, 0.0049064197628209336, -0.005636613570104151], [0.0009415748474746507, -0.005636613570104152, 0.028999595418265495]], "chi2_level": 0.95, "chi2_df": 3, "chi2_threshold": 7.814727903251179, "N_raw": 58, "N_roi": 57, "N_inlier": 55, "refit": true}
{"timestamp": "18:20:16.362052", "frame": 67, "mu": [0.9287809348990188, 3.6386977613273923, 0.8932065372554127], "Sigma": [[0.020897037695464964, -0.006979552409957842, 0.005282261509356552], [-0.006979552409957842, 0.0037717402392276117, -0.005387381700605937], [0.005282261509356552, -0.005387381700605938, 0.06321924414703806]], "chi2_level": 0.95, "chi2_df": 3, "chi2_threshold": 7.814727903251179, "N_raw": 64, "N_roi": 64, "N_inlier": 63, "refit": true}
{"timestamp": "18:20:16.407772", "frame": 68, "mu": [1.063382329657274, 3.5627249216597017, 1.1139609002388866], "Sigma": [[0.006135150542231083, -0.0010374312706497876, -0.006995950620460869], [-0.0010374312706497876, 0.00144280740773249, -0.002684889603193045], [-0.006995950620460869, -0.002684889603193045, 0.03186368474267834]], "chi2_level": 0.95, "chi2_df": 3, "chi2_threshold": 7.814727903251179, "N_raw": 22, "N_roi": 22, "N_inlier": 21, "refit": true}
{"timestamp": "18:20:16.463127", "frame": 69, "mu": [1.0045140395777175, 3.5521708960279264, 1.2620222403315078], "Sigma": [[0.010602009604580812, -0.003685900831593401, -0.010708065990313927], [-0.003685900831593401, 0.0026114903809935984, 0.0019979287330416776], [-0.010708065990313927, 0.0019979287330416776, 0.021461678081332383]], "chi2_level": 0.95, "chi2_df": 3, "chi2_threshold": 7.814727903251179, "N_raw": 24, "N_roi": 24, "N_inlier": 23, "refit": true}
{"timestamp": "18:20:16.523539", "frame": 70, "mu": [1.0222154357631026, 3.5509115863233958, 0.9228500551166909], "Sigma": [[0.02034860268418108, -0.013198322870749249, -0.025244987501785054], [-0.013198322870749247, 0.0121041606609804, 0.01129463360806891], [-0.025244987501785054, 0.01129463360806891, 0.04982611204257164]], "chi2_level": 0.95, "chi2_df": 3, "chi2_threshold": 7.814727903251179, "N_raw": 64, "N_roi": 64, "N_inlier": 59, "refit": true}
{"timestamp": "18:20:16.579136", "frame": 71, "mu": [0.9742027428123882, 3.531472194958642, 0.9106221787577983], "Sigma": [[0.02551796708203673, -0.01203912644483502, -0.027283251622493832], [-0.012039126444835018, 0.011638612955311057, 0.01483918355532056], [-0.027283251622493832, 0.01483918355532056, 0.036074957474690174]], "chi2_level": 0.95, "chi2_df": 3, "chi2_threshold": 7.814727903251179, "N_raw": 58, "N_roi": 58, "N_inlier": 54, "refit": true}
{"timestamp": "18:20:16.631731", "frame": 72, "mu": [0.984741213889361, 3.5142560134168255, 0.878701351562279], "Sigma": [[0.03763449159941797, -0.03392055527280163, -0.013675141804836664], [-0.03392055527280162, 0.03457026142703863, 0.008184272669742827], [-0.013675141804836664, 0.008184272669742827, 0.019690323655558787]], "chi2_level": 0.95, "chi2_df": 3, "chi2_threshold": 7.814727903251179, "N_raw": 48, "N_roi": 48, "N_inlier": 46, "refit": true}
{"timestamp": "18:20:16.689063", "frame": 73, "mu": [0.8916222801314376, 3.564063152880793, 0.8350079305173108], "Sigma": [[0.023270334531699986, -0.016650484770056834, -0.013358291817020989], [-0.016650484770056834, 0.020609226416673815, 0.010987048992657532], [-0.01335829181702099, 0.010987048992657534, 0.010349471985927455]], "chi2_level": 0.95, "chi2_df": 3, "chi2_threshold": 7.814727903251179, "N_raw": 63, "N_roi": 63, "N_inlier": 62, "refit": true}
{"timestamp": "18:20:16.741507", "frame": 74, "mu": [0.9577567623224766, 3.4020391099684075, 0.931116221740964], "Sigma": [[0.015499806531691937, -0.007466283621356434, -0.008581601454022352], [-0.007466283621356433, 0.006011028993621093, 0.0018082919769409123], [-0.008581601454022352, 0.0018082919769409123, 0.025637319107160217]], "chi2_level": 0.95, "chi2_df": 3, "chi2_threshold": 7.814727903251179, "N_raw": 50, "N_roi": 50, "N_inlier": 47, "refit": true}
{"timestamp": "18:20:16.794047", "frame": 75, "mu": [0.8880197366399872, 3.3996631422774697, 1.0508121996144126], "Sigma": [[0.005746222435813424, -0.002455736262154825, -0.00483989275019787], [-0.002455736262154825, 0.0032499410979343764, -0.0025694817501000613], [-0.00483989275019787, -0.0025694817501000613, 0.018814331618908026]], "chi2_level": 0.95, "chi2_df": 3, "chi2_threshold": 7.814727903251179, "N_raw": 30, "N_roi": 30, "N_inlier": 27, "refit": true}
{"timestamp": "18:20:16.851096", "frame": 76, "mu": [0.9961941624574587, 3.3112464487428688, 0.7013263203181017], "Sigma": [[0.015923707323120775, -0.0057618735976955795, -0.010765881207789933], [-0.005761873597695579, 0.0022779752410479015, 0.004693261333088162], [-0.010765881207789933, 0.004693261333088162, 0.040643676949526114]], "chi2_level": 0.95, "chi2_df": 3, "chi2_threshold": 7.814727903251179, "N_raw": 44, "N_roi": 44, "N_inlier": 41, "refit": true}
{"timestamp": "18:20:16.910555", "frame": 77, "mu": [0.9385701527946835, 3.3223597230927635, 0.7896504303000849], "Sigma": [[0.024532693019539947, -0.006894790144474317, -0.006212684920968421], [-0.0068947901444743175, 0.0065073701406713645, -0.002968909974529408], [-0.006212684920968421, -0.002968909974529408, 0.011859533405593304]], "chi2_level": 0.95, "chi2_df": 3, "chi2_threshold": 7.814727903251179, "N_raw": 75, "N_roi": 75, "N_inlier": 73, "refit": true}
{"timestamp": "18:20:16.963801", "frame": 78, "mu": [0.9378434328466736, 3.236264592598772, 0.5444690641108136], "Sigma": [[0.018813854386565944, -0.005576180422888193, 0.0013641916301681107], [-0.005576180422888193, 0.0035374052029097944, -0.004153484524736307], [0.0013641916301681105, -0.004153484524736307, 0.01786676591588226]], "chi2_level": 0.95, "chi2_df": 3, "chi2_threshold": 7.814727903251179, "N_raw": 60, "N_roi": 60, "N_inlier": 57, "refit": true}
{"timestamp": "18:20:17.017114", "frame": 79, "mu": [0.891519768183633, 3.2600518853046525, 0.553227418966329], "Sigma": [[0.021236555458325968, -0.007789497373916755, 0.008698886584388886], [-0.007789497373916755, 0.0049671858119213555, -0.005293328007809289], [0.008698886584388887, -0.005293328007809288, 0.010993245942003047]], "chi2_level": 0.95, "chi2_df": 3, "chi2_threshold": 7.814727903251179, "N_raw": 53, "N_roi": 53, "N_inlier": 47, "refit": true}
{"timestamp": "18:20:17.074299", "frame": 80, "mu": [0.8962655657958023, 3.198287561756333, 0.9738398130902508], "Sigma": [[0.0157112247484745, -0.007216554830762703, -0.011376311364633103], [-0.0072165548307627034, 0.006111047141549504, -0.0007969826986653629], [-0.011376311364633103, -0.0007969826986653627, 0.02601181287467459]], "chi2_level": 0.95, "chi2_df": 3, "chi2_threshold": 7.814727903251179, "N_raw": 63, "N_roi": 63, "N_inlier": 60, "refit": true}
{"timestamp": "18:20:17.123849", "frame": 81, "mu": [0.8523404519258665, 3.202944462389223, 0.9730450528588384], "Sigma": [[0.010452356560582332, -0.0034840338965302755, -0.014150723089706035], [-0.003484033896530275, 0.0025563258444418965, 0.00258360944400014], [-0.014150723089706035, 0.00258360944400014, 0.027845561018010865]], "chi2_level": 0.95, "chi2_df": 3, "chi2_threshold": 7.814727903251179, "N_raw": 29, "N_roi": 29, "N_inlier": 27, "refit": true}
{"timestamp": "18:20:17.178934", "frame": 82, "mu": [0.8264446035050877, 3.1842881675289814, 0.8803405364472816], "Sigma": [[0.01218149427744288, -0.0031713071724060703, -0.0040244533358845674], [-0.0031713071724060703, 0.0019663584101136085, -0.0007812567539588245], [-0.0040244533358845674, -0.0007812567539588244, 0.0054380783833785145]], "chi2_level": 0.95, "chi2_df": 3, "chi2_threshold": 7.814727903251179, "N_raw": 36, "N_roi": 36, "N_inlier": 33, "refit": true}
{"timestamp": "18:20:17.295625", "frame": 84, "mu": [0.7472169780542387, 3.3484721854644275, -0.32650152820846307], "Sigma": [[0.01784324539149406, -0.0066067935419982324, -0.0029041691404604777], [-0.0066067935419982324, 0.009205214261395723, -0.0038304494480047298], [-0.0029041691404604773, -0.0038304494480047298, 0.01042801082353088]], "chi2_level": 0.95, "chi2_df": 3, "chi2_threshold": 7.814727903251179, "N_raw": 72, "N_roi": 72, "N_inlier": 67, "refit": true}
{"timestamp": "18:20:17.349777", "frame": 85, "mu": [0.7026079651135232, 3.0849842998060963, 0.9295039597157777], "Sigma": [[0.015350414138169401, -0.004558791675364479, 0.00046236272666638246], [-0.00455879167536448, 0.004996062504247123, -0.005202221541149483], [0.00046236272666638203, -0.005202221541149483, 0.011647111376183539]], "chi2_level": 0.95, "chi2_df": 3, "chi2_threshold": 7.814727903251179, "N_raw": 67, "N_roi": 67, "N_inlier": 65, "refit": true}
{"timestamp": "18:20:17.400113", "frame": 86, "mu": [0.7609509618727301, 3.024620929571625, 1.0024395376305821], "Sigma": [[0.010038362135928805, -0.0030239766611994076, -0.006156405221982008], [-0.0030239766611994076, 0.0022678200026176537, -0.0013074098825990518], [-0.006156405221982008, -0.0013074098825990518, 0.014816516460040844]], "chi2_level": 0.95, "chi2_df": 3, "chi2_threshold": 7.814727903251179, "N_raw": 42, "N_roi": 42, "N_inlier": 39, "refit": true}
{"timestamp": "18:20:17.456123", "frame": 87, "mu": [0.6584784903346071, 3.0896373246592916, 1.001218387110524], "Sigma": [[0.011925717290894292, -0.002057701978961768, -0.006576104261421855], [-0.002057701978961768, 0.004021448790645099, -0.0008588066465642587], [-0.006576104261421855, -0.0008588066465642588, 0.007051613733672874]], "chi2_level": 0.95, "chi2_df": 3, "chi2_threshold": 7.814727903251179, "N_raw": 48, "N_roi": 48, "N_inlier": 45, "refit": true}
{"timestamp": "18:20:17.520782", "frame": 88, "mu": [0.6130870513468354, 3.0552685855716515, 0.9268215572872329], "Sigma": [[0.02051311858447714, -0.008490891389086323, 0.005067387126454258], [-0.008490891389086323, 0.007699581034234763, -0.011460126773686689], [0.005067387126454257, -0.01146012677368669, 0.03711922579333742]], "chi2_level": 0.95, "chi2_df": 3, "chi2_threshold": 7.814727903251179, "N_raw": 104, "N_roi": 104, "N_inlier": 99, "refit": true}
{"timestamp": "18:20:17.575024", "frame": 89, "mu": [0.5898977695856165, 3.020249526288113, 0.8928415633897995], "Sigma": [[0.021588486468657242, -0.0086664692822831, 0.015439797654482158], [-0.0086664692822831, 0.006683013869061783, -0.011047811003696503], [0.015439797654482158, -0.0110478110036965, 0.06133302779585638]], "chi2_level": 0.95, "chi2_df": 3, "chi2_threshold": 7.814727903251179, "N_raw": 94, "N_roi": 94, "N_inlier": 90, "refit": true}
{"timestamp": "18:20:17.624317", "frame": 90, "mu": [0.6121783405564413, 2.9632542212023334, 0.9057530055343104], "Sigma": [[0.015290662364153948, -0.006464327589950369, 0.011873991800885416], [-0.0064643275899503696, 0.003708273097473111, -0.009634300855376553], [0.011873991800885416, -0.009634300855376553, 0.048101557656044014]], "chi2_level": 0.95, "chi2_df": 3, "chi2_threshold": 7.814727903251179, "N_raw": 71, "N_roi": 71, "N_inlier": 68, "refit": true}
{"timestamp": "18:20:17.671467", "frame": 91, "mu": [0.5923972239391558, 2.824566092011303, 0.632147564823826], "Sigma": [[0.005482603010700655, 0.003765124603225, 0.03521753900347587], [0.003765124603225, 0.014347118671217685, 0.05594077549180436], [0.03521753900347587, 0.055940775491804366, 0.3661306349883388]], "chi2_level": 0.95, "chi2_df": 3, "chi2_threshold": 7.814727903251179, "N_raw": 12, "N_roi": 12, "N_inlier": 11, "refit": true}
{"timestamp": "18:20:17.730109", "frame": 92, "mu": [0.5579723598080182, 3.22853323161005, -0.5084890673172351], "Sigma": [[0.009475247083232085, -0.0034832090896933197, 0.0011582334981680429], [-0.0034832090896933206, 0.016889732123113843, -0.04673876649467969], [0.0011582334981680425, -0.0467387664946797, 0.1425674297788412]], "chi2_level": 0.95, "chi2_df": 3, "chi2_threshold": 7.814727903251179, "N_raw": 42, "N_roi": 42, "N_inlier": 39, "refit": true}
{"timestamp": "18:20:17.789120", "frame": 93, "mu": [0.5782091690157641, 2.972106124676317, 0.7371429995825748], "Sigma": [[0.012746328899183142, -0.0013637846925871912, -0.015497916330611629], [-0.0013637846925871912, 0.004584948095866341, -0.022123627066900322], [-0.015497916330611629, -0.022123627066900322, 0.300955638099532]], "chi2_level": 0.95, "chi2_df": 3, "chi2_threshold": 7.814727903251179, "N_raw": 69, "N_roi": 69, "N_inlier": 68, "refit": true}
{"timestamp": "18:20:17.845644", "frame": 94, "mu": [0.52813746451731, 3.068777763298557, -0.6821545711782315], "Sigma": [[0.016492694296998185, 0.009645892836274067, 0.015392011943759106], [0.009645892836274067, 0.03222807490347417, -0.045909419234179766], [0.015392011943759106, -0.045909419234179766, 0.3149287370221375]], "chi2_level": 0.95, "chi2_df": 3, "chi2_threshold": 7.814727903251179, "N_raw": 71, "N_roi": 71, "N_inlier": 69, "refit": true}
{"timestamp": "18:20:17.898328", "frame": 95, "mu": [0.42001229911425175, 2.845806540532284, 0.9715263927679868], "Sigma": [[0.014866101566196189, -0.0028619697714349283, -0.00404748082295041], [-0.0028619697714349283, 0.0025878346957071575, -0.0026361607958822367], [-0.00404748082295041, -0.0026361607958822367, 0.018898690915381832]], "chi2_level": 0.95, "chi2_df": 3, "chi2_threshold": 7.814727903251179, "N_raw": 63, "N_roi": 63, "N_inlier": 58, "refit": true}
{"timestamp": "18:20:17.955248", "frame": 96, "mu": [0.47595467517904244, 2.808604023249533, 1.0050392545080542], "Sigma": [[0.011198559738511768, -0.004278681538586496, -0.005680080781235795], [-0.004278681538586496, 0.0025931009834902876, 0.0005292452151258035], [-0.005680080781235795, 0.0005292452151258037, 0.05639606871882579]], "chi2_level": 0.95, "chi2_df": 3, "chi2_threshold": 7.814727903251179, "N_raw": 68, "N_roi": 68, "N_inlier": 63, "refit": true}
{"timestamp": "18:20:18.008177", "frame": 97, "mu": [0.451483792072512, 2.7848639677013973, 0.9569630966320963], "Sigma": [[0.01705425740981522, -0.007248850052298783, 0.007161877595799331], [-0.007248850052298783, 0.0039039031268113585, -0.005564006560588746], [0.0071618775957993305, -0.005564006560588745, 0.0253709793109599]], "chi2_level": 0.95, "chi2_df": 3, "chi2_threshold": 7.814727903251179, "N_raw": 62, "N_roi": 62, "N_inlier": 58, "refit": true}
{"timestamp": "18:20:18.067737", "frame": 98, "mu": [0.4538779642031045, 2.7111111121411695, 0.951809181928353], "Sigma": [[0.014424385524416274, -0.005514166797956577, -0.004477474875073208], [-0.005514166797956577, 0.008196882284841665, 0.0057048969262217895], [-0.004477474875073208, 0.0057048969262217895, 0.13342762669778938]], "chi2_level": 0.95, "chi2_df": 3, "chi2_threshold": 7.814727903251179, "N_raw": 96, "N_roi": 96, "N_inlier": 90, "refit": true}
{"timestamp": "18:20:18.122303", "frame": 99, "mu": [0.3935444459919134, 2.723460500600073, 1.1086356857332975], "Sigma": [[0.014923574801060912, -0.005729654512568599, -0.013180224378664058], [-0.005729654512568599, 0.005856122017451191, -0.0006065518239314433], [-0.013180224378664058, -0.0006065518239314433, 0.024007143941681873]], "chi2_level": 0.95, "chi2_df": 3, "chi2_threshold": 7.814727903251179, "N_raw": 81, "N_roi": 80, "N_inlier": 75, "refit": true}
