{"timestamp": "17:23:30.856746", "frame": 29, "mu": [-2.42144138454686, 3.0884847087872855, 1.0848175354443854], "Sigma": [[0.0023371189100933943, 0.0015534831667853243, -0.00046345739409494626], [0.0015534831667853243, 0.004630484604539275, -0.0033806818210656607], [-0.00046345739409494626, -0.0033806818210656607, 0.0049911517268418]], "chi2_level": 0.95, "chi2_df": 3, "chi2_threshold": 7.814727903251179, "N_raw": 39, "N_roi": 13, "N_inlier": 12, "refit": true}
{"timestamp": "17:23:30.971603", "frame": 31, "mu": [-2.3713176676968626, 3.1380223195753914, 0.04528613044922187], "Sigma": [[0.005743665567598725, 0.0047799403376624925, 0.0005978581772909648], [0.0047799403376624925, 0.01221739027264968, 0.00817694505194563], [0.000597858177290965, 0.008176945051945632, 0.010104757522411443]], "chi2_level": 0.95, "chi2_df": 3, "chi2_threshold": 7.814727903251179, "N_raw": 71, "N_roi": 28, "N_inlier": 27, "refit": true}
{"timestamp": "17:23:31.078095", "frame": 33, "mu": [-2.3662219145421575, 3.037463819570057, 1.3451141667847557], "Sigma": [[0.008351311019288111, 0.005606286684481012, 0.0012313241283232897], [0.005606286684481012, 0.008741172044953175, 0.001573154328444702], [0.0012313241283232897, 0.001573154328444702, 0.004011085082160782]], "chi2_level": 0.95, "chi2_df": 3, "chi2_threshold": 7.814727903251179, "N_raw": 30, "N_roi": 23, "N_inlier": 22, "refit": true}
{"timestamp": "17:23:31.132812", "frame": 34, "mu": [-2.2691946824591187, 3.107558707390935, 1.4149671758149], "Sigma": [[0.014947117836605179, 0.008810552599162781, -0.002169095802031432], [0.008810552599162781, 0.007354558695015842, -0.001559125327241822], [-0.0021690958020314324, -0.0015591253272418215, 0.010798596279807572]], "chi2_level": 0.95, "chi2_df": 3, "chi2_threshold": 7.814727903251179, "N_raw": 29, "N_roi": 29, "N_inlier": 25, "refit": true}
{"timestamp": "17:23:31.188733", "frame": 35, "mu": [-2.250745820826615, 3.063398165949892, 1.341577987851353], "Sigma": [[0.0160385748624275, 0.007255557860189987, -0.010627341274761426], [0.007255557860189987, 0.009125978737556656, -0.0018138068401228064], [-0.010627341274761426, -0.0018138068401228064, 0.009281984506858609]], "chi2_level": 0.95, "chi2_df": 3, "chi2_threshold": 7.814727903251179, "N_raw": 40, "N_roi": 37, "N_inlier": 36, "refit": true}
{"timestamp": "17:23:31.299539", "frame": 37, "mu": [-2.106098455705034, 3.129766992814561, 1.2087610245963074], "Sigma": [[0.018171478615791804, 0.008496976568903114, -0.008880155469308239], [0.008496976568903114, 0.008278854580353047, -0.004792016940287915], [-0.008880155469308239, -0.004792016940287916, 0.007025927743438096]], "chi2_level": 0.95, "chi2_df": 3, "chi2_threshold": 7.814727903251179, "N_raw": 44, "N_roi": 41, "N_inlier": 38, "refit": true}
{"timestamp": "17:23:31.353859", "frame": 38, "mu": [-2.049062507974503, 3.19002581426591, 1.3638351589895714], "Sigma": [[0.018102918230172016, 0.008719417295955354, -0.010296413142456572], [0.008719417295955354, 0.007892554421751094, -0.006157017678211776], [-0.010296413142456572, -0.006157017678211776, 0.008969933711761014]], "chi2_level": 0.95, "chi2_df": 3, "chi2_threshold": 7.814727903251179, "N_raw": 39, "N_roi": 39, "N_inlier": 38, "refit": true}
{"timestamp": "17:23:31.410782", "frame": 39, "mu": [-1.9543728083527656, 3.1805008622590285, 1.1422071498489308], "Sigma": [[0.021736838985379887, 0.006947220277919525, -0.014613161367248731], [0.006947220277919525, 0.005623958217712174, -0.009389443650899311], [-0.014613161367248731, -0.009389443650899313, 0.018555682145262188]], "chi2_level": 0.95, "chi2_df": 3, "chi2_threshold": 7.814727903251179, "N_raw": 51, "N_roi": 51, "N_inlier": 51, "refit": true}
{"timestamp": "17:23:31.517994", "frame": 41, "mu": [-1.8957698393423137, 3.1531771038746887, -0.4061337735682653], "Sigma": [[0.01649959110078772, 0.008385809243659033, 0.026097927055610468], [0.008385809243659033, 0.009797673852433417, 0.028636154497464525], [0.026097927055610474, 0.028636154497464525, 0.11496991653096875]], "chi2_level": 0.95, "chi2_df": 3, "chi2_threshold": 7.814727903251179, "N_raw": 34, "N_roi": 31, "N_inlier": 31, "refit": true}
{"timestamp": "17:23:31.575456", "frame": 42, "mu": [-1.8056466137356681, 3.120675916701001, 1.0629391840537825], "Sigma": [[0.016457914205300524, 0.006659708304405201, -0.008558182408339951], [0.006659708304405201, 0.00593002511475372, -0.005457316928002201], [-0.008558182408339953, -0.005457316928002201, 0.006792850646492509]], "chi2_level": 0.95, "chi2_df": 3, "chi2_threshold": 7.814727903251179, "N_raw": 46, "N_roi": 41, "N_inlier": 38, "refit": true}
{"timestamp": "17:23:31.630562", "frame": 43, "mu": [-1.780619631743847, 3.141805056715439, 1.121410483668725], "Sigma": [[0.01911102717966963, 0.006840784672273923, -0.013224750203342907], [0.006840784672273925, 0.005334225293523056, -0.008242432592025253], [-0.013224750203342907, -0.008242432592025253, 0.015646267051348358]], "chi2_level": 0.95, "chi2_df": 3, "chi2_threshold": 7.814727903251179, "N_raw": 49, "N_roi": 45, "N_inlier": 43, "refit": true}
{"timestamp": "17:23:31.689811", "frame": 44, "mu": [-1.6245311491591001, 3.137128039606073, 0.8510594488008085], "Sigma": [[0.023124257745672165, 0.007347993595173892, -0.012799745470626074], [0.007347993595173892, 0.00644756992087625, -0.010887787914394537], [-0.012799745470626078, -0.010887787914394537, 0.021072446178789846]], "chi2_level": 0.95, "chi2_df": 3, "chi2_threshold": 7.814727903251179, "N_raw": 75, "N_roi": 75, "N_inlier": 72, "refit": true}
{"timestamp": "17:23:31.741247", "frame": 45, "mu": [-1.502252780838356, 3.121371059943893, 0.7024827477645618], "Sigma": [[0.017207802986385252, 0.0038169670133180074, -0.00967942779408811], [0.0038169670133180074, 0.004751797640139768, -0.00490615060567714], [-0.00967942779408811, -0.00490615060567714, 0.008470527653136696]], "chi2_level": 0.95, "chi2_df": 3, "chi2_threshold": 7.814727903251179, "N_raw": 53, "N_roi": 52, "N_inlier": 49, "refit": true}
{"timestamp": "17:23:31.850202", "frame": 47, "mu": [-1.4440733596905795, 3.283666854630958, -0.46021201639747683], "Sigma": [[0.01734864947812316, 0.012291762816262675, 0.03582021257370864], [0.012291762816262675, 0.01604345761720808, 0.032572394135208495], [0.03582021257370864, 0.03257239413520849, 0.1310902823723779]], "chi2_level": 0.95, "chi2_df": 3, "chi2_threshold": 7.814727903251179, "N_raw": 52, "N_roi": 52, "N_inlier": 51, "refit": true}
{"timestamp": "17:23:31.907468", "frame": 48, "mu": [-1.324024895249761, 3.366537388376536, -0.28422567498575024], "Sigma": [[0.02195835380366021, 0.005871374643962342, -0.024313034564403], [0.005871374643962342, 0.006217825649937788, -0.014620151786156142], [-0.024313034564403, -0.014620151786156142, 0.04378174071153916]], "chi2_level": 0.95, "chi2_df": 3, "chi2_threshold": 7.814727903251179, "N_raw": 58, "N_roi": 58, "N_inlier": 54, "refit": true}
{"timestamp": "17:23:31.961819", "frame": 49, "mu": [-1.2989129027508053, 3.2170336363470504, 1.17233053126254], "Sigma": [[0.01808292322800897, 0.0023393457346743466, -0.011365858808834894], [0.0023393457346743466, 0.005776282655901457, -0.002066948594145323], [-0.011365858808834894, -0.0020669485941453227, 0.010653169639213598]], "chi2_level": 0.95, "chi2_df": 3, "chi2_threshold": 7.814727903251179, "N_raw": 54, "N_roi": 54, "N_inlier": 51, "refit": true}
{"timestamp": "17:23:32.013580", "frame": 50, "mu": [-1.180298306759665, 3.208637188283222, 1.0952059966139058], "Sigma": [[0.010892235491341792, 3.935400066155835e-05, -0.01781644122656182], [3.9354000661558376e-05, 0.0024796549013621078, -0.00018300194149883947], [-0.01781644122656182, -0.00018300194149883936, 0.04028866607924248]], "chi2_level": 0.95, "chi2_df": 3, "chi2_threshold": 7.814727903251179, "N_raw": 33, "N_roi": 33, "N_inlier": 31, "refit": true}
{"timestamp": "17:23:32.070469", "frame": 51, "mu": [-1.093926213371913, 3.209834785673933, 1.0786965339472492], "Sigma": [[0.014888812451741179, 0.003424204297874636, -0.008051307621269457], [0.0034242042978746366, 0.004034787686017824, -0.004950196887527218], [-0.008051307621269457, -0.004950196887527218, 0.009854870942279817]], "chi2_level": 0.95, "chi2_df": 3, "chi2_threshold": 7.814727903251179, "N_raw": 52, "N_roi": 52, "N_inlier": 49, "refit": true}
{"timestamp": "17:23:32.127965", "frame": 52, "mu": [-1.067998417387837, 3.142433920891734, 1.0246091905853418], "Sigma": [[0.01665085169356678, 0.005044195554732365, -0.009836396513195933], [0.005044195554732365, 0.00894411961256345, -0.004156315184482418], [-0.009836396513195933, -0.004156315184482418, 0.009816630666667275]], "chi2_level": 0.95, "chi2_df": 3, "chi2_threshold": 7.814727903251179, "N_raw": 65, "N_roi": 65, "N_inlier": 63, "refit": true}
{"timestamp": "17:23:32.182780", "frame": 53, "mu": [-1.0157701033998143, 3.181105236312715, -0.7696695201123347], "Sigma": [[0.01736521456608706, 0.007620948173239947, 0.02157768873479121], [0.007620948173239947, 0.0146137481573604, 0.027778324022419452], [0.02157768873479121, 0.027778324022419452, 0.09623167706214132]], "chi2_level": 0.95, "chi2_df": 3, "chi2_threshold": 7.814727903251179, "N_raw": 63, "N_roi": 60, "N_inlier": 59, "refit": true}
{"timestamp": "17:23:32.237819", "frame": 54, "mu": [-0.9478542249060212, 3.268637527862343, -0.301933270353578], "Sigma": [[0.012305984897015872, 0.002977883956401562, -0.0018694757177541706], [0.0029778839564015623, 0.008143220892557795, -0.004932575505542226], [-0.001869475717754171, -0.004932575505542226, 0.01678024652986915]], "chi2_level": 0.95, "chi2_df": 3, "chi2_threshold": 7.814727903251179, "N_raw": 62, "N_roi": 61, "N_inlier": 56, "refit": true}
{"timestamp": "17:23:32.292817", "frame": 55, "mu": [-0.9205742267405606, 3.2779572921913034, -0.10156437208448381], "Sigma": [[0.013797648533441504, 0.004456964833404124, -0.008344279822174488], [0.004456964833404124, 0.008925534385127833, -0.00595926301209497], [-0.008344279822174488, -0.00595926301209497, 0.01014860311189319]], "chi2_level": 0.95, "chi2_df": 3, "chi2_threshold": 7.814727903251179, "N_raw": 66, "N_roi": 64, "N_inlier": 60, "refit": true}
{"timestamp": "17:23:32.344798", "frame": 56, "mu": [-0.8511390777441725, 3.163638755396826, 0.8387082966237751], "Sigma": [[0.013726481239723478, 0.00024198399307548456, -0.005690731491971468], [0.00024198399307548456, 0.003314764954997345, -0.0043983252661765025], [-0.005690731491971469, -0.0043983252661765025, 0.010729499104541679]], "chi2_level": 0.95, "chi2_df": 3, "chi2_threshold": 7.814727903251179, "N_raw": 45, "N_roi": 45, "N_inlier": 40, "refit": true}
{"timestamp": "17:23:32.403817", "frame": 57, "mu": [-0.793459238613839, 3.1968852958902096, 1.1077835231080373], "Sigma": [[0.01688936593705171, 0.0007676166247172263, -0.00723103377007819], [0.0007676166247172262, 0.0064923466708269525, -0.00249585441708329], [-0.00723103377007819, -0.0024958544170832903, 0.008383767466615797]], "chi2_level": 0.95, "chi2_df": 3, "chi2_threshold": 7.814727903251179, "N_raw": 70, "N_roi": 70, "N_inlier": 66, "refit": true}
{"timestamp": "17:23:32.456202", "frame": 58, "mu": [-0.7487732644923986, 3.230865057295023, 0.9361285658443961], "Sigma": [[0.015544023871030758, 0.0004712820132544145, -0.005789616481441741], [0.00047128201325441434, 0.0014435999067552972, -0.0030321401278807954], [-0.005789616481441741, -0.0030321401278807954, 0.009689117087351151]], "chi2_level": 0.95, "chi2_df": 3, "chi2_threshold": 7.814727903251179, "N_raw": 47, "N_roi": 47, "N_inlier": 43, "refit": true}
{"timestamp": "17:23:32.507731", "frame": 59, "mu": [-0.689639500286281, 3.1975651149107716, 0.7058584319403438], "Sigma": [[0.007732679584998364, 0.0016085519818314765, 0.004590608148493619], [0.0016085519818314765, 0.0011666498488612962, -0.0001278413308949988], [0.004590608148493619, -0.00012784133089499853, 0.11041370309355816]], "chi2_level": 0.95, "chi2_df": 3, "chi2_threshold": 7.814727903251179, "N_raw": 24, "N_roi": 20, "N_inlier": 18, "refit": true}
{"timestamp": "17:23:32.727204", "frame": 63, "mu": [-0.4128243928166223, 3.239952661199329, 1.065761872383764], "Sigma": [[0.012698785385729557, 0.0003857933021854953, -0.003781920451907223], [0.00038579330218549597, 0.0022418637468188075, 0.0032041572033274564], [-0.0037819204519072233, 0.0032041572033274564, 0.06961176701103762]], "chi2_level": 0.95, "chi2_df": 3, "chi2_threshold": 7.814727903251179, "N_raw": 29, "N_roi": 29, "N_inlier": 27, "refit": true}
{"timestamp": "17:23:32.781730", "frame": 64, "mu": [-0.3467306121739821, 3.319707728649627, 1.081283548561291], "Sigma": [[0.00798975339933742, 0.0011427046407509118, 0.0033145507397485535], [0.0011427046407509118, 0.0007506513994665941, 0.0025518143930481473], [0.0033145507397485535, 0.002551814393048148, 0.05993964644237468]], "chi2_level": 0.95, "chi2_df": 3, "chi2_threshold": 7.814727903251179, "N_raw": 24, "N_roi": 24, "N_inlier": 20, "refit": true}
{"timestamp": "17:23:32.834388", "frame": 65, "mu": [-0.29036016354270233, 3.264580356917151, 0.972004870832906], "Sigma": [[0.0019423898390170849, -4.427846771733833e-05, 0.001595481835202992], [-4.427846771733833e-05, 0.0019356229052616624, -0.011005234169392818], [0.0015954818352029916, -0.011005234169392818, 0.25855167620070874]], "chi2_level": 0.95, "chi2_df": 3, "chi2_threshold": 7.814727903251179, "N_raw": 11, "N_roi": 11, "N_inlier": 11, "refit": true}
{"timestamp": "17:23:32.890379", "frame": 66, "mu": [-0.16749901712148904, 3.335140028146189, 1.1992541884509753], "Sigma": [[0.005574976308629321, 0.001733114969725052, -0.0010779571729659715], [0.0017331149697250524, 0.003261924566283527, -0.00035475299736226266], [-0.0010779571729659715, -0.00035475299736226266, 0.00028012102747802304]], "chi2_level": 0.95, "chi2_df": 3, "chi2_threshold": 7.814727903251179, "N_raw": 19, "N_roi": 19, "N_inlier": 18, "refit": true}
{"timestamp": "17:23:33.223310", "frame": 72, "mu": [0.22392768418615555, 3.1805202176778464, 1.082359966431755], "Sigma": [[0.015529428757657768, -0.002166940972842308, -0.0031625500101562787], [-0.002166940972842308, 0.001392104131168116, -0.00031799848356817064], [-0.0031625500101562782, -0.0003179984835681707, 0.002208824924053236]], "chi2_level": 0.95, "chi2_df": 3, "chi2_threshold": 7.814727903251179, "N_raw": 37, "N_roi": 33, "N_inlier": 29, "refit": true}
{"timestamp": "17:23:33.279876", "frame": 73, "mu": [0.18157900411257566, 3.439611445084958, 0.9938646986800884], "Sigma": [[0.012933937522782624, -0.006574213394972196, 0.02853706969206899], [-0.0065742133949721945, 0.0072683704183956884, -0.035528544331989306], [0.02853706969206899, -0.035528544331989306, 0.22391322415876688]], "chi2_level": 0.95, "chi2_df": 3, "chi2_threshold": 7.814727903251179, "N_raw": 39, "N_roi": 37, "N_inlier": 36, "refit": true}
{"timestamp": "17:23:33.336347", "frame": 74, "mu": [0.3390106663186858, 3.2293202975218396, 1.1841280160755874], "Sigma": [[0.014417222129188586, -0.0033357282106443106, -0.005424486708203986], [-0.0033357282106443106, 0.005208347125831692, 0.0034950043499244157], [-0.005424486708203986, 0.0034950043499244157, 0.00369503774826593]], "chi2_level": 0.95, "chi2_df": 3, "chi2_threshold": 7.814727903251179, "N_raw": 48, "N_roi": 43, "N_inlier": 40, "refit": true}
{"timestamp": "17:23:33.392818", "frame": 75, "mu": [0.3761780884874555, 3.2796824034406957, 1.0637288343597961], "Sigma": [[0.016244626493894312, -0.0035465122942617494, -0.002401209365265093], [-0.0035465122942617494, 0.006814712909377466, -0.002229718809503677], [-0.002401209365265093, -0.0022297188095036775, 0.002363725150689281]], "chi2_level": 0.95, "chi2_df": 3, "chi2_threshold": 7.814727903251179, "N_raw": 62, "N_roi": 62, "N_inlier": 61, "refit": true}
{"timestamp": "17:23:33.448878", "frame": 76, "mu": [0.42116771370209183, 3.266967064900083, 1.108565056247625], "Sigma": [[0.016543744643066342, -0.004308288848836952, -0.0010052046187613395], [-0.004308288848836952, 0.005487355082267782, -0.0038290761161349366], [-0.0010052046187613397, -0.0038290761161349366, 0.010787072218943006]], "chi2_level": 0.95, "chi2_df": 3, "chi2_threshold": 7.814727903251179, "N_raw": 70, "N_roi": 68, "N_inlier": 63, "refit": true}
{"timestamp": "17:23:33.498784", "frame": 77, "mu": [0.47325705551535896, 3.353815253970295, 1.0953026353990443], "Sigma": [[0.013494266109926439, -0.003786215081152175, -0.00897089001178104], [-0.003786215081152175, 0.0021842427096579412, 0.0017511545553536324], [-0.00897089001178104, 0.0017511545553536324, 0.009373218625410348]], "chi2_level": 0.95, "chi2_df": 3, "chi2_threshold": 7.814727903251179, "N_raw": 30, "N_roi": 30, "N_inlier": 26, "refit": true}
{"timestamp": "17:23:33.554630", "frame": 78, "mu": [0.4799315549586328, 3.4019921465599134, 1.2055635504886182], "Sigma": [[0.015574215180263211, -0.0021677973450684317, -0.0028484708679139734], [-0.0021677973450684312, 0.004651051867226121, 0.002481118206141091], [-0.0028484708679139734, 0.002481118206141091, 0.014743529234317465]], "chi2_level": 0.95, "chi2_df": 3, "chi2_threshold": 7.814727903251179, "N_raw": 44, "N_roi": 42, "N_inlier": 38, "refit": true}
{"timestamp": "17:23:33.609485", "frame": 79, "mu": [0.5316498470392588, 3.329341497846449, 0.9422070596621304], "Sigma": [[0.012633275632589777, -0.0022904211072146564, -0.0006213018993380681], [-0.0022904211072146564, 0.004887020937606657, 0.00186422633310445], [-0.0006213018993380681, 0.00186422633310445, 0.00688254928877466]], "chi2_level": 0.95, "chi2_df": 3, "chi2_threshold": 7.814727903251179, "N_raw": 39, "N_roi": 37, "N_inlier": 35, "refit": true}
{"timestamp": "17:23:33.668553", "frame": 80, "mu": [0.6197555321634244, 3.366062915630055, 1.1080191388700364], "Sigma": [[0.01746553657830957, -0.003911284901851657, -0.005926859397042366], [-0.003911284901851657, 0.007704897236858223, -0.0015410932173251716], [-0.005926859397042366, -0.0015410932173251716, 0.0046567878728321676]], "chi2_level": 0.95, "chi2_df": 3, "chi2_threshold": 7.814727903251179, "N_raw": 69, "N_roi": 69, "N_inlier": 66, "refit": true}
{"timestamp": "17:23:33.718120", "frame": 81, "mu": [0.7486225886583038, 3.4116913485025626, 1.074714006561814], "Sigma": [[0.006440710564151671, -1.2291708619852217e-05, 0.005371133634096155], [-1.2291708619852299e-05, 0.003568176826996782, 0.0021865423495074626], [0.005371133634096155, 0.0021865423495074626, 0.1383226652922643]], "chi2_level": 0.95, "chi2_df": 3, "chi2_threshold": 7.814727903251179, "N_raw": 22, "N_roi": 18, "N_inlier": 16, "refit": true}
{"timestamp": "17:23:33.778761", "frame": 82, "mu": [0.8147935888400479, 3.4248946914672245, -0.2014826504528879], "Sigma": [[0.015561660733738034, -0.0004890299215078043, 0.029189768980503197], [-0.0004890299215078043, 0.008599296849153499, 0.0043445537815596505], [0.029189768980503197, 0.00434455378155965, 0.11723457366277024]], "chi2_level": 0.95, "chi2_df": 3, "chi2_threshold": 7.814727903251179, "N_raw": 67, "N_roi": 67, "N_inlier": 64, "refit": true}
{"timestamp": "17:23:33.830852", "frame": 83, "mu": [0.8693904179880366, 3.3818079694884156, -0.6243717345974018], "Sigma": [[0.011225089795340816, 0.0018195680311508383, 0.03467519718216945], [0.0018195680311508381, 0.006594398041662417, 0.012647599382363723], [0.03467519718216945, 0.012647599382363723, 0.17271991217801283]], "chi2_level": 0.95, "chi2_df": 3, "chi2_threshold": 7.814727903251179, "N_raw": 49, "N_roi": 46, "N_inlier": 45, "refit": true}
{"timestamp": "17:23:33.885628", "frame": 84, "mu": [0.9191800423061692, 3.4937664520480256, -0.11479985922243922], "Sigma": [[0.013752839253192616, -0.001020625040503284, 0.018778428016228886], [-0.0010206250405032837, 0.005067834528915572, 0.001393340932766957], [0.018778428016228886, 0.0013933409327669564, 0.07988436623954613]], "chi2_level": 0.95, "chi2_df": 3, "chi2_threshold": 7.814727903251179, "N_raw": 49, "N_roi": 47, "N_inlier": 43, "refit": true}
{"timestamp": "17:23:33.939816", "frame": 85, "mu": [1.0104880021673033, 3.417298890498356, -0.01726962846827653], "Sigma": [[0.00967028538662531, -0.0023100849890425814, 0.003652602891902241], [-0.002310084989042581, 0.006287921521720595, 0.0044603281397723625], [0.00365260289190224, 0.0044603281397723625, 0.04846209133140418]], "chi2_level": 0.95, "chi2_df": 3, "chi2_threshold": 7.814727903251179, "N_raw": 42, "N_roi": 42, "N_inlier": 39, "refit": true}
{"timestamp": "17:23:33.993809", "frame": 86, "mu": [1.0593892047656746, 3.352707317551221, 1.0389705383634886], "Sigma": [[0.017246170795438158, -0.010944452605312857, -0.010519442078986467], [-0.010944452605312857, 0.012415607557535178, 0.004717205800102535], [-0.010519442078986467, 0.004717205800102535, 0.009496110799476513]], "chi2_level": 0.95, "chi2_df": 3, "chi2_threshold": 7.814727903251179, "N_raw": 39, "N_roi": 39, "N_inlier": 36, "refit": true}
{"timestamp": "17:23:34.051048", "frame": 87, "mu": [1.0676758185375397, 3.379663456985382, 1.2346757315916375], "Sigma": [[0.0170777209001051, -0.008528061203152406, -0.005987241632277374], [-0.008528061203152405, 0.009863470825275474, 0.0024480425559440253], [-0.005987241632277374, 0.0024480425559440253, 0.006371338084604136]], "chi2_level": 0.95, "chi2_df": 3, "chi2_threshold": 7.814727903251179, "N_raw": 52, "N_roi": 52, "N_inlier": 49, "refit": true}
{"timestamp": "17:23:34.101823", "frame": 88, "mu": [1.174685847924417, 3.4734450767539755, -0.19287308578567444], "Sigma": [[0.00735354369933336, -0.0045891241227700875, 0.0034914625375418243], [-0.0045891241227700875, 0.03738738397006325, -0.06734079375434283], [0.0034914625375418234, -0.06734079375434283, 0.13267346575900713]], "chi2_level": 0.95, "chi2_df": 3, "chi2_threshold": 7.814727903251179, "N_raw": 20, "N_roi": 20, "N_inlier": 20, "refit": true}
{"timestamp": "17:23:34.163636", "frame": 89, "mu": [1.2245462070060342, 3.3376064716743366, 1.1055406344456242], "Sigma": [[0.021742622971158747, -0.00995879291345342, -0.011448041106898042], [-0.009958792913453422, 0.012150763634337916, 0.00210194550508472], [-0.011448041106898042, 0.0021019455050847206, 0.008831335864918702]], "chi2_level": 0.95, "chi2_df": 3, "chi2_threshold": 7.814727903251179, "N_raw": 70, "N_roi": 68, "N_inlier": 67, "refit": true}
{"timestamp": "17:23:34.215633", "frame": 90, "mu": [1.2878557551875502, 3.354024485025451, 1.1025765356318518], "Sigma": [[0.015918768684797524, -0.00647933912002711, -0.003456387356255016], [-0.006479339120027111, 0.008399991961841253, -0.0005804262801150276], [-0.003456387356255016, -0.0005804262801150277, 0.00416886103224932]], "chi2_level": 0.95, "chi2_df": 3, "chi2_threshold": 7.814727903251179, "N_raw": 52, "N_roi": 50, "N_inlier": 48, "refit": true}
{"timestamp": "17:23:34.270273", "frame": 91, "mu": [1.373226653709048, 3.2803236462088283, 1.0307141139000782], "Sigma": [[0.017393409447182526, -0.00694260969598059, -0.006219151596615681], [-0.00694260969598059, 0.005732455948528518, -0.0011003104977765112], [-0.006219151596615681, -0.0011003104977765112, 0.008373734412759841]], "chi2_level": 0.95, "chi2_df": 3, "chi2_threshold": 7.814727903251179, "N_raw": 50, "N_roi": 50, "N_inlier": 48, "refit": true}
{"timestamp": "17:23:34.321523", "frame": 92, "mu": [1.4547871873322882, 3.2174658687433904, 1.0200449180915003], "Sigma": [[0.006207709471599747, -0.005782577896112085, -0.00606183008865719], [-0.005782577896112085, 0.019424016866878904, 0.020852208052264013], [-0.00606183008865719, 0.02085220805226401, 0.029473549154503554]], "chi2_level": 0.95, "chi2_df": 3, "chi2_threshold": 7.814727903251179, "N_raw": 24, "N_roi": 24, "N_inlier": 22, "refit": true}
{"timestamp": "17:23:34.541789", "frame": 96, "mu": [1.6161914336941596, 3.3626565144089424, 1.157089447531929], "Sigma": [[0.009032961610585378, -0.0046932986898955845, -0.0035864589902079996], [-0.004693298689895585, 0.004181340906247737, 0.0009031865181058021], [-0.0035864589902079996, 0.0009031865181058022, 0.002915574823651522]], "chi2_level": 0.95, "chi2_df": 3, "chi2_threshold": 7.814727903251179, "N_raw": 23, "N_roi": 23, "N_inlier": 19, "refit": true}
{"timestamp": "17:23:34.598383", "frame": 97, "mu": [1.6380402135220695, 3.317690546585909, 1.165980943777692], "Sigma": [[0.013670714529793447, -0.005825635601467891, -0.005684679725664855], [-0.005825635601467892, 0.006043493700132274, 0.0017816855208051124], [-0.005684679725664855, 0.0017816855208051127, 0.003527273519743507]], "chi2_level": 0.95, "chi2_df": 3, "chi2_threshold": 7.814727903251179, "N_raw": 35, "N_roi": 35, "N_inlier": 32, "refit": true}
{"timestamp": "17:23:34.653881", "frame": 98, "mu": [1.7066777143204699, 3.289541406023776, 1.1894331558955138], "Sigma": [[0.01563077431505097, -0.008733335983685041, -0.005661391168285029], [-0.008733335983685041, 0.0069913791911819035, 0.0008598205370261912], [-0.005661391168285028, 0.0008598205370261911, 0.008226404627720089]], "chi2_level": 0.95, "chi2_df": 3, "chi2_threshold": 7.814727903251179, "N_raw": 37, "N_roi": 37, "N_inlier": 34, "refit": true}
{"timestamp": "17:23:35.094656", "frame": 106, "mu": [1.9780541591507743, 3.412221371897281, 1.2436549408875563], "Sigma": [[0.01059237875732363, -0.00456698214345644, -0.002946449157882722], [-0.00456698214345644, 0.007683828911654172, -0.0019978543578318153], [-0.002946449157882722, -0.0019978543578318153, 0.004449717974655087]], "chi2_level": 0.95, "chi2_df": 3, "chi2_threshold": 7.814727903251179, "N_raw": 40, "N_roi": 37, "N_inlier": 36, "refit": true}
{"timestamp": "17:23:35.424257", "frame": 112, "mu": [2.223568005495045, 3.550308780225016, 1.2531630882840732], "Sigma": [[0.03117774846830321, 0.004858432925534378, -0.030339399391044724], [0.004858432925534377, 0.004415653325033418, -0.005989286749255735], [-0.030339399391044724, -0.005989286749255735, 0.031970284090173315]], "chi2_level": 0.95, "chi2_df": 3, "chi2_threshold": 7.814727903251179, "N_raw": 44, "N_roi": 14, "N_inlier": 14, "refit": true}
{"timestamp": "17:23:35.705205", "frame": 117, "mu": [2.3215774501474975, 3.4204648410257015, 0.30485046324729187], "Sigma": [[0.007907588515364102, -0.0043446820375494435, 0.0017024924619785], [-0.004344682037549444, 0.004793526134365472, 0.005644978850363851], [0.0017024924619784996, 0.005644978850363851, 0.027671706397525555]], "chi2_level": 0.95, "chi2_df": 3, "chi2_threshold": 7.814727903251179, "N_raw": 48, "N_roi": 21, "N_inlier": 19, "refit": true}
