{"timestamp": "17:52:51.850832", "frame": 42, "mu": [1.497537594301257, 0.9186729922216953, 0.49839951145150335], "Sigma": [[0.006969025794099645, -0.008890385833554722, 0.03387442988958553], [-0.008890385833554722, 0.017398094762485983, -0.07554665824534135], [0.03387442988958553, -0.07554665824534135, 0.3486718100100384]], "chi2_level": 0.95, "chi2_df": 3, "chi2_threshold": 7.814727903251179, "N_raw": 14, "N_roi": 14, "N_inlier": 14, "refit": true}
{"timestamp": "17:52:52.015570", "frame": 45, "mu": [1.2916903294770148, 0.9406546643448925, 1.1437562832095383], "Sigma": [[0.002551152248194611, 0.00043608688507810003, 0.0009148907639621251], [0.0004360868850780999, 0.008450321395028484, 0.010500071116424634], [0.0009148907639621255, 0.010500071116424635, 0.0369217719113997]], "chi2_level": 0.95, "chi2_df": 3, "chi2_threshold": 7.814727903251179, "N_raw": 10, "N_roi": 10, "N_inlier": 10, "refit": true}
{"timestamp": "17:52:52.128672", "frame": 47, "mu": [1.1960321346534464, 1.1601604206027236, 1.2530897349697847], "Sigma": [[0.0035326597064205215, -0.00017359570037217363, 0.000796814444765336], [-0.0001735957003721737, 0.013949318627345102, 0.008231395563757704], [0.000796814444765336, 0.008231395563757704, 0.0059060759524545]], "chi2_level": 0.95, "chi2_df": 3, "chi2_threshold": 7.814727903251179, "N_raw": 32, "N_roi": 32, "N_inlier": 31, "refit": true}
{"timestamp": "17:52:52.180811", "frame": 48, "mu": [1.118266982599705, 1.3018020159905845, 1.461528464390919], "Sigma": [[0.0011248744386523097, 8.830151581361179e-05, -0.00023526332512372627], [8.830151581361187e-05, 0.0035414633836568323, 0.0005583710124511447], [-0.00023526332512372632, 0.0005583710124511447, 0.0003936257643842461]], "chi2_level": 0.95, "chi2_df": 3, "chi2_threshold": 7.814727903251179, "N_raw": 14, "N_roi": 14, "N_inlier": 13, "refit": true}
{"timestamp": "17:52:52.239803", "frame": 49, "mu": [1.113877617807987, 1.3254290133171804, 1.392097795372992], "Sigma": [[0.005158799321210319, -0.001923081142607082, -0.001447326402431733], [-0.001923081142607082, 0.004713826216501938, 0.0008464608831884857], [-0.001447326402431733, 0.0008464608831884857, 0.0010478703059141475]], "chi2_level": 0.95, "chi2_df": 3, "chi2_threshold": 7.814727903251179, "N_raw": 39, "N_roi": 39, "N_inlier": 35, "refit": true}
{"timestamp": "17:52:52.294067", "frame": 50, "mu": [1.0001406657700684, 1.3516170712392093, 1.2888987520791235], "Sigma": [[0.002648056052339421, 0.00015942514246618052, -0.007963399180761803], [0.00015942514246618044, 0.0031445133572760757, -0.0035282847264843163], [-0.007963399180761803, -0.0035282847264843163, 0.07289228537767516]], "chi2_level": 0.95, "chi2_df": 3, "chi2_threshold": 7.814727903251179, "N_raw": 23, "N_roi": 22, "N_inlier": 18, "refit": true}
{"timestamp": "17:52:52.351210", "frame": 51, "mu": [0.9870770694090228, 1.4305283029033178, 1.3797784394565664], "Sigma": [[0.004734705578030214, 0.00164375799637842, 0.0009174678863220241], [0.00164375799637842, 0.007726983565625214, 0.0065082902299961574], [0.0009174678863220238, 0.0065082902299961574, 0.00985858085747482]], "chi2_level": 0.95, "chi2_df": 3, "chi2_threshold": 7.814727903251179, "N_raw": 35, "N_roi": 35, "N_inlier": 34, "refit": true}
{"timestamp": "17:52:52.404507", "frame": 52, "mu": [0.9391329222491026, 1.4988304146655562, 1.427762577964489], "Sigma": [[0.0027224483119854337, -0.0007523850741800963, -0.0008335307353243768], [-0.000752385074180096, 0.005335169293992828, 0.004835597472842217], [-0.000833530735324377, 0.004835597472842217, 0.004721390270594634]], "chi2_level": 0.95, "chi2_df": 3, "chi2_threshold": 7.814727903251179, "N_raw": 22, "N_roi": 22, "N_inlier": 20, "refit": true}
{"timestamp": "17:52:52.458063", "frame": 53, "mu": [0.9055082758896542, 1.5314594425264594, 1.2951100854349573], "Sigma": [[0.0020466595222023414, -0.0009397048167418849, -0.004310785815016264], [-0.0009397048167418848, 0.0029725082928268145, 0.006857398529240072], [-0.004310785815016264, 0.006857398529240072, 0.029210376804951043]], "chi2_level": 0.95, "chi2_df": 3, "chi2_threshold": 7.814727903251179, "N_raw": 14, "N_roi": 14, "N_inlier": 11, "refit": true}
{"timestamp": "17:52:52.518095", "frame": 54, "mu": [0.8497208319193594, 1.5299993050681475, 1.2697751682227048], "Sigma": [[0.004849724540369028, -0.0018128673760578436, -0.002448379945539431], [-0.0018128673760578436, 0.004912984400098844, 0.0020714538286993804], [-0.002448379945539431, 0.0020714538286993804, 0.00815722494452059]], "chi2_level": 0.95, "chi2_df": 3, "chi2_threshold": 7.814727903251179, "N_raw": 42, "N_roi": 42, "N_inlier": 39, "refit": true}
{"timestamp": "17:52:52.577339", "frame": 55, "mu": [0.8579893016835337, 1.6248078098655756, 1.20781444282626], "Sigma": [[0.007216289069645799, 0.0015119570922270996, 0.004913521908987648], [0.0015119570922270994, 0.00448119375088685, 0.010573065885120745], [0.004913521908987648, 0.010573065885120747, 0.06350243508036506]], "chi2_level": 0.95, "chi2_df": 3, "chi2_threshold": 7.814727903251179, "N_raw": 72, "N_roi": 72, "N_inlier": 70, "refit": true}
{"timestamp": "17:52:52.631355", "frame": 56, "mu": [0.7897987678881796, 1.6401647271769173, 1.178104720734361], "Sigma": [[0.007857263407917842, 0.00012347355063152, 5.9445416059282605e-05], [0.00012347355063152012, 0.001585348000397855, 0.001662960015541508], [5.9445416059282497e-05, 0.001662960015541508, 0.027634117858507005]], "chi2_level": 0.95, "chi2_df": 3, "chi2_threshold": 7.814727903251179, "N_raw": 64, "N_roi": 64, "N_inlier": 59, "refit": true}
{"timestamp": "17:52:52.684824", "frame": 57, "mu": [0.6943805160557192, 1.70433173977916, 1.106354377671071], "Sigma": [[0.004729167634643911, 0.0024704522176136282, 0.0013808142955612003], [0.0024704522176136282, 0.005490195245273508, -0.01769971723252647], [0.0013808142955611998, -0.01769971723252647, 0.17849276907818049]], "chi2_level": 0.95, "chi2_df": 3, "chi2_threshold": 7.814727903251179, "N_raw": 49, "N_roi": 49, "N_inlier": 46, "refit": true}
{"timestamp": "17:52:52.740868", "frame": 58, "mu": [0.6880641554753203, 1.887815847177087, -0.19200375015539414], "Sigma": [[0.008247528753461282, 0.003915162637748588, 0.0033319892874047637], [0.003915162637748588, 0.005960518846188558, 0.001153544584766191], [0.0033319892874047637, 0.001153544584766191, 0.0034096102825907177]], "chi2_level": 0.95, "chi2_df": 3, "chi2_threshold": 7.814727903251179, "N_raw": 59, "N_roi": 59, "N_inlier": 55, "refit": true}
{"timestamp": "17:52:52.796644", "frame": 59, "mu": [0.5749675007887183, 1.8035271681036957, 1.1394856208617525], "Sigma": [[0.006931682313534994, -0.0014962344903049012, -0.0034741378484991225], [-0.001496234490304901, 0.0018975430489046091, -6.701676099788844e-05], [-0.0034741378484991225, -6.70167609978882e-05, 0.028350030216861593]], "chi2_level": 0.95, "chi2_df": 3, "chi2_threshold": 7.814727903251179, "N_raw": 67, "N_roi": 67, "N_inlier": 61, "refit": true}
{"timestamp": "17:52:52.849528", "frame": 60, "mu": [0.5760132463334897, 1.9312638232337056, 1.221080613618973], "Sigma": [[0.005184901462323006, 0.00037400615174708665, -0.0008711698975366217], [0.00037400615174708665, 0.004207963863075635, -0.0014358871652794746], [-0.0008711698975366218, -0.001435887165279475, 0.02186344111600362]], "chi2_level": 0.95, "chi2_df": 3, "chi2_threshold": 7.814727903251179, "N_raw": 54, "N_roi": 54, "N_inlier": 47, "refit": true}
{"timestamp": "17:52:52.907737", "frame": 61, "mu": [0.5065891386745052, 2.0941714758967556, 1.0543416123059584], "Sigma": [[0.03650167502410332, 0.09689126892778022, -0.020497726260233537], [0.09689126892778022, 0.3032114286868769, -0.05925797746972977], [-0.020497726260233537, -0.05925797746972977, 0.03721630076013262]], "chi2_level": 0.95, "chi2_df": 3, "chi2_threshold": 7.814727903251179, "N_raw": 74, "N_roi": 74, "N_inlier": 59, "refit": true}
{"timestamp": "17:52:52.966274", "frame": 62, "mu": [0.5086436851853706, 2.320753560993493, 1.0817300778203103], "Sigma": [[0.05403372394865315, 0.17051763390403382, -0.035985881790155674], [0.17051763390403382, 0.6375717340985444, -0.12680865272329483], [-0.035985881790155674, -0.12680865272329483, 0.04810499408835331]], "chi2_level": 0.95, "chi2_df": 3, "chi2_threshold": 7.814727903251179, "N_raw": 96, "N_roi": 91, "N_inlier": 85, "refit": true}
{"timestamp": "17:52:53.020306", "frame": 63, "mu": [0.3093609741242752, 2.0232926316032125, 1.1573454262226357], "Sigma": [[0.007651306422797606, 0.0020662984910730597, -0.0002271570381003023], [0.0020662984910730597, 0.002580936145557611, -0.0033715142269618546], [-0.00022715703810030212, -0.0033715142269618546, 0.025705750722381952]], "chi2_level": 0.95, "chi2_df": 3, "chi2_threshold": 7.814727903251179, "N_raw": 84, "N_roi": 84, "N_inlier": 71, "refit": true}
{"timestamp": "17:52:53.072840", "frame": 64, "mu": [0.2736970629149946, 2.160725778274295, 1.295074859273924], "Sigma": [[0.008047048999587915, 0.0014960421007194028, -0.006238658219853171], [0.0014960421007194028, 0.005913994395530202, -0.00306578501497848], [-0.006238658219853171, -0.00306578501497848, 0.05563006441759463]], "chi2_level": 0.95, "chi2_df": 3, "chi2_threshold": 7.814727903251179, "N_raw": 74, "N_roi": 74, "N_inlier": 64, "refit": true}
{"timestamp": "17:52:53.131825", "frame": 65, "mu": [0.21013695104148597, 2.1754896131286987, 0.8947320093649044], "Sigma": [[0.015227753096262389, 0.006662147259208092, 0.0005349386990968689], [0.006662147259208091, 0.0067765214202680545, -0.011723181284652478], [0.0005349386990968668, -0.011723181284652476, 0.28901549426311074]], "chi2_level": 0.95, "chi2_df": 3, "chi2_threshold": 7.814727903251179, "N_raw": 101, "N_roi": 100, "N_inlier": 98, "refit": true}
{"timestamp": "17:52:53.182967", "frame": 66, "mu": [0.1774082279893013, 2.213232149577448, 0.836805949623652], "Sigma": [[0.007582014898561439, 0.002322475254989012, -0.0038607607019815514], [0.002322475254989012, 0.0053928104664326725, 0.004084013789010646], [-0.0038607607019815506, 0.004084013789010646, 0.3926564556464977]], "chi2_level": 0.95, "chi2_df": 3, "chi2_threshold": 7.814727903251179, "N_raw": 74, "N_roi": 72, "N_inlier": 71, "refit": true}
{"timestamp": "17:52:53.235936", "frame": 67, "mu": [0.05422867522372511, 2.3261839201123387, -0.29362250685797336], "Sigma": [[0.008702563873957892, 0.005799555205344989, 0.027116036636275893], [0.005799555205344989, 0.009489779996221614, 0.0222574355498054], [0.027116036636275893, 0.0222574355498054, 0.11926956097058947]], "chi2_level": 0.95, "chi2_df": 3, "chi2_threshold": 7.814727903251179, "N_raw": 63, "N_roi": 61, "N_inlier": 56, "refit": true}
{"timestamp": "17:52:53.290403", "frame": 68, "mu": [-0.020865577347965715, 2.40732486676195, -0.31603304480318944], "Sigma": [[0.008074348442897379, 0.0017087174718921714, -0.0032059866480461225], [0.0017087174718921714, 0.003540139836705561, -0.0063241425610335335], [-0.0032059866480461225, -0.0063241425610335335, 0.029268476667511104]], "chi2_level": 0.95, "chi2_df": 3, "chi2_threshold": 7.814727903251179, "N_raw": 59, "N_roi": 56, "N_inlier": 51, "refit": true}
{"timestamp": "17:52:53.352566", "frame": 69, "mu": [-0.017067553973167785, 2.329880928204113, 1.044596609006835], "Sigma": [[0.026573742026441836, -0.008588548388372108, -0.05851208508089502], [-0.008588548388372108, 0.007638419863469717, 0.020586111473356566], [-0.058512085080895025, 0.020586111473356573, 0.1608621826014989]], "chi2_level": 0.95, "chi2_df": 3, "chi2_threshold": 7.814727903251179, "N_raw": 109, "N_roi": 107, "N_inlier": 102, "refit": true}
{"timestamp": "17:52:53.402586", "frame": 70, "mu": [-0.1276132167418938, 2.384293419091993, 1.090398395876514], "Sigma": [[0.009651205534832135, 0.004080744876978583, -0.008156192578602322], [0.0040807448769785825, 0.006932413501533862, -0.006749533752932571], [-0.008156192578602322, -0.00674953375293257, 0.014387206019045943]], "chi2_level": 0.95, "chi2_df": 3, "chi2_threshold": 7.814727903251179, "N_raw": 64, "N_roi": 60, "N_inlier": 54, "refit": true}
{"timestamp": "17:52:53.452702", "frame": 71, "mu": [-0.2830459237133252, 2.425919932097718, 1.3459097279115917], "Sigma": [[0.010173008933824827, -6.410428109417284e-05, -0.0019373195666417022], [-6.410428109417327e-05, 0.003330013830864612, -0.0007529443942867381], [-0.0019373195666417017, -0.0007529443942867381, 0.002757594331492662]], "chi2_level": 0.95, "chi2_df": 3, "chi2_threshold": 7.814727903251179, "N_raw": 41, "N_roi": 40, "N_inlier": 33, "refit": true}
{"timestamp": "17:52:53.504182", "frame": 72, "mu": [-0.19209416124363363, 2.49593391221863, 0.6996290346059088], "Sigma": [[0.01681851745666082, -0.014216523990599706, -0.04313117373719999], [-0.014216523990599705, 0.019006622054259292, 0.022644981117557854], [-0.04313117373719999, 0.022644981117557854, 0.3855930000162994]], "chi2_level": 0.95, "chi2_df": 3, "chi2_threshold": 7.814727903251179, "N_raw": 14, "N_roi": 12, "N_inlier": 12, "refit": true}
{"timestamp": "17:52:53.569013", "frame": 73, "mu": [-0.26435814862923, 2.742802687724475, -0.06880460421090687], "Sigma": [[0.01436616381576002, -0.004735930738107283, 0.01054700367321756], [-0.004735930738107283, 0.02490660684051564, -0.07428849738517171], [0.01054700367321756, -0.07428849738517171, 0.3063441610433802]], "chi2_level": 0.95, "chi2_df": 3, "chi2_threshold": 7.814727903251179, "N_raw": 87, "N_roi": 87, "N_inlier": 84, "refit": true}
{"timestamp": "17:52:53.625804", "frame": 74, "mu": [-0.3520380113832311, 2.6596633025445184, 0.8723210001028334], "Sigma": [[0.017088593873696416, 0.0031201016519185488, 0.04396116734915716], [0.0031201016519185488, 0.0072394944080767494, 0.02111057771671495], [0.04396116734915716, 0.02111057771671495, 0.4761814927669074]], "chi2_level": 0.95, "chi2_df": 3, "chi2_threshold": 7.814727903251179, "N_raw": 99, "N_roi": 99, "N_inlier": 98, "refit": true}
{"timestamp": "17:52:53.674568", "frame": 75, "mu": [-0.4436922390761635, 2.7054988967847176, 1.2847626441364866], "Sigma": [[0.013091383642130344, 0.002261686105288656, -0.013432909864397068], [0.002261686105288656, 0.006170717608769389, -0.009079784590500538], [-0.013432909864397068, -0.009079784590500538, 0.18814432831188513]], "chi2_level": 0.95, "chi2_df": 3, "chi2_threshold": 7.814727903251179, "N_raw": 57, "N_roi": 57, "N_inlier": 55, "refit": true}
{"timestamp": "17:52:53.733264", "frame": 76, "mu": [-0.5534192231304298, 2.7581875822921775, 0.9059574749072054], "Sigma": [[0.011207404816953514, -0.0028368492392012016, 0.002311938025267568], [-0.0028368492392012016, 0.01031667527942706, -0.03978048052780099], [0.0023119380252675696, -0.03978048052780099, 0.254238332641699]], "chi2_level": 0.95, "chi2_df": 3, "chi2_threshold": 7.814727903251179, "N_raw": 84, "N_roi": 84, "N_inlier": 82, "refit": true}
{"timestamp": "17:52:53.784934", "frame": 77, "mu": [-0.5054312041045724, 2.750848710085931, 0.9799089374415293], "Sigma": [[0.01417233889470053, 0.005638548124941913, -0.041064125852599796], [0.005638548124941913, 0.006220733020003646, -0.026916206328519696], [-0.041064125852599796, -0.026916206328519696, 0.18077653403666621]], "chi2_level": 0.95, "chi2_df": 3, "chi2_threshold": 7.814727903251179, "N_raw": 51, "N_roi": 51, "N_inlier": 47, "refit": true}
{"timestamp": "17:52:53.846859", "frame": 78, "mu": [-0.5519869205137444, 2.8337122167091584, 0.833218012393862], "Sigma": [[0.02185891173008003, 0.0014210357381869414, -0.019092709247191194], [0.0014210357381869414, 0.004028440438974626, -0.009318242001719268], [-0.019092709247191194, -0.009318242001719268, 0.34604307978254706]], "chi2_level": 0.95, "chi2_df": 3, "chi2_threshold": 7.814727903251179, "N_raw": 105, "N_roi": 105, "N_inlier": 104, "refit": true}
{"timestamp": "17:52:53.901996", "frame": 79, "mu": [-0.5846807274084871, 2.898838663338333, 1.1253848085195872], "Sigma": [[0.022631262505161467, 0.0019027206747962609, -0.049647217236703206], [0.0019027206747962609, 0.004446335590671118, -0.008800755269129781], [-0.049647217236703206, -0.008800755269129783, 0.16008393531492082]], "chi2_level": 0.95, "chi2_df": 3, "chi2_threshold": 7.814727903251179, "N_raw": 102, "N_roi": 101, "N_inlier": 96, "refit": true}
{"timestamp": "17:52:53.950501", "frame": 80, "mu": [-0.6160192618445283, 2.9699240192483787, 1.1308363015504288], "Sigma": [[0.01740463017150184, 0.0016273458557691184, -0.04932403937669878], [0.0016273458557691184, 0.0021919399249410126, -0.007905726448013945], [-0.04932403937669878, -0.007905726448013945, 0.19385464531560123]], "chi2_level": 0.95, "chi2_df": 3, "chi2_threshold": 7.814727903251179, "N_raw": 56, "N_roi": 50, "N_inlier": 47, "refit": true}
{"timestamp": "17:52:54.010429", "frame": 81, "mu": [-0.6676049536658942, 3.0579639656160724, 1.0993240843891827], "Sigma": [[0.01874219680430801, 0.0021170351216431333, -0.036588802448061], [0.0021170351216431333, 0.0028858780174322073, -0.011533178414547767], [-0.036588802448060995, -0.011533178414547767, 0.12108038031638252]], "chi2_level": 0.95, "chi2_df": 3, "chi2_threshold": 7.814727903251179, "N_raw": 95, "N_roi": 91, "N_inlier": 87, "refit": true}
{"timestamp": "17:52:54.067963", "frame": 82, "mu": [-0.7578389578437432, 3.0654785762271466, 1.0661453758446382], "Sigma": [[0.0320249959506369, 0.008937203725989525, -0.055550214022606445], [0.008937203725989525, 0.008786978732664203, -0.022903915609346598], [-0.055550214022606445, -0.022903915609346598, 0.12291181389064476]], "chi2_level": 0.95, "chi2_df": 3, "chi2_threshold": 7.814727903251179, "N_raw": 108, "N_roi": 105, "N_inlier": 103, "refit": true}
{"timestamp": "17:52:54.116609", "frame": 83, "mu": [-0.8770043628914715, 3.2682574528321764, -0.22696933725751492], "Sigma": [[0.021973552746445753, 0.018428217911915137, -0.021800823440820565], [0.018428217911915137, 0.026785402294648174, -0.03524883293528951], [-0.021800823440820565, -0.03524883293528952, 0.11087247020980417]], "chi2_level": 0.95, "chi2_df": 3, "chi2_threshold": 7.814727903251179, "N_raw": 65, "N_roi": 65, "N_inlier": 63, "refit": true}
{"timestamp": "17:52:54.169480", "frame": 84, "mu": [-1.053168624251173, 3.0974357606671026, 1.377111571257667], "Sigma": [[0.01272890060694278, 0.0033720951442393204, -0.005420106480544478], [0.0033720951442393204, 0.00689739965822274, -0.005452152614634998], [-0.005420106480544478, -0.0054521526146349975, 0.042394665800601423]], "chi2_level": 0.95, "chi2_df": 3, "chi2_threshold": 7.814727903251179, "N_raw": 52, "N_roi": 52, "N_inlier": 49, "refit": true}
{"timestamp": "17:52:54.228350", "frame": 85, "mu": [-1.0731749725464772, 3.1892412404379122, 0.792697210923418], "Sigma": [[0.015362971214429958, 0.0013378267668871379, -0.007289270865793619], [0.0013378267668871379, 0.005986740080312066, -0.028188719398430255], [-0.007289270865793617, -0.028188719398430255, 0.16655687290998802]], "chi2_level": 0.95, "chi2_df": 3, "chi2_threshold": 7.814727903251179, "N_raw": 84, "N_roi": 84, "N_inlier": 82, "refit": true}
{"timestamp": "17:52:54.281297", "frame": 86, "mu": [-1.1401771571249777, 3.2375605086248953, 0.8218968221422566], "Sigma": [[0.014111597397701589, -0.002192532006334892, -0.0018242274793013255], [-0.0021925320063348915, 0.018592652058914902, -0.03325116809839379], [-0.001824227479301326, -0.03325116809839379, 0.06834904920517886]], "chi2_level": 0.95, "chi2_df": 3, "chi2_threshold": 7.814727903251179, "N_raw": 62, "N_roi": 62, "N_inlier": 60, "refit": true}
{"timestamp": "17:52:54.331992", "frame": 87, "mu": [-1.1863299141012436, 3.1796686469045286, 1.1522088465965652], "Sigma": [[0.012907071861383667, 0.0018146256455136443, -0.01008161736559834], [0.0018146256455136445, 0.002129871704596472, -0.0035005280304235627], [-0.01008161736559834, -0.003500528030423563, 0.018695293302144474]], "chi2_level": 0.95, "chi2_df": 3, "chi2_threshold": 7.814727903251179, "N_raw": 33, "N_roi": 33, "N_inlier": 31, "refit": true}
{"timestamp": "17:52:54.387280", "frame": 88, "mu": [-1.2760435818598561, 3.1692020856718774, 1.036647492633007], "Sigma": [[0.015623347962488912, 0.006279408993632218, -0.0039808946377509775], [0.006279408993632218, 0.005642216342221478, -0.0024159014784567055], [-0.0039808946377509775, -0.0024159014784567055, 0.0074490870259969685]], "chi2_level": 0.95, "chi2_df": 3, "chi2_threshold": 7.814727903251179, "N_raw": 40, "N_roi": 38, "N_inlier": 35, "refit": true}
{"timestamp": "17:52:54.442090", "frame": 89, "mu": [-1.4106483293578007, 3.240761685854627, 1.3399202920433375], "Sigma": [[0.013613298321054821, 0.004663797281117356, -0.007924540808915203], [0.004663797281117356, 0.005159642909635045, -0.003806091478227232], [-0.007924540808915203, -0.0038060914782272323, 0.006060858329632187]], "chi2_level": 0.95, "chi2_df": 3, "chi2_threshold": 7.814727903251179, "N_raw": 39, "N_roi": 38, "N_inlier": 35, "refit": true}
{"timestamp": "17:52:54.496778", "frame": 90, "mu": [-1.5033858209356314, 3.259020614367155, 1.304273435553379], "Sigma": [[0.021895190690737372, 0.011742368037255285, -0.01671073735135007], [0.011742368037255285, 0.010928321861384234, -0.009364017394836523], [-0.01671073735135007, -0.009364017394836525, 0.015294137261862248]], "chi2_level": 0.95, "chi2_df": 3, "chi2_threshold": 7.814727903251179, "N_raw": 34, "N_roi": 34, "N_inlier": 31, "refit": true}
{"timestamp": "17:52:54.602782", "frame": 92, "mu": [-1.3823584538657872, 3.614489316951383, 1.266977892751692], "Sigma": [[0.01595160022042437, 0.01272032003725611, -0.009073394246702782], [0.01272032003725611, 0.014898303230838275, -0.006556374487104261], [-0.009073394246702782, -0.006556374487104261, 0.0076006173240286854]], "chi2_level": 0.95, "chi2_df": 3, "chi2_threshold": 7.814727903251179, "N_raw": 16, "N_roi": 14, "N_inlier": 14, "refit": true}
{"timestamp": "17:52:54.658135", "frame": 93, "mu": [-1.4666471718356946, 3.545033131116818, 1.0885274631058968], "Sigma": [[0.009668435812427718, 0.0014368910591096783, -0.010147826814970912], [0.0014368910591096783, 0.002424727093276054, -0.0017502919526233534], [-0.010147826814970912, -0.0017502919526233534, 0.011989785200831892]], "chi2_level": 0.95, "chi2_df": 3, "chi2_threshold": 7.814727903251179, "N_raw": 18, "N_roi": 18, "N_inlier": 17, "refit": true}
{"timestamp": "17:52:54.773058", "frame": 95, "mu": [-1.6855415877313153, 3.581958846778989, 1.3310639820395957], "Sigma": [[0.019354869408264277, 0.004932953137628516, -0.013571323186361912], [0.004932953137628516, 0.006416747621466198, -0.005532192597341185], [-0.013571323186361912, -0.005532192597341185, 0.01210008557839116]], "chi2_level": 0.95, "chi2_df": 3, "chi2_threshold": 7.814727903251179, "N_raw": 49, "N_roi": 49, "N_inlier": 48, "refit": true}
{"timestamp": "17:52:54.880834", "frame": 97, "mu": [-1.7840664538113127, 3.6852839110516102, 1.1005367463235265], "Sigma": [[0.012864428943527103, 0.004083050075042989, -0.018722119906803468], [0.004083050075042989, 0.00455268224264811, -0.021157857150637737], [-0.018722119906803465, -0.021157857150637737, 0.15371513228669018]], "chi2_level": 0.95, "chi2_df": 3, "chi2_threshold": 7.814727903251179, "N_raw": 33, "N_roi": 31, "N_inlier": 30, "refit": true}
{"timestamp": "17:52:55.111934", "frame": 100, "mu": [-1.7008607173190975, 4.0987301622349275, -0.34324318673539084], "Sigma": [[0.011810222501076656, 0.00910499482469778, -0.026184790608882996], [0.00910499482469778, 0.009643956266871171, -0.023651264509963698], [-0.026184790608882992, -0.023651264509963698, 0.06707124351691754]], "chi2_level": 0.95, "chi2_df": 3, "chi2_threshold": 7.814727903251179, "N_raw": 11, "N_roi": 11, "N_inlier": 11, "refit": true}
{"timestamp": "17:52:55.186145", "frame": 101, "mu": [-1.73837037596832, 4.15057892732114, -0.3580987960012415], "Sigma": [[0.02093868202163085, 0.012232758295402112, -0.03133619896828675], [0.012232758295402112, 0.010374663656098923, -0.02490069489967104], [-0.03133619896828675, -0.02490069489967104, 0.0641585559782791]], "chi2_level": 0.95, "chi2_df": 3, "chi2_threshold": 7.814727903251179, "N_raw": 17, "N_roi": 17, "N_inlier": 16, "refit": true}
{"timestamp": "17:52:55.247340", "frame": 103, "mu": [-2.229656614390624, 3.8833104639229497, 1.3873617253143558], "Sigma": [[0.011356802845875105, 0.005579011478931895, -0.009117287566564271], [0.005579011478931895, 0.0049080532663510834, -0.005137404093735096], [-0.009117287566564271, -0.005137404093735097, 0.009887331523445762]], "chi2_level": 0.95, "chi2_df": 3, "chi2_threshold": 7.814727903251179, "N_raw": 23, "N_roi": 20, "N_inlier": 19, "refit": true}
{"timestamp": "17:52:55.277780", "frame": 104, "mu": [-2.273761043898167, 3.9576347480733935, 1.3240228734366828], "Sigma": [[0.012800841973617316, 0.006974889659853358, -0.011613843134231977], [0.006974889659853359, 0.006469147442009497, -0.010226940413290909], [-0.011613843134231977, -0.010226940413290909, 0.01990452023759577]], "chi2_level": 0.95, "chi2_df": 3, "chi2_threshold": 7.814727903251179, "N_raw": 28, "N_roi": 27, "N_inlier": 27, "refit": true}
{"timestamp": "17:52:55.319454", "frame": 105, "mu": [-2.2472729315453206, 4.028224966530782, 1.1430692134005485], "Sigma": [[0.015481002283248302, 0.008371375961193438, -0.009827818319937006], [0.008371375961193436, 0.006628621865610363, -0.008796217013483747], [-0.009827818319937004, -0.008796217013483747, 0.01491821217416455]], "chi2_level": 0.95, "chi2_df": 3, "chi2_threshold": 7.814727903251179, "N_raw": 25, "N_roi": 25, "N_inlier": 24, "refit": true}
{"timestamp": "17:52:55.430716", "frame": 107, "mu": [-2.3094299439752652, 4.099074811376052, 1.1058789607825692], "Sigma": [[0.010391816841654538, 0.0038195173299426332, -0.007061031839903755], [0.0038195173299426332, 0.004276648055426323, -0.005500075139904204], [-0.007061031839903756, -0.005500075139904204, 0.011026397922148802]], "chi2_level": 0.95, "chi2_df": 3, "chi2_threshold": 7.814727903251179, "N_raw": 34, "N_roi": 25, "N_inlier": 22, "refit": true}
{"timestamp": "17:52:55.484140", "frame": 108, "mu": [-2.295658676074709, 4.128884045859041, 0.3428240023551058], "Sigma": [[0.0129026241339894, 0.003537763376472983, -0.008724351374871611], [0.0035377633764729828, 0.0022638355563188244, -0.0027727329923295293], [-0.008724351374871611, -0.0027727329923295293, 0.0077283659659965935]], "chi2_level": 0.95, "chi2_df": 3, "chi2_threshold": 7.814727903251179, "N_raw": 25, "N_roi": 15, "N_inlier": 14, "refit": true}
{"timestamp": "17:52:55.540696", "frame": 109, "mu": [-2.4396006576008826, 4.2224186015156056, 0.3169689110380875], "Sigma": [[0.0013454750346835436, 0.0007721353898019304, -0.00022519456498446108], [0.0007721353898019304, 0.005081446870134926, -0.0027872640498455164], [-0.0002251945649844611, -0.0027872640498455164, 0.003291173274317417]], "chi2_level": 0.95, "chi2_df": 3, "chi2_threshold": 7.814727903251179, "N_raw": 30, "N_roi": 11, "N_inlier": 10, "refit": true}
