{"timestamp": "17:23:02.926093", "frame": 5, "mu": [2.3344808665405696, 4.6715049818756125, 1.0953150178402518], "Sigma": [[0.012259362401826178, -0.0064879046989477825, -0.0021953303508634304], [-0.0064879046989477825, 0.006562205347763655, -0.000865039015753891], [-0.0021953303508634304, -0.000865039015753891, 0.003951667507307918]], "chi2_level": 0.95, "chi2_df": 3, "chi2_threshold": 7.814727903251179, "N_raw": 39, "N_roi": 22, "N_inlier": 21, "refit": true}
{"timestamp": "17:23:02.979182", "frame": 6, "mu": [2.3746639909192133, 4.619715624294626, 1.132541923170957], "Sigma": [[0.0033584878766444296, -0.0017860097941886318, -7.163754086980176e-05], [-0.0017860097941886318, 0.0027465700523406677, -0.0007916013313622264], [-7.163754086980179e-05, -0.0007916013313622266, 0.0006479993013720043]], "chi2_level": 0.95, "chi2_df": 3, "chi2_threshold": 7.814727903251179, "N_raw": 21, "N_roi": 11, "N_inlier": 10, "refit": true}
{"timestamp": "17:23:03.636877", "frame": 18, "mu": [2.3493245369284534, 4.476939890851887, 1.1572861501061316], "Sigma": [[0.011446509579864976, -0.004652168748363929, 0.0002168342421238347], [-0.004652168748363929, 0.003250328477416301, 0.0002554656894318377], [0.00021683424212383463, 0.0002554656894318377, 0.00024237496370652396]], "chi2_level": 0.95, "chi2_df": 3, "chi2_threshold": 7.814727903251179, "N_raw": 17, "N_roi": 12, "N_inlier": 11, "refit": true}
{"timestamp": "17:23:03.806570", "frame": 21, "mu": [2.313457642720049, 4.778174082629786, -0.2867862197666161], "Sigma": [[0.016486347144225658, -0.012662896928297898, 0.014499974591123496], [-0.012662896928297898, 0.029898041592781806, -0.050848376126792154], [0.014499974591123498, -0.05084837612679216, 0.09899191936079768]], "chi2_level": 0.95, "chi2_df": 3, "chi2_threshold": 7.814727903251179, "N_raw": 42, "N_roi": 28, "N_inlier": 27, "refit": true}
{"timestamp": "17:23:03.863659", "frame": 22, "mu": [2.2587852486171247, 4.588723053295956, 0.2328009062951774], "Sigma": [[0.02351429771988624, -0.009863050035184421, -0.012547767943593744], [-0.009863050035184421, 0.007829824512563489, 0.005190429675954767], [-0.012547767943593744, 0.005190429675954766, 0.007858602788440283]], "chi2_level": 0.95, "chi2_df": 3, "chi2_threshold": 7.814727903251179, "N_raw": 38, "N_roi": 32, "N_inlier": 31, "refit": true}
{"timestamp": "17:23:03.916100", "frame": 23, "mu": [2.248731053501945, 4.458402086480271, 1.0437897099016273], "Sigma": [[0.024460438755308147, -0.012860974637929533, -0.00975358469553422], [-0.012860974637929533, 0.008627619968144045, 0.00485268529440757], [-0.00975358469553422, 0.00485268529440757, 0.005354860079205448]], "chi2_level": 0.95, "chi2_df": 3, "chi2_threshold": 7.814727903251179, "N_raw": 25, "N_roi": 23, "N_inlier": 23, "refit": true}
{"timestamp": "17:23:04.305096", "frame": 30, "mu": [2.0091799757812865, 4.60172538177929, -0.10731731763364072], "Sigma": [[0.023270202341701574, -0.009517637982539556, -0.016019769564340158], [-0.009517637982539556, 0.005777187168859453, 0.004377665125792829], [-0.016019769564340158, 0.004377665125792829, 0.01527943616575016]], "chi2_level": 0.95, "chi2_df": 3, "chi2_threshold": 7.814727903251179, "N_raw": 31, "N_roi": 24, "N_inlier": 24, "refit": true}
{"timestamp": "17:23:04.358676", "frame": 31, "mu": [1.944396798876748, 4.455253177662613, 0.8627061086701863], "Sigma": [[0.030026395775688424, -0.012770479719039962, -0.012242355565272029], [-0.012770479719039964, 0.007953600885627224, 0.003402602540829003], [-0.01224235556527203, 0.0034026025408290033, 0.008477513903302423]], "chi2_level": 0.95, "chi2_df": 3, "chi2_threshold": 7.814727903251179, "N_raw": 39, "N_roi": 38, "N_inlier": 38, "refit": true}
{"timestamp": "17:23:04.472104", "frame": 33, "mu": [1.8259102351472296, 4.637068810703956, -0.03432782227366479], "Sigma": [[0.029769439633302044, -0.008335817483509403, -0.03075697883179629], [-0.008335817483509403, 0.01024345309850627, -0.005165268488368775], [-0.03075697883179629, -0.005165268488368775, 0.05945985904158924]], "chi2_level": 0.95, "chi2_df": 3, "chi2_threshold": 7.814727903251179, "N_raw": 64, "N_roi": 61, "N_inlier": 58, "refit": true}
{"timestamp": "17:23:04.522414", "frame": 34, "mu": [1.794068297106921, 4.585229840688552, -0.02541371093464535], "Sigma": [[0.006944156906666715, -0.0023477110930830635, -0.0038708504738016397], [-0.0023477110930830635, 0.004830962938786308, -0.0026597291755371968], [-0.0038708504738016393, -0.0026597291755371968, 0.007942512970478393]], "chi2_level": 0.95, "chi2_df": 3, "chi2_threshold": 7.814727903251179, "N_raw": 20, "N_roi": 20, "N_inlier": 20, "refit": true}
{"timestamp": "17:23:04.634443", "frame": 36, "mu": [1.668203095086331, 4.628994140999125, -0.10395761562362978], "Sigma": [[0.030729822657066728, -0.008005652289447633, -0.017401985697704302], [-0.008005652289447633, 0.005022031201858078, 0.0012998198386484751], [-0.017401985697704306, 0.0012998198386484751, 0.015252382494232991]], "chi2_level": 0.95, "chi2_df": 3, "chi2_threshold": 7.814727903251179, "N_raw": 37, "N_roi": 37, "N_inlier": 35, "refit": true}
{"timestamp": "17:23:04.738254", "frame": 38, "mu": [1.5380080451233171, 4.45696183330917, 0.8170621142166841], "Sigma": [[0.009504620120470162, -0.0028967663352727204, -0.004873046182671795], [-0.0028967663352727204, 0.002957574528467694, -0.00039701145063639263], [-0.004873046182671795, -0.0003970114506363922, 0.006397771990002442]], "chi2_level": 0.95, "chi2_df": 3, "chi2_threshold": 7.814727903251179, "N_raw": 11, "N_roi": 11, "N_inlier": 11, "refit": true}
{"timestamp": "17:23:04.795874", "frame": 39, "mu": [1.4144558999679397, 4.494967016635358, 0.8645469722318383], "Sigma": [[0.009285652117802487, -0.003965128850983182, -0.006034203584770394], [-0.003965128850983182, 0.0029483089891743047, 0.0009639465481920029], [-0.0060342035847703954, 0.0009639465481920029, 0.00836085547298953]], "chi2_level": 0.95, "chi2_df": 3, "chi2_threshold": 7.814727903251179, "N_raw": 17, "N_roi": 14, "N_inlier": 13, "refit": true}
{"timestamp": "17:23:04.850274", "frame": 40, "mu": [1.313377230314571, 4.4269076169613815, 1.0646315103595725], "Sigma": [[0.00905416567884779, -0.0033281931115001755, -0.005959308535551567], [-0.0033281931115001755, 0.0038824802014791873, 0.00376589806978516], [-0.005959308535551567, 0.00376589806978516, 0.005591328847860202]], "chi2_level": 0.95, "chi2_df": 3, "chi2_threshold": 7.814727903251179, "N_raw": 18, "N_roi": 18, "N_inlier": 17, "refit": true}
{"timestamp": "17:23:05.182265", "frame": 46, "mu": [0.9696672799077508, 4.569691643899552, 1.2100966413550722], "Sigma": [[0.025919790561397236, -0.006006407194931884, -0.01209644783210883], [-0.006006407194931884, 0.0028102852719001335, 1.4679049751307972e-05], [-0.01209644783210883, 1.467904975130808e-05, 0.014070029751490515]], "chi2_level": 0.95, "chi2_df": 3, "chi2_threshold": 7.814727903251179, "N_raw": 37, "N_roi": 37, "N_inlier": 35, "refit": true}
{"timestamp": "17:23:05.241097", "frame": 47, "mu": [0.8924638123300457, 4.520466154325576, 1.2361756140435536], "Sigma": [[0.015495765783935687, -0.00300682400159063, -0.00781647533107992], [-0.00300682400159063, 0.004379299069304516, 0.0032664549458570283], [-0.00781647533107992, 0.0032664549458570283, 0.0058579686317232526]], "chi2_level": 0.95, "chi2_df": 3, "chi2_threshold": 7.814727903251179, "N_raw": 36, "N_roi": 30, "N_inlier": 29, "refit": true}
{"timestamp": "17:23:05.293844", "frame": 48, "mu": [0.7886789635608097, 4.546810560168093, 1.2475751152880994], "Sigma": [[0.021402086090911, -0.0051964273208755405, -0.007871492151155606], [-0.0051964273208755405, 0.0048442642793533235, 0.0026786038578546978], [-0.007871492151155606, 0.0026786038578546978, 0.005195718699641511]], "chi2_level": 0.95, "chi2_df": 3, "chi2_threshold": 7.814727903251179, "N_raw": 40, "N_roi": 36, "N_inlier": 35, "refit": true}
{"timestamp": "17:23:05.349871", "frame": 49, "mu": [0.7619154735069975, 4.548762418278508, 1.2153577039143446], "Sigma": [[0.016289553934471686, -0.0030599147484394306, -0.009053381731364314], [-0.0030599147484394315, 0.004411061670353849, 0.0027014992522235238], [-0.009053381731364314, 0.0027014992522235238, 0.007010349966031364]], "chi2_level": 0.95, "chi2_df": 3, "chi2_threshold": 7.814727903251179, "N_raw": 50, "N_roi": 32, "N_inlier": 31, "refit": true}
{"timestamp": "17:23:05.459709", "frame": 51, "mu": [0.6117905993045375, 4.5797138062913065, 1.3084497488412699], "Sigma": [[0.025004802346529985, -0.0060997113207976955, -0.018010573754258175], [-0.0060997113207976955, 0.005467865841207905, 0.006567535065856401], [-0.018010573754258172, 0.006567535065856401, 0.01597447167231124]], "chi2_level": 0.95, "chi2_df": 3, "chi2_threshold": 7.814727903251179, "N_raw": 44, "N_roi": 39, "N_inlier": 38, "refit": true}
{"timestamp": "17:23:05.567538", "frame": 53, "mu": [0.45584217122215, 4.552742054272748, 1.2835028242430075], "Sigma": [[0.012675763210353077, -0.0032235703226128126, -0.015083064968806572], [-0.0032235703226128126, 0.0043046322844483885, -0.0006145108035566296], [-0.015083064968806573, -0.0006145108035566298, 0.049658854038301156]], "chi2_level": 0.95, "chi2_df": 3, "chi2_threshold": 7.814727903251179, "N_raw": 33, "N_roi": 31, "N_inlier": 28, "refit": true}
{"timestamp": "17:23:05.625649", "frame": 54, "mu": [0.4767169107992531, 4.548633605367702, 1.1689041089414893], "Sigma": [[0.026988069122741862, -0.0055562510377852176, -0.02151408193120787], [-0.0055562510377852176, 0.006016173979889809, 0.003613172081166397], [-0.021514081931207872, 0.003613172081166397, 0.0198954006116308]], "chi2_level": 0.95, "chi2_df": 3, "chi2_threshold": 7.814727903251179, "N_raw": 55, "N_roi": 52, "N_inlier": 50, "refit": true}
{"timestamp": "17:23:05.682253", "frame": 55, "mu": [0.4706779209491369, 4.4995072802750915, 0.9415637282164777], "Sigma": [[0.03437961365563062, -0.007663868027598382, -0.02474761617714613], [-0.0076638680275983835, 0.005911286102417936, 0.0035588032925871343], [-0.02474761617714613, 0.0035588032925871343, 0.02150451453978832]], "chi2_level": 0.95, "chi2_df": 3, "chi2_threshold": 7.814727903251179, "N_raw": 61, "N_roi": 58, "N_inlier": 56, "refit": true}
{"timestamp": "17:23:05.733622", "frame": 56, "mu": [0.33097444531749864, 4.5402867312662725, 1.2012751950566665], "Sigma": [[0.021445569103639935, -0.007800172131065544, -0.024289846925735617], [-0.007800172131065545, 0.006835823966345816, 0.00997650214613344], [-0.024289846925735624, 0.00997650214613344, 0.030272807077292407]], "chi2_level": 0.95, "chi2_df": 3, "chi2_threshold": 7.814727903251179, "N_raw": 42, "N_roi": 37, "N_inlier": 36, "refit": true}
{"timestamp": "17:23:05.792918", "frame": 57, "mu": [0.3600460477177935, 4.483316855253683, 0.8594472318103722], "Sigma": [[0.02824147126155637, -0.006854068806011233, -0.010693638512845792], [-0.006854068806011233, 0.004619311036059855, -0.0004712410923872662], [-0.010693638512845792, -0.0004712410923872661, 0.009956766072753835]], "chi2_level": 0.95, "chi2_df": 3, "chi2_threshold": 7.814727903251179, "N_raw": 68, "N_roi": 50, "N_inlier": 49, "refit": true}
{"timestamp": "17:23:05.897205", "frame": 59, "mu": [0.19870848716775857, 4.525804482450167, 1.171910314482785], "Sigma": [[0.01924111907333661, -0.0015405851101188688, -0.008064108407482472], [-0.001540585110118869, 0.002973957899969345, 2.587482025096313e-05], [-0.008064108407482472, 2.587482025096313e-05, 0.005724766116621025]], "chi2_level": 0.95, "chi2_df": 3, "chi2_threshold": 7.814727903251179, "N_raw": 33, "N_roi": 33, "N_inlier": 33, "refit": true}
{"timestamp": "17:23:05.953837", "frame": 60, "mu": [0.16520444245197022, 4.492713238217855, 1.0443151032147224], "Sigma": [[0.013716985370072056, -0.00209432254694341, -0.0061597421914619315], [-0.00209432254694341, 0.0025398226628306894, -0.0034841075080176928], [-0.0061597421914619315, -0.0034841075080176928, 0.01863643842771944]], "chi2_level": 0.95, "chi2_df": 3, "chi2_threshold": 7.814727903251179, "N_raw": 38, "N_roi": 37, "N_inlier": 33, "refit": true}
{"timestamp": "17:23:06.009770", "frame": 61, "mu": [0.09631003690316106, 4.4724097619975645, 1.0178469736149027], "Sigma": [[0.02295177022879015, -0.0008001945207263378, -0.008563336551095539], [-0.0008001945207263378, 0.002951227939295628, -0.0030185948987929262], [-0.008563336551095539, -0.003018594898792926, 0.008367272259328663]], "chi2_level": 0.95, "chi2_df": 3, "chi2_threshold": 7.814727903251179, "N_raw": 49, "N_roi": 46, "N_inlier": 44, "refit": true}
{"timestamp": "17:23:06.069037", "frame": 62, "mu": [-0.005326327483381535, 4.475156604391767, 1.023821496612706], "Sigma": [[0.032955019139087896, -0.002071619683092324, -0.012368452801324613], [-0.002071619683092324, 0.00436496346954562, -0.001573631208505413], [-0.012368452801324613, -0.001573631208505413, 0.007800935082276794]], "chi2_level": 0.95, "chi2_df": 3, "chi2_threshold": 7.814727903251179, "N_raw": 72, "N_roi": 58, "N_inlier": 57, "refit": true}
{"timestamp": "17:23:06.119584", "frame": 63, "mu": [-0.029711995483489118, 4.49444764987834, 1.0923549746148908], "Sigma": [[0.022722193306678448, -0.0026065081244733396, -0.014425802526610227], [-0.0026065081244733396, 0.003481292541911399, 0.00022655050077155777], [-0.014425802526610227, 0.00022655050077155777, 0.011409706043012186]], "chi2_level": 0.95, "chi2_df": 3, "chi2_threshold": 7.814727903251179, "N_raw": 39, "N_roi": 39, "N_inlier": 38, "refit": true}
{"timestamp": "17:23:06.278430", "frame": 66, "mu": [-0.2253521678692658, 4.534103467859654, 1.235106570370382], "Sigma": [[0.006204686613531677, -0.0010561464621599882, -0.004921658428544523], [-0.0010561464621599882, 0.002360407279671204, 0.001449191286771622], [-0.004921658428544523, 0.001449191286771622, 0.005086660858738268]], "chi2_level": 0.95, "chi2_df": 3, "chi2_threshold": 7.814727903251179, "N_raw": 10, "N_roi": 10, "N_inlier": 10, "refit": true}
{"timestamp": "17:23:06.334647", "frame": 67, "mu": [-0.26079566163869894, 4.490289890087686, 1.0045723027677536], "Sigma": [[0.008627079070001311, -0.0007465414861497358, -0.007088535454996001], [-0.0007465414861497358, 0.001104088468799918, -0.0002802701313190327], [-0.007088535454996001, -0.0002802701313190327, 0.01202923435773533]], "chi2_level": 0.95, "chi2_df": 3, "chi2_threshold": 7.814727903251179, "N_raw": 12, "N_roi": 12, "N_inlier": 11, "refit": true}
{"timestamp": "17:23:06.391709", "frame": 68, "mu": [-0.3558411391770103, 4.439341681817777, 0.9318433487284464], "Sigma": [[0.01751526817941194, 8.768009137252367e-05, -0.006200634651029513], [8.768009137252343e-05, 0.0011217310702738915, -0.0010677307685615998], [-0.006200634651029513, -0.0010677307685615998, 0.0056373697884052896]], "chi2_level": 0.95, "chi2_df": 3, "chi2_threshold": 7.814727903251179, "N_raw": 28, "N_roi": 24, "N_inlier": 23, "refit": true}
{"timestamp": "17:23:06.446913", "frame": 69, "mu": [-0.36846747838961547, 4.4139599810141315, 0.7995834392489536], "Sigma": [[0.01580815674962287, 0.00039651304406505177, -0.0035189336070954114], [0.0003965130440650519, 0.0012145923624723963, -0.0012881515698821577], [-0.0035189336070954114, -0.0012881515698821575, 0.004684003771298812]], "chi2_level": 0.95, "chi2_df": 3, "chi2_threshold": 7.814727903251179, "N_raw": 27, "N_roi": 26, "N_inlier": 23, "refit": true}
{"timestamp": "17:23:06.504139", "frame": 70, "mu": [-0.4841779236415532, 4.478441297347933, 0.9877950362331995], "Sigma": [[0.027070504845920093, 0.0006271548310093731, -0.009214009142647212], [0.0006271548310093729, 0.0032156886066125, 0.0009958341514109434], [-0.009214009142647212, 0.0009958341514109434, 0.004887729609597298]], "chi2_level": 0.95, "chi2_df": 3, "chi2_threshold": 7.814727903251179, "N_raw": 42, "N_roi": 35, "N_inlier": 34, "refit": true}
{"timestamp": "17:23:06.562929", "frame": 71, "mu": [-0.5928361204609953, 4.515109577011887, 1.0714556227503267], "Sigma": [[0.035434237454151626, -0.0005443631352264435, -0.0208383509489699], [-0.0005443631352264435, 0.004684790419047611, 0.0008488225546131598], [-0.0208383509489699, 0.0008488225546131597, 0.014209433708051623]], "chi2_level": 0.95, "chi2_df": 3, "chi2_threshold": 7.814727903251179, "N_raw": 73, "N_roi": 50, "N_inlier": 49, "refit": true}
{"timestamp": "17:23:06.671921", "frame": 73, "mu": [-0.7633577651308195, 4.598182856153347, 0.2432147944979106], "Sigma": [[0.025762548303124334, 0.004455675993130247, -0.012435129277444305], [0.004455675993130247, 0.0037643256364814494, -0.0026917578411677417], [-0.012435129277444305, -0.002691757841167742, 0.007194335721489993]], "chi2_level": 0.95, "chi2_df": 3, "chi2_threshold": 7.814727903251179, "N_raw": 63, "N_roi": 37, "N_inlier": 33, "refit": true}
{"timestamp": "17:23:06.779663", "frame": 75, "mu": [-0.8790321660366449, 4.482574315818777, 1.1486581916171354], "Sigma": [[0.024262721766067342, 0.002091615234382021, -0.009289355738615482], [0.002091615234382021, 0.004263981539098725, -0.001258356581859703], [-0.00928935573861548, -0.001258356581859703, 0.005759910860136024]], "chi2_level": 0.95, "chi2_df": 3, "chi2_threshold": 7.814727903251179, "N_raw": 48, "N_roi": 42, "N_inlier": 41, "refit": true}
{"timestamp": "17:23:06.940214", "frame": 78, "mu": [-1.0619862862756113, 4.454466847717472, 0.8020546415397847], "Sigma": [[0.021136295732142693, 0.00040467311669908283, 0.04398816275455912], [0.0004046731166990827, 0.0012489398000629693, -0.0026869017135553973], [0.04398816275455912, -0.002686901713555398, 0.16820569490902376]], "chi2_level": 0.95, "chi2_df": 3, "chi2_threshold": 7.814727903251179, "N_raw": 19, "N_roi": 15, "N_inlier": 15, "refit": true}
{"timestamp": "17:23:07.108811", "frame": 81, "mu": [-1.1622298826391348, 4.516456387925713, 0.013155286952516677], "Sigma": [[0.021283856667840148, 0.007597623973120365, 0.020361915343473744], [0.007597623973120365, 0.007084692351324684, 0.015119760955560887], [0.020361915343473744, 0.015119760955560887, 0.1281967911047606]], "chi2_level": 0.95, "chi2_df": 3, "chi2_threshold": 7.814727903251179, "N_raw": 40, "N_roi": 36, "N_inlier": 36, "refit": true}
{"timestamp": "17:23:07.217917", "frame": 83, "mu": [-1.3617858784362613, 4.399723168021753, 1.0278910589357844], "Sigma": [[0.02193110950744495, 0.0055837724868368615, -0.01218295614863574], [0.0055837724868368615, 0.00511867548275354, -0.005561393331288418], [-0.01218295614863574, -0.005561393331288418, 0.010177255371058501]], "chi2_level": 0.95, "chi2_df": 3, "chi2_threshold": 7.814727903251179, "N_raw": 45, "N_roi": 45, "N_inlier": 44, "refit": true}
{"timestamp": "17:23:07.327484", "frame": 85, "mu": [-1.4494650601690597, 4.427523869587478, 0.9218195574109522], "Sigma": [[0.012502686135352945, 0.0005072523509578524, -0.000746750487792402], [0.0005072523509578525, 0.005670465610282765, -0.014748041623564365], [-0.0007467504877924011, -0.014748041623564363, 0.09232784888341888]], "chi2_level": 0.95, "chi2_df": 3, "chi2_threshold": 7.814727903251179, "N_raw": 35, "N_roi": 32, "N_inlier": 32, "refit": true}
{"timestamp": "17:23:07.381905", "frame": 86, "mu": [-1.5664671824777683, 4.3536036946506975, 1.1334900395379177], "Sigma": [[0.023496279020301464, 0.005045033917453465, -0.018248238322708554], [0.005045033917453465, 0.0026532543962794622, -0.004493706100415119], [-0.01824823832270855, -0.004493706100415119, 0.01652162014569201]], "chi2_level": 0.95, "chi2_df": 3, "chi2_threshold": 7.814727903251179, "N_raw": 27, "N_roi": 27, "N_inlier": 25, "refit": true}
{"timestamp": "17:23:07.438387", "frame": 87, "mu": [-1.6711670574703668, 4.4157878858636685, 1.3472755932132858], "Sigma": [[0.007389989666054567, 0.002990975997831731, -0.001560562537968965], [0.002990975997831731, 0.005218594920384742, -0.0018592911551180255], [-0.0015605625379689649, -0.0018592911551180253, 0.0009568946667297072]], "chi2_level": 0.95, "chi2_df": 3, "chi2_threshold": 7.814727903251179, "N_raw": 35, "N_roi": 14, "N_inlier": 13, "refit": true}
{"timestamp": "17:23:07.490542", "frame": 88, "mu": [-1.7323762355623116, 4.381924504793041, 1.244257736764786], "Sigma": [[0.01620728611854171, 0.003115546564966897, -0.014323882697065252], [0.003115546564966897, 0.0019292957478906087, -0.0021002876579011313], [-0.014323882697065252, -0.0021002876579011313, 0.01458890318727116]], "chi2_level": 0.95, "chi2_df": 3, "chi2_threshold": 7.814727903251179, "N_raw": 23, "N_roi": 19, "N_inlier": 17, "refit": true}
{"timestamp": "17:23:07.600432", "frame": 90, "mu": [-1.8659581136430243, 4.368605221962267, 1.3790901996636382], "Sigma": [[0.01022532197732858, 0.0012005224889110842, -0.012471677517870339], [0.0012005224889110842, 0.0027105856720108148, -0.0004902854096448169], [-0.012471677517870339, -0.0004902854096448168, 0.017117965648093515]], "chi2_level": 0.95, "chi2_df": 3, "chi2_threshold": 7.814727903251179, "N_raw": 18, "N_roi": 13, "N_inlier": 11, "refit": true}
{"timestamp": "17:23:07.820903", "frame": 94, "mu": [-2.2032101830708806, 4.329202594031224, 1.4496376306399428], "Sigma": [[0.014220645933864805, 0.0028078007699462765, -0.015760431750357386], [0.0028078007699462765, 0.0026067870492384134, -0.0032963144989723464], [-0.015760431750357386, -0.003296314498972346, 0.019890962538577688]], "chi2_level": 0.95, "chi2_df": 3, "chi2_threshold": 7.814727903251179, "N_raw": 23, "N_roi": 16, "N_inlier": 16, "refit": true}
{"timestamp": "17:23:08.041070", "frame": 98, "mu": [-2.3077852189427297, 4.301605811703858, 1.1593831395857255], "Sigma": [[0.013660630175356235, 0.005573038875687523, -0.00799339710671715], [0.005573038875687523, 0.0052744980589955566, -0.004411699504393064], [-0.00799339710671715, -0.004411699504393064, 0.006909594074326919]], "chi2_level": 0.95, "chi2_df": 3, "chi2_threshold": 7.814727903251179, "N_raw": 24, "N_roi": 22, "N_inlier": 20, "refit": true}
{"timestamp": "17:23:08.217131", "frame": 100, "mu": [-2.392412850905057, 4.35001444681638, 0.1563206003643988], "Sigma": [[0.005760869787868194, 0.0024459916247615426, -0.0013651522105871336], [0.002445991624761542, 0.0043657563547396215, 0.0005308266407365542], [-0.0013651522105871336, 0.0005308266407365542, 0.0018313482236145923]], "chi2_level": 0.95, "chi2_df": 3, "chi2_threshold": 7.814727903251179, "N_raw": 30, "N_roi": 15, "N_inlier": 14, "refit": true}
