{"timestamp": "17:54:22.381361", "frame": 12, "mu": [0.1734224524530822, 0.258528906319364, 1.173909987496419], "Sigma": [[1.03282522221123, 0.0036535532246786554, 0.1193532647658848], [0.0036535532246786545, 0.010566252609708815, -0.02535835925493896], [0.1193532647658848, -0.02535835925493896, 0.12728268958738845]], "chi2_level": 0.95, "chi2_df": 3, "chi2_threshold": 7.814727903251179, "N_raw": 17, "N_roi": 17, "N_inlier": 16, "refit": true}
{"timestamp": "17:54:22.437767", "frame": 13, "mu": [0.4608531785297045, 0.2627097644021307, 1.3334859060796196], "Sigma": [[0.7923307408232889, 0.03248641968457652, -0.011896252658874458], [0.03248641968457652, 0.005889858809937152, -0.0010389674297079537], [-0.011896252658874455, -0.001038967429707954, 0.0027343460501608563]], "chi2_level": 0.95, "chi2_df": 3, "chi2_threshold": 7.814727903251179, "N_raw": 21, "N_roi": 20, "N_inlier": 18, "refit": true}
{"timestamp": "17:54:22.493122", "frame": 14, "mu": [0.07757515663358025, 0.23212109834935005, 1.1732239799702093], "Sigma": [[1.1463747809790412, 0.03470564187079321, 0.027820035486646823], [0.03470564187079321, 0.003488030847740443, 0.0018485919338529565], [0.02782003548664682, 0.0018485919338529565, 0.02795469679376636]], "chi2_level": 0.95, "chi2_df": 3, "chi2_threshold": 7.814727903251179, "N_raw": 24, "N_roi": 24, "N_inlier": 23, "refit": true}
{"timestamp": "17:54:22.548203", "frame": 15, "mu": [0.5997146436709939, 0.2074228739465346, 1.2784903404007688], "Sigma": [[0.5697079223486067, 0.03328167418190631, -0.002916364635685888], [0.03328167418190631, 0.004519770947834925, -0.0010532321609511462], [-0.002916364635685887, -0.001053232160951146, 0.002715213618091918]], "chi2_level": 0.95, "chi2_df": 3, "chi2_threshold": 7.814727903251179, "N_raw": 23, "N_roi": 23, "N_inlier": 21, "refit": true}
{"timestamp": "17:54:22.605077", "frame": 16, "mu": [0.4530202763669725, 0.20890800151160785, 1.3227604293154587], "Sigma": [[0.6540474102116577, 0.011587078647447367, -0.048572732334408314], [0.011587078647447367, 0.0035087464589972943, 0.00017416219793316417], [-0.048572732334408314, 0.00017416219793316417, 0.010658520957325257]], "chi2_level": 0.95, "chi2_df": 3, "chi2_threshold": 7.814727903251179, "N_raw": 31, "N_roi": 31, "N_inlier": 29, "refit": true}
{"timestamp": "17:54:22.662134", "frame": 17, "mu": [-0.5388374611952154, 0.38006613381649446, -0.45301100751584217], "Sigma": [[0.623500515348827, -0.011923702956672192, 0.025253083470127898], [-0.011923702956672192, 0.002654377767921535, -0.001942586935079548], [0.025253083470127898, -0.0019425869350795481, 0.004684867537187943]], "chi2_level": 0.95, "chi2_df": 3, "chi2_threshold": 7.814727903251179, "N_raw": 59, "N_roi": 59, "N_inlier": 56, "refit": true}
{"timestamp": "17:54:22.718021", "frame": 18, "mu": [-0.6974088896373188, 0.2951861252712369, 1.4506896287676958], "Sigma": [[0.4034276287553083, -0.013998498479319586, -0.017477611484273493], [-0.013998498479319582, 0.0038302120824494157, 0.0019077383404652352], [-0.017477611484273493, 0.001907738340465235, 0.009940734185440444]], "chi2_level": 0.95, "chi2_df": 3, "chi2_threshold": 7.814727903251179, "N_raw": 63, "N_roi": 63, "N_inlier": 57, "refit": true}
{"timestamp": "17:54:22.772867", "frame": 19, "mu": [-0.56046232352115, 0.28867615762391474, 1.4200425374399828], "Sigma": [[0.5907618522140212, -0.007856371571180442, -0.009278721832534411], [-0.007856371571180442, 0.006318329120346847, -0.0025915794160359905], [-0.009278721832534411, -0.0025915794160359896, 0.018155580327091064]], "chi2_level": 0.95, "chi2_df": 3, "chi2_threshold": 7.814727903251179, "N_raw": 59, "N_roi": 59, "N_inlier": 54, "refit": true}
{"timestamp": "17:54:22.826217", "frame": 20, "mu": [-0.8759999799159061, 0.39611032834038645, 1.499336254838242], "Sigma": [[0.005099113437927179, 0.004584176602464574, -0.0045853369742402976], [0.004584176602464574, 0.007733077375136693, -0.011401566199966101], [-0.0045853369742402976, -0.011401566199966101, 0.02383067932675315]], "chi2_level": 0.95, "chi2_df": 3, "chi2_threshold": 7.814727903251179, "N_raw": 47, "N_roi": 47, "N_inlier": 42, "refit": true}
{"timestamp": "17:54:22.885886", "frame": 21, "mu": [-0.8361892308101938, 0.5977685297241219, -0.34916396948791584], "Sigma": [[0.008204154551790074, 0.003172462484743296, 0.0005683309511496527], [0.003172462484743296, 0.0052729715773433645, -0.0005617968249888208], [0.0005683309511496527, -0.0005617968249888208, 0.0043173783289530785]], "chi2_level": 0.95, "chi2_df": 3, "chi2_threshold": 7.814727903251179, "N_raw": 80, "N_roi": 80, "N_inlier": 73, "refit": true}
{"timestamp": "17:54:22.939630", "frame": 22, "mu": [-0.7719136959263908, 0.5781712748791747, 1.5313478098833606], "Sigma": [[0.0064995761173761825, 0.0035094521659810776, -0.0034382978514308797], [0.0035094521659810776, 0.004219394449679419, -0.004278737254224467], [-0.0034382978514308797, -0.004278737254224467, 0.006066355277552798]], "chi2_level": 0.95, "chi2_df": 3, "chi2_threshold": 7.814727903251179, "N_raw": 77, "N_roi": 77, "N_inlier": 70, "refit": true}
{"timestamp": "17:54:22.992925", "frame": 23, "mu": [-0.8065610666977107, 0.6232006879504678, 1.5441476985473042], "Sigma": [[0.01727758707142455, 0.006902406455338678, -0.017246291858912206], [0.006902406455338678, 0.004148302785084087, -0.007546703095677812], [-0.017246291858912206, -0.007546703095677812, 0.02998826239844548]], "chi2_level": 0.95, "chi2_df": 3, "chi2_threshold": 7.814727903251179, "N_raw": 39, "N_roi": 39, "N_inlier": 36, "refit": true}
{"timestamp": "17:54:23.047881", "frame": 24, "mu": [-0.7493832482913411, 0.6434389596366374, 1.5130305427972452], "Sigma": [[0.036116027503785834, 0.015527817435778118, -0.03832356045400956], [0.015527817435778118, 0.007694510872633485, -0.01852517205241226], [-0.03832356045400956, -0.01852517205241226, 0.04929761953280074]], "chi2_level": 0.95, "chi2_df": 3, "chi2_threshold": 7.814727903251179, "N_raw": 36, "N_roi": 36, "N_inlier": 34, "refit": true}
{"timestamp": "17:54:23.108265", "frame": 25, "mu": [-0.5115770661941441, 0.9204960900120335, -0.4234710507650033], "Sigma": [[0.0025901337426882803, -0.0007663322612186431, -0.0005612948734769578], [-0.0007663322612186428, 0.0036969962623254766, -0.004743932982823221], [-0.0005612948734769578, -0.004743932982823221, 0.0095520906040262]], "chi2_level": 0.95, "chi2_df": 3, "chi2_threshold": 7.814727903251179, "N_raw": 79, "N_roi": 77, "N_inlier": 71, "refit": true}
{"timestamp": "17:54:23.162765", "frame": 26, "mu": [-0.5233273656397219, 0.869653350887143, 1.4806284148465627], "Sigma": [[0.0043259575639810356, -0.0007362936680780493, -0.0013701753499330792], [-0.0007362936680780492, 0.002506594501901469, -0.002254715768672334], [-0.0013701753499330794, -0.002254715768672334, 0.0035692245469962926]], "chi2_level": 0.95, "chi2_df": 3, "chi2_threshold": 7.814727903251179, "N_raw": 73, "N_roi": 73, "N_inlier": 68, "refit": true}
{"timestamp": "17:54:23.213205", "frame": 27, "mu": [-0.3969422274462852, 0.9113914907576152, 1.4438513279403442], "Sigma": [[0.0019518549073556121, 2.4116596159545162e-05, -0.001550203330435633], [2.4116596159545162e-05, 0.0017374870500261343, -0.0017086022784311209], [-0.001550203330435633, -0.0017086022784311209, 0.009533488363617932]], "chi2_level": 0.95, "chi2_df": 3, "chi2_threshold": 7.814727903251179, "N_raw": 45, "N_roi": 44, "N_inlier": 40, "refit": true}
{"timestamp": "17:54:23.270092", "frame": 28, "mu": [-0.33837169756153535, 0.9904833361456125, 1.4432868606949143], "Sigma": [[0.0032940997867951564, -0.0013195644326538154, -0.003823654853893345], [-0.0013195644326538156, 0.002865881910488896, 0.0008061242978806651], [-0.003823654853893344, 0.0008061242978806651, 0.013791951441619611]], "chi2_level": 0.95, "chi2_df": 3, "chi2_threshold": 7.814727903251179, "N_raw": 64, "N_roi": 64, "N_inlier": 61, "refit": true}
{"timestamp": "17:54:23.327487", "frame": 29, "mu": [-0.34537074132857354, 1.0300747730153708, 1.2138134944793944], "Sigma": [[0.004853771142908605, -0.003330556671743796, -0.004157045487268999], [-0.003330556671743796, 0.0031459355560776166, 0.003104537303400212], [-0.004157045487268999, 0.003104537303400212, 0.026505772065743144]], "chi2_level": 0.95, "chi2_df": 3, "chi2_threshold": 7.814727903251179, "N_raw": 76, "N_roi": 76, "N_inlier": 72, "refit": true}
{"timestamp": "17:54:23.382066", "frame": 30, "mu": [-0.19002020373666423, 0.9496796360012187, 1.1861630769182314], "Sigma": [[0.002670837874382584, -0.0014382699179833502, -0.0005300265489631085], [-0.0014382699179833502, 0.005122712795230292, -0.003202590314489294], [-0.0005300265489631083, -0.003202590314489294, 0.003590042606151127]], "chi2_level": 0.95, "chi2_df": 3, "chi2_threshold": 7.814727903251179, "N_raw": 70, "N_roi": 70, "N_inlier": 64, "refit": true}
{"timestamp": "17:54:23.438104", "frame": 31, "mu": [-0.17656474408711106, 1.1241390282318824, 1.1816542410311575], "Sigma": [[0.004884856799769601, -0.003081416701613466, 0.0005599682617258727], [-0.003081416701613466, 0.0044406626041089995, 0.0015442623450618964], [0.0005599682617258727, 0.0015442623450618966, 0.018185310751184063]], "chi2_level": 0.95, "chi2_df": 3, "chi2_threshold": 7.814727903251179, "N_raw": 82, "N_roi": 82, "N_inlier": 77, "refit": true}
{"timestamp": "17:54:23.495485", "frame": 32, "mu": [-0.13482712620974882, 1.240744483026819, 1.389040795568485], "Sigma": [[0.004546838919649912, -0.0014184995294431642, -0.004949208786584605], [-0.0014184995294431642, 0.003225819417977234, -0.0029433771879408223], [-0.004949208786584606, -0.0029433771879408223, 0.020079672454901058]], "chi2_level": 0.95, "chi2_df": 3, "chi2_threshold": 7.814727903251179, "N_raw": 90, "N_roi": 89, "N_inlier": 86, "refit": true}
{"timestamp": "17:54:23.555400", "frame": 33, "mu": [-0.11112208970118678, 1.195455158613574, 0.8563442264705222], "Sigma": [[0.020353467164495515, -0.009288235509315294, 0.0319117656119567], [-0.00928823550931529, 0.007803547654368108, -0.012960805845492876], [0.0319117656119567, -0.012960805845492876, 0.08049104408670951]], "chi2_level": 0.95, "chi2_df": 3, "chi2_threshold": 7.814727903251179, "N_raw": 122, "N_roi": 122, "N_inlier": 119, "refit": true}
{"timestamp": "17:54:23.609350", "frame": 34, "mu": [-0.09372215279207492, 1.2879105493558116, 0.8163459754800065], "Sigma": [[0.02781341681691127, -0.006597644130903628, 0.05673415826385364], [-0.006597644130903628, 0.004496353969412834, -0.013403147959089761], [0.05673415826385364, -0.013403147959089761, 0.15877467201215764]], "chi2_level": 0.95, "chi2_df": 3, "chi2_threshold": 7.814727903251179, "N_raw": 120, "N_roi": 120, "N_inlier": 117, "refit": true}
{"timestamp": "17:54:23.667605", "frame": 35, "mu": [-0.008419863656766724, 1.39454494582416, 0.970777743409365], "Sigma": [[0.018532624398818923, -0.01075830613758582, 0.0371969080418108], [-0.01075830613758582, 0.01382857129591268, -0.012799352048017843], [0.03719690804181079, -0.012799352048017843, 0.24203323343252992]], "chi2_level": 0.95, "chi2_df": 3, "chi2_threshold": 7.814727903251179, "N_raw": 136, "N_roi": 136, "N_inlier": 133, "refit": true}
{"timestamp": "17:54:23.706193", "frame": 36, "mu": [0.03544655977351559, 1.4610398138088458, 0.7473386457354331], "Sigma": [[0.014179725094755236, -0.011559571149870893, 0.036083894342966], [-0.011559571149870893, 0.012261552678728428, -0.01843347593219736], [0.036083894342966, -0.01843347593219736, 0.24077194897782792]], "chi2_level": 0.95, "chi2_df": 3, "chi2_threshold": 7.814727903251179, "N_raw": 23, "N_roi": 23, "N_inlier": 21, "refit": true}
{"timestamp": "17:54:23.766520", "frame": 37, "mu": [0.14833062229537325, 1.4204301482191493, 1.1394384902410837], "Sigma": [[0.003541521486273374, -0.00017755411422561867, 0.0005396706679510889], [-0.0001775541142256187, 0.0024396131694986133, 0.00357739120579073], [0.0005396706679510889, 0.00357739120579073, 0.054936406888096846]], "chi2_level": 0.95, "chi2_df": 3, "chi2_threshold": 7.814727903251179, "N_raw": 74, "N_roi": 74, "N_inlier": 70, "refit": true}
{"timestamp": "17:54:23.820605", "frame": 38, "mu": [0.19904333886672204, 1.685889997704876, -0.29708801571404553], "Sigma": [[0.003492106535006214, -0.000707081585709341, -0.009169115576467678], [-0.000707081585709341, 0.0032350630884861757, -0.0050603179608133455], [-0.00916911557646768, -0.0050603179608133455, 0.08839477858695102]], "chi2_level": 0.95, "chi2_df": 3, "chi2_threshold": 7.814727903251179, "N_raw": 61, "N_roi": 61, "N_inlier": 56, "refit": true}
{"timestamp": "17:54:23.874889", "frame": 39, "mu": [0.24213582665731095, 1.6042326138900895, 1.3069302850070699], "Sigma": [[0.0030768169236258754, -0.0018333242284586696, -0.0034954395303894116], [-0.0018333242284586698, 0.006336462582682309, 0.010598923643049863], [-0.0034954395303894107, 0.010598923643049863, 0.05859495259114371]], "chi2_level": 0.95, "chi2_df": 3, "chi2_threshold": 7.814727903251179, "N_raw": 63, "N_roi": 63, "N_inlier": 58, "refit": true}
{"timestamp": "17:54:23.932292", "frame": 40, "mu": [0.23226711438012673, 1.630243532637893, 0.9782126902543126], "Sigma": [[0.010872370638046304, 0.005733575705358186, 0.03205372044555921], [0.005733575705358186, 0.008418667715012082, 0.03197107114661937], [0.03205372044555921, 0.03197107114661937, 0.18738740813087454]], "chi2_level": 0.95, "chi2_df": 3, "chi2_threshold": 7.814727903251179, "N_raw": 76, "N_roi": 76, "N_inlier": 73, "refit": true}
{"timestamp": "17:54:23.990394", "frame": 41, "mu": [0.295907234938336, 1.705248291491789, 1.0065818706534224], "Sigma": [[0.01169373800643812, 0.00597029616005083, 0.032253962901780474], [0.00597029616005083, 0.00886695861880781, 0.030164285082085476], [0.032253962901780474, 0.030164285082085476, 0.18679537906927937]], "chi2_level": 0.95, "chi2_df": 3, "chi2_threshold": 7.814727903251179, "N_raw": 97, "N_roi": 97, "N_inlier": 94, "refit": true}
{"timestamp": "17:54:24.043103", "frame": 42, "mu": [0.431338195378822, 1.8156162476093294, 1.2183270186986401], "Sigma": [[0.005270286012713082, -0.0008659586110845972, -0.005650271747410167], [-0.0008659586110845971, 0.003405035182540068, -0.0018919333553745188], [-0.005650271747410167, -0.001891933355374519, 0.0312077253983066]], "chi2_level": 0.95, "chi2_df": 3, "chi2_threshold": 7.814727903251179, "N_raw": 74, "N_roi": 74, "N_inlier": 71, "refit": true}
{"timestamp": "17:54:24.096056", "frame": 43, "mu": [0.4665760308254955, 1.910179527075048, 1.2686770833159027], "Sigma": [[0.004756653339781809, -0.0013982730432794215, -0.006856488492777729], [-0.001398273043279421, 0.003121977166238391, 0.0025653254122022717], [-0.006856488492777729, 0.0025653254122022726, 0.051931100674229215]], "chi2_level": 0.95, "chi2_df": 3, "chi2_threshold": 7.814727903251179, "N_raw": 66, "N_roi": 65, "N_inlier": 60, "refit": true}
{"timestamp": "17:54:24.151028", "frame": 44, "mu": [0.5013536930848902, 1.9336190092466425, 1.2005471326606743], "Sigma": [[0.005831875328661202, -0.0022787594179686285, -0.003999144697545172], [-0.0022787594179686285, 0.0023691729774647117, 0.0017113518782222153], [-0.003999144697545172, 0.001711351878222215, 0.056324099770502185]], "chi2_level": 0.95, "chi2_df": 3, "chi2_threshold": 7.814727903251179, "N_raw": 70, "N_roi": 70, "N_inlier": 66, "refit": true}
{"timestamp": "17:54:24.203561", "frame": 45, "mu": [0.6066801366250142, 2.227110369858461, -0.8930661926892199], "Sigma": [[0.009108023449439579, 0.0019593382860640385, -0.036051147997346544], [0.0019593382860640385, 0.007041272979642543, -0.03856557041692881], [-0.036051147997346544, -0.03856557041692881, 0.3606130747901393]], "chi2_level": 0.95, "chi2_df": 3, "chi2_threshold": 7.814727903251179, "N_raw": 48, "N_roi": 48, "N_inlier": 46, "refit": true}
{"timestamp": "17:54:24.258109", "frame": 46, "mu": [0.6615784216989389, 2.009207856575593, 1.1341348025917357], "Sigma": [[0.004400916218557109, -0.0013141665041275577, 0.0022629181380314726], [-0.001314166504127558, 0.00623657118709007, 0.021576959521426693], [0.0022629181380314735, 0.021576959521426693, 0.15802133051417774]], "chi2_level": 0.95, "chi2_df": 3, "chi2_threshold": 7.814727903251179, "N_raw": 43, "N_roi": 43, "N_inlier": 40, "refit": true}
{"timestamp": "17:54:24.312115", "frame": 47, "mu": [0.6774660192007906, 2.1728638941049554, -0.619690550132733], "Sigma": [[0.004953247207336342, 0.001743580667564849, 0.01954719852292559], [0.001743580667564849, 0.008566557598653001, -0.0028612661700796104], [0.01954719852292559, -0.0028612661700796104, 0.20842225950087814]], "chi2_level": 0.95, "chi2_df": 3, "chi2_threshold": 7.814727903251179, "N_raw": 37, "N_roi": 37, "N_inlier": 33, "refit": true}
{"timestamp": "17:54:24.366151", "frame": 48, "mu": [0.7128560440944959, 2.0982772248926356, 0.7965540152075554], "Sigma": [[0.00793352672871364, -0.0001302370401597269, 0.022646497174929628], [-0.00013023704015972681, 0.0021058566651755775, 0.0015337681059720675], [0.022646497174929624, 0.0015337681059720673, 0.10700226688298312]], "chi2_level": 0.95, "chi2_df": 3, "chi2_threshold": 7.814727903251179, "N_raw": 40, "N_roi": 40, "N_inlier": 37, "refit": true}
{"timestamp": "17:54:24.425813", "frame": 49, "mu": [0.6941439279420255, 2.1966281036443043, 0.9332730123683126], "Sigma": [[0.014161542585221525, -0.005487847215158038, 0.03224880810264383], [-0.005487847215158037, 0.0036160267520800845, -0.013823967684691503], [0.03224880810264383, -0.013823967684691503, 0.1320873920727937]], "chi2_level": 0.95, "chi2_df": 3, "chi2_threshold": 7.814727903251179, "N_raw": 64, "N_roi": 64, "N_inlier": 61, "refit": true}
{"timestamp": "17:54:24.477057", "frame": 50, "mu": [0.7444626618368267, 2.185306097284331, 0.7340738162836365], "Sigma": [[0.022719684610807152, 0.0012894217126429948, 0.06084374476258751], [0.0012894217126429948, 0.008961747532263722, 0.021593037509442088], [0.060843744762587505, 0.021593037509442088, 0.22790771703207546]], "chi2_level": 0.95, "chi2_df": 3, "chi2_threshold": 7.814727903251179, "N_raw": 38, "N_roi": 38, "N_inlier": 34, "refit": true}
{"timestamp": "17:54:24.531142", "frame": 51, "mu": [0.970613761553276, 2.2873353296927244, 1.2974032476494224], "Sigma": [[0.010104001384347049, -0.0018466238686603866, 0.018817032152860968], [-0.0018466238686603866, 0.0029488270154470293, -0.000955087352738711], [0.018817032152860968, -0.0009550873527387112, 0.07879148952784407]], "chi2_level": 0.95, "chi2_df": 3, "chi2_threshold": 7.814727903251179, "N_raw": 29, "N_roi": 29, "N_inlier": 26, "refit": true}
{"timestamp": "17:54:24.587411", "frame": 52, "mu": [0.9018508481713414, 2.384719618801201, 1.0683392618773633], "Sigma": [[0.02850424964026571, -0.010241783365390045, 0.06326495906594079], [-0.010241783365390045, 0.0054405704617490605, -0.024351539041406675], [0.06326495906594079, -0.024351539041406675, 0.18319090675973804]], "chi2_level": 0.95, "chi2_df": 3, "chi2_threshold": 7.814727903251179, "N_raw": 44, "N_roi": 44, "N_inlier": 40, "refit": true}
{"timestamp": "17:54:24.642437", "frame": 53, "mu": [1.0771169408987227, 2.4998839569795455, -0.0051867566061970585], "Sigma": [[0.010451039860339777, -0.002398384170673698, -0.004529419088229273], [-0.002398384170673698, 0.004101402436456489, -0.00015428451974890882], [-0.0045294190882292735, -0.0001542845197489087, 0.006498193403006644]], "chi2_level": 0.95, "chi2_df": 3, "chi2_threshold": 7.814727903251179, "N_raw": 45, "N_roi": 45, "N_inlier": 41, "refit": true}
{"timestamp": "17:54:24.700450", "frame": 54, "mu": [1.1417309721044542, 2.468707901167357, 1.2897546052094282], "Sigma": [[0.01523451108731935, -0.005437199135341322, -0.001430313418682042], [-0.005437199135341322, 0.00631991822382908, -0.0034540294061907837], [-0.001430313418682042, -0.0034540294061907837, 0.013930494033693905]], "chi2_level": 0.95, "chi2_df": 3, "chi2_threshold": 7.814727903251179, "N_raw": 64, "N_roi": 64, "N_inlier": 56, "refit": true}
{"timestamp": "17:54:24.753813", "frame": 55, "mu": [1.1731422592521157, 2.560474429221615, 1.1842998281638024], "Sigma": [[0.010321761542056466, -0.004623681016515863, 0.0008131797924545719], [-0.004623681016515863, 0.004610683103977597, -0.0058934442087421384], [0.000813179792454572, -0.005893444208742139, 0.018986616270706084]], "chi2_level": 0.95, "chi2_df": 3, "chi2_threshold": 7.814727903251179, "N_raw": 52, "N_roi": 52, "N_inlier": 47, "refit": true}
{"timestamp": "17:54:24.805762", "frame": 56, "mu": [1.238615086710128, 2.7025200630216553, 0.03439759467768016], "Sigma": [[0.008931081463615475, -0.0028240755067014305, -0.0015856436142329773], [-0.0028240755067014305, 0.006539999553915124, -0.006815934076899753], [-0.0015856436142329773, -0.006815934076899753, 0.016878392898959434]], "chi2_level": 0.95, "chi2_df": 3, "chi2_threshold": 7.814727903251179, "N_raw": 37, "N_roi": 37, "N_inlier": 33, "refit": true}
{"timestamp": "17:54:24.864703", "frame": 57, "mu": [1.2737331927028344, 2.779489065362669, -0.46141615204836933], "Sigma": [[0.01022374018388864, -0.002822157331389381, -0.009851352973893012], [-0.002822157331389381, 0.00568890628515008, -0.01992613285068013], [-0.009851352973893012, -0.01992613285068013, 0.168999139420648]], "chi2_level": 0.95, "chi2_df": 3, "chi2_threshold": 7.814727903251179, "N_raw": 62, "N_roi": 61, "N_inlier": 61, "refit": true}
{"timestamp": "17:54:24.913390", "frame": 58, "mu": [1.2879892407636246, 2.830531926363549, -0.30963825001485695], "Sigma": [[0.004796851643318601, -0.0018917134941156424, -0.004059237958517795], [-0.0018917134941156424, 0.0021949913991722286, -0.0012809527256938554], [-0.004059237958517795, -0.0012809527256938554, 0.011248275264332015]], "chi2_level": 0.95, "chi2_df": 3, "chi2_threshold": 7.814727903251179, "N_raw": 19, "N_roi": 19, "N_inlier": 17, "refit": true}
{"timestamp": "17:54:24.968456", "frame": 59, "mu": [1.2627127851266464, 2.5764739809455652, 0.3866174895157657], "Sigma": [[0.004816946773291871, -0.0027973670971544458, -2.8793466993562466e-05], [-0.0027973670971544458, 0.005161299460039331, 0.011198269441057486], [-2.879346699356225e-05, 0.011198269441057486, 0.06008384296129681]], "chi2_level": 0.95, "chi2_df": 3, "chi2_threshold": 7.814727903251179, "N_raw": 21, "N_roi": 20, "N_inlier": 18, "refit": true}
{"timestamp": "17:54:25.024680", "frame": 60, "mu": [1.2904508667240335, 2.783616525976666, 0.9314775936055728], "Sigma": [[0.007549434561354917, 0.001263741762990573, 0.013290632213172355], [0.001263741762990573, 0.009385814416009533, 0.032928236208014494], [0.013290632213172355, 0.032928236208014494, 0.14054870011664586]], "chi2_level": 0.95, "chi2_df": 3, "chi2_threshold": 7.814727903251179, "N_raw": 26, "N_roi": 26, "N_inlier": 25, "refit": true}
{"timestamp": "17:54:25.077655", "frame": 61, "mu": [1.326112110061481, 2.662355590142279, 0.25352594062047995], "Sigma": [[0.0027198669544008167, -3.449978257432111e-05, 0.000622699477638589], [-3.4499782574321165e-05, 0.0008282320733871584, 2.8922954577844523e-05], [0.000622699477638589, 2.8922954577844523e-05, 0.007041862916915239]], "chi2_level": 0.95, "chi2_df": 3, "chi2_threshold": 7.814727903251179, "N_raw": 14, "N_roi": 14, "N_inlier": 12, "refit": true}
{"timestamp": "17:54:25.132956", "frame": 62, "mu": [1.45233715328867, 2.978382681458856, 1.3296396049110466], "Sigma": [[0.006239977251257438, -0.0034028012616817505, -0.0011053930193222106], [-0.0034028012616817505, 0.0032099562013466637, -0.001237717021977023], [-0.0011053930193222106, -0.0012377170219770232, 0.00516553547025605]], "chi2_level": 0.95, "chi2_df": 3, "chi2_threshold": 7.814727903251179, "N_raw": 22, "N_roi": 19, "N_inlier": 18, "refit": true}
{"timestamp": "17:54:25.242411", "frame": 64, "mu": [1.5357325241731712, 3.0949960971112223, 1.4239434193249725], "Sigma": [[0.004519012804969541, -0.0009776780788254289, -0.0023298616122499065], [-0.0009776780788254289, 0.002123167629186884, -0.00027140890178033584], [-0.002329861612249907, -0.00027140890178033574, 0.0033454760005832045]], "chi2_level": 0.95, "chi2_df": 3, "chi2_threshold": 7.814727903251179, "N_raw": 16, "N_roi": 14, "N_inlier": 12, "refit": true}
{"timestamp": "17:54:25.300406", "frame": 65, "mu": [1.5817783853849388, 3.1760025414310356, 1.3561638124699231], "Sigma": [[0.011867193918853316, -0.006706490973513928, -0.00938375344822551], [-0.006706490973513928, 0.00594107470874134, 0.0024246385906910453], [-0.00938375344822551, 0.0024246385906910458, 0.01449985710911206]], "chi2_level": 0.95, "chi2_df": 3, "chi2_threshold": 7.814727903251179, "N_raw": 32, "N_roi": 32, "N_inlier": 31, "refit": true}
{"timestamp": "17:54:25.408385", "frame": 67, "mu": [1.700318433813737, 3.233510102509765, 0.8095915231619889], "Sigma": [[0.006667406133504804, -0.003053701536712035, -0.002217130101567745], [-0.003053701536712035, 0.0015270789117617686, -0.0009374583645623169], [-0.002217130101567745, -0.0009374583645623169, 0.04273329289030019]], "chi2_level": 0.95, "chi2_df": 3, "chi2_threshold": 7.814727903251179, "N_raw": 22, "N_roi": 22, "N_inlier": 21, "refit": true}
{"timestamp": "17:54:25.465604", "frame": 68, "mu": [1.705895702034346, 3.2450267052165582, 0.8557574841372328], "Sigma": [[0.008554585289896112, -0.00509808113798421, -0.0031046552008728158], [-0.00509808113798421, 0.004061908134569724, 0.008325201634688813], [-0.003104655200872817, 0.008325201634688813, 0.06638092388931201]], "chi2_level": 0.95, "chi2_df": 3, "chi2_threshold": 7.814727903251179, "N_raw": 31, "N_roi": 28, "N_inlier": 27, "refit": true}
{"timestamp": "17:54:25.522295", "frame": 69, "mu": [1.72780710148717, 3.3887017129129635, -0.829265024843922], "Sigma": [[0.011079425074205151, 0.0053658553166119815, 0.03875421110448876], [0.005365855316611981, 0.006929805563033342, 0.034235067927988694], [0.03875421110448876, 0.034235067927988694, 0.3291151753504491]], "chi2_level": 0.95, "chi2_df": 3, "chi2_threshold": 7.814727903251179, "N_raw": 38, "N_roi": 36, "N_inlier": 34, "refit": true}
{"timestamp": "17:54:25.575811", "frame": 70, "mu": [1.7647924358808225, 3.3348644326444576, 0.7418778709489912], "Sigma": [[0.0088964064787337, -0.004251573458375096, 0.0011079327323227166], [-0.004251573458375096, 0.0020969986629169254, -0.0015310592444168685], [0.001107932732322717, -0.0015310592444168682, 0.01696055773961727]], "chi2_level": 0.95, "chi2_df": 3, "chi2_threshold": 7.814727903251179, "N_raw": 32, "N_roi": 27, "N_inlier": 23, "refit": true}
{"timestamp": "17:54:25.629040", "frame": 71, "mu": [1.7875640129497519, 3.410737214661998, 0.9479558519472601], "Sigma": [[0.010299193288246375, -5.7629324143392696e-05, 0.012188315712543595], [-5.762932414339226e-05, 0.009067214634950305, 0.0381582829454835], [0.012188315712543595, 0.0381582829454835, 0.19174339170230756]], "chi2_level": 0.95, "chi2_df": 3, "chi2_threshold": 7.814727903251179, "N_raw": 23, "N_roi": 21, "N_inlier": 20, "refit": true}
{"timestamp": "17:54:25.851626", "frame": 75, "mu": [1.9708226642119036, 3.610058555397028, 1.3051500175124406], "Sigma": [[0.01496231888896983, -0.006937802493084708, -0.006227027613626864], [-0.006937802493084708, 0.00539929419006568, -0.0010731995030638106], [-0.006227027613626864, -0.0010731995030638106, 0.013962662947048487]], "chi2_level": 0.95, "chi2_df": 3, "chi2_threshold": 7.814727903251179, "N_raw": 35, "N_roi": 32, "N_inlier": 32, "refit": true}
{"timestamp": "17:54:25.908787", "frame": 76, "mu": [1.9663422619491615, 3.6681675776264724, 1.413932567701064], "Sigma": [[0.016182532766667063, -0.007130437473214391, -0.007005616567557225], [-0.007130437473214391, 0.008954518436761498, 0.0022192878686239387], [-0.007005616567557225, 0.0022192878686239387, 0.004771401806259836]], "chi2_level": 0.95, "chi2_df": 3, "chi2_threshold": 7.814727903251179, "N_raw": 48, "N_roi": 44, "N_inlier": 41, "refit": true}
{"timestamp": "17:54:25.962923", "frame": 77, "mu": [2.021258589076898, 3.7127550022649545, 1.5089176785933591], "Sigma": [[0.016582786571839817, -0.009200423472890629, -0.003117773274873961], [-0.009200423472890629, 0.011300485667777747, 0.0009005379040238947], [-0.003117773274873961, 0.000900537904023895, 0.003554734594092561]], "chi2_level": 0.95, "chi2_df": 3, "chi2_threshold": 7.814727903251179, "N_raw": 45, "N_roi": 44, "N_inlier": 42, "refit": true}
{"timestamp": "17:54:26.018070", "frame": 78, "mu": [2.057601489905366, 3.757854141805111, 1.4147024678004296], "Sigma": [[0.01799887489381587, -0.00921584815027452, -0.005674612465774425], [-0.00921584815027452, 0.009956535016180447, -0.00017359668927860114], [-0.005674612465774425, -0.00017359668927860135, 0.005518871849727921]], "chi2_level": 0.95, "chi2_df": 3, "chi2_threshold": 7.814727903251179, "N_raw": 46, "N_roi": 44, "N_inlier": 43, "refit": true}
{"timestamp": "17:54:26.070797", "frame": 79, "mu": [2.0327951118112555, 3.8164457059687735, 1.4491538330631986], "Sigma": [[0.0193752624555846, -0.010629080699472892, -0.0074227394698587745], [-0.010629080699472892, 0.009739987533278002, 0.003023412073667722], [-0.007422739469858776, 0.003023412073667722, 0.006127105788107805]], "chi2_level": 0.95, "chi2_df": 3, "chi2_threshold": 7.814727903251179, "N_raw": 38, "N_roi": 38, "N_inlier": 36, "refit": true}
{"timestamp": "17:54:26.126881", "frame": 80, "mu": [2.045877833385392, 3.851486000736451, 1.4813445290629472], "Sigma": [[0.016767279015148483, -0.005320766978117276, -0.0009470427194931317], [-0.005320766978117275, 0.0066782321012798926, -0.0012202920453217394], [-0.0009470427194931312, -0.0012202920453217394, 0.0022031320418126137]], "chi2_level": 0.95, "chi2_df": 3, "chi2_threshold": 7.814727903251179, "N_raw": 42, "N_roi": 41, "N_inlier": 38, "refit": true}
{"timestamp": "17:54:26.181397", "frame": 81, "mu": [2.0680543901050448, 3.909278536787505, 0.5588017313288378], "Sigma": [[0.017756487909133367, -0.004244341139809669, -0.01131400334969053], [-0.004244341139809669, 0.00727129063092401, -0.002571108652713085], [-0.01131400334969053, -0.002571108652713085, 0.014573266591330994]], "chi2_level": 0.95, "chi2_df": 3, "chi2_threshold": 7.814727903251179, "N_raw": 38, "N_roi": 38, "N_inlier": 37, "refit": true}
{"timestamp": "17:54:26.234985", "frame": 82, "mu": [2.1290881117747147, 3.9142788625965714, 1.3799537780482134], "Sigma": [[0.013858804503011172, -0.004978384321996999, -0.0033925613225100535], [-0.004978384321996999, 0.0034580933502420855, -0.0020720722773679865], [-0.0033925613225100535, -0.0020720722773679865, 0.011368635749197964]], "chi2_level": 0.95, "chi2_df": 3, "chi2_threshold": 7.814727903251179, "N_raw": 27, "N_roi": 27, "N_inlier": 25, "refit": true}
{"timestamp": "17:54:26.344457", "frame": 84, "mu": [2.1193880050041534, 4.065767667585858, 1.2718592027679663], "Sigma": [[0.017361726435299013, -0.007910134505330712, -0.00915044292059007], [-0.007910134505330712, 0.0057022054124803686, 0.0015127729354555179], [-0.00915044292059007, 0.0015127729354555179, 0.013586065529119958]], "chi2_level": 0.95, "chi2_df": 3, "chi2_threshold": 7.814727903251179, "N_raw": 25, "N_roi": 25, "N_inlier": 24, "refit": true}
