{"timestamp": "17:47:18.268380", "frame": 34, "mu": [1.7989018412255806, 1.1843978088070342, 1.3800798200891022], "Sigma": [[0.003463425441295639, -0.0018304314400988115, 0.00020506501377131513], [-0.0018304314400988115, 0.003796050979608812, -0.001301205900861141], [0.0002050650137713151, -0.001301205900861141, 0.0005404806601436697]], "chi2_level": 0.95, "chi2_df": 3, "chi2_threshold": 7.814727903251179, "N_raw": 16, "N_roi": 16, "N_inlier": 15, "refit": true}
{"timestamp": "17:47:18.324257", "frame": 35, "mu": [1.7590539354110812, 1.2798269080436555, 1.3850122984342383], "Sigma": [[0.004483609681936672, -0.00041934028430527315, 0.001346026212888058], [-0.00041934028430527293, 0.0030411389208688973, -0.00014931839641731565], [0.001346026212888058, -0.00014931839641731578, 0.002478896941766026]], "chi2_level": 0.95, "chi2_df": 3, "chi2_threshold": 7.814727903251179, "N_raw": 20, "N_roi": 20, "N_inlier": 18, "refit": true}
{"timestamp": "17:47:18.598557", "frame": 40, "mu": [1.6125941300596685, 1.694010232937383, 1.4134745721723647], "Sigma": [[0.0033515830839442188, 0.00147802567454166, 0.0019033437151731128], [0.00147802567454166, 0.002778636543125107, 0.0006379904927386751], [0.0019033437151731128, 0.0006379904927386751, 0.0017488122246953144]], "chi2_level": 0.95, "chi2_df": 3, "chi2_threshold": 7.814727903251179, "N_raw": 13, "N_roi": 11, "N_inlier": 11, "refit": true}
{"timestamp": "17:47:18.707874", "frame": 42, "mu": [1.5835141095983603, 1.698202768213523, 1.0381551002802778], "Sigma": [[0.004540233549369096, -0.003962024238699251, -0.004142621539085465], [-0.003962024238699251, 0.004193605671020565, 0.005060068478859899], [-0.004142621539085465, 0.005060068478859899, 0.019236106344091897]], "chi2_level": 0.95, "chi2_df": 3, "chi2_threshold": 7.814727903251179, "N_raw": 13, "N_roi": 13, "N_inlier": 12, "refit": true}
{"timestamp": "17:47:18.763887", "frame": 43, "mu": [1.5350734206902956, 1.8858697692295976, 1.2500066209152434], "Sigma": [[0.002114221408774774, 0.0001567766281633131, -0.0017839750822196594], [0.00015677662816331308, 0.002121907675931996, -0.0027695837687159424], [-0.0017839750822196594, -0.0027695837687159424, 0.005349902672971501]], "chi2_level": 0.95, "chi2_df": 3, "chi2_threshold": 7.814727903251179, "N_raw": 12, "N_roi": 12, "N_inlier": 11, "refit": true}
{"timestamp": "17:47:18.819230", "frame": 44, "mu": [1.5655320083840643, 2.063309932980989, 1.5515516549716364], "Sigma": [[0.008477399795355825, 0.0018012005894067567, 0.002659826658259792], [0.001801200589406757, 0.0017053246903922321, 0.0015155802302522943], [0.0026598266582597914, 0.0015155802302522943, 0.0034894036827515153]], "chi2_level": 0.95, "chi2_df": 3, "chi2_threshold": 7.814727903251179, "N_raw": 11, "N_roi": 11, "N_inlier": 10, "refit": true}
{"timestamp": "17:47:18.873593", "frame": 45, "mu": [1.535339979517026, 2.044917230574495, 1.254321242052268], "Sigma": [[0.004587766004842884, -0.002959551134497467, -0.005458390089577193], [-0.002959551134497467, 0.0027431360032321565, 0.004991903564417883], [-0.005458390089577194, 0.004991903564417883, 0.018945369316390466]], "chi2_level": 0.95, "chi2_df": 3, "chi2_threshold": 7.814727903251179, "N_raw": 16, "N_roi": 12, "N_inlier": 10, "refit": true}
{"timestamp": "17:47:19.258384", "frame": 52, "mu": [1.690609825553202, 2.410562301732591, 0.9991870402874754], "Sigma": [[0.03008084315023496, -0.023245612731444546, -0.07923415028813582], [-0.023245612731444546, 0.024321285420328877, 0.06859671945909858], [-0.07923415028813581, 0.06859671945909858, 0.23126029275563428]], "chi2_level": 0.95, "chi2_df": 3, "chi2_threshold": 7.814727903251179, "N_raw": 11, "N_roi": 10, "N_inlier": 10, "refit": true}
{"timestamp": "17:47:19.369497", "frame": 54, "mu": [1.5620833375072343, 2.72067638105748, 1.4265049567178456], "Sigma": [[0.008791920045093188, -0.003960222428689301, -0.003791384114279029], [-0.003960222428689301, 0.0038352280330858565, 0.0019569915781462504], [-0.003791384114279029, 0.0019569915781462504, 0.002892213902840874]], "chi2_level": 0.95, "chi2_df": 3, "chi2_threshold": 7.814727903251179, "N_raw": 24, "N_roi": 24, "N_inlier": 21, "refit": true}
{"timestamp": "17:47:19.481504", "frame": 56, "mu": [1.604092938744911, 2.750249812746261, 1.047998144932915], "Sigma": [[0.006677397381477169, -0.0044840091073136005, -0.011201117177306761], [-0.0044840091073136005, 0.003809938546510863, 0.007152268086370844], [-0.011201117177306761, 0.007152268086370844, 0.02957493741625804]], "chi2_level": 0.95, "chi2_df": 3, "chi2_threshold": 7.814727903251179, "N_raw": 19, "N_roi": 19, "N_inlier": 17, "refit": true}
{"timestamp": "17:47:19.701437", "frame": 60, "mu": [1.5149162221898786, 3.092710305861679, 1.3453284276543123], "Sigma": [[0.0063265522114756305, -0.0018596464811125668, -0.00393440626354995], [-0.0018596464811125668, 0.0027411160535911103, 0.0018026910597872085], [-0.00393440626354995, 0.0018026910597872085, 0.003741848912821013]], "chi2_level": 0.95, "chi2_df": 3, "chi2_threshold": 7.814727903251179, "N_raw": 18, "N_roi": 15, "N_inlier": 15, "refit": true}
{"timestamp": "17:47:19.758626", "frame": 61, "mu": [1.5193404367126826, 3.1546986927201615, 1.4714168959516447], "Sigma": [[0.011644182165203515, -0.005008575875427582, -0.004343075028894059], [-0.005008575875427582, 0.006453672338696945, 0.0030601002545893583], [-0.004343075028894059, 0.0030601002545893583, 0.0032775540939097994]], "chi2_level": 0.95, "chi2_df": 3, "chi2_threshold": 7.814727903251179, "N_raw": 36, "N_roi": 33, "N_inlier": 32, "refit": true}
{"timestamp": "17:47:19.814754", "frame": 62, "mu": [1.5687283932251697, 3.1791017660231953, 1.3072851756230175], "Sigma": [[0.011066762417430554, -0.005062024506085063, -0.006676112815733806], [-0.005062024506085063, 0.004227951578673151, 0.0005478067738329186], [-0.006676112815733806, 0.0005478067738329184, 0.010420483282553109]], "chi2_level": 0.95, "chi2_df": 3, "chi2_threshold": 7.814727903251179, "N_raw": 32, "N_roi": 29, "N_inlier": 28, "refit": true}
{"timestamp": "17:47:19.978646", "frame": 65, "mu": [1.553891226959188, 3.501340353321793, 0.3431712813988287], "Sigma": [[0.0165521241252104, -0.004369928310726617, -0.008122377385096509], [-0.004369928310726617, 0.004388915743567875, 0.001704636361419153], [-0.00812237738509651, 0.001704636361419153, 0.005627853562125549]], "chi2_level": 0.95, "chi2_df": 3, "chi2_threshold": 7.814727903251179, "N_raw": 36, "N_roi": 35, "N_inlier": 33, "refit": true}
{"timestamp": "17:47:20.088047", "frame": 67, "mu": [1.5631022674390038, 3.570955648349353, 1.189685618910885], "Sigma": [[0.01610838485148165, -0.006682247180262, -0.009508512183772404], [-0.006682247180262, 0.003407836241898303, 0.0009760591998812418], [-0.009508512183772404, 0.0009760591998812417, 0.028594264647995173]], "chi2_level": 0.95, "chi2_df": 3, "chi2_threshold": 7.814727903251179, "N_raw": 37, "N_roi": 35, "N_inlier": 33, "refit": true}
{"timestamp": "17:47:20.142808", "frame": 68, "mu": [1.5697519613351858, 3.60990621393503, 1.0628988454738457], "Sigma": [[0.011753197713479251, -0.004877829852526077, -0.0024723598121701934], [-0.004877829852526077, 0.004187194074526611, -0.0018470604781550273], [-0.0024723598121701934, -0.0018470604781550275, 0.007503139825112596]], "chi2_level": 0.95, "chi2_df": 3, "chi2_threshold": 7.814727903251179, "N_raw": 37, "N_roi": 33, "N_inlier": 32, "refit": true}
{"timestamp": "17:47:20.198674", "frame": 69, "mu": [1.549089291235603, 3.7169280236646474, 1.1320320362419083], "Sigma": [[0.014669621872088144, -0.0040881944187081964, 0.0011446238917697908], [-0.0040881944187081964, 0.004296342631440627, -0.0010704154436960065], [0.0011446238917697906, -0.0010704154436960065, 0.0002692248432195843]], "chi2_level": 0.95, "chi2_df": 3, "chi2_threshold": 7.814727903251179, "N_raw": 36, "N_roi": 33, "N_inlier": 32, "refit": true}
{"timestamp": "17:47:20.251886", "frame": 70, "mu": [1.6322243133156435, 3.8087256807527186, 1.3300144861323016], "Sigma": [[0.015853351873285, -0.004064003628911555, -0.0005814179188660535], [-0.004064003628911555, 0.0042493091605360625, 0.003045891512273353], [-0.0005814179188660535, 0.003045891512273353, 0.004366075448577557]], "chi2_level": 0.95, "chi2_df": 3, "chi2_threshold": 7.814727903251179, "N_raw": 26, "N_roi": 24, "N_inlier": 23, "refit": true}
{"timestamp": "17:47:20.306148", "frame": 71, "mu": [1.485543640243415, 3.8633620787068166, 1.1978664924432885], "Sigma": [[0.004876633955321205, -0.0018173979363672126, -0.0033122898474735023], [-0.0018173979363672126, 0.0031435391609225117, -1.3888383019009941e-05], [-0.0033122898474735023, -1.388838301901005e-05, 0.008768488075967298]], "chi2_level": 0.95, "chi2_df": 3, "chi2_threshold": 7.814727903251179, "N_raw": 18, "N_roi": 16, "N_inlier": 14, "refit": true}
{"timestamp": "17:47:20.362364", "frame": 72, "mu": [1.5857802194828563, 3.9142478758588286, 1.2370936452255936], "Sigma": [[0.01373535975163041, -0.0030647272057060587, -0.003370974694509704], [-0.0030647272057060587, 0.002933818767897506, -0.0008984430773002591], [-0.0033709746945097046, -0.0008984430773002591, 0.004346501171225947]], "chi2_level": 0.95, "chi2_df": 3, "chi2_threshold": 7.814727903251179, "N_raw": 31, "N_roi": 29, "N_inlier": 29, "refit": true}
{"timestamp": "17:47:20.581061", "frame": 76, "mu": [1.7563839102291126, 4.139620649586734, 0.8878137590718116], "Sigma": [[0.010959982573323162, -0.004769222892955982, -0.018115973433103894], [-0.004769222892955982, 0.0031273075068634607, 0.007391023211194458], [-0.018115973433103894, 0.007391023211194458, 0.04516794736827122]], "chi2_level": 0.95, "chi2_df": 3, "chi2_threshold": 7.814727903251179, "N_raw": 18, "N_roi": 17, "N_inlier": 16, "refit": true}
{"timestamp": "17:47:20.637170", "frame": 77, "mu": [1.715108085108998, 4.209344521495067, 0.8829702632398367], "Sigma": [[0.01332987688573294, -0.006496167339466648, -0.013620928932515604], [-0.006496167339466648, 0.007361019042838687, 0.008203427047872986], [-0.013620928932515604, 0.008203427047872986, 0.017045640355544275]], "chi2_level": 0.95, "chi2_df": 3, "chi2_threshold": 7.814727903251179, "N_raw": 31, "N_roi": 31, "N_inlier": 28, "refit": true}
{"timestamp": "17:47:20.747349", "frame": 79, "mu": [1.576868106840243, 4.493789031710314, 1.252367503537036], "Sigma": [[0.01602989764678083, -0.0057320972481844056, -0.018589160318947882], [-0.0057320972481844056, 0.00408664458023068, 0.004572781394345096], [-0.01858916031894788, 0.004572781394345096, 0.02757533853799541]], "chi2_level": 0.95, "chi2_df": 3, "chi2_threshold": 7.814727903251179, "N_raw": 25, "N_roi": 24, "N_inlier": 22, "refit": true}
