{"timestamp": "17:00:26.424753", "frame": 52, "mu": [-1.2336270333379515, 0.30273767612026364, 1.233365159561053], "Sigma": [[0.0008235857826004964, 0.0003569871975008422, 0.00040936544005756593], [0.0003569871975008421, 0.0006998712411568096, 0.0002126062868923548], [0.00040936544005756593, 0.00021260628689235485, 0.0007979156456789359]], "chi2_level": 0.99, "chi2_df": 3, "chi2_threshold": 11.344866730144373, "N_raw": 6, "N_roi": 6, "N_inlier": 6, "refit": true}
{"timestamp": "17:00:26.480746", "frame": 53, "mu": [0.30874848315700365, 0.24811891174201592, 1.207097806638908], "Sigma": [[1.3198304504335736, 0.043747717829963305, -0.004179902112447139], [0.043747717829963305, 0.005359103153056517, -0.0003926423495124229], [-0.004179902112447138, -0.0003926423495124229, 0.002288465552827615]], "chi2_level": 0.99, "chi2_df": 3, "chi2_threshold": 11.344866730144373, "N_raw": 20, "N_roi": 20, "N_inlier": 20, "refit": true}
{"timestamp": "17:00:26.538980", "frame": 54, "mu": [0.1779089525051074, 0.249180138920007, 1.2146235222792636], "Sigma": [[1.3102461524770572, 0.032082669818778706, -0.045356357716419556], [0.032082669818778706, 0.0049487693876478596, -5.795058854289305e-05], [-0.04535635771641955, -5.795058854289289e-05, 0.010986446162697004]], "chi2_level": 0.99, "chi2_df": 3, "chi2_threshold": 11.344866730144373, "N_raw": 33, "N_roi": 33, "N_inlier": 33, "refit": true}
{"timestamp": "17:00:26.596545", "frame": 55, "mu": [0.006691950939960743, 0.3760228194498067, -0.7221471547744881], "Sigma": [[1.361586831220332, 0.01757283856337813, -0.08427478837608965], [0.017572838563378133, 0.011674519982397243, -0.006233073163959583], [-0.08427478837608965, -0.006233073163959584, 0.0193491068624437]], "chi2_level": 0.99, "chi2_df": 3, "chi2_threshold": 11.344866730144373, "N_raw": 58, "N_roi": 58, "N_inlier": 58, "refit": true}
{"timestamp": "17:00:26.648859", "frame": 56, "mu": [-0.1730955587510633, 0.2572528874245984, 1.3042064381515974], "Sigma": [[1.2685328895905255, 0.0061156613574773954, 0.02738699585114076], [0.0061156613574773954, 0.0023256347131111604, -0.0007819028779779423], [0.02738699585114076, -0.0007819028779779424, 0.002081039496261073]], "chi2_level": 0.99, "chi2_df": 3, "chi2_threshold": 11.344866730144373, "N_raw": 41, "N_roi": 41, "N_inlier": 40, "refit": true}
{"timestamp": "17:00:26.707388", "frame": 57, "mu": [-1.1101334108410912, 0.4008903434545881, 1.3203600069324015], "Sigma": [[0.009354353192337777, 0.006586579664772358, 0.0006568731225422275], [0.006586579664772358, 0.007010676656738814, -0.002727288027056312], [0.0006568731225422277, -0.002727288027056312, 0.0068340965170233066]], "chi2_level": 0.99, "chi2_df": 3, "chi2_threshold": 11.344866730144373, "N_raw": 71, "N_roi": 71, "N_inlier": 70, "refit": true}
{"timestamp": "17:00:26.757848", "frame": 58, "mu": [-1.116738128856447, 0.40635766623012115, 1.361162481622695], "Sigma": [[0.004935810892731175, 0.00011583325343496038, 0.001580955232980669], [0.00011583325343496038, 0.004552102667612049, -0.00020567564922655836], [0.0015809552329806693, -0.0002056756492265584, 0.005008347909779273]], "chi2_level": 0.99, "chi2_df": 3, "chi2_threshold": 11.344866730144373, "N_raw": 33, "N_roi": 33, "N_inlier": 32, "refit": true}
{"timestamp": "17:00:26.818733", "frame": 59, "mu": [-0.807529678062913, 0.36979936551264986, 1.2803517118328969], "Sigma": [[0.4697835578175004, -0.02564013695127212, -0.026882703677100404], [-0.025640136951272124, 0.011718783665329914, 0.010768669363825931], [-0.026882703677100404, 0.010768669363825933, 0.024985578219815802]], "chi2_level": 0.99, "chi2_df": 3, "chi2_threshold": 11.344866730144373, "N_raw": 74, "N_roi": 74, "N_inlier": 72, "refit": true}
{"timestamp": "17:00:26.871507", "frame": 60, "mu": [-1.0794557779130614, 0.43493996763091, 1.5201090122986016], "Sigma": [[0.006071552011608061, -0.0005432412943287606, 0.00040236528724330744], [-0.0005432412943287607, 0.006488906357849727, -0.00393701734430226], [0.00040236528724330744, -0.00393701734430226, 0.0027042738284192456]], "chi2_level": 0.99, "chi2_df": 3, "chi2_threshold": 11.344866730144373, "N_raw": 61, "N_roi": 61, "N_inlier": 55, "refit": true}
{"timestamp": "17:00:26.922843", "frame": 61, "mu": [-1.0501695183989974, 0.4726593415270452, 1.3245027851444717], "Sigma": [[0.003703261744544568, 0.0040848267237744654, -0.00826420714122572], [0.0040848267237744654, 0.0077603887170159536, -0.024820985369461805], [-0.00826420714122572, -0.024820985369461805, 0.11426110537747196]], "chi2_level": 0.99, "chi2_df": 3, "chi2_threshold": 11.344866730144373, "N_raw": 33, "N_roi": 33, "N_inlier": 30, "refit": true}
{"timestamp": "17:00:26.979046", "frame": 62, "mu": [-0.9979505499538361, 0.5763223482861227, -0.5392386759276527], "Sigma": [[0.004352130999303607, 0.00580674809329583, 0.0002017381278284718], [0.00580674809329583, 0.01648804449358341, -0.00426375302283647], [0.00020173812782847195, -0.00426375302283647, 0.008900779349897981]], "chi2_level": 0.99, "chi2_df": 3, "chi2_threshold": 11.344866730144373, "N_raw": 36, "N_roi": 36, "N_inlier": 35, "refit": true}
{"timestamp": "17:00:27.035425", "frame": 63, "mu": [-1.089182680112683, 0.4313828906604406, 1.4231530610177119], "Sigma": [[0.0052143988689962945, 0.004001668590519686, 0.0028271682457996954], [0.004001668590519686, 0.004161473210362108, 0.0009627419780043614], [0.0028271682457996954, 0.0009627419780043613, 0.010716386006749113]], "chi2_level": 0.99, "chi2_df": 3, "chi2_threshold": 11.344866730144373, "N_raw": 50, "N_roi": 50, "N_inlier": 48, "refit": true}
{"timestamp": "17:00:27.091969", "frame": 64, "mu": [-1.0185406078384152, 0.5785565652594449, 1.4576217293452856], "Sigma": [[0.004740329022122608, 0.003408663213072356, 9.810451582673344e-06], [0.003408663213072356, 0.003994381583784459, -0.002574943072026235], [9.810451582673344e-06, -0.002574943072026235, 0.012871904888627984]], "chi2_level": 0.99, "chi2_df": 3, "chi2_threshold": 11.344866730144373, "N_raw": 60, "N_roi": 60, "N_inlier": 58, "refit": true}
{"timestamp": "17:00:27.146988", "frame": 65, "mu": [-0.9700598303267214, 0.6122729975520073, 1.437087264613803], "Sigma": [[0.009307664118728859, 0.007430410035330043, -0.008107400033282973], [0.007430410035330043, 0.009048562103341333, -0.011687653626199477], [-0.008107400033282973, -0.011687653626199477, 0.017005145144123986]], "chi2_level": 0.99, "chi2_df": 3, "chi2_threshold": 11.344866730144373, "N_raw": 45, "N_roi": 45, "N_inlier": 42, "refit": true}
{"timestamp": "17:00:27.199586", "frame": 66, "mu": [-0.9610114969485951, 0.6322261118000395, 1.4384352310043216], "Sigma": [[0.02055408636477381, 0.010346638048385474, -0.026115619014293462], [0.010346638048385474, 0.010179460611879649, -0.01620788122645607], [-0.026115619014293462, -0.01620788122645607, 0.041220308443152505]], "chi2_level": 0.99, "chi2_df": 3, "chi2_threshold": 11.344866730144373, "N_raw": 24, "N_roi": 24, "N_inlier": 23, "refit": true}
{"timestamp": "17:00:27.261810", "frame": 67, "mu": [-0.8538241729843685, 0.690474164098327, 1.202549574750432], "Sigma": [[0.017732622592822603, 0.006024082680616402, -0.02948450742494225], [0.006024082680616402, 0.005885150715050833, -0.01686664875505956], [-0.02948450742494225, -0.01686664875505956, 0.08536259115140232]], "chi2_level": 0.99, "chi2_df": 3, "chi2_threshold": 11.344866730144373, "N_raw": 80, "N_roi": 80, "N_inlier": 75, "refit": true}
{"timestamp": "17:00:27.317792", "frame": 68, "mu": [-1.0221372962976814, 0.6488516944911675, -0.45789426007555656], "Sigma": [[0.014966333600401774, 0.012281533840130553, 0.005410829279269835], [0.012281533840130553, 0.021507619606824162, 0.00446745246138512], [0.005410829279269835, 0.00446745246138512, 0.005583786342094547]], "chi2_level": 0.99, "chi2_df": 3, "chi2_threshold": 11.344866730144373, "N_raw": 77, "N_roi": 77, "N_inlier": 74, "refit": true}
{"timestamp": "17:00:27.365482", "frame": 69, "mu": [-0.978245715358641, 0.7444488152667451, 1.6192725296637462], "Sigma": [[0.021114263549860908, 0.010425141313142715, -0.025278784762062745], [0.010425141313142715, 0.007802477743439002, -0.01631181039424618], [-0.025278784762062745, -0.01631181039424618, 0.04126938424639119]], "chi2_level": 0.99, "chi2_df": 3, "chi2_threshold": 11.344866730144373, "N_raw": 32, "N_roi": 32, "N_inlier": 31, "refit": true}
{"timestamp": "17:00:27.419636", "frame": 70, "mu": [-0.9830425579025321, 0.7799787336824037, 1.5515324946896378], "Sigma": [[0.030730244827358866, 0.016332833538520344, -0.03091740884771469], [0.016332833538520344, 0.0120159037471913, -0.019296666670931308], [-0.03091740884771469, -0.019296666670931308, 0.034943106459228365]], "chi2_level": 0.99, "chi2_df": 3, "chi2_threshold": 11.344866730144373, "N_raw": 20, "N_roi": 20, "N_inlier": 20, "refit": true}
{"timestamp": "17:00:27.473191", "frame": 71, "mu": [-0.9682419798733721, 0.781776425109367, 1.516213170036117], "Sigma": [[0.048192236444676906, 0.014602092025170403, -0.0495335393527782], [0.0146020920251704, 0.012978907877844623, -0.016679358544501227], [-0.0495335393527782, -0.016679358544501227, 0.054487723238829444]], "chi2_level": 0.99, "chi2_df": 3, "chi2_threshold": 11.344866730144373, "N_raw": 21, "N_roi": 21, "N_inlier": 20, "refit": true}
{"timestamp": "17:00:27.533732", "frame": 72, "mu": [-0.9448084568820115, 0.8809515839136512, -0.4300762237618857], "Sigma": [[0.044485379638700764, 0.03043228185598563, -0.06851787561501167], [0.03043228185598563, 0.02370635127527842, -0.05125133922230056], [-0.06851787561501167, -0.05125133922230056, 0.14347354484339742]], "chi2_level": 0.99, "chi2_df": 3, "chi2_threshold": 11.344866730144373, "N_raw": 62, "N_roi": 62, "N_inlier": 61, "refit": true}
{"timestamp": "17:00:27.583481", "frame": 73, "mu": [-0.853604547647633, 0.8119112488732108, 1.491203572908552], "Sigma": [[0.04323009512857662, 0.017180235270666894, -0.04721390035436032], [0.017180235270666894, 0.014273317769797152, -0.018839262184110313], [-0.04721390035436032, -0.018839262184110313, 0.06654442093501141]], "chi2_level": 0.99, "chi2_df": 3, "chi2_threshold": 11.344866730144373, "N_raw": 16, "N_roi": 16, "N_inlier": 16, "refit": true}
{"timestamp": "17:00:27.642492", "frame": 74, "mu": [-0.8844902919650637, 0.8740732975490695, 1.6421342007770765], "Sigma": [[0.03389293152481087, 0.01819393270416875, -0.019755272486779146], [0.01819393270416875, 0.013113246555432775, -0.013427274715288949], [-0.019755272486779146, -0.013427274715288949, 0.015700041939784276]], "chi2_level": 0.99, "chi2_df": 3, "chi2_threshold": 11.344866730144373, "N_raw": 43, "N_roi": 43, "N_inlier": 39, "refit": true}
{"timestamp": "17:00:27.695789", "frame": 75, "mu": [-0.602560520947076, 1.0063805525791454, 1.4035854222621684], "Sigma": [[0.0059530487396246305, 0.005006287452053485, -0.02500612500068282], [0.005006287452053485, 0.007855164122375564, -0.03005639006063149], [-0.02500612500068282, -0.03005639006063149, 0.1448770563661417]], "chi2_level": 0.99, "chi2_df": 3, "chi2_threshold": 11.344866730144373, "N_raw": 31, "N_roi": 31, "N_inlier": 29, "refit": true}
{"timestamp": "17:00:27.749137", "frame": 76, "mu": [-0.4508268614420736, 1.2112214827658976, -0.6011362100135914], "Sigma": [[0.005625772169447031, 0.007716562958903727, -0.00529049624055894], [0.007716562958903727, 0.016295783344747853, -0.008988757615339295], [-0.00529049624055894, -0.008988757615339293, 0.006123024435476754]], "chi2_level": 0.99, "chi2_df": 3, "chi2_threshold": 11.344866730144373, "N_raw": 21, "N_roi": 21, "N_inlier": 19, "refit": true}
{"timestamp": "17:00:27.807832", "frame": 77, "mu": [-0.4415201573041416, 1.062809760169412, 1.2132384882367848], "Sigma": [[0.006054214120588093, 0.004986709726099449, -0.012256995521555202], [0.004986709726099449, 0.007989476845430735, -0.004431318011975343], [-0.012256995521555202, -0.004431318011975343, 0.0753956062158487]], "chi2_level": 0.99, "chi2_df": 3, "chi2_threshold": 11.344866730144373, "N_raw": 48, "N_roi": 48, "N_inlier": 46, "refit": true}
{"timestamp": "17:00:27.870038", "frame": 78, "mu": [-0.49338604579315276, 1.065175013691457, 1.3118279848155403], "Sigma": [[0.013448702183340955, 0.009238285484722681, -0.013246693365610305], [0.009238285484722681, 0.008502770560054775, -0.013717113761486937], [-0.013246693365610305, -0.013717113761486936, 0.029293588683628333]], "chi2_level": 0.99, "chi2_df": 3, "chi2_threshold": 11.344866730144373, "N_raw": 95, "N_roi": 95, "N_inlier": 92, "refit": true}
{"timestamp": "17:00:27.921233", "frame": 79, "mu": [-0.4866967631331212, 1.0330820118710313, 1.4650876441339822], "Sigma": [[0.005108856541847054, -0.0007260140253088267, 0.003481600213053674], [-0.0007260140253088267, 0.0030601863140710924, -0.002139096624661457], [0.003481600213053674, -0.002139096624661457, 0.004668195298303985]], "chi2_level": 0.99, "chi2_df": 3, "chi2_threshold": 11.344866730144373, "N_raw": 64, "N_roi": 63, "N_inlier": 59, "refit": true}
{"timestamp": "17:00:27.981101", "frame": 80, "mu": [-0.43757636430843605, 1.1056243026822377, 1.3334670037311478], "Sigma": [[0.013632941509762459, 0.005233206651402084, -0.020911321950609085], [0.005233206651402084, 0.008549528825071078, -0.00799426953175272], [-0.02091132195060908, -0.00799426953175272, 0.058890335379529354]], "chi2_level": 0.99, "chi2_df": 3, "chi2_threshold": 11.344866730144373, "N_raw": 99, "N_roi": 98, "N_inlier": 96, "refit": true}
{"timestamp": "17:00:28.040169", "frame": 81, "mu": [-0.3780994154961177, 1.0827017906263026, 1.308542485544999], "Sigma": [[0.004637376073715653, -0.001429786034646537, -0.0066340556353404875], [-0.001429786034646537, 0.008036612673048392, 0.015095503567046682], [-0.0066340556353404875, 0.01509550356704668, 0.07797234404915579]], "chi2_level": 0.99, "chi2_df": 3, "chi2_threshold": 11.344866730144373, "N_raw": 120, "N_roi": 116, "N_inlier": 115, "refit": true}
{"timestamp": "17:00:28.096690", "frame": 82, "mu": [-0.3284922623175998, 1.1131985536324323, 0.18885054502584553], "Sigma": [[0.00787872951119376, 0.0001820733619012835, 0.052594487620424395], [0.0001820733619012835, 0.005232069251720433, 0.004978563019872657], [0.05259448762042439, 0.004978563019872657, 0.7094773939226519]], "chi2_level": 0.99, "chi2_df": 3, "chi2_threshold": 11.344866730144373, "N_raw": 136, "N_roi": 136, "N_inlier": 136, "refit": true}
{"timestamp": "17:00:28.148768", "frame": 83, "mu": [-0.3762279837565067, 1.1729850135723863, 1.147506998826621], "Sigma": [[0.0064574660737838725, -0.0015639217138197052, 0.017875756462574225], [-0.0015639217138197054, 0.004268517474215296, 0.012900260635846554], [0.017875756462574225, 0.012900260635846554, 0.45560919246388804]], "chi2_level": 0.99, "chi2_df": 3, "chi2_threshold": 11.344866730144373, "N_raw": 112, "N_roi": 112, "N_inlier": 110, "refit": true}
{"timestamp": "17:00:28.204804", "frame": 84, "mu": [-0.3731035638934193, 1.2516818602572608, 0.8164881146919621], "Sigma": [[0.00915311792466377, -0.0036677711251869565, 0.02142043311263736], [-0.0036677711251869565, 0.008917913148220416, -0.02010855781363912], [0.02142043311263736, -0.020108557813639124, 0.6493128096101667]], "chi2_level": 0.99, "chi2_df": 3, "chi2_threshold": 11.344866730144373, "N_raw": 117, "N_roi": 117, "N_inlier": 117, "refit": true}
{"timestamp": "17:00:28.254095", "frame": 85, "mu": [-0.328776721631402, 1.2592229647968547, 1.5170848714868714], "Sigma": [[0.004975116675139058, -0.0027303654361623643, -0.0019051418894901247], [-0.0027303654361623643, 0.006848976215588232, -0.001673622286133651], [-0.0019051418894901247, -0.001673622286133651, 0.005117747161800893]], "chi2_level": 0.99, "chi2_df": 3, "chi2_threshold": 11.344866730144373, "N_raw": 85, "N_roi": 85, "N_inlier": 81, "refit": true}
{"timestamp": "17:00:28.306652", "frame": 86, "mu": [-0.25354262717002896, 1.3112674255959278, 1.4948695551045779], "Sigma": [[0.003704765342611008, 0.000207092061442826, -0.0019272284814157764], [0.0002070920614428261, 0.002322884465311666, -0.00262627620676601], [-0.0019272284814157764, -0.00262627620676601, 0.015830806801568852]], "chi2_level": 0.99, "chi2_df": 3, "chi2_threshold": 11.344866730144373, "N_raw": 68, "N_roi": 66, "N_inlier": 62, "refit": true}
{"timestamp": "17:00:28.363796", "frame": 87, "mu": [-0.2198848490690319, 1.2531965709521369, 1.1604639726000376], "Sigma": [[0.0045522234975740915, 0.0021481165628875333, 0.0050806680280782906], [0.002148116562887533, 0.006421194085479875, 0.010251221889989226], [0.0050806680280782906, 0.010251221889989226, 0.04398284275495486]], "chi2_level": 0.99, "chi2_df": 3, "chi2_threshold": 11.344866730144373, "N_raw": 89, "N_roi": 89, "N_inlier": 86, "refit": true}
{"timestamp": "17:00:28.419721", "frame": 88, "mu": [-0.22542260263247568, 1.3952014436546123, 1.0998774036300851], "Sigma": [[0.005522382558198363, 0.0028415112121892155, -0.008578254890879952], [0.0028415112121892155, 0.012203345906229913, -0.026386577044449515], [-0.008578254890879952, -0.02638657704444952, 0.419759306557645]], "chi2_level": 0.99, "chi2_df": 3, "chi2_threshold": 11.344866730144373, "N_raw": 91, "N_roi": 91, "N_inlier": 90, "refit": true}
{"timestamp": "17:00:28.477309", "frame": 89, "mu": [-0.24877802075556507, 1.4104650834923789, 1.3611111667673383], "Sigma": [[0.006374519007175159, -0.00489317545060577, -0.014956051451262279], [-0.004893175450605771, 0.009113744796261451, 0.011355039509099026], [-0.014956051451262279, 0.011355039509099026, 0.12339344738009228]], "chi2_level": 0.99, "chi2_df": 3, "chi2_threshold": 11.344866730144373, "N_raw": 105, "N_roi": 105, "N_inlier": 99, "refit": true}
{"timestamp": "17:00:28.530084", "frame": 90, "mu": [-0.23250183331609453, 1.4681629697323066, 1.4025167287136484], "Sigma": [[0.007935358196866507, -0.00257511486669654, 0.0010670191393707144], [-0.0025751148666965395, 0.004966356064103111, 0.0036658723683949948], [0.0010670191393707157, 0.0036658723683949956, 0.18759807028091371]], "chi2_level": 0.99, "chi2_df": 3, "chi2_threshold": 11.344866730144373, "N_raw": 93, "N_roi": 93, "N_inlier": 90, "refit": true}
{"timestamp": "17:00:28.586682", "frame": 91, "mu": [-0.18811561102527172, 1.4892630734177497, 0.934861039332383], "Sigma": [[0.009013534013238612, -0.0017675533204549749, -0.027213655897651144], [-0.0017675533204549749, 0.004753840479726917, 0.007920210684091676], [-0.027213655897651144, 0.007920210684091676, 0.7309875672129785]], "chi2_level": 0.99, "chi2_df": 3, "chi2_threshold": 11.344866730144373, "N_raw": 109, "N_roi": 107, "N_inlier": 107, "refit": true}
{"timestamp": "17:00:28.642219", "frame": 92, "mu": [-0.22671499964740396, 1.551699714489255, 0.9512964389777235], "Sigma": [[0.009625165235814326, -0.0018829194388342487, -0.024144875566737348], [-0.0018829194388342487, 0.003226694895821789, -0.007101465497832179], [-0.024144875566737348, -0.007101465497832179, 0.7250887934035494]], "chi2_level": 0.99, "chi2_df": 3, "chi2_threshold": 11.344866730144373, "N_raw": 103, "N_roi": 103, "N_inlier": 102, "refit": true}
{"timestamp": "17:00:28.692184", "frame": 93, "mu": [-0.13384694458574845, 1.5310799335640044, 1.0959994866555312], "Sigma": [[0.007615362134024406, -0.0014560008313713414, 0.01640270875481488], [-0.0014560008313713416, 0.0043524391405645605, -0.010702570605015524], [0.01640270875481488, -0.010702570605015525, 0.4175596714609822]], "chi2_level": 0.99, "chi2_df": 3, "chi2_threshold": 11.344866730144373, "N_raw": 69, "N_roi": 69, "N_inlier": 69, "refit": true}
{"timestamp": "17:00:28.749937", "frame": 94, "mu": [-0.16009931989417595, 1.6206505294499005, 1.353029717619942], "Sigma": [[0.008124254611568986, 0.0019038651852839295, -0.024964174903955486], [0.001903865185283929, 0.003911928202233467, -0.0034413330894508378], [-0.024964174903955486, -0.003441333089450838, 0.19105617609985046]], "chi2_level": 0.99, "chi2_df": 3, "chi2_threshold": 11.344866730144373, "N_raw": 83, "N_roi": 83, "N_inlier": 80, "refit": true}
{"timestamp": "17:00:28.807485", "frame": 95, "mu": [-0.07260099525673501, 1.5566252379814511, 0.7320882743389053], "Sigma": [[0.006525730418216478, -0.002571611672203049, -0.004172664335189815], [-0.0025716116722030494, 0.006073530250933442, 0.020944479465089122], [-0.004172664335189815, 0.020944479465089122, 0.5749767254042536]], "chi2_level": 0.99, "chi2_df": 3, "chi2_threshold": 11.344866730144373, "N_raw": 112, "N_roi": 110, "N_inlier": 109, "refit": true}
{"timestamp": "17:00:28.858041", "frame": 96, "mu": [-0.08955717584675635, 1.661771060468334, 1.0328955819976273], "Sigma": [[0.0066782157759200465, 0.0021061662860781846, 0.007933559558204687], [0.002106166286078184, 0.008384408148039693, 0.061968661558189496], [0.007933559558204687, 0.0619686615581895, 0.753582225046397]], "chi2_level": 0.99, "chi2_df": 3, "chi2_threshold": 11.344866730144373, "N_raw": 77, "N_roi": 77, "N_inlier": 77, "refit": true}
{"timestamp": "17:00:28.910835", "frame": 97, "mu": [-0.04151735351010691, 1.6620209504537786, 1.499279705816984], "Sigma": [[0.005524470150049008, -0.0021077814221911947, -0.004179172576213757], [-0.0021077814221911947, 0.006409884101575191, 0.001373684370748533], [-0.004179172576213757, 0.001373684370748533, 0.0035918168524207077]], "chi2_level": 0.99, "chi2_df": 3, "chi2_threshold": 11.344866730144373, "N_raw": 66, "N_roi": 64, "N_inlier": 61, "refit": true}
{"timestamp": "17:00:28.966312", "frame": 98, "mu": [0.020477362696047878, 1.6535249437535495, 1.408962472149744], "Sigma": [[0.004417293037074399, -0.0007826887663349238, -0.0009896075035343368], [-0.0007826887663349239, 0.005171155253035089, 0.00029338939647444596], [-0.0009896075035343366, 0.00029338939647444607, 0.020759634504050776]], "chi2_level": 0.99, "chi2_df": 3, "chi2_threshold": 11.344866730144373, "N_raw": 71, "N_roi": 69, "N_inlier": 64, "refit": true}
{"timestamp": "17:00:29.023738", "frame": 99, "mu": [0.03757657628063694, 1.6902783660044787, 1.3240138246833635], "Sigma": [[0.006331911159312201, -0.000247419923895346, 0.006391114639469542], [-0.0002474199238953461, 0.005073393049028143, -0.0026843326053624106], [0.006391114639469542, -0.0026843326053624106, 0.02217116595131672]], "chi2_level": 0.99, "chi2_df": 3, "chi2_threshold": 11.344866730144373, "N_raw": 83, "N_roi": 83, "N_inlier": 79, "refit": true}
{"timestamp": "17:00:29.154518", "frame": 100, "mu": [0.1018500329340831, 1.7143740764131588, 0.8704810835926803], "Sigma": [[0.007402466039771108, -0.0017806627992993209, -0.027030670017492438], [-0.0017806627992993209, 0.007306230047123763, 0.04467769277183893], [-0.027030670017492434, 0.04467769277183893, 0.7250454981352699]], "chi2_level": 0.99, "chi2_df": 3, "chi2_threshold": 11.344866730144373, "N_raw": 92, "N_roi": 89, "N_inlier": 88, "refit": true}
{"timestamp": "17:00:29.174507", "frame": 101, "mu": [0.1508950863085113, 1.7491910794699443, 1.4120777347291198], "Sigma": [[0.005318852162268757, 0.0010243106884899249, 0.001461704441648336], [0.0010243106884899249, 0.002335333610040997, -0.002812751226319656], [0.001461704441648336, -0.002812751226319656, 0.05480670624143534]], "chi2_level": 0.99, "chi2_df": 3, "chi2_threshold": 11.344866730144373, "N_raw": 56, "N_roi": 54, "N_inlier": 50, "refit": true}
{"timestamp": "17:00:29.221436", "frame": 102, "mu": [0.10793931804319472, 1.951539583111809, -0.3445953115574475], "Sigma": [[0.03096367381953509, -0.029180026526833998, 0.10661847605235591], [-0.029180026526833994, 0.06320144410236939, -0.2430199997806013], [0.10661847605235591, -0.2430199997806013, 1.1866376890694712]], "chi2_level": 0.99, "chi2_df": 3, "chi2_threshold": 11.344866730144373, "N_raw": 113, "N_roi": 113, "N_inlier": 112, "refit": true}
{"timestamp": "17:00:29.252608", "frame": 103, "mu": [0.15169750314913918, 1.8288562593707616, 0.7835821964922312], "Sigma": [[0.024295349055705004, -0.0066969540818162965, 0.017975078599827925], [-0.006696954081816298, 0.006968738851835343, 0.031215109586593154], [0.017975078599827925, 0.031215109586593154, 0.5453711300110787]], "chi2_level": 0.99, "chi2_df": 3, "chi2_threshold": 11.344866730144373, "N_raw": 119, "N_roi": 119, "N_inlier": 118, "refit": true}
{"timestamp": "17:00:29.298907", "frame": 104, "mu": [0.26131620797167676, 1.8172985716412322, 1.2812041266505099], "Sigma": [[0.006211877362189847, -0.0022541796879956416, 0.005224693100668898], [-0.0022541796879956416, 0.006474945569086006, -0.010136120110771928], [0.0052246931006688984, -0.010136120110771928, 0.034901625107832804]], "chi2_level": 0.99, "chi2_df": 3, "chi2_threshold": 11.344866730144373, "N_raw": 77, "N_roi": 77, "N_inlier": 72, "refit": true}
{"timestamp": "17:00:29.352095", "frame": 105, "mu": [0.31663818714639974, 1.8808460705278618, 1.3201856531322076], "Sigma": [[0.0056844493929730225, -0.0013402002768378159, 0.0022359637221631163], [-0.0013402002768378159, 0.005744841540621965, -0.0006659201947770803], [0.0022359637221631163, -0.0006659201947770801, 0.10683176881863937]], "chi2_level": 0.99, "chi2_df": 3, "chi2_threshold": 11.344866730144373, "N_raw": 71, "N_roi": 71, "N_inlier": 66, "refit": true}
{"timestamp": "17:00:29.409805", "frame": 106, "mu": [0.3522318833376393, 1.889714250498181, 1.0271146215075646], "Sigma": [[0.010374300734259255, -0.005084474903891771, 0.02990907794786888], [-0.005084474903891771, 0.009423682173647203, -0.014613612328147558], [0.02990907794786888, -0.01461361232814756, 0.32375654970962986]], "chi2_level": 0.99, "chi2_df": 3, "chi2_threshold": 11.344866730144373, "N_raw": 90, "N_roi": 90, "N_inlier": 88, "refit": true}
{"timestamp": "17:00:29.463815", "frame": 107, "mu": [0.36291123780758705, 1.8909188905204324, 1.279095670411967], "Sigma": [[0.006735510764105977, -0.0019245741561842492, -0.00030252807272648373], [-0.0019245741561842494, 0.006151389665024155, -0.005690514386700936], [-0.00030252807272648373, -0.005690514386700936, 0.022036999530744013]], "chi2_level": 0.99, "chi2_df": 3, "chi2_threshold": 11.344866730144373, "N_raw": 86, "N_roi": 86, "N_inlier": 81, "refit": true}
{"timestamp": "17:00:29.511607", "frame": 108, "mu": [0.3078945037714095, 2.182870980754571, -1.2206042163965642], "Sigma": [[0.007227149575338494, -0.0016148844838817541, 0.03468689872046013], [-0.0016148844838817537, 0.023573171102104343, -0.05120295666428935], [0.03468689872046013, -0.051202956664289354, 0.8627892532158522]], "chi2_level": 0.99, "chi2_df": 3, "chi2_threshold": 11.344866730144373, "N_raw": 37, "N_roi": 37, "N_inlier": 36, "refit": true}
{"timestamp": "17:00:29.571660", "frame": 109, "mu": [0.39499643147078217, 1.9468802286277476, -0.781111228800679], "Sigma": [[0.007936103306691408, 0.001182640021141604, 0.03442641826254307], [0.001182640021141604, 0.008441715903695982, 0.021366754324895203], [0.03442641826254307, 0.021366754324895203, 0.42195566193471706]], "chi2_level": 0.99, "chi2_df": 3, "chi2_threshold": 11.344866730144373, "N_raw": 73, "N_roi": 73, "N_inlier": 71, "refit": true}
{"timestamp": "17:00:29.625483", "frame": 110, "mu": [0.4474936481344569, 2.0084441694277215, -0.4981563854600496], "Sigma": [[0.00569154568384917, 0.002254193292839262, 0.015416728002079362], [0.0022541932928392626, 0.004361206015318956, 0.004944313300793509], [0.015416728002079362, 0.0049443133007935096, 0.08411824458776798]], "chi2_level": 0.99, "chi2_df": 3, "chi2_threshold": 11.344866730144373, "N_raw": 64, "N_roi": 64, "N_inlier": 58, "refit": true}
{"timestamp": "17:00:29.682557", "frame": 111, "mu": [0.4438979982704747, 2.030983326624871, 1.2243476851626165], "Sigma": [[0.006421079001003151, -0.0012221478194397169, 0.002435118261499565], [-0.0012221478194397169, 0.002829485362729674, -0.004928550647527279], [0.002435118261499566, -0.004928550647527279, 0.04331118629721728]], "chi2_level": 0.99, "chi2_df": 3, "chi2_threshold": 11.344866730144373, "N_raw": 76, "N_roi": 76, "N_inlier": 73, "refit": true}
{"timestamp": "17:00:29.733567", "frame": 112, "mu": [0.4177971980014103, 2.1270934638028485, 1.3260437643415077], "Sigma": [[0.006099526071239849, 0.0006262931333479989, -0.0024526579090734034], [0.0006262931333479986, 0.028215418503067198, 0.048524091504991894], [-0.0024526579090734042, 0.048524091504991894, 0.14046145380564004]], "chi2_level": 0.99, "chi2_df": 3, "chi2_threshold": 11.344866730144373, "N_raw": 52, "N_roi": 52, "N_inlier": 47, "refit": true}
{"timestamp": "17:00:29.789705", "frame": 113, "mu": [0.46312704241893865, 2.1897017369971112, 1.1658346225983087], "Sigma": [[0.007236609222361222, -0.0010970648665250865, -0.008331257726939996], [-0.0010970648665250865, 0.0011823499299220012, 0.0013274126156412125], [-0.008331257726939996, 0.0013274126156412125, 0.05069356944227875]], "chi2_level": 0.99, "chi2_df": 3, "chi2_threshold": 11.344866730144373, "N_raw": 55, "N_roi": 55, "N_inlier": 50, "refit": true}
{"timestamp": "17:00:29.845016", "frame": 114, "mu": [0.5175971625947771, 2.1499514916064815, 0.7558474133687597], "Sigma": [[0.004843004703709051, -0.005089828594669379, -0.01739817394742268], [-0.005089828594669379, 0.011726688776992705, 0.054249212770686284], [-0.017398173947422678, 0.054249212770686284, 0.5020459638930985]], "chi2_level": 0.99, "chi2_df": 3, "chi2_threshold": 11.344866730144373, "N_raw": 55, "N_roi": 53, "N_inlier": 50, "refit": true}
{"timestamp": "17:00:29.902143", "frame": 115, "mu": [0.5774899831069973, 2.214942203683165, 0.8956113351446111], "Sigma": [[0.007941283269867197, -0.004447425885362973, -0.03186506753816738], [-0.004447425885362973, 0.008310257009939762, 0.03552526674251362], [-0.03186506753816738, 0.03552526674251362, 0.6708913129215789]], "chi2_level": 0.99, "chi2_df": 3, "chi2_threshold": 11.344866730144373, "N_raw": 76, "N_roi": 76, "N_inlier": 76, "refit": true}
{"timestamp": "17:00:29.954786", "frame": 116, "mu": [0.5492730939531467, 2.177542490808301, 0.9802951891136722], "Sigma": [[0.009590465203961052, 0.0069310940307702185, 0.029293567193930916], [0.0069310940307702185, 0.029511398588303775, 0.08382552759071896], [0.029293567193930913, 0.08382552759071896, 0.41125565467976427]], "chi2_level": 0.99, "chi2_df": 3, "chi2_threshold": 11.344866730144373, "N_raw": 57, "N_roi": 57, "N_inlier": 54, "refit": true}
{"timestamp": "17:00:30.009907", "frame": 117, "mu": [0.6259148441138395, 2.2832028679052763, 1.4355794495325058], "Sigma": [[0.00840701052101109, -0.003663249103814113, -0.010394684042576614], [-0.0036632491038141135, 0.0089003091049624, 0.006761727303897487], [-0.010394684042576614, 0.006761727303897487, 0.025622514849215648]], "chi2_level": 0.99, "chi2_df": 3, "chi2_threshold": 11.344866730144373, "N_raw": 59, "N_roi": 59, "N_inlier": 55, "refit": true}
{"timestamp": "17:00:30.061301", "frame": 118, "mu": [0.6378397310336631, 2.2712060643560577, 0.9825624439331576], "Sigma": [[0.005614685887665024, -0.0031977802075598433, 0.004782000978962413], [-0.0031977802075598433, 0.005567497587712014, -0.01178938521647337], [0.004782000978962413, -0.01178938521647337, 0.15796638795418322]], "chi2_level": 0.99, "chi2_df": 3, "chi2_threshold": 11.344866730144373, "N_raw": 39, "N_roi": 39, "N_inlier": 38, "refit": true}
{"timestamp": "17:00:30.117674", "frame": 119, "mu": [0.5848658006001387, 2.376117825427045, 0.9544221092798179], "Sigma": [[0.007788948138206276, -0.0017627613783260199, -0.009274050806712283], [-0.0017627613783260197, 0.0014316047417708034, 0.007639924357783115], [-0.009274050806712281, 0.007639924357783115, 0.12598568997340356]], "chi2_level": 0.99, "chi2_df": 3, "chi2_threshold": 11.344866730144373, "N_raw": 43, "N_roi": 43, "N_inlier": 40, "refit": true}
{"timestamp": "17:00:30.175601", "frame": 120, "mu": [0.6755033223672207, 2.406199727652662, 1.3597275577853294], "Sigma": [[0.007852910661326968, -0.0014892555437638502, 0.00040553613418883524], [-0.00148925554376385, 0.00400451954195714, -0.005973309138639849], [0.00040553613418883546, -0.005973309138639849, 0.019952397663260943]], "chi2_level": 0.99, "chi2_df": 3, "chi2_threshold": 11.344866730144373, "N_raw": 64, "N_roi": 64, "N_inlier": 60, "refit": true}
{"timestamp": "17:00:30.225868", "frame": 121, "mu": [0.6798553418127663, 2.432585806535565, 1.4214463813813585], "Sigma": [[0.0043046547223080725, -0.0009020783833693655, -0.0002374265335407056], [-0.0009020783833693655, 0.00362409803381946, -0.0008152548219756165], [-0.0002374265335407056, -0.0008152548219756165, 0.0009008210161355844]], "chi2_level": 0.99, "chi2_df": 3, "chi2_threshold": 11.344866730144373, "N_raw": 33, "N_roi": 33, "N_inlier": 30, "refit": true}
{"timestamp": "17:00:30.283761", "frame": 122, "mu": [0.6886372493061435, 2.4873770655943845, 1.0573637263442313], "Sigma": [[0.006563062603086198, -0.0018230712987344355, -0.015892890055221574], [-0.0018230712987344355, 0.002755261617858433, 0.012634821778192168], [-0.015892890055221574, 0.012634821778192166, 0.29958656727209537]], "chi2_level": 0.99, "chi2_df": 3, "chi2_threshold": 11.344866730144373, "N_raw": 49, "N_roi": 49, "N_inlier": 47, "refit": true}
{"timestamp": "17:00:30.338552", "frame": 123, "mu": [0.7680596210869963, 2.508840482750349, 1.469521738618624], "Sigma": [[0.00953999748405641, -0.003912633102795434, -0.004202809829428355], [-0.003912633102795434, 0.007586443618368285, 0.0016066974396781637], [-0.004202809829428355, 0.0016066974396781635, 0.0024448624724471746]], "chi2_level": 0.99, "chi2_df": 3, "chi2_threshold": 11.344866730144373, "N_raw": 54, "N_roi": 54, "N_inlier": 50, "refit": true}
{"timestamp": "17:00:30.396308", "frame": 124, "mu": [0.8013925100868838, 2.5394533043027594, 1.4350359847924772], "Sigma": [[0.010924460640428646, -0.004032212698000805, -0.005633533873104778], [-0.004032212698000805, 0.009379190613477445, 0.0008135741313877404], [-0.005633533873104777, 0.0008135741313877404, 0.005070877549859578]], "chi2_level": 0.99, "chi2_df": 3, "chi2_threshold": 11.344866730144373, "N_raw": 66, "N_roi": 66, "N_inlier": 63, "refit": true}
{"timestamp": "17:00:30.446499", "frame": 125, "mu": [0.9050186825325122, 2.4960774818568403, 1.2696387897425874], "Sigma": [[0.009296927823135667, -0.0026513593982146373, 0.01005688533137111], [-0.0026513593982146373, 0.005754257748773923, 0.010189133963853464], [0.01005688533137111, 0.010189133963853464, 0.1895480361438903]], "chi2_level": 0.99, "chi2_df": 3, "chi2_threshold": 11.344866730144373, "N_raw": 40, "N_roi": 40, "N_inlier": 38, "refit": true}
{"timestamp": "17:00:30.503348", "frame": 126, "mu": [0.8740010309541033, 2.5873337224490767, 1.099383849025547], "Sigma": [[0.017195748516667966, -0.001251356193096188, 0.026863255245561636], [-0.0012513561930961876, 0.003179149961914856, 0.019378672182106836], [0.026863255245561636, 0.019378672182106836, 0.2784342299674359]], "chi2_level": 0.99, "chi2_df": 3, "chi2_threshold": 11.344866730144373, "N_raw": 54, "N_roi": 54, "N_inlier": 53, "refit": true}
{"timestamp": "17:00:30.556748", "frame": 127, "mu": [0.8539942744329572, 2.6573346604063675, 0.8509996193361745], "Sigma": [[0.024074118761499876, -0.012222480945809234, 0.011041478351710626], [-0.012222480945809234, 0.010490297093162545, 0.010476482679826052], [0.011041478351710626, 0.010476482679826052, 0.3448196593419212]], "chi2_level": 0.99, "chi2_df": 3, "chi2_threshold": 11.344866730144373, "N_raw": 37, "N_roi": 37, "N_inlier": 37, "refit": true}
{"timestamp": "17:00:30.613354", "frame": 128, "mu": [0.9880374957366143, 2.6387283824950822, -0.3300177302675331], "Sigma": [[0.012034823892658314, 0.015269347846770523, 0.05970666436264001], [0.015269347846770523, 0.09007609040348821, 0.25942376684355484], [0.05970666436264, 0.25942376684355484, 0.9508200628323362]], "chi2_level": 0.99, "chi2_df": 3, "chi2_threshold": 11.344866730144373, "N_raw": 51, "N_roi": 51, "N_inlier": 48, "refit": true}
{"timestamp": "17:00:30.667123", "frame": 129, "mu": [1.0732461339528296, 2.5747180572605397, 1.1019831309075347], "Sigma": [[0.006253228438053014, -0.0036268160509579537, -0.014367737922056315], [-0.0036268160509579537, 0.0037128118224758633, 0.016042860765201897], [-0.014367737922056313, 0.016042860765201897, 0.2089882974079919]], "chi2_level": 0.99, "chi2_df": 3, "chi2_threshold": 11.344866730144373, "N_raw": 36, "N_roi": 36, "N_inlier": 34, "refit": true}
{"timestamp": "17:00:30.725001", "frame": 130, "mu": [1.091758733730223, 2.629730577382203, 1.1939906533650508], "Sigma": [[0.010605874144027574, -0.006610334906462333, -0.010370702632380345], [-0.006610334906462333, 0.008590199363680646, -0.000735217999813729], [-0.010370702632380345, -0.0007352179998137303, 0.037101821435471416]], "chi2_level": 0.99, "chi2_df": 3, "chi2_threshold": 11.344866730144373, "N_raw": 61, "N_roi": 61, "N_inlier": 55, "refit": true}
{"timestamp": "17:00:30.778360", "frame": 131, "mu": [1.072400144308122, 2.698849747966805, 1.1148353213786395], "Sigma": [[0.01051724573672713, -0.005184356771621199, -0.0021944245581372313], [-0.005184356771621199, 0.007056161182220671, -0.012925542696705265], [-0.0021944245581372313, -0.012925542696705266, 0.09046314378344186]], "chi2_level": 0.99, "chi2_df": 3, "chi2_threshold": 11.344866730144373, "N_raw": 53, "N_roi": 53, "N_inlier": 51, "refit": true}
{"timestamp": "17:00:30.833345", "frame": 132, "mu": [1.195498600443192, 2.786859793280223, -0.20457170836884006], "Sigma": [[0.014357052507948293, -0.002973713990657727, -0.00922492632579567], [-0.002973713990657727, 0.005351649571663435, -0.002048467023758201], [-0.00922492632579567, -0.002048467023758201, 0.011205939585438206]], "chi2_level": 0.99, "chi2_df": 3, "chi2_threshold": 11.344866730144373, "N_raw": 53, "N_roi": 53, "N_inlier": 51, "refit": true}
{"timestamp": "17:00:30.890279", "frame": 133, "mu": [1.079621931913624, 2.7628111170847394, 1.22678004750651], "Sigma": [[0.015244678726939768, -0.004279262065676128, -0.006263370926861401], [-0.004279262065676129, 0.005923550160650618, -9.811348210449894e-05], [-0.006263370926861401, -9.811348210449883e-05, 0.005157772226264692]], "chi2_level": 0.99, "chi2_df": 3, "chi2_threshold": 11.344866730144373, "N_raw": 57, "N_roi": 57, "N_inlier": 54, "refit": true}
{"timestamp": "17:00:30.941522", "frame": 134, "mu": [1.2147933420104424, 2.791834332224215, 1.1984715331701503], "Sigma": [[0.016648382212753346, -0.006683727953830904, -0.009328050912950973], [-0.006683727953830904, 0.004517356179519815, 0.002820248441204092], [-0.009328050912950973, 0.002820248441204092, 0.012781161577295742]], "chi2_level": 0.99, "chi2_df": 3, "chi2_threshold": 11.344866730144373, "N_raw": 43, "N_roi": 43, "N_inlier": 40, "refit": true}
{"timestamp": "17:00:30.997640", "frame": 135, "mu": [1.2133052615100177, 2.781572463902822, 1.1113453234997603], "Sigma": [[0.017509395723921285, -0.006316903350417534, -0.005620854374985322], [-0.006316903350417534, 0.004600842852736421, 0.0009192008639884832], [-0.005620854374985322, 0.0009192008639884831, 0.0039500605492411404]], "chi2_level": 0.99, "chi2_df": 3, "chi2_threshold": 11.344866730144373, "N_raw": 44, "N_roi": 44, "N_inlier": 42, "refit": true}
{"timestamp": "17:00:31.054686", "frame": 136, "mu": [1.1820662089178346, 2.932716834857548, -0.29261110126169954], "Sigma": [[0.01624776977623756, -0.0005751117499689453, 0.0335793936728718], [-0.0005751117499689453, 0.005596012197357695, -0.00146536068089179], [0.0335793936728718, -0.0014653606808917906, 0.11908578515294191]], "chi2_level": 0.99, "chi2_df": 3, "chi2_threshold": 11.344866730144373, "N_raw": 57, "N_roi": 57, "N_inlier": 56, "refit": true}
{"timestamp": "17:00:31.110279", "frame": 137, "mu": [1.253330644950087, 3.0166876545768404, -0.08262873901053222], "Sigma": [[0.014821777917648727, -0.002536211430910182, -0.0029739575761521457], [-0.002536211430910182, 0.006346115485953212, -0.004700346713436865], [-0.002973957576152146, -0.0047003467134368645, 0.00753362434435043]], "chi2_level": 0.99, "chi2_df": 3, "chi2_threshold": 11.344866730144373, "N_raw": 58, "N_roi": 58, "N_inlier": 55, "refit": true}
