{"timestamp": "16:41:01.314130", "frame": 32, "mu": [-2.411499913637957, 2.998693128843959, 1.306360804561691], "Sigma": [[0.003283129536291096, 0.00256114995726948, -0.0004577808530160409], [0.00256114995726948, 0.0053289530094914475, -0.0012341464263590715], [-0.00045778085301604086, -0.0012341464263590715, 0.0006107584837949756]], "chi2_level": 0.99, "chi2_df": 3, "chi2_threshold": 11.344866730144373, "N_raw": 52, "N_roi": 15, "N_inlier": 14, "refit": true}
{"timestamp": "16:41:01.363342", "frame": 33, "mu": [-2.371058515344924, 3.0091257799886795, 1.265184132864215], "Sigma": [[0.005343854839869491, 0.00460542723331312, -0.004246358573678681], [0.004605427233313121, 0.006711758730830772, -0.005943357654161939], [-0.0042463585736786805, -0.005943357654161939, 0.01030163445826794]], "chi2_level": 0.99, "chi2_df": 3, "chi2_threshold": 11.344866730144373, "N_raw": 25, "N_roi": 20, "N_inlier": 19, "refit": true}
{"timestamp": "16:41:01.416422", "frame": 34, "mu": [-2.3183524672548836, 3.0078270890614367, 1.0942335647850463], "Sigma": [[0.0014937075936846756, -0.0006601503465260844, 0.0013433396355141288], [-0.0006601503465260846, 0.0011899195584545556, 0.0018858728987725174], [0.0013433396355141277, 0.0018858728987725172, 0.11656429042885809]], "chi2_level": 0.99, "chi2_df": 3, "chi2_threshold": 11.344866730144373, "N_raw": 5, "N_roi": 5, "N_inlier": 5, "refit": true}
{"timestamp": "16:41:01.470762", "frame": 35, "mu": [-2.185066631138157, 3.098101044416066, 1.2497455408123028], "Sigma": [[0.00566949037253729, -0.0010976886875285734, 0.009019427672598468], [-0.0010976886875285734, 0.00045476623162399944, -0.0024425977050621227], [0.009019427672598468, -0.0024425977050621223, 0.02767787716181964]], "chi2_level": 0.99, "chi2_df": 3, "chi2_threshold": 11.344866730144373, "N_raw": 5, "N_roi": 5, "N_inlier": 5, "refit": true}
{"timestamp": "16:41:01.528507", "frame": 36, "mu": [-2.222857903924869, 3.0198293275147936, 1.2487961349094618], "Sigma": [[0.012942733158801026, 0.007231361313398136, -0.0026367073824164347], [0.007231361313398136, 0.005416077124457928, -0.004043223461575059], [-0.0026367073824164347, -0.004043223461575059, 0.010628409442080893]], "chi2_level": 0.99, "chi2_df": 3, "chi2_threshold": 11.344866730144373, "N_raw": 26, "N_roi": 24, "N_inlier": 24, "refit": true}
{"timestamp": "16:41:01.583201", "frame": 37, "mu": [-2.1648069745801766, 3.0369103958723267, 1.1025646761022825], "Sigma": [[0.0039544633645886935, 0.0016866813500834678, 0.013923114035425307], [0.0016866813500834678, 0.001799409087858332, 0.0022941075115003686], [0.013923114035425307, 0.002294107511500368, 0.06534821222145508]], "chi2_level": 0.99, "chi2_df": 3, "chi2_threshold": 11.344866730144373, "N_raw": 5, "N_roi": 5, "N_inlier": 5, "refit": true}
{"timestamp": "16:41:01.695015", "frame": 39, "mu": [-1.8617443198740333, 3.1123675057419917, 1.256016421128413], "Sigma": [[0.0019214469895031863, 0.0008034374002594156, 0.002084550240260262], [0.0008034374002594154, 0.00147411154665544, -0.00022319965991286338], [0.002084550240260262, -0.00022319965991286338, 0.04872764021086751]], "chi2_level": 0.99, "chi2_df": 3, "chi2_threshold": 11.344866730144373, "N_raw": 13, "N_roi": 10, "N_inlier": 10, "refit": true}
{"timestamp": "16:41:01.752246", "frame": 40, "mu": [-1.824271673993026, 3.0388172056501355, 0.8779818345942316], "Sigma": [[0.012930026957582422, 0.0028429558494904696, -0.015965617476428905], [0.0028429558494904696, 0.0013107395510057263, -0.006150070071679252], [-0.015965617476428905, -0.006150070071679252, 0.03769777176353152]], "chi2_level": 0.99, "chi2_df": 3, "chi2_threshold": 11.344866730144373, "N_raw": 34, "N_roi": 34, "N_inlier": 34, "refit": true}
{"timestamp": "16:41:01.805705", "frame": 41, "mu": [-1.8800276753650804, 2.9420160903488077, 1.2334437982780848], "Sigma": [[0.010360839448757122, 0.00414692897897143, -0.003972955155304196], [0.00414692897897143, 0.004858051222303433, 0.0002664062958053667], [-0.003972955155304196, 0.0002664062958053667, 0.003118431441524034]], "chi2_level": 0.99, "chi2_df": 3, "chi2_threshold": 11.344866730144373, "N_raw": 23, "N_roi": 23, "N_inlier": 21, "refit": true}
{"timestamp": "16:41:01.866253", "frame": 42, "mu": [-1.8597162585247882, 2.931040584802947, 1.2071511043632945], "Sigma": [[0.012260338538135506, 0.005377327067085301, -0.004541845088461222], [0.005377327067085301, 0.010465327364897697, -0.0006551598909038678], [-0.004541845088461222, -0.0006551598909038678, 0.004830620870753205]], "chi2_level": 0.99, "chi2_df": 3, "chi2_threshold": 11.344866730144373, "N_raw": 59, "N_roi": 46, "N_inlier": 43, "refit": true}
{"timestamp": "16:41:01.915842", "frame": 43, "mu": [-1.715661989509132, 3.020659341978957, 0.9761812953977679], "Sigma": [[0.007813673664379796, 0.006438954127673579, -0.009061763569507915], [0.00643895412767358, 0.011118042643972632, -0.009641849692392717], [-0.009061763569507915, -0.009641849692392715, 0.013239124946990258]], "chi2_level": 0.99, "chi2_df": 3, "chi2_threshold": 11.344866730144373, "N_raw": 14, "N_roi": 12, "N_inlier": 12, "refit": true}
{"timestamp": "16:41:01.968492", "frame": 44, "mu": [-1.6409842322112196, 3.0908432045081744, 0.4383564009622627], "Sigma": [[0.00119290972668204, 0.0010487242489952045, -0.014174271042818539], [0.0010487242489952045, 0.011282058191012698, -0.0526812615461129], [-0.014174271042818539, -0.0526812615461129, 0.34848266682488144]], "chi2_level": 0.99, "chi2_df": 3, "chi2_threshold": 11.344866730144373, "N_raw": 8, "N_roi": 8, "N_inlier": 8, "refit": true}
{"timestamp": "16:41:02.026146", "frame": 45, "mu": [-1.5954321735423165, 3.070308122433751, 0.8128724228775368], "Sigma": [[0.007269110462129886, 0.005204207191498986, -0.023452531905306686], [0.005204207191498986, 0.008410544808254506, -0.03773598272646745], [-0.023452531905306686, -0.03773598272646746, 0.21692696247108362]], "chi2_level": 0.99, "chi2_df": 3, "chi2_threshold": 11.344866730144373, "N_raw": 20, "N_roi": 20, "N_inlier": 20, "refit": true}
{"timestamp": "16:41:02.082751", "frame": 46, "mu": [-1.5184014437267217, 3.0789135117077966, 0.9391770790241716], "Sigma": [[0.0065584708853721205, 0.0013277256369098904, -0.0030881985160798944], [0.00132772563690989, 0.007093084989258838, -0.0011505600188207073], [-0.0030881985160798944, -0.0011505600188207073, 0.00290618802126929]], "chi2_level": 0.99, "chi2_df": 3, "chi2_threshold": 11.344866730144373, "N_raw": 34, "N_roi": 31, "N_inlier": 28, "refit": true}
{"timestamp": "16:41:02.136867", "frame": 47, "mu": [-1.4095735583013147, 3.1648840405277237, 1.062694549203665], "Sigma": [[0.01617964496540254, 0.004804334945011082, -0.016781393855801435], [0.004804334945011082, 0.003371964706436997, -0.009842565075336308], [-0.016781393855801435, -0.009842565075336308, 0.1432531986062885]], "chi2_level": 0.99, "chi2_df": 3, "chi2_threshold": 11.344866730144373, "N_raw": 30, "N_roi": 30, "N_inlier": 28, "refit": true}
{"timestamp": "16:41:02.194145", "frame": 48, "mu": [-1.3366385819877087, 3.1629373701438173, 1.118890886384784], "Sigma": [[0.0193706405721551, 0.005962812021488741, -0.0007699421164018402], [0.00596281202148874, 0.0035153368174771393, -0.0033945340906541776], [-0.0007699421164018402, -0.0033945340906541767, 0.04385695196519477]], "chi2_level": 0.99, "chi2_df": 3, "chi2_threshold": 11.344866730144373, "N_raw": 45, "N_roi": 45, "N_inlier": 40, "refit": true}
{"timestamp": "16:41:02.243983", "frame": 49, "mu": [-1.2585080218426858, 3.075750554404377, 0.7747156017309429], "Sigma": [[0.006786828234901612, 0.008274135263753821, -0.014831870844773862], [0.008274135263753821, 0.017733432196538654, -0.024935462822140597], [-0.014831870844773866, -0.024935462822140597, 0.2537067817375194]], "chi2_level": 0.99, "chi2_df": 3, "chi2_threshold": 11.344866730144373, "N_raw": 8, "N_roi": 8, "N_inlier": 8, "refit": true}
{"timestamp": "16:41:02.304437", "frame": 50, "mu": [-1.1538380584098034, 3.170116394664267, 1.0383721414856315], "Sigma": [[0.014835952327415386, 0.0041140058368961405, -0.003686930858507776], [0.00411400583689614, 0.00364111957620006, -0.004434065151467341], [-0.0036869308585077754, -0.004434065151467341, 0.01390395987615724]], "chi2_level": 0.99, "chi2_df": 3, "chi2_threshold": 11.344866730144373, "N_raw": 50, "N_roi": 50, "N_inlier": 46, "refit": true}
{"timestamp": "16:41:02.358083", "frame": 51, "mu": [-0.9757700369939323, 3.2551846507983715, 1.038521815874515], "Sigma": [[0.012596093548333203, 0.004428900952663106, 0.006095762117381906], [0.004428900952663106, 0.0018774981276331341, 0.002506480681812875], [0.006095762117381906, 0.002506480681812875, 0.038861982137173144]], "chi2_level": 0.99, "chi2_df": 3, "chi2_threshold": 11.344866730144373, "N_raw": 36, "N_roi": 36, "N_inlier": 33, "refit": true}
{"timestamp": "16:41:02.412210", "frame": 52, "mu": [-1.0094902613825312, 3.1968351755289435, 1.006867553782073], "Sigma": [[0.013745169988942521, 0.006485053477230809, 0.008481444599643062], [0.006485053477230809, 0.006729626188357948, 0.0074583884982606825], [0.008481444599643062, 0.0074583884982606825, 0.06371976847625775]], "chi2_level": 0.99, "chi2_df": 3, "chi2_threshold": 11.344866730144373, "N_raw": 34, "N_roi": 31, "N_inlier": 28, "refit": true}
{"timestamp": "16:41:02.465961", "frame": 53, "mu": [-0.953734090556307, 3.117283852343731, 0.6288864364683614], "Sigma": [[0.013890442798383277, 0.005499826127390035, 0.01966475892471005], [0.005499826127390035, 0.007639918838652621, -0.004318830814757231], [0.01966475892471005, -0.004318830814757231, 0.18380191603092472]], "chi2_level": 0.99, "chi2_df": 3, "chi2_threshold": 11.344866730144373, "N_raw": 19, "N_roi": 17, "N_inlier": 17, "refit": true}
{"timestamp": "16:41:02.522479", "frame": 54, "mu": [-0.8206864638731299, 3.3645413831280884, -0.07248753228362981], "Sigma": [[0.016298674375677738, 0.004444644990372585, 0.002438184825030271], [0.004444644990372585, 0.004876763889244054, -0.004218390229986223], [0.0024381848250302706, -0.004218390229986222, 0.010433894672943726]], "chi2_level": 0.99, "chi2_df": 3, "chi2_threshold": 11.344866730144373, "N_raw": 41, "N_roi": 41, "N_inlier": 39, "refit": true}
{"timestamp": "16:41:02.576106", "frame": 55, "mu": [-0.8310601693024264, 3.1905018950042665, 0.7269232682201215], "Sigma": [[0.01392877789802124, 0.001772171867408567, 0.00028818179778847654], [0.001772171867408567, 0.010333324797388134, -0.010290598428836666], [0.0002881817977884761, -0.010290598428836666, 0.23221534886804696]], "chi2_level": 0.99, "chi2_df": 3, "chi2_threshold": 11.344866730144373, "N_raw": 24, "N_roi": 22, "N_inlier": 22, "refit": true}
{"timestamp": "16:41:02.633545", "frame": 56, "mu": [-0.6974506083150864, 3.239703170835876, 1.1796030745019204], "Sigma": [[0.017112805348115878, 0.0031146230138518766, 0.0011045936121436687], [0.0031146230138518766, 0.0024551162584913163, -0.001955258693696717], [0.0011045936121436687, -0.001955258693696717, 0.0071697303339255765]], "chi2_level": 0.99, "chi2_df": 3, "chi2_threshold": 11.344866730144373, "N_raw": 46, "N_roi": 46, "N_inlier": 40, "refit": true}
{"timestamp": "16:41:02.683110", "frame": 57, "mu": [-0.7512303482396996, 3.1112484551278046, 0.9665409422829951], "Sigma": [[0.0071738190262394435, 0.004881281257162917, -0.00875901488454002], [0.004881281257162917, 0.0046719765713324575, -0.008621223582841394], [-0.00875901488454002, -0.008621223582841394, 0.019963280952696484]], "chi2_level": 0.99, "chi2_df": 3, "chi2_threshold": 11.344866730144373, "N_raw": 5, "N_roi": 5, "N_inlier": 5, "refit": true}
{"timestamp": "16:41:02.743680", "frame": 58, "mu": [-0.526794077217235, 3.2201475604811827, 0.9484117763205767], "Sigma": [[0.01742593854854675, 0.005386717281250641, 0.03096995027071892], [0.005386717281250642, 0.003271004763048374, 0.008228934078994034], [0.03096995027071892, 0.008228934078994034, 0.15528016248114548]], "chi2_level": 0.99, "chi2_df": 3, "chi2_threshold": 11.344866730144373, "N_raw": 41, "N_roi": 37, "N_inlier": 35, "refit": true}
{"timestamp": "16:41:02.800826", "frame": 59, "mu": [-0.5542105994931833, 3.113677918196419, 0.9818513199093291], "Sigma": [[0.01974297168356586, 0.012376503457009382, -0.005834878694313385], [0.012376503457009382, 0.014977659340976323, -0.0055283076197658884], [-0.005834878694313385, -0.0055283076197658884, 0.011467037767670602]], "chi2_level": 0.99, "chi2_df": 3, "chi2_threshold": 11.344866730144373, "N_raw": 54, "N_roi": 50, "N_inlier": 48, "refit": true}
{"timestamp": "16:41:02.856987", "frame": 60, "mu": [-0.4292104343637615, 3.2340819320613523, 1.2113279834996424], "Sigma": [[0.0199631180679012, 0.001143213563900691, -0.007601640132222041], [0.001143213563900691, 0.0018501817871712856, -0.004088590039879363], [-0.007601640132222041, -0.004088590039879363, 0.018417176798079034]], "chi2_level": 0.99, "chi2_df": 3, "chi2_threshold": 11.344866730144373, "N_raw": 58, "N_roi": 55, "N_inlier": 49, "refit": true}
{"timestamp": "16:41:02.905955", "frame": 61, "mu": [-0.5663825091955956, 3.0583932681954167, 0.9115789959859751], "Sigma": [[0.009239777998882925, 0.007321622442038238, 0.004309264350740263], [0.007321622442038239, 0.019109141211030557, -0.037592719420905626], [0.004309264350740263, -0.037592719420905626, 0.22274906134371067]], "chi2_level": 0.99, "chi2_df": 3, "chi2_threshold": 11.344866730144373, "N_raw": 20, "N_roi": 17, "N_inlier": 17, "refit": true}
{"timestamp": "16:41:02.964072", "frame": 62, "mu": [-0.30682594280325726, 3.195242625929369, -0.8021790573146889], "Sigma": [[0.011877745328070158, 0.0014049661904721497, 0.02062846516355794], [0.0014049661904721497, 0.0018729303934455208, -0.004555691769186318], [0.020628465163557947, -0.004555691769186317, 0.12803162988655264]], "chi2_level": 0.99, "chi2_df": 3, "chi2_threshold": 11.344866730144373, "N_raw": 44, "N_roi": 39, "N_inlier": 36, "refit": true}
{"timestamp": "16:41:03.018929", "frame": 63, "mu": [-0.2240725323446375, 3.242572285021656, 1.5188628370178618], "Sigma": [[0.017200877768480893, 0.0025566473911197516, 0.0020115536272654476], [0.0025566473911197516, 0.0037407772339164078, 0.001360905290474714], [0.002011553627265448, 0.001360905290474714, 0.0016182805641360666]], "chi2_level": 0.99, "chi2_df": 3, "chi2_threshold": 11.344866730144373, "N_raw": 45, "N_roi": 45, "N_inlier": 41, "refit": true}
{"timestamp": "16:41:03.073234", "frame": 64, "mu": [-0.1419596970364517, 3.2653704290751233, 1.56266048869936], "Sigma": [[0.013939446558386526, 0.0005273162345022158, -0.006070913060519759], [0.0005273162345022157, 0.002743579530937166, -0.0006991096140647515], [-0.00607091306051976, -0.0006991096140647517, 0.0036611783564774025]], "chi2_level": 0.99, "chi2_df": 3, "chi2_threshold": 11.344866730144373, "N_raw": 38, "N_roi": 38, "N_inlier": 35, "refit": true}
{"timestamp": "16:41:03.125831", "frame": 65, "mu": [-0.1255692190350642, 3.2580963650730963, 1.3988635156118137], "Sigma": [[0.011190270053007332, 0.002331473919439752, 0.007561387308574007], [0.002331473919439752, 0.001103440504946179, 0.000881108522066928], [0.007561387308574008, 0.0008811085220669282, 0.023674351338307045]], "chi2_level": 0.99, "chi2_df": 3, "chi2_threshold": 11.344866730144373, "N_raw": 26, "N_roi": 25, "N_inlier": 25, "refit": true}
{"timestamp": "16:41:03.184156", "frame": 66, "mu": [-0.1385940933366257, 3.222762543858161, 1.1879448921531541], "Sigma": [[0.017284285093586562, 0.0035299131523193446, 0.007979523275641363], [0.0035299131523193446, 0.004746657619129581, -0.0021086820625837613], [0.007979523275641363, -0.0021086820625837613, 0.013326751035294767]], "chi2_level": 0.99, "chi2_df": 3, "chi2_threshold": 11.344866730144373, "N_raw": 48, "N_roi": 48, "N_inlier": 45, "refit": true}
{"timestamp": "16:41:03.242030", "frame": 67, "mu": [-0.07578643909288375, 3.2378533622035346, 1.0752470645791712], "Sigma": [[0.017165781330674815, 0.0014014890695358661, 0.004282217568357671], [0.0014014890695358661, 0.005285377112822775, -0.0021967782434710675], [0.004282217568357671, -0.0021967782434710675, 0.0071621973512689206]], "chi2_level": 0.99, "chi2_df": 3, "chi2_threshold": 11.344866730144373, "N_raw": 62, "N_roi": 60, "N_inlier": 57, "refit": true}
{"timestamp": "16:41:03.296258", "frame": 68, "mu": [0.005397086674247537, 3.2681512735125815, 1.1102553300369893], "Sigma": [[0.01372491994931085, 0.0025019060063387506, 0.002624710123111788], [0.0025019060063387506, 0.0037010619671760713, -0.0018965809176536884], [0.0026247101231117874, -0.0018965809176536884, 0.006134130303841245]], "chi2_level": 0.99, "chi2_df": 3, "chi2_threshold": 11.344866730144373, "N_raw": 53, "N_roi": 43, "N_inlier": 38, "refit": true}
{"timestamp": "16:41:03.345031", "frame": 69, "mu": [0.03232503795001316, 3.146013308427161, 0.6830655862623007], "Sigma": [[0.01140416964161851, 0.007387928941875736, -0.03288358163056174], [0.007387928941875736, 0.007958556013636544, 0.005939472814332392], [-0.03288358163056173, 0.005939472814332395, 0.5500454204023216]], "chi2_level": 0.99, "chi2_df": 3, "chi2_threshold": 11.344866730144373, "N_raw": 12, "N_roi": 11, "N_inlier": 10, "refit": true}
{"timestamp": "16:41:03.401464", "frame": 70, "mu": [0.19671719857293016, 3.336593682284639, 1.3302267061451882], "Sigma": [[0.009776280019821221, -0.0006955786829848123, -0.001699812021825687], [-0.0006955786829848123, 0.0010437488616502882, -0.0019708564392767283], [-0.0016998120218256869, -0.0019708564392767283, 0.02640566797343135]], "chi2_level": 0.99, "chi2_df": 3, "chi2_threshold": 11.344866730144373, "N_raw": 34, "N_roi": 34, "N_inlier": 32, "refit": true}
{"timestamp": "16:41:03.457034", "frame": 71, "mu": [0.21266382488593222, 3.365693265377181, 1.4595504648707438], "Sigma": [[0.011163319521690892, -0.0015880297115729689, -0.009117701116198825], [-0.0015880297115729689, 0.0032425711030303326, 0.003326362764625854], [-0.009117701116198825, 0.003326362764625854, 0.01734316626579078]], "chi2_level": 0.99, "chi2_df": 3, "chi2_threshold": 11.344866730144373, "N_raw": 34, "N_roi": 34, "N_inlier": 32, "refit": true}
{"timestamp": "16:41:03.509669", "frame": 72, "mu": [0.3170426867135851, 3.3208674750704885, 1.232792573780677], "Sigma": [[0.005936265046709481, 0.0006710848864194871, -0.0015007868160285536], [0.000671084886419487, 0.001429293315299776, -0.00235227263529817], [-0.0015007868160285534, -0.00235227263529817, 0.006124574608454016]], "chi2_level": 0.99, "chi2_df": 3, "chi2_threshold": 11.344866730144373, "N_raw": 18, "N_roi": 16, "N_inlier": 16, "refit": true}
{"timestamp": "16:41:03.565880", "frame": 73, "mu": [0.3597292322723207, 3.4250815467818416, -0.03445674988891319], "Sigma": [[0.011346394672313746, -0.00026050470334885404, -9.324621927275815e-06], [-0.000260504703348854, 0.0016003727854111067, -1.5598552160303928e-05], [-9.32462192727582e-06, -1.5598552160303925e-05, 1.164844394141029e-06]], "chi2_level": 0.99, "chi2_df": 3, "chi2_threshold": 11.344866730144373, "N_raw": 24, "N_roi": 24, "N_inlier": 24, "refit": true}
{"timestamp": "16:41:03.621934", "frame": 74, "mu": [0.42740626184435454, 3.2828870288941934, 1.0210726911016499], "Sigma": [[0.011796012270755897, 0.0011016488927026095, 0.005216840436179128], [0.0011016488927026095, 0.0025311291988773703, 0.0010670093641467295], [0.005216840436179128, 0.0010670093641467295, 0.0036626591601902126]], "chi2_level": 0.99, "chi2_df": 3, "chi2_threshold": 11.344866730144373, "N_raw": 29, "N_roi": 29, "N_inlier": 27, "refit": true}
{"timestamp": "16:41:03.677607", "frame": 75, "mu": [0.5327481206558726, 3.3087630964618673, 1.040958169652663], "Sigma": [[0.008350419165409515, 0.0011177042058971908, -0.00124020093651271], [0.0011177042058971908, 0.00111069777948938, -0.001404627750555837], [-0.0012402009365127106, -0.001404627750555837, 0.06377188205958481]], "chi2_level": 0.99, "chi2_df": 3, "chi2_threshold": 11.344866730144373, "N_raw": 34, "N_roi": 31, "N_inlier": 29, "refit": true}
{"timestamp": "16:41:03.728675", "frame": 76, "mu": [0.5090936578336294, 3.3085005898900683, 0.6196336147248178], "Sigma": [[0.008172721266225516, -0.0023201698983389405, 0.0527753761967544], [-0.0023201698983389405, 0.003149129222537615, -0.00979936244582622], [0.0527753761967544, -0.009799362445826226, 0.4471973952444113]], "chi2_level": 0.99, "chi2_df": 3, "chi2_threshold": 11.344866730144373, "N_raw": 11, "N_roi": 7, "N_inlier": 7, "refit": true}
{"timestamp": "16:41:03.783777", "frame": 77, "mu": [0.6143639233371533, 3.292396009934936, 0.8059078245177305], "Sigma": [[0.005326542009068505, 0.0015829233254073519, -0.01627570081398966], [0.0015829233254073519, 0.0036041308496922208, -0.010820196247120599], [-0.01627570081398966, -0.010820196247120599, 0.07783743549647901]], "chi2_level": 0.99, "chi2_df": 3, "chi2_threshold": 11.344866730144373, "N_raw": 12, "N_roi": 12, "N_inlier": 12, "refit": true}
{"timestamp": "16:41:03.839369", "frame": 78, "mu": [0.7159003605845229, 3.3295811670196045, 0.39933150018127755], "Sigma": [[0.005015132386951725, -0.0053487815782256405, 0.012603184775916692], [-0.0053487815782256405, 0.006961163472995186, -0.0001146750310080805], [0.01260318477591669, -0.00011467503100807909, 0.38168715514827023]], "chi2_level": 0.99, "chi2_df": 3, "chi2_threshold": 11.344866730144373, "N_raw": 7, "N_roi": 6, "N_inlier": 6, "refit": true}
{"timestamp": "16:41:03.897756", "frame": 79, "mu": [0.7020304122925811, 3.3747603575678666, -1.0950983011938544], "Sigma": [[0.018057996203356866, -0.016233253233195563, 0.02797328602047885], [-0.016233253233195567, 0.02403872352046367, -0.03742602204597513], [0.02797328602047885, -0.03742602204597513, 0.07829447726373538]], "chi2_level": 0.99, "chi2_df": 3, "chi2_threshold": 11.344866730144373, "N_raw": 39, "N_roi": 36, "N_inlier": 34, "refit": true}
{"timestamp": "16:41:03.955568", "frame": 80, "mu": [0.755324051588461, 3.414000790815418, 0.9140319552525076], "Sigma": [[0.015697045471346347, -0.008211511727271949, 0.03393179032092977], [-0.008211511727271949, 0.01516149776247702, -0.023844717292536857], [0.03393179032092977, -0.023844717292536857, 0.2691319109830757]], "chi2_level": 0.99, "chi2_df": 3, "chi2_threshold": 11.344866730144373, "N_raw": 54, "N_roi": 50, "N_inlier": 50, "refit": true}
{"timestamp": "16:41:04.004139", "frame": 81, "mu": [0.8273586256798151, 3.6530531505314534, -0.18956599776841265], "Sigma": [[0.004484000866206514, -0.008193247256681614, 0.010417135257024628], [-0.008193247256681614, 0.036055753078064356, -0.053404951974349774], [0.010417135257024628, -0.05340495197434976, 0.09448034667859288]], "chi2_level": 0.99, "chi2_df": 3, "chi2_threshold": 11.344866730144373, "N_raw": 11, "N_roi": 11, "N_inlier": 11, "refit": true}
{"timestamp": "16:41:04.065465", "frame": 82, "mu": [0.8561383600640731, 3.4643282205127104, 1.1230064597511702], "Sigma": [[0.013228816104263562, -0.010786759341587395, -0.001307908479119897], [-0.010786759341587395, 0.032442548091432086, -0.006401850498125345], [-0.001307908479119897, -0.006401850498125345, 0.0084248969507989]], "chi2_level": 0.99, "chi2_df": 3, "chi2_threshold": 11.344866730144373, "N_raw": 56, "N_roi": 55, "N_inlier": 53, "refit": true}
{"timestamp": "16:41:04.116731", "frame": 83, "mu": [0.8600190261125915, 3.6007961741033006, 1.1118050907206842], "Sigma": [[0.015767483786570648, -0.006719970081357523, -0.004340426080704272], [-0.006719970081357523, 0.008570946623761119, 0.0017306023575794256], [-0.004340426080704272, 0.0017306023575794254, 0.0021388140708771142]], "chi2_level": 0.99, "chi2_df": 3, "chi2_threshold": 11.344866730144373, "N_raw": 30, "N_roi": 29, "N_inlier": 28, "refit": true}
{"timestamp": "16:41:04.167861", "frame": 84, "mu": [0.9659101741562339, 3.3356865598751906, 0.473513577474947], "Sigma": [[0.004230618987986849, -7.973213120306209e-05, 0.032877362229849286], [-7.973213120306198e-05, 0.017533840610870124, 0.05426667184186432], [0.03287736222984928, 0.05426667184186432, 0.467777878864025]], "chi2_level": 0.99, "chi2_df": 3, "chi2_threshold": 11.344866730144373, "N_raw": 6, "N_roi": 6, "N_inlier": 6, "refit": true}
{"timestamp": "16:41:04.224476", "frame": 85, "mu": [0.9965580858707215, 3.6483592246954286, 0.09685764549352426], "Sigma": [[0.00553141776980344, -0.004851742950085674, -0.004373304485995172], [-0.004851742950085674, 0.01967763506564055, 0.009157196350864465], [-0.004373304485995172, 0.009157196350864465, 0.006557711053749228]], "chi2_level": 0.99, "chi2_df": 3, "chi2_threshold": 11.344866730144373, "N_raw": 18, "N_roi": 15, "N_inlier": 14, "refit": true}
{"timestamp": "16:41:04.278761", "frame": 86, "mu": [1.1163401166988187, 3.422811180821829, 1.1778221599728351], "Sigma": [[0.008863094726919174, -0.010891372764179147, 0.005168087131496282], [-0.010891372764179147, 0.029349507249426858, 0.011664662812709451], [0.005168087131496282, 0.011664662812709451, 0.027404911035992408]], "chi2_level": 0.99, "chi2_df": 3, "chi2_threshold": 11.344866730144373, "N_raw": 7, "N_roi": 7, "N_inlier": 7, "refit": true}
{"timestamp": "16:41:04.336858", "frame": 87, "mu": [1.1479925446546064, 3.471803364123541, 1.0312255600031048], "Sigma": [[0.01341647065333182, -0.010077824553236202, 0.0025142115216742434], [-0.010077824553236202, 0.026278439099998285, 0.02804991284981814], [0.0025142115216742426, 0.028049912849818143, 0.13075526509826893]], "chi2_level": 0.99, "chi2_df": 3, "chi2_threshold": 11.344866730144373, "N_raw": 34, "N_roi": 34, "N_inlier": 34, "refit": true}
{"timestamp": "16:41:04.392724", "frame": 88, "mu": [1.15332928610649, 3.7475692079875262, 0.0963976665990343], "Sigma": [[0.013045583098221585, -0.0065207868485625976, -0.0027413217316234694], [-0.0065207868485625976, 0.009087951115123985, 5.014292206408799e-05], [-0.0027413217316234694, 5.0142922064088096e-05, 0.0042893861025704244]], "chi2_level": 0.99, "chi2_df": 3, "chi2_threshold": 11.344866730144373, "N_raw": 28, "N_roi": 28, "N_inlier": 26, "refit": true}
{"timestamp": "16:41:04.449087", "frame": 89, "mu": [1.3440935487726926, 3.4922327239370348, 0.2301110283819102], "Sigma": [[0.01411543409331705, -0.005963370258998757, 0.029701822351907037], [-0.005963370258998757, 0.00925725444553932, -0.028241753053584784], [0.029701822351907037, -0.028241753053584784, 0.17012303190462866]], "chi2_level": 0.99, "chi2_df": 3, "chi2_threshold": 11.344866730144373, "N_raw": 43, "N_roi": 43, "N_inlier": 41, "refit": true}
{"timestamp": "16:41:04.505463", "frame": 90, "mu": [1.4424230662525028, 3.4806194783010818, 0.23307393793188835], "Sigma": [[0.017878167155728732, -0.008002389329517018, -0.004385201895595121], [-0.008002389329517018, 0.01299968404457033, 0.002462575984307778], [-0.004385201895595121, 0.002462575984307778, 0.005980123689778134]], "chi2_level": 0.99, "chi2_df": 3, "chi2_threshold": 11.344866730144373, "N_raw": 53, "N_roi": 53, "N_inlier": 52, "refit": true}
{"timestamp": "16:41:04.561795", "frame": 91, "mu": [1.4602651464779042, 3.6047572797481537, 1.2817051441577396], "Sigma": [[0.021283391614645344, -0.012702817601148594, 0.008725600702282472], [-0.012702817601148594, 0.014098344797217324, -0.0249918491957107], [0.008725600702282472, -0.0249918491957107, 0.08853423786422798]], "chi2_level": 0.99, "chi2_df": 3, "chi2_threshold": 11.344866730144373, "N_raw": 57, "N_roi": 57, "N_inlier": 56, "refit": true}
{"timestamp": "16:41:04.616265", "frame": 92, "mu": [1.540257244537744, 3.4894670853924867, 1.1499982196271274], "Sigma": [[0.01612808253980317, -0.012385212942922549, -0.002371056461346426], [-0.012385212942922549, 0.03108439524269537, -0.002342859459917441], [-0.0023710564613464266, -0.002342859459917441, 0.006148160301605621]], "chi2_level": 0.99, "chi2_df": 3, "chi2_threshold": 11.344866730144373, "N_raw": 57, "N_roi": 56, "N_inlier": 56, "refit": true}
{"timestamp": "16:41:04.664376", "frame": 93, "mu": [1.5190529451762222, 3.5941649114942535, 1.229269827206489], "Sigma": [[0.0007489530335295765, 0.0014428103578494138, -0.0008022392344988969], [0.0014428103578494138, 0.013946810512964277, -0.016234616568545628], [-0.0008022392344988969, -0.016234616568545628, 0.027495727035292423]], "chi2_level": 0.99, "chi2_df": 3, "chi2_threshold": 11.344866730144373, "N_raw": 7, "N_roi": 6, "N_inlier": 6, "refit": true}
{"timestamp": "16:41:04.719596", "frame": 94, "mu": [1.6102428370664001, 3.515550292606046, 1.5368432618444838], "Sigma": [[0.007106379465969962, -0.0035221692656324105, 0.004783015059078687], [-0.0035221692656324105, 0.006179860470984017, -0.016993975670976325], [0.004783015059078687, -0.016993975670976325, 0.06587583316996083]], "chi2_level": 0.99, "chi2_df": 3, "chi2_threshold": 11.344866730144373, "N_raw": 15, "N_roi": 15, "N_inlier": 15, "refit": true}
{"timestamp": "16:41:04.774765", "frame": 95, "mu": [1.706394560238687, 3.477514377583702, 1.4786488493689567], "Sigma": [[0.0072108550773690465, -0.004526238588375392, 0.005529639969578702], [-0.004526238588375393, 0.008760153581579947, -0.010085491017394217], [0.005529639969578702, -0.010085491017394217, 0.013592060216714089]], "chi2_level": 0.99, "chi2_df": 3, "chi2_threshold": 11.344866730144373, "N_raw": 17, "N_roi": 17, "N_inlier": 17, "refit": true}
{"timestamp": "16:41:04.833284", "frame": 96, "mu": [1.6800816873765196, 3.6814579121866586, 1.059396004488699], "Sigma": [[0.014698021440853788, -0.00847652983856639, -0.005078942362530942], [-0.00847652983856639, 0.00880360000129942, -0.00037975705692987096], [-0.005078942362530942, -0.00037975705692987096, 0.007692095340635372]], "chi2_level": 0.99, "chi2_df": 3, "chi2_threshold": 11.344866730144373, "N_raw": 35, "N_roi": 35, "N_inlier": 33, "refit": true}
{"timestamp": "16:41:04.884185", "frame": 97, "mu": [1.7048840382689265, 3.5791506531895356, 1.0186116058865538], "Sigma": [[0.006927293446036536, -0.01014196865939793, 0.005786298352441092], [-0.010141968659397932, 0.020967667020047553, -0.015002153927976644], [0.005786298352441092, -0.015002153927976644, 0.014803857444643862]], "chi2_level": 0.99, "chi2_df": 3, "chi2_threshold": 11.344866730144373, "N_raw": 10, "N_roi": 9, "N_inlier": 9, "refit": true}
{"timestamp": "16:41:04.944451", "frame": 98, "mu": [1.8275893007538504, 3.563648538730528, 1.1594293551893067], "Sigma": [[0.02168139628492738, -0.015936977957002878, 0.02277274797528514], [-0.015936977957002878, 0.01965037811828472, -0.033277816540843094], [0.022772747975285137, -0.03327781654084309, 0.07943533773591543]], "chi2_level": 0.99, "chi2_df": 3, "chi2_threshold": 11.344866730144373, "N_raw": 47, "N_roi": 44, "N_inlier": 44, "refit": true}
{"timestamp": "16:41:04.994702", "frame": 99, "mu": [1.921391762709739, 3.4477166904844667, 0.9044914601432541], "Sigma": [[0.0015288624425765216, 0.0011127973145468287, -0.007174667944693528], [0.0011127973145468291, 0.009271571988380552, -0.011294143754102303], [-0.007174667944693528, -0.011294143754102303, 0.0900350236148884]], "chi2_level": 0.99, "chi2_df": 3, "chi2_threshold": 11.344866730144373, "N_raw": 8, "N_roi": 7, "N_inlier": 7, "refit": true}
{"timestamp": "16:41:05.118737", "frame": 100, "mu": [1.9020959799943054, 3.4441851431886055, 1.412616148202482], "Sigma": [[0.013835949961645874, -0.00313804325617167, 0.00892185553425827], [-0.00313804325617167, 0.006015220421295671, 0.003506323063344926], [0.00892185553425827, 0.003506323063344926, 0.015999668521092074]], "chi2_level": 0.99, "chi2_df": 3, "chi2_threshold": 11.344866730144373, "N_raw": 32, "N_roi": 30, "N_inlier": 30, "refit": true}
{"timestamp": "16:41:05.136188", "frame": 101, "mu": [1.8907258265179032, 3.644364411451578, 1.1879251218120594], "Sigma": [[0.010910690943846238, -0.008235288703205342, -0.006370615786202837], [-0.008235288703205342, 0.01816088567550997, -0.0009527448070820144], [-0.006370615786202837, -0.0009527448070820144, 0.024768434590684493]], "chi2_level": 0.99, "chi2_df": 3, "chi2_threshold": 11.344866730144373, "N_raw": 24, "N_roi": 17, "N_inlier": 16, "refit": true}
{"timestamp": "16:41:05.166146", "frame": 102, "mu": [1.892708137527217, 3.641690591491198, 1.2061279539836434], "Sigma": [[0.010960888321544326, -0.01248113083990409, -0.0067291734667924265], [-0.01248113083990409, 0.02714703510129765, 0.01204507946162935], [-0.0067291734667924265, 0.01204507946162935, 0.006768811272641217]], "chi2_level": 0.99, "chi2_df": 3, "chi2_threshold": 11.344866730144373, "N_raw": 19, "N_roi": 15, "N_inlier": 15, "refit": true}
{"timestamp": "16:41:05.213678", "frame": 103, "mu": [1.9456897211131856, 3.569503280531461, 1.2850194894094122], "Sigma": [[0.00042452498963120805, -0.001179019991585234, 0.001234740103138518], [-0.0011790199915852337, 0.011296747435632746, -0.009384851100779973], [0.001234740103138518, -0.009384851100779973, 0.009238638682949182]], "chi2_level": 0.99, "chi2_df": 3, "chi2_threshold": 11.344866730144373, "N_raw": 7, "N_roi": 6, "N_inlier": 6, "refit": true}
{"timestamp": "16:41:05.273620", "frame": 104, "mu": [2.013493963524862, 3.4803456458279816, 1.4966341867339787], "Sigma": [[0.013736915520236362, -0.006956624743304711, -0.003142548862097967], [-0.006956624743304711, 0.007848350345272686, 0.0037886120536222718], [-0.003142548862097967, 0.0037886120536222718, 0.0034253613078190394]], "chi2_level": 0.99, "chi2_df": 3, "chi2_threshold": 11.344866730144373, "N_raw": 41, "N_roi": 33, "N_inlier": 30, "refit": true}
{"timestamp": "16:41:05.433238", "frame": 107, "mu": [2.118564450839215, 3.581279812610384, 1.0288095565326063], "Sigma": [[0.0023192389999165215, -0.0026520537466695536, -0.006734470971546384], [-0.0026520537466695536, 0.023034080505016565, 0.02340837651185971], [-0.006734470971546384, 0.02340837651185971, 0.04988498894078766]], "chi2_level": 0.99, "chi2_df": 3, "chi2_threshold": 11.344866730144373, "N_raw": 10, "N_roi": 6, "N_inlier": 6, "refit": true}
{"timestamp": "16:41:05.488517", "frame": 108, "mu": [2.1685825780809895, 3.4651589181779983, 0.954436894906876], "Sigma": [[0.021966882274257367, 0.008910525548791943, 0.00292781036843919], [0.008910525548791943, 0.009012266757729941, 0.013970245646577105], [0.002927810368439191, 0.013970245646577107, 0.04676050633930719]], "chi2_level": 0.99, "chi2_df": 3, "chi2_threshold": 11.344866730144373, "N_raw": 9, "N_roi": 7, "N_inlier": 7, "refit": true}
{"timestamp": "16:41:05.785814", "frame": 113, "mu": [2.333482429310754, 3.497843227907293, 1.4718962217132998], "Sigma": [[0.007114498687250969, -0.00029236921067662914, -0.006425192177148406], [-0.00029236921067662936, 0.003676158195945271, 0.002104059621288816], [-0.006425192177148406, 0.0021040596212888165, 0.014953941351464507]], "chi2_level": 0.99, "chi2_df": 3, "chi2_threshold": 11.344866730144373, "N_raw": 10, "N_roi": 8, "N_inlier": 7, "refit": true}
{"timestamp": "16:41:05.825231", "frame": 114, "mu": [2.057248031861767, 2.9980566511445064, 1.572394883178076], "Sigma": [[0.659944528759748, 0.9007231406319034, -0.19104483404649586], [0.9007231406319034, 1.2376941943352167, -0.2678658771099379], [-0.19104483404649586, -0.2678658771099379, 0.06504387797735732]], "chi2_level": 0.99, "chi2_df": 3, "chi2_threshold": 11.344866730144373, "N_raw": 8, "N_roi": 5, "N_inlier": 5, "refit": true}
