{"timestamp": "16:19:50.102471", "frame": 31, "mu": [-2.458513977246414, 3.274227416890886, 1.1097683065235917], "Sigma": [[0.0012752833262014071, 0.0010882140538615134, -0.001842512716321073], [0.0010882140538615134, 0.002695316619141472, -0.003323752968160741], [-0.001842512716321073, -0.003323752968160741, 0.005704625494970591]], "chi2_level": 0.99, "chi2_df": 3, "chi2_threshold": 11.344866730144373, "N_raw": 19, "N_roi": 7, "N_inlier": 7, "refit": true}
{"timestamp": "16:19:50.209098", "frame": 33, "mu": [-2.452179064278617, 3.1835948030248953, 0.786095074672301], "Sigma": [[0.0007230325377946931, -0.001687995381094844, 0.0003922411054482841], [-0.001687995381094844, 0.00834026384295033, -0.0031789377554676855], [0.00039224110544828415, -0.0031789377554676855, 0.03603451223429188]], "chi2_level": 0.99, "chi2_df": 3, "chi2_threshold": 11.344866730144373, "N_raw": 6, "N_roi": 6, "N_inlier": 6, "refit": true}
{"timestamp": "16:19:50.319275", "frame": 35, "mu": [-2.3829746133986927, 3.0937825441229316, 1.078755718730767], "Sigma": [[0.001600972552368687, -0.0013568245497964481, 0.009343955426626645], [-0.0013568245497964481, 0.0014781190613928242, -0.007174531446810651], [0.009343955426626645, -0.007174531446810651, 0.06703275252628191]], "chi2_level": 0.99, "chi2_df": 3, "chi2_threshold": 11.344866730144373, "N_raw": 6, "N_roi": 6, "N_inlier": 6, "refit": true}
{"timestamp": "16:19:50.375261", "frame": 36, "mu": [-2.364359602441849, 3.077365646275047, 0.9544968291193182], "Sigma": [[0.0004336398019086238, 0.0002395727026562336, -0.0039067091589584], [0.0002395727026562337, 0.003913742216099846, -0.012276629352222984], [-0.0039067091589584, -0.012276629352222984, 0.07647278031610971]], "chi2_level": 0.99, "chi2_df": 3, "chi2_threshold": 11.344866730144373, "N_raw": 9, "N_roi": 6, "N_inlier": 6, "refit": true}
{"timestamp": "16:19:50.433114", "frame": 37, "mu": [-2.3051413328848214, 3.0942221949667505, 1.0502600479923438], "Sigma": [[0.009909230168870702, 0.004661702144242193, -0.00730480930864689], [0.004661702144242191, 0.00577879174321062, -0.005416727740360325], [-0.00730480930864689, -0.005416727740360324, 0.007828266885894053]], "chi2_level": 0.99, "chi2_df": 3, "chi2_threshold": 11.344866730144373, "N_raw": 28, "N_roi": 28, "N_inlier": 27, "refit": true}
{"timestamp": "16:19:50.487788", "frame": 38, "mu": [-2.255312981177237, 3.093567662308319, 0.8569252928806473], "Sigma": [[0.006779502442502644, 0.004466203765668672, -0.006773564723470162], [0.004466203765668673, 0.006843866117382781, -0.012472212576115645], [-0.006773564723470162, -0.012472212576115646, 0.03821677238398694]], "chi2_level": 0.99, "chi2_df": 3, "chi2_threshold": 11.344866730144373, "N_raw": 14, "N_roi": 14, "N_inlier": 13, "refit": true}
{"timestamp": "16:19:50.542189", "frame": 39, "mu": [-2.2285272544430157, 3.024031075834041, 1.085646159586066], "Sigma": [[0.0036708940815093926, -0.008945743215702497, -0.005580802178623599], [-0.008945743215702497, 0.0406579334192594, 0.021905434807154164], [-0.005580802178623599, 0.021905434807154164, 0.09471088897384296]], "chi2_level": 0.99, "chi2_df": 3, "chi2_threshold": 11.344866730144373, "N_raw": 8, "N_roi": 8, "N_inlier": 7, "refit": true}
{"timestamp": "16:19:50.598795", "frame": 40, "mu": [-2.1931216727682554, 2.9207519780006934, 0.7990157323116392], "Sigma": [[0.00834433021394435, 0.0037346636446425096, -0.006191540820430861], [0.0037346636446425096, 0.0037322617276230865, -0.005506553396987645], [-0.006191540820430863, -0.005506553396987644, 0.011623067923234203]], "chi2_level": 0.99, "chi2_df": 3, "chi2_threshold": 11.344866730144373, "N_raw": 24, "N_roi": 24, "N_inlier": 23, "refit": true}
{"timestamp": "16:19:50.651550", "frame": 41, "mu": [-1.914592854951389, 2.699719891379488, 1.0090745821715401], "Sigma": [[0.376327498964156, -0.4869641163516948, 0.14133508658459906], [-0.48696411635169473, 0.6508761868910029, -0.19679152102754724], [0.14133508658459906, -0.19679152102754724, 0.07121187271130132]], "chi2_level": 0.99, "chi2_df": 3, "chi2_threshold": 11.344866730144373, "N_raw": 7, "N_roi": 7, "N_inlier": 7, "refit": true}
{"timestamp": "16:19:50.710957", "frame": 42, "mu": [-2.1401710700033605, 2.983005029721756, -0.15896247267231392], "Sigma": [[0.01403853627153499, 0.008969933217275232, -0.0059097560249721645], [0.008969933217275232, 0.011475104035631453, -0.0045574997816130265], [-0.005909756024972165, -0.0045574997816130265, 0.004982281792648528]], "chi2_level": 0.99, "chi2_df": 3, "chi2_threshold": 11.344866730144373, "N_raw": 37, "N_roi": 37, "N_inlier": 36, "refit": true}
{"timestamp": "16:19:50.765909", "frame": 43, "mu": [-2.1574535126968275, 2.7865544834661233, 1.1622141214328952], "Sigma": [[0.011422701791802638, 0.005387576298048568, -0.005263548705967557], [0.005387576298048568, 0.005202421759542733, -0.009866109522408977], [-0.005263548705967558, -0.009866109522408977, 0.029938238073193086]], "chi2_level": 0.99, "chi2_df": 3, "chi2_threshold": 11.344866730144373, "N_raw": 37, "N_roi": 37, "N_inlier": 37, "refit": true}
{"timestamp": "16:19:50.822704", "frame": 44, "mu": [-2.027630568332683, 2.7609173146051655, 1.048343615830533], "Sigma": [[0.01654377119237894, 0.011110428607699778, -0.018915300366278247], [0.011110428607699778, 0.00987998726077532, -0.020345195439807073], [-0.018915300366278247, -0.02034519543980707, 0.053280165727407944]], "chi2_level": 0.99, "chi2_df": 3, "chi2_threshold": 11.344866730144373, "N_raw": 46, "N_roi": 39, "N_inlier": 39, "refit": true}
{"timestamp": "16:19:50.876934", "frame": 45, "mu": [-1.906719806686361, 2.7875021191632503, 0.7699783263485505], "Sigma": [[0.01700769464983125, 0.008216454221397317, -0.03206992845839736], [0.008216454221397317, 0.006194671165329758, -0.02014320829025773], [-0.03206992845839736, -0.02014320829025773, 0.0854770612630143]], "chi2_level": 0.99, "chi2_df": 3, "chi2_threshold": 11.344866730144373, "N_raw": 43, "N_roi": 43, "N_inlier": 42, "refit": true}
{"timestamp": "16:19:50.935466", "frame": 46, "mu": [-1.8802516763325716, 2.72724456414603, 0.872226049012686], "Sigma": [[0.018770253416772777, 0.006663312039206322, -0.04262646989790324], [0.006663312039206322, 0.004838239140234725, -0.019036927032397934], [-0.04262646989790324, -0.019036927032397934, 0.1737150439273019]], "chi2_level": 0.99, "chi2_df": 3, "chi2_threshold": 11.344866730144373, "N_raw": 61, "N_roi": 56, "N_inlier": 56, "refit": true}
{"timestamp": "16:19:50.984527", "frame": 47, "mu": [-1.7992245570616656, 2.7669660787798502, 0.7189615933261164], "Sigma": [[0.011530071008799268, 0.005003585193102606, -0.01952584923926637], [0.005003585193102606, 0.005062137873271356, -0.014786434162045257], [-0.01952584923926637, -0.014786434162045257, 0.053059595717850905]], "chi2_level": 0.99, "chi2_df": 3, "chi2_threshold": 11.344866730144373, "N_raw": 22, "N_roi": 22, "N_inlier": 21, "refit": true}
{"timestamp": "16:19:51.040347", "frame": 48, "mu": [-1.7239480941943928, 2.7853112124855093, 0.6870569556735341], "Sigma": [[0.009935543391193399, 0.0034789330707357268, -0.013865556348611908], [0.0034789330707357268, 0.0019802510893081812, -0.008424545479723948], [-0.01386555634861191, -0.00842454547972395, 0.054715545263765736]], "chi2_level": 0.99, "chi2_df": 3, "chi2_threshold": 11.344866730144373, "N_raw": 27, "N_roi": 27, "N_inlier": 26, "refit": true}
{"timestamp": "16:19:51.102649", "frame": 49, "mu": [-1.9097836619652768, 2.5862302084400612, 1.1788031345605192], "Sigma": [[0.01765226221996362, 0.007162896638459758, -0.002926184257872914], [0.007162896638459758, 0.005658026971377241, -0.006419941268254301], [-0.002926184257872914, -0.006419941268254301, 0.014496377889325418]], "chi2_level": 0.99, "chi2_df": 3, "chi2_threshold": 11.344866730144373, "N_raw": 76, "N_roi": 57, "N_inlier": 52, "refit": true}
{"timestamp": "16:19:51.156762", "frame": 50, "mu": [-1.8465055127907135, 2.7548168169144867, -0.40359103506500654], "Sigma": [[0.04771153153832715, 0.042696225543602404, -0.0511448499295777], [0.042696225543602404, 0.04699158732192413, -0.055565604888901166], [-0.051144849929577706, -0.055565604888901166, 0.06898275855636748]], "chi2_level": 0.99, "chi2_df": 3, "chi2_threshold": 11.344866730144373, "N_raw": 73, "N_roi": 56, "N_inlier": 54, "refit": true}
{"timestamp": "16:19:51.211250", "frame": 51, "mu": [-1.6745147840984604, 2.6299180419357326, 0.8687335560153726], "Sigma": [[0.012940237968465431, 0.006918123398076313, -0.018521591022908103], [0.006918123398076314, 0.008247309765631471, -0.02179713696379109], [-0.0185215910229081, -0.02179713696379109, 0.06165259966114797]], "chi2_level": 0.99, "chi2_df": 3, "chi2_threshold": 11.344866730144373, "N_raw": 62, "N_roi": 55, "N_inlier": 55, "refit": true}
{"timestamp": "16:19:51.261163", "frame": 52, "mu": [-1.5796023872487714, 2.7093342049228384, 0.5851054366052132], "Sigma": [[0.029695393458787647, 0.018064500662750838, -0.03059106417258123], [0.018064500662750838, 0.03197627736558584, -0.061237846012594015], [-0.03059106417258123, -0.06123784601259401, 0.12282403225884447]], "chi2_level": 0.99, "chi2_df": 3, "chi2_threshold": 11.344866730144373, "N_raw": 28, "N_roi": 16, "N_inlier": 16, "refit": true}
{"timestamp": "16:19:51.314179", "frame": 53, "mu": [-1.56395436929947, 2.6305869083225897, 0.75241104533413], "Sigma": [[0.03213047229200784, 0.019539811802877435, -0.04925946105534679], [0.019539811802877435, 0.016265890921552183, -0.037979349806994904], [-0.04925946105534678, -0.037979349806994904, 0.10070279811727184]], "chi2_level": 0.99, "chi2_df": 3, "chi2_threshold": 11.344866730144373, "N_raw": 16, "N_roi": 16, "N_inlier": 15, "refit": true}
{"timestamp": "16:19:51.371723", "frame": 54, "mu": [-1.5445293109938867, 2.559356749737013, 0.7868424570514411], "Sigma": [[0.011473275013174928, 0.0034284630837268927, -0.006015155138036154], [0.003428463083726893, 0.0021676325032973865, -0.00421215956009713], [-0.006015155138036153, -0.00421215956009713, 0.01628831195264844]], "chi2_level": 0.99, "chi2_df": 3, "chi2_threshold": 11.344866730144373, "N_raw": 37, "N_roi": 37, "N_inlier": 34, "refit": true}
{"timestamp": "16:19:51.430064", "frame": 55, "mu": [-1.51269562617123, 2.5011919422828024, 0.9890636336690828], "Sigma": [[0.00979056413956037, 0.0024451089125978103, -0.007561804931406906], [0.0024451089125978103, 0.002595943405406971, -0.008032021852996833], [-0.007561804931406905, -0.008032021852996833, 0.047260384089989935]], "chi2_level": 0.99, "chi2_df": 3, "chi2_threshold": 11.344866730144373, "N_raw": 60, "N_roi": 60, "N_inlier": 57, "refit": true}
{"timestamp": "16:19:51.483774", "frame": 56, "mu": [-1.4703513844117835, 2.460293730081544, 1.164030542064054], "Sigma": [[0.009992251021890464, 0.0032930152512630154, -0.016615844875501315], [0.0032930152512630154, 0.0024693124496179665, -0.011018476601753667], [-0.016615844875501315, -0.011018476601753667, 0.057488054100349975]], "chi2_level": 0.99, "chi2_df": 3, "chi2_threshold": 11.344866730144373, "N_raw": 46, "N_roi": 46, "N_inlier": 44, "refit": true}
{"timestamp": "16:19:51.537974", "frame": 57, "mu": [-1.3819751311467097, 2.4120187058807225, 1.1143637646594324], "Sigma": [[0.06039563913638885, 0.028326543306148897, -0.07398257318075326], [0.028326543306148897, 0.015070300199172779, -0.035586232871588935], [-0.07398257318075326, -0.035586232871588935, 0.12591850592322504]], "chi2_level": 0.99, "chi2_df": 3, "chi2_threshold": 11.344866730144373, "N_raw": 44, "N_roi": 42, "N_inlier": 37, "refit": true}
{"timestamp": "16:19:51.589306", "frame": 58, "mu": [-1.4591166721806634, 2.415396959276818, 1.0235377921766313], "Sigma": [[0.003092693236886275, -0.0003519581263912246, 0.005354421411779742], [-0.00035195812639122467, 0.004930593507273131, -0.03387177560151017], [0.005354421411779742, -0.03387177560151017, 0.27374927006349886]], "chi2_level": 0.99, "chi2_df": 3, "chi2_threshold": 11.344866730144373, "N_raw": 17, "N_roi": 14, "N_inlier": 14, "refit": true}
{"timestamp": "16:19:51.647795", "frame": 59, "mu": [-1.3067216707044982, 2.554932959505735, -0.7749535519032187], "Sigma": [[0.012550521005953772, 0.008905067990686568, 0.027091200935907923], [0.008905067990686568, 0.03294442604673282, 0.029595933951828374], [0.027091200935907923, 0.029595933951828374, 0.08489530669368696]], "chi2_level": 0.99, "chi2_df": 3, "chi2_threshold": 11.344866730144373, "N_raw": 47, "N_roi": 44, "N_inlier": 43, "refit": true}
{"timestamp": "16:19:51.700926", "frame": 60, "mu": [-1.2970679301680237, 2.4266112855475335, 1.0143147256026717], "Sigma": [[0.009576070990569471, 0.0014679883062934127, -0.007872162684760712], [0.001467988306293413, 0.008197782960709821, -0.010575412652588864], [-0.007872162684760712, -0.010575412652588864, 0.01997345522052548]], "chi2_level": 0.99, "chi2_df": 3, "chi2_threshold": 11.344866730144373, "N_raw": 34, "N_roi": 34, "N_inlier": 34, "refit": true}
{"timestamp": "16:19:51.759847", "frame": 61, "mu": [-1.252856748627344, 2.3036005811935762, 1.062462022871537], "Sigma": [[0.01076209150277223, 0.005259425844761873, -0.011943552097927749], [0.005259425844761873, 0.007265838050526172, -0.010172349884723347], [-0.011943552097927749, -0.010172349884723347, 0.024082097059511295]], "chi2_level": 0.99, "chi2_df": 3, "chi2_threshold": 11.344866730144373, "N_raw": 62, "N_roi": 61, "N_inlier": 59, "refit": true}
{"timestamp": "16:19:51.817745", "frame": 62, "mu": [-1.2137244096823896, 2.25416327357558, 0.8564893903710792], "Sigma": [[0.011364586277508134, 0.004223550607599552, -0.0046110118673729095], [0.004223550607599552, 0.003999512853267005, -0.006614893023609622], [-0.0046110118673729095, -0.006614893023609622, 0.030819227302564214]], "chi2_level": 0.99, "chi2_df": 3, "chi2_threshold": 11.344866730144373, "N_raw": 74, "N_roi": 74, "N_inlier": 73, "refit": true}
{"timestamp": "16:19:51.874297", "frame": 63, "mu": [-1.210410430429566, 2.2116648123749862, 1.0785370806951224], "Sigma": [[0.011622902384354523, 0.005817159750955526, -0.011750429747132527], [0.005817159750955525, 0.008212808896179901, -0.016621575573166333], [-0.011750429747132526, -0.016621575573166333, 0.03943843428892404]], "chi2_level": 0.99, "chi2_df": 3, "chi2_threshold": 11.344866730144373, "N_raw": 86, "N_roi": 86, "N_inlier": 82, "refit": true}
{"timestamp": "16:19:51.930342", "frame": 64, "mu": [-1.1040930810856984, 2.1989673399006615, 1.1014434022456334], "Sigma": [[0.02514555179210729, 0.014648955692525317, -0.03510161652953031], [0.014648955692525317, 0.011759222760432272, -0.026163643424433905], [-0.03510161652953031, -0.026163643424433905, 0.0633830368162561]], "chi2_level": 0.99, "chi2_df": 3, "chi2_threshold": 11.344866730144373, "N_raw": 85, "N_roi": 85, "N_inlier": 81, "refit": true}
{"timestamp": "16:19:51.986906", "frame": 65, "mu": [-1.0980366402916848, 2.162628904679926, 1.0652157817954075], "Sigma": [[0.014626035554849141, 0.00979804059337282, -0.021378611800993645], [0.00979804059337282, 0.011716110800173407, -0.024448010275638254], [-0.02137861180099364, -0.024448010275638254, 0.058406018262133486]], "chi2_level": 0.99, "chi2_df": 3, "chi2_threshold": 11.344866730144373, "N_raw": 103, "N_roi": 102, "N_inlier": 98, "refit": true}
{"timestamp": "16:19:52.034424", "frame": 66, "mu": [-1.071151517179434, 2.1039711825097225, 1.0449153827999789], "Sigma": [[0.014742752024344071, 0.007592064551029924, -0.02075947161565193], [0.007592064551029924, 0.009457659484108928, -0.01757870916787957], [-0.020759471615651927, -0.01757870916787957, 0.050623043801331535]], "chi2_level": 0.99, "chi2_df": 3, "chi2_threshold": 11.344866730144373, "N_raw": 52, "N_roi": 52, "N_inlier": 52, "refit": true}
{"timestamp": "16:19:52.092172", "frame": 67, "mu": [-1.1047265777968127, 2.046398168718282, 1.1545086975263574], "Sigma": [[0.012976995487007165, 0.005365391847682142, -0.02435314502483861], [0.005365391847682141, 0.004811983316414228, -0.016712629472217355], [-0.02435314502483861, -0.01671262947221735, 0.07209373314231168]], "chi2_level": 0.99, "chi2_df": 3, "chi2_threshold": 11.344866730144373, "N_raw": 74, "N_roi": 74, "N_inlier": 72, "refit": true}
{"timestamp": "16:19:52.146491", "frame": 68, "mu": [-1.104772779545471, 1.9635763879634818, 1.0386592797047398], "Sigma": [[0.009893457387982802, 0.0018034486751900207, -0.0066854899276861625], [0.0018034486751900202, 0.003084858851702892, -0.004406112866364778], [-0.0066854899276861625, -0.004406112866364778, 0.021853623718782092]], "chi2_level": 0.99, "chi2_df": 3, "chi2_threshold": 11.344866730144373, "N_raw": 64, "N_roi": 64, "N_inlier": 59, "refit": true}
{"timestamp": "16:19:52.204077", "frame": 69, "mu": [-1.0310057533405397, 1.9730361838593449, 1.2224395026458568], "Sigma": [[0.012723869740224802, 0.0034393022264877686, -0.01737542676829551], [0.0034393022264877695, 0.004322503867495853, -0.011529318838229247], [-0.01737542676829551, -0.011529318838229247, 0.05864506792283279]], "chi2_level": 0.99, "chi2_df": 3, "chi2_threshold": 11.344866730144373, "N_raw": 88, "N_roi": 88, "N_inlier": 84, "refit": true}
{"timestamp": "16:19:52.257882", "frame": 70, "mu": [-1.0417602131658246, 1.9716701134910224, 0.8609435982464004], "Sigma": [[0.01096655551249528, -0.00854821027702126, 0.02345710420941556], [-0.008548210277021259, 0.022344684154943322, -0.06308979899677827], [0.023457104209415554, -0.06308979899677827, 0.24513308235435338]], "chi2_level": 0.99, "chi2_df": 3, "chi2_threshold": 11.344866730144373, "N_raw": 71, "N_roi": 70, "N_inlier": 60, "refit": true}
{"timestamp": "16:19:52.316369", "frame": 71, "mu": [-0.9719509621671523, 1.8584212243806313, 0.9963566499477068], "Sigma": [[0.01694837811961513, 0.0043999646479615144, -0.020550823547264004], [0.0043999646479615144, 0.0042686401043924025, -0.014578740016720946], [-0.020550823547264004, -0.014578740016720946, 0.064907298882371]], "chi2_level": 0.99, "chi2_df": 3, "chi2_threshold": 11.344866730144373, "N_raw": 91, "N_roi": 91, "N_inlier": 87, "refit": true}
{"timestamp": "16:19:52.371922", "frame": 72, "mu": [-0.9385926399160854, 1.9688668824920814, -0.06943039532891968], "Sigma": [[0.011165189690340886, -0.0033072755414750256, 0.038104590166441236], [-0.0033072755414750256, 0.009616760840176158, -0.03353151614303543], [0.038104590166441236, -0.03353151614303543, 0.31354724835202274]], "chi2_level": 0.99, "chi2_df": 3, "chi2_threshold": 11.344866730144373, "N_raw": 102, "N_roi": 102, "N_inlier": 102, "refit": true}
{"timestamp": "16:19:52.425467", "frame": 73, "mu": [-0.9003353973386808, 1.7761953063337126, 1.0001546752959878], "Sigma": [[0.016051977965123303, 0.0036959066711769973, -0.014901628772251723], [0.0036959066711769973, 0.003127386863847139, -0.009467423863264463], [-0.014901628772251723, -0.009467423863264463, 0.04213284204933509]], "chi2_level": 0.99, "chi2_df": 3, "chi2_threshold": 11.344866730144373, "N_raw": 87, "N_roi": 87, "N_inlier": 82, "refit": true}
{"timestamp": "16:19:52.478064", "frame": 74, "mu": [-0.8987482465106345, 1.7606317202464101, 1.0675357232717404], "Sigma": [[0.007431620580290591, 0.0024067743192300395, 0.000528254161716975], [0.0024067743192300395, 0.0042029900873782515, -0.005404042580394706], [0.0005282541617169748, -0.005404042580394707, 0.02273535674603458]], "chi2_level": 0.99, "chi2_df": 3, "chi2_threshold": 11.344866730144373, "N_raw": 75, "N_roi": 75, "N_inlier": 72, "refit": true}
{"timestamp": "16:19:52.535508", "frame": 75, "mu": [-0.7735971894776096, 1.73990723690426, 1.1458857740826809], "Sigma": [[0.011465291735008303, 0.0031420767963844004, 0.0009601674357147909], [0.0031420767963844004, 0.0037045365663541884, -0.004248937855933728], [0.0009601674357147911, -0.004248937855933728, 0.014205194757198386]], "chi2_level": 0.99, "chi2_df": 3, "chi2_threshold": 11.344866730144373, "N_raw": 87, "N_roi": 87, "N_inlier": 82, "refit": true}
{"timestamp": "16:19:52.591203", "frame": 76, "mu": [-0.6859869124813759, 1.8334961484171208, -0.17603418223431214], "Sigma": [[0.016581814343667782, -0.00311566549269611, 0.04298556860334651], [-0.0031156654926961106, 0.008424602392785406, -0.031198824758043166], [0.04298556860334651, -0.031198824758043163, 0.24094008260775615]], "chi2_level": 0.99, "chi2_df": 3, "chi2_threshold": 11.344866730144373, "N_raw": 101, "N_roi": 101, "N_inlier": 99, "refit": true}
{"timestamp": "16:19:52.640978", "frame": 77, "mu": [-0.6167513665647071, 1.6471599678201367, 1.0353786476266704], "Sigma": [[0.010064526670256273, 0.0022621531586167806, -0.02628074876198208], [0.00226215315861678, 0.0016395539947073616, -0.0092346000821159], [-0.02628074876198208, -0.0092346000821159, 0.11067570084551542]], "chi2_level": 0.99, "chi2_df": 3, "chi2_threshold": 11.344866730144373, "N_raw": 61, "N_roi": 61, "N_inlier": 56, "refit": true}
{"timestamp": "16:19:52.703344", "frame": 78, "mu": [-0.5049480275950631, 1.694470754103731, 0.9476077764043589], "Sigma": [[0.014691573343555786, 0.005567829160234571, -0.03046162652969677], [0.005567829160234571, 0.00411552459645276, -0.015031949279591325], [-0.03046162652969677, -0.015031949279591325, 0.09430102725545805]], "chi2_level": 0.99, "chi2_df": 3, "chi2_threshold": 11.344866730144373, "N_raw": 114, "N_roi": 114, "N_inlier": 110, "refit": true}
{"timestamp": "16:19:52.756936", "frame": 79, "mu": [-0.5698109836681196, 1.624731966547119, 1.1380531409027597], "Sigma": [[0.008286776463218041, 0.0014963513867943623, -0.0025896055362297004], [0.0014963513867943623, 0.004428685997194979, -0.007736665682770049], [-0.0025896055362297004, -0.007736665682770049, 0.02176714056731283]], "chi2_level": 0.99, "chi2_df": 3, "chi2_threshold": 11.344866730144373, "N_raw": 102, "N_roi": 102, "N_inlier": 97, "refit": true}
{"timestamp": "16:19:52.819087", "frame": 80, "mu": [-0.5581572084512433, 1.605452535357287, 0.8669675613573469], "Sigma": [[0.018993256670322076, -5.732976284863328e-06, 0.03935413423116141], [-5.732976284863545e-06, 0.006298246260969295, -0.01765311255030822], [0.03935413423116141, -0.01765311255030822, 0.28281079930917385]], "chi2_level": 0.99, "chi2_df": 3, "chi2_threshold": 11.344866730144373, "N_raw": 150, "N_roi": 150, "N_inlier": 149, "refit": true}
{"timestamp": "16:19:52.870505", "frame": 81, "mu": [-0.3825059886548216, 1.5823904464132883, 1.0039059494068008], "Sigma": [[0.03180781851950712, 0.010333839552685306, -0.028665187075107755], [0.010333839552685306, 0.006829440476331688, -0.013657794055174472], [-0.028665187075107755, -0.013657794055174474, 0.03455418628653667]], "chi2_level": 0.99, "chi2_df": 3, "chi2_threshold": 11.344866730144373, "N_raw": 124, "N_roi": 124, "N_inlier": 119, "refit": true}
{"timestamp": "16:19:52.925924", "frame": 82, "mu": [-0.41020836971551067, 1.5325469496025304, -0.05570044648104244], "Sigma": [[0.04762547058064801, 0.003788998940090824, 0.16073603433063105], [0.0037889989400908246, 0.004294392048110185, 0.00851314474721143], [0.16073603433063105, 0.00851314474721143, 0.8372784172151316]], "chi2_level": 0.99, "chi2_df": 3, "chi2_threshold": 11.344866730144373, "N_raw": 130, "N_roi": 130, "N_inlier": 129, "refit": true}
{"timestamp": "16:19:52.981689", "frame": 83, "mu": [-0.531942298280957, 1.508342731549682, -0.2838680895374794], "Sigma": [[0.028511608597859908, -0.0027274084063237678, 0.16986730603385314], [-0.002727408406323768, 0.0057480241655195425, -0.01163955397176236], [0.16986730603385314, -0.011639553971762358, 1.418196539672063]], "chi2_level": 0.99, "chi2_df": 3, "chi2_threshold": 11.344866730144373, "N_raw": 131, "N_roi": 131, "N_inlier": 130, "refit": true}
{"timestamp": "16:19:53.032366", "frame": 84, "mu": [-0.49291703245699653, 1.455659480421946, 1.0700128556866693], "Sigma": [[0.011990937400257815, -0.006033272602043011, 0.036044380662996964], [-0.006033272602043011, 0.006915032102992987, -0.03746533789660368], [0.036044380662996964, -0.03746533789660368, 0.2344934403443961]], "chi2_level": 0.99, "chi2_df": 3, "chi2_threshold": 11.344866730144373, "N_raw": 107, "N_roi": 107, "N_inlier": 104, "refit": true}
{"timestamp": "16:19:53.089346", "frame": 85, "mu": [-0.32409785189208035, 1.4219536279738287, 1.133728946004788], "Sigma": [[0.027535656200403436, 0.004853252725517213, -0.022730325729280146], [0.004853252725517213, 0.004318586615848933, -0.012135384006110535], [-0.022730325729280146, -0.012135384006110535, 0.048092810103179784]], "chi2_level": 0.99, "chi2_df": 3, "chi2_threshold": 11.344866730144373, "N_raw": 121, "N_roi": 121, "N_inlier": 114, "refit": true}
{"timestamp": "16:19:53.145165", "frame": 86, "mu": [-0.2878881387933819, 1.483723739148578, 0.0669840357909537], "Sigma": [[0.040293073689045035, -0.004472642190478147, 0.11645140536611298], [-0.004472642190478146, 0.008385802795947778, -0.020854802203958953], [0.11645140536611298, -0.020854802203958953, 0.42921747325159837]], "chi2_level": 0.99, "chi2_df": 3, "chi2_threshold": 11.344866730144373, "N_raw": 119, "N_roi": 119, "N_inlier": 116, "refit": true}
{"timestamp": "16:19:53.200012", "frame": 87, "mu": [-0.30965655460547414, 1.3086962244201183, 1.104223167831766], "Sigma": [[0.03227968372167793, 0.012829731846624243, -0.017864638454993163], [0.012829731846624243, 0.009455911951306645, -0.015092165951757476], [-0.01786463845499316, -0.015092165951757476, 0.041442832900420196]], "chi2_level": 0.99, "chi2_df": 3, "chi2_threshold": 11.344866730144373, "N_raw": 122, "N_roi": 122, "N_inlier": 120, "refit": true}
{"timestamp": "16:19:53.253956", "frame": 88, "mu": [-0.2843933797144258, 1.2312668360961068, 1.143896266345316], "Sigma": [[0.007043656632235337, 0.003350328797986857, -0.005965997535609568], [0.003350328797986857, 0.01087342703879686, 0.0042810141995893855], [-0.005965997535609568, 0.0042810141995893855, 0.06021460771202252]], "chi2_level": 0.99, "chi2_df": 3, "chi2_threshold": 11.344866730144373, "N_raw": 115, "N_roi": 115, "N_inlier": 113, "refit": true}
{"timestamp": "16:19:53.310098", "frame": 89, "mu": [-0.24520920576045338, 1.2366398437024104, 1.1043992357022685], "Sigma": [[0.018607273341904616, 0.007847407991610484, -0.0038882816322783906], [0.007847407991610484, 0.008488375517962075, 0.0003245220060237734], [-0.003888281632278391, 0.000324522006023773, 0.025877869936921642]], "chi2_level": 0.99, "chi2_df": 3, "chi2_threshold": 11.344866730144373, "N_raw": 128, "N_roi": 128, "N_inlier": 124, "refit": true}
{"timestamp": "16:19:53.367376", "frame": 90, "mu": [-0.2643231695979652, 1.1747616959699556, 1.1827664757266414], "Sigma": [[0.015385480035773514, 0.002286502115736458, 0.0002992848220789466], [0.0022865021157364575, 0.007105224345681923, -0.005523892479507759], [0.0002992848220789467, -0.005523892479507759, 0.03875264512785184]], "chi2_level": 0.99, "chi2_df": 3, "chi2_threshold": 11.344866730144373, "N_raw": 133, "N_roi": 133, "N_inlier": 133, "refit": true}
{"timestamp": "16:19:53.424302", "frame": 91, "mu": [-0.28112569543109667, 1.0868040918424153, 1.1492638962789887], "Sigma": [[0.008701925366999505, 0.002282313010451403, 0.0033530476668306762], [0.0022823130104514034, 0.004963281097320562, 0.0002718652419941045], [0.0033530476668306762, 0.0002718652419941047, 0.038420737118128635]], "chi2_level": 0.99, "chi2_df": 3, "chi2_threshold": 11.344866730144373, "N_raw": 150, "N_roi": 150, "N_inlier": 147, "refit": true}
{"timestamp": "16:19:53.479307", "frame": 92, "mu": [-0.17988372298693608, 1.280834291458854, -0.42742250263216186], "Sigma": [[0.011282034827989873, 0.004406671195739009, 0.0013282813807559753], [0.004406671195739009, 0.009289291663810753, -0.006952875843986496], [0.0013282813807559753, -0.006952875843986496, 0.03593323499490173]], "chi2_level": 0.99, "chi2_df": 3, "chi2_threshold": 11.344866730144373, "N_raw": 150, "N_roi": 150, "N_inlier": 147, "refit": true}
{"timestamp": "16:19:53.530065", "frame": 93, "mu": [-0.21559412918594853, 1.0073768041077356, 1.342065233084965], "Sigma": [[0.012435374892068623, 0.003064504080021706, 0.01436901629433731], [0.0030645040800217063, 0.0029886717830834427, 0.00242264789908756], [0.014369016294337312, 0.0024226478990875605, 0.02993935652520595]], "chi2_level": 0.99, "chi2_df": 3, "chi2_threshold": 11.344866730144373, "N_raw": 121, "N_roi": 121, "N_inlier": 116, "refit": true}
{"timestamp": "16:19:53.579796", "frame": 94, "mu": [-0.13978576917293, 1.1102248234877359, -0.10024180563969728], "Sigma": [[0.02138939949952879, -0.003024497471348161, 0.06228616613401722], [-0.003024497471348161, 0.004136083585039475, -0.0221667050576095], [0.06228616613401722, -0.0221667050576095, 0.4478554829312436]], "chi2_level": 0.99, "chi2_df": 3, "chi2_threshold": 11.344866730144373, "N_raw": 85, "N_roi": 85, "N_inlier": 81, "refit": true}
{"timestamp": "16:19:53.631976", "frame": 95, "mu": [-0.1632133915046577, 0.992890123662877, 1.230796710719123], "Sigma": [[0.0030270482427681815, 0.00025505721913414924, -0.005535615569807176], [0.0002550572191341493, 0.00078149346557909, 0.0003060243065966871], [-0.005535615569807175, 0.000306024306596687, 0.06458434705867787]], "chi2_level": 0.99, "chi2_df": 3, "chi2_threshold": 11.344866730144373, "N_raw": 71, "N_roi": 71, "N_inlier": 67, "refit": true}
{"timestamp": "16:19:53.687454", "frame": 96, "mu": [-0.08274208204310074, 0.9556139514443733, 1.2772929316920034], "Sigma": [[0.0036312182906662865, 0.0004793301722881189, 0.0034055398096289316], [0.0004793301722881188, 0.003281675202688076, -0.00572592518253079], [0.0034055398096289307, -0.00572592518253079, 0.018286358183226655]], "chi2_level": 0.99, "chi2_df": 3, "chi2_threshold": 11.344866730144373, "N_raw": 73, "N_roi": 73, "N_inlier": 69, "refit": true}
{"timestamp": "16:19:53.742529", "frame": 97, "mu": [-0.05487487106289556, 0.9267836962455399, 1.3069579033859033], "Sigma": [[0.006150706213941248, 0.0004789125684834313, 0.006457619768108899], [0.0004789125684834313, 0.003133674308827214, -0.0016661313720575024], [0.006457619768108899, -0.0016661313720575026, 0.015014261852374191]], "chi2_level": 0.99, "chi2_df": 3, "chi2_threshold": 11.344866730144373, "N_raw": 72, "N_roi": 72, "N_inlier": 69, "refit": true}
{"timestamp": "16:19:53.794206", "frame": 98, "mu": [0.050927335844939095, 0.8759193469910775, 1.153066865261628], "Sigma": [[0.00231812040283594, -0.0006741411488156461, -0.002856658370415108], [-0.0006741411488156461, 0.003333629782705667, 0.02609573248639461], [-0.002856658370415107, 0.02609573248639461, 0.4538497424471403]], "chi2_level": 0.99, "chi2_df": 3, "chi2_threshold": 11.344866730144373, "N_raw": 53, "N_roi": 53, "N_inlier": 52, "refit": true}
{"timestamp": "16:19:53.855935", "frame": 99, "mu": [0.04904732138423061, 0.8815780576738499, 1.3556643770272612], "Sigma": [[0.004416905265472385, -0.0003346303977904691, 0.00481770092156221], [-0.000334630397790469, 0.002335964914788807, -0.0034473259630862637], [0.00481770092156221, -0.0034473259630862637, 0.010483348182727153]], "chi2_level": 0.99, "chi2_df": 3, "chi2_threshold": 11.344866730144373, "N_raw": 99, "N_roi": 99, "N_inlier": 92, "refit": true}
{"timestamp": "16:19:54.020564", "frame": 100, "mu": [0.05342888169799049, 0.8445261489564007, 1.3195875309644096], "Sigma": [[0.006733975610419394, -0.00032538893715476413, 0.008073268744630536], [-0.0003253889371547641, 0.002821292394055563, -0.003846510798890415], [0.008073268744630536, -0.0038465107988904157, 0.01771686487166749]], "chi2_level": 0.99, "chi2_df": 3, "chi2_threshold": 11.344866730144373, "N_raw": 56, "N_roi": 56, "N_inlier": 54, "refit": true}
{"timestamp": "16:19:54.054284", "frame": 101, "mu": [0.18495886265718056, 0.8474898256281235, 1.458489293781762], "Sigma": [[0.004336360476698876, 0.0004187705797939037, 0.001415789173559754], [0.0004187705797939037, 0.0020639897681050457, -0.0015966246536373166], [0.001415789173559754, -0.001596624653637317, 0.009829042496941774]], "chi2_level": 0.99, "chi2_df": 3, "chi2_threshold": 11.344866730144373, "N_raw": 99, "N_roi": 99, "N_inlier": 95, "refit": true}
{"timestamp": "16:19:54.086041", "frame": 102, "mu": [0.18900489286574465, 0.7836704581264868, 1.357243151107179], "Sigma": [[0.016400333735508525, -0.0023874856923125276, 0.008854913546257656], [-0.0023874856923125276, 0.0032104418513135592, -0.0024113240789484956], [0.008854913546257656, -0.0024113240789484956, 0.01296136702492942]], "chi2_level": 0.99, "chi2_df": 3, "chi2_threshold": 11.344866730144373, "N_raw": 88, "N_roi": 88, "N_inlier": 86, "refit": true}
{"timestamp": "16:19:54.118364", "frame": 103, "mu": [0.3172585677876703, 0.7497080256238443, 1.4742903221054942], "Sigma": [[0.0023622607307857302, 0.00029014804578333963, -0.0013901951951900751], [0.00029014804578333963, 0.0009502290755786085, -0.0020195489960475347], [-0.001390195195190075, -0.0020195489960475347, 0.006314574536922027]], "chi2_level": 0.99, "chi2_df": 3, "chi2_threshold": 11.344866730144373, "N_raw": 46, "N_roi": 46, "N_inlier": 43, "refit": true}
{"timestamp": "16:19:54.151133", "frame": 104, "mu": [0.27577799737809305, 0.7147474501872872, 1.4064455280527883], "Sigma": [[0.0076800720463156185, -0.0011439025040034015, 0.0029235937767769634], [-0.0011439025040034015, 0.001954805733540031, -0.002265787708976251], [0.002923593776776964, -0.002265787708976251, 0.00519827220287298]], "chi2_level": 0.99, "chi2_df": 3, "chi2_threshold": 11.344866730144373, "N_raw": 91, "N_roi": 91, "N_inlier": 88, "refit": true}
{"timestamp": "16:19:54.179999", "frame": 105, "mu": [0.2851202267085917, 0.6596690896428125, 1.4224858832799412], "Sigma": [[0.013102124389668754, 0.0006855503576279002, 0.011697668342373168], [0.0006855503576279004, 0.0009879177626106372, -0.00032274004069573277], [0.011697668342373168, -0.00032274004069573277, 0.013256873989723328]], "chi2_level": 0.99, "chi2_df": 3, "chi2_threshold": 11.344866730144373, "N_raw": 50, "N_roi": 49, "N_inlier": 49, "refit": true}
{"timestamp": "16:19:54.228247", "frame": 106, "mu": [0.3679072538748223, 0.6651066718117233, 1.2820852431650744], "Sigma": [[0.004595264005623547, 0.0013816714361760464, -0.0002910283275554627], [0.0013816714361760461, 0.005451965919207828, -0.0019943231014801577], [-0.0002910283275554628, -0.001994323101480158, 0.033318826805095986]], "chi2_level": 0.99, "chi2_df": 3, "chi2_threshold": 11.344866730144373, "N_raw": 11, "N_roi": 11, "N_inlier": 10, "refit": true}
{"timestamp": "16:19:54.282204", "frame": 107, "mu": [0.33649967953688587, 0.6146788635638302, 1.4010047090770417], "Sigma": [[0.005584370710549412, 0.0013093015197046076, 0.0073880673610825405], [0.0013093015197046074, 0.0018309957251403523, -0.001984501435873703], [0.00738806736108254, -0.001984501435873703, 0.023994211464341976]], "chi2_level": 0.99, "chi2_df": 3, "chi2_threshold": 11.344866730144373, "N_raw": 11, "N_roi": 11, "N_inlier": 11, "refit": true}
{"timestamp": "16:19:54.339519", "frame": 108, "mu": [0.4438714171885527, 0.7122002112985826, -0.5339034414518725], "Sigma": [[0.001279444041716934, 0.0006648624988820891, -0.004257603837907104], [0.0006648624988820889, 0.025473925450991093, -0.06459527163902867], [-0.0042576038379071035, -0.06459527163902867, 0.17923682097761848]], "chi2_level": 0.99, "chi2_df": 3, "chi2_threshold": 11.344866730144373, "N_raw": 24, "N_roi": 22, "N_inlier": 21, "refit": true}
{"timestamp": "16:19:54.391923", "frame": 109, "mu": [0.3621135290951373, 0.538972526595838, 1.2973559224781794], "Sigma": [[0.0019241939701698165, 0.0023621723659570707, -0.0023180515598372462], [0.0023621723659570707, 0.003272061839450348, -0.0025657152778799635], [-0.0023180515598372462, -0.0025657152778799635, 0.003092136376251429]], "chi2_level": 0.99, "chi2_df": 3, "chi2_threshold": 11.344866730144373, "N_raw": 5, "N_roi": 5, "N_inlier": 5, "refit": true}
{"timestamp": "16:19:54.446706", "frame": 110, "mu": [0.3807690770376534, 0.515971594760653, 1.3033180285960757], "Sigma": [[0.00638806294130479, 0.0021915256452101515, -0.0038988551438998327], [0.0021915256452101515, 0.0015228004904482436, -0.0017835859075867118], [-0.0038988551438998323, -0.0017835859075867118, 0.003060564373462335]], "chi2_level": 0.99, "chi2_df": 3, "chi2_threshold": 11.344866730144373, "N_raw": 5, "N_roi": 5, "N_inlier": 5, "refit": true}
{"timestamp": "16:19:54.502739", "frame": 111, "mu": [0.4352575151005636, 0.4174842308816866, 1.3095663071624737], "Sigma": [[0.00937096063407914, 0.006689053191776019, -0.0238123257870042], [0.00668905319177602, 0.010883973538972195, -0.012485667587140946], [-0.0238123257870042, -0.012485667587140948, 0.1729137458562394]], "chi2_level": 0.99, "chi2_df": 3, "chi2_threshold": 11.344866730144373, "N_raw": 9, "N_roi": 9, "N_inlier": 9, "refit": true}
{"timestamp": "16:19:54.560883", "frame": 112, "mu": [0.36628468255808444, 0.3335130182308719, 1.2655673068741202], "Sigma": [[0.006972531614516806, -0.0023884702046794424, -0.01020681000961923], [-0.0023884702046794424, 0.0016257984239711352, 0.007821775705116456], [-0.01020681000961923, 0.007821775705116456, 0.0734349438838883]], "chi2_level": 0.99, "chi2_df": 3, "chi2_threshold": 11.344866730144373, "N_raw": 30, "N_roi": 30, "N_inlier": 27, "refit": true}
{"timestamp": "16:19:54.612442", "frame": 113, "mu": [0.463814231286695, 0.31803745557528723, 1.0529364207240919], "Sigma": [[0.008198287757200077, -0.003370398514506951, -0.04475637500216332], [-0.003370398514506951, 0.0070507651855985995, 0.03755129308847431], [-0.044756375002163326, 0.03755129308847431, 0.31190505055921713]], "chi2_level": 0.99, "chi2_df": 3, "chi2_threshold": 11.344866730144373, "N_raw": 12, "N_roi": 12, "N_inlier": 11, "refit": true}
{"timestamp": "16:19:54.667219", "frame": 114, "mu": [0.4521638527789438, 0.29036247098272194, 1.0437333102013504], "Sigma": [[0.004273960909375149, 0.0036498894445959724, 0.015113759334185385], [0.0036498894445959724, 0.004790882798686664, -0.004012217705013775], [0.015113759334185385, -0.004012217705013775, 0.29249158239630846]], "chi2_level": 0.99, "chi2_df": 3, "chi2_threshold": 11.344866730144373, "N_raw": 7, "N_roi": 7, "N_inlier": 7, "refit": true}
{"timestamp": "16:19:54.721599", "frame": 115, "mu": [0.4885624279793117, 0.38940000415330966, 1.097242002124217], "Sigma": [[0.0020456106981701838, -0.004172209365147393, 0.014296221640415644], [-0.004172209365147393, 0.03105081164399401, -0.09429294637457665], [0.014296221640415644, -0.09429294637457665, 0.29566284521182046]], "chi2_level": 0.99, "chi2_df": 3, "chi2_threshold": 11.344866730144373, "N_raw": 6, "N_roi": 6, "N_inlier": 6, "refit": true}
{"timestamp": "16:19:54.776588", "frame": 116, "mu": [0.038120128678766824, 0.12884810397186347, 1.5383201126196622], "Sigma": [[0.4631125964604946, 0.01581506142066666, 0.032833478016162446], [0.01581506142066666, 0.0009550211538120519, 0.001503589055742936], [0.032833478016162446, 0.001503589055742936, 0.0035728102163676946]], "chi2_level": 0.99, "chi2_df": 3, "chi2_threshold": 11.344866730144373, "N_raw": 5, "N_roi": 5, "N_inlier": 5, "refit": true}
{"timestamp": "16:19:54.831873", "frame": 117, "mu": [0.4587681165627319, 0.2503964682977546, 1.524543985771314], "Sigma": [[0.04865626323755557, 0.009269929936883022, -0.0457747090483373], [0.009269929936883022, 0.004375034127305224, -0.007929681658297836], [-0.0457747090483373, -0.007929681658297836, 0.04365992912498298]], "chi2_level": 0.99, "chi2_df": 3, "chi2_threshold": 11.344866730144373, "N_raw": 6, "N_roi": 6, "N_inlier": 6, "refit": true}
{"timestamp": "16:19:54.890339", "frame": 118, "mu": [0.5115882324473858, 0.2277783808929744, 1.3714914056095722], "Sigma": [[0.002452504615545388, 0.0006025544692570332, -0.0015475688571444006], [0.0006025544692570331, 0.0006308131541969907, -0.0007455396447245458], [-0.0015475688571444006, -0.0007455396447245458, 0.0016436492305284807]], "chi2_level": 0.99, "chi2_df": 3, "chi2_threshold": 11.344866730144373, "N_raw": 23, "N_roi": 23, "N_inlier": 23, "refit": true}
