{"timestamp": "16:56:40.308121", "frame": 26, "mu": [2.337291185905335, 2.142010261313785, 1.138713379207996], "Sigma": [[0.013377247376499491, -0.009096308141924442, -0.019773621382774748], [-0.009096308141924442, 0.008444909321561417, 0.009835448239608646], [-0.019773621382774748, 0.009835448239608646, 0.045764995270384724]], "chi2_level": 0.99, "chi2_df": 3, "chi2_threshold": 11.344866730144373, "N_raw": 14, "N_roi": 10, "N_inlier": 10, "refit": true}
{"timestamp": "16:56:40.473346", "frame": 29, "mu": [2.22827417267675, 2.099714245126465, 0.9027750643227012], "Sigma": [[0.004907625580846815, -0.004517777857669836, -0.0011365786025794226], [-0.004517777857669835, 0.00834928529908643, 0.0010797903814898395], [-0.0011365786025794222, 0.0010797903814898395, 0.00101560075047582]], "chi2_level": 0.99, "chi2_df": 3, "chi2_threshold": 11.344866730144373, "N_raw": 17, "N_roi": 17, "N_inlier": 17, "refit": true}
{"timestamp": "16:56:40.527533", "frame": 30, "mu": [2.160476252973331, 2.265068549204725, -0.48185591769143804], "Sigma": [[0.0005016415586490239, -0.0022387573132842432, 0.0028551952729504223], [-0.0022387573132842432, 0.01314828567255148, -0.014400004016620116], [0.0028551952729504223, -0.014400004016620116, 0.022067921398142346]], "chi2_level": 0.99, "chi2_df": 3, "chi2_threshold": 11.344866730144373, "N_raw": 5, "N_roi": 5, "N_inlier": 5, "refit": true}
{"timestamp": "16:56:40.638894", "frame": 32, "mu": [1.8062242386335057, 1.8324813967560887, 1.3806148474135391], "Sigma": [[0.5154240914187417, 0.47508373834152884, -0.23557597461744006], [0.4750837383415289, 0.4400828754912838, -0.2141057523856534], [-0.23557597461744004, -0.2141057523856534, 0.1279766607453408]], "chi2_level": 0.99, "chi2_df": 3, "chi2_threshold": 11.344866730144373, "N_raw": 7, "N_roi": 5, "N_inlier": 5, "refit": true}
{"timestamp": "16:56:40.746219", "frame": 34, "mu": [2.0014030432053658, 2.0974309909426774, 1.1154856378773832], "Sigma": [[0.0014425726352982886, -3.948353025688859e-05, -0.002118739827530921], [-3.948353025688848e-05, 0.003838676461728852, -0.0038927702525646283], [-0.002118739827530921, -0.0038927702525646275, 0.025887519230889833]], "chi2_level": 0.99, "chi2_df": 3, "chi2_threshold": 11.344866730144373, "N_raw": 5, "N_roi": 5, "N_inlier": 5, "refit": true}
{"timestamp": "16:56:40.803668", "frame": 35, "mu": [2.008520651840289, 2.0713606225112606, 1.1568726904136342], "Sigma": [[0.004538608696927049, -0.0027487646814427355, -0.0011942786606506035], [-0.002748764681442735, 0.0032401926315581875, -0.0007257072136267562], [-0.0011942786606506032, -0.0007257072136267562, 0.0025816495189640827]], "chi2_level": 0.99, "chi2_df": 3, "chi2_threshold": 11.344866730144373, "N_raw": 17, "N_roi": 17, "N_inlier": 16, "refit": true}
{"timestamp": "16:56:40.857206", "frame": 36, "mu": [1.8861927350270378, 2.129735490296483, 1.4736998968686947], "Sigma": [[0.0032076971356477246, -0.000708488646246402, -0.0019690977957961303], [-0.000708488646246402, 0.002414035004779631, 2.4633705725366552e-05], [-0.0019690977957961303, 2.4633705725366444e-05, 0.001787835135738094]], "chi2_level": 0.99, "chi2_df": 3, "chi2_threshold": 11.344866730144373, "N_raw": 8, "N_roi": 8, "N_inlier": 8, "refit": true}
{"timestamp": "16:56:40.911664", "frame": 37, "mu": [1.8015835099351099, 2.153729541784478, 1.3995335061574863], "Sigma": [[0.0025762110368651578, -0.00012495799256071748, -0.0049137775624483425], [-0.00012495799256071735, 0.0011374771861740712, -0.003268211101779218], [-0.004913777562448343, -0.003268211101779218, 0.03235930786192059]], "chi2_level": 0.99, "chi2_df": 3, "chi2_threshold": 11.344866730144373, "N_raw": 6, "N_roi": 6, "N_inlier": 6, "refit": true}
{"timestamp": "16:56:40.967910", "frame": 38, "mu": [1.747686746043616, 2.176890772943693, 1.3673910252521242], "Sigma": [[0.0022212824041435413, 0.0008340498053412763, -0.010547593694618761], [0.0008340498053412764, 0.002836591386893209, -0.0015269888226374815], [-0.010547593694618761, -0.0015269888226374817, 0.055209968026913775]], "chi2_level": 0.99, "chi2_df": 3, "chi2_threshold": 11.344866730144373, "N_raw": 8, "N_roi": 6, "N_inlier": 6, "refit": true}
{"timestamp": "16:56:41.022239", "frame": 39, "mu": [1.5520687972925662, 2.0216693835239092, 1.3571759856545016], "Sigma": [[0.24748629731410351, 0.2884674635934069, -0.07216321763939366], [0.28846746359340686, 0.3383038238861504, -0.08350929012575571], [-0.07216321763939366, -0.08350929012575571, 0.04771850970134578]], "chi2_level": 0.99, "chi2_df": 3, "chi2_threshold": 11.344866730144373, "N_raw": 8, "N_roi": 7, "N_inlier": 7, "refit": true}
{"timestamp": "16:56:41.076907", "frame": 40, "mu": [1.661059614250884, 2.270665609489434, -0.16244175195390845], "Sigma": [[0.005649370478864965, -0.0001755306183810171, -0.017376827239418146], [-0.0001755306183810172, 0.003006762032732287, -0.005377406551472183], [-0.017376827239418143, -0.0053774065514721825, 0.08783688222264521]], "chi2_level": 0.99, "chi2_df": 3, "chi2_threshold": 11.344866730144373, "N_raw": 5, "N_roi": 5, "N_inlier": 5, "refit": true}
{"timestamp": "16:56:41.133339", "frame": 41, "mu": [1.5829693396328472, 2.201333251043358, 1.4024003756563808], "Sigma": [[0.00889511348032729, -0.0007247765258137832, -0.017508436333930098], [-0.0007247765258137832, 0.0021711286031107562, 0.0006170459384972818], [-0.017508436333930094, 0.0006170459384972818, 0.04021138450727853]], "chi2_level": 0.99, "chi2_df": 3, "chi2_threshold": 11.344866730144373, "N_raw": 12, "N_roi": 12, "N_inlier": 12, "refit": true}
{"timestamp": "16:56:41.186434", "frame": 42, "mu": [1.548250449206979, 2.2095793078302766, 1.3789481292844314], "Sigma": [[0.009683774436901518, -0.003037173321077899, -0.019442107200625624], [-0.003037173321077899, 0.002092651684834011, 0.010947497324620779], [-0.019442107200625624, 0.010947497324620779, 0.06298736509054254]], "chi2_level": 0.99, "chi2_df": 3, "chi2_threshold": 11.344866730144373, "N_raw": 5, "N_roi": 5, "N_inlier": 5, "refit": true}
{"timestamp": "16:56:41.242875", "frame": 43, "mu": [1.5374196022037319, 2.1881115493971133, 1.2407815705710659], "Sigma": [[0.012524855890904771, -0.005959774349487338, -0.030889868758623148], [-0.005959774349487339, 0.008335377872338286, 0.025054667658345395], [-0.030889868758623148, 0.025054667658345395, 0.1166270168818211]], "chi2_level": 0.99, "chi2_df": 3, "chi2_threshold": 11.344866730144373, "N_raw": 6, "N_roi": 6, "N_inlier": 6, "refit": true}
{"timestamp": "16:56:41.300493", "frame": 44, "mu": [1.440044439419742, 2.243688328763901, 1.4722172090653682], "Sigma": [[0.00894568319396889, -0.003378812900077949, -0.004945386495416576], [-0.00337881290007795, 0.00366426569492185, 0.00030097760983874083], [-0.004945386495416577, 0.0003009776098387407, 0.006955705476218609]], "chi2_level": 0.99, "chi2_df": 3, "chi2_threshold": 11.344866730144373, "N_raw": 33, "N_roi": 33, "N_inlier": 32, "refit": true}
{"timestamp": "16:56:41.356051", "frame": 45, "mu": [1.5189001060140144, 2.0940299259844455, 0.9444963641790821], "Sigma": [[0.005008347116562677, -0.005206334645296596, -0.012534320033805831], [-0.005206334645296596, 0.009589975123902689, 0.012985558020421197], [-0.012534320033805831, 0.012985558020421197, 0.04576889885827383]], "chi2_level": 0.99, "chi2_df": 3, "chi2_threshold": 11.344866730144373, "N_raw": 18, "N_roi": 18, "N_inlier": 18, "refit": true}
{"timestamp": "16:56:41.412730", "frame": 46, "mu": [1.5114964076517203, 2.0068093091897334, 0.9229316377632265], "Sigma": [[0.007565890700818538, -0.006426422787151266, -0.009862116795291666], [-0.006426422787151265, 0.006004985586705738, 0.008541685784448801], [-0.009862116795291666, 0.008541685784448801, 0.030269747279076484]], "chi2_level": 0.99, "chi2_df": 3, "chi2_threshold": 11.344866730144373, "N_raw": 32, "N_roi": 32, "N_inlier": 31, "refit": true}
{"timestamp": "16:56:41.524433", "frame": 48, "mu": [1.4157485470041251, 2.0387847029238753, 0.8468479787083464], "Sigma": [[0.008490327150328804, -0.005724082928219246, -0.0061416064333082825], [-0.005724082928219246, 0.00789948604797035, 0.008129856860561903], [-0.006141606433308282, 0.008129856860561903, 0.040056505883781325]], "chi2_level": 0.99, "chi2_df": 3, "chi2_threshold": 11.344866730144373, "N_raw": 47, "N_roi": 47, "N_inlier": 44, "refit": true}
{"timestamp": "16:56:41.632511", "frame": 50, "mu": [1.3825234805168487, 2.0652323646154453, 0.9140994047363727], "Sigma": [[0.005665433750103718, -0.0035332183282854165, -0.0014598809128461333], [-0.0035332183282854165, 0.005287069325368861, -0.0012630216495138915], [-0.0014598809128461335, -0.001263021649513891, 0.007430408287979361]], "chi2_level": 0.99, "chi2_df": 3, "chi2_threshold": 11.344866730144373, "N_raw": 34, "N_roi": 34, "N_inlier": 33, "refit": true}
{"timestamp": "16:56:41.690791", "frame": 51, "mu": [1.3132303533501444, 2.023047170022822, 0.9993031609982806], "Sigma": [[0.01122592029978994, -0.007983741253627058, -0.011963637933067928], [-0.007983741253627058, 0.006355531218839429, 0.007463835920511557], [-0.01196363793306793, 0.007463835920511556, 0.03287662146458545]], "chi2_level": 0.99, "chi2_df": 3, "chi2_threshold": 11.344866730144373, "N_raw": 50, "N_roi": 50, "N_inlier": 48, "refit": true}
{"timestamp": "16:56:41.740280", "frame": 52, "mu": [1.3014761111172222, 2.0238277706923533, 1.0031153599854943], "Sigma": [[0.0027806251178378798, -0.0012780948940280192, -0.0018992900167995907], [-0.0012780948940280194, 0.002440672603711064, -0.0025026251554075693], [-0.0018992900167995907, -0.0025026251554075693, 0.009356284190471352]], "chi2_level": 0.99, "chi2_df": 3, "chi2_threshold": 11.344866730144373, "N_raw": 13, "N_roi": 13, "N_inlier": 13, "refit": true}
{"timestamp": "16:56:41.801867", "frame": 53, "mu": [1.2827744287123268, 2.058759174404878, -0.7463904644465171], "Sigma": [[0.012263851757456453, 0.0035898305811903654, 0.018189347423081103], [0.003589830581190365, 0.004279852268434153, 0.012760702698054807], [0.018189347423081103, 0.012760702698054807, 0.0948391222278579]], "chi2_level": 0.99, "chi2_df": 3, "chi2_threshold": 11.344866730144373, "N_raw": 57, "N_roi": 57, "N_inlier": 54, "refit": true}
{"timestamp": "16:56:41.858865", "frame": 54, "mu": [1.1825933777301518, 2.0106494973620253, 1.2131044943532452], "Sigma": [[0.012340977173107413, -0.00672348334713006, -0.01509795548936429], [-0.00672348334713006, 0.008022111893919645, 0.00473485220935518], [-0.01509795548936429, 0.00473485220935518, 0.02507014323433885]], "chi2_level": 0.99, "chi2_df": 3, "chi2_threshold": 11.344866730144373, "N_raw": 70, "N_roi": 70, "N_inlier": 64, "refit": true}
{"timestamp": "16:56:41.910417", "frame": 55, "mu": [1.1288266479306455, 2.0662759029356508, -0.49662270507006495], "Sigma": [[0.008370146563543837, 0.001230051068086358, 0.00921020775401591], [0.001230051068086358, 0.003147428501427677, 0.004100291338044902], [0.00921020775401591, 0.004100291338044901, 0.06403828076384316]], "chi2_level": 0.99, "chi2_df": 3, "chi2_threshold": 11.344866730144373, "N_raw": 44, "N_roi": 44, "N_inlier": 44, "refit": true}
{"timestamp": "16:56:41.965431", "frame": 56, "mu": [1.1347212759332146, 2.044022234338062, -0.5606187844135685], "Sigma": [[0.007850009108114729, 0.001774694188451283, 0.010634706870337476], [0.001774694188451283, 0.003486087788298703, 0.005131730361641895], [0.010634706870337476, 0.005131730361641896, 0.07382938891678956]], "chi2_level": 0.99, "chi2_df": 3, "chi2_threshold": 11.344866730144373, "N_raw": 50, "N_roi": 50, "N_inlier": 49, "refit": true}
{"timestamp": "16:56:42.022584", "frame": 57, "mu": [1.0529176568109602, 1.9798406854025248, 1.1961243400602724], "Sigma": [[0.00884539219049269, -0.005274155267244108, -0.005377491471089423], [-0.005274155267244108, 0.007752079208558315, -0.0016899309514238126], [-0.005377491471089423, -0.0016899309514238129, 0.014411927179236794]], "chi2_level": 0.99, "chi2_df": 3, "chi2_threshold": 11.344866730144373, "N_raw": 64, "N_roi": 64, "N_inlier": 64, "refit": true}
{"timestamp": "16:56:42.073313", "frame": 58, "mu": [0.9697861934460824, 1.998752324961522, 1.3085101160137735], "Sigma": [[0.006280871352058474, -0.004351538135153039, -0.006161406925497603], [-0.00435153813515304, 0.005392941940249635, 0.002851205722932293], [-0.006161406925497603, 0.002851205722932293, 0.015838084400020977]], "chi2_level": 0.99, "chi2_df": 3, "chi2_threshold": 11.344866730144373, "N_raw": 37, "N_roi": 37, "N_inlier": 36, "refit": true}
{"timestamp": "16:56:42.127469", "frame": 59, "mu": [0.9640218586509549, 2.036091023033829, 1.1096635709233664], "Sigma": [[0.005622530086540349, -0.005524306957903496, -0.0313099179511111], [-0.005524306957903495, 0.0075094767919338, 0.040491763251222834], [-0.0313099179511111, 0.040491763251222834, 0.28549676672908125]], "chi2_level": 0.99, "chi2_df": 3, "chi2_threshold": 11.344866730144373, "N_raw": 24, "N_roi": 24, "N_inlier": 23, "refit": true}
{"timestamp": "16:56:42.186411", "frame": 60, "mu": [0.9094398813933603, 1.9678949166255335, 1.1571847332472156], "Sigma": [[0.008775611791514001, -0.007278381119158595, 0.0040062836424485625], [-0.007278381119158595, 0.011871067823404588, -0.009967901190643839], [0.0040062836424485625, -0.009967901190643839, 0.016870891081248965]], "chi2_level": 0.99, "chi2_df": 3, "chi2_threshold": 11.344866730144373, "N_raw": 59, "N_roi": 59, "N_inlier": 55, "refit": true}
{"timestamp": "16:56:42.240988", "frame": 61, "mu": [0.8221055213680984, 1.9932365592119423, 1.309014521538653], "Sigma": [[0.008372562394920851, -0.0034314611689597943, -0.0033238750588703795], [-0.0034314611689597943, 0.006138722324218048, 0.002122588461193162], [-0.0033238750588703795, 0.002122588461193162, 0.010067202741290549]], "chi2_level": 0.99, "chi2_df": 3, "chi2_threshold": 11.344866730144373, "N_raw": 54, "N_roi": 54, "N_inlier": 50, "refit": true}
{"timestamp": "16:56:42.296709", "frame": 62, "mu": [0.7713775038731724, 2.0521350301072414, 1.2842068446295514], "Sigma": [[0.006237127534402551, -0.0041578189554596565, -0.004941087207903639], [-0.0041578189554596565, 0.00765562683980816, 0.0014021406327852364], [-0.004941087207903639, 0.0014021406327852364, 0.007670419782458331]], "chi2_level": 0.99, "chi2_df": 3, "chi2_threshold": 11.344866730144373, "N_raw": 49, "N_roi": 49, "N_inlier": 47, "refit": true}
{"timestamp": "16:56:42.347406", "frame": 63, "mu": [0.7591751032267228, 1.965516433146984, 1.102296597937625], "Sigma": [[0.005883645402049748, -0.0026416777290217282, 0.01642084992148126], [-0.0026416777290217282, 0.003249463788998067, -0.0038840705776002405], [0.01642084992148126, -0.0038840705776002405, 0.1592196521208005]], "chi2_level": 0.99, "chi2_df": 3, "chi2_threshold": 11.344866730144373, "N_raw": 29, "N_roi": 29, "N_inlier": 27, "refit": true}
{"timestamp": "16:56:42.399642", "frame": 64, "mu": [0.6620614377821227, 2.006287808251945, 0.9126586287441809], "Sigma": [[0.0014788935566126986, -0.0011499399017937503, -0.010280478791596895], [-0.0011499399017937503, 0.004582938209817176, 0.005521104578472187], [-0.010280478791596897, 0.005521104578472188, 0.35215061763567235]], "chi2_level": 0.99, "chi2_df": 3, "chi2_threshold": 11.344866730144373, "N_raw": 11, "N_roi": 11, "N_inlier": 11, "refit": true}
{"timestamp": "16:56:42.454405", "frame": 65, "mu": [0.6207470170616658, 2.0137454532363463, 0.7609417592381793], "Sigma": [[0.004475319484854483, -0.005072738571800082, -0.03816411777023561], [-0.005072738571800082, 0.010672303100112681, 0.05613246176169362], [-0.03816411777023561, 0.05613246176169362, 0.46829529051085966]], "chi2_level": 0.99, "chi2_df": 3, "chi2_threshold": 11.344866730144373, "N_raw": 8, "N_roi": 8, "N_inlier": 8, "refit": true}
{"timestamp": "16:56:42.512386", "frame": 66, "mu": [0.529711164483647, 2.1441893361007374, 1.2433624127584761], "Sigma": [[0.004209322504259702, -0.00273422360137882, -0.005443843720178505], [-0.00273422360137882, 0.002514622215161899, 0.003091366626949865], [-0.005443843720178506, 0.003091366626949865, 0.02810743221237647]], "chi2_level": 0.99, "chi2_df": 3, "chi2_threshold": 11.344866730144373, "N_raw": 34, "N_roi": 34, "N_inlier": 32, "refit": true}
{"timestamp": "16:56:42.567427", "frame": 67, "mu": [0.512955643526567, 2.063424793140608, 1.0568697674455638], "Sigma": [[0.0038214589234914177, -0.0032064452084343675, 0.0007631750287725895], [-0.0032064452084343675, 0.003942545545055919, -0.0029204446152316117], [0.0007631750287725896, -0.002920444615231611, 0.04204200123503986]], "chi2_level": 0.99, "chi2_df": 3, "chi2_threshold": 11.344866730144373, "N_raw": 34, "N_roi": 34, "N_inlier": 31, "refit": true}
{"timestamp": "16:56:42.624601", "frame": 68, "mu": [0.4235664136863461, 2.143740930907983, 1.2038204536720156], "Sigma": [[0.006685572379384682, -0.0031181409798946465, -0.007867203709818799], [-0.0031181409798946456, 0.002427572645854765, 0.0037122704285475197], [-0.007867203709818797, 0.0037122704285475197, 0.034190371470921]], "chi2_level": 0.99, "chi2_df": 3, "chi2_threshold": 11.344866730144373, "N_raw": 40, "N_roi": 39, "N_inlier": 38, "refit": true}
{"timestamp": "16:56:42.681121", "frame": 69, "mu": [0.4437926147358059, 2.1746988256199584, -0.04924245296368577], "Sigma": [[0.008947109947521377, 0.0005263241620372247, -0.005357883310627573], [0.0005263241620372245, 0.0038381959842053288, 0.002536881880588801], [-0.005357883310627572, 0.002536881880588801, 0.005846197205242299]], "chi2_level": 0.99, "chi2_df": 3, "chi2_threshold": 11.344866730144373, "N_raw": 51, "N_roi": 50, "N_inlier": 49, "refit": true}
{"timestamp": "16:56:42.731876", "frame": 70, "mu": [0.38909165990005656, 2.03745731923871, 1.304500085500444], "Sigma": [[0.004998252044123703, -0.003095123698399425, -0.0019000337118944821], [-0.003095123698399425, 0.00443699238616516, 0.0009881429626981452], [-0.0019000337118944824, 0.0009881429626981452, 0.001169002107231087]], "chi2_level": 0.99, "chi2_df": 3, "chi2_threshold": 11.344866730144373, "N_raw": 28, "N_roi": 28, "N_inlier": 27, "refit": true}
{"timestamp": "16:56:42.788463", "frame": 71, "mu": [0.2232692615224848, 2.174269770364027, 1.1801323647293396], "Sigma": [[0.015354255266285349, -0.017250040666481163, 0.01078897964704974], [-0.017250040666481163, 0.02313142644444703, -0.016796794130674413], [0.01078897964704974, -0.016796794130674413, 0.014087470050994906]], "chi2_level": 0.99, "chi2_df": 3, "chi2_threshold": 11.344866730144373, "N_raw": 37, "N_roi": 37, "N_inlier": 33, "refit": true}
{"timestamp": "16:56:42.842036", "frame": 72, "mu": [0.28017093071714455, 1.9870725830036684, 0.7255073202807609], "Sigma": [[0.021389031577244873, -0.001024695227903552, 0.07203306265269997], [-0.0010246952279035517, 0.006510478650377327, 0.0042449954322081665], [0.07203306265269996, 0.0042449954322081665, 0.42663114683392034]], "chi2_level": 0.99, "chi2_df": 3, "chi2_threshold": 11.344866730144373, "N_raw": 19, "N_roi": 17, "N_inlier": 16, "refit": true}
{"timestamp": "16:56:42.900376", "frame": 73, "mu": [0.16824545377574193, 2.002513968215238, 0.9912590836557055], "Sigma": [[0.02555574850901178, 0.003495419765893278, 0.0800631991147738], [0.0034954197658932777, 0.006776374942854932, 0.027668844142838336], [0.08006319911477379, 0.027668844142838336, 0.3541417781862805]], "chi2_level": 0.99, "chi2_df": 3, "chi2_threshold": 11.344866730144373, "N_raw": 53, "N_roi": 52, "N_inlier": 50, "refit": true}
{"timestamp": "16:56:42.954962", "frame": 74, "mu": [0.16829080411586642, 2.053107978006049, 1.3966492921835787], "Sigma": [[0.0067785072117977, -0.003452200419094143, -0.0063567405433415415], [-0.003452200419094143, 0.006226775381255516, 0.00481801061002875], [-0.006356740543341541, 0.004818010610028751, 0.007784771334052914]], "chi2_level": 0.99, "chi2_df": 3, "chi2_threshold": 11.344866730144373, "N_raw": 52, "N_roi": 48, "N_inlier": 43, "refit": true}
{"timestamp": "16:56:43.009721", "frame": 75, "mu": [0.10366159200873558, 2.0358978990581234, 1.0651530271125926], "Sigma": [[0.016972204173384096, -0.002591113946481801, 0.04178965751390479], [-0.002591113946481801, 0.010926984748242444, 0.015131628031603776], [0.04178965751390478, 0.015131628031603776, 0.18589612350384851]], "chi2_level": 0.99, "chi2_df": 3, "chi2_threshold": 11.344866730144373, "N_raw": 34, "N_roi": 32, "N_inlier": 30, "refit": true}
{"timestamp": "16:56:43.065828", "frame": 76, "mu": [0.10730835307714919, 2.0165770050504195, 1.0751384081438866], "Sigma": [[0.008458076528289669, -0.0034494202699695536, 0.023737194520366572], [-0.003449420269969553, 0.007207309426855915, -0.0038869513256816336], [0.023737194520366576, -0.0038869513256816336, 0.22076271668287226]], "chi2_level": 0.99, "chi2_df": 3, "chi2_threshold": 11.344866730144373, "N_raw": 45, "N_roi": 41, "N_inlier": 39, "refit": true}
{"timestamp": "16:56:43.120822", "frame": 77, "mu": [-0.011533234142362146, 2.1068097228736002, -0.06869541225487125], "Sigma": [[0.007246867297747564, -0.0034369803031162128, -0.008446911165846251], [-0.0034369803031162128, 0.005687325181411621, 0.0048071377784898485], [-0.008446911165846251, 0.004807137778489848, 0.011438883032564856]], "chi2_level": 0.99, "chi2_df": 3, "chi2_threshold": 11.344866730144373, "N_raw": 53, "N_roi": 53, "N_inlier": 49, "refit": true}
{"timestamp": "16:56:43.174695", "frame": 78, "mu": [-0.018209864090263442, 1.9681094544598454, 1.3202699392651929], "Sigma": [[0.0056912360080206255, -0.002324715420608825, -0.004285427789162794], [-0.002324715420608825, 0.004968298996203533, 0.002493625918607053], [-0.004285427789162794, 0.0024936259186070526, 0.0037086567024956674]], "chi2_level": 0.99, "chi2_df": 3, "chi2_threshold": 11.344866730144373, "N_raw": 44, "N_roi": 44, "N_inlier": 40, "refit": true}
{"timestamp": "16:56:43.230042", "frame": 79, "mu": [-0.0508775606123128, 1.9666042197869575, 1.2836358878760863], "Sigma": [[0.005777794410322623, -0.0006673168942544514, -0.005197494220119621], [-0.0006673168942544512, 0.004989626806006597, 0.0015958352524339668], [-0.005197494220119621, 0.0015958352524339668, 0.00550231899794213]], "chi2_level": 0.99, "chi2_df": 3, "chi2_threshold": 11.344866730144373, "N_raw": 47, "N_roi": 47, "N_inlier": 44, "refit": true}
{"timestamp": "16:56:43.281574", "frame": 80, "mu": [-0.1622985149369491, 2.1046883923944395, -0.03417304647105922], "Sigma": [[0.0027895289406510556, -0.002495893455316532, -0.0037782958362573946], [-0.002495893455316532, 0.00451871973362004, 0.004950698851766709], [-0.003778295836257395, 0.004950698851766709, 0.010315934635985352]], "chi2_level": 0.99, "chi2_df": 3, "chi2_threshold": 11.344866730144373, "N_raw": 18, "N_roi": 18, "N_inlier": 15, "refit": true}
{"timestamp": "16:56:43.342074", "frame": 81, "mu": [-0.27860771646374727, 2.150232173665807, 0.09050731814951177], "Sigma": [[0.008409347656951517, 0.0022659463721677858, -0.004697195220763643], [0.0022659463721677858, 0.0052505269603519335, -0.0016933252337573016], [-0.004697195220763643, -0.0016933252337573018, 0.002974898237962295]], "chi2_level": 0.99, "chi2_df": 3, "chi2_threshold": 11.344866730144373, "N_raw": 59, "N_roi": 55, "N_inlier": 52, "refit": true}
{"timestamp": "16:56:43.397639", "frame": 82, "mu": [-0.27919656376637464, 1.966676166383515, 1.3509679581423], "Sigma": [[0.01001319416962648, -0.004993659642394578, -0.005153554728732326], [-0.004993659642394578, 0.0062678404835065996, 0.0008658906594029217], [-0.005153554728732325, 0.0008658906594029212, 0.08099282419533735]], "chi2_level": 0.99, "chi2_df": 3, "chi2_threshold": 11.344866730144373, "N_raw": 57, "N_roi": 52, "N_inlier": 49, "refit": true}
{"timestamp": "16:56:43.452546", "frame": 83, "mu": [-0.3801782552648277, 2.0690509453339305, 1.4352942177603125], "Sigma": [[0.007575547639292637, -0.0017165114617570115, -0.0018888704326620073], [-0.0017165114617570115, 0.007373071424367712, 0.006652592098383531], [-0.0018888704326620056, 0.006652592098383531, 0.1227977608289062]], "chi2_level": 0.99, "chi2_df": 3, "chi2_threshold": 11.344866730144373, "N_raw": 54, "N_roi": 53, "N_inlier": 50, "refit": true}
{"timestamp": "16:56:43.508218", "frame": 84, "mu": [-0.4959724177620647, 2.0968234841159235, 1.4589822031129578], "Sigma": [[0.011569530242698266, -0.00692695037146444, 0.001274923804957911], [-0.006926950371464441, 0.010242701816087593, -0.005215880844804252], [0.0012749238049579107, -0.005215880844804252, 0.016714065638632584]], "chi2_level": 0.99, "chi2_df": 3, "chi2_threshold": 11.344866730144373, "N_raw": 66, "N_roi": 63, "N_inlier": 58, "refit": true}
{"timestamp": "16:56:43.564687", "frame": 85, "mu": [-0.47542241445203315, 1.994158138379126, 1.381397439301341], "Sigma": [[0.009685980776163375, -0.007227645052353027, -0.011574847931314176], [-0.007227645052353027, 0.011170954852312906, 0.010818668625026787], [-0.011574847931314176, 0.010818668625026787, 0.01595969949592292]], "chi2_level": 0.99, "chi2_df": 3, "chi2_threshold": 11.344866730144373, "N_raw": 62, "N_roi": 62, "N_inlier": 57, "refit": true}
{"timestamp": "16:56:43.624066", "frame": 86, "mu": [-0.5291904164926075, 2.0689580547067807, 1.4022692231984988], "Sigma": [[0.008879970432393013, -0.003795549107848673, -0.01072805406433856], [-0.003795549107848673, 0.011134205482220225, 0.004046922122080172], [-0.01072805406433856, 0.004046922122080173, 0.014981444829089233]], "chi2_level": 0.99, "chi2_df": 3, "chi2_threshold": 11.344866730144373, "N_raw": 83, "N_roi": 83, "N_inlier": 77, "refit": true}
{"timestamp": "16:56:43.677755", "frame": 87, "mu": [-0.592446596212837, 2.002836173825979, 1.334513762696381], "Sigma": [[0.009559198811322334, -0.0051141941213003195, -0.009292338939914876], [-0.0051141941213003195, 0.010064267890517937, 0.006398234341516873], [-0.009292338939914876, 0.006398234341516875, 0.012892238271974497]], "chi2_level": 0.99, "chi2_df": 3, "chi2_threshold": 11.344866730144373, "N_raw": 69, "N_roi": 69, "N_inlier": 63, "refit": true}
{"timestamp": "16:56:43.733133", "frame": 88, "mu": [-0.5683298861765173, 1.9993891631197729, 0.9896211042153095], "Sigma": [[0.011941943576206338, -0.0062179169239585195, -0.0460827677447599], [-0.006217916923958519, 0.010608892487643585, 0.027566217680003512], [-0.046082767744759896, 0.027566217680003516, 0.38784966863492715]], "chi2_level": 0.99, "chi2_df": 3, "chi2_threshold": 11.344866730144373, "N_raw": 94, "N_roi": 91, "N_inlier": 89, "refit": true}
{"timestamp": "16:56:43.786608", "frame": 89, "mu": [-0.7047043916180409, 2.068479486463297, 1.3094928736431506], "Sigma": [[0.012173902905730862, -0.006738323769537296, -0.007091900886969965], [-0.006738323769537296, 0.010882492761313608, 0.0013713017431805647], [-0.007091900886969964, 0.0013713017431805645, 0.010705757383899188]], "chi2_level": 0.99, "chi2_df": 3, "chi2_threshold": 11.344866730144373, "N_raw": 83, "N_roi": 83, "N_inlier": 79, "refit": true}
{"timestamp": "16:56:43.834762", "frame": 90, "mu": [-0.7441556152834582, 2.0506837972055325, 0.6597806004852464], "Sigma": [[0.005693731439155344, -0.007563468842805374, -0.010649061875181547], [-0.007563468842805374, 0.01939474659315573, 0.03206487844381517], [-0.010649061875181547, 0.03206487844381517, 0.17316974704158813]], "chi2_level": 0.99, "chi2_df": 3, "chi2_threshold": 11.344866730144373, "N_raw": 34, "N_roi": 34, "N_inlier": 34, "refit": true}
{"timestamp": "16:56:43.893421", "frame": 91, "mu": [-0.7854618761296397, 2.1213420098373503, -0.08784930236518057], "Sigma": [[0.013561671086380555, -0.0027213674324887906, -0.01513303064116319], [-0.0027213674324887906, 0.006012924324495632, 0.0039852706838393245], [-0.015133030641163189, 0.0039852706838393245, 0.022116130529592413]], "chi2_level": 0.99, "chi2_df": 3, "chi2_threshold": 11.344866730144373, "N_raw": 68, "N_roi": 68, "N_inlier": 61, "refit": true}
{"timestamp": "16:56:43.947310", "frame": 92, "mu": [-0.8586905104469956, 2.096820825079011, 1.3714084214887032], "Sigma": [[0.014931442492827953, -0.006567188703780336, -0.012184501326338385], [-0.006567188703780334, 0.00934557557058654, 0.003855001320774098], [-0.012184501326338385, 0.003855001320774098, 0.014898036630965023]], "chi2_level": 0.99, "chi2_df": 3, "chi2_threshold": 11.344866730144373, "N_raw": 60, "N_roi": 60, "N_inlier": 57, "refit": true}
{"timestamp": "16:56:44.003574", "frame": 93, "mu": [-0.7870499754331705, 2.0384396176437347, 1.1761215619580918], "Sigma": [[0.008221191677867345, -0.0003612108828806004, -0.005358165028967561], [-0.00036121088288060043, 0.004741997034551622, -0.004645811340203998], [-0.005358165028967561, -0.004645811340203999, 0.011956277356284817]], "chi2_level": 0.99, "chi2_df": 3, "chi2_threshold": 11.344866730144373, "N_raw": 68, "N_roi": 68, "N_inlier": 63, "refit": true}
{"timestamp": "16:56:44.056987", "frame": 94, "mu": [-0.8548407987615709, 1.9734941896215443, 1.2518486951388683], "Sigma": [[0.010498926266716816, -0.0006290325401528977, -0.00940011812117711], [-0.0006290325401528976, 0.0037896397949330543, -0.00030854744142230664], [-0.009400118121177109, -0.0003085474414223073, 0.009645136216896073]], "chi2_level": 0.99, "chi2_df": 3, "chi2_threshold": 11.344866730144373, "N_raw": 54, "N_roi": 54, "N_inlier": 48, "refit": true}
{"timestamp": "16:56:44.110019", "frame": 95, "mu": [-1.0446323730892626, 2.1155195788996943, -0.12547184071784104], "Sigma": [[0.009400353001227426, 0.00034902389144192143, -0.003061916225070191], [0.00034902389144192154, 0.007568737967368443, -0.02337000323611267], [-0.0030619162250701912, -0.02337000323611267, 0.18180593432521616]], "chi2_level": 0.99, "chi2_df": 3, "chi2_threshold": 11.344866730144373, "N_raw": 40, "N_roi": 40, "N_inlier": 39, "refit": true}
{"timestamp": "16:56:44.164180", "frame": 96, "mu": [-0.9823044518543168, 1.9477910778294651, 1.13604053522518], "Sigma": [[0.006384352647690852, -6.726282212542829e-05, 0.008827087291233743], [-6.726282212542807e-05, 0.005296471324396813, -0.009694836780573422], [0.008827087291233745, -0.009694836780573424, 0.15631015462682382]], "chi2_level": 0.99, "chi2_df": 3, "chi2_threshold": 11.344866730144373, "N_raw": 40, "N_roi": 40, "N_inlier": 39, "refit": true}
{"timestamp": "16:56:44.221569", "frame": 97, "mu": [-1.0690491492833507, 1.978436044519453, 1.229465563111601], "Sigma": [[0.007887960544606524, 0.0011294502257068457, -0.007131572568819801], [0.0011294502257068462, 0.006464950318178873, -0.005029722289648309], [-0.007131572568819802, -0.005029722289648309, 0.014323795691413435]], "chi2_level": 0.99, "chi2_df": 3, "chi2_threshold": 11.344866730144373, "N_raw": 62, "N_roi": 62, "N_inlier": 60, "refit": true}
{"timestamp": "16:56:44.274132", "frame": 98, "mu": [-1.0745891027920362, 1.9339852659771306, 1.1492430578766903], "Sigma": [[0.006787645019645186, 0.0007331315788149531, -0.006601777708761869], [0.0007331315788149534, 0.009931466160968292, -0.022762991072177077], [-0.006601777708761869, -0.022762991072177073, 0.0942573490085038]], "chi2_level": 0.99, "chi2_df": 3, "chi2_threshold": 11.344866730144373, "N_raw": 34, "N_roi": 34, "N_inlier": 32, "refit": true}
{"timestamp": "16:56:44.335677", "frame": 99, "mu": [-1.2249015228459943, 1.9794876266823838, 1.1803084708831062], "Sigma": [[0.013168377619358197, -4.018667411985553e-05, -0.015053474537207947], [-4.018667411985526e-05, 0.01064669894971587, -0.027887498067787633], [-0.015053474537207947, -0.027887498067787633, 0.12184030667975981]], "chi2_level": 0.99, "chi2_df": 3, "chi2_threshold": 11.344866730144373, "N_raw": 88, "N_roi": 88, "N_inlier": 87, "refit": true}
{"timestamp": "16:56:44.448805", "frame": 100, "mu": [-1.2146202753373896, 1.981313110910492, 1.1771601586900342], "Sigma": [[0.004738507251425608, 0.0004270676216892777, -0.004912997087049141], [0.0004270676216892776, 0.008697643106028987, -0.011790770475626157], [-0.004912997087049141, -0.011790770475626159, 0.04515918309218804]], "chi2_level": 0.99, "chi2_df": 3, "chi2_threshold": 11.344866730144373, "N_raw": 52, "N_roi": 52, "N_inlier": 49, "refit": true}
{"timestamp": "16:56:44.455098", "frame": 101, "mu": [-1.4710035054560449, 1.967329967163492, 1.3827479217561987], "Sigma": [[0.0077824180340488455, 0.0031682454484088956, -0.032300405764260215], [0.003168245448408895, 0.00607718135298415, -0.021106375094151773], [-0.032300405764260215, -0.021106375094151773, 0.3170422697511236]], "chi2_level": 0.99, "chi2_df": 3, "chi2_threshold": 11.344866730144373, "N_raw": 29, "N_roi": 29, "N_inlier": 28, "refit": true}
{"timestamp": "16:56:44.490876", "frame": 102, "mu": [-1.6554811255648245, 1.8062728727529063, 1.3955062045892832], "Sigma": [[0.08966550353525, 0.08435235772419195, -0.2030734602782628], [0.08435235772419196, 0.10031020243866062, -0.21683699560151204], [-0.20307346027826284, -0.21683699560151204, 0.6726426030423303]], "chi2_level": 0.99, "chi2_df": 3, "chi2_threshold": 11.344866730144373, "N_raw": 22, "N_roi": 22, "N_inlier": 21, "refit": true}
{"timestamp": "16:56:44.551671", "frame": 103, "mu": [-1.627886267404926, 1.858274026442444, 1.673773567009967], "Sigma": [[0.017406038973869917, 0.008840091957671162, -0.012442272248753414], [0.008840091957671162, 0.01105316073705903, -0.008479937119215493], [-0.012442272248753414, -0.008479937119215493, 0.011730151508852838]], "chi2_level": 0.99, "chi2_df": 3, "chi2_threshold": 11.344866730144373, "N_raw": 54, "N_roi": 54, "N_inlier": 51, "refit": true}
{"timestamp": "16:56:44.609620", "frame": 104, "mu": [-1.7274132439611232, 1.789396977715312, 1.7015752538692432], "Sigma": [[0.029391302113002366, 0.01793693839144704, -0.02400693221175927], [0.01793693839144704, 0.019171979709158155, -0.016814424715022], [-0.024006932211759268, -0.016814424715022, 0.0236112841252564]], "chi2_level": 0.99, "chi2_df": 3, "chi2_threshold": 11.344866730144373, "N_raw": 76, "N_roi": 76, "N_inlier": 72, "refit": true}
{"timestamp": "16:56:44.655021", "frame": 105, "mu": [-1.6604901962194847, 1.8357497224536725, 1.285884697519851], "Sigma": [[0.022066608913287072, 0.012354851026842266, -0.037216633938572295], [0.012354851026842266, 0.03183537119935549, -0.0792493064574479], [-0.037216633938572295, -0.0792493064574479, 0.27651276257269447]], "chi2_level": 0.99, "chi2_df": 3, "chi2_threshold": 11.344866730144373, "N_raw": 10, "N_roi": 10, "N_inlier": 10, "refit": true}
{"timestamp": "16:56:44.717355", "frame": 106, "mu": [-1.9211736278091067, 1.7399830346049878, 1.7893631422035037], "Sigma": [[0.02468158908229898, 0.017992265702545515, -0.019611364657387026], [0.017992265702545515, 0.019768934489699765, -0.015187513711517522], [-0.019611364657387022, -0.015187513711517522, 0.017293793767479283]], "chi2_level": 0.99, "chi2_df": 3, "chi2_threshold": 11.344866730144373, "N_raw": 69, "N_roi": 69, "N_inlier": 66, "refit": true}
{"timestamp": "16:56:44.779244", "frame": 107, "mu": [-1.8972098119580865, 1.7293753954576143, 0.5444754144475213], "Sigma": [[0.026629027679954242, 0.0166381412607942, 0.05764059499737158], [0.0166381412607942, 0.02364101756917418, 0.047451829799445754], [0.05764059499737158, 0.047451829799445754, 0.3955144294074499]], "chi2_level": 0.99, "chi2_df": 3, "chi2_threshold": 11.344866730144373, "N_raw": 101, "N_roi": 101, "N_inlier": 100, "refit": true}
{"timestamp": "16:56:44.827396", "frame": 108, "mu": [-1.900360106255431, 1.6368829556357023, 1.4516355588728644], "Sigma": [[0.027612837723445197, 0.019437042963221046, -0.03856007258523085], [0.019437042963221046, 0.021394431641211985, -0.025780925066050883], [-0.03856007258523085, -0.02578092506605088, 0.0757293228177628]], "chi2_level": 0.99, "chi2_df": 3, "chi2_threshold": 11.344866730144373, "N_raw": 59, "N_roi": 59, "N_inlier": 57, "refit": true}
{"timestamp": "16:56:44.887002", "frame": 109, "mu": [-1.996884929188985, 1.7118325745293588, 1.522269353229954], "Sigma": [[0.020611212884156623, 0.01033409165407154, -0.019249564512011253], [0.01033409165407154, 0.021278782247055122, -0.008168689125513072], [-0.019249564512011253, -0.008168689125513072, 0.01956296894533429]], "chi2_level": 0.99, "chi2_df": 3, "chi2_threshold": 11.344866730144373, "N_raw": 90, "N_roi": 90, "N_inlier": 86, "refit": true}
{"timestamp": "16:56:44.936501", "frame": 110, "mu": [-2.089368401291083, 1.7057915004932294, 1.5699559091965276], "Sigma": [[0.012577780802343643, 0.005407833808494761, -0.014236589507199561], [0.005407833808494761, 0.015119433481743001, -0.0033825980697934025], [-0.01423658950719956, -0.003382598069793402, 0.022305128425056]], "chi2_level": 0.99, "chi2_df": 3, "chi2_threshold": 11.344866730144373, "N_raw": 52, "N_roi": 52, "N_inlier": 49, "refit": true}
{"timestamp": "16:56:44.985919", "frame": 111, "mu": [-2.0756730786563926, 1.5702366929813605, 1.549213109022262], "Sigma": [[0.02389571254939965, 0.005779468413019932, -0.04085861964525955], [0.005779468413019931, 0.006570527438859156, -0.003765410241384992], [-0.04085861964525955, -0.003765410241384992, 0.08393703767426447]], "chi2_level": 0.99, "chi2_df": 3, "chi2_threshold": 11.344866730144373, "N_raw": 18, "N_roi": 18, "N_inlier": 18, "refit": true}
{"timestamp": "16:56:45.054784", "frame": 112, "mu": [-2.1144929130117336, 1.7135934617526303, 1.5316502657495685], "Sigma": [[0.021019612981210717, 0.011022952358280366, -0.02009347581241702], [0.011022952358280366, 0.025686501244940683, -0.00856229122360756], [-0.02009347581241702, -0.00856229122360756, 0.023013895182534855]], "chi2_level": 0.99, "chi2_df": 3, "chi2_threshold": 11.344866730144373, "N_raw": 92, "N_roi": 92, "N_inlier": 90, "refit": true}
{"timestamp": "16:56:45.101726", "frame": 113, "mu": [-2.1898606907468685, 1.619410421143049, 1.6354125854042316], "Sigma": [[0.016596226500283064, 0.006068558246702887, -0.02393653865142358], [0.006068558246702887, 0.019453502824390637, 0.004293064625756257], [-0.02393653865142358, 0.004293064625756257, 0.050495699051400694]], "chi2_level": 0.99, "chi2_df": 3, "chi2_threshold": 11.344866730144373, "N_raw": 54, "N_roi": 54, "N_inlier": 51, "refit": true}
{"timestamp": "16:56:45.160169", "frame": 114, "mu": [-2.1879637917279275, 1.6893393230393166, 1.4472571209695557], "Sigma": [[0.015007923277606562, 0.011065206864841477, -0.010811630217769144], [0.011065206864841477, 0.02573709662110507, -0.01430172912852915], [-0.010811630217769144, -0.014301729128529152, 0.011696028146866084]], "chi2_level": 0.99, "chi2_df": 3, "chi2_threshold": 11.344866730144373, "N_raw": 83, "N_roi": 83, "N_inlier": 80, "refit": true}
{"timestamp": "16:56:45.214634", "frame": 115, "mu": [-2.1684507146105614, 1.7288154905662523, 1.406549898362563], "Sigma": [[0.016031924825609303, 0.012632988724145248, -0.015363025723029604], [0.012632988724145248, 0.02501608650933506, -0.017776192086123514], [-0.015363025723029604, -0.017776192086123514, 0.019255575306819265]], "chi2_level": 0.99, "chi2_df": 3, "chi2_threshold": 11.344866730144373, "N_raw": 78, "N_roi": 78, "N_inlier": 77, "refit": true}
{"timestamp": "16:56:45.267671", "frame": 116, "mu": [-2.1675117794522976, 1.8145730361648955, 1.419282984930546], "Sigma": [[0.019176731742095273, 0.013654481272182339, -0.018060430753426563], [0.013654481272182339, 0.019269822006784006, -0.013971552279371729], [-0.018060430753426563, -0.01397155227937173, 0.018529779077420393]], "chi2_level": 0.99, "chi2_df": 3, "chi2_threshold": 11.344866730144373, "N_raw": 61, "N_roi": 61, "N_inlier": 60, "refit": true}
{"timestamp": "16:56:45.320671", "frame": 117, "mu": [-2.241720545986304, 1.6761577860492918, 1.382553197186469], "Sigma": [[0.012377904522946662, 0.004679530542237006, -0.009443443850515269], [0.004679530542237006, 0.011454570196881871, -0.006344232994170942], [-0.009443443850515269, -0.006344232994170942, 0.0094343827433936]], "chi2_level": 0.99, "chi2_df": 3, "chi2_threshold": 11.344866730144373, "N_raw": 50, "N_roi": 48, "N_inlier": 48, "refit": true}
