{"timestamp": "16:19:06.242718", "frame": 15, "mu": [-2.41010176801894, 1.0780904563599545, 0.7805751623985986], "Sigma": [[0.0035600827242561707, 0.0034256713441074243, 0.00300115662092461], [0.0034256713441074243, 0.004405242954174541, 0.0029963905160434413], [0.00300115662092461, 0.0029963905160434413, 0.002949570351487729]], "chi2_level": 0.99, "chi2_df": 3, "chi2_threshold": 11.344866730144373, "N_raw": 14, "N_roi": 6, "N_inlier": 6, "refit": true}
{"timestamp": "16:19:06.465447", "frame": 19, "mu": [-2.417618070563322, 0.8034050848665788, 0.7030874552302033], "Sigma": [[0.003366485761533016, 0.001979232527359745, 0.00026080989739179594], [0.0019792325273597445, 0.004063232838678352, -0.0019109443995066222], [0.00026080989739179583, -0.0019109443995066217, 0.004746539831433195]], "chi2_level": 0.99, "chi2_df": 3, "chi2_threshold": 11.344866730144373, "N_raw": 34, "N_roi": 16, "N_inlier": 16, "refit": true}
{"timestamp": "16:19:06.517410", "frame": 20, "mu": [-2.4488060486698804, 0.8050918748366029, 0.6050539674896704], "Sigma": [[0.0013409420729973583, 0.0009928735742913044, -0.0012001840842877946], [0.0009928735742913046, 0.004213907193307668, -0.0016096034142834977], [-0.0012001840842877946, -0.0016096034142834977, 0.003070987029073623]], "chi2_level": 0.99, "chi2_df": 3, "chi2_threshold": 11.344866730144373, "N_raw": 16, "N_roi": 8, "N_inlier": 8, "refit": true}
{"timestamp": "16:19:06.572555", "frame": 21, "mu": [-2.329778726008799, 0.7313601228396985, 0.7429277921076602], "Sigma": [[0.005787891615407469, -0.00014587323482208954, 0.002152651335545788], [-0.00014587323482208954, 0.0035251371728729575, -0.0019841642897424194], [0.002152651335545788, -0.0019841642897424194, 0.002001736991877881]], "chi2_level": 0.99, "chi2_df": 3, "chi2_threshold": 11.344866730144373, "N_raw": 9, "N_roi": 8, "N_inlier": 8, "refit": true}
{"timestamp": "16:19:06.628443", "frame": 22, "mu": [-0.38723055374024284, 0.623417317195943, 0.9316673525942814], "Sigma": [[4.713332471497556, -0.13756900924196291, 0.22440281127324824], [-0.13756900924196291, 0.02008466118447203, -0.04265196328229741], [0.22440281127324824, -0.04265196328229741, 0.11216565144357782]], "chi2_level": 0.99, "chi2_df": 3, "chi2_threshold": 11.344866730144373, "N_raw": 11, "N_roi": 11, "N_inlier": 11, "refit": true}
{"timestamp": "16:19:06.687710", "frame": 23, "mu": [-1.281474282776489, 0.6088535334460777, 0.9162072835409697], "Sigma": [[3.432654484703619, -0.05879999222165933, 0.06252929628870596], [-0.05879999222165934, 0.011545844741262795, -0.006108782957720441], [0.06252929628870596, -0.006108782957720441, 0.005486767922724192]], "chi2_level": 0.99, "chi2_df": 3, "chi2_threshold": 11.344866730144373, "N_raw": 46, "N_roi": 46, "N_inlier": 46, "refit": true}
{"timestamp": "16:19:06.847369", "frame": 26, "mu": [-1.0326170378705326, 0.6526759596681565, 0.862494198620783], "Sigma": [[3.2531309690945722, -0.09976430176510862, 0.08457438868976727], [-0.09976430176510862, 0.006844663986104722, -0.0010250624156521759], [0.08457438868976727, -0.0010250624156521759, 0.004648044059723096]], "chi2_level": 0.99, "chi2_df": 3, "chi2_threshold": 11.344866730144373, "N_raw": 10, "N_roi": 10, "N_inlier": 10, "refit": true}
{"timestamp": "16:19:06.996819", "frame": 27, "mu": [-0.9595660910970885, 0.5618269445393839, 0.9261549852254546], "Sigma": [[3.7991083217387254, -0.055251808596795605, 0.029162796488272573], [-0.05525180859679561, 0.010030936064754227, -0.002379874287420547], [0.029162796488272573, -0.0023798742874205467, 0.01256733068543892]], "chi2_level": 0.99, "chi2_df": 3, "chi2_threshold": 11.344866730144373, "N_raw": 38, "N_roi": 38, "N_inlier": 38, "refit": true}
{"timestamp": "16:19:07.027270", "frame": 28, "mu": [-1.313461896409256, 0.623496115543106, 1.045849335299362], "Sigma": [[2.4328668206939623, -0.08303097708597794, 0.02289695454899204], [-0.08303097708597795, 0.01639058326030312, -0.005283717955422686], [0.02289695454899204, -0.005283717955422686, 0.0027585242239330466]], "chi2_level": 0.99, "chi2_df": 3, "chi2_threshold": 11.344866730144373, "N_raw": 33, "N_roi": 33, "N_inlier": 33, "refit": true}
{"timestamp": "16:19:07.059684", "frame": 29, "mu": [-1.0458743668964832, 0.559812540047558, 0.8313828609593757], "Sigma": [[3.300925112629364, -0.055275294984542436, 0.004115752238556633], [-0.055275294984542436, 0.01718862109889069, 0.0026763360204025317], [0.004115752238556623, 0.0026763360204025313, 0.010342446169463435]], "chi2_level": 0.99, "chi2_df": 3, "chi2_threshold": 11.344866730144373, "N_raw": 25, "N_roi": 25, "N_inlier": 25, "refit": true}
{"timestamp": "16:19:07.090558", "frame": 30, "mu": [-0.8879351276248488, 0.4831894245404858, 0.7617473630463302], "Sigma": [[3.4454935820989716, -0.05315973572812662, 0.007229948176772111], [-0.05315973572812662, 0.009808873172642745, -0.0011518325001829938], [0.007229948176772111, -0.0011518325001829938, 0.001987794162849206]], "chi2_level": 0.99, "chi2_df": 3, "chi2_threshold": 11.344866730144373, "N_raw": 25, "N_roi": 25, "N_inlier": 25, "refit": true}
{"timestamp": "16:19:07.127166", "frame": 31, "mu": [-0.40482852331667396, 0.4567268227204765, 0.732369499348392], "Sigma": [[4.112300080016358, -0.03653425507236022, 0.05715165912047748], [-0.03653425507236022, 0.008578788972034243, -0.0009379213304180747], [0.05715165912047748, -0.0009379213304180747, 0.0047862272941738]], "chi2_level": 0.99, "chi2_df": 3, "chi2_threshold": 11.344866730144373, "N_raw": 25, "N_roi": 25, "N_inlier": 24, "refit": true}
{"timestamp": "16:19:07.181413", "frame": 32, "mu": [-1.9208546759799354, 0.6201500745439646, 1.1216557906691065], "Sigma": [[0.005060040863513978, 0.006839480681535684, -0.001634106498072122], [0.006839480681535682, 0.013959549010365278, -0.005764898280049287], [-0.001634106498072122, -0.005764898280049287, 0.005794149032036135]], "chi2_level": 0.99, "chi2_df": 3, "chi2_threshold": 11.344866730144373, "N_raw": 32, "N_roi": 32, "N_inlier": 30, "refit": true}
{"timestamp": "16:19:07.237770", "frame": 33, "mu": [-1.8865983922894307, 0.6130735181585498, 1.0650732220096233], "Sigma": [[0.007366034188357661, 0.005570903335259657, 0.00041053974806832497], [0.005570903335259656, 0.010732786127855257, -0.004901180939192326], [0.0004105397480683249, -0.004901180939192326, 0.006294218865671128]], "chi2_level": 0.99, "chi2_df": 3, "chi2_threshold": 11.344866730144373, "N_raw": 44, "N_roi": 44, "N_inlier": 43, "refit": true}
{"timestamp": "16:19:07.291682", "frame": 34, "mu": [-1.828954172121238, 0.5536899622361054, 1.104438780129095], "Sigma": [[0.00635108362262589, 0.006555662461885089, 0.00021998410887021937], [0.006555662461885089, 0.008960843639018947, -0.0029382697532657864], [0.00021998410887021932, -0.002938269753265786, 0.009350111373987224]], "chi2_level": 0.99, "chi2_df": 3, "chi2_threshold": 11.344866730144373, "N_raw": 41, "N_roi": 41, "N_inlier": 38, "refit": true}
{"timestamp": "16:19:07.349978", "frame": 35, "mu": [-1.210280276777695, 0.5085731335685164, 1.0055093703834415], "Sigma": [[1.7380289806702354, -0.035524688309026525, 0.038541845700163536], [-0.035524688309026525, 0.010665998217411501, -0.0005418884034122769], [0.03854184570016353, -0.0005418884034122774, 0.015520757255816272]], "chi2_level": 0.99, "chi2_df": 3, "chi2_threshold": 11.344866730144373, "N_raw": 62, "N_roi": 62, "N_inlier": 62, "refit": true}
{"timestamp": "16:19:07.402896", "frame": 36, "mu": [-1.155792449226221, 0.5039364815367477, 0.9366984275887528], "Sigma": [[1.926116132566196, -0.024390525060727357, -0.020168825480301574], [-0.024390525060727357, 0.011025265017471341, 0.002687792185296353], [-0.020168825480301574, 0.002687792185296353, 0.015604725107899283]], "chi2_level": 0.99, "chi2_df": 3, "chi2_threshold": 11.344866730144373, "N_raw": 54, "N_roi": 54, "N_inlier": 54, "refit": true}
{"timestamp": "16:19:07.459860", "frame": 37, "mu": [-1.7499241444183558, 0.7610498478387151, -0.9171840157768364], "Sigma": [[0.005670982441750922, 0.006069133290474559, 0.004932948775132923], [0.006069133290474559, 0.013344440061102537, -0.0029050184899634623], [0.004932948775132923, -0.002905018489963462, 0.01935592264815375]], "chi2_level": 0.99, "chi2_df": 3, "chi2_threshold": 11.344866730144373, "N_raw": 59, "N_roi": 59, "N_inlier": 54, "refit": true}
{"timestamp": "16:19:07.514645", "frame": 38, "mu": [-1.668850151361485, 0.5285927844392276, 1.0727071902877234], "Sigma": [[0.007047315335959777, 0.008877862841283507, 0.008354954801398067], [0.008877862841283507, 0.014450756123205658, 0.009611329057086017], [0.008354954801398067, 0.009611329057086017, 0.0334650453452475]], "chi2_level": 0.99, "chi2_df": 3, "chi2_threshold": 11.344866730144373, "N_raw": 59, "N_roi": 59, "N_inlier": 54, "refit": true}
{"timestamp": "16:19:07.570408", "frame": 39, "mu": [-1.625801826144758, 0.7367416457142328, -0.6983717780472941], "Sigma": [[0.007215266656123562, 0.005435171792082589, 0.005541209051833404], [0.005435171792082589, 0.029896159220143596, 0.00046510754930902413], [0.005541209051833404, 0.000465107549309024, 0.018366475577118402]], "chi2_level": 0.99, "chi2_df": 3, "chi2_threshold": 11.344866730144373, "N_raw": 67, "N_roi": 67, "N_inlier": 63, "refit": true}
{"timestamp": "16:19:07.630812", "frame": 40, "mu": [-1.6692419511847982, 0.8528441305010723, -0.40568002215560217], "Sigma": [[0.01072872493265411, 0.0012767230362351616, 0.010720063906948917], [0.0012767230362351618, 0.01654063512734648, 0.008755796927048844], [0.010720063906948917, 0.008755796927048844, 0.31549766079873487]], "chi2_level": 0.99, "chi2_df": 3, "chi2_threshold": 11.344866730144373, "N_raw": 81, "N_roi": 81, "N_inlier": 81, "refit": true}
{"timestamp": "16:19:07.685599", "frame": 41, "mu": [-1.5622992531466187, 0.6993034526668114, 1.205507328650104], "Sigma": [[0.01114704878460737, 0.0025332259188566323, 0.010238948000912806], [0.0025332259188566323, 0.01365159950378658, -0.010244759935090712], [0.010238948000912806, -0.010244759935090714, 0.030527063530782873]], "chi2_level": 0.99, "chi2_df": 3, "chi2_threshold": 11.344866730144373, "N_raw": 82, "N_roi": 82, "N_inlier": 82, "refit": true}
{"timestamp": "16:19:07.744122", "frame": 42, "mu": [-1.5357527964373434, 0.626918274023677, 1.2221163428686361], "Sigma": [[0.013429577170706255, 0.004960315485630504, 0.005631480827573871], [0.004960315485630503, 0.0191434802628905, -0.011356600536725308], [0.005631480827573871, -0.011356600536725308, 0.01637402057973263]], "chi2_level": 0.99, "chi2_df": 3, "chi2_threshold": 11.344866730144373, "N_raw": 108, "N_roi": 108, "N_inlier": 106, "refit": true}
{"timestamp": "16:19:07.797607", "frame": 43, "mu": [-1.481651790822188, 0.5779480302513176, 1.1629068485984508], "Sigma": [[0.009559266587589812, 0.004284858274956518, 0.0033388770838277105], [0.004284858274956518, 0.022904173388139472, -0.014363525216961388], [0.00333887708382771, -0.014363525216961388, 0.01585805623428941]], "chi2_level": 0.99, "chi2_df": 3, "chi2_threshold": 11.344866730144373, "N_raw": 93, "N_roi": 93, "N_inlier": 90, "refit": true}
{"timestamp": "16:19:07.849910", "frame": 44, "mu": [-1.4483663930450779, 0.5857889026833824, 1.1314703672023971], "Sigma": [[0.013940434868029537, 0.00994626331736847, 0.005969806101427902], [0.00994626331736847, 0.0187926251478705, -0.004267532207243983], [0.005969806101427903, -0.004267532207243983, 0.01570982589751697]], "chi2_level": 0.99, "chi2_df": 3, "chi2_threshold": 11.344866730144373, "N_raw": 76, "N_roi": 76, "N_inlier": 71, "refit": true}
{"timestamp": "16:19:07.905798", "frame": 45, "mu": [-1.3689302038878788, 0.6088326913814803, 1.1934459038478347], "Sigma": [[0.008912961551393215, 0.0009356672570067029, 0.0010804113875794762], [0.0009356672570067031, 0.016140433877540047, -0.0096806982792914], [0.001080411387579476, -0.0096806982792914, 0.010915562872190712]], "chi2_level": 0.99, "chi2_df": 3, "chi2_threshold": 11.344866730144373, "N_raw": 86, "N_roi": 86, "N_inlier": 81, "refit": true}
{"timestamp": "16:19:07.962888", "frame": 46, "mu": [-1.2958685043208316, 0.5343809290714862, 1.2424192149543516], "Sigma": [[0.011475099683825455, 0.006456738277595156, 0.0061109828637469985], [0.006456738277595156, 0.009893228346756261, -0.0031399928145625687], [0.006110982863746998, -0.0031399928145625687, 0.0126966938459938]], "chi2_level": 0.99, "chi2_df": 3, "chi2_threshold": 11.344866730144373, "N_raw": 89, "N_roi": 89, "N_inlier": 85, "refit": true}
{"timestamp": "16:19:08.010900", "frame": 47, "mu": [-1.1834180822402058, 0.5426274412025373, 1.3098673463449593], "Sigma": [[0.006052863287593221, 0.004518340482343268, 0.00183312011561009], [0.004518340482343269, 0.006030469838855557, -0.0015603159668120957], [0.00183312011561009, -0.0015603159668120957, 0.011928347862490092]], "chi2_level": 0.99, "chi2_df": 3, "chi2_threshold": 11.344866730144373, "N_raw": 48, "N_roi": 48, "N_inlier": 45, "refit": true}
{"timestamp": "16:19:08.069446", "frame": 48, "mu": [-1.1557670638943645, 0.5551643724782972, 1.3899234158290064], "Sigma": [[0.009233952202862628, 0.00561482829795782, 0.002641439435261851], [0.00561482829795782, 0.006669030024299644, -0.002683728836253393], [0.002641439435261851, -0.002683728836253393, 0.010796753437957196]], "chi2_level": 0.99, "chi2_df": 3, "chi2_threshold": 11.344866730144373, "N_raw": 77, "N_roi": 77, "N_inlier": 74, "refit": true}
{"timestamp": "16:19:08.128047", "frame": 49, "mu": [-1.134069643540314, 0.6562230831017727, 0.06771340742879234], "Sigma": [[0.015139407036732866, 0.0025857206428144897, 0.062423906411868284], [0.0025857206428144897, 0.005273737566641567, 0.0031037756137852453], [0.062423906411868284, 0.003103775613785243, 0.7101113591304058]], "chi2_level": 0.99, "chi2_df": 3, "chi2_threshold": 11.344866730144373, "N_raw": 98, "N_roi": 98, "N_inlier": 96, "refit": true}
{"timestamp": "16:19:08.181796", "frame": 50, "mu": [-1.1139330942697658, 0.5603106115492111, 1.4014907641734855], "Sigma": [[0.011278857339746517, 0.007642766273666321, 0.0031960724746596305], [0.007642766273666321, 0.011329854644520574, -0.0024036000758695117], [0.0031960724746596305, -0.0024036000758695117, 0.0059249322659696195]], "chi2_level": 0.99, "chi2_df": 3, "chi2_threshold": 11.344866730144373, "N_raw": 88, "N_roi": 88, "N_inlier": 83, "refit": true}
{"timestamp": "16:19:08.235122", "frame": 51, "mu": [-0.9905897554727042, 0.6055923371179583, 1.4367883075584342], "Sigma": [[0.008546797500785262, 0.008833944521943108, 0.003626669372627743], [0.008833944521943108, 0.014653317821573888, 0.0011479540919598827], [0.003626669372627743, 0.0011479540919598827, 0.004961022592543086]], "chi2_level": 0.99, "chi2_df": 3, "chi2_threshold": 11.344866730144373, "N_raw": 73, "N_roi": 73, "N_inlier": 70, "refit": true}
{"timestamp": "16:19:08.291406", "frame": 52, "mu": [-0.9229409676056026, 0.7161626565988118, 1.564098134039976], "Sigma": [[0.011305294187862185, 0.0015202009800426648, -0.00670765301201883], [0.0015202009800426644, 0.003315850225554656, -0.004698368453218373], [-0.00670765301201883, -0.004698368453218372, 0.01914572870975501]], "chi2_level": 0.99, "chi2_df": 3, "chi2_threshold": 11.344866730144373, "N_raw": 87, "N_roi": 87, "N_inlier": 83, "refit": true}
{"timestamp": "16:19:08.350345", "frame": 53, "mu": [-0.9114615090885476, 0.6649926400569403, 1.47243564997212], "Sigma": [[0.015168916396315131, 0.010322731297299645, 0.004316243467896856], [0.010322731297299645, 0.01604097494658046, 0.003952163183605445], [0.004316243467896856, 0.003952163183605445, 0.018085737467850235]], "chi2_level": 0.99, "chi2_df": 3, "chi2_threshold": 11.344866730144373, "N_raw": 115, "N_roi": 115, "N_inlier": 107, "refit": true}
{"timestamp": "16:19:08.400779", "frame": 54, "mu": [-0.8964442782713269, 0.7961020554042757, -0.15743321175655173], "Sigma": [[0.011409809192860297, 0.0056777714114602616, -0.0020443790673535826], [0.0056777714114602616, 0.007682149532680864, -0.003204026079840849], [-0.0020443790673535826, -0.003204026079840849, 0.002651044641099808]], "chi2_level": 0.99, "chi2_df": 3, "chi2_threshold": 11.344866730144373, "N_raw": 84, "N_roi": 84, "N_inlier": 80, "refit": true}
{"timestamp": "16:19:08.460024", "frame": 55, "mu": [-0.8375188802525142, 0.7052468009935291, 1.5602914117201603], "Sigma": [[0.025100427380649475, 0.014951368256550617, -0.0099087214931125], [0.014951368256550617, 0.015566469356759921, -0.008590739362025566], [-0.0099087214931125, -0.008590739362025566, 0.009762454366685146]], "chi2_level": 0.99, "chi2_df": 3, "chi2_threshold": 11.344866730144373, "N_raw": 113, "N_roi": 113, "N_inlier": 110, "refit": true}
{"timestamp": "16:19:08.502581", "frame": 56, "mu": [-0.6314944623886756, 0.7296800058877217, 1.3238026724965528], "Sigma": [[0.0018599325474097032, -0.0028109312856225126, -0.008508438894098622], [-0.0028109312856225126, 0.012857027151819684, 0.019296023946338572], [-0.008508438894098622, 0.01929602394633857, 0.07804762072067001]], "chi2_level": 0.99, "chi2_df": 3, "chi2_threshold": 11.344866730144373, "N_raw": 21, "N_roi": 19, "N_inlier": 17, "refit": true}
{"timestamp": "16:19:08.564321", "frame": 57, "mu": [-0.6064214152111898, 0.8347923741147601, 1.5638097990262223], "Sigma": [[0.021644191931658535, 0.009469610296036142, -0.009033995509384949], [0.009469610296036142, 0.008520216091644871, -0.006995818110176043], [-0.009033995509384949, -0.006995818110176043, 0.006718524361765665]], "chi2_level": 0.99, "chi2_df": 3, "chi2_threshold": 11.344866730144373, "N_raw": 70, "N_roi": 70, "N_inlier": 68, "refit": true}
{"timestamp": "16:19:08.615941", "frame": 58, "mu": [-0.4756338797680115, 0.9030455207957172, 1.4857673709179429], "Sigma": [[0.002548895171427536, 0.00021701465956329598, 0.0005845492525750767], [0.000217014659563296, 0.002865070915144598, -0.0019871390150765058], [0.0005845492525750766, -0.0019871390150765058, 0.004840614049355928]], "chi2_level": 0.99, "chi2_df": 3, "chi2_threshold": 11.344866730144373, "N_raw": 46, "N_roi": 46, "N_inlier": 43, "refit": true}
{"timestamp": "16:19:08.670957", "frame": 59, "mu": [-0.517974066149274, 0.8993904578008788, 1.4440736915734584], "Sigma": [[0.0030399521557671638, -0.0010555217248733293, 0.0032261270663916366], [-0.0010555217248733296, 0.0013728333344917103, -0.0029148005506161407], [0.0032261270663916366, -0.0029148005506161407, 0.011806034131385307]], "chi2_level": 0.99, "chi2_df": 3, "chi2_threshold": 11.344866730144373, "N_raw": 46, "N_roi": 45, "N_inlier": 43, "refit": true}
{"timestamp": "16:19:08.732616", "frame": 60, "mu": [-0.4165036682484271, 0.9212140160646819, -0.08344194291616727], "Sigma": [[0.005707845213144804, -0.0020344963760037084, 0.0335003334197861], [-0.002034496376003709, 0.009099371137335884, -0.031007173291370645], [0.0335003334197861, -0.031007173291370645, 0.34847377752287506]], "chi2_level": 0.99, "chi2_df": 3, "chi2_threshold": 11.344866730144373, "N_raw": 97, "N_roi": 97, "N_inlier": 96, "refit": true}
{"timestamp": "16:19:08.786628", "frame": 61, "mu": [-0.3215549325440625, 0.9167700646745862, 1.331858216439029], "Sigma": [[0.003093086046273903, 0.0015616334873146246, 0.00832824071651499], [0.0015616334873146242, 0.008139352156660994, 0.011515788739366276], [0.00832824071651499, 0.011515788739366274, 0.08358678689298923]], "chi2_level": 0.99, "chi2_df": 3, "chi2_threshold": 11.344866730144373, "N_raw": 87, "N_roi": 86, "N_inlier": 85, "refit": true}
{"timestamp": "16:19:08.841249", "frame": 62, "mu": [-0.3174625688725174, 0.929033204262153, 1.4605882318803247], "Sigma": [[0.004980048156520421, -0.00041136986228768437, 0.0005853472553251065], [-0.0004113698622876843, 0.0022511397366521534, -0.0030958059216020357], [0.0005853472553251065, -0.0030958059216020357, 0.004666954748971586]], "chi2_level": 0.99, "chi2_df": 3, "chi2_threshold": 11.344866730144373, "N_raw": 87, "N_roi": 87, "N_inlier": 85, "refit": true}
{"timestamp": "16:19:08.893990", "frame": 63, "mu": [-0.24695138570919034, 0.9544415605597214, 1.4232012690852744], "Sigma": [[0.0035717919311632294, -0.0006496416577856632, 0.0033593323862823464], [-0.0006496416577856632, 0.001286707932312552, -0.0030314618972482167], [0.0033593323862823464, -0.0030314618972482167, 0.010341492256465445]], "chi2_level": 0.99, "chi2_df": 3, "chi2_threshold": 11.344866730144373, "N_raw": 70, "N_roi": 70, "N_inlier": 68, "refit": true}
{"timestamp": "16:19:08.951732", "frame": 64, "mu": [-0.14566437074225383, 1.0016207578049463, 1.3266975150638582], "Sigma": [[0.014541977388525808, 0.007923070130688372, -0.03490894869191267], [0.007923070130688372, 0.009653180352916206, -0.02768003190601964], [-0.03490894869191267, -0.02768003190601964, 0.10441695468970272]], "chi2_level": 0.99, "chi2_df": 3, "chi2_threshold": 11.344866730144373, "N_raw": 84, "N_roi": 84, "N_inlier": 81, "refit": true}
{"timestamp": "16:19:09.012784", "frame": 65, "mu": [-0.07966240889932909, 1.0240398569922164, 1.2765338016112857], "Sigma": [[0.022677547043506226, 0.011695464034785823, -0.043760877607122016], [0.011695464034785823, 0.011788523338920118, -0.03061337255289827], [-0.043760877607122016, -0.03061337255289827, 0.11385528785829377]], "chi2_level": 0.99, "chi2_df": 3, "chi2_threshold": 11.344866730144373, "N_raw": 118, "N_roi": 118, "N_inlier": 113, "refit": true}
{"timestamp": "16:19:09.060749", "frame": 66, "mu": [-0.11389470631909734, 0.9555468305464261, 1.4285590772400814], "Sigma": [[0.002173241124845502, -0.0004829714593752435, 0.0009027844925559167], [-0.0004829714593752435, 0.0019073203277066068, -0.003713343893824916], [0.0009027844925559167, -0.0037133438938249156, 0.011211639379917294]], "chi2_level": 0.99, "chi2_df": 3, "chi2_threshold": 11.344866730144373, "N_raw": 75, "N_roi": 75, "N_inlier": 70, "refit": true}
{"timestamp": "16:19:09.110897", "frame": 67, "mu": [-0.042620459567456345, 0.9843146062766414, 1.2661764698089177], "Sigma": [[0.02257275944959721, 0.014737044987823281, -0.0380992426418196], [0.014737044987823281, 0.011882318765151582, -0.023573168802490222], [-0.0380992426418196, -0.02357316880249022, 0.07630013514231201]], "chi2_level": 0.99, "chi2_df": 3, "chi2_threshold": 11.344866730144373, "N_raw": 45, "N_roi": 45, "N_inlier": 42, "refit": true}
{"timestamp": "16:19:09.167649", "frame": 68, "mu": [0.02691624841956666, 0.9577763201601188, 1.386660882051884], "Sigma": [[0.006681737425076626, 0.006606541950360109, -0.010570348133692354], [0.006606541950360109, 0.01095052023753171, -0.013235114726520602], [-0.010570348133692354, -0.013235114726520603, 0.037072399759954175]], "chi2_level": 0.99, "chi2_df": 3, "chi2_threshold": 11.344866730144373, "N_raw": 67, "N_roi": 67, "N_inlier": 66, "refit": true}
{"timestamp": "16:19:09.226901", "frame": 69, "mu": [0.041413423745999066, 0.8558216689054673, 1.316571185328912], "Sigma": [[0.003755544554040249, 0.002121346322151779, 0.004634831714142373], [0.002121346322151779, 0.0060863388952459045, -0.0010287659477873053], [0.0046348317141423736, -0.0010287659477873053, 0.016569974531215715]], "chi2_level": 0.99, "chi2_df": 3, "chi2_threshold": 11.344866730144373, "N_raw": 94, "N_roi": 94, "N_inlier": 92, "refit": true}
{"timestamp": "16:19:09.279579", "frame": 70, "mu": [0.09858261467022189, 0.8668785054347709, 1.2946213538145108], "Sigma": [[0.002233622630657117, -0.0003871666650034576, -0.0009094368160387657], [-0.0003871666650034576, 0.004610973325694359, -0.0018489384405578273], [-0.0009094368160387657, -0.0018489384405578273, 0.005393011925881997]], "chi2_level": 0.99, "chi2_df": 3, "chi2_threshold": 11.344866730144373, "N_raw": 73, "N_roi": 73, "N_inlier": 69, "refit": true}
{"timestamp": "16:19:09.326291", "frame": 71, "mu": [0.1361197798860175, 0.8415987161170972, 1.1564781229492749], "Sigma": [[0.007323275861673954, 0.0034133824495840557, 0.022177789988002912], [0.0034133824495840557, 0.0035283721371165188, 0.009325372187456864], [0.022177789988002912, 0.009325372187456864, 0.07258572848738243]], "chi2_level": 0.99, "chi2_df": 3, "chi2_threshold": 11.344866730144373, "N_raw": 12, "N_roi": 12, "N_inlier": 12, "refit": true}
{"timestamp": "16:19:09.385726", "frame": 72, "mu": [0.24728724107327194, 0.8325844292148776, 1.408329871867498], "Sigma": [[0.0012951686844704156, 0.0017012405434818816, 0.002564388831890708], [0.0017012405434818818, 0.0049217984971465885, 0.003610804432713864], [0.002564388831890708, 0.0036108044327138634, 0.016795909075129394]], "chi2_level": 0.99, "chi2_df": 3, "chi2_threshold": 11.344866730144373, "N_raw": 51, "N_roi": 51, "N_inlier": 48, "refit": true}
{"timestamp": "16:19:09.439712", "frame": 73, "mu": [0.2624915388743916, 0.8634233183826832, 1.3502596116445285], "Sigma": [[0.0009826284461103053, 0.00031021216124153193, 0.0006160785196301043], [0.00031021216124153193, 0.0017058527858685808, -0.001975499291186268], [0.0006160785196301043, -0.001975499291186268, 0.008983560310092334]], "chi2_level": 0.99, "chi2_df": 3, "chi2_threshold": 11.344866730144373, "N_raw": 40, "N_roi": 39, "N_inlier": 38, "refit": true}
{"timestamp": "16:19:09.489637", "frame": 74, "mu": [0.32482742500607226, 0.8925781726401458, 1.2362589765328498], "Sigma": [[0.001059265343708517, 0.0014949351572071412, -0.005337948350564644], [0.0014949351572071412, 0.005298096337453507, 0.004252452802691123], [-0.005337948350564644, 0.004252452802691122, 0.1972052851693255]], "chi2_level": 0.99, "chi2_df": 3, "chi2_threshold": 11.344866730144373, "N_raw": 7, "N_roi": 7, "N_inlier": 7, "refit": true}
{"timestamp": "16:19:09.544422", "frame": 75, "mu": [0.3137781926114974, 0.9479621080377703, 1.1070877058587534], "Sigma": [[0.008441145530973368, -0.016114816839549434, 0.0272857101626459], [-0.016114816839549434, 0.04364454866051613, -0.05738317961608882], [0.0272857101626459, -0.05738317961608882, 0.09594242812348949]], "chi2_level": 0.99, "chi2_df": 3, "chi2_threshold": 11.344866730144373, "N_raw": 8, "N_roi": 8, "N_inlier": 8, "refit": true}
{"timestamp": "16:19:09.604377", "frame": 76, "mu": [0.3988085311397988, 0.8491832541301942, 1.2876411579734148], "Sigma": [[0.0015990968473433371, 0.001919151545314746, 0.001189045140838953], [0.001919151545314746, 0.005755202322387705, -0.0008397421611630604], [0.001189045140838953, -0.0008397421611630604, 0.0060826817120487155]], "chi2_level": 0.99, "chi2_df": 3, "chi2_threshold": 11.344866730144373, "N_raw": 44, "N_roi": 44, "N_inlier": 41, "refit": true}
{"timestamp": "16:19:09.662641", "frame": 77, "mu": [0.49569936632078526, 0.9029147125814031, 1.3581993933297043], "Sigma": [[0.0027968390533956566, 0.0032263264806943444, 0.007671242720136382], [0.0032263264806943444, 0.0077775499483525535, 0.006439524557846053], [0.007671242720136381, 0.006439524557846053, 0.050693771178043134]], "chi2_level": 0.99, "chi2_df": 3, "chi2_threshold": 11.344866730144373, "N_raw": 63, "N_roi": 63, "N_inlier": 63, "refit": true}
{"timestamp": "16:19:09.719146", "frame": 78, "mu": [0.5149734409901485, 0.8877067554646021, 1.3054773676001457], "Sigma": [[0.0026815863106593447, 0.0021720488089578844, 0.006227644650754517], [0.002172048808957884, 0.004257819988593055, 0.007143034357258668], [0.006227644650754516, 0.007143034357258668, 0.07739083670690593]], "chi2_level": 0.99, "chi2_df": 3, "chi2_threshold": 11.344866730144373, "N_raw": 72, "N_roi": 72, "N_inlier": 72, "refit": true}
{"timestamp": "16:19:09.771495", "frame": 79, "mu": [0.5459870889901269, 0.8269278172449301, 1.1415253600473074], "Sigma": [[0.0017935091199808464, -0.0011101793462358713, 0.0021827663437507896], [-0.0011101793462358718, 0.0069060239460415115, -0.014885626898979001], [0.0021827663437507896, -0.014885626898979001, 0.03636416364227568]], "chi2_level": 0.99, "chi2_df": 3, "chi2_threshold": 11.344866730144373, "N_raw": 52, "N_roi": 52, "N_inlier": 49, "refit": true}
{"timestamp": "16:19:09.823195", "frame": 80, "mu": [0.6658268254537487, 0.9024156749643408, 1.3015302593915523], "Sigma": [[0.0022067370805163213, 0.0013047234340191497, -0.0005340161716705192], [0.0013047234340191494, 0.0028998434177930034, -0.0011841130446906146], [-0.0005340161716705192, -0.0011841130446906146, 0.001472589078064316]], "chi2_level": 0.99, "chi2_df": 3, "chi2_threshold": 11.344866730144373, "N_raw": 30, "N_roi": 30, "N_inlier": 28, "refit": true}
{"timestamp": "16:19:09.875718", "frame": 81, "mu": [0.6841955218299572, 0.8384739880057186, 1.3004427990904732], "Sigma": [[0.0018581720126531732, 0.0030975184009957852, -0.0018606657109860373], [0.0030975184009957852, 0.006993425948950506, -0.00420313147731219], [-0.0018606657109860373, -0.004203131477312191, 0.039572304664420084]], "chi2_level": 0.99, "chi2_df": 3, "chi2_threshold": 11.344866730144373, "N_raw": 12, "N_roi": 12, "N_inlier": 11, "refit": true}
{"timestamp": "16:19:09.932148", "frame": 82, "mu": [0.7191497757334139, 0.8242907167050696, 1.3319737671478586], "Sigma": [[0.0020086233840084415, 0.00021161160861269334, -0.0009631931671775385], [0.00021161160861269337, 0.0020794933328840606, -0.0014759207536687274], [-0.0009631931671775385, -0.0014759207536687274, 0.0016878618926563034]], "chi2_level": 0.99, "chi2_df": 3, "chi2_threshold": 11.344866730144373, "N_raw": 30, "N_roi": 30, "N_inlier": 28, "refit": true}
{"timestamp": "16:19:09.984720", "frame": 83, "mu": [0.7735562769242292, 0.8701505729660032, 1.3239575313704135], "Sigma": [[0.0022865732950953007, 0.0016670940647711295, -0.0010517837680340091], [0.0016670940647711295, 0.005782845145401265, 1.0912736279834702e-05], [-0.0010517837680340094, 1.0912736279834702e-05, 0.0015913659802233933]], "chi2_level": 0.99, "chi2_df": 3, "chi2_threshold": 11.344866730144373, "N_raw": 12, "N_roi": 12, "N_inlier": 12, "refit": true}
{"timestamp": "16:19:10.040978", "frame": 84, "mu": [0.8084768196552924, 0.9963620796902656, -0.4540371296426749], "Sigma": [[0.0013971425980988487, 0.0009356381259126023, -0.0005682442978985373], [0.0009356381259126023, 0.002975414781185745, -0.0010236555889557475], [-0.0005682442978985373, -0.0010236555889557475, 0.00040834636232748396]], "chi2_level": 0.99, "chi2_df": 3, "chi2_threshold": 11.344866730144373, "N_raw": 16, "N_roi": 16, "N_inlier": 15, "refit": true}
{"timestamp": "16:19:10.098814", "frame": 85, "mu": [0.8515274208093125, 0.8546041003850188, 1.2863811677283938], "Sigma": [[0.003689396926471783, -0.0016191406556455346, -0.002806819010091749], [-0.0016191406556455346, 0.002792368282561289, -0.00010333184103333024], [-0.002806819010091749, -0.00010333184103333034, 0.004106432618702602]], "chi2_level": 0.99, "chi2_df": 3, "chi2_threshold": 11.344866730144373, "N_raw": 40, "N_roi": 40, "N_inlier": 39, "refit": true}
{"timestamp": "16:19:10.152358", "frame": 86, "mu": [0.921695936011296, 0.9465307510851249, 1.4321871216050779], "Sigma": [[0.0033348311158239163, 0.0030093510707678685, 0.00520167796519898], [0.0030093510707678685, 0.011208515576529082, 0.010018069939783953], [0.00520167796519898, 0.010018069939783953, 0.013543505497144023]], "chi2_level": 0.99, "chi2_df": 3, "chi2_threshold": 11.344866730144373, "N_raw": 33, "N_roi": 33, "N_inlier": 33, "refit": true}
{"timestamp": "16:19:10.207991", "frame": 87, "mu": [0.9348609232647548, 0.8850542953223404, 1.3241465370068681], "Sigma": [[0.002431054227530393, -0.0004289111396636897, -0.0004623716791600084], [-0.0004289111396636896, 0.00575576163215725, 0.0004872862620460028], [-0.00046237167916000845, 0.00048728626204600303, 0.0017198000912048788]], "chi2_level": 0.99, "chi2_df": 3, "chi2_threshold": 11.344866730144373, "N_raw": 33, "N_roi": 33, "N_inlier": 32, "refit": true}
{"timestamp": "16:19:10.259684", "frame": 88, "mu": [1.0409783474439431, 0.953128202852933, 1.3841065796457799], "Sigma": [[0.005951454678150743, 0.003003101840691569, -0.002127617117390392], [0.00300310184069157, 0.011902291996552098, 0.01567744791281774], [-0.0021276171173903917, 0.015677447912817742, 0.028198580702822596]], "chi2_level": 0.99, "chi2_df": 3, "chi2_threshold": 11.344866730144373, "N_raw": 6, "N_roi": 6, "N_inlier": 6, "refit": true}
{"timestamp": "16:19:10.317805", "frame": 89, "mu": [1.0516925640049926, 1.0282332703528432, 1.3711683546067608], "Sigma": [[0.001988982737628343, 0.001088328821260127, 0.0008546179984753253], [0.001088328821260127, 0.004028761603053695, 0.003604147770993383], [0.0008546179984753253, 0.003604147770993383, 0.020953901370600308]], "chi2_level": 0.99, "chi2_df": 3, "chi2_threshold": 11.344866730144373, "N_raw": 27, "N_roi": 27, "N_inlier": 26, "refit": true}
{"timestamp": "16:19:10.369226", "frame": 90, "mu": [1.078575423724929, 1.0376331399238516, -0.41034642935584037], "Sigma": [[0.001735227278119112, 0.0016506331382489404, 0.0028588282785086804], [0.0016506331382489404, 0.003099927688938283, 0.0033355971921860436], [0.00285882827850868, 0.003335597192186043, 0.012617848685780492]], "chi2_level": 0.99, "chi2_df": 3, "chi2_threshold": 11.344866730144373, "N_raw": 10, "N_roi": 10, "N_inlier": 10, "refit": true}
{"timestamp": "16:19:10.425114", "frame": 91, "mu": [1.1678140958269685, 1.0197139006560187, 1.0575212640633072], "Sigma": [[0.0034005693498501788, -0.0010419412290702918, 0.01854216376278452], [-0.0010419412290702918, 0.007747572813774991, -0.028190725121724016], [0.01854216376278452, -0.028190725121724016, 0.1800125917455281]], "chi2_level": 0.99, "chi2_df": 3, "chi2_threshold": 11.344866730144373, "N_raw": 11, "N_roi": 11, "N_inlier": 10, "refit": true}
{"timestamp": "16:19:10.479469", "frame": 92, "mu": [1.2108602160768345, 1.021039109839557, 0.9928766799260863], "Sigma": [[0.0030166309775833417, -0.002649542772327383, 0.019804893970875977], [-0.0026495427723273826, 0.010151387142852434, -0.04469623872929208], [0.019804893970875974, -0.044696238729292084, 0.24501276860127594]], "chi2_level": 0.99, "chi2_df": 3, "chi2_threshold": 11.344866730144373, "N_raw": 7, "N_roi": 7, "N_inlier": 7, "refit": true}
{"timestamp": "16:19:10.536629", "frame": 93, "mu": [1.320871069700979, 0.9209954598809389, 1.2589881443616], "Sigma": [[0.0021268677936362506, -0.0016705857477714915, 0.004271076657928227], [-0.001670585747771492, 0.019709682246561132, -0.04529850614441278], [0.004271076657928227, -0.04529850614441278, 0.12161606526098209]], "chi2_level": 0.99, "chi2_df": 3, "chi2_threshold": 11.344866730144373, "N_raw": 19, "N_roi": 19, "N_inlier": 19, "refit": true}
{"timestamp": "16:19:10.589588", "frame": 94, "mu": [1.3539235949880128, 1.1685394473688522, -0.6795700703627566], "Sigma": [[0.0017695288161341564, -0.0007575559249603371, 0.0020631508913136623], [-0.0007575559249603375, 0.06734818672109796, -0.060054102227915275], [0.0020631508913136615, -0.060054102227915275, 0.05747177503740271]], "chi2_level": 0.99, "chi2_df": 3, "chi2_threshold": 11.344866730144373, "N_raw": 9, "N_roi": 9, "N_inlier": 9, "refit": true}
{"timestamp": "16:19:10.645442", "frame": 95, "mu": [1.4141533166029676, 0.8681431502678573, 1.2560597027705223], "Sigma": [[0.0015013107496002545, 0.001904994690388202, -0.00232218303378143], [0.0019049946903882023, 0.03929872807873113, -0.041733095020161], [-0.00232218303378143, -0.041733095020160996, 0.05505355495601662]], "chi2_level": 0.99, "chi2_df": 3, "chi2_threshold": 11.344866730144373, "N_raw": 16, "N_roi": 16, "N_inlier": 16, "refit": true}
{"timestamp": "16:19:10.700828", "frame": 96, "mu": [1.461618187123657, 0.8451628307669443, 1.3627951969497132], "Sigma": [[0.0020881082031136036, -0.0007604078331581944, 0.001403233366763919], [-0.0007604078331581945, 0.0038523885020946254, 0.00017073357620331245], [0.001403233366763919, 0.00017073357620331255, 0.025574867914723833]], "chi2_level": 0.99, "chi2_df": 3, "chi2_threshold": 11.344866730144373, "N_raw": 18, "N_roi": 18, "N_inlier": 18, "refit": true}
{"timestamp": "16:19:10.753988", "frame": 97, "mu": [1.4988169356119185, 0.8559955278398357, 1.2913373729704747], "Sigma": [[0.0007609057215107298, -5.29326810397965e-05, -0.002101813727789786], [-5.29326810397965e-05, 0.01466129543908229, 0.025145904096910653], [-0.002101813727789786, 0.02514590409691065, 0.06365399386039973]], "chi2_level": 0.99, "chi2_df": 3, "chi2_threshold": 11.344866730144373, "N_raw": 5, "N_roi": 5, "N_inlier": 5, "refit": true}
{"timestamp": "16:19:10.808756", "frame": 98, "mu": [1.4984272898839741, 0.9369035613557919, 1.3708630805633186], "Sigma": [[0.0007502016267399437, 0.002297736638523304, -0.0006543626852191522], [0.0022977366385233036, 0.009987012518452841, 0.0033905670367421316], [-0.0006543626852191522, 0.0033905670367421308, 0.019368761605299954]], "chi2_level": 0.99, "chi2_df": 3, "chi2_threshold": 11.344866730144373, "N_raw": 5, "N_roi": 5, "N_inlier": 5, "refit": true}
{"timestamp": "16:19:10.864774", "frame": 99, "mu": [1.561866812889682, 0.9740151192839225, 1.4020967011395122], "Sigma": [[0.0008823485305471861, 0.001208803663562021, 0.0010116714416344272], [0.0012088036635620211, 0.005111232563677498, -0.0014428795585271646], [0.0010116714416344272, -0.0014428795585271646, 0.02600613631427218]], "chi2_level": 0.99, "chi2_df": 3, "chi2_threshold": 11.344866730144373, "N_raw": 7, "N_roi": 7, "N_inlier": 7, "refit": true}
{"timestamp": "16:19:11.015982", "frame": 100, "mu": [1.6727729856251785, 0.902121893379288, 1.3675792154025739], "Sigma": [[0.0015729607533005454, 0.0010647610311406612, -0.0022024056429734338], [0.0010647610311406612, 0.020936699276153912, 0.021744522819989322], [-0.0022024056429734338, 0.02174452281998932, 0.03714338755143264]], "chi2_level": 0.99, "chi2_df": 3, "chi2_threshold": 11.344866730144373, "N_raw": 5, "N_roi": 5, "N_inlier": 5, "refit": true}
{"timestamp": "16:19:11.047912", "frame": 101, "mu": [1.6679497261839755, 0.9911439608311019, 1.4170444328276497], "Sigma": [[0.0014587311542812102, 0.0012951023389642794, 6.83805850024891e-05], [0.0012951023389642792, 0.005602092356599854, -0.0021610771910431825], [6.83805850024891e-05, -0.0021610771910431825, 0.00206406627193031]], "chi2_level": 0.99, "chi2_df": 3, "chi2_threshold": 11.344866730144373, "N_raw": 8, "N_roi": 8, "N_inlier": 8, "refit": true}
{"timestamp": "16:19:11.077597", "frame": 102, "mu": [1.7442141655962378, 0.9753608521893455, 1.398424744394586], "Sigma": [[0.0009890864747294714, 0.0014806238800007235, -1.2358571603457782e-05], [0.0014806238800007237, 0.011389324414818363, 0.007284430277882221], [-1.2358571603457837e-05, 0.00728443027788222, 0.024096175405658414]], "chi2_level": 0.99, "chi2_df": 3, "chi2_threshold": 11.344866730144373, "N_raw": 9, "N_roi": 9, "N_inlier": 8, "refit": true}
