{"timestamp": "16:48:33.664941", "frame": 1, "mu": [0.7452591686997652, 1.5096124967049163, 0.9877500229393332], "Sigma": [[0.007932739041495674, 0.0060426188282595005, -0.027938194341564998], [0.0060426188282595005, 0.015761272517098423, -0.04486671634465217], [-0.027938194341564995, -0.04486671634465217, 0.18593277960402269]], "chi2_level": 0.99, "chi2_df": 3, "chi2_threshold": 11.344866730144373, "N_raw": 44, "N_roi": 44, "N_inlier": 41, "refit": true}
{"timestamp": "16:48:33.714072", "frame": 2, "mu": [0.7060376944914528, 1.3402726404148377, 1.0329991261055191], "Sigma": [[0.02832305228938745, -0.017316708561923074, -0.04093251892739283], [-0.017316708561923074, 0.011482471309648535, 0.024052421481712497], [-0.04093251892739282, 0.024052421481712497, 0.06837800570625126]], "chi2_level": 0.99, "chi2_df": 3, "chi2_threshold": 11.344866730144373, "N_raw": 6, "N_roi": 6, "N_inlier": 6, "refit": true}
{"timestamp": "16:48:33.773627", "frame": 3, "mu": [0.711880271276586, 1.5056983518782912, -0.2593674061358482], "Sigma": [[0.00870342138247259, 0.00017300028590391678, -0.007155950811235146], [0.00017300028590391678, 0.00121691018371814, -0.0007711054830748813], [-0.007155950811235146, -0.0007711054830748813, 0.007584218923406025]], "chi2_level": 0.99, "chi2_df": 3, "chi2_threshold": 11.344866730144373, "N_raw": 38, "N_roi": 38, "N_inlier": 36, "refit": true}
{"timestamp": "16:48:33.826927", "frame": 4, "mu": [0.744382017630055, 1.24699978513078, 0.9882821770736311], "Sigma": [[0.006597162965158776, -0.008559551724741309, -0.02816176602867056], [-0.008559551724741307, 0.016568025464168676, 0.04889523677348449], [-0.02816176602867056, 0.04889523677348449, 0.24283550590631572]], "chi2_level": 0.99, "chi2_df": 3, "chi2_threshold": 11.344866730144373, "N_raw": 8, "N_roi": 8, "N_inlier": 7, "refit": true}
{"timestamp": "16:48:33.884799", "frame": 5, "mu": [0.7884679615681209, 1.3801977544961426, 1.1865482908113014], "Sigma": [[0.00422712714840045, -0.0008106504738433298, -0.003339890465609641], [-0.0008106504738433296, 0.0024135847392690465, -0.0008678491777399273], [-0.003339890465609641, -0.0008678491777399273, 0.0043258353279480065]], "chi2_level": 0.99, "chi2_df": 3, "chi2_threshold": 11.344866730144373, "N_raw": 25, "N_roi": 25, "N_inlier": 23, "refit": true}
{"timestamp": "16:48:33.936916", "frame": 6, "mu": [0.7802002053159685, 1.3117496459829614, 1.101399026754076], "Sigma": [[0.001980108191232525, 0.0008992942777189745, -0.006042018052731221], [0.0008992942777189745, 0.002870144827193923, -3.8792624591661544e-05], [-0.00604201805273122, -3.8792624591660677e-05, 0.0494708679551276]], "chi2_level": 0.99, "chi2_df": 3, "chi2_threshold": 11.344866730144373, "N_raw": 8, "N_roi": 8, "N_inlier": 8, "refit": true}
{"timestamp": "16:48:33.991072", "frame": 7, "mu": [0.7229238583437569, 1.355196277825009, 1.2458376418317347], "Sigma": [[0.0009639944833064384, 0.0010510461763757362, -6.818929733000889e-05], [0.001051046176375736, 0.004916449493678037, 0.012134731559699873], [-6.818929733000889e-05, 0.012134731559699873, 0.055505263957583]], "chi2_level": 0.99, "chi2_df": 3, "chi2_threshold": 11.344866730144373, "N_raw": 9, "N_roi": 9, "N_inlier": 8, "refit": true}
{"timestamp": "16:48:34.053173", "frame": 8, "mu": [0.7330970492777084, 1.3837783848256942, 1.2764965575235616], "Sigma": [[0.0038623400468619016, -0.0013704036954639146, -0.0018747665676954732], [-0.0013704036954639146, 0.004326112635786655, -0.0019142781006396084], [-0.0018747665676954732, -0.0019142781006396088, 0.003069042872013]], "chi2_level": 0.99, "chi2_df": 3, "chi2_threshold": 11.344866730144373, "N_raw": 50, "N_roi": 50, "N_inlier": 48, "refit": true}
{"timestamp": "16:48:34.109562", "frame": 9, "mu": [0.7814272389585839, 1.5379299989595199, -0.38025750753518095], "Sigma": [[0.004677864482743607, -0.0009027287064192416, -0.002284317399843528], [-0.0009027287064192416, 0.007530883239789122, -0.0021342314115766876], [-0.002284317399843528, -0.0021342314115766876, 0.0033420188330001398]], "chi2_level": 0.99, "chi2_df": 3, "chi2_threshold": 11.344866730144373, "N_raw": 63, "N_roi": 63, "N_inlier": 62, "refit": true}
{"timestamp": "16:48:34.157532", "frame": 10, "mu": [0.7771437675574104, 1.3993078948936633, 0.8561169541359182], "Sigma": [[0.00470515036173019, -0.0059829217992153644, -0.04452218603644724], [-0.0059829217992153644, 0.019091774777162535, 0.060074668714620964], [-0.04452218603644724, 0.060074668714620964, 0.46918596865866347]], "chi2_level": 0.99, "chi2_df": 3, "chi2_threshold": 11.344866730144373, "N_raw": 9, "N_roi": 9, "N_inlier": 9, "refit": true}
{"timestamp": "16:48:34.218340", "frame": 11, "mu": [0.7263943352086007, 1.5106715387454412, 1.3586865747708465], "Sigma": [[0.006271269398425342, -0.0014540997290370106, -0.005215901994466294], [-0.0014540997290370106, 0.0020757062385522718, 0.00012254985465360107], [-0.005215901994466294, 0.00012254985465360107, 0.01597417110134005]], "chi2_level": 0.99, "chi2_df": 3, "chi2_threshold": 11.344866730144373, "N_raw": 58, "N_roi": 58, "N_inlier": 53, "refit": true}
{"timestamp": "16:48:34.269882", "frame": 12, "mu": [0.7290080088843915, 1.5566256920163968, -0.4614442771559384], "Sigma": [[0.004946651716992499, 0.0037347683808159064, -0.022570439727868843], [0.0037347683808159064, 0.010495897334259431, -0.04760911876886443], [-0.022570439727868846, -0.047609118768864436, 0.3135839046136998]], "chi2_level": 0.99, "chi2_df": 3, "chi2_threshold": 11.344866730144373, "N_raw": 30, "N_roi": 30, "N_inlier": 30, "refit": true}
{"timestamp": "16:48:34.325973", "frame": 13, "mu": [0.7546069689163225, 1.3082547398728126, 0.15978342578978721], "Sigma": [[0.005252572124334111, -0.0013059100099103546, 0.010593238400389792], [-0.0013059100099103548, 0.0034743361442107715, 0.01978840593905163], [0.010593238400389792, 0.01978840593905163, 0.29025943992804065]], "chi2_level": 0.99, "chi2_df": 3, "chi2_threshold": 11.344866730144373, "N_raw": 38, "N_roi": 38, "N_inlier": 36, "refit": true}
{"timestamp": "16:48:34.383532", "frame": 14, "mu": [0.642110650420078, 1.4607807873763308, 1.298373054129858], "Sigma": [[0.004196140485844757, -0.0014841928391939345, -0.005994737120654554], [-0.0014841928391939347, 0.005293051408011584, 0.01718433212101856], [-0.005994737120654554, 0.01718433212101856, 0.16660909191132336]], "chi2_level": 0.99, "chi2_df": 3, "chi2_threshold": 11.344866730144373, "N_raw": 47, "N_roi": 47, "N_inlier": 45, "refit": true}
{"timestamp": "16:48:34.439624", "frame": 15, "mu": [0.6748386165690602, 1.5692727813723872, -0.2851613164015254], "Sigma": [[0.005428515940045452, -4.500787248491232e-05, -0.0044019003107592], [-4.500787248491236e-05, 0.0032454418360585015, -0.0014750885152733499], [-0.004401900310759198, -0.0014750885152733499, 0.008651851443909191]], "chi2_level": 0.99, "chi2_df": 3, "chi2_threshold": 11.344866730144373, "N_raw": 54, "N_roi": 54, "N_inlier": 50, "refit": true}
{"timestamp": "16:48:34.487892", "frame": 16, "mu": [0.6585884538355279, 1.3723333885382538, 0.4966765254403548], "Sigma": [[0.007211641310697717, -8.25389856638221e-05, -0.01499788199099681], [-8.25389856638221e-05, 0.02244390557122614, 0.05697944037893714], [-0.014997881990996807, 0.05697944037893714, 0.5465116834738785]], "chi2_level": 0.99, "chi2_df": 3, "chi2_threshold": 11.344866730144373, "N_raw": 12, "N_roi": 12, "N_inlier": 12, "refit": true}
{"timestamp": "16:48:34.547194", "frame": 17, "mu": [0.6626127039021169, 1.3795209484493125, 1.2325958291460561], "Sigma": [[0.0033416069545241156, -0.0003552068024299227, 0.001922240170101812], [-0.00035520680242992264, 0.005963431181261797, 0.00900841991788906], [0.001922240170101812, 0.00900841991788906, 0.05308980261656704]], "chi2_level": 0.99, "chi2_df": 3, "chi2_threshold": 11.344866730144373, "N_raw": 40, "N_roi": 40, "N_inlier": 35, "refit": true}
{"timestamp": "16:48:34.599618", "frame": 18, "mu": [0.750676542867089, 1.307132899365043, 0.8254982353535844], "Sigma": [[0.0035552832929745216, -0.000895303191981285, -0.008396506121154779], [-0.000895303191981285, 0.003459051952410641, -0.00017074157827999537], [-0.008396506121154779, -0.00017074157827999537, 0.03652114450264539]], "chi2_level": 0.99, "chi2_df": 3, "chi2_threshold": 11.344866730144373, "N_raw": 26, "N_roi": 26, "N_inlier": 24, "refit": true}
{"timestamp": "16:48:34.662647", "frame": 19, "mu": [0.5499287480726185, 1.421749418650122, 1.19807413181825], "Sigma": [[0.009245842066843651, -0.004548659215707829, -0.01945158764895107], [-0.004548659215707829, 0.007900692769903643, 0.0015465855204729088], [-0.01945158764895107, 0.0015465855204729096, 0.0914602175477128]], "chi2_level": 0.99, "chi2_df": 3, "chi2_threshold": 11.344866730144373, "N_raw": 75, "N_roi": 75, "N_inlier": 69, "refit": true}
{"timestamp": "16:48:34.717125", "frame": 20, "mu": [0.6140532154959322, 1.3549670072165452, 0.9286179088961896], "Sigma": [[0.007843301119403177, -0.005059991814440227, -0.012382001577236209], [-0.005059991814440227, 0.004478487437622708, 0.010089056997293535], [-0.012382001577236207, 0.010089056997293537, 0.05170454179490597]], "chi2_level": 0.99, "chi2_df": 3, "chi2_threshold": 11.344866730144373, "N_raw": 67, "N_roi": 67, "N_inlier": 61, "refit": true}
{"timestamp": "16:48:34.772399", "frame": 21, "mu": [0.4994445500370008, 1.370897400663804, 0.9792632883197913], "Sigma": [[0.01898301030205838, -0.015418720858061829, -0.03581714331508068], [-0.015418720858061827, 0.01566688490832233, 0.0384387057310797], [-0.03581714331508068, 0.0384387057310797, 0.15658487260466844]], "chi2_level": 0.99, "chi2_df": 3, "chi2_threshold": 11.344866730144373, "N_raw": 71, "N_roi": 71, "N_inlier": 68, "refit": true}
{"timestamp": "16:48:34.824686", "frame": 22, "mu": [0.4128537111647806, 1.4316867053307514, 1.3371972482262087], "Sigma": [[0.004017329594721063, -0.0012786470896053472, -0.004343531022925969], [-0.0012786470896053472, 0.0038934718670801402, 0.0003307194839845021], [-0.004343531022925968, 0.00033071948398450237, 0.03523173835234922]], "chi2_level": 0.99, "chi2_df": 3, "chi2_threshold": 11.344866730144373, "N_raw": 54, "N_roi": 54, "N_inlier": 50, "refit": true}
{"timestamp": "16:48:34.877113", "frame": 23, "mu": [0.3516283210039857, 1.433812454204732, 1.1639070569122711], "Sigma": [[0.002751526937812077, -0.000656779607113057, 0.0010266577541832374], [-0.000656779607113057, 0.011511864025283923, 0.039058392091480425], [0.0010266577541832374, 0.039058392091480425, 0.24889872655699155]], "chi2_level": 0.99, "chi2_df": 3, "chi2_threshold": 11.344866730144373, "N_raw": 41, "N_roi": 40, "N_inlier": 38, "refit": true}
{"timestamp": "16:48:34.933516", "frame": 24, "mu": [0.32838918447541, 1.358184183206618, 1.2607422831295885], "Sigma": [[0.0026937802783226347, 0.0005963152859651175, -0.00470863107459552], [0.0005963152859651175, 0.008152237863042642, 0.012838320910056288], [-0.00470863107459552, 0.012838320910056288, 0.14091679534713722]], "chi2_level": 0.99, "chi2_df": 3, "chi2_threshold": 11.344866730144373, "N_raw": 47, "N_roi": 45, "N_inlier": 43, "refit": true}
{"timestamp": "16:48:34.988304", "frame": 25, "mu": [0.2785743312437564, 1.2679943332515387, 0.8411568934637308], "Sigma": [[0.002991727904499702, 0.00340239113415345, 0.014857271502481308], [0.0034023911341534495, 0.045051198425787635, 0.12728257278229962], [0.014857271502481308, 0.12728257278229962, 0.4239051653857239]], "chi2_level": 0.99, "chi2_df": 3, "chi2_threshold": 11.344866730144373, "N_raw": 47, "N_roi": 43, "N_inlier": 40, "refit": true}
{"timestamp": "16:48:35.045070", "frame": 26, "mu": [0.11877318736022491, 1.4652474469700756, 1.4138816598431816], "Sigma": [[0.0072502891327658825, -0.0007438896782000909, -0.012300800189962654], [-0.0007438896782000908, 0.0019575739961994873, -0.00071838982930989], [-0.012300800189962654, -0.0007183898293098902, 0.028699437603812036]], "chi2_level": 0.99, "chi2_df": 3, "chi2_threshold": 11.344866730144373, "N_raw": 61, "N_roi": 61, "N_inlier": 58, "refit": true}
{"timestamp": "16:48:35.101370", "frame": 27, "mu": [0.07419336581076055, 1.4663998302371208, 1.5015084906520433], "Sigma": [[0.006400014092086283, -0.00048644786156643813, -0.0074518961407667676], [-0.0004864478615664381, 0.004012707868978618, 0.00038340616215486027], [-0.007451896140766766, 0.0003834061621548604, 0.012665734865533802]], "chi2_level": 0.99, "chi2_df": 3, "chi2_threshold": 11.344866730144373, "N_raw": 70, "N_roi": 67, "N_inlier": 63, "refit": true}
{"timestamp": "16:48:35.161084", "frame": 28, "mu": [0.0018872958872279233, 1.426897580045942, 1.3377179772327774], "Sigma": [[0.02478643330276877, -0.010992563241881328, -0.0532745061629922], [-0.010992563241881328, 0.010075608642994881, 0.028470310867430033], [-0.0532745061629922, 0.02847031086743003, 0.13498331906529107]], "chi2_level": 0.99, "chi2_df": 3, "chi2_threshold": 11.344866730144373, "N_raw": 96, "N_roi": 94, "N_inlier": 90, "refit": true}
{"timestamp": "16:48:35.213809", "frame": 29, "mu": [-0.018179904925674662, 1.445616937990996, 1.437589005253569], "Sigma": [[0.006869091264246266, -0.0026816420749918813, -0.007348584857767122], [-0.0026816420749918813, 0.0057890607794529115, 0.005869316973579898], [-0.007348584857767122, 0.005869316973579898, 0.030017974877731324]], "chi2_level": 0.99, "chi2_df": 3, "chi2_threshold": 11.344866730144373, "N_raw": 85, "N_roi": 85, "N_inlier": 82, "refit": true}
{"timestamp": "16:48:35.270553", "frame": 30, "mu": [-0.0792661351008643, 1.4276910030845884, 1.3047420909147838], "Sigma": [[0.016059654858742972, -0.00783141641156455, -0.0383227317184389], [-0.00783141641156455, 0.008627117025194224, 0.022135425359035663], [-0.038322731718438904, 0.022135425359035663, 0.11284248187588947]], "chi2_level": 0.99, "chi2_df": 3, "chi2_threshold": 11.344866730144373, "N_raw": 92, "N_roi": 92, "N_inlier": 89, "refit": true}
{"timestamp": "16:48:35.320465", "frame": 31, "mu": [-0.1633306414301869, 1.5046896271960624, 1.463504605687958], "Sigma": [[0.005538735637088825, -5.734742569810813e-06, -0.006045439863202333], [-5.734742569810813e-06, 0.002767351949635596, -0.00245621376889261], [-0.006045439863202333, -0.00245621376889261, 0.011293428775782995]], "chi2_level": 0.99, "chi2_df": 3, "chi2_threshold": 11.344866730144373, "N_raw": 61, "N_roi": 61, "N_inlier": 58, "refit": true}
{"timestamp": "16:48:35.380110", "frame": 32, "mu": [-0.23828017186518435, 1.515757618875726, 0.03572163369120338], "Sigma": [[0.007143787125433681, -0.002675387242645588, 0.03774658623401402], [-0.0026753872426455876, 0.011121295714790631, -0.025166087995717963], [0.03774658623401402, -0.025166087995717956, 0.42711738247461944]], "chi2_level": 0.99, "chi2_df": 3, "chi2_threshold": 11.344866730144373, "N_raw": 94, "N_roi": 94, "N_inlier": 94, "refit": true}
{"timestamp": "16:48:35.429626", "frame": 33, "mu": [-0.22968123179478625, 1.501958027862952, 1.3350895238044562], "Sigma": [[0.004908716698903601, -0.001345551956452667, -0.00418015427242613], [-0.001345551956452667, 0.0029845035667973984, -0.0008716740255154592], [-0.004180154272426131, -0.0008716740255154592, 0.016806744173917802]], "chi2_level": 0.99, "chi2_df": 3, "chi2_threshold": 11.344866730144373, "N_raw": 59, "N_roi": 59, "N_inlier": 56, "refit": true}
{"timestamp": "16:48:35.497533", "frame": 34, "mu": [-0.29637557119863495, 1.4205237512703333, 1.362688765928867], "Sigma": [[0.009063988889108218, -0.0063955580299724325, -0.011852143742826206], [-0.0063955580299724325, 0.014975568299536583, 0.010735908853650118], [-0.011852143742826206, 0.010735908853650118, 0.05013415296907667]], "chi2_level": 0.99, "chi2_df": 3, "chi2_threshold": 11.344866730144373, "N_raw": 141, "N_roi": 141, "N_inlier": 138, "refit": true}
{"timestamp": "16:48:35.548950", "frame": 35, "mu": [-0.3090310955942778, 1.3575529022708093, 1.1274071633302158], "Sigma": [[0.005429526597879029, -0.0033471490417182554, -0.003968814206971484], [-0.0033471490417182562, 0.012474165599742886, 0.019340865113370267], [-0.0039688142069714836, 0.019340865113370267, 0.2321060488425354]], "chi2_level": 0.99, "chi2_df": 3, "chi2_threshold": 11.344866730144373, "N_raw": 110, "N_roi": 110, "N_inlier": 108, "refit": true}
{"timestamp": "16:48:35.597890", "frame": 36, "mu": [-0.388532445170915, 1.3779623442708409, 1.3450036141123731], "Sigma": [[0.004874338733571802, -0.002596132149855525, -0.0038033530589488213], [-0.002596132149855525, 0.014274464249028332, 0.007339738239087374], [-0.0038033530589488213, 0.007339738239087374, 0.006185603377395771]], "chi2_level": 0.99, "chi2_df": 3, "chi2_threshold": 11.344866730144373, "N_raw": 77, "N_roi": 75, "N_inlier": 71, "refit": true}
{"timestamp": "16:48:35.656091", "frame": 37, "mu": [-0.45853737205276135, 1.4355367250365425, 1.091274325115217], "Sigma": [[0.005144043872148384, -0.002241157156845301, 0.004420344438138778], [-0.0022411571568453008, 0.01134233744223469, 0.012662000829166428], [0.004420344438138778, 0.01266200082916643, 0.4333517339044169]], "chi2_level": 0.99, "chi2_df": 3, "chi2_threshold": 11.344866730144373, "N_raw": 101, "N_roi": 101, "N_inlier": 101, "refit": true}
{"timestamp": "16:48:35.709678", "frame": 38, "mu": [-0.5316139927324832, 1.4498011130316928, 1.3980558615641716], "Sigma": [[0.005693770114705934, -0.00038518851507590355, -0.003507169050503943], [-0.00038518851507590365, 0.013736445918763567, 0.0020598026011938355], [-0.003507169050503943, 0.0020598026011938355, 0.009519487148069486]], "chi2_level": 0.99, "chi2_df": 3, "chi2_threshold": 11.344866730144373, "N_raw": 90, "N_roi": 90, "N_inlier": 87, "refit": true}
{"timestamp": "16:48:35.764980", "frame": 39, "mu": [-0.5829104793973354, 1.403819478850573, 1.3388912114251443], "Sigma": [[0.005400104563758049, -0.0008283777598951644, -0.0059351827706922815], [-0.0008283777598951644, 0.01469831280363, 0.0024558817233496233], [-0.0059351827706922815, 0.0024558817233496233, 0.014261441513977792]], "chi2_level": 0.99, "chi2_df": 3, "chi2_threshold": 11.344866730144373, "N_raw": 90, "N_roi": 90, "N_inlier": 86, "refit": true}
{"timestamp": "16:48:35.821474", "frame": 40, "mu": [-0.6041920894526621, 1.4626320466820477, 1.1446510369827585], "Sigma": [[0.00704699849711466, -0.0006277939014423198, -0.02558255949201694], [-0.0006277939014423201, 0.007983714222824751, 0.002402336914166038], [-0.02558255949201694, 0.0024023369141660386, 0.20204745153126188]], "chi2_level": 0.99, "chi2_df": 3, "chi2_threshold": 11.344866730144373, "N_raw": 104, "N_roi": 104, "N_inlier": 101, "refit": true}
{"timestamp": "16:48:35.883532", "frame": 41, "mu": [-0.6743972845809407, 1.4860143551920881, 1.169831568691376], "Sigma": [[0.01305546769722782, 0.0036348570406441244, -0.033177339220010066], [0.0036348570406441244, 0.012727133822977745, -0.004691445042176133], [-0.033177339220010066, -0.004691445042176133, 0.24765620084496942]], "chi2_level": 0.99, "chi2_df": 3, "chi2_threshold": 11.344866730144373, "N_raw": 150, "N_roi": 150, "N_inlier": 147, "refit": true}
{"timestamp": "16:48:35.935937", "frame": 42, "mu": [-0.7340215087451546, 1.5435033957197197, 1.3243482710386552], "Sigma": [[0.009604573522795581, 0.0035970267167995803, -0.016599382694844306], [0.003597026716799581, 0.012431285397572954, -0.006752117643791661], [-0.016599382694844303, -0.006752117643791661, 0.16704391104490054]], "chi2_level": 0.99, "chi2_df": 3, "chi2_threshold": 11.344866730144373, "N_raw": 131, "N_roi": 131, "N_inlier": 127, "refit": true}
{"timestamp": "16:48:35.986597", "frame": 43, "mu": [-0.7842564130506268, 1.535060191900435, 1.3657072715628786], "Sigma": [[0.006489427249603555, 0.0013333959637660958, -0.009776454949437484], [0.0013333959637660958, 0.01318830156711818, -0.004430398195969317], [-0.009776454949437486, -0.004430398195969317, 0.13090264490736458]], "chi2_level": 0.99, "chi2_df": 3, "chi2_threshold": 11.344866730144373, "N_raw": 102, "N_roi": 102, "N_inlier": 98, "refit": true}
{"timestamp": "16:48:36.042360", "frame": 44, "mu": [-0.7652535409232648, 1.54293629644131, 1.3940025394589868], "Sigma": [[0.02057272009151744, 0.005864873037396006, -0.016022776848759097], [0.005864873037396006, 0.013159758964257732, -0.0054029836880789975], [-0.016022776848759097, -0.005402983688078998, 0.013493054935464283]], "chi2_level": 0.99, "chi2_df": 3, "chi2_threshold": 11.344866730144373, "N_raw": 106, "N_roi": 106, "N_inlier": 94, "refit": true}
{"timestamp": "16:48:36.101592", "frame": 45, "mu": [-0.8131720399464124, 1.5523767561702921, 1.3824308879953868], "Sigma": [[0.034789280807241016, 0.009703488334697304, -0.023632483793683122], [0.009703488334697304, 0.016892458734478824, -0.008304429286839228], [-0.023632483793683122, -0.008304429286839228, 0.017961672642113683]], "chi2_level": 0.99, "chi2_df": 3, "chi2_threshold": 11.344866730144373, "N_raw": 135, "N_roi": 135, "N_inlier": 124, "refit": true}
{"timestamp": "16:48:36.152920", "frame": 46, "mu": [-0.8418078327107323, 1.6306004405194463, 1.3984880224939589], "Sigma": [[0.011365097872038767, -0.002956656756319294, -0.006599914488260256], [-0.002956656756319294, 0.012082757850163614, 0.001592877328881833], [-0.006599914488260255, 0.0015928773288818327, 0.004130796816020149]], "chi2_level": 0.99, "chi2_df": 3, "chi2_threshold": 11.344866730144373, "N_raw": 107, "N_roi": 107, "N_inlier": 98, "refit": true}
{"timestamp": "16:48:36.204909", "frame": 47, "mu": [-0.8723066982547065, 1.7095559468267687, 0.11402122355040048], "Sigma": [[0.012152235376592926, -0.0024293614463267894, 0.023911746193014744], [-0.0024293614463267894, 0.00662196230583758, -0.003630751937394761], [0.02391174619301474, -0.0036307519373947605, 0.2723175456684345]], "chi2_level": 0.99, "chi2_df": 3, "chi2_threshold": 11.344866730144373, "N_raw": 85, "N_roi": 85, "N_inlier": 78, "refit": true}
{"timestamp": "16:48:36.256133", "frame": 48, "mu": [-0.9422910347785076, 1.7677570111942469, -0.20855741267526545], "Sigma": [[0.010100502396086147, 0.0021597905400663883, -0.004450130390276642], [0.002159790540066388, 0.008783667098970476, 0.005026256338006287], [-0.004450130390276643, 0.005026256338006287, 0.03791549546435485]], "chi2_level": 0.99, "chi2_df": 3, "chi2_threshold": 11.344866730144373, "N_raw": 68, "N_roi": 68, "N_inlier": 65, "refit": true}
{"timestamp": "16:48:36.315786", "frame": 49, "mu": [-0.8901908568390434, 1.7410084281201559, 1.2540203986061378], "Sigma": [[0.013865677607958675, -0.0008755365231387819, -0.0049825641091663705], [-0.000875536523138782, 0.012672914091829777, 0.021033658062087006], [-0.004982564109166371, 0.021033658062087006, 0.08308586970740746]], "chi2_level": 0.99, "chi2_df": 3, "chi2_threshold": 11.344866730144373, "N_raw": 99, "N_roi": 99, "N_inlier": 98, "refit": true}
{"timestamp": "16:48:36.367386", "frame": 50, "mu": [-0.9106518535256205, 1.899315448789515, -0.203096852691451], "Sigma": [[0.010388781517801567, 0.0016922401482510245, -0.005565640307679272], [0.0016922401482510245, 0.005842672968760646, -0.002094342020788332], [-0.005565640307679273, -0.002094342020788332, 0.0037829188818438095]], "chi2_level": 0.99, "chi2_df": 3, "chi2_threshold": 11.344866730144373, "N_raw": 68, "N_roi": 68, "N_inlier": 65, "refit": true}
{"timestamp": "16:48:36.427516", "frame": 51, "mu": [-0.9967809363127941, 1.81330830757058, 1.1382265814616597], "Sigma": [[0.012270731318892199, 0.004127053346195334, 0.02046848984979516], [0.004127053346195335, 0.015809163178509094, 0.03353255117441864], [0.020468489849795157, 0.03353255117441864, 0.19864090882654015]], "chi2_level": 0.99, "chi2_df": 3, "chi2_threshold": 11.344866730144373, "N_raw": 113, "N_roi": 113, "N_inlier": 112, "refit": true}
{"timestamp": "16:48:36.479502", "frame": 52, "mu": [-0.9690587423034167, 1.9603762414076378, 1.263482642156957], "Sigma": [[0.014018094753632651, 0.004800217789423398, 0.015716768704378457], [0.004800217789423397, 0.009054623970679587, 0.01108332611289335], [0.015716768704378457, 0.01108332611289335, 0.11215696810345949]], "chi2_level": 0.99, "chi2_df": 3, "chi2_threshold": 11.344866730144373, "N_raw": 85, "N_roi": 85, "N_inlier": 82, "refit": true}
{"timestamp": "16:48:36.542745", "frame": 53, "mu": [-0.9738726554750075, 1.9434407536640594, 1.2365415223966298], "Sigma": [[0.042078142071350064, 0.006970852428897174, 0.013696143214260992], [0.006970852428897174, 0.0081202571933127, -0.006809262834874827], [0.01369614321426099, -0.006809262834874828, 0.06519663271172785]], "chi2_level": 0.99, "chi2_df": 3, "chi2_threshold": 11.344866730144373, "N_raw": 140, "N_roi": 140, "N_inlier": 130, "refit": true}
{"timestamp": "16:48:36.598375", "frame": 54, "mu": [-0.9535955471235209, 2.0132088303043867, 1.3591104420706586], "Sigma": [[0.037990681314931996, 0.00312565221789858, -0.00969805140430489], [0.0031256522178985803, 0.00995129148308773, -0.0037500619373270405], [-0.00969805140430489, -0.0037500619373270405, 0.04483026282535601]], "chi2_level": 0.99, "chi2_df": 3, "chi2_threshold": 11.344866730144373, "N_raw": 142, "N_roi": 141, "N_inlier": 135, "refit": true}
{"timestamp": "16:48:36.641245", "frame": 55, "mu": [-1.0485675930038187, 2.092545271789204, 1.3777516875289402], "Sigma": [[0.010468315553870773, 0.0019686087802312535, -0.009941822814680463], [0.0019686087802312535, 0.005599403177134977, -0.004600305510754187], [-0.009941822814680463, -0.004600305510754187, 0.013744133553726093]], "chi2_level": 0.99, "chi2_df": 3, "chi2_threshold": 11.344866730144373, "N_raw": 60, "N_roi": 60, "N_inlier": 56, "refit": true}
{"timestamp": "16:48:36.698032", "frame": 56, "mu": [-0.9970125602855647, 2.1188361621296723, 1.4215669083885802], "Sigma": [[0.015628869404543916, -0.0005017077939329648, -0.007503729544256604], [-0.0005017077939329647, 0.010625811491715752, 0.004446611097465171], [-0.007503729544256604, 0.004446611097465171, 0.006035408524306474]], "chi2_level": 0.99, "chi2_df": 3, "chi2_threshold": 11.344866730144373, "N_raw": 85, "N_roi": 83, "N_inlier": 82, "refit": true}
{"timestamp": "16:48:36.752875", "frame": 57, "mu": [-1.030768638201068, 2.2357222742900023, 1.4209446622364355], "Sigma": [[0.010262232578376542, -0.0013494321259148118, -0.012672031643866946], [-0.0013494321259148122, 0.01348974266197499, 0.019343395319472125], [-0.012672031643866948, 0.01934339531947212, 0.08948697377715606]], "chi2_level": 0.99, "chi2_df": 3, "chi2_threshold": 11.344866730144373, "N_raw": 77, "N_roi": 77, "N_inlier": 75, "refit": true}
{"timestamp": "16:48:36.805107", "frame": 58, "mu": [-1.0905712467843505, 2.2966314939627295, 1.5268641685212676], "Sigma": [[0.012733593422784866, -0.0020319866596706735, -0.01045481778853664], [-0.002031986659670673, 0.008255886322526785, 0.002358974459484516], [-0.010454817788536642, 0.002358974459484516, 0.011808850290679974]], "chi2_level": 0.99, "chi2_df": 3, "chi2_threshold": 11.344866730144373, "N_raw": 65, "N_roi": 65, "N_inlier": 63, "refit": true}
{"timestamp": "16:48:36.861050", "frame": 59, "mu": [-1.1149946804350428, 2.348725619527011, 1.5186324727266307], "Sigma": [[0.011219770278121188, 0.000248192993844968, -0.006723414849286027], [0.0002481929938449684, 0.006145850002922352, -0.0025022750447258593], [-0.006723414849286027, -0.0025022750447258593, 0.022513302720958486]], "chi2_level": 0.99, "chi2_df": 3, "chi2_threshold": 11.344866730144373, "N_raw": 65, "N_roi": 65, "N_inlier": 62, "refit": true}
{"timestamp": "16:48:36.914157", "frame": 60, "mu": [-1.0954163697942167, 2.3460687288578117, 0.8357025875568671], "Sigma": [[0.00818854702323292, -0.00341129878079994, -0.0360857882197219], [-0.00341129878079994, 0.00598508276295077, 0.02722489302691458], [-0.0360857882197219, 0.027224893026914575, 0.5005040468094007]], "chi2_level": 0.99, "chi2_df": 3, "chi2_threshold": 11.344866730144373, "N_raw": 54, "N_roi": 54, "N_inlier": 54, "refit": true}
{"timestamp": "16:48:36.965862", "frame": 61, "mu": [-1.1331215467462614, 2.4889735011005776, -0.10092254613092798], "Sigma": [[0.006516240318681284, 0.0005260517862174955, -0.0018474277016602056], [0.0005260517862174959, 0.009520859827958925, -0.02191767555997326], [-0.0018474277016602056, -0.02191767555997326, 0.06626786853742155]], "chi2_level": 0.99, "chi2_df": 3, "chi2_threshold": 11.344866730144373, "N_raw": 35, "N_roi": 35, "N_inlier": 33, "refit": true}
{"timestamp": "16:48:37.025244", "frame": 62, "mu": [-1.1678328198296564, 2.514922845497164, 0.9043449430500878], "Sigma": [[0.007187411881268947, 0.0004613748366510997, 0.0018175872750258982], [0.00046137483665109955, 0.0033770953144051227, -0.01553934210259238], [0.0018175872750258988, -0.01553934210259238, 0.23681897563298532]], "chi2_level": 0.99, "chi2_df": 3, "chi2_threshold": 11.344866730144373, "N_raw": 63, "N_roi": 63, "N_inlier": 62, "refit": true}
{"timestamp": "16:48:37.079113", "frame": 63, "mu": [-1.0932783701870423, 2.534008221159141, 0.8962417682005147], "Sigma": [[0.01292940250242986, -0.004152677338597246, 0.017278819715629633], [-0.004152677338597245, 0.005844104203600518, -0.0225444972248368], [0.017278819715629633, -0.022544497224836795, 0.10551261688214429]], "chi2_level": 0.99, "chi2_df": 3, "chi2_threshold": 11.344866730144373, "N_raw": 54, "N_roi": 54, "N_inlier": 52, "refit": true}
{"timestamp": "16:48:37.131009", "frame": 64, "mu": [-1.1495377877953912, 2.7142144243957556, 0.6059687172801791], "Sigma": [[0.014742455841818056, -0.0023828918284754777, 0.018923311998533986], [-0.0023828918284754777, 0.0065244958723250325, -0.020232117203868707], [0.018923311998533983, -0.020232117203868707, 0.10251820364390214]], "chi2_level": 0.99, "chi2_df": 3, "chi2_threshold": 11.344866730144373, "N_raw": 31, "N_roi": 31, "N_inlier": 30, "refit": true}
{"timestamp": "16:48:37.184373", "frame": 65, "mu": [-1.1200516151200142, 2.6329996001092955, 0.10719553180543631], "Sigma": [[0.006173477449234272, 0.0011634803142500977, -0.005504257172161912], [0.0011634803142500977, 0.004209938807486826, -0.0006019963210866105], [-0.005504257172161912, -0.0006019963210866105, 0.006052495718546629]], "chi2_level": 0.99, "chi2_df": 3, "chi2_threshold": 11.344866730144373, "N_raw": 22, "N_roi": 22, "N_inlier": 20, "refit": true}
{"timestamp": "16:48:37.242688", "frame": 66, "mu": [-1.1246126393851847, 2.598334941219088, 0.849455693638049], "Sigma": [[0.020436417588085384, 0.008024946734825393, 0.05181543248529167], [0.008024946734825395, 0.0062216668456682575, 0.028608046930507704], [0.05181543248529167, 0.028608046930507704, 0.21180750828276837]], "chi2_level": 0.99, "chi2_df": 3, "chi2_threshold": 11.344866730144373, "N_raw": 42, "N_roi": 42, "N_inlier": 39, "refit": true}
{"timestamp": "16:48:37.296685", "frame": 67, "mu": [-1.0347363626843695, 2.750755266681363, 1.2539608027875502], "Sigma": [[0.009469496010226872, 0.0007723348903518471, -0.013031538854411285], [0.0007723348903518473, 0.0038005013414669415, -0.0022520957594948697], [-0.013031538854411285, -0.0022520957594948697, 0.020481924171911532]], "chi2_level": 0.99, "chi2_df": 3, "chi2_threshold": 11.344866730144373, "N_raw": 39, "N_roi": 37, "N_inlier": 33, "refit": true}
{"timestamp": "16:48:37.354488", "frame": 68, "mu": [-1.1808637682423468, 2.784768277928303, 1.0029121324670494], "Sigma": [[0.02077987328119812, 0.011258010323284377, 0.032475107327397564], [0.011258010323284377, 0.011155437096640667, 0.039163754908181636], [0.03247510732739757, 0.039163754908181636, 0.17505376911275639]], "chi2_level": 0.99, "chi2_df": 3, "chi2_threshold": 11.344866730144373, "N_raw": 62, "N_roi": 62, "N_inlier": 61, "refit": true}
{"timestamp": "16:48:37.414216", "frame": 69, "mu": [-1.1285218766904572, 2.769397622084175, 0.9308971263243978], "Sigma": [[0.05570503456968239, 0.013451661800538367, 0.07406551569121406], [0.013451661800538368, 0.009636389616932401, 0.030137279905117026], [0.07406551569121406, 0.030137279905117026, 0.20177968574929836]], "chi2_level": 0.99, "chi2_df": 3, "chi2_threshold": 11.344866730144373, "N_raw": 93, "N_roi": 93, "N_inlier": 91, "refit": true}
{"timestamp": "16:48:37.461243", "frame": 70, "mu": [-1.04225526591092, 2.9367336942901274, 1.4148810824160845], "Sigma": [[0.009661526840573689, 0.002592515103116671, -0.006260265544508198], [0.0025925151031166707, 0.0032392546021772, -0.002072600075734052], [-0.006260265544508198, -0.002072600075734052, 0.00711736069674792]], "chi2_level": 0.99, "chi2_df": 3, "chi2_threshold": 11.344866730144373, "N_raw": 28, "N_roi": 28, "N_inlier": 26, "refit": true}
{"timestamp": "16:48:37.516580", "frame": 71, "mu": [-0.968313102052795, 2.9100550069856777, 1.1930242957474377], "Sigma": [[0.01400567968203472, -0.005534089411652366, 0.009038476974204807], [-0.005534089411652366, 0.0064267197128382485, -0.007645211943563369], [0.009038476974204806, -0.007645211943563367, 0.07159948223872836]], "chi2_level": 0.99, "chi2_df": 3, "chi2_threshold": 11.344866730144373, "N_raw": 39, "N_roi": 39, "N_inlier": 37, "refit": true}
{"timestamp": "16:48:37.579048", "frame": 72, "mu": [-1.0213710834873517, 3.0011244215426167, 1.027624130079147], "Sigma": [[0.03371246446338732, -0.004640685307020937, 0.058063911048425114], [-0.004640685307020937, 0.008464925698009829, -0.020790464259844686], [0.05806391104842512, -0.020790464259844686, 0.2948775943327227]], "chi2_level": 0.99, "chi2_df": 3, "chi2_threshold": 11.344866730144373, "N_raw": 98, "N_roi": 98, "N_inlier": 98, "refit": true}
{"timestamp": "16:48:37.630851", "frame": 73, "mu": [-0.8942879462374358, 3.004832713988699, 1.189076586679967], "Sigma": [[0.01683841212132694, -0.001389331488696897, 0.013391561658574254], [-0.0013893314886968971, 0.005703858391528176, -0.011078622655880173], [0.01339156165857425, -0.011078622655880173, 0.16773645744039564]], "chi2_level": 0.99, "chi2_df": 3, "chi2_threshold": 11.344866730144373, "N_raw": 63, "N_roi": 63, "N_inlier": 63, "refit": true}
{"timestamp": "16:48:37.686236", "frame": 74, "mu": [-0.8855693510535868, 3.016982309363957, 1.2731953966786378], "Sigma": [[0.01552052183727658, -0.0002936186451383954, -0.011072962329192521], [-0.00029361864513839555, 0.008363164817949771, -4.100655419255833e-06], [-0.011072962329192521, -4.100655419255833e-06, 0.008696867101491786]], "chi2_level": 0.99, "chi2_df": 3, "chi2_threshold": 11.344866730144373, "N_raw": 69, "N_roi": 69, "N_inlier": 68, "refit": true}
{"timestamp": "16:48:37.739359", "frame": 75, "mu": [-0.8763874886805761, 3.058985369789983, -0.6934341074529836], "Sigma": [[0.013779646306676295, 0.0031617388009525984, -0.004093058000137804], [0.0031617388009525984, 0.005898076915929242, -0.0018877900848751753], [-0.004093058000137804, -0.0018877900848751753, 0.0027571121568263036]], "chi2_level": 0.99, "chi2_df": 3, "chi2_threshold": 11.344866730144373, "N_raw": 56, "N_roi": 56, "N_inlier": 53, "refit": true}
{"timestamp": "16:48:37.791626", "frame": 76, "mu": [-0.8346387704360365, 3.132727916438953, 1.4267220064943706], "Sigma": [[0.011905274887646271, 0.0007132791589431687, 0.005974697692012499], [0.0007132791589431689, 0.00245745101299099, -2.6933286814139422e-05], [0.0059746976920124996, -2.6933286814139422e-05, 0.019331141441425996]], "chi2_level": 0.99, "chi2_df": 3, "chi2_threshold": 11.344866730144373, "N_raw": 39, "N_roi": 39, "N_inlier": 35, "refit": true}
{"timestamp": "16:48:37.846520", "frame": 77, "mu": [-0.8102645231543023, 3.1830490169467436, 1.3502616832677203], "Sigma": [[0.013637474913880787, 0.003420682890455019, -0.003954112430879952], [0.003420682890455019, 0.0033547390073613986, -0.0030084702976633064], [-0.003954112430879951, -0.0030084702976633064, 0.004148538525072183]], "chi2_level": 0.99, "chi2_df": 3, "chi2_threshold": 11.344866730144373, "N_raw": 44, "N_roi": 44, "N_inlier": 40, "refit": true}
{"timestamp": "16:48:37.904060", "frame": 78, "mu": [-0.7628451639267034, 3.155187018032546, 1.3529077293159948], "Sigma": [[0.010105955419856046, 0.0016595659301852157, -0.005135785395341881], [0.0016595659301852157, 0.007310100533146562, 0.002887923268769476], [-0.005135785395341881, 0.002887923268769476, 0.00824942173596317]], "chi2_level": 0.99, "chi2_df": 3, "chi2_threshold": 11.344866730144373, "N_raw": 53, "N_roi": 50, "N_inlier": 45, "refit": true}
{"timestamp": "16:48:37.952065", "frame": 79, "mu": [-0.7618914879406316, 3.1194486487470687, 1.3059990902344947], "Sigma": [[0.002035002579398244, 0.0009823622254951849, 0.0015856676457009491], [0.000982362225495185, 0.0067678723433666045, 0.004199570407737482], [0.0015856676457009491, 0.004199570407737482, 0.0038485556996548944]], "chi2_level": 0.99, "chi2_df": 3, "chi2_threshold": 11.344866730144373, "N_raw": 9, "N_roi": 8, "N_inlier": 8, "refit": true}
{"timestamp": "16:48:38.008075", "frame": 80, "mu": [-0.6395714131961696, 3.2107343206869556, 1.090517437873252], "Sigma": [[0.003134089700489436, 0.001931729893377318, 0.0193139582143625], [0.0019317298933773182, 0.007105564689490493, 0.01821388899092908], [0.0193139582143625, 0.01821388899092908, 0.21837792503890938]], "chi2_level": 0.99, "chi2_df": 3, "chi2_threshold": 11.344866730144373, "N_raw": 11, "N_roi": 11, "N_inlier": 11, "refit": true}
{"timestamp": "16:48:38.066618", "frame": 81, "mu": [-0.6500739309421162, 3.2008545657156735, 1.2929405395193339], "Sigma": [[0.011693389198287418, 0.0018622624029452446, -0.004688902063488888], [0.001862262402945244, 0.005367126161252743, 0.0033777081545254294], [-0.004688902063488888, 0.00337770815452543, 0.006903689009251252]], "chi2_level": 0.99, "chi2_df": 3, "chi2_threshold": 11.344866730144373, "N_raw": 42, "N_roi": 36, "N_inlier": 35, "refit": true}
{"timestamp": "16:48:38.122636", "frame": 82, "mu": [-0.6059041644930427, 3.2768670077020117, -0.04596839364982666], "Sigma": [[0.0170512428258056, 0.0069365060450600445, 0.023276172414731996], [0.0069365060450600445, 0.0067302809880027525, 0.019582481413140403], [0.023276172414731996, 0.019582481413140403, 0.10153365727584324]], "chi2_level": 0.99, "chi2_df": 3, "chi2_threshold": 11.344866730144373, "N_raw": 49, "N_roi": 42, "N_inlier": 40, "refit": true}
{"timestamp": "16:48:38.178860", "frame": 83, "mu": [-0.5626623429895167, 3.266504669077417, 1.3417551423716836], "Sigma": [[0.019994696162079356, 0.004568074533418727, -0.001922812249466045], [0.004568074533418727, 0.008132823756415409, 0.0034601391702836007], [-0.0019228122494660453, 0.0034601391702836007, 0.0033549099892553292]], "chi2_level": 0.99, "chi2_df": 3, "chi2_threshold": 11.344866730144373, "N_raw": 59, "N_roi": 57, "N_inlier": 55, "refit": true}
{"timestamp": "16:48:38.231818", "frame": 84, "mu": [-0.5974189076860628, 3.2881273536113427, -0.007592290682426792], "Sigma": [[0.01624291528088881, 0.0014183778668408992, -0.005673184148244267], [0.0014183778668408992, 0.0030068839528094287, -0.0013775195483766533], [-0.005673184148244267, -0.0013775195483766536, 0.004562198168942581]], "chi2_level": 0.99, "chi2_df": 3, "chi2_threshold": 11.344866730144373, "N_raw": 43, "N_roi": 40, "N_inlier": 37, "refit": true}
{"timestamp": "16:48:38.289692", "frame": 85, "mu": [-0.47672744549984997, 3.2162063176636906, 0.8835111915868856], "Sigma": [[0.02222001090454237, -0.0012394206866536421, -0.020630403837222637], [-0.0012394206866536421, 0.0020635893949807194, -0.0025883311362164593], [-0.020630403837222644, -0.0025883311362164593, 0.02905223949418851]], "chi2_level": 0.99, "chi2_df": 3, "chi2_threshold": 11.344866730144373, "N_raw": 61, "N_roi": 58, "N_inlier": 54, "refit": true}
{"timestamp": "16:48:38.343286", "frame": 86, "mu": [-0.412038059945981, 3.2588551116390687, 0.987129874917569], "Sigma": [[0.015522933199081169, 0.0022358781927269418, -0.006523266962324576], [0.0022358781927269413, 0.002033031329105767, -0.0034053104366997813], [-0.006523266962324576, -0.0034053104366997813, 0.02024924355733565]], "chi2_level": 0.99, "chi2_df": 3, "chi2_threshold": 11.344866730144373, "N_raw": 47, "N_roi": 45, "N_inlier": 43, "refit": true}
