{"timestamp": "16:46:54.646383", "frame": 21, "mu": [0.7943917437157473, 0.7011850978237563, -0.762550979724892], "Sigma": [[3.5115493881378623, 0.07724386449693847, 0.05664097147214806], [0.07724386449693847, 0.003661847547610402, -0.0026234227121837957], [0.05664097147214806, -0.0026234227121837957, 0.013129085344945984]], "chi2_level": 0.99, "chi2_df": 3, "chi2_threshold": 11.344866730144373, "N_raw": 7, "N_roi": 7, "N_inlier": 7, "refit": true}
{"timestamp": "16:46:54.812224", "frame": 24, "mu": [1.9040553378908047, 0.6158549005600736, 1.0447361830409234], "Sigma": [[0.002276253136932016, -0.0052565680482117945, 0.0025691790035739684], [-0.0052565680482117945, 0.012880733279589574, -0.00806418622083049], [0.0025691790035739684, -0.008064186220830489, 0.011500413231149564]], "chi2_level": 0.99, "chi2_df": 3, "chi2_threshold": 11.344866730144373, "N_raw": 20, "N_roi": 20, "N_inlier": 19, "refit": true}
{"timestamp": "16:46:54.867684", "frame": 25, "mu": [1.8837972332766937, 0.4261928924525956, 1.1478473626411523], "Sigma": [[0.0013559066788567215, -6.0148755797973896e-05, -0.004369048633026588], [-6.014875579797379e-05, 0.0011840041486749647, 0.0007122119325740782], [-0.004369048633026588, 0.0007122119325740784, 0.024797045368222536]], "chi2_level": 0.99, "chi2_df": 3, "chi2_threshold": 11.344866730144373, "N_raw": 6, "N_roi": 6, "N_inlier": 6, "refit": true}
{"timestamp": "16:46:55.198723", "frame": 31, "mu": [0.6998048639594867, 0.39624921592365964, 1.2891049930050118], "Sigma": [[1.9754902004438233, 0.05251717457632343, -0.014029255181125244], [0.05251717457632343, 0.0032552002532935534, -0.0013426417662224812], [-0.014029255181125242, -0.0013426417662224812, 0.0010782197707188065]], "chi2_level": 0.99, "chi2_df": 3, "chi2_threshold": 11.344866730144373, "N_raw": 17, "N_roi": 17, "N_inlier": 17, "refit": true}
{"timestamp": "16:46:55.253611", "frame": 32, "mu": [-1.0700551234405715, 0.37915247242284755, 1.208255211284613], "Sigma": [[1.0169068097715765, -0.028930374984961323, 0.02244016922327437], [-0.028930374984961323, 0.0035264081813443635, -0.0038147813682046063], [0.022440169223274374, -0.0038147813682046063, 0.00791882607264712]], "chi2_level": 0.99, "chi2_df": 3, "chi2_threshold": 11.344866730144373, "N_raw": 8, "N_roi": 8, "N_inlier": 8, "refit": true}
{"timestamp": "16:46:55.307093", "frame": 33, "mu": [1.3880907950458172, 0.4008226508768094, 1.261610064726049], "Sigma": [[0.0019262472544889855, -0.00162838489103897, 0.004863029562922617], [-0.0016283848910389695, 0.012253638669074168, -0.0010487367724669149], [0.004863029562922617, -0.0010487367724669149, 0.03810869740806271]], "chi2_level": 0.99, "chi2_df": 3, "chi2_threshold": 11.344866730144373, "N_raw": 5, "N_roi": 5, "N_inlier": 5, "refit": true}
{"timestamp": "16:46:55.365729", "frame": 34, "mu": [1.3104610445944036, 0.5582950797130418, 1.4160802784565198], "Sigma": [[0.002914347740066119, -0.004152386419394684, -0.004682549762896833], [-0.004152386419394684, 0.011026682952406231, 0.007649248958240281], [-0.004682549762896833, 0.0076492489582402805, 0.011761257435926596]], "chi2_level": 0.99, "chi2_df": 3, "chi2_threshold": 11.344866730144373, "N_raw": 18, "N_roi": 18, "N_inlier": 18, "refit": true}
{"timestamp": "16:46:55.419335", "frame": 35, "mu": [1.3267848482656353, 0.4840363362930415, 1.2592574994031838], "Sigma": [[0.0029730732379777015, -0.0023830030918527627, -0.003699870336925277], [-0.0023830030918527627, 0.004570556257293541, 0.0013515288595450962], [-0.003699870336925277, 0.0013515288595450958, 0.011182263741131354]], "chi2_level": 0.99, "chi2_df": 3, "chi2_threshold": 11.344866730144373, "N_raw": 19, "N_roi": 19, "N_inlier": 19, "refit": true}
{"timestamp": "16:46:55.476929", "frame": 36, "mu": [1.2553459343701794, 0.48909784764311776, 1.3595475824141503], "Sigma": [[0.005318300502136927, -0.005400836693365422, -0.00521287689675013], [-0.005400836693365422, 0.009234498339870102, 0.00303244854277783], [-0.005212876896750131, 0.00303244854277783, 0.007237874950614231]], "chi2_level": 0.99, "chi2_df": 3, "chi2_threshold": 11.344866730144373, "N_raw": 34, "N_roi": 34, "N_inlier": 31, "refit": true}
{"timestamp": "16:46:55.529259", "frame": 37, "mu": [1.1336745222511175, 0.5903308740741803, 1.411201669413264], "Sigma": [[0.005881239071899512, -0.0043931427356554914, -0.006286809555478211], [-0.0043931427356554914, 0.005972472766962188, -0.0027077155236093177], [-0.006286809555478211, -0.0027077155236093172, 0.04364237054960242]], "chi2_level": 0.99, "chi2_df": 3, "chi2_threshold": 11.344866730144373, "N_raw": 13, "N_roi": 13, "N_inlier": 12, "refit": true}
{"timestamp": "16:46:55.583609", "frame": 38, "mu": [1.0380297576883248, 0.6984493779107224, 1.4804800872832624], "Sigma": [[0.0023285941837451634, 0.0016529083615783526, -0.0035087271330879683], [0.0016529083615783526, 0.004082455664030141, -0.0050223897906119305], [-0.0035087271330879683, -0.005022389790611931, 0.010751382459687249]], "chi2_level": 0.99, "chi2_df": 3, "chi2_threshold": 11.344866730144373, "N_raw": 6, "N_roi": 6, "N_inlier": 6, "refit": true}
{"timestamp": "16:46:55.643221", "frame": 39, "mu": [1.0364200903709462, 0.637740900580973, 1.4942056011734948], "Sigma": [[0.00688331826656778, -0.002274252211297791, -0.005982595150967697], [-0.002274252211297791, 0.004792178975209988, 0.0018211768565852605], [-0.005982595150967697, 0.0018211768565852603, 0.007663666172621388]], "chi2_level": 0.99, "chi2_df": 3, "chi2_threshold": 11.344866730144373, "N_raw": 44, "N_roi": 44, "N_inlier": 44, "refit": true}
{"timestamp": "16:46:55.694470", "frame": 40, "mu": [0.9046563915541029, 0.7852632121460306, -0.3649844114019369], "Sigma": [[0.005709822289065188, -0.0012246237786328758, -0.013157399497412313], [-0.0012246237786328758, 0.0019695607787986627, -0.0008605797222260839], [-0.013157399497412313, -0.0008605797222260839, 0.05846060619818238]], "chi2_level": 0.99, "chi2_df": 3, "chi2_threshold": 11.344866730144373, "N_raw": 17, "N_roi": 17, "N_inlier": 17, "refit": true}
{"timestamp": "16:46:55.753597", "frame": 41, "mu": [0.8497221617317908, 0.710699423614434, 1.3602699416651112], "Sigma": [[0.004401564218875608, -0.0006220004248090491, -0.015018269259662], [-0.000622000424809049, 0.004265745872707266, -0.006458070187702879], [-0.015018269259662001, -0.00645807018770288, 0.09829610982466544]], "chi2_level": 0.99, "chi2_df": 3, "chi2_threshold": 11.344866730144373, "N_raw": 42, "N_roi": 42, "N_inlier": 42, "refit": true}
{"timestamp": "16:46:55.808369", "frame": 42, "mu": [0.7644481288989299, 0.7053311110824938, 1.5294539917737], "Sigma": [[0.004546386329891801, -0.0008690093709170362, -0.0022760109318994094], [-0.0008690093709170362, 0.0024268730965292295, -7.33121666732145e-05], [-0.0022760109318994094, -7.331216667321447e-05, 0.0014094575720273428]], "chi2_level": 0.99, "chi2_df": 3, "chi2_threshold": 11.344866730144373, "N_raw": 41, "N_roi": 41, "N_inlier": 36, "refit": true}
{"timestamp": "16:46:55.865748", "frame": 43, "mu": [0.7867679557488361, 0.62766275881871, 1.4157239176406213], "Sigma": [[0.00792139102995727, -0.003302196903669026, -0.008465349187283578], [-0.003302196903669026, 0.002790379826025321, 0.0023776335460708392], [-0.008465349187283578, 0.0023776335460708392, 0.011559031191323755]], "chi2_level": 0.99, "chi2_df": 3, "chi2_threshold": 11.344866730144373, "N_raw": 59, "N_roi": 58, "N_inlier": 55, "refit": true}
{"timestamp": "16:46:55.922815", "frame": 44, "mu": [0.7136145355443829, 0.6144573908693899, 1.2590558699933343], "Sigma": [[0.0046704092765970625, -0.0033586099333697403, -0.012322216400501887], [-0.0033586099333697403, 0.006384193076447764, 0.017534256691313064], [-0.012322216400501887, 0.017534256691313067, 0.10325760136034576]], "chi2_level": 0.99, "chi2_df": 3, "chi2_threshold": 11.344866730144373, "N_raw": 64, "N_roi": 64, "N_inlier": 63, "refit": true}
{"timestamp": "16:46:55.975945", "frame": 45, "mu": [0.6635770423887087, 0.6029903485667754, 1.4220532683350278], "Sigma": [[0.003939455951606757, -0.0012295528169327492, -0.001453581015327741], [-0.0012295528169327492, 0.0021642337049033785, -0.0027758307261817904], [-0.0014535810153277413, -0.0027758307261817904, 0.01651234414525097]], "chi2_level": 0.99, "chi2_df": 3, "chi2_threshold": 11.344866730144373, "N_raw": 53, "N_roi": 53, "N_inlier": 47, "refit": true}
{"timestamp": "16:46:56.030419", "frame": 46, "mu": [0.500973235245286, 0.7291642795955773, 1.1000359938219424], "Sigma": [[0.01032979343305661, -0.013516332982192715, 0.03202973612031901], [-0.013516332982192715, 0.021803801680195044, -0.054729793956013836], [0.03202973612031901, -0.054729793956013836, 0.15296694078573994]], "chi2_level": 0.99, "chi2_df": 3, "chi2_threshold": 11.344866730144373, "N_raw": 59, "N_roi": 59, "N_inlier": 57, "refit": true}
{"timestamp": "16:46:56.082349", "frame": 47, "mu": [0.542517769454168, 0.5924912101791797, 1.4566393433862197], "Sigma": [[0.002832949172023422, -0.00039053872695686087, -0.00502931294580818], [-0.00039053872695686087, 0.0020951320331440695, 0.004718488982042907], [-0.005029312945808181, 0.004718488982042907, 0.030123791237704735]], "chi2_level": 0.99, "chi2_df": 3, "chi2_threshold": 11.344866730144373, "N_raw": 39, "N_roi": 39, "N_inlier": 36, "refit": true}
{"timestamp": "16:46:56.133733", "frame": 48, "mu": [0.5584838535710149, 0.4456391834109952, 0.7386747724643284], "Sigma": [[0.00219410269975077, -0.004181897223574925, -0.023620271587876957], [-0.004181897223574925, 0.023938451517217837, 0.10178290356948388], [-0.023620271587876957, 0.10178290356948388, 0.5615385009880289]], "chi2_level": 0.99, "chi2_df": 3, "chi2_threshold": 11.344866730144373, "N_raw": 9, "N_roi": 9, "N_inlier": 9, "refit": true}
{"timestamp": "16:46:56.194539", "frame": 49, "mu": [0.3720970770670081, 0.6259854262578198, 1.5163170214658086], "Sigma": [[0.004142496614119194, -0.002060729293696004, -0.0015429979239191718], [-0.002060729293696004, 0.002942969696431325, -0.0005023932824702183], [-0.0015429979239191718, -0.0005023932824702183, 0.0020855761615400908]], "chi2_level": 0.99, "chi2_df": 3, "chi2_threshold": 11.344866730144373, "N_raw": 51, "N_roi": 51, "N_inlier": 50, "refit": true}
{"timestamp": "16:46:56.254608", "frame": 50, "mu": [0.3366086798036781, 0.7185275362954782, 0.13037875248024489], "Sigma": [[0.004116948493750565, -0.002159320566596056, 0.03200607199457088], [-0.002159320566596056, 0.006953200585399027, -0.04789601078593244], [0.032006071994570874, -0.04789601078593244, 0.5892762193586331]], "chi2_level": 0.99, "chi2_df": 3, "chi2_threshold": 11.344866730144373, "N_raw": 90, "N_roi": 90, "N_inlier": 87, "refit": true}
{"timestamp": "16:46:56.306556", "frame": 51, "mu": [0.3182362585959314, 0.6242858719801343, 1.478912432988118], "Sigma": [[0.0036943808842038184, -0.0012868061048556057, -0.003997161600620998], [-0.0012868061048556057, 0.0022016799359456255, 0.0006695433939664963], [-0.003997161600620998, 0.0006695433939664962, 0.0076959220908125745]], "chi2_level": 0.99, "chi2_df": 3, "chi2_threshold": 11.344866730144373, "N_raw": 61, "N_roi": 61, "N_inlier": 59, "refit": true}
{"timestamp": "16:46:56.357587", "frame": 52, "mu": [0.26977450257870605, 0.5556943620376509, 1.180473974132616], "Sigma": [[0.008469016165450026, -0.010816220930797373, -0.004843735208742556], [-0.010816220930797371, 0.019414272579209628, -0.017393417929410456], [-0.004843735208742556, -0.017393417929410456, 0.16218543001306013]], "chi2_level": 0.99, "chi2_df": 3, "chi2_threshold": 11.344866730144373, "N_raw": 39, "N_roi": 39, "N_inlier": 38, "refit": true}
{"timestamp": "16:46:56.408536", "frame": 53, "mu": [0.16213375091018242, 0.5995449836157027, 1.0304082510061443], "Sigma": [[0.008046834000000778, -0.0054783399896805906, -0.004831713126607726], [-0.00547833998968059, 0.014060483116926988, 0.059642147742903176], [-0.0048317131266077265, 0.059642147742903176, 0.40842493730168555]], "chi2_level": 0.99, "chi2_df": 3, "chi2_threshold": 11.344866730144373, "N_raw": 9, "N_roi": 9, "N_inlier": 9, "refit": true}
{"timestamp": "16:46:56.473615", "frame": 54, "mu": [0.08867080824059177, 0.6838023227789716, 1.2182201670510908], "Sigma": [[0.007447107839966483, 0.000712129981124169, 0.01645835189620657], [0.000712129981124169, 0.001330287636883166, 0.01462091847579301], [0.01645835189620657, 0.01462091847579301, 0.3397029190547568]], "chi2_level": 0.99, "chi2_df": 3, "chi2_threshold": 11.344866730144373, "N_raw": 80, "N_roi": 80, "N_inlier": 77, "refit": true}
{"timestamp": "16:46:56.531203", "frame": 55, "mu": [0.025853888895466397, 0.631011486681816, 1.397313460422092], "Sigma": [[0.003693120882613134, -0.003059761284586012, -0.005660613374546061], [-0.003059761284586012, 0.005385913186504907, 0.003482072135510542], [-0.005660613374546062, 0.003482072135510543, 0.01257242385818875]], "chi2_level": 0.99, "chi2_df": 3, "chi2_threshold": 11.344866730144373, "N_raw": 92, "N_roi": 92, "N_inlier": 88, "refit": true}
{"timestamp": "16:46:56.586252", "frame": 56, "mu": [-0.08502059724513411, 0.6811392286654264, 1.4045470376209113], "Sigma": [[0.009773586216848753, -0.008722878825568652, -0.005799635148422541], [-0.008722878825568652, 0.010727266851641349, 0.0058054441821632245], [-0.005799635148422541, 0.0058054441821632245, 0.008218975968565427]], "chi2_level": 0.99, "chi2_df": 3, "chi2_threshold": 11.344866730144373, "N_raw": 94, "N_roi": 94, "N_inlier": 91, "refit": true}
{"timestamp": "16:46:56.636764", "frame": 57, "mu": [-0.13175077358473403, 0.7416471466364162, 1.4800850238235468], "Sigma": [[0.005150439869230321, -0.00163885125217809, -0.001210185596848887], [-0.0016388512521780902, 0.003430158380866255, 0.001425738312368867], [-0.001210185596848887, 0.0014257383123688673, 0.015208389947586588]], "chi2_level": 0.99, "chi2_df": 3, "chi2_threshold": 11.344866730144373, "N_raw": 65, "N_roi": 65, "N_inlier": 62, "refit": true}
{"timestamp": "16:46:56.697419", "frame": 58, "mu": [-0.18316370475869198, 0.7570237493604514, 1.4729693636163672], "Sigma": [[0.007881816908607545, -0.0002493747952010792, -0.0030890194828570522], [-0.0002493747952010792, 0.0012980967027495475, -0.002611580890260673], [-0.0030890194828570522, -0.002611580890260673, 0.008963461989719895]], "chi2_level": 0.99, "chi2_df": 3, "chi2_threshold": 11.344866730144373, "N_raw": 110, "N_roi": 110, "N_inlier": 108, "refit": true}
{"timestamp": "16:46:56.752455", "frame": 59, "mu": [-0.22802483544982086, 0.737450753231753, 1.474474686381154], "Sigma": [[0.0028131780916090324, -0.0002505215116358394, -0.0035160262974000987], [-0.00025052151163583935, 0.0014877067762477504, -0.0025940873860866237], [-0.0035160262974000987, -0.0025940873860866237, 0.011324221854780958]], "chi2_level": 0.99, "chi2_df": 3, "chi2_threshold": 11.344866730144373, "N_raw": 83, "N_roi": 83, "N_inlier": 82, "refit": true}
{"timestamp": "16:46:56.795424", "frame": 60, "mu": [-0.36940494100112653, 0.7116840443143525, 1.3918108613721796], "Sigma": [[0.0010601654544479713, 0.0004743513671178749, -0.005017302925558815], [0.00047435136711787497, 0.002635110947453055, -0.0020554622798749146], [-0.005017302925558814, -0.0020554622798749146, 0.2265736383773163]], "chi2_level": 0.99, "chi2_df": 3, "chi2_threshold": 11.344866730144373, "N_raw": 14, "N_roi": 14, "N_inlier": 14, "refit": true}
{"timestamp": "16:46:56.862812", "frame": 61, "mu": [-0.382648489974907, 0.7223255963144204, 0.2583595140522621], "Sigma": [[0.010649597380135177, -0.0046792466514559055, 0.0640117168780288], [-0.0046792466514559055, 0.013495340367041706, -0.0638434814736873], [0.06401171687802881, -0.0638434814736873, 0.6374775805294525]], "chi2_level": 0.99, "chi2_df": 3, "chi2_threshold": 11.344866730144373, "N_raw": 107, "N_roi": 106, "N_inlier": 99, "refit": true}
{"timestamp": "16:46:56.914109", "frame": 62, "mu": [-0.5461345682400748, 0.6891027709290072, 1.54156216411059], "Sigma": [[0.016037833576397466, 0.006082772989733932, -0.010533403558776133], [0.006082772989733932, 0.004244551090119417, -0.006359199021328825], [-0.010533403558776133, -0.006359199021328824, 0.011332938629615515]], "chi2_level": 0.99, "chi2_df": 3, "chi2_threshold": 11.344866730144373, "N_raw": 85, "N_roi": 85, "N_inlier": 81, "refit": true}
{"timestamp": "16:46:56.960959", "frame": 63, "mu": [-0.7060800378278795, 0.6251258121983326, 1.639895947891586], "Sigma": [[0.01919128606423129, 0.008842638230199946, -0.020592643961266498], [0.008842638230199946, 0.005866387840703422, -0.011161925432375005], [-0.020592643961266498, -0.011161925432375005, 0.026694917429774243]], "chi2_level": 0.99, "chi2_df": 3, "chi2_threshold": 11.344866730144373, "N_raw": 25, "N_roi": 25, "N_inlier": 25, "refit": true}
{"timestamp": "16:46:57.017289", "frame": 64, "mu": [-0.7371861507464811, 0.5664778965339913, 1.5497325942936682], "Sigma": [[0.04221063077998624, 0.006845266723352219, -0.03855415712924971], [0.006845266723352218, 0.004039132676875866, -0.008575482345636983], [-0.03855415712924971, -0.008575482345636983, 0.038397473502398735]], "chi2_level": 0.99, "chi2_df": 3, "chi2_threshold": 11.344866730144373, "N_raw": 40, "N_roi": 40, "N_inlier": 39, "refit": true}
{"timestamp": "16:46:57.075198", "frame": 65, "mu": [-0.8639174153278592, 0.5359465504566502, 1.7088185825849567], "Sigma": [[0.008869788014900973, 0.0015810307810631185, -0.004666743901035894], [0.0015810307810631185, 0.004062889315084161, -0.0030740535336921133], [-0.004666743901035894, -0.0030740535336921133, 0.004840533496158401]], "chi2_level": 0.99, "chi2_df": 3, "chi2_threshold": 11.344866730144373, "N_raw": 55, "N_roi": 55, "N_inlier": 53, "refit": true}
{"timestamp": "16:46:57.132298", "frame": 66, "mu": [-0.8879737417236994, 0.5656016603439288, 1.6508205348846345], "Sigma": [[0.0052766216924628, 0.001199319350610097, -0.0013842300025846258], [0.001199319350610097, 0.003882725555348016, -0.00414293040341706], [-0.0013842300025846258, -0.00414293040341706, 0.005115097925460111]], "chi2_level": 0.99, "chi2_df": 3, "chi2_threshold": 11.344866730144373, "N_raw": 66, "N_roi": 66, "N_inlier": 60, "refit": true}
{"timestamp": "16:46:57.186126", "frame": 67, "mu": [-0.9324743276051024, 0.5341315062527161, 1.6032901398261368], "Sigma": [[0.006578325218856993, 0.0008610083771633476, -0.001125641791374124], [0.0008610083771633477, 0.0038366693987215332, -0.004242672185955983], [-0.001125641791374124, -0.0042426721859559835, 0.005402356594992241]], "chi2_level": 0.99, "chi2_df": 3, "chi2_threshold": 11.344866730144373, "N_raw": 64, "N_roi": 64, "N_inlier": 63, "refit": true}
{"timestamp": "16:46:57.244666", "frame": 68, "mu": [-0.9393467070389868, 0.6278686049903777, -0.25813930113762446], "Sigma": [[0.014523584436782878, 0.007863746307551834, -0.011922161088148742], [0.007863746307551834, 0.01714603836568692, -0.015778329056487267], [-0.011922161088148742, -0.015778329056487267, 0.028648813773989347]], "chi2_level": 0.99, "chi2_df": 3, "chi2_threshold": 11.344866730144373, "N_raw": 88, "N_roi": 88, "N_inlier": 86, "refit": true}
{"timestamp": "16:46:57.300010", "frame": 69, "mu": [-0.9856056698868437, 0.5349489860330603, 1.558278853871189], "Sigma": [[0.00880876065413846, -0.001087645129965034, -0.0031107668261504936], [-0.001087645129965034, 0.009298935064742409, -0.002486443678832787], [-0.0031107668261504936, -0.0024864436788327865, 0.00453965676417807]], "chi2_level": 0.99, "chi2_df": 3, "chi2_threshold": 11.344866730144373, "N_raw": 86, "N_roi": 86, "N_inlier": 84, "refit": true}
{"timestamp": "16:46:57.361464", "frame": 70, "mu": [-1.0614346997128425, 0.5315722854867742, 1.605790617805997], "Sigma": [[0.010678128093789449, -0.0034035760976879347, -0.004515773181436904], [-0.0034035760976879343, 0.009084609131200445, -0.002551355420692003], [-0.004515773181436904, -0.002551355420692003, 0.007519615811923287]], "chi2_level": 0.99, "chi2_df": 3, "chi2_threshold": 11.344866730144373, "N_raw": 87, "N_roi": 87, "N_inlier": 82, "refit": true}
{"timestamp": "16:46:57.407133", "frame": 71, "mu": [-1.1216942562150192, 0.4767532324822394, 1.470920808636369], "Sigma": [[0.008134356732513425, 0.00020368292059451843, -0.004501379513621594], [0.00020368292059451843, 0.008231467031679993, -0.007645005880170948], [-0.004501379513621595, -0.007645005880170948, 0.01634603308709047]], "chi2_level": 0.99, "chi2_df": 3, "chi2_threshold": 11.344866730144373, "N_raw": 69, "N_roi": 69, "N_inlier": 67, "refit": true}
{"timestamp": "16:46:57.463277", "frame": 72, "mu": [-1.1946063245734073, 0.51474267987428, 1.4995327457965684], "Sigma": [[0.008902485754542966, -0.0015226034734336833, -0.0029890509922346877], [-0.0015226034734336833, 0.009831580731433033, -0.0043955845215476255], [-0.0029890509922346877, -0.0043955845215476255, 0.004577597663937767]], "chi2_level": 0.99, "chi2_df": 3, "chi2_threshold": 11.344866730144373, "N_raw": 74, "N_roi": 74, "N_inlier": 71, "refit": true}
{"timestamp": "16:46:57.517357", "frame": 73, "mu": [-1.2623226966065433, 0.6094326758652084, 1.5037897248746142], "Sigma": [[0.00701334617526735, -0.0020686807735081692, -0.005957284311946924], [-0.002068680773508169, 0.011367004622539556, -0.0034488255755312494], [-0.005957284311946924, -0.00344882557553125, 0.016660264184594067]], "chi2_level": 0.99, "chi2_df": 3, "chi2_threshold": 11.344866730144373, "N_raw": 66, "N_roi": 66, "N_inlier": 62, "refit": true}
{"timestamp": "16:46:57.569379", "frame": 74, "mu": [-1.2967474288902658, 0.7243715596531991, -0.4274640804975529], "Sigma": [[0.007205712423288446, 0.005472972069866147, -0.006632284870529987], [0.005472972069866147, 0.025810690278053515, -0.011916002317166014], [-0.006632284870529988, -0.011916002317166014, 0.049275624236434154]], "chi2_level": 0.99, "chi2_df": 3, "chi2_threshold": 11.344866730144373, "N_raw": 55, "N_roi": 55, "N_inlier": 51, "refit": true}
{"timestamp": "16:46:57.659779", "frame": 75, "mu": [-1.3634378974918118, 0.6635097480442578, -0.4345897582170867], "Sigma": [[0.007853731664741131, 0.0002485336907583131, -0.003692436947060153], [0.0002485336907583132, 0.01596885568622887, -0.006188617005814084], [-0.003692436947060153, -0.006188617005814084, 0.0059514496429448685]], "chi2_level": 0.99, "chi2_df": 3, "chi2_threshold": 11.344866730144373, "N_raw": 60, "N_roi": 60, "N_inlier": 55, "refit": true}
{"timestamp": "16:46:57.679636", "frame": 76, "mu": [-1.4121526782348837, 0.672463108292698, -0.4378202729030137], "Sigma": [[0.007423347659682046, 0.000886438107663103, -0.0023824138969529094], [0.000886438107663103, 0.013181033431935971, -0.00104571373543552], [-0.0023824138969529094, -0.00104571373543552, 0.0013028581732213772]], "chi2_level": 0.99, "chi2_df": 3, "chi2_threshold": 11.344866730144373, "N_raw": 51, "N_roi": 51, "N_inlier": 49, "refit": true}
{"timestamp": "16:46:57.735416", "frame": 77, "mu": [-1.4827195769226402, 0.6448293626219888, 1.458447727951211], "Sigma": [[0.008857819962578445, 0.0006956605067400054, -0.0023221414917128968], [0.0006956605067400053, 0.010417361344542355, -0.005290006697683256], [-0.0023221414917128968, -0.005290006697683256, 0.003702081854291166]], "chi2_level": 0.99, "chi2_df": 3, "chi2_threshold": 11.344866730144373, "N_raw": 60, "N_roi": 60, "N_inlier": 56, "refit": true}
{"timestamp": "16:46:57.790407", "frame": 78, "mu": [-1.5124482260628496, 0.7593581726957896, -0.43999876839410346], "Sigma": [[0.009500028298366504, 0.001443657205229336, 0.0006373527041562536], [0.001443657205229336, 0.012251651338407834, -0.004854205371700597], [0.0006373527041562536, -0.004854205371700597, 0.004391081961442995]], "chi2_level": 0.99, "chi2_df": 3, "chi2_threshold": 11.344866730144373, "N_raw": 64, "N_roi": 64, "N_inlier": 63, "refit": true}
{"timestamp": "16:46:57.846426", "frame": 79, "mu": [-1.5417855381538779, 0.7445728276501928, -0.46234841563893836], "Sigma": [[0.00909454454645821, 0.002140282300871238, 7.350961554404014e-06], [0.002140282300871238, 0.01180171554116052, -0.004430052974135245], [7.350961554404014e-06, -0.004430052974135245, 0.00500069818869432]], "chi2_level": 0.99, "chi2_df": 3, "chi2_threshold": 11.344866730144373, "N_raw": 62, "N_roi": 62, "N_inlier": 59, "refit": true}
{"timestamp": "16:46:57.901945", "frame": 80, "mu": [-1.6048874262976682, 0.779010167862399, -0.5188904146734754], "Sigma": [[0.009518804609145485, 0.004711976202126843, 0.0045528617770589285], [0.004711976202126843, 0.01331411691111141, -0.004345158192379054], [0.0045528617770589285, -0.004345158192379054, 0.016656027424621023]], "chi2_level": 0.99, "chi2_df": 3, "chi2_threshold": 11.344866730144373, "N_raw": 69, "N_roi": 69, "N_inlier": 69, "refit": true}
{"timestamp": "16:46:57.956962", "frame": 81, "mu": [-1.6576363487198238, 0.8059101800234005, -0.4900824948487638], "Sigma": [[0.009867712095318735, 0.00509946202952502, 0.004427308398635886], [0.00509946202952502, 0.011425524577874472, -0.0023268853729659427], [0.004427308398635886, -0.0023268853729659427, 0.01889539344120237]], "chi2_level": 0.99, "chi2_df": 3, "chi2_threshold": 11.344866730144373, "N_raw": 68, "N_roi": 68, "N_inlier": 64, "refit": true}
{"timestamp": "16:46:58.005016", "frame": 82, "mu": [-1.7138611768126641, 0.7103227781357423, 1.168692535175554], "Sigma": [[0.007013505934481259, 0.00568889260502476, 0.0013950100864993454], [0.00568889260502476, 0.010437292613398609, 0.002477256265070592], [0.0013950100864993451, 0.0024772562650705915, 0.057050329232440244]], "chi2_level": 0.99, "chi2_df": 3, "chi2_threshold": 11.344866730144373, "N_raw": 26, "N_roi": 26, "N_inlier": 26, "refit": true}
{"timestamp": "16:46:58.066072", "frame": 83, "mu": [-1.7328654956373502, 0.8396743023715515, -0.5166393708798688], "Sigma": [[0.011711300775939853, 0.006763304536279461, 0.00245761948566242], [0.006763304536279461, 0.012812067599465635, -0.0025851053802000866], [0.00245761948566242, -0.002585105380200086, 0.008599492941686738]], "chi2_level": 0.99, "chi2_df": 3, "chi2_threshold": 11.344866730144373, "N_raw": 61, "N_roi": 61, "N_inlier": 61, "refit": true}
{"timestamp": "16:46:58.116901", "frame": 84, "mu": [-1.7189908869622803, 0.7354571843767072, 1.2968083959037644], "Sigma": [[0.0066606761039367775, 0.002724332113174503, -0.0017405972023423807], [0.002724332113174503, 0.007037418722471806, -0.0050107569245945605], [-0.0017405972023423802, -0.0050107569245945605, 0.006141012959251291]], "chi2_level": 0.99, "chi2_df": 3, "chi2_threshold": 11.344866730144373, "N_raw": 37, "N_roi": 37, "N_inlier": 36, "refit": true}
{"timestamp": "16:46:58.170221", "frame": 85, "mu": [-1.7721913736295969, 0.7658924962272036, 1.3157951258945784], "Sigma": [[0.00669893848989039, 0.00328452696030146, -0.004807758694457067], [0.00328452696030146, 0.0071323454875093515, -0.00586745754439058], [-0.004807758694457067, -0.005867457544390581, 0.0069409702599232985]], "chi2_level": 0.99, "chi2_df": 3, "chi2_threshold": 11.344866730144373, "N_raw": 30, "N_roi": 30, "N_inlier": 29, "refit": true}
{"timestamp": "16:46:58.225462", "frame": 86, "mu": [-1.83260611681002, 0.8349479972117856, -0.7050529672553976], "Sigma": [[0.006572457412753929, 0.009024930974833742, 0.003668985936230897], [0.009024930974833742, 0.025736291369538214, 0.0076098439043779855], [0.003668985936230897, 0.007609843904377987, 0.009633683418301632]], "chi2_level": 0.99, "chi2_df": 3, "chi2_threshold": 11.344866730144373, "N_raw": 28, "N_roi": 28, "N_inlier": 28, "refit": true}
{"timestamp": "16:46:58.281870", "frame": 87, "mu": [-1.8205921552068183, 0.8086653123636787, 1.3388855951197864], "Sigma": [[0.006103323448905334, 0.0029225835070617132, -0.004575164060462322], [0.0029225835070617132, 0.013615028666506582, -0.0064708692367460045], [-0.004575164060462322, -0.0064708692367460045, 0.005915085990725202]], "chi2_level": 0.99, "chi2_df": 3, "chi2_threshold": 11.344866730144373, "N_raw": 38, "N_roi": 38, "N_inlier": 38, "refit": true}
{"timestamp": "16:46:58.336105", "frame": 88, "mu": [-1.8096730214720245, 0.8464840516696684, 1.3351116771651985], "Sigma": [[0.007516618316641992, 0.005495018777299193, -0.003580836463865926], [0.005495018777299193, 0.00890031507762224, -0.005137740969777933], [-0.0035808364638659266, -0.005137740969777933, 0.0036277612179021726]], "chi2_level": 0.99, "chi2_df": 3, "chi2_threshold": 11.344866730144373, "N_raw": 33, "N_roi": 33, "N_inlier": 31, "refit": true}
{"timestamp": "16:46:58.389304", "frame": 89, "mu": [-1.9750755213346158, 0.8846529778161012, 1.106174312520491], "Sigma": [[0.004283402592747596, 0.005366391055531598, -0.0005894179017880628], [0.005366391055531598, 0.00753046039475412, 0.0010128076123214866], [-0.0005894179017880626, 0.0010128076123214866, 0.012948501979684111]], "chi2_level": 0.99, "chi2_df": 3, "chi2_threshold": 11.344866730144373, "N_raw": 21, "N_roi": 21, "N_inlier": 21, "refit": true}
{"timestamp": "16:46:58.448344", "frame": 90, "mu": [-1.8993394016754712, 0.8317649536072131, 1.247176914121524], "Sigma": [[0.010041490273578894, 0.009084000584457626, -0.001962849444066358], [0.009084000584457626, 0.014680644166223614, -0.00638543524000279], [-0.0019628494440663575, -0.00638543524000279, 0.005586240609006392]], "chi2_level": 0.99, "chi2_df": 3, "chi2_threshold": 11.344866730144373, "N_raw": 46, "N_roi": 46, "N_inlier": 46, "refit": true}
{"timestamp": "16:46:58.501128", "frame": 91, "mu": [-1.9340144544840565, 1.149550670758437, -0.4000193423845411], "Sigma": [[0.00470520034645197, 0.0027068816555734423, 0.0002009511404401022], [0.0027068816555734423, 0.006332036339690867, -0.004041869851618033], [0.0002009511404401024, -0.004041869851618033, 0.004992027410422429]], "chi2_level": 0.99, "chi2_df": 3, "chi2_threshold": 11.344866730144373, "N_raw": 28, "N_roi": 28, "N_inlier": 28, "refit": true}
{"timestamp": "16:46:58.563587", "frame": 92, "mu": [-2.046794518239477, 1.0741238551103127, -0.6393768856336173], "Sigma": [[0.025873131663775563, 0.018181985490552086, 0.033583047916899256], [0.018181985490552086, 0.021913807282668327, 0.014851201765760259], [0.033583047916899256, 0.014851201765760257, 0.0703176240707962]], "chi2_level": 0.99, "chi2_df": 3, "chi2_threshold": 11.344866730144373, "N_raw": 85, "N_roi": 85, "N_inlier": 79, "refit": true}
{"timestamp": "16:46:58.614655", "frame": 93, "mu": [-2.0103386378902277, 1.1188016320018246, -0.6002848459719501], "Sigma": [[0.01635845262978943, 0.0160836501155466, 0.017948915519131546], [0.0160836501155466, 0.036374966346567054, 0.026082577494784515], [0.017948915519131546, 0.02608257749478451, 0.037982764833570604]], "chi2_level": 0.99, "chi2_df": 3, "chi2_threshold": 11.344866730144373, "N_raw": 52, "N_roi": 52, "N_inlier": 48, "refit": true}
{"timestamp": "16:46:58.669304", "frame": 94, "mu": [-2.1224826234902285, 1.196425689336398, -0.3207245751469092], "Sigma": [[0.017871544782359777, 0.01479939829907477, 0.022644379609668412], [0.01479939829907477, 0.023544350651601598, 0.013943165376308783], [0.02264437960966841, 0.013943165376308785, 0.0902435298444223]], "chi2_level": 0.99, "chi2_df": 3, "chi2_threshold": 11.344866730144373, "N_raw": 53, "N_roi": 53, "N_inlier": 52, "refit": true}
{"timestamp": "16:46:58.725633", "frame": 95, "mu": [-2.1234947363846826, 1.2451729079810134, -0.5705807427811884], "Sigma": [[0.02532431340450135, 0.006099194649907571, 0.0420230043552159], [0.006099194649907572, 0.01779791379456379, 0.004642360400302535], [0.04202300435521591, 0.004642360400302535, 0.08815250988609094]], "chi2_level": 0.99, "chi2_df": 3, "chi2_threshold": 11.344866730144373, "N_raw": 53, "N_roi": 49, "N_inlier": 49, "refit": true}
{"timestamp": "16:46:58.783747", "frame": 96, "mu": [-2.1346816906508232, 1.1545075941483667, 1.238356409104573], "Sigma": [[0.029540028267052407, 0.008775149377514271, 0.03384858772978548], [0.00877514937751427, 0.011693525668108705, -0.0020013837750469934], [0.03384858772978549, -0.002001383775046993, 0.08566273639427846]], "chi2_level": 0.99, "chi2_df": 3, "chi2_threshold": 11.344866730144373, "N_raw": 82, "N_roi": 72, "N_inlier": 72, "refit": true}
{"timestamp": "16:46:58.837180", "frame": 97, "mu": [-2.0464655207942273, 1.3532055733134356, -0.46479472377334646], "Sigma": [[0.012306041090224222, 0.007948676045935367, -0.005518825281919248], [0.007948676045935367, 0.016793792401445337, -0.01188800839120703], [-0.005518825281919248, -0.01188800839120703, 0.01507347071020409]], "chi2_level": 0.99, "chi2_df": 3, "chi2_threshold": 11.344866730144373, "N_raw": 69, "N_roi": 69, "N_inlier": 68, "refit": true}
{"timestamp": "16:46:58.891786", "frame": 98, "mu": [-1.9816233895410849, 1.2928647791842307, 1.308966777853954], "Sigma": [[0.012208153085640307, 0.009419190170621228, -0.0018152809893507654], [0.009419190170621228, 0.016909277476254907, -0.008500466987970058], [-0.0018152809893507657, -0.008500466987970058, 0.011670636815035567]], "chi2_level": 0.99, "chi2_df": 3, "chi2_threshold": 11.344866730144373, "N_raw": 68, "N_roi": 68, "N_inlier": 68, "refit": true}
{"timestamp": "16:46:58.944097", "frame": 99, "mu": [-2.082642550485837, 1.3358538014090684, 1.392565234139495], "Sigma": [[0.015032753768075375, 0.0033276044593739274, -0.01035073283670486], [0.0033276044593739274, 0.007878567652912297, -0.0049558059778114436], [-0.01035073283670486, -0.0049558059778114436, 0.010778060356510364]], "chi2_level": 0.99, "chi2_df": 3, "chi2_threshold": 11.344866730144373, "N_raw": 45, "N_roi": 45, "N_inlier": 45, "refit": true}
{"timestamp": "16:46:59.350175", "frame": 100, "mu": [-2.1541136476558345, 1.4079639356921465, -0.3797990109010674], "Sigma": [[0.01309361899201227, 0.008066832968737413, 0.006622685457157454], [0.008066832968737413, 0.01937387025471822, 0.012145763515769478], [0.006622685457157454, 0.01214576351576948, 0.016144478954330993]], "chi2_level": 0.99, "chi2_df": 3, "chi2_threshold": 11.344866730144373, "N_raw": 48, "N_roi": 48, "N_inlier": 48, "refit": true}
{"timestamp": "16:46:59.372643", "frame": 101, "mu": [-2.1776227624090967, 1.5026774563664649, -0.13728729202227424], "Sigma": [[0.013917347941364016, 0.006557509490684146, -0.005909382375039159], [0.006557509490684146, 0.013822665347272983, -0.005335950725911859], [-0.005909382375039159, -0.005335950725911859, 0.0041315556344794155]], "chi2_level": 0.99, "chi2_df": 3, "chi2_threshold": 11.344866730144373, "N_raw": 54, "N_roi": 54, "N_inlier": 54, "refit": true}
{"timestamp": "16:46:59.393403", "frame": 102, "mu": [-2.265527344125873, 1.530636905144515, -0.006739027739942327], "Sigma": [[0.012623835352908916, 0.009573294943055926, -0.007764814325973876], [0.009573294943055928, 0.01893648494981933, -0.005709882802330795], [-0.007764814325973876, -0.005709882802330795, 0.006092038509769984]], "chi2_level": 0.99, "chi2_df": 3, "chi2_threshold": 11.344866730144373, "N_raw": 49, "N_roi": 49, "N_inlier": 49, "refit": true}
{"timestamp": "16:46:59.420267", "frame": 103, "mu": [-2.2571911522415573, 1.6356314856016725, 1.5082975249002353], "Sigma": [[0.013549426868018017, 0.01034190283282746, -0.01357760828919365], [0.010341902832827462, 0.015042665632749313, -0.015103424130664806], [-0.01357760828919365, -0.015103424130664806, 0.028519673284832486]], "chi2_level": 0.99, "chi2_df": 3, "chi2_threshold": 11.344866730144373, "N_raw": 51, "N_roi": 51, "N_inlier": 50, "refit": true}
{"timestamp": "16:46:59.454573", "frame": 104, "mu": [-2.2779192953009697, 1.6351378572901434, 0.09412503176104998], "Sigma": [[0.011062848155890473, 0.008057442122046336, -0.008287543348922734], [0.008057442122046336, 0.012921017872628825, -0.006040204874279978], [-0.008287543348922734, -0.006040204874279978, 0.007922898999911653]], "chi2_level": 0.99, "chi2_df": 3, "chi2_threshold": 11.344866730144373, "N_raw": 41, "N_roi": 39, "N_inlier": 37, "refit": true}
{"timestamp": "16:46:59.494004", "frame": 105, "mu": [-2.2861129562585734, 1.6562111299923061, 1.6002481917572715], "Sigma": [[0.012198982773205377, 0.007172290523299468, -0.010130954693175053], [0.007172290523299468, 0.015036172676728717, -0.01031997823290886], [-0.010130954693175053, -0.01031997823290886, 0.011762376795226612]], "chi2_level": 0.99, "chi2_df": 3, "chi2_threshold": 11.344866730144373, "N_raw": 57, "N_roi": 53, "N_inlier": 51, "refit": true}
{"timestamp": "16:46:59.528937", "frame": 106, "mu": [-2.345820210767393, 1.7391759711697745, 0.15537817664787562], "Sigma": [[0.010444070522628452, 0.010423104618368682, -0.008268057105833271], [0.010423104618368682, 0.021783144665849956, -0.00804785928398765], [-0.008268057105833271, -0.00804785928398765, 0.010007751769175574]], "chi2_level": 0.99, "chi2_df": 3, "chi2_threshold": 11.344866730144373, "N_raw": 45, "N_roi": 37, "N_inlier": 34, "refit": true}
{"timestamp": "16:46:59.561216", "frame": 107, "mu": [-2.3407053483568476, 1.8852140454151045, 0.0576451618496144], "Sigma": [[0.013148530566751731, 0.014105358427021623, -0.014475670041932818], [0.014105358427021623, 0.026464819454026747, -0.030720855567117115], [-0.014475670041932818, -0.030720855567117115, 0.04119679100751436]], "chi2_level": 0.99, "chi2_df": 3, "chi2_threshold": 11.344866730144373, "N_raw": 31, "N_roi": 25, "N_inlier": 23, "refit": true}
{"timestamp": "16:46:59.592429", "frame": 108, "mu": [-2.3115225346191552, 1.9754399653392436, 0.23971354213027327], "Sigma": [[0.013748951473323742, 0.015181557932796123, -0.007152456327164302], [0.015181557932796123, 0.026927143418879983, -0.010831081116035403], [-0.007152456327164302, -0.010831081116035403, 0.006535406153352978]], "chi2_level": 0.99, "chi2_df": 3, "chi2_threshold": 11.344866730144373, "N_raw": 61, "N_roi": 45, "N_inlier": 44, "refit": true}
{"timestamp": "16:46:59.614077", "frame": 109, "mu": [-2.220464742416513, 2.020892895452895, 0.11226389901869235], "Sigma": [[0.023836340968435486, 0.02108130985458343, -0.02124839191909774], [0.02108130985458343, 0.029286639905642144, -0.01302434889583336], [-0.02124839191909774, -0.01302434889583336, 0.023938826578381235]], "chi2_level": 0.99, "chi2_df": 3, "chi2_threshold": 11.344866730144373, "N_raw": 89, "N_roi": 73, "N_inlier": 72, "refit": true}
{"timestamp": "16:46:59.652195", "frame": 110, "mu": [-2.2520107694509774, 2.109216924122603, 0.22765844522335513], "Sigma": [[0.02122038628522058, 0.0177798156142673, -0.014884075248962597], [0.0177798156142673, 0.0240154837178454, -0.012257516397829234], [-0.014884075248962597, -0.012257516397829234, 0.026060423504531128]], "chi2_level": 0.99, "chi2_df": 3, "chi2_threshold": 11.344866730144373, "N_raw": 75, "N_roi": 59, "N_inlier": 55, "refit": true}
{"timestamp": "16:46:59.695234", "frame": 111, "mu": [-2.3267625027279824, 2.1156261591729195, 0.3285298175770116], "Sigma": [[0.01227491269089982, 0.0109967413816471, -0.009048016712792062], [0.010996741381647097, 0.018693874870560404, -0.012361087830956805], [-0.009048016712792062, -0.012361087830956805, 0.017947941925654614]], "chi2_level": 0.99, "chi2_df": 3, "chi2_threshold": 11.344866730144373, "N_raw": 60, "N_roi": 37, "N_inlier": 35, "refit": true}
{"timestamp": "16:46:59.737992", "frame": 112, "mu": [-2.2842131611006935, 2.337615641744657, -0.0850522431704142], "Sigma": [[0.021608986828646343, 0.0057221674952151694, 0.038025833954934], [0.0057221674952151694, 0.019159100141993374, -0.028858672212499367], [0.03802583395493401, -0.02885867221249937, 0.1837327854239535]], "chi2_level": 0.99, "chi2_df": 3, "chi2_threshold": 11.344866730144373, "N_raw": 22, "N_roi": 10, "N_inlier": 10, "refit": true}
{"timestamp": "16:46:59.748942", "frame": 113, "mu": [-2.37330071652907, 2.130458665868323, 0.5075683471412327], "Sigma": [[0.009453091756882482, 0.01144745020010713, -0.005906221585148379], [0.01144745020010713, 0.02015136340810892, -0.00695593300248047], [-0.005906221585148379, -0.006955933002480471, 0.00695085326562384]], "chi2_level": 0.99, "chi2_df": 3, "chi2_threshold": 11.344866730144373, "N_raw": 30, "N_roi": 17, "N_inlier": 17, "refit": true}
