{"timestamp": "14:39:44.516846", "frame": 4, "mu": [2.0980809939368616, 3.9764462747458924, 1.272384209970097], "Sigma": [[0.7326842604572251, 1.3057353448903242, -0.28216103602024134], [1.3057353448903242, 2.329650129614486, -0.5003141106051977], [-0.2821610360202413, -0.5003141106051977, 0.12240032410998868]], "chi2_level": 0.997, "chi2_df": 3, "chi2_threshold": 13.931422665512084, "N_raw": 6, "N_roi": 5, "N_inlier": 5, "refit": true}
{"timestamp": "14:39:44.736974", "frame": 8, "mu": [2.321119149982626, 4.621540313052056, 1.2065333499453061], "Sigma": [[0.004701242841558769, 0.0012638302375651428, -0.009454832925978264], [0.0012638302375651428, 0.002186233555690573, -0.004764759202300564], [-0.009454832925978263, -0.004764759202300563, 0.02415902418286712]], "chi2_level": 0.997, "chi2_df": 3, "chi2_threshold": 13.931422665512084, "N_raw": 5, "N_roi": 5, "N_inlier": 5, "refit": true}
{"timestamp": "14:39:44.850544", "frame": 10, "mu": [2.310913109936255, 4.570580513712097, 1.0848239098915193], "Sigma": [[0.016323669265845345, -0.007721999772144749, -0.011231971076840812], [-0.00772199977214475, 0.005991332320145719, 0.0047399106023532905], [-0.011231971076840812, 0.004739910602353289, 0.011002929777333961]], "chi2_level": 0.997, "chi2_df": 3, "chi2_threshold": 13.931422665512084, "N_raw": 25, "N_roi": 19, "N_inlier": 18, "refit": true}
{"timestamp": "14:39:44.960627", "frame": 12, "mu": [2.2466916924082705, 4.551270338056942, 1.04151994496182], "Sigma": [[0.02152848296053453, -0.013523598994086172, -0.007888805665656782], [-0.013523598994086169, 0.010941604156933056, 0.005840823649126769], [-0.007888805665656782, 0.00584082364912677, 0.004404969317966699]], "chi2_level": 0.997, "chi2_df": 3, "chi2_threshold": 13.931422665512084, "N_raw": 22, "N_roi": 16, "N_inlier": 16, "refit": true}
{"timestamp": "14:39:45.068628", "frame": 14, "mu": [2.2182889352794257, 4.420443461616212, 0.8892412806975959], "Sigma": [[0.009837611063938377, -0.005480521377076792, -0.005502049380718273], [-0.005480521377076792, 0.006592134530195687, 0.004510145334373722], [-0.005502049380718273, 0.004510145334373722, 0.004416392031615299]], "chi2_level": 0.997, "chi2_df": 3, "chi2_threshold": 13.931422665512084, "N_raw": 13, "N_roi": 10, "N_inlier": 10, "refit": true}
{"timestamp": "14:39:45.127116", "frame": 15, "mu": [2.197146740203674, 4.475645763060544, 0.8637224849131202], "Sigma": [[0.02419766456420064, -0.015047994698605637, -0.008017744518334733], [-0.015047994698605637, 0.014097130197673042, 0.005830078023957049], [-0.008017744518334733, 0.005830078023957049, 0.003977070943270899]], "chi2_level": 0.997, "chi2_df": 3, "chi2_threshold": 13.931422665512084, "N_raw": 37, "N_roi": 33, "N_inlier": 33, "refit": true}
{"timestamp": "14:39:45.179244", "frame": 16, "mu": [2.08057426948729, 4.5391024076230835, 1.1056175544431799], "Sigma": [[0.0015116304496450147, -0.0010869768886429395, -0.0016073748577138188], [-0.0010869768886429395, 0.005777122285798606, 0.00396825208425101], [-0.001607374857713819, 0.003968252084251011, 0.00382073959828832]], "chi2_level": 0.997, "chi2_df": 3, "chi2_threshold": 13.931422665512084, "N_raw": 6, "N_roi": 6, "N_inlier": 6, "refit": true}
{"timestamp": "14:39:45.236568", "frame": 17, "mu": [2.0958127272162965, 4.5538085294129305, 1.142739588129966], "Sigma": [[0.016941858373464937, -0.007292205595447541, -0.005065163293922849], [-0.007292205595447541, 0.005600885280749249, 0.00307612186068836], [-0.005065163293922849, 0.0030761218606883602, 0.0034755241714007003]], "chi2_level": 0.997, "chi2_df": 3, "chi2_threshold": 13.931422665512084, "N_raw": 19, "N_roi": 19, "N_inlier": 19, "refit": true}
{"timestamp": "14:39:45.403088", "frame": 20, "mu": [2.0024628846219903, 4.493151371608784, 1.0845605386205088], "Sigma": [[0.025707023488603323, -0.013805730119693965, -0.014590560770496024], [-0.013805730119693967, 0.010700385354225678, 0.0089356317400305], [-0.014590560770496024, 0.0089356317400305, 0.010679119856788348]], "chi2_level": 0.997, "chi2_df": 3, "chi2_threshold": 13.931422665512084, "N_raw": 31, "N_roi": 31, "N_inlier": 31, "refit": true}
{"timestamp": "14:39:45.455679", "frame": 21, "mu": [1.9098138965801137, 4.575684542391371, 0.35388116726134833], "Sigma": [[0.004271493050812029, 0.001760074053623681, -0.010252309335142252], [0.001760074053623681, 0.0035877933603962247, -0.007105424462775576], [-0.010252309335142252, -0.007105424462775575, 0.043642632604189435]], "chi2_level": 0.997, "chi2_df": 3, "chi2_threshold": 13.931422665512084, "N_raw": 10, "N_roi": 9, "N_inlier": 9, "refit": true}
{"timestamp": "14:39:45.514761", "frame": 22, "mu": [1.8968722800070377, 4.515908992936778, 1.0790999466212583], "Sigma": [[0.025860025911978248, -0.01273022610165404, -0.009018912634550479], [-0.01273022610165404, 0.008784973903798494, 0.0026739115609203455], [-0.009018912634550479, 0.0026739115609203455, 0.008451771592873017]], "chi2_level": 0.997, "chi2_df": 3, "chi2_threshold": 13.931422665512084, "N_raw": 38, "N_roi": 37, "N_inlier": 36, "refit": true}
{"timestamp": "14:39:45.620443", "frame": 24, "mu": [1.9027782774431488, 4.405159325845864, 1.023266114812399], "Sigma": [[0.0052349674110075805, -0.0014207833251174647, -0.005304974817965045], [-0.0014207833251174645, 0.0010551683007087734, 0.0002824473877419654], [-0.005304974817965045, 0.0002824473877419652, 0.04358208969935046]], "chi2_level": 0.997, "chi2_df": 3, "chi2_threshold": 13.931422665512084, "N_raw": 12, "N_roi": 12, "N_inlier": 12, "refit": true}
{"timestamp": "14:39:45.675347", "frame": 25, "mu": [1.902008438755423, 4.332391472092817, 0.8490166138818296], "Sigma": [[0.008101996921343082, -0.0045772553539643055, -0.0034524852843743786], [-0.0045772553539643055, 0.00450784781311848, 8.552845650683448e-05], [-0.0034524852843743786, 8.552845650683458e-05, 0.005098844267103517]], "chi2_level": 0.997, "chi2_df": 3, "chi2_threshold": 13.931422665512084, "N_raw": 13, "N_roi": 12, "N_inlier": 12, "refit": true}
{"timestamp": "14:39:45.843200", "frame": 28, "mu": [1.6429113846362737, 4.401414353137308, 0.9996630732224197], "Sigma": [[0.020828058160763982, -0.011221605016913154, -0.012365783589706872], [-0.011221605016913154, 0.010122573396002985, 0.007017455570600042], [-0.012365783589706872, 0.007017455570600042, 0.00957326221026144]], "chi2_level": 0.997, "chi2_df": 3, "chi2_threshold": 13.931422665512084, "N_raw": 34, "N_roi": 32, "N_inlier": 32, "refit": true}
{"timestamp": "14:39:46.008634", "frame": 31, "mu": [1.5334755377719769, 4.369711193562891, 0.9997419333702944], "Sigma": [[0.022128521182634024, -0.008532694724287474, -0.0018871227593581065], [-0.008532694724287474, 0.007586552752422203, 0.0025020961376219205], [-0.0018871227593581065, 0.002502096137621921, 0.002653775139425932]], "chi2_level": 0.997, "chi2_df": 3, "chi2_threshold": 13.931422665512084, "N_raw": 32, "N_roi": 32, "N_inlier": 32, "refit": true}
{"timestamp": "14:39:46.064899", "frame": 32, "mu": [1.4616264941846826, 4.340064399240608, 0.9910945698016279], "Sigma": [[0.020268300120841184, -0.006110407786879593, -0.0007396687896140974], [-0.006110407786879594, 0.006414871693219358, -0.0017774369983551879], [-0.0007396687896140974, -0.0017774369983551879, 0.0021505654941718823]], "chi2_level": 0.997, "chi2_df": 3, "chi2_threshold": 13.931422665512084, "N_raw": 37, "N_roi": 37, "N_inlier": 36, "refit": true}
{"timestamp": "14:39:46.117042", "frame": 33, "mu": [1.4108868038378346, 4.358962091232327, 0.8777565265554411], "Sigma": [[0.012311700746894718, -0.006046558578532634, 0.009277460890900771], [-0.006046558578532634, 0.005872776566143639, -0.017706954752430164], [0.009277460890900771, -0.017706954752430164, 0.11876063955956134]], "chi2_level": 0.997, "chi2_df": 3, "chi2_threshold": 13.931422665512084, "N_raw": 14, "N_roi": 14, "N_inlier": 14, "refit": true}
{"timestamp": "14:39:46.225642", "frame": 35, "mu": [1.3726199365214007, 4.476388419988775, 0.7212607409756662], "Sigma": [[0.009795076502417758, -0.00983350276705281, 0.029328642689994036], [-0.00983350276705281, 0.017442173691804265, -0.03289860146856593], [0.02932864268999403, -0.03289860146856592, 0.10270185142401334]], "chi2_level": 0.997, "chi2_df": 3, "chi2_threshold": 13.931422665512084, "N_raw": 10, "N_roi": 10, "N_inlier": 10, "refit": true}
{"timestamp": "14:39:46.388929", "frame": 38, "mu": [1.1729125481621667, 4.460625826202023, 1.2101094659644078], "Sigma": [[0.0004406009490411948, -0.0012826185500453948, -0.0011658982903658762], [-0.0012826185500453948, 0.010072741061218372, 0.005729333347707112], [-0.0011658982903658762, 0.005729333347707112, 0.004201963040089956]], "chi2_level": 0.997, "chi2_df": 3, "chi2_threshold": 13.931422665512084, "N_raw": 6, "N_roi": 5, "N_inlier": 5, "refit": true}
{"timestamp": "14:39:46.445487", "frame": 39, "mu": [1.1471457660580437, 4.521900484256524, 1.0945795586583347], "Sigma": [[0.031441065123334826, -0.0055965539109903316, -0.07190188488810502], [-0.0055965539109903316, 0.008217950927062075, 0.017583493981046555], [-0.07190188488810502, 0.017583493981046555, 0.17857484478771574]], "chi2_level": 0.997, "chi2_df": 3, "chi2_threshold": 13.931422665512084, "N_raw": 14, "N_roi": 5, "N_inlier": 5, "refit": true}
{"timestamp": "14:39:46.503427", "frame": 40, "mu": [1.0624967585920546, 4.4519293969681035, 1.1673432401331292], "Sigma": [[0.009082664614848798, -0.005807673990405866, -0.012861761049822599], [-0.005807673990405866, 0.009703731719132103, 0.01792758688347617], [-0.0128617610498226, 0.01792758688347617, 0.03629699379492561]], "chi2_level": 0.997, "chi2_df": 3, "chi2_threshold": 13.931422665512084, "N_raw": 31, "N_roi": 19, "N_inlier": 18, "refit": true}
{"timestamp": "14:39:46.561425", "frame": 41, "mu": [1.0486537738642112, 4.4584286636400074, 1.126489575317253], "Sigma": [[0.02345127042682403, -0.013477321089158147, -0.02768383932153276], [-0.013477321089158147, 0.021229880897350596, 0.03432768571423682], [-0.02768383932153276, 0.03432768571423682, 0.06291099194600366]], "chi2_level": 0.997, "chi2_df": 3, "chi2_threshold": 13.931422665512084, "N_raw": 55, "N_roi": 55, "N_inlier": 55, "refit": true}
{"timestamp": "14:39:46.615110", "frame": 42, "mu": [0.9040138825296902, 4.542713420818046, 1.379216257415292], "Sigma": [[0.019655859690920163, -0.007802442447519187, -0.021316334783297503], [-0.007802442447519187, 0.010561982272832199, 0.021740269501597374], [-0.0213163347832975, 0.021740269501597374, 0.049993145975166076]], "chi2_level": 0.997, "chi2_df": 3, "chi2_threshold": 13.931422665512084, "N_raw": 37, "N_roi": 34, "N_inlier": 34, "refit": true}
{"timestamp": "14:39:46.666722", "frame": 43, "mu": [0.9207985786250421, 4.371491374765011, 0.9804586875799566], "Sigma": [[0.005685407491118955, -0.007602875791929357, -0.015390343529424595], [-0.007602875791929357, 0.020514057011368436, 0.041619932667202805], [-0.015390343529424595, 0.041619932667202805, 0.09101148375901873]], "chi2_level": 0.997, "chi2_df": 3, "chi2_threshold": 13.931422665512084, "N_raw": 15, "N_roi": 8, "N_inlier": 8, "refit": true}
{"timestamp": "14:39:46.725053", "frame": 44, "mu": [0.9034284658562892, 4.424983663886554, 1.086016517495559], "Sigma": [[0.019276764413673875, -0.005982170881024554, -0.011265809816057331], [-0.005982170881024554, 0.007098672700138588, 0.008463333728181626], [-0.011265809816057331, 0.008463333728181626, 0.013390439605807186]], "chi2_level": 0.997, "chi2_df": 3, "chi2_threshold": 13.931422665512084, "N_raw": 38, "N_roi": 34, "N_inlier": 34, "refit": true}
{"timestamp": "14:39:46.776782", "frame": 45, "mu": [0.8293959175571792, 4.531452296370301, 1.183784363090294], "Sigma": [[0.000494913366998968, -0.0008935549138845687, -0.0016009366004028725], [-0.0008935549138845687, 0.009276349449242919, 0.0069930428122438005], [-0.0016009366004028727, 0.0069930428122438005, 0.0128769021014698]], "chi2_level": 0.997, "chi2_df": 3, "chi2_threshold": 13.931422665512084, "N_raw": 17, "N_roi": 5, "N_inlier": 5, "refit": true}
{"timestamp": "14:39:46.834310", "frame": 46, "mu": [0.8530662351497181, 4.448683931214907, 1.1429091319152866], "Sigma": [[0.0198551947242835, -0.00563697228106792, -0.00933929132018769], [-0.00563697228106792, 0.006786014078854258, 0.007305665830651625], [-0.00933929132018769, 0.007305665830651625, 0.009721602102218577]], "chi2_level": 0.997, "chi2_df": 3, "chi2_threshold": 13.931422665512084, "N_raw": 39, "N_roi": 35, "N_inlier": 35, "refit": true}
{"timestamp": "14:39:46.893657", "frame": 47, "mu": [0.7322435327921724, 4.438921346131307, 1.1034525708714338], "Sigma": [[0.024707405663419786, -0.007264004351390022, -0.013427297530961566], [-0.007264004351390022, 0.010784362447502268, 0.014247999000972497], [-0.013427297530961566, 0.014247999000972497, 0.0219862980479952]], "chi2_level": 0.997, "chi2_df": 3, "chi2_threshold": 13.931422665512084, "N_raw": 59, "N_roi": 50, "N_inlier": 48, "refit": true}
{"timestamp": "14:39:46.945264", "frame": 48, "mu": [0.7490574475008135, 4.476038253581059, 1.1743367749550566], "Sigma": [[0.017889334005729632, -0.004559681653408531, -0.005837778614625309], [-0.004559681653408532, 0.005409898853194811, 0.0036724848883426652], [-0.005837778614625309, 0.003672484888342666, 0.005215189421259116]], "chi2_level": 0.997, "chi2_df": 3, "chi2_threshold": 13.931422665512084, "N_raw": 38, "N_roi": 34, "N_inlier": 33, "refit": true}
{"timestamp": "14:39:46.997857", "frame": 49, "mu": [0.6849497350778622, 4.454841748886282, 1.0241526215087393], "Sigma": [[0.012128461853934994, -0.0010095737432507424, -0.0038274763768150256], [-0.0010095737432507428, 0.011617091509347545, -0.0037018480852132503], [-0.0038274763768150256, -0.0037018480852132503, 0.03239342563799828]], "chi2_level": 0.997, "chi2_df": 3, "chi2_threshold": 13.931422665512084, "N_raw": 25, "N_roi": 23, "N_inlier": 22, "refit": true}
{"timestamp": "14:39:47.052391", "frame": 50, "mu": [0.5981869212246079, 4.451563908550925, 1.055251260588908], "Sigma": [[0.015697248806444433, -0.005286024081866425, -0.018776373126575485], [-0.005286024081866425, 0.007833840414736259, 0.01514704283349161], [-0.018776373126575485, 0.01514704283349161, 0.0750011211096871]], "chi2_level": 0.997, "chi2_df": 3, "chi2_threshold": 13.931422665512084, "N_raw": 25, "N_roi": 25, "N_inlier": 24, "refit": true}
{"timestamp": "14:39:47.105534", "frame": 51, "mu": [0.6560366823493118, 4.303399718268962, 0.863472107539794], "Sigma": [[0.0047844632708068996, -0.00044977899514694463, -0.004051528188622424], [-0.00044977899514694463, 0.0015392255308734194, -0.00026062001436309083], [-0.004051528188622423, -0.0002606200143630909, 0.004851238611287052]], "chi2_level": 0.997, "chi2_df": 3, "chi2_threshold": 13.931422665512084, "N_raw": 9, "N_roi": 9, "N_inlier": 9, "refit": true}
{"timestamp": "14:39:47.162427", "frame": 52, "mu": [0.5476523922954039, 4.421092445159379, 1.234577564079376], "Sigma": [[0.016739822175926254, -0.0031396955523109583, -0.008307801217291856], [-0.0031396955523109583, 0.0034013113529558214, 0.003119380211984299], [-0.008307801217291856, 0.0031193802119842996, 0.005966990890390733]], "chi2_level": 0.997, "chi2_df": 3, "chi2_threshold": 13.931422665512084, "N_raw": 27, "N_roi": 25, "N_inlier": 24, "refit": true}
{"timestamp": "14:39:47.215665", "frame": 53, "mu": [0.5831517263504674, 4.292510560465034, 0.8918535621503575], "Sigma": [[0.006626941759557579, -0.0011805854718330653, -0.005321463582331853], [-0.0011805854718330653, 0.0011999555118339534, -0.0001296838282001387], [-0.005321463582331853, -0.0001296838282001387, 0.008030992828057963]], "chi2_level": 0.997, "chi2_df": 3, "chi2_threshold": 13.931422665512084, "N_raw": 12, "N_roi": 12, "N_inlier": 11, "refit": true}
{"timestamp": "14:39:47.274413", "frame": 54, "mu": [0.4621046053638205, 4.379034968231381, 1.160029820315723], "Sigma": [[0.021399727604648602, -0.005072420269646766, -0.013249857266577571], [-0.005072420269646766, 0.006492093214331916, 0.008686305589342849], [-0.013249857266577571, 0.00868630558934285, 0.016259520249415856]], "chi2_level": 0.997, "chi2_df": 3, "chi2_threshold": 13.931422665512084, "N_raw": 39, "N_roi": 39, "N_inlier": 37, "refit": true}
{"timestamp": "14:39:47.329154", "frame": 55, "mu": [0.4250411521573801, 4.375583412635223, 1.1358946777342607], "Sigma": [[0.021391264944868385, -0.006158859125109216, -0.011631826062451226], [-0.006158859125109216, 0.007824296341596046, 0.01198546545359104], [-0.011631826062451226, 0.01198546545359104, 0.020688860020948344]], "chi2_level": 0.997, "chi2_df": 3, "chi2_threshold": 13.931422665512084, "N_raw": 36, "N_roi": 36, "N_inlier": 36, "refit": true}
{"timestamp": "14:39:47.384472", "frame": 56, "mu": [0.351096559881789, 4.3248087052403505, 1.089094822269218], "Sigma": [[0.02131695301499083, -0.0035310524376829426, -0.005650417880245157], [-0.0035310524376829426, 0.004802118277283186, 0.004891914139606178], [-0.005650417880245157, 0.004891914139606178, 0.006297024263631791]], "chi2_level": 0.997, "chi2_df": 3, "chi2_threshold": 13.931422665512084, "N_raw": 35, "N_roi": 35, "N_inlier": 34, "refit": true}
{"timestamp": "14:39:47.439459", "frame": 57, "mu": [0.2865732263024738, 4.313746228033195, 1.0720810519851078], "Sigma": [[0.028147885937525992, -0.0034615395099039806, -0.013748608304188854], [-0.00346153950990398, 0.005089422199020708, 0.005798749630383917], [-0.013748608304188854, 0.005798749630383917, 0.012358972793727448]], "chi2_level": 0.997, "chi2_df": 3, "chi2_threshold": 13.931422665512084, "N_raw": 42, "N_roi": 42, "N_inlier": 42, "refit": true}
{"timestamp": "14:39:47.492513", "frame": 58, "mu": [0.3045953128615503, 4.45578042440883, 1.2799565501954966], "Sigma": [[0.015100606385562763, -0.0014133048614557728, -0.005745997389820529], [-0.001413304861455773, 0.0015737563238688481, -4.370255703011285e-05], [-0.005745997389820529, -4.3702557030112854e-05, 0.0037863140310366323]], "chi2_level": 0.997, "chi2_df": 3, "chi2_threshold": 13.931422665512084, "N_raw": 25, "N_roi": 21, "N_inlier": 21, "refit": true}
{"timestamp": "14:39:47.603460", "frame": 60, "mu": [0.2034615285351336, 4.35832357385427, 1.0601950722518918], "Sigma": [[0.021037333476396566, -0.0013998789149685226, -0.009847937464476705], [-0.001399878914968523, 0.00274882224629212, -0.000860310690132609], [-0.009847937464476705, -0.0008603106901326089, 0.006797259146189945]], "chi2_level": 0.997, "chi2_df": 3, "chi2_threshold": 13.931422665512084, "N_raw": 37, "N_roi": 36, "N_inlier": 36, "refit": true}
{"timestamp": "14:39:47.654445", "frame": 61, "mu": [0.0008975653271842722, 4.562618178975628, 0.1785284839081349], "Sigma": [[0.011651536411676976, -0.020547489362596726, 0.052857942871605716], [-0.02054748936259673, 0.046361633960636126, -0.09575718650961346], [0.05285794287160572, -0.09575718650961346, 0.24976640916107584]], "chi2_level": 0.997, "chi2_df": 3, "chi2_threshold": 13.931422665512084, "N_raw": 6, "N_roi": 6, "N_inlier": 6, "refit": true}
{"timestamp": "14:39:47.712423", "frame": 62, "mu": [0.06749689169350248, 4.483412036285044, 1.428992424552583], "Sigma": [[0.018975887046248283, -0.001885415473289846, -0.01149065614288328], [-0.001885415473289846, 0.002031597215325303, 0.0019582885621268926], [-0.01149065614288328, 0.001958288562126892, 0.008953243371268021]], "chi2_level": 0.997, "chi2_df": 3, "chi2_threshold": 13.931422665512084, "N_raw": 27, "N_roi": 26, "N_inlier": 24, "refit": true}
{"timestamp": "14:39:47.766569", "frame": 63, "mu": [-0.0013868831566630395, 4.4613612699526, 1.008298818556027], "Sigma": [[0.0013962475036402207, -0.0006137901510070568, 0.013699475441346694], [-0.0006137901510070568, 0.013863647075824739, -0.03164756707817735], [0.013699475441346694, -0.03164756707817734, 0.30096933529082925]], "chi2_level": 0.997, "chi2_df": 3, "chi2_threshold": 13.931422665512084, "N_raw": 20, "N_roi": 7, "N_inlier": 7, "refit": true}
{"timestamp": "14:39:47.824255", "frame": 64, "mu": [-0.005124677673147873, 4.398185982182728, 1.101974191726153], "Sigma": [[0.016707636479531017, 0.0004954418572787572, -0.005391582711812079], [0.0004954418572787568, 0.0037681697440082257, 0.0009642073936337238], [-0.005391582711812079, 0.0009642073936337238, 0.0030334311575119007]], "chi2_level": 0.997, "chi2_df": 3, "chi2_threshold": 13.931422665512084, "N_raw": 36, "N_roi": 32, "N_inlier": 32, "refit": true}
{"timestamp": "14:39:47.937700", "frame": 66, "mu": [-0.14583824408647927, 4.53563563774142, 1.421698100366815], "Sigma": [[0.015295500972001134, -0.001055741955269611, -0.007722138113723628], [-0.0010557419552696113, 0.001658434010340557, 0.0006909073406231946], [-0.007722138113723628, 0.0006909073406231945, 0.006311142814465469]], "chi2_level": 0.997, "chi2_df": 3, "chi2_threshold": 13.931422665512084, "N_raw": 61, "N_roi": 23, "N_inlier": 21, "refit": true}
{"timestamp": "14:39:47.989312", "frame": 67, "mu": [-0.20202768058067294, 4.376178880569422, 1.1051910136485166], "Sigma": [[0.01603317140584736, -0.0006624615309139724, -0.0084221682372166], [-0.0006624615309139724, 0.008325371717774522, 0.017067263761790064], [-0.0084221682372166, 0.017067263761790064, 0.041098973657411254]], "chi2_level": 0.997, "chi2_df": 3, "chi2_threshold": 13.931422665512084, "N_raw": 32, "N_roi": 32, "N_inlier": 30, "refit": true}
{"timestamp": "14:39:48.045418", "frame": 68, "mu": [-0.2073200317268696, 4.463572310464202, 1.3192091041711078], "Sigma": [[0.020933750988999834, -0.002593077691147148, -0.010445762378809034], [-0.002593077691147148, 0.006949461689263974, 0.0054459557878931315], [-0.010445762378809034, 0.0054459557878931315, 0.010217128140483525]], "chi2_level": 0.997, "chi2_df": 3, "chi2_threshold": 13.931422665512084, "N_raw": 46, "N_roi": 46, "N_inlier": 44, "refit": true}
{"timestamp": "14:39:48.096989", "frame": 69, "mu": [-0.31191386233362267, 4.3750530248938775, 1.007651407808209], "Sigma": [[0.019991855054925425, 0.004988836155828084, -0.03238096329732414], [0.004988836155828084, 0.0035947394253211485, -0.01621469827549013], [-0.03238096329732414, -0.01621469827549013, 0.09894481541325637]], "chi2_level": 0.997, "chi2_df": 3, "chi2_threshold": 13.931422665512084, "N_raw": 24, "N_roi": 24, "N_inlier": 24, "refit": true}
{"timestamp": "14:39:48.152758", "frame": 70, "mu": [-0.3617796808487367, 4.452158635781705, 0.23650997671515545], "Sigma": [[0.014960828971032025, 0.0022641387463550756, -0.00655660329675871], [0.0022641387463550756, 0.006705720777642541, -0.006836583824109876], [-0.006556603296758711, -0.006836583824109876, 0.010004821357492857]], "chi2_level": 0.997, "chi2_df": 3, "chi2_threshold": 13.931422665512084, "N_raw": 27, "N_roi": 27, "N_inlier": 25, "refit": true}
{"timestamp": "14:39:48.207247", "frame": 71, "mu": [-0.5143400516129506, 4.308780907504679, 0.9839169750417484], "Sigma": [[0.015292623432836454, 0.0007701255117201159, -0.00023849785626268153], [0.0007701255117201159, 0.0016315549839890666, -0.0003883138726003026], [-0.00023849785626268153, -0.0003883138726003026, 9.368264855447788e-05]], "chi2_level": 0.997, "chi2_df": 3, "chi2_threshold": 13.931422665512084, "N_raw": 23, "N_roi": 21, "N_inlier": 20, "refit": true}
{"timestamp": "14:39:48.264283", "frame": 72, "mu": [-0.4452968921613931, 4.463772613997387, 0.21597052621743565], "Sigma": [[0.028244249479376055, 0.006510663013596034, -0.009002563953930008], [0.006510663013596032, 0.019190525750028595, -0.0318728245887567], [-0.009002563953930008, -0.031872824588756704, 0.058197572232024465]], "chi2_level": 0.997, "chi2_df": 3, "chi2_threshold": 13.931422665512084, "N_raw": 32, "N_roi": 32, "N_inlier": 32, "refit": true}
{"timestamp": "14:39:48.425636", "frame": 75, "mu": [-0.725615505492377, 4.4800593580450085, 0.693976744020223], "Sigma": [[0.024747146501879848, -0.0062062278210310885, 0.0658083218331561], [-0.006206227821031087, 0.005880886941203794, -0.015294961603969362], [0.0658083218331561, -0.015294961603969362, 0.1769869706611514]], "chi2_level": 0.997, "chi2_df": 3, "chi2_threshold": 13.931422665512084, "N_raw": 11, "N_roi": 7, "N_inlier": 7, "refit": true}
{"timestamp": "14:39:48.539168", "frame": 77, "mu": [-0.6140695767861939, 4.466211143207406, 1.3744688544640786], "Sigma": [[0.016258884307540362, 0.0005899893653672973, -0.007447847486100713], [0.0005899893653672971, 0.0028751049796786627, 0.0009703987235076582], [-0.007447847486100713, 0.0009703987235076582, 0.005515375536789264]], "chi2_level": 0.997, "chi2_df": 3, "chi2_threshold": 13.931422665512084, "N_raw": 30, "N_roi": 25, "N_inlier": 24, "refit": true}
{"timestamp": "14:39:48.644447", "frame": 79, "mu": [-0.6677616174150498, 4.429464213593805, 0.799182708662966], "Sigma": [[0.019332170023309347, 0.017890872809171825, -0.053822987092273], [0.01789087280917183, 0.0206690411827221, -0.04761815003596675], [-0.053822987092273, -0.04761815003596675, 0.15330578535729156]], "chi2_level": 0.997, "chi2_df": 3, "chi2_threshold": 13.931422665512084, "N_raw": 11, "N_roi": 6, "N_inlier": 6, "refit": true}
{"timestamp": "14:39:48.700039", "frame": 80, "mu": [-0.8086181255504346, 4.36243651305583, 0.7169817539718826], "Sigma": [[0.0004148291168154085, -0.001911517082325104, 0.002762374750415462], [-0.001911517082325104, 0.03378083649762826, -0.028145699345484807], [0.002762374750415462, -0.028145699345484807, 0.030437532210519536]], "chi2_level": 0.997, "chi2_df": 3, "chi2_threshold": 13.931422665512084, "N_raw": 10, "N_roi": 6, "N_inlier": 6, "refit": true}
{"timestamp": "14:39:48.755162", "frame": 81, "mu": [-0.8672539273071336, 4.392862920070904, 0.6292869189841874], "Sigma": [[0.003170055736278288, 0.006116312088227623, -0.009703857244112312], [0.006116312088227624, 0.0328989110378539, -0.03852900634155503], [-0.00970385724411231, -0.03852900634155503, 0.06128208391042434]], "chi2_level": 0.997, "chi2_df": 3, "chi2_threshold": 13.931422665512084, "N_raw": 11, "N_roi": 8, "N_inlier": 8, "refit": true}
{"timestamp": "14:39:48.810137", "frame": 82, "mu": [-0.8983963627492961, 4.34020396638646, 0.8719327855934718], "Sigma": [[0.004982088175190857, 0.0015676826638840809, -0.0029656405485541278], [0.0015676826638840809, 0.011937948014259925, -0.02656420894204608], [-0.0029656405485541278, -0.02656420894204608, 0.0753303397399609]], "chi2_level": 0.997, "chi2_df": 3, "chi2_threshold": 13.931422665512084, "N_raw": 13, "N_roi": 13, "N_inlier": 13, "refit": true}
{"timestamp": "14:39:48.864137", "frame": 83, "mu": [-0.9776293732116554, 4.430853172915359, 0.5035629314031346], "Sigma": [[0.002459436208231653, 0.009909462112171474, -0.01273146673378425], [0.009909462112171474, 0.043521019438761646, -0.055548332806341486], [-0.01273146673378425, -0.055548332806341486, 0.07169398892861366]], "chi2_level": 0.997, "chi2_df": 3, "chi2_threshold": 13.931422665512084, "N_raw": 5, "N_roi": 5, "N_inlier": 5, "refit": true}
{"timestamp": "14:39:48.926363", "frame": 84, "mu": [-1.0744264490679727, 4.251950695380524, 0.9832296461920714], "Sigma": [[0.017213424247034703, 0.0029795030741944515, -0.0042620820725343365], [0.0029795030741944515, 0.005555953097061005, -0.0066642615521972405], [-0.0042620820725343365, -0.00666426155219724, 0.014564565917905945]], "chi2_level": 0.997, "chi2_df": 3, "chi2_threshold": 13.931422665512084, "N_raw": 37, "N_roi": 37, "N_inlier": 35, "refit": true}
{"timestamp": "14:39:49.032598", "frame": 86, "mu": [-1.1414600174801002, 4.325207266660379, 1.1757320879282556], "Sigma": [[0.010266063725131136, 0.0012407965595626195, -0.008007442926566521], [0.0012407965595626195, 0.002664281460644584, -0.0032847321053045163], [-0.008007442926566521, -0.0032847321053045163, 0.010631586600282458]], "chi2_level": 0.997, "chi2_df": 3, "chi2_threshold": 13.931422665512084, "N_raw": 29, "N_roi": 26, "N_inlier": 26, "refit": true}
{"timestamp": "14:39:49.086926", "frame": 87, "mu": [-1.1559410714475278, 4.3560383408732, 1.1761751049616882], "Sigma": [[0.007138973036075707, 0.0006769858676123318, -0.0033345519601833554], [0.0006769858676123318, 0.0029486272519966402, -0.00037955353378580904], [-0.0033345519601833554, -0.00037955353378580904, 0.0026934558410550333]], "chi2_level": 0.997, "chi2_df": 3, "chi2_threshold": 13.931422665512084, "N_raw": 17, "N_roi": 17, "N_inlier": 17, "refit": true}
{"timestamp": "14:39:49.141457", "frame": 88, "mu": [-1.169260450240185, 4.3881848191821184, 1.0912260974433223], "Sigma": [[0.006927692235311533, -0.0010136886862457412, -0.014031690356706976], [-0.001013688686245741, 0.0034093126601631744, -0.001549608513444457], [-0.014031690356706976, -0.001549608513444457, 0.05608242049046262]], "chi2_level": 0.997, "chi2_df": 3, "chi2_threshold": 13.931422665512084, "N_raw": 15, "N_roi": 13, "N_inlier": 13, "refit": true}
{"timestamp": "14:39:49.197546", "frame": 89, "mu": [-1.291525625956636, 4.3971132956057355, 1.28563676548465], "Sigma": [[0.017057326344629385, 0.002346656660166004, -0.011087690032021731], [0.0023466566601660034, 0.003058970029919024, -0.00021667109567973569], [-0.011087690032021731, -0.00021667109567973593, 0.009291119980183523]], "chi2_level": 0.997, "chi2_df": 3, "chi2_threshold": 13.931422665512084, "N_raw": 27, "N_roi": 24, "N_inlier": 24, "refit": true}
{"timestamp": "14:39:49.251056", "frame": 90, "mu": [-1.2706916719466586, 4.386316199210698, 1.02526495664016], "Sigma": [[0.0027427411261971026, 0.0010104244994674305, -0.019591781196663622], [0.0010104244994674305, 0.0072636623708529436, -0.004487897632615479], [-0.019591781196663622, -0.0044878976326154785, 0.32334726046804557]], "chi2_level": 0.997, "chi2_df": 3, "chi2_threshold": 13.931422665512084, "N_raw": 11, "N_roi": 7, "N_inlier": 7, "refit": true}
{"timestamp": "14:39:49.304611", "frame": 91, "mu": [-1.0478590255173181, 3.7316018714394246, 0.9638020198181732], "Sigma": [[0.24056455971394933, -0.7126630178932531, 0.19589102672467715], [-0.7126630178932531, 2.210480147414095, -0.7088387294111876], [0.19589102672467715, -0.7088387294111876, 0.3306119972822322]], "chi2_level": 0.997, "chi2_df": 3, "chi2_threshold": 13.931422665512084, "N_raw": 6, "N_roi": 6, "N_inlier": 6, "refit": true}
{"timestamp": "14:39:49.360917", "frame": 92, "mu": [-1.5093234572499166, 4.289951792395687, 1.141983417662375], "Sigma": [[0.008667327841696902, 0.0025946308580930134, -0.004181267058503793], [0.0025946308580930134, 0.0029965110310622703, -0.0011281573106768999], [-0.004181267058503793, -0.0011281573106769, 0.0029226730630000897]], "chi2_level": 0.997, "chi2_df": 3, "chi2_threshold": 13.931422665512084, "N_raw": 15, "N_roi": 12, "N_inlier": 12, "refit": true}
{"timestamp": "14:39:49.416420", "frame": 93, "mu": [-1.2736754844811318, 4.028331694923399, 0.6727686797564744], "Sigma": [[0.19109600292940676, -0.37655567408171786, 0.04710305557194899], [-0.37655567408171786, 1.092597078064887, -0.43850855814067197], [0.04710305557194898, -0.43850855814067197, 0.3630495518680727]], "chi2_level": 0.997, "chi2_df": 3, "chi2_threshold": 13.931422665512084, "N_raw": 15, "N_roi": 9, "N_inlier": 9, "refit": true}
{"timestamp": "14:39:49.470577", "frame": 94, "mu": [-1.533426644161621, 4.348070738364065, 1.1875877405434154], "Sigma": [[0.003374900635202344, 0.002183186817494678, -0.0008802915982352806], [0.002183186817494678, 0.006202228679952114, 0.0016273877344142682], [-0.0008802915982352807, 0.0016273877344142682, 0.00372704603327913]], "chi2_level": 0.997, "chi2_df": 3, "chi2_threshold": 13.931422665512084, "N_raw": 13, "N_roi": 10, "N_inlier": 9, "refit": true}
{"timestamp": "14:39:49.531637", "frame": 95, "mu": [-1.6282191334837357, 4.3028603327711945, 0.9336343316924839], "Sigma": [[0.011916535261956606, 0.005498191204302861, -0.02976442594499114], [0.005498191204302861, 0.011739808756651928, -0.01142827526036512], [-0.02976442594499114, -0.01142827526036512, 0.08237367909882955]], "chi2_level": 0.997, "chi2_df": 3, "chi2_threshold": 13.931422665512084, "N_raw": 53, "N_roi": 7, "N_inlier": 7, "refit": true}
{"timestamp": "14:39:49.579989", "frame": 96, "mu": [-1.7075885062909792, 4.302628923637663, 1.0893685874976355], "Sigma": [[0.0034177555270076265, 0.004945386905976997, -0.009093825379121356], [0.004945386905976997, 0.016147371234576918, -0.005244745314531456], [-0.009093825379121356, -0.005244745314531456, 0.04659017280289321]], "chi2_level": 0.997, "chi2_df": 3, "chi2_threshold": 13.931422665512084, "N_raw": 7, "N_roi": 7, "N_inlier": 7, "refit": true}
{"timestamp": "14:39:49.639342", "frame": 97, "mu": [-1.782641382906135, 4.303119580594904, 1.2105020909027835], "Sigma": [[0.00828790208295803, 0.001958518088526594, -0.00784836929646786], [0.001958518088526594, 0.006053284825932251, -0.0007924420888214545], [-0.00784836929646786, -0.0007924420888214545, 0.06485782433163123]], "chi2_level": 0.997, "chi2_df": 3, "chi2_threshold": 13.931422665512084, "N_raw": 40, "N_roi": 17, "N_inlier": 17, "refit": true}
{"timestamp": "14:39:49.689771", "frame": 98, "mu": [-1.8728288672602487, 4.269541877744785, 0.8970115958137084], "Sigma": [[0.0003402920379466916, -0.0008215814473322472, 0.0018047841627544447], [-0.0008215814473322471, 0.006299028709271747, -0.01569505045533467], [0.0018047841627544443, -0.01569505045533467, 0.08501000537108284]], "chi2_level": 0.997, "chi2_df": 3, "chi2_threshold": 13.931422665512084, "N_raw": 7, "N_roi": 7, "N_inlier": 7, "refit": true}
{"timestamp": "14:39:49.745192", "frame": 99, "mu": [-1.7863816492009663, 3.9868998090638055, 1.1314659914933436], "Sigma": [[0.3022791654574366, -0.6113384337670211, 0.12205024960549726], [-0.611338433767021, 1.2447720013446517, -0.23090573679649193], [0.12205024960549726, -0.23090573679649196, 0.20723514247402966]], "chi2_level": 0.997, "chi2_df": 3, "chi2_threshold": 13.931422665512084, "N_raw": 9, "N_roi": 9, "N_inlier": 9, "refit": true}
{"timestamp": "14:39:49.852276", "frame": 100, "mu": [-1.9615346296506537, 4.319319719391412, 0.9845491243708976], "Sigma": [[0.009999140484460095, -0.004289702928287964, 0.025642725900498112], [-0.004289702928287964, 0.005792217305785463, -0.009606633714399874], [0.025642725900498112, -0.009606633714399874, 0.14557135137523583]], "chi2_level": 0.997, "chi2_df": 3, "chi2_threshold": 13.931422665512084, "N_raw": 15, "N_roi": 15, "N_inlier": 15, "refit": true}
{"timestamp": "14:39:49.890939", "frame": 101, "mu": [-1.937196548613217, 4.380581498691374, 1.3428031430123397], "Sigma": [[0.008042429431521921, 0.003578150491283847, 8.833870577633422e-05], [0.003578150491283847, 0.00470345238543062, -0.0016492222859675284], [8.833870577633422e-05, -0.0016492222859675284, 0.026324978325531417]], "chi2_level": 0.997, "chi2_df": 3, "chi2_threshold": 13.931422665512084, "N_raw": 21, "N_roi": 21, "N_inlier": 19, "refit": true}
{"timestamp": "14:39:49.922133", "frame": 102, "mu": [-1.83577302817531, 4.3988746847086455, 0.7366980388294591], "Sigma": [[0.019978329608404618, 0.009921607955604038, -0.059862952660445605], [0.009921607955604038, 0.010623794920461326, -0.03064928746876444], [-0.059862952660445605, -0.03064928746876444, 0.2571133992514024]], "chi2_level": 0.997, "chi2_df": 3, "chi2_threshold": 13.931422665512084, "N_raw": 7, "N_roi": 7, "N_inlier": 7, "refit": true}
{"timestamp": "14:39:49.968442", "frame": 103, "mu": [-2.0376804299070033, 4.403256730377849, 0.2891893305517371], "Sigma": [[0.02276815663403335, 0.017035269269408248, -0.028963267623186774], [0.017035269269408248, 0.01995519743799673, -0.037441592300707496], [-0.028963267623186774, -0.037441592300707496, 0.10139652635609948]], "chi2_level": 0.997, "chi2_df": 3, "chi2_threshold": 13.931422665512084, "N_raw": 32, "N_roi": 27, "N_inlier": 26, "refit": true}
{"timestamp": "14:39:50.021008", "frame": 104, "mu": [-1.9668930852769588, 4.516611263362063, -0.11703066186224051], "Sigma": [[0.03503530112470578, 0.039474593360803, -0.08040562829938278], [0.039474593360803, 0.04883071198105824, -0.09029554073574914], [-0.08040562829938278, -0.09029554073574916, 0.19591938133086867]], "chi2_level": 0.997, "chi2_df": 3, "chi2_threshold": 13.931422665512084, "N_raw": 11, "N_roi": 7, "N_inlier": 7, "refit": true}
{"timestamp": "14:39:50.075682", "frame": 105, "mu": [-1.8677785916431047, 3.982530876913434, 0.8746212562501097], "Sigma": [[0.36483376282595625, -0.6470028416970566, 0.16138182563477], [-0.6470028416970566, 1.2764744742176088, -0.442973531614352], [0.16138182563477002, -0.44297353161435193, 0.2661967558958089]], "chi2_level": 0.997, "chi2_df": 3, "chi2_threshold": 13.931422665512084, "N_raw": 9, "N_roi": 8, "N_inlier": 8, "refit": true}
{"timestamp": "14:39:50.132384", "frame": 106, "mu": [-2.215294346025196, 4.290561767608305, 0.2078339737415086], "Sigma": [[0.027483688608525847, 0.01457885114085428, -0.01652259342427471], [0.01457885114085428, 0.009693520830038714, -0.008486227929433501], [-0.01652259342427471, -0.008486227929433501, 0.011467142115087847]], "chi2_level": 0.997, "chi2_df": 3, "chi2_threshold": 13.931422665512084, "N_raw": 29, "N_roi": 27, "N_inlier": 27, "refit": true}
{"timestamp": "14:39:50.188296", "frame": 107, "mu": [-2.2553219124790296, 4.226150970837844, 1.0806996853100095], "Sigma": [[0.02387350501884574, 0.010650154313309654, -0.027404860028323128], [0.010650154313309654, 0.01085076954761867, -0.020524052734738944], [-0.02740486002832313, -0.020524052734738944, 0.061728753825260586]], "chi2_level": 0.997, "chi2_df": 3, "chi2_threshold": 13.931422665512084, "N_raw": 36, "N_roi": 34, "N_inlier": 34, "refit": true}
{"timestamp": "14:39:50.239609", "frame": 108, "mu": [-2.300936898975821, 4.329411424637864, 0.8642551480831271], "Sigma": [[0.0068377424863862975, 0.008415349078499584, -0.03341138802761726], [0.008415349078499584, 0.016033132947796888, -0.04420181066137424], [-0.03341138802761726, -0.04420181066137424, 0.16801202282828587]], "chi2_level": 0.997, "chi2_df": 3, "chi2_threshold": 13.931422665512084, "N_raw": 5, "N_roi": 5, "N_inlier": 5, "refit": true}
{"timestamp": "14:39:50.297517", "frame": 109, "mu": [-2.365320982379308, 4.217686923789308, 1.1274330844355087], "Sigma": [[0.007296871943219569, 0.00431471576423002, -0.008366988450575825], [0.00431471576423002, 0.009511542585682662, -0.015801979909913208], [-0.008366988450575825, -0.01580197990991321, 0.032099510887499884]], "chi2_level": 0.997, "chi2_df": 3, "chi2_threshold": 13.931422665512084, "N_raw": 26, "N_roi": 17, "N_inlier": 16, "refit": true}
{"timestamp": "14:39:50.349755", "frame": 110, "mu": [-2.4285128212893543, 4.226110462141296, 1.058228391765547], "Sigma": [[0.001191151542596515, 0.004354404269927384, -0.007316624128564683], [0.004354404269927384, 0.021522059426789635, -0.031783587635020795], [-0.007316624128564684, -0.0317835876350208, 0.06355597957113814]], "chi2_level": 0.997, "chi2_df": 3, "chi2_threshold": 13.931422665512084, "N_raw": 5, "N_roi": 5, "N_inlier": 5, "refit": true}
