{"timestamp": "13:53:30.100947", "frame": 1, "mu": [1.0187360095386262, 4.826120523859059, 1.0944171442297512], "Sigma": [[0.03221310846186214, -0.002203821289111472, -0.057938621989411215], [-0.0022038212891114716, 0.0071298146460143505, 0.0031354987545536683], [-0.05793862198941122, 0.003135498754553669, 0.1082470735658958]], "chi2_level": 0.997, "chi2_df": 3, "chi2_threshold": 13.931422665512084, "N_raw": 7, "N_roi": 5, "N_inlier": 5, "refit": true}
{"timestamp": "13:53:30.161901", "frame": 2, "mu": [1.065492173236124, 4.804951691104341, 1.0688426086733465], "Sigma": [[0.035222975273194825, -0.004997758045829816, -0.022250410299060837], [-0.004997758045829817, 0.0036254828337230855, 0.0005724096040736259], [-0.022250410299060837, 0.0005724096040736259, 0.018843048524140156]], "chi2_level": 0.997, "chi2_df": 3, "chi2_threshold": 13.931422665512084, "N_raw": 50, "N_roi": 46, "N_inlier": 46, "refit": true}
{"timestamp": "13:53:30.218142", "frame": 3, "mu": [0.9149029663245309, 4.8316645897478665, 1.1942902491652605], "Sigma": [[0.023716162897516213, -0.005399921294962083, -0.00975160470666073], [-0.005399921294962083, 0.0039550730551820385, 0.0007261550930929833], [-0.009751604706660729, 0.0007261550930929833, 0.0070706198757618235]], "chi2_level": 0.997, "chi2_df": 3, "chi2_threshold": 13.931422665512084, "N_raw": 41, "N_roi": 34, "N_inlier": 34, "refit": true}
{"timestamp": "13:53:30.379686", "frame": 6, "mu": [0.9643984249009613, 4.782433645630719, 1.0488244993611089], "Sigma": [[0.013218298352830648, -0.0005122728349257927, -0.004121560735265171], [-0.0005122728349257928, 0.0016434607265323952, -0.001218090676647792], [-0.004121560735265171, -0.0012180906766477918, 0.004165488591247607]], "chi2_level": 0.997, "chi2_df": 3, "chi2_threshold": 13.931422665512084, "N_raw": 19, "N_roi": 18, "N_inlier": 18, "refit": true}
{"timestamp": "13:53:30.436454", "frame": 7, "mu": [1.0245940307104813, 4.758280750060304, 0.77279786830727], "Sigma": [[0.02300841609791933, -0.006347275353580277, -0.01141500908106], [-0.006347275353580278, 0.0035994528792508964, 0.0025345497841528677], [-0.01141500908106, 0.0025345497841528677, 0.00815448716526686]], "chi2_level": 0.997, "chi2_df": 3, "chi2_threshold": 13.931422665512084, "N_raw": 29, "N_roi": 25, "N_inlier": 25, "refit": true}
{"timestamp": "13:53:30.488113", "frame": 8, "mu": [1.1671590743031532, 4.740946882510321, 0.7828109701277586], "Sigma": [[0.0037627625454262565, 0.003429939692674932, 0.0033446496339932627], [0.003429939692674932, 0.005320406991657432, 0.004715014415575666], [0.003344649633993262, 0.004715014415575666, 0.004769605123063985]], "chi2_level": 0.997, "chi2_df": 3, "chi2_threshold": 13.931422665512084, "N_raw": 5, "N_roi": 5, "N_inlier": 5, "refit": true}
{"timestamp": "13:53:30.543896", "frame": 9, "mu": [1.0177563132479106, 4.686494453558623, 0.6582215343582195], "Sigma": [[0.012499039237947058, 0.005977682690246018, -0.0014150107311461557], [0.005977682690246018, 0.003416111381610609, -0.0013787746834997955], [-0.0014150107311461557, -0.0013787746834997955, 0.0011001663281119025]], "chi2_level": 0.997, "chi2_df": 3, "chi2_threshold": 13.931422665512084, "N_raw": 9, "N_roi": 5, "N_inlier": 5, "refit": true}
{"timestamp": "13:53:30.601169", "frame": 10, "mu": [0.9072843948183182, 4.7059288602108715, 0.9683936008027252], "Sigma": [[0.02185064055325036, -0.006683182707601364, -0.012002736636714726], [-0.006683182707601365, 0.003816218804201803, 0.002151104612927939], [-0.012002736636714726, 0.0021511046129279393, 0.012402570552734424]], "chi2_level": 0.997, "chi2_df": 3, "chi2_threshold": 13.931422665512084, "N_raw": 30, "N_roi": 25, "N_inlier": 25, "refit": true}
{"timestamp": "13:53:30.657983", "frame": 11, "mu": [1.0242071479268346, 4.699852492175902, 0.8529015229840637], "Sigma": [[0.024656777580063717, -0.003824529511678778, -0.005278501425330484], [-0.0038245295116787776, 0.006236230331983513, 0.0020085385759397293], [-0.005278501425330483, 0.0020085385759397293, 0.0025324570496742054]], "chi2_level": 0.997, "chi2_df": 3, "chi2_threshold": 13.931422665512084, "N_raw": 43, "N_roi": 43, "N_inlier": 43, "refit": true}
{"timestamp": "13:53:30.710167", "frame": 12, "mu": [1.040725704502955, 4.67031509999824, -0.6692637730432258], "Sigma": [[0.01778703688275907, 0.004715565587838123, 0.05706948907565738], [0.004715565587838123, 0.0066293366273486734, 0.03110322600845686], [0.05706948907565738, 0.031103226008456858, 0.30785443837253446]], "chi2_level": 0.997, "chi2_df": 3, "chi2_threshold": 13.931422665512084, "N_raw": 20, "N_roi": 19, "N_inlier": 19, "refit": true}
{"timestamp": "13:53:30.768379", "frame": 13, "mu": [1.0064231920169888, 4.607254602591934, 0.8193982300896558], "Sigma": [[0.021273828020333313, -0.00561855280479999, -0.007639149806248526], [-0.005618552804799989, 0.0032450916373089117, -0.0005876647549032725], [-0.007639149806248526, -0.0005876647549032724, 0.011342638395294383]], "chi2_level": 0.997, "chi2_df": 3, "chi2_threshold": 13.931422665512084, "N_raw": 41, "N_roi": 34, "N_inlier": 34, "refit": true}
{"timestamp": "13:53:30.819233", "frame": 14, "mu": [0.9466612452215264, 4.583597164426897, 0.7711367964851529], "Sigma": [[0.005940293520506256, 0.0014778852753004634, -0.004883401540597924], [0.0014778852753004636, 0.0011378094101028057, -0.00761948711586159], [-0.004883401540597924, -0.00761948711586159, 0.07896959452399409]], "chi2_level": 0.997, "chi2_df": 3, "chi2_threshold": 13.931422665512084, "N_raw": 8, "N_roi": 6, "N_inlier": 6, "refit": true}
{"timestamp": "13:53:30.873920", "frame": 15, "mu": [1.0382283318091912, 4.53180402152948, 0.574218311237763], "Sigma": [[0.021140947160524115, 0.005648487830186032, -0.009788878151502986], [0.005648487830186032, 0.00175584558326947, -0.002175758701538157], [-0.009788878151502988, -0.002175758701538157, 0.007855424633535902]], "chi2_level": 0.997, "chi2_df": 3, "chi2_threshold": 13.931422665512084, "N_raw": 6, "N_roi": 5, "N_inlier": 5, "refit": true}
{"timestamp": "13:53:30.929651", "frame": 16, "mu": [1.0675559267565875, 4.427470226636986, 0.5850267644151993], "Sigma": [[0.007375414284797473, -0.002854509725868928, -0.009335323661703596], [-0.002854509725868928, 0.001725206564154367, 0.007278755332541128], [-0.009335323661703596, 0.007278755332541128, 0.08306095068673774]], "chi2_level": 0.997, "chi2_df": 3, "chi2_threshold": 13.931422665512084, "N_raw": 18, "N_roi": 17, "N_inlier": 17, "refit": true}
{"timestamp": "13:53:30.985843", "frame": 17, "mu": [1.06001413168336, 4.380612966131594, 0.6002760907624058], "Sigma": [[0.022511269856055532, -0.00798864846250951, -0.014726350008010572], [-0.00798864846250951, 0.00470839093502527, 0.002648456235204347], [-0.014726350008010572, 0.002648456235204347, 0.017041194335686616]], "chi2_level": 0.997, "chi2_df": 3, "chi2_threshold": 13.931422665512084, "N_raw": 29, "N_roi": 28, "N_inlier": 28, "refit": true}
{"timestamp": "13:53:31.043724", "frame": 18, "mu": [1.0744516029571431, 4.382773353548188, 0.8349953105923411], "Sigma": [[0.024030689139727106, -0.0048291576569697145, -0.020631729982769353], [-0.004829157656969714, 0.003391935813328574, 0.0005193307466271038], [-0.020631729982769353, 0.000519330746627104, 0.030601611205370395]], "chi2_level": 0.997, "chi2_df": 3, "chi2_threshold": 13.931422665512084, "N_raw": 43, "N_roi": 43, "N_inlier": 43, "refit": true}
{"timestamp": "13:53:31.099911", "frame": 19, "mu": [0.9563988444502795, 4.341330119980219, 0.9217899748962023], "Sigma": [[0.023743478193640904, -0.006877457277098827, -0.009111002486372383], [-0.006877457277098828, 0.003267982104056786, -0.0025481466287850213], [-0.009111002486372382, -0.002548146628785021, 0.0443293290822411]], "chi2_level": 0.997, "chi2_df": 3, "chi2_threshold": 13.931422665512084, "N_raw": 51, "N_roi": 51, "N_inlier": 51, "refit": true}
{"timestamp": "13:53:31.156532", "frame": 20, "mu": [0.9715718072762725, 4.295976663919471, 0.882264473245767], "Sigma": [[0.02495984644830917, -0.007614087634510521, -0.004727328076313906], [-0.007614087634510521, 0.004231144620575978, -0.004493238672841928], [-0.004727328076313906, -0.004493238672841928, 0.04243594260382995]], "chi2_level": 0.997, "chi2_df": 3, "chi2_threshold": 13.931422665512084, "N_raw": 58, "N_roi": 58, "N_inlier": 57, "refit": true}
{"timestamp": "13:53:31.209620", "frame": 21, "mu": [1.0231136843851842, 4.2260092406717185, 0.7713366472890077], "Sigma": [[0.02517019789377481, -0.004129183367713583, -0.008767288478481296], [-0.004129183367713583, 0.001769426139662415, -0.0019041721576048662], [-0.008767288478481296, -0.0019041721576048664, 0.034353611188473326]], "chi2_level": 0.997, "chi2_df": 3, "chi2_threshold": 13.931422665512084, "N_raw": 49, "N_roi": 49, "N_inlier": 48, "refit": true}
{"timestamp": "13:53:31.264779", "frame": 22, "mu": [1.109735314916406, 4.185593266258683, 0.7357075510201141], "Sigma": [[0.030252092559722013, -0.008034015645805616, -0.024956258529926948], [-0.008034015645805616, 0.004770810989455688, 0.004344477102871791], [-0.024956258529926945, 0.004344477102871791, 0.025165307854357825]], "chi2_level": 0.997, "chi2_df": 3, "chi2_threshold": 13.931422665512084, "N_raw": 47, "N_roi": 47, "N_inlier": 47, "refit": true}
{"timestamp": "13:53:31.320289", "frame": 23, "mu": [1.0204516237678583, 4.119863537405657, 0.8126875577121501], "Sigma": [[0.035967108795816716, -0.011753357223262971, -0.04910589574497739], [-0.01175335722326297, 0.004866199495537494, 0.013171203146971424], [-0.049105895744977396, 0.013171203146971424, 0.10475501661265399]], "chi2_level": 0.997, "chi2_df": 3, "chi2_threshold": 13.931422665512084, "N_raw": 56, "N_roi": 56, "N_inlier": 56, "refit": true}
{"timestamp": "13:53:31.369522", "frame": 24, "mu": [1.1689774502481496, 4.2551933384863485, -0.1960659072871662], "Sigma": [[0.009476042321924548, 0.00354262779752369, -0.01832762174812044], [0.00354262779752369, 0.005158325470491185, -0.007609305563755915], [-0.01832762174812044, -0.007609305563755916, 0.053711336573308364]], "chi2_level": 0.997, "chi2_df": 3, "chi2_threshold": 13.931422665512084, "N_raw": 14, "N_roi": 14, "N_inlier": 13, "refit": true}
{"timestamp": "13:53:31.436451", "frame": 25, "mu": [0.9963054779647688, 4.112267287097945, 0.907051756225713], "Sigma": [[0.038929956152804965, -0.0031593243201471187, -0.027854467865304378], [-0.0031593243201471187, 0.005597845454222939, -0.0008860447771206148], [-0.027854467865304378, -0.0008860447771206148, 0.02802157588962019]], "chi2_level": 0.997, "chi2_df": 3, "chi2_threshold": 13.931422665512084, "N_raw": 74, "N_roi": 74, "N_inlier": 73, "refit": true}
{"timestamp": "13:53:31.482535", "frame": 26, "mu": [1.0037756157971687, 3.9920443485731134, 0.7821283686228729], "Sigma": [[0.016871893879831852, -0.006061829564547904, -0.00828358698440549], [-0.006061829564547904, 0.004756405541460976, 0.0015286347698925667], [-0.008283586984405488, 0.0015286347698925667, 0.008117981785975609]], "chi2_level": 0.997, "chi2_df": 3, "chi2_threshold": 13.931422665512084, "N_raw": 36, "N_roi": 36, "N_inlier": 34, "refit": true}
{"timestamp": "13:53:31.541213", "frame": 27, "mu": [0.9626339231695574, 3.9485617371621506, 0.6869190078028468], "Sigma": [[0.03055542929656698, -0.006660798282168241, -0.019065242158306614], [-0.006660798282168241, 0.00295841417509919, -7.1605660375137145e-06], [-0.019065242158306614, -7.1605660375137145e-06, 0.033979264271038825]], "chi2_level": 0.997, "chi2_df": 3, "chi2_threshold": 13.931422665512084, "N_raw": 59, "N_roi": 59, "N_inlier": 59, "refit": true}
{"timestamp": "13:53:31.592791", "frame": 28, "mu": [1.0091894926252205, 3.8909493246284286, 0.5595330988009366], "Sigma": [[0.02919760066111835, -0.008737684378515083, -0.024155611380755428], [-0.008737684378515083, 0.0032384743906082097, 0.005897781416445426], [-0.024155611380755428, 0.005897781416445425, 0.05733161893947588]], "chi2_level": 0.997, "chi2_df": 3, "chi2_threshold": 13.931422665512084, "N_raw": 40, "N_roi": 40, "N_inlier": 39, "refit": true}
{"timestamp": "13:53:31.649257", "frame": 29, "mu": [0.95740717014659, 3.848475011603783, 0.6190768102234379], "Sigma": [[0.024369838778258223, -0.008292469674772799, -0.022185874450184842], [-0.0082924696747728, 0.004633469023404447, 0.005128983133141838], [-0.022185874450184842, 0.005128983133141837, 0.03077488181229894]], "chi2_level": 0.997, "chi2_df": 3, "chi2_threshold": 13.931422665512084, "N_raw": 48, "N_roi": 48, "N_inlier": 47, "refit": true}
{"timestamp": "13:53:31.700537", "frame": 30, "mu": [0.9737042469625, 3.7549385889606137, 0.542980817506426], "Sigma": [[0.012504028784922044, -0.00466409407478849, -0.005516119638899733], [-0.00466409407478849, 0.0034901225872646215, 0.0019095265905737925], [-0.005516119638899733, 0.0019095265905737927, 0.00361114043714352]], "chi2_level": 0.997, "chi2_df": 3, "chi2_threshold": 13.931422665512084, "N_raw": 22, "N_roi": 22, "N_inlier": 21, "refit": true}
{"timestamp": "13:53:31.759314", "frame": 31, "mu": [0.9562488076706372, 3.7414936008211175, 0.7172342983128083], "Sigma": [[0.018090091855558342, -0.007419733025191199, -0.006808332358532847], [-0.007419733025191199, 0.004761566420902555, -0.0007574676552632364], [-0.006808332358532846, -0.0007574676552632364, 0.015910984323139025]], "chi2_level": 0.997, "chi2_df": 3, "chi2_threshold": 13.931422665512084, "N_raw": 49, "N_roi": 49, "N_inlier": 47, "refit": true}
{"timestamp": "13:53:31.814838", "frame": 32, "mu": [0.9315595298944873, 3.70655211875178, 0.7675960541248679], "Sigma": [[0.017664027187039993, -0.00540831314329044, -0.005657883100150913], [-0.005408313143290438, 0.005131242681794082, -0.0006243234511278378], [-0.005657883100150913, -0.0006243234511278378, 0.012284020636860389]], "chi2_level": 0.997, "chi2_df": 3, "chi2_threshold": 13.931422665512084, "N_raw": 44, "N_roi": 44, "N_inlier": 42, "refit": true}
{"timestamp": "13:53:31.871250", "frame": 33, "mu": [0.9321862499283484, 3.6589069360463404, -1.2222173729988972], "Sigma": [[0.014980772338369436, -0.002037338435294769, 0.0028899636303023517], [-0.0020373384352947686, 0.004561476651092454, 0.0017049134788590502], [0.0028899636303023513, 0.0017049134788590498, 0.07225371964452798]], "chi2_level": 0.997, "chi2_df": 3, "chi2_threshold": 13.931422665512084, "N_raw": 57, "N_roi": 57, "N_inlier": 54, "refit": true}
{"timestamp": "13:53:31.927881", "frame": 34, "mu": [0.9304997486848594, 3.5742598165693487, 0.8947102701461669], "Sigma": [[0.020101307225437206, -0.004927255588503798, -0.008999549514387514], [-0.004927255588503799, 0.0029590307962431713, -0.0037886025702030214], [-0.008999549514387514, -0.0037886025702030214, 0.04449561555167106]], "chi2_level": 0.997, "chi2_df": 3, "chi2_threshold": 13.931422665512084, "N_raw": 66, "N_roi": 66, "N_inlier": 64, "refit": true}
{"timestamp": "13:53:31.981431", "frame": 35, "mu": [0.857447212370188, 3.516103189035464, 0.7769194930106118], "Sigma": [[0.023113041358116905, -0.008923130765387643, -0.0035508468379136047], [-0.008923130765387643, 0.004694864968237741, -0.002128434579198663], [-0.0035508468379136047, -0.002128434579198663, 0.019002068383730995]], "chi2_level": 0.997, "chi2_df": 3, "chi2_threshold": 13.931422665512084, "N_raw": 59, "N_roi": 59, "N_inlier": 57, "refit": true}
{"timestamp": "13:53:32.029388", "frame": 36, "mu": [0.9786009766497326, 3.439037967180041, 0.8005866631762033], "Sigma": [[0.010713416127991036, 0.0021234900811584016, -0.02470054889175189], [0.002123490081158401, 0.005691890922431348, 0.0018176495160460147], [-0.024700548891751883, 0.0018176495160460145, 0.07344924200793507]], "chi2_level": 0.997, "chi2_df": 3, "chi2_threshold": 13.931422665512084, "N_raw": 7, "N_roi": 7, "N_inlier": 7, "refit": true}
{"timestamp": "13:53:32.087498", "frame": 37, "mu": [0.8251588547629637, 3.4006064833699416, 0.8239274034345893], "Sigma": [[0.009106901069541118, -0.0033031794113546776, -0.0023676238641144043], [-0.0033031794113546776, 0.0021595067881714394, -0.0012241608805428654], [-0.0023676238641144043, -0.0012241608805428654, 0.05071971108965905]], "chi2_level": 0.997, "chi2_df": 3, "chi2_threshold": 13.931422665512084, "N_raw": 39, "N_roi": 39, "N_inlier": 39, "refit": true}
{"timestamp": "13:53:32.144281", "frame": 38, "mu": [0.8880826419963838, 3.3165401268259282, 0.7219351363029871], "Sigma": [[0.01096458090433334, -0.0035641399879405016, -0.0035341909233808843], [-0.003564139987940502, 0.0016703547292450688, 0.002975721305946139], [-0.0035341909233808843, 0.002975721305946139, 0.10023546531644639]], "chi2_level": 0.997, "chi2_df": 3, "chi2_threshold": 13.931422665512084, "N_raw": 48, "N_roi": 48, "N_inlier": 48, "refit": true}
{"timestamp": "13:53:32.200439", "frame": 39, "mu": [0.8282839280535388, 3.2918727912332617, 0.6331236987361217], "Sigma": [[0.014332172607967793, -0.005187412274759952, 0.002032406380027596], [-0.005187412274759952, 0.00463217475318091, -0.0051496306281320365], [0.002032406380027595, -0.0051496306281320365, 0.015068382680209625]], "chi2_level": 0.997, "chi2_df": 3, "chi2_threshold": 13.931422665512084, "N_raw": 56, "N_roi": 56, "N_inlier": 55, "refit": true}
{"timestamp": "13:53:32.253517", "frame": 40, "mu": [0.9107425854607512, 3.4363338587002286, -0.5718765424438053], "Sigma": [[0.01896686546958057, -0.006251717105823481, -0.001157301135022199], [-0.00625171710582348, 0.00595490950047815, 0.0019053791194590113], [-0.001157301135022199, 0.0019053791194590117, 0.002167054293908527]], "chi2_level": 0.997, "chi2_df": 3, "chi2_threshold": 13.931422665512084, "N_raw": 41, "N_roi": 41, "N_inlier": 40, "refit": true}
{"timestamp": "13:53:32.311968", "frame": 41, "mu": [0.9148716755367453, 3.1180193912226364, 0.6903818259881994], "Sigma": [[0.024576365628053924, -0.008735876404529871, -0.004924785059339677], [-0.00873587640452987, 0.004972468607872216, -0.0016884187256407082], [-0.004924785059339677, -0.0016884187256407082, 0.012231610336680894]], "chi2_level": 0.997, "chi2_df": 3, "chi2_threshold": 13.931422665512084, "N_raw": 62, "N_roi": 62, "N_inlier": 62, "refit": true}
{"timestamp": "13:53:32.369261", "frame": 42, "mu": [0.8898179850319179, 3.099489538799236, 0.7329952823759742], "Sigma": [[0.02291056515931695, -0.004442252383762907, -0.0026727782678138312], [-0.004442252383762907, 0.004759712588168344, -0.0030988999332441907], [-0.0026727782678138317, -0.0030988999332441907, 0.009202802590812848]], "chi2_level": 0.997, "chi2_df": 3, "chi2_threshold": 13.931422665512084, "N_raw": 71, "N_roi": 71, "N_inlier": 67, "refit": true}
{"timestamp": "13:53:32.425569", "frame": 43, "mu": [0.8456599584440363, 3.0675192261468083, 0.8703022371138551], "Sigma": [[0.02628290249776844, -0.008535129439514177, -0.025616302141587978], [-0.008535129439514177, 0.0038730700436144204, 0.0038026941940942647], [-0.025616302141587978, 0.003802694194094265, 0.07943613013791365]], "chi2_level": 0.997, "chi2_df": 3, "chi2_threshold": 13.931422665512084, "N_raw": 90, "N_roi": 90, "N_inlier": 90, "refit": true}
{"timestamp": "13:53:32.480253", "frame": 44, "mu": [0.8549669368965993, 3.01471808283373, 0.825970709758362], "Sigma": [[0.026515012189761586, -0.009187889533408815, -0.019400452042702885], [-0.009187889533408815, 0.004130746532298868, 0.0026418925612031073], [-0.01940045204270289, 0.0026418925612031077, 0.04455682271637999]], "chi2_level": 0.997, "chi2_df": 3, "chi2_threshold": 13.931422665512084, "N_raw": 81, "N_roi": 81, "N_inlier": 77, "refit": true}
{"timestamp": "13:53:32.531724", "frame": 45, "mu": [0.8079920804424813, 2.9376010440866898, 0.673008824446045], "Sigma": [[0.024830519974325414, -0.004440499959320286, -0.010833474487994876], [-0.004440499959320286, 0.002132096745464297, 5.3734945966679606e-05], [-0.010833474487994873, 5.373494596667955e-05, 0.03322625855719368]], "chi2_level": 0.997, "chi2_df": 3, "chi2_threshold": 13.931422665512084, "N_raw": 60, "N_roi": 60, "N_inlier": 56, "refit": true}
{"timestamp": "13:53:32.584485", "frame": 46, "mu": [0.804452363901265, 2.9177094723368913, 0.9757801100687233], "Sigma": [[0.014769775533669436, -0.004354729639767654, -0.009712084936783582], [-0.004354729639767654, 0.004045693603821673, -0.007716072296143308], [-0.009712084936783582, -0.007716072296143307, 0.06954724410691385]], "chi2_level": 0.997, "chi2_df": 3, "chi2_threshold": 13.931422665512084, "N_raw": 52, "N_roi": 52, "N_inlier": 49, "refit": true}
{"timestamp": "13:53:32.642810", "frame": 47, "mu": [0.7405722571865033, 2.855559765030882, 0.8653595202549269], "Sigma": [[0.012135094451670485, -0.002332732105313353, 0.0010537180643950868], [-0.0023327321053133528, 0.0027627714115813886, 0.0004311681740869853], [0.0010537180643950875, 0.0004311681740869853, 0.11507280720192457]], "chi2_level": 0.997, "chi2_df": 3, "chi2_threshold": 13.931422665512084, "N_raw": 64, "N_roi": 64, "N_inlier": 62, "refit": true}
{"timestamp": "13:53:32.700526", "frame": 48, "mu": [0.7793207739204162, 2.975157080015818, -0.5477964210421127], "Sigma": [[0.017774154454885824, 0.004053358986645373, 0.007367650123317904], [0.004053358986645373, 0.008627982247992464, -0.0020382219790461946], [0.0073676501233179035, -0.0020382219790461955, 0.10814229610553427]], "chi2_level": 0.997, "chi2_df": 3, "chi2_threshold": 13.931422665512084, "N_raw": 86, "N_roi": 86, "N_inlier": 85, "refit": true}
{"timestamp": "13:53:32.753885", "frame": 49, "mu": [0.8190329020596544, 2.9854196249511, -0.5654418415235871], "Sigma": [[0.020109090312507835, -0.0028780237305527385, -0.019396052539948177], [-0.002878023730552739, 0.003541868497155034, -0.005597208913688182], [-0.019396052539948177, -0.005597208913688182, 0.04907715230908777]], "chi2_level": 0.997, "chi2_df": 3, "chi2_threshold": 13.931422665512084, "N_raw": 69, "N_roi": 69, "N_inlier": 67, "refit": true}
{"timestamp": "13:53:32.810526", "frame": 50, "mu": [0.7723444026619157, 2.6365829691665335, 0.690550135255598], "Sigma": [[0.021617175694567142, -0.006304776531148344, -0.018374306747916597], [-0.006304776531148344, 0.0028306042709179673, 0.004999136462743206], [-0.018374306747916597, 0.004999136462743206, 0.05909846457518886]], "chi2_level": 0.997, "chi2_df": 3, "chi2_threshold": 13.931422665512084, "N_raw": 86, "N_roi": 86, "N_inlier": 83, "refit": true}
{"timestamp": "13:53:32.869838", "frame": 51, "mu": [0.8053612908050832, 2.554146272968829, 0.7292631761066618], "Sigma": [[0.03727311295006073, -0.011411170399235891, -0.020028092293871515], [-0.011411170399235891, 0.0045817304828868356, 0.007040520167438702], [-0.020028092293871515, 0.0070405201674387016, 0.06487023192123001]], "chi2_level": 0.997, "chi2_df": 3, "chi2_threshold": 13.931422665512084, "N_raw": 111, "N_roi": 111, "N_inlier": 108, "refit": true}
{"timestamp": "13:53:32.918218", "frame": 52, "mu": [0.7496829395228611, 2.63551261107326, -0.9388896365613674], "Sigma": [[0.014062115588355907, 0.008920139996730015, 0.014083199296155023], [0.008920139996730017, 0.01295096973913123, 0.006231926491526122], [0.014083199296155023, 0.006231926491526123, 0.16295754524953146]], "chi2_level": 0.997, "chi2_df": 3, "chi2_threshold": 13.931422665512084, "N_raw": 68, "N_roi": 65, "N_inlier": 63, "refit": true}
{"timestamp": "13:53:32.973585", "frame": 53, "mu": [0.8298056058327141, 2.6683034126055203, -0.4040339127118753], "Sigma": [[0.014207879961743832, -0.001416608606705284, -0.004900614217002104], [-0.001416608606705284, 0.006098838486602537, -0.009920786772866723], [-0.004900614217002104, -0.009920786772866721, 0.020636719386260688]], "chi2_level": 0.997, "chi2_df": 3, "chi2_threshold": 13.931422665512084, "N_raw": 77, "N_roi": 77, "N_inlier": 74, "refit": true}
{"timestamp": "13:53:33.030355", "frame": 54, "mu": [0.708362532226454, 2.4672355015396685, 0.8254383220273313], "Sigma": [[0.015477607257770379, -0.005098610235359026, -0.004453379708063322], [-0.005098610235359026, 0.0027074420697442846, -0.004484573815789428], [-0.004453379708063321, -0.004484573815789427, 0.08662287582221825]], "chi2_level": 0.997, "chi2_df": 3, "chi2_threshold": 13.931422665512084, "N_raw": 78, "N_roi": 77, "N_inlier": 74, "refit": true}
{"timestamp": "13:53:33.086737", "frame": 55, "mu": [0.8179728019440957, 2.564186511827941, -0.4139499793985084], "Sigma": [[0.019213101624985476, -0.011463907996672334, 0.011605281046910323], [-0.011463907996672332, 0.03410988452641674, -0.13423107069379928], [0.011605281046910323, -0.13423107069379928, 0.8066322203173446]], "chi2_level": 0.997, "chi2_df": 3, "chi2_threshold": 13.931422665512084, "N_raw": 96, "N_roi": 96, "N_inlier": 95, "refit": true}
{"timestamp": "13:53:33.137060", "frame": 56, "mu": [0.7738752297030376, 2.278949066531138, 0.6458904140114176], "Sigma": [[0.02129307286877589, -0.012335847399158294, -0.015039142217017487], [-0.012335847399158294, 0.01318237349241519, 0.0347658915798195], [-0.015039142217017487, 0.03476589157981949, 0.30448412450618706]], "chi2_level": 0.997, "chi2_df": 3, "chi2_threshold": 13.931422665512084, "N_raw": 58, "N_roi": 58, "N_inlier": 57, "refit": true}
{"timestamp": "13:53:33.199018", "frame": 57, "mu": [0.8172926928429475, 2.2661675544335464, 0.884145612036063], "Sigma": [[0.03132642659806991, -0.008897120741430689, 0.0030009768546100757], [-0.008897120741430689, 0.004174956300270381, -0.007434696578803138], [0.0030009768546100757, -0.007434696578803138, 0.05823079186296169]], "chi2_level": 0.997, "chi2_df": 3, "chi2_threshold": 13.931422665512084, "N_raw": 104, "N_roi": 104, "N_inlier": 101, "refit": true}
{"timestamp": "13:53:33.250060", "frame": 58, "mu": [0.696772685611947, 2.3011750337894847, 0.8785925604704778], "Sigma": [[0.010986190593214823, -0.00444063765388642, -0.0024640360904953657], [-0.00444063765388642, 0.017800549982002103, 0.000691230084619657], [-0.0024640360904953657, 0.0006912300846196576, 0.031663288250570125]], "chi2_level": 0.997, "chi2_df": 3, "chi2_threshold": 13.931422665512084, "N_raw": 74, "N_roi": 74, "N_inlier": 70, "refit": true}
{"timestamp": "13:53:33.308278", "frame": 59, "mu": [0.78355851443498, 2.224712761160415, -0.8119704461864902], "Sigma": [[0.012582048675128613, 0.004671244175258731, 0.03188246528003114], [0.004671244175258733, 0.006902990852944448, 0.011646355740488744], [0.03188246528003114, 0.011646355740488744, 0.20537163356788704]], "chi2_level": 0.997, "chi2_df": 3, "chi2_threshold": 13.931422665512084, "N_raw": 103, "N_roi": 103, "N_inlier": 103, "refit": true}
{"timestamp": "13:53:33.360481", "frame": 60, "mu": [0.8279728891152511, 2.0751728546089723, 0.9408009464606252], "Sigma": [[0.012781467704009994, -0.004343708183987877, 0.006871500330951802], [-0.004343708183987877, 0.002796855631104724, -0.0035336043358588165], [0.006871500330951802, -0.0035336043358588165, 0.14772145597637248]], "chi2_level": 0.997, "chi2_df": 3, "chi2_threshold": 13.931422665512084, "N_raw": 79, "N_roi": 79, "N_inlier": 77, "refit": true}
{"timestamp": "13:53:33.415080", "frame": 61, "mu": [0.8479860340520358, 2.0133705989581365, 0.9790798187626631], "Sigma": [[0.009748641593772143, -0.0030543197937944137, -0.004848180227380462], [-0.0030543197937944137, 0.0016365611370447247, 0.00021948187695247146], [-0.004848180227380461, 0.0002194818769524719, 0.07206854091231596]], "chi2_level": 0.997, "chi2_df": 3, "chi2_threshold": 13.931422665512084, "N_raw": 79, "N_roi": 79, "N_inlier": 76, "refit": true}
{"timestamp": "13:53:33.474008", "frame": 62, "mu": [0.8799141011827799, 1.9278988275884565, -0.3984716033992978], "Sigma": [[0.014674780401022191, -0.0019073447641755003, 0.07971942073198277], [-0.0019073447641755003, 0.003683258051527841, -0.010845394050582038], [0.07971942073198277, -0.010845394050582038, 1.0303060629962506]], "chi2_level": 0.997, "chi2_df": 3, "chi2_threshold": 13.931422665512084, "N_raw": 104, "N_roi": 104, "N_inlier": 103, "refit": true}
{"timestamp": "13:53:33.529245", "frame": 63, "mu": [0.804594011259868, 1.8948928127869493, 0.9121601861882681], "Sigma": [[0.02208801683608689, -0.002696971454603935, -0.0037311924033558226], [-0.002696971454603935, 0.002098913549860181, -0.004742407341327594], [-0.0037311924033558218, -0.004742407341327595, 0.034499115675719436]], "chi2_level": 0.997, "chi2_df": 3, "chi2_threshold": 13.931422665512084, "N_raw": 109, "N_roi": 109, "N_inlier": 105, "refit": true}
{"timestamp": "13:53:33.586445", "frame": 64, "mu": [0.8522276504001369, 1.8190649487381025, 1.0415034421480738], "Sigma": [[0.0143665588299509, -0.0002716878292653423, -0.0074081946110730445], [-0.0002716878292653421, 0.003310401797831681, -0.008303536461035332], [-0.007408194611073044, -0.008303536461035332, 0.03475295623910683]], "chi2_level": 0.997, "chi2_df": 3, "chi2_threshold": 13.931422665512084, "N_raw": 115, "N_roi": 115, "N_inlier": 111, "refit": true}
{"timestamp": "13:53:33.636398", "frame": 65, "mu": [0.7792539815232117, 1.7695927708851393, 0.9663611564099411], "Sigma": [[0.00845188991479365, -0.0019132699058630673, 0.001512134645917111], [-0.0019132699058630673, 0.0025456852583949224, -0.005821968367292679], [0.0015121346459171113, -0.005821968367292679, 0.020327349837007177]], "chi2_level": 0.997, "chi2_df": 3, "chi2_threshold": 13.931422665512084, "N_raw": 83, "N_roi": 83, "N_inlier": 79, "refit": true}
{"timestamp": "13:53:33.686640", "frame": 66, "mu": [0.8236570782547187, 1.709228585652714, 1.1059845741565728], "Sigma": [[0.007945911802796322, -0.0025226564542005212, -0.009162893502601289], [-0.0025226564542005212, 0.003476971400272128, 0.0006036697733058173], [-0.009162893502601289, 0.0006036697733058175, 0.06618203755259723]], "chi2_level": 0.997, "chi2_df": 3, "chi2_threshold": 13.931422665512084, "N_raw": 60, "N_roi": 60, "N_inlier": 58, "refit": true}
{"timestamp": "13:53:33.742474", "frame": 67, "mu": [0.8805410479677842, 1.599394374090898, 0.8307237510764518], "Sigma": [[0.020643972945952743, -0.008970073008238886, -0.031933069899615675], [-0.008970073008238886, 0.0053420186327954875, 0.009400808906373029], [-0.031933069899615675, 0.00940080890637303, 0.1621245064961596]], "chi2_level": 0.997, "chi2_df": 3, "chi2_threshold": 13.931422665512084, "N_raw": 62, "N_roi": 62, "N_inlier": 60, "refit": true}
{"timestamp": "13:53:33.801434", "frame": 68, "mu": [0.8942942209635789, 1.5591352513780352, 1.0470534763646655], "Sigma": [[0.007886002732104783, -0.0021569894997415903, -0.012727501544663398], [-0.00215698949974159, 0.002237390601952452, 0.0036124737580451143], [-0.0127275015446634, 0.0036124737580451134, 0.12556768013646694]], "chi2_level": 0.997, "chi2_df": 3, "chi2_threshold": 13.931422665512084, "N_raw": 89, "N_roi": 89, "N_inlier": 85, "refit": true}
{"timestamp": "13:53:33.862056", "frame": 69, "mu": [0.8947184094963807, 1.4818127679620483, 0.828505057624727], "Sigma": [[0.013227783919773395, -0.005135867808429173, -0.015246245384059626], [-0.005135867808429173, 0.012687595726054733, 0.03135471384079897], [-0.015246245384059623, 0.03135471384079897, 0.18635411495814663]], "chi2_level": 0.997, "chi2_df": 3, "chi2_threshold": 13.931422665512084, "N_raw": 129, "N_roi": 129, "N_inlier": 127, "refit": true}
{"timestamp": "13:53:33.907036", "frame": 70, "mu": [0.6834932205779107, 1.4971351209208237, 0.7904257016187456], "Sigma": [[0.020263385214840245, 0.002483052770729596, -0.0178376493653092], [0.002483052770729596, 0.0021775723829028314, -0.006395745636571489], [-0.017837649365309204, -0.00639574563657149, 0.0779041392343246]], "chi2_level": 0.997, "chi2_df": 3, "chi2_threshold": 13.931422665512084, "N_raw": 51, "N_roi": 51, "N_inlier": 49, "refit": true}
{"timestamp": "13:53:33.967942", "frame": 71, "mu": [0.7600142436004104, 1.5879519350684994, -0.11741622426107491], "Sigma": [[0.012589098678373616, -0.013463794064014427, 0.05507166645075767], [-0.013463794064014427, 0.026107019924018524, -0.1106505047533549], [0.05507166645075768, -0.1106505047533549, 0.5738871457200991]], "chi2_level": 0.997, "chi2_df": 3, "chi2_threshold": 13.931422665512084, "N_raw": 109, "N_roi": 109, "N_inlier": 105, "refit": true}
{"timestamp": "13:53:34.029522", "frame": 72, "mu": [0.8636214221560152, 1.329536845311886, 1.0165488694472968], "Sigma": [[0.023733839427611925, -0.004181283840825438, 0.008622566635365432], [-0.004181283840825438, 0.003473026197266167, -0.005128642954073441], [0.008622566635365432, -0.005128642954073441, 0.020072118932439514]], "chi2_level": 0.997, "chi2_df": 3, "chi2_threshold": 13.931422665512084, "N_raw": 145, "N_roi": 145, "N_inlier": 142, "refit": true}
{"timestamp": "13:53:34.077991", "frame": 73, "mu": [0.8067953060908974, 1.3141707386970554, 1.1284891007040114], "Sigma": [[0.009277961692198673, -0.0017291091077552838, -7.987934946034585e-05], [-0.0017291091077552838, 0.003816676019577491, -0.004242272982066488], [-7.987934946034574e-05, -0.004242272982066489, 0.008879318004829202]], "chi2_level": 0.997, "chi2_df": 3, "chi2_threshold": 13.931422665512084, "N_raw": 94, "N_roi": 94, "N_inlier": 88, "refit": true}
{"timestamp": "13:53:34.127821", "frame": 74, "mu": [0.7799133891817068, 1.2982489974860574, 1.0530698296059333], "Sigma": [[0.008643371613314492, -0.0019675069941644113, -0.002228471342740928], [-0.0019675069941644113, 0.006005902788730288, 0.0023081028919359216], [-0.002228471342740928, 0.0023081028919359216, 0.01510704774524394]], "chi2_level": 0.997, "chi2_df": 3, "chi2_threshold": 13.931422665512084, "N_raw": 63, "N_roi": 63, "N_inlier": 59, "refit": true}
{"timestamp": "13:53:34.185619", "frame": 75, "mu": [0.7973006711231185, 1.283331472183857, -0.7408934208236624], "Sigma": [[0.007774990062227607, 0.0038770865537456215, 0.007522549473138117], [0.0038770865537456215, 0.005603711077282082, 0.009893633755909395], [0.007522549473138116, 0.009893633755909393, 0.04831319522452924]], "chi2_level": 0.997, "chi2_df": 3, "chi2_threshold": 13.931422665512084, "N_raw": 84, "N_roi": 84, "N_inlier": 80, "refit": true}
{"timestamp": "13:53:34.236147", "frame": 76, "mu": [0.830757726859858, 1.3371229510092597, -0.5780375809175129], "Sigma": [[0.029183468797828564, -0.009011912363080304, -0.01417726681863888], [-0.009011912363080304, 0.007516385761412821, -0.006988310018639666], [-0.01417726681863888, -0.006988310018639666, 0.05721135205994334]], "chi2_level": 0.997, "chi2_df": 3, "chi2_threshold": 13.931422665512084, "N_raw": 51, "N_roi": 51, "N_inlier": 49, "refit": true}
{"timestamp": "13:53:34.295318", "frame": 77, "mu": [0.8330634648394559, 1.1158469490628693, 1.1418456859324877], "Sigma": [[0.00674736956234978, -0.0012837930808925848, -0.0018030635934118192], [-0.0012837930808925848, 0.0029484717257232916, -0.0022455230315689676], [-0.0018030635934118192, -0.0022455230315689676, 0.014470562188028644]], "chi2_level": 0.997, "chi2_df": 3, "chi2_threshold": 13.931422665512084, "N_raw": 84, "N_roi": 84, "N_inlier": 81, "refit": true}
{"timestamp": "13:53:34.350796", "frame": 78, "mu": [0.7855708576801896, 0.9705132089488355, 0.7945288288336294], "Sigma": [[0.004121102266929015, -0.003783409708111871, -0.011202058726348427], [-0.003783409708111871, 0.012480458612216761, 0.04729324049332172], [-0.011202058726348427, 0.047293240493321724, 0.36098391880842495]], "chi2_level": 0.997, "chi2_df": 3, "chi2_threshold": 13.931422665512084, "N_raw": 78, "N_roi": 78, "N_inlier": 77, "refit": true}
{"timestamp": "13:53:34.402741", "frame": 79, "mu": [0.7987210224823099, 0.9811151265405944, 1.3005545452892961], "Sigma": [[0.004819148258935172, -0.0014302419929194696, -0.005025368441587683], [-0.0014302419929194696, 0.0018897593886189584, 0.0007219279836505247], [-0.005025368441587682, 0.0007219279836505247, 0.03283554993327406]], "chi2_level": 0.997, "chi2_df": 3, "chi2_threshold": 13.931422665512084, "N_raw": 65, "N_roi": 65, "N_inlier": 61, "refit": true}
{"timestamp": "13:53:34.457752", "frame": 80, "mu": [0.7894904649662892, 1.0304178020967583, -0.5805140951417543], "Sigma": [[0.005636514325259532, 0.004064143664091267, -0.001938530736964341], [0.004064143664091267, 0.0070178763608754755, 0.0031055849672889614], [-0.0019385307369643406, 0.0031055849672889614, 0.0835903640625307]], "chi2_level": 0.997, "chi2_df": 3, "chi2_threshold": 13.931422665512084, "N_raw": 64, "N_roi": 64, "N_inlier": 63, "refit": true}
{"timestamp": "13:53:34.506654", "frame": 81, "mu": [0.81457482368213, 0.8549851776618002, 1.3025780547351664], "Sigma": [[0.015886959015436946, -0.004837520120752093, -0.02712373633836985], [-0.004837520120752093, 0.002857631726658111, 0.0093432870752049], [-0.02712373633836985, 0.0093432870752049, 0.0605018287206118]], "chi2_level": 0.997, "chi2_df": 3, "chi2_threshold": 13.931422665512084, "N_raw": 21, "N_roi": 21, "N_inlier": 21, "refit": true}
{"timestamp": "13:53:34.568275", "frame": 82, "mu": [0.799802997303496, 0.9576713900717841, -0.47810696639370553], "Sigma": [[0.004262727880356756, -0.0010863833446723124, -0.007116790885459844], [-0.0010863833446723124, 0.0032752304442428175, -0.0034718024185080884], [-0.007116790885459844, -0.003471802418508088, 0.027025102472068775]], "chi2_level": 0.997, "chi2_df": 3, "chi2_threshold": 13.931422665512084, "N_raw": 69, "N_roi": 69, "N_inlier": 68, "refit": true}
{"timestamp": "13:53:34.623785", "frame": 83, "mu": [0.7973478570916946, 0.9086152917386623, -0.5668593614413625], "Sigma": [[0.004470056791159952, 0.002132590920716937, -0.0027694327578619855], [0.0021325909207169373, 0.004148497396941205, 3.068712018174989e-05], [-0.0027694327578619855, 3.06871201817504e-05, 0.03152368830583899]], "chi2_level": 0.997, "chi2_df": 3, "chi2_threshold": 13.931422665512084, "N_raw": 64, "N_roi": 64, "N_inlier": 63, "refit": true}
{"timestamp": "13:53:34.673508", "frame": 84, "mu": [0.7075642429067358, 0.7202784174857333, 1.1674797324665913], "Sigma": [[0.002935419659707983, -0.001598663208254147, -0.0015391110449549134], [-0.001598663208254147, 0.0021743137556468686, -0.0011737871680508316], [-0.0015391110449549134, -0.0011737871680508316, 0.0059180279244881945]], "chi2_level": 0.997, "chi2_df": 3, "chi2_threshold": 13.931422665512084, "N_raw": 40, "N_roi": 40, "N_inlier": 38, "refit": true}
{"timestamp": "13:53:34.730336", "frame": 85, "mu": [0.7163144918266353, 0.6869159492629991, 1.3918818706430587], "Sigma": [[0.0024922977349450667, 8.487898573509274e-05, -0.00010430818446863417], [8.48789857350928e-05, 0.002873571677262471, 0.0007015006841775775], [-0.00010430818446863427, 0.0007015006841775775, 0.018486312035689872]], "chi2_level": 0.997, "chi2_df": 3, "chi2_threshold": 13.931422665512084, "N_raw": 49, "N_roi": 49, "N_inlier": 48, "refit": true}
{"timestamp": "13:53:34.782141", "frame": 86, "mu": [0.7402302274905957, 0.7702459180525799, -0.5486271667559767], "Sigma": [[0.007385279468927108, 0.0045897483781080686, -0.03465759100469799], [0.004589748378108068, 0.005764368308336033, -0.023511423995720482], [-0.034657591004697993, -0.023511423995720482, 0.20193508912887867]], "chi2_level": 0.997, "chi2_df": 3, "chi2_threshold": 13.931422665512084, "N_raw": 28, "N_roi": 28, "N_inlier": 28, "refit": true}
{"timestamp": "13:53:34.836954", "frame": 87, "mu": [0.7023274380795619, 0.5580353800018869, 1.2754250748257079], "Sigma": [[0.004518783247907924, -0.0020387739370001266, -0.025172776252881193], [-0.0020387739370001266, 0.0031992538926009766, 0.014888213802332042], [-0.025172776252881193, 0.01488821380233204, 0.21644379189048618]], "chi2_level": 0.997, "chi2_df": 3, "chi2_threshold": 13.931422665512084, "N_raw": 27, "N_roi": 27, "N_inlier": 26, "refit": true}
{"timestamp": "13:53:34.894276", "frame": 88, "mu": [0.7590374791635432, 0.4832058755197128, 1.3010902686391246], "Sigma": [[0.013770951661412383, -0.011215580278816521, -0.03321034123214626], [-0.011215580278816521, 0.011660310489785419, 0.024639602236640412], [-0.03321034123214626, 0.024639602236640412, 0.15484521437849028]], "chi2_level": 0.997, "chi2_df": 3, "chi2_threshold": 13.931422665512084, "N_raw": 45, "N_roi": 45, "N_inlier": 44, "refit": true}
