{"timestamp": "14:39:17.852047", "frame": 31, "mu": [1.8148055630359075, 0.6269649001848555, 1.1893190446548327], "Sigma": [[0.0005548406407105631, 0.0011664262698611986, -0.0018816769665407087], [0.0011664262698611986, 0.006458928489875156, -0.008444674897035131], [-0.0018816769665407087, -0.008444674897035131, 0.01319838636939681]], "chi2_level": 0.997, "chi2_df": 3, "chi2_threshold": 13.931422665512084, "N_raw": 5, "N_roi": 5, "N_inlier": 5, "refit": true}
{"timestamp": "14:39:17.907031", "frame": 32, "mu": [1.5947691308960756, 0.6718177635344463, 1.4362931893143922], "Sigma": [[0.27480068135440106, 0.10324913233483908, -0.14180782251622065], [0.10324913233483907, 0.03980335216183999, -0.051986136244027016], [-0.14180782251622065, -0.051986136244027016, 0.08185330017348942]], "chi2_level": 0.997, "chi2_df": 3, "chi2_threshold": 13.931422665512084, "N_raw": 6, "N_roi": 6, "N_inlier": 6, "refit": true}
{"timestamp": "14:39:18.072743", "frame": 35, "mu": [1.798938199353222, 0.8259880733194217, 1.2124973425135994], "Sigma": [[0.006749468642463681, -0.007912646303864632, 0.0046784349928410155], [-0.007912646303864632, 0.0399484349260825, -0.060808889009267196], [0.0046784349928410155, -0.06080888900926719, 0.110029730665151]], "chi2_level": 0.997, "chi2_df": 3, "chi2_threshold": 13.931422665512084, "N_raw": 6, "N_roi": 6, "N_inlier": 6, "refit": true}
{"timestamp": "14:39:18.182493", "frame": 37, "mu": [1.7986307120304408, 0.8559551118895712, 1.2759544637525018], "Sigma": [[0.005092162243982139, 0.001302769193366474, -0.005356598880804129], [0.001302769193366474, 0.0012001099570677, -0.001787786954804977], [-0.005356598880804129, -0.0017877869548049768, 0.006299428479097916]], "chi2_level": 0.997, "chi2_df": 3, "chi2_threshold": 13.931422665512084, "N_raw": 7, "N_roi": 7, "N_inlier": 7, "refit": true}
{"timestamp": "14:39:18.239393", "frame": 38, "mu": [1.7427997922283551, 0.9675409290679796, 1.3570472519897119], "Sigma": [[0.004100270812696213, -0.0011332449600233662, 1.0117682899307278e-05], [-0.0011332449600233662, 0.0028014820695464893, -0.0007294494653500167], [1.0117682899307386e-05, -0.0007294494653500167, 0.0002726934995155006]], "chi2_level": 0.997, "chi2_df": 3, "chi2_threshold": 13.931422665512084, "N_raw": 15, "N_roi": 15, "N_inlier": 14, "refit": true}
{"timestamp": "14:39:18.292642", "frame": 39, "mu": [1.7444887612607511, 0.9655812446294971, 1.2721159733204768], "Sigma": [[0.004456780963944305, -0.00018988946649812393, -0.0040711788402971434], [-0.00018988946649812404, 0.0012106232556515313, 0.0011516093941305078], [-0.0040711788402971434, 0.0011516093941305078, 0.0058408793433832725]], "chi2_level": 0.997, "chi2_df": 3, "chi2_threshold": 13.931422665512084, "N_raw": 6, "N_roi": 6, "N_inlier": 6, "refit": true}
{"timestamp": "14:39:18.404392", "frame": 41, "mu": [1.733679118711149, 1.2099971722679468, -0.3626078018671608], "Sigma": [[0.005322006717443328, -0.0012971206435926314, 0.0006826824594045181], [-0.0012971206435926311, 0.004874192647750446, 0.0005329308082666757], [0.0006826824594045181, 0.0005329308082666758, 0.0018405023436169094]], "chi2_level": 0.997, "chi2_df": 3, "chi2_threshold": 13.931422665512084, "N_raw": 24, "N_roi": 24, "N_inlier": 23, "refit": true}
{"timestamp": "14:39:18.460218", "frame": 42, "mu": [1.696553889177004, 1.3267514588524831, -0.4764841523037871], "Sigma": [[0.003053594222607446, 0.0016300601301151203, -0.005166886111100307], [0.0016300601301151203, 0.002925599951108312, -0.0039002410279739387], [-0.005166886111100307, -0.0039002410279739387, 0.009971514793105499]], "chi2_level": 0.997, "chi2_df": 3, "chi2_threshold": 13.931422665512084, "N_raw": 5, "N_roi": 5, "N_inlier": 5, "refit": true}
{"timestamp": "14:39:18.515050", "frame": 43, "mu": [1.6839449541980898, 1.2203253288146363, 1.1735241744878728], "Sigma": [[0.004139938470232758, 0.0010298990577055273, -0.006838176868116166], [0.0010298990577055273, 0.0007293693904110617, -0.0012030901126665436], [-0.006838176868116166, -0.0012030901126665436, 0.014458418226580156]], "chi2_level": 0.997, "chi2_df": 3, "chi2_threshold": 13.931422665512084, "N_raw": 6, "N_roi": 6, "N_inlier": 6, "refit": true}
{"timestamp": "14:39:18.573768", "frame": 44, "mu": [1.73635106338305, 1.271288707270581, 1.362339253526575], "Sigma": [[0.008498813013834334, -0.001941281486162565, -0.015777403841072367], [-0.0019412814861625648, 0.004924683631155803, -0.00075457254226698], [-0.015777403841072367, -0.0007545725422669798, 0.06871945564336462]], "chi2_level": 0.997, "chi2_df": 3, "chi2_threshold": 13.931422665512084, "N_raw": 31, "N_roi": 31, "N_inlier": 30, "refit": true}
{"timestamp": "14:39:18.627899", "frame": 45, "mu": [1.7087597497141547, 1.2359291281335079, 1.431078072117006], "Sigma": [[0.006855790382055796, -0.0023105216611806144, -1.1920870076368912e-05], [-0.0023105216611806144, 0.006565147645282426, 0.0006648247637886258], [-1.1920870076368932e-05, 0.0006648247637886258, 0.0002774487351454348]], "chi2_level": 0.997, "chi2_df": 3, "chi2_threshold": 13.931422665512084, "N_raw": 33, "N_roi": 33, "N_inlier": 31, "refit": true}
{"timestamp": "14:39:18.679061", "frame": 46, "mu": [1.7349830998919369, 1.3580264302579645, 1.4408227412472672], "Sigma": [[0.0018366854089573801, 0.0004444694257293902, -0.003741017900943197], [0.0004444694257293902, 0.004648267754621884, -0.004007093284286226], [-0.003741017900943197, -0.004007093284286226, 0.012443648468247198]], "chi2_level": 0.997, "chi2_df": 3, "chi2_threshold": 13.931422665512084, "N_raw": 5, "N_roi": 5, "N_inlier": 5, "refit": true}
{"timestamp": "14:39:18.734096", "frame": 47, "mu": [1.6862875406628652, 1.3876708775629059, 1.3910097058891773], "Sigma": [[0.005430657729223008, 0.0021315982325216484, 0.00018239209373925938], [0.0021315982325216484, 0.002275594047467862, 0.006961590494117194], [0.00018239209373925981, 0.006961590494117194, 0.044044717439069556]], "chi2_level": 0.997, "chi2_df": 3, "chi2_threshold": 13.931422665512084, "N_raw": 5, "N_roi": 5, "N_inlier": 5, "refit": true}
{"timestamp": "14:39:18.791282", "frame": 48, "mu": [1.6773399716714041, 1.4655250348685462, 1.295972270263665], "Sigma": [[0.004190035612382899, 0.00043813627634587516, 0.00389023419511557], [0.0004381362763458752, 0.0020146344761874197, -0.0022699296132937183], [0.0038902341951155698, -0.0022699296132937183, 0.035090942178782704]], "chi2_level": 0.997, "chi2_df": 3, "chi2_threshold": 13.931422665512084, "N_raw": 13, "N_roi": 13, "N_inlier": 13, "refit": true}
{"timestamp": "14:39:18.845503", "frame": 49, "mu": [1.6516949829248087, 1.477464009244725, 1.2958504486581688], "Sigma": [[0.0031234216342766893, 0.00021818955708423655, -0.005826259029444609], [0.00021818955708423658, 0.0008718400952019335, -0.0008377082619155114], [-0.005826259029444609, -0.0008377082619155114, 0.020049896202918856]], "chi2_level": 0.997, "chi2_df": 3, "chi2_threshold": 13.931422665512084, "N_raw": 6, "N_roi": 6, "N_inlier": 6, "refit": true}
{"timestamp": "14:39:18.899767", "frame": 50, "mu": [1.6850773503175862, 1.520864142381602, 1.2353362266296948], "Sigma": [[0.0004909254465700738, 0.0004890499701288749, -0.0024511290693132615], [0.0004890499701288749, 0.002003854699741189, 0.001577764380749983], [-0.0024511290693132615, 0.0015777643807499825, 0.06571838216069455]], "chi2_level": 0.997, "chi2_df": 3, "chi2_threshold": 13.931422665512084, "N_raw": 5, "N_roi": 5, "N_inlier": 5, "refit": true}
{"timestamp": "14:39:18.954959", "frame": 51, "mu": [1.624879335340639, 1.5703910486837724, 1.107811925247417], "Sigma": [[0.0011564744138970252, 0.001044070557695387, -0.0043942188630486795], [0.001044070557695387, 0.0033455919971338015, -0.0007842881792298505], [-0.00439421886304868, -0.0007842881792298498, 0.03677984807007875]], "chi2_level": 0.997, "chi2_df": 3, "chi2_threshold": 13.931422665512084, "N_raw": 8, "N_roi": 6, "N_inlier": 6, "refit": true}
{"timestamp": "14:39:19.066970", "frame": 53, "mu": [1.6702592680944115, 1.6902628303649048, 1.1916486135562931], "Sigma": [[0.004334948458788517, -0.0038152039034572965, -0.00622975188835701], [-0.0038152039034572965, 0.003699264542385127, 0.0068612468364886835], [-0.006229751888357008, 0.0068612468364886835, 0.033780422581780926]], "chi2_level": 0.997, "chi2_df": 3, "chi2_threshold": 13.931422665512084, "N_raw": 22, "N_roi": 22, "N_inlier": 21, "refit": true}
{"timestamp": "14:39:19.120983", "frame": 54, "mu": [1.6781899441031707, 1.862657707873103, -0.3227599781494431], "Sigma": [[0.0011774918323152886, 0.0003898517208059963, -0.0013943055307204307], [0.0003898517208059963, 0.004900632264899341, -0.019231504921447703], [-0.0013943055307204305, -0.019231504921447703, 0.09757469975525374]], "chi2_level": 0.997, "chi2_df": 3, "chi2_threshold": 13.931422665512084, "N_raw": 6, "N_roi": 6, "N_inlier": 6, "refit": true}
{"timestamp": "14:39:19.175203", "frame": 55, "mu": [1.6891238515370752, 1.7207850961345805, 1.1138849981168018], "Sigma": [[0.0030538282926663254, -0.0009063545243090466, -0.010919564612039478], [-0.0009063545243090466, 0.0037200779494628196, 0.016305509021284623], [-0.010919564612039476, 0.01630550902128462, 0.11902627594062137]], "chi2_level": 0.997, "chi2_df": 3, "chi2_threshold": 13.931422665512084, "N_raw": 7, "N_roi": 7, "N_inlier": 7, "refit": true}
{"timestamp": "14:39:19.229303", "frame": 56, "mu": [1.6631017987554855, 1.8289757147065313, 1.2224383320431382], "Sigma": [[0.0024265123732234903, -0.0009976826947202559, -0.010039701831309204], [-0.0009976826947202557, 0.0005065239769460521, 0.00538919032992662], [-0.010039701831309204, 0.00538919032992662, 0.06151813380529752]], "chi2_level": 0.997, "chi2_df": 3, "chi2_threshold": 13.931422665512084, "N_raw": 5, "N_roi": 5, "N_inlier": 5, "refit": true}
{"timestamp": "14:39:19.283840", "frame": 57, "mu": [1.691687798509399, 1.925889618853707, 1.4188347525826464], "Sigma": [[0.000310064776378745, 0.00036688839524245834, -0.00032598244774925553], [0.00036688839524245834, 0.000923007226208822, -0.0046590003765132676], [-0.00032598244774925553, -0.004659000376513268, 0.07430241869269096]], "chi2_level": 0.997, "chi2_df": 3, "chi2_threshold": 13.931422665512084, "N_raw": 5, "N_roi": 5, "N_inlier": 5, "refit": true}
{"timestamp": "14:39:19.340801", "frame": 58, "mu": [1.6640916096467027, 1.9400005319061147, 1.198151222119143], "Sigma": [[0.01004973521881059, -0.002656168172719542, -0.028489955866189406], [-0.002656168172719542, 0.005664354599021363, 0.026224954339605363], [-0.028489955866189406, 0.026224954339605366, 0.19299219506381876]], "chi2_level": 0.997, "chi2_df": 3, "chi2_threshold": 13.931422665512084, "N_raw": 16, "N_roi": 16, "N_inlier": 16, "refit": true}
{"timestamp": "14:39:19.395259", "frame": 59, "mu": [1.710451368341292, 1.977215844003204, 1.1171429414053944], "Sigma": [[0.0008970009445656987, 0.0002092036766190969, -0.010785032744336506], [0.0002092036766190969, 0.0021304029318608237, 0.0008912985956954048], [-0.010785032744336506, 0.0008912985956954044, 0.17270294818789989]], "chi2_level": 0.997, "chi2_df": 3, "chi2_threshold": 13.931422665512084, "N_raw": 6, "N_roi": 6, "N_inlier": 6, "refit": true}
{"timestamp": "14:39:19.450060", "frame": 60, "mu": [1.7200221877165207, 2.006084404333722, 1.0107850716012472], "Sigma": [[0.00357740346515004, 0.0018740130693026007, -0.020567438510559248], [0.0018740130693026004, 0.0065744100197470115, -0.020854347708931742], [-0.020567438510559248, -0.020854347708931742, 0.18545545896780727]], "chi2_level": 0.997, "chi2_df": 3, "chi2_threshold": 13.931422665512084, "N_raw": 10, "N_roi": 8, "N_inlier": 8, "refit": true}
{"timestamp": "14:39:19.561053", "frame": 62, "mu": [1.5782608202027084, 2.0083105108136134, 1.2361316352347516], "Sigma": [[0.18643876210641971, 0.22228785564501494, -0.14400057304982097], [0.22228785564501494, 0.2721803483464174, -0.1440654266442635], [-0.14400057304982097, -0.1440654266442635, 0.252706473692273]], "chi2_level": 0.997, "chi2_df": 3, "chi2_threshold": 13.931422665512084, "N_raw": 11, "N_roi": 9, "N_inlier": 9, "refit": true}
{"timestamp": "14:39:19.617685", "frame": 63, "mu": [1.8746516037836096, 1.9314357995748705, 0.5665164783824922], "Sigma": [[0.012908705850192352, -0.00789748457497784, -0.023841321972494636], [-0.00789748457497784, 0.008760645075970876, 0.01976202954979545], [-0.023841321972494636, 0.01976202954979545, 0.11997591160673055]], "chi2_level": 0.997, "chi2_df": 3, "chi2_threshold": 13.931422665512084, "N_raw": 27, "N_roi": 26, "N_inlier": 25, "refit": true}
{"timestamp": "14:39:19.674926", "frame": 64, "mu": [1.7499245607627398, 2.15532059087515, 1.1766194632121303], "Sigma": [[0.020605379203697143, -0.023532486892750594, -0.06722668336321488], [-0.023532486892750594, 0.03224586541779895, 0.08511906980895186], [-0.06722668336321488, 0.08511906980895186, 0.27189407470079935]], "chi2_level": 0.997, "chi2_df": 3, "chi2_threshold": 13.931422665512084, "N_raw": 41, "N_roi": 38, "N_inlier": 38, "refit": true}
{"timestamp": "14:39:19.730574", "frame": 65, "mu": [1.9139308008895517, 1.9796597339652446, 0.48366176571948827], "Sigma": [[0.015168441057728748, -0.013836978295282557, -0.011445454400022289], [-0.013836978295282557, 0.01633274280504167, 0.010253116123268964], [-0.01144545440002229, 0.010253116123268964, 0.02075914026521311]], "chi2_level": 0.997, "chi2_df": 3, "chi2_threshold": 13.931422665512084, "N_raw": 41, "N_roi": 41, "N_inlier": 38, "refit": true}
{"timestamp": "14:39:19.780171", "frame": 66, "mu": [1.7766159166111175, 2.1628591919560614, 0.86679405232167], "Sigma": [[0.014874375534984151, -0.017727404185271998, -0.05124142729325759], [-0.017727404185271998, 0.025286426509911347, 0.06465578875443379], [-0.051241427293257584, 0.06465578875443379, 0.18358552401056105]], "chi2_level": 0.997, "chi2_df": 3, "chi2_threshold": 13.931422665512084, "N_raw": 7, "N_roi": 7, "N_inlier": 7, "refit": true}
{"timestamp": "14:39:19.835189", "frame": 67, "mu": [1.6870964299896924, 2.344490155963066, 1.258708420640774], "Sigma": [[0.018385088557235522, -0.015015456884935593, -0.05581753874764862], [-0.015015456884935593, 0.016903586325602928, 0.052510023701567175], [-0.05581753874764863, 0.05251002370156719, 0.19400022068555858]], "chi2_level": 0.997, "chi2_df": 3, "chi2_threshold": 13.931422665512084, "N_raw": 7, "N_roi": 7, "N_inlier": 7, "refit": true}
{"timestamp": "14:39:19.889494", "frame": 68, "mu": [1.6513655992272969, 2.3502836576666892, 1.047483445825531], "Sigma": [[0.009614499989944464, -0.011249358173541129, -0.021918572616904268], [-0.011249358173541129, 0.013917219454327489, 0.02591632733619746], [-0.021918572616904268, 0.02591632733619746, 0.13143971071124116]], "chi2_level": 0.997, "chi2_df": 3, "chi2_threshold": 13.931422665512084, "N_raw": 8, "N_roi": 6, "N_inlier": 6, "refit": true}
{"timestamp": "14:39:19.945180", "frame": 69, "mu": [1.728510465701697, 2.2810982323171496, 0.8075622317919464], "Sigma": [[0.017652791935515274, -0.01774046620159635, -0.04049935163590362], [-0.017740466201596354, 0.018816317015643208, 0.04021978186888501], [-0.04049935163590362, 0.04021978186888501, 0.09766702033016966]], "chi2_level": 0.997, "chi2_df": 3, "chi2_threshold": 13.931422665512084, "N_raw": 6, "N_roi": 6, "N_inlier": 6, "refit": true}
{"timestamp": "14:39:20.000403", "frame": 70, "mu": [1.6823256817953378, 2.4603450578974133, 1.0551734204688232], "Sigma": [[0.005003220329749908, -0.0018487230341120904, -0.0003922891580036385], [-0.0018487230341120906, 0.0023655979084599155, -0.0007748380071224758], [-0.00039228915800363853, -0.0007748380071224757, 0.0013596474903456348]], "chi2_level": 0.997, "chi2_df": 3, "chi2_threshold": 13.931422665512084, "N_raw": 18, "N_roi": 18, "N_inlier": 17, "refit": true}
{"timestamp": "14:39:20.055730", "frame": 71, "mu": [1.6425832844517565, 2.4750706505294824, 1.0212488757895888], "Sigma": [[0.006106844147962912, -0.004491188113193536, -0.002102904184597091], [-0.004491188113193536, 0.005441901113530775, 0.001009105129974784], [-0.002102904184597091, 0.0010091051299747841, 0.0028756163576469434]], "chi2_level": 0.997, "chi2_df": 3, "chi2_threshold": 13.931422665512084, "N_raw": 20, "N_roi": 20, "N_inlier": 20, "refit": true}
{"timestamp": "14:39:20.111781", "frame": 72, "mu": [1.614606111962557, 2.50050047118455, 0.9135963563704338], "Sigma": [[0.005493991677362662, -0.001173644011083404, 0.0012436456684818834], [-0.001173644011083404, 0.0025769747421088315, 3.969847926856614e-05], [0.0012436456684818834, 3.969847926856614e-05, 0.0006771979025613655]], "chi2_level": 0.997, "chi2_df": 3, "chi2_threshold": 13.931422665512084, "N_raw": 21, "N_roi": 12, "N_inlier": 11, "refit": true}
{"timestamp": "14:39:20.330777", "frame": 76, "mu": [1.488566167808472, 2.4840813825782515, 1.2691060804137941], "Sigma": [[0.1884806905194765, 0.2999023279580161, -0.1389408871519977], [0.29990232795801613, 0.5122476710832303, -0.16310401536720384], [-0.1389408871519977, -0.16310401536720384, 0.20727710807663693]], "chi2_level": 0.997, "chi2_df": 3, "chi2_threshold": 13.931422665512084, "N_raw": 13, "N_roi": 8, "N_inlier": 8, "refit": true}
{"timestamp": "14:39:20.386542", "frame": 77, "mu": [1.6922265594018264, 2.7089811005752926, 1.2129478674564043], "Sigma": [[0.007571334668466893, -0.0064749737442796025, -0.040494142035311466], [-0.0064749737442796025, 0.008573068562603585, 0.03879537882572636], [-0.040494142035311466, 0.03879537882572636, 0.23749668963885298]], "chi2_level": 0.997, "chi2_df": 3, "chi2_threshold": 13.931422665512084, "N_raw": 6, "N_roi": 6, "N_inlier": 6, "refit": true}
{"timestamp": "14:39:20.444763", "frame": 78, "mu": [1.621904681659839, 2.788639580985566, 1.212246537697447], "Sigma": [[0.012797289956250174, -0.005462213180229814, -0.004873348650798293], [-0.005462213180229814, 0.005632421247569043, -0.0008702171711931152], [-0.004873348650798294, -0.0008702171711931151, 0.006605821272755893]], "chi2_level": 0.997, "chi2_df": 3, "chi2_threshold": 13.931422665512084, "N_raw": 45, "N_roi": 43, "N_inlier": 42, "refit": true}
{"timestamp": "14:39:20.495195", "frame": 79, "mu": [1.6837972338274625, 2.7195485010793483, 0.7641157827353203], "Sigma": [[0.0033504329030615435, -0.0034615899263290674, -0.017672541478544485], [-0.0034615899263290674, 0.01047056610371515, 0.03206301301259763], [-0.017672541478544485, 0.032063013012597626, 0.12252010673199776]], "chi2_level": 0.997, "chi2_df": 3, "chi2_threshold": 13.931422665512084, "N_raw": 9, "N_roi": 6, "N_inlier": 6, "refit": true}
{"timestamp": "14:39:20.549915", "frame": 80, "mu": [1.692001759250777, 2.7526245668559137, 0.7101551585885802], "Sigma": [[0.008882581945768124, -0.011100919028865994, -0.03622499904436111], [-0.011100919028865994, 0.016634724574241734, 0.04997465778137057], [-0.03622499904436111, 0.04997465778137057, 0.1621110283736386]], "chi2_level": 0.997, "chi2_df": 3, "chi2_threshold": 13.931422665512084, "N_raw": 9, "N_roi": 6, "N_inlier": 6, "refit": true}
{"timestamp": "14:39:20.606159", "frame": 81, "mu": [1.7062519387988786, 2.8993172450020226, 1.1341427088637424], "Sigma": [[0.004959413731694792, -0.006285680593245873, -0.03152029054374486], [-0.006285680593245873, 0.01335313613385102, 0.04579220870608569], [-0.031520290543744854, 0.04579220870608569, 0.22137504101929073]], "chi2_level": 0.997, "chi2_df": 3, "chi2_threshold": 13.931422665512084, "N_raw": 23, "N_roi": 6, "N_inlier": 6, "refit": true}
{"timestamp": "14:39:20.662727", "frame": 82, "mu": [1.6614347682675563, 2.9616025635688015, 1.0150823875405668], "Sigma": [[0.012898381813952501, -0.009560906795250276, -0.019204561552410838], [-0.009560906795250278, 0.008414342049481055, 0.017330743348543398], [-0.019204561552410838, 0.017330743348543398, 0.0719121708134692]], "chi2_level": 0.997, "chi2_df": 3, "chi2_threshold": 13.931422665512084, "N_raw": 34, "N_roi": 34, "N_inlier": 34, "refit": true}
{"timestamp": "14:39:20.717571", "frame": 83, "mu": [1.628505163052163, 3.0385452177555203, 1.333618541509365], "Sigma": [[0.005894951828691978, -0.0020848699681634973, -0.006751175977605807], [-0.0020848699681634973, 0.002046433498715994, 0.003486386025708124], [-0.006751175977605807, 0.003486386025708125, 0.05727089424519754]], "chi2_level": 0.997, "chi2_df": 3, "chi2_threshold": 13.931422665512084, "N_raw": 21, "N_roi": 18, "N_inlier": 18, "refit": true}
{"timestamp": "14:39:20.771792", "frame": 84, "mu": [1.731125116955586, 3.05525311944674, 0.9821893139922405], "Sigma": [[0.005894814190894582, -0.0029584591722189735, -0.016980575725648258], [-0.0029584591722189735, 0.0029333594858648076, 0.004605349439352677], [-0.016980575725648258, 0.004605349439352677, 0.09410337674034493]], "chi2_level": 0.997, "chi2_df": 3, "chi2_threshold": 13.931422665512084, "N_raw": 19, "N_roi": 16, "N_inlier": 16, "refit": true}
{"timestamp": "14:39:20.830991", "frame": 85, "mu": [1.8031228688305705, 3.300907891676086, -0.42906132806357444], "Sigma": [[0.02151975972158299, 0.009600238025970728, -0.05657459070822643], [0.009600238025970728, 0.013198827011929216, -0.03962990263405794], [-0.05657459070822643, -0.03962990263405794, 0.17728223429643203]], "chi2_level": 0.997, "chi2_df": 3, "chi2_threshold": 13.931422665512084, "N_raw": 24, "N_roi": 20, "N_inlier": 20, "refit": true}
{"timestamp": "14:39:20.880691", "frame": 86, "mu": [1.7593198875640443, 3.1572151363078937, 0.59018536088175], "Sigma": [[0.005521388371673931, -0.0007258821576377761, -0.0094829219789857], [-0.0007258821576377761, 0.002943656379885794, -0.004698302184638017], [-0.0094829219789857, -0.004698302184638016, 0.06186858527881844]], "chi2_level": 0.997, "chi2_df": 3, "chi2_threshold": 13.931422665512084, "N_raw": 18, "N_roi": 15, "N_inlier": 15, "refit": true}
{"timestamp": "14:39:20.937740", "frame": 87, "mu": [1.9452196116563392, 3.0120056559900257, 0.48664268718546355], "Sigma": [[0.019689083778679638, -0.011033088425038765, -0.029042882727554207], [-0.011033088425038765, 0.008429565707191779, 0.014654715107650785], [-0.02904288272755421, 0.014654715107650785, 0.060885845133426875]], "chi2_level": 0.997, "chi2_df": 3, "chi2_threshold": 13.931422665512084, "N_raw": 25, "N_roi": 20, "N_inlier": 20, "refit": true}
{"timestamp": "14:39:20.991919", "frame": 88, "mu": [1.9605888778699212, 3.0332226644751517, 0.4176382145922256], "Sigma": [[0.009682211410311552, -0.007131107760586944, -0.00852092840337698], [-0.007131107760586944, 0.008195398633080343, 0.006427870969917926], [-0.008520928403376982, 0.006427870969917926, 0.018101874969329943]], "chi2_level": 0.997, "chi2_df": 3, "chi2_threshold": 13.931422665512084, "N_raw": 21, "N_roi": 21, "N_inlier": 20, "refit": true}
{"timestamp": "14:39:21.051572", "frame": 89, "mu": [1.8525292311931245, 3.1445613011020455, 0.7682227654990696], "Sigma": [[0.033510874855613916, -0.02374019532599036, -0.06265279218683058], [-0.02374019532599036, 0.019238162163755207, 0.04739110572885788], [-0.06265279218683058, 0.04739110572885788, 0.18294582638143256]], "chi2_level": 0.997, "chi2_df": 3, "chi2_threshold": 13.931422665512084, "N_raw": 55, "N_roi": 55, "N_inlier": 55, "refit": true}
{"timestamp": "14:39:21.100354", "frame": 90, "mu": [1.8131095752430584, 3.173161502903927, 0.8107727563705167], "Sigma": [[0.007441240933878478, -0.0026955919118783348, -0.02633858306415116], [-0.0026955919118783343, 0.003084754116441983, 0.01177637786166803], [-0.02633858306415116, 0.01177637786166803, 0.10443558143430284]], "chi2_level": 0.997, "chi2_df": 3, "chi2_threshold": 13.931422665512084, "N_raw": 8, "N_roi": 7, "N_inlier": 7, "refit": true}
{"timestamp": "14:39:21.154654", "frame": 91, "mu": [1.6973998386417986, 3.317723091945295, 1.0504470324016493], "Sigma": [[0.0080548071373402, 9.382838595308913e-05, -0.01597482012267998], [9.382838595308902e-05, 0.0003753205917405086, 0.00024204925851249037], [-0.01597482012267998, 0.00024204925851249015, 0.03265144827881132]], "chi2_level": 0.997, "chi2_df": 3, "chi2_threshold": 13.931422665512084, "N_raw": 8, "N_roi": 5, "N_inlier": 5, "refit": true}
{"timestamp": "14:39:21.213790", "frame": 92, "mu": [1.8442010385655527, 3.254205532877801, 0.6522968485655346], "Sigma": [[0.025376594150059866, -0.016966331384122568, -0.03954432558488402], [-0.016966331384122568, 0.013385443911542663, 0.02315989917272255], [-0.03954432558488402, 0.023159899172722553, 0.08649678702095742]], "chi2_level": 0.997, "chi2_df": 3, "chi2_threshold": 13.931422665512084, "N_raw": 40, "N_roi": 40, "N_inlier": 40, "refit": true}
{"timestamp": "14:39:21.270895", "frame": 93, "mu": [1.6321172002300925, 3.4207047604084413, 1.1533085585777525], "Sigma": [[0.01837101537981211, -0.008543820145886666, -0.011483487259712752], [-0.008543820145886666, 0.006656935245413824, 0.00042983466885732156], [-0.011483487259712752, 0.00042983466885732167, 0.02065021761156188]], "chi2_level": 0.997, "chi2_df": 3, "chi2_threshold": 13.931422665512084, "N_raw": 50, "N_roi": 47, "N_inlier": 46, "refit": true}
{"timestamp": "14:39:21.324628", "frame": 94, "mu": [1.63675607804949, 3.524696044575011, -0.21490613128401442], "Sigma": [[0.019378261095268242, -0.0031044479992270277, 0.04776926222735943], [-0.0031044479992270273, 0.004259970818254783, -0.006271738600802991], [0.04776926222735944, -0.006271738600802991, 0.1843430590397386]], "chi2_level": 0.997, "chi2_df": 3, "chi2_threshold": 13.931422665512084, "N_raw": 38, "N_roi": 38, "N_inlier": 38, "refit": true}
{"timestamp": "14:39:21.597885", "frame": 99, "mu": [1.6187225784356043, 3.6582261209920315, 1.2336166337179075], "Sigma": [[0.019887766480608766, -0.010108647319161317, -0.006841876590882446], [-0.010108647319161317, 0.006792103554986348, 0.0032047884958826805], [-0.006841876590882445, 0.0032047884958826805, 0.006243053476943415]], "chi2_level": 0.997, "chi2_df": 3, "chi2_threshold": 13.931422665512084, "N_raw": 31, "N_roi": 28, "N_inlier": 27, "refit": true}
{"timestamp": "14:39:21.684688", "frame": 100, "mu": [1.6725880773604658, 3.636356921495212, 0.8354523633961337], "Sigma": [[0.0026547808601092328, -0.0010265079971154335, 0.014453987082494141], [-0.0010265079971154335, 0.0005526776435747426, -0.006079625905416138], [0.014453987082494141, -0.006079625905416138, 0.10661102728226646]], "chi2_level": 0.997, "chi2_df": 3, "chi2_threshold": 13.931422665512084, "N_raw": 5, "N_roi": 5, "N_inlier": 5, "refit": true}
{"timestamp": "14:39:21.707319", "frame": 101, "mu": [1.584798534961116, 3.689843931059333, 0.9224106667401815], "Sigma": [[0.001481514368789865, 0.00013545611683379806, -0.0061000508829516815], [0.00013545611683379806, 0.0006460905820732857, -0.003402192528463254], [-0.0061000508829516815, -0.0034021925284632533, 0.05425643158555119]], "chi2_level": 0.997, "chi2_df": 3, "chi2_threshold": 13.931422665512084, "N_raw": 5, "N_roi": 5, "N_inlier": 5, "refit": true}
{"timestamp": "14:39:21.764312", "frame": 102, "mu": [1.6060478059404506, 3.8493525949925487, -0.007791967662932998], "Sigma": [[0.01748938122288301, -0.005874772597006945, -0.0056479276620171786], [-0.005874772597006945, 0.00516350012934914, 0.0036947155515503925], [-0.0056479276620171786, 0.0036947155515503925, 0.004728225019039229]], "chi2_level": 0.997, "chi2_df": 3, "chi2_threshold": 13.931422665512084, "N_raw": 39, "N_roi": 36, "N_inlier": 35, "refit": true}
{"timestamp": "14:39:21.815750", "frame": 103, "mu": [1.6213446297411793, 3.797589209614962, 1.2288608906468181], "Sigma": [[0.010700051459077741, -0.003337850715513198, -0.00532874799089933], [-0.0033378507155131984, 0.0020872244213301036, 0.0008330356592684788], [-0.00532874799089933, 0.0008330356592684787, 0.008836442622669216]], "chi2_level": 0.997, "chi2_df": 3, "chi2_threshold": 13.931422665512084, "N_raw": 20, "N_roi": 20, "N_inlier": 19, "refit": true}
{"timestamp": "14:39:21.869519", "frame": 104, "mu": [1.5626695356004487, 3.8510424310094082, 0.972564418429561], "Sigma": [[0.0020868412487464994, -0.0008280032144119204, -0.014363447790344878], [-0.0008280032144119204, 0.001708122298390387, 0.00788634425009017], [-0.014363447790344878, 0.00788634425009017, 0.10270526400677363]], "chi2_level": 0.997, "chi2_df": 3, "chi2_threshold": 13.931422665512084, "N_raw": 8, "N_roi": 5, "N_inlier": 5, "refit": true}
{"timestamp": "14:39:21.924371", "frame": 105, "mu": [1.6693761311173168, 3.96086558286557, 1.0156618271593936], "Sigma": [[0.07286568363604733, 0.026993508746914936, -0.010180016396669107], [0.026993508746914932, 0.01024624830743877, -0.0006706976226620964], [-0.010180016396669107, -0.000670697622662096, 0.0807779934933903]], "chi2_level": 0.997, "chi2_df": 3, "chi2_threshold": 13.931422665512084, "N_raw": 8, "N_roi": 6, "N_inlier": 6, "refit": true}
{"timestamp": "14:39:21.983726", "frame": 106, "mu": [1.5448940322856466, 3.9724953048094065, 1.1206884612999792], "Sigma": [[0.01598855314311987, -0.006244718819979624, -0.011568964514148274], [-0.006244718819979624, 0.0031261256111704723, 0.003379458120104342], [-0.011568964514148274, 0.0033794581201043424, 0.04548042990742642]], "chi2_level": 0.997, "chi2_df": 3, "chi2_threshold": 13.931422665512084, "N_raw": 30, "N_roi": 30, "N_inlier": 30, "refit": true}
{"timestamp": "14:39:22.091535", "frame": 108, "mu": [1.5261334738663455, 4.086087718783991, 1.3063140879258046], "Sigma": [[0.018898490403351724, -0.006341177339253686, -0.016208405644844725], [-0.006341177339253687, 0.003356390886863967, 0.00188405423430682], [-0.016208405644844725, 0.0018840542343068203, 0.028715610650518024]], "chi2_level": 0.997, "chi2_df": 3, "chi2_threshold": 13.931422665512084, "N_raw": 32, "N_roi": 32, "N_inlier": 32, "refit": true}
{"timestamp": "14:39:22.144099", "frame": 109, "mu": [1.60788748953684, 4.124918355255031, 1.0094309856885586], "Sigma": [[0.008580048074825734, 0.002503353282341405, -0.026721881013635106], [0.002503353282341405, 0.0027899185487528424, -0.011021640446118185], [-0.026721881013635106, -0.011021640446118185, 0.10022638130643272]], "chi2_level": 0.997, "chi2_df": 3, "chi2_threshold": 13.931422665512084, "N_raw": 7, "N_roi": 7, "N_inlier": 7, "refit": true}
{"timestamp": "14:39:22.254397", "frame": 111, "mu": [1.603470004571154, 4.274066554301774, 0.9890518653144649], "Sigma": [[0.00730235023778722, -0.006046610504886158, 0.002189602787613502], [-0.006046610504886159, 0.009153336600767992, -0.025860852520176697], [0.002189602787613502, -0.025860852520176697, 0.19563214398381165]], "chi2_level": 0.997, "chi2_df": 3, "chi2_threshold": 13.931422665512084, "N_raw": 8, "N_roi": 8, "N_inlier": 8, "refit": true}
{"timestamp": "14:39:22.313868", "frame": 112, "mu": [1.6202986311026022, 4.232278809030035, 1.092903387690858], "Sigma": [[0.020963454104217485, -0.00994589904572389, -0.005252542595863474], [-0.00994589904572389, 0.009936522090706468, -0.0025769593881080737], [-0.005252542595863475, -0.0025769593881080737, 0.018067288817174808]], "chi2_level": 0.997, "chi2_df": 3, "chi2_threshold": 13.931422665512084, "N_raw": 37, "N_roi": 37, "N_inlier": 36, "refit": true}
{"timestamp": "14:39:22.421976", "frame": 114, "mu": [1.5879917715697638, 4.31131415850851, 0.9813364928154087], "Sigma": [[0.01892878328188008, -0.0068133651076573995, -0.006036063960468834], [-0.0068133651076573995, 0.003814348164169202, 0.0013539725523729366], [-0.006036063960468834, 0.0013539725523729362, 0.005646586546853026]], "chi2_level": 0.997, "chi2_df": 3, "chi2_threshold": 13.931422665512084, "N_raw": 22, "N_roi": 22, "N_inlier": 21, "refit": true}
{"timestamp": "14:39:22.528264", "frame": 116, "mu": [1.6830581261916384, 4.3658772407357365, 0.9805796939150935], "Sigma": [[0.009087551239365355, -0.0022620576508259292, -0.028349720463138994], [-0.002262057650825929, 0.0017745458778902353, 0.015095912769000346], [-0.028349720463138994, 0.015095912769000342, 0.14348414311058513]], "chi2_level": 0.997, "chi2_df": 3, "chi2_threshold": 13.931422665512084, "N_raw": 5, "N_roi": 5, "N_inlier": 5, "refit": true}
{"timestamp": "14:39:22.587855", "frame": 117, "mu": [1.608274800963186, 4.459863014840704, 0.9486549525496768], "Sigma": [[0.027545836253640148, -0.01171551166907273, -0.028249868167373855], [-0.01171551166907273, 0.006459783286619448, 0.008772456157016882], [-0.028249868167373855, 0.008772456157016882, 0.04737942736592694]], "chi2_level": 0.997, "chi2_df": 3, "chi2_threshold": 13.931422665512084, "N_raw": 33, "N_roi": 33, "N_inlier": 33, "refit": true}
{"timestamp": "14:39:22.639620", "frame": 118, "mu": [1.5974876632920534, 4.57815925895603, 0.15696277826381522], "Sigma": [[0.01986513574106491, 0.008579082543505326, -0.06130029423543364], [0.008579082543505326, 0.004896733748787001, -0.02706686664969562], [-0.06130029423543365, -0.027066866649695622, 0.19403726131479768]], "chi2_level": 0.997, "chi2_df": 3, "chi2_threshold": 13.931422665512084, "N_raw": 7, "N_roi": 5, "N_inlier": 5, "refit": true}
{"timestamp": "14:39:22.694780", "frame": 119, "mu": [1.4840189483169206, 4.589344469042749, 1.1015063843664556], "Sigma": [[0.006472853083955564, 0.0033045907061590427, -0.012548738732125003], [0.0033045907061590423, 0.002930681505770559, -0.007780916420014807], [-0.012548738732125002, -0.007780916420014808, 0.02743764677361284]], "chi2_level": 0.997, "chi2_df": 3, "chi2_threshold": 13.931422665512084, "N_raw": 6, "N_roi": 6, "N_inlier": 6, "refit": true}
{"timestamp": "14:39:22.970626", "frame": 124, "mu": [1.41802383821682, 4.771159397413275, 1.0496719474189191], "Sigma": [[0.008819038556817753, -0.001959570436698494, -0.003527969583271137], [-0.001959570436698494, 0.003368310108975304, 0.0009724712405795927], [-0.003527969583271137, 0.0009724712405795927, 0.004622536515120793]], "chi2_level": 0.997, "chi2_df": 3, "chi2_threshold": 13.931422665512084, "N_raw": 15, "N_roi": 15, "N_inlier": 14, "refit": true}
{"timestamp": "14:39:23.078987", "frame": 126, "mu": [1.5192957339926758, 4.826760390203964, 1.0104101432192436], "Sigma": [[0.0036013382915292876, -0.00014293842434763218, -0.012973092891021144], [-0.00014293842434763218, 0.0008491714578878018, 0.000900989544544366], [-0.012973092891021146, 0.0009009895445443661, 0.11142795015995657]], "chi2_level": 0.997, "chi2_df": 3, "chi2_threshold": 13.931422665512084, "N_raw": 5, "N_roi": 5, "N_inlier": 5, "refit": true}
{"timestamp": "14:39:23.358775", "frame": 131, "mu": [1.7071569789490941, 4.96048855250418, 1.086714158331067], "Sigma": [[0.014645608228003109, -0.002730900473527912, -0.015452913173897595], [-0.0027309004735279123, 0.0010960707454247664, 0.004289371718581422], [-0.015452913173897593, 0.004289371718581422, 0.030303110073110255]], "chi2_level": 0.997, "chi2_df": 3, "chi2_threshold": 13.931422665512084, "N_raw": 35, "N_roi": 7, "N_inlier": 7, "refit": true}
{"timestamp": "14:39:24.124480", "frame": 145, "mu": [2.0553526757994187, 4.936803373858641, 0.19222187173768912], "Sigma": [[0.008552358902787034, -0.003315654156222399, -0.005259171390184392], [-0.003315654156222399, 0.002235283405990093, 0.001498392251432554], [-0.005259171390184391, 0.0014983922514325537, 0.006151432433878205]], "chi2_level": 0.997, "chi2_df": 3, "chi2_threshold": 13.931422665512084, "N_raw": 19, "N_roi": 10, "N_inlier": 10, "refit": true}
