{"timestamp": "14:18:19.382951", "frame": 11, "mu": [-1.5886122437159202, 4.941979746865091, 0.6965459980677473], "Sigma": [[0.016390723976358608, 0.0012716649933469672, -0.004747061509677903], [0.0012716649933469672, 0.0009930754446671956, -0.003131619455858386], [-0.004747061509677902, -0.003131619455858386, 0.01608403550267736]], "chi2_level": 0.997, "chi2_df": 3, "chi2_threshold": 13.931422665512084, "N_raw": 30, "N_roi": 24, "N_inlier": 23, "refit": true}
{"timestamp": "14:18:19.499351", "frame": 13, "mu": [-1.5140196706962996, 4.855677656921355, 0.6075500812241366], "Sigma": [[0.03722380255874505, 0.0020935167823628543, -0.024508897043167405], [0.0020935167823628543, 0.0014160145893009313, -0.0058125913105354105], [-0.02450889704316741, -0.0058125913105354105, 0.07172520873890569]], "chi2_level": 0.997, "chi2_df": 3, "chi2_threshold": 13.931422665512084, "N_raw": 58, "N_roi": 57, "N_inlier": 56, "refit": true}
{"timestamp": "14:18:19.552801", "frame": 14, "mu": [-1.5075096864143729, 4.800010599325772, 0.6513137468948749], "Sigma": [[0.026279694617748227, 0.0010425457981756482, -0.029109899440408506], [0.0010425457981756482, 0.001709550661338735, -0.0037993084825674603], [-0.029109899440408506, -0.0037993084825674603, 0.05434652571446891]], "chi2_level": 0.997, "chi2_df": 3, "chi2_threshold": 13.931422665512084, "N_raw": 42, "N_roi": 42, "N_inlier": 42, "refit": true}
{"timestamp": "14:18:19.606373", "frame": 15, "mu": [-1.4529456374942145, 4.715185393259886, 0.46913885237287634], "Sigma": [[0.02479571070750393, 0.0008415897919700077, -0.018039180213578202], [0.0008415897919700077, 0.0029461216192680864, -0.0013860842576252515], [-0.0180391802135782, -0.0013860842576252515, 0.015912675202586768]], "chi2_level": 0.997, "chi2_df": 3, "chi2_threshold": 13.931422665512084, "N_raw": 33, "N_roi": 31, "N_inlier": 31, "refit": true}
{"timestamp": "14:18:19.657819", "frame": 16, "mu": [-1.577625103311348, 4.833428312453548, -0.06940655477910807], "Sigma": [[0.00341196415501478, -0.002744853685099855, 0.0041717914743549115], [-0.002744853685099855, 0.008584335522348791, -0.01975011679215686], [0.004171791474354911, -0.01975011679215686, 0.047552768683188765]], "chi2_level": 0.997, "chi2_df": 3, "chi2_threshold": 13.931422665512084, "N_raw": 8, "N_roi": 6, "N_inlier": 6, "refit": true}
{"timestamp": "14:18:19.716156", "frame": 17, "mu": [-1.5242655259682454, 4.607963666654334, 0.7458593330345776], "Sigma": [[0.024732698643119402, 0.002287287671220842, -0.017384208361075425], [0.0022872876712208426, 0.002168003609160016, -0.005502210919090027], [-0.017384208361075425, -0.005502210919090027, 0.025382555589585097]], "chi2_level": 0.997, "chi2_df": 3, "chi2_threshold": 13.931422665512084, "N_raw": 42, "N_roi": 42, "N_inlier": 42, "refit": true}
{"timestamp": "14:18:19.770055", "frame": 18, "mu": [-1.6337511717681512, 4.547437658359324, 0.6352052424456583], "Sigma": [[0.01365691692825124, -5.58717524257462e-05, -0.0011846044864984259], [-5.5871752425746255e-05, 0.0008183241261119081, -0.001918083759879188], [-0.0011846044864984263, -0.001918083759879188, 0.010119218697549908]], "chi2_level": 0.997, "chi2_df": 3, "chi2_threshold": 13.931422665512084, "N_raw": 20, "N_roi": 19, "N_inlier": 19, "refit": true}
{"timestamp": "14:18:19.827693", "frame": 19, "mu": [-1.4738247471133685, 4.683189869736667, -0.358543375906887], "Sigma": [[0.02891952308043257, 0.009304198984354197, -0.0191252501701779], [0.009304198984354195, 0.006044585471637972, -0.014746436419352933], [-0.0191252501701779, -0.01474643641935293, 0.03959107911842707]], "chi2_level": 0.997, "chi2_df": 3, "chi2_threshold": 13.931422665512084, "N_raw": 42, "N_roi": 40, "N_inlier": 40, "refit": true}
{"timestamp": "14:18:19.882337", "frame": 20, "mu": [-1.4916116639549388, 4.3518658190686805, 0.36879966978199175], "Sigma": [[0.027749983745926222, 0.003031037051971977, -0.021022322811398098], [0.003031037051971977, 0.000827740264896698, -0.004244471971602215], [-0.021022322811398098, -0.004244471971602215, 0.049867654791091544]], "chi2_level": 0.997, "chi2_df": 3, "chi2_threshold": 13.931422665512084, "N_raw": 48, "N_roi": 48, "N_inlier": 48, "refit": true}
{"timestamp": "14:18:19.935914", "frame": 21, "mu": [-1.5196766130876596, 4.295269087594036, 0.5861047472856857], "Sigma": [[0.018604379005273446, 0.00145514125272273, -0.021598246222239652], [0.00145514125272273, 0.0004006125729244186, -0.0027081964848830273], [-0.021598246222239655, -0.0027081964848830273, 0.06299523582935111]], "chi2_level": 0.997, "chi2_df": 3, "chi2_threshold": 13.931422665512084, "N_raw": 28, "N_roi": 28, "N_inlier": 28, "refit": true}
{"timestamp": "14:18:19.988970", "frame": 22, "mu": [-1.5627915545710638, 4.2585019972821465, 0.6069451107035425], "Sigma": [[0.008341751098010278, -0.0013379332531294119, 0.008096880119198619], [-0.0013379332531294119, 0.0007083810757631642, -0.0033735891308224538], [0.008096880119198617, -0.0033735891308224538, 0.037089063005739116]], "chi2_level": 0.997, "chi2_df": 3, "chi2_threshold": 13.931422665512084, "N_raw": 14, "N_roi": 8, "N_inlier": 8, "refit": true}
{"timestamp": "14:18:20.043087", "frame": 23, "mu": [-1.5839213189500985, 4.189562901015264, 0.823465789996455], "Sigma": [[0.013924531136675524, 0.0006182057324042691, -0.007560567727107255], [0.0006182057324042691, 0.0007081595318220846, -0.00354449481893813], [-0.0075605677271072536, -0.00354449481893813, 0.029084655421661477]], "chi2_level": 0.997, "chi2_df": 3, "chi2_threshold": 13.931422665512084, "N_raw": 17, "N_roi": 17, "N_inlier": 17, "refit": true}
{"timestamp": "14:18:20.103936", "frame": 24, "mu": [-1.601418056407996, 4.342747566701891, -0.2756938859856348], "Sigma": [[0.03282971301946719, 0.00562167084672861, -0.012785236323271361], [0.00562167084672861, 0.0059935734637495955, -0.009104795076508743], [-0.012785236323271361, -0.009104795076508743, 0.01815313421275066]], "chi2_level": 0.997, "chi2_df": 3, "chi2_threshold": 13.931422665512084, "N_raw": 50, "N_roi": 50, "N_inlier": 50, "refit": true}
{"timestamp": "14:18:20.154847", "frame": 25, "mu": [-1.5402613058480819, 4.066448952308133, 0.5750295012752776], "Sigma": [[0.019893308153396957, 0.0015192991193553353, -0.009456033555980958], [0.0015192991193553353, 0.0010056055839601351, -0.00307202996675631], [-0.00945603355598096, -0.00307202996675631, 0.017785665197224954]], "chi2_level": 0.997, "chi2_df": 3, "chi2_threshold": 13.931422665512084, "N_raw": 24, "N_roi": 23, "N_inlier": 23, "refit": true}
{"timestamp": "14:18:20.213898", "frame": 26, "mu": [-1.4823729285090361, 4.2232065208477785, -0.3598977567231391], "Sigma": [[0.03278438015287637, 0.0025182593454292444, -0.01669767310322883], [0.0025182593454292444, 0.004851044192715409, -0.008370077248798836], [-0.01669767310322883, -0.008370077248798836, 0.02347771939880894]], "chi2_level": 0.997, "chi2_df": 3, "chi2_threshold": 13.931422665512084, "N_raw": 50, "N_roi": 50, "N_inlier": 50, "refit": true}
{"timestamp": "14:18:20.267687", "frame": 27, "mu": [-1.538152320238885, 3.886698402230397, 0.5496197916027725], "Sigma": [[0.025425075360093544, 0.0016561700850108358, -0.014634686728875806], [0.0016561700850108358, 0.00093094950352799, -0.0029117917583988398], [-0.014634686728875806, -0.0029117917583988393, 0.020074745857125716]], "chi2_level": 0.997, "chi2_df": 3, "chi2_threshold": 13.931422665512084, "N_raw": 39, "N_roi": 37, "N_inlier": 36, "refit": true}
{"timestamp": "14:18:20.326260", "frame": 28, "mu": [-1.590906175342619, 3.8290887817222155, 0.6510096212112397], "Sigma": [[0.028083823784271565, 0.005541977086063944, -0.010577679716193875], [0.005541977086063944, 0.0044609220352452615, -0.008167914639501742], [-0.010577679716193873, -0.008167914639501742, 0.02106373528171073]], "chi2_level": 0.997, "chi2_df": 3, "chi2_threshold": 13.931422665512084, "N_raw": 64, "N_roi": 64, "N_inlier": 64, "refit": true}
{"timestamp": "14:18:20.379666", "frame": 29, "mu": [-1.5810171959952135, 3.7531361223107136, 0.4801065436963952], "Sigma": [[0.026758753086535324, 0.003025980652430564, -0.0006054631591149093], [0.003025980652430564, 0.001375462002952245, -0.0014627141356857076], [-0.0006054631591149097, -0.0014627141356857076, 0.0421241952834375]], "chi2_level": 0.997, "chi2_df": 3, "chi2_threshold": 13.931422665512084, "N_raw": 57, "N_roi": 57, "N_inlier": 57, "refit": true}
{"timestamp": "14:18:20.430348", "frame": 30, "mu": [-1.45131474937073, 3.701676431602068, 0.5220758256776921], "Sigma": [[0.016461114074211716, 0.0017529192516142198, -0.0005656938814696112], [0.00175291925161422, 0.000928396682867018, -0.0012989006414496269], [-0.0005656938814696116, -0.0012989006414496269, 0.014211035998161599]], "chi2_level": 0.997, "chi2_df": 3, "chi2_threshold": 13.931422665512084, "N_raw": 29, "N_roi": 29, "N_inlier": 29, "refit": true}
{"timestamp": "14:18:20.484836", "frame": 31, "mu": [-1.6159401391842627, 3.6003525320670984, 0.9661139997105612], "Sigma": [[0.011947269035020929, 0.0018436289115728016, -0.013310740018313455], [0.0018436289115728016, 0.0016991992294196274, -0.0019355783440902748], [-0.013310740018313456, -0.0019355783440902748, 0.033554217008072845]], "chi2_level": 0.997, "chi2_df": 3, "chi2_threshold": 13.931422665512084, "N_raw": 26, "N_roi": 24, "N_inlier": 23, "refit": true}
{"timestamp": "14:18:20.539798", "frame": 32, "mu": [-1.5488921475316315, 3.505656625764128, 0.6831330376223251], "Sigma": [[0.01145226889391573, -0.0003124402906111831, -0.007134573037051602], [-0.00031244029061118316, 0.0013712919023105418, -0.0015382448179849283], [-0.007134573037051602, -0.0015382448179849285, 0.010793601446713404]], "chi2_level": 0.997, "chi2_df": 3, "chi2_threshold": 13.931422665512084, "N_raw": 27, "N_roi": 27, "N_inlier": 27, "refit": true}
{"timestamp": "14:18:20.600144", "frame": 33, "mu": [-1.4746286215056175, 3.478436705579498, 0.6078525488039075], "Sigma": [[0.02268914416099948, 0.0002150783982971162, -0.018879262198126648], [0.0002150783982971163, 0.0015884711403649034, -0.005269680508352782], [-0.018879262198126648, -0.005269680508352782, 0.04068294865531036]], "chi2_level": 0.997, "chi2_df": 3, "chi2_threshold": 13.931422665512084, "N_raw": 62, "N_roi": 62, "N_inlier": 61, "refit": true}
{"timestamp": "14:18:20.654385", "frame": 34, "mu": [-1.5003582423546546, 3.4001127562221134, 0.6800098835597025], "Sigma": [[0.016882521933539073, -0.0002213963737773885, -0.019634940938941553], [-0.0002213963737773885, 0.0007503947659124904, -0.0021621424920245467], [-0.019634940938941553, -0.0021621424920245467, 0.05157416703788628]], "chi2_level": 0.997, "chi2_df": 3, "chi2_threshold": 13.931422665512084, "N_raw": 52, "N_roi": 51, "N_inlier": 48, "refit": true}
{"timestamp": "14:18:20.706685", "frame": 35, "mu": [-1.4828044734450292, 3.279031519914374, 0.4479937685175863], "Sigma": [[0.02092532050430715, 0.0005640247970333761, -0.013938674605190552], [0.0005640247970333759, 0.004995403342884032, -0.00015924425829753604], [-0.013938674605190556, -0.00015924425829753604, 0.011093493471660653]], "chi2_level": 0.997, "chi2_df": 3, "chi2_threshold": 13.931422665512084, "N_raw": 41, "N_roi": 41, "N_inlier": 40, "refit": true}
{"timestamp": "14:18:20.763273", "frame": 36, "mu": [-1.6703922478894513, 3.4156191794603648, -0.5152120319660035], "Sigma": [[0.015658127129033556, 0.0118761729252912, 0.014071378619368219], [0.0118761729252912, 0.020520478551494734, 0.017000045318507902], [0.014071378619368219, 0.017000045318507906, 0.06784204837153793]], "chi2_level": 0.997, "chi2_df": 3, "chi2_threshold": 13.931422665512084, "N_raw": 54, "N_roi": 54, "N_inlier": 54, "refit": true}
{"timestamp": "14:18:20.816235", "frame": 37, "mu": [-1.5332799696544046, 3.1324721886740057, 0.639447014686191], "Sigma": [[0.01725676560422678, 0.0033344076258863273, -0.01058652922092459], [0.0033344076258863273, 0.001268573204031381, -0.0034218573166921555], [-0.010586529220924592, -0.0034218573166921555, 0.02930049628655038]], "chi2_level": 0.997, "chi2_df": 3, "chi2_threshold": 13.931422665512084, "N_raw": 32, "N_roi": 32, "N_inlier": 32, "refit": true}
{"timestamp": "14:18:20.871208", "frame": 38, "mu": [-1.6667050036560127, 3.0611851265552477, 0.971245290233192], "Sigma": [[0.011635021942417707, 0.0035279969789856324, -0.019101613409771786], [0.0035279969789856324, 0.002052604810344864, -0.008100168014966772], [-0.019101613409771786, -0.008100168014966772, 0.08033330288049495]], "chi2_level": 0.997, "chi2_df": 3, "chi2_threshold": 13.931422665512084, "N_raw": 32, "N_roi": 32, "N_inlier": 32, "refit": true}
{"timestamp": "14:18:20.928942", "frame": 39, "mu": [-1.588604455266415, 3.1635229465907937, -0.37937237552585784], "Sigma": [[0.017991209180973834, 0.009085126146012359, -0.025585607878536636], [0.00908512614601236, 0.009169597971389205, -0.022131868548860578], [-0.02558560787853664, -0.022131868548860578, 0.05881557263377992]], "chi2_level": 0.997, "chi2_df": 3, "chi2_threshold": 13.931422665512084, "N_raw": 51, "N_roi": 51, "N_inlier": 51, "refit": true}
{"timestamp": "14:18:20.982860", "frame": 40, "mu": [-1.5557656250480825, 2.9196480600500734, 0.8213296349566306], "Sigma": [[0.015783013632484393, 0.0036643410552150957, -0.006823521096788637], [0.0036643410552150957, 0.0031026302667582738, -0.006240665125013279], [-0.006823521096788637, -0.006240665125013279, 0.017322338994664045]], "chi2_level": 0.997, "chi2_df": 3, "chi2_threshold": 13.931422665512084, "N_raw": 47, "N_roi": 47, "N_inlier": 47, "refit": true}
{"timestamp": "14:18:21.035643", "frame": 41, "mu": [-1.6025877393394548, 2.804568197016034, 0.9003222737477772], "Sigma": [[0.010744830952221675, 0.0006013190680209911, 0.0007846873848627138], [0.000601319068020991, 0.0011300594400627407, -0.004354723209943693], [0.0007846873848627138, -0.004354723209943692, 0.02160831196553555]], "chi2_level": 0.997, "chi2_df": 3, "chi2_threshold": 13.931422665512084, "N_raw": 20, "N_roi": 20, "N_inlier": 20, "refit": true}
{"timestamp": "14:18:21.087235", "frame": 42, "mu": [-1.7359898941638505, 2.7320744266659815, 0.871404175975407], "Sigma": [[0.03726620387157913, -0.0008037565548661383, 0.003438883080972281], [-0.0008037565548661384, 0.0018343778008796266, -0.005772774648793947], [0.0034388830809722794, -0.005772774648793947, 0.038761486059626836]], "chi2_level": 0.997, "chi2_df": 3, "chi2_threshold": 13.931422665512084, "N_raw": 8, "N_roi": 8, "N_inlier": 8, "refit": true}
{"timestamp": "14:18:21.146578", "frame": 43, "mu": [-1.735281382503915, 2.6174329435878683, 1.2432517804186596], "Sigma": [[0.012668132855137666, 0.003525087430299403, -0.01118891484790729], [0.0035250874302994034, 0.004094915649391724, -0.0070038106634590066], [-0.01118891484790729, -0.007003810663459006, 0.020314446796526622]], "chi2_level": 0.997, "chi2_df": 3, "chi2_threshold": 13.931422665512084, "N_raw": 39, "N_roi": 39, "N_inlier": 37, "refit": true}
{"timestamp": "14:18:21.205485", "frame": 44, "mu": [-1.883832178409411, 2.5917812995374123, 1.0925127964379753], "Sigma": [[0.04557845803380588, -0.005202603254633242, 0.013340633591882225], [-0.005202603254633242, 0.004486488288149568, -0.010794549910795594], [0.013340633591882225, -0.010794549910795596, 0.03698205688529922]], "chi2_level": 0.997, "chi2_df": 3, "chi2_threshold": 13.931422665512084, "N_raw": 63, "N_roi": 54, "N_inlier": 51, "refit": true}
{"timestamp": "14:18:21.255683", "frame": 45, "mu": [-1.7510097453763724, 2.4629285841514372, 0.8740239402919121], "Sigma": [[0.06721507524957582, 0.04451864645671934, -0.08227314914464193], [0.04451864645671934, 0.037133041432372824, -0.07071109008644322], [-0.08227314914464193, -0.07071109008644322, 0.15989446730915705]], "chi2_level": 0.997, "chi2_df": 3, "chi2_threshold": 13.931422665512084, "N_raw": 30, "N_roi": 22, "N_inlier": 21, "refit": true}
{"timestamp": "14:18:21.315882", "frame": 46, "mu": [-1.6700358181982649, 2.4045557355527802, 0.7704890815084529], "Sigma": [[0.027848318349552592, 0.0034314548816342305, 0.005672717810700691], [0.0034314548816342305, 0.0019730802634678017, 0.0006900780077575904], [0.005672717810700693, 0.0006900780077575904, 0.02579532697274913]], "chi2_level": 0.997, "chi2_df": 3, "chi2_threshold": 13.931422665512084, "N_raw": 68, "N_roi": 68, "N_inlier": 67, "refit": true}
{"timestamp": "14:18:21.367710", "frame": 47, "mu": [-1.7061939241023134, 2.315602816735476, 0.9324339943896034], "Sigma": [[0.015514100071851058, 0.0009563826681583466, -0.00356843064293906], [0.0009563826681583466, 0.00136440312559654, -0.001931870368893837], [-0.00356843064293906, -0.001931870368893837, 0.010481560338974147]], "chi2_level": 0.997, "chi2_df": 3, "chi2_threshold": 13.931422665512084, "N_raw": 40, "N_roi": 40, "N_inlier": 40, "refit": true}
{"timestamp": "14:18:21.425119", "frame": 48, "mu": [-1.7260223965744563, 2.2561876922982878, 1.1332500986538132], "Sigma": [[0.013835544511948952, 0.0028247723598636533, -0.008901435990804937], [0.0028247723598636538, 0.005735529214933018, -0.007302748999982841], [-0.008901435990804936, -0.007302748999982841, 0.013127389015061811]], "chi2_level": 0.997, "chi2_df": 3, "chi2_threshold": 13.931422665512084, "N_raw": 62, "N_roi": 62, "N_inlier": 61, "refit": true}
{"timestamp": "14:18:21.476679", "frame": 49, "mu": [-1.835810117917658, 1.9960669449095454, 1.004639619514462], "Sigma": [[0.09613203787722421, 0.07435638666934613, -0.01111066291603885], [0.07435638666934613, 0.061888352488275, -0.01043484748966911], [-0.01111066291603885, -0.01043484748966911, 0.007954099436738821]], "chi2_level": 0.997, "chi2_df": 3, "chi2_threshold": 13.931422665512084, "N_raw": 33, "N_roi": 33, "N_inlier": 32, "refit": true}
{"timestamp": "14:18:21.535941", "frame": 50, "mu": [-1.7625348335923139, 2.0775006491653745, 1.0567494996003366], "Sigma": [[0.021601031001655828, 0.009719906424198748, -0.016511925573038932], [0.009719906424198748, 0.006990258960152486, -0.014463111623931674], [-0.016511925573038932, -0.014463111623931674, 0.04351308231267152]], "chi2_level": 0.997, "chi2_df": 3, "chi2_threshold": 13.931422665512084, "N_raw": 69, "N_roi": 69, "N_inlier": 66, "refit": true}
{"timestamp": "14:18:21.594752", "frame": 51, "mu": [-1.8774682130722173, 1.907344118445103, 1.1833569578135732], "Sigma": [[0.04236034844997802, 0.03025941727557345, -0.052852992839906215], [0.03025941727557345, 0.025572759653821664, -0.041969534569569616], [-0.052852992839906215, -0.041969534569569616, 0.1102661956745627]], "chi2_level": 0.997, "chi2_df": 3, "chi2_threshold": 13.931422665512084, "N_raw": 89, "N_roi": 89, "N_inlier": 89, "refit": true}
{"timestamp": "14:18:21.649223", "frame": 52, "mu": [-1.9615170296168096, 1.84200607539491, 0.09146603848335902], "Sigma": [[0.04981727177198153, 0.04302294739614869, 0.0273749007284959], [0.04302294739614869, 0.05344589036737628, -0.004976981819821013], [0.027374900728495896, -0.004976981819821014, 0.1847333821261624]], "chi2_level": 0.997, "chi2_df": 3, "chi2_threshold": 13.931422665512084, "N_raw": 88, "N_roi": 88, "N_inlier": 87, "refit": true}
{"timestamp": "14:18:21.706460", "frame": 53, "mu": [-1.8893543643536101, 1.7392164536852912, 1.262258339082793], "Sigma": [[0.041305305327059484, 0.03401714751795901, -0.046218618175957564], [0.03401714751795901, 0.03462192430912603, -0.04903193280003534], [-0.04621861817595757, -0.04903193280003533, 0.0788500477338267]], "chi2_level": 0.997, "chi2_df": 3, "chi2_threshold": 13.931422665512084, "N_raw": 100, "N_roi": 100, "N_inlier": 100, "refit": true}
{"timestamp": "14:18:21.759034", "frame": 54, "mu": [-1.8831392935514557, 1.6383954662762328, 1.248637455341585], "Sigma": [[0.03903583691788391, 0.02774085328999732, -0.04822204247078775], [0.02774085328999732, 0.025502794779996306, -0.04458682144769022], [-0.04822204247078774, -0.04458682144769022, 0.09029085169505763]], "chi2_level": 0.997, "chi2_df": 3, "chi2_threshold": 13.931422665512084, "N_raw": 91, "N_roi": 91, "N_inlier": 91, "refit": true}
{"timestamp": "14:18:21.807832", "frame": 55, "mu": [-1.7838882230004078, 1.650459454478269, 0.9548920552584125], "Sigma": [[0.035912359092170526, 0.018497180812183114, -0.022318797390184344], [0.018497180812183114, 0.011463175774389165, -0.015329408789530059], [-0.022318797390184344, -0.015329408789530059, 0.03708031457920093]], "chi2_level": 0.997, "chi2_df": 3, "chi2_threshold": 13.931422665512084, "N_raw": 48, "N_roi": 48, "N_inlier": 46, "refit": true}
{"timestamp": "14:18:21.858073", "frame": 56, "mu": [-1.7720427921043447, 1.5389071321756673, 1.0323560584332652], "Sigma": [[0.019790767865057228, 0.012935840312080928, -0.020222374447381484], [0.012935840312080928, 0.011619764053962141, -0.021904971031729052], [-0.020222374447381487, -0.021904971031729052, 0.06254311503796153]], "chi2_level": 0.997, "chi2_df": 3, "chi2_threshold": 13.931422665512084, "N_raw": 12, "N_roi": 12, "N_inlier": 12, "refit": true}
{"timestamp": "14:18:21.921800", "frame": 57, "mu": [-1.87988917842743, 1.3932576561676009, 1.195143580662389], "Sigma": [[0.016319415227866098, 0.01060675867372941, -0.004394058196390646], [0.010606758673729408, 0.012772477594125439, -0.00978893517710882], [-0.004394058196390647, -0.00978893517710882, 0.05009495726593505]], "chi2_level": 0.997, "chi2_df": 3, "chi2_threshold": 13.931422665512084, "N_raw": 70, "N_roi": 70, "N_inlier": 70, "refit": true}
{"timestamp": "14:18:21.975965", "frame": 58, "mu": [-1.8180761496173017, 1.3416227790411408, 1.0623026143185128], "Sigma": [[0.018661479416859635, 0.014115285766705205, -0.014312495471324772], [0.014115285766705205, 0.01343541423368468, -0.015956551302639736], [-0.014312495471324772, -0.015956551302639736, 0.024512956872091467]], "chi2_level": 0.997, "chi2_df": 3, "chi2_threshold": 13.931422665512084, "N_raw": 71, "N_roi": 71, "N_inlier": 71, "refit": true}
{"timestamp": "14:18:22.030754", "frame": 59, "mu": [-1.843603854538753, 1.2338940790395134, 1.2357752435527742], "Sigma": [[0.010636373879112553, 0.006255198859920649, -0.002857994098892387], [0.006255198859920649, 0.009775344974561393, -0.007918658859926249], [-0.0028579940988923865, -0.007918658859926249, 0.0323943325029823]], "chi2_level": 0.997, "chi2_df": 3, "chi2_threshold": 13.931422665512084, "N_raw": 65, "N_roi": 65, "N_inlier": 65, "refit": true}
{"timestamp": "14:18:22.084683", "frame": 60, "mu": [-1.8025388596505596, 1.1721473798594204, 1.1059155605918682], "Sigma": [[0.009018164438553725, 0.0073115603855710256, -0.008070610592159579], [0.007311560385571025, 0.010299656092308056, -0.015437207816783732], [-0.008070610592159579, -0.015437207816783732, 0.04086875513394775]], "chi2_level": 0.997, "chi2_df": 3, "chi2_threshold": 13.931422665512084, "N_raw": 63, "N_roi": 63, "N_inlier": 63, "refit": true}
{"timestamp": "14:18:22.141696", "frame": 61, "mu": [-1.8000594573857036, 1.069996515922677, 1.1477045433468782], "Sigma": [[0.012468709085363747, 0.007944873305432294, -0.0025751619207563512], [0.007944873305432292, 0.008390791966924905, -0.007238085828393361], [-0.002575161920756351, -0.007238085828393362, 0.014615323306087323]], "chi2_level": 0.997, "chi2_df": 3, "chi2_threshold": 13.931422665512084, "N_raw": 70, "N_roi": 70, "N_inlier": 67, "refit": true}
{"timestamp": "14:18:22.196255", "frame": 62, "mu": [-1.7830459307546394, 0.9900284390484535, 1.158699992300134], "Sigma": [[0.011095940164024886, 0.007562076268425283, -0.0013423016682877422], [0.007562076268425283, 0.009140047308341497, -0.008082034463736485], [-0.0013423016682877422, -0.008082034463736485, 0.01648781129829162]], "chi2_level": 0.997, "chi2_df": 3, "chi2_threshold": 13.931422665512084, "N_raw": 73, "N_roi": 73, "N_inlier": 72, "refit": true}
{"timestamp": "14:18:22.250642", "frame": 63, "mu": [-1.7629287469139985, 0.9170466649188473, 1.1897409298872854], "Sigma": [[0.009714862997302955, 0.007128029310406829, -0.0006046569778619424], [0.00712802931040683, 0.012076834312304278, -0.0068816809206223165], [-0.0006046569778619426, -0.0068816809206223165, 0.009339237045055647]], "chi2_level": 0.997, "chi2_df": 3, "chi2_threshold": 13.931422665512084, "N_raw": 63, "N_roi": 63, "N_inlier": 63, "refit": true}
{"timestamp": "14:18:22.303756", "frame": 64, "mu": [-1.7809632910761137, 0.8352098142498722, 1.2457228358094155], "Sigma": [[0.006181754430197709, 0.004861293900748692, -0.003632634637747923], [0.004861293900748692, 0.01260316163480175, -0.00895396257570513], [-0.003632634637747923, -0.008953962575705129, 0.011160486775292956]], "chi2_level": 0.997, "chi2_df": 3, "chi2_threshold": 13.931422665512084, "N_raw": 49, "N_roi": 49, "N_inlier": 46, "refit": true}
{"timestamp": "14:18:22.357807", "frame": 65, "mu": [-1.7488562108674244, 0.8351404179467306, 1.246078689785488], "Sigma": [[0.006188137201844535, 0.005098472128462447, 0.0008012275816156497], [0.005098472128462447, 0.008346043502804422, 0.0006568951995663284], [0.0008012275816156499, 0.000656895199566329, 0.02291477195505958]], "chi2_level": 0.997, "chi2_df": 3, "chi2_threshold": 13.931422665512084, "N_raw": 48, "N_roi": 48, "N_inlier": 48, "refit": true}
{"timestamp": "14:18:22.412604", "frame": 66, "mu": [-1.7150839653761885, 0.7172512633654328, 1.2103048564370569], "Sigma": [[0.006360789713632383, 0.0029308527122440114, -0.0004922954797172627], [0.002930852712244012, 0.006830736608209524, -0.004804271287195583], [-0.0004922954797172627, -0.004804271287195584, 0.005227694093469685]], "chi2_level": 0.997, "chi2_df": 3, "chi2_threshold": 13.931422665512084, "N_raw": 44, "N_roi": 44, "N_inlier": 42, "refit": true}
{"timestamp": "14:18:22.461981", "frame": 67, "mu": [-1.6995118686459552, 0.5185127552886792, 0.9671826334624352], "Sigma": [[0.0024399064681004004, 0.002992698876624995, -0.0005743426194840512], [0.002992698876624995, 0.005487057782157234, -0.0015307870104344949], [-0.0005743426194840512, -0.0015307870104344949, 0.0011996010588779017]], "chi2_level": 0.997, "chi2_df": 3, "chi2_threshold": 13.931422665512084, "N_raw": 13, "N_roi": 13, "N_inlier": 13, "refit": true}
{"timestamp": "14:18:22.520560", "frame": 68, "mu": [-1.7126638655833233, 0.6455349642424784, 1.2419937954560958], "Sigma": [[0.00534810922516967, 0.005388662455266831, -0.0025781845866112967], [0.005388662455266832, 0.012669928323882463, -0.006991345963117257], [-0.0025781845866112967, -0.006991345963117257, 0.004498093814388003]], "chi2_level": 0.997, "chi2_df": 3, "chi2_threshold": 13.931422665512084, "N_raw": 33, "N_roi": 33, "N_inlier": 33, "refit": true}
{"timestamp": "14:18:22.576321", "frame": 69, "mu": [-1.6164840323811838, 0.5360234164570659, 1.2021179857237245], "Sigma": [[0.007012057709705654, 0.005602885356541875, -0.00202376554691982], [0.005602885356541876, 0.00832571025604562, -0.005050775122187244], [-0.0020237655469198196, -0.005050775122187244, 0.0049222009996655585]], "chi2_level": 0.997, "chi2_df": 3, "chi2_threshold": 13.931422665512084, "N_raw": 41, "N_roi": 41, "N_inlier": 39, "refit": true}
{"timestamp": "14:18:22.631429", "frame": 70, "mu": [-1.6603736293374418, 0.6085500569795154, 1.2634189516223338], "Sigma": [[0.005488981135255128, 0.003073548456119476, -0.0019254756012703623], [0.003073548456119476, 0.011071644055322391, -0.006593297938674571], [-0.0019254756012703623, -0.00659329793867457, 0.005342495262481356]], "chi2_level": 0.997, "chi2_df": 3, "chi2_threshold": 13.931422665512084, "N_raw": 41, "N_roi": 41, "N_inlier": 41, "refit": true}
{"timestamp": "14:18:22.685140", "frame": 71, "mu": [-1.4193590437487786, 0.45760809445192624, 0.9563085192630646], "Sigma": [[0.8465436491650256, -0.021565413576833965, -0.00013382256918700354], [-0.021565413576833965, 0.01096387853424325, 0.006438157182295214], [-0.00013382256918700354, 0.0064381571822952136, 0.04235803988144486]], "chi2_level": 0.997, "chi2_df": 3, "chi2_threshold": 13.931422665512084, "N_raw": 25, "N_roi": 25, "N_inlier": 24, "refit": true}
{"timestamp": "14:18:22.740599", "frame": 72, "mu": [-1.3670937349149856, 0.5141781423028072, 1.1953195824925094], "Sigma": [[0.9082136086992717, -0.03079917946976199, 0.02994024710793696], [-0.030799179469761986, 0.006697369060331509, -0.004094471226727092], [0.029940247107936965, -0.004094471226727092, 0.004955136238048381]], "chi2_level": 0.997, "chi2_df": 3, "chi2_threshold": 13.931422665512084, "N_raw": 32, "N_roi": 32, "N_inlier": 30, "refit": true}
{"timestamp": "14:18:22.793362", "frame": 73, "mu": [-0.23994299278225764, 0.30056422924257914, 0.7980492985318104], "Sigma": [[2.7489709896077725, 0.01269559516152145, 0.1404182224148686], [0.01269559516152145, 0.00901741610545369, 0.020900697384427982], [0.1404182224148686, 0.02090069738442798, 0.1436109922357664]], "chi2_level": 0.997, "chi2_df": 3, "chi2_threshold": 13.931422665512084, "N_raw": 18, "N_roi": 18, "N_inlier": 18, "refit": true}
{"timestamp": "14:18:22.849111", "frame": 74, "mu": [0.8401333014385038, 0.3505811101411865, 0.9346259954497556], "Sigma": [[1.7465102366678178, 0.02056039929180059, -0.05220171508716662], [0.020560399291800584, 0.008121114454119692, 0.0013931252093765244], [-0.052201715087166624, 0.001393125209376524, 0.0107903392341471]], "chi2_level": 0.997, "chi2_df": 3, "chi2_threshold": 13.931422665512084, "N_raw": 19, "N_roi": 19, "N_inlier": 19, "refit": true}
{"timestamp": "14:18:22.903182", "frame": 75, "mu": [0.7510189166553439, 0.37464517014144777, 0.9385772710838047], "Sigma": [[1.7257110093189534, 0.06006552297647605, -0.07189072906029362], [0.060065522976476056, 0.011752159616617144, -0.0015539334049351448], [-0.07189072906029362, -0.001553933404935145, 0.00801993816808541]], "chi2_level": 0.997, "chi2_df": 3, "chi2_threshold": 13.931422665512084, "N_raw": 15, "N_roi": 15, "N_inlier": 15, "refit": true}
