{"timestamp": "14:42:18.102817", "frame": 2, "mu": [2.3241915341344277, 2.217704509996806, 0.9338739700349166], "Sigma": [[0.006911416423609263, -0.0051441431065552745, -1.6454333952060777e-05], [-0.005144143106555274, 0.006946020286551775, -0.0008867308954573141], [-1.6454333952060763e-05, -0.0008867308954573141, 0.00033841097517730103]], "chi2_level": 0.997, "chi2_df": 3, "chi2_threshold": 13.931422665512084, "N_raw": 25, "N_roi": 17, "N_inlier": 16, "refit": true}
{"timestamp": "14:42:18.155861", "frame": 3, "mu": [2.2783512838854625, 2.2952381735475207, 1.4456246511316764], "Sigma": [[0.006891040808137715, -0.0025013639457765807, -0.021819334258822536], [-0.0025013639457765807, 0.001805684701220197, 0.007598356007561294], [-0.021819334258822536, 0.007598356007561292, 0.06926158166980932]], "chi2_level": 0.997, "chi2_df": 3, "chi2_threshold": 13.931422665512084, "N_raw": 12, "N_roi": 5, "N_inlier": 5, "refit": true}
{"timestamp": "14:42:18.213960", "frame": 4, "mu": [2.283048236514537, 2.209055034987718, 1.3435654099792018], "Sigma": [[0.006439070572596268, -0.003608879431076466, 0.0011497779896832531], [-0.003608879431076466, 0.005033870465293251, -0.0051076944282212565], [0.001149777989683253, -0.0051076944282212565, 0.06708927258655947]], "chi2_level": 0.997, "chi2_df": 3, "chi2_threshold": 13.931422665512084, "N_raw": 21, "N_roi": 17, "N_inlier": 17, "refit": true}
{"timestamp": "14:42:18.272555", "frame": 5, "mu": [2.2498285156982947, 2.244743448416242, 1.2475820705595992], "Sigma": [[0.014549206730373498, -0.011656130860338945, -0.009740278694886802], [-0.011656130860338943, 0.014648269633616194, 0.00015540120638095822], [-0.009740278694886802, 0.00015540120638095822, 0.019729021531557284]], "chi2_level": 0.997, "chi2_df": 3, "chi2_threshold": 13.931422665512084, "N_raw": 57, "N_roi": 53, "N_inlier": 53, "refit": true}
{"timestamp": "14:42:18.325114", "frame": 6, "mu": [2.256603559532649, 2.3123653756663125, -0.3754377435823766], "Sigma": [[0.010369551647604081, -0.008552967472220514, -0.005539621383845994], [-0.008552967472220514, 0.009656650943469342, 0.0038777384307464554], [-0.005539621383845993, 0.0038777384307464554, 0.0038085812092525043]], "chi2_level": 0.997, "chi2_df": 3, "chi2_threshold": 13.931422665512084, "N_raw": 26, "N_roi": 23, "N_inlier": 22, "refit": true}
{"timestamp": "14:42:18.383632", "frame": 7, "mu": [2.211488208576239, 2.1246043362422604, 1.0744833322192544], "Sigma": [[0.012892672140189439, -0.009898051520426481, -0.0046691541794578436], [-0.009898051520426481, 0.01036627142927985, -0.0013314502153333985], [-0.0046691541794578436, -0.0013314502153333983, 0.012235390072666507]], "chi2_level": 0.997, "chi2_df": 3, "chi2_threshold": 13.931422665512084, "N_raw": 47, "N_roi": 41, "N_inlier": 41, "refit": true}
{"timestamp": "14:42:18.434617", "frame": 8, "mu": [2.120464085755603, 2.1329748165968248, 1.0524844931938921], "Sigma": [[0.006746903553715767, -0.0054305036125192685, -0.006002655713785714], [-0.005430503612519268, 0.0063570430303176596, 0.002883592909918224], [-0.006002655713785714, 0.002883592909918224, 0.012545050015587733]], "chi2_level": 0.997, "chi2_df": 3, "chi2_threshold": 13.931422665512084, "N_raw": 23, "N_roi": 22, "N_inlier": 22, "refit": true}
{"timestamp": "14:42:18.490231", "frame": 9, "mu": [2.0575099865574504, 2.306971076073029, -0.3741318059073706], "Sigma": [[0.008941237961923412, -0.006338907643441036, -0.0038789811309543464], [-0.006338907643441036, 0.010095346470710656, 0.0011036086978584228], [-0.0038789811309543464, 0.0011036086978584228, 0.00301776833106811]], "chi2_level": 0.997, "chi2_df": 3, "chi2_threshold": 13.931422665512084, "N_raw": 32, "N_roi": 32, "N_inlier": 32, "refit": true}
{"timestamp": "14:42:18.544881", "frame": 10, "mu": [2.015034985873739, 2.1629196990792536, 1.0554114220051103], "Sigma": [[0.00773957781023982, -0.006148876690183883, -0.002045777150930285], [-0.006148876690183883, 0.008491434589115861, -1.9060372618345776e-05], [-0.002045777150930285, -1.9060372618345776e-05, 0.002271808617940778]], "chi2_level": 0.997, "chi2_df": 3, "chi2_threshold": 13.931422665512084, "N_raw": 30, "N_roi": 30, "N_inlier": 29, "refit": true}
{"timestamp": "14:42:18.600771", "frame": 11, "mu": [1.974279780346761, 2.153232940507266, 1.1575378105534977], "Sigma": [[0.00692569303451981, -0.005620846655484324, -2.7103354697734157e-05], [-0.005620846655484324, 0.007205963295127098, -0.0037422684085371962], [-2.71033546977344e-05, -0.0037422684085371962, 0.00719874433723385]], "chi2_level": 0.997, "chi2_df": 3, "chi2_threshold": 13.931422665512084, "N_raw": 30, "N_roi": 30, "N_inlier": 30, "refit": true}
{"timestamp": "14:42:18.656825", "frame": 12, "mu": [1.9564891820958292, 2.075028536962328, 1.09956729252072], "Sigma": [[0.008141232500997582, -0.007866197440319887, -0.001415075423313687], [-0.007866197440319885, 0.011378353814402647, -0.004664462557742063], [-0.001415075423313687, -0.004664462557742063, 0.01305144398965379]], "chi2_level": 0.997, "chi2_df": 3, "chi2_threshold": 13.931422665512084, "N_raw": 43, "N_roi": 43, "N_inlier": 43, "refit": true}
{"timestamp": "14:42:18.711696", "frame": 13, "mu": [1.8993379191949162, 2.0711880981592694, 1.2449585989542125], "Sigma": [[0.010079440749625917, -0.007528737544932064, -0.0026869079467020003], [-0.007528737544932063, 0.010656009233917038, 0.0017125045725725747], [-0.0026869079467020003, 0.0017125045725725745, 0.0013873549405592957]], "chi2_level": 0.997, "chi2_df": 3, "chi2_threshold": 13.931422665512084, "N_raw": 35, "N_roi": 35, "N_inlier": 35, "refit": true}
{"timestamp": "14:42:18.762061", "frame": 14, "mu": [1.8836995726092285, 2.035032091734172, 0.9603362144114854], "Sigma": [[0.015686267389881603, -0.010912406346999989, -0.04608170980563298], [-0.01091240634699999, 0.04067100516566385, 0.03697720735711386], [-0.04608170980563299, 0.03697720735711385, 0.1394774910451591]], "chi2_level": 0.997, "chi2_df": 3, "chi2_threshold": 13.931422665512084, "N_raw": 6, "N_roi": 6, "N_inlier": 6, "refit": true}
{"timestamp": "14:42:18.823959", "frame": 15, "mu": [1.8066609988780271, 2.075740535211188, 1.058146670644889], "Sigma": [[0.011825938167007768, -0.00789329024644405, -0.0004773141133691186], [-0.00789329024644405, 0.017723349991354158, 0.0013228118380913425], [-0.0004773141133691187, 0.0013228118380913428, 0.0017362150488116513]], "chi2_level": 0.997, "chi2_df": 3, "chi2_threshold": 13.931422665512084, "N_raw": 59, "N_roi": 58, "N_inlier": 58, "refit": true}
{"timestamp": "14:42:18.871320", "frame": 16, "mu": [1.7532453159120542, 2.195475079633349, -0.4483130877809427], "Sigma": [[0.0010217517371045018, -0.0031659784236320113, 0.0028613776666495234], [-0.0031659784236320117, 0.01408320055181818, -0.010884842253982509], [0.0028613776666495234, -0.010884842253982509, 0.00969365785439103]], "chi2_level": 0.997, "chi2_df": 3, "chi2_threshold": 13.931422665512084, "N_raw": 5, "N_roi": 5, "N_inlier": 5, "refit": true}
{"timestamp": "14:42:18.931440", "frame": 17, "mu": [1.68685344226711, 2.119463795324523, 1.1455053581732284], "Sigma": [[0.009353487951565502, -0.0075417912723895995, 0.00010846908148385713], [-0.0075417912723895995, 0.009672071694773464, -0.0024056937035873823], [0.000108469081483857, -0.0024056937035873823, 0.002455292275687158]], "chi2_level": 0.997, "chi2_df": 3, "chi2_threshold": 13.931422665512084, "N_raw": 40, "N_roi": 40, "N_inlier": 38, "refit": true}
{"timestamp": "14:42:18.986454", "frame": 18, "mu": [1.6578372257457312, 2.2332463926781037, -0.1738854728277896], "Sigma": [[0.007964532638879354, -0.004376461421750301, -0.003571996764240756], [-0.0043764614217503, 0.006602174952360674, 0.0013327206091506643], [-0.0035719967642407558, 0.0013327206091506643, 0.002242426453398375]], "chi2_level": 0.997, "chi2_df": 3, "chi2_threshold": 13.931422665512084, "N_raw": 35, "N_roi": 35, "N_inlier": 33, "refit": true}
{"timestamp": "14:42:19.039067", "frame": 19, "mu": [1.6259321867485719, 2.071293191343191, 0.6336865660530369], "Sigma": [[0.013441824409317049, -0.0029702803895208956, -0.01442234753375473], [-0.0029702803895208956, 0.003592810657226314, 0.011199313440903556], [-0.014422347533754733, 0.011199313440903556, 0.2167980821616695]], "chi2_level": 0.997, "chi2_df": 3, "chi2_threshold": 13.931422665512084, "N_raw": 24, "N_roi": 24, "N_inlier": 24, "refit": true}
{"timestamp": "14:42:19.098263", "frame": 20, "mu": [1.5337756570982115, 2.0571447288327387, 1.0397155800545859], "Sigma": [[0.009429541131938791, -0.007764906793132293, -0.006402913602808236], [-0.007764906793132293, 0.007767281917445644, 0.001904048760725181], [-0.006402913602808236, 0.001904048760725181, 0.027622358114210224]], "chi2_level": 0.997, "chi2_df": 3, "chi2_threshold": 13.931422665512084, "N_raw": 53, "N_roi": 53, "N_inlier": 50, "refit": true}
{"timestamp": "14:42:19.151837", "frame": 21, "mu": [1.5417749619753711, 2.033662552374653, 1.0666950554938721], "Sigma": [[0.015796424099353012, -0.006982623296966809, -0.03896536426185832], [-0.006982623296966809, 0.0072449350097514445, 0.014395667273520457], [-0.03896536426185832, 0.014395667273520457, 0.13953258723720685]], "chi2_level": 0.997, "chi2_df": 3, "chi2_threshold": 13.931422665512084, "N_raw": 33, "N_roi": 33, "N_inlier": 32, "refit": true}
{"timestamp": "14:42:19.207602", "frame": 22, "mu": [1.4448247351134638, 2.0811444232961125, 1.0032775417263438], "Sigma": [[0.009452822804192842, -0.005230440873763419, -0.0025564002836205336], [-0.0052304408737634195, 0.005309456357338233, -0.0017361233039971755], [-0.002556400283620533, -0.0017361233039971755, 0.0062891983157838125]], "chi2_level": 0.997, "chi2_df": 3, "chi2_threshold": 13.931422665512084, "N_raw": 46, "N_roi": 46, "N_inlier": 42, "refit": true}
{"timestamp": "14:42:19.260656", "frame": 23, "mu": [1.4454544328441647, 2.0365030277899336, 0.9384936783124643], "Sigma": [[0.004644479779957374, -0.003578115286637224, -0.0023046484155791478], [-0.0035781152866372246, 0.004007337850621352, -0.0006408756356072833], [-0.002304648415579148, -0.0006408756356072833, 0.010763682293447015]], "chi2_level": 0.997, "chi2_df": 3, "chi2_threshold": 13.931422665512084, "N_raw": 30, "N_roi": 30, "N_inlier": 28, "refit": true}
{"timestamp": "14:42:19.318095", "frame": 24, "mu": [1.414454651422032, 1.942444238185829, 0.9114080698888241], "Sigma": [[0.006993595293770476, -0.004212825529437483, -0.00703620827258143], [-0.004212825529437483, 0.004733945103084999, 0.00034281789841808627], [-0.007036208272581429, 0.00034281789841808627, 0.02838215575676262]], "chi2_level": 0.997, "chi2_df": 3, "chi2_threshold": 13.931422665512084, "N_raw": 48, "N_roi": 48, "N_inlier": 46, "refit": true}
{"timestamp": "14:42:19.377519", "frame": 25, "mu": [1.3720485384462007, 1.9355843799322696, 0.7808378916037891], "Sigma": [[0.010359526307132367, -0.00813520043633469, -0.021736196566303906], [-0.00813520043633469, 0.022835664209128158, 0.015601106081631707], [-0.021736196566303902, 0.015601106081631707, 0.09804405870513844]], "chi2_level": 0.997, "chi2_df": 3, "chi2_threshold": 13.931422665512084, "N_raw": 77, "N_roi": 75, "N_inlier": 74, "refit": true}
{"timestamp": "14:42:19.434537", "frame": 26, "mu": [1.3356823651669614, 2.0683123705916198, 0.9271296981388356], "Sigma": [[0.011673967584911694, -0.010632261331531261, -0.010805821662638625], [-0.010632261331531261, 0.020658973063381193, 6.235499180735796e-05], [-0.010805821662638625, 6.235499180735839e-05, 0.03559052132329084]], "chi2_level": 0.997, "chi2_df": 3, "chi2_threshold": 13.931422665512084, "N_raw": 92, "N_roi": 92, "N_inlier": 88, "refit": true}
{"timestamp": "14:42:19.488342", "frame": 27, "mu": [1.2551509508703818, 2.180339458330269, -0.09909296668621694], "Sigma": [[0.01281571752507729, -0.005796635314778507, 0.02026382065428661], [-0.005796635314778506, 0.021650676140986223, -0.0753808161086581], [0.020263820654286613, -0.0753808161086581, 0.4596961513959846]], "chi2_level": 0.997, "chi2_df": 3, "chi2_threshold": 13.931422665512084, "N_raw": 83, "N_roi": 83, "N_inlier": 82, "refit": true}
{"timestamp": "14:42:19.546141", "frame": 28, "mu": [1.2156465069541544, 1.998743394797767, 0.9664792468265634], "Sigma": [[0.016938710200251887, -0.014669366948489554, -0.034532818119643975], [-0.014669366948489554, 0.01824149539359185, 0.02418909449849153], [-0.03453281811964397, 0.02418909449849153, 0.15151182502050933]], "chi2_level": 0.997, "chi2_df": 3, "chi2_threshold": 13.931422665512084, "N_raw": 94, "N_roi": 94, "N_inlier": 90, "refit": true}
{"timestamp": "14:42:19.602947", "frame": 29, "mu": [1.1328907632825498, 2.070613967861666, 1.033508618193566], "Sigma": [[0.01397825219672664, -0.01242368173535381, -0.002336682956825132], [-0.012423681735353811, 0.02408616070432066, -0.020673035284333743], [-0.0023366829568251327, -0.02067303528433374, 0.06665285429331202]], "chi2_level": 0.997, "chi2_df": 3, "chi2_threshold": 13.931422665512084, "N_raw": 101, "N_roi": 101, "N_inlier": 96, "refit": true}
{"timestamp": "14:42:19.655957", "frame": 30, "mu": [1.0204639174961752, 2.0870284160462997, 1.0655697249085532], "Sigma": [[0.025432166299931006, -0.026638877424161024, 0.018573140214609207], [-0.026638877424161024, 0.03299159516584722, -0.025841949469085322], [0.018573140214609207, -0.025841949469085322, 0.056335326656895834]], "chi2_level": 0.997, "chi2_df": 3, "chi2_threshold": 13.931422665512084, "N_raw": 88, "N_roi": 88, "N_inlier": 83, "refit": true}
{"timestamp": "14:42:19.709912", "frame": 31, "mu": [1.047253326113649, 1.9986174089791953, 1.1570424829826267], "Sigma": [[0.012627771308841178, -0.009453264211433401, -0.015244507637833556], [-0.009453264211433401, 0.015223853470721317, 0.007849151512663532], [-0.015244507637833554, 0.007849151512663532, 0.04362294385239482]], "chi2_level": 0.997, "chi2_df": 3, "chi2_threshold": 13.931422665512084, "N_raw": 90, "N_roi": 90, "N_inlier": 85, "refit": true}
{"timestamp": "14:42:19.761861", "frame": 32, "mu": [0.9579522707447328, 2.0180575876419677, 1.1484326585105464], "Sigma": [[0.011183500415626078, -0.00902249981922858, -0.016680367382590683], [-0.00902249981922858, 0.01280039436761682, 0.01080207636958578], [-0.016680367382590686, 0.01080207636958578, 0.03698084979911612]], "chi2_level": 0.997, "chi2_df": 3, "chi2_threshold": 13.931422665512084, "N_raw": 75, "N_roi": 75, "N_inlier": 73, "refit": true}
{"timestamp": "14:42:19.818336", "frame": 33, "mu": [0.9094067089859893, 1.9318923316224896, 1.0111946053714185], "Sigma": [[0.008003038807166294, -0.004356600867285929, -0.0009160086119988889], [-0.004356600867285929, 0.0059171550023913, -0.006663393131702942], [-0.0009160086119988889, -0.006663393131702942, 0.02297904408659917]], "chi2_level": 0.997, "chi2_df": 3, "chi2_threshold": 13.931422665512084, "N_raw": 79, "N_roi": 78, "N_inlier": 76, "refit": true}
{"timestamp": "14:42:19.872020", "frame": 34, "mu": [0.8334689405712692, 1.996424404553974, 1.1674789944463262], "Sigma": [[0.008929795710385548, -0.0029450846511641987, 0.0031065427686945554], [-0.002945084651164198, 0.0052515293185879065, -0.000684998892838157], [0.0031065427686945554, -0.0006849988928381568, 0.03125324190606813]], "chi2_level": 0.997, "chi2_df": 3, "chi2_threshold": 13.931422665512084, "N_raw": 72, "N_roi": 69, "N_inlier": 67, "refit": true}
{"timestamp": "14:42:19.927516", "frame": 35, "mu": [0.7684015385035442, 2.078931469059464, 1.2769116340526405], "Sigma": [[0.007567046504884733, -0.0038782590881381983, -0.0043755825970883434], [-0.0038782590881381983, 0.011231564063939504, 0.003016899184710507], [-0.0043755825970883434, 0.003016899184710507, 0.011256427100091317]], "chi2_level": 0.997, "chi2_df": 3, "chi2_threshold": 13.931422665512084, "N_raw": 68, "N_roi": 68, "N_inlier": 63, "refit": true}
{"timestamp": "14:42:19.981418", "frame": 36, "mu": [0.6932487501445892, 2.115814597035498, 1.3511461089937953], "Sigma": [[0.007416274071588804, -0.0027027485504537204, -0.005007400941469353], [-0.0027027485504537204, 0.007198537797870829, -0.002273545389293078], [-0.005007400941469353, -0.002273545389293078, 0.012012807589714848]], "chi2_level": 0.997, "chi2_df": 3, "chi2_threshold": 13.931422665512084, "N_raw": 68, "N_roi": 67, "N_inlier": 63, "refit": true}
{"timestamp": "14:42:20.033381", "frame": 37, "mu": [0.61547008712265, 2.0236641290574813, 0.7729276737273574], "Sigma": [[0.006360399157206073, 0.000766383234330501, -0.001638153491339733], [0.0007663832343305011, 0.0030104384616844518, -0.007761925358934272], [-0.001638153491339733, -0.007761925358934274, 0.09042728458922866]], "chi2_level": 0.997, "chi2_df": 3, "chi2_threshold": 13.931422665512084, "N_raw": 46, "N_roi": 44, "N_inlier": 43, "refit": true}
{"timestamp": "14:42:20.093313", "frame": 38, "mu": [0.5570375675983634, 2.0862054283831615, 1.2747946400993775], "Sigma": [[0.008312336074586804, -0.003284291551205566, -0.006512186795955403], [-0.003284291551205566, 0.00827969611142317, 0.004889597275116397], [-0.006512186795955404, 0.004889597275116397, 0.038937320514758025]], "chi2_level": 0.997, "chi2_df": 3, "chi2_threshold": 13.931422665512084, "N_raw": 85, "N_roi": 83, "N_inlier": 80, "refit": true}
{"timestamp": "14:42:20.148406", "frame": 39, "mu": [0.4713413840935575, 2.1309670209511666, 1.2177936041047495], "Sigma": [[0.008655234590400046, -0.0005078347648303937, 0.015322180671585334], [-0.0005078347648303937, 0.007676452515320322, -0.0024188367229414256], [0.015322180671585334, -0.0024188367229414256, 0.25343699037723655]], "chi2_level": 0.997, "chi2_df": 3, "chi2_threshold": 13.931422665512084, "N_raw": 78, "N_roi": 78, "N_inlier": 77, "refit": true}
{"timestamp": "14:42:20.199462", "frame": 40, "mu": [0.3757087299819478, 2.178394415240142, 1.3112543198257705], "Sigma": [[0.006546186056762055, -0.0023848292652097498, -0.011322242019869727], [-0.0023848292652097498, 0.004159177277497195, 0.020501859399231832], [-0.011322242019869727, 0.020501859399231832, 0.254181790889992]], "chi2_level": 0.997, "chi2_df": 3, "chi2_threshold": 13.931422665512084, "N_raw": 55, "N_roi": 55, "N_inlier": 54, "refit": true}
{"timestamp": "14:42:20.250815", "frame": 41, "mu": [0.34562238982382504, 2.1603059697154787, 1.2612908837573151], "Sigma": [[0.012016496841101431, -0.0032689164940426993, 0.01388297286974779], [-0.0032689164940426993, 0.004186052412207201, 0.019940598608356272], [0.01388297286974779, 0.019940598608356272, 0.4479528482494141]], "chi2_level": 0.997, "chi2_df": 3, "chi2_threshold": 13.931422665512084, "N_raw": 30, "N_roi": 30, "N_inlier": 30, "refit": true}
{"timestamp": "14:42:20.306888", "frame": 42, "mu": [0.16771034785442313, 2.1678324515395393, 0.786760337814793], "Sigma": [[0.03190984772317975, 0.005602104702687957, 0.12754968725742516], [0.005602104702687957, 0.006702017363486377, 0.03890532318452668], [0.1275496872574252, 0.03890532318452668, 0.6548048369296656]], "chi2_level": 0.997, "chi2_df": 3, "chi2_threshold": 13.931422665512084, "N_raw": 43, "N_roi": 43, "N_inlier": 42, "refit": true}
{"timestamp": "14:42:20.365230", "frame": 43, "mu": [0.21970123721962737, 2.0730677054534414, 1.3283533842991087], "Sigma": [[0.006793252632567209, -0.001509107849263671, -0.0034077523449705417], [-0.0015091078492636707, 0.009211484942246625, 0.005579152184143331], [-0.0034077523449705417, 0.005579152184143331, 0.005326452076381948]], "chi2_level": 0.997, "chi2_df": 3, "chi2_threshold": 13.931422665512084, "N_raw": 63, "N_roi": 61, "N_inlier": 56, "refit": true}
{"timestamp": "14:42:20.424894", "frame": 44, "mu": [0.1667273439804258, 2.115436111262619, 1.3189436109822559], "Sigma": [[0.007407769115986733, -0.0004518395982111108, -0.0032303620768738737], [-0.0004518395982111105, 0.013786803068651246, 0.0035674271343396602], [-0.0032303620768738737, 0.0035674271343396602, 0.004275855087443629]], "chi2_level": 0.997, "chi2_df": 3, "chi2_threshold": 13.931422665512084, "N_raw": 89, "N_roi": 83, "N_inlier": 80, "refit": true}
{"timestamp": "14:42:20.468875", "frame": 45, "mu": [0.17605749981994612, 2.111989406522227, 0.786727176345536], "Sigma": [[0.010277370959924014, -0.0045127186163991945, -0.02822854596047633], [-0.0045127186163991945, 0.0087804386950681, 0.029926183631675533], [-0.02822854596047633, 0.029926183631675533, 0.5140305487914153]], "chi2_level": 0.997, "chi2_df": 3, "chi2_threshold": 13.931422665512084, "N_raw": 13, "N_roi": 11, "N_inlier": 11, "refit": true}
{"timestamp": "14:42:20.532101", "frame": 46, "mu": [0.12689906391211853, 2.057758660721101, 0.41882002389861456], "Sigma": [[0.008047880703620768, -0.0019203831495596276, -0.019767514150625175], [-0.0019203831495596276, 0.002677354300945653, 0.01059546341373194], [-0.019767514150625175, 0.010595463413731939, 0.2356676732546408]], "chi2_level": 0.997, "chi2_df": 3, "chi2_threshold": 13.931422665512084, "N_raw": 78, "N_roi": 55, "N_inlier": 55, "refit": true}
{"timestamp": "14:42:20.580346", "frame": 47, "mu": [-0.05983918734042881, 2.4883188618463774, -1.2178691982981689], "Sigma": [[0.005075708347008022, -0.001083271607295017, 0.002624820828326929], [-0.001083271607295017, 0.01650226277857156, -0.05088568302784119], [0.002624820828326929, -0.05088568302784119, 0.16868025530880984]], "chi2_level": 0.997, "chi2_df": 3, "chi2_threshold": 13.931422665512084, "N_raw": 27, "N_roi": 27, "N_inlier": 27, "refit": true}
{"timestamp": "14:42:20.639846", "frame": 48, "mu": [-0.127341989291978, 2.393789597167292, -0.5777605724259114], "Sigma": [[0.018111570469089074, -0.00726895004234674, 0.07025014509261646], [-0.00726895004234674, 0.008888088103179962, -0.054374192924440276], [0.07025014509261646, -0.054374192924440276, 0.4486296852369433]], "chi2_level": 0.997, "chi2_df": 3, "chi2_threshold": 13.931422665512084, "N_raw": 62, "N_roi": 60, "N_inlier": 59, "refit": true}
{"timestamp": "14:42:20.690391", "frame": 49, "mu": [-0.28752611308618947, 2.1316687934171554, 0.33425432171948466], "Sigma": [[0.029898942438542853, -0.002251007567137822, 0.0677488312625957], [-0.002251007567137822, 0.005538918430537677, -0.015178112113775531], [0.0677488312625957, -0.015178112113775531, 0.23672142826645898]], "chi2_level": 0.997, "chi2_df": 3, "chi2_threshold": 13.931422665512084, "N_raw": 26, "N_roi": 25, "N_inlier": 24, "refit": true}
{"timestamp": "14:42:20.748263", "frame": 50, "mu": [-0.23338108225443713, 2.165699778671149, 1.284792062548753], "Sigma": [[0.010283302734992476, -0.0021752946014123777, 0.015042127061098564], [-0.0021752946014123777, 0.00592119314852639, 0.002995644027326412], [0.015042127061098563, 0.0029956440273264124, 0.10810052954995157]], "chi2_level": 0.997, "chi2_df": 3, "chi2_threshold": 13.931422665512084, "N_raw": 46, "N_roi": 46, "N_inlier": 44, "refit": true}
{"timestamp": "14:42:20.803911", "frame": 51, "mu": [-0.2721675620447689, 2.1093138341993645, 1.3410442087220251], "Sigma": [[0.010495161647524827, -0.0031729989684816805, 0.0021120301715734585], [-0.003172998968481681, 0.004678285922581763, 0.006904252027693839], [0.0021120301715734585, 0.00690425202769384, 0.12973544612876295]], "chi2_level": 0.997, "chi2_df": 3, "chi2_threshold": 13.931422665512084, "N_raw": 46, "N_roi": 43, "N_inlier": 41, "refit": true}
{"timestamp": "14:42:20.858288", "frame": 52, "mu": [-0.32838766416293674, 2.0233452377265246, 0.8447847416372997], "Sigma": [[0.007768846533950405, -0.0024027107552320862, 0.011321901528474568], [-0.002402710755232086, 0.0013571001325999386, -0.0046867916662839985], [0.011321901528474568, -0.0046867916662839985, 0.06288276386969804]], "chi2_level": 0.997, "chi2_df": 3, "chi2_threshold": 13.931422665512084, "N_raw": 46, "N_roi": 40, "N_inlier": 38, "refit": true}
{"timestamp": "14:42:20.915991", "frame": 53, "mu": [-0.4101922050313523, 2.2135402124171875, -0.1279420294509241], "Sigma": [[0.007411060460923576, 0.00218642393396714, -0.005199481201021669], [0.00218642393396714, 0.011729450334292117, -0.017057016134496752], [-0.005199481201021669, -0.017057016134496752, 0.07030521209922556]], "chi2_level": 0.997, "chi2_df": 3, "chi2_threshold": 13.931422665512084, "N_raw": 59, "N_roi": 57, "N_inlier": 55, "refit": true}
{"timestamp": "14:42:20.974336", "frame": 54, "mu": [-0.4614802520751791, 2.1206374996108432, 0.9729195142037134], "Sigma": [[0.010141758802163827, -0.00016515944191495836, -0.032942865618962286], [-0.0001651594419149584, 0.005481172581739789, -0.017085478384645775], [-0.03294286561896228, -0.017085478384645775, 0.3182576931252183]], "chi2_level": 0.997, "chi2_df": 3, "chi2_threshold": 13.931422665512084, "N_raw": 90, "N_roi": 89, "N_inlier": 89, "refit": true}
{"timestamp": "14:42:21.024119", "frame": 55, "mu": [-0.5014684145202769, 2.0974043860054845, 1.1755577822618288], "Sigma": [[0.005300493205147454, -0.0005302463191131424, -0.021691788421188803], [-0.0005302463191131425, 0.012415115795353622, -0.010099011078951337], [-0.021691788421188803, -0.010099011078951338, 0.20443214738682183]], "chi2_level": 0.997, "chi2_df": 3, "chi2_threshold": 13.931422665512084, "N_raw": 47, "N_roi": 47, "N_inlier": 47, "refit": true}
{"timestamp": "14:42:21.081872", "frame": 56, "mu": [-0.5975455152939997, 2.1286960202435488, 1.2610191840437683], "Sigma": [[0.008671810055954373, 0.0003825842236505373, -0.02337741053605384], [0.00038258422365053743, 0.006385660956843414, -0.000779243612219705], [-0.02337741053605384, -0.0007792436122197055, 0.23558806099612967]], "chi2_level": 0.997, "chi2_df": 3, "chi2_threshold": 13.931422665512084, "N_raw": 80, "N_roi": 80, "N_inlier": 80, "refit": true}
{"timestamp": "14:42:21.133923", "frame": 57, "mu": [-0.6720551064135678, 2.1941467735823914, -0.1188912751226302], "Sigma": [[0.006090909634720342, -0.00028952203201070177, -0.00788327600243981], [-0.00028952203201070177, 0.005211632679419493, -0.00058419635922359], [-0.00788327600243981, -0.00058419635922359, 0.023501899378913303]], "chi2_level": 0.997, "chi2_df": 3, "chi2_threshold": 13.931422665512084, "N_raw": 51, "N_roi": 49, "N_inlier": 48, "refit": true}
{"timestamp": "14:42:21.192746", "frame": 58, "mu": [-0.6421195877549618, 2.0028442969468037, 1.0768258155629917], "Sigma": [[0.00795331950094799, 0.000768367438819408, -0.004822700694551769], [0.000768367438819408, 0.0074786994094242195, -0.006322867222473086], [-0.004822700694551768, -0.006322867222473086, 0.022976484952460782]], "chi2_level": 0.997, "chi2_df": 3, "chi2_threshold": 13.931422665512084, "N_raw": 82, "N_roi": 82, "N_inlier": 77, "refit": true}
{"timestamp": "14:42:21.250492", "frame": 59, "mu": [-0.755516500294508, 1.9961495020039923, 1.104879185291583], "Sigma": [[0.009592810498382126, 0.0018839551510220563, -0.0038483309205141676], [0.001883955151022056, 0.005246011060726342, -0.00780508698631361], [-0.003848330920514168, -0.007805086986313611, 0.021562066697073792]], "chi2_level": 0.997, "chi2_df": 3, "chi2_threshold": 13.931422665512084, "N_raw": 95, "N_roi": 94, "N_inlier": 89, "refit": true}
{"timestamp": "14:42:21.300497", "frame": 60, "mu": [-0.840546994252103, 2.021075063289729, 1.0748744899497358], "Sigma": [[0.008810853718688822, 0.0012037133836231095, -0.0011340023595722986], [0.0012037133836231093, 0.0012879428911069036, -0.004024377753228336], [-0.0011340023595722982, -0.004024377753228336, 0.056143217096620526]], "chi2_level": 0.997, "chi2_df": 3, "chi2_threshold": 13.931422665512084, "N_raw": 63, "N_roi": 62, "N_inlier": 59, "refit": true}
{"timestamp": "14:42:21.349993", "frame": 61, "mu": [-0.9242649509318008, 2.159923698890417, 1.1819865622155392], "Sigma": [[0.01104329330471146, -0.0026870455187234, -0.03981906634874658], [-0.0026870455187234, 0.0031060756327767804, 0.0140059229947395], [-0.03981906634874657, 0.014005922994739501, 0.20565413942080982]], "chi2_level": 0.997, "chi2_df": 3, "chi2_threshold": 13.931422665512084, "N_raw": 25, "N_roi": 23, "N_inlier": 21, "refit": true}
{"timestamp": "14:42:21.410842", "frame": 62, "mu": [-0.9906416891056732, 2.0513704048848904, 1.2465652416040287], "Sigma": [[0.008792862838849311, 0.0010703959685751056, -0.015436280081306389], [0.0010703959685751051, 0.007664009733849329, -0.005339097418982246], [-0.015436280081306389, -0.005339097418982245, 0.09807177087086383]], "chi2_level": 0.997, "chi2_df": 3, "chi2_threshold": 13.931422665512084, "N_raw": 69, "N_roi": 69, "N_inlier": 67, "refit": true}
{"timestamp": "14:42:21.469212", "frame": 63, "mu": [-1.0637264973715068, 2.070580428936767, 1.163707278077213], "Sigma": [[0.017417576862556742, 0.0020736531768012992, -0.045259133574122035], [0.0020736531768012992, 0.009161935122331816, -0.00036922180805538116], [-0.045259133574122035, -0.00036922180805538116, 0.19768818867404378]], "chi2_level": 0.997, "chi2_df": 3, "chi2_threshold": 13.931422665512084, "N_raw": 85, "N_roi": 82, "N_inlier": 79, "refit": true}
{"timestamp": "14:42:21.527098", "frame": 64, "mu": [-1.1066435635123522, 2.0519132914532627, 1.1847041627205426], "Sigma": [[0.015957105928467302, -0.0010624546861000546, -0.03653589753811943], [-0.0010624546861000546, 0.011386125222317441, -0.0013764075569739367], [-0.036535897538119436, -0.0013764075569739373, 0.17051609718152985]], "chi2_level": 0.997, "chi2_df": 3, "chi2_threshold": 13.931422665512084, "N_raw": 100, "N_roi": 100, "N_inlier": 98, "refit": true}
{"timestamp": "14:42:21.575267", "frame": 65, "mu": [-1.1797042040080308, 1.9850759916304452, 1.2369108272311977], "Sigma": [[0.01744387705162161, 0.002507748458973648, -0.04662191419841877], [0.002507748458973648, 0.005381138880332582, -0.00998896954382196], [-0.04662191419841877, -0.00998896954382196, 0.18172028266299392]], "chi2_level": 0.997, "chi2_df": 3, "chi2_threshold": 13.931422665512084, "N_raw": 52, "N_roi": 50, "N_inlier": 49, "refit": true}
{"timestamp": "14:42:21.632270", "frame": 66, "mu": [-1.2951752820856164, 2.0583636003129557, 1.4073446548301436], "Sigma": [[0.01018367141795, -0.0005588097832794029, -0.02135902618021633], [-0.0005588097832794029, 0.015679426083160933, 0.00024123318084347018], [-0.02135902618021633, 0.00024123318084347126, 0.08414239428070319]], "chi2_level": 0.997, "chi2_df": 3, "chi2_threshold": 13.931422665512084, "N_raw": 74, "N_roi": 74, "N_inlier": 71, "refit": true}
{"timestamp": "14:42:21.683302", "frame": 67, "mu": [-1.3120544497003153, 2.1033953535151513, 1.0685848207487256], "Sigma": [[0.008695599881756824, 0.002129419087253113, 0.013294828454983941], [0.0021294190872531127, 0.009484127213295548, -0.0001485738852621361], [0.01329482845498394, -0.0001485738852621361, 0.13705978225422108]], "chi2_level": 0.997, "chi2_df": 3, "chi2_threshold": 13.931422665512084, "N_raw": 46, "N_roi": 46, "N_inlier": 46, "refit": true}
{"timestamp": "14:42:21.737988", "frame": 68, "mu": [-1.4021965873248419, 2.028383108527214, 0.9820204069090874], "Sigma": [[0.010635115171987264, 0.0019764207106500523, 0.007266105950590121], [0.0019764207106500523, 0.004078095220406814, 0.0027387237138949854], [0.0072661059505901215, 0.002738723713894986, 0.10675254198737008]], "chi2_level": 0.997, "chi2_df": 3, "chi2_threshold": 13.931422665512084, "N_raw": 50, "N_roi": 50, "N_inlier": 50, "refit": true}
{"timestamp": "14:42:21.787514", "frame": 69, "mu": [-1.526891600750515, 2.0022752690595573, 0.8167530643935945], "Sigma": [[0.006536395070507241, -0.0007760260189217741, 0.00258099137303642], [-0.000776026018921774, 0.00496427145483998, -0.027309933954144168], [0.0025809913730364207, -0.027309933954144168, 0.35323487463259357]], "chi2_level": 0.997, "chi2_df": 3, "chi2_threshold": 13.931422665512084, "N_raw": 10, "N_roi": 10, "N_inlier": 10, "refit": true}
{"timestamp": "14:42:21.842606", "frame": 70, "mu": [-1.4261537022254247, 2.0836061197876505, 0.8445688063904582], "Sigma": [[0.015881487842734743, 0.003778458295843567, 0.04196157362922695], [0.003778458295843567, 0.014933121017785999, -0.00033166871324564334], [0.04196157362922695, -0.00033166871324564334, 0.19131210546554808]], "chi2_level": 0.997, "chi2_df": 3, "chi2_threshold": 13.931422665512084, "N_raw": 13, "N_roi": 13, "N_inlier": 13, "refit": true}
{"timestamp": "14:42:21.899927", "frame": 71, "mu": [-1.6473543276527378, 1.9771051128390709, 1.389795595366545], "Sigma": [[0.004766820239179439, 0.0027945341500314287, 0.008216280003688473], [0.0027945341500314287, 0.01249647324665921, 0.04621459102833012], [0.00821628000368847, 0.04621459102833012, 0.3428218752581795]], "chi2_level": 0.997, "chi2_df": 3, "chi2_threshold": 13.931422665512084, "N_raw": 28, "N_roi": 28, "N_inlier": 25, "refit": true}
{"timestamp": "14:42:21.954305", "frame": 72, "mu": [-1.6495860084505471, 2.016891164448293, 0.9785072328952907], "Sigma": [[0.03863583012392687, 0.025092349651350068, -0.10643936775072783], [0.025092349651350064, 0.024315606592928637, -0.07389793075844615], [-0.10643936775072783, -0.07389793075844615, 0.4232544250999754]], "chi2_level": 0.997, "chi2_df": 3, "chi2_threshold": 13.931422665512084, "N_raw": 18, "N_roi": 18, "N_inlier": 18, "refit": true}
{"timestamp": "14:42:22.017709", "frame": 73, "mu": [-1.8942376189081707, 1.8449365129905633, -0.17897103388503172], "Sigma": [[0.034009769683762875, 0.027667117004788896, 0.016858451057937096], [0.027667117004788896, 0.03086465801286274, 0.019540747595068436], [0.016858451057937096, 0.019540747595068436, 0.03101183745226129]], "chi2_level": 0.997, "chi2_df": 3, "chi2_threshold": 13.931422665512084, "N_raw": 74, "N_roi": 74, "N_inlier": 71, "refit": true}
{"timestamp": "14:42:22.073405", "frame": 74, "mu": [-1.9949184148102495, 1.7980005083688717, 1.6850100581255514], "Sigma": [[0.03143016915095994, 0.02668480947476245, -0.024377652915221697], [0.02668480947476245, 0.03399676794815823, -0.017075263206017037], [-0.024377652915221697, -0.017075263206017037, 0.036029228703480486]], "chi2_level": 0.997, "chi2_df": 3, "chi2_threshold": 13.931422665512084, "N_raw": 86, "N_roi": 86, "N_inlier": 83, "refit": true}
{"timestamp": "14:42:22.124754", "frame": 75, "mu": [-2.049741942984008, 1.7890848449716894, 1.6482812518160757], "Sigma": [[0.02099870420895627, 0.015029727862066883, -0.03313939562713929], [0.015029727862066883, 0.022180830680566775, -0.017241464541039104], [-0.03313939562713929, -0.017241464541039104, 0.07767386704267845]], "chi2_level": 0.997, "chi2_df": 3, "chi2_threshold": 13.931422665512084, "N_raw": 61, "N_roi": 61, "N_inlier": 59, "refit": true}
{"timestamp": "14:42:22.180248", "frame": 76, "mu": [-2.1290066194228494, 1.7927556049036033, 1.561241413834129], "Sigma": [[0.018740224442255322, 0.01822275485679111, -0.02012853159700767], [0.018222754856791114, 0.026427997166142282, -0.03962667184794376], [-0.02012853159700767, -0.039626671847943766, 0.08104163361109615]], "chi2_level": 0.997, "chi2_df": 3, "chi2_threshold": 13.931422665512084, "N_raw": 62, "N_roi": 62, "N_inlier": 60, "refit": true}
{"timestamp": "14:42:22.235785", "frame": 77, "mu": [-2.176150856556783, 1.7102525333705147, 1.5736617531680503], "Sigma": [[0.02162912090410687, 0.016770960315009922, -0.024084489431268813], [0.016770960315009926, 0.024754132974183454, -0.020504023472803702], [-0.024084489431268813, -0.020504023472803706, 0.04052349517656449]], "chi2_level": 0.997, "chi2_df": 3, "chi2_threshold": 13.931422665512084, "N_raw": 70, "N_roi": 70, "N_inlier": 67, "refit": true}
{"timestamp": "14:42:22.289036", "frame": 78, "mu": [-2.2299777258084976, 1.715460883780222, 1.6462142923575616], "Sigma": [[0.017795054636696207, 0.012944698997175905, -0.015958164294844236], [0.012944698997175905, 0.020684692314646827, -0.013454490831082536], [-0.015958164294844236, -0.013454490831082536, 0.01929836139497322]], "chi2_level": 0.997, "chi2_df": 3, "chi2_threshold": 13.931422665512084, "N_raw": 61, "N_roi": 61, "N_inlier": 61, "refit": true}
{"timestamp": "14:42:22.347576", "frame": 79, "mu": [-2.2303768824052104, 1.7281592998149382, 1.5381920657083281], "Sigma": [[0.017988671779229953, 0.01569152435645343, -0.01819556401002905], [0.01569152435645343, 0.02907112631208214, -0.016179090757935933], [-0.01819556401002905, -0.016179090757935933, 0.01980119723228492]], "chi2_level": 0.997, "chi2_df": 3, "chi2_threshold": 13.931422665512084, "N_raw": 77, "N_roi": 73, "N_inlier": 72, "refit": true}
{"timestamp": "14:42:22.400425", "frame": 80, "mu": [-2.2598421760785032, 1.6608392523353874, 1.4410063518901588], "Sigma": [[0.01619141191017113, 0.01093323169761538, -0.0146263609369494], [0.01093323169761538, 0.020250466186544164, -0.007553893569403154], [-0.0146263609369494, -0.007553893569403154, 0.014785820277734405]], "chi2_level": 0.997, "chi2_df": 3, "chi2_threshold": 13.931422665512084, "N_raw": 62, "N_roi": 58, "N_inlier": 57, "refit": true}
{"timestamp": "14:42:22.453912", "frame": 81, "mu": [-2.3210296331976252, 1.6582866077034768, 1.5086573260946494], "Sigma": [[0.010143122112810975, 0.0043232928903440505, -0.010573699107029998], [0.0043232928903440505, 0.01959046108433726, -0.001234519687141946], [-0.010573699107029998, -0.0012345196871419459, 0.013313084971719086]], "chi2_level": 0.997, "chi2_df": 3, "chi2_threshold": 13.931422665512084, "N_raw": 55, "N_roi": 50, "N_inlier": 50, "refit": true}
{"timestamp": "14:42:22.509438", "frame": 82, "mu": [-2.340681597088292, 1.7289944217268107, 1.443343908151603], "Sigma": [[0.009455612825240696, 0.006313039953835071, -0.01181844820657605], [0.006313039953835072, 0.016164486630716356, -0.014792893942226003], [-0.01181844820657605, -0.014792893942226003, 0.035390735899821536]], "chi2_level": 0.997, "chi2_df": 3, "chi2_threshold": 13.931422665512084, "N_raw": 57, "N_roi": 44, "N_inlier": 42, "refit": true}
{"timestamp": "14:42:22.565330", "frame": 83, "mu": [-2.3805515626671383, 1.8021149572350417, 1.4014375673320956], "Sigma": [[0.005883882915616573, 0.004304200608619822, -0.008895447725385232], [0.004304200608619822, 0.014962475021380353, -0.021249215262166783], [-0.008895447725385232, -0.02124921526216678, 0.0601757639914863]], "chi2_level": 0.997, "chi2_df": 3, "chi2_threshold": 13.931422665512084, "N_raw": 64, "N_roi": 41, "N_inlier": 41, "refit": true}
{"timestamp": "14:42:22.616486", "frame": 84, "mu": [-2.393282650589307, 1.8875983237276528, -0.306104423618249], "Sigma": [[0.005667053451477532, 0.009089472416116162, -0.010649506961933527], [0.00908947241611616, 0.029106596515695145, -0.026879798545211525], [-0.010649506961933527, -0.026879798545211525, 0.036959692863836345]], "chi2_level": 0.997, "chi2_df": 3, "chi2_threshold": 13.931422665512084, "N_raw": 39, "N_roi": 24, "N_inlier": 24, "refit": true}
{"timestamp": "14:42:22.673341", "frame": 85, "mu": [-2.4154593630028023, 1.8632946961725247, 1.1575009948450194], "Sigma": [[0.004628735290267218, 0.004301386505210372, -0.021192509127407954], [0.004301386505210372, 0.011565935736722462, -0.02710942200464413], [-0.021192509127407957, -0.027109422004644133, 0.11988662274364426]], "chi2_level": 0.997, "chi2_df": 3, "chi2_threshold": 13.931422665512084, "N_raw": 50, "N_roi": 18, "N_inlier": 17, "refit": true}
{"timestamp": "14:42:22.728450", "frame": 86, "mu": [-2.453997003171944, 1.7747333831290437, 1.1390218553186575], "Sigma": [[0.001214321223067859, 0.0001296522759756991, -0.003795140922173267], [0.0001296522759756991, 0.009230376062910673, -0.015777945645877065], [-0.003795140922173267, -0.01577794564587706, 0.08282582809843164]], "chi2_level": 0.997, "chi2_df": 3, "chi2_threshold": 13.931422665512084, "N_raw": 54, "N_roi": 15, "N_inlier": 15, "refit": true}
