{"timestamp": "20:06:16.520700", "frame": 5, "mu": [0.4370701732022479, 0.6943694439887528, -0.7911349446947702], "Sigma": [[3.2316689648830703, -0.1379889649253774, 0.3166223289035046], [-0.1379889649253774, 0.010198982606324894, -0.016623468351171407], [0.3166223289035046, -0.01662346835117141, 0.03521221159980493]], "chi2_level": 0.99, "chi2_df": 3, "chi2_threshold": 11.344866730144373, "N_raw": 5, "N_roi": 5, "N_inlier": 5, "refit": true}
{"timestamp": "20:06:16.629941", "frame": 7, "mu": [1.562447817518728, 0.5926292423559031, -0.6757421443494611], "Sigma": [[0.45225026552672404, 0.1711857976437099, -0.27982986209030236], [0.1711857976437099, 0.0772238098678317, -0.10581232507668549], [-0.2798298620903024, -0.10581232507668548, 0.175062930813557]], "chi2_level": 0.99, "chi2_df": 3, "chi2_threshold": 11.344866730144373, "N_raw": 5, "N_roi": 5, "N_inlier": 5, "refit": true}
{"timestamp": "20:06:16.739869", "frame": 9, "mu": [0.5267218409688592, 0.44135489153264296, 1.09893049395168], "Sigma": [[2.937267154131071, 0.10213344700058037, 0.2345900941773285], [0.10213344700058039, 0.008777683436703525, 0.01419570285717931], [0.23459009417732846, 0.01419570285717931, 0.040190334064906144]], "chi2_level": 0.99, "chi2_df": 3, "chi2_threshold": 11.344866730144373, "N_raw": 5, "N_roi": 5, "N_inlier": 5, "refit": true}
{"timestamp": "20:06:16.795740", "frame": 10, "mu": [0.8387096362339462, 0.43732461251246013, 1.259736865682318], "Sigma": [[2.248990213461813, 0.03889072220386153, 0.06930687126812016], [0.03889072220386153, 0.002704686633658446, 0.0004173498938481493], [0.06930687126812014, 0.0004173498938481492, 0.006934548900180151]], "chi2_level": 0.99, "chi2_df": 3, "chi2_threshold": 11.344866730144373, "N_raw": 13, "N_roi": 13, "N_inlier": 12, "refit": true}
{"timestamp": "20:06:16.850871", "frame": 11, "mu": [-1.6385084940924959, 0.6685151088514987, -0.8595694432762415], "Sigma": [[0.0023910810530553255, 0.0025326326615309706, 0.0025759634512545412], [0.0025326326615309706, 0.007928156562945116, -0.003342446993994336], [0.0025759634512545412, -0.0033424469939943363, 0.013883377638627339]], "chi2_level": 0.99, "chi2_df": 3, "chi2_threshold": 11.344866730144373, "N_raw": 10, "N_roi": 10, "N_inlier": 9, "refit": true}
{"timestamp": "20:06:16.909223", "frame": 12, "mu": [0.5675319608079747, 0.6064190566356134, -0.6474857130680739], "Sigma": [[2.2911663464287857, 0.0001754120056480053, 0.10850566128136414], [0.0001754120056480027, 0.004566839841986013, -0.002054595022363474], [0.10850566128136416, -0.002054595022363474, 0.019797348590257495]], "chi2_level": 0.99, "chi2_df": 3, "chi2_threshold": 11.344866730144373, "N_raw": 28, "N_roi": 28, "N_inlier": 28, "refit": true}
{"timestamp": "20:06:16.963178", "frame": 13, "mu": [0.4084158940364149, 0.4081654362462706, 1.266239715254764], "Sigma": [[2.19992462994721, 0.020010542862714906, 0.0760939854846579], [0.020010542862714902, 0.00523431961448411, 0.0011136228468839307], [0.0760939854846579, 0.0011136228468839307, 0.012804222065079132]], "chi2_level": 0.99, "chi2_df": 3, "chi2_threshold": 11.344866730144373, "N_raw": 22, "N_roi": 22, "N_inlier": 22, "refit": true}
{"timestamp": "20:06:17.016852", "frame": 14, "mu": [0.20769688596947508, 0.414531429561694, 1.3285921274144743], "Sigma": [[2.081297241397704, 0.052911400772286385, 0.1401429473366873], [0.05291140077228638, 0.00802154918391495, 0.006676081198970479], [0.1401429473366873, 0.006676081198970479, 0.02012229703730046]], "chi2_level": 0.99, "chi2_df": 3, "chi2_threshold": 11.344866730144373, "N_raw": 19, "N_roi": 19, "N_inlier": 19, "refit": true}
{"timestamp": "20:06:17.071025", "frame": 15, "mu": [1.2979997582659202, 0.5064638134701259, -0.49679963478878447], "Sigma": [[0.18571622184869777, 0.056287482292365985, -0.11504971756970522], [0.05628748229236598, 0.024070877110690413, -0.02320025910053739], [-0.11504971756970524, -0.02320025910053739, 0.09126250684463783]], "chi2_level": 0.99, "chi2_df": 3, "chi2_threshold": 11.344866730144373, "N_raw": 7, "N_roi": 7, "N_inlier": 7, "refit": true}
{"timestamp": "20:06:17.128125", "frame": 16, "mu": [1.386126110029717, 0.501998462564881, 1.370574385066201], "Sigma": [[0.0037963825285909237, -0.0034872578145961185, -0.006162346100447929], [-0.0034872578145961185, 0.007434762647913421, -0.005043505641512471], [-0.006162346100447928, -0.00504350564151247, 0.04744008165642185]], "chi2_level": 0.99, "chi2_df": 3, "chi2_threshold": 11.344866730144373, "N_raw": 22, "N_roi": 22, "N_inlier": 21, "refit": true}
{"timestamp": "20:06:17.182482", "frame": 17, "mu": [1.277372087065097, 0.5628357567518253, 1.3244797748830728], "Sigma": [[0.003582965115959495, -0.0022780438096146913, -0.009967643269926548], [-0.0022780438096146917, 0.005792676900903474, 0.007645976778138459], [-0.009967643269926548, 0.007645976778138459, 0.05182764809602314]], "chi2_level": 0.99, "chi2_df": 3, "chi2_threshold": 11.344866730144373, "N_raw": 17, "N_roi": 17, "N_inlier": 17, "refit": true}
{"timestamp": "20:06:17.237908", "frame": 18, "mu": [1.2403151457361807, 0.5536781255258726, 1.3832729885458475], "Sigma": [[0.00306871712824455, -0.0021981601531680024, -0.0012170317907669334], [-0.002198160153168003, 0.003174120986804769, -0.00043797669731972374], [-0.0012170317907669334, -0.0004379766973197236, 0.004129253991576713]], "chi2_level": 0.99, "chi2_df": 3, "chi2_threshold": 11.344866730144373, "N_raw": 21, "N_roi": 21, "N_inlier": 19, "refit": true}
{"timestamp": "20:06:17.294650", "frame": 19, "mu": [1.1937972514088755, 0.4593664374209844, -1.1779253079004008], "Sigma": [[0.006900709642501241, 0.0027196502754638684, 0.01620109254514872], [0.0027196502754638684, 0.02020377511330412, 0.06840238074386915], [0.016201092545148725, 0.06840238074386913, 0.4549829641065952]], "chi2_level": 0.99, "chi2_df": 3, "chi2_threshold": 11.344866730144373, "N_raw": 11, "N_roi": 11, "N_inlier": 10, "refit": true}
{"timestamp": "20:06:17.353097", "frame": 20, "mu": [1.1065565348534145, 0.5596906335526348, 1.3317876103117396], "Sigma": [[0.0065042607368805735, -0.0067398665696407935, -0.005887072379210432], [-0.006739866569640792, 0.008916966661959715, 0.004601058858722181], [-0.005887072379210432, 0.004601058858722181, 0.007871089296624957]], "chi2_level": 0.99, "chi2_df": 3, "chi2_threshold": 11.344866730144373, "N_raw": 39, "N_roi": 39, "N_inlier": 36, "refit": true}
{"timestamp": "20:06:17.407941", "frame": 21, "mu": [1.006395925768991, 0.6411251193740058, 1.4094142985648836], "Sigma": [[0.002587470988147168, -0.0020449800017483576, -0.0015065953081952182], [-0.002044980001748358, 0.004186117295436768, -0.0016101320199742289], [-0.0015065953081952182, -0.001610132019974229, 0.0054697860359526175]], "chi2_level": 0.99, "chi2_df": 3, "chi2_threshold": 11.344866730144373, "N_raw": 35, "N_roi": 35, "N_inlier": 34, "refit": true}
{"timestamp": "20:06:17.464498", "frame": 22, "mu": [0.9357764193828736, 0.6483864002545503, 1.400666406281581], "Sigma": [[0.004574637329629705, -0.0026774689292095935, -0.003712253205200117], [-0.0026774689292095935, 0.003059455764467415, 0.00011389462471183206], [-0.003712253205200117, 0.00011389462471183214, 0.00801240578360341]], "chi2_level": 0.99, "chi2_df": 3, "chi2_threshold": 11.344866730144373, "N_raw": 49, "N_roi": 49, "N_inlier": 47, "refit": true}
{"timestamp": "20:06:17.514840", "frame": 23, "mu": [0.8946055894581302, 0.731838769638431, -0.5318028598174283], "Sigma": [[0.002790966508700693, -0.00020314471144936095, -0.0037125385258581787], [-0.00020314471144936117, 0.004271134815805726, 0.0006612631935556435], [-0.0037125385258581787, 0.0006612631935556437, 0.008097086059227841]], "chi2_level": 0.99, "chi2_df": 3, "chi2_threshold": 11.344866730144373, "N_raw": 14, "N_roi": 14, "N_inlier": 13, "refit": true}
{"timestamp": "20:06:17.570133", "frame": 24, "mu": [0.7822158692454197, 0.703287582344673, 1.4461136218794364], "Sigma": [[0.004119582068277629, -0.0008335194542233909, -0.004843119603009902], [-0.0008335194542233909, 0.0012605359327957672, 0.00035338502531809333], [-0.004843119603009902, 0.00035338502531809333, 0.007354586425148042]], "chi2_level": 0.99, "chi2_df": 3, "chi2_threshold": 11.344866730144373, "N_raw": 24, "N_roi": 24, "N_inlier": 22, "refit": true}
{"timestamp": "20:06:17.626886", "frame": 25, "mu": [0.7936223594085127, 0.6864476055459078, 1.3829250033086533], "Sigma": [[0.004370377086339561, -0.003132853144548164, -0.006444462289871789], [-0.003132853144548164, 0.003316527354271198, 0.0042446005194217845], [-0.006444462289871789, 0.0042446005194217845, 0.012650801440575395]], "chi2_level": 0.99, "chi2_df": 3, "chi2_threshold": 11.344866730144373, "N_raw": 40, "N_roi": 40, "N_inlier": 39, "refit": true}
{"timestamp": "20:06:17.686037", "frame": 26, "mu": [0.6841507123799089, 0.6897811105533345, 1.3493160062730634], "Sigma": [[0.004146801810906753, -4.3245556071585015e-06, -0.00831097842844995], [-4.324555607158556e-06, 0.0029672721901849264, -0.00018224151758806874], [-0.00831097842844995, -0.00018224151758806928, 0.02856923984396926]], "chi2_level": 0.99, "chi2_df": 3, "chi2_threshold": 11.344866730144373, "N_raw": 67, "N_roi": 67, "N_inlier": 66, "refit": true}
{"timestamp": "20:06:17.740543", "frame": 27, "mu": [0.6576888193557365, 0.687009259693736, 1.4072215715460825], "Sigma": [[0.005108214930333937, -0.0011308932098277715, -0.004931495656304453], [-0.0011308932098277715, 0.0018338345326522215, 0.000597771859021619], [-0.004931495656304453, 0.0005977718590216191, 0.010586420746098427]], "chi2_level": 0.99, "chi2_df": 3, "chi2_threshold": 11.344866730144373, "N_raw": 59, "N_roi": 59, "N_inlier": 58, "refit": true}
{"timestamp": "20:06:17.792554", "frame": 28, "mu": [0.5723068320008341, 0.6906970033937373, 1.4858885315466817], "Sigma": [[0.0029819618313013828, 0.0007059272853450507, -0.001606922305594072], [0.0007059272853450508, 0.0017156959227325342, -0.0013485318551461419], [-0.001606922305594072, -0.0013485318551461419, 0.007289821384435654]], "chi2_level": 0.99, "chi2_df": 3, "chi2_threshold": 11.344866730144373, "N_raw": 38, "N_roi": 38, "N_inlier": 34, "refit": true}
{"timestamp": "20:06:17.852711", "frame": 29, "mu": [0.5210688055764852, 0.7234979856122007, 1.4296266566633062], "Sigma": [[0.003363883481324258, 0.0002956671834518461, -0.0013597906639494046], [0.00029566718345184616, 0.0028373131851380357, -0.0019895645198255013], [-0.0013597906639494046, -0.0019895645198255013, 0.00827837786446278]], "chi2_level": 0.99, "chi2_df": 3, "chi2_threshold": 11.344866730144373, "N_raw": 68, "N_roi": 68, "N_inlier": 64, "refit": true}
{"timestamp": "20:06:17.907894", "frame": 30, "mu": [0.395315830520063, 0.8752161757411765, -0.3756201257462753], "Sigma": [[0.0035562747098022334, -0.0005803701664573686, -0.0023181469001130246], [-0.0005803701664573687, 0.0037236582746021244, -0.0026802937244893126], [-0.002318146900113024, -0.0026802937244893126, 0.00794122144300704]], "chi2_level": 0.99, "chi2_df": 3, "chi2_threshold": 11.344866730144373, "N_raw": 70, "N_roi": 70, "N_inlier": 69, "refit": true}
{"timestamp": "20:06:17.966487", "frame": 31, "mu": [0.383266906099186, 0.7087537074481269, 1.3030375964987881], "Sigma": [[0.0024044192682922813, -0.0004886756370245578, 8.007336390029185e-05], [-0.0004886756370245579, 0.007008912761526744, 0.010209995589895002], [8.007336390029185e-05, 0.010209995589895002, 0.06300092301985502]], "chi2_level": 0.99, "chi2_df": 3, "chi2_threshold": 11.344866730144373, "N_raw": 95, "N_roi": 95, "N_inlier": 93, "refit": true}
{"timestamp": "20:06:18.014819", "frame": 32, "mu": [0.31883720299248747, 0.7473725791440677, 1.4187396984783296], "Sigma": [[0.0018676540860941189, 0.00043112485594813514, -4.765837228899413e-05], [0.0004311248559481352, 0.0016896857334401127, -0.000302240610495027], [-4.765837228899402e-05, -0.00030224061049502677, 0.010441245532879506]], "chi2_level": 0.99, "chi2_df": 3, "chi2_threshold": 11.344866730144373, "N_raw": 54, "N_roi": 54, "N_inlier": 51, "refit": true}
{"timestamp": "20:06:18.065948", "frame": 33, "mu": [0.2468855402503816, 0.7116511909080403, 1.403724311898236], "Sigma": [[0.0011654561063495332, -0.00028568796963364005, -0.0010926720662604232], [-0.00028568796963364005, 0.0013497528362284002, 0.001665542580995743], [-0.0010926720662604232, 0.0016655425809957432, 0.01243435437469465]], "chi2_level": 0.99, "chi2_df": 3, "chi2_threshold": 11.344866730144373, "N_raw": 33, "N_roi": 33, "N_inlier": 32, "refit": true}
{"timestamp": "20:06:18.123089", "frame": 34, "mu": [0.18677264933377222, 0.7368843900169602, 1.2831524257220361], "Sigma": [[0.0024142911438183434, -0.0018159897959702767, 0.0021227818360696465], [-0.001815989795970277, 0.0022802022180796492, -0.004289921303487751], [0.0021227818360696465, -0.004289921303487751, 0.013751761422281973]], "chi2_level": 0.99, "chi2_df": 3, "chi2_threshold": 11.344866730144373, "N_raw": 44, "N_roi": 44, "N_inlier": 41, "refit": true}
{"timestamp": "20:06:18.179634", "frame": 35, "mu": [0.05379107090408985, 0.7736024873821715, 1.400930343797532], "Sigma": [[0.0018633996475441346, 0.00034249889039252577, -0.0012548439115187097], [0.00034249889039252577, 0.0018204894373053308, -0.0016593300326096523], [-0.0012548439115187097, -0.0016593300326096523, 0.003308413271452476]], "chi2_level": 0.99, "chi2_df": 3, "chi2_threshold": 11.344866730144373, "N_raw": 54, "N_roi": 54, "N_inlier": 50, "refit": true}
{"timestamp": "20:06:18.235481", "frame": 36, "mu": [-0.0015221590089017456, 0.7638519324225385, 1.463337963275646], "Sigma": [[0.002281603133984151, -0.0007988995606197454, 0.0005024457931177219], [-0.0007988995606197454, 0.0017667730433229567, -0.0022657512640366258], [0.0005024457931177219, -0.0022657512640366258, 0.005463289655853181]], "chi2_level": 0.99, "chi2_df": 3, "chi2_threshold": 11.344866730144373, "N_raw": 63, "N_roi": 63, "N_inlier": 61, "refit": true}
{"timestamp": "20:06:18.295811", "frame": 37, "mu": [-0.07003812709058432, 0.7638049514716482, 1.354081434651236], "Sigma": [[0.0031720160087172554, -0.0006503850621059591, -0.0006368721967387504], [-0.0006503850621059591, 0.003268412851890096, -0.003185684258170876], [-0.0006368721967387504, -0.0031856842581708764, 0.0045935191846316675]], "chi2_level": 0.99, "chi2_df": 3, "chi2_threshold": 11.344866730144373, "N_raw": 92, "N_roi": 92, "N_inlier": 90, "refit": true}
{"timestamp": "20:06:18.347639", "frame": 38, "mu": [-0.1630327939043107, 0.7838521322144657, 1.4266426115267228], "Sigma": [[0.0038935915010501424, -0.0018156094785040102, -0.00043283571867294734], [-0.0018156094785040104, 0.003339493706234951, -0.0014427025408215303], [-0.00043283571867294734, -0.00144270254082153, 0.003292974207133875]], "chi2_level": 0.99, "chi2_df": 3, "chi2_threshold": 11.344866730144373, "N_raw": 70, "N_roi": 70, "N_inlier": 67, "refit": true}
{"timestamp": "20:06:18.393892", "frame": 39, "mu": [-0.26201682211531396, 0.7783331645938144, 1.2240379700347026], "Sigma": [[0.0036085530729282386, -0.0032922527267853635, -0.014006711208775878], [-0.0032922527267853635, 0.006527261609773279, 0.03498088169068875], [-0.014006711208775878, 0.03498088169068875, 0.3269871141740815]], "chi2_level": 0.99, "chi2_df": 3, "chi2_threshold": 11.344866730144373, "N_raw": 18, "N_roi": 18, "N_inlier": 18, "refit": true}
{"timestamp": "20:06:18.460222", "frame": 40, "mu": [-0.24293214336662067, 0.8228737733229017, 1.4182325690498323], "Sigma": [[0.005979223291534965, -0.0006319221598299709, -0.004001094159805436], [-0.0006319221598299709, 0.0017138870505476397, -0.0016169668771384236], [-0.004001094159805436, -0.0016169668771384236, 0.005831693327788311]], "chi2_level": 0.99, "chi2_df": 3, "chi2_threshold": 11.344866730144373, "N_raw": 86, "N_roi": 84, "N_inlier": 78, "refit": true}
{"timestamp": "20:06:18.512475", "frame": 41, "mu": [-0.3098488439600323, 0.7981650461169679, 1.392536774043165], "Sigma": [[0.002794317057530394, -0.0013408421558461388, -0.0013516506783376413], [-0.0013408421558461386, 0.0019420747538472767, 9.861588472809312e-05], [-0.0013516506783376413, 9.86158847280929e-05, 0.00926214977621182]], "chi2_level": 0.99, "chi2_df": 3, "chi2_threshold": 11.344866730144373, "N_raw": 71, "N_roi": 69, "N_inlier": 65, "refit": true}
{"timestamp": "20:06:18.569526", "frame": 42, "mu": [-0.3112985468532328, 0.7723070164100877, 1.2378402820759236], "Sigma": [[0.003828819243092348, -0.003462859081167097, -0.003489592664964269], [-0.003462859081167097, 0.010203120432811462, 0.001940211968657411], [-0.0034895926649642695, 0.001940211968657411, 0.011086185683433685]], "chi2_level": 0.99, "chi2_df": 3, "chi2_threshold": 11.344866730144373, "N_raw": 93, "N_roi": 90, "N_inlier": 89, "refit": true}
{"timestamp": "20:06:18.621652", "frame": 43, "mu": [-0.39561538474614627, 0.893043963140622, 1.4615009918734598], "Sigma": [[0.0021229771453758527, -0.0003640458851587844, -0.0017195209009406435], [-0.0003640458851587844, 0.0031206748696853363, -0.0036176601475918094], [-0.0017195209009406437, -0.0036176601475918094, 0.007839890439847457]], "chi2_level": 0.99, "chi2_df": 3, "chi2_threshold": 11.344866730144373, "N_raw": 66, "N_roi": 62, "N_inlier": 61, "refit": true}
{"timestamp": "20:06:18.675813", "frame": 44, "mu": [-0.4525996105947618, 0.9716068755692776, -0.29652047872962445], "Sigma": [[0.0036376091036355177, -0.0018517319128471905, -0.0008132994718832201], [-0.0018517319128471908, 0.003124181231761505, -0.0015107026559461898], [-0.00081329947188322, -0.0015107026559461898, 0.0022311555372930146]], "chi2_level": 0.99, "chi2_df": 3, "chi2_threshold": 11.344866730144373, "N_raw": 59, "N_roi": 59, "N_inlier": 55, "refit": true}
{"timestamp": "20:06:18.731045", "frame": 45, "mu": [-0.5092290487862355, 0.8723255937874019, 1.427063088128168], "Sigma": [[0.004146539484959434, -0.005047763672613479, -0.005030745898514941], [-0.005047763672613479, 0.012075994443149449, 0.006918752030785813], [-0.005030745898514941, 0.006918752030785813, 0.009961209578759235]], "chi2_level": 0.99, "chi2_df": 3, "chi2_threshold": 11.344866730144373, "N_raw": 65, "N_roi": 63, "N_inlier": 61, "refit": true}
{"timestamp": "20:06:18.786941", "frame": 46, "mu": [-0.5407073696455601, 0.8805081281706012, -0.5859946620091835], "Sigma": [[0.0024375793739535405, 0.004188277066797717, 0.006014686621445203], [0.004188277066797717, 0.019516311022069764, 0.013046403192417642], [0.0060146866214452034, 0.013046403192417642, 0.025447286409525247]], "chi2_level": 0.99, "chi2_df": 3, "chi2_threshold": 11.344866730144373, "N_raw": 73, "N_roi": 73, "N_inlier": 63, "refit": true}
{"timestamp": "20:06:18.839395", "frame": 47, "mu": [-0.6449651524496848, 0.909698494139153, 1.4645831077183962], "Sigma": [[0.003218052809985242, -0.00106665100063184, -0.0006873032054783206], [-0.00106665100063184, 0.0015989696021458434, -0.0023778092168576645], [-0.0006873032054783203, -0.0023778092168576645, 0.008729518447265232]], "chi2_level": 0.99, "chi2_df": 3, "chi2_threshold": 11.344866730144373, "N_raw": 55, "N_roi": 55, "N_inlier": 52, "refit": true}
{"timestamp": "20:06:18.888215", "frame": 48, "mu": [-0.7133095870902054, 1.0830058253413368, -0.3036414767265929], "Sigma": [[0.016786823208298773, 0.01138594931993851, -0.013305539775913349], [0.01138594931993851, 0.01329682906807396, -0.016586686274148804], [-0.013305539775913349, -0.016586686274148804, 0.04972432624381924]], "chi2_level": 0.99, "chi2_df": 3, "chi2_threshold": 11.344866730144373, "N_raw": 12, "N_roi": 12, "N_inlier": 12, "refit": true}
{"timestamp": "20:06:18.945538", "frame": 49, "mu": [-0.9840385890642228, 0.839502647003891, 1.4888771318447473], "Sigma": [[0.04200334722873193, 0.015641427829107234, -0.039307518487588816], [0.015641427829107234, 0.01219744755867042, -0.003762069600733563], [-0.039307518487588816, -0.0037620696007335612, 0.08768979869403269]], "chi2_level": 0.99, "chi2_df": 3, "chi2_threshold": 11.344866730144373, "N_raw": 29, "N_roi": 29, "N_inlier": 29, "refit": true}
{"timestamp": "20:06:19.005010", "frame": 50, "mu": [-0.8994298878654381, 0.9741914306097297, 1.4583857842379462], "Sigma": [[0.017459126674676115, 0.009502018473429444, -0.020639076828878045], [0.009502018473429444, 0.008377122749214946, -0.012296034041307604], [-0.020639076828878042, -0.012296034041307604, 0.04853671786423036]], "chi2_level": 0.99, "chi2_df": 3, "chi2_threshold": 11.344866730144373, "N_raw": 61, "N_roi": 61, "N_inlier": 58, "refit": true}
{"timestamp": "20:06:19.057317", "frame": 51, "mu": [-0.9839483806871174, 1.0415785155137212, 1.3360454321153004], "Sigma": [[0.02186857905432763, 0.011624741761885257, -0.03497097727400697], [0.011624741761885255, 0.01846395847325486, -0.04299175449948821], [-0.03497097727400697, -0.04299175449948821, 0.33263655865545977]], "chi2_level": 0.99, "chi2_df": 3, "chi2_threshold": 11.344866730144373, "N_raw": 34, "N_roi": 34, "N_inlier": 34, "refit": true}
{"timestamp": "20:06:19.118183", "frame": 52, "mu": [-1.0360667195820656, 1.0215282696163048, 1.6182972157714266], "Sigma": [[0.027317186300386334, 0.02112648714401164, -0.008280716760534863], [0.02112648714401164, 0.024074819136691312, -0.0013051654839880717], [-0.008280716760534863, -0.0013051654839880712, 0.04460054562001116]], "chi2_level": 0.99, "chi2_df": 3, "chi2_threshold": 11.344866730144373, "N_raw": 75, "N_roi": 75, "N_inlier": 71, "refit": true}
{"timestamp": "20:06:19.176294", "frame": 53, "mu": [-1.1662942109887933, 1.0237120451889157, -0.2854615855468425], "Sigma": [[0.02185279332402111, 0.019675761032144988, 0.0020882669612467906], [0.01967576103214499, 0.023870407375960447, -0.0016346677540436355], [0.0020882669612467906, -0.0016346677540436364, 0.020979851662288503]], "chi2_level": 0.99, "chi2_df": 3, "chi2_threshold": 11.344866730144373, "N_raw": 95, "N_roi": 95, "N_inlier": 91, "refit": true}
{"timestamp": "20:06:19.232024", "frame": 54, "mu": [-1.0889145121229453, 1.1504205134821786, 1.3539769907601797], "Sigma": [[0.027338723315732796, 0.02054989961479784, -0.046182842515805664], [0.02054989961479784, 0.027289357632685633, -0.07440039963200519], [-0.046182842515805664, -0.07440039963200519, 0.3602714502116334]], "chi2_level": 0.99, "chi2_df": 3, "chi2_threshold": 11.344866730144373, "N_raw": 100, "N_roi": 100, "N_inlier": 100, "refit": true}
{"timestamp": "20:06:19.292587", "frame": 55, "mu": [-1.0444295038963616, 1.2110848466679356, 0.09994648610789378], "Sigma": [[0.035438695007075485, 0.019606463873258678, 0.060131134670400835], [0.019606463873258678, 0.020150385226185306, 0.035919370511054226], [0.060131134670400835, 0.035919370511054226, 0.48882523206738243]], "chi2_level": 0.99, "chi2_df": 3, "chi2_threshold": 11.344866730144373, "N_raw": 134, "N_roi": 134, "N_inlier": 133, "refit": true}
{"timestamp": "20:06:19.343922", "frame": 56, "mu": [-1.09367397115503, 1.2489027862813136, 0.3639434878847974], "Sigma": [[0.03817739654770449, 0.025798683848310487, 0.046413015282101816], [0.025798683848310487, 0.029842934137174412, 0.00885158664343627], [0.046413015282101816, 0.008851586643436266, 0.348496622544974]], "chi2_level": 0.99, "chi2_df": 3, "chi2_threshold": 11.344866730144373, "N_raw": 109, "N_roi": 109, "N_inlier": 109, "refit": true}
{"timestamp": "20:06:19.393715", "frame": 57, "mu": [-1.1321894801165635, 1.220276779804453, 1.4888988284385027], "Sigma": [[0.042707595831517634, 0.021189535583603772, -0.03173838237135661], [0.021189535583603772, 0.014262260599812638, -0.019236178127834434], [-0.03173838237135661, -0.019236178127834434, 0.043189171820616545]], "chi2_level": 0.99, "chi2_df": 3, "chi2_threshold": 11.344866730144373, "N_raw": 77, "N_roi": 77, "N_inlier": 73, "refit": true}
{"timestamp": "20:06:19.448648", "frame": 58, "mu": [-1.101405431903261, 1.2861327502519302, 1.3036446713487722], "Sigma": [[0.032209351723861135, 0.0193271510592071, -0.027872601955344325], [0.0193271510592071, 0.015421006734041724, -0.01941861118227341], [-0.02787260195534433, -0.01941861118227341, 0.04293869795384417]], "chi2_level": 0.99, "chi2_df": 3, "chi2_threshold": 11.344866730144373, "N_raw": 78, "N_roi": 78, "N_inlier": 73, "refit": true}
{"timestamp": "20:06:19.501341", "frame": 59, "mu": [-1.0392310317864157, 1.4309464067160576, 1.424555805114757], "Sigma": [[0.008194431559733806, -0.001692939905935724, -0.007997405129128731], [-0.001692939905935724, 0.008472822173146112, 0.003359244214049463], [-0.00799740512912873, 0.003359244214049463, 0.008816676585454543]], "chi2_level": 0.99, "chi2_df": 3, "chi2_threshold": 11.344866730144373, "N_raw": 65, "N_roi": 65, "N_inlier": 60, "refit": true}
{"timestamp": "20:06:19.556890", "frame": 60, "mu": [-1.0659995729558087, 1.418105070590966, 1.0951905344928163], "Sigma": [[0.005847479188910998, 0.0024351369956234752, 0.005922815467156468], [0.002435136995623475, 0.009542524061016994, 0.037996171100304746], [0.005922815467156467, 0.037996171100304746, 0.2357929293037642]], "chi2_level": 0.99, "chi2_df": 3, "chi2_threshold": 11.344866730144373, "N_raw": 74, "N_roi": 74, "N_inlier": 71, "refit": true}
{"timestamp": "20:06:19.608657", "frame": 61, "mu": [-1.2114441487255785, 1.3985035734258056, 1.0954473851395072], "Sigma": [[0.04291797058658852, 0.0210378324471351, -0.058216831196622784], [0.0210378324471351, 0.013502321806263236, -0.029725670374101242], [-0.058216831196622784, -0.02972567037410124, 0.3297398360558947]], "chi2_level": 0.99, "chi2_df": 3, "chi2_threshold": 11.344866730144373, "N_raw": 50, "N_roi": 50, "N_inlier": 49, "refit": true}
{"timestamp": "20:06:19.669737", "frame": 62, "mu": [-1.0589625743867035, 1.6585186799959724, -0.5089000119221332], "Sigma": [[0.00962932951638184, 0.003360464623612133, 0.015206766740632696], [0.003360464623612134, 0.020653021643983846, 0.010464225229125945], [0.015206766740632696, 0.010464225229125945, 0.048682447882668796]], "chi2_level": 0.99, "chi2_df": 3, "chi2_threshold": 11.344866730144373, "N_raw": 88, "N_roi": 88, "N_inlier": 86, "refit": true}
{"timestamp": "20:06:19.725498", "frame": 63, "mu": [-1.1575460698253341, 1.790661757648679, -0.4106757512051542], "Sigma": [[0.018466031188368603, 0.011803442858312623, -0.004872182039565812], [0.011803442858312623, 0.029157191323585012, -0.06001948717658957], [-0.004872182039565812, -0.06001948717658957, 0.1965644101679492]], "chi2_level": 0.99, "chi2_df": 3, "chi2_threshold": 11.344866730144373, "N_raw": 92, "N_roi": 92, "N_inlier": 87, "refit": true}
{"timestamp": "20:06:19.777008", "frame": 64, "mu": [-1.212163760304471, 1.614976291702094, 1.390952120775747], "Sigma": [[0.0687184440905831, 0.05619522604125478, -0.08245675341395943], [0.05619522604125478, 0.049917951233693456, -0.07574140741815413], [-0.08245675341395943, -0.07574140741815413, 0.16679170359724818]], "chi2_level": 0.99, "chi2_df": 3, "chi2_threshold": 11.344866730144373, "N_raw": 68, "N_roi": 68, "N_inlier": 65, "refit": true}
{"timestamp": "20:06:19.830003", "frame": 65, "mu": [-1.209738400670772, 1.6493922552867248, 1.1708724695072408], "Sigma": [[0.0941360858865822, 0.05796078099191174, -0.08785232274323801], [0.05796078099191172, 0.050126447070778124, -0.10885056394329873], [-0.08785232274323801, -0.10885056394329873, 0.5003449325220796]], "chi2_level": 0.99, "chi2_df": 3, "chi2_threshold": 11.344866730144373, "N_raw": 57, "N_roi": 57, "N_inlier": 56, "refit": true}
{"timestamp": "20:06:19.886778", "frame": 66, "mu": [-1.1336337585322447, 1.8605501293835416, -0.0533607300450118], "Sigma": [[0.05596544998107179, 0.04750832485445815, -0.04808185672531301], [0.04750832485445815, 0.05721924290651568, -0.04684134417442361], [-0.04808185672531301, -0.04684134417442361, 0.048055591806165504]], "chi2_level": 0.99, "chi2_df": 3, "chi2_threshold": 11.344866730144373, "N_raw": 71, "N_roi": 71, "N_inlier": 68, "refit": true}
{"timestamp": "20:06:19.942626", "frame": 67, "mu": [-1.0803659022781553, 1.9672157532314085, -0.11690611228386602], "Sigma": [[0.009358298473908904, 0.001854274025188726, -0.00487035772483569], [0.0018542740251887256, 0.008675132600997114, -0.010005846863492823], [-0.00487035772483569, -0.010005846863492823, 0.015547732107497105]], "chi2_level": 0.99, "chi2_df": 3, "chi2_threshold": 11.344866730144373, "N_raw": 71, "N_roi": 71, "N_inlier": 69, "refit": true}
{"timestamp": "20:06:19.992021", "frame": 68, "mu": [-1.1418809976663622, 2.0701994334942837, -0.23330052236231985], "Sigma": [[0.006961201366481235, -0.008471125929156451, 0.023316059514055014], [-0.008471125929156451, 0.023277537768865778, -0.06066133523098876], [0.02331605951405501, -0.06066133523098875, 0.24898695587103634]], "chi2_level": 0.99, "chi2_df": 3, "chi2_threshold": 11.344866730144373, "N_raw": 28, "N_roi": 28, "N_inlier": 27, "refit": true}
{"timestamp": "20:06:20.092778", "frame": 69, "mu": [-1.224909815687371, 2.0506998301633277, -0.0021953557348625492], "Sigma": [[0.006206154556129463, 0.0034704883333105687, -0.011676173954794315], [0.0034704883333105687, 0.012039476479329233, -0.017519600984054917], [-0.011676173954794315, -0.017519600984054917, 0.05550192755011872]], "chi2_level": 0.99, "chi2_df": 3, "chi2_threshold": 11.344866730144373, "N_raw": 58, "N_roi": 58, "N_inlier": 54, "refit": true}
{"timestamp": "20:06:20.109294", "frame": 70, "mu": [-1.1874628324392678, 1.9601885958089524, 1.0543661211674336], "Sigma": [[0.007572157225269672, 0.0006450230289860025, -0.008419421237211124], [0.0006450230289860024, 0.009192904844828785, 0.03342322457864985], [-0.008419421237211126, 0.03342322457864985, 0.20538705268011154]], "chi2_level": 0.99, "chi2_df": 3, "chi2_threshold": 11.344866730144373, "N_raw": 86, "N_roi": 86, "N_inlier": 83, "refit": true}
{"timestamp": "20:06:20.163779", "frame": 71, "mu": [-1.133908524264453, 2.1092352223002733, -0.4973038888867867], "Sigma": [[0.009416397843758579, 0.0015965264169165157, 0.018383600880194573], [0.0015965264169165163, 0.007148322728663464, 0.015076789997387922], [0.018383600880194577, 0.015076789997387926, 0.31752271692563566]], "chi2_level": 0.99, "chi2_df": 3, "chi2_threshold": 11.344866730144373, "N_raw": 82, "N_roi": 82, "N_inlier": 81, "refit": true}
{"timestamp": "20:06:20.214010", "frame": 72, "mu": [-1.0743036869621525, 2.154747800605038, 1.3367903483596852], "Sigma": [[0.008061831146514434, -0.0004841685766012536, -0.003126688682431656], [-0.00048416857660125415, 0.004672267365142025, -0.006943400640122386], [-0.003126688682431657, -0.006943400640122386, 0.04576676847912498]], "chi2_level": 0.99, "chi2_df": 3, "chi2_threshold": 11.344866730144373, "N_raw": 53, "N_roi": 53, "N_inlier": 47, "refit": true}
{"timestamp": "20:06:20.276513", "frame": 73, "mu": [-1.1451637979515445, 2.218575044978051, 1.1950680419428572], "Sigma": [[0.011250821077499152, -0.00037695487402246354, -0.00028220950113437885], [-0.00037695487402246354, 0.0045465789138211315, -0.011889827132524204], [-0.00028220950113437863, -0.011889827132524206, 0.12143609431533817]], "chi2_level": 0.99, "chi2_df": 3, "chi2_threshold": 11.344866730144373, "N_raw": 89, "N_roi": 89, "N_inlier": 88, "refit": true}
{"timestamp": "20:06:20.327898", "frame": 74, "mu": [-1.100001540337599, 2.2418437987672357, 1.314508392726729], "Sigma": [[0.010618790792868035, 0.0003336420577754641, -0.007464866556618167], [0.00033364205777546376, 0.0067137977763314085, -0.0035901148289520686], [-0.007464866556618167, -0.003590114828952068, 0.008743504054686185]], "chi2_level": 0.99, "chi2_df": 3, "chi2_threshold": 11.344866730144373, "N_raw": 71, "N_roi": 71, "N_inlier": 67, "refit": true}
{"timestamp": "20:06:20.388107", "frame": 75, "mu": [-1.1716828180884158, 2.333046619604502, -0.43581593017694886], "Sigma": [[0.014073996642331691, -0.00224776510202074, 0.07595193475754204], [-0.00224776510202074, 0.006710635007289026, 0.0008248550229920501], [0.07595193475754204, 0.0008248550229920497, 0.7699487509686787]], "chi2_level": 0.99, "chi2_df": 3, "chi2_threshold": 11.344866730144373, "N_raw": 100, "N_roi": 100, "N_inlier": 99, "refit": true}
{"timestamp": "20:06:20.437885", "frame": 76, "mu": [-1.2327695501271485, 2.4254678450147593, 0.35955067961277615], "Sigma": [[0.008765271334597714, 0.00013246418495104775, -0.0032310229498156034], [0.00013246418495104775, 0.010104614913986851, 0.016485480529155678], [-0.003231022949815602, 0.016485480529155678, 0.2276904292888968]], "chi2_level": 0.99, "chi2_df": 3, "chi2_threshold": 11.344866730144373, "N_raw": 68, "N_roi": 68, "N_inlier": 66, "refit": true}
{"timestamp": "20:06:20.490889", "frame": 77, "mu": [-1.1261477091172745, 2.4564003765860702, 1.1290932115751755], "Sigma": [[0.013621564717204424, 0.0016049412548113844, 0.002463323336251464], [0.0016049412548113844, 0.001999628169770661, -0.00046286988741278635], [0.0024633233362514645, -0.0004628698874127864, 0.038121798058136425]], "chi2_level": 0.99, "chi2_df": 3, "chi2_threshold": 11.344866730144373, "N_raw": 63, "N_roi": 63, "N_inlier": 59, "refit": true}
{"timestamp": "20:06:20.548334", "frame": 78, "mu": [-1.1453169280131912, 2.4711783185644514, 0.997784756532573], "Sigma": [[0.008990242763208341, 0.00012709465389258327, 0.005633448528656651], [0.00012709465389258327, 0.0038404864656753548, -0.005248328076307748], [0.005633448528656651, -0.005248328076307747, 0.14733444935379938]], "chi2_level": 0.99, "chi2_df": 3, "chi2_threshold": 11.344866730144373, "N_raw": 76, "N_roi": 76, "N_inlier": 74, "refit": true}
{"timestamp": "20:06:20.601309", "frame": 79, "mu": [-1.1568863572144927, 2.6419213066679186, -0.16426737352538032], "Sigma": [[0.012187218058037817, -0.0010821381606726883, 0.009750264081319692], [-0.0010821381606726885, 0.007158545526791992, -0.02124205821677552], [0.009750264081319692, -0.02124205821677552, 0.10385894010034526]], "chi2_level": 0.99, "chi2_df": 3, "chi2_threshold": 11.344866730144373, "N_raw": 58, "N_roi": 58, "N_inlier": 56, "refit": true}
{"timestamp": "20:06:20.658323", "frame": 80, "mu": [-1.133505718438279, 2.6176102440929028, 1.1136546157662157], "Sigma": [[0.015701105489866165, 0.0015247474075688484, 0.00489061683524168], [0.0015247474075688484, 0.0021708563092725703, -0.0014480548079022835], [0.00489061683524168, -0.0014480548079022838, 0.05137121036774317]], "chi2_level": 0.99, "chi2_df": 3, "chi2_threshold": 11.344866730144373, "N_raw": 77, "N_roi": 77, "N_inlier": 72, "refit": true}
{"timestamp": "20:06:20.710395", "frame": 81, "mu": [-1.144044360938931, 2.58991866386616, 1.1578659689164474], "Sigma": [[0.015751103716155183, 0.004293761732116356, 0.016539472078019278], [0.0042937617321163555, 0.0049580404107956244, 0.013746423446239997], [0.016539472078019278, 0.013746423446239995, 0.12674034018959826]], "chi2_level": 0.99, "chi2_df": 3, "chi2_threshold": 11.344866730144373, "N_raw": 56, "N_roi": 56, "N_inlier": 54, "refit": true}
{"timestamp": "20:06:20.769208", "frame": 82, "mu": [-1.196778619798763, 2.7025504215865874, 1.1565836205321498], "Sigma": [[0.018474131928980293, 0.000326486734802296, 0.015150929794715624], [0.0003264867348022961, 0.004106048005777851, 1.6682013170403204e-06], [0.015150929794715624, 1.668201317040971e-06, 0.10321115169376469]], "chi2_level": 0.99, "chi2_df": 3, "chi2_threshold": 11.344866730144373, "N_raw": 88, "N_roi": 85, "N_inlier": 84, "refit": true}
{"timestamp": "20:06:20.824199", "frame": 83, "mu": [-1.1179776154008125, 2.7899004974671135, 1.1796603145556808], "Sigma": [[0.014603196092648386, 0.0013479248061722081, -0.012417966785332395], [0.0013479248061722081, 0.004044192484130806, -0.0096627761674513], [-0.012417966785332395, -0.0096627761674513, 0.0505315411518943]], "chi2_level": 0.99, "chi2_df": 3, "chi2_threshold": 11.344866730144373, "N_raw": 80, "N_roi": 80, "N_inlier": 76, "refit": true}
{"timestamp": "20:06:20.877134", "frame": 84, "mu": [-1.0985790439519296, 2.8686625667583736, 1.066166618441776], "Sigma": [[0.015783726231730855, 0.004836528104606936, -0.010726156069973736], [0.004836528104606936, 0.003448196536686826, -0.009639551287052635], [-0.010726156069973737, -0.009639551287052635, 0.03660795251074356]], "chi2_level": 0.99, "chi2_df": 3, "chi2_threshold": 11.344866730144373, "N_raw": 66, "N_roi": 66, "N_inlier": 64, "refit": true}
{"timestamp": "20:06:20.926425", "frame": 85, "mu": [-1.1224373448440794, 3.1824523939617673, -0.46944552078457547], "Sigma": [[0.018676976822801148, -0.015191604753445229, 0.036018944644971296], [-0.015191604753445229, 0.02154896015057991, -0.052389387985837074], [0.036018944644971296, -0.052389387985837074, 0.14618129236119817]], "chi2_level": 0.99, "chi2_df": 3, "chi2_threshold": 11.344866730144373, "N_raw": 20, "N_roi": 20, "N_inlier": 19, "refit": true}
{"timestamp": "20:06:20.986763", "frame": 86, "mu": [-1.2241183420590438, 2.9901410956899372, 0.7006035087494072], "Sigma": [[0.023096132957003343, -0.004043935320262671, 0.030143402263720802], [-0.004043935320262671, 0.005926983323620629, -0.002236792056122903], [0.030143402263720802, -0.002236792056122903, 0.2838114883049981]], "chi2_level": 0.99, "chi2_df": 3, "chi2_threshold": 11.344866730144373, "N_raw": 72, "N_roi": 72, "N_inlier": 71, "refit": true}
{"timestamp": "20:06:21.039705", "frame": 87, "mu": [-1.2157788774851106, 3.004439029954562, -0.717521011301351], "Sigma": [[0.009902782209472674, 0.0037993173309943265, -0.012732807662706423], [0.0037993173309943265, 0.004368477602692369, -0.004041755179367499], [-0.012732807662706423, -0.004041755179367499, 0.11372539818150725]], "chi2_level": 0.99, "chi2_df": 3, "chi2_threshold": 11.344866730144373, "N_raw": 43, "N_roi": 43, "N_inlier": 40, "refit": true}
{"timestamp": "20:06:21.093504", "frame": 88, "mu": [-1.0814105915519125, 3.0698040389556622, 1.143261462565955], "Sigma": [[0.010610163549145424, 0.0009069769893418199, -0.0011604080535515897], [0.0009069769893418197, 0.002284815904444973, -0.006990394644929969], [-0.0011604080535515889, -0.006990394644929969, 0.06265065557100147]], "chi2_level": 0.99, "chi2_df": 3, "chi2_threshold": 11.344866730144373, "N_raw": 43, "N_roi": 43, "N_inlier": 39, "refit": true}
{"timestamp": "20:06:21.144045", "frame": 89, "mu": [-1.1286833809930914, 3.098512937249375, 0.6434374225113715], "Sigma": [[0.004556677932606803, -0.0009175330725595832, -0.0012567998956796657], [-0.0009175330725595832, 0.0012449932596043632, 0.003656968673905269], [-0.0012567998956796657, 0.00365696867390527, 0.1437951271316777]], "chi2_level": 0.99, "chi2_df": 3, "chi2_threshold": 11.344866730144373, "N_raw": 20, "N_roi": 19, "N_inlier": 18, "refit": true}
{"timestamp": "20:06:21.206775", "frame": 90, "mu": [-1.16688747202071, 3.1893537477752583, 1.1756951668817723], "Sigma": [[0.015406880999970429, -0.0006237978170147051, -0.007119770512937739], [-0.0006237978170147051, 0.004108369190513063, -0.009243771616683924], [-0.007119770512937739, -0.009243771616683924, 0.05198152283158544]], "chi2_level": 0.99, "chi2_df": 3, "chi2_threshold": 11.344866730144373, "N_raw": 73, "N_roi": 73, "N_inlier": 70, "refit": true}
{"timestamp": "20:06:21.263949", "frame": 91, "mu": [-1.1453336898503945, 3.361088130304238, -0.005113659192009609], "Sigma": [[0.015027887536739632, 4.4615790550923354e-05, 0.005122431320204664], [4.4615790550923354e-05, 0.010125245977909775, -0.025402321742783063], [0.005122431320204663, -0.02540232174278306, 0.08692024276151111]], "chi2_level": 0.99, "chi2_df": 3, "chi2_threshold": 11.344866730144373, "N_raw": 71, "N_roi": 71, "N_inlier": 69, "refit": true}
{"timestamp": "20:06:21.311942", "frame": 92, "mu": [-1.0688762523531428, 3.2542953245402457, 1.218804035000497], "Sigma": [[0.010539169781115965, -0.000706408993895323, 0.003552708972185984], [-0.0007064089938953231, 0.0035917607490000437, -0.005554315099779063], [0.0035527089721859853, -0.005554315099779063, 0.033377648107298596]], "chi2_level": 0.99, "chi2_df": 3, "chi2_threshold": 11.344866730144373, "N_raw": 39, "N_roi": 39, "N_inlier": 36, "refit": true}
