{"timestamp": "20:04:13.738640", "frame": 12, "mu": [-1.3695184484992438, 0.202999761204137, 0.5308890046933468], "Sigma": [[0.003031715287305538, 0.0010569398240530131, 0.026974422984698883], [0.0010569398240530131, 0.0007866125973803135, 0.008964144010973575], [0.026974422984698883, 0.008964144010973575, 0.35583942980887445]], "chi2_level": 0.99, "chi2_df": 3, "chi2_threshold": 11.344866730144373, "N_raw": 7, "N_roi": 7, "N_inlier": 7, "refit": true}
{"timestamp": "20:04:13.798002", "frame": 13, "mu": [-0.19817407327517222, 0.2974848535589594, 1.235251509792584], "Sigma": [[1.5748841551607173, 0.03873515155466218, 0.001302638198459924], [0.03873515155466218, 0.004895576668746041, -0.000280614694471221], [0.001302638198459923, -0.00028061469447122087, 0.002677499711115083]], "chi2_level": 0.99, "chi2_df": 3, "chi2_threshold": 11.344866730144373, "N_raw": 35, "N_roi": 35, "N_inlier": 35, "refit": true}
{"timestamp": "20:04:13.853286", "frame": 14, "mu": [-0.6155637629302562, 0.48968731301886825, -0.599574982474946], "Sigma": [[1.207809725311436, -0.006805511949953392, -0.06172977109269723], [-0.006805511949953394, 0.0058113193369855225, 0.0042440434040009415], [-0.06172977109269723, 0.004244043404000943, 0.027979952343067126]], "chi2_level": 0.99, "chi2_df": 3, "chi2_threshold": 11.344866730144373, "N_raw": 44, "N_roi": 44, "N_inlier": 44, "refit": true}
{"timestamp": "20:04:13.907601", "frame": 15, "mu": [-0.962735356861235, 0.37707401754173253, 1.4401154079062242], "Sigma": [[0.5510009809374796, -0.02076324217134915, 0.013558439149878771], [-0.02076324217134915, 0.005207006708990444, -0.0029944045236935117], [0.013558439149878771, -0.0029944045236935117, 0.002183415495718821]], "chi2_level": 0.99, "chi2_df": 3, "chi2_threshold": 11.344866730144373, "N_raw": 36, "N_roi": 36, "N_inlier": 33, "refit": true}
{"timestamp": "20:04:13.965395", "frame": 16, "mu": [-0.8003239442313005, 0.3376965461592407, 1.3673462690852203], "Sigma": [[0.8511685828373478, -0.013658594466517331, 0.024098004888451013], [-0.013658594466517331, 0.0036607494651741236, -0.0005233913534588115], [0.024098004888451013, -0.0005233913534588115, 0.00714877889638816]], "chi2_level": 0.99, "chi2_df": 3, "chi2_threshold": 11.344866730144373, "N_raw": 57, "N_roi": 57, "N_inlier": 54, "refit": true}
{"timestamp": "20:04:14.020524", "frame": 17, "mu": [-0.7832918718338825, 0.35897651568565603, 1.393026547767281], "Sigma": [[0.824159420194965, -0.013352285147152029, 0.0011156067986102507], [-0.013352285147152027, 0.004394048350727734, -0.0016198971954296776], [0.0011156067986102499, -0.0016198971954296776, 0.00518400824957277]], "chi2_level": 0.99, "chi2_df": 3, "chi2_threshold": 11.344866730144373, "N_raw": 58, "N_roi": 58, "N_inlier": 56, "refit": true}
{"timestamp": "20:04:14.076545", "frame": 18, "mu": [-0.9226759560541159, 0.3876676281481132, 1.3890782012370737], "Sigma": [[0.5568151980148657, -0.01551842749589481, -0.012958523598896342], [-0.015518427495894807, 0.005164594785287372, -0.0009069397575689154], [-0.012958523598896342, -0.0009069397575689152, 0.011463192275321065]], "chi2_level": 0.99, "chi2_df": 3, "chi2_threshold": 11.344866730144373, "N_raw": 67, "N_roi": 67, "N_inlier": 64, "refit": true}
{"timestamp": "20:04:14.130043", "frame": 19, "mu": [-1.1211443365147729, 0.4606167302763724, 1.479985422310371], "Sigma": [[0.0064691530873128905, 0.0019252793643080733, 0.001395955343089604], [0.0019252793643080733, 0.005657049367925437, -0.003125888378779031], [0.001395955343089604, -0.003125888378779031, 0.006725223045342594]], "chi2_level": 0.99, "chi2_df": 3, "chi2_threshold": 11.344866730144373, "N_raw": 61, "N_roi": 61, "N_inlier": 61, "refit": true}
{"timestamp": "20:04:14.187456", "frame": 20, "mu": [-1.1128561639094898, 0.404411946554457, 1.4160292851155944], "Sigma": [[0.007004705058351708, 0.004437923844247873, 0.000304075168080462], [0.004437923844247873, 0.004966272432749824, -0.0029843062178908303], [0.00030407516808046155, -0.0029843062178908303, 0.013526603158077122]], "chi2_level": 0.99, "chi2_df": 3, "chi2_threshold": 11.344866730144373, "N_raw": 72, "N_roi": 72, "N_inlier": 67, "refit": true}
{"timestamp": "20:04:14.244320", "frame": 21, "mu": [-1.0326994776774565, 0.5476140299315165, 1.40775656355298], "Sigma": [[0.009329989172758431, 0.005195050018300252, -0.0022206188496288752], [0.005195050018300252, 0.00626770833657992, -0.004442819055497248], [-0.002220618849628875, -0.004442819055497248, 0.014265544964398946]], "chi2_level": 0.99, "chi2_df": 3, "chi2_threshold": 11.344866730144373, "N_raw": 75, "N_roi": 75, "N_inlier": 73, "refit": true}
{"timestamp": "20:04:14.299395", "frame": 22, "mu": [-1.0112229696359791, 0.576013596315479, 1.4923346553975418], "Sigma": [[0.015548930457405756, 0.00876336164920811, 0.004156792044156367], [0.00876336164920811, 0.009481463128768674, 0.000733208346315083], [0.004156792044156367, 0.0007332083463150829, 0.007805130108690051]], "chi2_level": 0.99, "chi2_df": 3, "chi2_threshold": 11.344866730144373, "N_raw": 85, "N_roi": 85, "N_inlier": 83, "refit": true}
{"timestamp": "20:04:14.354443", "frame": 23, "mu": [-0.995800498774097, 0.6107533630450325, 1.5702111520664985], "Sigma": [[0.007286185821503258, 0.0019464553579624936, -0.001279568733853717], [0.0019464553579624936, 0.00398009318357202, -0.0039857668275217525], [-0.0012795687338537174, -0.003985766827521753, 0.006254957032455111]], "chi2_level": 0.99, "chi2_df": 3, "chi2_threshold": 11.344866730144373, "N_raw": 52, "N_roi": 52, "N_inlier": 51, "refit": true}
{"timestamp": "20:04:14.408411", "frame": 24, "mu": [-1.0621671789482283, 0.5649841019374405, 1.4696160063171857], "Sigma": [[0.010465522787499478, 0.005557946092200348, 0.0007155790406034086], [0.005557946092200348, 0.0059831070025645845, -0.003529688781159405], [0.0007155790406034086, -0.0035296887811594045, 0.008699973753167532]], "chi2_level": 0.99, "chi2_df": 3, "chi2_threshold": 11.344866730144373, "N_raw": 57, "N_roi": 57, "N_inlier": 54, "refit": true}
{"timestamp": "20:04:14.462383", "frame": 25, "mu": [-0.9233704954813793, 0.6967473759954385, 1.494943842346812], "Sigma": [[0.024103830166955977, 0.008690436974521078, -0.013678776821141193], [0.008690436974521076, 0.005471158760398261, -0.006655058938230628], [-0.013678776821141193, -0.006655058938230627, 0.02100796940978255]], "chi2_level": 0.99, "chi2_df": 3, "chi2_threshold": 11.344866730144373, "N_raw": 53, "N_roi": 53, "N_inlier": 50, "refit": true}
{"timestamp": "20:04:14.520028", "frame": 26, "mu": [-0.9867075507746533, 0.7335688128979717, 1.6919900482972108], "Sigma": [[0.015324323325471317, 0.005687290578140801, -0.015841188483375245], [0.005687290578140801, 0.007687417635436003, -0.011027794194178413], [-0.015841188483375245, -0.011027794194178413, 0.02618834984363344]], "chi2_level": 0.99, "chi2_df": 3, "chi2_threshold": 11.344866730144373, "N_raw": 64, "N_roi": 64, "N_inlier": 60, "refit": true}
{"timestamp": "20:04:14.571126", "frame": 27, "mu": [-0.7861416287660682, 0.8254689689291159, 1.2396133796836355], "Sigma": [[0.06338853225785279, 0.02364173352332246, -0.09498096811847817], [0.02364173352332246, 0.016605317063753365, -0.05034548429330346], [-0.09498096811847817, -0.05034548429330346, 0.25563133231840784]], "chi2_level": 0.99, "chi2_df": 3, "chi2_threshold": 11.344866730144373, "N_raw": 36, "N_roi": 36, "N_inlier": 35, "refit": true}
{"timestamp": "20:04:14.630675", "frame": 28, "mu": [-0.6271919079158771, 0.8920996034107956, 1.0360168789139803], "Sigma": [[0.03142318327683627, 0.008585891384358939, -0.049625312113305495], [0.008585891384358939, 0.005317506513104239, -0.009578476580560897], [-0.049625312113305495, -0.009578476580560897, 0.11384777170159881]], "chi2_level": 0.99, "chi2_df": 3, "chi2_threshold": 11.344866730144373, "N_raw": 62, "N_roi": 62, "N_inlier": 59, "refit": true}
{"timestamp": "20:04:14.687573", "frame": 29, "mu": [-0.55508676129779, 1.045230887676861, 1.407649066188828], "Sigma": [[0.004969347288516425, -0.0027484452553025686, -0.0020921332487330545], [-0.0027484452553025686, 0.004703370758445842, -0.0014849222979055063], [-0.0020921332487330545, -0.001484922297905506, 0.01219256613932125]], "chi2_level": 0.99, "chi2_df": 3, "chi2_threshold": 11.344866730144373, "N_raw": 84, "N_roi": 83, "N_inlier": 80, "refit": true}
{"timestamp": "20:04:14.735766", "frame": 30, "mu": [-0.47074839136421665, 1.050491522019527, 1.3791682948366801], "Sigma": [[0.0028481415059652022, -0.002174003887004986, -0.0070528075042318], [-0.002174003887004986, 0.0032006219246184736, 0.007419973587171589], [-0.007052807504231799, 0.007419973587171589, 0.03297725217491196]], "chi2_level": 0.99, "chi2_df": 3, "chi2_threshold": 11.344866730144373, "N_raw": 42, "N_roi": 42, "N_inlier": 39, "refit": true}
{"timestamp": "20:04:14.795045", "frame": 31, "mu": [-0.4443558983404361, 1.1685820120277568, 1.4669315468978994], "Sigma": [[0.00507744702949874, -0.0007342991225124072, -0.003578084022196824], [-0.0007342991225124071, 0.0037370943597874367, -0.0023203973624997703], [-0.003578084022196824, -0.0023203973624997703, 0.005650347668202292]], "chi2_level": 0.99, "chi2_df": 3, "chi2_threshold": 11.344866730144373, "N_raw": 73, "N_roi": 73, "N_inlier": 71, "refit": true}
{"timestamp": "20:04:14.849717", "frame": 32, "mu": [-0.3823930116484963, 1.2013193107954545, 1.488161536360583], "Sigma": [[0.004623950377990031, -0.0017873856952300461, -0.0038150725007669818], [-0.0017873856952300461, 0.004349582930936958, -0.0006769932629732463], [-0.0038150725007669818, -0.0006769932629732463, 0.00603240918842243]], "chi2_level": 0.99, "chi2_df": 3, "chi2_threshold": 11.344866730144373, "N_raw": 70, "N_roi": 70, "N_inlier": 67, "refit": true}
{"timestamp": "20:04:14.908577", "frame": 33, "mu": [-0.36852971437050003, 1.2078657827994523, 0.964363778584254], "Sigma": [[0.014406395404030594, -0.006446427708787544, 0.06089756791917677], [-0.006446427708787544, 0.011182252524826712, -0.027303792860289614], [0.06089756791917677, -0.027303792860289614, 0.41927570038686146]], "chi2_level": 0.99, "chi2_df": 3, "chi2_threshold": 11.344866730144373, "N_raw": 91, "N_roi": 91, "N_inlier": 90, "refit": true}
{"timestamp": "20:04:14.963594", "frame": 34, "mu": [-0.32203590053593023, 1.3777260525047208, -0.12920132750638094], "Sigma": [[0.0051021677754909565, -0.005559606777263984, 0.02447381487913896], [-0.005559606777263984, 0.015724157224050645, -0.05193813239492052], [0.02447381487913896, -0.05193813239492052, 0.32756027125718173]], "chi2_level": 0.99, "chi2_df": 3, "chi2_threshold": 11.344866730144373, "N_raw": 94, "N_roi": 94, "N_inlier": 93, "refit": true}
{"timestamp": "20:04:15.021266", "frame": 35, "mu": [-0.2712371356747023, 1.3003182173715224, 1.3505620504179632], "Sigma": [[0.006825673092278707, -0.0015754195122073618, -0.007232370398409033], [-0.001575419512207362, 0.0024029973018286433, 0.000819534674019909], [-0.007232370398409033, 0.000819534674019909, 0.03928076089992196]], "chi2_level": 0.99, "chi2_df": 3, "chi2_threshold": 11.344866730144373, "N_raw": 106, "N_roi": 106, "N_inlier": 102, "refit": true}
{"timestamp": "20:04:15.075823", "frame": 36, "mu": [-0.24117666954830871, 1.490541918379469, -0.26064952765838856], "Sigma": [[0.007594365164896438, -0.003585723005002651, 0.006245789675405554], [-0.003585723005002651, 0.006249015248049178, -0.011933941033998582], [0.006245789675405555, -0.011933941033998585, 0.06361235021066527]], "chi2_level": 0.99, "chi2_df": 3, "chi2_threshold": 11.344866730144373, "N_raw": 101, "N_roi": 101, "N_inlier": 97, "refit": true}
{"timestamp": "20:04:15.134485", "frame": 37, "mu": [-0.16553176928341823, 1.551948925989949, -0.3158516445566137], "Sigma": [[0.00827410720028263, -0.003257864970183777, 0.010593495428009109], [-0.003257864970183777, 0.009160179936370201, -0.015203590159659735], [0.010593495428009109, -0.015203590159659735, 0.07853889637839974]], "chi2_level": 0.99, "chi2_df": 3, "chi2_threshold": 11.344866730144373, "N_raw": 131, "N_roi": 131, "N_inlier": 128, "refit": true}
{"timestamp": "20:04:15.191758", "frame": 38, "mu": [-0.17936337618939183, 1.6616546508618468, -0.5196939376849019], "Sigma": [[0.01649237261643946, -0.0128434737027594, 0.0461390192790615], [-0.0128434737027594, 0.01950719611871628, -0.06486838176858971], [0.04613901927906149, -0.06486838176858971, 0.25917995694412904]], "chi2_level": 0.99, "chi2_df": 3, "chi2_threshold": 11.344866730144373, "N_raw": 140, "N_roi": 140, "N_inlier": 136, "refit": true}
{"timestamp": "20:04:15.245799", "frame": 39, "mu": [-0.1043705652127919, 1.4830303432876621, 0.9929746291513369], "Sigma": [[0.025555886387075122, -0.002505532622501399, 0.06356005693409407], [-0.0025055326225014, 0.0038832175917661482, 0.001450114800719385], [0.06356005693409407, 0.001450114800719385, 0.2613277987317049]], "chi2_level": 0.99, "chi2_df": 3, "chi2_threshold": 11.344866730144373, "N_raw": 132, "N_roi": 132, "N_inlier": 129, "refit": true}
{"timestamp": "20:04:15.300555", "frame": 40, "mu": [-0.001876811016064052, 1.6265523341653703, -0.7130400698893663], "Sigma": [[0.013056280190469635, 0.0012277668908978244, 0.043160408957496385], [0.0012277668908978246, 0.013109060342175407, -0.007605367332019025], [0.0431604089574964, -0.007605367332019027, 0.3136269704299465]], "chi2_level": 0.99, "chi2_df": 3, "chi2_threshold": 11.344866730144373, "N_raw": 131, "N_roi": 130, "N_inlier": 129, "refit": true}
{"timestamp": "20:04:15.357496", "frame": 41, "mu": [0.03973369573136073, 1.5157331206738711, 0.962241753508242], "Sigma": [[0.008300434412085675, -0.00455634983806031, 0.01959919762337045], [-0.00455634983806031, 0.007721031763324963, -0.017806381658553548], [0.019599197623370448, -0.017806381658553548, 0.14470795789135674]], "chi2_level": 0.99, "chi2_df": 3, "chi2_threshold": 11.344866730144373, "N_raw": 116, "N_roi": 116, "N_inlier": 114, "refit": true}
{"timestamp": "20:04:15.399316", "frame": 42, "mu": [0.13017845746333706, 1.5346149349279898, 1.1560792192555303], "Sigma": [[0.003456209057827955, -0.0013268322969836178, -0.007636101118346275], [-0.0013268322969836178, 0.002768212736815195, -0.0011208266262970122], [-0.007636101118346275, -0.0011208266262970122, 0.05317089507637744]], "chi2_level": 0.99, "chi2_df": 3, "chi2_threshold": 11.344866730144373, "N_raw": 62, "N_roi": 62, "N_inlier": 58, "refit": true}
{"timestamp": "20:04:15.451533", "frame": 43, "mu": [0.19513030317353586, 1.561860926117477, 1.2352724371057775], "Sigma": [[0.002688287494430908, -0.0009779344178573262, -0.005047705614469455], [-0.0009779344178573262, 0.0039856276110740215, 0.007667729870512068], [-0.005047705614469455, 0.007667729870512068, 0.15239911951358198]], "chi2_level": 0.99, "chi2_df": 3, "chi2_threshold": 11.344866730144373, "N_raw": 39, "N_roi": 38, "N_inlier": 34, "refit": true}
{"timestamp": "20:04:15.508142", "frame": 44, "mu": [0.1735911186222516, 1.7342077390916417, 1.089815376564252], "Sigma": [[0.008180957512478602, -0.0052971881609227564, -0.023478915528925566], [-0.005297188160922757, 0.006258949513346564, 0.015280821994878182], [-0.023478915528925563, 0.015280821994878182, 0.13707742303634712]], "chi2_level": 0.99, "chi2_df": 3, "chi2_threshold": 11.344866730144373, "N_raw": 51, "N_roi": 48, "N_inlier": 45, "refit": true}
{"timestamp": "20:04:15.562667", "frame": 45, "mu": [0.27551052008798466, 1.7370731937267883, 1.3623688422914209], "Sigma": [[0.004065055857301543, 0.0005101879163511224, -0.004338999535053201], [0.0005101879163511224, 0.004180675946811448, -0.0030959667096100586], [-0.004338999535053201, -0.003095966709610059, 0.007892149524373778]], "chi2_level": 0.99, "chi2_df": 3, "chi2_threshold": 11.344866730144373, "N_raw": 56, "N_roi": 56, "N_inlier": 51, "refit": true}
{"timestamp": "20:04:15.617887", "frame": 46, "mu": [0.28475870543778786, 1.8107803073747923, 1.4161306065606698], "Sigma": [[0.005167186404385008, -0.002019397931413343, -0.0022137633286654426], [-0.002019397931413343, 0.0067225010771390144, 0.0007687130292060101], [-0.0022137633286654426, 0.0007687130292060101, 0.0013366348844450883]], "chi2_level": 0.99, "chi2_df": 3, "chi2_threshold": 11.344866730144373, "N_raw": 59, "N_roi": 59, "N_inlier": 55, "refit": true}
{"timestamp": "20:04:15.675904", "frame": 47, "mu": [0.3467933979747598, 1.8230301508778965, 1.3324833949503523], "Sigma": [[0.004966748759624689, 0.00175210765024777, 0.003828741893793941], [0.00175210765024777, 0.006685160049722012, 0.003717703891295404], [0.003828741893793941, 0.003717703891295403, 0.0608825861215002]], "chi2_level": 0.99, "chi2_df": 3, "chi2_threshold": 11.344866730144373, "N_raw": 66, "N_roi": 66, "N_inlier": 61, "refit": true}
{"timestamp": "20:04:15.728801", "frame": 48, "mu": [0.3932016592884368, 1.817871553839423, 1.043458462142403], "Sigma": [[0.015394889182889096, 0.007729601157247845, 0.049354272291331595], [0.007729601157247845, 0.009720946939375481, 0.03522043608444444], [0.0493542722913316, 0.03522043608444444, 0.23141502041220613]], "chi2_level": 0.99, "chi2_df": 3, "chi2_threshold": 11.344866730144373, "N_raw": 64, "N_roi": 64, "N_inlier": 60, "refit": true}
{"timestamp": "20:04:15.784971", "frame": 49, "mu": [0.44038960889193707, 1.9937228051834506, 1.3289875151300379], "Sigma": [[0.01093945334883731, -0.003938922993929294, 0.016888023603761456], [-0.003938922993929294, 0.004962038532968434, -0.0035003242269525344], [0.016888023603761453, -0.003500324226952535, 0.18124129630863942]], "chi2_level": 0.99, "chi2_df": 3, "chi2_threshold": 11.344866730144373, "N_raw": 65, "N_roi": 65, "N_inlier": 63, "refit": true}
{"timestamp": "20:04:15.842644", "frame": 50, "mu": [0.517726526065128, 1.9972377873138578, 1.237682961685528], "Sigma": [[0.008453393059372996, -0.004908852395734539, 0.0099268619577481], [-0.00490885239573454, 0.00828842785543378, -0.014248731199789722], [0.0099268619577481, -0.014248731199789722, 0.0455189781852785]], "chi2_level": 0.99, "chi2_df": 3, "chi2_threshold": 11.344866730144373, "N_raw": 91, "N_roi": 91, "N_inlier": 87, "refit": true}
{"timestamp": "20:04:15.896007", "frame": 51, "mu": [0.5618447311752676, 2.042014505594178, 1.430118263877582], "Sigma": [[0.006583399614129132, -0.0027275118114315567, -0.013570996377177968], [-0.002727511811431557, 0.005813918621255187, 0.003420899393963326], [-0.013570996377177964, 0.003420899393963326, 0.056827383456624796]], "chi2_level": 0.99, "chi2_df": 3, "chi2_threshold": 11.344866730144373, "N_raw": 65, "N_roi": 65, "N_inlier": 59, "refit": true}
{"timestamp": "20:04:15.945841", "frame": 52, "mu": [0.6269966519740835, 2.060537097135812, 1.4060498952666023], "Sigma": [[0.0055502384703149865, -0.0030672809939480067, -0.007551654065145572], [-0.0030672809939480067, 0.005309616257721326, 0.013786812261659582], [-0.007551654065145572, 0.013786812261659582, 0.14747620907851378]], "chi2_level": 0.99, "chi2_df": 3, "chi2_threshold": 11.344866730144373, "N_raw": 43, "N_roi": 43, "N_inlier": 39, "refit": true}
{"timestamp": "20:04:16.006373", "frame": 53, "mu": [0.6400114591922716, 2.186487516013834, -0.48752182755338846], "Sigma": [[0.008127908795563393, -0.0006308316643829197, 0.02599868704267871], [-0.0006308316643829199, 0.004899838817181396, -0.0031459043457454754], [0.02599868704267871, -0.0031459043457454754, 0.15197361773894993]], "chi2_level": 0.99, "chi2_df": 3, "chi2_threshold": 11.344866730144373, "N_raw": 72, "N_roi": 72, "N_inlier": 68, "refit": true}
{"timestamp": "20:04:16.057743", "frame": 54, "mu": [0.7209014068910421, 2.1472800746568543, 0.9317370581067465], "Sigma": [[0.005348250665069381, -0.0017879266561174666, -0.009062991043454871], [-0.0017879266561174664, 0.004402905298033816, -0.010655374946286031], [-0.009062991043454871, -0.010655374946286033, 0.15352105013566855]], "chi2_level": 0.99, "chi2_df": 3, "chi2_threshold": 11.344866730144373, "N_raw": 29, "N_roi": 29, "N_inlier": 27, "refit": true}
{"timestamp": "20:04:16.113658", "frame": 55, "mu": [0.7908900820802557, 2.1920674104083484, 1.0143702047231289], "Sigma": [[0.011563794799045278, 0.0010222507054245748, 0.03457515743326811], [0.0010222507054245746, 0.003068504600235451, 0.015574964081724579], [0.034575157433268104, 0.015574964081724579, 0.2507087066047489]], "chi2_level": 0.99, "chi2_df": 3, "chi2_threshold": 11.344866730144373, "N_raw": 64, "N_roi": 63, "N_inlier": 61, "refit": true}
{"timestamp": "20:04:16.171726", "frame": 56, "mu": [0.8968064411003894, 2.269711553824835, -0.2995144463989654], "Sigma": [[0.014560360130253441, 0.002003580540311608, 0.08712184509093641], [0.002003580540311608, 0.011261428453773122, -0.003366544770644808], [0.08712184509093643, -0.0033665447706448053, 0.740214780917187]], "chi2_level": 0.99, "chi2_df": 3, "chi2_threshold": 11.344866730144373, "N_raw": 83, "N_roi": 83, "N_inlier": 81, "refit": true}
{"timestamp": "20:04:16.219260", "frame": 57, "mu": [0.8231359738820683, 2.209864211915389, 0.43343627828139775], "Sigma": [[0.020148138471040043, 0.006340795447689191, 0.013638828442485002], [0.006340795447689191, 0.0033154088559116226, 0.01314478345845024], [0.013638828442485002, 0.01314478345845024, 0.22412681971284823]], "chi2_level": 0.99, "chi2_df": 3, "chi2_threshold": 11.344866730144373, "N_raw": 26, "N_roi": 26, "N_inlier": 25, "refit": true}
{"timestamp": "20:04:16.280604", "frame": 58, "mu": [0.9257098443968758, 2.4106715245739396, -0.4463573222958648], "Sigma": [[0.01833597648398031, 0.003268655861052042, 0.06738128888623392], [0.003268655861052041, 0.012087335772935645, 0.013582396303879769], [0.06738128888623393, 0.013582396303879767, 0.5539838971497033]], "chi2_level": 0.99, "chi2_df": 3, "chi2_threshold": 11.344866730144373, "N_raw": 70, "N_roi": 70, "N_inlier": 68, "refit": true}
{"timestamp": "20:04:16.330983", "frame": 59, "mu": [1.053614285902747, 2.373340497240462, 1.4445889753172059], "Sigma": [[0.008508084377684058, -0.00229669867814396, -0.0025523305751112197], [-0.00229669867814396, 0.0037194741555283107, -0.00020579232180940806], [-0.0025523305751112197, -0.000205792321809408, 0.00699328868293546]], "chi2_level": 0.99, "chi2_df": 3, "chi2_threshold": 11.344866730144373, "N_raw": 40, "N_roi": 40, "N_inlier": 38, "refit": true}
{"timestamp": "20:04:16.385777", "frame": 60, "mu": [1.0904441207992994, 2.392375700774526, 1.2905511494983775], "Sigma": [[0.008122684650068377, -0.0038797144405654455, -0.0018680542371348856], [-0.0038797144405654455, 0.003565709928571876, -0.0021782358993822134], [-0.001868054237134886, -0.0021782358993822134, 0.017522434978056063]], "chi2_level": 0.99, "chi2_df": 3, "chi2_threshold": 11.344866730144373, "N_raw": 43, "N_roi": 43, "N_inlier": 40, "refit": true}
{"timestamp": "20:04:16.439439", "frame": 61, "mu": [1.1326086635248842, 2.576797990900131, -0.18093368930836762], "Sigma": [[0.006860651984300662, -0.0017559162474467252, -0.011481174457777642], [-0.0017559162474467247, 0.02293718271612398, -0.06308006578828207], [-0.011481174457777644, -0.06308006578828207, 0.2656423265891734]], "chi2_level": 0.99, "chi2_df": 3, "chi2_threshold": 11.344866730144373, "N_raw": 30, "N_roi": 30, "N_inlier": 29, "refit": true}
{"timestamp": "20:04:16.497707", "frame": 62, "mu": [1.2155096173302011, 2.477027820540689, 1.2163893483489836], "Sigma": [[0.008555423178770793, -0.0045923909158022864, -0.0040485656632069265], [-0.0045923909158022864, 0.006456385454932661, -0.0011114638240079149], [-0.0040485656632069265, -0.001111463824007915, 0.006142274229277948]], "chi2_level": 0.99, "chi2_df": 3, "chi2_threshold": 11.344866730144373, "N_raw": 48, "N_roi": 47, "N_inlier": 44, "refit": true}
{"timestamp": "20:04:16.549754", "frame": 63, "mu": [1.2130470544755276, 2.503682222830903, 1.3243847563877857], "Sigma": [[0.005946072652673499, -0.008683380620778692, -0.01321048027053927], [-0.00868338062077869, 0.10991741611884993, 0.16513008866002224], [-0.01321048027053927, 0.16513008866002224, 0.26327017585222867]], "chi2_level": 0.99, "chi2_df": 3, "chi2_threshold": 11.344866730144373, "N_raw": 31, "N_roi": 28, "N_inlier": 26, "refit": true}
{"timestamp": "20:04:16.603589", "frame": 64, "mu": [1.2125470308663204, 2.6643447537993916, 1.3367913271269483], "Sigma": [[0.008457502484832263, -0.004419520677652018, -0.008651720396060585], [-0.004419520677652018, 0.0035431150834660057, 0.006135793937937765], [-0.008651720396060585, 0.006135793937937765, 0.03361283379005675]], "chi2_level": 0.99, "chi2_df": 3, "chi2_threshold": 11.344866730144373, "N_raw": 30, "N_roi": 26, "N_inlier": 24, "refit": true}
{"timestamp": "20:04:16.655336", "frame": 65, "mu": [1.3131945248249766, 2.5869482425670043, 0.8307074814951685], "Sigma": [[0.002037674335919116, -0.0019790792770864474, -0.014526592656440709], [-0.0019790792770864474, 0.007305232902307653, 0.027203855280162535], [-0.014526592656440709, 0.027203855280162538, 0.16930090793566485]], "chi2_level": 0.99, "chi2_df": 3, "chi2_threshold": 11.344866730144373, "N_raw": 10, "N_roi": 9, "N_inlier": 9, "refit": true}
{"timestamp": "20:04:16.712727", "frame": 66, "mu": [1.3035924508102972, 2.6439581520627633, 0.5565356953258294], "Sigma": [[0.005948467452051639, -0.0036885602693382015, -0.006700100100785183], [-0.0036885602693382015, 0.006273637808203651, 0.01526922937211965], [-0.0067001001007851845, 0.01526922937211965, 0.07203601923419595]], "chi2_level": 0.99, "chi2_df": 3, "chi2_threshold": 11.344866730144373, "N_raw": 21, "N_roi": 20, "N_inlier": 19, "refit": true}
{"timestamp": "20:04:16.765923", "frame": 67, "mu": [1.3542630763626453, 2.5847482362270275, 0.8356164589900708], "Sigma": [[0.00809205102351578, -0.06463607561317518, -0.0679759142647538], [-0.06463607561317516, 0.5591232915290437, 0.5512585440631917], [-0.0679759142647538, 0.5512585440631917, 0.6211032800566844]], "chi2_level": 0.99, "chi2_df": 3, "chi2_threshold": 11.344866730144373, "N_raw": 7, "N_roi": 7, "N_inlier": 7, "refit": true}
{"timestamp": "20:04:16.820837", "frame": 68, "mu": [1.415415222286991, 3.0021298125417664, -0.11991947966559685], "Sigma": [[0.003247852571414736, 0.005445965269196506, -0.027009225296817128], [0.005445965269196508, 0.013361168827886518, -0.048618231096647604], [-0.02700922529681713, -0.048618231096647604, 0.23137447878465264]], "chi2_level": 0.99, "chi2_df": 3, "chi2_threshold": 11.344866730144373, "N_raw": 7, "N_roi": 7, "N_inlier": 7, "refit": true}
{"timestamp": "20:04:16.876407", "frame": 69, "mu": [1.5259097658640983, 2.903557295695734, 1.0583842726272372], "Sigma": [[0.0041432814013346465, -0.0034744365205214775, -0.0004848437115132011], [-0.0034744365205214775, 0.004961814863954895, -0.002035146212243161], [-0.0004848437115132011, -0.0020351462122431604, 0.006698044527093132]], "chi2_level": 0.99, "chi2_df": 3, "chi2_threshold": 11.344866730144373, "N_raw": 14, "N_roi": 12, "N_inlier": 10, "refit": true}
{"timestamp": "20:04:16.930947", "frame": 70, "mu": [1.4779606306020465, 3.0310912634369336, 1.1411768765811123], "Sigma": [[0.001948201701350458, 0.0008031132725824404, -0.006115398734709541], [0.0008031132725824405, 0.006125956155927293, -0.019012899537004187], [-0.006115398734709541, -0.019012899537004184, 0.07167217124916052]], "chi2_level": 0.99, "chi2_df": 3, "chi2_threshold": 11.344866730144373, "N_raw": 9, "N_roi": 9, "N_inlier": 8, "refit": true}
{"timestamp": "20:04:17.040680", "frame": 72, "mu": [1.7622710289980974, 2.900620909522335, 0.35244263499757394], "Sigma": [[0.004098124773805514, -0.0022028846322772575, -0.008239470765950663], [-0.002202884632277257, 0.0025450683404918237, 0.008855930265247692], [-0.008239470765950663, 0.008855930265247692, 0.05115922929353993]], "chi2_level": 0.99, "chi2_df": 3, "chi2_threshold": 11.344866730144373, "N_raw": 11, "N_roi": 11, "N_inlier": 11, "refit": true}
{"timestamp": "20:04:17.095103", "frame": 73, "mu": [1.6670959164897599, 3.0349155882775043, 1.0999500290006519], "Sigma": [[0.0029099280870852986, -0.00029071866786739965, -0.019033787554275587], [-0.00029071866786739954, 0.0008224347761162534, 0.0060709308948545815], [-0.019033787554275587, 0.006070930894854582, 0.162669908916758]], "chi2_level": 0.99, "chi2_df": 3, "chi2_threshold": 11.344866730144373, "N_raw": 7, "N_roi": 7, "N_inlier": 7, "refit": true}
{"timestamp": "20:04:17.150017", "frame": 74, "mu": [1.6466373011065605, 3.101831788836939, 1.1600763234758873], "Sigma": [[0.0015589226190963982, 0.0007082486551032997, -0.009304400529506289], [0.0007082486551032997, 0.0016826681698393733, 0.002658194450376243], [-0.009304400529506289, 0.002658194450376243, 0.10926199735051928]], "chi2_level": 0.99, "chi2_df": 3, "chi2_threshold": 11.344866730144373, "N_raw": 6, "N_roi": 6, "N_inlier": 6, "refit": true}
{"timestamp": "20:04:17.205409", "frame": 75, "mu": [1.6041276519474228, 2.943675769577951, -0.5465496822626317], "Sigma": [[0.19930177992803433, 0.38704067200282255, -0.06125072978380902], [0.3870406720028226, 0.7525739891343827, -0.11321126316437354], [-0.06125072978380902, -0.11321126316437352, 0.05952684985733957]], "chi2_level": 0.99, "chi2_df": 3, "chi2_threshold": 11.344866730144373, "N_raw": 7, "N_roi": 7, "N_inlier": 7, "refit": true}
{"timestamp": "20:04:17.260130", "frame": 76, "mu": [1.6283442469952307, 2.8964855878111484, 0.8540581408054819], "Sigma": [[0.21155316621034315, 0.3866100512980737, -0.14838835129952255], [0.38661005129807374, 0.7189362708299396, -0.2412364993276914], [-0.14838835129952255, -0.2412364993276914, 0.17762806656712016]], "chi2_level": 0.99, "chi2_df": 3, "chi2_threshold": 11.344866730144373, "N_raw": 7, "N_roi": 7, "N_inlier": 7, "refit": true}
{"timestamp": "20:04:17.315529", "frame": 77, "mu": [1.8434166051361163, 3.342239760536884, 0.0817540925434041], "Sigma": [[0.0006288753478327898, 0.002307759989531396, -0.006281493941016257], [0.002307759989531396, 0.012910630052555315, -0.033102959066066015], [-0.006281493941016257, -0.033102959066066015, 0.1002600164794481]], "chi2_level": 0.99, "chi2_df": 3, "chi2_threshold": 11.344866730144373, "N_raw": 6, "N_roi": 6, "N_inlier": 6, "refit": true}
{"timestamp": "20:04:17.370076", "frame": 78, "mu": [1.880223390362003, 3.2978471734127695, 1.3749665973486578], "Sigma": [[0.0014063637015145419, 0.0011118883706813661, -0.005721129941278577], [0.0011118883706813664, 0.0024201547016980134, -0.007521243522952964], [-0.005721129941278577, -0.007521243522952964, 0.033063967892342616]], "chi2_level": 0.99, "chi2_df": 3, "chi2_threshold": 11.344866730144373, "N_raw": 6, "N_roi": 5, "N_inlier": 5, "refit": true}
{"timestamp": "20:04:17.424425", "frame": 79, "mu": [1.9313200035369054, 3.3569101890541644, 1.3629575668996743], "Sigma": [[0.0011219023259600304, 0.0017150238452325964, -0.0048911132708003655], [0.0017150238452325964, 0.002818119244738053, -0.00803643236357465], [-0.0048911132708003655, -0.00803643236357465, 0.025927415052738583]], "chi2_level": 0.99, "chi2_df": 3, "chi2_threshold": 11.344866730144373, "N_raw": 5, "N_roi": 5, "N_inlier": 5, "refit": true}
{"timestamp": "20:04:17.480363", "frame": 80, "mu": [1.7765975869876363, 3.058073410420623, 1.3372598427074018], "Sigma": [[0.29982053040398454, 0.5421699965816297, -0.08752321387632936], [0.5421699965816296, 0.9858428703852254, -0.17618748753988214], [-0.08752321387632936, -0.17618748753988223, 0.08836208149235349]], "chi2_level": 0.99, "chi2_df": 3, "chi2_threshold": 11.344866730144373, "N_raw": 9, "N_roi": 6, "N_inlier": 6, "refit": true}
{"timestamp": "20:04:17.535636", "frame": 81, "mu": [1.8290748800039143, 3.0476767093608212, 1.1233819855034455], "Sigma": [[0.36835870912582114, 0.5986602524526381, -0.17507502731575952], [0.5986602524526381, 1.062986620477138, -0.2068355852919694], [-0.1750750273157595, -0.2068355852919694, 0.15368299868932941]], "chi2_level": 0.99, "chi2_df": 3, "chi2_threshold": 11.344866730144373, "N_raw": 6, "N_roi": 6, "N_inlier": 6, "refit": true}
{"timestamp": "20:04:17.591482", "frame": 82, "mu": [1.9245934822962771, 3.5270112786758028, 1.5110678428285027], "Sigma": [[0.004080270562633188, -0.000803206379812946, -0.001307916340455493], [-0.000803206379812946, 0.003390073299759045, -0.0033804858191668176], [-0.001307916340455493, -0.0033804858191668176, 0.005899785681327041]], "chi2_level": 0.99, "chi2_df": 3, "chi2_threshold": 11.344866730144373, "N_raw": 13, "N_roi": 10, "N_inlier": 10, "refit": true}
{"timestamp": "20:04:17.644790", "frame": 83, "mu": [2.0490625704495145, 3.555667139702833, 1.4010941456647419], "Sigma": [[0.013547531975153794, -0.003256635004443788, -0.03382723504163722], [-0.003256635004443788, 0.0021216415816868533, 0.014220663139110464], [-0.03382723504163721, 0.014220663139110464, 0.1136493959357878]], "chi2_level": 0.99, "chi2_df": 3, "chi2_threshold": 11.344866730144373, "N_raw": 5, "N_roi": 5, "N_inlier": 5, "refit": true}
{"timestamp": "20:04:18.196998", "frame": 93, "mu": [2.2465774751671046, 3.53640211018124, 1.4817738247351082], "Sigma": [[0.46037192348629524, 0.7104205267456208, -0.13525695778002134], [0.7104205267456208, 1.0980069108764483, -0.21406435177411276], [-0.13525695778002136, -0.21406435177411273, 0.07189469631783063]], "chi2_level": 0.99, "chi2_df": 3, "chi2_threshold": 11.344866730144373, "N_raw": 14, "N_roi": 7, "N_inlier": 7, "refit": true}
