{"timestamp": "19:26:50.424691", "frame": 1, "mu": [-2.4022127880824575, 3.5917410288287734, 0.8310742555768353], "Sigma": [[0.0031765367905675964, 0.0029051030590772574, -0.002776509826662131], [0.002905103059077257, 0.006696971655187875, -0.002978269229943573], [-0.0027765098266621315, -0.0029782692299435724, 0.004024977968269441]], "chi2_level": 0.99, "chi2_df": 3, "chi2_threshold": 11.344866730144373, "N_raw": 20, "N_roi": 12, "N_inlier": 11, "refit": true}
{"timestamp": "19:26:50.480365", "frame": 2, "mu": [-2.3524354501851965, 3.638925149772937, 0.1311113784713068], "Sigma": [[0.009515613638586714, 0.003977296697351813, 0.0010041222367382664], [0.003977296697351813, 0.005930859114061866, -0.006767721537772893], [0.0010041222367382664, -0.006767721537772893, 0.014134498922620002]], "chi2_level": 0.99, "chi2_df": 3, "chi2_threshold": 11.344866730144373, "N_raw": 28, "N_roi": 18, "N_inlier": 18, "refit": true}
{"timestamp": "19:26:50.537540", "frame": 3, "mu": [-2.34972233756004, 3.5797919168323498, 1.220563066650405], "Sigma": [[0.008548698897025003, 0.003589988242046887, -0.0051259634510077215], [0.003589988242046887, 0.004754836085779695, -0.005142010293475172], [-0.005125963451007721, -0.005142010293475172, 0.007307599287586647]], "chi2_level": 0.99, "chi2_df": 3, "chi2_threshold": 11.344866730144373, "N_raw": 40, "N_roi": 24, "N_inlier": 23, "refit": true}
{"timestamp": "19:26:50.589894", "frame": 4, "mu": [-2.3952376461578107, 3.58990802988538, -0.5820986980366626], "Sigma": [[0.0046166924196113105, 0.006656843598703638, 0.020185215634966867], [0.006656843598703638, 0.01602254270118339, 0.04645160879360541], [0.020185215634966867, 0.04645160879360541, 0.17394185158249184]], "chi2_level": 0.99, "chi2_df": 3, "chi2_threshold": 11.344866730144373, "N_raw": 23, "N_roi": 13, "N_inlier": 13, "refit": true}
{"timestamp": "19:26:50.647451", "frame": 5, "mu": [-2.3366589013981733, 3.534400047611978, 0.997395068039179], "Sigma": [[0.01103827818969111, 0.004422407555408073, -0.0018647662295755679], [0.004422407555408073, 0.002832618444535989, -0.004834552009762266], [-0.0018647662295755674, -0.004834552009762266, 0.02310409584569806]], "chi2_level": 0.99, "chi2_df": 3, "chi2_threshold": 11.344866730144373, "N_raw": 41, "N_roi": 27, "N_inlier": 26, "refit": true}
{"timestamp": "19:26:50.701532", "frame": 6, "mu": [-2.3757753753988107, 3.5532609304639724, 1.0513522670002373], "Sigma": [[0.006838150616788246, 0.0016387207723497622, -0.0005029208072818109], [0.0016387207723497625, 0.002336281708213816, -0.004442469722722716], [-0.000502920807281811, -0.004442469722722716, 0.012941042254460215]], "chi2_level": 0.99, "chi2_df": 3, "chi2_threshold": 11.344866730144373, "N_raw": 32, "N_roi": 20, "N_inlier": 19, "refit": true}
{"timestamp": "19:26:50.754796", "frame": 7, "mu": [-2.2478454319425145, 3.7084404687081607, 0.8844881982371383], "Sigma": [[0.009701808311091796, 0.0055658402802297524, -0.01023868902800198], [0.005565840280229753, 0.007740487337268444, -0.011893331449267136], [-0.010238689028001981, -0.011893331449267136, 0.021520286082535332]], "chi2_level": 0.99, "chi2_df": 3, "chi2_threshold": 11.344866730144373, "N_raw": 21, "N_roi": 21, "N_inlier": 19, "refit": true}
{"timestamp": "19:26:50.808279", "frame": 8, "mu": [-2.359770093748857, 3.582961746219677, 0.9899332717939288], "Sigma": [[0.012567200972137317, 0.007726568575322508, -0.0144328579483364], [0.00772656857532251, 0.011866629205244056, -0.012170593191574715], [-0.0144328579483364, -0.012170593191574715, 0.018549481086928124]], "chi2_level": 0.99, "chi2_df": 3, "chi2_threshold": 11.344866730144373, "N_raw": 8, "N_roi": 5, "N_inlier": 5, "refit": true}
{"timestamp": "19:26:50.867505", "frame": 9, "mu": [-2.264363120382418, 3.6784492707887733, 0.7894301205147207], "Sigma": [[0.016220647900093893, 0.009603291097510295, -0.012676084955249868], [0.009603291097510295, 0.009952073919710067, -0.01358014086183788], [-0.01267608495524987, -0.01358014086183788, 0.037510812378639215]], "chi2_level": 0.99, "chi2_df": 3, "chi2_threshold": 11.344866730144373, "N_raw": 33, "N_roi": 25, "N_inlier": 25, "refit": true}
{"timestamp": "19:26:50.920691", "frame": 10, "mu": [-2.2367826939602735, 3.698934970700038, 0.8195838859437389], "Sigma": [[0.023921243656915905, 0.02146321156234672, -0.03022102628870835], [0.02146321156234672, 0.02158177754302891, -0.02858350305081584], [-0.030221026288708347, -0.02858350305081584, 0.040536023748912714]], "chi2_level": 0.99, "chi2_df": 3, "chi2_threshold": 11.344866730144373, "N_raw": 12, "N_roi": 11, "N_inlier": 10, "refit": true}
{"timestamp": "19:26:50.977692", "frame": 11, "mu": [-2.275143501111731, 3.3197631992308962, 0.5541522218063], "Sigma": [[0.014869144364858396, 0.04752328172718052, 0.03960376764530715], [0.04752328172718052, 0.5111206633217616, 0.6213061424465762], [0.03960376764530715, 0.6213061424465761, 0.7981537599657512]], "chi2_level": 0.99, "chi2_df": 3, "chi2_threshold": 11.344866730144373, "N_raw": 22, "N_roi": 20, "N_inlier": 18, "refit": true}
{"timestamp": "19:26:51.036333", "frame": 12, "mu": [-2.2569957392842395, 3.618203399814458, 0.7860863323018847], "Sigma": [[0.022625498811141107, 0.011427630669619866, -0.020357759588844913], [0.011427630669619866, 0.013818970816992958, -0.014065442317737466], [-0.020357759588844913, -0.014065442317737466, 0.02298178710979235]], "chi2_level": 0.99, "chi2_df": 3, "chi2_threshold": 11.344866730144373, "N_raw": 53, "N_roi": 52, "N_inlier": 52, "refit": true}
{"timestamp": "19:26:51.086634", "frame": 13, "mu": [-2.0916454210107234, 3.5805151895883753, 0.5628062363711934], "Sigma": [[0.016444312478687995, 0.00580033794922826, -0.020730295731368385], [0.00580033794922826, 0.004940811983311888, -0.009504997487193165], [-0.020730295731368385, -0.009504997487193167, 0.030671278039225945]], "chi2_level": 0.99, "chi2_df": 3, "chi2_threshold": 11.344866730144373, "N_raw": 16, "N_roi": 16, "N_inlier": 16, "refit": true}
{"timestamp": "19:26:51.139952", "frame": 14, "mu": [-2.1128059065724307, 3.5008380603424034, 0.6919167558454232], "Sigma": [[0.016510147789893306, 0.0021957451674131812, -0.055980984229495906], [0.0021957451674131812, 0.005723311948066781, -0.014809563647490828], [-0.055980984229495906, -0.01480956364749083, 0.21663761320412828]], "chi2_level": 0.99, "chi2_df": 3, "chi2_threshold": 11.344866730144373, "N_raw": 13, "N_roi": 13, "N_inlier": 11, "refit": true}
{"timestamp": "19:26:51.197280", "frame": 15, "mu": [-2.091790786285612, 3.5334433551888758, 0.7104687696837816], "Sigma": [[0.01039304230313374, 0.004130326522540202, -0.00737154813553253], [0.004130326522540202, 0.0030707102338980797, -0.006462209352161307], [-0.00737154813553253, -0.006462209352161306, 0.02841988570112058]], "chi2_level": 0.99, "chi2_df": 3, "chi2_threshold": 11.344866730144373, "N_raw": 26, "N_roi": 25, "N_inlier": 24, "refit": true}
{"timestamp": "19:26:51.249443", "frame": 16, "mu": [-2.1484489648250946, 3.488801336497459, 0.9143484423927295], "Sigma": [[0.0014978357336522417, 0.0011174513544346112, -0.00852783631069456], [0.0011174513544346114, 0.0044629587697724805, -0.01971462738889123], [-0.00852783631069456, -0.019714627388891227, 0.10202447232147523]], "chi2_level": 0.99, "chi2_df": 3, "chi2_threshold": 11.344866730144373, "N_raw": 7, "N_roi": 7, "N_inlier": 7, "refit": true}
{"timestamp": "19:26:51.313484", "frame": 17, "mu": [-2.1165299214376647, 3.4873963911855554, 0.7970642391552856], "Sigma": [[0.02913251583026457, 0.014240407175120366, -0.04424121541557996], [0.014240407175120366, 0.01166507081227672, -0.03047935191137305], [-0.04424121541557996, -0.03047935191137305, 0.09987161334843289]], "chi2_level": 0.99, "chi2_df": 3, "chi2_threshold": 11.344866730144373, "N_raw": 69, "N_roi": 69, "N_inlier": 68, "refit": true}
{"timestamp": "19:26:51.365197", "frame": 18, "mu": [-2.2152039820404155, 3.5314041120762942, -0.08453895350182697], "Sigma": [[0.019386742442349003, 0.010357812618001172, -0.01140100940632083], [0.010357812618001172, 0.01025622847525255, -0.012202902078157125], [-0.01140100940632083, -0.012202902078157125, 0.016776591476261364]], "chi2_level": 0.99, "chi2_df": 3, "chi2_threshold": 11.344866730144373, "N_raw": 40, "N_roi": 40, "N_inlier": 38, "refit": true}
{"timestamp": "19:26:51.423149", "frame": 19, "mu": [-2.081163345079539, 3.423756367475485, 0.8070442488303556], "Sigma": [[0.027624978195589872, 0.011993431373344283, -0.04304032823369085], [0.011993431373344283, 0.008983699331097326, -0.027817059215540632], [-0.04304032823369084, -0.027817059215540632, 0.10462647819799609]], "chi2_level": 0.99, "chi2_df": 3, "chi2_threshold": 11.344866730144373, "N_raw": 70, "N_roi": 70, "N_inlier": 70, "refit": true}
{"timestamp": "19:26:51.476251", "frame": 20, "mu": [-2.144267790683825, 3.3299887658262004, 1.0065666752322824], "Sigma": [[0.021282056171969814, 0.008010545671765746, -0.010043620522984591], [0.008010545671765746, 0.006043038583825991, -0.007797319953984658], [-0.010043620522984591, -0.007797319953984658, 0.012495433482876796]], "chi2_level": 0.99, "chi2_df": 3, "chi2_threshold": 11.344866730144373, "N_raw": 43, "N_roi": 43, "N_inlier": 43, "refit": true}
{"timestamp": "19:26:51.529618", "frame": 21, "mu": [-2.0381181663912518, 3.3320332406876325, 0.8443329472426614], "Sigma": [[0.016469711308869997, 0.004834995765850358, -0.010390068632957048], [0.004834995765850359, 0.005423140288861897, -0.006548095917609334], [-0.010390068632957048, -0.006548095917609334, 0.012011949338785539]], "chi2_level": 0.99, "chi2_df": 3, "chi2_threshold": 11.344866730144373, "N_raw": 43, "N_roi": 43, "N_inlier": 43, "refit": true}
{"timestamp": "19:26:51.583641", "frame": 22, "mu": [-1.9679615052159614, 3.527037044468447, -0.3646715742162535], "Sigma": [[0.016964214679443538, 0.013834318556970936, -0.02226546660135738], [0.013834318556970935, 0.018016014559990363, -0.025964927029073277], [-0.02226546660135738, -0.025964927029073277, 0.041792413384640154]], "chi2_level": 0.99, "chi2_df": 3, "chi2_threshold": 11.344866730144373, "N_raw": 34, "N_roi": 34, "N_inlier": 33, "refit": true}
{"timestamp": "19:26:51.639943", "frame": 23, "mu": [-2.0398992638522784, 3.2419055648278614, 1.017602691824854], "Sigma": [[0.014840940662837199, 0.006022731213128013, -0.008859528079053294], [0.006022731213128014, 0.006961759284281513, -0.00707715669032162], [-0.008859528079053294, -0.00707715669032162, 0.009714632765571718]], "chi2_level": 0.99, "chi2_df": 3, "chi2_threshold": 11.344866730144373, "N_raw": 43, "N_roi": 43, "N_inlier": 42, "refit": true}
{"timestamp": "19:26:51.692304", "frame": 24, "mu": [-2.0420389008718143, 3.258066978717635, 1.0714725289890552], "Sigma": [[0.011859640273755977, 0.006216581460940018, -0.012506787434455349], [0.006216581460940018, 0.0041977123188801325, -0.009142322488529763], [-0.012506787434455349, -0.009142322488529763, 0.023184812620987275]], "chi2_level": 0.99, "chi2_df": 3, "chi2_threshold": 11.344866730144373, "N_raw": 23, "N_roi": 23, "N_inlier": 22, "refit": true}
{"timestamp": "19:26:51.752034", "frame": 25, "mu": [-1.8334800226984798, 3.3140354747231235, 0.8230902745561006], "Sigma": [[0.018597384613625582, 0.007768730172736777, -0.019585159251746913], [0.007768730172736777, 0.006022059514719244, -0.014211582929577377], [-0.019585159251746916, -0.014211582929577377, 0.04585440565796971]], "chi2_level": 0.99, "chi2_df": 3, "chi2_threshold": 11.344866730144373, "N_raw": 54, "N_roi": 54, "N_inlier": 54, "refit": true}
{"timestamp": "19:26:51.804627", "frame": 26, "mu": [-1.8787266908871618, 3.181924126157211, 0.9198603606539234], "Sigma": [[0.013123775537690818, 0.0032897644135102067, -0.02092612391011613], [0.0032897644135102067, 0.002240003129868392, -0.007019710565048553], [-0.020926123910116133, -0.007019710565048553, 0.05723166364966797]], "chi2_level": 0.99, "chi2_df": 3, "chi2_threshold": 11.344866730144373, "N_raw": 34, "N_roi": 34, "N_inlier": 33, "refit": true}
{"timestamp": "19:26:51.860032", "frame": 27, "mu": [-1.8081723975922372, 3.217671471267752, 0.8730795615735264], "Sigma": [[0.015704789335508472, 0.0033317734385506716, -0.019321947581201634], [0.003331773438550671, 0.003855287388817027, -0.006479611692851618], [-0.019321947581201638, -0.006479611692851618, 0.029686199821697394]], "chi2_level": 0.99, "chi2_df": 3, "chi2_threshold": 11.344866730144373, "N_raw": 38, "N_roi": 38, "N_inlier": 35, "refit": true}
{"timestamp": "19:26:51.914866", "frame": 28, "mu": [-1.702897424426972, 3.168977579678217, 0.6967192647159558], "Sigma": [[0.014533197342446734, -0.0036051360219214873, -0.024817150404436755], [-0.0036051360219214873, 0.0028783665379142932, 0.003957974116602427], [-0.024817150404436755, 0.003957974116602427, 0.06701221129497162]], "chi2_level": 0.99, "chi2_df": 3, "chi2_threshold": 11.344866730144373, "N_raw": 43, "N_roi": 43, "N_inlier": 41, "refit": true}
{"timestamp": "19:26:51.973760", "frame": 29, "mu": [-1.6375365009865814, 3.1439040750915, 0.7367700488194311], "Sigma": [[0.027402179207028338, 0.006670508042973573, -0.034103650707293924], [0.006670508042973575, 0.006626798703262725, -0.010942518579206792], [-0.034103650707293924, -0.010942518579206788, 0.055704644628720254]], "chi2_level": 0.99, "chi2_df": 3, "chi2_threshold": 11.344866730144373, "N_raw": 66, "N_roi": 66, "N_inlier": 64, "refit": true}
{"timestamp": "19:26:52.026027", "frame": 30, "mu": [-1.720585080245327, 3.0996458750462472, 0.8095430016892003], "Sigma": [[0.02176641629373246, 0.007321860022706442, -0.0255832541472798], [0.007321860022706442, 0.006801535391564991, -0.010025314794904025], [-0.025583254147279796, -0.010025314794904027, 0.03231505153619064]], "chi2_level": 0.99, "chi2_df": 3, "chi2_threshold": 11.344866730144373, "N_raw": 45, "N_roi": 45, "N_inlier": 45, "refit": true}
{"timestamp": "19:26:52.083340", "frame": 31, "mu": [-1.6452893436056082, 3.07798586835549, 0.9682282137202243], "Sigma": [[0.017604020230041935, 0.0040766186257851725, -0.01730928561487422], [0.0040766186257851725, 0.0022779484500671104, -0.009653068758985282], [-0.01730928561487422, -0.009653068758985282, 0.05778074129964053]], "chi2_level": 0.99, "chi2_df": 3, "chi2_threshold": 11.344866730144373, "N_raw": 59, "N_roi": 58, "N_inlier": 57, "refit": true}
{"timestamp": "19:26:52.133814", "frame": 32, "mu": [-1.559742783683095, 2.970617631276274, 0.4092117808177777], "Sigma": [[0.013338385345309749, -0.0038548286762275855, -0.011324514678655969], [-0.0038548286762275855, 0.00726468419314532, 0.006423014971150709], [-0.011324514678655969, 0.006423014971150709, 0.013181985167172405]], "chi2_level": 0.99, "chi2_df": 3, "chi2_threshold": 11.344866730144373, "N_raw": 31, "N_roi": 31, "N_inlier": 29, "refit": true}
{"timestamp": "19:26:52.192027", "frame": 33, "mu": [-1.554106513241453, 3.0510511585753433, 0.7429615264046942], "Sigma": [[0.01661568043375431, 0.005845851529642958, -0.0064323132580836615], [0.005845851529642957, 0.004901491865227059, -0.01228486056280613], [-0.006432313258083662, -0.01228486056280613, 0.054768951156581036]], "chi2_level": 0.99, "chi2_df": 3, "chi2_threshold": 11.344866730144373, "N_raw": 55, "N_roi": 55, "N_inlier": 55, "refit": true}
{"timestamp": "19:26:52.251186", "frame": 34, "mu": [-1.4394047200557438, 2.9732105969739537, 0.6954803830345131], "Sigma": [[0.021574428369786895, 0.007346568296135111, -0.018218444000261243], [0.007346568296135111, 0.008664794156695925, -0.011979335528170865], [-0.018218444000261243, -0.011979335528170865, 0.027267853733890384]], "chi2_level": 0.99, "chi2_df": 3, "chi2_threshold": 11.344866730144373, "N_raw": 79, "N_roi": 79, "N_inlier": 77, "refit": true}
{"timestamp": "19:26:52.302468", "frame": 35, "mu": [-1.5004638827786034, 2.882435994668159, 0.8545422895715454], "Sigma": [[0.018291197451742014, 0.0011688189969089001, -0.020413993386968324], [0.0011688189969089003, 0.0028023669219073895, -0.005290071569989585], [-0.020413993386968324, -0.005290071569989585, 0.0313740126183311]], "chi2_level": 0.99, "chi2_df": 3, "chi2_threshold": 11.344866730144373, "N_raw": 55, "N_roi": 54, "N_inlier": 53, "refit": true}
{"timestamp": "19:26:52.356795", "frame": 36, "mu": [-1.3973555208211674, 2.849077408526036, 0.760482201021671], "Sigma": [[0.011171054384712364, 0.003931089425616256, -0.007890394144998442], [0.003931089425616256, 0.002833185675171799, -0.007973256535499448], [-0.00789039414499844, -0.007973256535499448, 0.037604279567012566]], "chi2_level": 0.99, "chi2_df": 3, "chi2_threshold": 11.344866730144373, "N_raw": 55, "N_roi": 55, "N_inlier": 53, "refit": true}
{"timestamp": "19:26:52.413970", "frame": 37, "mu": [-1.3703383934052673, 2.815611456010945, 0.6791495843922791], "Sigma": [[0.01963262217550078, 0.010621930144680814, -0.011333656010977352], [0.010621930144680814, 0.0070084925382766046, -0.008389159581869296], [-0.011333656010977352, -0.008389159581869296, 0.04371693837472411]], "chi2_level": 0.99, "chi2_df": 3, "chi2_threshold": 11.344866730144373, "N_raw": 70, "N_roi": 70, "N_inlier": 70, "refit": true}
{"timestamp": "19:26:52.474101", "frame": 38, "mu": [-1.3279262170716462, 2.813568155547357, 0.7779415567241219], "Sigma": [[0.023508190524067323, 0.006882072846742213, -0.02363890275487264], [0.006882072846742213, 0.006870716374066994, -0.015146684274392525], [-0.02363890275487264, -0.015146684274392527, 0.043278638454351204]], "chi2_level": 0.99, "chi2_df": 3, "chi2_threshold": 11.344866730144373, "N_raw": 97, "N_roi": 97, "N_inlier": 96, "refit": true}
{"timestamp": "19:26:52.527801", "frame": 39, "mu": [-1.2527817295941333, 2.809223902392058, 0.7703546746045965], "Sigma": [[0.02307743980309903, 0.009789192617788657, -0.01671267595867237], [0.009789192617788657, 0.011054261559376525, -0.01252979208177962], [-0.01671267595867237, -0.01252979208177962, 0.020067007620839118]], "chi2_level": 0.99, "chi2_df": 3, "chi2_threshold": 11.344866730144373, "N_raw": 89, "N_roi": 89, "N_inlier": 88, "refit": true}
{"timestamp": "19:26:52.580609", "frame": 40, "mu": [-1.2155112931055403, 2.9821171386501386, -0.5718272677520503], "Sigma": [[0.01787814192554129, 0.01387843418135063, -0.025492255520475456], [0.013878434181350631, 0.02122357709716319, -0.029978755805451868], [-0.025492255520475456, -0.029978755805451868, 0.06429817422595416]], "chi2_level": 0.99, "chi2_df": 3, "chi2_threshold": 11.344866730144373, "N_raw": 47, "N_roi": 47, "N_inlier": 46, "refit": true}
{"timestamp": "19:26:52.637965", "frame": 41, "mu": [-1.2685656323880024, 2.6665580179648694, 0.92181381633789], "Sigma": [[0.01945918363209321, 0.005689544549694306, -0.028368748151911323], [0.005689544549694306, 0.004796335729561043, -0.01702931464332721], [-0.028368748151911323, -0.01702931464332721, 0.08963129243313044]], "chi2_level": 0.99, "chi2_df": 3, "chi2_threshold": 11.344866730144373, "N_raw": 97, "N_roi": 95, "N_inlier": 95, "refit": true}
{"timestamp": "19:26:52.693570", "frame": 42, "mu": [-1.1726950832980079, 2.661787342303295, 0.953250300774324], "Sigma": [[0.015996986818829828, 0.005939751718422969, -0.009615188158203676], [0.00593975171842297, 0.005352298156992325, -0.01423091137061069], [-0.009615188158203676, -0.01423091137061069, 0.046963326370517366]], "chi2_level": 0.99, "chi2_df": 3, "chi2_threshold": 11.344866730144373, "N_raw": 95, "N_roi": 95, "N_inlier": 93, "refit": true}
{"timestamp": "19:26:52.752300", "frame": 43, "mu": [-1.1018000541412367, 2.74181260815702, -0.012485663148658703], "Sigma": [[0.023071156694961036, 0.0015520036903110108, 0.050752950276945], [0.0015520036903110112, 0.008276525104262526, -0.017346707719907824], [0.050752950276945, -0.017346707719907824, 0.23991684949061376]], "chi2_level": 0.99, "chi2_df": 3, "chi2_threshold": 11.344866730144373, "N_raw": 112, "N_roi": 112, "N_inlier": 108, "refit": true}
{"timestamp": "19:26:52.802650", "frame": 44, "mu": [-1.1150330334940588, 2.577729344101826, 0.800974879928219], "Sigma": [[0.02162038849283661, 0.011510302558368223, -0.011363221439651659], [0.011510302558368223, 0.013833669419050941, -0.009944445793498301], [-0.011363221439651659, -0.0099444457934983, 0.009052388402749646]], "chi2_level": 0.99, "chi2_df": 3, "chi2_threshold": 11.344866730144373, "N_raw": 90, "N_roi": 90, "N_inlier": 87, "refit": true}
{"timestamp": "19:26:52.859134", "frame": 45, "mu": [-1.0405222327203598, 2.5483783142556455, -0.6864427094516052], "Sigma": [[0.01850704845501986, 0.008098454288135076, 0.07460080659238688], [0.008098454288135076, 0.01541722903076236, 0.032354725700259004], [0.07460080659238688, 0.032354725700259004, 0.5656904349596812]], "chi2_level": 0.99, "chi2_df": 3, "chi2_threshold": 11.344866730144373, "N_raw": 96, "N_roi": 96, "N_inlier": 94, "refit": true}
{"timestamp": "19:26:52.910524", "frame": 46, "mu": [-1.0346717529192782, 2.428713174092214, 0.9559490842757], "Sigma": [[0.013491648968333552, 0.0013020851017314073, -0.005286696630969336], [0.0013020851017314073, 0.0003768619202798856, -0.002429963492642294], [-0.005286696630969337, -0.002429963492642294, 0.04569783423426616]], "chi2_level": 0.99, "chi2_df": 3, "chi2_threshold": 11.344866730144373, "N_raw": 72, "N_roi": 72, "N_inlier": 68, "refit": true}
{"timestamp": "19:26:52.958699", "frame": 47, "mu": [-0.9947781241914205, 2.4314300100897963, 1.168491142676562], "Sigma": [[0.00986211606730225, 0.002033355113267657, -6.569235370233804e-05], [0.0020333551132676576, 0.001475343131394144, 0.0011143605893929802], [-6.569235370233717e-05, 0.0011143605893929802, 0.026658962602505307]], "chi2_level": 0.99, "chi2_df": 3, "chi2_threshold": 11.344866730144373, "N_raw": 32, "N_roi": 32, "N_inlier": 28, "refit": true}
{"timestamp": "19:26:53.021548", "frame": 48, "mu": [-0.9146772970985296, 2.391909154427282, 0.8745073530204747], "Sigma": [[0.016737386237943457, 0.004702388838934229, -0.012747528036684008], [0.004702388838934229, 0.0045372626838909936, -0.009182649279151356], [-0.012747528036684008, -0.009182649279151356, 0.02814469482514486]], "chi2_level": 0.99, "chi2_df": 3, "chi2_threshold": 11.344866730144373, "N_raw": 90, "N_roi": 90, "N_inlier": 87, "refit": true}
{"timestamp": "19:26:53.069772", "frame": 49, "mu": [-0.9274317744822727, 2.351994733111274, 1.0780454939148465], "Sigma": [[0.005178929304703902, 0.0016302611282098655, -0.0018479781392380296], [0.0016302611282098655, 0.0011217027085403542, -0.0019983535608123237], [-0.0018479781392380288, -0.0019983535608123233, 0.044678739278040426]], "chi2_level": 0.99, "chi2_df": 3, "chi2_threshold": 11.344866730144373, "N_raw": 33, "N_roi": 33, "N_inlier": 30, "refit": true}
{"timestamp": "19:26:53.134695", "frame": 50, "mu": [-0.9319101014998048, 2.26527761254574, 0.8512020438245481], "Sigma": [[0.01281501857661965, 0.001137540945317395, -0.000269011398990169], [0.001137540945317395, 0.0017882330995708043, 0.00012118046684556939], [-0.00026901139899016924, 0.00012118046684556853, 0.07226185728705256]], "chi2_level": 0.99, "chi2_df": 3, "chi2_threshold": 11.344866730144373, "N_raw": 98, "N_roi": 98, "N_inlier": 94, "refit": true}
{"timestamp": "19:26:53.187463", "frame": 51, "mu": [-0.8043334603083762, 2.268645421707579, 0.8962884081705376], "Sigma": [[0.01164728674877411, -3.0638245710988306e-05, -0.0063649783082449845], [-3.0638245710988306e-05, 0.0009266278947538011, -0.002936249923239065], [-0.0063649783082449845, -0.0029362499232390648, 0.06321548497900702]], "chi2_level": 0.99, "chi2_df": 3, "chi2_threshold": 11.344866730144373, "N_raw": 87, "N_roi": 84, "N_inlier": 79, "refit": true}
{"timestamp": "19:26:53.241710", "frame": 52, "mu": [-0.7994852029636331, 2.188875536703331, 0.8871016931120129], "Sigma": [[0.012603771960051134, 0.0011857049987870486, -0.0037987146284598353], [0.0011857049987870488, 0.0009473794193353254, 0.0021676425685453783], [-0.0037987146284598357, 0.0021676425685453783, 0.05404088997545324]], "chi2_level": 0.99, "chi2_df": 3, "chi2_threshold": 11.344866730144373, "N_raw": 81, "N_roi": 81, "N_inlier": 77, "refit": true}
{"timestamp": "19:26:53.294699", "frame": 53, "mu": [-0.8089062318620518, 2.1829196335815557, -1.1192998811193862], "Sigma": [[0.011108344391938156, 0.0005922071355414019, -0.009224381643905582], [0.0005922071355414019, 0.0025249936247699403, -0.0037124429388393975], [-0.009224381643905582, -0.0037124429388393975, 0.06599101695505094]], "chi2_level": 0.99, "chi2_df": 3, "chi2_threshold": 11.344866730144373, "N_raw": 75, "N_roi": 74, "N_inlier": 67, "refit": true}
{"timestamp": "19:26:53.351928", "frame": 54, "mu": [-0.710858709364107, 2.150051703440035, 0.8365190628661281], "Sigma": [[0.01482226725453569, 0.0092051281330131, -0.0061555576338916], [0.009205128133013099, 0.007994695692092083, -0.00866643171705797], [-0.0061555576338916, -0.00866643171705797, 0.03741748485369217]], "chi2_level": 0.99, "chi2_df": 3, "chi2_threshold": 11.344866730144373, "N_raw": 86, "N_roi": 86, "N_inlier": 83, "refit": true}
{"timestamp": "19:26:53.403964", "frame": 55, "mu": [-0.6416041665009466, 2.19732135499678, 0.7006993315835288], "Sigma": [[0.0241532545311881, -0.005062159686990916, 0.03922980127117228], [-0.005062159686990916, 0.00728945704112324, -0.03809918826250897], [0.03922980127117229, -0.038099188262508965, 0.2501100187945726]], "chi2_level": 0.99, "chi2_df": 3, "chi2_threshold": 11.344866730144373, "N_raw": 60, "N_roi": 59, "N_inlier": 58, "refit": true}
{"timestamp": "19:26:53.455938", "frame": 56, "mu": [-0.5435805269485213, 2.0979223041470476, 0.7748406349370036], "Sigma": [[0.017881078288289796, 0.007599976479241622, -0.014497465794600662], [0.007599976479241622, 0.005976399680767606, -0.008596772043554144], [-0.014497465794600662, -0.008596772043554144, 0.014899820939501306]], "chi2_level": 0.99, "chi2_df": 3, "chi2_threshold": 11.344866730144373, "N_raw": 46, "N_roi": 44, "N_inlier": 40, "refit": true}
{"timestamp": "19:26:53.517524", "frame": 57, "mu": [-0.5759607983375665, 2.1354984935523063, -0.5514290085433802], "Sigma": [[0.011711015375189012, 0.0061876734143090206, 0.047139239066275554], [0.0061876734143090206, 0.019951350002470815, 0.010588813981288971], [0.047139239066275554, 0.010588813981288971, 0.3042660550982001]], "chi2_level": 0.99, "chi2_df": 3, "chi2_threshold": 11.344866730144373, "N_raw": 83, "N_roi": 83, "N_inlier": 81, "refit": true}
{"timestamp": "19:26:53.578120", "frame": 58, "mu": [-0.4927667679678681, 1.9737218287060727, 0.8079643634097062], "Sigma": [[0.018182723297279036, 0.01066636459491676, -0.011075151753917878], [0.010666364594916763, 0.011785562786816894, -0.013357531661695198], [-0.011075151753917878, -0.013357531661695198, 0.01700459848062536]], "chi2_level": 0.99, "chi2_df": 3, "chi2_threshold": 11.344866730144373, "N_raw": 121, "N_roi": 121, "N_inlier": 117, "refit": true}
{"timestamp": "19:26:53.632507", "frame": 59, "mu": [-0.5282530335795531, 1.9054129645389892, 0.8664570484947425], "Sigma": [[0.01300055115597594, 0.008920010673598329, 0.00011462251024841122], [0.008920010673598329, 0.010308633202983199, 0.003654073463122338], [0.00011462251024841122, 0.0036540734631223385, 0.08055449597571693]], "chi2_level": 0.99, "chi2_df": 3, "chi2_threshold": 11.344866730144373, "N_raw": 119, "N_roi": 119, "N_inlier": 116, "refit": true}
{"timestamp": "19:26:53.687035", "frame": 60, "mu": [-0.4525924163374281, 1.8734208984118401, 0.9157505014271318], "Sigma": [[0.013514528024993887, 0.007218316417978219, -0.013774398395079593], [0.007218316417978219, 0.0047015979020060715, -0.009360301332789433], [-0.013774398395079594, -0.009360301332789433, 0.058072992395230436]], "chi2_level": 0.99, "chi2_df": 3, "chi2_threshold": 11.344866730144373, "N_raw": 113, "N_roi": 111, "N_inlier": 108, "refit": true}
{"timestamp": "19:26:53.747108", "frame": 61, "mu": [-0.44977789546406083, 1.866938601260106, -0.0023876857096755133], "Sigma": [[0.016456194673558633, 0.005172451770056045, 0.09336982551714447], [0.005172451770056045, 0.005503813177529568, 0.023946762300335107], [0.09336982551714447, 0.023946762300335107, 0.8289611434257723]], "chi2_level": 0.99, "chi2_df": 3, "chi2_threshold": 11.344866730144373, "N_raw": 150, "N_roi": 150, "N_inlier": 148, "refit": true}
{"timestamp": "19:26:53.803263", "frame": 62, "mu": [-0.4332024464059611, 1.7736398616413118, -0.0900935391624813], "Sigma": [[0.013923089049636584, 0.0051500265468857566, 0.09341768292225808], [0.0051500265468857566, 0.006525784989180355, 0.0378332241633742], [0.09341768292225808, 0.0378332241633742, 0.9300415976120533]], "chi2_level": 0.99, "chi2_df": 3, "chi2_threshold": 11.344866730144373, "N_raw": 150, "N_roi": 150, "N_inlier": 149, "refit": true}
{"timestamp": "19:26:53.855900", "frame": 63, "mu": [-0.3671600802326035, 1.8068692332862084, 0.9511049217239151], "Sigma": [[0.01794110388917084, 0.00811241729174949, -0.01551999029420771], [0.00811241729174949, 0.007895316029617289, -0.014430333734007112], [-0.01551999029420771, -0.014430333734007114, 0.043497384179527435]], "chi2_level": 0.99, "chi2_df": 3, "chi2_threshold": 11.344866730144373, "N_raw": 132, "N_roi": 132, "N_inlier": 129, "refit": true}
{"timestamp": "19:26:53.911957", "frame": 64, "mu": [-0.37323600244274624, 1.7669587514558698, 0.9681056447296543], "Sigma": [[0.0167867502029523, 0.008148799017174782, -0.011051346016198562], [0.008148799017174784, 0.009079951889037768, -0.013542514142723679], [-0.011051346016198562, -0.013542514142723677, 0.02661383810658207]], "chi2_level": 0.99, "chi2_df": 3, "chi2_threshold": 11.344866730144373, "N_raw": 150, "N_roi": 150, "N_inlier": 145, "refit": true}
{"timestamp": "19:26:53.961180", "frame": 65, "mu": [-0.2950194995647925, 1.7321079346723847, -0.5186076446922087], "Sigma": [[0.016259080643374564, 0.01704414394026987, 0.0907659280192785], [0.01704414394026987, 0.03324195066495338, 0.10092070655592444], [0.0907659280192785, 0.10092070655592444, 0.8343951233540547]], "chi2_level": 0.99, "chi2_df": 3, "chi2_threshold": 11.344866730144373, "N_raw": 106, "N_roi": 106, "N_inlier": 105, "refit": true}
{"timestamp": "19:26:54.017421", "frame": 66, "mu": [-0.32143291190239187, 1.6475555229056056, 0.9959863089892598], "Sigma": [[0.009086640425616587, 0.00331853455330184, 0.0019062090189454666], [0.00331853455330184, 0.0027033067614755345, -0.00277580168385647], [0.0019062090189454661, -0.00277580168385647, 0.045111395873087934]], "chi2_level": 0.99, "chi2_df": 3, "chi2_threshold": 11.344866730144373, "N_raw": 117, "N_roi": 115, "N_inlier": 112, "refit": true}
{"timestamp": "19:26:54.069781", "frame": 67, "mu": [-0.28367207377479403, 1.523637894626274, -0.6714513006580752], "Sigma": [[0.008575638430931917, 0.0010898395018132444, 0.06140673300741163], [0.0010898395018132444, 0.0020744511436792757, 0.008808918138978604], [0.06140673300741163, 0.008808918138978604, 0.7468924777964426]], "chi2_level": 0.99, "chi2_df": 3, "chi2_threshold": 11.344866730144373, "N_raw": 97, "N_roi": 97, "N_inlier": 95, "refit": true}
{"timestamp": "19:26:54.124442", "frame": 68, "mu": [-0.27432198820504033, 1.4345613334701042, -0.5807480116827198], "Sigma": [[0.006320275305761291, 0.0003323265417014983, 0.054729188623400336], [0.0003323265417014985, 0.006625912129577705, 0.011861865310971602], [0.05472918862340033, 0.0118618653109716, 0.8325628736539047]], "chi2_level": 0.99, "chi2_df": 3, "chi2_threshold": 11.344866730144373, "N_raw": 103, "N_roi": 102, "N_inlier": 101, "refit": true}
{"timestamp": "19:26:54.179667", "frame": 69, "mu": [-0.1618050194483351, 1.6711139648815385, -0.4576831803017731], "Sigma": [[0.010110169945067315, -0.001861462229787664, 0.012587435343507442], [-0.001861462229787664, 0.003794804903699689, -0.011219044916875741], [0.01258743534350744, -0.011219044916875741, 0.0652862503826545]], "chi2_level": 0.99, "chi2_df": 3, "chi2_threshold": 11.344866730144373, "N_raw": 101, "N_roi": 99, "N_inlier": 97, "refit": true}
{"timestamp": "19:26:54.240756", "frame": 70, "mu": [-0.0764130984580988, 1.464724467005658, 1.0802496569351245], "Sigma": [[0.008359825423426741, 0.005169468921265715, 0.01851751265751709], [0.005169468921265715, 0.007196151549140263, 0.017566439808861092], [0.01851751265751709, 0.017566439808861092, 0.11425291208847237]], "chi2_level": 0.99, "chi2_df": 3, "chi2_threshold": 11.344866730144373, "N_raw": 134, "N_roi": 134, "N_inlier": 130, "refit": true}
{"timestamp": "19:26:54.295906", "frame": 71, "mu": [-0.09468018379435, 1.4569560798318852, 1.2297636643933998], "Sigma": [[0.009356937928676498, 0.0017352237443052495, 0.013267470871611607], [0.0017352237443052497, 0.005874200082365518, 0.0038934089433182812], [0.013267470871611607, 0.0038934089433182817, 0.056738091781474584]], "chi2_level": 0.99, "chi2_df": 3, "chi2_threshold": 11.344866730144373, "N_raw": 132, "N_roi": 132, "N_inlier": 127, "refit": true}
{"timestamp": "19:26:54.347788", "frame": 72, "mu": [-0.01810831022375127, 1.4084007262946898, 1.1813522479396115], "Sigma": [[0.007530958287613362, 0.0025587420819482456, 0.009687042858657461], [0.002558742081948245, 0.004141496554845583, 0.0058442218100299035], [0.009687042858657461, 0.005844221810029903, 0.06490978125598992]], "chi2_level": 0.99, "chi2_df": 3, "chi2_threshold": 11.344866730144373, "N_raw": 116, "N_roi": 116, "N_inlier": 112, "refit": true}
{"timestamp": "19:26:54.407700", "frame": 73, "mu": [-0.06570193127595292, 1.3052257304446062, 1.0084922468659028], "Sigma": [[0.007315691559911277, 0.004397552499921612, 0.015068893075297084], [0.004397552499921612, 0.011893590979285705, 0.031203789193232818], [0.015068893075297084, 0.031203789193232818, 0.14638488143811498]], "chi2_level": 0.99, "chi2_df": 3, "chi2_threshold": 11.344866730144373, "N_raw": 150, "N_roi": 150, "N_inlier": 150, "refit": true}
{"timestamp": "19:26:54.459279", "frame": 74, "mu": [-0.02532341287409832, 1.3056196478367184, 1.101024613093378], "Sigma": [[0.008431523804452196, 0.005836748025779398, 0.023071481017371602], [0.005836748025779399, 0.009843288960469121, 0.02704117068423475], [0.023071481017371602, 0.02704117068423475, 0.12818640745710266]], "chi2_level": 0.99, "chi2_df": 3, "chi2_threshold": 11.344866730144373, "N_raw": 132, "N_roi": 132, "N_inlier": 132, "refit": true}
{"timestamp": "19:26:54.510920", "frame": 75, "mu": [0.036758614371733764, 1.318927366813903, 1.2900302985908028], "Sigma": [[0.005112754191674997, -0.0011853039993324544, 0.005219492834578544], [-0.0011853039993324544, 0.004271009732516672, -0.0034216258465455075], [0.005219492834578544, -0.003421625846545507, 0.02958032952235394]], "chi2_level": 0.99, "chi2_df": 3, "chi2_threshold": 11.344866730144373, "N_raw": 105, "N_roi": 105, "N_inlier": 99, "refit": true}
{"timestamp": "19:26:54.566914", "frame": 76, "mu": [0.03884857146334049, 1.2339635642057232, 1.1389480781662635], "Sigma": [[0.00963226202479175, 0.0031303495214489527, 0.02108982504681795], [0.0031303495214489523, 0.004344114459765426, 0.010881783611465922], [0.02108982504681795, 0.010881783611465924, 0.07623620740979786]], "chi2_level": 0.99, "chi2_df": 3, "chi2_threshold": 11.344866730144373, "N_raw": 118, "N_roi": 118, "N_inlier": 116, "refit": true}
{"timestamp": "19:26:54.617933", "frame": 77, "mu": [0.06227618470872075, 1.226888062626152, 1.1834674283440754], "Sigma": [[0.007055488184857419, -0.0004561340898764292, 0.009173595691034049], [-0.0004561340898764291, 0.007059633156475291, 0.00660719276498915], [0.009173595691034049, 0.0066071927649891515, 0.038669012515496023]], "chi2_level": 0.99, "chi2_df": 3, "chi2_threshold": 11.344866730144373, "N_raw": 87, "N_roi": 86, "N_inlier": 84, "refit": true}
{"timestamp": "19:26:54.675119", "frame": 78, "mu": [0.19148215166722274, 1.1841243621075064, 1.2117280426047883], "Sigma": [[0.004435412271518241, 0.0006472043031905585, 0.00616198055757578], [0.0006472043031905586, 0.004043314006696035, 0.0011907191783797257], [0.00616198055757578, 0.0011907191783797257, 0.054400800286409784]], "chi2_level": 0.99, "chi2_df": 3, "chi2_threshold": 11.344866730144373, "N_raw": 99, "N_roi": 98, "N_inlier": 90, "refit": true}
{"timestamp": "19:26:54.730954", "frame": 79, "mu": [0.1695239954784988, 1.128157488635678, 1.267587419421282], "Sigma": [[0.005302554023307715, -0.0012924342739506034, 0.003145136140607137], [-0.0012924342739506034, 0.0036699473026412747, -0.002778336668395191], [0.003145136140607137, -0.002778336668395191, 0.021565113671549497]], "chi2_level": 0.99, "chi2_df": 3, "chi2_threshold": 11.344866730144373, "N_raw": 107, "N_roi": 107, "N_inlier": 103, "refit": true}
{"timestamp": "19:26:54.784033", "frame": 80, "mu": [0.1678838182741579, 1.0319040333570888, 1.0048671565702538], "Sigma": [[0.004122837606059718, 0.0012503339956835566, 0.007174717055794432], [0.0012503339956835566, 0.004200912614896669, 0.009720035018524326], [0.007174717055794434, 0.009720035018524326, 0.05837792811557008]], "chi2_level": 0.99, "chi2_df": 3, "chi2_threshold": 11.344866730144373, "N_raw": 86, "N_roi": 86, "N_inlier": 82, "refit": true}
{"timestamp": "19:26:54.842781", "frame": 81, "mu": [0.2517450009234443, 1.057335464414821, 1.2618259316820881], "Sigma": [[0.004107911977228034, -0.0007760499061740237, -0.003808137113915599], [-0.0007760499061740237, 0.0027612985484501973, -0.004278013152083026], [-0.003808137113915598, -0.004278013152083026, 0.02770763149178817]], "chi2_level": 0.99, "chi2_df": 3, "chi2_threshold": 11.344866730144373, "N_raw": 119, "N_roi": 119, "N_inlier": 115, "refit": true}
{"timestamp": "19:26:54.894152", "frame": 82, "mu": [0.2701856634559955, 1.1032609811682583, -0.007453124994629445], "Sigma": [[0.003309504003938861, -0.0025440579411246103, 0.030988360576897668], [-0.0025440579411246103, 0.010767000147331628, -0.07823134316907751], [0.030988360576897668, -0.07823134316907751, 0.7686018197068748]], "chi2_level": 0.99, "chi2_df": 3, "chi2_threshold": 11.344866730144373, "N_raw": 94, "N_roi": 94, "N_inlier": 91, "refit": true}
{"timestamp": "19:26:54.952690", "frame": 83, "mu": [0.3142452568135746, 0.9806024308680813, 1.3875225363970762], "Sigma": [[0.0037959718068484713, -0.0005085466488128353, -0.0008980174612241639], [-0.0005085466488128354, 0.007046943098423614, -0.0063845234713349845], [-0.0008980174612241638, -0.0063845234713349845, 0.013847429451046356]], "chi2_level": 0.99, "chi2_df": 3, "chi2_threshold": 11.344866730144373, "N_raw": 117, "N_roi": 117, "N_inlier": 111, "refit": true}
{"timestamp": "19:26:55.000672", "frame": 84, "mu": [0.3054687842633974, 0.9086619913079734, 1.3423918811316267], "Sigma": [[0.005276991465790479, 0.0013708833596186598, 0.006290661021171319], [0.00137088335961866, 0.002824770793054217, -0.0023927619494170374], [0.006290661021171319, -0.0023927619494170374, 0.031240065500207158]], "chi2_level": 0.99, "chi2_df": 3, "chi2_threshold": 11.344866730144373, "N_raw": 65, "N_roi": 65, "N_inlier": 63, "refit": true}
{"timestamp": "19:26:55.060578", "frame": 85, "mu": [0.3243621230280437, 0.9078447862043906, 1.3197159385516444], "Sigma": [[0.002902015060177502, 7.432633089766842e-06, 0.001216191689955321], [7.432633089766733e-06, 0.012635330771579209, 0.01247664348486287], [0.0012161916899553213, 0.01247664348486287, 0.04964203111133541]], "chi2_level": 0.99, "chi2_df": 3, "chi2_threshold": 11.344866730144373, "N_raw": 107, "N_roi": 107, "N_inlier": 104, "refit": true}
{"timestamp": "19:26:55.110921", "frame": 86, "mu": [0.3473841317818115, 0.8768336881878264, 1.2506967328932794], "Sigma": [[0.00746331559062307, 0.0007338640310532709, 0.001194300868476165], [0.0007338640310532705, 0.0036795361393310343, -0.0037823098848886764], [0.0011943008684761653, -0.0037823098848886764, 0.010322506013762325]], "chi2_level": 0.99, "chi2_df": 3, "chi2_threshold": 11.344866730144373, "N_raw": 59, "N_roi": 59, "N_inlier": 59, "refit": true}
