{"timestamp": "20:05:17.672913", "frame": 13, "mu": [-2.2543600579829586, 1.1590181821092607, -0.7671775997441306], "Sigma": [[0.008943781532012111, 0.01497718984488213, -0.0029808877931532035], [0.01497718984488213, 0.031006899762553705, -0.006844807518296514], [-0.0029808877931532043, -0.006844807518296514, 0.0016312389702409806]], "chi2_level": 0.99, "chi2_df": 3, "chi2_threshold": 11.344866730144373, "N_raw": 10, "N_roi": 9, "N_inlier": 9, "refit": true}
{"timestamp": "20:05:17.731308", "frame": 14, "mu": [-2.2823570167896543, 1.0977421130535014, -0.8418127384522107], "Sigma": [[0.005779369345218777, 0.008823206016985458, 0.0029798195754794235], [0.008823206016985458, 0.016625597529339238, -0.0002993085922900489], [0.002979819575479423, -0.00029930859229004847, 0.015585071903689513]], "chi2_level": 0.99, "chi2_df": 3, "chi2_threshold": 11.344866730144373, "N_raw": 28, "N_roi": 28, "N_inlier": 28, "refit": true}
{"timestamp": "20:05:17.897661", "frame": 17, "mu": [-2.2589800982221213, 1.081742075097804, 1.2273500483292623], "Sigma": [[0.010725525026889064, 0.008107443432499872, -0.007241675533206795], [0.008107443432499872, 0.018079370450525482, -0.008143214918004498], [-0.007241675533206794, -0.008143214918004498, 0.006898870985491896]], "chi2_level": 0.99, "chi2_df": 3, "chi2_threshold": 11.344866730144373, "N_raw": 43, "N_roi": 43, "N_inlier": 43, "refit": true}
{"timestamp": "20:05:17.950562", "frame": 18, "mu": [-2.194674610642668, 1.1481628573172893, 1.1558341593072645], "Sigma": [[0.004887195285646949, 0.004818206249207048, -2.9531503154271894e-06], [0.004818206249207048, 0.005618793638971568, -0.0014063729581077567], [-2.9531503154271894e-06, -0.0014063729581077567, 0.020244109007824612]], "chi2_level": 0.99, "chi2_df": 3, "chi2_threshold": 11.344866730144373, "N_raw": 29, "N_roi": 29, "N_inlier": 29, "refit": true}
{"timestamp": "20:05:18.007625", "frame": 19, "mu": [-2.2324909819143635, 1.2337002467808273, -0.4134656598337028], "Sigma": [[0.01005831685658448, 0.009287912412901111, -0.001407375606758712], [0.009287912412901111, 0.01943326711507251, -0.005637439984063084], [-0.0014073756067587125, -0.005637439984063084, 0.004763975007670433]], "chi2_level": 0.99, "chi2_df": 3, "chi2_threshold": 11.344866730144373, "N_raw": 47, "N_roi": 47, "N_inlier": 45, "refit": true}
{"timestamp": "20:05:18.062301", "frame": 20, "mu": [-2.220931617163473, 1.1063907818878937, 1.2025865354996101], "Sigma": [[0.010061688287064649, 0.010657903565656863, -0.0030865634116745166], [0.010657903565656863, 0.0161898889041891, -0.008718020279651123], [-0.0030865634116745166, -0.008718020279651122, 0.010588335344225269]], "chi2_level": 0.99, "chi2_df": 3, "chi2_threshold": 11.344866730144373, "N_raw": 45, "N_roi": 45, "N_inlier": 44, "refit": true}
{"timestamp": "20:05:18.120825", "frame": 21, "mu": [-2.2026417203516098, 1.0813308765112062, 1.101955054593819], "Sigma": [[0.009610080807458858, 0.007210726298113429, -0.00557203012545204], [0.007210726298113429, 0.01262693705760288, -0.008832140639895689], [-0.00557203012545204, -0.008832140639895689, 0.008440443716423666]], "chi2_level": 0.99, "chi2_df": 3, "chi2_threshold": 11.344866730144373, "N_raw": 44, "N_roi": 44, "N_inlier": 43, "refit": true}
{"timestamp": "20:05:18.173120", "frame": 22, "mu": [-2.2030383348574785, 1.213842150878848, 1.3642958669672305], "Sigma": [[0.006683064575906019, 0.007982919099117896, -0.0024163664415343096], [0.007982919099117898, 0.012896396047766804, -0.007666953841582019], [-0.0024163664415343096, -0.007666953841582019, 0.01388562369208692]], "chi2_level": 0.99, "chi2_df": 3, "chi2_threshold": 11.344866730144373, "N_raw": 33, "N_roi": 33, "N_inlier": 33, "refit": true}
{"timestamp": "20:05:18.227215", "frame": 23, "mu": [-2.1272154726704504, 1.2142159591281663, 1.0612627678442121], "Sigma": [[0.010646530795387198, 0.0014886871225893048, -0.001680830911242145], [0.0014886871225893048, 0.006832175400798828, -0.003298439442809601], [-0.0016808309112421448, -0.0032984394428096004, 0.004616984573688597]], "chi2_level": 0.99, "chi2_df": 3, "chi2_threshold": 11.344866730144373, "N_raw": 28, "N_roi": 28, "N_inlier": 28, "refit": true}
{"timestamp": "20:05:18.283966", "frame": 24, "mu": [-2.129323164712088, 1.2743360796844772, 1.1759773528431372], "Sigma": [[0.010169504440109684, 0.006329854511266383, -0.006458095192504751], [0.006329854511266381, 0.007027670227768519, -0.008562523674393018], [-0.006458095192504751, -0.008562523674393018, 0.014622213443950764]], "chi2_level": 0.99, "chi2_df": 3, "chi2_threshold": 11.344866730144373, "N_raw": 47, "N_roi": 47, "N_inlier": 45, "refit": true}
{"timestamp": "20:05:18.342789", "frame": 25, "mu": [-1.9735195591491776, 1.3461471710877055, 1.151758678875221], "Sigma": [[0.010200040159211722, 0.007965034790974664, -0.003382992339048569], [0.007965034790974664, 0.013872537202811291, -0.010160778899288805], [-0.003382992339048569, -0.010160778899288805, 0.011264016629099082]], "chi2_level": 0.99, "chi2_df": 3, "chi2_threshold": 11.344866730144373, "N_raw": 67, "N_roi": 67, "N_inlier": 64, "refit": true}
{"timestamp": "20:05:18.397211", "frame": 26, "mu": [-1.9044269963073055, 1.5201930374215318, -0.4871012501804318], "Sigma": [[0.01599086692733056, 0.016528021376794308, 0.002545443440903028], [0.016528021376794308, 0.03516249387717342, 0.017383722334957087], [0.002545443440903028, 0.017383722334957087, 0.018234918632569635]], "chi2_level": 0.99, "chi2_df": 3, "chi2_threshold": 11.344866730144373, "N_raw": 61, "N_roi": 61, "N_inlier": 61, "refit": true}
{"timestamp": "20:05:18.451460", "frame": 27, "mu": [-1.8450481106859724, 1.4718376479797595, 1.2871356467338597], "Sigma": [[0.012424063768950258, 0.008830887459760213, -0.009550869275258049], [0.008830887459760213, 0.012726222696766267, -0.008186897106713838], [-0.009550869275258049, -0.008186897106713838, 0.008118650011237585]], "chi2_level": 0.99, "chi2_df": 3, "chi2_threshold": 11.344866730144373, "N_raw": 49, "N_roi": 49, "N_inlier": 47, "refit": true}
{"timestamp": "20:05:18.553433", "frame": 29, "mu": [-1.8345232795757804, 1.8920777871280776, -0.815668807025951], "Sigma": [[0.026445256799239647, 0.04327745365353329, -0.09107605168457836], [0.04327745365353329, 0.0749339135210225, -0.16212462727256466], [-0.09107605168457836, -0.16212462727256466, 0.3678989214267085]], "chi2_level": 0.99, "chi2_df": 3, "chi2_threshold": 11.344866730144373, "N_raw": 6, "N_roi": 6, "N_inlier": 6, "refit": true}
{"timestamp": "20:05:18.618674", "frame": 30, "mu": [-1.8074576004870042, 1.608716281584543, 1.2068874486076018], "Sigma": [[0.030862748978364666, 0.019899585913261783, -0.018332629775217373], [0.019899585913261783, 0.01673880750314806, -0.015232439904462283], [-0.018332629775217373, -0.015232439904462283, 0.01496751062826531]], "chi2_level": 0.99, "chi2_df": 3, "chi2_threshold": 11.344866730144373, "N_raw": 72, "N_roi": 72, "N_inlier": 70, "refit": true}
{"timestamp": "20:05:18.675438", "frame": 31, "mu": [-1.8897957622384267, 1.6472928596854062, 0.21356635387082729], "Sigma": [[0.023134182227724783, 0.01600304712241477, 0.03764646957582567], [0.01600304712241477, 0.022717420537971475, 0.0066448276927517326], [0.03764646957582567, 0.006644827692751733, 0.23197804429060137]], "chi2_level": 0.99, "chi2_df": 3, "chi2_threshold": 11.344866730144373, "N_raw": 82, "N_roi": 82, "N_inlier": 81, "refit": true}
{"timestamp": "20:05:18.730778", "frame": 32, "mu": [-1.6901537685199892, 1.7272400352507242, 1.3777224226554554], "Sigma": [[0.029856850231083365, 0.014608714220470574, -0.03265397162403176], [0.014608714220470574, 0.014322404239884802, -0.020994138906514845], [-0.03265397162403176, -0.020994138906514845, 0.052486275480497474]], "chi2_level": 0.99, "chi2_df": 3, "chi2_threshold": 11.344866730144373, "N_raw": 79, "N_roi": 79, "N_inlier": 78, "refit": true}
{"timestamp": "20:05:18.781448", "frame": 33, "mu": [-1.5600834827257408, 1.8226970838824195, 1.4141062669820352], "Sigma": [[0.02434239060384838, 0.009694770326837309, -0.029487872160579444], [0.009694770326837309, 0.010946277253938326, -0.01437549499794578], [-0.029487872160579444, -0.014375494997945777, 0.07329849805889199]], "chi2_level": 0.99, "chi2_df": 3, "chi2_threshold": 11.344866730144373, "N_raw": 51, "N_roi": 51, "N_inlier": 46, "refit": true}
{"timestamp": "20:05:18.833903", "frame": 34, "mu": [-1.4496487427295484, 1.9314407419395505, 1.2012556366285954], "Sigma": [[0.00579477002682061, 0.0031651092010166965, -0.01812632584430336], [0.003165109201016697, 0.0061769288491281575, -0.02167980138558686], [-0.01812632584430336, -0.02167980138558686, 0.1519200463872278]], "chi2_level": 0.99, "chi2_df": 3, "chi2_threshold": 11.344866730144373, "N_raw": 25, "N_roi": 25, "N_inlier": 23, "refit": true}
{"timestamp": "20:05:18.888522", "frame": 35, "mu": [-1.451289101257804, 2.037968687465949, 1.0432600451740868], "Sigma": [[0.007384091684658129, -8.822222831674551e-05, -0.010661169660411808], [-8.822222831674544e-05, 0.002251480473386648, -0.0022301810841973586], [-0.010661169660411808, -0.002230181084197359, 0.1606626697489519]], "chi2_level": 0.99, "chi2_df": 3, "chi2_threshold": 11.344866730144373, "N_raw": 34, "N_roi": 34, "N_inlier": 32, "refit": true}
{"timestamp": "20:05:18.943271", "frame": 36, "mu": [-1.3048402276130155, 2.0127814485872983, 1.1162076199998423], "Sigma": [[0.00679763931517532, -0.0022701819050347074, 0.02035600323872365], [-0.002270181905034707, 0.007936699197895433, -0.01577761935829556], [0.02035600323872365, -0.01577761935829556, 0.2010064651420975]], "chi2_level": 0.99, "chi2_df": 3, "chi2_threshold": 11.344866730144373, "N_raw": 28, "N_roi": 28, "N_inlier": 25, "refit": true}
{"timestamp": "20:05:19.003792", "frame": 37, "mu": [-1.2272079867275942, 2.1043428075324857, 1.131064227040207], "Sigma": [[0.009090596800754296, 0.00037930068036951133, -0.007415082076969259], [0.0003793006803695112, 0.004399616842262846, -0.00585077333133345], [-0.007415082076969259, -0.00585077333133345, 0.033565240792624754]], "chi2_level": 0.99, "chi2_df": 3, "chi2_threshold": 11.344866730144373, "N_raw": 71, "N_roi": 71, "N_inlier": 66, "refit": true}
{"timestamp": "20:05:19.060492", "frame": 38, "mu": [-1.2188802105743402, 2.2710008205123837, -0.41353847278216305], "Sigma": [[0.014509330649583872, -0.002183255991651317, 0.025388256751862615], [-0.0021832559916513164, 0.010853079481780928, -0.03267099186122638], [0.025388256751862615, -0.03267099186122637, 0.1713423639456359]], "chi2_level": 0.99, "chi2_df": 3, "chi2_threshold": 11.344866730144373, "N_raw": 67, "N_roi": 64, "N_inlier": 62, "refit": true}
{"timestamp": "20:05:19.105897", "frame": 39, "mu": [-1.232826473373144, 2.201547546683929, 0.7702566327732082], "Sigma": [[0.0023901001249746687, 5.019443176006752e-05, 0.011456910728090379], [5.019443176006752e-05, 0.0035486885940988313, 0.005812876565176671], [0.011456910728090379, 0.005812876565176669, 0.3711007754383569]], "chi2_level": 0.99, "chi2_df": 3, "chi2_threshold": 11.344866730144373, "N_raw": 11, "N_roi": 11, "N_inlier": 11, "refit": true}
{"timestamp": "20:05:19.162501", "frame": 40, "mu": [-1.1843576272342753, 2.2274584408452975, 0.10084800333228866], "Sigma": [[0.007606364439043934, 0.0020915388963272247, 0.014563644629561646], [0.0020915388963272247, 0.0019052908478377603, 0.0036257844009055934], [0.014563644629561646, 0.003625784400905593, 0.2637975461794047]], "chi2_level": 0.99, "chi2_df": 3, "chi2_threshold": 11.344866730144373, "N_raw": 27, "N_roi": 27, "N_inlier": 26, "refit": true}
{"timestamp": "20:05:19.222596", "frame": 41, "mu": [-1.0448750832833331, 2.3353384273596727, 0.9471378070992759], "Sigma": [[0.008261554598775343, -0.003143442756048603, -0.027703228467199005], [-0.003143442756048603, 0.007014867664934944, -0.017402731366615718], [-0.027703228467199005, -0.017402731366615718, 0.3386335941212027]], "chi2_level": 0.99, "chi2_df": 3, "chi2_threshold": 11.344866730144373, "N_raw": 63, "N_roi": 60, "N_inlier": 59, "refit": true}
{"timestamp": "20:05:19.277885", "frame": 42, "mu": [-0.9887431628169326, 2.3607984204729737, 0.9238864499278578], "Sigma": [[0.01855135394951256, 0.0021502607809298253, -0.05157299324259798], [0.002150260780929826, 0.007198569937868119, -0.029549074218518327], [-0.05157299324259798, -0.029549074218518327, 0.2670707857028572]], "chi2_level": 0.99, "chi2_df": 3, "chi2_threshold": 11.344866730144373, "N_raw": 58, "N_roi": 58, "N_inlier": 57, "refit": true}
{"timestamp": "20:05:19.328762", "frame": 43, "mu": [-0.970942706499826, 2.3585736414842966, 1.005915872554708], "Sigma": [[0.00647671428517044, 9.981953137231303e-05, -0.013429618520891072], [9.981953137231292e-05, 0.0065195946834689265, -0.02508173437633766], [-0.013429618520891074, -0.025081734376337664, 0.22805557309351318]], "chi2_level": 0.99, "chi2_df": 3, "chi2_threshold": 11.344866730144373, "N_raw": 34, "N_roi": 34, "N_inlier": 34, "refit": true}
{"timestamp": "20:05:19.384471", "frame": 44, "mu": [-0.9075298313274058, 2.4653724333397666, 1.1752326202206618], "Sigma": [[0.008245386723802076, -0.0028354734763267183, -0.005459974161581206], [-0.002835473476326718, 0.0038813031593792763, -0.0007074224634010472], [-0.005459974161581206, -0.000707422463401047, 0.007266862229224145]], "chi2_level": 0.99, "chi2_df": 3, "chi2_threshold": 11.344866730144373, "N_raw": 43, "N_roi": 43, "N_inlier": 39, "refit": true}
{"timestamp": "20:05:19.443880", "frame": 45, "mu": [-0.9868295284493669, 2.511607239600265, 0.6999956867331465], "Sigma": [[0.023286840369540093, 0.0046799350244562995, 0.046391610156328686], [0.0046799350244562995, 0.0032709836969677508, 0.019195358564405098], [0.046391610156328686, 0.019195358564405095, 0.27679313482183393]], "chi2_level": 0.99, "chi2_df": 3, "chi2_threshold": 11.344866730144373, "N_raw": 67, "N_roi": 66, "N_inlier": 65, "refit": true}
{"timestamp": "20:05:19.499577", "frame": 46, "mu": [-0.8624473498883746, 2.5443188708260007, 0.8319024036408399], "Sigma": [[0.02181283091564689, -0.0009016967757378733, 0.03990784398236168], [-0.0009016967757378733, 0.0032984804142973303, 0.0022741801633427987], [0.03990784398236168, 0.0022741801633427983, 0.18061160939582083]], "chi2_level": 0.99, "chi2_df": 3, "chi2_threshold": 11.344866730144373, "N_raw": 72, "N_roi": 71, "N_inlier": 70, "refit": true}
{"timestamp": "20:05:19.550135", "frame": 47, "mu": [-0.8319335403726807, 2.59575609230636, 0.4158981338337273], "Sigma": [[0.014697342954718756, 0.0010430587985440656, 0.02755572120049461], [0.0010430587985440654, 0.0011880627832766195, 0.0005982784349999065], [0.027555721200494605, 0.0005982784349999069, 0.18445986047133592]], "chi2_level": 0.99, "chi2_df": 3, "chi2_threshold": 11.344866730144373, "N_raw": 45, "N_roi": 45, "N_inlier": 44, "refit": true}
{"timestamp": "20:05:19.609175", "frame": 48, "mu": [-0.6907916950734267, 2.645574726940316, 1.3860379651536343], "Sigma": [[0.008916411842596927, -0.0012173386755875326, -0.0072412035361715974], [-0.0012173386755875328, 0.005056894723351507, 0.00015042719477305116], [-0.007241203536171597, 0.00015042719477305095, 0.00943552463476593]], "chi2_level": 0.99, "chi2_df": 3, "chi2_threshold": 11.344866730144373, "N_raw": 52, "N_roi": 52, "N_inlier": 48, "refit": true}
{"timestamp": "20:05:19.659757", "frame": 49, "mu": [-0.6934637433229521, 2.6987525056949626, 0.8238769656065524], "Sigma": [[0.010529732968584145, -0.0005093155965093803, 0.00838669978369206], [-0.0005093155965093803, 0.00374455593749321, 0.023075928382601155], [0.008386699783692062, 0.023075928382601155, 0.38618039382891944]], "chi2_level": 0.99, "chi2_df": 3, "chi2_threshold": 11.344866730144373, "N_raw": 39, "N_roi": 39, "N_inlier": 38, "refit": true}
{"timestamp": "20:05:19.714337", "frame": 50, "mu": [-0.5524013997100047, 2.692377539526532, 0.8811400875254902], "Sigma": [[0.008569062969684753, -0.0017001271555785237, 0.00026844504347238235], [-0.0017001271555785237, 0.0052499683400397835, -0.017311634902341173], [0.0002684450434723806, -0.017311634902341173, 0.4554058214646343]], "chi2_level": 0.99, "chi2_df": 3, "chi2_threshold": 11.344866730144373, "N_raw": 42, "N_roi": 42, "N_inlier": 41, "refit": true}
{"timestamp": "20:05:19.776179", "frame": 51, "mu": [-0.5096573175322139, 2.789152715546466, 1.2855522368324417], "Sigma": [[0.014092702659168723, -0.0012973483386381928, -0.009640490510650345], [-0.001297348338638193, 0.006768534799384207, -0.004795213445062575], [-0.009640490510650345, -0.004795213445062575, 0.02542617530415245]], "chi2_level": 0.99, "chi2_df": 3, "chi2_threshold": 11.344866730144373, "N_raw": 82, "N_roi": 82, "N_inlier": 78, "refit": true}
{"timestamp": "20:05:19.829322", "frame": 52, "mu": [-0.4528168374743393, 2.829639376363159, 1.253190320711251], "Sigma": [[0.01737297211600388, -0.0010889994692944588, -0.012779960656032222], [-0.001088999469294459, 0.004118257884082998, -0.005782953701446433], [-0.012779960656032222, -0.005782953701446433, 0.027332384562689632]], "chi2_level": 0.99, "chi2_df": 3, "chi2_threshold": 11.344866730144373, "N_raw": 77, "N_roi": 77, "N_inlier": 72, "refit": true}
{"timestamp": "20:05:19.891000", "frame": 53, "mu": [-0.42679565733979896, 2.9545929174862, 0.12075672250751268], "Sigma": [[0.017867800832942763, -0.0058822241633662885, 0.09324288773997111], [-0.005882224163366289, 0.01667716096897375, -0.04924803186593771], [0.09324288773997111, -0.04924803186593771, 0.6200742220853334]], "chi2_level": 0.99, "chi2_df": 3, "chi2_threshold": 11.344866730144373, "N_raw": 109, "N_roi": 107, "N_inlier": 106, "refit": true}
{"timestamp": "20:05:19.939194", "frame": 54, "mu": [-0.37443440218421387, 3.13790652387008, -0.28398362465719035], "Sigma": [[0.017130417789226866, -0.0028666969667788247, 0.006386819773458804], [-0.0028666969667788247, 0.011187726168771209, -0.02802172588519887], [0.006386819773458804, -0.02802172588519887, 0.09255554453876269]], "chi2_level": 0.99, "chi2_df": 3, "chi2_threshold": 11.344866730144373, "N_raw": 65, "N_roi": 65, "N_inlier": 62, "refit": true}
{"timestamp": "20:05:20.003576", "frame": 55, "mu": [-0.3557935938263627, 3.205135397609669, -0.5141616878600939], "Sigma": [[0.026767419959115964, 0.0046952204212857215, 0.03557782737202039], [0.0046952204212857215, 0.03740483922961859, -0.08572453707812085], [0.03557782737202039, -0.08572453707812085, 0.44575027843321613]], "chi2_level": 0.99, "chi2_df": 3, "chi2_threshold": 11.344866730144373, "N_raw": 124, "N_roi": 120, "N_inlier": 120, "refit": true}
{"timestamp": "20:05:20.051183", "frame": 56, "mu": [-0.25211984053814296, 3.0571831768586097, 1.1259702413470498], "Sigma": [[0.018591085540873332, -0.003508500115202608, 0.018975282575798044], [-0.003508500115202608, 0.004772289950049999, -0.011496684735786696], [0.018975282575798044, -0.011496684735786696, 0.10323459139112973]], "chi2_level": 0.99, "chi2_df": 3, "chi2_threshold": 11.344866730144373, "N_raw": 78, "N_roi": 76, "N_inlier": 73, "refit": true}
{"timestamp": "20:05:20.104415", "frame": 57, "mu": [-0.15626665340308915, 3.0575596088981443, 1.3411985889650169], "Sigma": [[0.01495204084695252, -0.002598436004030583, -0.0030822440827983914], [-0.002598436004030583, 0.006834612395300036, 0.0006509147525219326], [-0.003082244082798392, 0.0006509147525219327, 0.04658813810622214]], "chi2_level": 0.99, "chi2_df": 3, "chi2_threshold": 11.344866730144373, "N_raw": 64, "N_roi": 61, "N_inlier": 58, "refit": true}
{"timestamp": "20:05:20.160418", "frame": 58, "mu": [-0.11691481304078073, 3.331073523182978, -0.4098506857759908], "Sigma": [[0.014993170211023938, -0.006941581632987879, 0.02405715990298983], [-0.00694158163298788, 0.0430983821268036, -0.1585820250099593], [0.02405715990298983, -0.15858202500995927, 0.6282559126236104]], "chi2_level": 0.99, "chi2_df": 3, "chi2_threshold": 11.344866730144373, "N_raw": 74, "N_roi": 74, "N_inlier": 73, "refit": true}
{"timestamp": "20:05:20.206181", "frame": 59, "mu": [-0.10914021941443351, 3.2400118481883937, 0.7702034239682598], "Sigma": [[0.0023256297867266947, -3.784988407265293e-05, 0.018763412524382753], [-3.784988407265304e-05, 0.007117653496028377, -0.030181349059827056], [0.01876341252438276, -0.030181349059827056, 0.445857599490374]], "chi2_level": 0.99, "chi2_df": 3, "chi2_threshold": 11.344866730144373, "N_raw": 12, "N_roi": 11, "N_inlier": 11, "refit": true}
{"timestamp": "20:05:20.259468", "frame": 60, "mu": [-0.04276826061978924, 3.263793949791862, 0.7832465715295647], "Sigma": [[0.0032340717524567404, -0.0030012427722042115, 0.0282993394475991], [-0.0030012427722042115, 0.012302447088926407, -0.04509957221665717], [0.028299339447599103, -0.04509957221665717, 0.36253174638198093]], "chi2_level": 0.99, "chi2_df": 3, "chi2_threshold": 11.344866730144373, "N_raw": 8, "N_roi": 8, "N_inlier": 8, "refit": true}
{"timestamp": "20:05:20.317121", "frame": 61, "mu": [0.07355043060477029, 3.2447631725957096, 1.0657149407289628], "Sigma": [[0.0065930499508189055, 0.0018050340842939755, -0.006615167657390057], [0.001805034084293976, 0.018157455152413893, -0.03625307210668212], [-0.006615167657390058, -0.03625307210668212, 0.08251278342205967]], "chi2_level": 0.99, "chi2_df": 3, "chi2_threshold": 11.344866730144373, "N_raw": 26, "N_roi": 26, "N_inlier": 24, "refit": true}
{"timestamp": "20:05:20.377611", "frame": 62, "mu": [0.019162481394101993, 3.384000670332872, 1.2525788273548941], "Sigma": [[0.011820253071106993, -5.2826748453015126e-05, 0.01600733829392172], [-5.2826748453015126e-05, 0.0019908792393598775, 0.004293208551133164], [0.01600733829392172, 0.004293208551133163, 0.26949049850333356]], "chi2_level": 0.99, "chi2_df": 3, "chi2_threshold": 11.344866730144373, "N_raw": 53, "N_roi": 53, "N_inlier": 51, "refit": true}
{"timestamp": "20:05:20.427646", "frame": 63, "mu": [0.15405994884295826, 3.326415464515433, 1.083075938059387], "Sigma": [[0.010961171085710686, -0.004271556106260636, 0.013806378118840652], [-0.004271556106260636, 0.005108830219865038, 0.005496773721997281], [0.013806378118840654, 0.005496773721997283, 0.1637303403004103]], "chi2_level": 0.99, "chi2_df": 3, "chi2_threshold": 11.344866730144373, "N_raw": 28, "N_roi": 28, "N_inlier": 26, "refit": true}
{"timestamp": "20:05:20.486568", "frame": 64, "mu": [0.24448224987554476, 3.4154525466579053, 1.259021880867329], "Sigma": [[0.01371355169057766, -0.004249702743544634, -0.006571963416144562], [-0.004249702743544634, 0.004124500316391936, -0.002594914418103146], [-0.006571963416144562, -0.0025949144181031465, 0.017018083508056857]], "chi2_level": 0.99, "chi2_df": 3, "chi2_threshold": 11.344866730144373, "N_raw": 50, "N_roi": 50, "N_inlier": 48, "refit": true}
{"timestamp": "20:05:20.539799", "frame": 65, "mu": [0.332228894812918, 3.413708116164689, 1.2908737972529065], "Sigma": [[0.010410986819673467, -0.003367422706188044, -0.003289986824668308], [-0.003367422706188044, 0.004467505525058749, -0.0034559392323480174], [-0.003289986824668308, -0.0034559392323480174, 0.01123432220209841]], "chi2_level": 0.99, "chi2_df": 3, "chi2_threshold": 11.344866730144373, "N_raw": 44, "N_roi": 44, "N_inlier": 42, "refit": true}
{"timestamp": "20:05:20.588976", "frame": 66, "mu": [0.3954846610862753, 3.4617477691818337, 0.809313887626004], "Sigma": [[0.00217466203874735, -0.0018442888183432152, 0.02628501178470827], [-0.0018442888183432152, 0.005733130987130301, -0.023175606902023894], [0.026285011784708275, -0.023175606902023898, 0.3960019669797347]], "chi2_level": 0.99, "chi2_df": 3, "chi2_threshold": 11.344866730144373, "N_raw": 8, "N_roi": 8, "N_inlier": 8, "refit": true}
{"timestamp": "20:05:20.650420", "frame": 67, "mu": [0.4249249050977057, 3.486864245688133, 1.2533581704381178], "Sigma": [[0.01261969027828251, -0.0043473448147758435, 0.007309232485943372], [-0.0043473448147758435, 0.005589285913721181, -0.015272560793324601], [0.00730923248594337, -0.015272560793324601, 0.06992339562007757]], "chi2_level": 0.99, "chi2_df": 3, "chi2_threshold": 11.344866730144373, "N_raw": 48, "N_roi": 48, "N_inlier": 47, "refit": true}
{"timestamp": "20:05:20.705191", "frame": 68, "mu": [0.4941071209467514, 3.57848485439406, -0.10726485545583976], "Sigma": [[0.009961655026229295, 0.001713096555205801, 0.028309955062544155], [0.0017130965552058014, 0.005908861883380383, 0.0020247531208693243], [0.02830995506254416, 0.002024753120869325, 0.1692303236439963]], "chi2_level": 0.99, "chi2_df": 3, "chi2_threshold": 11.344866730144373, "N_raw": 44, "N_roi": 44, "N_inlier": 41, "refit": true}
{"timestamp": "20:05:20.759502", "frame": 69, "mu": [0.4799675117220073, 3.5834180494739436, 1.3896542995445216], "Sigma": [[0.012967037542172214, -0.0019485392724122794, -0.006545507966624672], [-0.0019485392724122794, 0.0030623763882704166, -0.00019610361464910146], [-0.006545507966624672, -0.00019610361464910146, 0.005138695324263749]], "chi2_level": 0.99, "chi2_df": 3, "chi2_threshold": 11.344866730144373, "N_raw": 35, "N_roi": 35, "N_inlier": 34, "refit": true}
{"timestamp": "20:05:20.812489", "frame": 70, "mu": [0.5843361817735535, 3.6182105530700848, 1.3662288565763507], "Sigma": [[0.010086368651779377, -0.002043936127794176, -0.0054617220010515204], [-0.002043936127794176, 0.003138506049586362, -0.0008254302585993285], [-0.0054617220010515204, -0.0008254302585993284, 0.006632734882485612]], "chi2_level": 0.99, "chi2_df": 3, "chi2_threshold": 11.344866730144373, "N_raw": 31, "N_roi": 31, "N_inlier": 30, "refit": true}
{"timestamp": "20:05:20.871593", "frame": 71, "mu": [0.6230551112046051, 3.635288000605216, 1.2542480797905136], "Sigma": [[0.014997276719910418, -0.0013216155818391692, -0.004240062039461491], [-0.001321615581839169, 0.0031385117460182676, -0.0014895888678527881], [-0.00424006203946149, -0.001489588867852788, 0.037384510491182424]], "chi2_level": 0.99, "chi2_df": 3, "chi2_threshold": 11.344866730144373, "N_raw": 49, "N_roi": 49, "N_inlier": 47, "refit": true}
{"timestamp": "20:05:20.921873", "frame": 72, "mu": [0.6864498268617281, 3.7811779927237614, 0.46892916927021905], "Sigma": [[0.005863987521023194, 0.0020038848709112767, -0.011024621266745456], [0.0020038848709112767, 0.01276294397616136, -0.03660223951185569], [-0.011024621266745456, -0.03660223951185569, 0.3269815335584997]], "chi2_level": 0.99, "chi2_df": 3, "chi2_threshold": 11.344866730144373, "N_raw": 18, "N_roi": 18, "N_inlier": 17, "refit": true}
{"timestamp": "20:05:20.978496", "frame": 73, "mu": [0.7546294234829637, 3.7386195215744342, 1.302084926151323], "Sigma": [[0.007798072267726857, -0.0012476784278480405, 0.005083911640956186], [-0.0012476784278480403, 0.0060872551937836954, -0.004247377526669968], [0.005083911640956187, -0.004247377526669968, 0.07570674803019256]], "chi2_level": 0.99, "chi2_df": 3, "chi2_threshold": 11.344866730144373, "N_raw": 31, "N_roi": 29, "N_inlier": 26, "refit": true}
{"timestamp": "20:05:21.029601", "frame": 74, "mu": [0.7497565715961445, 3.8214299628823998, 1.1130169456614087], "Sigma": [[0.007138385091959407, -0.004492002615524934, 0.022504930946675557], [-0.004492002615524934, 0.003541285240467222, -0.0145369212555348], [0.022504930946675557, -0.0145369212555348, 0.08641848861609285]], "chi2_level": 0.99, "chi2_df": 3, "chi2_threshold": 11.344866730144373, "N_raw": 9, "N_roi": 6, "N_inlier": 6, "refit": true}
{"timestamp": "20:05:21.086010", "frame": 75, "mu": [0.7564536059240303, 3.91982234386447, 1.2032373199647102], "Sigma": [[0.0037717969127243293, 0.0006329832214832786, -0.009653949196598238], [0.0006329832214832787, 0.00937735623529747, -0.021653572889568835], [-0.009653949196598238, -0.02165357288956883, 0.09421444476611701]], "chi2_level": 0.99, "chi2_df": 3, "chi2_threshold": 11.344866730144373, "N_raw": 15, "N_roi": 14, "N_inlier": 13, "refit": true}
{"timestamp": "20:05:21.139633", "frame": 76, "mu": [0.8185668758026466, 3.967576105465464, 1.1099405423910176], "Sigma": [[0.0020956166168489463, -0.004369100781979274, 0.016566930977107687], [-0.004369100781979274, 0.012019627742735933, -0.03780400513776734], [0.01656693097710769, -0.037804005137767334, 0.22599250988911498]], "chi2_level": 0.99, "chi2_df": 3, "chi2_threshold": 11.344866730144373, "N_raw": 10, "N_roi": 10, "N_inlier": 9, "refit": true}
{"timestamp": "20:05:21.195932", "frame": 77, "mu": [0.9667812661727918, 4.037183339968205, 0.17004211948107703], "Sigma": [[0.004641799543325594, -0.004442646595675675, 0.0031895495030314566], [-0.004442646595675675, 0.021016087058679574, -0.03673204092816542], [0.0031895495030314566, -0.03673204092816542, 0.08023510201305968]], "chi2_level": 0.99, "chi2_df": 3, "chi2_threshold": 11.344866730144373, "N_raw": 16, "N_roi": 16, "N_inlier": 15, "refit": true}
{"timestamp": "20:05:21.249410", "frame": 78, "mu": [0.9670438192431982, 4.07970650468978, 0.8836759693760068], "Sigma": [[0.004405798955963189, -0.008215664194860507, 0.022202236872209725], [-0.008215664194860507, 0.016683959580092108, -0.04577298362095735], [0.022202236872209725, -0.045772983620957344, 0.13762577700263753]], "chi2_level": 0.99, "chi2_df": 3, "chi2_threshold": 11.344866730144373, "N_raw": 7, "N_roi": 7, "N_inlier": 7, "refit": true}
{"timestamp": "20:05:21.304986", "frame": 79, "mu": [0.9774434039675441, 3.682675424874567, 1.0530996783683715], "Sigma": [[0.08340565615645824, 0.28741323319994183, -0.06301551177745282], [0.28741323319994183, 1.1923733653796769, -0.41666027390123506], [-0.06301551177745285, -0.41666027390123506, 0.29992883847476454]], "chi2_level": 0.99, "chi2_df": 3, "chi2_threshold": 11.344866730144373, "N_raw": 9, "N_roi": 9, "N_inlier": 9, "refit": true}
{"timestamp": "20:05:21.359436", "frame": 80, "mu": [1.1307265363270314, 4.002174334961006, 0.8959637268133126], "Sigma": [[0.00684269207669031, -0.003922013997917392, 0.020721339076073382], [-0.003922013997917393, 0.005191437186405885, -0.007248745409286901], [0.020721339076073382, -0.0072487454092869, 0.08351042512817429]], "chi2_level": 0.99, "chi2_df": 3, "chi2_threshold": 11.344866730144373, "N_raw": 10, "N_roi": 6, "N_inlier": 6, "refit": true}
{"timestamp": "20:05:21.414461", "frame": 81, "mu": [1.18059258207566, 4.013402269018254, 0.8086575741982629], "Sigma": [[0.0047497752093518565, -0.005362223222133972, 0.012875801953949417], [-0.005362223222133973, 0.008498218798804752, -0.011753992700621874], [0.012875801953949417, -0.011753992700621874, 0.061962362062027945]], "chi2_level": 0.99, "chi2_df": 3, "chi2_threshold": 11.344866730144373, "N_raw": 8, "N_roi": 7, "N_inlier": 7, "refit": true}
{"timestamp": "20:05:21.470015", "frame": 82, "mu": [1.1841201603063254, 4.086177683808528, 0.8977436253687754], "Sigma": [[0.011487594534868929, -0.0031100906555517095, 0.030428118363410066], [-0.0031100906555517095, 0.0021620265023376242, -0.009283346895707912], [0.030428118363410066, -0.009283346895707912, 0.10296987607574641]], "chi2_level": 0.99, "chi2_df": 3, "chi2_threshold": 11.344866730144373, "N_raw": 10, "N_roi": 10, "N_inlier": 10, "refit": true}
{"timestamp": "20:05:21.526467", "frame": 83, "mu": [1.3368630179697267, 4.12512435219297, 1.3276900624244337], "Sigma": [[0.015086873385642944, -0.005909059857569643, -0.00883761981432607], [-0.005909059857569643, 0.0038897732755314935, 0.00232219736162369], [-0.00883761981432607, 0.00232219736162369, 0.008713951891633548]], "chi2_level": 0.99, "chi2_df": 3, "chi2_threshold": 11.344866730144373, "N_raw": 21, "N_roi": 21, "N_inlier": 20, "refit": true}
{"timestamp": "20:05:21.579068", "frame": 84, "mu": [1.4107625266423525, 4.2330180402011175, 0.32721070131951335], "Sigma": [[0.0008015556560793425, -0.001560101880576897, 0.0022618079422880074], [-0.0015601018805768967, 0.010818335397913785, -0.015089837991035908], [0.0022618079422880074, -0.015089837991035908, 0.02296593248881419]], "chi2_level": 0.99, "chi2_df": 3, "chi2_threshold": 11.344866730144373, "N_raw": 5, "N_roi": 5, "N_inlier": 5, "refit": true}
{"timestamp": "20:05:21.633716", "frame": 85, "mu": [1.3835014723654009, 4.281931758218394, 1.2870765620549882], "Sigma": [[0.002261897503871683, -0.002579176305999979, 0.014382651962119915], [-0.002579176305999979, 0.00705837411577201, -0.030790000427426772], [0.014382651962119915, -0.030790000427426772, 0.14510396799901856]], "chi2_level": 0.99, "chi2_df": 3, "chi2_threshold": 11.344866730144373, "N_raw": 5, "N_roi": 5, "N_inlier": 5, "refit": true}
{"timestamp": "20:05:21.743770", "frame": 87, "mu": [1.51962665577083, 4.388132431078647, 0.3799750664496089], "Sigma": [[0.0011159502502432965, 0.002166042178984001, -0.007663320146182268], [0.0021660421789840016, 0.007710023134905049, -0.015187868612287218], [-0.007663320146182269, -0.015187868612287216, 0.0567418127828407]], "chi2_level": 0.99, "chi2_df": 3, "chi2_threshold": 11.344866730144373, "N_raw": 5, "N_roi": 5, "N_inlier": 5, "refit": true}
{"timestamp": "20:05:21.799782", "frame": 88, "mu": [1.616149625698037, 4.293582722857568, 0.49410622790240016], "Sigma": [[0.0102507825181143, -0.0034235118779949074, -0.00133219907354055], [-0.0034235118779949074, 0.002015925293656718, 0.00026669541819102766], [-0.00133219907354055, 0.0002666954181910276, 0.0003727657978869317]], "chi2_level": 0.99, "chi2_df": 3, "chi2_threshold": 11.344866730144373, "N_raw": 12, "N_roi": 12, "N_inlier": 11, "refit": true}
{"timestamp": "20:05:21.856945", "frame": 89, "mu": [1.642302400594652, 4.327417705726451, 1.1385588338468402], "Sigma": [[0.01933503942971011, -0.00820408401797838, -0.011181948245818137], [-0.00820408401797838, 0.0045290961063095886, 0.0032305197763255436], [-0.01118194824581814, 0.003230519776325543, 0.012640978488822657]], "chi2_level": 0.99, "chi2_df": 3, "chi2_threshold": 11.344866730144373, "N_raw": 24, "N_roi": 24, "N_inlier": 23, "refit": true}
{"timestamp": "20:05:21.908595", "frame": 90, "mu": [1.5760715267375174, 4.42958685590677, 1.160298201535647], "Sigma": [[0.0008732700789820257, 0.00038276822028224976, 0.012428151528977298], [0.0003827682202822497, 0.0014773128069979252, 0.0009793016503977774], [0.012428151528977298, 0.000979301650397777, 0.19939638949267366]], "chi2_level": 0.99, "chi2_df": 3, "chi2_threshold": 11.344866730144373, "N_raw": 5, "N_roi": 5, "N_inlier": 5, "refit": true}
{"timestamp": "20:05:21.963796", "frame": 91, "mu": [1.7161845172806676, 4.403100700911701, 0.9394104955237645], "Sigma": [[0.0038842514112189816, -0.0006646198640348638, -0.018018077536713098], [-0.0006646198640348638, 0.00041694024354246595, 0.0057218337380589845], [-0.018018077536713098, 0.0057218337380589845, 0.11812186868938716]], "chi2_level": 0.99, "chi2_df": 3, "chi2_threshold": 11.344866730144373, "N_raw": 5, "N_roi": 5, "N_inlier": 5, "refit": true}
{"timestamp": "20:05:22.019861", "frame": 92, "mu": [1.716713794979835, 4.4607354351331665, 0.9762814754655582], "Sigma": [[0.000310526251951934, -0.00021978489379037962, 0.0031719263768227855], [-0.0002197848937903796, 0.002600448725443688, -0.00859498165815797], [0.0031719263768227855, -0.00859498165815797, 0.10483822576497653]], "chi2_level": 0.99, "chi2_df": 3, "chi2_threshold": 11.344866730144373, "N_raw": 6, "N_roi": 6, "N_inlier": 6, "refit": true}
{"timestamp": "20:05:22.074675", "frame": 93, "mu": [1.7500503536167666, 4.522229109097034, 1.3733284385411575], "Sigma": [[0.00675126622012806, -0.002066400951723379, -0.007969982677060502], [-0.0020664009517233784, 0.0025473804938677463, -0.002397057992618862], [-0.007969982677060502, -0.0023970579926188623, 0.027175939333480385]], "chi2_level": 0.99, "chi2_df": 3, "chi2_threshold": 11.344866730144373, "N_raw": 11, "N_roi": 11, "N_inlier": 11, "refit": true}
{"timestamp": "20:05:22.128050", "frame": 94, "mu": [1.8245097015219565, 4.565210655645537, 1.1951871558940677], "Sigma": [[0.002099458979163338, 0.002008650082468663, -0.005829030699030057], [0.0020086500824686624, 0.002198616084438727, -0.0070302786398380255], [-0.005829030699030057, -0.0070302786398380255, 0.040543836175465316]], "chi2_level": 0.99, "chi2_df": 3, "chi2_threshold": 11.344866730144373, "N_raw": 5, "N_roi": 5, "N_inlier": 5, "refit": true}
{"timestamp": "20:05:22.294630", "frame": 97, "mu": [1.7326283458879415, 4.16542608723594, 0.16452232271736414], "Sigma": [[0.44768254286659387, 1.1173684141629772, -0.02829444332616183], [1.1173684141629772, 2.798075657030113, -0.04842882013717674], [-0.02829444332616183, -0.04842882013717674, 0.14077366232385588]], "chi2_level": 0.99, "chi2_df": 3, "chi2_threshold": 11.344866730144373, "N_raw": 6, "N_roi": 6, "N_inlier": 6, "refit": true}
{"timestamp": "20:05:22.348379", "frame": 98, "mu": [2.0356559793199454, 4.728765330602166, 1.045113846222193], "Sigma": [[0.0012585796416778117, 0.0005630630746216989, -0.009391034075777443], [0.0005630630746216989, 0.0009465902549388728, -0.0016165711170508857], [-0.009391034075777443, -0.0016165711170508853, 0.07978800754760576]], "chi2_level": 0.99, "chi2_df": 3, "chi2_threshold": 11.344866730144373, "N_raw": 5, "N_roi": 5, "N_inlier": 5, "refit": true}
{"timestamp": "20:05:22.549158", "frame": 101, "mu": [2.0964242377582556, 4.866910475425136, 1.0716608463937372], "Sigma": [[0.018974480543637873, -0.00834451954418323, -0.024891881566266365], [-0.008344519544183231, 0.004841211815364518, 0.005690460527464513], [-0.024891881566266365, 0.005690460527464511, 0.10777031704639431]], "chi2_level": 0.99, "chi2_df": 3, "chi2_threshold": 11.344866730144373, "N_raw": 36, "N_roi": 36, "N_inlier": 35, "refit": true}
{"timestamp": "20:05:22.581021", "frame": 102, "mu": [2.176876735164542, 4.87383852469372, 1.0487059745835023], "Sigma": [[0.001308300433104912, 0.00036584601678487033, -0.00938433999811314], [0.0003658460167848704, 0.0005751309703554607, -0.003479472268968115], [-0.00938433999811314, -0.003479472268968115, 0.11870442469218523]], "chi2_level": 0.99, "chi2_df": 3, "chi2_threshold": 11.344866730144373, "N_raw": 5, "N_roi": 5, "N_inlier": 5, "refit": true}
{"timestamp": "20:05:22.624420", "frame": 103, "mu": [1.934293339407285, 4.385111359383546, 1.0938691240105736], "Sigma": [[0.4745339533097299, 1.0721839650591853, -0.15987490560707007], [1.0721839650591853, 2.426605646549336, -0.37278238414979686], [-0.15987490560707007, -0.37278238414979686, 0.16634745463470926]], "chi2_level": 0.99, "chi2_df": 3, "chi2_threshold": 11.344866730144373, "N_raw": 6, "N_roi": 6, "N_inlier": 6, "refit": true}
