{"timestamp": "20:12:38.575607", "frame": 14, "mu": [-1.638014397921839, 4.930498267481821, 0.3697605558911883], "Sigma": [[0.036943205680902626, 0.005499329727752309, -0.011262116958735743], [0.00549932972775231, 0.001995779363942439, -0.002346177128697756], [-0.011262116958735743, -0.002346177128697756, 0.0061927763072298575]], "chi2_level": 0.99, "chi2_df": 3, "chi2_threshold": 11.344866730144373, "N_raw": 34, "N_roi": 27, "N_inlier": 27, "refit": true}
{"timestamp": "20:12:38.688004", "frame": 16, "mu": [-1.6333189383759468, 4.862767104488081, 0.3017421998135483], "Sigma": [[0.02680410281910387, 0.0013268602850258363, -0.025319084416285987], [0.0013268602850258359, 0.0031666368288309917, -0.0017678887507738654], [-0.02531908441628599, -0.0017678887507738654, 0.029471379344684065]], "chi2_level": 0.99, "chi2_df": 3, "chi2_threshold": 11.344866730144373, "N_raw": 34, "N_roi": 33, "N_inlier": 33, "refit": true}
{"timestamp": "20:12:38.740341", "frame": 17, "mu": [-1.6052233574705594, 4.78538250943241, 0.29525500084615697], "Sigma": [[0.022096124173671856, -0.005564984220183651, -0.018692305743510332], [-0.005564984220183652, 0.002238333314334739, 0.003824541648453663], [-0.018692305743510332, 0.003824541648453663, 0.023830393695769614]], "chi2_level": 0.99, "chi2_df": 3, "chi2_threshold": 11.344866730144373, "N_raw": 14, "N_roi": 14, "N_inlier": 13, "refit": true}
{"timestamp": "20:12:38.795519", "frame": 18, "mu": [-1.7010160840181987, 4.940218571296279, -0.09268143299665924], "Sigma": [[0.007468743685419713, 0.0006847713873247394, -0.003081028376849905], [0.0006847713873247397, 0.001425585913885174, -0.0018174269246334384], [-0.003081028376849905, -0.0018174269246334386, 0.004743696457218783]], "chi2_level": 0.99, "chi2_df": 3, "chi2_threshold": 11.344866730144373, "N_raw": 12, "N_roi": 8, "N_inlier": 8, "refit": true}
{"timestamp": "20:12:38.848822", "frame": 19, "mu": [-1.598764564919454, 4.746728106559788, 0.694901294245837], "Sigma": [[0.021298794560334955, -0.0028234155971907453, 0.0031414504134334893], [-0.0028234155971907453, 0.0012200419546674792, -0.0033122348574220447], [0.0031414504134334893, -0.0033122348574220447, 0.01168755567125083]], "chi2_level": 0.99, "chi2_df": 3, "chi2_threshold": 11.344866730144373, "N_raw": 5, "N_roi": 5, "N_inlier": 5, "refit": true}
{"timestamp": "20:12:38.905699", "frame": 20, "mu": [-1.569302185312482, 4.683475553337334, 0.6447215222194503], "Sigma": [[0.014252594412822102, 0.0008923826920667136, -0.004949960568684864], [0.0008923826920667136, 0.0013870462586660173, -0.002222369602876257], [-0.004949960568684864, -0.002222369602876257, 0.009428725592025008]], "chi2_level": 0.99, "chi2_df": 3, "chi2_threshold": 11.344866730144373, "N_raw": 22, "N_roi": 22, "N_inlier": 22, "refit": true}
{"timestamp": "20:12:38.965940", "frame": 21, "mu": [-1.6673582033609402, 4.600220552921836, 0.5166991065595604], "Sigma": [[0.03471904975640956, 0.003659245454572533, -0.0021773037491868924], [0.0036592454545725335, 0.0016635587681468852, -0.004649447572309251], [-0.002177303749186891, -0.0046494475723092505, 0.025260668895438786]], "chi2_level": 0.99, "chi2_df": 3, "chi2_threshold": 11.344866730144373, "N_raw": 54, "N_roi": 53, "N_inlier": 52, "refit": true}
{"timestamp": "20:12:39.020486", "frame": 22, "mu": [-1.5420132825785122, 4.772096581120023, -0.2590957821812427], "Sigma": [[0.026813787088456983, 0.0057992621242743195, -0.005171384780150833], [0.005799262124274318, 0.005321716986641661, -0.009722078956835712], [-0.005171384780150833, -0.009722078956835713, 0.02168346909094452]], "chi2_level": 0.99, "chi2_df": 3, "chi2_threshold": 11.344866730144373, "N_raw": 47, "N_roi": 47, "N_inlier": 46, "refit": true}
{"timestamp": "20:12:39.071597", "frame": 23, "mu": [-1.6532505949199265, 4.666901191351147, -0.17189070766266898], "Sigma": [[0.01981493119430991, 0.0060290955775648995, -0.01079769961899618], [0.0060290955775648995, 0.004257508150470505, -0.004257610216357558], [-0.01079769961899618, -0.004257610216357558, 0.0077316779730224345]], "chi2_level": 0.99, "chi2_df": 3, "chi2_threshold": 11.344866730144373, "N_raw": 23, "N_roi": 23, "N_inlier": 23, "refit": true}
{"timestamp": "20:12:39.126586", "frame": 24, "mu": [-1.6241029886248786, 4.404111709344037, 0.6337337215757797], "Sigma": [[0.02314081286697332, 0.0031655422148495183, -0.0014036223960531323], [0.0031655422148495183, 0.001588564448297888, -0.002078659914182799], [-0.0014036223960531323, -0.002078659914182799, 0.007556787559341928]], "chi2_level": 0.99, "chi2_df": 3, "chi2_threshold": 11.344866730144373, "N_raw": 26, "N_roi": 26, "N_inlier": 26, "refit": true}
{"timestamp": "20:12:39.184860", "frame": 25, "mu": [-1.6030023783088871, 4.337152868559453, 0.5816014086969267], "Sigma": [[0.03382250951572792, 0.0061015101860018295, -0.015931414855172164], [0.0061015101860018295, 0.003577544161008959, -0.006830749658374224], [-0.015931414855172164, -0.006830749658374224, 0.017665962953652983]], "chi2_level": 0.99, "chi2_df": 3, "chi2_threshold": 11.344866730144373, "N_raw": 53, "N_roi": 53, "N_inlier": 52, "refit": true}
{"timestamp": "20:12:39.241076", "frame": 26, "mu": [-1.7041891472784494, 4.161746389084544, 0.13291813913250836], "Sigma": [[0.03218149583498898, 0.0037512124649107864, -0.0044350067937970195], [0.0037512124649107864, 0.002536919349418193, 0.001040988629595343], [-0.004435006793797018, 0.001040988629595343, 0.03456071614818737]], "chi2_level": 0.99, "chi2_df": 3, "chi2_threshold": 11.344866730144373, "N_raw": 52, "N_roi": 52, "N_inlier": 52, "refit": true}
{"timestamp": "20:12:39.291084", "frame": 27, "mu": [-1.730170427246589, 4.140577906984488, 0.3927424572447106], "Sigma": [[0.015526578745291853, 0.003388576847572146, -0.0003690887192286446], [0.003388576847572146, 0.0011673170075385088, -0.0005403059234085711], [-0.0003690887192286446, -0.000540305923408571, 0.014887301339694405]], "chi2_level": 0.99, "chi2_df": 3, "chi2_threshold": 11.344866730144373, "N_raw": 20, "N_roi": 20, "N_inlier": 20, "refit": true}
{"timestamp": "20:12:39.350172", "frame": 28, "mu": [-1.7103454052348106, 4.067090428268085, 0.3827757939100467], "Sigma": [[0.02779465596968408, 0.004533271757810068, -0.0064035837639256805], [0.004533271757810068, 0.0012743431285847505, -0.001086088699836437], [-0.006403583763925682, -0.001086088699836437, 0.03736174259354463]], "chi2_level": 0.99, "chi2_df": 3, "chi2_threshold": 11.344866730144373, "N_raw": 48, "N_roi": 48, "N_inlier": 47, "refit": true}
{"timestamp": "20:12:39.405610", "frame": 29, "mu": [-1.7358392301520267, 4.0445330950958756, 0.544550542251894], "Sigma": [[0.03288811147111027, 0.005354002478788648, -0.00423728683528911], [0.005354002478788648, 0.0018195730765046207, -0.003605914405712695], [-0.00423728683528911, -0.003605914405712695, 0.02080376799953756]], "chi2_level": 0.99, "chi2_df": 3, "chi2_threshold": 11.344866730144373, "N_raw": 49, "N_roi": 49, "N_inlier": 49, "refit": true}
{"timestamp": "20:12:39.459889", "frame": 30, "mu": [-1.6431047600975193, 3.9865473446429585, 0.6347504845125213], "Sigma": [[0.029658460207741086, 0.005334115003470291, -0.009428664892229271], [0.00533411500347029, 0.0036746855136194573, -0.004889810201458773], [-0.009428664892229271, -0.004889810201458773, 0.009473993535926541]], "chi2_level": 0.99, "chi2_df": 3, "chi2_threshold": 11.344866730144373, "N_raw": 48, "N_roi": 48, "N_inlier": 48, "refit": true}
{"timestamp": "20:12:39.512598", "frame": 31, "mu": [-1.6116136086300676, 4.124946875328151, -0.6243567577546536], "Sigma": [[0.018902766172620857, 0.0006674303703053572, -0.016395630370607386], [0.0006674303703053569, 0.0023676189779971903, -0.0019450756309901274], [-0.016395630370607383, -0.0019450756309901277, 0.01661291676177057]], "chi2_level": 0.99, "chi2_df": 3, "chi2_threshold": 11.344866730144373, "N_raw": 25, "N_roi": 24, "N_inlier": 22, "refit": true}
{"timestamp": "20:12:39.568814", "frame": 32, "mu": [-1.7974746409579845, 3.851192288243997, 0.738277879614796], "Sigma": [[0.018502359395159547, -0.00010810181944245192, -0.015182543607206776], [-0.00010810181944245181, 0.002013070687237269, -0.003009177211823288], [-0.015182543607206776, -0.0030091772118232877, 0.020291286808460117]], "chi2_level": 0.99, "chi2_df": 3, "chi2_threshold": 11.344866730144373, "N_raw": 40, "N_roi": 40, "N_inlier": 38, "refit": true}
{"timestamp": "20:12:39.628291", "frame": 33, "mu": [-1.7114154817881857, 3.8809400648886947, -0.9103688521470995], "Sigma": [[0.029726196493136063, 0.018544342138030807, 0.048211144753385435], [0.018544342138030807, 0.021055991552902737, 0.04263844204732456], [0.048211144753385435, 0.04263844204732456, 0.16177089838544365]], "chi2_level": 0.99, "chi2_df": 3, "chi2_threshold": 11.344866730144373, "N_raw": 67, "N_roi": 66, "N_inlier": 66, "refit": true}
{"timestamp": "20:12:39.679357", "frame": 34, "mu": [-1.6991023878854348, 3.719128032237808, 0.6909922720788122], "Sigma": [[0.024671662506262203, 0.0009444392095441889, -0.02477018911604644], [0.0009444392095441889, 0.0020358591955985375, -0.0032878057233941185], [-0.02477018911604644, -0.0032878057233941185, 0.02981986980205663]], "chi2_level": 0.99, "chi2_df": 3, "chi2_threshold": 11.344866730144373, "N_raw": 43, "N_roi": 43, "N_inlier": 42, "refit": true}
{"timestamp": "20:12:39.729447", "frame": 35, "mu": [-1.764374522732228, 3.8629864113669097, -0.4005810560702343], "Sigma": [[0.007419733750822589, -0.0034552110622814015, 0.003349982404636758], [-0.0034552110622814015, 0.005121530362886153, -0.004892068290255785], [0.0033499824046367586, -0.004892068290255785, 0.007641004187871385]], "chi2_level": 0.99, "chi2_df": 3, "chi2_threshold": 11.344866730144373, "N_raw": 7, "N_roi": 6, "N_inlier": 6, "refit": true}
{"timestamp": "20:12:39.784830", "frame": 36, "mu": [-1.659111189519371, 3.537933628154668, 0.6455173071943325], "Sigma": [[0.009334087231063675, 0.0008759720125208147, -0.0012473533786810796], [0.0008759720125208147, 0.00042560287618160163, -0.0001337451505023052], [-0.0012473533786810794, -0.00013374515050230506, 0.02318855131056201]], "chi2_level": 0.99, "chi2_df": 3, "chi2_threshold": 11.344866730144373, "N_raw": 15, "N_roi": 15, "N_inlier": 15, "refit": true}
{"timestamp": "20:12:39.840316", "frame": 37, "mu": [-1.6504918853810737, 3.452189642136873, 0.5668087151869244], "Sigma": [[0.026088332862837214, -0.0010952262294182734, -0.016477488294578974], [-0.0010952262294182734, 0.0005916879330687708, -0.0008287875718332612], [-0.016477488294578974, -0.000828787571833261, 0.026701939960546272]], "chi2_level": 0.99, "chi2_df": 3, "chi2_threshold": 11.344866730144373, "N_raw": 21, "N_roi": 21, "N_inlier": 20, "refit": true}
{"timestamp": "20:12:39.897437", "frame": 38, "mu": [-1.697124507272802, 3.384481252937564, 0.6639411937716391], "Sigma": [[0.01674680043031669, 0.0024994866402177074, -0.009195929089620991], [0.0024994866402177083, 0.0009359231721151234, -0.003089709664820153], [-0.009195929089620991, -0.003089709664820153, 0.014618264910053467]], "chi2_level": 0.99, "chi2_df": 3, "chi2_threshold": 11.344866730144373, "N_raw": 25, "N_roi": 25, "N_inlier": 25, "refit": true}
{"timestamp": "20:12:39.952156", "frame": 39, "mu": [-1.70764127095579, 3.3527462880608336, 0.8131347248685484], "Sigma": [[0.013771308360181261, 0.0028933278859407745, -0.010803025414202728], [0.0028933278859407745, 0.0018277437354458708, -0.005109708277183085], [-0.01080302541420273, -0.005109708277183085, 0.018078120871994494]], "chi2_level": 0.99, "chi2_df": 3, "chi2_threshold": 11.344866730144373, "N_raw": 27, "N_roi": 27, "N_inlier": 26, "refit": true}
{"timestamp": "20:12:40.010382", "frame": 40, "mu": [-1.6954173015042093, 3.489563163872342, -0.3811355525784257], "Sigma": [[0.018339803422057963, 0.0062454526367878415, -0.004975966506683874], [0.0062454526367878415, 0.006628720538984787, -0.009889628022989573], [-0.004975966506683874, -0.009889628022989573, 0.01813573563525701]], "chi2_level": 0.99, "chi2_df": 3, "chi2_threshold": 11.344866730144373, "N_raw": 46, "N_roi": 46, "N_inlier": 45, "refit": true}
{"timestamp": "20:12:40.059496", "frame": 41, "mu": [-1.707198607115789, 3.1818319309812146, 0.6977295208255989], "Sigma": [[0.005679333064960005, 0.0012530265593549382, -0.007026863414249584], [0.0012530265593549382, 0.0013174472025310816, -0.0051586717955273845], [-0.007026863414249584, -0.0051586717955273845, 0.11264485664051224]], "chi2_level": 0.99, "chi2_df": 3, "chi2_threshold": 11.344866730144373, "N_raw": 7, "N_roi": 7, "N_inlier": 7, "refit": true}
{"timestamp": "20:12:40.118878", "frame": 42, "mu": [-1.6607142608728895, 3.1448109698905586, 0.7855626175173425], "Sigma": [[0.021434211692845512, 0.0008082407272658436, -0.009522041314728238], [0.0008082407272658439, 0.0010085070861450406, -0.0029309691745236584], [-0.009522041314728238, -0.0029309691745236584, 0.021469376891830164]], "chi2_level": 0.99, "chi2_df": 3, "chi2_threshold": 11.344866730144373, "N_raw": 46, "N_roi": 46, "N_inlier": 46, "refit": true}
{"timestamp": "20:12:40.173675", "frame": 43, "mu": [-1.6797704508582232, 3.0659866725534224, 0.600601082240884], "Sigma": [[0.023511581412391454, 0.00029356600695195885, -0.005434530995662386], [0.00029356600695195885, 0.0008513206015911578, -0.0015445993048799306], [-0.005434530995662385, -0.0015445993048799306, 0.011001420368177585]], "chi2_level": 0.99, "chi2_df": 3, "chi2_threshold": 11.344866730144373, "N_raw": 38, "N_roi": 38, "N_inlier": 38, "refit": true}
{"timestamp": "20:12:40.230109", "frame": 44, "mu": [-1.6674570049668056, 2.9512394067312373, 0.5276642014555372], "Sigma": [[0.019330503635411264, 2.6762281376710017e-05, -0.004948852964695773], [2.6762281376709854e-05, 0.0016453806946287702, -0.0020590460538850866], [-0.004948852964695773, -0.0020590460538850866, 0.007494953156905808]], "chi2_level": 0.99, "chi2_df": 3, "chi2_threshold": 11.344866730144373, "N_raw": 44, "N_roi": 44, "N_inlier": 43, "refit": true}
{"timestamp": "20:12:40.282691", "frame": 45, "mu": [-1.6292705291692524, 2.891908604616503, 0.7503980762423624], "Sigma": [[0.01383504693989985, 0.0024816130005742287, -0.002297085695156071], [0.0024816130005742287, 0.0028846843989259402, -0.0028378175148445917], [-0.002297085695156071, -0.0028378175148445917, 0.004957129697894262]], "chi2_level": 0.99, "chi2_df": 3, "chi2_threshold": 11.344866730144373, "N_raw": 37, "N_roi": 37, "N_inlier": 36, "refit": true}
{"timestamp": "20:12:40.343197", "frame": 46, "mu": [-1.79222367215694, 2.795843838128257, 0.6864809457104686], "Sigma": [[0.023610117413948063, 0.0033651399310863834, 0.008224253507576966], [0.0033651399310863834, 0.0015026410181014237, 1.625299803941246e-05], [0.008224253507576966, 1.625299803941246e-05, 0.03106040816087858]], "chi2_level": 0.99, "chi2_df": 3, "chi2_threshold": 11.344866730144373, "N_raw": 60, "N_roi": 60, "N_inlier": 59, "refit": true}
{"timestamp": "20:12:40.393397", "frame": 47, "mu": [-1.767591087767896, 2.784092515621913, 0.8744880512166489], "Sigma": [[0.0124001516426154, 0.0009794693594971445, -0.00654302526567377], [0.0009794693594971445, 0.0013768018535496838, -0.0030396436501884307], [-0.00654302526567377, -0.0030396436501884307, 0.01139317012274173]], "chi2_level": 0.99, "chi2_df": 3, "chi2_threshold": 11.344866730144373, "N_raw": 32, "N_roi": 32, "N_inlier": 31, "refit": true}
{"timestamp": "20:12:40.443760", "frame": 48, "mu": [-1.7899001308345668, 2.6983727129274353, 0.8262452747541614], "Sigma": [[0.006475551568654518, 0.001327080926544038, 0.007857207057196386], [0.0013270809265440377, 0.0018759063168853104, -0.0034142573070344052], [0.007857207057196386, -0.0034142573070344057, 0.031030180743841576]], "chi2_level": 0.99, "chi2_df": 3, "chi2_threshold": 11.344866730144373, "N_raw": 6, "N_roi": 6, "N_inlier": 6, "refit": true}
{"timestamp": "20:12:40.505047", "frame": 49, "mu": [-1.8560046842514921, 2.6442213158842867, 1.0083876409183479], "Sigma": [[0.01773810924017989, 0.0035126774968015015, -0.011631295274037081], [0.0035126774968015015, 0.003641685264770632, -0.006248757811916524], [-0.01163129527403708, -0.006248757811916524, 0.014380102705020532]], "chi2_level": 0.99, "chi2_df": 3, "chi2_threshold": 11.344866730144373, "N_raw": 51, "N_roi": 51, "N_inlier": 50, "refit": true}
{"timestamp": "20:12:40.562363", "frame": 50, "mu": [-1.7945556306934414, 2.593836790853188, 0.9410095022724522], "Sigma": [[0.016045487016134348, 0.001560429553659522, -0.012631258925443822], [0.001560429553659522, 0.00186398195968882, -0.005719182110220751], [-0.012631258925443823, -0.005719182110220751, 0.031188343319904305]], "chi2_level": 0.99, "chi2_df": 3, "chi2_threshold": 11.344866730144373, "N_raw": 54, "N_roi": 54, "N_inlier": 52, "refit": true}
{"timestamp": "20:12:40.617171", "frame": 51, "mu": [-1.8948606493565183, 2.480495724533303, 1.087567211862278], "Sigma": [[0.013259354714190883, 0.0045372906752352265, -0.008903243020110304], [0.0045372906752352265, 0.004258347927989831, -0.008616086410254548], [-0.008903243020110304, -0.008616086410254548, 0.02282559806853374]], "chi2_level": 0.99, "chi2_df": 3, "chi2_threshold": 11.344866730144373, "N_raw": 54, "N_roi": 52, "N_inlier": 50, "refit": true}
{"timestamp": "20:12:40.670231", "frame": 52, "mu": [-1.8673866324713293, 2.4107341327448113, 1.0731565097180986], "Sigma": [[0.01036334014762555, 0.0031441575830565612, -0.014580354676673101], [0.0031441575830565612, 0.0027627146589193803, -0.009347620378695545], [-0.014580354676673101, -0.009347620378695545, 0.04745768496259659]], "chi2_level": 0.99, "chi2_df": 3, "chi2_threshold": 11.344866730144373, "N_raw": 47, "N_roi": 46, "N_inlier": 44, "refit": true}
{"timestamp": "20:12:40.719346", "frame": 53, "mu": [-1.8691737540765945, 2.337160244676649, 0.9101361390179954], "Sigma": [[0.010274028051128238, 0.002129537871558321, -0.005528947324054714], [0.002129537871558321, 0.0022707826441939047, -0.007050119133035354], [-0.005528947324054714, -0.007050119133035353, 0.06694474707034109]], "chi2_level": 0.99, "chi2_df": 3, "chi2_threshold": 11.344866730144373, "N_raw": 6, "N_roi": 6, "N_inlier": 6, "refit": true}
{"timestamp": "20:12:40.778941", "frame": 54, "mu": [-2.0362160875311233, 2.136434805856284, 1.3397385347221475], "Sigma": [[0.0365558459768647, 0.02236997747065844, -0.024939009908709953], [0.02236997747065844, 0.016268988418239705, -0.017650313209338596], [-0.024939009908709953, -0.0176503132093386, 0.032284190404664584]], "chi2_level": 0.99, "chi2_df": 3, "chi2_threshold": 11.344866730144373, "N_raw": 44, "N_roi": 40, "N_inlier": 38, "refit": true}
{"timestamp": "20:12:40.831112", "frame": 55, "mu": [-1.9924258654530418, 2.276230958598616, -0.2982607188451547], "Sigma": [[0.01854049548753619, 0.015056268175466188, -0.012551671017625528], [0.01505626817546619, 0.021871352435555658, -0.03247435419862737], [-0.012551671017625526, -0.03247435419862737, 0.07253067149200049]], "chi2_level": 0.99, "chi2_df": 3, "chi2_threshold": 11.344866730144373, "N_raw": 12, "N_roi": 12, "N_inlier": 12, "refit": true}
{"timestamp": "20:12:40.894733", "frame": 56, "mu": [-2.06743208480891, 1.9863053628835077, 1.094998538507537], "Sigma": [[0.03664290915361819, 0.02206898978982036, -0.01696207051324545], [0.02206898978982036, 0.018433984406389436, -0.026215202436395038], [-0.01696207051324545, -0.026215202436395038, 0.07888754283179374]], "chi2_level": 0.99, "chi2_df": 3, "chi2_threshold": 11.344866730144373, "N_raw": 76, "N_roi": 76, "N_inlier": 75, "refit": true}
{"timestamp": "20:12:40.948183", "frame": 57, "mu": [-2.028095067868134, 1.92169030080441, 1.1387756415765682], "Sigma": [[0.07733396702581581, 0.04410349717662766, -0.046724296447177696], [0.04410349717662766, 0.028281139714334144, -0.03329713038188438], [-0.046724296447177696, -0.03329713038188438, 0.06624023258930131]], "chi2_level": 0.99, "chi2_df": 3, "chi2_threshold": 11.344866730144373, "N_raw": 66, "N_roi": 60, "N_inlier": 59, "refit": true}
{"timestamp": "20:12:41.003344", "frame": 58, "mu": [-2.013003956217439, 1.8426748815214027, 1.273232280147441], "Sigma": [[0.02447024146364942, 0.018285010086784168, -0.01865994513457016], [0.018285010086784168, 0.017443753457505914, -0.02033391828316089], [-0.01865994513457016, -0.02033391828316089, 0.027731338517059653]], "chi2_level": 0.99, "chi2_df": 3, "chi2_threshold": 11.344866730144373, "N_raw": 67, "N_roi": 67, "N_inlier": 65, "refit": true}
{"timestamp": "20:12:41.055898", "frame": 59, "mu": [-2.076945526543574, 1.713798930310222, 1.2604332506482867], "Sigma": [[0.028949351508872335, 0.02183125401175385, -0.022146315746883437], [0.02183125401175385, 0.021703398768151735, -0.0191859104063141], [-0.022146315746883437, -0.0191859104063141, 0.01923762444548577]], "chi2_level": 0.99, "chi2_df": 3, "chi2_threshold": 11.344866730144373, "N_raw": 51, "N_roi": 51, "N_inlier": 50, "refit": true}
{"timestamp": "20:12:41.115265", "frame": 60, "mu": [-2.0647753278563186, 1.8853065056866982, -0.45959056153119837], "Sigma": [[0.026939111805249508, 0.025101606996858615, -0.02130347773968795], [0.025101606996858615, 0.04079321596690945, -0.053341713808827074], [-0.021303477739687948, -0.053341713808827074, 0.10279607833857299]], "chi2_level": 0.99, "chi2_df": 3, "chi2_threshold": 11.344866730144373, "N_raw": 84, "N_roi": 84, "N_inlier": 84, "refit": true}
{"timestamp": "20:12:41.165152", "frame": 61, "mu": [-2.0877973434548713, 1.64672336818721, -0.16992276438852125], "Sigma": [[0.033046895918164024, 0.032684384898461954, -0.029482135444567306], [0.032684384898461954, 0.04229594262202479, -0.03311189525352779], [-0.029482135444567306, -0.03311189525352779, 0.029888915156220976]], "chi2_level": 0.99, "chi2_df": 3, "chi2_threshold": 11.344866730144373, "N_raw": 43, "N_roi": 43, "N_inlier": 42, "refit": true}
{"timestamp": "20:12:41.223993", "frame": 62, "mu": [-1.9147040045603043, 1.6181203558799857, 1.0080146534396206], "Sigma": [[0.03468292754683302, 0.011425535040531029, -0.03184407798456341], [0.011425535040531029, 0.009242391956344586, -0.01609471973599573], [-0.03184407798456341, -0.016094719735995727, 0.04135082498702636]], "chi2_level": 0.99, "chi2_df": 3, "chi2_threshold": 11.344866730144373, "N_raw": 77, "N_roi": 77, "N_inlier": 76, "refit": true}
{"timestamp": "20:12:41.272237", "frame": 63, "mu": [-2.0165821763953176, 1.6080176935384027, -0.48972516605294336], "Sigma": [[0.020393802738884085, 0.02041276493778739, -0.012018807567339477], [0.02041276493778739, 0.022896518623372213, -0.018470805113719707], [-0.012018807567339477, -0.01847080511371971, 0.033883118881375594]], "chi2_level": 0.99, "chi2_df": 3, "chi2_threshold": 11.344866730144373, "N_raw": 32, "N_roi": 32, "N_inlier": 31, "refit": true}
{"timestamp": "20:12:41.337094", "frame": 64, "mu": [-1.9196449028241132, 1.436272546237959, 1.0833475543618298], "Sigma": [[0.020774739280658226, 0.016277872394576613, -0.014827239233787804], [0.016277872394576613, 0.01606417685112249, -0.019150433462483414], [-0.014827239233787804, -0.019150433462483418, 0.03377491417340914]], "chi2_level": 0.99, "chi2_df": 3, "chi2_threshold": 11.344866730144373, "N_raw": 93, "N_roi": 93, "N_inlier": 92, "refit": true}
{"timestamp": "20:12:41.391271", "frame": 65, "mu": [-1.949644833025593, 1.3852249745215208, 1.1232334103913484], "Sigma": [[0.017040154393207642, 0.015063460464287961, -0.009243394888938153], [0.015063460464287961, 0.017831722806931884, -0.01584381068047887], [-0.009243394888938154, -0.01584381068047887, 0.023589670651386986]], "chi2_level": 0.99, "chi2_df": 3, "chi2_threshold": 11.344866730144373, "N_raw": 85, "N_roi": 85, "N_inlier": 84, "refit": true}
{"timestamp": "20:12:41.443867", "frame": 66, "mu": [-1.9259863851432675, 1.3181405529392076, 1.1068002102819374], "Sigma": [[0.018638435880933966, 0.016285714276115384, -0.0029611704715973783], [0.016285714276115384, 0.016964674681522803, -0.007454691023616006], [-0.002961170471597378, -0.007454691023616006, 0.01626853700759378]], "chi2_level": 0.99, "chi2_df": 3, "chi2_threshold": 11.344866730144373, "N_raw": 70, "N_roi": 70, "N_inlier": 69, "refit": true}
{"timestamp": "20:12:41.500588", "frame": 67, "mu": [-1.948649711830826, 1.2047157601256264, 1.0941663391656915], "Sigma": [[0.011117805236066884, 0.009347407099556147, -0.002927922258055653], [0.009347407099556147, 0.014139872376170065, -0.01046224339080418], [-0.002927922258055654, -0.01046224339080418, 0.033768572073219844]], "chi2_level": 0.99, "chi2_df": 3, "chi2_threshold": 11.344866730144373, "N_raw": 83, "N_roi": 83, "N_inlier": 83, "refit": true}
{"timestamp": "20:12:41.552507", "frame": 68, "mu": [-1.9568140685677353, 1.1357303306472963, 0.996927499156361], "Sigma": [[0.007748156974026147, 0.006284474691853687, 0.0006569774978978954], [0.006284474691853686, 0.00738388269953014, -0.0031683304876539142], [0.0006569774978978952, -0.0031683304876539142, 0.03380365443755749]], "chi2_level": 0.99, "chi2_df": 3, "chi2_threshold": 11.344866730144373, "N_raw": 65, "N_roi": 65, "N_inlier": 65, "refit": true}
{"timestamp": "20:12:41.609387", "frame": 69, "mu": [-1.9750408281900047, 1.1907141492541142, -0.7536722193082291], "Sigma": [[0.012510803525503414, 0.015191963014205338, 0.01198741435554682], [0.015191963014205338, 0.03797627086986391, 0.015396062023403365], [0.01198741435554682, 0.015396062023403365, 0.021317769847395772]], "chi2_level": 0.99, "chi2_df": 3, "chi2_threshold": 11.344866730144373, "N_raw": 70, "N_roi": 70, "N_inlier": 69, "refit": true}
{"timestamp": "20:12:41.663433", "frame": 70, "mu": [-1.9427514543321132, 1.0044784573637546, 1.104422850070514], "Sigma": [[0.010004691951084001, 0.007058597215131931, 0.0011719328560002807], [0.007058597215131931, 0.00999698423307882, -0.007491833535635468], [0.0011719328560002807, -0.00749183353563547, 0.017863630821966923]], "chi2_level": 0.99, "chi2_df": 3, "chi2_threshold": 11.344866730144373, "N_raw": 69, "N_roi": 69, "N_inlier": 69, "refit": true}
{"timestamp": "20:12:41.719875", "frame": 71, "mu": [-1.9259865004015246, 0.9400218953348649, 1.140807126440774], "Sigma": [[0.011166106509062615, 0.006384189438037216, 0.002981868315033992], [0.006384189438037216, 0.008652643643774579, -0.006824931453418495], [0.0029818683150339914, -0.006824931453418495, 0.02339996176698971]], "chi2_level": 0.99, "chi2_df": 3, "chi2_threshold": 11.344866730144373, "N_raw": 76, "N_roi": 76, "N_inlier": 75, "refit": true}
{"timestamp": "20:12:41.772850", "frame": 72, "mu": [-1.8807313674859623, 1.1021423645750192, -0.7012525063301325], "Sigma": [[0.010745812016823309, 0.005828984789531714, 0.006311214195415275], [0.005828984789531713, 0.010644521666359973, -0.003891728973633485], [0.006311214195415275, -0.003891728973633485, 0.016414906574883002]], "chi2_level": 0.99, "chi2_df": 3, "chi2_threshold": 11.344866730144373, "N_raw": 63, "N_roi": 63, "N_inlier": 63, "refit": true}
{"timestamp": "20:12:41.825723", "frame": 73, "mu": [-1.8301276480702364, 0.9140229200119292, 1.1866927634901554], "Sigma": [[0.008204923678995698, 0.00399215811071792, -0.004517056202272803], [0.00399215811071792, 0.010633702142206306, -0.0064501057030621825], [-0.004517056202272803, -0.0064501057030621825, 0.0062780069650517495]], "chi2_level": 0.99, "chi2_df": 3, "chi2_threshold": 11.344866730144373, "N_raw": 50, "N_roi": 50, "N_inlier": 50, "refit": true}
{"timestamp": "20:12:41.887909", "frame": 74, "mu": [-1.7730059520073185, 0.7969816276271874, 1.0431763305507142], "Sigma": [[0.01570217210007821, 0.01610264466264209, 0.0035354541920038676], [0.016102644662642093, 0.021300946881641324, 2.1647140627552644e-05], [0.003535454192003868, 2.1647140627552752e-05, 0.01597454312580835]], "chi2_level": 0.99, "chi2_df": 3, "chi2_threshold": 11.344866730144373, "N_raw": 84, "N_roi": 84, "N_inlier": 82, "refit": true}
{"timestamp": "20:12:41.935266", "frame": 75, "mu": [-1.8354770193413257, 0.7261837216693114, 1.1104553475048387], "Sigma": [[0.009689701490636752, 0.007845986609527797, -0.0038105253267210148], [0.007845986609527797, 0.015584933089864032, -0.007857120929748277], [-0.003810525326721015, -0.007857120929748277, 0.005327223166069651]], "chi2_level": 0.99, "chi2_df": 3, "chi2_threshold": 11.344866730144373, "N_raw": 47, "N_roi": 47, "N_inlier": 47, "refit": true}
{"timestamp": "20:12:41.996004", "frame": 76, "mu": [-1.732384881963994, 0.7336813294649662, 1.11619731763853], "Sigma": [[0.017387515151473625, 0.016482480642734422, 0.010126355930331971], [0.016482480642734422, 0.020671361286934736, 0.005976349539870685], [0.01012635593033197, 0.005976349539870684, 0.022097326868602978]], "chi2_level": 0.99, "chi2_df": 3, "chi2_threshold": 11.344866730144373, "N_raw": 93, "N_roi": 93, "N_inlier": 86, "refit": true}
{"timestamp": "20:12:42.051403", "frame": 77, "mu": [-1.6180486187215888, 0.7400963632393881, -0.8139473864080538], "Sigma": [[0.5222698227363963, -0.019341522324245734, -0.010654205323471319], [-0.019341522324245738, 0.04221201907105031, 0.016977083816135462], [-0.010654205323471319, 0.016977083816135462, 0.026828800471891227]], "chi2_level": 0.99, "chi2_df": 3, "chi2_threshold": 11.344866730144373, "N_raw": 94, "N_roi": 94, "N_inlier": 89, "refit": true}
{"timestamp": "20:12:42.109904", "frame": 78, "mu": [-1.711208032259231, 0.6225572525705335, 1.0737651310281568], "Sigma": [[0.017153776468395956, 0.014412315186479823, 0.008783769595795552], [0.014412315186479823, 0.017898502838461054, 0.0029452080752710333], [0.008783769595795552, 0.0029452080752710333, 0.02256399821947273]], "chi2_level": 0.99, "chi2_df": 3, "chi2_threshold": 11.344866730144373, "N_raw": 102, "N_roi": 102, "N_inlier": 95, "refit": true}
{"timestamp": "20:12:42.164867", "frame": 79, "mu": [-1.6214611354058344, 0.6135280860662417, 1.1408535068304229], "Sigma": [[0.013888570418311569, 0.012240561579282728, 0.008416237899537538], [0.012240561579282728, 0.01860703590873944, 6.477406205338855e-05], [0.008416237899537538, 6.477406205338877e-05, 0.02666341883487782]], "chi2_level": 0.99, "chi2_df": 3, "chi2_threshold": 11.344866730144373, "N_raw": 114, "N_roi": 114, "N_inlier": 103, "refit": true}
{"timestamp": "20:12:42.218839", "frame": 80, "mu": [-1.6212456051174033, 0.5890903687956661, 1.1447849973053077], "Sigma": [[0.012754450347671224, 0.006628187752311839, 0.004528834018449401], [0.0066281877523118385, 0.01147962871958945, -0.005936982457328386], [0.004528834018449401, -0.005936982457328386, 0.018003100137065423]], "chi2_level": 0.99, "chi2_df": 3, "chi2_threshold": 11.344866730144373, "N_raw": 98, "N_roi": 98, "N_inlier": 91, "refit": true}
{"timestamp": "20:12:42.275383", "frame": 81, "mu": [-1.5678088342436873, 0.5731040710390952, 1.1904552993654423], "Sigma": [[0.01454265293740916, 0.0065664228905166055, 0.007996316942508724], [0.006566422890516606, 0.011728079570917033, -0.006589682311243903], [0.007996316942508722, -0.006589682311243903, 0.020700907381458217]], "chi2_level": 0.99, "chi2_df": 3, "chi2_threshold": 11.344866730144373, "N_raw": 109, "N_roi": 109, "N_inlier": 102, "refit": true}
{"timestamp": "20:12:42.330930", "frame": 82, "mu": [-1.5109606041613795, 0.7531828126568175, -0.6245950401678252], "Sigma": [[0.015147227707055419, 0.004962711301114312, 0.006819211122396751], [0.004962711301114312, 0.015051634483681004, -0.007744194019140205], [0.006819211122396751, -0.007744194019140206, 0.016271473202855696]], "chi2_level": 0.99, "chi2_df": 3, "chi2_threshold": 11.344866730144373, "N_raw": 109, "N_roi": 109, "N_inlier": 106, "refit": true}
{"timestamp": "20:12:42.384952", "frame": 83, "mu": [-1.4841810702888543, 0.5158745430214542, 1.1916801973208673], "Sigma": [[0.013397272227737903, 0.006898250441134533, 0.009695326231233193], [0.006898250441134533, 0.011549577106339352, -0.0035039752464286426], [0.009695326231233193, -0.0035039752464286426, 0.027583872962061495]], "chi2_level": 0.99, "chi2_df": 3, "chi2_threshold": 11.344866730144373, "N_raw": 113, "N_roi": 113, "N_inlier": 106, "refit": true}
{"timestamp": "20:12:42.436927", "frame": 84, "mu": [-1.4461430873631138, 0.48238283462779996, 1.1796758420831819], "Sigma": [[0.010482768158548471, 0.008601816026231241, 0.007012048148924483], [0.008601816026231241, 0.008885547368215016, 0.0040606201214664905], [0.007012048148924482, 0.0040606201214664905, 0.027854715177796037]], "chi2_level": 0.99, "chi2_df": 3, "chi2_threshold": 11.344866730144373, "N_raw": 92, "N_roi": 92, "N_inlier": 88, "refit": true}
{"timestamp": "20:12:42.488172", "frame": 85, "mu": [-1.3917566016379563, 0.6690415557358036, -0.5884588747510091], "Sigma": [[0.006497384726927367, 0.0047074196510726056, 0.006989693589897952], [0.0047074196510726056, 0.009583953931149162, -0.0014475503323576955], [0.006989693589897952, -0.0014475503323576953, 0.020111840119976288]], "chi2_level": 0.99, "chi2_df": 3, "chi2_threshold": 11.344866730144373, "N_raw": 66, "N_roi": 66, "N_inlier": 64, "refit": true}
{"timestamp": "20:12:42.548276", "frame": 86, "mu": [-1.3520339371922243, 0.5968479369429788, -0.5833662810070154], "Sigma": [[0.012465588573219033, 0.010527940349843716, 0.01203849276641108], [0.010527940349843714, 0.02723371600490586, 0.007179624719372024], [0.01203849276641108, 0.007179624719372023, 0.018524532550170746]], "chi2_level": 0.99, "chi2_df": 3, "chi2_threshold": 11.344866730144373, "N_raw": 95, "N_roi": 95, "N_inlier": 94, "refit": true}
{"timestamp": "20:12:42.600703", "frame": 87, "mu": [-1.3210210431496672, 0.5611122066873496, 1.3604920939370304], "Sigma": [[0.009122419618300343, 0.003946719369938574, 0.004211515846598067], [0.003946719369938574, 0.006995279350758723, -0.004757024037490488], [0.004211515846598067, -0.004757024037490488, 0.016854647130478295]], "chi2_level": 0.99, "chi2_df": 3, "chi2_threshold": 11.344866730144373, "N_raw": 83, "N_roi": 83, "N_inlier": 82, "refit": true}
{"timestamp": "20:12:42.650422", "frame": 88, "mu": [-1.2297142455122327, 0.5757582018105049, 1.3689947110819778], "Sigma": [[0.005043316157093165, 0.0014866692117022238, 0.0009028822940509933], [0.0014866692117022238, 0.0038681263028237573, -0.0030795352360949964], [0.0009028822940509934, -0.0030795352360949964, 0.00491018181932391]], "chi2_level": 0.99, "chi2_df": 3, "chi2_threshold": 11.344866730144373, "N_raw": 49, "N_roi": 49, "N_inlier": 48, "refit": true}
{"timestamp": "20:12:42.711643", "frame": 89, "mu": [-1.2056055849100404, 0.6140111686159894, 1.4117235659247187], "Sigma": [[0.012469556522365423, 0.006530328139445211, 0.0009848114324532886], [0.006530328139445211, 0.0075389379916164, -0.003731089143476305], [0.0009848114324532886, -0.003731089143476305, 0.008340919691188758]], "chi2_level": 0.99, "chi2_df": 3, "chi2_threshold": 11.344866730144373, "N_raw": 90, "N_roi": 90, "N_inlier": 86, "refit": true}
{"timestamp": "20:12:42.763630", "frame": 90, "mu": [-1.1820485621519148, 0.5882794953193101, 1.411690422863841], "Sigma": [[0.010186826142358526, 0.005025477932999612, 0.0007336108705610627], [0.005025477932999611, 0.009964037070300536, -0.0014979584280139574], [0.0007336108705610625, -0.0014979584280139574, 0.004987918990379908]], "chi2_level": 0.99, "chi2_df": 3, "chi2_threshold": 11.344866730144373, "N_raw": 71, "N_roi": 71, "N_inlier": 70, "refit": true}
{"timestamp": "20:12:42.818526", "frame": 91, "mu": [-1.1955800329925008, 0.6921001589338482, -0.44937410157653956], "Sigma": [[0.011829429402831285, 0.0036208564434739863, 0.00014015794006342155], [0.0036208564434739854, 0.006895981030411475, -0.0017901711637190135], [0.0001401579400634216, -0.0017901711637190133, 0.002226604918353467]], "chi2_level": 0.99, "chi2_df": 3, "chi2_threshold": 11.344866730144373, "N_raw": 66, "N_roi": 66, "N_inlier": 64, "refit": true}
{"timestamp": "20:12:42.872466", "frame": 92, "mu": [-1.1601608243162864, 0.6096350476612546, 1.3822340950712406], "Sigma": [[0.01143276527220981, 0.002148649051905177, -0.0022813745067667324], [0.002148649051905177, 0.004981006133262959, -0.0035273654642260593], [-0.0022813745067667324, -0.003527365464226059, 0.003633899500267902]], "chi2_level": 0.99, "chi2_df": 3, "chi2_threshold": 11.344866730144373, "N_raw": 60, "N_roi": 60, "N_inlier": 59, "refit": true}
{"timestamp": "20:12:42.925532", "frame": 93, "mu": [-1.0964031499686855, 0.7177744608806211, 1.417028412565911], "Sigma": [[0.01564561801838636, 0.0019644882144093066, -0.014102364981436213], [0.0019644882144093066, 0.006649734599076802, -0.0025497654843746366], [-0.014102364981436213, -0.002549765484374636, 0.015071380804469786]], "chi2_level": 0.99, "chi2_df": 3, "chi2_threshold": 11.344866730144373, "N_raw": 51, "N_roi": 51, "N_inlier": 48, "refit": true}
{"timestamp": "20:12:42.979886", "frame": 94, "mu": [-1.1728185321295634, 0.7497837015820507, 1.5088835582086095], "Sigma": [[0.013962145826671211, 0.0036017141781558674, -0.007315950265431269], [0.0036017141781558674, 0.010734128536996785, 0.0011478944317090236], [-0.007315950265431269, 0.0011478944317090233, 0.005570817630406416]], "chi2_level": 0.99, "chi2_df": 3, "chi2_threshold": 11.344866730144373, "N_raw": 39, "N_roi": 39, "N_inlier": 36, "refit": true}
{"timestamp": "20:12:43.035921", "frame": 95, "mu": [-1.1537597390815901, 0.873640295384039, -0.1900431165941535], "Sigma": [[0.017057869279655198, 0.011869316984330542, -0.004543623555417438], [0.01186931698433054, 0.013683111201004322, -0.002626380730280363], [-0.004543623555417438, -0.0026263807302803633, 0.016677985725551094]], "chi2_level": 0.99, "chi2_df": 3, "chi2_threshold": 11.344866730144373, "N_raw": 39, "N_roi": 39, "N_inlier": 38, "refit": true}
{"timestamp": "20:12:43.090972", "frame": 96, "mu": [-1.187080704965969, 0.8524298109082357, -0.28848466030328485], "Sigma": [[0.015397837151781373, 0.011851069346639766, 0.004289148300478697], [0.011851069346639764, 0.014842895484736756, 0.00310888044781914], [0.004289148300478697, 0.0031088804478191408, 0.008834430539773506]], "chi2_level": 0.99, "chi2_df": 3, "chi2_threshold": 11.344866730144373, "N_raw": 45, "N_roi": 45, "N_inlier": 42, "refit": true}
{"timestamp": "20:12:43.144425", "frame": 97, "mu": [-0.9767393813665918, 0.9182286518708971, 1.4758012181467484], "Sigma": [[0.04495432405472034, 0.01476702545893582, -0.04116233822240039], [0.014767025458935821, 0.010058251628874117, -0.012138715713795885], [-0.04116233822240039, -0.012138715713795885, 0.05387921050665706]], "chi2_level": 0.99, "chi2_df": 3, "chi2_threshold": 11.344866730144373, "N_raw": 42, "N_roi": 42, "N_inlier": 41, "refit": true}
{"timestamp": "20:12:43.197663", "frame": 98, "mu": [-1.0850516314767347, 0.9817374634868586, -0.19188349411811442], "Sigma": [[0.051138675936466496, 0.03256761653911185, -0.05555313322860229], [0.03256761653911185, 0.024767076734440778, -0.041380776805175865], [-0.05555313322860228, -0.041380776805175865, 0.07678010844262978]], "chi2_level": 0.99, "chi2_df": 3, "chi2_threshold": 11.344866730144373, "N_raw": 27, "N_roi": 27, "N_inlier": 25, "refit": true}
{"timestamp": "20:12:43.251530", "frame": 99, "mu": [-1.053233328169282, 0.9803141366774601, 1.57108479141099], "Sigma": [[0.0625454807292829, 0.029559143647296823, -0.06483284880535321], [0.029559143647296816, 0.02494792370319309, -0.018351823124145697], [-0.06483284880535321, -0.018351823124145697, 0.10136470354218022]], "chi2_level": 0.99, "chi2_df": 3, "chi2_threshold": 11.344866730144373, "N_raw": 20, "N_roi": 20, "N_inlier": 20, "refit": true}
{"timestamp": "20:12:43.422474", "frame": 100, "mu": [-0.9505662924608779, 1.1614337118901135, 1.524387437738275], "Sigma": [[0.02893867886533333, 0.01781432304525467, -0.016650172479884203], [0.01781432304525467, 0.01690526305874395, -0.010552877121783585], [-0.016650172479884203, -0.010552877121783585, 0.01107068165342843]], "chi2_level": 0.99, "chi2_df": 3, "chi2_threshold": 11.344866730144373, "N_raw": 61, "N_roi": 61, "N_inlier": 58, "refit": true}
