{"timestamp": "19:24:46.442578", "frame": 33, "mu": [2.220015566929975, 1.9414263951179733, -0.3872869761881119], "Sigma": [[0.0036401638838191057, 0.0012099339182263702, -0.00673032553740894], [0.0012099339182263702, 0.0020923970027786317, -0.004039675288264121], [-0.00673032553740894, -0.004039675288264122, 0.01638486848295108]], "chi2_level": 0.99, "chi2_df": 3, "chi2_threshold": 11.344866730144373, "N_raw": 6, "N_roi": 6, "N_inlier": 6, "refit": true}
{"timestamp": "19:24:46.500702", "frame": 34, "mu": [2.153777119384094, 1.8533036752844705, 1.102598984536904], "Sigma": [[0.008379652387570604, -0.0070123819975278084, -0.0003352164731506718], [-0.0070123819975278084, 0.010253001661844065, -0.0024982880363537477], [-0.0003352164731506718, -0.002498288036353747, 0.002640178009933606]], "chi2_level": 0.99, "chi2_df": 3, "chi2_threshold": 11.344866730144373, "N_raw": 24, "N_roi": 24, "N_inlier": 23, "refit": true}
{"timestamp": "19:24:46.555891", "frame": 35, "mu": [2.054978082837168, 1.8117436476565607, 1.0392517789520765], "Sigma": [[0.005254377962955967, -0.00445003682568925, -0.006271243649968173], [-0.00445003682568925, 0.005447939090594552, 0.004621265629988286], [-0.006271243649968172, 0.004621265629988286, 0.024594925017123032]], "chi2_level": 0.99, "chi2_df": 3, "chi2_threshold": 11.344866730144373, "N_raw": 14, "N_roi": 14, "N_inlier": 13, "refit": true}
{"timestamp": "19:24:46.609794", "frame": 36, "mu": [1.9917100089653081, 1.9416553617363015, 1.1790767334597874], "Sigma": [[0.00012375316163421284, 0.00033667962434327943, -0.0006229315633288143], [0.00033667962434327943, 0.0028777878560173244, -0.004873380305461203], [-0.0006229315633288142, -0.004873380305461203, 0.043881567461382304]], "chi2_level": 0.99, "chi2_df": 3, "chi2_threshold": 11.344866730144373, "N_raw": 5, "N_roi": 5, "N_inlier": 5, "refit": true}
{"timestamp": "19:24:46.665800", "frame": 37, "mu": [2.0012895312574246, 2.0500150770867385, -0.20587837144572918], "Sigma": [[0.00576653569873123, -0.0037502437920770167, -0.0028395738643116762], [-0.003750243792077017, 0.00490642856571762, -0.0010623647660065103], [-0.0028395738643116762, -0.0010623647660065105, 0.005569212962539347]], "chi2_level": 0.99, "chi2_df": 3, "chi2_threshold": 11.344866730144373, "N_raw": 16, "N_roi": 16, "N_inlier": 15, "refit": true}
{"timestamp": "19:24:46.721126", "frame": 38, "mu": [1.8214647540106417, 1.8041745586657216, 0.7813070160053983], "Sigma": [[0.0024904228836521115, -0.0021605939585565078, 0.000630120061126369], [-0.0021605939585565078, 0.004200485075463485, -0.0025853352234460054], [0.000630120061126369, -0.0025853352234460054, 0.006774315017898679]], "chi2_level": 0.99, "chi2_df": 3, "chi2_threshold": 11.344866730144373, "N_raw": 14, "N_roi": 11, "N_inlier": 11, "refit": true}
{"timestamp": "19:24:46.775761", "frame": 39, "mu": [1.8285742965153855, 1.8910657241716526, 1.1575984062696223], "Sigma": [[0.003864581936132225, -0.0020423373628195214, -0.0034998365697363216], [-0.0020423373628195214, 0.004797928225960427, 0.002032816681490696], [-0.0034998365697363216, 0.002032816681490696, 0.0035471816542183166]], "chi2_level": 0.99, "chi2_df": 3, "chi2_threshold": 11.344866730144373, "N_raw": 14, "N_roi": 14, "N_inlier": 14, "refit": true}
{"timestamp": "19:24:46.830064", "frame": 40, "mu": [1.7395531699684743, 1.9941884268544134, 0.9707638255341187], "Sigma": [[0.017748670845933418, -0.009505879674420483, -0.04559304157318121], [-0.009505879674420483, 0.007586839042167918, 0.020170014373187415], [-0.04559304157318121, 0.020170014373187415, 0.13857247602053333]], "chi2_level": 0.99, "chi2_df": 3, "chi2_threshold": 11.344866730144373, "N_raw": 7, "N_roi": 7, "N_inlier": 7, "refit": true}
{"timestamp": "19:24:46.885236", "frame": 41, "mu": [1.653561976710099, 1.9774842199880462, 1.2474811300145903], "Sigma": [[0.005043713731806537, -0.0012634636149426708, -0.007738604062592867], [-0.0012634636149426708, 0.0011746561297568848, 0.0015060026711477918], [-0.007738604062592867, 0.0015060026711477916, 0.013225212781101931]], "chi2_level": 0.99, "chi2_df": 3, "chi2_threshold": 11.344866730144373, "N_raw": 8, "N_roi": 8, "N_inlier": 8, "refit": true}
{"timestamp": "19:24:46.939488", "frame": 42, "mu": [1.5783816017327572, 1.9351410298177, 0.6701867090772505], "Sigma": [[0.004071352508755863, -0.00518245823750736, -0.03703217560148363], [-0.00518245823750736, 0.011298258672284447, 0.05818006245045249], [-0.03703217560148363, 0.058180062450452485, 0.4661428336823334]], "chi2_level": 0.99, "chi2_df": 3, "chi2_threshold": 11.344866730144373, "N_raw": 8, "N_roi": 6, "N_inlier": 6, "refit": true}
{"timestamp": "19:24:47.000027", "frame": 43, "mu": [1.4863298714896225, 2.2112278163309265, -0.07267450855097062], "Sigma": [[0.005174227522995611, -0.0026709337701270866, -0.003243882846082136], [-0.0026709337701270857, 0.008520146668943419, 0.0038852340072913364], [-0.003243882846082136, 0.0038852340072913364, 0.004578644383615107]], "chi2_level": 0.99, "chi2_df": 3, "chi2_threshold": 11.344866730144373, "N_raw": 38, "N_roi": 38, "N_inlier": 36, "refit": true}
{"timestamp": "19:24:47.050035", "frame": 44, "mu": [1.5165953834725046, 1.9909537396997783, 0.7556823903575827], "Sigma": [[0.007875002534569584, -0.0025619901256699546, -0.047873967910208697], [-0.0025619901256699546, 0.0041644328511596706, 0.02383308642465576], [-0.047873967910208697, 0.02383308642465576, 0.3247683046739011]], "chi2_level": 0.99, "chi2_df": 3, "chi2_threshold": 11.344866730144373, "N_raw": 8, "N_roi": 8, "N_inlier": 8, "refit": true}
{"timestamp": "19:24:47.116296", "frame": 45, "mu": [1.4259430970497542, 1.94548527660378, 0.9801649726659458], "Sigma": [[0.011151305389920969, -0.013493537353701401, -0.02947260913800481], [-0.013493537353701403, 0.028477713425370556, 0.04912147711972081], [-0.029472609138004806, 0.04912147711972081, 0.1454796318342718]], "chi2_level": 0.99, "chi2_df": 3, "chi2_threshold": 11.344866730144373, "N_raw": 50, "N_roi": 50, "N_inlier": 48, "refit": true}
{"timestamp": "19:24:47.164202", "frame": 46, "mu": [1.4261572481782299, 2.027193849851835, 1.1701876286649084], "Sigma": [[0.006944774151001673, -0.002415787309251668, -0.00463235320509723], [-0.0024157873092516676, 0.006984647733762481, 0.0018019922917728646], [-0.00463235320509723, 0.0018019922917728646, 0.00372267299987105]], "chi2_level": 0.99, "chi2_df": 3, "chi2_threshold": 11.344866730144373, "N_raw": 41, "N_roi": 41, "N_inlier": 37, "refit": true}
{"timestamp": "19:24:47.220081", "frame": 47, "mu": [1.3411618536667962, 2.0823721278464427, -0.706666827549725], "Sigma": [[0.0069037188685181885, -2.4904386239532725e-05, 0.007982943250918122], [-2.49043862395324e-05, 0.0032804391795662746, 0.005351148762084207], [0.007982943250918122, 0.0053511487620842065, 0.05501242465772714]], "chi2_level": 0.99, "chi2_df": 3, "chi2_threshold": 11.344866730144373, "N_raw": 39, "N_roi": 39, "N_inlier": 35, "refit": true}
{"timestamp": "19:24:47.275605", "frame": 48, "mu": [1.349074088980833, 1.9731756143080432, 0.8883551641801644], "Sigma": [[0.010502691780107784, -0.003474140614280915, 0.0033677894170890416], [-0.003474140614280915, 0.008177731122446352, 0.013579548453820842], [0.0033677894170890408, 0.013579548453820842, 0.09694612031458934]], "chi2_level": 0.99, "chi2_df": 3, "chi2_threshold": 11.344866730144373, "N_raw": 51, "N_roi": 51, "N_inlier": 48, "refit": true}
{"timestamp": "19:24:47.336976", "frame": 49, "mu": [1.2587330561791932, 2.155275997202898, -0.5488225433740327], "Sigma": [[0.01065905743867805, 0.0001607299792594329, 0.007054690769879393], [0.0001607299792594328, 0.0038779311348339936, 0.0025464808259171787], [0.007054690769879393, 0.002546480825917179, 0.05088710261462839]], "chi2_level": 0.99, "chi2_df": 3, "chi2_threshold": 11.344866730144373, "N_raw": 57, "N_roi": 57, "N_inlier": 50, "refit": true}
{"timestamp": "19:24:47.388992", "frame": 50, "mu": [1.2183565588323308, 1.954645592687483, 0.9933287292002496], "Sigma": [[0.008878793297858692, -0.005545521827436461, -0.0031665337782378713], [-0.005545521827436461, 0.0058389034535574905, -0.0016140522416560497], [-0.0031665337782378717, -0.0016140522416560497, 0.02747782227231247]], "chi2_level": 0.99, "chi2_df": 3, "chi2_threshold": 11.344866730144373, "N_raw": 68, "N_roi": 68, "N_inlier": 65, "refit": true}
{"timestamp": "19:24:47.443231", "frame": 51, "mu": [1.0788732406246104, 1.9514578256542994, 0.7322874280734251], "Sigma": [[0.022272315148759235, -0.005228357334952125, 0.04908603509760424], [-0.005228357334952125, 0.0072667798775269896, 0.0068895355000274], [0.04908603509760423, 0.006889535500027398, 0.28308739978423586]], "chi2_level": 0.99, "chi2_df": 3, "chi2_threshold": 11.344866730144373, "N_raw": 57, "N_roi": 57, "N_inlier": 56, "refit": true}
{"timestamp": "19:24:47.498403", "frame": 52, "mu": [1.055930626593319, 2.022651754807577, 1.1743086449546956], "Sigma": [[0.009300053536306349, -0.006084145072448151, -0.006511274391664108], [-0.006084145072448151, 0.00912862015950492, 0.0018886624919948014], [-0.006511274391664108, 0.0018886624919948012, 0.006354402004815478]], "chi2_level": 0.99, "chi2_df": 3, "chi2_threshold": 11.344866730144373, "N_raw": 61, "N_roi": 59, "N_inlier": 56, "refit": true}
{"timestamp": "19:24:47.553390", "frame": 53, "mu": [0.9961493085467544, 1.951294104960893, 1.0227636327792917], "Sigma": [[0.007089029835860646, -0.0022152947423662124, 0.0036431939929534173], [-0.0022152947423662124, 0.0032684152556060947, -0.005746217140732144], [0.0036431939929534173, -0.005746217140732144, 0.019367723576474503]], "chi2_level": 0.99, "chi2_df": 3, "chi2_threshold": 11.344866730144373, "N_raw": 65, "N_roi": 65, "N_inlier": 60, "refit": true}
{"timestamp": "19:24:47.611651", "frame": 54, "mu": [0.9069232982160325, 2.1635890949358867, -0.29958330885989864], "Sigma": [[0.010562119104175743, -0.0026453714928564177, -0.004333946629414195], [-0.0026453714928564177, 0.007218318716189351, -0.00767798385464102], [-0.004333946629414195, -0.00767798385464102, 0.032187029746315744]], "chi2_level": 0.99, "chi2_df": 3, "chi2_threshold": 11.344866730144373, "N_raw": 80, "N_roi": 79, "N_inlier": 76, "refit": true}
{"timestamp": "19:24:47.664110", "frame": 55, "mu": [0.8294885475074392, 1.9622689368529764, 0.9148004037671522], "Sigma": [[0.00764081369632317, -0.0034593248993576896, 0.0021851278348842124], [-0.0034593248993576896, 0.003835936292529759, 0.001937971606004485], [0.0021851278348842124, 0.0019379716060044854, 0.07055634870459362]], "chi2_level": 0.99, "chi2_df": 3, "chi2_threshold": 11.344866730144373, "N_raw": 62, "N_roi": 62, "N_inlier": 59, "refit": true}
{"timestamp": "19:24:47.718131", "frame": 56, "mu": [0.7908063564200464, 1.9719947833461866, 1.0694701953546184], "Sigma": [[0.007233051174927749, -0.0016430957791642629, 0.0031191722340124777], [-0.0016430957791642629, 0.005895895889196292, 0.005873018865838921], [0.0031191722340124773, 0.005873018865838921, 0.0501189142297582]], "chi2_level": 0.99, "chi2_df": 3, "chi2_threshold": 11.344866730144373, "N_raw": 63, "N_roi": 63, "N_inlier": 62, "refit": true}
{"timestamp": "19:24:47.772429", "frame": 57, "mu": [0.6682170759482631, 2.034378623673429, 1.121288903738868], "Sigma": [[0.007681670973867883, -0.0019967919023623987, 0.0025335862894996742], [-0.0019967919023623987, 0.00315350607884753, -0.00443872612638703], [0.0025335862894996742, -0.004438726126387029, 0.013388863188548967]], "chi2_level": 0.99, "chi2_df": 3, "chi2_threshold": 11.344866730144373, "N_raw": 59, "N_roi": 59, "N_inlier": 56, "refit": true}
{"timestamp": "19:24:47.822316", "frame": 58, "mu": [0.5522604858287024, 2.132562934723384, 1.131793132979098], "Sigma": [[0.005897533237080035, -0.0007034339141311682, 0.03373277511158206], [-0.0007034339141311682, 0.0012181970485434846, -0.007858945741340736], [0.03373277511158207, -0.007858945741340736, 0.28354153054255476]], "chi2_level": 0.99, "chi2_df": 3, "chi2_threshold": 11.344866730144373, "N_raw": 18, "N_roi": 17, "N_inlier": 16, "refit": true}
{"timestamp": "19:24:47.884255", "frame": 59, "mu": [0.5165938218173389, 2.147268806990402, 1.1459095310675773], "Sigma": [[0.011024697737807558, 0.0022512320594494394, 0.03964398423192936], [0.002251232059449439, 0.005629291013408168, 0.01731015617761347], [0.03964398423192935, 0.01731015617761347, 0.2405280342320571]], "chi2_level": 0.99, "chi2_df": 3, "chi2_threshold": 11.344866730144373, "N_raw": 39, "N_roi": 34, "N_inlier": 33, "refit": true}
{"timestamp": "19:24:47.930527", "frame": 60, "mu": [0.25862313722459956, 2.1504844161090544, 0.22782073586042978], "Sigma": [[0.02575646039826805, -0.00040959902390093057, 0.09381014370392088], [-0.00040959902390093035, 0.005484284080475486, 0.012115985072121836], [0.09381014370392088, 0.012115985072121836, 0.4767567314501909]], "chi2_level": 0.99, "chi2_df": 3, "chi2_threshold": 11.344866730144373, "N_raw": 14, "N_roi": 14, "N_inlier": 14, "refit": true}
{"timestamp": "19:24:47.988270", "frame": 61, "mu": [0.34486890052340097, 2.0481352171490657, 0.9637913998617758], "Sigma": [[0.009708578993284747, -0.003075015092280096, 0.03949250548042017], [-0.0030750150922800963, 0.004738716030363596, -0.008750289106168475], [0.03949250548042017, -0.008750289106168475, 0.28057870062727847]], "chi2_level": 0.99, "chi2_df": 3, "chi2_threshold": 11.344866730144373, "N_raw": 27, "N_roi": 25, "N_inlier": 25, "refit": true}
{"timestamp": "19:24:48.046475", "frame": 62, "mu": [0.30366720942418834, 2.1602643932511896, 1.2343604046325938], "Sigma": [[0.006275515121445068, -0.0010736329025215377, -0.001910577529315957], [-0.0010736329025215375, 0.00315765517469807, -0.002411757046636233], [-0.001910577529315957, -0.002411757046636233, 0.004956516454109551]], "chi2_level": 0.99, "chi2_df": 3, "chi2_threshold": 11.344866730144373, "N_raw": 54, "N_roi": 52, "N_inlier": 48, "refit": true}
{"timestamp": "19:24:48.097711", "frame": 63, "mu": [0.2185815891609137, 2.166985331526674, 0.939157495307907], "Sigma": [[0.0033275208595107434, -0.0005559581089721085, 0.019176545417217434], [-0.0005559581089721085, 0.003924902728374652, -0.013865555510418669], [0.019176545417217434, -0.013865555510418669, 0.5035193823994838]], "chi2_level": 0.99, "chi2_df": 3, "chi2_threshold": 11.344866730144373, "N_raw": 19, "N_roi": 16, "N_inlier": 15, "refit": true}
{"timestamp": "19:24:48.151443", "frame": 64, "mu": [0.15091751134382164, 2.128976255115457, 1.0052566957681743], "Sigma": [[0.003351438333746253, 0.001052939062853062, 0.01031445811852739], [0.0010529390628530619, 0.008521354389152356, 0.040343813016143884], [0.010314458118527391, 0.040343813016143884, 0.2620800890050186]], "chi2_level": 0.99, "chi2_df": 3, "chi2_threshold": 11.344866730144373, "N_raw": 24, "N_roi": 24, "N_inlier": 23, "refit": true}
{"timestamp": "19:24:48.212096", "frame": 65, "mu": [0.10133041785542955, 2.2915304187457872, 0.09212955218677116], "Sigma": [[0.007904835597336677, 0.0010789724615958324, -0.0029295227110510184], [0.0010789724615958328, 0.004922332044833901, -0.00018653753909668105], [-0.002929522711051019, -0.000186537539096681, 0.001623946287324121]], "chi2_level": 0.99, "chi2_df": 3, "chi2_threshold": 11.344866730144373, "N_raw": 57, "N_roi": 57, "N_inlier": 53, "refit": true}
{"timestamp": "19:24:48.267202", "frame": 66, "mu": [0.006690161077780206, 2.1282676153714912, 0.5642529243447032], "Sigma": [[0.008776457111010804, 0.0017100799628033373, 0.043996737206530495], [0.0017100799628033373, 0.004950242027182408, 0.0327057371620471], [0.043996737206530495, 0.0327057371620471, 0.510859617134259]], "chi2_level": 0.99, "chi2_df": 3, "chi2_threshold": 11.344866730144373, "N_raw": 54, "N_roi": 54, "N_inlier": 54, "refit": true}
{"timestamp": "19:24:48.327020", "frame": 67, "mu": [-0.04549056967216622, 2.187465240713611, 1.054293953570237], "Sigma": [[0.008546887380785946, -0.001100748346368862, 0.0002993966356107583], [-0.001100748346368862, 0.006705228590255093, 0.005399342496133878], [0.0002993966356107575, 0.0053993424961338785, 0.47883685691185246]], "chi2_level": 0.99, "chi2_df": 3, "chi2_threshold": 11.344866730144373, "N_raw": 92, "N_roi": 89, "N_inlier": 89, "refit": true}
{"timestamp": "19:24:48.379328", "frame": 68, "mu": [-0.09794637223747449, 2.1694853357747803, 1.3605444068804122], "Sigma": [[0.008200336788505657, -0.0038150831094436004, -0.00842665662032567], [-0.0038150831094436004, 0.008548139540506003, 0.002347787409197016], [-0.00842665662032567, 0.002347787409197016, 0.012708413934257161]], "chi2_level": 0.99, "chi2_df": 3, "chi2_threshold": 11.344866730144373, "N_raw": 72, "N_roi": 72, "N_inlier": 67, "refit": true}
{"timestamp": "19:24:48.436878", "frame": 69, "mu": [-0.15277804837427042, 2.1583834459068933, 1.3126860244945524], "Sigma": [[0.009817980378286793, -0.00362772245884381, -0.0028061409948533095], [-0.003627722458843809, 0.009791463742276938, 0.0025278647602847036], [-0.0028061409948533095, 0.0025278647602847044, 0.004135629760297392]], "chi2_level": 0.99, "chi2_df": 3, "chi2_threshold": 11.344866730144373, "N_raw": 80, "N_roi": 76, "N_inlier": 72, "refit": true}
{"timestamp": "19:24:48.489401", "frame": 70, "mu": [-0.2120024103622172, 2.1522512804335157, 1.289618786012042], "Sigma": [[0.009361464625388262, -0.00025483650623732657, -0.002800075406310211], [-0.0002548365062373266, 0.00807958776245664, -0.0001843077117284503], [-0.002800075406310211, -0.00018430771172845035, 0.001876792135523058]], "chi2_level": 0.99, "chi2_df": 3, "chi2_threshold": 11.344866730144373, "N_raw": 73, "N_roi": 73, "N_inlier": 69, "refit": true}
{"timestamp": "19:24:48.544618", "frame": 71, "mu": [-0.2905346902131681, 2.1334064932826555, 1.26347867072654], "Sigma": [[0.010474980953017325, -0.003348227758392087, -0.0033215635306499776], [-0.0033482277583920875, 0.009401995008364007, 0.002614398668976644], [-0.003321563530649978, 0.0026143986689766436, 0.0017308573256490881]], "chi2_level": 0.99, "chi2_df": 3, "chi2_threshold": 11.344866730144373, "N_raw": 71, "N_roi": 68, "N_inlier": 65, "refit": true}
{"timestamp": "19:24:48.601897", "frame": 72, "mu": [-0.3916622089049471, 2.107643795047769, 1.2033221777939085], "Sigma": [[0.010533688027106048, -0.0030869195305848604, -0.0050440443085849555], [-0.0030869195305848595, 0.008138941610747007, -0.0006056964646639482], [-0.0050440443085849555, -0.0006056964646639481, 0.01668149322472562]], "chi2_level": 0.99, "chi2_df": 3, "chi2_threshold": 11.344866730144373, "N_raw": 83, "N_roi": 83, "N_inlier": 79, "refit": true}
{"timestamp": "19:24:48.660942", "frame": 73, "mu": [-0.3950572832651056, 2.1422779986277334, 0.7821659153066506], "Sigma": [[0.010202226319101238, 0.0003763064822013394, -0.012596648908192868], [0.0003763064822013394, 0.008277295114136924, -0.03234805948602519], [-0.01259664890819287, -0.03234805948602519, 0.21407432994231831]], "chi2_level": 0.99, "chi2_df": 3, "chi2_threshold": 11.344866730144373, "N_raw": 111, "N_roi": 111, "N_inlier": 111, "refit": true}
{"timestamp": "19:24:48.710955", "frame": 74, "mu": [-0.4992060288213248, 2.1701021620506427, 0.9931923649730878], "Sigma": [[0.007078913651962909, -0.000216071108664554, -0.022601975083201], [-0.00021607110866455394, 0.004425561301181863, 0.005112250760777905], [-0.022601975083200998, 0.005112250760777904, 0.39090270620601947]], "chi2_level": 0.99, "chi2_df": 3, "chi2_threshold": 11.344866730144373, "N_raw": 78, "N_roi": 78, "N_inlier": 77, "refit": true}
{"timestamp": "19:24:48.756138", "frame": 75, "mu": [-0.5797572612314248, 2.278104287137394, -0.18013340934370012], "Sigma": [[0.0024110611189399707, 0.003688110868957102, -0.013850775063279457], [0.003688110868957102, 0.018201717180303154, -0.04561293933260669], [-0.013850775063279457, -0.04561293933260669, 0.16138401813640005]], "chi2_level": 0.99, "chi2_df": 3, "chi2_threshold": 11.344866730144373, "N_raw": 10, "N_roi": 10, "N_inlier": 10, "refit": true}
{"timestamp": "19:24:48.814843", "frame": 76, "mu": [-0.6293923262415974, 2.17130582089616, 1.4184266345511853], "Sigma": [[0.00681757772298061, -2.603995675919124e-05, -0.007454958897092134], [-2.6039956759191132e-05, 0.004327121152061511, 0.0011577788383607293], [-0.007454958897092134, 0.0011577788383607293, 0.00880789927121114]], "chi2_level": 0.99, "chi2_df": 3, "chi2_threshold": 11.344866730144373, "N_raw": 45, "N_roi": 45, "N_inlier": 41, "refit": true}
{"timestamp": "19:24:48.866947", "frame": 77, "mu": [-0.7733539115809718, 2.182729256600238, 1.0785337816009537], "Sigma": [[0.005591445534796412, 0.0006041460547664104, 0.019702786878204603], [0.0006041460547664104, 0.014229795644074101, 0.04065317350894296], [0.019702786878204603, 0.04065317350894296, 0.3418656019425015]], "chi2_level": 0.99, "chi2_df": 3, "chi2_threshold": 11.344866730144373, "N_raw": 21, "N_roi": 21, "N_inlier": 20, "refit": true}
{"timestamp": "19:24:48.927206", "frame": 78, "mu": [-0.8105892851618484, 2.2091311233714066, -0.0526597557373571], "Sigma": [[0.009604327609370874, 0.00036692843726496727, -0.008406249136448884], [0.00036692843726496727, 0.005060233841278298, 0.0048326920435607865], [-0.008406249136448884, 0.0048326920435607865, 0.014217467001868265]], "chi2_level": 0.99, "chi2_df": 3, "chi2_threshold": 11.344866730144373, "N_raw": 54, "N_roi": 54, "N_inlier": 50, "refit": true}
{"timestamp": "19:24:48.986201", "frame": 79, "mu": [-0.8566907410130072, 2.150429184383776, 1.1924148778924972], "Sigma": [[0.011216061023695307, 0.002262518547404599, -0.0051810318558706756], [0.002262518547404599, 0.004349121940009279, -0.006584122605258891], [-0.0051810318558706756, -0.006584122605258891, 0.02644728824795381]], "chi2_level": 0.99, "chi2_df": 3, "chi2_threshold": 11.344866730144373, "N_raw": 82, "N_roi": 82, "N_inlier": 78, "refit": true}
{"timestamp": "19:24:49.038221", "frame": 80, "mu": [-0.9337755361291031, 2.231264783192053, -0.32476635748982075], "Sigma": [[0.008936007995602948, 0.005718139443216792, 0.011244802133982955], [0.005718139443216792, 0.016586515377024685, 0.016631866105990985], [0.011244802133982955, 0.016631866105990985, 0.06866448457342876]], "chi2_level": 0.99, "chi2_df": 3, "chi2_threshold": 11.344866730144373, "N_raw": 65, "N_roi": 65, "N_inlier": 64, "refit": true}
{"timestamp": "19:24:49.096040", "frame": 81, "mu": [-1.0121462797820862, 2.1145850953750562, 1.2044194643620618], "Sigma": [[0.009637608470411082, -0.0004932409507898486, -0.01091516458467114], [-0.0004932409507898486, 0.00715210565963218, -0.002343658322959574], [-0.01091516458467114, -0.0023436583229595738, 0.061981420466521005]], "chi2_level": 0.99, "chi2_df": 3, "chi2_threshold": 11.344866730144373, "N_raw": 83, "N_roi": 83, "N_inlier": 79, "refit": true}
{"timestamp": "19:24:49.156201", "frame": 82, "mu": [-1.0392675905503275, 2.2816645683298185, -0.4890148352893316], "Sigma": [[0.019055343319923066, 0.015012719890996585, -0.024474603793052906], [0.015012719890996585, 0.028758358081494254, -0.029298037324108614], [-0.02447460379305291, -0.029298037324108617, 0.1622087016681843]], "chi2_level": 0.99, "chi2_df": 3, "chi2_threshold": 11.344866730144373, "N_raw": 116, "N_roi": 116, "N_inlier": 114, "refit": true}
{"timestamp": "19:24:49.204612", "frame": 83, "mu": [-1.1447470233327053, 2.231518557780823, -0.25518066670260564], "Sigma": [[0.016463163369838336, 0.009071742155887151, -0.031128056596432377], [0.009071742155887151, 0.018214044327239914, -0.037068546417413875], [-0.031128056596432377, -0.037068546417413875, 0.11588222179915703]], "chi2_level": 0.99, "chi2_df": 3, "chi2_threshold": 11.344866730144373, "N_raw": 68, "N_roi": 68, "N_inlier": 65, "refit": true}
{"timestamp": "19:24:49.254529", "frame": 84, "mu": [-1.1941572099281026, 2.089488513088427, 1.2216560404730301], "Sigma": [[0.009522533088572207, 0.001132869916806117, -0.02101254123725287], [0.001132869916806117, 0.003845012921714613, -0.006570489006793293], [-0.02101254123725287, -0.006570489006793292, 0.10495218562033942]], "chi2_level": 0.99, "chi2_df": 3, "chi2_threshold": 11.344866730144373, "N_raw": 30, "N_roi": 30, "N_inlier": 28, "refit": true}
{"timestamp": "19:24:49.309185", "frame": 85, "mu": [-1.2734918567976254, 2.0698404760777644, 1.19602282838512], "Sigma": [[0.007086362574517076, 0.0002765435755771985, -0.0008931311387492921], [0.0002765435755771985, 0.007362223520832027, -0.008135861749175076], [-0.0008931311387492922, -0.008135861749175074, 0.009809530217845754]], "chi2_level": 0.99, "chi2_df": 3, "chi2_threshold": 11.344866730144373, "N_raw": 38, "N_roi": 38, "N_inlier": 36, "refit": true}
{"timestamp": "19:24:49.366213", "frame": 86, "mu": [-1.3875082944513126, 2.0948916670311446, 1.0127123325287462], "Sigma": [[0.009053193849403694, -1.3015212905174186e-05, 0.016711097862224182], [-1.3015212905174295e-05, 0.006062217290905074, -0.02373274051648265], [0.016711097862224182, -0.02373274051648265, 0.21955030802139372]], "chi2_level": 0.99, "chi2_df": 3, "chi2_threshold": 11.344866730144373, "N_raw": 47, "N_roi": 47, "N_inlier": 47, "refit": true}
{"timestamp": "19:24:49.421928", "frame": 87, "mu": [-1.4321425930520602, 2.1564801561085574, 1.1160603498006485], "Sigma": [[0.009803066488983575, 0.0013505384584353184, 0.004741203589178241], [0.0013505384584353184, 0.0033460954846850563, 0.00039132453411673106], [0.004741203589178241, 0.00039132453411673096, 0.10299828090859273]], "chi2_level": 0.99, "chi2_df": 3, "chi2_threshold": 11.344866730144373, "N_raw": 45, "N_roi": 45, "N_inlier": 43, "refit": true}
{"timestamp": "19:24:49.469881", "frame": 88, "mu": [-1.45976054735414, 2.1347996399849, 0.9825473051850053], "Sigma": [[0.0020307302032420323, -0.002544717616728859, 0.0017759468451875174], [-0.0025447176167288595, 0.006912692088626694, -0.020008362345006706], [0.0017759468451875174, -0.020008362345006712, 0.2976435961300917]], "chi2_level": 0.99, "chi2_df": 3, "chi2_threshold": 11.344866730144373, "N_raw": 8, "N_roi": 8, "N_inlier": 8, "refit": true}
{"timestamp": "19:24:49.533405", "frame": 89, "mu": [-1.580409867385335, 2.21188027106007, 0.026291535950226895], "Sigma": [[0.009922609122081196, 0.005016503915638362, -0.009216508663782775], [0.005016503915638362, 0.013102546741586707, -0.01228112005962189], [-0.009216508663782774, -0.01228112005962189, 0.03476131182937519]], "chi2_level": 0.99, "chi2_df": 3, "chi2_threshold": 11.344866730144373, "N_raw": 65, "N_roi": 65, "N_inlier": 62, "refit": true}
{"timestamp": "19:24:49.584291", "frame": 90, "mu": [-1.6320518504940216, 2.153097378233732, -0.5071481564853099], "Sigma": [[0.005852528639652643, 0.001351354731778497, -0.002568304817134482], [0.001351354731778497, 0.011285568438880044, 0.008637673766279117], [-0.002568304817134483, 0.008637673766279119, 0.027955168534809113]], "chi2_level": 0.99, "chi2_df": 3, "chi2_threshold": 11.344866730144373, "N_raw": 40, "N_roi": 40, "N_inlier": 39, "refit": true}
{"timestamp": "19:24:49.636357", "frame": 91, "mu": [-1.7337585187571036, 2.100319670471979, 1.0892257465048574], "Sigma": [[0.0032626393864957533, 0.0007593122641683401, -0.022497175829391786], [0.0007593122641683402, 0.00497022374966383, -0.008040128774765797], [-0.022497175829391786, -0.008040128774765795, 0.43485801468620816]], "chi2_level": 0.99, "chi2_df": 3, "chi2_threshold": 11.344866730144373, "N_raw": 12, "N_roi": 12, "N_inlier": 12, "refit": true}
{"timestamp": "19:24:49.691866", "frame": 92, "mu": [-1.9606138467138383, 1.8997094966309271, 1.3455766510940201], "Sigma": [[0.0592641004438241, 0.06135116128150028, -0.08552289436087562], [0.06135116128150029, 0.07142643383076999, -0.09603946201765151], [-0.08552289436087562, -0.09603946201765151, 0.16290104200147112]], "chi2_level": 0.99, "chi2_df": 3, "chi2_threshold": 11.344866730144373, "N_raw": 19, "N_roi": 19, "N_inlier": 19, "refit": true}
{"timestamp": "19:24:49.745776", "frame": 93, "mu": [-1.8138955684919966, 2.088972297477035, 1.0165193748430523], "Sigma": [[0.02567331214518482, 0.027537881902031033, -0.06649837778952307], [0.027537881902031033, 0.03746799059160799, -0.0767289914002368], [-0.06649837778952307, -0.0767289914002368, 0.3001283379407159]], "chi2_level": 0.99, "chi2_df": 3, "chi2_threshold": 11.344866730144373, "N_raw": 11, "N_roi": 11, "N_inlier": 11, "refit": true}
{"timestamp": "19:24:49.810048", "frame": 94, "mu": [-2.049838869662271, 1.8940114708466245, 1.5326073144573953], "Sigma": [[0.028437120072180744, 0.022201499926268596, -0.020786317397070722], [0.022201499926268596, 0.027367139372477426, -0.01124971822179753], [-0.020786317397070722, -0.011249718221797529, 0.01905893652312093]], "chi2_level": 0.99, "chi2_df": 3, "chi2_threshold": 11.344866730144373, "N_raw": 71, "N_roi": 71, "N_inlier": 69, "refit": true}
{"timestamp": "19:24:49.858496", "frame": 95, "mu": [-2.1557732487649997, 1.8664874511075422, 1.4149887574332223], "Sigma": [[0.02387515729753794, 0.022802675689193252, -0.05132066399251764], [0.022802675689193256, 0.034271571386870654, -0.060093140452162706], [-0.05132066399251763, -0.06009314045216272, 0.1673607037500214]], "chi2_level": 0.99, "chi2_df": 3, "chi2_threshold": 11.344866730144373, "N_raw": 29, "N_roi": 29, "N_inlier": 28, "refit": true}
{"timestamp": "19:24:49.915446", "frame": 96, "mu": [-2.2476084230644107, 1.883138187272826, 1.3978295261956621], "Sigma": [[0.01706285574518169, 0.013786485340458565, -0.01423145625802621], [0.013786485340458565, 0.018231723572475024, -0.016969360111871352], [-0.01423145625802621, -0.016969360111871355, 0.03520702622611152]], "chi2_level": 0.99, "chi2_df": 3, "chi2_threshold": 11.344866730144373, "N_raw": 42, "N_roi": 42, "N_inlier": 39, "refit": true}
{"timestamp": "19:24:49.969508", "frame": 97, "mu": [-2.188208990377812, 2.0305948554356563, 1.4504671690668904], "Sigma": [[0.02208422124561804, 0.020120676330120338, -0.021331219625096924], [0.020120676330120338, 0.02029961985478165, -0.023854164471762182], [-0.021331219625096924, -0.023854164471762182, 0.03432206154572061]], "chi2_level": 0.99, "chi2_df": 3, "chi2_threshold": 11.344866730144373, "N_raw": 43, "N_roi": 43, "N_inlier": 42, "refit": true}
{"timestamp": "19:24:50.029919", "frame": 98, "mu": [-2.2389881909677856, 1.9070367733680587, 1.2865405394725635], "Sigma": [[0.021183850613641236, 0.015260042009519664, -0.015936523704344344], [0.015260042009519664, 0.014666504009853037, -0.01770123042566869], [-0.01593652370434434, -0.01770123042566869, 0.03902782497517755]], "chi2_level": 0.99, "chi2_df": 3, "chi2_threshold": 11.344866730144373, "N_raw": 71, "N_roi": 67, "N_inlier": 66, "refit": true}
{"timestamp": "19:24:50.084441", "frame": 99, "mu": [-2.251946365739166, 1.9273673902217079, 1.39706875208259], "Sigma": [[0.016879385997907614, 0.011605330861780306, -0.0115391732256272], [0.011605330861780307, 0.016402377124237158, -0.016188970987834526], [-0.0115391732256272, -0.016188970987834526, 0.02082149974401493]], "chi2_level": 0.99, "chi2_df": 3, "chi2_threshold": 11.344866730144373, "N_raw": 74, "N_roi": 67, "N_inlier": 67, "refit": true}
{"timestamp": "19:24:50.215578", "frame": 100, "mu": [-2.341374557411089, 1.833228787895332, -0.10038080642814667], "Sigma": [[0.010480429746212057, 0.004976995913057144, 0.03376704852419655], [0.004976995913057145, 0.01431489775873065, 0.04751510297201966], [0.03376704852419655, 0.04751510297201966, 0.4370317621103294]], "chi2_level": 0.99, "chi2_df": 3, "chi2_threshold": 11.344866730144373, "N_raw": 38, "N_roi": 30, "N_inlier": 30, "refit": true}
{"timestamp": "19:24:50.246813", "frame": 101, "mu": [-2.3404672960750306, 1.878810372211009, 1.4397015902316421], "Sigma": [[0.008312220656358721, 0.004295535785913119, -0.00676218620926969], [0.004295535785913119, 0.021733969979809403, -0.002197349928930213], [-0.00676218620926969, -0.002197349928930213, 0.008168541239424109]], "chi2_level": 0.99, "chi2_df": 3, "chi2_threshold": 11.344866730144373, "N_raw": 73, "N_roi": 51, "N_inlier": 50, "refit": true}
{"timestamp": "19:24:50.278453", "frame": 102, "mu": [-2.3604910295562425, 1.7923415784178565, 1.3631831022618595], "Sigma": [[0.0069555335393262545, 0.008227041429981187, -0.005124573531281795], [0.008227041429981187, 0.018353103721551148, -0.006873843098834733], [-0.005124573531281795, -0.006873843098834733, 0.005485631574282653]], "chi2_level": 0.99, "chi2_df": 3, "chi2_threshold": 11.344866730144373, "N_raw": 42, "N_roi": 28, "N_inlier": 27, "refit": true}
{"timestamp": "19:24:50.309238", "frame": 103, "mu": [-2.4066089883241384, 1.9109393890300095, 1.3306819658106126], "Sigma": [[0.003281863969821804, 0.0024576327106370973, -0.004185695741693472], [0.0024576327106370973, 0.013697983695828024, -0.012014633016671468], [-0.004185695741693472, -0.012014633016671468, 0.020701271458314463]], "chi2_level": 0.99, "chi2_df": 3, "chi2_threshold": 11.344866730144373, "N_raw": 61, "N_roi": 28, "N_inlier": 26, "refit": true}
{"timestamp": "19:24:50.354718", "frame": 104, "mu": [-2.4117067846005247, 2.0593131950459336, 1.265813747172398], "Sigma": [[0.004260374003367707, 0.004615883995866696, -0.007405848455270397], [0.004615883995866695, 0.009301344254594475, -0.014705641630290294], [-0.007405848455270397, -0.014705641630290294, 0.03366481549876123]], "chi2_level": 0.99, "chi2_df": 3, "chi2_threshold": 11.344866730144373, "N_raw": 35, "N_roi": 8, "N_inlier": 8, "refit": true}
{"timestamp": "19:24:50.409014", "frame": 105, "mu": [-2.40868964311868, 2.0296679883403197, 0.9750982698188813], "Sigma": [[0.0025585620341325643, 0.0031677789003471193, -0.0118912753643736], [0.0031677789003471198, 0.00665662787333576, -0.022854270575104606], [-0.0118912753643736, -0.022854270575104606, 0.09637522583650178]], "chi2_level": 0.99, "chi2_df": 3, "chi2_threshold": 11.344866730144373, "N_raw": 40, "N_roi": 9, "N_inlier": 9, "refit": true}
{"timestamp": "19:24:50.461358", "frame": 106, "mu": [-2.359924406047853, 2.1245503569543858, 0.7017492062918723], "Sigma": [[0.008265870025487473, 0.004040042923394241, -0.031897745672071605], [0.004040042923394241, 0.0024089749930849232, -0.017360932854563707], [-0.03189774567207161, -0.017360932854563707, 0.13249373604965292]], "chi2_level": 0.99, "chi2_df": 3, "chi2_threshold": 11.344866730144373, "N_raw": 14, "N_roi": 6, "N_inlier": 6, "refit": true}
{"timestamp": "19:24:50.514802", "frame": 107, "mu": [-2.421642170760753, 2.054684147349605, 0.7307114620210864], "Sigma": [[0.0012060053939806864, -0.0007235429643696267, -0.0009366044103031942], [-0.0007235429643696268, 0.003583291983321397, -0.008056453025015894], [-0.000936604410303195, -0.008056453025015894, 0.14263585170965556]], "chi2_level": 0.99, "chi2_df": 3, "chi2_threshold": 11.344866730144373, "N_raw": 10, "N_roi": 5, "N_inlier": 5, "refit": true}
