{"timestamp": "20:26:39.145172", "frame": 25, "mu": [-0.35498580367136057, 0.535797081440729, -0.6277621939205182], "Sigma": [[2.550602445156957, -0.007752543079019102, 0.06653354221205278], [-0.007752543079019101, 0.0009062638252206333, -0.000199038865590302], [0.06653354221205278, -0.0001990388655903019, 0.00900239115958074]], "chi2_level": 0.99, "chi2_df": 3, "chi2_threshold": 11.344866730144373, "N_raw": 5, "N_roi": 5, "N_inlier": 5, "refit": true}
{"timestamp": "20:26:39.364887", "frame": 29, "mu": [1.5212897104126117, 0.4684525779536503, 1.0915929445564232], "Sigma": [[0.0013034153949303116, 0.00042724442933438664, -0.00479394062271955], [0.0004272444293343867, 0.007044564410979584, -0.0077908018697636], [-0.00479394062271955, -0.007790801869763599, 0.024886062169009324]], "chi2_level": 0.99, "chi2_df": 3, "chi2_threshold": 11.344866730144373, "N_raw": 7, "N_roi": 7, "N_inlier": 7, "refit": true}
{"timestamp": "20:26:39.419851", "frame": 30, "mu": [0.6708641893684659, 0.6459033209648506, -0.5836312379178439], "Sigma": [[1.5410614386282677, 0.07527678142350969, 0.10938074902846864], [0.07527678142350969, 0.019595076543680534, -0.011329667343209924], [0.10938074902846864, -0.011329667343209924, 0.04915270676457841]], "chi2_level": 0.99, "chi2_df": 3, "chi2_threshold": 11.344866730144373, "N_raw": 8, "N_roi": 8, "N_inlier": 8, "refit": true}
{"timestamp": "20:26:39.477336", "frame": 31, "mu": [0.7692065201947437, 0.4109456983061676, 1.313284745798952], "Sigma": [[1.387039023957415, 0.04768674185865033, -0.0024257897568255443], [0.04768674185865032, 0.005430023129424349, -0.0004637202925137328], [-0.0024257897568255443, -0.0004637202925137328, 0.004624776833468258]], "chi2_level": 0.99, "chi2_df": 3, "chi2_threshold": 11.344866730144373, "N_raw": 24, "N_roi": 24, "N_inlier": 23, "refit": true}
{"timestamp": "20:26:39.533821", "frame": 32, "mu": [1.31356067858544, 0.4989816659493673, 1.428881512061366], "Sigma": [[0.004809936527505877, -0.005420945949921338, -0.0018976160650971937], [-0.0054209459499213394, 0.0106688945334338, 0.0001576494265425799], [-0.0018976160650971937, 0.0001576494265425799, 0.002470021192700182]], "chi2_level": 0.99, "chi2_df": 3, "chi2_threshold": 11.344866730144373, "N_raw": 33, "N_roi": 33, "N_inlier": 31, "refit": true}
{"timestamp": "20:26:39.591752", "frame": 33, "mu": [1.2720394097966856, 0.6532376346221775, -0.4096287975913948], "Sigma": [[0.0061015269293880755, -0.002991764031939695, -0.004022340290308793], [-0.002991764031939695, 0.006802156391949711, 0.0014266265412192], [-0.004022340290308794, 0.0014266265412192, 0.003614424036553131]], "chi2_level": 0.99, "chi2_df": 3, "chi2_threshold": 11.344866730144373, "N_raw": 37, "N_roi": 37, "N_inlier": 36, "refit": true}
{"timestamp": "20:26:39.645157", "frame": 34, "mu": [1.2216292122275485, 0.545343655810543, 1.4478802919636], "Sigma": [[0.0034151301151758864, -0.0018741274983540318, -0.0016899464142947308], [-0.0018741274983540318, 0.004505884716944814, -0.0007332903508198446], [-0.0016899464142947308, -0.0007332903508198446, 0.0022406349521827606]], "chi2_level": 0.99, "chi2_df": 3, "chi2_threshold": 11.344866730144373, "N_raw": 27, "N_roi": 27, "N_inlier": 27, "refit": true}
{"timestamp": "20:26:39.697669", "frame": 35, "mu": [1.1931623013850954, 0.47138589023789634, 1.3888272871934617], "Sigma": [[0.001992431023800136, -0.001453983796847735, -0.0013517703694181146], [-0.0014539837968477352, 0.00301409997350112, 0.0002537362880638179], [-0.0013517703694181146, 0.000253736288063818, 0.001628690728629632]], "chi2_level": 0.99, "chi2_df": 3, "chi2_threshold": 11.344866730144373, "N_raw": 14, "N_roi": 14, "N_inlier": 14, "refit": true}
{"timestamp": "20:26:39.752860", "frame": 36, "mu": [1.1885169237931725, 0.4415003623021161, 1.3573141750138848], "Sigma": [[0.0027282443724154044, -0.0026039220348645494, -0.0008204318773877533], [-0.0026039220348645494, 0.007375953066209647, 0.00011563172471096498], [-0.0008204318773877533, 0.00011563172471096503, 0.0004552197230876053]], "chi2_level": 0.99, "chi2_df": 3, "chi2_threshold": 11.344866730144373, "N_raw": 18, "N_roi": 18, "N_inlier": 17, "refit": true}
{"timestamp": "20:26:39.806348", "frame": 37, "mu": [1.0781534322748667, 0.513223618437572, 0.7623377732593569], "Sigma": [[0.009899452107839454, -0.004745537712791865, 0.04034273930067532], [-0.004745537712791865, 0.009146392859749766, 0.005131050187252746], [0.04034273930067532, 0.005131050187252746, 0.4139340360837586]], "chi2_level": 0.99, "chi2_df": 3, "chi2_threshold": 11.344866730144373, "N_raw": 9, "N_roi": 9, "N_inlier": 9, "refit": true}
{"timestamp": "20:26:39.864268", "frame": 38, "mu": [1.1113361096305279, 0.4377423311247312, 1.180322886529726], "Sigma": [[0.0027139292448053382, -0.0015190134867646699, -0.010601580158037919], [-0.00151901348676467, 0.004099195555046261, 0.004284944771980071], [-0.010601580158037919, 0.004284944771980069, 0.07960275679759328]], "chi2_level": 0.99, "chi2_df": 3, "chi2_threshold": 11.344866730144373, "N_raw": 17, "N_roi": 17, "N_inlier": 16, "refit": true}
{"timestamp": "20:26:39.917777", "frame": 39, "mu": [1.0023301621116074, 0.8200403628727897, -0.8887137900551194], "Sigma": [[0.0017861807972469185, -0.002012947333683289, 0.005485723201152027], [-0.002012947333683289, 0.03229350975656865, -0.10180549252892113], [0.005485723201152025, -0.10180549252892113, 0.33178465659216577]], "chi2_level": 0.99, "chi2_df": 3, "chi2_threshold": 11.344866730144373, "N_raw": 9, "N_roi": 9, "N_inlier": 9, "refit": true}
{"timestamp": "20:26:39.972283", "frame": 40, "mu": [0.9391397681711251, 0.7515164407193715, -0.5517875819187824], "Sigma": [[0.0015556555553783592, 0.0010902020972628993, -0.006146460444005455], [0.0010902020972628993, 0.0010559841697243316, -0.005128706325728472], [-0.006146460444005455, -0.005128706325728472, 0.03371708465954662]], "chi2_level": 0.99, "chi2_df": 3, "chi2_threshold": 11.344866730144373, "N_raw": 7, "N_roi": 7, "N_inlier": 7, "refit": true}
{"timestamp": "20:26:40.029973", "frame": 41, "mu": [0.8694549950143838, 0.5997422919392565, 1.430577950640902], "Sigma": [[0.004464369102188153, -0.002004661243878698, -0.0021569440469226906], [-0.002004661243878698, 0.0016207745264510054, -0.0004374969092589573], [-0.0021569440469226906, -0.0004374969092589573, 0.005202186776767207]], "chi2_level": 0.99, "chi2_df": 3, "chi2_threshold": 11.344866730144373, "N_raw": 37, "N_roi": 37, "N_inlier": 37, "refit": true}
{"timestamp": "20:26:40.085096", "frame": 42, "mu": [0.7631306365926602, 0.6688982950811647, 1.4790273877848958], "Sigma": [[0.0020252188796785735, -4.170158774463902e-05, -0.0012661204264527068], [-4.1701587744639076e-05, 0.0015491462639075644, -0.001032705186257584], [-0.0012661204264527068, -0.001032705186257584, 0.001752836703765099]], "chi2_level": 0.99, "chi2_df": 3, "chi2_threshold": 11.344866730144373, "N_raw": 28, "N_roi": 28, "N_inlier": 26, "refit": true}
{"timestamp": "20:26:40.139910", "frame": 43, "mu": [0.7881267084941219, 0.6352277188826875, 1.3443069097253952], "Sigma": [[0.0025576647604633428, -0.00025756936774140273, -0.0038662022077379293], [-0.0002575693677414028, 0.0007509518471783206, -0.00127596175503104], [-0.0038662022077379293, -0.00127596175503104, 0.010947206662903953]], "chi2_level": 0.99, "chi2_df": 3, "chi2_threshold": 11.344866730144373, "N_raw": 30, "N_roi": 28, "N_inlier": 28, "refit": true}
{"timestamp": "20:26:40.196329", "frame": 44, "mu": [0.799252695934454, 0.6606068433398566, 0.9844945862975384], "Sigma": [[0.001963480463382252, 0.0004511521283165742, 0.00035440100396374975], [0.00045115212831657413, 0.02117242553521341, 0.03316919634316115], [0.0003544010039637502, 0.03316919634316115, 0.11190412394638877]], "chi2_level": 0.99, "chi2_df": 3, "chi2_threshold": 11.344866730144373, "N_raw": 31, "N_roi": 31, "N_inlier": 29, "refit": true}
{"timestamp": "20:26:40.249565", "frame": 45, "mu": [0.6948425010408875, 0.5526847125010729, 0.8757577214381563], "Sigma": [[0.00533468319663542, 0.009217521162201415, 0.02433954208113872], [0.009217521162201415, 0.05521635718478103, 0.09908052698468443], [0.02433954208113872, 0.09908052698468443, 0.2921922381954605]], "chi2_level": 0.99, "chi2_df": 3, "chi2_threshold": 11.344866730144373, "N_raw": 14, "N_roi": 14, "N_inlier": 14, "refit": true}
{"timestamp": "20:26:40.304455", "frame": 46, "mu": [0.6032490275429476, 0.7104887994864644, -1.028995658427352], "Sigma": [[0.02499799981045242, 0.01469944668222451, 0.07416118344042766], [0.01469944668222451, 0.013820597194573766, 0.04738186283651552], [0.07416118344042767, 0.04738186283651552, 0.2952747822240879]], "chi2_level": 0.99, "chi2_df": 3, "chi2_threshold": 11.344866730144373, "N_raw": 18, "N_roi": 18, "N_inlier": 17, "refit": true}
{"timestamp": "20:26:40.361205", "frame": 47, "mu": [0.5780445853740467, 0.7762552008645367, -0.4555628467680875], "Sigma": [[0.0024658109116489292, 0.0006470669563783957, -0.005676728293184813], [0.0006470669563783955, 0.010179193202336187, -0.016752033416660428], [-0.005676728293184813, -0.016752033416660428, 0.04518362527297804]], "chi2_level": 0.99, "chi2_df": 3, "chi2_threshold": 11.344866730144373, "N_raw": 32, "N_roi": 32, "N_inlier": 30, "refit": true}
{"timestamp": "20:26:40.422524", "frame": 48, "mu": [0.5731543439464203, 0.7820207686407693, -0.5779217456363528], "Sigma": [[0.0027499608196193456, -0.0015422230364789279, 4.657977424225401e-05], [-0.0015422230364789276, 0.006085704753998856, -0.013268776394656748], [4.657977424225401e-05, -0.01326877639465675, 0.04723133298514218]], "chi2_level": 0.99, "chi2_df": 3, "chi2_threshold": 11.344866730144373, "N_raw": 75, "N_roi": 75, "N_inlier": 71, "refit": true}
{"timestamp": "20:26:40.477968", "frame": 49, "mu": [0.5379405329798849, 0.5093724827657734, 1.2262904638526857], "Sigma": [[0.0028368602911282535, -0.0014130498494083876, -0.003449973979244725], [-0.0014130498494083874, 0.008326963676868604, 0.008500154108154755], [-0.003449973979244725, 0.008500154108154755, 0.032253010653149485]], "chi2_level": 0.99, "chi2_df": 3, "chi2_threshold": 11.344866730144373, "N_raw": 79, "N_roi": 79, "N_inlier": 75, "refit": true}
{"timestamp": "20:26:40.525880", "frame": 50, "mu": [0.4526390733372054, 0.770998745867337, -0.6717939087870557], "Sigma": [[0.0017007729896488754, 0.00022812097118045946, -0.0059992365635057245], [0.00022812097118045946, 0.012477187658494893, -0.05102763206149349], [-0.0059992365635057245, -0.05102763206149349, 0.30189767980172305]], "chi2_level": 0.99, "chi2_df": 3, "chi2_threshold": 11.344866730144373, "N_raw": 19, "N_roi": 19, "N_inlier": 19, "refit": true}
{"timestamp": "20:26:40.583487", "frame": 51, "mu": [0.3854966005920034, 0.7639491384436382, -0.40505878744013907], "Sigma": [[0.002419094724230007, 0.0006356931651246626, -0.002920769494087126], [0.0006356931651246625, 0.0021202804202380297, -0.002940220027431029], [-0.0029207694940871264, -0.002940220027431029, 0.01603267511075513]], "chi2_level": 0.99, "chi2_df": 3, "chi2_threshold": 11.344866730144373, "N_raw": 51, "N_roi": 51, "N_inlier": 50, "refit": true}
{"timestamp": "20:26:40.641179", "frame": 52, "mu": [0.34950095504342554, 0.6354922062830414, 1.429705745038762], "Sigma": [[0.001996323928397794, -0.00025584073038581527, -0.001026060153558161], [-0.0002558407303858152, 0.0017991664427275437, -0.001443147454653831], [-0.001026060153558161, -0.0014431474546538312, 0.009462446188296407]], "chi2_level": 0.99, "chi2_df": 3, "chi2_threshold": 11.344866730144373, "N_raw": 62, "N_roi": 62, "N_inlier": 60, "refit": true}
{"timestamp": "20:26:40.693800", "frame": 53, "mu": [0.2968887075417031, 0.6499968315810393, -0.49997272924400415], "Sigma": [[0.0015492285487643993, 0.0016547821793768706, 0.0008443591020976125], [0.0016547821793768706, 0.0030959442321766544, 0.0015859626619550244], [0.0008443591020976125, 0.0015859626619550244, 0.010189807400629832]], "chi2_level": 0.99, "chi2_df": 3, "chi2_threshold": 11.344866730144373, "N_raw": 52, "N_roi": 52, "N_inlier": 50, "refit": true}
{"timestamp": "20:26:40.751601", "frame": 54, "mu": [0.24945724591159263, 0.7739628038870013, -0.400765496766566], "Sigma": [[0.001496492761214029, 0.00020607152689266508, -0.00048641729853887055], [0.00020607152689266502, 0.0023066568533529523, -0.003967365013647169], [-0.00048641729853887044, -0.003967365013647169, 0.01198293021483599]], "chi2_level": 0.99, "chi2_df": 3, "chi2_threshold": 11.344866730144373, "N_raw": 70, "N_roi": 70, "N_inlier": 68, "refit": true}
{"timestamp": "20:26:40.804674", "frame": 55, "mu": [0.19990287467339932, 0.6278515627716736, 1.3491752908398897], "Sigma": [[0.0013069539325526965, -1.0230626225990255e-05, 0.0002830322051405365], [-1.0230626225990255e-05, 0.0007466775677120834, 0.0007147543912223906], [0.00028303220514053646, 0.0007147543912223906, 0.013891778067099772]], "chi2_level": 0.99, "chi2_df": 3, "chi2_threshold": 11.344866730144373, "N_raw": 59, "N_roi": 59, "N_inlier": 56, "refit": true}
{"timestamp": "20:26:40.854731", "frame": 56, "mu": [0.16879689900635722, 0.8193041234883613, -0.6881219977320885], "Sigma": [[0.0021063818173172226, -0.003222837909834244, 0.013516635578148514], [-0.003222837909834244, 0.009184549520223623, -0.03776437425651869], [0.013516635578148514, -0.0377643742565187, 0.16756501020878542]], "chi2_level": 0.99, "chi2_df": 3, "chi2_threshold": 11.344866730144373, "N_raw": 22, "N_roi": 22, "N_inlier": 21, "refit": true}
{"timestamp": "20:26:40.907777", "frame": 57, "mu": [0.09747310399449306, 0.839656588619199, -0.7087802799534739], "Sigma": [[0.0027421927496825162, 0.004744161837325293, -0.02413275755961817], [0.004744161837325292, 0.015229994084953015, -0.054595012947339136], [-0.02413275755961817, -0.054595012947339136, 0.24465816510169547]], "chi2_level": 0.99, "chi2_df": 3, "chi2_threshold": 11.344866730144373, "N_raw": 17, "N_roi": 17, "N_inlier": 16, "refit": true}
{"timestamp": "20:26:40.966859", "frame": 58, "mu": [0.03499663542171697, 0.644072911973235, 1.2354457956223275], "Sigma": [[0.0016406645370633762, -0.0012354298136685545, -0.0011778261510165112], [-0.0012354298136685545, 0.004513253246510591, -0.0002980832597272145], [-0.0011778261510165112, -0.00029808325972721455, 0.003033694986748107]], "chi2_level": 0.99, "chi2_df": 3, "chi2_threshold": 11.344866730144373, "N_raw": 45, "N_roi": 45, "N_inlier": 44, "refit": true}
{"timestamp": "20:26:41.030481", "frame": 59, "mu": [-0.05308004161438615, 0.6976028801516857, 1.3736347158689015], "Sigma": [[0.0025378550181225125, -0.0003817190208913174, 0.0004342556083012238], [-0.0003817190208913174, 0.001183122677661334, -0.002529836274838406], [0.0004342556083012236, -0.002529836274838406, 0.010073166131024162]], "chi2_level": 0.99, "chi2_df": 3, "chi2_threshold": 11.344866730144373, "N_raw": 95, "N_roi": 95, "N_inlier": 91, "refit": true}
{"timestamp": "20:26:41.086929", "frame": 60, "mu": [-0.08936816924676007, 0.8172882261710566, -0.46750508672684477], "Sigma": [[0.003336728108190464, 0.00047188792007609446, -0.0005536311133952001], [0.0004718879200760944, 0.0046352128442106654, -0.0021525706959484433], [-0.0005536311133952001, -0.0021525706959484433, 0.008320818440129166]], "chi2_level": 0.99, "chi2_df": 3, "chi2_threshold": 11.344866730144373, "N_raw": 104, "N_roi": 104, "N_inlier": 102, "refit": true}
{"timestamp": "20:26:41.137928", "frame": 61, "mu": [-0.15238459987695968, 0.689741967395014, 1.4299036508310439], "Sigma": [[0.0018999676864267488, -0.0007173835824836065, -0.0007513242590537841], [-0.0007173835824836063, 0.0015491832900844968, -0.0024542633399122077], [-0.0007513242590537841, -0.0024542633399122077, 0.0070807038987407735]], "chi2_level": 0.99, "chi2_df": 3, "chi2_threshold": 11.344866730144373, "N_raw": 76, "N_roi": 76, "N_inlier": 74, "refit": true}
{"timestamp": "20:26:41.187856", "frame": 62, "mu": [-0.19453311412596125, 0.6332636963573721, 1.2942258600357275], "Sigma": [[0.0011021576496214507, -0.0011658977271725968, -0.0025913362635597093], [-0.0011658977271725968, 0.005423361877898328, 0.001711922949853434], [-0.0025913362635597093, 0.001711922949853434, 0.011058945588476685]], "chi2_level": 0.99, "chi2_df": 3, "chi2_threshold": 11.344866730144373, "N_raw": 43, "N_roi": 43, "N_inlier": 40, "refit": true}
{"timestamp": "20:26:41.247547", "frame": 63, "mu": [-0.25085476413936014, 0.6970924587251799, 1.4356095282916197], "Sigma": [[0.002682634967884089, -0.00018330911711491088, -0.0031352270609413743], [-0.0001833091171149109, 0.0017312719047064067, -0.0024921738035004705], [-0.0031352270609413743, -0.0024921738035004705, 0.009182878418457366]], "chi2_level": 0.99, "chi2_df": 3, "chi2_threshold": 11.344866730144373, "N_raw": 77, "N_roi": 77, "N_inlier": 72, "refit": true}
{"timestamp": "20:26:41.301462", "frame": 64, "mu": [-0.25603513668463446, 0.7153320881244674, -0.671744133516563], "Sigma": [[0.001710129852746048, 0.0012869487327087732, -0.0007320996905518793], [0.0012869487327087732, 0.005406860946399924, -0.0011386195560615824], [-0.0007320996905518793, -0.0011386195560615822, 0.007550941166135935]], "chi2_level": 0.99, "chi2_df": 3, "chi2_threshold": 11.344866730144373, "N_raw": 53, "N_roi": 50, "N_inlier": 48, "refit": true}
{"timestamp": "20:26:41.351735", "frame": 65, "mu": [-0.30524870264927284, 0.7091821139650829, 1.2782846065737061], "Sigma": [[0.0012423045360520182, -0.000986022946639489, -0.0006409299030341588], [-0.000986022946639489, 0.0015418452456632957, -0.0007183704318356318], [-0.0006409299030341588, -0.0007183704318356319, 0.004691993830648452]], "chi2_level": 0.99, "chi2_df": 3, "chi2_threshold": 11.344866730144373, "N_raw": 37, "N_roi": 33, "N_inlier": 31, "refit": true}
{"timestamp": "20:26:41.406308", "frame": 66, "mu": [-0.4766650423978789, 0.6148538378695052, 1.2639167447810002], "Sigma": [[0.03446948260065854, 0.008139024454364065, -0.021146431393403373], [0.008139024454364065, 0.011633699205930723, -0.02687506067099621], [-0.021146431393403373, -0.02687506067099621, 0.10158355352230333]], "chi2_level": 0.99, "chi2_df": 3, "chi2_threshold": 11.344866730144373, "N_raw": 37, "N_roi": 36, "N_inlier": 35, "refit": true}
{"timestamp": "20:26:41.469405", "frame": 67, "mu": [-0.4948806497100178, 0.7060434346924231, -0.5670403221531387], "Sigma": [[0.03523165776174163, 0.013155767505489385, -0.021391346551286793], [0.013155767505489389, 0.009780304348407428, -0.008609588185772865], [-0.021391346551286793, -0.008609588185772865, 0.024372434313200898]], "chi2_level": 0.99, "chi2_df": 3, "chi2_threshold": 11.344866730144373, "N_raw": 81, "N_roi": 81, "N_inlier": 78, "refit": true}
{"timestamp": "20:26:41.519062", "frame": 68, "mu": [-0.8700463347790309, 0.667628318446526, -0.16980883945712935], "Sigma": [[0.013859838503368539, 0.00770566314979677, -0.006817348954150409], [0.00770566314979677, 0.009789858193983926, -0.007043073596732678], [-0.006817348954150408, -0.007043073596732678, 0.006371676943324475]], "chi2_level": 0.99, "chi2_df": 3, "chi2_threshold": 11.344866730144373, "N_raw": 40, "N_roi": 38, "N_inlier": 37, "refit": true}
{"timestamp": "20:26:41.568419", "frame": 69, "mu": [-0.7763566434217366, 0.6654178262150205, 1.5176487728515047], "Sigma": [[0.04494223605381317, 0.013238298331513711, -0.043404729461208005], [0.013238298331513711, 0.007781125475593029, -0.017087710327183623], [-0.043404729461208005, -0.017087710327183623, 0.049841080401672413]], "chi2_level": 0.99, "chi2_df": 3, "chi2_threshold": 11.344866730144373, "N_raw": 17, "N_roi": 17, "N_inlier": 17, "refit": true}
{"timestamp": "20:26:41.629788", "frame": 70, "mu": [-0.8390295429694613, 0.6355687270251577, -0.40614293576188504], "Sigma": [[0.048232187546354756, 0.012137702626925977, -0.03355024829312564], [0.012137702626925977, 0.008098928949894876, -0.010273793695752008], [-0.03355024829312564, -0.010273793695752008, 0.030274854743691633]], "chi2_level": 0.99, "chi2_df": 3, "chi2_threshold": 11.344866730144373, "N_raw": 56, "N_roi": 56, "N_inlier": 55, "refit": true}
{"timestamp": "20:26:41.680405", "frame": 71, "mu": [-0.8334152674084712, 0.6367245276366363, 1.5592890371280783], "Sigma": [[0.02737609244137607, 0.00347577096754834, -0.025674089057719535], [0.00347577096754834, 0.0028087144392934743, -0.006395512394301229], [-0.025674089057719535, -0.006395512394301228, 0.03234613293868378]], "chi2_level": 0.99, "chi2_df": 3, "chi2_threshold": 11.344866730144373, "N_raw": 32, "N_roi": 32, "N_inlier": 31, "refit": true}
{"timestamp": "20:26:41.735448", "frame": 72, "mu": [-0.9607758643335853, 0.7248734434756091, -0.2533937538868829], "Sigma": [[0.010260204628706061, 0.005090802481351594, -0.0030329079507633774], [0.005090802481351594, 0.006028623367683838, -0.005637433373034803], [-0.0030329079507633774, -0.005637433373034803, 0.006321722067631809]], "chi2_level": 0.99, "chi2_df": 3, "chi2_threshold": 11.344866730144373, "N_raw": 30, "N_roi": 30, "N_inlier": 29, "refit": true}
{"timestamp": "20:26:41.791478", "frame": 73, "mu": [-1.0038493398088704, 0.6399417541766855, 1.5511952219535625], "Sigma": [[0.008619090074628952, 0.001168004556928306, -0.003327609151586989], [0.0011680045569283063, 0.0030212131662164425, -0.0034382067622302816], [-0.003327609151586989, -0.0034382067622302816, 0.005357667179055105]], "chi2_level": 0.99, "chi2_df": 3, "chi2_threshold": 11.344866730144373, "N_raw": 40, "N_roi": 40, "N_inlier": 39, "refit": true}
{"timestamp": "20:26:41.847460", "frame": 74, "mu": [-1.0055712271337907, 0.5226862524240653, 1.3324964139645121], "Sigma": [[0.011709958587280305, 0.00582826341887729, -0.014496380760108517], [0.005828263418877291, 0.016421284285653905, -0.012473766454637328], [-0.014496380760108517, -0.012473766454637328, 0.024999725025525783]], "chi2_level": 0.99, "chi2_df": 3, "chi2_threshold": 11.344866730144373, "N_raw": 43, "N_roi": 43, "N_inlier": 42, "refit": true}
{"timestamp": "20:26:41.903571", "frame": 75, "mu": [-1.0143685382366605, 0.8002556171845834, -0.2572796093216202], "Sigma": [[0.0065272607910202155, 0.0031907053669611345, -0.006736293925395816], [0.0031907053669611345, 0.008297995415002602, -0.014193996045304165], [-0.006736293925395816, -0.014193996045304167, 0.03152599805406837]], "chi2_level": 0.99, "chi2_df": 3, "chi2_threshold": 11.344866730144373, "N_raw": 47, "N_roi": 47, "N_inlier": 44, "refit": true}
{"timestamp": "20:26:41.956185", "frame": 76, "mu": [-1.1349675694061452, 0.6954303730376278, -0.5018790753313516], "Sigma": [[0.005921113068037447, 0.004249138995979514, 0.0015191486894091184], [0.004249138995979515, 0.006831993265225428, -0.0002998586360190871], [0.0015191486894091189, -0.0002998586360190873, 0.018784194177372177]], "chi2_level": 0.99, "chi2_df": 3, "chi2_threshold": 11.344866730144373, "N_raw": 40, "N_roi": 40, "N_inlier": 39, "refit": true}
{"timestamp": "20:26:42.012096", "frame": 77, "mu": [-1.1315447401493233, 0.8188460509605288, -0.31592605403092305], "Sigma": [[0.0057208398569330654, 0.0028915747495574197, -0.0058931297418601675], [0.0028915747495574197, 0.006610104393834451, -0.010733027219414437], [-0.005893129741860168, -0.010733027219414437, 0.03445759728755625]], "chi2_level": 0.99, "chi2_df": 3, "chi2_threshold": 11.344866730144373, "N_raw": 35, "N_roi": 35, "N_inlier": 35, "refit": true}
{"timestamp": "20:26:42.070152", "frame": 78, "mu": [-1.1881155000124293, 0.7216330320041011, 1.5436450878870567], "Sigma": [[0.007789418886873849, 0.0018539192757150783, -0.0010705695345960312], [0.0018539192757150783, 0.004265634819945662, -0.00443910179642491], [-0.001070569534596031, -0.00443910179642491, 0.005675268515926484]], "chi2_level": 0.99, "chi2_df": 3, "chi2_threshold": 11.344866730144373, "N_raw": 64, "N_roi": 64, "N_inlier": 61, "refit": true}
{"timestamp": "20:26:42.125338", "frame": 79, "mu": [-1.2050427024357135, 0.6955253904476348, 1.4681076993554325], "Sigma": [[0.008757029018578001, 0.0022463481943570105, -0.002247176594343868], [0.0022463481943570105, 0.0051591007273544464, -0.0044908337261827195], [-0.002247176594343868, -0.004490833726182719, 0.0059054391818590185]], "chi2_level": 0.99, "chi2_df": 3, "chi2_threshold": 11.344866730144373, "N_raw": 63, "N_roi": 63, "N_inlier": 61, "refit": true}
{"timestamp": "20:26:42.177299", "frame": 80, "mu": [-1.2223532916711168, 0.9002732436496838, -0.2827562227365978], "Sigma": [[0.0064191021230060865, 0.002858766551921416, -0.010287346837962442], [0.002858766551921416, 0.0071400479037029485, -0.009316122787678693], [-0.010287346837962442, -0.009316122787678693, 0.04963869872842562]], "chi2_level": 0.99, "chi2_df": 3, "chi2_threshold": 11.344866730144373, "N_raw": 43, "N_roi": 43, "N_inlier": 41, "refit": true}
{"timestamp": "20:26:42.234860", "frame": 81, "mu": [-1.2823578244706528, 0.7973075108680909, -0.4024189245531462], "Sigma": [[0.008822002186713149, 0.00781994775004307, 0.005624604119512994], [0.00781994775004307, 0.015243734849404245, 0.00202491624270462], [0.005624604119512994, 0.00202491624270462, 0.00620617026017182]], "chi2_level": 0.99, "chi2_df": 3, "chi2_threshold": 11.344866730144373, "N_raw": 65, "N_roi": 65, "N_inlier": 64, "refit": true}
{"timestamp": "20:26:42.290753", "frame": 82, "mu": [-1.3428010043468899, 0.780470276057386, -0.5622412771655597], "Sigma": [[0.006358402857875704, 0.003258864345310053, 0.004950495170792895], [0.0032588643453100533, 0.017833697250730522, -0.0019664629885641945], [0.004950495170792895, -0.001966462988564194, 0.016691014943333856]], "chi2_level": 0.99, "chi2_df": 3, "chi2_threshold": 11.344866730144373, "N_raw": 62, "N_roi": 62, "N_inlier": 61, "refit": true}
{"timestamp": "20:26:42.350196", "frame": 83, "mu": [-1.3426167289225732, 0.9924505249581002, -0.5386886579282448], "Sigma": [[0.014637850428120684, 0.016183366106428166, -0.021813934442210806], [0.016183366106428166, 0.031579839218658534, -0.05108926831217873], [-0.021813934442210806, -0.05108926831217872, 0.12492818122869298]], "chi2_level": 0.99, "chi2_df": 3, "chi2_threshold": 11.344866730144373, "N_raw": 93, "N_roi": 93, "N_inlier": 93, "refit": true}
{"timestamp": "20:26:42.401330", "frame": 84, "mu": [-1.446564996109982, 0.7214493875029794, 1.2785717375584305], "Sigma": [[0.00694846056797266, 0.006551451091185101, 0.0040912873425999665], [0.006551451091185101, 0.011820942338953111, 0.00409856672742219], [0.0040912873425999665, 0.00409856672742219, 0.02285329259223857]], "chi2_level": 0.99, "chi2_df": 3, "chi2_threshold": 11.344866730144373, "N_raw": 61, "N_roi": 61, "N_inlier": 58, "refit": true}
{"timestamp": "20:26:42.455931", "frame": 85, "mu": [-1.4600933222250907, 0.8055023806418421, 1.276322236494818], "Sigma": [[0.005290032970924378, 0.004731179238264926, 0.005043857537339246], [0.004731179238264926, 0.006034284415952536, -0.0015512179654010748], [0.0050438575373392466, -0.0015512179654010752, 0.036618648163989506]], "chi2_level": 0.99, "chi2_df": 3, "chi2_threshold": 11.344866730144373, "N_raw": 66, "N_roi": 66, "N_inlier": 64, "refit": true}
{"timestamp": "20:26:42.511013", "frame": 86, "mu": [-1.4935462996269768, 1.0143672826923107, -0.3538218314988563], "Sigma": [[0.006234237166045944, 0.003918605035314507, 0.007237826917153667], [0.003918605035314507, 0.009088968926930997, -0.0021169291745091034], [0.007237826917153667, -0.002116929174509104, 0.0402423252686162]], "chi2_level": 0.99, "chi2_df": 3, "chi2_threshold": 11.344866730144373, "N_raw": 66, "N_roi": 66, "N_inlier": 62, "refit": true}
{"timestamp": "20:26:42.561480", "frame": 87, "mu": [-1.5539896464475107, 0.9190861838037903, 1.3345060913238203], "Sigma": [[0.0043794374708421655, 0.0041053491558366816, -0.0024339827831589386], [0.0041053491558366816, 0.008625561211479718, -0.008382174987025514], [-0.002433982783158938, -0.008382174987025514, 0.014728065729276105]], "chi2_level": 0.99, "chi2_df": 3, "chi2_threshold": 11.344866730144373, "N_raw": 39, "N_roi": 39, "N_inlier": 38, "refit": true}
{"timestamp": "20:26:42.619600", "frame": 88, "mu": [-1.5335745591046124, 0.9630761992629095, 1.3636369180602064], "Sigma": [[0.005668659029922698, 0.004269609582061528, 0.004002009282292363], [0.004269609582061528, 0.006748343476193641, -0.002235362621926569], [0.004002009282292363, -0.002235362621926569, 0.031634750435811466]], "chi2_level": 0.99, "chi2_df": 3, "chi2_threshold": 11.344866730144373, "N_raw": 60, "N_roi": 60, "N_inlier": 59, "refit": true}
{"timestamp": "20:26:42.674258", "frame": 89, "mu": [-1.5840125462273198, 1.0674049864401034, -0.2511248925822121], "Sigma": [[0.007281507843996054, 0.0036259404098463485, 0.00013787587456483044], [0.003625940409846348, 0.00853052725728946, -0.00399112161917726], [0.00013787587456483042, -0.00399112161917726, 0.0035303812594192838]], "chi2_level": 0.99, "chi2_df": 3, "chi2_threshold": 11.344866730144373, "N_raw": 47, "N_roi": 47, "N_inlier": 45, "refit": true}
{"timestamp": "20:26:42.737929", "frame": 90, "mu": [-1.5294262727269985, 1.0775638191295411, 1.3603569489689058], "Sigma": [[0.016651426384642447, 0.00636585573776023, -0.0064091014658926165], [0.00636585573776023, 0.01362866807453097, -0.009966668144047295], [-0.0064091014658926165, -0.009966668144047296, 0.00863407312674294]], "chi2_level": 0.99, "chi2_df": 3, "chi2_threshold": 11.344866730144373, "N_raw": 110, "N_roi": 110, "N_inlier": 106, "refit": true}
{"timestamp": "20:26:42.787411", "frame": 91, "mu": [-1.5746733060321927, 1.196658906052169, -0.3193625567740642], "Sigma": [[0.01210259307512529, 0.009433046703796164, -0.00259820415830982], [0.009433046703796164, 0.014901914999675745, -0.004484553082325879], [-0.00259820415830982, -0.004484553082325878, 0.007327448909955157]], "chi2_level": 0.99, "chi2_df": 3, "chi2_threshold": 11.344866730144373, "N_raw": 66, "N_roi": 66, "N_inlier": 63, "refit": true}
{"timestamp": "20:26:42.842456", "frame": 92, "mu": [-1.5793423788343877, 1.1660379085114958, 1.3854796415579487], "Sigma": [[0.014426237402554755, 0.009229185639449779, -0.006716618654508752], [0.009229185639449779, 0.011591463171684139, -0.00920950056777858], [-0.0067166186545087525, -0.00920950056777858, 0.011286356112200245]], "chi2_level": 0.99, "chi2_df": 3, "chi2_threshold": 11.344866730144373, "N_raw": 83, "N_roi": 83, "N_inlier": 78, "refit": true}
{"timestamp": "20:26:42.894238", "frame": 93, "mu": [-1.6585342597463486, 1.1277980244147388, 1.3942543921764197], "Sigma": [[0.007247819257351573, 0.00449136774277398, -0.004309502676012683], [0.00449136774277398, 0.00884851732445313, -0.006562800477444937], [-0.004309502676012683, -0.006562800477444937, 0.0068195423014867545]], "chi2_level": 0.99, "chi2_df": 3, "chi2_threshold": 11.344866730144373, "N_raw": 46, "N_roi": 46, "N_inlier": 45, "refit": true}
{"timestamp": "20:26:42.953229", "frame": 94, "mu": [-1.6892720719504248, 1.3433205919907296, -0.28925362494434875], "Sigma": [[0.014948047069911307, 0.008745601055456954, 0.00032207993657223596], [0.008745601055456954, 0.015083692941267383, -0.005338208613484772], [0.0003220799365722364, -0.005338208613484772, 0.017345478350299565]], "chi2_level": 0.99, "chi2_df": 3, "chi2_threshold": 11.344866730144373, "N_raw": 83, "N_roi": 83, "N_inlier": 82, "refit": true}
{"timestamp": "20:26:43.009088", "frame": 95, "mu": [-1.70323380946327, 1.2455191568513138, 1.3673234972612003], "Sigma": [[0.017840890536344856, 0.010755704304532251, -0.0054635054131522524], [0.010755704304532251, 0.011807776878761209, -0.009279190947334755], [-0.0054635054131522524, -0.009279190947334755, 0.013979566641588465]], "chi2_level": 0.99, "chi2_df": 3, "chi2_threshold": 11.344866730144373, "N_raw": 86, "N_roi": 86, "N_inlier": 83, "refit": true}
{"timestamp": "20:26:43.064117", "frame": 96, "mu": [-1.705046051394763, 1.3440182569676293, 1.4527653520322799], "Sigma": [[0.017135780913843615, 0.008877706632906634, -0.0132056713795232], [0.008877706632906634, 0.01452861987857751, -0.0113766596483551], [-0.0132056713795232, -0.011376659648355098, 0.013023233868607889]], "chi2_level": 0.99, "chi2_df": 3, "chi2_threshold": 11.344866730144373, "N_raw": 88, "N_roi": 88, "N_inlier": 85, "refit": true}
{"timestamp": "20:26:43.117700", "frame": 97, "mu": [-1.8009138633093775, 1.3405886716793665, 1.4089566085638945], "Sigma": [[0.01329341547902049, 0.00717848853192817, -0.0046203705040528485], [0.007178488531928168, 0.007931750871811081, -0.009393426899056237], [-0.0046203705040528485, -0.009393426899056237, 0.03420056353476104]], "chi2_level": 0.99, "chi2_df": 3, "chi2_threshold": 11.344866730144373, "N_raw": 74, "N_roi": 74, "N_inlier": 70, "refit": true}
{"timestamp": "20:26:43.172960", "frame": 98, "mu": [-1.73524917105795, 1.4895204578093317, -0.141293253418324], "Sigma": [[0.01629279574821166, 0.01351237362945546, -0.01251560500421798], [0.013512373629455458, 0.01885989960449782, -0.010903092497681871], [-0.01251560500421798, -0.010903092497681871, 0.011116675024910193]], "chi2_level": 0.99, "chi2_df": 3, "chi2_threshold": 11.344866730144373, "N_raw": 68, "N_roi": 68, "N_inlier": 63, "refit": true}
{"timestamp": "20:26:43.226694", "frame": 99, "mu": [-1.7965791854245998, 1.5221047207762677, -0.254725951949457], "Sigma": [[0.022899430492855033, 0.019871434600047623, 0.003300952568882317], [0.019871434600047623, 0.03549096768626958, -0.011396654282043157], [0.0033009525688823173, -0.011396654282043157, 0.074526017632323]], "chi2_level": 0.99, "chi2_df": 3, "chi2_threshold": 11.344866730144373, "N_raw": 74, "N_roi": 74, "N_inlier": 72, "refit": true}
{"timestamp": "20:26:43.510454", "frame": 100, "mu": [-1.8752053297557063, 1.4087251173806126, 1.4425741578177442], "Sigma": [[0.013275357202187551, 0.006388198639997289, -0.009590907205424801], [0.006388198639997289, 0.01132092002720777, -0.01971307657770035], [-0.009590907205424801, -0.01971307657770035, 0.05414698917271114]], "chi2_level": 0.99, "chi2_df": 3, "chi2_threshold": 11.344866730144373, "N_raw": 70, "N_roi": 70, "N_inlier": 66, "refit": true}
{"timestamp": "20:26:43.536665", "frame": 101, "mu": [-1.891592957380838, 1.4860318421069878, 1.6225491524910087], "Sigma": [[0.014418242872784977, 0.00982932432721429, -0.016131780740744672], [0.00982932432721429, 0.016196645898023436, -0.02372588939773178], [-0.016131780740744672, -0.02372588939773178, 0.06734110511884352]], "chi2_level": 0.99, "chi2_df": 3, "chi2_threshold": 11.344866730144373, "N_raw": 63, "N_roi": 63, "N_inlier": 59, "refit": true}
{"timestamp": "20:26:43.576765", "frame": 102, "mu": [-1.928275482376611, 1.49593804355587, 1.447214074662086], "Sigma": [[0.015357488636614241, 0.0045565594636214285, -0.013472697307973559], [0.0045565594636214285, 0.009044179887921727, -0.006370050930579612], [-0.013472697307973559, -0.006370050930579614, 0.023985456171920598]], "chi2_level": 0.99, "chi2_df": 3, "chi2_threshold": 11.344866730144373, "N_raw": 37, "N_roi": 37, "N_inlier": 34, "refit": true}
{"timestamp": "20:26:43.605999", "frame": 103, "mu": [-1.9067510336466238, 1.5559671598864608, 1.319138854797852], "Sigma": [[0.01628292754769531, 0.01003850939244254, -0.00994648839340325], [0.01003850939244254, 0.014783502775509718, -0.01330757657661556], [-0.00994648839340325, -0.013307576576615559, 0.015137871320857072]], "chi2_level": 0.99, "chi2_df": 3, "chi2_threshold": 11.344866730144373, "N_raw": 80, "N_roi": 80, "N_inlier": 80, "refit": true}
{"timestamp": "20:26:43.631872", "frame": 104, "mu": [-1.9547633314523558, 1.6775927684836802, -0.06513114748823891], "Sigma": [[0.01894193090817972, 0.013975336978290757, -0.010929263712302493], [0.013975336978290757, 0.023492848769208034, -0.010950370617397336], [-0.010929263712302493, -0.010950370617397336, 0.008204762908095388]], "chi2_level": 0.99, "chi2_df": 3, "chi2_threshold": 11.344866730144373, "N_raw": 82, "N_roi": 82, "N_inlier": 81, "refit": true}
{"timestamp": "20:26:43.671036", "frame": 105, "mu": [-1.9539605703753782, 1.8702051610182873, -0.36157921733984394], "Sigma": [[0.018594206536562644, 0.01932220323886331, -0.029867319382789723], [0.019322203238863307, 0.026142415152602873, -0.04923176058033439], [-0.029867319382789723, -0.04923176058033439, 0.13012751876346643]], "chi2_level": 0.99, "chi2_df": 3, "chi2_threshold": 11.344866730144373, "N_raw": 34, "N_roi": 34, "N_inlier": 34, "refit": true}
{"timestamp": "20:26:43.694852", "frame": 106, "mu": [-1.9260331983112544, 1.7951645586797413, -0.15363309809654047], "Sigma": [[0.012807758113524229, 0.015854905806834588, -0.020264259086050198], [0.015854905806834588, 0.031011863041718234, -0.04952570099246888], [-0.020264259086050198, -0.04952570099246887, 0.11384720329797948]], "chi2_level": 0.99, "chi2_df": 3, "chi2_threshold": 11.344866730144373, "N_raw": 24, "N_roi": 24, "N_inlier": 24, "refit": true}
{"timestamp": "20:26:43.723826", "frame": 107, "mu": [-1.986785130289755, 1.8196932351874597, -0.10437771091782347], "Sigma": [[0.026838266715533424, 0.02098129354860872, -0.007304686109679782], [0.02098129354860872, 0.026018767992878677, -0.013228167389299684], [-0.007304686109679782, -0.013228167389299684, 0.010357421317626793]], "chi2_level": 0.99, "chi2_df": 3, "chi2_threshold": 11.344866730144373, "N_raw": 77, "N_roi": 77, "N_inlier": 75, "refit": true}
{"timestamp": "20:26:43.764364", "frame": 108, "mu": [-1.9352202163273087, 1.9861771216491682, -0.32015973804563663], "Sigma": [[0.02417271175938436, 0.01706809397910733, -0.0058010821840382715], [0.01706809397910733, 0.028782388996647368, -0.03113655743516304], [-0.0058010821840382715, -0.03113655743516304, 0.051957311993953856]], "chi2_level": 0.99, "chi2_df": 3, "chi2_threshold": 11.344866730144373, "N_raw": 26, "N_roi": 26, "N_inlier": 26, "refit": true}
{"timestamp": "20:26:43.787914", "frame": 109, "mu": [-1.9095061349678972, 2.0465332646177177, -0.0683016859140502], "Sigma": [[0.01946495918021645, 0.020772466368478272, -0.01702902172511994], [0.020772466368478272, 0.02946585515671342, -0.027065653959183648], [-0.01702902172511994, -0.027065653959183648, 0.02957441582549377]], "chi2_level": 0.99, "chi2_df": 3, "chi2_threshold": 11.344866730144373, "N_raw": 56, "N_roi": 56, "N_inlier": 53, "refit": true}
{"timestamp": "20:26:43.827288", "frame": 110, "mu": [-1.7822805378907363, 2.0426585627406757, 1.4629700469790297], "Sigma": [[0.006083400294459442, 0.0017204170341306045, -0.003734883603551253], [0.0017204170341306047, 0.0035035770674924577, -0.0017437572810617029], [-0.003734883603551253, -0.0017437572810617029, 0.003538659272487739]], "chi2_level": 0.99, "chi2_df": 3, "chi2_threshold": 11.344866730144373, "N_raw": 26, "N_roi": 26, "N_inlier": 23, "refit": true}
{"timestamp": "20:26:43.879544", "frame": 111, "mu": [-1.7598733366538277, 2.138246923846645, -0.01783325702198814], "Sigma": [[0.0045037234034661635, 0.0015718894629987254, -0.0019145925535200997], [0.0015718894629987254, 0.00634269062098375, -0.003864361112362616], [-0.0019145925535201, -0.003864361112362616, 0.0037429084763879006]], "chi2_level": 0.99, "chi2_df": 3, "chi2_threshold": 11.344866730144373, "N_raw": 23, "N_roi": 23, "N_inlier": 20, "refit": true}
{"timestamp": "20:26:43.932987", "frame": 112, "mu": [-1.8726603935994113, 2.0632077630944856, 1.4549457296603974], "Sigma": [[0.0477862199492493, 0.025579641718049103, -0.039547976039887626], [0.025579641718049106, 0.022668678070482572, -0.02615027337108171], [-0.039547976039887626, -0.02615027337108171, 0.03698590985222503]], "chi2_level": 0.99, "chi2_df": 3, "chi2_threshold": 11.344866730144373, "N_raw": 7, "N_roi": 7, "N_inlier": 7, "refit": true}
{"timestamp": "20:26:43.992201", "frame": 113, "mu": [-1.7699646317140196, 2.2529094072308977, 0.02788368852540058], "Sigma": [[0.01049350726013021, 0.004483946920055434, -0.005510003877694911], [0.004483946920055434, 0.008217036524084603, -0.0025281102154299214], [-0.005510003877694911, -0.0025281102154299214, 0.003742674631908224]], "chi2_level": 0.99, "chi2_df": 3, "chi2_threshold": 11.344866730144373, "N_raw": 45, "N_roi": 45, "N_inlier": 44, "refit": true}
