{"timestamp": "19:23:14.349917", "frame": 30, "mu": [1.827560518520143, 1.0023113404266604, -0.490996915606411], "Sigma": [[0.004343180141909031, 0.0017049753796173407, -0.0037813983024071506], [0.0017049753796173407, 0.0017828847142221636, -0.0001296891040306527], [-0.0037813983024071506, -0.0001296891040306528, 0.005274721678074267]], "chi2_level": 0.99, "chi2_df": 3, "chi2_threshold": 11.344866730144373, "N_raw": 5, "N_roi": 5, "N_inlier": 5, "refit": true}
{"timestamp": "19:23:14.404793", "frame": 31, "mu": [1.8567647959928277, 0.8440751896299489, 1.311679515788189], "Sigma": [[0.0044643407257991576, -0.00035634070487099964, -0.001829723772289009], [-0.00035634070487099953, 0.0009634121957302826, -0.00011967746062594255], [-0.001829723772289009, -0.00011967746062594255, 0.0009678135107729135]], "chi2_level": 0.99, "chi2_df": 3, "chi2_threshold": 11.344866730144373, "N_raw": 7, "N_roi": 7, "N_inlier": 7, "refit": true}
{"timestamp": "19:23:14.460076", "frame": 32, "mu": [1.6599728867885855, 0.7137966903540012, 1.3417229831123842], "Sigma": [[0.381430003873064, 0.13731838937515176, -0.20681350190210965], [0.13731838937515176, 0.052696426704682275, -0.07477022670099746], [-0.20681350190210962, -0.07477022670099745, 0.11252667983969322]], "chi2_level": 0.99, "chi2_df": 3, "chi2_threshold": 11.344866730144373, "N_raw": 6, "N_roi": 6, "N_inlier": 6, "refit": true}
{"timestamp": "19:23:14.625063", "frame": 35, "mu": [1.9687425588702776, 1.1094802099533796, 1.4209205489958778], "Sigma": [[0.003016383942425235, 0.0013136927564998961, -0.0022308114304989512], [0.0013136927564998961, 0.0027669102832753637, 0.0016243515827928073], [-0.0022308114304989512, 0.0016243515827928073, 0.00964164377391801]], "chi2_level": 0.99, "chi2_df": 3, "chi2_threshold": 11.344866730144373, "N_raw": 7, "N_roi": 7, "N_inlier": 7, "refit": true}
{"timestamp": "19:23:14.679902", "frame": 36, "mu": [1.6314635185470538, 1.165125876735009, 1.3668454407254833], "Sigma": [[0.37135674274195085, 0.2145791928432273, -0.1026007613219054], [0.2145791928432273, 0.12548627225896336, -0.06075380904128175], [-0.10260076132190539, -0.06075380904128175, 0.045960641883285205]], "chi2_level": 0.99, "chi2_df": 3, "chi2_threshold": 11.344866730144373, "N_raw": 6, "N_roi": 6, "N_inlier": 6, "refit": true}
{"timestamp": "19:23:15.065931", "frame": 43, "mu": [1.7315514976162047, 1.550315955908866, 1.2087936828316572], "Sigma": [[0.30538609345496887, 0.25138523047637773, -0.14982496191875122], [0.25138523047637773, 0.21650142471803147, -0.0937893626840619], [-0.14982496191875122, -0.09378936268406189, 0.1815416543262629]], "chi2_level": 0.99, "chi2_df": 3, "chi2_threshold": 11.344866730144373, "N_raw": 7, "N_roi": 7, "N_inlier": 7, "refit": true}
{"timestamp": "19:23:15.175543", "frame": 45, "mu": [1.8068249730673265, 1.8867512987672903, 1.2602078633354246], "Sigma": [[0.006325065158336359, 0.0036481389829458007, 0.0008142911502052395], [0.0036481389829458007, 0.0027260220553119345, 0.00044146619002860424], [0.0008142911502052397, 0.00044146619002860424, 0.0010136960036188486]], "chi2_level": 0.99, "chi2_df": 3, "chi2_threshold": 11.344866730144373, "N_raw": 5, "N_roi": 5, "N_inlier": 5, "refit": true}
{"timestamp": "19:23:15.232262", "frame": 46, "mu": [1.8334735816977248, 1.899683550820558, 0.932025730098003], "Sigma": [[0.005837219884102876, -0.0020818473716872803, -0.003859631424942597], [-0.0020818473716872807, 0.005530632584807475, 0.0036556053589329], [-0.0038596314249425977, 0.0036556053589329, 0.017972619939117886]], "chi2_level": 0.99, "chi2_df": 3, "chi2_threshold": 11.344866730144373, "N_raw": 18, "N_roi": 18, "N_inlier": 18, "refit": true}
{"timestamp": "19:23:15.287059", "frame": 47, "mu": [1.7447848410668563, 2.0317925600326827, 1.3182455682699796], "Sigma": [[0.005682144844394149, -0.0034978359274059332, -0.0067678208433356], [-0.0034978359274059332, 0.0040032093063958165, 0.0027509767244736664], [-0.006767820843335601, 0.0027509767244736664, 0.019414290649094952]], "chi2_level": 0.99, "chi2_df": 3, "chi2_threshold": 11.344866730144373, "N_raw": 20, "N_roi": 20, "N_inlier": 20, "refit": true}
{"timestamp": "19:23:15.345478", "frame": 48, "mu": [1.7345529915896563, 2.144008521549824, 1.3528350920356997], "Sigma": [[0.00866903390703984, -0.0029373270361310513, -0.005604386390308699], [-0.0029373270361310513, 0.0035464280726530376, 0.0023932834963844496], [-0.0056043863903087, 0.0023932834963844496, 0.01438777872409336]], "chi2_level": 0.99, "chi2_df": 3, "chi2_threshold": 11.344866730144373, "N_raw": 26, "N_roi": 26, "N_inlier": 24, "refit": true}
{"timestamp": "19:23:15.397996", "frame": 49, "mu": [1.7554742691668048, 2.3066200546409044, -0.18347149892187528], "Sigma": [[0.005902866309320864, 0.0010071585905342697, -0.021760140023964307], [0.0010071585905342692, 0.002875625070094351, 0.00382757190057446], [-0.021760140023964307, 0.0038275719005744593, 0.12802818096448174]], "chi2_level": 0.99, "chi2_df": 3, "chi2_threshold": 11.344866730144373, "N_raw": 8, "N_roi": 6, "N_inlier": 6, "refit": true}
{"timestamp": "19:23:15.452286", "frame": 50, "mu": [1.7873857218318698, 2.2415246682641516, 1.2109321387786962], "Sigma": [[0.008923456012642035, -0.008738615172874428, -0.03282157888446012], [-0.008738615172874428, 0.015139619609382931, 0.03888071575462687], [-0.03282157888446012, 0.03888071575462687, 0.13009998782936086]], "chi2_level": 0.99, "chi2_df": 3, "chi2_threshold": 11.344866730144373, "N_raw": 6, "N_roi": 6, "N_inlier": 6, "refit": true}
{"timestamp": "19:23:15.507480", "frame": 51, "mu": [1.86280815637492, 2.286875623468844, 1.232158163046413], "Sigma": [[0.00874932431390583, -0.0039682821127214, -0.02383703537977759], [-0.0039682821127214, 0.018732908364587478, 0.060720763816037165], [-0.02383703537977759, 0.060720763816037165, 0.22049057858158483]], "chi2_level": 0.99, "chi2_df": 3, "chi2_threshold": 11.344866730144373, "N_raw": 7, "N_roi": 7, "N_inlier": 7, "refit": true}
{"timestamp": "19:23:15.616565", "frame": 53, "mu": [1.8057702812388239, 2.4665362697024023, 1.4698101253644107], "Sigma": [[0.0031274416340426477, 0.002310010341003925, 0.0014869096838777715], [0.002310010341003925, 0.0033209376565336707, 0.0021861816474692524], [0.0014869096838777715, 0.0021861816474692524, 0.0021438266882381363]], "chi2_level": 0.99, "chi2_df": 3, "chi2_threshold": 11.344866730144373, "N_raw": 8, "N_roi": 8, "N_inlier": 8, "refit": true}
{"timestamp": "19:23:15.726204", "frame": 55, "mu": [1.7959051107239241, 2.7293782454094155, -0.0574268833935095], "Sigma": [[0.003586967584426223, 0.007200128846013914, -0.015857339292449753], [0.007200128846013914, 0.01768501494528802, -0.032169040367390364], [-0.015857339292449753, -0.032169040367390364, 0.07184031914649097]], "chi2_level": 0.99, "chi2_df": 3, "chi2_threshold": 11.344866730144373, "N_raw": 6, "N_roi": 6, "N_inlier": 6, "refit": true}
{"timestamp": "19:23:15.781551", "frame": 56, "mu": [1.7942166207090442, 2.658025810786587, 1.3034760744024436], "Sigma": [[0.007669997173190148, 0.0010925688141830883, -0.009401356224726005], [0.0010925688141830887, 0.003359193748093733, -0.00032258064775722247], [-0.009401356224726005, -0.00032258064775722247, 0.01218427087244375]], "chi2_level": 0.99, "chi2_df": 3, "chi2_threshold": 11.344866730144373, "N_raw": 5, "N_roi": 5, "N_inlier": 5, "refit": true}
{"timestamp": "19:23:15.892249", "frame": 58, "mu": [1.7904016733344488, 2.7926597864557334, 1.3750022529213652], "Sigma": [[0.005970509062666585, 0.0009388802683202801, -0.014001604426165593], [0.0009388802683202801, 0.0027983917315967787, 0.0006313896967474835], [-0.014001604426165593, 0.0006313896967474835, 0.0392593798401463]], "chi2_level": 0.99, "chi2_df": 3, "chi2_threshold": 11.344866730144373, "N_raw": 8, "N_roi": 6, "N_inlier": 6, "refit": true}
{"timestamp": "19:23:15.946745", "frame": 59, "mu": [1.6828791997901589, 2.5579463455016462, 1.125224766307827], "Sigma": [[0.2541241142515017, 0.3846313327026958, -0.18537459598678005], [0.3846313327026957, 0.6070430719585687, -0.25601652684825427], [-0.18537459598678002, -0.2560165268482542, 0.16341006036817665]], "chi2_level": 0.99, "chi2_df": 3, "chi2_threshold": 11.344866730144373, "N_raw": 7, "N_roi": 7, "N_inlier": 7, "refit": true}
{"timestamp": "19:23:16.001771", "frame": 60, "mu": [1.812676327815869, 2.925388175392653, 1.2320364391580807], "Sigma": [[0.005348146137663239, -0.00028068216760455814, -0.011023009971645448], [-0.00028068216760455803, 0.002992018576572518, 0.0002958169187950656], [-0.011023009971645447, 0.0002958169187950656, 0.02357151266183811]], "chi2_level": 0.99, "chi2_df": 3, "chi2_threshold": 11.344866730144373, "N_raw": 5, "N_roi": 5, "N_inlier": 5, "refit": true}
{"timestamp": "19:23:16.056563", "frame": 61, "mu": [1.7908217748039836, 2.96755489093134, 1.2737785011319014], "Sigma": [[0.004844846983641436, 0.0010130365190284506, -0.007617284934567122], [0.0010130365190284506, 0.005469426797620732, -0.0007318373704055223], [-0.007617284934567122, -0.000731837370405522, 0.01687716682795742]], "chi2_level": 0.99, "chi2_df": 3, "chi2_threshold": 11.344866730144373, "N_raw": 8, "N_roi": 8, "N_inlier": 8, "refit": true}
{"timestamp": "19:23:16.111957", "frame": 62, "mu": [1.8048754481671816, 3.07303729401493, 1.3143386237086938], "Sigma": [[0.0049201664868811995, 0.0031614824490407162, -0.005192906486096437], [0.003161482449040716, 0.002583948294402947, -0.00361045386081367], [-0.005192906486096437, -0.00361045386081367, 0.028172436007632713]], "chi2_level": 0.99, "chi2_df": 3, "chi2_threshold": 11.344866730144373, "N_raw": 6, "N_roi": 6, "N_inlier": 6, "refit": true}
{"timestamp": "19:23:16.167592", "frame": 63, "mu": [1.7716335926638753, 3.198331724573988, 0.22295855935901138], "Sigma": [[0.0012271216540533484, 0.0027004296714775106, -0.005342791055816619], [0.0027004296714775106, 0.009262576420721907, -0.015158029850188465], [-0.005342791055816618, -0.015158029850188463, 0.02776394140558636]], "chi2_level": 0.99, "chi2_df": 3, "chi2_threshold": 11.344866730144373, "N_raw": 5, "N_roi": 5, "N_inlier": 5, "refit": true}
{"timestamp": "19:23:16.224722", "frame": 64, "mu": [1.7775388858963563, 3.2383007345376327, 1.513478872065051], "Sigma": [[0.009664017289389681, -0.004647639783089702, -0.003496562746140246], [-0.004647639783089702, 0.0065204686801235215, 0.001425519056493826], [-0.0034965627461402454, 0.001425519056493826, 0.0034542765265452744]], "chi2_level": 0.99, "chi2_df": 3, "chi2_threshold": 11.344866730144373, "N_raw": 30, "N_roi": 30, "N_inlier": 29, "refit": true}
{"timestamp": "19:23:16.331693", "frame": 66, "mu": [1.807693009689619, 3.3256789212654683, 1.210403726397217], "Sigma": [[0.004389452928477239, 0.00177052319660441, -0.008892976997999655], [0.00177052319660441, 0.0009634533530610167, -0.0035095569955405567], [-0.008892976997999655, -0.003509556995540557, 0.020703399946942196]], "chi2_level": 0.99, "chi2_df": 3, "chi2_threshold": 11.344866730144373, "N_raw": 5, "N_roi": 5, "N_inlier": 5, "refit": true}
{"timestamp": "19:23:16.387469", "frame": 67, "mu": [1.9149570696365332, 3.2817130290964984, 1.0082695622871736], "Sigma": [[0.013619834426200728, -0.012332938803858818, -0.05644871468559654], [-0.012332938803858818, 0.01337352793387077, 0.051718458039357464], [-0.05644871468559654, 0.051718458039357464, 0.23940447600501527]], "chi2_level": 0.99, "chi2_df": 3, "chi2_threshold": 11.344866730144373, "N_raw": 6, "N_roi": 6, "N_inlier": 6, "refit": true}
{"timestamp": "19:23:16.442229", "frame": 68, "mu": [1.8436268963508002, 3.4676822635121436, 1.2492024359288265], "Sigma": [[0.0073119721869954616, 0.00023549337461234595, -0.019678868745852188], [0.00023549337461234622, 0.002882472623759255, 0.0007803022099977083], [-0.019678868745852188, 0.0007803022099977085, 0.0542073487582964]], "chi2_level": 0.99, "chi2_df": 3, "chi2_threshold": 11.344866730144373, "N_raw": 7, "N_roi": 6, "N_inlier": 6, "refit": true}
{"timestamp": "19:23:16.497278", "frame": 69, "mu": [1.8625826890911417, 3.544761283926584, 1.256694382074173], "Sigma": [[0.006396755247504483, 0.00209080949305053, -0.01514952334816996], [0.0020908094930505296, 0.0011559745950366909, -0.0058179771935593155], [-0.01514952334816996, -0.0058179771935593155, 0.043272035246493055]], "chi2_level": 0.99, "chi2_df": 3, "chi2_threshold": 11.344866730144373, "N_raw": 6, "N_roi": 6, "N_inlier": 6, "refit": true}
{"timestamp": "19:23:16.554661", "frame": 70, "mu": [1.8819634442198248, 3.61242886936978, 1.271454872531031], "Sigma": [[0.006649477484865774, -0.003515011411835479, -0.014697423306536547], [-0.003515011411835479, 0.002448703326830837, 0.006131166972803276], [-0.014697423306536547, 0.006131166972803276, 0.0528346225460516]], "chi2_level": 0.99, "chi2_df": 3, "chi2_threshold": 11.344866730144373, "N_raw": 19, "N_roi": 16, "N_inlier": 15, "refit": true}
{"timestamp": "19:23:16.717188", "frame": 73, "mu": [1.926349696425149, 3.763745412759071, 1.318450353510421], "Sigma": [[0.004742145442197138, 0.0018672885588163657, -0.010636854738077272], [0.0018672885588163657, 0.0014167681218084144, -0.004137931714367538], [-0.010636854738077272, -0.004137931714367538, 0.02443597995988398]], "chi2_level": 0.99, "chi2_df": 3, "chi2_threshold": 11.344866730144373, "N_raw": 5, "N_roi": 5, "N_inlier": 5, "refit": true}
{"timestamp": "19:23:16.772139", "frame": 74, "mu": [1.9697493541890323, 3.7988460380188003, 1.190913354878878], "Sigma": [[0.003465127561698998, 0.001531824569837302, -0.00959183398350839], [0.0015318245698373021, 0.000997301055971236, -0.004165263211778651], [-0.009591833983508392, -0.004165263211778651, 0.02771416629813201]], "chi2_level": 0.99, "chi2_df": 3, "chi2_threshold": 11.344866730144373, "N_raw": 5, "N_roi": 5, "N_inlier": 5, "refit": true}
{"timestamp": "19:23:16.827221", "frame": 75, "mu": [2.027764652213003, 3.8937159856299273, 0.9110359196647232], "Sigma": [[0.007167923310552182, 0.00013995263424685685, -0.007163951652109783], [0.00013995263424685685, 0.004635243311303497, -0.010361639203017746], [-0.007163951652109783, -0.010361639203017744, 0.053243322722397485]], "chi2_level": 0.99, "chi2_df": 3, "chi2_threshold": 11.344866730144373, "N_raw": 7, "N_roi": 7, "N_inlier": 7, "refit": true}
{"timestamp": "19:23:16.883704", "frame": 76, "mu": [1.92968157493292, 3.920447045561917, 1.4571166724674463], "Sigma": [[0.008737459055527818, -0.0026252942888728794, -0.0023985976599365487], [-0.00262529428887288, 0.0036267513927221834, -0.001025176016107297], [-0.002398597659936549, -0.001025176016107297, 0.004510016271533132]], "chi2_level": 0.99, "chi2_df": 3, "chi2_threshold": 11.344866730144373, "N_raw": 21, "N_roi": 19, "N_inlier": 18, "refit": true}
{"timestamp": "19:23:16.937605", "frame": 77, "mu": [2.048121464264121, 3.947484551715819, 0.8368995099897985], "Sigma": [[0.020151357684481015, -0.010426537476880125, -0.04450602284692163], [-0.010426537476880125, 0.00589468663757924, 0.02340684872028938], [-0.04450602284692162, 0.02340684872028938, 0.10086206216973817]], "chi2_level": 0.99, "chi2_df": 3, "chi2_threshold": 11.344866730144373, "N_raw": 5, "N_roi": 5, "N_inlier": 5, "refit": true}
{"timestamp": "19:23:16.997154", "frame": 78, "mu": [1.9401134269013283, 4.05575746109882, 1.4039879537682094], "Sigma": [[0.023060970610985835, -0.008931168337656448, -0.0015256003425648795], [-0.008931168337656448, 0.007907301765692274, 0.001815325356855846], [-0.0015256003425648795, 0.001815325356855846, 0.002743698844590474]], "chi2_level": 0.99, "chi2_df": 3, "chi2_threshold": 11.344866730144373, "N_raw": 39, "N_roi": 39, "N_inlier": 37, "refit": true}
{"timestamp": "19:23:17.049102", "frame": 79, "mu": [1.9263774440273367, 4.13101506085347, 1.1365618856704607], "Sigma": [[0.012712074464611253, -0.0033587232819508334, -0.0052250172207805486], [-0.0033587232819508334, 0.0038274204263129786, 0.0031257354420331056], [-0.0052250172207805486, 0.0031257354420331056, 0.007207176775665834]], "chi2_level": 0.99, "chi2_df": 3, "chi2_threshold": 11.344866730144373, "N_raw": 18, "N_roi": 18, "N_inlier": 17, "refit": true}
{"timestamp": "19:23:17.102061", "frame": 80, "mu": [2.0035824507289237, 4.1680051946618555, 1.093033994964261], "Sigma": [[0.016732266735852874, 0.002764397379387939, -0.016822743106960827], [0.002764397379387939, 0.0007577868428094897, -0.0021143965046406953], [-0.016822743106960827, -0.0021143965046406953, 0.019839399240436192]], "chi2_level": 0.99, "chi2_df": 3, "chi2_threshold": 11.344866730144373, "N_raw": 6, "N_roi": 6, "N_inlier": 6, "refit": true}
{"timestamp": "19:23:17.214198", "frame": 82, "mu": [1.9811896922203274, 4.379228809301337, 0.14207230160503986], "Sigma": [[0.01358201669692781, -0.0012558749182180293, 0.02898866827632199], [-0.001255874918218029, 0.0037324881394786005, 0.006725524450739975], [0.02898866827632199, 0.006725524450739975, 0.18547464039711906]], "chi2_level": 0.99, "chi2_df": 3, "chi2_threshold": 11.344866730144373, "N_raw": 19, "N_roi": 19, "N_inlier": 18, "refit": true}
{"timestamp": "19:23:17.322691", "frame": 84, "mu": [1.9330491969755716, 4.404972651559059, 1.2432982544397135], "Sigma": [[0.011212326804704619, -0.0031515285303385892, -0.010432144871106577], [-0.0031515285303385897, 0.0025913600357610612, 0.0017477631050350098], [-0.010432144871106577, 0.0017477631050350098, 0.014000026265218134]], "chi2_level": 0.99, "chi2_df": 3, "chi2_threshold": 11.344866730144373, "N_raw": 11, "N_roi": 11, "N_inlier": 11, "refit": true}
{"timestamp": "19:23:17.432018", "frame": 86, "mu": [2.064265891762202, 4.449609745958883, 0.9185447674864884], "Sigma": [[0.003938135789295369, -0.001065318627390288, -0.02474131371641999], [-0.0010653186273902877, 0.0014213768722139695, 0.007840551147378836], [-0.02474131371641999, 0.007840551147378836, 0.15751295666900708]], "chi2_level": 0.99, "chi2_df": 3, "chi2_threshold": 11.344866730144373, "N_raw": 6, "N_roi": 6, "N_inlier": 6, "refit": true}
{"timestamp": "19:23:17.487352", "frame": 87, "mu": [2.0300453329047747, 4.550624162749417, 1.4205170723336251], "Sigma": [[0.007332386963740486, -0.0026431316091608437, -0.004945490890806834], [-0.0026431316091608437, 0.003116884783474577, -0.00010973400460287407], [-0.004945490890806832, -0.00010973400460287418, 0.007902593740118568]], "chi2_level": 0.99, "chi2_df": 3, "chi2_threshold": 11.344866730144373, "N_raw": 12, "N_roi": 12, "N_inlier": 11, "refit": true}
{"timestamp": "19:23:17.926360", "frame": 95, "mu": [2.072908973200446, 4.833168802978703, 1.2163706009280182], "Sigma": [[0.0031278218318332054, 0.001528340116183202, -0.011451951781632884], [0.0015283401161832017, 0.0024561100421654205, -0.0018993376631693008], [-0.011451951781632882, -0.0018993376631693004, 0.0549769660355295]], "chi2_level": 0.99, "chi2_df": 3, "chi2_threshold": 11.344866730144373, "N_raw": 6, "N_roi": 5, "N_inlier": 5, "refit": true}
{"timestamp": "19:23:18.093406", "frame": 98, "mu": [2.2137826727349896, 4.8461745946774135, 1.0929117352741802], "Sigma": [[0.012553274830901675, -0.00429743124327865, 0.001232031002168643], [-0.004297431243278649, 0.0036755653639111182, -0.0008640121796628074], [0.0012320310021686428, -0.0008640121796628074, 0.00021068874715372756]], "chi2_level": 0.99, "chi2_df": 3, "chi2_threshold": 11.344866730144373, "N_raw": 20, "N_roi": 17, "N_inlier": 16, "refit": true}
{"timestamp": "19:23:18.257199", "frame": 101, "mu": [2.2342337626634343, 4.868700434087937, 1.128531537927243], "Sigma": [[0.01483245219528729, -0.006835614040704711, -0.004061270147282061], [-0.006835614040704711, 0.004444033165342559, 5.994555966155413e-05], [-0.00406127014728206, 5.994555966155402e-05, 0.0062885933489819044]], "chi2_level": 0.99, "chi2_df": 3, "chi2_threshold": 11.344866730144373, "N_raw": 11, "N_roi": 11, "N_inlier": 11, "refit": true}
{"timestamp": "19:23:18.430043", "frame": 104, "mu": [2.2143882296795883, 4.855871228654012, 0.9117333266054061], "Sigma": [[0.025489981454296744, -0.008057701089292857, -0.007095250412548928], [-0.008057701089292857, 0.007813200012459326, 0.002093322962055891], [-0.007095250412548928, 0.002093322962055891, 0.004754269387045719]], "chi2_level": 0.99, "chi2_df": 3, "chi2_threshold": 11.344866730144373, "N_raw": 52, "N_roi": 37, "N_inlier": 36, "refit": true}
{"timestamp": "19:23:18.536514", "frame": 105, "mu": [2.3387547279770926, 4.936711251315146, 0.14071311890084193], "Sigma": [[0.013064118897076612, -0.002412939322462497, -0.0019008569486708752], [-0.002412939322462497, 0.0020646514884966856, 0.0010241293522008494], [-0.0019008569486708752, 0.0010241293522008494, 0.0007358752244887443]], "chi2_level": 0.99, "chi2_df": 3, "chi2_threshold": 11.344866730144373, "N_raw": 37, "N_roi": 12, "N_inlier": 12, "refit": true}
{"timestamp": "19:23:18.601756", "frame": 106, "mu": [2.055078929623904, 4.428221623220509, 0.22711951279779313], "Sigma": [[0.4892786544135354, 1.0492419574368532, -0.005069855746719709], [1.0492419574368532, 2.291726445484953, 0.0023304934569535933], [-0.0050698557467197085, 0.0023304934569535933, 0.006750204270342356]], "chi2_level": 0.99, "chi2_df": 3, "chi2_threshold": 11.344866730144373, "N_raw": 11, "N_roi": 6, "N_inlier": 6, "refit": true}
