{"timestamp": "20:35:42.242388", "frame": 16, "mu": [-2.4300427032005816, 4.638932963695937, 0.058973052853994276], "Sigma": [[0.002958422976809494, 0.003341415457186421, -0.005377520165975421], [0.003341415457186421, 0.01109706528716189, -0.02069703019669377], [-0.005377520165975421, -0.020697030196693774, 0.0423793456327203]], "chi2_level": 0.99, "chi2_df": 3, "chi2_threshold": 11.344866730144373, "N_raw": 67, "N_roi": 11, "N_inlier": 11, "refit": true}
{"timestamp": "20:35:42.513974", "frame": 21, "mu": [-2.438847932542539, 4.275479083675732, 1.1244257767150319], "Sigma": [[0.0023131046205533165, 0.0005026783389230106, -0.0028573661903465272], [0.0005026783389230105, 0.005853530971204698, -0.0015400247603105837], [-0.0028573661903465272, -0.0015400247603105837, 0.00507722837078029]], "chi2_level": 0.99, "chi2_df": 3, "chi2_threshold": 11.344866730144373, "N_raw": 45, "N_roi": 8, "N_inlier": 8, "refit": true}
{"timestamp": "20:35:42.564180", "frame": 22, "mu": [-2.4830907890481555, 4.367480286172346, 0.2540782477389293], "Sigma": [[0.00016616451930657046, -0.0009736428829889008, 0.000781368582365954], [-0.0009736428829889008, 0.016334197803427073, -0.012969093433694468], [0.0007813685823659539, -0.012969093433694468, 0.01160896420526411]], "chi2_level": 0.99, "chi2_df": 3, "chi2_threshold": 11.344866730144373, "N_raw": 9, "N_roi": 5, "N_inlier": 5, "refit": true}
{"timestamp": "20:35:42.618825", "frame": 23, "mu": [-2.1745868377657747, 3.8332138041901223, 1.2197899296005847], "Sigma": [[0.619716867439063, -1.0136491699473091, 0.15482580901127058], [-1.0136491699473091, 1.6672245447540033, -0.258108564080602], [0.1548258090112706, -0.258108564080602, 0.04364282824533895]], "chi2_level": 0.99, "chi2_df": 3, "chi2_threshold": 11.344866730144373, "N_raw": 8, "N_roi": 6, "N_inlier": 6, "refit": true}
{"timestamp": "20:35:42.675231", "frame": 24, "mu": [-2.3256414850660008, 4.2678683777494095, 1.034486137683086], "Sigma": [[0.013333909788270704, 0.0032948664370819874, -0.00928101118568056], [0.0032948664370819874, 0.0026408641919141787, -0.00314965883723048], [-0.00928101118568056, -0.00314965883723048, 0.010137552144002809]], "chi2_level": 0.99, "chi2_df": 3, "chi2_threshold": 11.344866730144373, "N_raw": 18, "N_roi": 18, "N_inlier": 17, "refit": true}
{"timestamp": "20:35:42.732313", "frame": 25, "mu": [-2.239472122862348, 4.241811880072702, 0.9733032788238087], "Sigma": [[0.02197034306127119, 0.005170050013186399, -0.019971532438728477], [0.005170050013186399, 0.005099177659866164, -0.003978240926378404], [-0.019971532438728477, -0.003978240926378404, 0.020061738138650434]], "chi2_level": 0.99, "chi2_df": 3, "chi2_threshold": 11.344866730144373, "N_raw": 30, "N_roi": 27, "N_inlier": 26, "refit": true}
{"timestamp": "20:35:42.785501", "frame": 26, "mu": [-2.1580652384014574, 4.317919432435746, 0.9444791457231034], "Sigma": [[0.00087558853576539, -0.001051737306014224, -0.00038091044634085765], [-0.0010517373060142238, 0.0054049748769131765, -0.004531838562136512], [-0.0003809104463408577, -0.004531838562136512, 0.008894503868608449]], "chi2_level": 0.99, "chi2_df": 3, "chi2_threshold": 11.344866730144373, "N_raw": 7, "N_roi": 5, "N_inlier": 5, "refit": true}
{"timestamp": "20:35:42.840201", "frame": 27, "mu": [-1.8998776100625978, 3.8188006019038987, 1.0406962575211185], "Sigma": [[0.5179992846278135, -0.986653355403458, 0.20823553451798957], [-0.9866533554034581, 1.8834625502763165, -0.4022033566842406], [0.2082355345179896, -0.4022033566842406, 0.09194103316940265]], "chi2_level": 0.99, "chi2_df": 3, "chi2_threshold": 11.344866730144373, "N_raw": 7, "N_roi": 5, "N_inlier": 5, "refit": true}
{"timestamp": "20:35:42.951103", "frame": 29, "mu": [-2.0483073574158794, 4.345476447674329, 0.875597052197145], "Sigma": [[0.003367557772839604, 0.005011114784237755, -0.005290743581221401], [0.005011114784237755, 0.010932720335310354, -0.006031349685632369], [-0.0052907435812214005, -0.0060313496856323695, 0.009722994374027804]], "chi2_level": 0.99, "chi2_df": 3, "chi2_threshold": 11.344866730144373, "N_raw": 7, "N_roi": 5, "N_inlier": 5, "refit": true}
{"timestamp": "20:35:43.005488", "frame": 30, "mu": [-1.988324186952195, 4.440034918781798, 0.13301609007505846], "Sigma": [[0.0022790980778643545, 0.0017911576542609898, -0.0008937849538313003], [0.0017911576542609898, 0.0063006433211928265, -0.00028708794946013356], [-0.0008937849538313002, -0.00028708794946013345, 0.0004670578757232231]], "chi2_level": 0.99, "chi2_df": 3, "chi2_threshold": 11.344866730144373, "N_raw": 10, "N_roi": 8, "N_inlier": 8, "refit": true}
{"timestamp": "20:35:43.062883", "frame": 31, "mu": [-2.04856112799228, 4.3147677315446895, 0.9954406313559319], "Sigma": [[0.0010144032517314858, 0.0009147054665765858, -0.00023193329119940867], [0.0009147054665765857, 0.00865163756048023, -0.002079976164586152], [-0.00023193329119940867, -0.002079976164586152, 0.0005012707517173667]], "chi2_level": 0.99, "chi2_df": 3, "chi2_threshold": 11.344866730144373, "N_raw": 8, "N_roi": 5, "N_inlier": 5, "refit": true}
{"timestamp": "20:35:43.116034", "frame": 32, "mu": [-1.8707902341477545, 4.429519117308353, 0.7819762651557217], "Sigma": [[0.014636301854843214, 0.02253151292929032, -0.014304859461071028], [0.02253151292929032, 0.03829973211755762, -0.027365024551632835], [-0.014304859461071028, -0.027365024551632835, 0.024608059050222685]], "chi2_level": 0.99, "chi2_df": 3, "chi2_threshold": 11.344866730144373, "N_raw": 8, "N_roi": 7, "N_inlier": 7, "refit": true}
{"timestamp": "20:35:43.174301", "frame": 33, "mu": [-1.8656858608529017, 4.421552410663965, 0.9951972091765402], "Sigma": [[0.02046502261212551, 0.01082258020691806, -0.01689725999569382], [0.010822580206918063, 0.017614591813521905, -0.020819078061136385], [-0.016897259995693817, -0.020819078061136385, 0.028016775184553665]], "chi2_level": 0.99, "chi2_df": 3, "chi2_threshold": 11.344866730144373, "N_raw": 35, "N_roi": 33, "N_inlier": 33, "refit": true}
{"timestamp": "20:35:43.231619", "frame": 34, "mu": [-1.790578120126337, 4.457116092909615, -0.12388740169505086], "Sigma": [[0.03144563417389693, 0.017383070001268687, 0.03966845164295509], [0.017383070001268687, 0.017595453577909384, 0.039174663786493084], [0.03966845164295509, 0.039174663786493084, 0.17018823433670668]], "chi2_level": 0.99, "chi2_df": 3, "chi2_threshold": 11.344866730144373, "N_raw": 50, "N_roi": 50, "N_inlier": 49, "refit": true}
{"timestamp": "20:35:43.281361", "frame": 35, "mu": [-1.810938780765915, 4.292448191639703, 1.1665439254890957], "Sigma": [[0.0059188717509024115, 0.0008767662650935493, -0.0015150549776690196], [0.0008767662650935491, 0.0020095544306910343, -0.0006054064422429965], [-0.0015150549776690198, -0.0006054064422429966, 0.0008100634315390823]], "chi2_level": 0.99, "chi2_df": 3, "chi2_threshold": 11.344866730144373, "N_raw": 11, "N_roi": 11, "N_inlier": 9, "refit": true}
{"timestamp": "20:35:43.336972", "frame": 36, "mu": [-1.6248933091729738, 4.489855698070381, -0.06211415310326295], "Sigma": [[0.015676006293365467, 0.005528271222732115, -0.008884075874012215], [0.005528271222732115, 0.0038736968687824195, -0.002458653355794663], [-0.008884075874012215, -0.002458653355794663, 0.006954538736723925]], "chi2_level": 0.99, "chi2_df": 3, "chi2_threshold": 11.344866730144373, "N_raw": 20, "N_roi": 20, "N_inlier": 20, "refit": true}
{"timestamp": "20:35:43.397343", "frame": 37, "mu": [-1.6267264912749553, 4.382889056790767, 1.1073301026413744], "Sigma": [[0.03584207519355914, 0.005983326574505619, -0.024176935867882637], [0.005983326574505618, 0.007110362390535806, -0.0034417638178732193], [-0.024176935867882637, -0.0034417638178732193, 0.01860351573968993]], "chi2_level": 0.99, "chi2_df": 3, "chi2_threshold": 11.344866730144373, "N_raw": 54, "N_roi": 54, "N_inlier": 54, "refit": true}
{"timestamp": "20:35:43.452527", "frame": 38, "mu": [-1.5183690028342114, 4.26978526494564, 0.7463043617765448], "Sigma": [[0.03029065838700936, -0.0023057271862866194, -0.03187345888814208], [-0.0023057271862866194, 0.00893830153004587, 0.0075025513660566395], [-0.03187345888814208, 0.0075025513660566395, 0.039232953213302696]], "chi2_level": 0.99, "chi2_df": 3, "chi2_threshold": 11.344866730144373, "N_raw": 53, "N_roi": 52, "N_inlier": 52, "refit": true}
{"timestamp": "20:35:43.504616", "frame": 39, "mu": [-1.5077013051404404, 4.293356629541722, 1.0712950467575264], "Sigma": [[0.013591963065073499, 0.0012358962689857503, -0.01149790849823926], [0.0012358962689857497, 0.00286870010036928, 0.0008767231709820777], [-0.01149790849823926, 0.0008767231709820774, 0.012548143112641649]], "chi2_level": 0.99, "chi2_df": 3, "chi2_threshold": 11.344866730144373, "N_raw": 31, "N_roi": 21, "N_inlier": 20, "refit": true}
{"timestamp": "20:35:43.560468", "frame": 40, "mu": [-1.4382760116432793, 4.257191262100694, 0.9652107697833981], "Sigma": [[0.018082040692163154, 0.0018714315479182544, -0.01021124998128047], [0.0018714315479182544, 0.0036955708995254537, -0.0011956171522940979], [-0.01021124998128047, -0.0011956171522940979, 0.007417091688991632]], "chi2_level": 0.99, "chi2_df": 3, "chi2_threshold": 11.344866730144373, "N_raw": 36, "N_roi": 33, "N_inlier": 33, "refit": true}
{"timestamp": "20:35:43.613941", "frame": 41, "mu": [-1.4728474363294513, 4.39980429879401, -0.5231629363632724], "Sigma": [[0.019910938857721314, 0.010726953125956694, 0.058013637431424576], [0.010726953125956694, 0.010323615751687736, 0.04736948768102367], [0.05801363743142457, 0.04736948768102367, 0.2928226748791569]], "chi2_level": 0.99, "chi2_df": 3, "chi2_threshold": 11.344866730144373, "N_raw": 29, "N_roi": 26, "N_inlier": 25, "refit": true}
{"timestamp": "20:35:43.667046", "frame": 42, "mu": [-1.3641199525286616, 4.488211494614431, 0.13006095871596748], "Sigma": [[0.005004726238712364, -0.001072690841672984, -0.00011986483006412834], [-0.0010726908416729838, 0.00555523338570772, -0.00011473366645526003], [-0.00011986483006412832, -0.00011473366645525996, 0.0003820566146381462]], "chi2_level": 0.99, "chi2_df": 3, "chi2_threshold": 11.344866730144373, "N_raw": 14, "N_roi": 13, "N_inlier": 13, "refit": true}
{"timestamp": "20:35:43.730287", "frame": 43, "mu": [-1.3102822104848506, 4.323340999029995, 1.0812642269771384], "Sigma": [[0.018847474278149753, 0.00028351274049356694, -0.013496546338531864], [0.0002835127404935676, 0.00477718767997199, 0.003043600957141899], [-0.013496546338531864, 0.003043600957141899, 0.013268194241518231]], "chi2_level": 0.99, "chi2_df": 3, "chi2_threshold": 11.344866730144373, "N_raw": 49, "N_roi": 34, "N_inlier": 34, "refit": true}
{"timestamp": "20:35:43.780449", "frame": 44, "mu": [-1.1329009527599154, 4.507952405079992, -0.8824682945517146], "Sigma": [[0.023413064349310283, 0.03596312655631487, 0.00125972521265412], [0.03596312655631487, 0.07032645886445743, 0.0060550553148130985], [0.00125972521265412, 0.006055055314813097, 0.002056492167938231]], "chi2_level": 0.99, "chi2_df": 3, "chi2_threshold": 11.344866730144373, "N_raw": 38, "N_roi": 7, "N_inlier": 7, "refit": true}
{"timestamp": "20:35:43.839229", "frame": 45, "mu": [-1.1551503473224018, 4.403527351230103, 0.9654116842949125], "Sigma": [[0.006845452910927683, 0.00026341515016566086, -0.022687159821521648], [0.00026341515016566086, 0.0067232962982601025, -0.010259004316473364], [-0.022687159821521648, -0.010259004316473364, 0.1503957085481207]], "chi2_level": 0.99, "chi2_df": 3, "chi2_threshold": 11.344866730144373, "N_raw": 59, "N_roi": 12, "N_inlier": 12, "refit": true}
{"timestamp": "20:35:43.891685", "frame": 46, "mu": [-1.1209363605760685, 4.387977730808866, 0.984609650132532], "Sigma": [[0.006705051317315032, 0.0030567720182541613, -0.0027990191525471197], [0.0030567720182541613, 0.004332307439667816, -0.002865394001588525], [-0.0027990191525471197, -0.0028653940015885256, 0.003852772980502888]], "chi2_level": 0.99, "chi2_df": 3, "chi2_threshold": 11.344866730144373, "N_raw": 43, "N_roi": 18, "N_inlier": 17, "refit": true}
{"timestamp": "20:35:43.941206", "frame": 47, "mu": [-1.0900943751139975, 4.463739826546364, 0.6848730118756492], "Sigma": [[0.009217729200268735, 0.010734021492708083, -0.037443934523725374], [0.010734021492708083, 0.023322384877020298, -0.0714048306321566], [-0.037443934523725374, -0.0714048306321566, 0.2353498396296973]], "chi2_level": 0.99, "chi2_df": 3, "chi2_threshold": 11.344866730144373, "N_raw": 8, "N_roi": 6, "N_inlier": 6, "refit": true}
{"timestamp": "20:35:43.995974", "frame": 48, "mu": [-0.9116236121323567, 3.8983867163250476, 0.360256720924784], "Sigma": [[0.16542861236448164, -0.5722564236146858, -0.03465487299579245], [-0.5722564236146858, 2.0100382973881707, 0.13412416885905323], [-0.034654872995792445, 0.1341241688590532, 0.014669811530590262]], "chi2_level": 0.99, "chi2_df": 3, "chi2_threshold": 11.344866730144373, "N_raw": 8, "N_roi": 5, "N_inlier": 5, "refit": true}
{"timestamp": "20:35:44.053331", "frame": 49, "mu": [-1.0136814119448745, 4.477102356599552, 0.6478644216986638], "Sigma": [[0.013166478013845696, 0.0034860867964630424, -0.0033981887475053943], [0.0034860867964630416, 0.002731438979076386, 0.001904883653367815], [-0.0033981887475053943, 0.001904883653367815, 0.008716460668979138]], "chi2_level": 0.99, "chi2_df": 3, "chi2_threshold": 11.344866730144373, "N_raw": 26, "N_roi": 24, "N_inlier": 22, "refit": true}
{"timestamp": "20:35:44.112143", "frame": 50, "mu": [-0.9845488777623028, 4.502298466861696, 0.13924940523117185], "Sigma": [[0.018527185684124155, 0.0033242966522302113, 0.0004309990804791683], [0.0033242966522302117, 0.004609502084597956, -0.009243220807325949], [0.0004309990804791685, -0.009243220807325949, 0.02358479282120242]], "chi2_level": 0.99, "chi2_df": 3, "chi2_threshold": 11.344866730144373, "N_raw": 48, "N_roi": 37, "N_inlier": 34, "refit": true}
{"timestamp": "20:35:44.164338", "frame": 51, "mu": [-0.8528712947538637, 4.368763957874551, 0.8711904898576746], "Sigma": [[0.014574131349316252, -0.0009804063885198594, -0.011117442589591419], [-0.0009804063885198596, 0.003585106949857498, -0.00018290130608593802], [-0.011117442589591419, -0.00018290130608593808, 0.010820015212507457]], "chi2_level": 0.99, "chi2_df": 3, "chi2_threshold": 11.344866730144373, "N_raw": 27, "N_roi": 27, "N_inlier": 26, "refit": true}
{"timestamp": "20:35:44.219828", "frame": 52, "mu": [-0.8377756619204332, 4.335844806446322, 0.9442009171535222], "Sigma": [[0.03148624363158452, 0.000179279861441304, -0.02118400373024578], [0.000179279861441304, 0.0023841089358935166, -0.0014026459973367391], [-0.02118400373024578, -0.001402645997336739, 0.016794397614987258]], "chi2_level": 0.99, "chi2_df": 3, "chi2_threshold": 11.344866730144373, "N_raw": 40, "N_roi": 40, "N_inlier": 39, "refit": true}
{"timestamp": "20:35:44.278265", "frame": 53, "mu": [-0.8274911245904822, 4.3866218331337805, 1.0545754999257009], "Sigma": [[0.03124761607447192, 0.0015199284439470972, -0.0138454915734737], [0.0015199284439470968, 0.007470628061222154, 1.763789339988465e-05], [-0.0138454915734737, 1.763789339988457e-05, 0.009127828050593175]], "chi2_level": 0.99, "chi2_df": 3, "chi2_threshold": 11.344866730144373, "N_raw": 59, "N_roi": 58, "N_inlier": 58, "refit": true}
{"timestamp": "20:35:44.325521", "frame": 54, "mu": [-0.7818260709534497, 4.412233372257408, 1.1014824108381986], "Sigma": [[0.0026627117794755153, 0.0023739967326364595, -0.0005152675163239358], [0.0023739967326364595, 0.005934253718991418, -0.0012436676817052586], [-0.0005152675163239358, -0.0012436676817052588, 0.0002618673705667681]], "chi2_level": 0.99, "chi2_df": 3, "chi2_threshold": 11.344866730144373, "N_raw": 7, "N_roi": 7, "N_inlier": 7, "refit": true}
{"timestamp": "20:35:44.385871", "frame": 55, "mu": [-0.8070091885365608, 4.393434146081452, -0.8321630873625859], "Sigma": [[0.020805408692689705, 0.0027926548179165135, -0.005761181022939453], [0.0027926548179165135, 0.004035960611789357, -0.0002253963338559094], [-0.005761181022939453, -0.00022539633385590947, 0.003043139303938665]], "chi2_level": 0.99, "chi2_df": 3, "chi2_threshold": 11.344866730144373, "N_raw": 36, "N_roi": 35, "N_inlier": 33, "refit": true}
{"timestamp": "20:35:44.438836", "frame": 56, "mu": [-0.7291792233258354, 4.418434022222787, 1.1030710847747907], "Sigma": [[0.013024957377290822, 0.007657059025684571, -0.009211503129910115], [0.007657059025684571, 0.014782245280104727, 0.001087331949031675], [-0.009211503129910117, 0.0010873319490316755, 0.047277900286721464]], "chi2_level": 0.99, "chi2_df": 3, "chi2_threshold": 11.344866730144373, "N_raw": 27, "N_roi": 23, "N_inlier": 22, "refit": true}
{"timestamp": "20:35:44.497457", "frame": 57, "mu": [-0.6503568368798458, 4.4463018449096605, 0.3990265857831158], "Sigma": [[0.03786031907527798, 0.005300379200047228, -0.005033012161831496], [0.005300379200047228, 0.004681674523461717, 0.005264109695507032], [-0.005033012161831498, 0.005264109695507032, 0.012984434786705084]], "chi2_level": 0.99, "chi2_df": 3, "chi2_threshold": 11.344866730144373, "N_raw": 59, "N_roi": 56, "N_inlier": 56, "refit": true}
{"timestamp": "20:35:44.553346", "frame": 58, "mu": [-0.5962270960615275, 4.377573433057422, 1.0328167601384892], "Sigma": [[0.036842114986990165, 0.0024237653181971267, -0.015949657724079313], [0.0024237653181971267, 0.0042907072367333, -0.0036595806659004576], [-0.015949657724079313, -0.003659580665900458, 0.010822123046574436]], "chi2_level": 0.99, "chi2_df": 3, "chi2_threshold": 11.344866730144373, "N_raw": 61, "N_roi": 58, "N_inlier": 55, "refit": true}
{"timestamp": "20:35:44.606967", "frame": 59, "mu": [-0.5028578954283626, 4.402509255788718, 1.0775539418182396], "Sigma": [[0.038144418769351957, 0.0015657767106337383, -0.01401046090609898], [0.0015657767106337388, 0.0035280639981718704, -0.0032331065714567503], [-0.01401046090609898, -0.0032331065714567503, 0.009548633140401774]], "chi2_level": 0.99, "chi2_df": 3, "chi2_threshold": 11.344866730144373, "N_raw": 57, "N_roi": 57, "N_inlier": 54, "refit": true}
{"timestamp": "20:35:44.661835", "frame": 60, "mu": [-0.44638488460101744, 4.384932304706267, 1.169455321907079], "Sigma": [[0.03239702585897973, 0.00025481980121008654, -0.01288352610476481], [0.0002548198012100866, 0.001747626907507049, -0.0029907056377274383], [-0.01288352610476481, -0.0029907056377274383, 0.017409393747713685]], "chi2_level": 0.99, "chi2_df": 3, "chi2_threshold": 11.344866730144373, "N_raw": 48, "N_roi": 43, "N_inlier": 41, "refit": true}
{"timestamp": "20:35:44.719363", "frame": 61, "mu": [-0.41717035485361986, 4.419894393723076, -0.08102984230866277], "Sigma": [[0.03624671299756239, 0.007154557115994916, 0.07291004185678936], [0.007154557115994916, 0.01007013489477973, 0.03475143970938275], [0.07291004185678934, 0.034751439709382756, 0.2679725590844852]], "chi2_level": 0.99, "chi2_df": 3, "chi2_threshold": 11.344866730144373, "N_raw": 66, "N_roi": 66, "N_inlier": 66, "refit": true}
{"timestamp": "20:35:44.770554", "frame": 62, "mu": [-0.38253435946758524, 4.3138465530776084, 1.1263676969409866], "Sigma": [[0.029096448789509535, -0.001086610152906773, -0.016629619563859124], [-0.0010866101529067728, 0.004734705103096531, 0.005678039818363692], [-0.016629619563859124, 0.005678039818363692, 0.01604016884394961]], "chi2_level": 0.99, "chi2_df": 3, "chi2_threshold": 11.344866730144373, "N_raw": 40, "N_roi": 40, "N_inlier": 39, "refit": true}
{"timestamp": "20:35:44.827878", "frame": 63, "mu": [-0.3124132560256854, 4.38316426963459, 0.26011521077637495], "Sigma": [[0.02579507735388137, 0.0023309938056500674, -0.026766004115533194], [0.0023309938056500674, 0.0030368427735782727, 0.004958061858093627], [-0.026766004115533194, 0.004958061858093627, 0.05286853765227302]], "chi2_level": 0.99, "chi2_df": 3, "chi2_threshold": 11.344866730144373, "N_raw": 45, "N_roi": 43, "N_inlier": 42, "refit": true}
{"timestamp": "20:35:44.881508", "frame": 64, "mu": [-0.19033084090890487, 4.366767537725341, 0.121957919712284], "Sigma": [[0.026113557671057802, 0.0008221701247352218, -0.015015213398992148], [0.000822170124735222, 0.004040790646519306, 0.004371980399038503], [-0.015015213398992148, 0.004371980399038503, 0.016966421317118438]], "chi2_level": 0.99, "chi2_df": 3, "chi2_threshold": 11.344866730144373, "N_raw": 49, "N_roi": 49, "N_inlier": 48, "refit": true}
{"timestamp": "20:35:44.936491", "frame": 65, "mu": [-0.12224647403127108, 4.208786233806272, 1.0228754159677995], "Sigma": [[0.017605047704760807, -0.0008806790046263689, -0.010735547914169625], [-0.0008806790046263689, 0.001173413686182446, 0.00016876619786293862], [-0.010735547914169625, 0.00016876619786293867, 0.011518176613759977]], "chi2_level": 0.99, "chi2_df": 3, "chi2_threshold": 11.344866730144373, "N_raw": 33, "N_roi": 25, "N_inlier": 23, "refit": true}
{"timestamp": "20:35:44.991835", "frame": 66, "mu": [-0.16189194908516202, 4.307023689576487, 1.1904290618842628], "Sigma": [[0.025054849161798717, -0.005055852653507079, -0.013406231978648753], [-0.005055852653507078, 0.0056581615614291975, 0.0016940902971890263], [-0.013406231978648753, 0.0016940902971890263, 0.010113407220555886]], "chi2_level": 0.99, "chi2_df": 3, "chi2_threshold": 11.344866730144373, "N_raw": 54, "N_roi": 50, "N_inlier": 50, "refit": true}
{"timestamp": "20:35:45.043355", "frame": 67, "mu": [-0.06477524697383522, 4.295699070650906, -0.22382492174826546], "Sigma": [[0.014079397569768316, 0.005016856702963841, 0.049005428056631786], [0.005016856702963841, 0.013893964456281676, 0.01568789768879795], [0.049005428056631786, 0.015687897688797945, 0.28244413558747894]], "chi2_level": 0.99, "chi2_df": 3, "chi2_threshold": 11.344866730144373, "N_raw": 22, "N_roi": 19, "N_inlier": 18, "refit": true}
{"timestamp": "20:35:45.155878", "frame": 69, "mu": [-0.05495102532380568, 4.296531235951626, 1.1002710668805418], "Sigma": [[0.02220790864160589, -0.0021933611490592155, -0.00546561497930836], [-0.0021933611490592155, 0.0031720582087311835, -0.003771912501273263], [-0.00546561497930836, -0.0037719125012732626, 0.01047325633335052]], "chi2_level": 0.99, "chi2_df": 3, "chi2_threshold": 11.344866730144373, "N_raw": 48, "N_roi": 48, "N_inlier": 48, "refit": true}
{"timestamp": "20:35:45.211253", "frame": 70, "mu": [-0.016568419449335677, 4.424464207264394, 0.29058066259194115], "Sigma": [[0.024376590596109665, -0.0020933726595198073, -0.0031225617915691664], [-0.0020933726595198077, 0.00534500340209905, -0.008174900303800043], [-0.0031225617915691655, -0.008174900303800043, 0.016566398262948694]], "chi2_level": 0.99, "chi2_df": 3, "chi2_threshold": 11.344866730144373, "N_raw": 47, "N_roi": 47, "N_inlier": 44, "refit": true}
{"timestamp": "20:35:45.266974", "frame": 71, "mu": [0.05870790600112659, 4.368867635962218, 1.3059817025320855], "Sigma": [[0.021013703789996428, -0.001321123879689644, -0.011465354489435302], [-0.001321123879689644, 0.002704070407138438, -0.0012394873858945655], [-0.011465354489435302, -0.0012394873858945655, 0.010627415823103682]], "chi2_level": 0.99, "chi2_df": 3, "chi2_threshold": 11.344866730144373, "N_raw": 42, "N_roi": 41, "N_inlier": 37, "refit": true}
{"timestamp": "20:35:45.320482", "frame": 72, "mu": [0.05415631073142738, 4.39133781792109, 1.1011175159784896], "Sigma": [[0.023343721582490845, -0.0022734481102499415, -0.00623417286055912], [-0.002273448110249941, 0.0020005690819810055, -0.002159846954762139], [-0.00623417286055912, -0.002159846954762139, 0.01050429893928063]], "chi2_level": 0.99, "chi2_df": 3, "chi2_threshold": 11.344866730144373, "N_raw": 39, "N_roi": 39, "N_inlier": 38, "refit": true}
{"timestamp": "20:35:45.370340", "frame": 73, "mu": [0.15052881340795804, 4.364538174288421, 1.29281632815284], "Sigma": [[0.0006281212013422978, 0.0011047182681187145, -0.0050745565023995], [0.001104718268118715, 0.003940799374938063, -0.00670791030123389], [-0.005074556502399501, -0.0067079103012338895, 0.04784418596261358]], "chi2_level": 0.99, "chi2_df": 3, "chi2_threshold": 11.344866730144373, "N_raw": 7, "N_roi": 5, "N_inlier": 5, "refit": true}
{"timestamp": "20:35:45.426285", "frame": 74, "mu": [0.17254231430073966, 4.40225407561415, -0.2618760783979961], "Sigma": [[0.006427743582443762, -0.02614297262477526, -0.006190577981763402], [-0.02614297262477526, 0.19092464327040143, 0.39972701922062237], [-0.0061905779817633955, 0.3997270192206223, 1.7603530919523633]], "chi2_level": 0.99, "chi2_df": 3, "chi2_threshold": 11.344866730144373, "N_raw": 9, "N_roi": 7, "N_inlier": 7, "refit": true}
{"timestamp": "20:35:45.541008", "frame": 76, "mu": [0.2811949874584465, 4.490721377834082, 0.19972907330214137], "Sigma": [[0.0008575970444224988, -0.002079575147419246, 0.00415681397055471], [-0.0020795751474192454, 0.026728832787376738, -0.04104090752831305], [0.00415681397055471, -0.04104090752831305, 0.08405266070639963]], "chi2_level": 0.99, "chi2_df": 3, "chi2_threshold": 11.344866730144373, "N_raw": 9, "N_roi": 8, "N_inlier": 8, "refit": true}
{"timestamp": "20:35:45.593087", "frame": 77, "mu": [0.44722625599138904, 4.238853677922982, 0.9468074538192082], "Sigma": [[0.01975591277970428, -0.004955616652567709, -0.014819454587647395], [-0.004955616652567709, 0.004884908399082598, 0.009004516400091029], [-0.014819454587647395, 0.009004516400091029, 0.020796979140666902]], "chi2_level": 0.99, "chi2_df": 3, "chi2_threshold": 11.344866730144373, "N_raw": 27, "N_roi": 26, "N_inlier": 25, "refit": true}
{"timestamp": "20:35:45.646649", "frame": 78, "mu": [0.3735748414394421, 4.3808653585932635, 0.8777261787313818], "Sigma": [[0.006027174862288413, 0.009324752557509655, -0.031075241125681576], [0.009324752557509655, 0.01939605020846464, -0.05870682014747159], [-0.031075241125681576, -0.05870682014747159, 0.18869590163347494]], "chi2_level": 0.99, "chi2_df": 3, "chi2_threshold": 11.344866730144373, "N_raw": 10, "N_roi": 6, "N_inlier": 6, "refit": true}
{"timestamp": "20:35:45.760665", "frame": 80, "mu": [0.46854470491167394, 4.329000965120883, 1.2456192805580022], "Sigma": [[0.026188751648830264, -0.006251508087365005, -0.018282140609982473], [-0.006251508087365005, 0.00585168245659714, 0.007588665727699441], [-0.018282140609982473, 0.007588665727699441, 0.016662695864517723]], "chi2_level": 0.99, "chi2_df": 3, "chi2_threshold": 11.344866730144373, "N_raw": 46, "N_roi": 43, "N_inlier": 41, "refit": true}
{"timestamp": "20:35:45.816353", "frame": 81, "mu": [0.5205743518912859, 4.387061669887495, 0.16028955276342324], "Sigma": [[0.022883279147529446, -0.0023703829182427677, -0.008165191370337369], [-0.0023703829182427673, 0.003106034039968771, 0.0013939815480582419], [-0.008165191370337367, 0.0013939815480582419, 0.006772763899965755]], "chi2_level": 0.99, "chi2_df": 3, "chi2_threshold": 11.344866730144373, "N_raw": 43, "N_roi": 41, "N_inlier": 37, "refit": true}
{"timestamp": "20:35:45.869940", "frame": 82, "mu": [0.5889591498840454, 4.272439789489561, 0.9845827531708823], "Sigma": [[0.017678068681094995, -0.0037517210553237182, -0.006109778480462378], [-0.0037517210553237182, 0.004143360882304565, 0.0017168474159496966], [-0.006109778480462378, 0.0017168474159496966, 0.0035733510871852722]], "chi2_level": 0.99, "chi2_df": 3, "chi2_threshold": 11.344866730144373, "N_raw": 37, "N_roi": 34, "N_inlier": 33, "refit": true}
{"timestamp": "20:35:45.920885", "frame": 83, "mu": [0.5647621901919325, 4.542410480122449, -0.012317098005974109], "Sigma": [[0.0012524925599795957, 0.0030477664108451707, -0.008191820667392076], [0.0030477664108451707, 0.03620476483121586, -0.07743943386549773], [-0.008191820667392076, -0.07743943386549773, 0.19474485205720307]], "chi2_level": 0.99, "chi2_df": 3, "chi2_threshold": 11.344866730144373, "N_raw": 9, "N_roi": 6, "N_inlier": 6, "refit": true}
{"timestamp": "20:35:46.064246", "frame": 85, "mu": [0.620230365120263, 4.590439921543725, 0.21923668944010682], "Sigma": [[0.0028070931078543054, -0.0035275610840116373, 0.012480190070043534], [-0.0035275610840116373, 0.04245525295198771, -0.10721309103213006], [0.012480190070043534, -0.10721309103213006, 0.2776956641858701]], "chi2_level": 0.99, "chi2_df": 3, "chi2_threshold": 11.344866730144373, "N_raw": 8, "N_roi": 6, "N_inlier": 6, "refit": true}
{"timestamp": "20:35:46.086278", "frame": 86, "mu": [0.7428917158941778, 4.409200739723735, 0.7979691361354734], "Sigma": [[0.0024452548640879934, -0.0011212355602933143, 0.008605145469127117], [-0.0011212355602933143, 0.006338013369366856, -0.01920505675506963], [0.008605145469127117, -0.01920505675506963, 0.07030780816017673]], "chi2_level": 0.99, "chi2_df": 3, "chi2_threshold": 11.344866730144373, "N_raw": 8, "N_roi": 5, "N_inlier": 5, "refit": true}
{"timestamp": "20:35:46.144123", "frame": 87, "mu": [0.8322309104960351, 4.367350099125751, 1.127060977231812], "Sigma": [[0.012592619490361218, -0.0032307565322282792, -0.001152979813178386], [-0.003230756532228279, 0.008725035979753078, -0.02962551075962857], [-0.001152979813178386, -0.02962551075962857, 0.1391149768719933]], "chi2_level": 0.99, "chi2_df": 3, "chi2_threshold": 11.344866730144373, "N_raw": 30, "N_roi": 28, "N_inlier": 28, "refit": true}
{"timestamp": "20:35:46.197438", "frame": 88, "mu": [0.811832790329178, 3.6492503743296885, 1.1144296092633814], "Sigma": [[0.08304783480018968, 0.4215381128794496, -0.08043728877607281], [0.4215381128794496, 2.1397322521081703, -0.40828335729474824], [-0.08043728877607281, -0.40828335729474824, 0.07791262296110112]], "chi2_level": 0.99, "chi2_df": 3, "chi2_threshold": 11.344866730144373, "N_raw": 13, "N_roi": 5, "N_inlier": 5, "refit": true}
{"timestamp": "20:35:46.363421", "frame": 91, "mu": [0.9554554000707655, 4.340942977872012, 1.281240886765874], "Sigma": [[0.01820080813006317, -0.006112121790347055, -0.011245926097982955], [-0.006112121790347055, 0.004637426905070788, 0.0007195088828680816], [-0.011245926097982955, 0.0007195088828680815, 0.01470983969941609]], "chi2_level": 0.99, "chi2_df": 3, "chi2_threshold": 11.344866730144373, "N_raw": 35, "N_roi": 35, "N_inlier": 35, "refit": true}
{"timestamp": "20:35:46.414999", "frame": 92, "mu": [0.97550378639049, 4.332565656184554, 1.4431075398862219], "Sigma": [[0.0017679125149686885, -0.0044829202660196625, -0.003192964711689019], [-0.004482920266019662, 0.011400419964379183, 0.008296292886644161], [-0.003192964711689019, 0.008296292886644161, 0.0075994826586539424]], "chi2_level": 0.99, "chi2_df": 3, "chi2_threshold": 11.344866730144373, "N_raw": 7, "N_roi": 5, "N_inlier": 5, "refit": true}
{"timestamp": "20:35:46.525231", "frame": 94, "mu": [1.1564078950076775, 4.077793744225666, -0.09251360303664499], "Sigma": [[0.12119904149704928, 0.4483717099378397, -0.058496151714556105], [0.4483717099378397, 1.7278982157765943, -0.09018949112358701], [-0.058496151714556105, -0.09018949112358701, 0.3274492335412792]], "chi2_level": 0.99, "chi2_df": 3, "chi2_threshold": 11.344866730144373, "N_raw": 11, "N_roi": 8, "N_inlier": 8, "refit": true}
{"timestamp": "20:35:46.581664", "frame": 95, "mu": [1.1062085223576703, 4.487990012943761, 0.04688881008548033], "Sigma": [[0.00604589827435513, -0.0002444128244545718, 0.00048348931736695014], [-0.0002444128244545714, 0.02338053172655518, -0.06520382511727858], [0.00048348931736695014, -0.06520382511727858, 0.1884436401939336]], "chi2_level": 0.99, "chi2_df": 3, "chi2_threshold": 11.344866730144373, "N_raw": 14, "N_roi": 13, "N_inlier": 13, "refit": true}
{"timestamp": "20:35:46.635831", "frame": 96, "mu": [1.0856665257511429, 3.597187721350828, 1.2015154388794742], "Sigma": [[0.18040581078756893, 0.6239519252109605, -0.16528042816700395], [0.6239519252109605, 2.1674681202777375, -0.5639237974325689], [-0.16528042816700395, -0.5639237974325689, 0.16681538836005913]], "chi2_level": 0.99, "chi2_df": 3, "chi2_threshold": 11.344866730144373, "N_raw": 7, "N_roi": 5, "N_inlier": 5, "refit": true}
{"timestamp": "20:35:46.691213", "frame": 97, "mu": [1.2101384476547006, 4.388599442986657, 0.380614441052507], "Sigma": [[0.0026761447915591876, 0.000115701008899815, -0.0021047630486688007], [0.00011570100889981498, 0.00542152601020431, -0.004635942211567006], [-0.0021047630486688007, -0.004635942211567006, 0.0075604498835952294]], "chi2_level": 0.99, "chi2_df": 3, "chi2_threshold": 11.344866730144373, "N_raw": 14, "N_roi": 11, "N_inlier": 11, "refit": true}
{"timestamp": "20:35:47.056428", "frame": 101, "mu": [1.44077076420981, 4.11732218779171, 1.0357887332569338], "Sigma": [[0.014847051222423047, -0.005054659475351823, -0.00463236044526556], [-0.005054659475351823, 0.004103798118238622, 0.003423902951931062], [-0.004632360445265559, 0.003423902951931062, 0.004236723110913544]], "chi2_level": 0.99, "chi2_df": 3, "chi2_threshold": 11.344866730144373, "N_raw": 19, "N_roi": 19, "N_inlier": 17, "refit": true}
{"timestamp": "20:35:47.086459", "frame": 102, "mu": [1.4969455182053322, 4.183329136744918, 1.2068445693071905], "Sigma": [[0.011836576263869263, -0.004307808435878666, -0.006409922912436542], [-0.004307808435878667, 0.005769211322313763, 0.00927706409246119], [-0.006409922912436543, 0.00927706409246119, 0.018384660064582465]], "chi2_level": 0.99, "chi2_df": 3, "chi2_threshold": 11.344866730144373, "N_raw": 18, "N_roi": 18, "N_inlier": 18, "refit": true}
{"timestamp": "20:35:47.116166", "frame": 103, "mu": [1.516459454287171, 4.123492141516656, 0.9386094988100305], "Sigma": [[0.01015750256877791, -0.0039043203742361752, -0.0066928988594058825], [-0.003904320374236175, 0.004025168996107226, 0.0017200711065224706], [-0.0066928988594058825, 0.0017200711065224706, 0.005944307924131279]], "chi2_level": 0.99, "chi2_df": 3, "chi2_threshold": 11.344866730144373, "N_raw": 17, "N_roi": 17, "N_inlier": 17, "refit": true}
{"timestamp": "20:35:47.146328", "frame": 104, "mu": [1.5315890437793225, 4.122229288776992, 1.0603393079464791], "Sigma": [[0.018805967427609937, -0.005023756855069279, -0.0024317668171855026], [-0.005023756855069278, 0.006185516001168847, 0.005074918643109253], [-0.0024317668171855017, 0.005074918643109253, 0.006356893830032208]], "chi2_level": 0.99, "chi2_df": 3, "chi2_threshold": 11.344866730144373, "N_raw": 30, "N_roi": 30, "N_inlier": 29, "refit": true}
{"timestamp": "20:35:47.177870", "frame": 105, "mu": [1.6023178756357932, 4.1957772974644545, -0.10639840855318569], "Sigma": [[0.025140011042843698, -0.005010246070666399, -0.015396400173786405], [-0.005010246070666399, 0.0040728322663036816, 0.0016575963503295018], [-0.015396400173786405, 0.0016575963503295018, 0.011658566867073481]], "chi2_level": 0.99, "chi2_df": 3, "chi2_threshold": 11.344866730144373, "N_raw": 36, "N_roi": 36, "N_inlier": 35, "refit": true}
{"timestamp": "20:35:47.208960", "frame": 106, "mu": [1.6900524955773915, 4.081567892053002, -0.9090543842935134], "Sigma": [[0.029973950019569328, -0.0008637038023807221, 0.043102938886176806], [-0.0008637038023807224, 0.005040883247629377, 0.009456228825352226], [0.043102938886176806, 0.009456228825352225, 0.16177992045941716]], "chi2_level": 0.99, "chi2_df": 3, "chi2_threshold": 11.344866730144373, "N_raw": 50, "N_roi": 48, "N_inlier": 48, "refit": true}
{"timestamp": "20:35:47.243365", "frame": 107, "mu": [1.766537314236992, 3.995144474396839, 0.9390941944097502], "Sigma": [[0.020039714894862375, -0.010326326799960317, -0.022056907620148093], [-0.010326326799960319, 0.006345826539324371, 0.00911300059940232], [-0.022056907620148093, 0.00911300059940232, 0.03539110145787704]], "chi2_level": 0.99, "chi2_df": 3, "chi2_threshold": 11.344866730144373, "N_raw": 28, "N_roi": 28, "N_inlier": 28, "refit": true}
{"timestamp": "20:35:47.294948", "frame": 108, "mu": [1.7102797275218444, 4.064324806686306, 1.2163283683305188], "Sigma": [[0.003327791274577215, 0.0011524245909701513, -0.010947548579516226], [0.0011524245909701513, 0.0012004829299535338, -0.00483761475547737], [-0.010947548579516226, -0.00483761475547737, 0.040720143535475324]], "chi2_level": 0.99, "chi2_df": 3, "chi2_threshold": 11.344866730144373, "N_raw": 5, "N_roi": 5, "N_inlier": 5, "refit": true}
{"timestamp": "20:35:47.353692", "frame": 109, "mu": [1.7724126828284363, 4.12040931990307, 0.03221648274861287], "Sigma": [[0.018014717940638345, -0.004792683636410418, -0.00986420976635954], [-0.004792683636410418, 0.004600723953975427, 0.0024224288742859612], [-0.00986420976635954, 0.0024224288742859612, 0.0066699768147708595]], "chi2_level": 0.99, "chi2_df": 3, "chi2_threshold": 11.344866730144373, "N_raw": 33, "N_roi": 33, "N_inlier": 32, "refit": true}
{"timestamp": "20:35:47.412098", "frame": 110, "mu": [1.8829912428545335, 3.9639743643296788, 0.9576714588639362], "Sigma": [[0.048193133288187, -0.00840269461106141, -0.042598945018084804], [-0.008402694611061412, 0.008097403590144735, 0.0032827053082618955], [-0.042598945018084804, 0.003282705308261896, 0.045125771442244694]], "chi2_level": 0.99, "chi2_df": 3, "chi2_threshold": 11.344866730144373, "N_raw": 55, "N_roi": 55, "N_inlier": 55, "refit": true}
{"timestamp": "20:35:47.465392", "frame": 111, "mu": [1.8044923329504112, 3.9621481561707905, -0.6923055022768759], "Sigma": [[0.022601773998505256, 0.0006061446654596959, 0.04920733020848293], [0.000606144665459696, 0.003984019798213418, 0.009482769853474128], [0.04920733020848293, 0.009482769853474127, 0.1830090988430163]], "chi2_level": 0.99, "chi2_df": 3, "chi2_threshold": 11.344866730144373, "N_raw": 37, "N_roi": 36, "N_inlier": 35, "refit": true}
{"timestamp": "20:35:47.519575", "frame": 112, "mu": [1.8007390985529612, 4.038786962694479, 0.01371337281396382], "Sigma": [[0.021860046613955658, -0.009339942717028982, -0.013129245681100467], [-0.009339942717028982, 0.0077332583834483675, 0.005534626706737267], [-0.013129245681100469, 0.005534626706737265, 0.010265876628315131]], "chi2_level": 0.99, "chi2_df": 3, "chi2_threshold": 11.344866730144373, "N_raw": 37, "N_roi": 37, "N_inlier": 37, "refit": true}
{"timestamp": "20:35:47.574635", "frame": 113, "mu": [1.7148833678591389, 3.8862775818729642, 0.9719220800343903], "Sigma": [[0.025608393971644987, -0.008569093692554111, -0.007889651807250323], [-0.008569093692554111, 0.004972747832964486, 0.0021441586493530875], [-0.007889651807250323, 0.0021441586493530875, 0.004468648673778794]], "chi2_level": 0.99, "chi2_df": 3, "chi2_threshold": 11.344866730144373, "N_raw": 35, "N_roi": 35, "N_inlier": 33, "refit": true}
{"timestamp": "20:35:47.633123", "frame": 114, "mu": [1.8451667176314586, 3.8340874211771467, 0.8563084712390717], "Sigma": [[0.049114973844878826, -0.019032629393741583, -0.03263721409814422], [-0.019032629393741583, 0.009463386688084023, 0.00981581496711634], [-0.03263721409814422, 0.00981581496711634, 0.03913175256588633]], "chi2_level": 0.99, "chi2_df": 3, "chi2_threshold": 11.344866730144373, "N_raw": 62, "N_roi": 62, "N_inlier": 62, "refit": true}
{"timestamp": "20:35:47.688898", "frame": 115, "mu": [1.941787280014468, 3.973071173682438, -0.15687860339867224], "Sigma": [[0.04085550787758038, -0.009964879641785652, -0.037938974137349535], [-0.009964879641785655, 0.007955442164242958, 0.00532428112989393], [-0.03793897413734954, 0.005324281129893929, 0.04188611984528592]], "chi2_level": 0.99, "chi2_df": 3, "chi2_threshold": 11.344866730144373, "N_raw": 61, "N_roi": 61, "N_inlier": 59, "refit": true}
{"timestamp": "20:35:47.735946", "frame": 116, "mu": [1.9292516066749117, 3.9407930962138678, -0.002770175229774253], "Sigma": [[0.022632745325622882, 0.007002941174248003, -0.022257688326157234], [0.007002941174248004, 0.002453422549324298, -0.007396122015861702], [-0.022257688326157234, -0.007396122015861703, 0.029011814234747014]], "chi2_level": 0.99, "chi2_df": 3, "chi2_threshold": 11.344866730144373, "N_raw": 6, "N_roi": 6, "N_inlier": 6, "refit": true}
