{"timestamp": "19:45:20.546003", "frame": 25, "mu": [-1.6659122127707835, 4.967208987825904, 0.7999367525399745], "Sigma": [[0.013724796619757335, 0.0009666130455338721, -0.007576327715859666], [0.0009666130455338721, 0.0005698084118545799, -0.0009005349702824842], [-0.0075763277158596674, -0.0009005349702824842, 0.005970183273272295]], "chi2_level": 0.99, "chi2_df": 3, "chi2_threshold": 11.344866730144373, "N_raw": 38, "N_roi": 8, "N_inlier": 8, "refit": true}
{"timestamp": "19:45:20.600358", "frame": 26, "mu": [-1.6584012530343362, 4.911274468399354, 0.4686210029235541], "Sigma": [[0.01447995350176467, 0.002237548578242508, -0.009779550770695554], [0.0022375485782425075, 0.0014040488381234955, -0.0026518766301075135], [-0.009779550770695557, -0.002651876630107514, 0.011411276209428198]], "chi2_level": 0.99, "chi2_df": 3, "chi2_threshold": 11.344866730144373, "N_raw": 26, "N_roi": 19, "N_inlier": 19, "refit": true}
{"timestamp": "19:45:20.656608", "frame": 27, "mu": [-1.5959453014674545, 4.917590200009105, 0.4023152018552318], "Sigma": [[0.032304009086888186, -0.00038750738152658966, -0.02572254622320497], [-0.00038750738152658955, 0.0017360217891381157, -0.0005371861925284869], [-0.02572254622320497, -0.0005371861925284869, 0.023426303195133027]], "chi2_level": 0.99, "chi2_df": 3, "chi2_threshold": 11.344866730144373, "N_raw": 34, "N_roi": 30, "N_inlier": 30, "refit": true}
{"timestamp": "19:45:20.713611", "frame": 28, "mu": [-1.6069793186810795, 4.856776651031456, 0.3516063286292221], "Sigma": [[0.021741266524964258, 0.0010332538887391103, -0.013291238805131955], [0.0010332538887391101, 0.001371233600450936, -0.002756086182395633], [-0.013291238805131955, -0.002756086182395633, 0.018808771066288494]], "chi2_level": 0.99, "chi2_df": 3, "chi2_threshold": 11.344866730144373, "N_raw": 35, "N_roi": 32, "N_inlier": 31, "refit": true}
{"timestamp": "19:45:20.771530", "frame": 29, "mu": [-1.5758326712736688, 4.816599608159653, 0.49053209713260687], "Sigma": [[0.03659019029075619, 0.002419941907141024, -0.030928576540967458], [0.002419941907141024, 0.001961977757768741, -0.005568278566636537], [-0.030928576540967458, -0.005568278566636537, 0.0415260926324421]], "chi2_level": 0.99, "chi2_df": 3, "chi2_threshold": 11.344866730144373, "N_raw": 54, "N_roi": 50, "N_inlier": 49, "refit": true}
{"timestamp": "19:45:20.822293", "frame": 30, "mu": [-1.6169254440562675, 4.787660095274498, 0.756321570970407], "Sigma": [[0.018243689755234244, 0.002197200679972942, -0.019124069496025256], [0.002197200679972942, 0.0004915650897474352, -0.003011845104886296], [-0.019124069496025256, -0.003011845104886296, 0.0421734968191083]], "chi2_level": 0.99, "chi2_df": 3, "chi2_threshold": 11.344866730144373, "N_raw": 21, "N_roi": 21, "N_inlier": 20, "refit": true}
{"timestamp": "19:45:20.878936", "frame": 31, "mu": [-1.6429456967065434, 4.71863193440991, 0.8513163954919664], "Sigma": [[0.02795717723482915, 0.0046712471756635895, -0.02581848930006104], [0.0046712471756635895, 0.0019312968810032873, -0.007823787730154753], [-0.02581848930006104, -0.007823787730154753, 0.042606817244765685]], "chi2_level": 0.99, "chi2_df": 3, "chi2_threshold": 11.344866730144373, "N_raw": 37, "N_roi": 37, "N_inlier": 36, "refit": true}
{"timestamp": "19:45:20.929558", "frame": 32, "mu": [-1.5504710992851272, 4.7151317478328, 0.4946418282136097], "Sigma": [[0.0035899844609884866, -0.0030014584365646987, 0.0025191942113460836], [-0.0030014584365646987, 0.003567350107689919, -0.003190226256694884], [0.0025191942113460836, -0.003190226256694884, 0.005281436055577666]], "chi2_level": 0.99, "chi2_df": 3, "chi2_threshold": 11.344866730144373, "N_raw": 5, "N_roi": 5, "N_inlier": 5, "refit": true}
{"timestamp": "19:45:20.988954", "frame": 33, "mu": [-1.621668365904112, 4.654818326926083, 0.40505890925712157], "Sigma": [[0.030798874418344738, 0.0015582010080081436, -0.007568656916982032], [0.0015582010080081436, 0.001213727700944985, -0.0020310503983942386], [-0.007568656916982032, -0.0020310503983942386, 0.013071030367742802]], "chi2_level": 0.99, "chi2_df": 3, "chi2_threshold": 11.344866730144373, "N_raw": 33, "N_roi": 33, "N_inlier": 32, "refit": true}
{"timestamp": "19:45:21.040444", "frame": 34, "mu": [-1.5827933200128144, 4.629823495816186, 0.735504456373776], "Sigma": [[0.015616802280781735, 0.0016492275446461672, -0.010623811751815537], [0.0016492275446461672, 0.0005881262041655095, -0.003344518801986327], [-0.010623811751815537, -0.003344518801986327, 0.03273376185263717]], "chi2_level": 0.99, "chi2_df": 3, "chi2_threshold": 11.344866730144373, "N_raw": 14, "N_roi": 14, "N_inlier": 14, "refit": true}
{"timestamp": "19:45:21.098666", "frame": 35, "mu": [-1.580201387519391, 4.604276058233791, 0.7591186605334155], "Sigma": [[0.030842770714618786, 0.004894858787579226, 0.0013943542504753828], [0.004894858787579226, 0.0019437096253420603, -0.00289456615078881], [0.001394354250475383, -0.00289456615078881, 0.016799197103342618]], "chi2_level": 0.99, "chi2_df": 3, "chi2_threshold": 11.344866730144373, "N_raw": 38, "N_roi": 38, "N_inlier": 38, "refit": true}
{"timestamp": "19:45:21.152457", "frame": 36, "mu": [-1.5554796844986434, 4.49128427761219, 0.5856441323795005], "Sigma": [[0.015991774889483664, 0.0005816601895807809, -0.014970281441145782], [0.0005816601895807809, 0.0005426520764825468, 6.126288604021296e-05], [-0.014970281441145782, 6.126288604021317e-05, 0.05314421703166449]], "chi2_level": 0.99, "chi2_df": 3, "chi2_threshold": 11.344866730144373, "N_raw": 24, "N_roi": 24, "N_inlier": 23, "refit": true}
{"timestamp": "19:45:21.208536", "frame": 37, "mu": [-1.5613912654895512, 4.513050913177467, 0.8233837566721055], "Sigma": [[0.02438127733432944, 0.0036122817248987423, -0.02087157828933285], [0.0036122817248987423, 0.0031514988118671243, -0.004522552022842102], [-0.02087157828933285, -0.004522552022842102, 0.02204756060810773]], "chi2_level": 0.99, "chi2_df": 3, "chi2_threshold": 11.344866730144373, "N_raw": 36, "N_roi": 36, "N_inlier": 33, "refit": true}
{"timestamp": "19:45:21.262745", "frame": 38, "mu": [-1.664020616579033, 4.372282649354731, 0.41926204151306984], "Sigma": [[0.014704323118229536, 0.004285399783687686, 0.001844442342774531], [0.004285399783687686, 0.0021373918868339533, -0.000337840915953281], [0.0018444423427745312, -0.00033784091595328105, 0.022031279142050737]], "chi2_level": 0.99, "chi2_df": 3, "chi2_threshold": 11.344866730144373, "N_raw": 24, "N_roi": 24, "N_inlier": 23, "refit": true}
{"timestamp": "19:45:21.322590", "frame": 39, "mu": [-1.6254822665740134, 4.349279922367438, 0.5807678143826999], "Sigma": [[0.030862499539993968, 0.006741960883336229, -0.003498391894594388], [0.006741960883336229, 0.003673884523025717, 0.011280521298393593], [-0.0034983918945943855, 0.011280521298393595, 0.14712820653054956]], "chi2_level": 0.99, "chi2_df": 3, "chi2_threshold": 11.344866730144373, "N_raw": 63, "N_roi": 63, "N_inlier": 63, "refit": true}
{"timestamp": "19:45:21.377787", "frame": 40, "mu": [-1.5554399381447583, 4.310833062861367, 0.49984385437863654], "Sigma": [[0.03396662144703961, 0.009570864965091588, -0.004806973657045727], [0.009570864965091588, 0.003108572280383367, -0.0023186503233665404], [-0.004806973657045727, -0.0023186503233665404, 0.04443137373881675]], "chi2_level": 0.99, "chi2_df": 3, "chi2_threshold": 11.344866730144373, "N_raw": 53, "N_roi": 53, "N_inlier": 53, "refit": true}
{"timestamp": "19:45:21.429213", "frame": 41, "mu": [-1.6752439818170766, 4.254583433651733, 0.535092620516334], "Sigma": [[0.022475490500953182, 0.0036268835356402128, -0.005845079423938382], [0.0036268835356402128, 0.0012608134456500255, -0.002942268044912449], [-0.005845079423938382, -0.002942268044912449, 0.016175539843870466]], "chi2_level": 0.99, "chi2_df": 3, "chi2_threshold": 11.344866730144373, "N_raw": 32, "N_roi": 32, "N_inlier": 31, "refit": true}
{"timestamp": "19:45:21.486745", "frame": 42, "mu": [-1.640407888952171, 4.190777342344672, 0.5939940187884222], "Sigma": [[0.03616140426613626, 0.005660878053946286, -0.01146769494247801], [0.005660878053946285, 0.0018560322187871443, -0.005140654492873922], [-0.01146769494247801, -0.005140654492873922, 0.025134897930149693]], "chi2_level": 0.99, "chi2_df": 3, "chi2_threshold": 11.344866730144373, "N_raw": 52, "N_roi": 51, "N_inlier": 51, "refit": true}
{"timestamp": "19:45:21.538236", "frame": 43, "mu": [-1.7666134039784769, 4.135945619150495, 0.5266368037010161], "Sigma": [[0.027627971748136318, 0.005872904044405049, -0.011732974556020428], [0.005872904044405048, 0.002931133201464027, -0.004426103366384207], [-0.01173297455602043, -0.004426103366384207, 0.0112536733414089]], "chi2_level": 0.99, "chi2_df": 3, "chi2_threshold": 11.344866730144373, "N_raw": 37, "N_roi": 37, "N_inlier": 36, "refit": true}
{"timestamp": "19:45:21.598280", "frame": 44, "mu": [-1.7334422836224916, 4.106622398410345, 0.5734715164432646], "Sigma": [[0.025530873822290658, 0.0029625578529692822, -0.011700055327753691], [0.0029625578529692822, 0.0024182161865714587, -0.0028918662634891093], [-0.011700055327753691, -0.0028918662634891093, 0.008715819554729312]], "chi2_level": 0.99, "chi2_df": 3, "chi2_threshold": 11.344866730144373, "N_raw": 34, "N_roi": 34, "N_inlier": 33, "refit": true}
{"timestamp": "19:45:21.651093", "frame": 45, "mu": [-1.6624344055077465, 4.057266724375328, 0.6707044169290066], "Sigma": [[0.027767295266137214, 0.0023955367598551425, -0.0256601894622988], [0.0023955367598551425, 0.0009347297375906766, -0.005803980238857049], [-0.0256601894622988, -0.005803980238857049, 0.05706073009208222]], "chi2_level": 0.99, "chi2_df": 3, "chi2_threshold": 11.344866730144373, "N_raw": 50, "N_roi": 48, "N_inlier": 47, "refit": true}
{"timestamp": "19:45:21.705979", "frame": 46, "mu": [-1.6480235676514936, 4.0369784337392804, 0.6072084249785049], "Sigma": [[0.03419736550760795, -0.004090273372963046, -0.03153262506313824], [-0.004090273372963046, 0.0034814881480969787, 0.0016185496872893057], [-0.03153262506313824, 0.0016185496872893061, 0.03834261768752178]], "chi2_level": 0.99, "chi2_df": 3, "chi2_threshold": 11.344866730144373, "N_raw": 48, "N_roi": 48, "N_inlier": 48, "refit": true}
{"timestamp": "19:45:21.759274", "frame": 47, "mu": [-1.6634780005405745, 3.93993177481684, 0.6241497164211498], "Sigma": [[0.028102072028985344, -0.003155608857184588, -0.023068225572419485], [-0.0031556088571845875, 0.0011007575549289797, 0.000586149368026207], [-0.02306822557241948, 0.0005861493680262071, 0.032446880182487654]], "chi2_level": 0.99, "chi2_df": 3, "chi2_threshold": 11.344866730144373, "N_raw": 35, "N_roi": 35, "N_inlier": 35, "refit": true}
{"timestamp": "19:45:21.815611", "frame": 48, "mu": [-1.6251374110577148, 3.9010951967212986, 0.6598929933340875], "Sigma": [[0.02536186211310757, 0.0007091249156050664, -0.03347939117964065], [0.0007091249156050664, 0.0018394429163501, -0.004307830906685133], [-0.03347939117964065, -0.004307830906685132, 0.05695772717236966]], "chi2_level": 0.99, "chi2_df": 3, "chi2_threshold": 11.344866730144373, "N_raw": 45, "N_roi": 44, "N_inlier": 42, "refit": true}
{"timestamp": "19:45:21.871048", "frame": 49, "mu": [-1.7234270239704699, 3.8736935974934505, 0.6343669455955994], "Sigma": [[0.030346787333067927, 0.0004493405848731203, -0.016948310271310593], [0.0004493405848731203, 0.005273020982247112, -0.0001086982574352259], [-0.016948310271310597, -0.00010869825743522617, 0.012192974107923617]], "chi2_level": 0.99, "chi2_df": 3, "chi2_threshold": 11.344866730144373, "N_raw": 50, "N_roi": 50, "N_inlier": 49, "refit": true}
{"timestamp": "19:45:21.922985", "frame": 50, "mu": [-1.674276830578451, 3.7761999084859363, 0.493222861061236], "Sigma": [[0.015397070820543786, 0.002055891105288584, -0.01025150899647246], [0.002055891105288584, 0.0024578758086292807, -0.002155754754171466], [-0.01025150899647246, -0.002155754754171466, 0.008322073249946426]], "chi2_level": 0.99, "chi2_df": 3, "chi2_threshold": 11.344866730144373, "N_raw": 25, "N_roi": 24, "N_inlier": 24, "refit": true}
{"timestamp": "19:45:21.980967", "frame": 51, "mu": [-1.6578163444115506, 3.7424261166961967, 0.620916947713053], "Sigma": [[0.019855774677697644, 0.0016451257384617504, -0.02002416203280445], [0.0016451257384617502, 0.001989508325316973, -0.004157480096572066], [-0.020024162032804448, -0.004157480096572065, 0.04909106425762976]], "chi2_level": 0.99, "chi2_df": 3, "chi2_threshold": 11.344866730144373, "N_raw": 47, "N_roi": 47, "N_inlier": 46, "refit": true}
{"timestamp": "19:45:22.035799", "frame": 52, "mu": [-1.628048890015664, 3.6703456613558534, 0.625966669059467], "Sigma": [[0.026731786706014504, -0.0007819689677238135, -0.0413329788169705], [-0.0007819689677238133, 0.0009624642992925912, -0.0011497699825565714], [-0.04133297881697049, -0.0011497699825565714, 0.09904883776482702]], "chi2_level": 0.99, "chi2_df": 3, "chi2_threshold": 11.344866730144373, "N_raw": 51, "N_roi": 51, "N_inlier": 51, "refit": true}
{"timestamp": "19:45:22.087631", "frame": 53, "mu": [-1.7109141978968572, 3.697922625111766, 0.8221113700154551], "Sigma": [[0.009098674579084509, 0.0008092522208737594, 0.0012799923438269955], [0.0008092522208737594, 0.0006291875449248502, -0.0026257782727069977], [0.0012799923438269953, -0.0026257782727069977, 0.020654054561857427]], "chi2_level": 0.99, "chi2_df": 3, "chi2_threshold": 11.344866730144373, "N_raw": 25, "N_roi": 25, "N_inlier": 24, "refit": true}
{"timestamp": "19:45:22.140610", "frame": 54, "mu": [-1.4982485551620526, 3.2833635926597995, 0.6750556500658885], "Sigma": [[0.21625349965789242, -0.43352083909604766, 0.1836119260422591], [-0.4335208390960477, 0.9231985216163878, -0.40988447831284186], [0.1836119260422591, -0.40988447831284186, 0.1960976283947035]], "chi2_level": 0.99, "chi2_df": 3, "chi2_threshold": 11.344866730144373, "N_raw": 9, "N_roi": 7, "N_inlier": 7, "refit": true}
{"timestamp": "19:45:22.199796", "frame": 55, "mu": [-1.6857745355380223, 3.5350254647759387, 0.816876256833624], "Sigma": [[0.02694707078954103, 0.0033825990001259713, -0.013085421797910547], [0.0033825990001259713, 0.003154165564119293, -0.004728642461240291], [-0.013085421797910547, -0.004728642461240291, 0.012592173551054074]], "chi2_level": 0.99, "chi2_df": 3, "chi2_threshold": 11.344866730144373, "N_raw": 51, "N_roi": 51, "N_inlier": 50, "refit": true}
{"timestamp": "19:45:22.255267", "frame": 56, "mu": [-1.666789166867234, 3.478814657324234, 0.7865388651809812], "Sigma": [[0.02001087975536519, 0.0028433667713241417, -0.015627071758628958], [0.0028433667713241417, 0.001530539613996708, -0.005254714715922564], [-0.015627071758628958, -0.005254714715922564, 0.025265447937242065]], "chi2_level": 0.99, "chi2_df": 3, "chi2_threshold": 11.344866730144373, "N_raw": 41, "N_roi": 41, "N_inlier": 41, "refit": true}
{"timestamp": "19:45:22.313683", "frame": 57, "mu": [-1.623363806155451, 3.6603330506386658, -0.4802380018078881], "Sigma": [[0.03114568483150111, 0.00781332727690593, 0.009580863212476927], [0.00781332727690593, 0.00862175539141054, -1.0844060865997877e-05], [0.009580863212476927, -1.0844060865997877e-05, 0.06620678424406402]], "chi2_level": 0.99, "chi2_df": 3, "chi2_threshold": 11.344866730144373, "N_raw": 68, "N_roi": 68, "N_inlier": 66, "refit": true}
{"timestamp": "19:45:22.363813", "frame": 58, "mu": [-1.6230799333245725, 3.368795323946069, 0.5224386255205016], "Sigma": [[0.023222752913673525, 0.003724315413606093, 0.0013004984863936378], [0.003724315413606093, 0.0011461861483814297, -5.239666228257247e-05], [0.0013004984863936387, -5.2396662282572606e-05, 0.018146497408292175]], "chi2_level": 0.99, "chi2_df": 3, "chi2_threshold": 11.344866730144373, "N_raw": 37, "N_roi": 37, "N_inlier": 36, "refit": true}
{"timestamp": "19:45:22.419461", "frame": 59, "mu": [-1.6214503574318344, 3.5982516165580525, -0.42317210788940485], "Sigma": [[0.02263082032384131, 0.0036267853450270425, -0.015798598104148576], [0.003626785345027043, 0.0031585516637281322, -0.0065666640106960775], [-0.01579859810414858, -0.0065666640106960775, 0.01881104705530222]], "chi2_level": 0.99, "chi2_df": 3, "chi2_threshold": 11.344866730144373, "N_raw": 40, "N_roi": 38, "N_inlier": 36, "refit": true}
{"timestamp": "19:45:22.473819", "frame": 60, "mu": [-1.5875235232925717, 3.291175998492276, 0.6219392104439396], "Sigma": [[0.01644824300425851, 0.001182681119028484, -0.004779903118743058], [0.001182681119028484, 0.0020187466979473797, -0.001943753525685185], [-0.004779903118743058, -0.001943753525685185, 0.007806716172714963]], "chi2_level": 0.99, "chi2_df": 3, "chi2_threshold": 11.344866730144373, "N_raw": 35, "N_roi": 32, "N_inlier": 32, "refit": true}
{"timestamp": "19:45:22.533879", "frame": 61, "mu": [-1.7547716617304265, 3.205317321969833, 0.7423927832693782], "Sigma": [[0.021524709369063172, 0.003489693793599454, -0.009120357660038464], [0.003489693793599454, 0.0010670432866588856, -0.004820491578908561], [-0.009120357660038464, -0.004820491578908561, 0.07299498613195794]], "chi2_level": 0.99, "chi2_df": 3, "chi2_threshold": 11.344866730144373, "N_raw": 71, "N_roi": 71, "N_inlier": 70, "refit": true}
{"timestamp": "19:45:22.590437", "frame": 62, "mu": [-1.6820816385634236, 3.4229171544453685, -0.5268930105764255], "Sigma": [[0.03226273653905631, 0.005332583354677888, 0.000216707322041842], [0.005332583354677888, 0.004277361388089515, -0.008532937935097112], [0.00021670732204184307, -0.008532937935097112, 0.025925387769439853]], "chi2_level": 0.99, "chi2_df": 3, "chi2_threshold": 11.344866730144373, "N_raw": 67, "N_roi": 67, "N_inlier": 65, "refit": true}
{"timestamp": "19:45:22.640231", "frame": 63, "mu": [-1.7389732828136986, 3.148181389330345, 0.7446661993807188], "Sigma": [[0.020934538992041896, 0.003307686029633456, -0.0038669818221347216], [0.003307686029633456, 0.0010501700981719153, -0.0026796941502888775], [-0.0038669818221347225, -0.002679694150288877, 0.023134407033103987]], "chi2_level": 0.99, "chi2_df": 3, "chi2_threshold": 11.344866730144373, "N_raw": 46, "N_roi": 46, "N_inlier": 45, "refit": true}
{"timestamp": "19:45:22.698287", "frame": 64, "mu": [-1.650513469455918, 3.2953029348822964, -0.5633807074878869], "Sigma": [[0.027182581419950124, 0.005851810199607331, 0.0011522270920021258], [0.005851810199607331, 0.0058568624770447214, -0.008215226719438373], [0.0011522270920021258, -0.008215226719438373, 0.018845786311836067]], "chi2_level": 0.99, "chi2_df": 3, "chi2_threshold": 11.344866730144373, "N_raw": 68, "N_roi": 68, "N_inlier": 67, "refit": true}
{"timestamp": "19:45:22.750090", "frame": 65, "mu": [-1.6769942134518823, 2.9871725031161516, 0.7855367007909068], "Sigma": [[0.014703466775194527, 0.0008986799268509513, -0.006327802844724182], [0.0008986799268509511, 0.002503475131952035, -0.004005512563689257], [-0.006327802844724181, -0.004005512563689257, 0.011353528517035054]], "chi2_level": 0.99, "chi2_df": 3, "chi2_threshold": 11.344866730144373, "N_raw": 44, "N_roi": 44, "N_inlier": 43, "refit": true}
{"timestamp": "19:45:22.805731", "frame": 66, "mu": [-1.681785943228903, 3.1462307805182297, -0.3817340617314853], "Sigma": [[0.010553175249010725, 0.004169813842940463, -0.010477414123361051], [0.004169813842940462, 0.008674080743751455, -0.015085149665270558], [-0.010477414123361051, -0.015085149665270558, 0.02967445496145056]], "chi2_level": 0.99, "chi2_df": 3, "chi2_threshold": 11.344866730144373, "N_raw": 50, "N_roi": 50, "N_inlier": 49, "refit": true}
{"timestamp": "19:45:22.855286", "frame": 67, "mu": [-1.6639741987654517, 2.9012755423093957, 0.8671382719059347], "Sigma": [[0.007614309653365923, -0.0004535614581267903, 0.006401293545775922], [-0.0004535614581267903, 0.0008869648474639254, -0.002686558083082085], [0.006401293545775922, -0.002686558083082085, 0.025111611319039946]], "chi2_level": 0.99, "chi2_df": 3, "chi2_threshold": 11.344866730144373, "N_raw": 9, "N_roi": 9, "N_inlier": 9, "refit": true}
{"timestamp": "19:45:22.910163", "frame": 68, "mu": [-1.5892784276490641, 2.8374524248770587, 0.60732614867837], "Sigma": [[0.009507254393427438, -0.0016389322445873467, -0.006507918012986013], [-0.0016389322445873467, 0.0009134017712071678, -0.0005056890309649576], [-0.006507918012986013, -0.0005056890309649575, 0.013745315778319108]], "chi2_level": 0.99, "chi2_df": 3, "chi2_threshold": 11.344866730144373, "N_raw": 16, "N_roi": 15, "N_inlier": 15, "refit": true}
{"timestamp": "19:45:22.970419", "frame": 69, "mu": [-1.5548299372747538, 2.8129647332718397, 0.7250540613032112], "Sigma": [[0.023026745776335136, 0.004922117962611961, -0.00932096489852045], [0.004922117962611961, 0.001862246600584752, -0.004358519590546991], [-0.00932096489852045, -0.004358519590546991, 0.02570302311358101]], "chi2_level": 0.99, "chi2_df": 3, "chi2_threshold": 11.344866730144373, "N_raw": 47, "N_roi": 47, "N_inlier": 46, "refit": true}
{"timestamp": "19:45:23.029663", "frame": 70, "mu": [-1.7787747820991178, 2.719326190754294, 0.9100959118340927], "Sigma": [[0.024608534743181365, 0.005645579709857738, -0.006651885674976871], [0.005645579709857738, 0.003200428508012057, -0.009721652293505816], [-0.006651885674976871, -0.009721652293505816, 0.04653585102630961]], "chi2_level": 0.99, "chi2_df": 3, "chi2_threshold": 11.344866730144373, "N_raw": 74, "N_roi": 74, "N_inlier": 74, "refit": true}
{"timestamp": "19:45:23.083352", "frame": 71, "mu": [-1.71524228683897, 2.684207573572956, 1.0540383246146994], "Sigma": [[0.017624217808461892, 0.007871880491251185, -0.02675792653520863], [0.007871880491251185, 0.006546210501437898, -0.01886656623480936], [-0.02675792653520863, -0.018866566234809364, 0.06507256261445057]], "chi2_level": 0.99, "chi2_df": 3, "chi2_threshold": 11.344866730144373, "N_raw": 59, "N_roi": 50, "N_inlier": 48, "refit": true}
{"timestamp": "19:45:23.137577", "frame": 72, "mu": [-1.742299025925354, 2.6606022109574745, 0.9365680873315663], "Sigma": [[0.04383962065263711, 0.007147668297376719, -0.011483935534902618], [0.007147668297376719, 0.003334055050688696, -0.008010710438494552], [-0.011483935534902618, -0.008010710438494552, 0.040349149197607063]], "chi2_level": 0.99, "chi2_df": 3, "chi2_threshold": 11.344866730144373, "N_raw": 64, "N_roi": 64, "N_inlier": 64, "refit": true}
{"timestamp": "19:45:23.188672", "frame": 73, "mu": [-1.8158165716172117, 2.510964361624314, 1.2228655630520477], "Sigma": [[0.01606799235388822, 0.009719670112157935, -0.030519986649923718], [0.009719670112157935, 0.006855800935349112, -0.021292149546768828], [-0.030519986649923718, -0.021292149546768835, 0.09053825549912797]], "chi2_level": 0.99, "chi2_df": 3, "chi2_threshold": 11.344866730144373, "N_raw": 31, "N_roi": 20, "N_inlier": 19, "refit": true}
{"timestamp": "19:45:23.242061", "frame": 74, "mu": [-1.7906923469194893, 2.501882560818088, 0.8671493715147806], "Sigma": [[0.03111230439971501, 0.0014142790961625524, -0.013073228268377767], [0.0014142790961625524, 0.0019006826902749003, -0.00818232570677713], [-0.013073228268377767, -0.00818232570677713, 0.050864972677130436]], "chi2_level": 0.99, "chi2_df": 3, "chi2_threshold": 11.344866730144373, "N_raw": 27, "N_roi": 15, "N_inlier": 15, "refit": true}
{"timestamp": "19:45:23.303127", "frame": 75, "mu": [-1.7678268928688659, 2.541969109576173, -0.7672406895339958], "Sigma": [[0.01898658225630697, 0.018015015582890134, 0.02528893795587098], [0.018015015582890134, 0.02571595897334923, 0.025320279258571936], [0.025288937955870977, 0.025320279258571936, 0.07946380549693897]], "chi2_level": 0.99, "chi2_df": 3, "chi2_threshold": 11.344866730144373, "N_raw": 68, "N_roi": 68, "N_inlier": 67, "refit": true}
{"timestamp": "19:45:23.357973", "frame": 76, "mu": [-1.786365294815675, 2.3674385341041146, 0.9530636555457864], "Sigma": [[0.018309039691711795, 0.004045342476988486, -0.007243481436823568], [0.004045342476988486, 0.0021051601309339685, -0.006403328026638647], [-0.007243481436823568, -0.006403328026638647, 0.04093657893067906]], "chi2_level": 0.99, "chi2_df": 3, "chi2_threshold": 11.344866730144373, "N_raw": 64, "N_roi": 64, "N_inlier": 64, "refit": true}
{"timestamp": "19:45:23.410776", "frame": 77, "mu": [-1.8041282414120146, 2.3074256499595784, 1.0822743351520343], "Sigma": [[0.011806048646354133, 0.003853286415191279, -0.0042119444168757965], [0.003853286415191279, 0.003105113064133953, -0.006121801980131214], [-0.0042119444168757965, -0.006121801980131214, 0.01705317393468337]], "chi2_level": 0.99, "chi2_df": 3, "chi2_threshold": 11.344866730144373, "N_raw": 46, "N_roi": 46, "N_inlier": 46, "refit": true}
{"timestamp": "19:45:23.465703", "frame": 78, "mu": [-1.7446328872019785, 2.485722398835474, -0.40259298190549386], "Sigma": [[0.012788777953669455, 0.005039109055551928, -0.006093303695617884], [0.005039109055551928, 0.005043959658207497, -0.01119415290582142], [-0.006093303695617883, -0.01119415290582142, 0.032457016715917816]], "chi2_level": 0.99, "chi2_df": 3, "chi2_threshold": 11.344866730144373, "N_raw": 49, "N_roi": 49, "N_inlier": 48, "refit": true}
{"timestamp": "19:45:23.519765", "frame": 79, "mu": [-1.955453555150008, 2.1320554697017022, 1.2412254459306529], "Sigma": [[0.07144028468007355, 0.04710973998829499, -0.05170978274350893], [0.04710973998829499, 0.036106542459524694, -0.03708154570211022], [-0.05170978274350894, -0.03708154570211022, 0.04272904040618079]], "chi2_level": 0.99, "chi2_df": 3, "chi2_threshold": 11.344866730144373, "N_raw": 42, "N_roi": 39, "N_inlier": 38, "refit": true}
{"timestamp": "19:45:23.576065", "frame": 80, "mu": [-1.9602559040368752, 1.9932987940353653, 1.2393111039659157], "Sigma": [[0.11283558734852842, 0.07336109230196053, -0.12178176587801835], [0.07336109230196053, 0.051354553919439244, -0.07873548421690707], [-0.12178176587801835, -0.07873548421690707, 0.15888155058531997]], "chi2_level": 0.99, "chi2_df": 3, "chi2_threshold": 11.344866730144373, "N_raw": 54, "N_roi": 50, "N_inlier": 48, "refit": true}
{"timestamp": "19:45:23.634779", "frame": 81, "mu": [-1.7843502660759198, 2.0640669526753554, 1.063506318885514], "Sigma": [[0.04902018110069157, 0.021922098158977568, -0.0391082952600867], [0.021922098158977568, 0.016246620751382324, -0.02510890804188505], [-0.0391082952600867, -0.025108908041885054, 0.07664828749341573]], "chi2_level": 0.99, "chi2_df": 3, "chi2_threshold": 11.344866730144373, "N_raw": 74, "N_roi": 74, "N_inlier": 72, "refit": true}
{"timestamp": "19:45:23.690021", "frame": 82, "mu": [-1.8406515944524102, 1.9956922446583842, 0.9713371707842097], "Sigma": [[0.030919482384335985, 0.01814375772905994, 0.0012140451025720173], [0.01814375772905994, 0.01716397581352537, 0.006079011727287724], [0.0012140451025720177, 0.006079011727287723, 0.06357511742056807]], "chi2_level": 0.99, "chi2_df": 3, "chi2_threshold": 11.344866730144373, "N_raw": 75, "N_roi": 75, "N_inlier": 73, "refit": true}
{"timestamp": "19:45:23.742928", "frame": 83, "mu": [-2.116371774558081, 1.9226836309300508, -0.13717393319144702], "Sigma": [[0.041081247211688335, 0.04225651583852151, -0.030235319332894132], [0.04225651583852151, 0.05624468986301215, -0.039037708258663525], [-0.03023531933289413, -0.039037708258663525, 0.028609616033241775]], "chi2_level": 0.99, "chi2_df": 3, "chi2_threshold": 11.344866730144373, "N_raw": 69, "N_roi": 69, "N_inlier": 67, "refit": true}
{"timestamp": "19:45:23.801161", "frame": 84, "mu": [-1.8560798691743794, 1.8318776197011795, 1.1047192292768757], "Sigma": [[0.05138851318728503, 0.026348451310995613, -0.05378003272884281], [0.026348451310995617, 0.02078195478589521, -0.03812674752997232], [-0.05378003272884281, -0.03812674752997232, 0.08601764808233811]], "chi2_level": 0.99, "chi2_df": 3, "chi2_threshold": 11.344866730144373, "N_raw": 87, "N_roi": 87, "N_inlier": 87, "refit": true}
{"timestamp": "19:45:23.858064", "frame": 85, "mu": [-1.9038918189831189, 1.8947186821578927, 0.008523200267489909], "Sigma": [[0.0355133875358899, 0.013803189162087686, 0.08998924373524606], [0.013803189162087687, 0.018766130566509748, 0.0016681663779172938], [0.08998924373524603, 0.0016681663779172934, 0.4122753550988186]], "chi2_level": 0.99, "chi2_df": 3, "chi2_threshold": 11.344866730144373, "N_raw": 100, "N_roi": 100, "N_inlier": 99, "refit": true}
{"timestamp": "19:45:23.912272", "frame": 86, "mu": [-1.8890476181425762, 1.7893821730729518, -0.20161327420412395], "Sigma": [[0.034297744850073864, 0.027091657643030877, 0.08312866027836495], [0.027091657643030877, 0.031914329616284196, 0.043939682488195096], [0.08312866027836495, 0.043939682488195096, 0.5194513998807235]], "chi2_level": 0.99, "chi2_df": 3, "chi2_threshold": 11.344866730144373, "N_raw": 93, "N_roi": 93, "N_inlier": 92, "refit": true}
{"timestamp": "19:45:23.968063", "frame": 87, "mu": [-1.9234994567891972, 1.6844368033657378, 1.2258433031507159], "Sigma": [[0.03245511062767108, 0.0191665349668046, -0.031271013312049525], [0.0191665349668046, 0.01667774941335871, -0.0254307147798508], [-0.031271013312049525, -0.025430714779850795, 0.04368064772747672]], "chi2_level": 0.99, "chi2_df": 3, "chi2_threshold": 11.344866730144373, "N_raw": 97, "N_roi": 97, "N_inlier": 95, "refit": true}
{"timestamp": "19:45:24.012258", "frame": 88, "mu": [-1.9463843976162467, 1.6103315358871468, 1.3875558998960706], "Sigma": [[0.01561710895364047, 0.01123996286647384, -0.02095616943975083], [0.01123996286647384, 0.011610405149242423, -0.019564895290501674], [-0.02095616943975083, -0.019564895290501674, 0.06321796949842559]], "chi2_level": 0.99, "chi2_df": 3, "chi2_threshold": 11.344866730144373, "N_raw": 22, "N_roi": 22, "N_inlier": 22, "refit": true}
{"timestamp": "19:45:24.073606", "frame": 89, "mu": [-2.0000309169372965, 1.5224904750875496, 1.1731157203168865], "Sigma": [[0.020334215328594377, 0.01415158925205712, -0.018122323723889305], [0.01415158925205712, 0.013939016952628771, -0.020224187583455656], [-0.018122323723889305, -0.020224187583455656, 0.04516801060699256]], "chi2_level": 0.99, "chi2_df": 3, "chi2_threshold": 11.344866730144373, "N_raw": 71, "N_roi": 71, "N_inlier": 70, "refit": true}
{"timestamp": "19:45:24.126897", "frame": 90, "mu": [-1.9904184013996256, 1.6167231716565469, -0.48431808296750956], "Sigma": [[0.008106443914700431, 0.004758468860294443, -0.0008606398242561048], [0.004758468860294443, 0.012201590082871848, -0.015434830496897322], [-0.0008606398242561051, -0.01543483049689732, 0.028076371683321236]], "chi2_level": 0.99, "chi2_df": 3, "chi2_threshold": 11.344866730144373, "N_raw": 53, "N_roi": 53, "N_inlier": 52, "refit": true}
{"timestamp": "19:45:24.183860", "frame": 91, "mu": [-1.9656075645163782, 1.4175724959095344, 1.2179576674600259], "Sigma": [[0.01219656023873659, 0.011369472609837367, -0.015027695135809146], [0.011369472609837367, 0.019802220257680282, -0.02797015599932589], [-0.015027695135809146, -0.02797015599932589, 0.053868991001310707]], "chi2_level": 0.99, "chi2_df": 3, "chi2_threshold": 11.344866730144373, "N_raw": 70, "N_roi": 70, "N_inlier": 69, "refit": true}
{"timestamp": "19:45:24.236672", "frame": 92, "mu": [-1.9528370271318944, 1.2913250293723306, 1.0660864518424877], "Sigma": [[0.013756397863498566, 0.01495072666896884, -0.0015949219304699689], [0.01495072666896884, 0.017755169265184292, -0.0012488371274345916], [-0.0015949219304699695, -0.0012488371274345913, 0.03705582967579202]], "chi2_level": 0.99, "chi2_df": 3, "chi2_threshold": 11.344866730144373, "N_raw": 54, "N_roi": 54, "N_inlier": 53, "refit": true}
{"timestamp": "19:45:24.292996", "frame": 93, "mu": [-1.9863469023306424, 1.2102465949135173, 1.1341346874374494], "Sigma": [[0.008030934928998772, 0.005753051691642653, -0.0002693609973165416], [0.005753051691642653, 0.01047206126680433, -0.003876939591939845], [-0.0002693609973165416, -0.0038769395919398446, 0.05666824674641141]], "chi2_level": 0.99, "chi2_df": 3, "chi2_threshold": 11.344866730144373, "N_raw": 65, "N_roi": 65, "N_inlier": 65, "refit": true}
{"timestamp": "19:45:24.355913", "frame": 94, "mu": [-1.92997463826166, 1.286233719180409, 1.0387978502169817], "Sigma": [[0.027997619283267182, 0.019704727188175224, 0.0052410028670926735], [0.01970472718817523, 0.016650643231153586, -0.004142788859759334], [0.0052410028670926735, -0.0041427888597593355, 0.047694265173887584]], "chi2_level": 0.99, "chi2_df": 3, "chi2_threshold": 11.344866730144373, "N_raw": 122, "N_roi": 122, "N_inlier": 120, "refit": true}
{"timestamp": "19:45:24.407335", "frame": 95, "mu": [-1.9186692757668695, 1.2426463808958164, 1.145845327913475], "Sigma": [[0.022912401538019406, 0.017761209628492654, 0.008801234641780214], [0.017761209628492654, 0.022925771000720886, -0.00593514915856752], [0.008801234641780212, -0.00593514915856752, 0.053981092835341034]], "chi2_level": 0.99, "chi2_df": 3, "chi2_threshold": 11.344866730144373, "N_raw": 90, "N_roi": 90, "N_inlier": 90, "refit": true}
{"timestamp": "19:45:24.461166", "frame": 96, "mu": [-1.9329834496176352, 1.270093040030627, -0.6257263488015495], "Sigma": [[0.014330897119546906, 0.00871093606009903, 0.009999023101170037], [0.00871093606009903, 0.014761057597673719, -0.006422025516622481], [0.009999023101170035, -0.006422025516622481, 0.02685611512703495]], "chi2_level": 0.99, "chi2_df": 3, "chi2_threshold": 11.344866730144373, "N_raw": 87, "N_roi": 87, "N_inlier": 86, "refit": true}
{"timestamp": "19:45:24.518343", "frame": 97, "mu": [-1.8108962856917274, 1.1173916320437562, 1.0386569062696986], "Sigma": [[0.014284644716322764, 0.016381620054737138, -0.004120981214856382], [0.016381620054737138, 0.02159424252989097, -0.009304177944688614], [-0.004120981214856382, -0.009304177944688612, 0.038619389286306746]], "chi2_level": 0.99, "chi2_df": 3, "chi2_threshold": 11.344866730144373, "N_raw": 94, "N_roi": 94, "N_inlier": 91, "refit": true}
{"timestamp": "19:45:24.574435", "frame": 98, "mu": [-1.787257048107005, 1.2146522298661087, -0.07966106646909533], "Sigma": [[0.019342095169242263, 0.003284530447461998, 0.07544749689863103], [0.003284530447461998, 0.00690795810721409, -0.00602391878570461], [0.07544749689863103, -0.006023918785704612, 0.519634548339818]], "chi2_level": 0.99, "chi2_df": 3, "chi2_threshold": 11.344866730144373, "N_raw": 104, "N_roi": 104, "N_inlier": 103, "refit": true}
{"timestamp": "19:45:24.624275", "frame": 99, "mu": [-1.7730765879944668, 1.0271577342008595, 1.1442745387085451], "Sigma": [[0.011230118980409083, 0.008587678082952823, -0.004666890923506429], [0.008587678082952823, 0.012593556578434929, -0.011128143671513605], [-0.004666890923506429, -0.011128143671513607, 0.013856936492632968]], "chi2_level": 0.99, "chi2_df": 3, "chi2_threshold": 11.344866730144373, "N_raw": 72, "N_roi": 72, "N_inlier": 71, "refit": true}
{"timestamp": "19:45:24.779255", "frame": 100, "mu": [-1.7790462179447317, 0.9274091326461881, 1.0901942942429144], "Sigma": [[0.00792497195273051, 0.008339515401611245, 0.007831916640179926], [0.008339515401611245, 0.013787258519651967, 0.011539499896963689], [0.007831916640179926, 0.011539499896963689, 0.052540271773099265]], "chi2_level": 0.99, "chi2_df": 3, "chi2_threshold": 11.344866730144373, "N_raw": 70, "N_roi": 70, "N_inlier": 70, "refit": true}
{"timestamp": "19:45:24.801092", "frame": 101, "mu": [-1.7910218220376628, 0.8935988622492052, 1.0643734127605964], "Sigma": [[0.01491567662292853, 0.013479283072089523, 0.004010862575624821], [0.013479283072089523, 0.015207838812432, -0.0014235091340563302], [0.004010862575624821, -0.0014235091340563297, 0.020297607433605674]], "chi2_level": 0.99, "chi2_df": 3, "chi2_threshold": 11.344866730144373, "N_raw": 86, "N_roi": 86, "N_inlier": 83, "refit": true}
{"timestamp": "19:45:24.832231", "frame": 102, "mu": [-1.7272576101746602, 0.8882878590293523, 1.129020028449369], "Sigma": [[0.01298849553265564, 0.012913985071183888, 0.0035819416562130457], [0.012913985071183886, 0.02254075131798873, -0.0023086138358634476], [0.0035819416562130457, -0.0023086138358634476, 0.03385668586591363]], "chi2_level": 0.99, "chi2_df": 3, "chi2_threshold": 11.344866730144373, "N_raw": 102, "N_roi": 102, "N_inlier": 101, "refit": true}
{"timestamp": "19:45:24.863539", "frame": 103, "mu": [-1.72963184908732, 0.8347074551519377, 1.1656323206838868], "Sigma": [[0.009618762617955474, 0.012045595703036963, 0.011968896436508265], [0.012045595703036961, 0.03207104704521551, 0.022614034805292636], [0.011968896436508265, 0.022614034805292636, 0.0617798508390931]], "chi2_level": 0.99, "chi2_df": 3, "chi2_threshold": 11.344866730144373, "N_raw": 96, "N_roi": 96, "N_inlier": 91, "refit": true}
{"timestamp": "19:45:24.907851", "frame": 104, "mu": [-1.6717832476815646, 1.0242085182015601, -0.34028215762999775], "Sigma": [[0.009113331808002044, 0.00462620626859389, 0.024690459149646824], [0.00462620626859389, 0.010092904328816646, 0.0021770893429740815], [0.02469045914964682, 0.0021770893429740815, 0.2750254047299106]], "chi2_level": 0.99, "chi2_df": 3, "chi2_threshold": 11.344866730144373, "N_raw": 81, "N_roi": 81, "N_inlier": 79, "refit": true}
{"timestamp": "19:45:24.961343", "frame": 105, "mu": [-1.6940178361090685, 0.7583241043823724, 1.11736296575041], "Sigma": [[0.019575244593117803, 0.021480509065540197, 0.015242352988777559], [0.021480509065540197, 0.029740403785220006, 0.014479750689720234], [0.015242352988777559, 0.014479750689720235, 0.03961843571151791]], "chi2_level": 0.99, "chi2_df": 3, "chi2_threshold": 11.344866730144373, "N_raw": 118, "N_roi": 118, "N_inlier": 109, "refit": true}
{"timestamp": "19:45:25.016846", "frame": 106, "mu": [-1.6486916041340247, 0.7450036159843711, 1.1809888698798388], "Sigma": [[0.018457302034666515, 0.01629710844877082, 0.00709756845412245], [0.01629710844877082, 0.020955693506686315, 0.0014565543036553566], [0.00709756845412245, 0.0014565543036553566, 0.029137540354366942]], "chi2_level": 0.99, "chi2_df": 3, "chi2_threshold": 11.344866730144373, "N_raw": 121, "N_roi": 121, "N_inlier": 117, "refit": true}
{"timestamp": "19:45:25.070443", "frame": 107, "mu": [-1.6036464315460444, 0.7708952902460943, 1.161206972328483], "Sigma": [[0.015020153619325642, 0.011215228857108269, 0.004108053608229142], [0.011215228857108267, 0.024433620736350553, 0.009883028493586951], [0.004108053608229142, 0.009883028493586953, 0.039826233685411876]], "chi2_level": 0.99, "chi2_df": 3, "chi2_threshold": 11.344866730144373, "N_raw": 112, "N_roi": 112, "N_inlier": 105, "refit": true}
{"timestamp": "19:45:25.121451", "frame": 108, "mu": [-1.5884525997054706, 0.7139284038777595, 1.1705006953714694], "Sigma": [[0.011566086409626213, 0.006114575060930696, -0.001351973535382812], [0.006114575060930695, 0.015523707411016104, -0.008379240271960395], [-0.001351973535382812, -0.008379240271960395, 0.00795141587936044]], "chi2_level": 0.99, "chi2_df": 3, "chi2_threshold": 11.344866730144373, "N_raw": 87, "N_roi": 87, "N_inlier": 82, "refit": true}
{"timestamp": "19:45:25.178069", "frame": 109, "mu": [-1.4822995983540168, 0.7639252220649627, 1.1979132355749527], "Sigma": [[0.009638911397280854, 0.006097778944324115, -0.00020188339249315032], [0.006097778944324117, 0.011389919966995758, -0.010113901666562123], [-0.00020188339249314988, -0.010113901666562123, 0.02315530912429311]], "chi2_level": 0.99, "chi2_df": 3, "chi2_threshold": 11.344866730144373, "N_raw": 101, "N_roi": 101, "N_inlier": 98, "refit": true}
{"timestamp": "19:45:25.233293", "frame": 110, "mu": [-1.4735169120428848, 0.78253730611625, -0.6963709125052729], "Sigma": [[0.010235418070329917, 0.010834209498508843, 0.004769691648027495], [0.010834209498508843, 0.04015534854404801, 0.001819063468847926], [0.004769691648027496, 0.0018190634688479263, 0.010805059459873452]], "chi2_level": 0.99, "chi2_df": 3, "chi2_threshold": 11.344866730144373, "N_raw": 96, "N_roi": 96, "N_inlier": 96, "refit": true}
