{"timestamp": "19:23:47.813743", "frame": 19, "mu": [2.387977503290167, 4.343554417539863, 1.0213159791251778], "Sigma": [[0.005957526907310146, -0.004121915056615832, -0.0058946639085617645], [-0.004121915056615832, 0.004929976792439602, 0.0019332021726083182], [-0.005894663908561764, 0.001933202172608318, 0.011119789691031097]], "chi2_level": 0.997, "chi2_df": 3, "chi2_threshold": 13.931422665512084, "N_raw": 17, "N_roi": 10, "N_inlier": 10, "refit": true}
{"timestamp": "19:23:47.869899", "frame": 20, "mu": [2.308054342918135, 4.375284488475007, 1.0042232620113847], "Sigma": [[0.015721740522135416, -0.008330114110188124, -0.004868425109733083], [-0.008330114110188124, 0.007615637266169412, 0.0012967658058885294], [-0.004868425109733082, 0.0012967658058885294, 0.0047072022230502785]], "chi2_level": 0.997, "chi2_df": 3, "chi2_threshold": 13.931422665512084, "N_raw": 30, "N_roi": 26, "N_inlier": 26, "refit": true}
{"timestamp": "19:23:47.984627", "frame": 22, "mu": [2.295438276412145, 4.28460279292205, 1.0101727611990616], "Sigma": [[0.012552518622087795, -0.00601543410999154, -0.0040690397233069855], [-0.00601543410999154, 0.013561200632752199, 0.011482271179433828], [-0.0040690397233069855, 0.01148227117943383, 0.01111850993337109]], "chi2_level": 0.997, "chi2_df": 3, "chi2_threshold": 13.931422665512084, "N_raw": 41, "N_roi": 34, "N_inlier": 34, "refit": true}
{"timestamp": "19:23:48.038088", "frame": 23, "mu": [2.2427368427577195, 4.203716223988583, 0.8828610227803408], "Sigma": [[0.021066219622170784, -0.014812538916215024, -0.014691026136318373], [-0.014812538916215024, 0.01410559167533809, 0.013579461581320541], [-0.014691026136318374, 0.013579461581320541, 0.015180898914569124]], "chi2_level": 0.997, "chi2_df": 3, "chi2_threshold": 13.931422665512084, "N_raw": 28, "N_roi": 24, "N_inlier": 23, "refit": true}
{"timestamp": "19:23:48.090203", "frame": 24, "mu": [2.1943436557925886, 4.20695062865622, 0.9177644825326498], "Sigma": [[0.00856160008551104, -0.0051828577335084475, -0.004783409875857248], [-0.0051828577335084475, 0.005061414899649791, 0.004621502099393364], [-0.004783409875857248, 0.004621502099393365, 0.004752113644427339]], "chi2_level": 0.997, "chi2_df": 3, "chi2_threshold": 13.931422665512084, "N_raw": 12, "N_roi": 9, "N_inlier": 9, "refit": true}
{"timestamp": "19:23:48.534402", "frame": 32, "mu": [1.7646970938305382, 4.372931738243941, 1.0822702639168538], "Sigma": [[0.017997695037686966, -0.008181202977347259, -0.008561096030068167], [-0.008181202977347259, 0.008082716023410387, 0.005460136742905852], [-0.008561096030068167, 0.005460136742905852, 0.006714103765679706]], "chi2_level": 0.997, "chi2_df": 3, "chi2_threshold": 13.931422665512084, "N_raw": 34, "N_roi": 33, "N_inlier": 33, "refit": true}
{"timestamp": "19:23:48.640521", "frame": 34, "mu": [1.7914015125961456, 4.224473841658026, 0.7914358739168487], "Sigma": [[0.009871921939449657, -0.005409022999728773, -0.0061776483648368925], [-0.005409022999728773, 0.0061390747682071554, 0.003555222298215395], [-0.0061776483648368925, 0.003555222298215395, 0.005181680263781028]], "chi2_level": 0.997, "chi2_df": 3, "chi2_threshold": 13.931422665512084, "N_raw": 15, "N_roi": 13, "N_inlier": 13, "refit": true}
{"timestamp": "19:23:48.700072", "frame": 35, "mu": [1.6857562968370359, 4.267001335779228, 0.8567773787660756], "Sigma": [[0.023078112865307004, -0.009323581724838308, -0.008235207419086565], [-0.009323581724838308, 0.008968503463710439, 0.006407521624153079], [-0.008235207419086565, 0.006407521624153079, 0.005958827455791736]], "chi2_level": 0.997, "chi2_df": 3, "chi2_threshold": 13.931422665512084, "N_raw": 34, "N_roi": 33, "N_inlier": 33, "refit": true}
{"timestamp": "19:23:48.751352", "frame": 36, "mu": [1.5802055868983098, 4.304166274053923, 0.7676837534750923], "Sigma": [[0.012766337626016568, -0.003527872345035465, -0.0022481558497278588], [-0.003527872345035464, 0.004460001803337475, 0.0010247752743768768], [-0.0022481558497278583, 0.0010247752743768768, 0.001650211329498517]], "chi2_level": 0.997, "chi2_df": 3, "chi2_threshold": 13.931422665512084, "N_raw": 16, "N_roi": 15, "N_inlier": 15, "refit": true}
{"timestamp": "19:23:48.810503", "frame": 37, "mu": [1.5268127801056968, 4.315428271705997, 0.7802404365938399], "Sigma": [[0.030766303081597744, -0.0134404518229294, -0.012067204411496816], [-0.0134404518229294, 0.008358270482250884, 0.003270218468353888], [-0.012067204411496816, 0.003270218468353888, 0.008835249422181491]], "chi2_level": 0.997, "chi2_df": 3, "chi2_threshold": 13.931422665512084, "N_raw": 44, "N_roi": 39, "N_inlier": 39, "refit": true}
{"timestamp": "19:23:48.863678", "frame": 38, "mu": [1.4284077354051907, 4.3451881715369804, 0.7607987184844541], "Sigma": [[0.02768968269769654, -0.01230645852652423, -0.016514905210738832], [-0.012306458526524228, 0.008057726344554345, 0.005549139886897278], [-0.016514905210738832, 0.005549139886897278, 0.013757344332792382]], "chi2_level": 0.997, "chi2_df": 3, "chi2_threshold": 13.931422665512084, "N_raw": 38, "N_roi": 37, "N_inlier": 37, "refit": true}
{"timestamp": "19:23:48.920886", "frame": 39, "mu": [1.4138525851956694, 4.311668733058505, 0.7091200266329565], "Sigma": [[0.024286735477289826, -0.010696172208912391, -0.007072479406892415], [-0.010696172208912391, 0.0076107386365925405, 0.0004902350392006652], [-0.007072479406892415, 0.0004902350392006651, 0.0063269586434263015]], "chi2_level": 0.997, "chi2_df": 3, "chi2_threshold": 13.931422665512084, "N_raw": 41, "N_roi": 39, "N_inlier": 39, "refit": true}
{"timestamp": "19:23:48.970870", "frame": 40, "mu": [1.3358851889377128, 4.331822799720776, 0.823925044826619], "Sigma": [[0.005379847153417993, -0.002838010370341076, -0.0036500210072534767], [-0.002838010370341076, 0.003610999506183113, -0.0015658700030081445], [-0.0036500210072534767, -0.001565870003008144, 0.011682831263368965]], "chi2_level": 0.997, "chi2_df": 3, "chi2_threshold": 13.931422665512084, "N_raw": 12, "N_roi": 9, "N_inlier": 9, "refit": true}
{"timestamp": "19:23:49.027442", "frame": 41, "mu": [1.2326499731785088, 4.302840632937896, 0.6900435009965898], "Sigma": [[0.023367931657884894, -0.009004073152573094, -0.010129948047228467], [-0.009004073152573094, 0.004874484011057616, 0.0018798482864820574], [-0.010129948047228467, 0.0018798482864820576, 0.01099243179708779]], "chi2_level": 0.997, "chi2_df": 3, "chi2_threshold": 13.931422665512084, "N_raw": 34, "N_roi": 34, "N_inlier": 34, "refit": true}
{"timestamp": "19:23:49.083460", "frame": 42, "mu": [1.092434804415202, 4.4613573110968465, -0.5616677729367499], "Sigma": [[0.013111902993210226, 0.003988247681008613, 0.045799455504770104], [0.003988247681008612, 0.007343741503027559, 0.024997816898760444], [0.045799455504770104, 0.024997816898760447, 0.24351024641763738]], "chi2_level": 0.997, "chi2_df": 3, "chi2_threshold": 13.931422665512084, "N_raw": 32, "N_roi": 32, "N_inlier": 32, "refit": true}
{"timestamp": "19:23:49.135740", "frame": 43, "mu": [1.1847877382120349, 4.244171400008085, 0.7378245748601574], "Sigma": [[0.010537802151711264, -0.004723547959634954, -0.005635290111445508], [-0.004723547959634954, 0.003896421035366053, 0.0022123511633498766], [-0.005635290111445508, 0.0022123511633498766, 0.004782971921465476]], "chi2_level": 0.997, "chi2_df": 3, "chi2_threshold": 13.931422665512084, "N_raw": 19, "N_roi": 19, "N_inlier": 19, "refit": true}
{"timestamp": "19:23:49.194238", "frame": 44, "mu": [0.9756663723045804, 4.505013882250921, 0.1797602318823441], "Sigma": [[0.022451138044630663, -0.003392410330648528, -0.017442470949078394], [-0.0033924103306485274, 0.0038477034934555118, 0.004191645689521957], [-0.017442470949078394, 0.004191645689521957, 0.016289586558984315]], "chi2_level": 0.997, "chi2_df": 3, "chi2_threshold": 13.931422665512084, "N_raw": 37, "N_roi": 37, "N_inlier": 37, "refit": true}
{"timestamp": "19:23:49.248531", "frame": 45, "mu": [0.9790617209622476, 4.434293700429647, -0.03599234928241733], "Sigma": [[0.02044845234779078, -0.004889208294046947, -0.013012407809813026], [-0.004889208294046947, 0.004032706932158363, 0.0033495850590278013], [-0.013012407809813026, 0.0033495850590278017, 0.010761676592516851]], "chi2_level": 0.997, "chi2_df": 3, "chi2_threshold": 13.931422665512084, "N_raw": 39, "N_roi": 35, "N_inlier": 34, "refit": true}
{"timestamp": "19:23:49.305272", "frame": 46, "mu": [0.7662320259426296, 4.415687809549456, 1.0980043191417252], "Sigma": [[0.016821389175648162, -0.008555570809149163, -0.01693397285257639], [-0.008555570809149163, 0.015289275420486553, 0.026181914111320176], [-0.01693397285257639, 0.026181914111320176, 0.04961108339834298]], "chi2_level": 0.997, "chi2_df": 3, "chi2_threshold": 13.931422665512084, "N_raw": 42, "N_roi": 39, "N_inlier": 39, "refit": true}
{"timestamp": "19:23:49.356798", "frame": 47, "mu": [0.7647555583347019, 4.3436943523199485, 1.002756922814725], "Sigma": [[0.01874031688711552, -0.0029567632793294973, -0.004437427846721971], [-0.0029567632793294973, 0.0031472732439495207, 0.0008924362972783698], [-0.004437427846721971, 0.0008924362972783697, 0.0040542093205728396]], "chi2_level": 0.997, "chi2_df": 3, "chi2_threshold": 13.931422665512084, "N_raw": 26, "N_roi": 26, "N_inlier": 25, "refit": true}
{"timestamp": "19:23:49.410281", "frame": 48, "mu": [0.5859559902483504, 4.412275928106756, 1.1284211349923214], "Sigma": [[0.007771245980765889, 0.00048722882325593703, 0.002251261556541795], [0.0004872288232559369, 0.005903362106386028, 0.009144751209183594], [0.0022512615565417953, 0.009144751209183594, 0.015567519098208398]], "chi2_level": 0.997, "chi2_df": 3, "chi2_threshold": 13.931422665512084, "N_raw": 18, "N_roi": 15, "N_inlier": 15, "refit": true}
{"timestamp": "19:23:49.469232", "frame": 49, "mu": [0.5886670700886985, 4.422060896158866, 1.102787791780772], "Sigma": [[0.013770443173245257, -0.0030019356455529074, -0.0037519688138220085], [-0.0030019356455529066, 0.004308841287181916, 0.0012692247161645949], [-0.0037519688138220077, 0.0012692247161645949, 0.0020753219533384873]], "chi2_level": 0.997, "chi2_df": 3, "chi2_threshold": 13.931422665512084, "N_raw": 33, "N_roi": 31, "N_inlier": 29, "refit": true}
{"timestamp": "19:23:49.526069", "frame": 50, "mu": [0.5345538241094357, 4.406071598215911, 1.0258219557582253], "Sigma": [[0.02185669857577644, -0.0032495364766271006, -0.009778600269772345], [-0.0032495364766271006, 0.002209781729853606, -0.0012689884484014362], [-0.009778600269772345, -0.0012689884484014362, 0.011563293046479768]], "chi2_level": 0.997, "chi2_df": 3, "chi2_threshold": 13.931422665512084, "N_raw": 49, "N_roi": 38, "N_inlier": 36, "refit": true}
{"timestamp": "19:23:50.015628", "frame": 59, "mu": [-0.08298056592006994, 4.530561638872558, 0.6793986616519054], "Sigma": [[0.00300441673938596, 0.003085722421805648, -0.003930736714679259], [0.0030857224218056485, 0.01792751832101471, -0.043223117937337706], [-0.003930736714679259, -0.043223117937337706, 0.15104189911789329]], "chi2_level": 0.997, "chi2_df": 3, "chi2_threshold": 13.931422665512084, "N_raw": 11, "N_roi": 7, "N_inlier": 7, "refit": true}
{"timestamp": "19:23:50.071267", "frame": 60, "mu": [-0.24799304719931228, 4.521313896904371, 0.6270795139255542], "Sigma": [[0.010647132444239074, -0.0036776263472894795, 0.05049923843151584], [-0.003677626347289479, 0.007218117003995221, -0.017841882743648892], [0.05049923843151584, -0.01784188274364889, 0.30973652896018383]], "chi2_level": 0.997, "chi2_df": 3, "chi2_threshold": 13.931422665512084, "N_raw": 20, "N_roi": 7, "N_inlier": 7, "refit": true}
{"timestamp": "19:23:50.129074", "frame": 61, "mu": [-0.2376406501145914, 4.485992531594186, 1.0108549632744415], "Sigma": [[0.015948900327281558, -0.0011990251741769112, -0.00791146887888949], [-0.0011990251741769112, 0.0014081909994127075, 0.00031173584458625705], [-0.00791146887888949, 0.0003117358445862571, 0.005973419048836214]], "chi2_level": 0.997, "chi2_df": 3, "chi2_threshold": 13.931422665512084, "N_raw": 46, "N_roi": 16, "N_inlier": 16, "refit": true}
{"timestamp": "19:23:50.234196", "frame": 63, "mu": [-0.29730261170758654, 4.614981467259916, 0.5874705808186167], "Sigma": [[0.0011501019793247766, -0.001345771126868042, -0.0013261162628553976], [-0.0013457711268680416, 0.022855612947923886, -0.07543067901956811], [-0.0013261162628553985, -0.07543067901956811, 0.2997883012693959]], "chi2_level": 0.997, "chi2_df": 3, "chi2_threshold": 13.931422665512084, "N_raw": 8, "N_roi": 8, "N_inlier": 8, "refit": true}
{"timestamp": "19:23:50.401836", "frame": 66, "mu": [-0.5273567129625926, 4.400927970004042, 1.1249163332653094], "Sigma": [[0.019439224598189392, 0.0015379998203874567, -0.005017181853593681], [0.0015379998203874567, 0.0022691815208111376, 0.0008618296898166423], [-0.005017181853593681, 0.0008618296898166423, 0.004495089227733401]], "chi2_level": 0.997, "chi2_df": 3, "chi2_threshold": 13.931422665512084, "N_raw": 23, "N_roi": 23, "N_inlier": 22, "refit": true}
{"timestamp": "19:23:50.460443", "frame": 67, "mu": [-0.6287272791813897, 4.4466869040403205, 1.1660148773675771], "Sigma": [[0.036742173255131585, 0.0001501646901234747, -0.015091739109950857], [0.00015016469012347447, 0.006126722538248457, 0.0035830461141229987], [-0.015091739109950857, 0.0035830461141229987, 0.00967892612846052]], "chi2_level": 0.997, "chi2_df": 3, "chi2_threshold": 13.931422665512084, "N_raw": 52, "N_roi": 52, "N_inlier": 52, "refit": true}
{"timestamp": "19:23:50.510082", "frame": 68, "mu": [-0.8008155187653301, 4.472212648923653, 1.1365797741026984], "Sigma": [[0.0038115335301677176, 0.0013237438726369183, -0.00030691404698408983], [0.0013237438726369183, 0.0024986655635369365, -0.0005040773316245809], [-0.00030691404698408983, -0.0005040773316245809, 0.00010324150672204109]], "chi2_level": 0.997, "chi2_df": 3, "chi2_threshold": 13.931422665512084, "N_raw": 11, "N_roi": 8, "N_inlier": 8, "refit": true}
{"timestamp": "19:23:50.571379", "frame": 69, "mu": [-0.8351121669211612, 4.453633887484193, 1.0915670193643574], "Sigma": [[0.031165596501365543, 0.0018909849244963084, -0.013155801148799233], [0.0018909849244963084, 0.003927027602430224, -0.001773784055749474], [-0.013155801148799232, -0.0017737840557494739, 0.007213465250190899]], "chi2_level": 0.997, "chi2_df": 3, "chi2_threshold": 13.931422665512084, "N_raw": 48, "N_roi": 44, "N_inlier": 44, "refit": true}
{"timestamp": "19:23:50.621240", "frame": 70, "mu": [-0.7919439835658755, 4.482319848580906, 1.0049817817047286], "Sigma": [[0.009450565813232774, 0.0015494414419357071, -0.005380760082025033], [0.0015494414419357071, 0.0023705539429021575, -0.003986261615036355], [-0.005380760082025033, -0.003986261615036355, 0.013212598949076837]], "chi2_level": 0.997, "chi2_df": 3, "chi2_threshold": 13.931422665512084, "N_raw": 14, "N_roi": 11, "N_inlier": 11, "refit": true}
{"timestamp": "19:23:50.732387", "frame": 72, "mu": [-0.9670350822017625, 4.544636858278675, 1.1246703760093366], "Sigma": [[0.004483840656266986, 0.0015032803406519607, -0.00035922724607073567], [0.0015032803406519607, 0.0026745574359965433, -0.0005450017161430665], [-0.0003592272460707356, -0.0005450017161430664, 0.00011286551221965064]], "chi2_level": 0.997, "chi2_df": 3, "chi2_threshold": 13.931422665512084, "N_raw": 13, "N_roi": 9, "N_inlier": 9, "refit": true}
{"timestamp": "19:23:50.785304", "frame": 73, "mu": [-1.0112424465890946, 4.559523995847969, 1.1883968967265652], "Sigma": [[0.007851784488087083, 0.0009038998341943558, -0.006442427735639713], [0.000903899834194356, 0.0017250021866170142, -0.0017026630429526086], [-0.006442427735639713, -0.0017026630429526081, 0.023821447563742902]], "chi2_level": 0.997, "chi2_df": 3, "chi2_threshold": 13.931422665512084, "N_raw": 16, "N_roi": 13, "N_inlier": 12, "refit": true}
{"timestamp": "19:23:50.839306", "frame": 74, "mu": [-1.0625750095853517, 4.4808884389000525, 0.8233196284235094], "Sigma": [[0.003419507231510725, 0.0025714125183840114, -0.01414582778423725], [0.0025714125183840114, 0.005974236268025971, -0.020239461859887693], [-0.014145827784237251, -0.020239461859887693, 0.14960502425279765]], "chi2_level": 0.997, "chi2_df": 3, "chi2_threshold": 13.931422665512084, "N_raw": 9, "N_roi": 7, "N_inlier": 7, "refit": true}
{"timestamp": "19:23:50.895450", "frame": 75, "mu": [-1.0614125952710367, 4.507723611013106, 0.9118233270249433], "Sigma": [[0.0026597100982721266, -0.0015802290360255817, 0.006174245924003694], [-0.0015802290360255817, 0.005105913224202638, -0.017568858896116615], [0.006174245924003693, -0.017568858896116615, 0.1300300668740578]], "chi2_level": 0.997, "chi2_df": 3, "chi2_threshold": 13.931422665512084, "N_raw": 12, "N_roi": 11, "N_inlier": 10, "refit": true}
{"timestamp": "19:23:50.949054", "frame": 76, "mu": [-1.1637906661049835, 4.509162937749314, 0.7425326263536826], "Sigma": [[0.001131833184871969, -0.002279173220467074, 0.011856764781462931], [-0.002279173220467074, 0.007038011527598644, -0.026719202632958676], [0.011856764781462931, -0.02671920263295867, 0.19937858717131432]], "chi2_level": 0.997, "chi2_df": 3, "chi2_threshold": 13.931422665512084, "N_raw": 9, "N_roi": 9, "N_inlier": 9, "refit": true}
{"timestamp": "19:23:51.060655", "frame": 78, "mu": [-1.3202419933638567, 4.462164872998155, 1.1557893822415402], "Sigma": [[0.008883582849644994, 0.00046845958804354567, -0.003087760441849634], [0.00046845958804354583, 0.0017749468947021207, -0.0007183250080278849], [-0.0030877604418496343, -0.0007183250080278851, 0.0023808792113469506]], "chi2_level": 0.997, "chi2_df": 3, "chi2_threshold": 13.931422665512084, "N_raw": 15, "N_roi": 12, "N_inlier": 11, "refit": true}
{"timestamp": "19:23:51.390294", "frame": 84, "mu": [-1.640832526591338, 4.407278567490754, 1.0207679155243374], "Sigma": [[0.007430016404949761, 0.001705026832300302, -0.002729194129143765], [0.0017050268323003021, 0.004842564928369819, 0.003976628774696322], [-0.0027291941291437655, 0.003976628774696322, 0.008734293690091906]], "chi2_level": 0.997, "chi2_df": 3, "chi2_threshold": 13.931422665512084, "N_raw": 16, "N_roi": 12, "N_inlier": 11, "refit": true}
{"timestamp": "19:23:51.501833", "frame": 86, "mu": [-1.8227091029379232, 4.436803119500934, 0.9638635721789597], "Sigma": [[0.008675031894504718, 0.006755207639116204, -0.019575912115727845], [0.0067552076391162045, 0.011692423844477488, -0.031092876048939663], [-0.019575912115727845, -0.031092876048939663, 0.10050094237190191]], "chi2_level": 0.997, "chi2_df": 3, "chi2_threshold": 13.931422665512084, "N_raw": 20, "N_roi": 17, "N_inlier": 17, "refit": true}
{"timestamp": "19:23:51.610489", "frame": 88, "mu": [-1.9409605289440193, 4.481291282684805, 1.109602207486529], "Sigma": [[0.006186743015066337, 0.0022320815311063676, -0.004503843847854173], [0.0022320815311063676, 0.003979985631416893, -0.003737116398166285], [-0.004503843847854173, -0.003737116398166285, 0.0066695153825230705]], "chi2_level": 0.997, "chi2_df": 3, "chi2_threshold": 13.931422665512084, "N_raw": 13, "N_roi": 13, "N_inlier": 13, "refit": true}
{"timestamp": "19:23:51.666497", "frame": 89, "mu": [-1.9747320197494749, 4.57756314299972, 0.28926365413175964], "Sigma": [[0.011686556414842971, 0.006114805310682028, -0.010132807226188967], [0.006114805310682028, 0.0064549668972799954, -0.011181266877150188], [-0.01013280722618897, -0.011181266877150188, 0.03062603628790529]], "chi2_level": 0.997, "chi2_df": 3, "chi2_threshold": 13.931422665512084, "N_raw": 14, "N_roi": 13, "N_inlier": 13, "refit": true}
{"timestamp": "19:23:51.723561", "frame": 90, "mu": [-2.0296148293107485, 4.549577164393824, 0.30041676529787925], "Sigma": [[0.019527623511532352, 0.008678733316543811, -0.013487281983103325], [0.008678733316543811, 0.008211566135490818, -0.010312873475671433], [-0.013487281983103325, -0.010312873475671433, 0.01732492544491391]], "chi2_level": 0.997, "chi2_df": 3, "chi2_threshold": 13.931422665512084, "N_raw": 32, "N_roi": 32, "N_inlier": 31, "refit": true}
{"timestamp": "19:23:51.777927", "frame": 91, "mu": [-2.1364178332124233, 4.483885182032111, 1.3051468416701875], "Sigma": [[0.022728165007205356, 0.007352704388645921, -0.012124225424001999], [0.007352704388645923, 0.0051524586327247515, -0.004446697764005794], [-0.012124225424001999, -0.004446697764005794, 0.008832209367646117]], "chi2_level": 0.997, "chi2_df": 3, "chi2_threshold": 13.931422665512084, "N_raw": 28, "N_roi": 28, "N_inlier": 26, "refit": true}
{"timestamp": "19:23:51.885285", "frame": 93, "mu": [-1.9322326033220325, 4.096848346165686, 0.9226156453038705], "Sigma": [[0.3927515490800658, -0.7162746598129518, 0.15796316031422142], [-0.7162746598129519, 1.4042133619392447, -0.4590048298194947], [0.15796316031422142, -0.45900482981949464, 0.36324477375359315]], "chi2_level": 0.997, "chi2_df": 3, "chi2_threshold": 13.931422665512084, "N_raw": 9, "N_roi": 7, "N_inlier": 7, "refit": true}
{"timestamp": "19:23:52.162788", "frame": 98, "mu": [-2.303507635784015, 4.675772413775134, 0.14255201070210527], "Sigma": [[0.01154960385173943, 0.008814604381182293, -0.010148872382557461], [0.00881460438118229, 0.011069324693373257, -0.013268703204221143], [-0.010148872382557461, -0.013268703204221143, 0.018920424581443603]], "chi2_level": 0.997, "chi2_df": 3, "chi2_threshold": 13.931422665512084, "N_raw": 27, "N_roi": 18, "N_inlier": 18, "refit": true}
{"timestamp": "19:23:52.217560", "frame": 99, "mu": [-2.3100025677539127, 4.586958645773284, 0.8482803888534394], "Sigma": [[0.009708335027482575, 0.003803491965292641, -0.009315295494121224], [0.003803491965292641, 0.004339037577573707, -0.007676401143149733], [-0.009315295494121224, -0.007676401143149734, 0.019936906702645127]], "chi2_level": 0.997, "chi2_df": 3, "chi2_threshold": 13.931422665512084, "N_raw": 26, "N_roi": 20, "N_inlier": 20, "refit": true}
{"timestamp": "19:23:52.437300", "frame": 103, "mu": [-2.3099023642811223, 4.540184491759732, 0.9292800505441499], "Sigma": [[0.011434085304739569, 0.0044430986516827186, -0.0032525407914683474], [0.004443098651682718, 0.004413094551735077, -0.0019974096154402204], [-0.0032525407914683474, -0.0019974096154402204, 0.0013575395654416734]], "chi2_level": 0.997, "chi2_df": 3, "chi2_threshold": 13.931422665512084, "N_raw": 26, "N_roi": 17, "N_inlier": 17, "refit": true}
{"timestamp": "19:23:52.489692", "frame": 104, "mu": [-2.35649783078739, 4.5093102327154835, 1.0128059426691576], "Sigma": [[0.008377823186683545, 0.0035645809921700695, -0.006905765353739705], [0.00356458099217007, 0.002388633697497597, -0.0037298870844989884], [-0.006905765353739705, -0.003729887084498989, 0.007766578993904277]], "chi2_level": 0.997, "chi2_df": 3, "chi2_threshold": 13.931422665512084, "N_raw": 12, "N_roi": 8, "N_inlier": 8, "refit": true}
{"timestamp": "19:23:52.602544", "frame": 106, "mu": [-2.3433702826548704, 4.577072720216786, 1.1564785356352985], "Sigma": [[0.005986896287888667, 0.002940764831805104, -0.0014337314066197064], [0.002940764831805104, 0.003478367207900045, -0.0008528107949849308], [-0.0014337314066197064, -0.0008528107949849308, 0.0005147840089682922]], "chi2_level": 0.997, "chi2_df": 3, "chi2_threshold": 13.931422665512084, "N_raw": 22, "N_roi": 10, "N_inlier": 10, "refit": true}
{"timestamp": "19:23:52.819333", "frame": 110, "mu": [-2.3384604883548112, 4.63888887595747, 1.109472887671408], "Sigma": [[0.010036917730282903, 0.0047909263034220766, -0.0032231824493825444], [0.0047909263034220766, 0.004269105852844336, -0.001619247372364273], [-0.003223182449382545, -0.0016192473723642728, 0.0013310527466295341]], "chi2_level": 0.997, "chi2_df": 3, "chi2_threshold": 13.931422665512084, "N_raw": 25, "N_roi": 13, "N_inlier": 13, "refit": true}
