{"timestamp": "20:21:07.192546", "frame": 27, "mu": [2.4301931008366005, 4.65400074969642, 0.8224194264082133], "Sigma": [[0.0030617163218966516, -0.0037727753174228015, -0.0018286700212743166], [-0.0037727753174228015, 0.005871372186438758, 0.001134125222938532], [-0.0018286700212743162, 0.001134125222938532, 0.008858912849659143]], "chi2_level": 0.997, "chi2_df": 3, "chi2_threshold": 13.931422665512084, "N_raw": 34, "N_roi": 9, "N_inlier": 8, "refit": true}
{"timestamp": "20:21:07.246649", "frame": 28, "mu": [2.451399216581692, 4.540478875078038, 0.7507581431172234], "Sigma": [[0.0009512782142808159, -0.0005641054839641203, -0.0009445333602807946], [-0.0005641054839641204, 0.000811814036801148, -0.00141997266651664], [-0.0009445333602807947, -0.0014199726665166403, 0.021337872092623243]], "chi2_level": 0.997, "chi2_df": 3, "chi2_threshold": 13.931422665512084, "N_raw": 26, "N_roi": 7, "N_inlier": 7, "refit": true}
{"timestamp": "20:21:07.303802", "frame": 29, "mu": [2.3798111631661376, 4.548623378053942, 0.7460014621584672], "Sigma": [[0.007925978006313802, -0.006256658305972006, -0.001323915440817431], [-0.006256658305972006, 0.010053558264895209, -0.000722968474716095], [-0.001323915440817431, -0.0007229684747160951, 0.0030920491020649333]], "chi2_level": 0.997, "chi2_df": 3, "chi2_threshold": 13.931422665512084, "N_raw": 40, "N_roi": 20, "N_inlier": 20, "refit": true}
{"timestamp": "20:21:07.359184", "frame": 30, "mu": [2.4060121091830684, 4.506849820572293, 0.8808707753092209], "Sigma": [[0.00367540609846177, -0.001481047653791216, -0.003605572442354103], [-0.001481047653791216, 0.003302919282835163, 0.0005349396336874512], [-0.0036055724423541035, 0.0005349396336874509, 0.006683734362475781]], "chi2_level": 0.997, "chi2_df": 3, "chi2_threshold": 13.931422665512084, "N_raw": 26, "N_roi": 11, "N_inlier": 11, "refit": true}
{"timestamp": "20:21:07.467656", "frame": 32, "mu": [2.3978982889864477, 4.268091773800098, 0.3663803596220307], "Sigma": [[0.004138637116519603, -0.0019736855748889452, -8.782391258375306e-06], [-0.0019736855748889452, 0.0027036942666208534, -0.0006984511776671205], [-8.782391258375387e-06, -0.0006984511776671205, 0.0006618512038809938]], "chi2_level": 0.997, "chi2_df": 3, "chi2_threshold": 13.931422665512084, "N_raw": 23, "N_roi": 12, "N_inlier": 11, "refit": true}
{"timestamp": "20:21:07.525785", "frame": 33, "mu": [2.3266138620007766, 4.206789037913123, 0.2485532679663555], "Sigma": [[0.00858269414294253, -0.0034418137289012364, 0.008407501886379867], [-0.0034418137289012364, 0.0037063237320858183, -0.002236367333433983], [0.008407501886379867, -0.002236367333433983, 0.03252107406491717]], "chi2_level": 0.997, "chi2_df": 3, "chi2_threshold": 13.931422665512084, "N_raw": 40, "N_roi": 22, "N_inlier": 21, "refit": true}
{"timestamp": "20:21:07.579694", "frame": 34, "mu": [2.3138977322834187, 4.425525595373035, -0.5588993412426858], "Sigma": [[0.011286854593656534, -0.005530691270231302, -0.002172558306365194], [-0.005530691270231302, 0.003706918760325196, -0.003399460386744355], [-0.0021725583063651943, -0.0033994603867443544, 0.020695357647705234]], "chi2_level": 0.997, "chi2_df": 3, "chi2_threshold": 13.931422665512084, "N_raw": 28, "N_roi": 18, "N_inlier": 17, "refit": true}
{"timestamp": "20:21:07.688181", "frame": 36, "mu": [2.3132672776715846, 4.078095878428023, 0.612389431061902], "Sigma": [[0.00966611629262162, -0.006633426949414678, -0.004648997664941999], [-0.006633426949414678, 0.004915335767065908, 0.002502538468614787], [-0.004648997664941999, 0.002502538468614787, 0.013131239037274567]], "chi2_level": 0.997, "chi2_df": 3, "chi2_threshold": 13.931422665512084, "N_raw": 21, "N_roi": 16, "N_inlier": 16, "refit": true}
{"timestamp": "20:21:07.745144", "frame": 37, "mu": [2.304755484257469, 4.029805836181266, 0.5506170924122543], "Sigma": [[0.010534549892588617, -0.004712427730189602, 0.0004822993541164028], [-0.004712427730189601, 0.00342978261308799, -0.0031098150846648525], [0.0004822993541164026, -0.0031098150846648525, 0.015435342256153756]], "chi2_level": 0.997, "chi2_df": 3, "chi2_threshold": 13.931422665512084, "N_raw": 33, "N_roi": 25, "N_inlier": 25, "refit": true}
{"timestamp": "20:21:07.855045", "frame": 39, "mu": [2.2363985272684683, 3.97543352819537, 0.7486434384104437], "Sigma": [[0.021681201135124513, -0.015565759591799662, -0.014135010602627576], [-0.015565759591799662, 0.01215705304833588, 0.007646878281779436], [-0.014135010602627578, 0.007646878281779436, 0.03177067936883109]], "chi2_level": 0.997, "chi2_df": 3, "chi2_threshold": 13.931422665512084, "N_raw": 40, "N_roi": 34, "N_inlier": 34, "refit": true}
{"timestamp": "20:21:07.907945", "frame": 40, "mu": [2.2170339375105135, 3.9314702030319846, 0.6285313829018553], "Sigma": [[0.011783072543187391, -0.008019582813974503, -0.0021793355961145264], [-0.008019582813974503, 0.0070248054500143525, -0.0006712119473168491], [-0.0021793355961145264, -0.0006712119473168494, 0.008586059941172704]], "chi2_level": 0.997, "chi2_df": 3, "chi2_threshold": 13.931422665512084, "N_raw": 20, "N_roi": 20, "N_inlier": 20, "refit": true}
{"timestamp": "20:21:07.965136", "frame": 41, "mu": [2.1453602534046166, 3.909302142018679, 0.6102966538938402], "Sigma": [[0.026055965536591383, -0.016862714370838458, -0.006643543342636934], [-0.016862714370838455, 0.015524375610415477, 0.00459767426503889], [-0.006643543342636934, 0.00459767426503889, 0.0038882190078195983]], "chi2_level": 0.997, "chi2_df": 3, "chi2_threshold": 13.931422665512084, "N_raw": 37, "N_roi": 37, "N_inlier": 37, "refit": true}
{"timestamp": "20:21:08.021996", "frame": 42, "mu": [2.1174798395217262, 3.953823111842362, 0.8158712926549511], "Sigma": [[0.036218421540734666, -0.017994947853307935, -0.008053657735384454], [-0.017994947853307935, 0.013621982259484293, 0.0021727773347834946], [-0.008053657735384454, 0.002172777334783494, 0.0042305294138594305]], "chi2_level": 0.997, "chi2_df": 3, "chi2_threshold": 13.931422665512084, "N_raw": 54, "N_roi": 54, "N_inlier": 53, "refit": true}
{"timestamp": "20:21:08.074527", "frame": 43, "mu": [1.9842566906367467, 3.920339190307103, 0.6949686127552361], "Sigma": [[0.012665176892890727, -0.00803007749502981, -0.006103872868226022], [-0.00803007749502981, 0.008351598387474495, 0.0027882523250825656], [-0.006103872868226022, 0.0027882523250825656, 0.01843421203971986]], "chi2_level": 0.997, "chi2_df": 3, "chi2_threshold": 13.931422665512084, "N_raw": 25, "N_roi": 25, "N_inlier": 24, "refit": true}
{"timestamp": "20:21:08.135543", "frame": 44, "mu": [2.050100618091654, 3.83234308444261, 0.7102978707507841], "Sigma": [[0.03990787119519522, -0.02294457845901402, -0.020833026476178927], [-0.02294457845901402, 0.015853574220901823, 0.005589272489329456], [-0.020833026476178924, 0.005589272489329456, 0.039177969313734885]], "chi2_level": 0.997, "chi2_df": 3, "chi2_threshold": 13.931422665512084, "N_raw": 75, "N_roi": 73, "N_inlier": 72, "refit": true}
{"timestamp": "20:21:08.186622", "frame": 45, "mu": [2.0230393139710516, 3.69903299574135, 0.4795651192778353], "Sigma": [[0.030194425615632264, -0.017187631402721136, -0.006174541467017151], [-0.017187631402721136, 0.010538338343052648, 0.0034963455346923872], [-0.00617454146701715, 0.0034963455346923872, 0.02642824124173358]], "chi2_level": 0.997, "chi2_df": 3, "chi2_threshold": 13.931422665512084, "N_raw": 42, "N_roi": 42, "N_inlier": 42, "refit": true}
{"timestamp": "20:21:08.241405", "frame": 46, "mu": [1.9943901730273736, 3.6948976751175238, 0.43508342981624964], "Sigma": [[0.027749721049228633, -0.01680833153364559, -0.005067823380355704], [-0.01680833153364559, 0.012304527778907205, 0.0011907492867832424], [-0.005067823380355704, 0.0011907492867832422, 0.007108857356650918]], "chi2_level": 0.997, "chi2_df": 3, "chi2_threshold": 13.931422665512084, "N_raw": 40, "N_roi": 40, "N_inlier": 40, "refit": true}
{"timestamp": "20:21:08.292366", "frame": 47, "mu": [1.9666329400068396, 3.777457809559507, -1.0425964827918852], "Sigma": [[0.009072234734408711, 0.0034142593877571894, 0.030734734175936], [0.0034142593877571894, 0.005520043457490764, 0.024950606441701093], [0.030734734175936, 0.024950606441701093, 0.1974999768013044]], "chi2_level": 0.997, "chi2_df": 3, "chi2_threshold": 13.931422665512084, "N_raw": 18, "N_roi": 18, "N_inlier": 18, "refit": true}
{"timestamp": "20:21:08.349496", "frame": 48, "mu": [1.9659032849359712, 3.626329743549758, 0.605442977470387], "Sigma": [[0.019662497583479675, -0.015507854124263028, -0.010198910603182803], [-0.015507854124263028, 0.015138274637138243, 0.006304436275210251], [-0.010198910603182803, 0.006304436275210252, 0.009137965894698235]], "chi2_level": 0.997, "chi2_df": 3, "chi2_threshold": 13.931422665512084, "N_raw": 36, "N_roi": 35, "N_inlier": 34, "refit": true}
{"timestamp": "20:21:08.407667", "frame": 49, "mu": [1.8451640847394233, 3.66550713523042, 0.8019285010463224], "Sigma": [[0.023991917521866416, -0.013124762442815055, -0.008039150120897292], [-0.013124762442815055, 0.011766440711763774, -0.001381983179412371], [-0.008039150120897294, -0.0013819831794123709, 0.012338118472889608]], "chi2_level": 0.997, "chi2_df": 3, "chi2_threshold": 13.931422665512084, "N_raw": 59, "N_roi": 58, "N_inlier": 58, "refit": true}
{"timestamp": "20:21:08.456890", "frame": 50, "mu": [1.7724055586511231, 3.723969411160691, 0.7467821861271488], "Sigma": [[0.007607148520140096, -0.005605350394464692, -0.0019419364368087593], [-0.005605350394464692, 0.008618181791317476, 0.0018825578050376606], [-0.0019419364368087593, 0.0018825578050376606, 0.001652134540328912]], "chi2_level": 0.997, "chi2_df": 3, "chi2_threshold": 13.931422665512084, "N_raw": 15, "N_roi": 15, "N_inlier": 15, "refit": true}
{"timestamp": "20:21:08.517947", "frame": 51, "mu": [1.7767400256720203, 3.582969955912478, 0.6110093934971544], "Sigma": [[0.019012652471898157, -0.01324214312245509, -0.0014756570366225522], [-0.01324214312245509, 0.016390514218506423, -1.905532243382923e-05], [-0.0014756570366225514, -1.9055322433829012e-05, 0.021573408778548565]], "chi2_level": 0.997, "chi2_df": 3, "chi2_threshold": 13.931422665512084, "N_raw": 57, "N_roi": 57, "N_inlier": 56, "refit": true}
{"timestamp": "20:21:08.573667", "frame": 52, "mu": [1.7417330886960016, 3.5149910172292356, 0.6859073048594394], "Sigma": [[0.0260869483690713, -0.015441855145929557, -0.002897291404393639], [-0.015441855145929557, 0.011133584333989229, -0.0004566913114447853], [-0.0028972914043936386, -0.0004566913114447857, 0.04064551049302468]], "chi2_level": 0.997, "chi2_df": 3, "chi2_threshold": 13.931422665512084, "N_raw": 59, "N_roi": 59, "N_inlier": 58, "refit": true}
{"timestamp": "20:21:08.626228", "frame": 53, "mu": [1.8041927755185592, 3.407814704018986, 0.793052576767757], "Sigma": [[0.023964379515437652, -0.014814866548267332, -0.012371167364812054], [-0.014814866548267334, 0.009746992615038945, 0.0073962069403192944], [-0.012371167364812054, 0.0073962069403192944, 0.04448872853259599]], "chi2_level": 0.997, "chi2_df": 3, "chi2_threshold": 13.931422665512084, "N_raw": 42, "N_roi": 42, "N_inlier": 41, "refit": true}
{"timestamp": "20:21:08.685369", "frame": 54, "mu": [1.6956470720564134, 3.6691357390497643, -0.45343535649245653], "Sigma": [[0.030276819780846273, -0.01712698491162731, -0.008324059814061542], [-0.01712698491162731, 0.015732700415471892, -0.0005404152394440901], [-0.008324059814061542, -0.00054041523944409, 0.00927710728440394]], "chi2_level": 0.997, "chi2_df": 3, "chi2_threshold": 13.931422665512084, "N_raw": 63, "N_roi": 63, "N_inlier": 63, "refit": true}
{"timestamp": "20:21:08.741180", "frame": 55, "mu": [1.6364801991264488, 3.4233163434317984, 0.5906156306257614], "Sigma": [[0.02984410023817797, -0.013637184197557207, 0.017668013486175575], [-0.013637184197557207, 0.01293803971359621, -0.01121916201487054], [0.017668013486175575, -0.01121916201487054, 0.01657362846373798]], "chi2_level": 0.997, "chi2_df": 3, "chi2_threshold": 13.931422665512084, "N_raw": 72, "N_roi": 72, "N_inlier": 71, "refit": true}
{"timestamp": "20:21:08.793432", "frame": 56, "mu": [1.5188772616439334, 3.4119800290262043, 0.5551081900394288], "Sigma": [[0.022476444698570255, -0.007091934830145259, 0.013831663455190532], [-0.007091934830145259, 0.0037466221152919164, -0.004732729706676463], [0.013831663455190532, -0.004732729706676463, 0.04431293612954289]], "chi2_level": 0.997, "chi2_df": 3, "chi2_threshold": 13.931422665512084, "N_raw": 53, "N_roi": 53, "N_inlier": 53, "refit": true}
{"timestamp": "20:21:08.842959", "frame": 57, "mu": [1.5647018254145122, 3.3152760493957567, 0.648902567571131], "Sigma": [[0.015713062470568726, -0.005396890453217393, 0.020148819110625778], [-0.005396890453217394, 0.0022871226907399825, -0.008577703861987038], [0.020148819110625778, -0.008577703861987038, 0.041319323197185745]], "chi2_level": 0.997, "chi2_df": 3, "chi2_threshold": 13.931422665512084, "N_raw": 22, "N_roi": 22, "N_inlier": 21, "refit": true}
{"timestamp": "20:21:08.902168", "frame": 58, "mu": [1.527971644679036, 3.270862814908506, 0.5721869762339642], "Sigma": [[0.019289168637085675, -0.007886491970221184, 0.0048035641493355055], [-0.007886491970221184, 0.0054340017095378355, -0.004124510311980604], [0.0048035641493355055, -0.004124510311980604, 0.017770379284609922]], "chi2_level": 0.997, "chi2_df": 3, "chi2_threshold": 13.931422665512084, "N_raw": 51, "N_roi": 48, "N_inlier": 48, "refit": true}
{"timestamp": "20:21:08.955825", "frame": 59, "mu": [1.5257629994400042, 3.258183465191224, 0.8145671794754316], "Sigma": [[0.019308115060255045, -0.010588318745269781, -0.003863413377280321], [-0.010588318745269781, 0.007941039523321326, 3.983004988616337e-06], [-0.0038634133772803216, 3.983004988616229e-06, 0.005994616979076397]], "chi2_level": 0.997, "chi2_df": 3, "chi2_threshold": 13.931422665512084, "N_raw": 41, "N_roi": 41, "N_inlier": 41, "refit": true}
{"timestamp": "20:21:09.011870", "frame": 60, "mu": [1.4536593476376363, 3.2079900268113763, 0.6699535980618959], "Sigma": [[0.019026792208403677, -0.016037961935418878, -0.0037670474370490197], [-0.016037961935418878, 0.020476486918832283, 0.0007197095193877006], [-0.0037670474370490193, 0.0007197095193877006, 0.0031497957306465666]], "chi2_level": 0.997, "chi2_df": 3, "chi2_threshold": 13.931422665512084, "N_raw": 50, "N_roi": 50, "N_inlier": 50, "refit": true}
{"timestamp": "20:21:09.068161", "frame": 61, "mu": [1.316678062435685, 3.294262654798184, 0.7681515428914992], "Sigma": [[0.02264241335239009, -0.009938364611042434, -0.01084395741999136], [-0.009938364611042434, 0.006898544656384362, 0.0010910051451713757], [-0.01084395741999136, 0.001091005145171376, 0.014528198235802486]], "chi2_level": 0.997, "chi2_df": 3, "chi2_threshold": 13.931422665512084, "N_raw": 56, "N_roi": 56, "N_inlier": 55, "refit": true}
{"timestamp": "20:21:09.122513", "frame": 62, "mu": [1.3468646110380624, 3.2132654903517364, 0.8147877305738689], "Sigma": [[0.02014041189294852, -0.01230842582328796, 0.0029537779387209585], [-0.01230842582328796, 0.010551291396029165, -0.005150588112902352], [0.002953777938720958, -0.005150588112902351, 0.00854531704433526]], "chi2_level": 0.997, "chi2_df": 3, "chi2_threshold": 13.931422665512084, "N_raw": 49, "N_roi": 48, "N_inlier": 45, "refit": true}
{"timestamp": "20:21:09.176605", "frame": 63, "mu": [1.3101515787812426, 3.3575276675719663, -0.4014458516346833], "Sigma": [[0.011856213814466944, -0.002339439734446332, -0.008982979999203583], [-0.0023394397344463315, 0.006977654354217301, -0.01898211591065502], [-0.008982979999203583, -0.01898211591065502, 0.11061114686382484]], "chi2_level": 0.997, "chi2_df": 3, "chi2_threshold": 13.931422665512084, "N_raw": 38, "N_roi": 38, "N_inlier": 37, "refit": true}
{"timestamp": "20:21:09.235836", "frame": 64, "mu": [1.1431490820566588, 3.134705600104407, 0.5811669871091583], "Sigma": [[0.01820288841720863, -0.003645961073688239, 0.010148317206830085], [-0.0036459610736882396, 0.013602136650397596, -1.9609957269487875e-05], [0.010148317206830085, -1.9609957269487767e-05, 0.018511809624620935]], "chi2_level": 0.997, "chi2_df": 3, "chi2_threshold": 13.931422665512084, "N_raw": 76, "N_roi": 76, "N_inlier": 75, "refit": true}
{"timestamp": "20:21:09.291397", "frame": 65, "mu": [1.1610872504619538, 3.1858457661982196, 0.7391847171789085], "Sigma": [[0.030505314290429426, -0.018608637431722592, 0.008432560435291928], [-0.018608637431722592, 0.018871199134587825, -0.006755602331940968], [0.00843256043529193, -0.006755602331940968, 0.006819362726904095]], "chi2_level": 0.997, "chi2_df": 3, "chi2_threshold": 13.931422665512084, "N_raw": 78, "N_roi": 78, "N_inlier": 77, "refit": true}
{"timestamp": "20:21:09.345711", "frame": 66, "mu": [1.1876149476058693, 3.069545631957629, 0.8785599401679767], "Sigma": [[0.02229485853574787, -0.008066820136379098, -0.01450707817340199], [-0.0080668201363791, 0.004218174270312516, 0.002207676458907978], [-0.01450707817340199, 0.0022076764589079785, 0.05452012608005487]], "chi2_level": 0.997, "chi2_df": 3, "chi2_threshold": 13.931422665512084, "N_raw": 67, "N_roi": 67, "N_inlier": 66, "refit": true}
{"timestamp": "20:21:09.402864", "frame": 67, "mu": [1.0600023870646795, 3.041962085136798, 0.6478319690180208], "Sigma": [[0.021615249418769487, -0.005700100418372439, 0.01210328548578398], [-0.005700100418372439, 0.003537212923823217, 0.0029143368820394497], [0.01210328548578398, 0.0029143368820394497, 0.10046636421070435]], "chi2_level": 0.997, "chi2_df": 3, "chi2_threshold": 13.931422665512084, "N_raw": 85, "N_roi": 85, "N_inlier": 85, "refit": true}
{"timestamp": "20:21:09.446023", "frame": 68, "mu": [1.0244006833966364, 3.0079841937514686, 0.6925814477597544], "Sigma": [[0.025323781052623073, -0.016961988424659184, 0.010293190946331044], [-0.016961988424659184, 0.011713220148251467, -0.004261096614043261], [0.010293190946331045, -0.004261096614043261, 0.054107055886119845]], "chi2_level": 0.997, "chi2_df": 3, "chi2_threshold": 13.931422665512084, "N_raw": 7, "N_roi": 7, "N_inlier": 7, "refit": true}
{"timestamp": "20:21:09.504827", "frame": 69, "mu": [0.8784380715655138, 3.130071936797624, 0.825501556922742], "Sigma": [[0.01599030128292414, -0.010436109021684237, 0.017927274368163208], [-0.010436109021684237, 0.009940069989988054, -0.0190503192691511], [0.017927274368163208, -0.0190503192691511, 0.04483939052415165]], "chi2_level": 0.997, "chi2_df": 3, "chi2_threshold": 13.931422665512084, "N_raw": 37, "N_roi": 34, "N_inlier": 34, "refit": true}
{"timestamp": "20:21:09.565072", "frame": 70, "mu": [0.9854275049444228, 2.9069978620291184, 0.7306219388483487], "Sigma": [[0.0219267146967421, -0.010193239506285218, -0.008627555316482224], [-0.01019323950628522, 0.012895250962431158, 0.004104002274410504], [-0.008627555316482224, 0.004104002274410504, 0.005122051701538174]], "chi2_level": 0.997, "chi2_df": 3, "chi2_threshold": 13.931422665512084, "N_raw": 66, "N_roi": 66, "N_inlier": 64, "refit": true}
{"timestamp": "20:21:09.620069", "frame": 71, "mu": [0.9253258752939779, 2.9172074788856994, -1.0794962991217156], "Sigma": [[0.019626383070788567, 0.003526259455709934, 0.03393020133989769], [0.0035262594557099337, 0.009490819485211355, 0.01822439850480475], [0.03393020133989769, 0.01822439850480475, 0.1241846632458759]], "chi2_level": 0.997, "chi2_df": 3, "chi2_threshold": 13.931422665512084, "N_raw": 67, "N_roi": 64, "N_inlier": 62, "refit": true}
{"timestamp": "20:21:09.676825", "frame": 72, "mu": [0.9028654167832972, 2.820672874843167, 0.7554367911381158], "Sigma": [[0.019475616843223596, -0.006895386953885308, -0.006905444595177303], [-0.006895386953885309, 0.006882471454310454, -0.0013879866549234504], [-0.006905444595177303, -0.0013879866549234504, 0.013002691952382635]], "chi2_level": 0.997, "chi2_df": 3, "chi2_threshold": 13.931422665512084, "N_raw": 75, "N_roi": 75, "N_inlier": 72, "refit": true}
{"timestamp": "20:21:09.728485", "frame": 73, "mu": [0.8510876230466415, 2.955601627346051, -0.5678862203103989], "Sigma": [[0.014852055662280176, 0.0029180416831513945, 0.02590499373886159], [0.0029180416831513945, 0.0068856288672187954, 0.010021233080316397], [0.02590499373886159, 0.010021233080316397, 0.12751063413318894]], "chi2_level": 0.997, "chi2_df": 3, "chi2_threshold": 13.931422665512084, "N_raw": 56, "N_roi": 54, "N_inlier": 51, "refit": true}
{"timestamp": "20:21:09.783781", "frame": 74, "mu": [0.8103549261522925, 2.777679197055618, 0.810096421019238], "Sigma": [[0.015841684331891703, -0.007336448890563011, -0.006575172313561792], [-0.007336448890563011, 0.0061026682318426366, 3.437353593579756e-05], [-0.006575172313561792, 3.4373535935797454e-05, 0.00800528766689042]], "chi2_level": 0.997, "chi2_df": 3, "chi2_threshold": 13.931422665512084, "N_raw": 55, "N_roi": 55, "N_inlier": 54, "refit": true}
{"timestamp": "20:21:09.842028", "frame": 75, "mu": [0.759131267609126, 2.7797175689757507, 0.8466553682809095], "Sigma": [[0.018379317410325346, -0.007286105568742657, 0.0042099202186790165], [-0.007286105568742657, 0.005943926078527703, -0.00770731902500341], [0.0042099202186790165, -0.00770731902500341, 0.02045315537288992]], "chi2_level": 0.997, "chi2_df": 3, "chi2_threshold": 13.931422665512084, "N_raw": 84, "N_roi": 83, "N_inlier": 80, "refit": true}
{"timestamp": "20:21:09.905458", "frame": 76, "mu": [0.6876829279985264, 2.704599523222801, 0.780591862447654], "Sigma": [[0.03626388387971741, -0.021657236316260514, 0.002639281362479096], [-0.021657236316260514, 0.018427897570137634, -0.004401200619356728], [0.0026392813624790965, -0.004401200619356728, 0.03923893490504924]], "chi2_level": 0.997, "chi2_df": 3, "chi2_threshold": 13.931422665512084, "N_raw": 128, "N_roi": 126, "N_inlier": 122, "refit": true}
{"timestamp": "20:21:09.957226", "frame": 77, "mu": [0.6651284567750148, 2.675760873292468, 0.8126511814919962], "Sigma": [[0.02290379115506435, -0.012250320929528581, 0.0006695636227157741], [-0.012250320929528581, 0.012958586531102417, -0.005361745964825041], [0.000669563622715774, -0.005361745964825042, 0.018956662679239122]], "chi2_level": 0.997, "chi2_df": 3, "chi2_threshold": 13.931422665512084, "N_raw": 108, "N_roi": 107, "N_inlier": 102, "refit": true}
{"timestamp": "20:21:10.009369", "frame": 78, "mu": [0.6301262742419261, 2.6603025855936955, 0.8271107458888294], "Sigma": [[0.021642361894627767, -0.013833039084765006, 0.0070801212108987654], [-0.013833039084765006, 0.013247506151156923, -0.010743914332405938], [0.0070801212108987654, -0.010743914332405938, 0.01612180177277439]], "chi2_level": 0.997, "chi2_df": 3, "chi2_threshold": 13.931422665512084, "N_raw": 94, "N_roi": 94, "N_inlier": 94, "refit": true}
{"timestamp": "20:21:10.061528", "frame": 79, "mu": [0.5779980071979266, 2.856904390285559, -0.5044341724376236], "Sigma": [[0.020377593872552637, -0.012220713894247757, 0.019473888278553106], [-0.012220713894247759, 0.011161395692017111, -0.015098437612729458], [0.019473888278553106, -0.015098437612729458, 0.023726795152800174]], "chi2_level": 0.997, "chi2_df": 3, "chi2_threshold": 13.931422665512084, "N_raw": 54, "N_roi": 54, "N_inlier": 52, "refit": true}
{"timestamp": "20:21:10.117223", "frame": 80, "mu": [0.44798929938147036, 2.799444977294195, -0.5158224442502495], "Sigma": [[0.015715272412225947, -0.010892042905903666, 0.007332552750650035], [-0.010892042905903666, 0.01725007229772044, -0.016102325141309742], [0.007332552750650035, -0.016102325141309742, 0.01716887418672116]], "chi2_level": 0.997, "chi2_df": 3, "chi2_threshold": 13.931422665512084, "N_raw": 76, "N_roi": 76, "N_inlier": 75, "refit": true}
{"timestamp": "20:21:10.171921", "frame": 81, "mu": [0.4617539895943179, 2.5313127799168953, 0.9178218277937457], "Sigma": [[0.012931746803197669, -0.004896055100244784, 0.0024397235926506148], [-0.004896055100244784, 0.01050195047806681, -0.0009946446454660457], [0.002439723592650615, -0.0009946446454660455, 0.004690705057312462]], "chi2_level": 0.997, "chi2_df": 3, "chi2_threshold": 13.931422665512084, "N_raw": 76, "N_roi": 76, "N_inlier": 74, "refit": true}
{"timestamp": "20:21:10.226692", "frame": 82, "mu": [0.3328247514947979, 2.5316524993730862, 0.8599208777428906], "Sigma": [[0.011670617919944058, -0.004349139783569317, -0.0003526327964339694], [-0.004349139783569317, 0.018064074035239734, 0.004989785442965182], [-0.00035263279643396925, 0.004989785442965182, 0.0038473207681395246]], "chi2_level": 0.997, "chi2_df": 3, "chi2_threshold": 13.931422665512084, "N_raw": 82, "N_roi": 80, "N_inlier": 80, "refit": true}
{"timestamp": "20:21:10.280523", "frame": 83, "mu": [0.3597085414069529, 2.5052957120944916, 1.1124282065169275], "Sigma": [[0.01099071301045615, -0.004308105078270483, -0.008868812090356382], [-0.004308105078270483, 0.007609238677703045, 0.003434867104558425], [-0.008868812090356384, 0.003434867104558425, 0.013081040786386515]], "chi2_level": 0.997, "chi2_df": 3, "chi2_threshold": 13.931422665512084, "N_raw": 62, "N_roi": 61, "N_inlier": 58, "refit": true}
{"timestamp": "20:21:10.337983", "frame": 84, "mu": [0.3370588563616603, 2.424938398862688, 0.9842305174275153], "Sigma": [[0.013618938784264128, -0.0024675914773781994, 0.0054031753058487895], [-0.0024675914773782, 0.0037687966161046326, -0.002854344836326769], [0.0054031753058487895, -0.002854344836326769, 0.03108641200080999]], "chi2_level": 0.997, "chi2_df": 3, "chi2_threshold": 13.931422665512084, "N_raw": 79, "N_roi": 79, "N_inlier": 76, "refit": true}
{"timestamp": "20:21:10.392082", "frame": 85, "mu": [0.2655393635086424, 2.426270609633245, 1.0029849683013339], "Sigma": [[0.013349675000455802, -0.006354966147252245, -0.0014986151469729887], [-0.006354966147252245, 0.004204676311067949, 0.001327747109336244], [-0.0014986151469729887, 0.0013277471093362438, 0.04741908433228691]], "chi2_level": 0.997, "chi2_df": 3, "chi2_threshold": 13.931422665512084, "N_raw": 75, "N_roi": 75, "N_inlier": 72, "refit": true}
{"timestamp": "20:21:10.454835", "frame": 86, "mu": [0.2640116731214746, 2.3621087433958374, 0.7937663183217178], "Sigma": [[0.025317912492988065, -0.019608879824792737, -0.04276997735569926], [-0.019608879824792737, 0.02207188019864937, 0.05485303625490605], [-0.04276997735569926, 0.05485303625490605, 0.2808837705273095]], "chi2_level": 0.997, "chi2_df": 3, "chi2_threshold": 13.931422665512084, "N_raw": 129, "N_roi": 129, "N_inlier": 129, "refit": true}
{"timestamp": "20:21:10.504829", "frame": 87, "mu": [0.15950151160479134, 2.378939711330452, 0.9585741668070218], "Sigma": [[0.01744310364941002, -0.008862909437094288, -0.0085715993368179], [-0.008862909437094287, 0.006315057757321339, -0.0004684809466551711], [-0.008571599336817901, -0.00046848094665517055, 0.042063649108328015]], "chi2_level": 0.997, "chi2_df": 3, "chi2_threshold": 13.931422665512084, "N_raw": 98, "N_roi": 98, "N_inlier": 95, "refit": true}
{"timestamp": "20:21:10.557882", "frame": 88, "mu": [0.13210573880056867, 2.3836430043761356, 0.9861780625521037], "Sigma": [[0.03296918991798046, -0.011482232002434914, 0.02237296651183124], [-0.011482232002434914, 0.006737686795825721, -0.006219971596384167], [0.022372966511831245, -0.006219971596384168, 0.054347678842859404]], "chi2_level": 0.997, "chi2_df": 3, "chi2_threshold": 13.931422665512084, "N_raw": 79, "N_roi": 79, "N_inlier": 75, "refit": true}
{"timestamp": "20:21:10.616788", "frame": 89, "mu": [0.11308080092726781, 2.3506658303740062, 0.9626776949008353], "Sigma": [[0.02377809942948201, -0.010330577281854927, 0.004456703463128125], [-0.010330577281854927, 0.007909941166975794, -0.007509597263750785], [0.004456703463128125, -0.007509597263750784, 0.018272605695644442]], "chi2_level": 0.997, "chi2_df": 3, "chi2_threshold": 13.931422665512084, "N_raw": 109, "N_roi": 109, "N_inlier": 106, "refit": true}
{"timestamp": "20:21:10.670732", "frame": 90, "mu": [-0.018437154400103007, 2.3259172671994994, 1.0445649149882772], "Sigma": [[0.03181655394384207, -0.009250056066507657, 0.03245511045889586], [-0.009250056066507657, 0.005550531702821301, -0.013701930513695873], [0.03245511045889586, -0.013701930513695875, 0.06595219465763322]], "chi2_level": 0.997, "chi2_df": 3, "chi2_threshold": 13.931422665512084, "N_raw": 96, "N_roi": 93, "N_inlier": 91, "refit": true}
{"timestamp": "20:21:10.727891", "frame": 91, "mu": [-0.015507945951416609, 2.2351165090308713, 0.9945977976736985], "Sigma": [[0.020335128306699455, -0.005169139685246115, 0.007738554024330817], [-0.005169139685246115, 0.004158635698434749, -0.011592184761317568], [0.0077385540243308185, -0.011592184761317568, 0.049731665115623096]], "chi2_level": 0.997, "chi2_df": 3, "chi2_threshold": 13.931422665512084, "N_raw": 113, "N_roi": 113, "N_inlier": 108, "refit": true}
{"timestamp": "20:21:10.782591", "frame": 92, "mu": [-0.035757369063810114, 2.1909736326092983, 0.9973312035571297], "Sigma": [[0.01723908081475372, -0.00834150442568375, 0.007111364075585153], [-0.008341504425683752, 0.007492509227814502, -0.008900509310707311], [0.007111364075585154, -0.00890050931070731, 0.033851980591534506]], "chi2_level": 0.997, "chi2_df": 3, "chi2_threshold": 13.931422665512084, "N_raw": 107, "N_roi": 107, "N_inlier": 99, "refit": true}
{"timestamp": "20:21:10.834524", "frame": 93, "mu": [-0.03736276438081758, 2.137009235502609, 1.0687186987313384], "Sigma": [[0.011305321611097997, -0.004936062466458603, -0.011669977358896005], [-0.004936062466458603, 0.005602232163703299, 0.00021163083840898927], [-0.011669977358896005, 0.00021163083840898943, 0.020897909187869164]], "chi2_level": 0.997, "chi2_df": 3, "chi2_threshold": 13.931422665512084, "N_raw": 86, "N_roi": 86, "N_inlier": 80, "refit": true}
{"timestamp": "20:21:10.888726", "frame": 94, "mu": [-0.07499607053637186, 2.0779297998022503, 1.0735826472014718], "Sigma": [[0.011185852612346612, -0.0020035160656344123, -0.007632272791679767], [-0.0020035160656344123, 0.0027047235631176957, 0.0028870000401107305], [-0.007632272791679766, 0.0028870000401107305, 0.07193837498856412]], "chi2_level": 0.997, "chi2_df": 3, "chi2_threshold": 13.931422665512084, "N_raw": 87, "N_roi": 86, "N_inlier": 82, "refit": true}
{"timestamp": "20:21:10.943509", "frame": 95, "mu": [-0.18266586148932207, 2.0637045746088116, 1.0691115990098035], "Sigma": [[0.01574454464071961, -0.007410532828383342, -0.004106647447856411], [-0.00741053282838334, 0.005602297421717809, -0.002777069983186597], [-0.004106647447856411, -0.002777069983186597, 0.014793097720608363]], "chi2_level": 0.997, "chi2_df": 3, "chi2_threshold": 13.931422665512084, "N_raw": 81, "N_roi": 81, "N_inlier": 78, "refit": true}
{"timestamp": "20:21:10.997892", "frame": 96, "mu": [-0.12959306263274378, 1.9791746478593528, 1.0166812649444965], "Sigma": [[0.0109110670176058, -0.0029389190055338016, -0.00019908696392723058], [-0.0029389190055338016, 0.0021418891253958297, -0.002967670752061313], [-0.00019908696392723058, -0.002967670752061313, 0.020910732503212084]], "chi2_level": 0.997, "chi2_df": 3, "chi2_threshold": 13.931422665512084, "N_raw": 79, "N_roi": 79, "N_inlier": 76, "refit": true}
{"timestamp": "20:21:11.053360", "frame": 97, "mu": [-0.1909640862942107, 1.94065443336003, 1.0286456297508053], "Sigma": [[0.009657592620574576, -0.002847250894463014, -0.0007650106499464908], [-0.0028472508944630136, 0.002071174238867303, -0.0036072190764680876], [-0.0007650106499464909, -0.0036072190764680876, 0.025253212192117402]], "chi2_level": 0.997, "chi2_df": 3, "chi2_threshold": 13.931422665512084, "N_raw": 89, "N_roi": 87, "N_inlier": 82, "refit": true}
{"timestamp": "20:21:11.108100", "frame": 98, "mu": [-0.17584198011421295, 1.9091072402675766, 1.1470874546245144], "Sigma": [[0.011057137973416972, -0.005662739527014252, -0.008064437455356895], [-0.005662739527014252, 0.01141294514547232, 0.0027110484392994672], [-0.008064437455356895, 0.002711048439299468, 0.0070928654812920395]], "chi2_level": 0.997, "chi2_df": 3, "chi2_threshold": 13.931422665512084, "N_raw": 85, "N_roi": 85, "N_inlier": 81, "refit": true}
{"timestamp": "20:21:11.162813", "frame": 99, "mu": [-0.2811803443904586, 1.9655006221592741, -0.31289829664499513], "Sigma": [[0.009950820502285476, -0.002965325364847494, 0.045144300418396295], [-0.002965325364847494, 0.014551344143137444, -0.04029940175063135], [0.045144300418396295, -0.04029940175063135, 0.3629922443280959]], "chi2_level": 0.997, "chi2_df": 3, "chi2_threshold": 13.931422665512084, "N_raw": 82, "N_roi": 82, "N_inlier": 81, "refit": true}
{"timestamp": "20:21:11.327684", "frame": 100, "mu": [-0.39008158297468765, 1.9176937518847594, -0.5794950466988186], "Sigma": [[0.011115790515552235, 0.0010896009632281002, 0.012655686685003588], [0.0010896009632281002, 0.007510519462688528, 0.004218736391978046], [0.012655686685003588, 0.004218736391978045, 0.038883506531871406]], "chi2_level": 0.997, "chi2_df": 3, "chi2_threshold": 13.931422665512084, "N_raw": 93, "N_roi": 93, "N_inlier": 89, "refit": true}
{"timestamp": "20:21:11.334649", "frame": 101, "mu": [-0.3321743479775284, 1.9275960015683509, -0.5807113193161727], "Sigma": [[0.02866205009078198, -0.004967601406685519, 0.046554295786371776], [-0.004967601406685519, 0.005237823350194594, -0.018350321826671293], [0.046554295786371776, -0.01835032182667129, 0.15029079478180452]], "chi2_level": 0.997, "chi2_df": 3, "chi2_threshold": 13.931422665512084, "N_raw": 77, "N_roi": 77, "N_inlier": 75, "refit": true}
{"timestamp": "20:21:11.363802", "frame": 102, "mu": [-0.4381635763921057, 1.7818576858052653, 1.196381656150371], "Sigma": [[0.008022124602710123, -0.002109177160528874, -0.005898131869998224], [-0.0021091771605288743, 0.004909502983002203, -0.0037084017632964413], [-0.005898131869998224, -0.0037084017632964417, 0.013270170049507573]], "chi2_level": 0.997, "chi2_df": 3, "chi2_threshold": 13.931422665512084, "N_raw": 88, "N_roi": 88, "N_inlier": 83, "refit": true}
{"timestamp": "20:21:11.394076", "frame": 103, "mu": [-0.5145057894412295, 1.7840563086755483, 1.2558603845237066], "Sigma": [[0.009020579509712344, -0.000975975136125377, -0.0038640146619675292], [-0.0009759751361253768, 0.005840949516186334, -0.005403523351159082], [-0.003864014661967529, -0.005403523351159083, 0.01080408525338602]], "chi2_level": 0.997, "chi2_df": 3, "chi2_threshold": 13.931422665512084, "N_raw": 97, "N_roi": 97, "N_inlier": 93, "refit": true}
{"timestamp": "20:21:11.435733", "frame": 104, "mu": [-0.5914756709425639, 1.7474591784665194, 1.3544309657489682], "Sigma": [[0.006810719233184623, -0.002220750111072883, -0.005813895369894719], [-0.002220750111072883, 0.0048707984438887625, -0.001763098066503757], [-0.005813895369894719, -0.0017630980665037572, 0.008600490596509828]], "chi2_level": 0.997, "chi2_df": 3, "chi2_threshold": 13.931422665512084, "N_raw": 68, "N_roi": 68, "N_inlier": 65, "refit": true}
{"timestamp": "20:21:11.489560", "frame": 105, "mu": [-0.6196225758164797, 1.6874587570054225, 1.3242473808822564], "Sigma": [[0.007663005423539771, -0.0018406565072514093, -0.007268541786357647], [-0.0018406565072514093, 0.004689511781792176, -0.0008128897875591944], [-0.007268541786357647, -0.0008128897875591944, 0.009058930767688746]], "chi2_level": 0.997, "chi2_df": 3, "chi2_threshold": 13.931422665512084, "N_raw": 63, "N_roi": 63, "N_inlier": 59, "refit": true}
{"timestamp": "20:21:11.545871", "frame": 106, "mu": [-0.6541835349909668, 1.6616385892192542, 1.3333890983649486], "Sigma": [[0.0071762257976760785, -0.002504482884365383, -0.0039495125052168], [-0.0025044828843653827, 0.007186673966503992, -0.0010136179250276858], [-0.0039495125052168, -0.001013617925027686, 0.0036984645433673106]], "chi2_level": 0.997, "chi2_df": 3, "chi2_threshold": 13.931422665512084, "N_raw": 67, "N_roi": 67, "N_inlier": 66, "refit": true}
{"timestamp": "20:21:11.602627", "frame": 107, "mu": [-0.6832968715572529, 1.7262819465778725, -0.07044957459050374], "Sigma": [[0.008070313924910264, -0.0032916637163641913, 0.010510043241169767], [-0.0032916637163641913, 0.00878243121622219, -0.018308093101401954], [0.010510043241169765, -0.018308093101401954, 0.16560840225206702]], "chi2_level": 0.997, "chi2_df": 3, "chi2_threshold": 13.931422665512084, "N_raw": 80, "N_roi": 80, "N_inlier": 79, "refit": true}
{"timestamp": "20:21:11.658533", "frame": 108, "mu": [-0.7359031385777277, 1.6018942057757934, 1.154971664696252], "Sigma": [[0.00840931077424328, -0.0018509822758418252, -0.001919589828412358], [-0.0018509822758418252, 0.0015794340105716282, -0.0025579629853729824], [-0.001919589828412358, -0.002557962985372983, 0.028807437542819267]], "chi2_level": 0.997, "chi2_df": 3, "chi2_threshold": 13.931422665512084, "N_raw": 86, "N_roi": 86, "N_inlier": 82, "refit": true}
{"timestamp": "20:21:11.703015", "frame": 109, "mu": [-0.6964650061775912, 1.521313722771873, 1.0656045542945862], "Sigma": [[0.008100646848829614, -0.005623668802722005, 0.0003162656337573778], [-0.005623668802722005, 0.005363056055558022, -0.007104652505943918], [0.0003162656337573778, -0.007104652505943919, 0.2323613545464653]], "chi2_level": 0.997, "chi2_df": 3, "chi2_threshold": 13.931422665512084, "N_raw": 13, "N_roi": 13, "N_inlier": 12, "refit": true}
{"timestamp": "20:21:11.764791", "frame": 110, "mu": [-0.7556262486222027, 1.6172210529073472, -0.5964825871821741], "Sigma": [[0.006303976295769402, 0.0007912028857331626, 0.006395800172781468], [0.0007912028857331626, 0.015315062875066726, 0.008676016102940016], [0.006395800172781468, 0.008676016102940016, 0.03587948825568424]], "chi2_level": 0.997, "chi2_df": 3, "chi2_threshold": 13.931422665512084, "N_raw": 67, "N_roi": 66, "N_inlier": 63, "refit": true}
{"timestamp": "20:21:11.818683", "frame": 111, "mu": [-0.8121918435161394, 1.4285555160585308, 1.2170809772076132], "Sigma": [[0.016439924977286288, -0.01572143289283922, 0.008903952247326593], [-0.01572143289283922, 0.024349596653805535, -0.008789889321618897], [0.008903952247326593, -0.008789889321618897, 0.049532536480042265]], "chi2_level": 0.997, "chi2_df": 3, "chi2_threshold": 13.931422665512084, "N_raw": 49, "N_roi": 49, "N_inlier": 43, "refit": true}
{"timestamp": "20:21:11.870645", "frame": 112, "mu": [-1.078689808409543, 1.3032705785351875, 1.1598867722133819], "Sigma": [[0.09979218230722886, 0.04738899408227421, -0.08506299812871497], [0.04738899408227421, 0.02682481531252716, -0.054419053758401], [-0.08506299812871497, -0.054419053758401004, 0.3811900649398146]], "chi2_level": 0.997, "chi2_df": 3, "chi2_threshold": 13.931422665512084, "N_raw": 30, "N_roi": 30, "N_inlier": 30, "refit": true}
{"timestamp": "20:21:11.928806", "frame": 113, "mu": [-0.9785519793202477, 1.374345221371982, 1.367287215632664], "Sigma": [[0.00649000865511116, -0.0008813985530654119, -0.0032071484934105355], [-0.0008813985530654119, 0.003542480496975006, -0.0024809793513593916], [-0.0032071484934105355, -0.0024809793513593916, 0.004554348358667437]], "chi2_level": 0.997, "chi2_df": 3, "chi2_threshold": 13.931422665512084, "N_raw": 60, "N_roi": 60, "N_inlier": 55, "refit": true}
{"timestamp": "20:21:11.981176", "frame": 114, "mu": [-0.9756687743510528, 1.3151694627441362, 1.3308321060749773], "Sigma": [[0.004889299794690801, -0.0004983993073953639, -0.004174925472577886], [-0.000498399307395364, 0.004118123480656888, 0.00013634862459844613], [-0.004174925472577885, 0.0001363486245984461, 0.004083251924334648]], "chi2_level": 0.997, "chi2_df": 3, "chi2_threshold": 13.931422665512084, "N_raw": 39, "N_roi": 39, "N_inlier": 38, "refit": true}
{"timestamp": "20:21:12.039090", "frame": 115, "mu": [-1.106077428428117, 1.2046496631941244, 1.3023459895094405], "Sigma": [[0.04959245523240214, 0.012853674377898517, -0.033812149061804755], [0.012853674377898517, 0.006945306947908307, -0.010429720838165362], [-0.033812149061804755, -0.010429720838165362, 0.024753421329865015]], "chi2_level": 0.997, "chi2_df": 3, "chi2_threshold": 13.931422665512084, "N_raw": 61, "N_roi": 61, "N_inlier": 57, "refit": true}
