{"timestamp": "19:57:20.977151", "frame": 8, "mu": [2.4362388820890337, 4.465975523772029, 0.9568648030150646], "Sigma": [[0.0024859545218171566, -0.0017683165430210468, 0.00020554845958382754], [-0.0017683165430210468, 0.002981424339971518, -0.0009933138532077397], [0.0002055484595838275, -0.0009933138532077395, 0.000655973058257831]], "chi2_level": 0.997, "chi2_df": 3, "chi2_threshold": 13.931422665512084, "N_raw": 29, "N_roi": 7, "N_inlier": 7, "refit": true}
{"timestamp": "19:57:21.305971", "frame": 14, "mu": [2.3090805159042516, 4.4533656862865305, 0.14484553256301602], "Sigma": [[0.012317512479477277, -0.004703840553291179, -0.0007860437749914401], [-0.004703840553291179, 0.004872240824769571, 0.00045092515204257235], [-0.0007860437749914401, 0.00045092515204257235, 0.00025613949973615936]], "chi2_level": 0.997, "chi2_df": 3, "chi2_threshold": 13.931422665512084, "N_raw": 27, "N_roi": 19, "N_inlier": 18, "refit": true}
{"timestamp": "19:57:21.360232", "frame": 15, "mu": [2.306142754180645, 4.324411683855307, 1.1033096334815673], "Sigma": [[0.006489637628466475, -0.00358945367562006, -0.005657139268680398], [-0.00358945367562006, 0.0040181433010305035, 0.0019845234532744503], [-0.005657139268680398, 0.0019845234532744503, 0.006774568627242406]], "chi2_level": 0.997, "chi2_df": 3, "chi2_threshold": 13.931422665512084, "N_raw": 15, "N_roi": 10, "N_inlier": 10, "refit": true}
{"timestamp": "19:57:21.579873", "frame": 19, "mu": [2.136117321046237, 4.35467531025921, 0.19046481736804316], "Sigma": [[0.009100027981022682, -0.002943139072106025, -0.005322232372734371], [-0.002943139072106025, 0.004586857145659542, 0.0009048581736536891], [-0.005322232372734371, 0.0009048581736536893, 0.0043906300518419305]], "chi2_level": 0.997, "chi2_df": 3, "chi2_threshold": 13.931422665512084, "N_raw": 15, "N_roi": 13, "N_inlier": 13, "refit": true}
{"timestamp": "19:57:21.803641", "frame": 23, "mu": [1.7560034611651383, 4.403376764497272, 1.278283841895946], "Sigma": [[0.021263482567223088, -0.008292932185590938, -0.01015576891925165], [-0.008292932185590938, 0.006201602367963431, 0.0021909660865543057], [-0.01015576891925165, 0.0021909660865543057, 0.008512900880803018]], "chi2_level": 0.997, "chi2_df": 3, "chi2_threshold": 13.931422665512084, "N_raw": 35, "N_roi": 35, "N_inlier": 35, "refit": true}
{"timestamp": "19:57:21.858862", "frame": 24, "mu": [1.6865801964822817, 4.2957395786362875, 1.0704684633747632], "Sigma": [[0.01143435152119929, -0.008469616956468317, -0.013804144303047609], [-0.008469616956468317, 0.00983292566842161, 0.013966229665158068], [-0.013804144303047607, 0.013966229665158066, 0.021933263370261278]], "chi2_level": 0.997, "chi2_df": 3, "chi2_threshold": 13.931422665512084, "N_raw": 23, "N_roi": 20, "N_inlier": 19, "refit": true}
{"timestamp": "19:57:21.915495", "frame": 25, "mu": [1.7230815173624054, 4.41527955163313, -0.0124321628764085], "Sigma": [[0.02384910411599709, -0.006530041935353505, -0.01171019239531847], [-0.006530041935353505, 0.00520219316456449, 0.0023355562702109534], [-0.011710192395318468, 0.0023355562702109534, 0.007658536460997256]], "chi2_level": 0.997, "chi2_df": 3, "chi2_threshold": 13.931422665512084, "N_raw": 35, "N_roi": 35, "N_inlier": 35, "refit": true}
{"timestamp": "19:57:21.967117", "frame": 26, "mu": [1.6802160905230186, 4.2195100867433695, 0.6237343121573652], "Sigma": [[0.01564582475561532, -0.006625196135692341, -0.0028900664079885012], [-0.006625196135692341, 0.004345507670102819, 0.0011025971914527602], [-0.0028900664079885012, 0.0011025971914527602, 0.0013975130240047341]], "chi2_level": 0.997, "chi2_df": 3, "chi2_threshold": 13.931422665512084, "N_raw": 15, "N_roi": 14, "N_inlier": 13, "refit": true}
{"timestamp": "19:57:22.078725", "frame": 28, "mu": [1.4759866532842698, 4.237827697897659, 0.6027012193727669], "Sigma": [[0.015568243627146823, -0.008166501579816287, -0.0077228758395905045], [-0.008166501579816287, 0.00741270832386794, 0.003946757566768284], [-0.0077228758395905045, 0.003946757566768284, 0.006461875760006086]], "chi2_level": 0.997, "chi2_df": 3, "chi2_threshold": 13.931422665512084, "N_raw": 24, "N_roi": 21, "N_inlier": 21, "refit": true}
{"timestamp": "19:57:22.134094", "frame": 29, "mu": [1.311705709326381, 4.316412337489361, 0.9885396582042498], "Sigma": [[0.011569456734546792, -0.004592606954602189, -0.0017358846003333248], [-0.004592606954602189, 0.005385884839156978, 0.0007140413752817952], [-0.0017358846003333243, 0.0007140413752817953, 0.002610275836541972]], "chi2_level": 0.997, "chi2_df": 3, "chi2_threshold": 13.931422665512084, "N_raw": 29, "N_roi": 27, "N_inlier": 26, "refit": true}
{"timestamp": "19:57:22.189378", "frame": 30, "mu": [1.3026648462578878, 4.26522273461322, 0.7886293220332442], "Sigma": [[0.013451937057838493, -0.006790618056977338, -0.00699711611231708], [-0.006790618056977338, 0.007576931295533535, -0.002119838536600512], [-0.0069971161123170795, -0.0021198385366005125, 0.024018895289969783]], "chi2_level": 0.997, "chi2_df": 3, "chi2_threshold": 13.931422665512084, "N_raw": 33, "N_roi": 32, "N_inlier": 30, "refit": true}
{"timestamp": "19:57:22.244628", "frame": 31, "mu": [1.1985885374497618, 4.289009216784833, 0.8584107354687833], "Sigma": [[0.01794915321385925, -0.0049916982463684674, -0.008892531566209531], [-0.0049916982463684674, 0.003447669876380506, 0.0010305509245053359], [-0.008892531566209531, 0.0010305509245053359, 0.007361964589068528]], "chi2_level": 0.997, "chi2_df": 3, "chi2_threshold": 13.931422665512084, "N_raw": 31, "N_roi": 29, "N_inlier": 29, "refit": true}
{"timestamp": "19:57:22.463128", "frame": 35, "mu": [0.7818623777970787, 4.270683933122332, 0.922997868228161], "Sigma": [[0.01675812808742973, -0.004297726848174688, -0.0067306091287929], [-0.004297726848174688, 0.005629411076275963, 0.004946556695806679], [-0.0067306091287929, 0.004946556695806679, 0.005841882319137531]], "chi2_level": 0.997, "chi2_df": 3, "chi2_threshold": 13.931422665512084, "N_raw": 28, "N_roi": 28, "N_inlier": 28, "refit": true}
{"timestamp": "19:57:22.624890", "frame": 38, "mu": [0.51446658119274, 4.3724341442362515, 1.0378419592524597], "Sigma": [[0.0033197837586872083, -0.0032228286686215675, 0.008749195264416617], [-0.0032228286686215683, 0.007298489760915734, -0.02183333273427853], [0.008749195264416618, -0.02183333273427853, 0.08782648710824711]], "chi2_level": 0.997, "chi2_df": 3, "chi2_threshold": 13.931422665512084, "N_raw": 7, "N_roi": 7, "N_inlier": 7, "refit": true}
{"timestamp": "19:57:23.011532", "frame": 45, "mu": [-0.0589284004567577, 4.476088356046239, 0.6887035469495261], "Sigma": [[0.010973052439270601, -0.010822817323371108, 0.04120892323336331], [-0.010822817323371108, 0.01655118883976954, -0.04959880189570086], [0.04120892323336331, -0.04959880189570086, 0.24000480993115716]], "chi2_level": 0.997, "chi2_df": 3, "chi2_threshold": 13.931422665512084, "N_raw": 13, "N_roi": 8, "N_inlier": 8, "refit": true}
{"timestamp": "19:57:23.076995", "frame": 46, "mu": [-0.0443132209722935, 4.452986517040446, 1.2165918792599164], "Sigma": [[0.02217386708916367, 0.00014765085666129348, -0.005420862864645065], [0.0001476508566612938, 0.0065649595710016205, 0.005165619141098416], [-0.005420862864645065, 0.005165619141098416, 0.0064860627359843645]], "chi2_level": 0.997, "chi2_df": 3, "chi2_threshold": 13.931422665512084, "N_raw": 87, "N_roi": 49, "N_inlier": 46, "refit": true}
{"timestamp": "19:57:23.129225", "frame": 47, "mu": [-0.1432285843080168, 4.432946193186117, 1.099110223792218], "Sigma": [[0.023785133733438032, -0.002296838431328553, -0.006859032779948086], [-0.002296838431328553, 0.004522159994355546, 8.724502704580186e-06], [-0.006859032779948087, 8.724502704580267e-06, 0.003427475656361162]], "chi2_level": 0.997, "chi2_df": 3, "chi2_threshold": 13.931422665512084, "N_raw": 55, "N_roi": 49, "N_inlier": 46, "refit": true}
{"timestamp": "19:57:23.234059", "frame": 49, "mu": [-0.28691248949534687, 4.470762704776445, 0.9377320252481213], "Sigma": [[0.007219393638689004, 0.004394299054954946, -0.017446955484503535], [0.004394299054954946, 0.010204213148317041, -0.02651315377289519], [-0.017446955484503535, -0.02651315377289519, 0.07877161094965408]], "chi2_level": 0.997, "chi2_df": 3, "chi2_threshold": 13.931422665512084, "N_raw": 27, "N_roi": 15, "N_inlier": 15, "refit": true}
{"timestamp": "19:57:23.289220", "frame": 50, "mu": [-0.3088680077494417, 4.464377852304559, 1.126869727627407], "Sigma": [[0.013318771917485699, 0.0008256038400388527, -0.0014892653542104924], [0.0008256038400388527, 0.0032918508341106363, 0.00039287237242739616], [-0.0014892653542104921, 0.00039287237242739616, 0.0007890455309148386]], "chi2_level": 0.997, "chi2_df": 3, "chi2_threshold": 13.931422665512084, "N_raw": 29, "N_roi": 26, "N_inlier": 25, "refit": true}
{"timestamp": "19:57:23.342678", "frame": 51, "mu": [-0.4577030886029084, 4.397962773828929, 1.074696032883975], "Sigma": [[0.02167743639942294, 5.370900418879063e-05, -0.009813012656069178], [5.370900418879068e-05, 0.0013122426868665928, -0.0008144634296872516], [-0.009813012656069178, -0.0008144634296872514, 0.00697644519550968]], "chi2_level": 0.997, "chi2_df": 3, "chi2_threshold": 13.931422665512084, "N_raw": 27, "N_roi": 24, "N_inlier": 24, "refit": true}
{"timestamp": "19:57:23.398900", "frame": 52, "mu": [-0.5785995965649364, 4.3863225725565425, 1.0858376784130899], "Sigma": [[0.019862635096388824, 0.0005967938448412501, -0.007666226494003855], [0.0005967938448412497, 0.0011542895091625534, -0.0014782056978606176], [-0.007666226494003855, -0.0014782056978606178, 0.0064699692542196235]], "chi2_level": 0.997, "chi2_df": 3, "chi2_threshold": 13.931422665512084, "N_raw": 29, "N_roi": 25, "N_inlier": 22, "refit": true}
{"timestamp": "19:57:23.451849", "frame": 53, "mu": [-0.6720908640773862, 4.462380093697058, 1.059906400798781], "Sigma": [[0.018825991430370045, 0.0018977958294152139, -0.006657833112455565], [0.0018977958294152139, 0.003704306229160577, -0.00040102424999621106], [-0.006657833112455565, -0.0004010242499962111, 0.005276352106122197]], "chi2_level": 0.997, "chi2_df": 3, "chi2_threshold": 13.931422665512084, "N_raw": 18, "N_roi": 18, "N_inlier": 18, "refit": true}
{"timestamp": "19:57:23.511898", "frame": 54, "mu": [-0.7833940206331456, 4.505142509540954, 0.31110192367463646], "Sigma": [[0.03215346229630085, 0.005422268177223012, -0.009345178289918325], [0.005422268177223012, 0.00606374397240663, -0.0012658620152386398], [-0.009345178289918326, -0.0012658620152386398, 0.004808387997577571]], "chi2_level": 0.997, "chi2_df": 3, "chi2_threshold": 13.931422665512084, "N_raw": 54, "N_roi": 52, "N_inlier": 52, "refit": true}
{"timestamp": "19:57:23.561272", "frame": 55, "mu": [-0.7903381558885735, 4.435873186007604, 0.8782046505925916], "Sigma": [[0.019369805400407603, 0.005230026324884136, -0.05140074980571454], [0.005230026324884134, 0.0034214597547614005, -0.016774084471891104], [-0.05140074980571454, -0.016774084471891104, 0.1752290927607447]], "chi2_level": 0.997, "chi2_df": 3, "chi2_threshold": 13.931422665512084, "N_raw": 13, "N_roi": 13, "N_inlier": 13, "refit": true}
{"timestamp": "19:57:23.619323", "frame": 56, "mu": [-0.895403228608621, 4.4797460687804405, 1.3008894889551816], "Sigma": [[0.016486807995290852, 0.0033060169894006787, -0.002707929093041071], [0.0033060169894006787, 0.0044958038373613465, 0.000744338614451218], [-0.002707929093041071, 0.000744338614451218, 0.0019275615444054324]], "chi2_level": 0.997, "chi2_df": 3, "chi2_threshold": 13.931422665512084, "N_raw": 33, "N_roi": 31, "N_inlier": 31, "refit": true}
{"timestamp": "19:57:23.673145", "frame": 57, "mu": [-0.9832442186136838, 4.420054599389352, 1.1748298726543682], "Sigma": [[0.01282446031901932, -0.0009177680852525793, -0.001544988715527459], [-0.0009177680852525797, 0.002730306165053209, -0.008902246651755982], [-0.001544988715527459, -0.008902246651755982, 0.05807775095460844]], "chi2_level": 0.997, "chi2_df": 3, "chi2_threshold": 13.931422665512084, "N_raw": 25, "N_roi": 23, "N_inlier": 22, "refit": true}
{"timestamp": "19:57:23.726768", "frame": 58, "mu": [-0.9689948576045107, 4.474681264647416, 0.8470617568269942], "Sigma": [[0.0017335732170897227, 0.00046734703316350955, -0.004792527064383344], [0.0004673470331635096, 0.0035947804685552373, -0.014801854736259678], [-0.004792527064383345, -0.014801854736259678, 0.0782372553449076]], "chi2_level": 0.997, "chi2_df": 3, "chi2_threshold": 13.931422665512084, "N_raw": 10, "N_roi": 7, "N_inlier": 7, "refit": true}
{"timestamp": "19:57:23.781092", "frame": 59, "mu": [-1.0186739956591289, 4.5033053364478866, 1.0252557107578792], "Sigma": [[0.011228632432115231, 0.006629970563845956, -0.03809539810465417], [0.006629970563845956, 0.009938373634006572, -0.004208682677099447], [-0.03809539810465417, -0.004208682677099449, 0.18870567072690198]], "chi2_level": 0.997, "chi2_df": 3, "chi2_threshold": 13.931422665512084, "N_raw": 9, "N_roi": 7, "N_inlier": 7, "refit": true}
{"timestamp": "19:57:23.835690", "frame": 60, "mu": [-1.2161506258900197, 4.4722393689189275, 1.1446100101823429], "Sigma": [[0.0033160358926874927, -0.0024939758155300704, 0.0005316143244011123], [-0.0024939758155300704, 0.004444242029165929, -0.0028080484038875775], [0.0005316143244011123, -0.0028080484038875775, 0.006469074628663445]], "chi2_level": 0.997, "chi2_df": 3, "chi2_threshold": 13.931422665512084, "N_raw": 10, "N_roi": 10, "N_inlier": 9, "refit": true}
{"timestamp": "19:57:23.948427", "frame": 62, "mu": [-1.255252424352157, 4.586160045583615, 0.3549816171594393], "Sigma": [[0.010980599746318168, -0.0009023392223582378, -0.0018698421144321643], [-0.0009023392223582378, 0.006319531083359965, -0.005713202178037327], [-0.0018698421144321634, -0.005713202178037327, 0.03955359197074222]], "chi2_level": 0.997, "chi2_df": 3, "chi2_threshold": 13.931422665512084, "N_raw": 24, "N_roi": 23, "N_inlier": 22, "refit": true}
{"timestamp": "19:57:24.000875", "frame": 63, "mu": [-1.3559466918512353, 4.471186649200677, 0.718781275790886], "Sigma": [[0.004992369859419733, -0.0016812130753500105, 0.008938736206487781], [-0.0016812130753500105, 0.012792908169149892, -0.03347996768077955], [0.008938736206487781, -0.03347996768077955, 0.1481928051909893]], "chi2_level": 0.997, "chi2_df": 3, "chi2_threshold": 13.931422665512084, "N_raw": 9, "N_roi": 7, "N_inlier": 7, "refit": true}
{"timestamp": "19:57:24.055015", "frame": 64, "mu": [-1.410423599680988, 4.411325712115069, 1.0511142872354249], "Sigma": [[0.0030432955681927395, 0.00044348337994171974, -0.002670209703161756], [0.00044348337994171963, 0.0016988521288429622, -0.002425281259954023], [-0.002670209703161756, -0.0024252812599540236, 0.006977506448682944]], "chi2_level": 0.997, "chi2_df": 3, "chi2_threshold": 13.931422665512084, "N_raw": 7, "N_roi": 7, "N_inlier": 7, "refit": true}
{"timestamp": "19:57:24.110930", "frame": 65, "mu": [-1.3059645983599046, 4.13080994865479, 1.1281769477075592], "Sigma": [[0.16019387249384545, -0.45188542281751726, 0.06610089138856368], [-0.45188542281751726, 1.2996888763562948, -0.20070778109985757], [0.06610089138856368, -0.20070778109985754, 0.046064160894890155]], "chi2_level": 0.997, "chi2_df": 3, "chi2_threshold": 13.931422665512084, "N_raw": 8, "N_roi": 8, "N_inlier": 8, "refit": true}
{"timestamp": "19:57:24.167940", "frame": 66, "mu": [-1.55785134764476, 4.395695408207415, 0.918700539883327], "Sigma": [[0.015845170457263837, 0.0017513487309845912, -0.01002160547198458], [0.001751348730984591, 0.0038891466870360014, 8.5806277145939e-05], [-0.010021605471984581, 8.580627714593924e-05, 0.00863892681100978]], "chi2_level": 0.997, "chi2_df": 3, "chi2_threshold": 13.931422665512084, "N_raw": 26, "N_roi": 25, "N_inlier": 25, "refit": true}
{"timestamp": "19:57:24.221154", "frame": 67, "mu": [-1.676111039413206, 4.551424617887877, 0.08987956859146175], "Sigma": [[0.010282846972741348, 0.009994059836272202, -0.009016803823303436], [0.0099940598362722, 0.019861056688169797, -0.01666800638879395], [-0.009016803823303436, -0.016668006388793954, 0.024626676362650403]], "chi2_level": 0.997, "chi2_df": 3, "chi2_threshold": 13.931422665512084, "N_raw": 12, "N_roi": 12, "N_inlier": 12, "refit": true}
{"timestamp": "19:57:24.277986", "frame": 68, "mu": [-1.7338081054101524, 4.407548832748135, 1.0433456961487146], "Sigma": [[0.02266524101281434, 0.0044753058218856764, -0.014496040089703878], [0.0044753058218856764, 0.0029969604629749053, -0.0024276342295377765], [-0.014496040089703878, -0.0024276342295377765, 0.010332553337286223]], "chi2_level": 0.997, "chi2_df": 3, "chi2_threshold": 13.931422665512084, "N_raw": 24, "N_roi": 24, "N_inlier": 23, "refit": true}
{"timestamp": "19:57:24.333144", "frame": 69, "mu": [-1.6558320275506393, 4.615852791068766, 0.38300203537823696], "Sigma": [[0.021427447447199086, 0.009693886766270535, -0.026367349845396827], [0.009693886766270535, 0.00993324171875192, -0.023500524694334994], [-0.02636734984539682, -0.023500524694334998, 0.0667271950267061]], "chi2_level": 0.997, "chi2_df": 3, "chi2_threshold": 13.931422665512084, "N_raw": 24, "N_roi": 24, "N_inlier": 24, "refit": true}
