{"timestamp": "19:56:26.957630", "frame": 24, "mu": [1.8535302639098292, 0.9257482752994056, 1.3309915208038612], "Sigma": [[0.004041990232463415, -0.0035491652503672503, -0.0002614376556055034], [-0.0035491652503672508, 0.007295097695641289, -0.00028090297174665415], [-0.0002614376556055034, -0.00028090297174665415, 0.0007320517343727779]], "chi2_level": 0.997, "chi2_df": 3, "chi2_threshold": 13.931422665512084, "N_raw": 18, "N_roi": 18, "N_inlier": 17, "refit": true}
{"timestamp": "19:56:27.013029", "frame": 25, "mu": [1.866397359923003, 1.1633224689942878, -0.4712026734570632], "Sigma": [[0.0019393678151258737, -0.0009036070081475468, -0.0026698177819700778], [-0.0009036070081475464, 0.0029412080849875403, -0.0018192218524900963], [-0.0026698177819700778, -0.0018192218524900963, 0.009837302190795334]], "chi2_level": 0.997, "chi2_df": 3, "chi2_threshold": 13.931422665512084, "N_raw": 14, "N_roi": 14, "N_inlier": 13, "refit": true}
{"timestamp": "19:56:27.781326", "frame": 39, "mu": [1.7900145877416782, 2.4036937569434658, -0.13769648409763063], "Sigma": [[0.0053572292694172375, 0.0012262253970648927, -0.013258544469061486], [0.0012262253970648923, 0.004253796924777742, -0.0056689652100204895], [-0.013258544469061488, -0.0056689652100204895, 0.04128427308192411]], "chi2_level": 0.997, "chi2_df": 3, "chi2_threshold": 13.931422665512084, "N_raw": 8, "N_roi": 8, "N_inlier": 8, "refit": true}
{"timestamp": "19:56:27.891351", "frame": 41, "mu": [1.844019589143396, 2.3361121214418836, 1.0695275198338445], "Sigma": [[0.005566988027215168, -0.006749697110174249, -0.027502072471779295], [-0.006749697110174249, 0.013571848197171275, 0.045772109118259005], [-0.027502072471779295, 0.04577210911825901, 0.19999420040339283]], "chi2_level": 0.997, "chi2_df": 3, "chi2_threshold": 13.931422665512084, "N_raw": 8, "N_roi": 7, "N_inlier": 7, "refit": true}
{"timestamp": "19:56:28.276543", "frame": 48, "mu": [1.8297882945638757, 2.916735890411971, 1.2343604047229475], "Sigma": [[0.016267199034653367, -0.0015188602159168594, -0.024796034981818635], [-0.0015188602159168594, 0.005774698246367412, 0.012406290182526222], [-0.024796034981818642, 0.01240629018252622, 0.05966205993231671]], "chi2_level": 0.997, "chi2_df": 3, "chi2_threshold": 13.931422665512084, "N_raw": 7, "N_roi": 7, "N_inlier": 7, "refit": true}
{"timestamp": "19:56:29.102351", "frame": 63, "mu": [1.991383854315844, 3.9143127785837017, 1.2621933553996332], "Sigma": [[0.009600130698328534, -0.004316957763419225, -0.004949884263872982], [-0.004316957763419225, 0.003364690970311753, 0.0005308433863052441], [-0.004949884263872982, 0.0005308433863052441, 0.00890483128571696]], "chi2_level": 0.997, "chi2_df": 3, "chi2_threshold": 13.931422665512084, "N_raw": 19, "N_roi": 17, "N_inlier": 17, "refit": true}
{"timestamp": "19:56:29.211916", "frame": 65, "mu": [1.982445610450025, 4.054622348079445, 1.3206663779485956], "Sigma": [[0.01122934172712876, -0.0021614929537236483, -0.008583358364461693], [-0.0021614929537236483, 0.0020687138128238996, 0.0005623106755182916], [-0.008583358364461693, 0.0005623106755182916, 0.011768629688874974]], "chi2_level": 0.997, "chi2_df": 3, "chi2_threshold": 13.931422665512084, "N_raw": 15, "N_roi": 15, "N_inlier": 14, "refit": true}
{"timestamp": "19:56:29.378077", "frame": 68, "mu": [2.020694077966159, 4.347797858519294, 0.12025742377967334], "Sigma": [[0.017294598454980967, 0.0025841869239600418, -0.024165207298605124], [0.0025841869239600418, 0.0075288308290597655, -0.01262783338529062], [-0.024165207298605124, -0.01262783338529062, 0.05085872612812375]], "chi2_level": 0.997, "chi2_df": 3, "chi2_threshold": 13.931422665512084, "N_raw": 23, "N_roi": 23, "N_inlier": 23, "refit": true}
{"timestamp": "19:56:29.708485", "frame": 74, "mu": [1.8535783041651706, 4.13057545786093, 0.940414503687069], "Sigma": [[0.335735419983945, 0.749038251720743, -0.24160282096811214], [0.749038251720743, 1.7160195034957981, -0.4635768448428635], [-0.24160282096811214, -0.4635768448428635, 0.3201598550859823]], "chi2_level": 0.997, "chi2_df": 3, "chi2_threshold": 13.931422665512084, "N_raw": 7, "N_roi": 7, "N_inlier": 7, "refit": true}
{"timestamp": "19:56:30.038911", "frame": 80, "mu": [2.056217724808172, 4.9587112252840155, 1.353306506571259], "Sigma": [[0.009247037572136973, -0.0006836357703313359, -0.012352990489790498], [-0.0006836357703313359, 0.0007232825511594321, -0.0011263296715495101], [-0.012352990489790498, -0.0011263296715495101, 0.03198732452756392]], "chi2_level": 0.997, "chi2_df": 3, "chi2_threshold": 13.931422665512084, "N_raw": 18, "N_roi": 9, "N_inlier": 9, "refit": true}
