{"timestamp": "20:20:05.019212", "frame": 28, "mu": [-1.0760828250316439, 4.9739496998488715, 0.4407033553282989], "Sigma": [[0.0282511462233261, 0.0010618543654335533, -0.030214674876258858], [0.0010618543654335533, 0.0003830462016242113, -0.003421690044885535], [-0.030214674876258858, -0.003421690044885535, 0.05674992033039175]], "chi2_level": 0.997, "chi2_df": 3, "chi2_threshold": 13.931422665512084, "N_raw": 39, "N_roi": 7, "N_inlier": 7, "refit": true}
{"timestamp": "20:20:05.075089", "frame": 29, "mu": [-1.2092149265948506, 4.926741545718091, 0.6026184712374946], "Sigma": [[0.030404575296069842, 0.0012896034660851469, -0.018929446454900873], [0.001289603466085147, 0.001559764834241345, -0.003280154113557087], [-0.018929446454900873, -0.0032801541135570873, 0.020189242158552875]], "chi2_level": 0.997, "chi2_df": 3, "chi2_threshold": 13.931422665512084, "N_raw": 45, "N_roi": 37, "N_inlier": 37, "refit": true}
{"timestamp": "20:20:05.185483", "frame": 31, "mu": [-1.0250537521011767, 4.9173615396670565, 0.5881816613278235], "Sigma": [[0.021846985904926182, 0.0035674566919354903, -0.007589331153746509], [0.0035674566919354903, 0.0021341864346359285, -0.002038329495625451], [-0.00758933115374651, -0.0020383294956254506, 0.0046505011534201226]], "chi2_level": 0.997, "chi2_df": 3, "chi2_threshold": 13.931422665512084, "N_raw": 30, "N_roi": 24, "N_inlier": 23, "refit": true}
{"timestamp": "20:20:05.243204", "frame": 32, "mu": [-0.9985351108473445, 4.844771816723098, 0.5857476664898524], "Sigma": [[0.03217239776879121, 0.0031500492108001476, -0.013282130992913858], [0.0031500492108001476, 0.004047901455555804, -0.003913334004171256], [-0.013282130992913857, -0.003913334004171256, 0.011969080879650925]], "chi2_level": 0.997, "chi2_df": 3, "chi2_threshold": 13.931422665512084, "N_raw": 51, "N_roi": 48, "N_inlier": 48, "refit": true}
{"timestamp": "20:20:05.296181", "frame": 33, "mu": [-1.032973890009243, 4.965403489760591, -0.018415959875705303], "Sigma": [[0.014218015897813503, -0.00021230935849326653, -0.010304057470915916], [-0.0002123093584932665, 0.001057881075699869, 0.0009987185260560876], [-0.010304057470915916, 0.0009987185260560878, 0.009023769886253289]], "chi2_level": 0.997, "chi2_df": 3, "chi2_threshold": 13.931422665512084, "N_raw": 32, "N_roi": 8, "N_inlier": 8, "refit": true}
{"timestamp": "20:20:05.353001", "frame": 34, "mu": [-0.9826470261729421, 4.927524458956149, -0.04047315085712866], "Sigma": [[0.026436900691427637, 0.003495418299753196, -0.009592821260699156], [0.0034954182997531964, 0.0023592426996456384, -0.003399691441894678], [-0.009592821260699158, -0.003399691441894678, 0.008762888718082335]], "chi2_level": 0.997, "chi2_df": 3, "chi2_threshold": 13.931422665512084, "N_raw": 48, "N_roi": 25, "N_inlier": 25, "refit": true}
{"timestamp": "20:20:05.411333", "frame": 35, "mu": [-0.9383109862595811, 4.933469923347486, 0.09899007036552858], "Sigma": [[0.041602913802481156, 0.002848175468299883, -0.01599716934698485], [0.0028481754682998833, 0.0018402450964030389, -0.0012641402842972277], [-0.01599716934698485, -0.0012641402842972277, 0.007845413849393799]], "chi2_level": 0.997, "chi2_df": 3, "chi2_threshold": 13.931422665512084, "N_raw": 60, "N_roi": 28, "N_inlier": 27, "refit": true}
{"timestamp": "20:20:05.463493", "frame": 36, "mu": [-0.9096746579211041, 4.7377710104307695, 0.6958089389798215], "Sigma": [[0.035957511129727684, 0.004583342636109768, -0.023468984205763252], [0.004583342636109768, 0.002939071367705732, -0.004906626917715704], [-0.023468984205763252, -0.0049066269177157045, 0.019728010523383355]], "chi2_level": 0.997, "chi2_df": 3, "chi2_threshold": 13.931422665512084, "N_raw": 47, "N_roi": 41, "N_inlier": 40, "refit": true}
{"timestamp": "20:20:05.519095", "frame": 37, "mu": [-0.7707207580637306, 4.803076110847068, 0.6973925371989543], "Sigma": [[0.0402637726733447, 0.0058751522390101925, -0.014674536839936777], [0.005875152239010192, 0.008661161292175618, 0.0003961578853038832], [-0.014674536839936777, 0.0003961578853038833, 0.007952429666593043]], "chi2_level": 0.997, "chi2_df": 3, "chi2_threshold": 13.931422665512084, "N_raw": 57, "N_roi": 55, "N_inlier": 55, "refit": true}
{"timestamp": "20:20:05.576412", "frame": 38, "mu": [-0.678144677550991, 4.8347570787804806, 0.6609714572731362], "Sigma": [[0.04296811057806993, 0.010238144652932896, -0.011466648582239114], [0.010238144652932896, 0.009656718757816892, -0.003034285648121871], [-0.011466648582239114, -0.0030342856481218716, 0.02269221509814294]], "chi2_level": 0.997, "chi2_df": 3, "chi2_threshold": 13.931422665512084, "N_raw": 68, "N_roi": 56, "N_inlier": 55, "refit": true}
{"timestamp": "20:20:05.632440", "frame": 39, "mu": [-0.7555652204125621, 4.687885297695822, 0.6608582662034782], "Sigma": [[0.04884970631121251, 0.0017741152423025458, -0.021012869927174993], [0.0017741152423025458, 0.006995318731795262, -0.0029968960204886427], [-0.021012869927174993, -0.0029968960204886427, 0.012748080640907758]], "chi2_level": 0.997, "chi2_df": 3, "chi2_threshold": 13.931422665512084, "N_raw": 75, "N_roi": 72, "N_inlier": 71, "refit": true}
{"timestamp": "20:20:05.683195", "frame": 40, "mu": [-0.6520251978631368, 4.6726229832015065, 0.699651921352851], "Sigma": [[0.042305958724012195, 0.0013768327886097844, -0.030086885363129683], [0.0013768327886097844, 0.004561537922713036, -0.002388437400724498], [-0.030086885363129683, -0.002388437400724497, 0.02502162940006783]], "chi2_level": 0.997, "chi2_df": 3, "chi2_threshold": 13.931422665512084, "N_raw": 54, "N_roi": 54, "N_inlier": 54, "refit": true}
{"timestamp": "20:20:05.738994", "frame": 41, "mu": [-0.5755227563671091, 4.81077996017907, -0.16122544718098442], "Sigma": [[0.03747137177171614, 0.0028528170066215953, -0.013720055964773749], [0.0028528170066215957, 0.00532806905534526, 0.0006350302424937776], [-0.013720055964773749, 0.0006350302424937774, 0.006944514307284517]], "chi2_level": 0.997, "chi2_df": 3, "chi2_threshold": 13.931422665512084, "N_raw": 52, "N_roi": 51, "N_inlier": 51, "refit": true}
{"timestamp": "20:20:05.796606", "frame": 42, "mu": [-0.5393844677602266, 4.661703396220814, -0.941465391326263], "Sigma": [[0.0396767402044569, 0.01978169473489847, 0.08955198815511861], [0.01978169473489847, 0.026237065795488988, 0.07592294917953006], [0.08955198815511861, 0.07592294917953006, 0.3878925727507138]], "chi2_level": 0.997, "chi2_df": 3, "chi2_threshold": 13.931422665512084, "N_raw": 74, "N_roi": 71, "N_inlier": 71, "refit": true}
{"timestamp": "20:20:05.849251", "frame": 43, "mu": [-0.454257423521893, 4.791942258495437, -0.059385364660848275], "Sigma": [[0.035394648222074214, 0.015102987822525265, -0.010945778701937926], [0.015102987822525265, 0.01895279287609543, -0.004801602626910901], [-0.010945778701937924, -0.004801602626910901, 0.005022062775479904]], "chi2_level": 0.997, "chi2_df": 3, "chi2_threshold": 13.931422665512084, "N_raw": 52, "N_roi": 48, "N_inlier": 48, "refit": true}
{"timestamp": "20:20:05.909343", "frame": 44, "mu": [-0.431703332576701, 4.588711746613071, 0.7852371712160822], "Sigma": [[0.037628764880114386, 0.0037731925904481178, -0.01863298185318498], [0.003773192590448118, 0.011265072251266635, -0.004094216203325873], [-0.01863298185318498, -0.004094216203325874, 0.011306865517291348]], "chi2_level": 0.997, "chi2_df": 3, "chi2_threshold": 13.931422665512084, "N_raw": 86, "N_roi": 82, "N_inlier": 82, "refit": true}
{"timestamp": "20:20:05.959737", "frame": 45, "mu": [-0.49669712091235896, 4.478712694259529, 0.9296204578235677], "Sigma": [[0.032000209745479825, 0.0024229411264975846, -0.001986442821443502], [0.0024229411264975846, 0.0040929624108053415, -0.001699344734533351], [-0.0019864428214435015, -0.001699344734533351, 0.0010667457447361979]], "chi2_level": 0.997, "chi2_df": 3, "chi2_threshold": 13.931422665512084, "N_raw": 50, "N_roi": 50, "N_inlier": 48, "refit": true}
{"timestamp": "20:20:06.019443", "frame": 46, "mu": [-0.40726340066517, 4.47600174145783, 0.750365290825954], "Sigma": [[0.04078974641005965, 0.012971161609800419, -0.010030436685964405], [0.012971161609800417, 0.01613242753237723, -0.004344802428382799], [-0.010030436685964404, -0.004344802428382799, 0.005504727542796857]], "chi2_level": 0.997, "chi2_df": 3, "chi2_threshold": 13.931422665512084, "N_raw": 91, "N_roi": 88, "N_inlier": 88, "refit": true}
{"timestamp": "20:20:06.075754", "frame": 47, "mu": [-0.3395434156613444, 4.407912868387902, 0.6627487159006168], "Sigma": [[0.04216263593593006, 0.00937068839921025, -0.02450502089142915], [0.00937068839921025, 0.018101035177487637, -0.002945212281052092], [-0.024505020891429155, -0.002945212281052093, 0.018455232617860765]], "chi2_level": 0.997, "chi2_df": 3, "chi2_threshold": 13.931422665512084, "N_raw": 96, "N_roi": 96, "N_inlier": 96, "refit": true}
{"timestamp": "20:20:06.129051", "frame": 48, "mu": [-0.23957477145825046, 4.427649969352866, 0.6681091092258555], "Sigma": [[0.04046294492236447, 0.0044852091444201264, -0.030828658570398702], [0.0044852091444201264, 0.012353035144819075, 0.0009185051502117877], [-0.030828658570398702, 0.0009185051502117877, 0.03199898779870563]], "chi2_level": 0.997, "chi2_df": 3, "chi2_threshold": 13.931422665512084, "N_raw": 80, "N_roi": 80, "N_inlier": 80, "refit": true}
{"timestamp": "20:20:06.184994", "frame": 49, "mu": [-0.24062027601531777, 4.344426236849626, 0.7314410522152669], "Sigma": [[0.037247895354052485, 0.0028796157677938184, -0.03197408739168667], [0.002879615767793819, 0.009557302756856454, -0.007861712428834843], [-0.031974087391686674, -0.007861712428834843, 0.03804832152268017]], "chi2_level": 0.997, "chi2_df": 3, "chi2_threshold": 13.931422665512084, "N_raw": 94, "N_roi": 94, "N_inlier": 93, "refit": true}
{"timestamp": "20:20:06.235984", "frame": 50, "mu": [-0.2648036179735744, 4.294973119194078, 0.7385226870840081], "Sigma": [[0.03653261863787478, 0.010787667724013711, -0.029551460882363205], [0.010787667724013711, 0.016568395146029584, -0.006176495412497128], [-0.029551460882363205, -0.006176495412497128, 0.03281830907277226]], "chi2_level": 0.997, "chi2_df": 3, "chi2_threshold": 13.931422665512084, "N_raw": 60, "N_roi": 59, "N_inlier": 59, "refit": true}
{"timestamp": "20:20:06.292602", "frame": 51, "mu": [-0.2635739987456416, 4.239135980071605, 0.8970248953179519], "Sigma": [[0.027713741810407557, -0.0007100565179901487, -0.011265761656074597], [-0.0007100565179901485, 0.008888331342891883, -0.0024584003231063506], [-0.011265761656074597, -0.0024584003231063506, 0.010303927537657081]], "chi2_level": 0.997, "chi2_df": 3, "chi2_threshold": 13.931422665512084, "N_raw": 80, "N_roi": 77, "N_inlier": 75, "refit": true}
{"timestamp": "20:20:06.347979", "frame": 52, "mu": [-0.11370852632623644, 4.222385026621506, 0.7997398477295975], "Sigma": [[0.03412598330954321, 0.003275561745453777, -0.027518342344396172], [0.0032755617454537766, 0.004378062000325303, -0.007241717309095232], [-0.027518342344396176, -0.007241717309095231, 0.05236304439215762]], "chi2_level": 0.997, "chi2_df": 3, "chi2_threshold": 13.931422665512084, "N_raw": 80, "N_roi": 79, "N_inlier": 77, "refit": true}
{"timestamp": "20:20:06.400693", "frame": 53, "mu": [-0.1351778530042198, 4.150395910049112, 0.8479439291275206], "Sigma": [[0.02814461178253636, -0.00022188565436260827, -0.018586568488614744], [-0.00022188565436260838, 0.004891196321410256, -0.0024422393420220276], [-0.018586568488614744, -0.0024422393420220276, 0.016477329479283667]], "chi2_level": 0.997, "chi2_df": 3, "chi2_threshold": 13.931422665512084, "N_raw": 64, "N_roi": 64, "N_inlier": 61, "refit": true}
{"timestamp": "20:20:06.454695", "frame": 54, "mu": [-0.10487423365209249, 4.107398261890067, 0.8579275956004054], "Sigma": [[0.024107642060154845, -0.0014362672944646046, -0.011496547359717411], [-0.0014362672944646046, 0.005186862197061039, 0.00012176904975814837], [-0.011496547359717411, 0.00012176904975814826, 0.006852948598714467]], "chi2_level": 0.997, "chi2_df": 3, "chi2_threshold": 13.931422665512084, "N_raw": 56, "N_roi": 54, "N_inlier": 52, "refit": true}
{"timestamp": "20:20:06.509751", "frame": 55, "mu": [-0.06351994623228352, 4.070993729511845, 0.8426644691178964], "Sigma": [[0.023683118639385076, -0.001605995687450307, -0.0063876403782999035], [-0.0016059956874503066, 0.007939690378994994, 0.002539057892384687], [-0.0063876403782999035, 0.002539057892384687, 0.004091418336105253]], "chi2_level": 0.997, "chi2_df": 3, "chi2_threshold": 13.931422665512084, "N_raw": 61, "N_roi": 61, "N_inlier": 58, "refit": true}
{"timestamp": "20:20:06.566588", "frame": 56, "mu": [0.0009862663559200573, 4.039928896400713, 0.8551178904217738], "Sigma": [[0.030353802580238235, -0.0023517250435192813, -0.012161039330331323], [-0.0023517250435192818, 0.005739798695816864, 0.0007952615051880655], [-0.012161039330331323, 0.0007952615051880654, 0.006385396989774558]], "chi2_level": 0.997, "chi2_df": 3, "chi2_threshold": 13.931422665512084, "N_raw": 62, "N_roi": 62, "N_inlier": 60, "refit": true}
{"timestamp": "20:20:06.621142", "frame": 57, "mu": [0.04719302176813964, 4.212387513162621, -0.07891965846702902], "Sigma": [[0.028418157768456367, 0.002027683413598497, -0.02701048359041915], [0.002027683413598497, 0.006723967911472923, -0.006565714178432248], [-0.02701048359041915, -0.006565714178432247, 0.03336482731564977]], "chi2_level": 0.997, "chi2_df": 3, "chi2_threshold": 13.931422665512084, "N_raw": 66, "N_roi": 65, "N_inlier": 65, "refit": true}
{"timestamp": "20:20:06.673783", "frame": 58, "mu": [0.040926555262593735, 4.021354659333611, 1.0002386692002623], "Sigma": [[0.025066395915282553, -0.001029033539790308, -0.01424381015040257], [-0.0010290335397903079, 0.004707655178535376, -8.827150650485873e-05], [-0.014243810150402571, -8.827150650485884e-05, 0.01037223514334555]], "chi2_level": 0.997, "chi2_df": 3, "chi2_threshold": 13.931422665512084, "N_raw": 53, "N_roi": 53, "N_inlier": 53, "refit": true}
{"timestamp": "20:20:06.730183", "frame": 59, "mu": [0.11503702706674342, 4.138695050476093, -0.0966336449869395], "Sigma": [[0.02693738976385146, 0.0006935469907540159, -0.015684848771710263], [0.0006935469907540154, 0.004917906622500189, -0.003141956994403462], [-0.015684848771710263, -0.003141956994403462, 0.012346459218375147]], "chi2_level": 0.997, "chi2_df": 3, "chi2_threshold": 13.931422665512084, "N_raw": 57, "N_roi": 57, "N_inlier": 56, "refit": true}
{"timestamp": "20:20:06.784392", "frame": 60, "mu": [0.17197428008651863, 4.100354319234868, -0.20382491049844703], "Sigma": [[0.026744617579724628, 0.011891410510601998, 0.0284116057754391], [0.011891410510601998, 0.013898147799526141, 0.02878524060344043], [0.0284116057754391, 0.02878524060344043, 0.15297885333736136]], "chi2_level": 0.997, "chi2_df": 3, "chi2_threshold": 13.931422665512084, "N_raw": 59, "N_roi": 59, "N_inlier": 59, "refit": true}
{"timestamp": "20:20:06.841263", "frame": 61, "mu": [0.1911272177304462, 3.8989380699215195, 0.8083262786283374], "Sigma": [[0.03318575127059917, 0.00104943901981158, -0.007219102843888554], [0.00104943901981158, 0.004138143664808157, -0.003288405281618277], [-0.007219102843888554, -0.003288405281618277, 0.011646891196136964]], "chi2_level": 0.997, "chi2_df": 3, "chi2_threshold": 13.931422665512084, "N_raw": 64, "N_roi": 64, "N_inlier": 63, "refit": true}
{"timestamp": "20:20:06.890654", "frame": 62, "mu": [0.3049475305591195, 3.8734865451368625, 0.8136233283942979], "Sigma": [[0.03422837038171332, 0.010885323159549798, -0.009509543786942517], [0.0108853231595498, 0.006310779205562406, -0.006418051783446999], [-0.009509543786942517, -0.006418051783447, 0.014368585164185512]], "chi2_level": 0.997, "chi2_df": 3, "chi2_threshold": 13.931422665512084, "N_raw": 29, "N_roi": 29, "N_inlier": 29, "refit": true}
{"timestamp": "20:20:06.949874", "frame": 63, "mu": [0.39841540625432775, 3.8298545853025288, 0.7638253535418673], "Sigma": [[0.035500483767227545, 8.499188824602044e-05, -0.020627705534974748], [8.499188824602055e-05, 0.005302509026621281, -0.0011903474670494874], [-0.020627705534974748, -0.0011903474670494872, 0.014223785140170976]], "chi2_level": 0.997, "chi2_df": 3, "chi2_threshold": 13.931422665512084, "N_raw": 56, "N_roi": 55, "N_inlier": 55, "refit": true}
{"timestamp": "20:20:07.002569", "frame": 64, "mu": [0.5749281055679584, 3.8423563358655426, 0.6795220711920603], "Sigma": [[0.035147959562427535, 0.006195685173882063, -0.02303032304193063], [0.0061956851738820635, 0.0056054019295949465, -0.008455605916819235], [-0.02303032304193063, -0.008455605916819237, 0.021752092218238258]], "chi2_level": 0.997, "chi2_df": 3, "chi2_threshold": 13.931422665512084, "N_raw": 43, "N_roi": 43, "N_inlier": 42, "refit": true}
{"timestamp": "20:20:07.059539", "frame": 65, "mu": [0.5292934758421214, 3.769391402218213, 0.8768214118408252], "Sigma": [[0.03622500063700761, 0.0016962157556609152, -0.02353269218097468], [0.0016962157556609154, 0.007666130731514725, -0.0032525316330118204], [-0.02353269218097468, -0.003252531633011821, 0.019323353624688344]], "chi2_level": 0.997, "chi2_df": 3, "chi2_threshold": 13.931422665512084, "N_raw": 58, "N_roi": 58, "N_inlier": 58, "refit": true}
{"timestamp": "20:20:07.111964", "frame": 66, "mu": [0.5014473945775316, 3.865307925183786, -0.027970377686150683], "Sigma": [[0.01903590292269939, 0.0038903949470707796, -0.015686396911365197], [0.003890394947070779, 0.007449439918739702, -0.01029195974462405], [-0.015686396911365197, -0.010291959744624051, 0.02842784348722701]], "chi2_level": 0.997, "chi2_df": 3, "chi2_threshold": 13.931422665512084, "N_raw": 35, "N_roi": 32, "N_inlier": 32, "refit": true}
{"timestamp": "20:20:07.168622", "frame": 67, "mu": [0.4746126090615259, 3.631389154283434, 0.9328621322610784], "Sigma": [[0.02064007930598865, -0.0017040533123948115, -0.0022090201173374864], [-0.0017040533123948113, 0.0022683689741713232, -0.0037194476742004705], [-0.002209020117337486, -0.0037194476742004705, 0.012546649504528074]], "chi2_level": 0.997, "chi2_df": 3, "chi2_threshold": 13.931422665512084, "N_raw": 53, "N_roi": 53, "N_inlier": 53, "refit": true}
{"timestamp": "20:20:07.227787", "frame": 68, "mu": [0.5454797770366315, 3.570804330159779, 0.8198742081827579], "Sigma": [[0.023624399927505348, -0.0016640266032796206, -0.017723782237049797], [-0.00166402660327962, 0.009714778601224086, 0.00018731958448202815], [-0.017723782237049797, 0.00018731958448202856, 0.014925996591452688]], "chi2_level": 0.997, "chi2_df": 3, "chi2_threshold": 13.931422665512084, "N_raw": 73, "N_roi": 73, "N_inlier": 69, "refit": true}
{"timestamp": "20:20:07.278530", "frame": 69, "mu": [0.5854096102273172, 3.503231159969881, 0.8577357505051282], "Sigma": [[0.01919656434336043, -0.0028495372070812992, -0.012069562287995076], [-0.0028495372070812997, 0.0051930051621139235, 0.000576492291859584], [-0.012069562287995076, 0.0005764922918595835, 0.0092051565578732]], "chi2_level": 0.997, "chi2_df": 3, "chi2_threshold": 13.931422665512084, "N_raw": 42, "N_roi": 42, "N_inlier": 41, "refit": true}
{"timestamp": "20:20:07.337994", "frame": 70, "mu": [0.6186512636098692, 3.466882966533029, 0.8470628733359656], "Sigma": [[0.020900382314801118, -0.0037469075290998653, -0.011551535825853871], [-0.0037469075290998653, 0.01139683553835493, 0.003864190039598813], [-0.011551535825853871, 0.003864190039598813, 0.00888257898893357]], "chi2_level": 0.997, "chi2_df": 3, "chi2_threshold": 13.931422665512084, "N_raw": 75, "N_roi": 72, "N_inlier": 70, "refit": true}
{"timestamp": "20:20:07.392061", "frame": 71, "mu": [0.6720350615161641, 3.598726083082826, -0.16468777544075286], "Sigma": [[0.022244823415752592, 0.00016631125818352636, -0.010069845397569055], [0.0001663112581835268, 0.008885096996566888, -0.0009797631671547157], [-0.010069845397569053, -0.000979763167154715, 0.006600694984686603]], "chi2_level": 0.997, "chi2_df": 3, "chi2_threshold": 13.931422665512084, "N_raw": 72, "N_roi": 72, "N_inlier": 69, "refit": true}
{"timestamp": "20:20:07.445290", "frame": 72, "mu": [0.7058404169768001, 3.3414437791393596, 0.7768449908012796], "Sigma": [[0.018705538376140647, -0.0027101240692325728, -0.0030297685158443078], [-0.0027101240692325728, 0.005761929650152241, -0.0033672854685252883], [-0.0030297685158443078, -0.0033672854685252883, 0.0049001541753158845]], "chi2_level": 0.997, "chi2_df": 3, "chi2_threshold": 13.931422665512084, "N_raw": 57, "N_roi": 57, "N_inlier": 55, "refit": true}
{"timestamp": "20:20:07.501309", "frame": 73, "mu": [0.8083377443920263, 3.358741888668981, 0.6947130008866826], "Sigma": [[0.02443706481280136, -0.0005999359159342111, -0.03428435418949932], [-0.0005999359159342109, 0.006253529423670741, -0.010095800401105574], [-0.03428435418949932, -0.010095800401105574, 0.08756728440625344]], "chi2_level": 0.997, "chi2_df": 3, "chi2_threshold": 13.931422665512084, "N_raw": 61, "N_roi": 60, "N_inlier": 60, "refit": true}
{"timestamp": "20:20:07.555286", "frame": 74, "mu": [0.8294882907690934, 3.3891350448901756, 0.9111330814514553], "Sigma": [[0.013721112507785628, -0.0028117902934926037, -0.0052215336985916554], [-0.0028117902934926033, 0.010348799456595514, 0.005337807685976258], [-0.0052215336985916554, 0.005337807685976258, 0.007026368635623487]], "chi2_level": 0.997, "chi2_df": 3, "chi2_threshold": 13.931422665512084, "N_raw": 54, "N_roi": 54, "N_inlier": 52, "refit": true}
{"timestamp": "20:20:07.606081", "frame": 75, "mu": [0.9432741356671123, 3.369797003444915, 0.8764851524945313], "Sigma": [[0.009864345532812213, -0.0029836946224717064, -0.00401030104052403], [-0.0029836946224717064, 0.0032778538618535137, 0.0003023155630156235], [-0.004010301040524029, 0.0003023155630156234, 0.004278241582157731]], "chi2_level": 0.997, "chi2_df": 3, "chi2_threshold": 13.931422665512084, "N_raw": 29, "N_roi": 29, "N_inlier": 26, "refit": true}
{"timestamp": "20:20:07.663468", "frame": 76, "mu": [0.8783944178935656, 3.4649971294780273, -0.0397403927443841], "Sigma": [[0.015055335347065475, -0.0005522307098706533, -0.0004329790691099502], [-0.0005522307098706533, 0.004346190838054163, 0.00015153984678279554], [-0.0004329790691099502, 0.00015153984678279554, 0.00012525193758837572]], "chi2_level": 0.997, "chi2_df": 3, "chi2_threshold": 13.931422665512084, "N_raw": 48, "N_roi": 48, "N_inlier": 45, "refit": true}
{"timestamp": "20:20:07.721372", "frame": 77, "mu": [0.9415077100708453, 3.445304584643783, -0.05805621996368316], "Sigma": [[0.009927801761516414, 0.00026760332619877675, -0.001260494920680165], [0.0002676033261987768, 0.005176098315027056, 0.002076748316863367], [-0.001260494920680165, 0.0020767483168633665, 0.0021786400091513194]], "chi2_level": 0.997, "chi2_df": 3, "chi2_threshold": 13.931422665512084, "N_raw": 41, "N_roi": 41, "N_inlier": 39, "refit": true}
{"timestamp": "20:20:07.772474", "frame": 78, "mu": [0.9928731671421616, 3.2525832282659484, 1.029778831062812], "Sigma": [[0.015324591783619479, -0.003125967556899298, -0.0023062861919057546], [-0.003125967556899298, 0.0027463163374425404, -0.0015604822230946272], [-0.0023062861919057546, -0.0015604822230946272, 0.0036662304807219006]], "chi2_level": 0.997, "chi2_df": 3, "chi2_threshold": 13.931422665512084, "N_raw": 41, "N_roi": 39, "N_inlier": 37, "refit": true}
{"timestamp": "20:20:07.825138", "frame": 79, "mu": [1.0234093830847366, 3.207999729421407, 1.0574063040434942], "Sigma": [[0.01252786803107652, -0.0031064614068021844, -0.005176087391156982], [-0.0031064614068021844, 0.0031777037141300273, 0.00033832062106873065], [-0.005176087391156982, 0.00033832062106873065, 0.006471486073325734]], "chi2_level": 0.997, "chi2_df": 3, "chi2_threshold": 13.931422665512084, "N_raw": 30, "N_roi": 30, "N_inlier": 29, "refit": true}
{"timestamp": "20:20:07.881429", "frame": 80, "mu": [1.105888835388824, 3.3250103829952833, -0.4036953367365023], "Sigma": [[0.014516729567359514, -0.002107687119347436, -0.008054493547757701], [-0.002107687119347436, 0.003786913629653538, -0.0022837367577135934], [-0.008054493547757701, -0.002283736757713594, 0.009580071161403874]], "chi2_level": 0.997, "chi2_df": 3, "chi2_threshold": 13.931422665512084, "N_raw": 39, "N_roi": 38, "N_inlier": 38, "refit": true}
{"timestamp": "20:20:07.937007", "frame": 81, "mu": [1.1690642252409613, 3.2920921192589807, -0.25677726658776573], "Sigma": [[0.016587220589110226, -0.001002431903311966, -0.010020840936457002], [-0.001002431903311966, 0.003758021224259808, -0.0016523699787101172], [-0.010020840936457002, -0.0016523699787101172, 0.008400897240261662]], "chi2_level": 0.997, "chi2_df": 3, "chi2_threshold": 13.931422665512084, "N_raw": 42, "N_roi": 42, "N_inlier": 42, "refit": true}
{"timestamp": "20:20:07.993343", "frame": 82, "mu": [1.1899660351694696, 3.089771833260773, 1.037867556563713], "Sigma": [[0.0182120384504113, -0.004187228800023086, -0.0028345498300856864], [-0.004187228800023087, 0.0025098524165622295, 0.006600549468920407], [-0.0028345498300856864, 0.006600549468920407, 0.07198835775940804]], "chi2_level": 0.997, "chi2_df": 3, "chi2_threshold": 13.931422665512084, "N_raw": 49, "N_roi": 49, "N_inlier": 49, "refit": true}
{"timestamp": "20:20:08.048857", "frame": 83, "mu": [1.2192930065416292, 3.0548029022594267, 0.7666213189102341], "Sigma": [[0.018507974551964984, -0.003955574269598269, -0.0016153008363662075], [-0.003955574269598269, 0.002783699780167476, -0.0026565775425196354], [-0.0016153008363662075, -0.0026565775425196354, 0.007696641088138158]], "chi2_level": 0.997, "chi2_df": 3, "chi2_threshold": 13.931422665512084, "N_raw": 51, "N_roi": 51, "N_inlier": 49, "refit": true}
{"timestamp": "20:20:08.103325", "frame": 84, "mu": [1.2662647580658297, 3.2002821597705204, -0.23170846327478123], "Sigma": [[0.013183113207066765, -0.0035074260135082966, -0.0067373407847216606], [-0.003507426013508296, 0.00473259309086968, -0.0089972814892922], [-0.0067373407847216606, -0.0089972814892922, 0.03820568400113801]], "chi2_level": 0.997, "chi2_df": 3, "chi2_threshold": 13.931422665512084, "N_raw": 47, "N_roi": 47, "N_inlier": 46, "refit": true}
{"timestamp": "20:20:08.154457", "frame": 85, "mu": [1.3229255533041828, 2.9721600795846803, 0.7104005561541865], "Sigma": [[0.01267189056477881, -0.004011543242837232, -0.0008754179015651595], [-0.004011543242837232, 0.002940299704322746, -0.0012445229372928788], [-0.0008754179015651595, -0.0012445229372928788, 0.006771199194023757]], "chi2_level": 0.997, "chi2_df": 3, "chi2_threshold": 13.931422665512084, "N_raw": 26, "N_roi": 26, "N_inlier": 25, "refit": true}
{"timestamp": "20:20:08.211115", "frame": 86, "mu": [1.364861249574108, 2.910543068077594, 0.8619129185171827], "Sigma": [[0.013276652857759487, -0.0065445102074353995, -0.004840953828517545], [-0.0065445102074353995, 0.003988878879673022, 0.00017514307944411258], [-0.004840953828517545, 0.00017514307944411253, 0.013735950998314546]], "chi2_level": 0.997, "chi2_df": 3, "chi2_threshold": 13.931422665512084, "N_raw": 38, "N_roi": 37, "N_inlier": 37, "refit": true}
{"timestamp": "20:20:08.265942", "frame": 87, "mu": [1.457362006101736, 2.89178706677495, 0.818714439450537], "Sigma": [[0.01595475131668956, -0.008365149606931601, -0.006654225187756884], [-0.008365149606931601, 0.006086763619019623, 0.004109717148268132], [-0.006654225187756884, 0.004109717148268132, 0.018614922337754646]], "chi2_level": 0.997, "chi2_df": 3, "chi2_threshold": 13.931422665512084, "N_raw": 30, "N_roi": 30, "N_inlier": 28, "refit": true}
{"timestamp": "20:20:08.323226", "frame": 88, "mu": [1.4640201179033978, 2.990636040901403, -0.5082933124585229], "Sigma": [[0.019428521098364765, -0.002131876580113439, 0.007866540185028706], [-0.0021318765801134395, 0.007222459300851887, 0.008068612237293512], [0.007866540185028708, 0.008068612237293512, 0.058273133516064356]], "chi2_level": 0.997, "chi2_df": 3, "chi2_threshold": 13.931422665512084, "N_raw": 53, "N_roi": 53, "N_inlier": 52, "refit": true}
{"timestamp": "20:20:08.379303", "frame": 89, "mu": [1.4724810404078703, 2.9619265152118386, -0.3057776725859984], "Sigma": [[0.01817794350128316, -0.005772509920744916, -0.009289726383339197], [-0.005772509920744916, 0.006663932158790111, -0.0005809448321337775], [-0.009289726383339195, -0.0005809448321337774, 0.009151926445033359]], "chi2_level": 0.997, "chi2_df": 3, "chi2_threshold": 13.931422665512084, "N_raw": 54, "N_roi": 54, "N_inlier": 52, "refit": true}
{"timestamp": "20:20:08.433475", "frame": 90, "mu": [1.4124976512826846, 2.7631982598492377, 1.0710908078393144], "Sigma": [[0.01512036593634524, -0.006451085592933056, -0.006575192043115768], [-0.006451085592933056, 0.006860065940587347, 0.0014549950756838157], [-0.0065751920431157684, 0.0014549950756838157, 0.004692938190213655]], "chi2_level": 0.997, "chi2_df": 3, "chi2_threshold": 13.931422665512084, "N_raw": 47, "N_roi": 47, "N_inlier": 45, "refit": true}
{"timestamp": "20:20:08.488260", "frame": 91, "mu": [1.4858815128725151, 2.7139926433041297, 0.9655441317655211], "Sigma": [[0.011195342015692354, -0.005252311723704394, -0.006761850008047438], [-0.005252311723704394, 0.004553453899838821, 0.0023332313805716942], [-0.006761850008047438, 0.0023332313805716942, 0.009278464472333315]], "chi2_level": 0.997, "chi2_df": 3, "chi2_threshold": 13.931422665512084, "N_raw": 29, "N_roi": 29, "N_inlier": 28, "refit": true}
{"timestamp": "20:20:08.542345", "frame": 92, "mu": [1.4993553845926624, 2.5497755405588998, 0.7270384223794816], "Sigma": [[0.01602839952962154, -0.011242020486718166, -0.008209068782452617], [-0.011242020486718166, 0.008745015318604929, 0.006598652104228831], [-0.008209068782452617, 0.006598652104228831, 0.025440094771458522]], "chi2_level": 0.997, "chi2_df": 3, "chi2_threshold": 13.931422665512084, "N_raw": 42, "N_roi": 42, "N_inlier": 42, "refit": true}
{"timestamp": "20:20:08.596068", "frame": 93, "mu": [1.5480403496097574, 2.724623459273187, 1.2290699722059546], "Sigma": [[0.010898442796362732, -0.0038142895890145405, -0.00174980109140957], [-0.0038142895890145405, 0.006268693889498538, 0.0019494860305841752], [-0.0017498010914095698, 0.001949486030584175, 0.004636829882782527]], "chi2_level": 0.997, "chi2_df": 3, "chi2_threshold": 13.931422665512084, "N_raw": 35, "N_roi": 35, "N_inlier": 35, "refit": true}
{"timestamp": "20:20:08.650430", "frame": 94, "mu": [1.5061951873770396, 2.6354600056969124, 1.026431203847888], "Sigma": [[0.010671752619192147, -0.007823570088205382, -0.006338324951489335], [-0.007823570088205382, 0.009410929229118545, 0.006785185335522136], [-0.006338324951489335, 0.006785185335522136, 0.005824723513561089]], "chi2_level": 0.997, "chi2_df": 3, "chi2_threshold": 13.931422665512084, "N_raw": 28, "N_roi": 26, "N_inlier": 25, "refit": true}
{"timestamp": "20:20:08.811989", "frame": 97, "mu": [1.6020489300695981, 2.538307059131193, 1.0892041807309616], "Sigma": [[0.0032047144371734797, 0.0020913691508368595, -0.000823094039384401], [0.002091369150836859, 0.0054778362675527775, 0.0013909837688668796], [-0.000823094039384401, 0.0013909837688668798, 0.002439219219617776]], "chi2_level": 0.997, "chi2_df": 3, "chi2_threshold": 13.931422665512084, "N_raw": 9, "N_roi": 9, "N_inlier": 8, "refit": true}
{"timestamp": "20:20:08.871047", "frame": 98, "mu": [1.6342541903357282, 2.576969129081339, 1.1508122735273392], "Sigma": [[0.01084542965144448, -0.006089327187751856, -0.006569393795162628], [-0.006089327187751857, 0.005264928871774012, 0.0011578476336230482], [-0.006569393795162628, 0.0011578476336230482, 0.015411115405206023]], "chi2_level": 0.997, "chi2_df": 3, "chi2_threshold": 13.931422665512084, "N_raw": 39, "N_roi": 38, "N_inlier": 36, "refit": true}
{"timestamp": "20:20:09.081835", "frame": 101, "mu": [1.6831856415175082, 2.6261141943827346, 0.17225975816558453], "Sigma": [[0.005131630391511359, -0.001964699560316323, 0.002205070708802225], [-0.001964699560316323, 0.0023015053081376505, 0.0032840202032353777], [0.0022050707088022256, 0.0032840202032353777, 0.014185210935979672]], "chi2_level": 0.997, "chi2_df": 3, "chi2_threshold": 13.931422665512084, "N_raw": 17, "N_roi": 17, "N_inlier": 17, "refit": true}
{"timestamp": "20:20:09.095627", "frame": 102, "mu": [1.790763453659274, 2.430719320351601, 0.6853142612107548], "Sigma": [[0.0047470569415261265, -0.004331548688802724, -0.04392085743680317], [-0.004331548688802724, 0.006849883320596886, 0.05039201902272431], [-0.04392085743680317, 0.05039201902272431, 0.48013660719012463]], "chi2_level": 0.997, "chi2_df": 3, "chi2_threshold": 13.931422665512084, "N_raw": 7, "N_roi": 7, "N_inlier": 7, "refit": true}
{"timestamp": "20:20:09.308020", "frame": 106, "mu": [1.8750429321125424, 2.416881190388855, 1.448390056952584], "Sigma": [[0.004904044209343855, -0.0004131968638004522, 0.00245852002232005], [-0.0004131968638004522, 0.0024848267245367664, 0.0012437507878885375], [0.00245852002232005, 0.0012437507878885375, 0.002515052280867862]], "chi2_level": 0.997, "chi2_df": 3, "chi2_threshold": 13.931422665512084, "N_raw": 14, "N_roi": 10, "N_inlier": 10, "refit": true}
{"timestamp": "20:20:09.362811", "frame": 107, "mu": [1.9138256893426249, 2.4353406452858715, -0.008337357722562458], "Sigma": [[0.005518267651235884, -0.0012592235799235279, 0.0027788774222484566], [-0.0012592235799235279, 0.002871774309553855, 0.0024399491906355875], [0.002778877422248456, 0.0024399491906355875, 0.0061469834340863285]], "chi2_level": 0.997, "chi2_df": 3, "chi2_threshold": 13.931422665512084, "N_raw": 15, "N_roi": 12, "N_inlier": 11, "refit": true}
