{"timestamp": "20:04:13.738640", "frame": 12, "mu": [-1.3695184484992438, 0.202999761204137, 0.5308890046933468], "Sigma": [[0.003031715287305538, 0.0010569398240530131, 0.026974422984698883], [0.0010569398240530131, 0.0007866125973803135, 0.008964144010973575], [0.026974422984698883, 0.008964144010973575, 0.35583942980887445]], "chi2_level": 0.997, "chi2_df": 3, "chi2_threshold": 13.931422665512084, "N_raw": 7, "N_roi": 7, "N_inlier": 7, "refit": true}
{"timestamp": "20:04:13.798002", "frame": 13, "mu": [-0.19817407327517222, 0.2974848535589594, 1.235251509792584], "Sigma": [[1.5748841551607173, 0.03873515155466218, 0.001302638198459924], [0.03873515155466218, 0.004895576668746041, -0.000280614694471221], [0.001302638198459923, -0.00028061469447122087, 0.002677499711115083]], "chi2_level": 0.997, "chi2_df": 3, "chi2_threshold": 13.931422665512084, "N_raw": 35, "N_roi": 35, "N_inlier": 35, "refit": true}
{"timestamp": "20:04:13.853286", "frame": 14, "mu": [-0.6155637629302562, 0.48968731301886825, -0.599574982474946], "Sigma": [[1.207809725311436, -0.006805511949953392, -0.06172977109269723], [-0.006805511949953394, 0.0058113193369855225, 0.0042440434040009415], [-0.06172977109269723, 0.004244043404000943, 0.027979952343067126]], "chi2_level": 0.997, "chi2_df": 3, "chi2_threshold": 13.931422665512084, "N_raw": 44, "N_roi": 44, "N_inlier": 44, "refit": true}
{"timestamp": "20:04:13.907601", "frame": 15, "mu": [-0.962735356861235, 0.37707401754173253, 1.4401154079062242], "Sigma": [[0.5510009809374796, -0.02076324217134915, 0.013558439149878771], [-0.02076324217134915, 0.005207006708990444, -0.0029944045236935117], [0.013558439149878771, -0.0029944045236935117, 0.002183415495718821]], "chi2_level": 0.997, "chi2_df": 3, "chi2_threshold": 13.931422665512084, "N_raw": 36, "N_roi": 36, "N_inlier": 33, "refit": true}
{"timestamp": "20:04:13.965395", "frame": 16, "mu": [-0.8003239442313005, 0.3376965461592407, 1.3673462690852203], "Sigma": [[0.8511685828373478, -0.013658594466517331, 0.024098004888451013], [-0.013658594466517331, 0.0036607494651741236, -0.0005233913534588115], [0.024098004888451013, -0.0005233913534588115, 0.00714877889638816]], "chi2_level": 0.997, "chi2_df": 3, "chi2_threshold": 13.931422665512084, "N_raw": 57, "N_roi": 57, "N_inlier": 54, "refit": true}
{"timestamp": "20:04:14.020524", "frame": 17, "mu": [-0.7832918718338825, 0.35897651568565603, 1.393026547767281], "Sigma": [[0.824159420194965, -0.013352285147152029, 0.0011156067986102507], [-0.013352285147152027, 0.004394048350727734, -0.0016198971954296776], [0.0011156067986102499, -0.0016198971954296776, 0.00518400824957277]], "chi2_level": 0.997, "chi2_df": 3, "chi2_threshold": 13.931422665512084, "N_raw": 58, "N_roi": 58, "N_inlier": 56, "refit": true}
{"timestamp": "20:04:14.076545", "frame": 18, "mu": [-0.9226759560541159, 0.3876676281481132, 1.3890782012370737], "Sigma": [[0.5568151980148657, -0.01551842749589481, -0.012958523598896342], [-0.015518427495894807, 0.005164594785287372, -0.0009069397575689154], [-0.012958523598896342, -0.0009069397575689152, 0.011463192275321065]], "chi2_level": 0.997, "chi2_df": 3, "chi2_threshold": 13.931422665512084, "N_raw": 67, "N_roi": 67, "N_inlier": 64, "refit": true}
{"timestamp": "20:04:14.130043", "frame": 19, "mu": [-1.1211443365147729, 0.4606167302763724, 1.479985422310371], "Sigma": [[0.0064691530873128905, 0.0019252793643080733, 0.001395955343089604], [0.0019252793643080733, 0.005657049367925437, -0.003125888378779031], [0.001395955343089604, -0.003125888378779031, 0.006725223045342594]], "chi2_level": 0.997, "chi2_df": 3, "chi2_threshold": 13.931422665512084, "N_raw": 61, "N_roi": 61, "N_inlier": 61, "refit": true}
{"timestamp": "20:04:14.187456", "frame": 20, "mu": [-1.1104411925050828, 0.40422877202014873, 1.4086894666278718], "Sigma": [[0.007444694791564886, 0.004349223569090995, -0.0012735757385780038], [0.004349223569090995, 0.0049139683445017296, -0.002831671187288772], [-0.0012735757385780042, -0.002831671187288772, 0.018160668988636164]], "chi2_level": 0.997, "chi2_df": 3, "chi2_threshold": 13.931422665512084, "N_raw": 72, "N_roi": 72, "N_inlier": 68, "refit": true}
{"timestamp": "20:04:14.244320", "frame": 21, "mu": [-1.0326994776774565, 0.5476140299315165, 1.40775656355298], "Sigma": [[0.009329989172758431, 0.005195050018300252, -0.0022206188496288752], [0.005195050018300252, 0.00626770833657992, -0.004442819055497248], [-0.002220618849628875, -0.004442819055497248, 0.014265544964398946]], "chi2_level": 0.997, "chi2_df": 3, "chi2_threshold": 13.931422665512084, "N_raw": 75, "N_roi": 75, "N_inlier": 73, "refit": true}
{"timestamp": "20:04:14.299395", "frame": 22, "mu": [-1.0112229696359791, 0.576013596315479, 1.4923346553975418], "Sigma": [[0.015548930457405756, 0.00876336164920811, 0.004156792044156367], [0.00876336164920811, 0.009481463128768674, 0.000733208346315083], [0.004156792044156367, 0.0007332083463150829, 0.007805130108690051]], "chi2_level": 0.997, "chi2_df": 3, "chi2_threshold": 13.931422665512084, "N_raw": 85, "N_roi": 85, "N_inlier": 83, "refit": true}
{"timestamp": "20:04:14.354443", "frame": 23, "mu": [-0.995800498774097, 0.6107533630450325, 1.5702111520664985], "Sigma": [[0.007286185821503258, 0.0019464553579624936, -0.001279568733853717], [0.0019464553579624936, 0.00398009318357202, -0.0039857668275217525], [-0.0012795687338537174, -0.003985766827521753, 0.006254957032455111]], "chi2_level": 0.997, "chi2_df": 3, "chi2_threshold": 13.931422665512084, "N_raw": 52, "N_roi": 52, "N_inlier": 51, "refit": true}
{"timestamp": "20:04:14.408411", "frame": 24, "mu": [-1.0621671789482283, 0.5649841019374405, 1.4696160063171857], "Sigma": [[0.010465522787499478, 0.005557946092200348, 0.0007155790406034086], [0.005557946092200348, 0.0059831070025645845, -0.003529688781159405], [0.0007155790406034086, -0.0035296887811594045, 0.008699973753167532]], "chi2_level": 0.997, "chi2_df": 3, "chi2_threshold": 13.931422665512084, "N_raw": 57, "N_roi": 57, "N_inlier": 54, "refit": true}
{"timestamp": "20:04:14.462383", "frame": 25, "mu": [-0.9233704954813793, 0.6967473759954385, 1.494943842346812], "Sigma": [[0.024103830166955977, 0.008690436974521078, -0.013678776821141193], [0.008690436974521076, 0.005471158760398261, -0.006655058938230628], [-0.013678776821141193, -0.006655058938230627, 0.02100796940978255]], "chi2_level": 0.997, "chi2_df": 3, "chi2_threshold": 13.931422665512084, "N_raw": 53, "N_roi": 53, "N_inlier": 50, "refit": true}
{"timestamp": "20:04:14.520028", "frame": 26, "mu": [-0.9867075507746533, 0.7335688128979717, 1.6919900482972108], "Sigma": [[0.015324323325471317, 0.005687290578140801, -0.015841188483375245], [0.005687290578140801, 0.007687417635436003, -0.011027794194178413], [-0.015841188483375245, -0.011027794194178413, 0.02618834984363344]], "chi2_level": 0.997, "chi2_df": 3, "chi2_threshold": 13.931422665512084, "N_raw": 64, "N_roi": 64, "N_inlier": 60, "refit": true}
{"timestamp": "20:04:14.571126", "frame": 27, "mu": [-0.7861416287660682, 0.8254689689291159, 1.2396133796836355], "Sigma": [[0.06338853225785279, 0.02364173352332246, -0.09498096811847817], [0.02364173352332246, 0.016605317063753365, -0.05034548429330346], [-0.09498096811847817, -0.05034548429330346, 0.25563133231840784]], "chi2_level": 0.997, "chi2_df": 3, "chi2_threshold": 13.931422665512084, "N_raw": 36, "N_roi": 36, "N_inlier": 35, "refit": true}
{"timestamp": "20:04:14.630675", "frame": 28, "mu": [-0.6271919079158771, 0.8920996034107956, 1.0360168789139803], "Sigma": [[0.03142318327683627, 0.008585891384358939, -0.049625312113305495], [0.008585891384358939, 0.005317506513104239, -0.009578476580560897], [-0.049625312113305495, -0.009578476580560897, 0.11384777170159881]], "chi2_level": 0.997, "chi2_df": 3, "chi2_threshold": 13.931422665512084, "N_raw": 62, "N_roi": 62, "N_inlier": 59, "refit": true}
{"timestamp": "20:04:14.687573", "frame": 29, "mu": [-0.55508676129779, 1.045230887676861, 1.407649066188828], "Sigma": [[0.004969347288516425, -0.0027484452553025686, -0.0020921332487330545], [-0.0027484452553025686, 0.004703370758445842, -0.0014849222979055063], [-0.0020921332487330545, -0.001484922297905506, 0.01219256613932125]], "chi2_level": 0.997, "chi2_df": 3, "chi2_threshold": 13.931422665512084, "N_raw": 84, "N_roi": 83, "N_inlier": 80, "refit": true}
{"timestamp": "20:04:14.735766", "frame": 30, "mu": [-0.47366965996233873, 1.0542657068150163, 1.3168745327514126], "Sigma": [[0.0029056386287886647, -0.0023173527059147095, -0.0028383204631150295], [-0.0023173527059147095, 0.0033722715830380237, 0.0020436459257587615], [-0.002838320463115029, 0.002043645925758762, 0.11450702037734056]], "chi2_level": 0.997, "chi2_df": 3, "chi2_threshold": 13.931422665512084, "N_raw": 42, "N_roi": 42, "N_inlier": 41, "refit": true}
{"timestamp": "20:04:14.795045", "frame": 31, "mu": [-0.4443558983404361, 1.1685820120277568, 1.4669315468978994], "Sigma": [[0.00507744702949874, -0.0007342991225124072, -0.003578084022196824], [-0.0007342991225124071, 0.0037370943597874367, -0.0023203973624997703], [-0.003578084022196824, -0.0023203973624997703, 0.005650347668202292]], "chi2_level": 0.997, "chi2_df": 3, "chi2_threshold": 13.931422665512084, "N_raw": 73, "N_roi": 73, "N_inlier": 71, "refit": true}
{"timestamp": "20:04:14.849717", "frame": 32, "mu": [-0.3823930116484963, 1.2013193107954545, 1.488161536360583], "Sigma": [[0.004623950377990031, -0.0017873856952300461, -0.0038150725007669818], [-0.0017873856952300461, 0.004349582930936958, -0.0006769932629732463], [-0.0038150725007669818, -0.0006769932629732463, 0.00603240918842243]], "chi2_level": 0.997, "chi2_df": 3, "chi2_threshold": 13.931422665512084, "N_raw": 70, "N_roi": 70, "N_inlier": 67, "refit": true}
{"timestamp": "20:04:14.908577", "frame": 33, "mu": [-0.36852971437050003, 1.2078657827994523, 0.964363778584254], "Sigma": [[0.014406395404030594, -0.006446427708787544, 0.06089756791917677], [-0.006446427708787544, 0.011182252524826712, -0.027303792860289614], [0.06089756791917677, -0.027303792860289614, 0.41927570038686146]], "chi2_level": 0.997, "chi2_df": 3, "chi2_threshold": 13.931422665512084, "N_raw": 91, "N_roi": 91, "N_inlier": 90, "refit": true}
{"timestamp": "20:04:14.963594", "frame": 34, "mu": [-0.32203590053593023, 1.3777260525047208, -0.12920132750638094], "Sigma": [[0.0051021677754909565, -0.005559606777263984, 0.02447381487913896], [-0.005559606777263984, 0.015724157224050645, -0.05193813239492052], [0.02447381487913896, -0.05193813239492052, 0.32756027125718173]], "chi2_level": 0.997, "chi2_df": 3, "chi2_threshold": 13.931422665512084, "N_raw": 94, "N_roi": 94, "N_inlier": 93, "refit": true}
{"timestamp": "20:04:15.021266", "frame": 35, "mu": [-0.2712371356747023, 1.3003182173715224, 1.3505620504179632], "Sigma": [[0.006825673092278707, -0.0015754195122073618, -0.007232370398409033], [-0.001575419512207362, 0.0024029973018286433, 0.000819534674019909], [-0.007232370398409033, 0.000819534674019909, 0.03928076089992196]], "chi2_level": 0.997, "chi2_df": 3, "chi2_threshold": 13.931422665512084, "N_raw": 106, "N_roi": 106, "N_inlier": 102, "refit": true}
{"timestamp": "20:04:15.075823", "frame": 36, "mu": [-0.24140767700873964, 1.4926745485808806, -0.26771880520623265], "Sigma": [[0.007560009422057942, -0.0036504494674409675, 0.006492729104635894], [-0.0036504494674409675, 0.007000747574131993, -0.014476188893337443], [0.006492729104635895, -0.014476188893337443, 0.07190133858471882]], "chi2_level": 0.997, "chi2_df": 3, "chi2_threshold": 13.931422665512084, "N_raw": 101, "N_roi": 101, "N_inlier": 98, "refit": true}
{"timestamp": "20:04:15.134485", "frame": 37, "mu": [-0.16553176928341823, 1.551948925989949, -0.3158516445566137], "Sigma": [[0.00827410720028263, -0.003257864970183777, 0.010593495428009109], [-0.003257864970183777, 0.009160179936370201, -0.015203590159659735], [0.010593495428009109, -0.015203590159659735, 0.07853889637839974]], "chi2_level": 0.997, "chi2_df": 3, "chi2_threshold": 13.931422665512084, "N_raw": 131, "N_roi": 131, "N_inlier": 128, "refit": true}
{"timestamp": "20:04:15.191758", "frame": 38, "mu": [-0.17791988693224106, 1.6623686731625797, -0.5269588983652105], "Sigma": [[0.01645819887369973, -0.012585422396247783, 0.04468100616675125], [-0.012585422396247783, 0.020136981199431872, -0.06674363915852151], [0.04468100616675125, -0.06674363915852152, 0.26638228677883974]], "chi2_level": 0.997, "chi2_df": 3, "chi2_threshold": 13.931422665512084, "N_raw": 140, "N_roi": 140, "N_inlier": 138, "refit": true}
{"timestamp": "20:04:15.245799", "frame": 39, "mu": [-0.10405382073532089, 1.4842829798340358, 0.9772865771329624], "Sigma": [[0.02519443208717636, -0.002442838330015813, 0.06230446879197612], [-0.002442838330015813, 0.003946833604855035, 7.82172051127716e-05], [0.06230446879197612, 7.821720511277225e-05, 0.2743944335689095]], "chi2_level": 0.997, "chi2_df": 3, "chi2_threshold": 13.931422665512084, "N_raw": 132, "N_roi": 132, "N_inlier": 131, "refit": true}
{"timestamp": "20:04:15.300555", "frame": 40, "mu": [-0.001876811016064052, 1.6265523341653703, -0.7130400698893663], "Sigma": [[0.013056280190469635, 0.0012277668908978244, 0.043160408957496385], [0.0012277668908978246, 0.013109060342175407, -0.007605367332019025], [0.0431604089574964, -0.007605367332019027, 0.3136269704299465]], "chi2_level": 0.997, "chi2_df": 3, "chi2_threshold": 13.931422665512084, "N_raw": 131, "N_roi": 130, "N_inlier": 129, "refit": true}
{"timestamp": "20:04:15.357496", "frame": 41, "mu": [0.03973369573136073, 1.5157331206738711, 0.962241753508242], "Sigma": [[0.008300434412085675, -0.00455634983806031, 0.01959919762337045], [-0.00455634983806031, 0.007721031763324963, -0.017806381658553548], [0.019599197623370448, -0.017806381658553548, 0.14470795789135674]], "chi2_level": 0.997, "chi2_df": 3, "chi2_threshold": 13.931422665512084, "N_raw": 116, "N_roi": 116, "N_inlier": 114, "refit": true}
{"timestamp": "20:04:15.399316", "frame": 42, "mu": [0.13017845746333706, 1.5346149349279898, 1.1560792192555303], "Sigma": [[0.003456209057827955, -0.0013268322969836178, -0.007636101118346275], [-0.0013268322969836178, 0.002768212736815195, -0.0011208266262970122], [-0.007636101118346275, -0.0011208266262970122, 0.05317089507637744]], "chi2_level": 0.997, "chi2_df": 3, "chi2_threshold": 13.931422665512084, "N_raw": 62, "N_roi": 62, "N_inlier": 58, "refit": true}
{"timestamp": "20:04:15.451533", "frame": 43, "mu": [0.18859296943724557, 1.485387686422926, 1.1058842575683978], "Sigma": [[0.0032585285868249395, 0.0064619739751535345, 0.007863698601135902], [0.0064619739751535345, 0.0905442138974541, 0.15395576208181982], [0.007863698601135904, 0.1539557620818198, 0.39134044739050383]], "chi2_level": 0.997, "chi2_df": 3, "chi2_threshold": 13.931422665512084, "N_raw": 39, "N_roi": 38, "N_inlier": 37, "refit": true}
{"timestamp": "20:04:15.508142", "frame": 44, "mu": [0.17205089740387358, 1.7308199735990966, 1.0627872762616073], "Sigma": [[0.008104610184074644, -0.004949456615812505, -0.021120542095802733], [-0.004949456615812505, 0.00662725718560028, 0.018986351949105924], [-0.021120542095802733, 0.01898635194910592, 0.1663049474624996]], "chi2_level": 0.997, "chi2_df": 3, "chi2_threshold": 13.931422665512084, "N_raw": 51, "N_roi": 48, "N_inlier": 46, "refit": true}
{"timestamp": "20:04:15.562667", "frame": 45, "mu": [0.27551052008798466, 1.7370731937267883, 1.3623688422914209], "Sigma": [[0.004065055857301543, 0.0005101879163511224, -0.004338999535053201], [0.0005101879163511224, 0.004180675946811448, -0.0030959667096100586], [-0.004338999535053201, -0.003095966709610059, 0.007892149524373778]], "chi2_level": 0.997, "chi2_df": 3, "chi2_threshold": 13.931422665512084, "N_raw": 56, "N_roi": 56, "N_inlier": 51, "refit": true}
{"timestamp": "20:04:15.617887", "frame": 46, "mu": [0.28475870543778786, 1.8107803073747923, 1.4161306065606698], "Sigma": [[0.005167186404385008, -0.002019397931413343, -0.0022137633286654426], [-0.002019397931413343, 0.0067225010771390144, 0.0007687130292060101], [-0.0022137633286654426, 0.0007687130292060101, 0.0013366348844450883]], "chi2_level": 0.997, "chi2_df": 3, "chi2_threshold": 13.931422665512084, "N_raw": 59, "N_roi": 59, "N_inlier": 55, "refit": true}
{"timestamp": "20:04:15.675904", "frame": 47, "mu": [0.3482027565669752, 1.8218616674534038, 1.272959231008983], "Sigma": [[0.005467117924068467, 0.0021078816159483937, 0.0006321004717652415], [0.0021078816159483932, 0.006890524782286362, 0.004357335281129204], [0.0006321004717652421, 0.004357335281129204, 0.13826215207274536]], "chi2_level": 0.997, "chi2_df": 3, "chi2_threshold": 13.931422665512084, "N_raw": 66, "N_roi": 66, "N_inlier": 64, "refit": true}
{"timestamp": "20:04:15.728801", "frame": 48, "mu": [0.39749142572221674, 1.8188596711018146, 0.9974088379821341], "Sigma": [[0.015533757440202295, 0.0074077731357983165, 0.04229563657893249], [0.0074077731357983165, 0.009569098817824908, 0.032629677694531074], [0.04229563657893249, 0.032629677694531074, 0.2817010817180808]], "chi2_level": 0.997, "chi2_df": 3, "chi2_threshold": 13.931422665512084, "N_raw": 64, "N_roi": 64, "N_inlier": 62, "refit": true}
{"timestamp": "20:04:15.784971", "frame": 49, "mu": [0.4399329390477523, 1.991859374001697, 1.3032509783370418], "Sigma": [[0.010775638061143329, -0.003823476360015057, 0.017331993875234365], [-0.003823476360015057, 0.005093665209858842, -0.0005201069125654236], [0.017331993875234368, -0.0005201069125654237, 0.21869705087878918]], "chi2_level": 0.997, "chi2_df": 3, "chi2_threshold": 13.931422665512084, "N_raw": 65, "N_roi": 65, "N_inlier": 64, "refit": true}
{"timestamp": "20:04:15.842644", "frame": 50, "mu": [0.517726526065128, 1.9972377873138578, 1.237682961685528], "Sigma": [[0.008453393059372996, -0.004908852395734539, 0.0099268619577481], [-0.00490885239573454, 0.00828842785543378, -0.014248731199789722], [0.0099268619577481, -0.014248731199789722, 0.0455189781852785]], "chi2_level": 0.997, "chi2_df": 3, "chi2_threshold": 13.931422665512084, "N_raw": 91, "N_roi": 91, "N_inlier": 87, "refit": true}
{"timestamp": "20:04:15.896007", "frame": 51, "mu": [0.5631363031544413, 2.0429324820312242, 1.403199241606559], "Sigma": [[0.0065279413904807855, -0.0027186284277357616, -0.014976745109275255], [-0.0027186284277357616, 0.006387170331622771, 0.003323812386958155], [-0.014976745109275253, 0.003323812386958154, 0.08935916150559252]], "chi2_level": 0.997, "chi2_df": 3, "chi2_threshold": 13.931422665512084, "N_raw": 65, "N_roi": 65, "N_inlier": 61, "refit": true}
{"timestamp": "20:04:15.945841", "frame": 52, "mu": [0.6302928838097763, 2.0480329022625243, 1.327623713444112], "Sigma": [[0.00570539580958816, -0.0038807759297679045, -0.012952216214946846], [-0.0038807759297679037, 0.00843552585701911, 0.034172085187432796], [-0.012952216214946844, 0.03417208518743279, 0.27230162793137686]], "chi2_level": 0.997, "chi2_df": 3, "chi2_threshold": 13.931422665512084, "N_raw": 43, "N_roi": 43, "N_inlier": 41, "refit": true}
{"timestamp": "20:04:16.006373", "frame": 53, "mu": [0.6400114591922716, 2.186487516013834, -0.48752182755338846], "Sigma": [[0.008127908795563393, -0.0006308316643829197, 0.02599868704267871], [-0.0006308316643829199, 0.004899838817181396, -0.0031459043457454754], [0.02599868704267871, -0.0031459043457454754, 0.15197361773894993]], "chi2_level": 0.997, "chi2_df": 3, "chi2_threshold": 13.931422665512084, "N_raw": 72, "N_roi": 72, "N_inlier": 68, "refit": true}
{"timestamp": "20:04:16.057743", "frame": 54, "mu": [0.7209014068910421, 2.1472800746568543, 0.9317370581067465], "Sigma": [[0.005348250665069381, -0.0017879266561174666, -0.009062991043454871], [-0.0017879266561174664, 0.004402905298033816, -0.010655374946286031], [-0.009062991043454871, -0.010655374946286033, 0.15352105013566855]], "chi2_level": 0.997, "chi2_df": 3, "chi2_threshold": 13.931422665512084, "N_raw": 29, "N_roi": 29, "N_inlier": 27, "refit": true}
{"timestamp": "20:04:16.113658", "frame": 55, "mu": [0.792428614976856, 2.187892900843038, 0.9937311577736924], "Sigma": [[0.011565901515196484, 0.0005592462479437969, 0.03186932150300052], [0.0005592462479437969, 0.0042423244948960595, 0.0213726323861144], [0.03186932150300052, 0.0213726323861144, 0.27692079552510585]], "chi2_level": 0.997, "chi2_df": 3, "chi2_threshold": 13.931422665512084, "N_raw": 64, "N_roi": 63, "N_inlier": 62, "refit": true}
{"timestamp": "20:04:16.171726", "frame": 56, "mu": [0.8968064411003894, 2.269711553824835, -0.2995144463989654], "Sigma": [[0.014560360130253441, 0.002003580540311608, 0.08712184509093641], [0.002003580540311608, 0.011261428453773122, -0.003366544770644808], [0.08712184509093643, -0.0033665447706448053, 0.740214780917187]], "chi2_level": 0.997, "chi2_df": 3, "chi2_threshold": 13.931422665512084, "N_raw": 83, "N_roi": 83, "N_inlier": 81, "refit": true}
{"timestamp": "20:04:16.219260", "frame": 57, "mu": [0.8231359738820683, 2.209864211915389, 0.43343627828139775], "Sigma": [[0.020148138471040043, 0.006340795447689191, 0.013638828442485002], [0.006340795447689191, 0.0033154088559116226, 0.01314478345845024], [0.013638828442485002, 0.01314478345845024, 0.22412681971284823]], "chi2_level": 0.997, "chi2_df": 3, "chi2_threshold": 13.931422665512084, "N_raw": 26, "N_roi": 26, "N_inlier": 25, "refit": true}
{"timestamp": "20:04:16.280604", "frame": 58, "mu": [0.9292887097952893, 2.4146014545412973, -0.4650385423535511], "Sigma": [[0.018877672882414917, 0.004122010213597529, 0.06205374085922044], [0.004122010213597529, 0.01289414805268011, 0.008658249439676002], [0.062053740859220434, 0.008658249439676002, 0.5679095076641536]], "chi2_level": 0.997, "chi2_df": 3, "chi2_threshold": 13.931422665512084, "N_raw": 70, "N_roi": 70, "N_inlier": 69, "refit": true}
{"timestamp": "20:04:16.330983", "frame": 59, "mu": [1.053614285902747, 2.373340497240462, 1.4445889753172059], "Sigma": [[0.008508084377684058, -0.00229669867814396, -0.0025523305751112197], [-0.00229669867814396, 0.0037194741555283107, -0.00020579232180940806], [-0.0025523305751112197, -0.000205792321809408, 0.00699328868293546]], "chi2_level": 0.997, "chi2_df": 3, "chi2_threshold": 13.931422665512084, "N_raw": 40, "N_roi": 40, "N_inlier": 38, "refit": true}
{"timestamp": "20:04:16.385777", "frame": 60, "mu": [1.0904441207992994, 2.392375700774526, 1.2905511494983775], "Sigma": [[0.008122684650068377, -0.0038797144405654455, -0.0018680542371348856], [-0.0038797144405654455, 0.003565709928571876, -0.0021782358993822134], [-0.001868054237134886, -0.0021782358993822134, 0.017522434978056063]], "chi2_level": 0.997, "chi2_df": 3, "chi2_threshold": 13.931422665512084, "N_raw": 43, "N_roi": 43, "N_inlier": 40, "refit": true}
{"timestamp": "20:04:16.439439", "frame": 61, "mu": [1.1326086635248842, 2.576797990900131, -0.18093368930836762], "Sigma": [[0.006860651984300662, -0.0017559162474467252, -0.011481174457777642], [-0.0017559162474467247, 0.02293718271612398, -0.06308006578828207], [-0.011481174457777644, -0.06308006578828207, 0.2656423265891734]], "chi2_level": 0.997, "chi2_df": 3, "chi2_threshold": 13.931422665512084, "N_raw": 30, "N_roi": 30, "N_inlier": 29, "refit": true}
{"timestamp": "20:04:16.497707", "frame": 62, "mu": [1.2155096173302011, 2.477027820540689, 1.2163893483489836], "Sigma": [[0.008555423178770793, -0.0045923909158022864, -0.0040485656632069265], [-0.0045923909158022864, 0.006456385454932661, -0.0011114638240079149], [-0.0040485656632069265, -0.001111463824007915, 0.006142274229277948]], "chi2_level": 0.997, "chi2_df": 3, "chi2_threshold": 13.931422665512084, "N_raw": 48, "N_roi": 47, "N_inlier": 44, "refit": true}
{"timestamp": "20:04:16.549754", "frame": 63, "mu": [1.2130470544755276, 2.503682222830903, 1.3243847563877857], "Sigma": [[0.005946072652673499, -0.008683380620778692, -0.01321048027053927], [-0.00868338062077869, 0.10991741611884993, 0.16513008866002224], [-0.01321048027053927, 0.16513008866002224, 0.26327017585222867]], "chi2_level": 0.997, "chi2_df": 3, "chi2_threshold": 13.931422665512084, "N_raw": 31, "N_roi": 28, "N_inlier": 26, "refit": true}
{"timestamp": "20:04:16.603589", "frame": 64, "mu": [1.2087646199611428, 2.6621587259178887, 1.3417789852064244], "Sigma": [[0.008708357641750734, -0.004010781190528215, -0.009053342724226886], [-0.004010781190528216, 0.003606573017559638, 0.0055880824206126535], [-0.009053342724226887, 0.0055880824206126535, 0.03351318830262987]], "chi2_level": 0.997, "chi2_df": 3, "chi2_threshold": 13.931422665512084, "N_raw": 30, "N_roi": 26, "N_inlier": 25, "refit": true}
{"timestamp": "20:04:16.655336", "frame": 65, "mu": [1.3131945248249766, 2.5869482425670043, 0.8307074814951685], "Sigma": [[0.002037674335919116, -0.0019790792770864474, -0.014526592656440709], [-0.0019790792770864474, 0.007305232902307653, 0.027203855280162535], [-0.014526592656440709, 0.027203855280162538, 0.16930090793566485]], "chi2_level": 0.997, "chi2_df": 3, "chi2_threshold": 13.931422665512084, "N_raw": 10, "N_roi": 9, "N_inlier": 9, "refit": true}
{"timestamp": "20:04:16.712727", "frame": 66, "mu": [1.3009372573959164, 2.6465101967046074, 0.5820477983589114], "Sigma": [[0.006035198169362917, -0.0038275591232161035, -0.00891748870666039], [-0.0038275591232161035, 0.006332407270812547, 0.01715822855427213], [-0.00891748870666039, 0.017158228554272126, 0.09313142121691875]], "chi2_level": 0.997, "chi2_df": 3, "chi2_threshold": 13.931422665512084, "N_raw": 21, "N_roi": 20, "N_inlier": 20, "refit": true}
{"timestamp": "20:04:16.765923", "frame": 67, "mu": [1.3542630763626453, 2.5847482362270275, 0.8356164589900708], "Sigma": [[0.00809205102351578, -0.06463607561317518, -0.0679759142647538], [-0.06463607561317516, 0.5591232915290437, 0.5512585440631917], [-0.0679759142647538, 0.5512585440631917, 0.6211032800566844]], "chi2_level": 0.997, "chi2_df": 3, "chi2_threshold": 13.931422665512084, "N_raw": 7, "N_roi": 7, "N_inlier": 7, "refit": true}
{"timestamp": "20:04:16.820837", "frame": 68, "mu": [1.415415222286991, 3.0021298125417664, -0.11991947966559685], "Sigma": [[0.003247852571414736, 0.005445965269196506, -0.027009225296817128], [0.005445965269196508, 0.013361168827886518, -0.048618231096647604], [-0.02700922529681713, -0.048618231096647604, 0.23137447878465264]], "chi2_level": 0.997, "chi2_df": 3, "chi2_threshold": 13.931422665512084, "N_raw": 7, "N_roi": 7, "N_inlier": 7, "refit": true}
{"timestamp": "20:04:16.876407", "frame": 69, "mu": [1.5234948316087042, 2.900086136706259, 1.087201956885402], "Sigma": [[0.004030373005409587, -0.0031406937177409187, -0.0017125377684904769], [-0.0031406937177409187, 0.004917797193058149, -0.003729393648473375], [-0.0017125377684904766, -0.003729393648473375, 0.021300310394876266]], "chi2_level": 0.997, "chi2_df": 3, "chi2_threshold": 13.931422665512084, "N_raw": 14, "N_roi": 12, "N_inlier": 11, "refit": true}
{"timestamp": "20:04:16.930947", "frame": 70, "mu": [1.3521514608796692, 2.8043866028277744, 1.221592666664527], "Sigma": [[0.18989731290845713, 0.3396922408505834, -0.12587228628449418], [0.3396922408505834, 0.6164317688651552, -0.2341911259403525], [-0.12587228628449415, -0.23419112594035246, 0.14296002206615474]], "chi2_level": 0.997, "chi2_df": 3, "chi2_threshold": 13.931422665512084, "N_raw": 9, "N_roi": 9, "N_inlier": 9, "refit": true}
{"timestamp": "20:04:17.040680", "frame": 72, "mu": [1.7622710289980974, 2.900620909522335, 0.35244263499757394], "Sigma": [[0.004098124773805514, -0.0022028846322772575, -0.008239470765950663], [-0.002202884632277257, 0.0025450683404918237, 0.008855930265247692], [-0.008239470765950663, 0.008855930265247692, 0.05115922929353993]], "chi2_level": 0.997, "chi2_df": 3, "chi2_threshold": 13.931422665512084, "N_raw": 11, "N_roi": 11, "N_inlier": 11, "refit": true}
{"timestamp": "20:04:17.095103", "frame": 73, "mu": [1.6670959164897599, 3.0349155882775043, 1.0999500290006519], "Sigma": [[0.0029099280870852986, -0.00029071866786739965, -0.019033787554275587], [-0.00029071866786739954, 0.0008224347761162534, 0.0060709308948545815], [-0.019033787554275587, 0.006070930894854582, 0.162669908916758]], "chi2_level": 0.997, "chi2_df": 3, "chi2_threshold": 13.931422665512084, "N_raw": 7, "N_roi": 7, "N_inlier": 7, "refit": true}
{"timestamp": "20:04:17.205409", "frame": 75, "mu": [1.6041276519474228, 2.943675769577951, -0.5465496822626317], "Sigma": [[0.19930177992803433, 0.38704067200282255, -0.06125072978380902], [0.3870406720028226, 0.7525739891343827, -0.11321126316437354], [-0.06125072978380902, -0.11321126316437352, 0.05952684985733957]], "chi2_level": 0.997, "chi2_df": 3, "chi2_threshold": 13.931422665512084, "N_raw": 7, "N_roi": 7, "N_inlier": 7, "refit": true}
{"timestamp": "20:04:17.260130", "frame": 76, "mu": [1.6283442469952307, 2.8964855878111484, 0.8540581408054819], "Sigma": [[0.21155316621034315, 0.3866100512980737, -0.14838835129952255], [0.38661005129807374, 0.7189362708299396, -0.2412364993276914], [-0.14838835129952255, -0.2412364993276914, 0.17762806656712016]], "chi2_level": 0.997, "chi2_df": 3, "chi2_threshold": 13.931422665512084, "N_raw": 7, "N_roi": 7, "N_inlier": 7, "refit": true}
{"timestamp": "20:04:17.591482", "frame": 82, "mu": [1.9245934822962771, 3.5270112786758028, 1.5110678428285027], "Sigma": [[0.004080270562633188, -0.000803206379812946, -0.001307916340455493], [-0.000803206379812946, 0.003390073299759045, -0.0033804858191668176], [-0.001307916340455493, -0.0033804858191668176, 0.005899785681327041]], "chi2_level": 0.997, "chi2_df": 3, "chi2_threshold": 13.931422665512084, "N_raw": 13, "N_roi": 10, "N_inlier": 10, "refit": true}
{"timestamp": "20:04:18.196998", "frame": 93, "mu": [2.2465774751671046, 3.53640211018124, 1.4817738247351082], "Sigma": [[0.46037192348629524, 0.7104205267456208, -0.13525695778002134], [0.7104205267456208, 1.0980069108764483, -0.21406435177411276], [-0.13525695778002136, -0.21406435177411273, 0.07189469631783063]], "chi2_level": 0.997, "chi2_df": 3, "chi2_threshold": 13.931422665512084, "N_raw": 14, "N_roi": 7, "N_inlier": 7, "refit": true}
