{"timestamp": "20:08:52.076797", "frame": 6, "mu": [1.6034174389476963, 0.8647717497433285, 1.3509959615843787], "Sigma": [[0.002116672949727041, -0.0015849912440824012, -0.0030950068955102267], [-0.0015849912440824012, 0.00606331239667756, -0.005012722369119317], [-0.0030950068955102267, -0.005012722369119317, 0.024874886120328458]], "chi2_level": 0.997, "chi2_df": 3, "chi2_threshold": 13.931422665512084, "N_raw": 17, "N_roi": 17, "N_inlier": 17, "refit": true}
{"timestamp": "20:08:52.130657", "frame": 7, "mu": [1.5823133996083942, 0.8403821458026206, 1.44443030484539], "Sigma": [[0.004571336949526745, -0.003842067474967438, -0.010040722730222489], [-0.003842067474967438, 0.006264170501612871, 0.012198846239963248], [-0.010040722730222489, 0.012198846239963246, 0.03410715858508117]], "chi2_level": 0.997, "chi2_df": 3, "chi2_threshold": 13.931422665512084, "N_raw": 9, "N_roi": 9, "N_inlier": 9, "refit": true}
{"timestamp": "20:08:52.186059", "frame": 8, "mu": [1.548284929247011, 0.8326977422616421, 1.2184962690482217], "Sigma": [[0.005381473286770005, -0.006031471653535069, -0.025868472198129083], [-0.006031471653535069, 0.00951752268141273, 0.030389462980350685], [-0.025868472198129083, 0.03038946298035069, 0.13031436299432347]], "chi2_level": 0.997, "chi2_df": 3, "chi2_threshold": 13.931422665512084, "N_raw": 9, "N_roi": 9, "N_inlier": 9, "refit": true}
{"timestamp": "20:08:52.240973", "frame": 9, "mu": [1.5945739671487849, 0.7111159713616876, 1.1883748486951677], "Sigma": [[0.005988319596125973, -0.006391242411435629, -0.00951198428869563], [-0.006391242411435629, 0.01213465541237719, 0.002051202025602726], [-0.00951198428869563, 0.0020512020256027268, 0.03330323243996932]], "chi2_level": 0.997, "chi2_df": 3, "chi2_threshold": 13.931422665512084, "N_raw": 10, "N_roi": 10, "N_inlier": 10, "refit": true}
{"timestamp": "20:08:52.297401", "frame": 10, "mu": [1.5081949132468522, 0.8478233344501822, 1.3392287558735905], "Sigma": [[0.00305050367125345, -0.00032255031374910656, -0.007293853804845897], [-0.00032255031374910667, 0.0052226953413887145, -0.006082551771531669], [-0.007293853804845896, -0.006082551771531669, 0.03725528772616215]], "chi2_level": 0.997, "chi2_df": 3, "chi2_threshold": 13.931422665512084, "N_raw": 19, "N_roi": 19, "N_inlier": 19, "refit": true}
{"timestamp": "20:08:52.351837", "frame": 11, "mu": [1.4849336434864155, 0.8884282022802977, 1.2752222562446023], "Sigma": [[0.0058888342010852985, -0.00252952347532144, -0.0176639184265069], [-0.00252952347532144, 0.004719449759117509, 0.004967957620890342], [-0.0176639184265069, 0.004967957620890341, 0.06664080800659569]], "chi2_level": 0.997, "chi2_df": 3, "chi2_threshold": 13.931422665512084, "N_raw": 12, "N_roi": 12, "N_inlier": 12, "refit": true}
{"timestamp": "20:08:52.407950", "frame": 12, "mu": [1.4284748364917865, 0.8639193492436218, 1.4371429582446689], "Sigma": [[0.00449002228454801, -0.0030362829499613465, -0.0033174166857507245], [-0.0030362829499613465, 0.005705446207093608, 0.0024196189186540297], [-0.003317416685750724, 0.0024196189186540297, 0.0049278846101990445]], "chi2_level": 0.997, "chi2_df": 3, "chi2_threshold": 13.931422665512084, "N_raw": 25, "N_roi": 25, "N_inlier": 24, "refit": true}
{"timestamp": "20:08:52.465068", "frame": 13, "mu": [1.3675280566074355, 0.8789044064690766, 1.4040529847415881], "Sigma": [[0.0045230624649684895, -3.0583505847042464e-05, -0.00720362465286902], [-3.0583505847042464e-05, 0.0041859733968722815, -0.0007875575033120081], [-0.00720362465286902, -0.0007875575033120085, 0.023332295090294806]], "chi2_level": 0.997, "chi2_df": 3, "chi2_threshold": 13.931422665512084, "N_raw": 25, "N_roi": 25, "N_inlier": 24, "refit": true}
{"timestamp": "20:08:52.521688", "frame": 14, "mu": [1.3917446896024337, 0.8071261205323336, 1.3528566216284332], "Sigma": [[0.0054369911527930035, -0.0014305637509490349, -0.00188457311267671], [-0.0014305637509490344, 0.0056164450708652055, -0.0005312504938661932], [-0.00188457311267671, -0.0005312504938661932, 0.0014317489692620012]], "chi2_level": 0.997, "chi2_df": 3, "chi2_threshold": 13.931422665512084, "N_raw": 35, "N_roi": 35, "N_inlier": 32, "refit": true}
{"timestamp": "20:08:52.573640", "frame": 15, "mu": [1.2854272138467648, 0.8640475098203135, 1.2725876406310617], "Sigma": [[0.004166595633798867, 0.00023011477642452627, -0.012238446537025258], [0.0002301147764245263, 0.0027285572511127516, 0.008299461974202392], [-0.012238446537025258, 0.008299461974202392, 0.06590462817119776]], "chi2_level": 0.997, "chi2_df": 3, "chi2_threshold": 13.931422665512084, "N_raw": 7, "N_roi": 7, "N_inlier": 7, "refit": true}
{"timestamp": "20:08:52.628051", "frame": 16, "mu": [1.3028230217436874, 0.7399286987639144, 1.0484431251518125], "Sigma": [[0.01669662147754889, -0.009400567332115079, 0.020421542199771294], [-0.009400567332115079, 0.011083398315089074, 0.010653051270208377], [0.020421542199771294, 0.010653051270208377, 0.17178072131021385]], "chi2_level": 0.997, "chi2_df": 3, "chi2_threshold": 13.931422665512084, "N_raw": 13, "N_roi": 13, "N_inlier": 13, "refit": true}
{"timestamp": "20:08:52.686233", "frame": 17, "mu": [1.1741954854261023, 0.8654507612590955, 1.3704064614512663], "Sigma": [[0.005133521810865655, -0.002592593597447371, -0.004499928773859125], [-0.002592593597447371, 0.0034414976777178063, -0.00041208457881841904], [-0.004499928773859125, -0.00041208457881841915, 0.01198192883310671]], "chi2_level": 0.997, "chi2_df": 3, "chi2_threshold": 13.931422665512084, "N_raw": 25, "N_roi": 25, "N_inlier": 25, "refit": true}
{"timestamp": "20:08:52.744992", "frame": 18, "mu": [1.0908704906010465, 0.8846894574562544, 1.3524467151797797], "Sigma": [[0.00666164394192637, -0.002446768256333303, -0.00993176980193668], [-0.002446768256333303, 0.007486061482031418, -0.0042922204919988915], [-0.00993176980193668, -0.004292220491998891, 0.02580452157527591]], "chi2_level": 0.997, "chi2_df": 3, "chi2_threshold": 13.931422665512084, "N_raw": 43, "N_roi": 43, "N_inlier": 42, "refit": true}
{"timestamp": "20:08:52.798661", "frame": 19, "mu": [1.0069906874036214, 0.8946921728414541, 1.364986552920708], "Sigma": [[0.006783293202640102, -0.002722635640804782, -0.004937651047861775], [-0.002722635640804782, 0.0034489177944850846, 0.0005964367710792717], [-0.004937651047861775, 0.0005964367710792717, 0.005171633751701733]], "chi2_level": 0.997, "chi2_df": 3, "chi2_threshold": 13.931422665512084, "N_raw": 46, "N_roi": 46, "N_inlier": 43, "refit": true}
{"timestamp": "20:08:52.854421", "frame": 20, "mu": [0.9543290852626236, 1.0266623015922585, -0.4095518902887405], "Sigma": [[0.00683248017853817, 0.0017656808261947523, -0.00528116598022965], [0.0017656808261947519, 0.003281868284598229, -0.0006834116576524083], [-0.005281165980229651, -0.0006834116576524084, 0.02520197626198117]], "chi2_level": 0.997, "chi2_df": 3, "chi2_threshold": 13.931422665512084, "N_raw": 57, "N_roi": 57, "N_inlier": 55, "refit": true}
{"timestamp": "20:08:52.905824", "frame": 21, "mu": [0.8733126632276715, 0.9003735811206739, 1.4129962332554165], "Sigma": [[0.004845838672894931, -0.00177258603292063, -0.00696673180760284], [-0.00177258603292063, 0.0017443908115899987, 0.0015799058310185946], [-0.00696673180760284, 0.0015799058310185944, 0.011730670065649925]], "chi2_level": 0.997, "chi2_df": 3, "chi2_threshold": 13.931422665512084, "N_raw": 25, "N_roi": 25, "N_inlier": 24, "refit": true}
{"timestamp": "20:08:52.964463", "frame": 22, "mu": [0.8766821693847175, 0.8787001488311786, 1.361788199729478], "Sigma": [[0.010321632333900677, 0.00030586569825517005, -0.008615897558223258], [0.00030586569825517, 0.0011691306016986995, -0.0006024499137065671], [-0.008615897558223258, -0.0006024499137065672, 0.013115430108920715]], "chi2_level": 0.997, "chi2_df": 3, "chi2_threshold": 13.931422665512084, "N_raw": 40, "N_roi": 40, "N_inlier": 36, "refit": true}
{"timestamp": "20:08:53.014402", "frame": 23, "mu": [0.8701099023785654, 0.8111174543378212, 0.9422447994261468], "Sigma": [[0.007184460581381098, -0.004935294849908895, -0.02960231524506825], [-0.004935294849908895, 0.007304495495258468, 0.040668479062858594], [-0.02960231524506825, 0.040668479062858594, 0.29481944326550663]], "chi2_level": 0.997, "chi2_df": 3, "chi2_threshold": 13.931422665512084, "N_raw": 17, "N_roi": 17, "N_inlier": 14, "refit": true}
{"timestamp": "20:08:53.070213", "frame": 24, "mu": [0.8267681186556943, 1.0829306508811172, -0.8274085073917377], "Sigma": [[0.02290166394582685, 0.01314515387016671, -0.08734169178805398], [0.013145153870166713, 0.011193835107637119, -0.04692202641929018], [-0.08734169178805398, -0.04692202641929018, 0.3602059252348853]], "chi2_level": 0.997, "chi2_df": 3, "chi2_threshold": 13.931422665512084, "N_raw": 11, "N_roi": 11, "N_inlier": 10, "refit": true}
{"timestamp": "20:08:53.123146", "frame": 25, "mu": [0.6844521319307421, 0.85415842410936, 0.9863551106740777], "Sigma": [[0.00788982761153263, -0.0002452137268908037, 0.01247835408908339], [-0.00024521372689080377, 0.001392489602473915, 0.01611037777309378], [0.01247835408908339, 0.01611037777309378, 0.41070831308492856]], "chi2_level": 0.997, "chi2_df": 3, "chi2_threshold": 13.931422665512084, "N_raw": 9, "N_roi": 9, "N_inlier": 9, "refit": true}
{"timestamp": "20:08:53.187216", "frame": 26, "mu": [0.6315656943515676, 1.0004827751997976, -0.39587617881194204], "Sigma": [[0.003226662832915259, 0.002062524365675117, 0.0009636246004242402], [0.002062524365675117, 0.004897101572436544, -0.0012784258088362243], [0.00096362460042424, -0.0012784258088362243, 0.017991402434109603]], "chi2_level": 0.997, "chi2_df": 3, "chi2_threshold": 13.931422665512084, "N_raw": 66, "N_roi": 66, "N_inlier": 62, "refit": true}
{"timestamp": "20:08:53.244040", "frame": 27, "mu": [0.6159583795240348, 0.9074782463137187, 1.3327025828952386], "Sigma": [[0.004557648158172363, -0.0013080294125776112, -0.006303115257806984], [-0.001308029412577611, 0.003077808113433743, -0.0013915000921318698], [-0.006303115257806982, -0.0013915000921318698, 0.01937083681317764]], "chi2_level": 0.997, "chi2_df": 3, "chi2_threshold": 13.931422665512084, "N_raw": 86, "N_roi": 86, "N_inlier": 83, "refit": true}
{"timestamp": "20:08:53.298612", "frame": 28, "mu": [0.572250124292539, 1.035036393094546, -0.41146921386443375], "Sigma": [[0.004553946068521692, 0.000789771172497732, -0.0034775306681454413], [0.0007897711724977319, 0.0037921724415298673, -0.0030588835612939537], [-0.0034775306681454413, -0.0030588835612939537, 0.006085708438445035]], "chi2_level": 0.997, "chi2_df": 3, "chi2_threshold": 13.931422665512084, "N_raw": 73, "N_roi": 73, "N_inlier": 68, "refit": true}
{"timestamp": "20:08:53.350097", "frame": 29, "mu": [0.49810401799380477, 0.8806964720579197, 1.2481292989772137], "Sigma": [[0.002949921628036916, -0.002683860528076916, -0.0009689138508744246], [-0.002683860528076916, 0.0051782535788915856, -0.0006898151711465017], [-0.0009689138508744246, -0.0006898151711465018, 0.009598924467021135]], "chi2_level": 0.997, "chi2_df": 3, "chi2_threshold": 13.931422665512084, "N_raw": 59, "N_roi": 59, "N_inlier": 57, "refit": true}
{"timestamp": "20:08:53.401724", "frame": 30, "mu": [0.377843948639327, 0.9116139594731839, 1.450571978917797], "Sigma": [[0.0019909617401623458, 0.00021941702956558486, -0.0012900837113460236], [0.00021941702956558486, 0.0021578273209908426, -0.0017602084991799848], [-0.0012900837113460236, -0.0017602084991799848, 0.002535770673392797]], "chi2_level": 0.997, "chi2_df": 3, "chi2_threshold": 13.931422665512084, "N_raw": 37, "N_roi": 37, "N_inlier": 34, "refit": true}
{"timestamp": "20:08:53.456922", "frame": 31, "mu": [0.4293123986040195, 1.106745485694454, -0.4711875277240564], "Sigma": [[0.0031320657764679558, -0.0003383942483390751, -0.0019271311600977444], [-0.0003383942483390751, 0.0024839179274072907, -0.0018468459576740609], [-0.001927131160097744, -0.0018468459576740609, 0.0035927697278018227]], "chi2_level": 0.997, "chi2_df": 3, "chi2_threshold": 13.931422665512084, "N_raw": 32, "N_roi": 32, "N_inlier": 30, "refit": true}
{"timestamp": "20:08:53.518495", "frame": 32, "mu": [0.24537554159944155, 0.9483409364965423, -0.21709872691453888], "Sigma": [[0.001970408193718712, 0.0011621623762462572, 0.022351726657602447], [0.0011621623762462572, 0.0116234679783628, 0.013970448104346759], [0.022351726657602447, 0.013970448104346759, 0.8315249974180795]], "chi2_level": 0.997, "chi2_df": 3, "chi2_threshold": 13.931422665512084, "N_raw": 87, "N_roi": 87, "N_inlier": 85, "refit": true}
{"timestamp": "20:08:53.578349", "frame": 33, "mu": [0.1997800402694336, 0.9561806149147655, 1.3047941833627892], "Sigma": [[0.002819514762665158, 0.0007533031358596594, -0.0004931015689844425], [0.0007533031358596594, 0.004240022456744013, 0.00537061176291395], [-0.0004931015689844425, 0.00537061176291395, 0.055540054948425205]], "chi2_level": 0.997, "chi2_df": 3, "chi2_threshold": 13.931422665512084, "N_raw": 106, "N_roi": 106, "N_inlier": 103, "refit": true}
{"timestamp": "20:08:53.630278", "frame": 34, "mu": [0.1368132626512939, 1.0884240281956812, -0.10645459873769277], "Sigma": [[0.003463779741667141, -0.003785508470868967, 0.026946523389404366], [-0.003785508470868967, 0.012857688545867359, -0.07246298275101459], [0.026946523389404366, -0.07246298275101459, 0.5440704801032598]], "chi2_level": 0.997, "chi2_df": 3, "chi2_threshold": 13.931422665512084, "N_raw": 91, "N_roi": 91, "N_inlier": 88, "refit": true}
{"timestamp": "20:08:53.680983", "frame": 35, "mu": [0.02445837694568743, 1.0003119767587518, 1.4701010384299193], "Sigma": [[0.00212670810195443, -0.0009150415672165086, -0.0010653872298439747], [-0.0009150415672165086, 0.004460863591427384, -0.0017310405011538028], [-0.0010653872298439747, -0.0017310405011538028, 0.0019574225611194516]], "chi2_level": 0.997, "chi2_df": 3, "chi2_threshold": 13.931422665512084, "N_raw": 61, "N_roi": 60, "N_inlier": 58, "refit": true}
{"timestamp": "20:08:53.742729", "frame": 36, "mu": [-0.01473773197636981, 1.069395557073398, 0.26359645251956326], "Sigma": [[0.0035565559057893505, -0.00332451406933539, 0.03896518880260258], [-0.00332451406933539, 0.009530045477169203, -0.05256948474871062], [0.03896518880260258, -0.05256948474871062, 0.6869478761765474]], "chi2_level": 0.997, "chi2_df": 3, "chi2_threshold": 13.931422665512084, "N_raw": 109, "N_roi": 109, "N_inlier": 109, "refit": true}
{"timestamp": "20:08:53.789279", "frame": 37, "mu": [-0.08987915274667423, 1.0350802722620662, 1.5369183594209859], "Sigma": [[0.002192170894965438, -0.0003377736205645949, -0.00028852832174844334], [-0.0003377736205645949, 0.002946011989256622, 0.0007377378193780329], [-0.00028852832174844334, 0.0007377378193780329, 0.010054724580939981]], "chi2_level": 0.997, "chi2_df": 3, "chi2_threshold": 13.931422665512084, "N_raw": 47, "N_roi": 47, "N_inlier": 44, "refit": true}
{"timestamp": "20:08:53.846369", "frame": 38, "mu": [-0.16670939469591595, 1.039541326678318, 1.505904892847169], "Sigma": [[0.0036559404927879414, -0.0009236527104628232, -0.001204237428865121], [-0.0009236527104628232, 0.0036285167889626995, -0.0015719350776119726], [-0.001204237428865121, -0.0015719350776119726, 0.003048404685095137]], "chi2_level": 0.997, "chi2_df": 3, "chi2_threshold": 13.931422665512084, "N_raw": 73, "N_roi": 73, "N_inlier": 71, "refit": true}
{"timestamp": "20:08:53.903002", "frame": 39, "mu": [-0.22328882605106448, 1.0469606203583641, 1.4972793846559609], "Sigma": [[0.003264837449409271, -0.0011099204730644152, -0.0016469903021183482], [-0.0011099204730644152, 0.004581332608832407, -0.0027502422284431836], [-0.0016469903021183482, -0.0027502422284431836, 0.0038411021891368727]], "chi2_level": 0.997, "chi2_df": 3, "chi2_threshold": 13.931422665512084, "N_raw": 80, "N_roi": 80, "N_inlier": 77, "refit": true}
{"timestamp": "20:08:53.960134", "frame": 40, "mu": [-0.2825771148772957, 0.9508867015452835, 1.345867082959349], "Sigma": [[0.003540612179807642, -0.0010367126910052456, -0.00023026889042043858], [-0.0010367126910052456, 0.01838865766331914, 0.008282340027802731], [-0.00023026889042043871, 0.008282340027802731, 0.008558110861170311]], "chi2_level": 0.997, "chi2_df": 3, "chi2_threshold": 13.931422665512084, "N_raw": 82, "N_roi": 82, "N_inlier": 78, "refit": true}
{"timestamp": "20:08:54.015765", "frame": 41, "mu": [-0.33755027220573347, 1.0183374077404241, -0.2861854678456441], "Sigma": [[0.004353237991140788, -0.0015408168396948711, 0.027660851072254862], [-0.001540816839694871, 0.00835703447041924, 0.0013748394405773937], [0.02766085107225486, 0.0013748394405773948, 0.5463066445994542]], "chi2_level": 0.997, "chi2_df": 3, "chi2_threshold": 13.931422665512084, "N_raw": 90, "N_roi": 90, "N_inlier": 90, "refit": true}
{"timestamp": "20:08:54.073128", "frame": 42, "mu": [-0.41616451114003516, 0.944110125360919, 1.193162831044239], "Sigma": [[0.0036822583977518687, 0.0003160319690171423, -0.0008215111185315245], [0.0003160319690171423, 0.006794477327337733, 0.0038085248407526582], [-0.0008215111185315247, 0.003808524840752658, 0.03399188755697444]], "chi2_level": 0.997, "chi2_df": 3, "chi2_threshold": 13.931422665512084, "N_raw": 106, "N_roi": 106, "N_inlier": 103, "refit": true}
{"timestamp": "20:08:54.127305", "frame": 43, "mu": [-0.4638248728097063, 0.9563847240728003, 1.1721616829810122], "Sigma": [[0.0037475383641053708, 0.0034881083177689697, 0.0022825836808827438], [0.0034881083177689693, 0.012976184868540486, 0.005047724347406679], [0.0022825836808827438, 0.005047724347406678, 0.0258288994483151]], "chi2_level": 0.997, "chi2_df": 3, "chi2_threshold": 13.931422665512084, "N_raw": 96, "N_roi": 96, "N_inlier": 94, "refit": true}
{"timestamp": "20:08:54.182158", "frame": 44, "mu": [-0.5393531272504234, 1.1487267319840053, -0.11943070208845946], "Sigma": [[0.0033190560276031384, -0.003339168300302756, 0.017994295557399162], [-0.0033391683003027557, 0.016492044320557276, -0.0539781653719289], [0.017994295557399162, -0.0539781653719289, 0.3132323228578698]], "chi2_level": 0.997, "chi2_df": 3, "chi2_threshold": 13.931422665512084, "N_raw": 95, "N_roi": 95, "N_inlier": 95, "refit": true}
{"timestamp": "20:08:54.234000", "frame": 45, "mu": [-0.6058886022362187, 1.1469084538665053, -0.37491606823702456], "Sigma": [[0.003897262240943819, 0.0011615893299194082, 0.015909052843502795], [0.0011615893299194082, 0.019469780863489515, -0.0030865632161771826], [0.015909052843502795, -0.0030865632161771843, 0.277138531727322]], "chi2_level": 0.997, "chi2_df": 3, "chi2_threshold": 13.931422665512084, "N_raw": 81, "N_roi": 81, "N_inlier": 81, "refit": true}
{"timestamp": "20:08:54.293175", "frame": 46, "mu": [-0.6858293001442336, 1.117148095438378, 1.3752935477152501], "Sigma": [[0.025962641850662778, 0.013849010682842208, -0.0196220316071564], [0.013849010682842208, 0.015036591925676539, -0.011410394156177894], [-0.0196220316071564, -0.011410394156177896, 0.036172236952556586]], "chi2_level": 0.997, "chi2_df": 3, "chi2_threshold": 13.931422665512084, "N_raw": 108, "N_roi": 108, "N_inlier": 105, "refit": true}
{"timestamp": "20:08:54.348933", "frame": 47, "mu": [-0.698903084663502, 1.2226102741157343, 1.3800683688316715], "Sigma": [[0.013564976108744005, 0.00627916147431732, -0.018936762261422914], [0.006279161474317321, 0.0070809229380741365, -0.012521297500504016], [-0.018936762261422914, -0.012521297500504016, 0.06503766225886431]], "chi2_level": 0.997, "chi2_df": 3, "chi2_threshold": 13.931422665512084, "N_raw": 110, "N_roi": 110, "N_inlier": 102, "refit": true}
{"timestamp": "20:08:54.402231", "frame": 48, "mu": [-0.9135423395694949, 1.109398743397907, 1.5602801246812157], "Sigma": [[0.038455748723548636, 0.024761407031858, -0.010807255523261674], [0.024761407031858, 0.026183692363537688, -0.006478050882260091], [-0.010807255523261675, -0.0064780508822600905, 0.010103500594100267]], "chi2_level": 0.997, "chi2_df": 3, "chi2_threshold": 13.931422665512084, "N_raw": 96, "N_roi": 96, "N_inlier": 92, "refit": true}
{"timestamp": "20:08:54.450275", "frame": 49, "mu": [-0.9108291738113563, 1.1510732514993791, 1.4045903581719101], "Sigma": [[0.013537972217991268, 0.006467374348049075, -0.013844029558201547], [0.006467374348049075, 0.014272018863729611, -0.002572871036587714], [-0.013844029558201545, -0.002572871036587714, 0.0951280172867836]], "chi2_level": 0.997, "chi2_df": 3, "chi2_threshold": 13.931422665512084, "N_raw": 54, "N_roi": 54, "N_inlier": 51, "refit": true}
{"timestamp": "20:08:54.506945", "frame": 50, "mu": [-0.9090148462933375, 1.2002483368058932, 1.3610489173260216], "Sigma": [[0.024366077155351856, 0.018520687021762416, -0.013605986221826929], [0.018520687021762412, 0.023283382979369792, -0.009053125131027916], [-0.013605986221826929, -0.009053125131027916, 0.0709351311144578]], "chi2_level": 0.997, "chi2_df": 3, "chi2_threshold": 13.931422665512084, "N_raw": 69, "N_roi": 69, "N_inlier": 66, "refit": true}
{"timestamp": "20:08:54.559941", "frame": 51, "mu": [-0.9821090591852418, 1.2933261456096696, 1.4011388698660896], "Sigma": [[0.040234247197713825, 0.030314255873184558, -0.036359618946259685], [0.030314255873184558, 0.031904328600357856, -0.055963515356921], [-0.036359618946259685, -0.055963515356921, 0.2104393133486683]], "chi2_level": 0.997, "chi2_df": 3, "chi2_threshold": 13.931422665512084, "N_raw": 54, "N_roi": 54, "N_inlier": 54, "refit": true}
{"timestamp": "20:08:54.617099", "frame": 52, "mu": [-1.088463112822661, 1.3699122566696584, -0.7655828043883212], "Sigma": [[0.08180981625030057, 0.08771723742704407, -0.08962109806678235], [0.08771723742704407, 0.14060106676187872, -0.15294192664392142], [-0.08962109806678237, -0.15294192664392142, 0.26204216725479396]], "chi2_level": 0.997, "chi2_df": 3, "chi2_threshold": 13.931422665512084, "N_raw": 67, "N_roi": 67, "N_inlier": 67, "refit": true}
{"timestamp": "20:08:54.669947", "frame": 53, "mu": [-1.2554460042445843, 1.2125932503695833, -0.5568556611732611], "Sigma": [[0.04306587450667773, 0.057352131837789075, -0.0015690033113505244], [0.057352131837789075, 0.09617945824018037, -0.023852648141337585], [-0.0015690033113505242, -0.023852648141337585, 0.07432982171894278]], "chi2_level": 0.997, "chi2_df": 3, "chi2_threshold": 13.931422665512084, "N_raw": 53, "N_roi": 53, "N_inlier": 51, "refit": true}
{"timestamp": "20:08:54.724462", "frame": 54, "mu": [-1.0366027894671028, 1.3321594729229937, 0.812204818426909], "Sigma": [[0.046032813905168585, 0.01710892110955331, -0.10695110623090254], [0.01710892110955331, 0.01375985083333403, -0.04029940983489398], [-0.10695110623090254, -0.04029940983489398, 0.3338013860217251]], "chi2_level": 0.997, "chi2_df": 3, "chi2_threshold": 13.931422665512084, "N_raw": 56, "N_roi": 56, "N_inlier": 54, "refit": true}
{"timestamp": "20:08:54.784740", "frame": 55, "mu": [-1.2674459370843025, 1.3330762387117778, 1.4305417656327133], "Sigma": [[0.06799924236154338, 0.04141178293204632, -0.0995582367694412], [0.04141178293204633, 0.03157910548501674, -0.058427029695621024], [-0.09955823676944119, -0.058427029695621024, 0.2908715847484145]], "chi2_level": 0.997, "chi2_df": 3, "chi2_threshold": 13.931422665512084, "N_raw": 91, "N_roi": 91, "N_inlier": 89, "refit": true}
{"timestamp": "20:08:54.835806", "frame": 56, "mu": [-1.255930681537356, 1.5652115888357572, -0.4018710492936117], "Sigma": [[0.0712403332177611, 0.0767486097133499, -0.06900932980157373], [0.0767486097133499, 0.11017986341530842, -0.13369078329575734], [-0.06900932980157373, -0.1336907832957574, 0.2444201185994562]], "chi2_level": 0.997, "chi2_df": 3, "chi2_threshold": 13.931422665512084, "N_raw": 61, "N_roi": 61, "N_inlier": 60, "refit": true}
{"timestamp": "20:08:54.896477", "frame": 57, "mu": [-1.1847097908749396, 1.5251399293457069, 1.4522194333983076], "Sigma": [[0.05186272934573474, 0.03246461885323765, -0.04111130227225844], [0.03246461885323765, 0.027685658360288995, -0.03267954070467583], [-0.04111130227225844, -0.03267954070467583, 0.06751421697714137]], "chi2_level": 0.997, "chi2_df": 3, "chi2_threshold": 13.931422665512084, "N_raw": 103, "N_roi": 103, "N_inlier": 99, "refit": true}
{"timestamp": "20:08:54.944660", "frame": 58, "mu": [-1.3224789017790606, 1.618766032192631, -0.2628759127788976], "Sigma": [[0.06748435157413013, 0.058756220490099154, -0.05935341295885138], [0.058756220490099154, 0.0877658345269792, -0.14780131414232203], [-0.05935341295885138, -0.147801314142322, 0.37203730009572145]], "chi2_level": 0.997, "chi2_df": 3, "chi2_threshold": 13.931422665512084, "N_raw": 50, "N_roi": 50, "N_inlier": 49, "refit": true}
{"timestamp": "20:08:54.993622", "frame": 59, "mu": [-1.2283447084103296, 1.985772488196414, -0.7144366515689443], "Sigma": [[0.0078895569473984, -0.02026321684029813, 0.0383783155220796], [-0.02026321684029813, 0.06276058748870461, -0.12784543032423654], [0.0383783155220796, -0.12784543032423654, 0.3126363131887439]], "chi2_level": 0.997, "chi2_df": 3, "chi2_threshold": 13.931422665512084, "N_raw": 12, "N_roi": 12, "N_inlier": 12, "refit": true}
{"timestamp": "20:08:55.052207", "frame": 60, "mu": [-1.1551654970120906, 1.9198608003688398, -0.4143679240800847], "Sigma": [[0.009046955127695483, -0.010867338388822678, 0.027522893164954855], [-0.010867338388822678, 0.04121140478183691, -0.10383336291311182], [0.027522893164954855, -0.10383336291311182, 0.286603432471039]], "chi2_level": 0.997, "chi2_df": 3, "chi2_threshold": 13.931422665512084, "N_raw": 41, "N_roi": 41, "N_inlier": 41, "refit": true}
{"timestamp": "20:08:55.104384", "frame": 61, "mu": [-1.2481872316966611, 1.786752970624675, 1.1406175158926137], "Sigma": [[0.002053591386490587, -0.00016383208980500093, 0.0021159310661116827], [-0.00016383208980500093, 0.003528246097145038, -0.008598178504910639], [0.0021159310661116836, -0.008598178504910639, 0.31878793250202336]], "chi2_level": 0.997, "chi2_df": 3, "chi2_threshold": 13.931422665512084, "N_raw": 21, "N_roi": 21, "N_inlier": 20, "refit": true}
{"timestamp": "20:08:55.163492", "frame": 62, "mu": [-1.2126171656308977, 1.9851191345982866, -0.2539018051257794], "Sigma": [[0.00942065577928147, 3.751757959708472e-05, 0.008324778735134902], [3.7517579597084615e-05, 0.004208877581548194, -0.005191777991518582], [0.0083247787351349, -0.005191777991518582, 0.03746652165715537]], "chi2_level": 0.997, "chi2_df": 3, "chi2_threshold": 13.931422665512084, "N_raw": 48, "N_roi": 48, "N_inlier": 41, "refit": true}
{"timestamp": "20:08:55.227385", "frame": 63, "mu": [-1.2458008038767614, 1.8959580250175332, 1.2640874654018617], "Sigma": [[0.025658482489525763, 0.004553630140310088, 0.012280904904808192], [0.0045536301403100886, 0.005325760802918126, 0.0026696049849439917], [0.012280904904808192, 0.0026696049849439917, 0.04631504521862596]], "chi2_level": 0.997, "chi2_df": 3, "chi2_threshold": 13.931422665512084, "N_raw": 105, "N_roi": 105, "N_inlier": 102, "refit": true}
{"timestamp": "20:08:55.273626", "frame": 64, "mu": [-1.2296089365366023, 1.967106170126931, -0.05093712895415618], "Sigma": [[0.041192464774624155, 0.029705136828669834, -0.026338839162820017], [0.029705136828669834, 0.02974237365802186, -0.03086849458629855], [-0.026338839162820017, -0.030868494586298555, 0.04650852628643555]], "chi2_level": 0.997, "chi2_df": 3, "chi2_threshold": 13.931422665512084, "N_raw": 40, "N_roi": 40, "N_inlier": 37, "refit": true}
{"timestamp": "20:08:55.328649", "frame": 65, "mu": [-1.2208752757816574, 2.0726449957159723, 1.1288546070279377], "Sigma": [[0.013035709751830632, 0.006005119334710786, 0.011327839410661698], [0.006005119334710786, 0.005379346042046822, 0.013602280264547628], [0.011327839410661698, 0.013602280264547626, 0.0700810759257467]], "chi2_level": 0.997, "chi2_df": 3, "chi2_threshold": 13.931422665512084, "N_raw": 51, "N_roi": 51, "N_inlier": 48, "refit": true}
{"timestamp": "20:08:55.385794", "frame": 66, "mu": [-1.2118486549226837, 2.093473088507141, 1.4203061260152887], "Sigma": [[0.012429374720762434, 0.0006745154087011635, -0.012489460798176165], [0.0006745154087011635, 0.005088490365264839, -0.003686747569391607], [-0.012489460798176165, -0.003686747569391607, 0.015666956893687203]], "chi2_level": 0.997, "chi2_df": 3, "chi2_threshold": 13.931422665512084, "N_raw": 63, "N_roi": 63, "N_inlier": 60, "refit": true}
{"timestamp": "20:08:55.443063", "frame": 67, "mu": [-1.2756698918020943, 2.1910929649424062, 1.150372894146118], "Sigma": [[0.01781444063602112, 0.0040130569507519365, 0.03097530328975282], [0.004013056950751935, 0.005411063062941069, -0.0011368461677734748], [0.03097530328975282, -0.0011368461677734748, 0.1897941357512826]], "chi2_level": 0.997, "chi2_df": 3, "chi2_threshold": 13.931422665512084, "N_raw": 80, "N_roi": 79, "N_inlier": 79, "refit": true}
{"timestamp": "20:08:55.492365", "frame": 68, "mu": [-1.2714632196237299, 2.2131189903170334, 1.0582755175196243], "Sigma": [[0.010894836088507392, 0.0010987695527141302, 0.012581644847558532], [0.0010987695527141304, 0.0025884482811115916, 0.007133677893540651], [0.012581644847558533, 0.0071336778935406535, 0.15311686190312757]], "chi2_level": 0.997, "chi2_df": 3, "chi2_threshold": 13.931422665512084, "N_raw": 31, "N_roi": 31, "N_inlier": 30, "refit": true}
{"timestamp": "20:08:55.550375", "frame": 69, "mu": [-1.29470178477924, 2.375947047457785, -0.07973009583823862], "Sigma": [[0.010427433289368463, 0.002667392223195775, -0.006895705330426421], [0.0026673922231957746, 0.008672167042281027, -0.017871697674161795], [-0.006895705330426421, -0.017871697674161795, 0.04610334074751858]], "chi2_level": 0.997, "chi2_df": 3, "chi2_threshold": 13.931422665512084, "N_raw": 65, "N_roi": 65, "N_inlier": 62, "refit": true}
{"timestamp": "20:08:55.599020", "frame": 70, "mu": [-1.2484349205583571, 2.552646740659787, -0.7922779334697326], "Sigma": [[0.001888601964228566, -0.006259477946462625, 0.0058804828155274765], [-0.006259477946462624, 0.06586803756506951, -0.07431002122007047], [0.0058804828155274765, -0.07431002122007048, 0.24462591368471331]], "chi2_level": 0.997, "chi2_df": 3, "chi2_threshold": 13.931422665512084, "N_raw": 13, "N_roi": 10, "N_inlier": 10, "refit": true}
{"timestamp": "20:08:55.658222", "frame": 71, "mu": [-1.3208108549716397, 2.344692675711174, 1.4318324266765012], "Sigma": [[0.012524162568501099, 0.0008491817753206827, -0.006795509887266288], [0.0008491817753206825, 0.004877639176503987, -0.0013299702520562441], [-0.006795509887266288, -0.0013299702520562441, 0.005058602150916251]], "chi2_level": 0.997, "chi2_df": 3, "chi2_threshold": 13.931422665512084, "N_raw": 53, "N_roi": 51, "N_inlier": 49, "refit": true}
{"timestamp": "20:08:55.708924", "frame": 72, "mu": [-1.3094687633680868, 2.4710509864623504, 0.9614895800238279], "Sigma": [[0.005046831703620409, -0.0014967992166662115, 0.004010327309651034], [-0.0014967992166662115, 0.0034129543176042868, -0.013598179846194694], [0.004010327309651034, -0.013598179846194694, 0.3084985663956399]], "chi2_level": 0.997, "chi2_df": 3, "chi2_threshold": 13.931422665512084, "N_raw": 10, "N_roi": 10, "N_inlier": 10, "refit": true}
{"timestamp": "20:08:55.775873", "frame": 73, "mu": [-1.33541981128141, 2.2224457714202197, 0.962499838173645], "Sigma": [[0.015024834416738691, 0.03132502135894001, 0.03156422759828415], [0.03132502135894001, 0.5811835072842392, 0.6323009687663215], [0.03156422759828415, 0.6323009687663215, 0.745184575512197]], "chi2_level": 0.997, "chi2_df": 3, "chi2_threshold": 13.931422665512084, "N_raw": 101, "N_roi": 93, "N_inlier": 92, "refit": true}
{"timestamp": "20:08:55.823739", "frame": 74, "mu": [-1.3397349029510792, 2.6247101921559346, 0.8606251483987845], "Sigma": [[0.010224886064955726, 0.0015056298142681387, 0.00023993459540185133], [0.0015056298142681387, 0.002979458858992443, -0.004327078145889797], [0.00023993459540185176, -0.004327078145889796, 0.07253606192246573]], "chi2_level": 0.997, "chi2_df": 3, "chi2_threshold": 13.931422665512084, "N_raw": 43, "N_roi": 43, "N_inlier": 42, "refit": true}
{"timestamp": "20:08:55.885747", "frame": 75, "mu": [-1.2650039656534704, 2.672778682582507, 1.120947335011625], "Sigma": [[0.020934232075868482, -0.000426858709381782, 0.013539417167530479], [-0.0004268587093817821, 0.005334540657683099, -0.011689328538444475], [0.01353941716753048, -0.011689328538444475, 0.06349383893226519]], "chi2_level": 0.997, "chi2_df": 3, "chi2_threshold": 13.931422665512084, "N_raw": 95, "N_roi": 95, "N_inlier": 93, "refit": true}
{"timestamp": "20:08:55.936449", "frame": 76, "mu": [-1.2255671077132126, 2.805389307429529, -0.04060374451990221], "Sigma": [[0.015614426734513425, 0.004424716535131313, -0.00667610613993511], [0.004424716535131313, 0.007763143501840575, -0.008484782117480917], [-0.006676106139935109, -0.008484782117480917, 0.012948279238017736]], "chi2_level": 0.997, "chi2_df": 3, "chi2_threshold": 13.931422665512084, "N_raw": 64, "N_roi": 61, "N_inlier": 58, "refit": true}
{"timestamp": "20:08:55.992851", "frame": 77, "mu": [-1.3290274834565803, 2.753733291292738, 1.0106552318996123], "Sigma": [[0.01630598453430849, 0.00102837129817698, 0.02575268182130279], [0.0010283712981769798, 0.005534636505829808, 0.009956409123443909], [0.02575268182130279, 0.00995640912344391, 0.27558394917519907]], "chi2_level": 0.997, "chi2_df": 3, "chi2_threshold": 13.931422665512084, "N_raw": 72, "N_roi": 72, "N_inlier": 71, "refit": true}
{"timestamp": "20:08:56.047893", "frame": 78, "mu": [-1.359790543018967, 2.860576717636442, 0.8388073631571002], "Sigma": [[0.020258184422810716, -0.00171126736356178, 0.03209950832743032], [-0.00171126736356178, 0.003231054157011875, -0.015596415378327316], [0.03209950832743032, -0.015596415378327318, 0.16732719085504885]], "chi2_level": 0.997, "chi2_df": 3, "chi2_threshold": 13.931422665512084, "N_raw": 73, "N_roi": 73, "N_inlier": 72, "refit": true}
{"timestamp": "20:08:56.105804", "frame": 79, "mu": [-1.304170590696128, 2.8942731346461477, 0.8390275214182256], "Sigma": [[0.014867444951266623, -0.0007341256184712074, 0.02141755422401643], [-0.0007341256184712073, 0.010278100806132616, -0.028805562461645756], [0.02141755422401643, -0.02880556246164576, 0.19846417341739037]], "chi2_level": 0.997, "chi2_df": 3, "chi2_threshold": 13.931422665512084, "N_raw": 98, "N_roi": 98, "N_inlier": 98, "refit": true}
{"timestamp": "20:08:56.206361", "frame": 81, "mu": [-1.3513267358692116, 3.2005707329616633, -0.5888931724456151], "Sigma": [[0.011603987732273063, -0.001162536256143573, 0.017848198870487077], [-0.001162536256143573, 0.0071308463980470985, -0.029763210177788726], [0.017848198870487077, -0.029763210177788726, 0.15691978765273076]], "chi2_level": 0.997, "chi2_df": 3, "chi2_threshold": 13.931422665512084, "N_raw": 39, "N_roi": 39, "N_inlier": 38, "refit": true}
{"timestamp": "20:08:56.261312", "frame": 82, "mu": [-1.373297408967669, 3.272886824347475, -0.5262485776499719], "Sigma": [[0.011241397284002546, 0.0035502361611338875, 0.00781590567201653], [0.0035502361611338875, 0.01131810503191901, -0.02000906651056047], [0.00781590567201653, -0.020009066510560468, 0.10958806464635973]], "chi2_level": 0.997, "chi2_df": 3, "chi2_threshold": 13.931422665512084, "N_raw": 37, "N_roi": 36, "N_inlier": 35, "refit": true}
{"timestamp": "20:08:56.317847", "frame": 83, "mu": [-1.2205703104857648, 3.2795663859244137, -0.1805612766362371], "Sigma": [[0.012759161228683862, 0.004271033895092559, -0.00487680717357422], [0.004271033895092559, 0.00634434929903851, -0.010654123286921825], [-0.00487680717357422, -0.010654123286921821, 0.020052498802414827]], "chi2_level": 0.997, "chi2_df": 3, "chi2_threshold": 13.931422665512084, "N_raw": 45, "N_roi": 45, "N_inlier": 42, "refit": true}
{"timestamp": "20:08:56.372438", "frame": 84, "mu": [-1.4401264985648734, 3.1233437104793205, 0.5248036321660717], "Sigma": [[0.029681491498051563, 0.00854774518316648, 0.014485068091167095], [0.00854774518316648, 0.0034361506509221784, 0.0019382356994930067], [0.014485068091167095, 0.0019382356994930069, 0.06901965490615936]], "chi2_level": 0.997, "chi2_df": 3, "chi2_threshold": 13.931422665512084, "N_raw": 44, "N_roi": 44, "N_inlier": 43, "refit": true}
{"timestamp": "20:08:56.428189", "frame": 85, "mu": [-1.1667806433785517, 3.304171408262224, 0.11250803802731435], "Sigma": [[0.01248302314584287, 0.006097569311602442, -0.009951847168648588], [0.006097569311602442, 0.009170016972496744, -0.011585752857102316], [-0.009951847168648586, -0.011585752857102316, 0.018565737523243166]], "chi2_level": 0.997, "chi2_df": 3, "chi2_threshold": 13.931422665512084, "N_raw": 44, "N_roi": 44, "N_inlier": 44, "refit": true}
{"timestamp": "20:08:56.478615", "frame": 86, "mu": [-1.13934493355185, 3.272224588818831, -0.6663144309945752], "Sigma": [[0.0049639070931315095, -0.00044301226107360523, 0.030831030019269984], [-0.00044301226107360523, 0.003212681867426842, -0.0014365060937177399], [0.030831030019269984, -0.0014365060937177408, 0.23873372257698497]], "chi2_level": 0.997, "chi2_df": 3, "chi2_threshold": 13.931422665512084, "N_raw": 14, "N_roi": 14, "N_inlier": 14, "refit": true}
{"timestamp": "20:08:56.540661", "frame": 87, "mu": [-1.254999368466158, 3.398531701278417, 0.638539632689336], "Sigma": [[0.025418634679575773, -0.004654462289875505, 0.03157382229764352], [-0.004654462289875505, 0.003593403266612368, -0.021391290776782104], [0.03157382229764352, -0.021391290776782097, 0.1509186308287359]], "chi2_level": 0.997, "chi2_df": 3, "chi2_threshold": 13.931422665512084, "N_raw": 54, "N_roi": 54, "N_inlier": 53, "refit": true}
{"timestamp": "20:08:56.591931", "frame": 88, "mu": [-1.0658649742857957, 3.3689479158742124, 1.2714833423167526], "Sigma": [[0.012734527785348742, 0.00044336540754089744, -0.012749915191076436], [0.00044336540754089755, 0.0022504228030047336, -0.003166136533078616], [-0.012749915191076436, -0.003166136533078616, 0.050394818109848694]], "chi2_level": 0.997, "chi2_df": 3, "chi2_threshold": 13.931422665512084, "N_raw": 38, "N_roi": 38, "N_inlier": 36, "refit": true}
{"timestamp": "20:08:56.651095", "frame": 89, "mu": [-1.0119698780121265, 3.407223778087915, 0.8469878518448082], "Sigma": [[0.014333583358564833, -0.00026241076230853317, 0.01633126838089552], [-0.0002624107623085332, 0.0027382044532260515, -0.003364354007739564], [0.01633126838089552, -0.0033643540077395646, 0.31778329257288523]], "chi2_level": 0.997, "chi2_df": 3, "chi2_threshold": 13.931422665512084, "N_raw": 63, "N_roi": 63, "N_inlier": 63, "refit": true}
{"timestamp": "20:08:56.701007", "frame": 90, "mu": [-0.9296181026227843, 3.449489747715939, 1.1260012510242414], "Sigma": [[0.010881060532545369, 0.0007013260323918335, 0.0231596061119069], [0.0007013260323918333, 0.002983645494846588, -0.0007347503517610866], [0.023159606111906896, -0.0007347503517610863, 0.20714018587050645]], "chi2_level": 0.997, "chi2_df": 3, "chi2_threshold": 13.931422665512084, "N_raw": 27, "N_roi": 26, "N_inlier": 25, "refit": true}
{"timestamp": "20:08:56.759960", "frame": 91, "mu": [-0.9633990785611541, 3.5017671451129253, 1.116397203537836], "Sigma": [[0.014196677568411973, 0.0004834610555462378, 0.0017777900513250967], [0.0004834610555462379, 0.004862726330508801, -0.005654858791676976], [0.0017777900513250976, -0.005654858791676976, 0.18412067332310608]], "chi2_level": 0.997, "chi2_df": 3, "chi2_threshold": 13.931422665512084, "N_raw": 57, "N_roi": 57, "N_inlier": 57, "refit": true}
{"timestamp": "20:08:56.810970", "frame": 92, "mu": [-0.9086770796179244, 3.5592580694259937, 1.2098824081509345], "Sigma": [[0.019759552439539616, -0.0047091381253235795, 0.03381003636053886], [-0.0047091381253235795, 0.005798634153535761, -0.02255265078902308], [0.03381003636053886, -0.02255265078902308, 0.18578301931136032]], "chi2_level": 0.997, "chi2_df": 3, "chi2_threshold": 13.931422665512084, "N_raw": 30, "N_roi": 30, "N_inlier": 30, "refit": true}
