{"timestamp": "18:58:18.972066", "frame": 25, "mu": [-2.4391180094979887, 3.1121457072629144, 1.1424449474795821], "Sigma": [[0.0011647747670466971, 1.648422742185976e-05, -0.0008660881105803983], [1.648422742185976e-05, 0.0035681873340206033, 0.0002694569577501664], [-0.0008660881105803983, 0.00026945695775016645, 0.001571643692464843]], "chi2_level": 0.95, "chi2_df": 3, "chi2_threshold": 7.814727903251179, "N_raw": 44, "N_roi": 8, "N_inlier": 7, "refit": true}
{"timestamp": "18:58:19.029444", "frame": 26, "mu": [-2.4109713419565315, 3.0643113905991197, 1.1030375731795026], "Sigma": [[0.0028851718229306635, 0.0012727491643104503, -0.0009026410998760895], [0.0012727491643104501, 0.006258243258395319, -0.0034374964800399496], [-0.0009026410998760895, -0.0034374964800399496, 0.002955165967521162]], "chi2_level": 0.95, "chi2_df": 3, "chi2_threshold": 7.814727903251179, "N_raw": 61, "N_roi": 18, "N_inlier": 17, "refit": true}
{"timestamp": "18:58:19.299625", "frame": 31, "mu": [-2.4215851532293184, 3.0740676214778677, 1.2483164071699853], "Sigma": [[0.002024051564404746, 0.0016873182067107342, -0.0006648502659679868], [0.0016873182067107342, 0.014130773255737715, -0.01055772694761994], [-0.0006648502659679868, -0.010557726947619944, 0.008574065783959023]], "chi2_level": 0.95, "chi2_df": 3, "chi2_threshold": 7.814727903251179, "N_raw": 18, "N_roi": 14, "N_inlier": 12, "refit": true}
{"timestamp": "18:58:19.356320", "frame": 32, "mu": [-2.3479180764391225, 3.0735014424021956, 1.1362620640589747], "Sigma": [[0.00790231274566126, 0.005455000048375635, -0.0034357254960652715], [0.005455000048375635, 0.008356460275897142, -0.007308756675739686], [-0.0034357254960652715, -0.007308756675739684, 0.008354434444315549]], "chi2_level": 0.95, "chi2_df": 3, "chi2_threshold": 7.814727903251179, "N_raw": 28, "N_roi": 22, "N_inlier": 20, "refit": true}
{"timestamp": "18:58:19.411674", "frame": 33, "mu": [-2.2679941972864612, 3.0894127172331314, 1.2907023333984429], "Sigma": [[0.008745482635284161, 0.005096125594074302, -0.006133627211607924], [0.005096125594074302, 0.005968550494505456, -0.008816016108550116], [-0.006133627211607925, -0.008816016108550116, 0.01644945295159381]], "chi2_level": 0.95, "chi2_df": 3, "chi2_threshold": 7.814727903251179, "N_raw": 24, "N_roi": 24, "N_inlier": 22, "refit": true}
{"timestamp": "18:58:19.465823", "frame": 34, "mu": [-2.2558779001644327, 3.001264480949142, 1.235448360975637], "Sigma": [[0.012260212607881635, 0.005150265362690731, -0.007114446053811476], [0.005150265362690731, 0.004712189891581639, -0.00508670907470942], [-0.007114446053811476, -0.00508670907470942, 0.007451205311166056]], "chi2_level": 0.95, "chi2_df": 3, "chi2_threshold": 7.814727903251179, "N_raw": 24, "N_roi": 24, "N_inlier": 23, "refit": true}
{"timestamp": "18:58:19.520954", "frame": 35, "mu": [-2.2054221389594617, 3.038459189576802, 1.3098876607494483], "Sigma": [[0.015685684527577196, 0.0049464095302859876, -0.01724856721463528], [0.0049464095302859876, 0.003784902583083588, -0.005568824630318625], [-0.01724856721463528, -0.005568824630318625, 0.02124427284740011]], "chi2_level": 0.95, "chi2_df": 3, "chi2_threshold": 7.814727903251179, "N_raw": 25, "N_roi": 25, "N_inlier": 24, "refit": true}
{"timestamp": "18:58:19.579884", "frame": 36, "mu": [-2.1573100737584654, 3.0525986837004884, 1.2161850889760437], "Sigma": [[0.019140691275797372, 0.002831619819088303, -0.018306655564214964], [0.002831619819088303, 0.0038698790307266926, -0.005965941748161059], [-0.018306655564214964, -0.00596594174816106, 0.024584474271971503]], "chi2_level": 0.95, "chi2_df": 3, "chi2_threshold": 7.814727903251179, "N_raw": 46, "N_roi": 43, "N_inlier": 42, "refit": true}
{"timestamp": "18:58:19.633276", "frame": 37, "mu": [-2.039912040596954, 2.9798015052957574, 1.0938121836322825], "Sigma": [[0.013825683785365342, 0.0026835627363804874, -0.010177912534841729], [0.0026835627363804874, 0.003996328455687039, -0.0030380101597957234], [-0.010177912534841727, -0.0030380101597957234, 0.008874122758209063]], "chi2_level": 0.95, "chi2_df": 3, "chi2_threshold": 7.814727903251179, "N_raw": 31, "N_roi": 31, "N_inlier": 31, "refit": true}
{"timestamp": "18:58:19.687196", "frame": 38, "mu": [-2.0904979619204163, 2.9753213879532825, 1.2571261295479437], "Sigma": [[0.014227360592702227, 0.0052224280897447545, -0.009747104862311793], [0.0052224280897447545, 0.007196979280916611, -0.0035893583587511446], [-0.009747104862311793, -0.003589358358751145, 0.007478361513253711]], "chi2_level": 0.95, "chi2_df": 3, "chi2_threshold": 7.814727903251179, "N_raw": 36, "N_roi": 36, "N_inlier": 36, "refit": true}
{"timestamp": "18:58:19.744501", "frame": 39, "mu": [-2.064499074854715, 2.95635105640842, 1.2530171991633974], "Sigma": [[0.020281915571648747, 0.004691949784143016, -0.012896515796176592], [0.004691949784143016, 0.005673648160217485, -0.005313674590598965], [-0.012896515796176592, -0.005313674590598965, 0.010473812009152105]], "chi2_level": 0.95, "chi2_df": 3, "chi2_threshold": 7.814727903251179, "N_raw": 47, "N_roi": 46, "N_inlier": 46, "refit": true}
{"timestamp": "18:58:19.800776", "frame": 40, "mu": [-2.0358774761937877, 3.008248116460589, 1.2894913223338722], "Sigma": [[0.018264013107976953, 0.006145370242686466, -0.011448710386707174], [0.006145370242686466, 0.006343365534898272, -0.008557320781650848], [-0.011448710386707174, -0.008557320781650848, 0.014500653602090229]], "chi2_level": 0.95, "chi2_df": 3, "chi2_threshold": 7.814727903251179, "N_raw": 51, "N_roi": 51, "N_inlier": 49, "refit": true}
{"timestamp": "18:58:19.852520", "frame": 41, "mu": [-1.9424564774712803, 3.0429627004895132, 1.3911785635537801], "Sigma": [[0.008552172211835936, 0.0029878724141436334, -0.009678343924725875], [0.0029878724141436334, 0.007837187240079535, 0.0017207044289323228], [-0.009678343924725876, 0.0017207044289323228, 0.015786795994995287]], "chi2_level": 0.95, "chi2_df": 3, "chi2_threshold": 7.814727903251179, "N_raw": 34, "N_roi": 32, "N_inlier": 29, "refit": true}
{"timestamp": "18:58:19.909243", "frame": 42, "mu": [-1.921178047075141, 3.0068217380371745, 1.291172357047882], "Sigma": [[0.016039015578351294, 0.0032265116409385458, -0.01668852727168415], [0.0032265116409385458, 0.006371209274626211, -0.004740056071667679], [-0.016688527271684146, -0.004740056071667679, 0.019282043492007184]], "chi2_level": 0.95, "chi2_df": 3, "chi2_threshold": 7.814727903251179, "N_raw": 49, "N_roi": 49, "N_inlier": 47, "refit": true}
{"timestamp": "18:58:19.962583", "frame": 43, "mu": [-1.8802707925370385, 2.9869267246593934, 1.182034600445207], "Sigma": [[0.015467287074622168, 0.004910272202428889, -0.013139639996944352], [0.004910272202428889, 0.0037229290515532884, -0.005664816079103084], [-0.013139639996944352, -0.005664816079103084, 0.01331688142987318]], "chi2_level": 0.95, "chi2_df": 3, "chi2_threshold": 7.814727903251179, "N_raw": 35, "N_roi": 33, "N_inlier": 30, "refit": true}
{"timestamp": "18:58:20.019771", "frame": 44, "mu": [-1.8014600296365986, 3.124445784947533, 1.3712760682163645], "Sigma": [[0.019309687228649383, 0.006437912634307129, -0.01934442774499471], [0.006437912634307129, 0.007420287534167811, -0.00429837956369136], [-0.01934442774499471, -0.00429837956369136, 0.021899450145444296]], "chi2_level": 0.95, "chi2_df": 3, "chi2_threshold": 7.814727903251179, "N_raw": 44, "N_roi": 44, "N_inlier": 42, "refit": true}
{"timestamp": "18:58:20.074854", "frame": 45, "mu": [-1.7697560900224134, 3.15367493942743, 1.5182209341094377], "Sigma": [[0.013953751924523078, 0.006811397357170682, -0.004552487362662919], [0.006811397357170682, 0.008881517308257364, 0.0007907176306143472], [-0.004552487362662919, 0.0007907176306143472, 0.004981951074879087]], "chi2_level": 0.95, "chi2_df": 3, "chi2_threshold": 7.814727903251179, "N_raw": 42, "N_roi": 39, "N_inlier": 37, "refit": true}
{"timestamp": "18:58:20.183343", "frame": 47, "mu": [-1.6110769215079315, 3.1256010913666743, 1.2371936749006596], "Sigma": [[0.017685629581018533, 0.0019285361210802593, -0.023416300386976424], [0.0019285361210802593, 0.0050858846518402724, -0.0004496157543042806], [-0.023416300386976424, -0.0004496157543042806, 0.03351833311377275]], "chi2_level": 0.95, "chi2_df": 3, "chi2_threshold": 7.814727903251179, "N_raw": 43, "N_roi": 41, "N_inlier": 41, "refit": true}
{"timestamp": "18:58:20.238517", "frame": 48, "mu": [-1.5610009827728264, 3.22360691207987, -0.04595117341239196], "Sigma": [[0.0159147929970432, 0.00798755912550936, 0.007915895786769038], [0.00798755912550936, 0.007750844485540674, 0.013772543471182034], [0.00791589578676904, 0.013772543471182033, 0.09441562795963257]], "chi2_level": 0.95, "chi2_df": 3, "chi2_threshold": 7.814727903251179, "N_raw": 42, "N_roi": 42, "N_inlier": 39, "refit": true}
{"timestamp": "18:58:20.290022", "frame": 49, "mu": [-1.5689483222605993, 3.220035284730228, 0.952802172344363], "Sigma": [[0.0028892379484746285, 0.001511193414034816, 0.023550605684133103], [0.001511193414034816, 0.0032479244097508506, 0.026828271983012283], [0.023550605684133103, 0.026828271983012283, 0.7505894642524049]], "chi2_level": 0.95, "chi2_df": 3, "chi2_threshold": 7.814727903251179, "N_raw": 18, "N_roi": 15, "N_inlier": 14, "refit": true}
{"timestamp": "18:58:20.344785", "frame": 50, "mu": [-1.3927323196590649, 3.234209969655627, 0.6598268785569692], "Sigma": [[0.005392781465954146, 0.006075495389855397, -0.03546130431370934], [0.006075495389855397, 0.01890005027683867, -0.03741484633833379], [-0.03546130431370935, -0.03741484633833379, 0.3325952252292971]], "chi2_level": 0.95, "chi2_df": 3, "chi2_threshold": 7.814727903251179, "N_raw": 10, "N_roi": 10, "N_inlier": 10, "refit": true}
{"timestamp": "18:58:20.403260", "frame": 51, "mu": [-1.410047609786958, 3.0745609055014804, 0.9466728322386391], "Sigma": [[0.010718155701851419, 0.0016304043423437358, -0.011986115227219393], [0.001630404342343736, 0.0027658365231178843, -0.003216688994587816], [-0.011986115227219395, -0.0032166889945878154, 0.016522973691485712]], "chi2_level": 0.95, "chi2_df": 3, "chi2_threshold": 7.814727903251179, "N_raw": 36, "N_roi": 34, "N_inlier": 33, "refit": true}
{"timestamp": "18:58:20.458860", "frame": 52, "mu": [-1.2899927404238176, 3.133378446577162, 0.994229817812595], "Sigma": [[0.01981054263888859, 0.0020193467906700823, -0.02020336207263745], [0.0020193467906700823, 0.0029291187579263234, -0.003962322893091853], [-0.02020336207263745, -0.003962322893091853, 0.023698223750452052]], "chi2_level": 0.95, "chi2_df": 3, "chi2_threshold": 7.814727903251179, "N_raw": 42, "N_roi": 42, "N_inlier": 42, "refit": true}
{"timestamp": "18:58:20.513700", "frame": 53, "mu": [-1.2567391358405364, 3.147413065124579, 0.9732732868809378], "Sigma": [[0.016993978271472678, -0.0006850350583054975, -0.016320447040646863], [-0.0006850350583054974, 0.004476970456976873, 0.002497065360691377], [-0.016320447040646863, 0.002497065360691377, 0.01807846355778501]], "chi2_level": 0.95, "chi2_df": 3, "chi2_threshold": 7.814727903251179, "N_raw": 39, "N_roi": 39, "N_inlier": 36, "refit": true}
{"timestamp": "18:58:20.567427", "frame": 54, "mu": [-1.2627866882122063, 3.2751683096004287, 0.191786239025319], "Sigma": [[0.012645209765470565, 0.0077267948709286915, -0.011690432717647189], [0.0077267948709286915, 0.010128765479711968, -0.010122791838645276], [-0.011690432717647189, -0.010122791838645276, 0.019332372845719866]], "chi2_level": 0.95, "chi2_df": 3, "chi2_threshold": 7.814727903251179, "N_raw": 28, "N_roi": 27, "N_inlier": 24, "refit": true}
{"timestamp": "18:58:20.621212", "frame": 55, "mu": [-1.2179190930001735, 3.1380140397505443, 1.2407647114981555], "Sigma": [[0.008049170810174122, 0.0014151181252021257, -0.008404062672717143], [0.0014151181252021255, 0.0033103673248103265, -0.0019181698306221559], [-0.008404062672717143, -0.0019181698306221559, 0.01060026359094445]], "chi2_level": 0.95, "chi2_df": 3, "chi2_threshold": 7.814727903251179, "N_raw": 24, "N_roi": 24, "N_inlier": 21, "refit": true}
{"timestamp": "18:58:20.731280", "frame": 57, "mu": [-1.0565008688764816, 3.1864856131064196, 1.1902717412744515], "Sigma": [[0.010024741886606871, 0.0024697810266127666, -0.008077635265887735], [0.002469781026612767, 0.0019232030812121653, -0.0038079448666195], [-0.008077635265887737, -0.0038079448666195003, 0.011698566008437687]], "chi2_level": 0.95, "chi2_df": 3, "chi2_threshold": 7.814727903251179, "N_raw": 28, "N_roi": 28, "N_inlier": 27, "refit": true}
{"timestamp": "18:58:20.786187", "frame": 58, "mu": [-1.0318909438834598, 3.2828481596977297, -0.01426958012617619], "Sigma": [[0.008273477484340031, 0.002017344033806918, -0.013038223018262615], [0.0020173440338069185, 0.0023493303520540024, -0.004689705044589725], [-0.013038223018262615, -0.004689705044589726, 0.023068770934869955]], "chi2_level": 0.95, "chi2_df": 3, "chi2_threshold": 7.814727903251179, "N_raw": 27, "N_roi": 23, "N_inlier": 22, "refit": true}
{"timestamp": "18:58:20.842257", "frame": 59, "mu": [-0.983679422217536, 3.161345181447536, 1.1382656652493648], "Sigma": [[0.008809116837634847, -0.0008994396260000781, -0.01068919547081508], [-0.0008994396260000781, 0.0021880325035414407, -0.0011755161583929855], [-0.01068919547081508, -0.001175516158392986, 0.0171129749511078]], "chi2_level": 0.95, "chi2_df": 3, "chi2_threshold": 7.814727903251179, "N_raw": 30, "N_roi": 30, "N_inlier": 30, "refit": true}
{"timestamp": "18:58:20.894881", "frame": 60, "mu": [-0.9311370628175305, 3.154187823176641, 0.8261954927130295], "Sigma": [[0.0019502381741356687, -0.002744286020118024, 0.011898950343605838], [-0.002744286020118024, 0.006917717619448575, -0.030547508693697253], [0.011898950343605837, -0.030547508693697253, 0.17119040205633831]], "chi2_level": 0.95, "chi2_df": 3, "chi2_threshold": 7.814727903251179, "N_raw": 15, "N_roi": 11, "N_inlier": 11, "refit": true}
{"timestamp": "18:58:20.954750", "frame": 61, "mu": [-0.8523032776769528, 3.1815418598748204, 1.1081454322792266], "Sigma": [[0.015007721498971166, -0.002314416633961126, -0.014416276277842035], [-0.002314416633961126, 0.0033217368083403327, 0.0024956838718994522], [-0.014416276277842035, 0.0024956838718994522, 0.015421097186521375]], "chi2_level": 0.95, "chi2_df": 3, "chi2_threshold": 7.814727903251179, "N_raw": 43, "N_roi": 40, "N_inlier": 37, "refit": true}
{"timestamp": "18:58:21.010248", "frame": 62, "mu": [-0.8234720122010621, 3.2657096204552754, -0.014540723412794002], "Sigma": [[0.016942827309523213, 0.0005894541031774176, -0.005467660754717312], [0.0005894541031774176, 0.004502369174910317, -0.0026474169539014688], [-0.005467660754717313, -0.0026474169539014688, 0.005512193469576772]], "chi2_level": 0.95, "chi2_df": 3, "chi2_threshold": 7.814727903251179, "N_raw": 54, "N_roi": 52, "N_inlier": 50, "refit": true}
{"timestamp": "18:58:21.066460", "frame": 63, "mu": [-0.841314178834087, 3.202884453394907, 1.239410521410623], "Sigma": [[0.01728153876764052, -0.0013121241152198766, -0.01667682081166369], [-0.0013121241152198766, 0.003346753564376725, -0.0007311802663129182], [-0.01667682081166369, -0.0007311802663129181, 0.01937232533696142]], "chi2_level": 0.95, "chi2_df": 3, "chi2_threshold": 7.814727903251179, "N_raw": 54, "N_roi": 50, "N_inlier": 49, "refit": true}
{"timestamp": "18:58:21.122384", "frame": 64, "mu": [-0.7187505861877722, 3.2650144703826496, 0.8855549371069741], "Sigma": [[0.01723552933448528, 0.00430856436497317, -0.04321244217169462], [0.00430856436497317, 0.008913971139232651, -0.040238835124207326], [-0.04321244217169462, -0.040238835124207326, 0.31914811828815626]], "chi2_level": 0.95, "chi2_df": 3, "chi2_threshold": 7.814727903251179, "N_raw": 61, "N_roi": 59, "N_inlier": 58, "refit": true}
{"timestamp": "18:58:21.169869", "frame": 65, "mu": [-0.5166951243717215, 3.394827550616216, 0.08961705571305272], "Sigma": [[0.01239169824122265, 0.006727507805369485, -0.013510797281960328], [0.006727507805369485, 0.005616762897866338, -0.014320129546728799], [-0.013510797281960328, -0.014320129546728799, 0.053834211042302633]], "chi2_level": 0.95, "chi2_df": 3, "chi2_threshold": 7.814727903251179, "N_raw": 14, "N_roi": 14, "N_inlier": 12, "refit": true}
{"timestamp": "18:58:21.286057", "frame": 67, "mu": [-0.6279706908629324, 3.16584209976873, 1.0359736426065815], "Sigma": [[0.015008915014576978, 0.0003845308746768928, -0.004562850373391882], [0.000384530874676893, 0.000983937622348759, -0.0037785984007800482], [-0.004562850373391881, -0.0037785984007800482, 0.0338854141862737]], "chi2_level": 0.95, "chi2_df": 3, "chi2_threshold": 7.814727903251179, "N_raw": 57, "N_roi": 53, "N_inlier": 50, "refit": true}
{"timestamp": "18:58:21.343605", "frame": 68, "mu": [-0.5898622706497342, 3.244411725824328, 1.2142678075472715], "Sigma": [[0.021257742891757005, -0.00014282710077367857, -0.004998168816679482], [-0.00014282710077367835, 0.0035171491935397847, -0.0056305200826829525], [-0.004998168816679482, -0.0056305200826829525, 0.012170106877320501]], "chi2_level": 0.95, "chi2_df": 3, "chi2_threshold": 7.814727903251179, "N_raw": 72, "N_roi": 67, "N_inlier": 64, "refit": true}
{"timestamp": "18:58:21.396486", "frame": 69, "mu": [-0.5466285353931328, 3.2716806964874428, 1.092203452598804], "Sigma": [[0.019163238416480516, 7.685721545819756e-05, -0.007067497529001612], [7.685721545819734e-05, 0.004470783424472846, -0.0008826726155896623], [-0.007067497529001612, -0.0008826726155896623, 0.0037995707855119345]], "chi2_level": 0.95, "chi2_df": 3, "chi2_threshold": 7.814727903251179, "N_raw": 54, "N_roi": 50, "N_inlier": 50, "refit": true}
{"timestamp": "18:58:21.449238", "frame": 70, "mu": [-0.4144707863724287, 3.226952056604694, 1.2906429786268903], "Sigma": [[0.008836424320959312, 0.0004474696726161091, -0.004397820701160818], [0.00044746967261610906, 0.0016214341551036152, -0.003143446124379117], [-0.004397820701160818, -0.0031434461243791166, 0.010416759362296147]], "chi2_level": 0.95, "chi2_df": 3, "chi2_threshold": 7.814727903251179, "N_raw": 33, "N_roi": 27, "N_inlier": 24, "refit": true}
{"timestamp": "18:58:21.501435", "frame": 71, "mu": [-0.42452216658073716, 3.2225540535336084, 1.3111939488470639], "Sigma": [[0.01032307316388482, 6.608207723673412e-05, -0.004701424655332147], [6.608207723673423e-05, 0.0014126700420025156, -0.0019165200940002441], [-0.004701424655332147, -0.001916520094000244, 0.009267045797310011]], "chi2_level": 0.95, "chi2_df": 3, "chi2_threshold": 7.814727903251179, "N_raw": 27, "N_roi": 25, "N_inlier": 23, "refit": true}
{"timestamp": "18:58:21.555834", "frame": 72, "mu": [-0.32714940444362994, 3.315463684794422, 1.1905477003764111], "Sigma": [[0.003902113526533748, -0.00040276576170073094, -0.0008540743523891131], [-0.00040276576170073094, 0.0020969427161765916, -0.010498591058159486], [-0.0008540743523891131, -0.010498591058159486, 0.09438530659504415]], "chi2_level": 0.95, "chi2_df": 3, "chi2_threshold": 7.814727903251179, "N_raw": 17, "N_roi": 16, "N_inlier": 14, "refit": true}
{"timestamp": "18:58:21.614859", "frame": 73, "mu": [-0.19181764551470518, 3.388027521789556, 0.8567934418759612], "Sigma": [[0.009735108841012344, 0.001635114396560036, -0.014571086332424685], [0.001635114396560036, 0.015004867808445297, -0.04244422614768595], [-0.014571086332424685, -0.04244422614768594, 0.14947043097288606]], "chi2_level": 0.95, "chi2_df": 3, "chi2_threshold": 7.814727903251179, "N_raw": 45, "N_roi": 45, "N_inlier": 43, "refit": true}
{"timestamp": "18:58:21.669455", "frame": 74, "mu": [-0.17450099542048048, 3.2342640467595225, 1.1364319769575202], "Sigma": [[0.011276462950412286, -0.0029777554738185724, -0.01108540750285415], [-0.0029777554738185724, 0.004724434385603664, 0.005561923275234984], [-0.011085407502854151, 0.005561923275234984, 0.01415937320166163]], "chi2_level": 0.95, "chi2_df": 3, "chi2_threshold": 7.814727903251179, "N_raw": 40, "N_roi": 36, "N_inlier": 33, "refit": true}
{"timestamp": "18:58:21.722451", "frame": 75, "mu": [-0.11360477451888305, 3.3689522897053714, 0.015790602929597483], "Sigma": [[0.0114474073205741, 0.0012831218873239035, -0.0074422580122241195], [0.0012831218873239035, 0.00254110662540148, -0.0037738589229706705], [-0.0074422580122241195, -0.0037738589229706705, 0.035834402378896325]], "chi2_level": 0.95, "chi2_df": 3, "chi2_threshold": 7.814727903251179, "N_raw": 32, "N_roi": 30, "N_inlier": 26, "refit": true}
{"timestamp": "18:58:21.779290", "frame": 76, "mu": [-0.20303921639621914, 3.2863533304887196, 1.3961200145524622], "Sigma": [[0.01498980104859819, -0.00018864490448394018, -0.009615573725864385], [-0.00018864490448394018, 0.0028050576658871507, -0.001059872149471789], [-0.009615573725864385, -0.001059872149471789, 0.008678548101004723]], "chi2_level": 0.95, "chi2_df": 3, "chi2_threshold": 7.814727903251179, "N_raw": 42, "N_roi": 42, "N_inlier": 39, "refit": true}
{"timestamp": "18:58:21.831872", "frame": 77, "mu": [-0.16150677219153026, 3.3393874115878566, 0.7854751006453063], "Sigma": [[0.008648369836653522, -0.005315228951308187, 0.03547646887512073], [-0.005315228951308187, 0.011063924478335136, -0.07411786667249826], [0.03547646887512073, -0.07411786667249826, 0.5331826088302509]], "chi2_level": 0.95, "chi2_df": 3, "chi2_threshold": 7.814727903251179, "N_raw": 22, "N_roi": 21, "N_inlier": 19, "refit": true}
{"timestamp": "18:58:21.890000", "frame": 78, "mu": [-0.017835398249198275, 3.316213176775314, 1.421785392059849], "Sigma": [[0.014088679146770988, -0.0010946282090887915, -0.01257064421755865], [-0.001094628209088791, 0.003421548986362964, -0.002128364233477403], [-0.012570644217558652, -0.0021283642334774026, 0.023580113241426125]], "chi2_level": 0.95, "chi2_df": 3, "chi2_threshold": 7.814727903251179, "N_raw": 50, "N_roi": 50, "N_inlier": 49, "refit": true}
{"timestamp": "18:58:21.946693", "frame": 79, "mu": [0.03774754377296853, 3.297397198626383, 1.371376666265093], "Sigma": [[0.01733511307254436, -0.003959330658668514, -0.014589465469898859], [-0.003959330658668514, 0.0069352948930908485, 0.0020511831561516496], [-0.014589465469898859, 0.0020511831561516496, 0.016196359915027908]], "chi2_level": 0.95, "chi2_df": 3, "chi2_threshold": 7.814727903251179, "N_raw": 68, "N_roi": 64, "N_inlier": 63, "refit": true}
{"timestamp": "18:58:22.002790", "frame": 80, "mu": [0.11286175596125657, 3.356265383855874, 0.037677276190321574], "Sigma": [[0.015487433020278406, -0.001116714255599293, -0.010449285610445546], [-0.001116714255599293, 0.00614936021519777, -0.0018043610864722918], [-0.010449285610445546, -0.0018043610864722916, 0.009438592391445387]], "chi2_level": 0.95, "chi2_df": 3, "chi2_threshold": 7.814727903251179, "N_raw": 61, "N_roi": 59, "N_inlier": 57, "refit": true}
{"timestamp": "18:58:22.054464", "frame": 81, "mu": [0.1539836451590524, 3.2787798093954037, 1.3918187566051607], "Sigma": [[0.01194684251938258, -0.005148707027744021, -0.014109234092097626], [-0.005148707027744022, 0.005508215367479643, 0.007963211056687652], [-0.014109234092097626, 0.007963211056687652, 0.019285077932053953]], "chi2_level": 0.95, "chi2_df": 3, "chi2_threshold": 7.814727903251179, "N_raw": 37, "N_roi": 34, "N_inlier": 33, "refit": true}
{"timestamp": "18:58:22.110587", "frame": 82, "mu": [0.19366199259641376, 3.3027381504906153, 1.5508165768059383], "Sigma": [[0.014537897982829107, -0.004028003581478263, -0.023219214604097524], [-0.004028003581478263, 0.005536773259500888, 0.010867313734196022], [-0.023219214604097524, 0.010867313734196023, 0.04378576251697433]], "chi2_level": 0.95, "chi2_df": 3, "chi2_threshold": 7.814727903251179, "N_raw": 43, "N_roi": 40, "N_inlier": 40, "refit": true}
{"timestamp": "18:58:22.165501", "frame": 83, "mu": [0.21074533133350792, 3.3419879233502945, 0.35818948411738055], "Sigma": [[0.00979130134512036, 0.0002786852728661988, -0.013736701024696357], [0.0002786852728661988, 0.00580126438154443, -0.0057299184567767445], [-0.013736701024696357, -0.0057299184567767445, 0.03266360747610878]], "chi2_level": 0.95, "chi2_df": 3, "chi2_threshold": 7.814727903251179, "N_raw": 43, "N_roi": 41, "N_inlier": 41, "refit": true}
{"timestamp": "18:58:22.218247", "frame": 84, "mu": [0.2534777697317814, 3.3090379451287895, 1.5763653394196684], "Sigma": [[0.011406210228135004, -0.0006185280953560058, -0.0101175733432514], [-0.0006185280953560059, 0.003482680652220973, 0.0020727342654343972], [-0.0101175733432514, 0.0020727342654343972, 0.012070027662061644]], "chi2_level": 0.95, "chi2_df": 3, "chi2_threshold": 7.814727903251179, "N_raw": 38, "N_roi": 38, "N_inlier": 35, "refit": true}
{"timestamp": "18:58:22.277869", "frame": 85, "mu": [0.2748966132842109, 3.328522527220531, 1.3359960261144272], "Sigma": [[0.019058770377009857, -0.0028097046849806405, -0.01105358060859435], [-0.0028097046849806405, 0.006595748482852939, -0.0027086697856665105], [-0.011053580608594349, -0.0027086697856665105, 0.011146035021690051]], "chi2_level": 0.95, "chi2_df": 3, "chi2_threshold": 7.814727903251179, "N_raw": 71, "N_roi": 71, "N_inlier": 71, "refit": true}
{"timestamp": "18:58:22.324754", "frame": 86, "mu": [0.3886332733853395, 3.3330269280344758, 0.9912601483033712], "Sigma": [[0.0005939284121315023, 0.0008431122530291043, -0.0058430738078803154], [0.0008431122530291043, 0.014371018662725579, -0.04507738926207368], [-0.005843073807880316, -0.04507738926207368, 0.18215578367260274]], "chi2_level": 0.95, "chi2_df": 3, "chi2_threshold": 7.814727903251179, "N_raw": 7, "N_roi": 7, "N_inlier": 7, "refit": true}
{"timestamp": "18:58:22.381514", "frame": 87, "mu": [0.3270312119066649, 3.399509397483116, 1.6341752652030292], "Sigma": [[0.00967237727652732, -0.0036054243580370543, -0.018536536963607797], [-0.0036054243580370543, 0.0032942648988106495, 0.007819174528183748], [-0.018536536963607797, 0.007819174528183748, 0.037800845230661045]], "chi2_level": 0.95, "chi2_df": 3, "chi2_threshold": 7.814727903251179, "N_raw": 27, "N_roi": 26, "N_inlier": 22, "refit": true}
{"timestamp": "18:58:22.438041", "frame": 88, "mu": [0.4024067286183321, 3.362782572029089, 1.2727175805679252], "Sigma": [[0.01427666794365855, -0.002648270410045521, -0.010105589529001858], [-0.0026482704100455204, 0.003781776369866004, 0.0013624820574319404], [-0.010105589529001858, 0.0013624820574319404, 0.010221955345831675]], "chi2_level": 0.95, "chi2_df": 3, "chi2_threshold": 7.814727903251179, "N_raw": 40, "N_roi": 39, "N_inlier": 37, "refit": true}
{"timestamp": "18:58:22.494929", "frame": 89, "mu": [0.5026783770647325, 3.3467106257194366, 1.2166110044553373], "Sigma": [[0.013514014468592373, -0.0035126387194570697, -0.008847045776669636], [-0.0035126387194570697, 0.002867592590685926, -0.0005299583270783895], [-0.008847045776669636, -0.0005299583270783895, 0.01314180535872334]], "chi2_level": 0.95, "chi2_df": 3, "chi2_threshold": 7.814727903251179, "N_raw": 43, "N_roi": 43, "N_inlier": 38, "refit": true}
{"timestamp": "18:58:22.546963", "frame": 90, "mu": [0.5932188692337532, 3.3593495523730077, 1.164846365012679], "Sigma": [[0.009973261389098551, -0.0019936421502851865, -0.008933657524855407], [-0.0019936421502851865, 0.002625696037126197, 1.3074510961229996e-05], [-0.008933657524855405, 1.3074510961229996e-05, 0.011216941795872433]], "chi2_level": 0.95, "chi2_df": 3, "chi2_threshold": 7.814727903251179, "N_raw": 30, "N_roi": 30, "N_inlier": 27, "refit": true}
{"timestamp": "18:58:22.608204", "frame": 91, "mu": [0.586387796507801, 3.3572595442143256, 1.2161217475791728], "Sigma": [[0.014120938409434902, -0.003397043000508368, -0.008472755234065729], [-0.0033970430005083683, 0.005704036254705215, -0.0061743423455728145], [-0.00847275523406573, -0.0061743423455728145, 0.04729398867269578]], "chi2_level": 0.95, "chi2_df": 3, "chi2_threshold": 7.814727903251179, "N_raw": 73, "N_roi": 73, "N_inlier": 68, "refit": true}
{"timestamp": "18:58:22.657502", "frame": 92, "mu": [0.6190082126361699, 3.4212976626055966, 1.3312837447860568], "Sigma": [[0.009721772615830042, -0.0025619099815753503, -0.004033003897488823], [-0.00256190998157535, 0.0034583541002970106, -0.00207250938690599], [-0.004033003897488822, -0.00207250938690599, 0.06503356875435598]], "chi2_level": 0.95, "chi2_df": 3, "chi2_threshold": 7.814727903251179, "N_raw": 34, "N_roi": 34, "N_inlier": 31, "refit": true}
{"timestamp": "18:58:22.709181", "frame": 93, "mu": [0.6761634427122326, 3.389804450951484, 0.8324454286792209], "Sigma": [[0.0014161038816462572, -0.002076480132799145, 0.011801901708704762], [-0.002076480132799145, 0.006310107099941841, -0.03809785323303337], [0.011801901708704762, -0.03809785323303337, 0.4201473755675698]], "chi2_level": 0.95, "chi2_df": 3, "chi2_threshold": 7.814727903251179, "N_raw": 11, "N_roi": 9, "N_inlier": 9, "refit": true}
{"timestamp": "18:58:22.766925", "frame": 94, "mu": [0.7539027130236141, 3.383677383375955, 0.9977168008331709], "Sigma": [[0.007111254577423928, -0.0013528252572214635, 0.00037497531867445493], [-0.0013528252572214635, 0.004409152096772889, -0.015318712127927184], [0.00037497531867445514, -0.015318712127927184, 0.08959740894453852]], "chi2_level": 0.95, "chi2_df": 3, "chi2_threshold": 7.814727903251179, "N_raw": 28, "N_roi": 27, "N_inlier": 26, "refit": true}
{"timestamp": "18:58:22.824906", "frame": 95, "mu": [0.78235777093688, 3.4379874162957047, 0.051388628160676214], "Sigma": [[0.014728732312119465, -0.000822063577035217, 0.012857324656820626], [-0.000822063577035217, 0.00403358369160171, -0.004040448103779648], [0.012857324656820626, -0.004040448103779648, 0.08695300311342165]], "chi2_level": 0.95, "chi2_df": 3, "chi2_threshold": 7.814727903251179, "N_raw": 44, "N_roi": 41, "N_inlier": 39, "refit": true}
{"timestamp": "18:58:22.875236", "frame": 96, "mu": [0.8463679339483994, 3.366292755432104, 1.249647529107647], "Sigma": [[0.005407641080673885, -0.0005394973727694025, -0.011440648796108168], [-0.0005394973727694025, 0.006686929250254097, -0.02851622601508512], [-0.011440648796108165, -0.02851622601508512, 0.19151834718932542]], "chi2_level": 0.95, "chi2_df": 3, "chi2_threshold": 7.814727903251179, "N_raw": 17, "N_roi": 13, "N_inlier": 13, "refit": true}
{"timestamp": "18:58:22.930094", "frame": 97, "mu": [0.8997187935486736, 3.439481770826237, 1.0909735552757296], "Sigma": [[0.006441913045387971, 0.0034183288849275965, -0.04068036348559087], [0.003418328884927596, 0.005207340818419248, -0.027552019589632035], [-0.04068036348559086, -0.02755201958963203, 0.2924577105917268]], "chi2_level": 0.95, "chi2_df": 3, "chi2_threshold": 7.814727903251179, "N_raw": 15, "N_roi": 11, "N_inlier": 11, "refit": true}
{"timestamp": "18:58:22.991210", "frame": 98, "mu": [0.8518535271644506, 3.4303144045294314, 1.5088314899945803], "Sigma": [[0.007070158397116671, -0.0015650609454276542, -0.005466237409013761], [-0.0015650609454276542, 0.0015561247896830868, -0.0006723008760580802], [-0.005466237409013761, -0.0006723008760580802, 0.009233333862632453]], "chi2_level": 0.95, "chi2_df": 3, "chi2_threshold": 7.814727903251179, "N_raw": 26, "N_roi": 20, "N_inlier": 19, "refit": true}
{"timestamp": "18:58:23.044915", "frame": 99, "mu": [1.0346115890727205, 3.358312269121103, 1.2402170194132842], "Sigma": [[0.017710554327849678, -0.0069630289245051396, -0.015436046074017922], [-0.0069630289245051396, 0.005093714129393413, 0.0033883267035636757], [-0.015436046074017922, 0.003388326703563676, 0.020821925386043525]], "chi2_level": 0.95, "chi2_df": 3, "chi2_threshold": 7.814727903251179, "N_raw": 44, "N_roi": 43, "N_inlier": 40, "refit": true}
{"timestamp": "18:58:23.196146", "frame": 100, "mu": [1.0480588990883817, 3.4133860613429867, 1.1597632119491457], "Sigma": [[0.014506374589247016, -0.008059513569645236, -0.007458792965355624], [-0.008059513569645236, 0.005663571464139874, -0.007814290523380202], [-0.007458792965355625, -0.007814290523380202, 0.16811821976495397]], "chi2_level": 0.95, "chi2_df": 3, "chi2_threshold": 7.814727903251179, "N_raw": 32, "N_roi": 31, "N_inlier": 28, "refit": true}
{"timestamp": "18:58:23.223108", "frame": 101, "mu": [1.0389245618926886, 3.505615548406024, 0.8646350740879273], "Sigma": [[0.005787121526627735, -0.008858201069603772, 0.0224730220816948], [-0.008858201069603772, 0.02298877255607583, -0.052496130552122475], [0.0224730220816948, -0.052496130552122475, 0.13464017543856835]], "chi2_level": 0.95, "chi2_df": 3, "chi2_threshold": 7.814727903251179, "N_raw": 12, "N_roi": 12, "N_inlier": 11, "refit": true}
{"timestamp": "18:58:23.254496", "frame": 102, "mu": [1.0798505822303, 3.4975337502509327, 0.7837884449334227], "Sigma": [[0.015449628920986785, -0.013721475589772606, 0.02571530139334955], [-0.013721475589772606, 0.021468331441866606, -0.04642371857853557], [0.025715301393349554, -0.04642371857853557, 0.11395011715408575]], "chi2_level": 0.95, "chi2_df": 3, "chi2_threshold": 7.814727903251179, "N_raw": 27, "N_roi": 27, "N_inlier": 25, "refit": true}
{"timestamp": "18:58:23.283504", "frame": 103, "mu": [1.1963460996771131, 3.4443140842088544, -0.3698593280882795], "Sigma": [[0.015204046303199442, -0.0017732766670612117, 0.04600757635779727], [-0.0017732766670612117, 0.00498332402687261, -0.01682292797513839], [0.04600757635779727, -0.016822927975138395, 0.2898843111789479]], "chi2_level": 0.95, "chi2_df": 3, "chi2_threshold": 7.814727903251179, "N_raw": 42, "N_roi": 39, "N_inlier": 37, "refit": true}
{"timestamp": "18:58:23.314897", "frame": 104, "mu": [1.2361558757383706, 3.473605397993314, 0.9532625114751324], "Sigma": [[0.005418472314331836, -0.004118810673723216, 0.0115284195781537], [-0.004118810673723216, 0.022105999546296023, -0.06489165764351418], [0.0115284195781537, -0.06489165764351418, 0.22258092736689847]], "chi2_level": 0.95, "chi2_df": 3, "chi2_threshold": 7.814727903251179, "N_raw": 9, "N_roi": 9, "N_inlier": 9, "refit": true}
{"timestamp": "18:58:23.427323", "frame": 106, "mu": [1.37072845422747, 3.359130536183191, 1.2406745386484945], "Sigma": [[0.010258838802411052, -0.004782493796394585, -0.013248826260608217], [-0.004782493796394586, 0.006435122863260217, 0.0076438427008262075], [-0.013248826260608217, 0.0076438427008262075, 0.021434727639652]], "chi2_level": 0.95, "chi2_df": 3, "chi2_threshold": 7.814727903251179, "N_raw": 32, "N_roi": 32, "N_inlier": 29, "refit": true}
{"timestamp": "18:58:23.483624", "frame": 107, "mu": [1.3556986539258897, 3.3733563676627845, 1.321485918563819], "Sigma": [[0.012004439175780179, -0.004860584776069907, -0.008922095302845604], [-0.004860584776069907, 0.004087402291052848, -0.0014800492521669492], [-0.008922095302845604, -0.0014800492521669492, 0.025569805579969462]], "chi2_level": 0.95, "chi2_df": 3, "chi2_threshold": 7.814727903251179, "N_raw": 42, "N_roi": 41, "N_inlier": 40, "refit": true}
{"timestamp": "18:58:23.536198", "frame": 108, "mu": [1.4458863146209113, 3.371270785566551, 1.185852233482412], "Sigma": [[0.0091475141029697, -0.0032200970766351395, -0.0049242582509023795], [-0.00322009707663514, 0.0019699824754734695, 0.0005885232336245707], [-0.0049242582509023795, 0.0005885232336245706, 0.009329120291169828]], "chi2_level": 0.95, "chi2_df": 3, "chi2_threshold": 7.814727903251179, "N_raw": 22, "N_roi": 21, "N_inlier": 20, "refit": true}
{"timestamp": "18:58:23.589034", "frame": 109, "mu": [1.399841096176038, 3.055882348059761, 0.6529670782349796], "Sigma": [[0.008398609981959598, -0.038680567462874564, -0.11711413248962371], [-0.03868056746287457, 0.38522774932405207, 0.7939269033621954], [-0.11711413248962373, 0.7939269033621954, 1.970623931699437]], "chi2_level": 0.95, "chi2_df": 3, "chi2_threshold": 7.814727903251179, "N_raw": 8, "N_roi": 7, "N_inlier": 7, "refit": true}
{"timestamp": "18:58:23.648500", "frame": 110, "mu": [1.4822897472252976, 3.4208816261240083, 1.3777528317876968], "Sigma": [[0.017999107810090335, -0.0070721040955858865, -0.010992639413625313], [-0.007072104095585886, 0.005647364238265107, 0.0016326698883864516], [-0.010992639413625313, 0.0016326698883864519, 0.011505702847912271]], "chi2_level": 0.95, "chi2_df": 3, "chi2_threshold": 7.814727903251179, "N_raw": 41, "N_roi": 41, "N_inlier": 40, "refit": true}
{"timestamp": "18:58:23.699937", "frame": 111, "mu": [1.467716076993142, 3.4481334544519036, 1.230390640376375], "Sigma": [[0.004650480523459496, -0.0022241223595314886, -0.02749842207313492], [-0.002224122359531488, 0.005346890769622914, 0.012143505837628578], [-0.027498422073134923, 0.012143505837628578, 0.3336976810189853]], "chi2_level": 0.95, "chi2_df": 3, "chi2_threshold": 7.814727903251179, "N_raw": 9, "N_roi": 9, "N_inlier": 9, "refit": true}
{"timestamp": "18:58:23.755212", "frame": 112, "mu": [1.5398697672849406, 3.4412719505944036, 1.3395695145624433], "Sigma": [[0.006903502171028613, -0.003084848679021156, -0.004739748814839132], [-0.0030848486790211556, 0.0018644985336500784, -0.001438708461057605], [-0.004739748814839132, -0.0014387084610576052, 0.044707777740431706]], "chi2_level": 0.95, "chi2_df": 3, "chi2_threshold": 7.814727903251179, "N_raw": 21, "N_roi": 21, "N_inlier": 18, "refit": true}
{"timestamp": "18:58:23.810644", "frame": 113, "mu": [1.6165067843065277, 3.4237730081347832, 1.1029846241033803], "Sigma": [[0.005563762859379237, -0.0003044569411119345, 0.0023676657140451083], [-0.0003044569411119346, 0.0011786184761030105, -0.007538868101066588], [0.0023676657140451075, -0.007538868101066587, 0.23629753882598964]], "chi2_level": 0.95, "chi2_df": 3, "chi2_threshold": 7.814727903251179, "N_raw": 8, "N_roi": 8, "N_inlier": 8, "refit": true}
{"timestamp": "18:58:23.865382", "frame": 114, "mu": [1.6008018318941786, 3.4527876021661217, 1.5204869896952442], "Sigma": [[0.009557460280129748, -0.004777855708845577, -0.009254806191299517], [-0.004777855708845577, 0.003135556744187034, 0.002998980150324992], [-0.009254806191299517, 0.0029989801503249917, 0.019089680217899745]], "chi2_level": 0.95, "chi2_df": 3, "chi2_threshold": 7.814727903251179, "N_raw": 17, "N_roi": 17, "N_inlier": 15, "refit": true}
{"timestamp": "18:58:23.973921", "frame": 116, "mu": [1.663455493771516, 3.5333146565329407, 1.1096769360157714], "Sigma": [[0.002364105296130935, 0.002892976218777683, -0.017234472946984596], [0.002892976218777683, 0.0059466891676459, -0.026355028766020507], [-0.017234472946984596, -0.026355028766020507, 0.1526606469784706]], "chi2_level": 0.95, "chi2_df": 3, "chi2_threshold": 7.814727903251179, "N_raw": 8, "N_roi": 8, "N_inlier": 8, "refit": true}
{"timestamp": "18:58:24.084444", "frame": 118, "mu": [1.8280390456738003, 3.4800078050237992, 1.470180020530835], "Sigma": [[0.002419336826150987, 0.0003956286202286883, -0.002613579152512996], [0.00039562862022868837, 0.0019439452653353755, -0.000604505049409409], [-0.0026135791525129957, -0.0006045050494094092, 0.005360234122215792]], "chi2_level": 0.95, "chi2_df": 3, "chi2_threshold": 7.814727903251179, "N_raw": 9, "N_roi": 8, "N_inlier": 7, "refit": true}
{"timestamp": "18:58:24.142069", "frame": 119, "mu": [1.8218307007163623, 3.484660098536872, 1.3535398328358976], "Sigma": [[0.012342301976743233, -0.005971507089450217, -0.002695248126688735], [-0.005971507089450217, 0.005485646698601019, -0.0005725454970525795], [-0.002695248126688735, -0.0005725454970525795, 0.004807640521824234]], "chi2_level": 0.95, "chi2_df": 3, "chi2_threshold": 7.814727903251179, "N_raw": 30, "N_roi": 30, "N_inlier": 28, "refit": true}
{"timestamp": "18:58:24.196442", "frame": 120, "mu": [1.79954560551605, 3.550868432116481, 1.5095706732681078], "Sigma": [[0.008356203609591861, -0.004080601796195989, -0.0017560990561805718], [-0.004080601796195989, 0.003849649391075169, -0.0004121392728570521], [-0.0017560990561805718, -0.000412139272857052, 0.003305990921163054]], "chi2_level": 0.95, "chi2_df": 3, "chi2_threshold": 7.814727903251179, "N_raw": 23, "N_roi": 21, "N_inlier": 19, "refit": true}
