{"timestamp": "18:41:04.531580", "frame": 14, "mu": [2.3189570346839408, 2.1151210185941145, 1.263109903765917], "Sigma": [[0.00032388706410933267, 0.0008365893553156948, -0.002629529090679682], [0.0008365893553156948, 0.011589153824356364, -0.016641156746341753], [-0.0026295290906796815, -0.016641156746341753, 0.03712008501109326]], "chi2_level": 0.95, "chi2_df": 3, "chi2_threshold": 7.814727903251179, "N_raw": 10, "N_roi": 7, "N_inlier": 7, "refit": true}
{"timestamp": "18:41:04.697412", "frame": 17, "mu": [2.1959549276510066, 2.012900772079284, 1.1206274903504678], "Sigma": [[0.0029618208036783803, -0.008359551154000085, -7.464219383202151e-05], [-0.008359551154000085, 0.03600139124566228, -0.010588369569130377], [-7.464219383202149e-05, -0.010588369569130375, 0.010675491391379651]], "chi2_level": 0.95, "chi2_df": 3, "chi2_threshold": 7.814727903251179, "N_raw": 7, "N_roi": 7, "N_inlier": 7, "refit": true}
{"timestamp": "18:41:04.751377", "frame": 18, "mu": [2.084527011252153, 2.0173942844835278, 1.2091306735031881], "Sigma": [[0.0013761587593782488, -0.0008937260347135147, -0.001771078207640322], [-0.0008937260347135147, 0.004516144179201235, -0.005737712131703318], [-0.0017710782076403222, -0.005737712131703318, 0.015921249322349503]], "chi2_level": 0.95, "chi2_df": 3, "chi2_threshold": 7.814727903251179, "N_raw": 11, "N_roi": 11, "N_inlier": 11, "refit": true}
{"timestamp": "18:41:04.861272", "frame": 20, "mu": [2.010636693149272, 1.9898332547581703, 0.8705890511609894], "Sigma": [[0.010156307111199173, -0.010017359145163744, -0.07561583401464031], [-0.010017359145163744, 0.014802158218695426, 0.08195713554288103], [-0.07561583401464032, 0.08195713554288103, 0.6135359203500562]], "chi2_level": 0.95, "chi2_df": 3, "chi2_threshold": 7.814727903251179, "N_raw": 9, "N_roi": 9, "N_inlier": 9, "refit": true}
{"timestamp": "18:41:04.917148", "frame": 21, "mu": [1.8702654802075491, 2.0335122401948578, 1.1956144837053118], "Sigma": [[0.0011287044939659486, -0.0005951501471285819, -0.006963502449016573], [-0.0005951501471285819, 0.0036955617021572663, -0.002218895618341824], [-0.006963502449016573, -0.002218895618341824, 0.12376603429663213]], "chi2_level": 0.95, "chi2_df": 3, "chi2_threshold": 7.814727903251179, "N_raw": 7, "N_roi": 7, "N_inlier": 7, "refit": true}
{"timestamp": "18:41:04.981470", "frame": 22, "mu": [1.7983761282337758, 2.070895423498173, 0.9922153767461914], "Sigma": [[0.007787815638699949, -0.006858711400907441, 0.0016118216181664402], [-0.006858711400907441, 0.01028227831153965, -0.013734760041886498], [0.0016118216181664404, -0.013734760041886498, 0.09141735503992227]], "chi2_level": 0.95, "chi2_df": 3, "chi2_threshold": 7.814727903251179, "N_raw": 77, "N_roi": 77, "N_inlier": 76, "refit": true}
{"timestamp": "18:41:05.032304", "frame": 23, "mu": [1.7342996329197709, 1.9802614825750322, 1.3295315200104696], "Sigma": [[0.007388362658975062, -0.0063137381417987404, -0.003960229114408711], [-0.0063137381417987404, 0.013039115523881328, 0.007475931667407201], [-0.003960229114408711, 0.007475931667407201, 0.005005121441249556]], "chi2_level": 0.95, "chi2_df": 3, "chi2_threshold": 7.814727903251179, "N_raw": 33, "N_roi": 33, "N_inlier": 32, "refit": true}
{"timestamp": "18:41:05.089354", "frame": 24, "mu": [1.6240222599288612, 1.8074579475581272, 0.8527152238826861], "Sigma": [[0.00779620848031676, -0.0018814811239309822, -0.00443218224382666], [-0.0018814811239309822, 0.011656743792094746, -0.0031012226493574405], [-0.00443218224382666, -0.0031012226493574405, 0.0063939817712198145]], "chi2_level": 0.95, "chi2_df": 3, "chi2_threshold": 7.814727903251179, "N_raw": 42, "N_roi": 42, "N_inlier": 39, "refit": true}
{"timestamp": "18:41:05.145292", "frame": 25, "mu": [1.541251789906159, 1.837450817626864, 0.9536099577996731], "Sigma": [[0.010366798053221054, -0.005879854882432754, -0.001943628322111402], [-0.005879854882432754, 0.010259309806050951, 0.00046247971703197526], [-0.0019436283221114022, 0.0004624797170319754, 0.001405163946896214]], "chi2_level": 0.95, "chi2_df": 3, "chi2_threshold": 7.814727903251179, "N_raw": 50, "N_roi": 50, "N_inlier": 48, "refit": true}
{"timestamp": "18:41:05.196722", "frame": 26, "mu": [1.4712886871131183, 2.0266843670601493, -0.6031421195949729], "Sigma": [[0.004727988395260523, -0.002371289726731309, -0.001450967076753591], [-0.0023712897267313096, 0.004115860272236798, -0.0016528088011798746], [-0.0014509670767535912, -0.001652808801179875, 0.012776052821470702]], "chi2_level": 0.95, "chi2_df": 3, "chi2_threshold": 7.814727903251179, "N_raw": 29, "N_roi": 29, "N_inlier": 25, "refit": true}
{"timestamp": "18:41:05.251179", "frame": 27, "mu": [1.3938363754095344, 1.961740040095139, 1.0034706388455874], "Sigma": [[0.005167282864709689, -0.0004878806474934174, 0.00034847065976731015], [-0.0004878806474934172, 0.007560238926760612, 0.002631779243611343], [0.0003484706597673101, 0.002631779243611343, 0.00409102636775043]], "chi2_level": 0.95, "chi2_df": 3, "chi2_threshold": 7.814727903251179, "N_raw": 27, "N_roi": 27, "N_inlier": 24, "refit": true}
{"timestamp": "18:41:05.306232", "frame": 28, "mu": [1.376165201270448, 1.9955837596339907, 1.1919811044266562], "Sigma": [[0.01488030473443889, -0.010596767063558058, -0.05668680390011442], [-0.010596767063558058, 0.00930676921639786, 0.04181030285407843], [-0.05668680390011442, 0.04181030285407843, 0.29506245289092653]], "chi2_level": 0.95, "chi2_df": 3, "chi2_threshold": 7.814727903251179, "N_raw": 27, "N_roi": 27, "N_inlier": 26, "refit": true}
{"timestamp": "18:41:05.361346", "frame": 29, "mu": [1.3810437958870811, 1.886474534417501, 0.9867830639944304], "Sigma": [[0.00882782109424879, -0.007676242498758557, -0.02427429949019267], [-0.007676242498758558, 0.008007837998468237, 0.020288962849801598], [-0.02427429949019267, 0.020288962849801598, 0.09613836835622061]], "chi2_level": 0.95, "chi2_df": 3, "chi2_threshold": 7.814727903251179, "N_raw": 32, "N_roi": 32, "N_inlier": 28, "refit": true}
{"timestamp": "18:41:05.418546", "frame": 30, "mu": [1.3532241587118177, 1.8307098564346105, 0.8625884249999479], "Sigma": [[0.0064069723694089335, -0.005800526641164604, -0.004856131395029256], [-0.005800526641164604, 0.007867725694188787, 0.0045169793305624446], [-0.004856131395029256, 0.004516979330562445, 0.029264727205902855]], "chi2_level": 0.95, "chi2_df": 3, "chi2_threshold": 7.814727903251179, "N_raw": 37, "N_roi": 37, "N_inlier": 33, "refit": true}
{"timestamp": "18:41:05.472015", "frame": 31, "mu": [1.2299768207252424, 1.9186419790278637, 1.0934081096806854], "Sigma": [[0.006112056098574061, -0.005566057071346314, -0.011481342442006718], [-0.005566057071346314, 0.005684437609477857, 0.009251015417328354], [-0.011481342442006716, 0.009251015417328354, 0.03459055875533779]], "chi2_level": 0.95, "chi2_df": 3, "chi2_threshold": 7.814727903251179, "N_raw": 33, "N_roi": 33, "N_inlier": 30, "refit": true}
{"timestamp": "18:41:05.525588", "frame": 32, "mu": [1.206310506002133, 1.8585754537524626, 0.8705953775000161], "Sigma": [[0.005308319852932068, -0.002459005397250301, -0.0012449938431428615], [-0.0024590053972503006, 0.0028526340451246607, 0.000804705887711669], [-0.0012449938431428613, 0.0008047058877116689, 0.009887030549044364]], "chi2_level": 0.95, "chi2_df": 3, "chi2_threshold": 7.814727903251179, "N_raw": 26, "N_roi": 26, "N_inlier": 23, "refit": true}
{"timestamp": "18:41:05.583775", "frame": 33, "mu": [1.0350450964013542, 1.9698078811062056, 1.426231859011716], "Sigma": [[0.006511689074605316, -0.003151083048760807, -0.004768440094913295], [-0.0031510830487608077, 0.0042687253217940395, -0.0008898900326655117], [-0.004768440094913296, -0.0008898900326655115, 0.017520976333104586]], "chi2_level": 0.95, "chi2_df": 3, "chi2_threshold": 7.814727903251179, "N_raw": 42, "N_roi": 42, "N_inlier": 36, "refit": true}
{"timestamp": "18:41:05.636807", "frame": 34, "mu": [0.9122487853840746, 1.8679571520452833, 0.5592850310974863], "Sigma": [[0.03483266426812054, -0.008472945264340332, 0.07734786968230618], [-0.008472945264340332, 0.00377601708760824, -0.01069644693343633], [0.07734786968230618, -0.010696446933436332, 0.2535648721813201]], "chi2_level": 0.95, "chi2_df": 3, "chi2_threshold": 7.814727903251179, "N_raw": 29, "N_roi": 29, "N_inlier": 26, "refit": true}
{"timestamp": "18:41:05.700438", "frame": 35, "mu": [0.9004402183163005, 1.9057600822416532, 1.297813068876662], "Sigma": [[0.008397430644364438, -0.0029540737997296443, -0.004743533344823076], [-0.0029540737997296447, 0.005423466118341009, 0.009636229524547173], [-0.004743533344823076, 0.009636229524547173, 0.08925463510086998]], "chi2_level": 0.95, "chi2_df": 3, "chi2_threshold": 7.814727903251179, "N_raw": 86, "N_roi": 86, "N_inlier": 80, "refit": true}
{"timestamp": "18:41:05.751874", "frame": 36, "mu": [0.8395771088234159, 1.9089017275600948, 1.327686937881582], "Sigma": [[0.0075666067917388195, -0.0024834161806553843, -0.014392091301714116], [-0.0024834161806553843, 0.0030569388848040837, 0.0037618919092224997], [-0.014392091301714116, 0.0037618919092224997, 0.07870114032124584]], "chi2_level": 0.95, "chi2_df": 3, "chi2_threshold": 7.814727903251179, "N_raw": 61, "N_roi": 61, "N_inlier": 60, "refit": true}
{"timestamp": "18:41:05.810681", "frame": 37, "mu": [0.7428237083591654, 1.8980465393236727, 1.330375647327955], "Sigma": [[0.009215694955900508, -0.006149872587815396, -0.015118282603300712], [-0.006149872587815396, 0.007521161018307031, 0.01177152451349781], [-0.015118282603300712, 0.011771524513497812, 0.07893658321432845]], "chi2_level": 0.95, "chi2_df": 3, "chi2_threshold": 7.814727903251179, "N_raw": 84, "N_roi": 84, "N_inlier": 79, "refit": true}
{"timestamp": "18:41:05.863605", "frame": 38, "mu": [0.6847633082809897, 1.8952049595353369, 1.3951092517988495], "Sigma": [[0.005993972547125139, -0.004702965320048455, -0.008836247257902103], [-0.004702965320048455, 0.008519018723265829, 0.008123967862737278], [-0.008836247257902103, 0.008123967862737278, 0.026283622084655546]], "chi2_level": 0.95, "chi2_df": 3, "chi2_threshold": 7.814727903251179, "N_raw": 59, "N_roi": 54, "N_inlier": 49, "refit": true}
{"timestamp": "18:41:05.916881", "frame": 39, "mu": [0.5815643900720692, 1.8595644019441195, 1.3670111921017574], "Sigma": [[0.007952843758552293, -0.004357080672560515, -0.00895335814869198], [-0.004357080672560515, 0.007712695616042118, 0.004550548882957863], [-0.00895335814869198, 0.004550548882957863, 0.014261290843808313]], "chi2_level": 0.95, "chi2_df": 3, "chi2_threshold": 7.814727903251179, "N_raw": 65, "N_roi": 65, "N_inlier": 60, "refit": true}
{"timestamp": "18:41:05.972215", "frame": 40, "mu": [0.48180725419179143, 1.8871136753681963, 1.3596092485343065], "Sigma": [[0.006429935624507081, -0.0015920357570589102, -0.0014094582811621692], [-0.0015920357570589102, 0.006975780459463426, 0.0005914886190081264], [-0.0014094582811621692, 0.0005914886190081266, 0.0008081812144584503]], "chi2_level": 0.95, "chi2_df": 3, "chi2_threshold": 7.814727903251179, "N_raw": 63, "N_roi": 63, "N_inlier": 58, "refit": true}
{"timestamp": "18:41:06.027805", "frame": 41, "mu": [0.4318590606015147, 1.8907327555681483, 1.3043343463922652], "Sigma": [[0.005406110204280534, -0.0007965838469358493, -0.004094704741906694], [-0.0007965838469358494, 0.0037937608284514786, -0.002339616070087747], [-0.004094704741906694, -0.002339616070087747, 0.011984131005446059]], "chi2_level": 0.95, "chi2_df": 3, "chi2_threshold": 7.814727903251179, "N_raw": 65, "N_roi": 61, "N_inlier": 56, "refit": true}
{"timestamp": "18:41:06.077201", "frame": 42, "mu": [0.28848763467593797, 1.9402023015427445, 1.0557226462842075], "Sigma": [[0.013504100096628745, -0.006766628166414525, 0.05628726166329451], [-0.006766628166414525, 0.004455549740596994, -0.02976868515396898], [0.05628726166329451, -0.02976868515396898, 0.3272725751768604]], "chi2_level": 0.95, "chi2_df": 3, "chi2_threshold": 7.814727903251179, "N_raw": 29, "N_roi": 27, "N_inlier": 25, "refit": true}
{"timestamp": "18:41:06.140166", "frame": 43, "mu": [0.2281697874186695, 1.9561113064172213, 1.4306633976325085], "Sigma": [[0.006650062118670357, -0.00015536504693709345, -0.004807825391372266], [-0.00015536504693709324, 0.008774201178114685, -0.0002606517698850354], [-0.004807825391372266, -0.0002606517698850353, 0.006068478989924405]], "chi2_level": 0.95, "chi2_df": 3, "chi2_threshold": 7.814727903251179, "N_raw": 83, "N_roi": 80, "N_inlier": 75, "refit": true}
{"timestamp": "18:41:06.190053", "frame": 44, "mu": [0.14252116107051396, 1.918126686076809, 1.394084779917033], "Sigma": [[0.006118138249678877, -0.0006836909467929702, -0.0031363850035804135], [-0.0006836909467929702, 0.0032005896560448866, 7.981835019764378e-05], [-0.0031363850035804135, 7.981835019764375e-05, 0.002431493079075598]], "chi2_level": 0.95, "chi2_df": 3, "chi2_threshold": 7.814727903251179, "N_raw": 50, "N_roi": 46, "N_inlier": 42, "refit": true}
{"timestamp": "18:41:06.250629", "frame": 45, "mu": [0.0963805332944487, 1.9718537709177324, 0.3387562122564611], "Sigma": [[0.0052881826761367896, -0.0031670460764810487, 0.03087005581669241], [-0.0031670460764810487, 0.007084580426519328, -0.029941510721495885], [0.030870055816692405, -0.029941510721495885, 0.39704927337072415]], "chi2_level": 0.95, "chi2_df": 3, "chi2_threshold": 7.814727903251179, "N_raw": 85, "N_roi": 50, "N_inlier": 46, "refit": true}
{"timestamp": "18:41:06.297983", "frame": 46, "mu": [-0.047993726468888366, 1.9345983027354445, 0.4464207018656404], "Sigma": [[0.005312080076847397, -0.0009994427059392547, 0.021519229751708047], [-0.0009994427059392544, 0.005836556363028309, -0.01194420783964002], [0.021519229751708044, -0.011944207839640019, 0.515356454176492]], "chi2_level": 0.95, "chi2_df": 3, "chi2_threshold": 7.814727903251179, "N_raw": 38, "N_roi": 35, "N_inlier": 35, "refit": true}
{"timestamp": "18:41:06.353252", "frame": 47, "mu": [-0.07808770746396798, 1.901503678301472, 1.3601707729908765], "Sigma": [[0.004649870055956123, -0.000841713883885421, 0.0009972057681518656], [-0.000841713883885421, 0.002409828895846217, 0.0013931511703232642], [0.000997205768151866, 0.0013931511703232642, 0.13556418900165332]], "chi2_level": 0.95, "chi2_df": 3, "chi2_threshold": 7.814727903251179, "N_raw": 37, "N_roi": 36, "N_inlier": 33, "refit": true}
{"timestamp": "18:41:06.412712", "frame": 48, "mu": [-0.18648297160251265, 1.9815370919306947, 0.09534708328651328], "Sigma": [[0.00857030493647184, -0.0003953618202415182, -0.004471630695599093], [-0.00039536182024151826, 0.0046965939021761495, 0.003833865448432414], [-0.004471630695599093, 0.003833865448432414, 0.005525088043116027]], "chi2_level": 0.95, "chi2_df": 3, "chi2_threshold": 7.814727903251179, "N_raw": 70, "N_roi": 67, "N_inlier": 61, "refit": true}
{"timestamp": "18:41:06.471412", "frame": 49, "mu": [-0.22670948817902623, 1.9933171142849948, 0.0893013943944755], "Sigma": [[0.009978350696506629, -0.00015571763302812836, -0.010985375799687227], [-0.0001557176330281284, 0.006276024046088526, 0.0032247864926143854], [-0.010985375799687227, 0.0032247864926143854, 0.015688967708630562]], "chi2_level": 0.95, "chi2_df": 3, "chi2_threshold": 7.814727903251179, "N_raw": 90, "N_roi": 86, "N_inlier": 76, "refit": true}
{"timestamp": "18:41:06.525686", "frame": 50, "mu": [-0.30304353989796595, 2.0138919971793334, 0.018689547920637355], "Sigma": [[0.009274600659796657, 0.0019427076848148603, -0.004001891724859219], [0.00194270768481486, 0.009655299279671925, 0.0006762004061161382], [-0.004001891724859219, 0.0006762004061161382, 0.005204573354029219]], "chi2_level": 0.95, "chi2_df": 3, "chi2_threshold": 7.814727903251179, "N_raw": 92, "N_roi": 88, "N_inlier": 83, "refit": true}
{"timestamp": "18:41:06.582456", "frame": 51, "mu": [-0.3840347000258249, 2.0226177810649837, -0.1564867191374161], "Sigma": [[0.00780186277988851, 0.002065409868251539, -0.006061057149170236], [0.0020654098682515395, 0.010287642864431082, -0.011785998100078403], [-0.006061057149170237, -0.011785998100078403, 0.03959704343272231]], "chi2_level": 0.95, "chi2_df": 3, "chi2_threshold": 7.814727903251179, "N_raw": 98, "N_roi": 98, "N_inlier": 94, "refit": true}
{"timestamp": "18:41:06.635940", "frame": 52, "mu": [-0.4668121637554491, 1.9135307271443522, 1.284125001477447], "Sigma": [[0.007493274908129086, -0.0008563905665360764, 0.0009915381728858347], [-0.0008563905665360761, 0.004701536503148687, -0.0013669885036279856], [0.0009915381728858347, -0.0013669885036279856, 0.04226225114384906]], "chi2_level": 0.95, "chi2_df": 3, "chi2_threshold": 7.814727903251179, "N_raw": 86, "N_roi": 86, "N_inlier": 82, "refit": true}
{"timestamp": "18:41:06.689609", "frame": 53, "mu": [-0.5860515135004003, 1.898505938200971, 1.429316183810792], "Sigma": [[0.007968331353392559, -0.0016163290873905329, -0.004305381918560042], [-0.0016163290873905329, 0.006402219776752409, -0.0007154188233229828], [-0.004305381918560042, -0.0007154188233229826, 0.003988831316457137]], "chi2_level": 0.95, "chi2_df": 3, "chi2_threshold": 7.814727903251179, "N_raw": 78, "N_roi": 76, "N_inlier": 69, "refit": true}
{"timestamp": "18:41:06.752966", "frame": 54, "mu": [-0.5962040085566429, 1.9659275591531404, 0.9444862332774946], "Sigma": [[0.012904677548097584, 0.0036597530722652627, -0.02908763207728145], [0.0036597530722652623, 0.013253934975725726, -0.046971719663674624], [-0.02908763207728145, -0.046971719663674624, 0.28931335020244703]], "chi2_level": 0.95, "chi2_df": 3, "chi2_threshold": 7.814727903251179, "N_raw": 140, "N_roi": 138, "N_inlier": 135, "refit": true}
{"timestamp": "18:41:06.806148", "frame": 55, "mu": [-0.6645225020095801, 2.0095612991057457, 0.14571116273893517], "Sigma": [[0.007732838258643738, -0.0021495729396917556, 0.018037198834996923], [-0.0021495729396917556, 0.012582248772287393, -0.020197621973014047], [0.018037198834996923, -0.020197621973014047, 0.21428782978809194]], "chi2_level": 0.95, "chi2_df": 3, "chi2_threshold": 7.814727903251179, "N_raw": 123, "N_roi": 123, "N_inlier": 118, "refit": true}
{"timestamp": "18:41:06.855632", "frame": 56, "mu": [-0.8017216935381115, 1.9066220262346851, 1.4111751121527065], "Sigma": [[0.008233715747774107, -0.0008433507328210383, -0.01238017974109646], [-0.0008433507328210383, 0.007267100545970924, -0.0036464507288781886], [-0.01238017974109646, -0.003646450728878189, 0.03975665427878681]], "chi2_level": 0.95, "chi2_df": 3, "chi2_threshold": 7.814727903251179, "N_raw": 86, "N_roi": 86, "N_inlier": 83, "refit": true}
{"timestamp": "18:41:06.911374", "frame": 57, "mu": [-0.8898149638616986, 1.8668439683700089, 1.3488671434818813], "Sigma": [[0.007980593813251054, -0.000541677160699505, -0.011702329074414024], [-0.000541677160699505, 0.007608888224036767, -0.006382090174613735], [-0.011702329074414024, -0.006382090174613735, 0.03154679178744399]], "chi2_level": 0.95, "chi2_df": 3, "chi2_threshold": 7.814727903251179, "N_raw": 89, "N_roi": 89, "N_inlier": 86, "refit": true}
{"timestamp": "18:41:06.964962", "frame": 58, "mu": [-0.9926076369066967, 1.8572661847047272, 1.3836162351559995], "Sigma": [[0.00859924758770112, 0.0008274083197065587, -0.009406846505459088], [0.0008274083197065587, 0.007557307918173439, -0.0036676396264146566], [-0.009406846505459088, -0.003667639626414657, 0.01902646704362285]], "chi2_level": 0.95, "chi2_df": 3, "chi2_threshold": 7.814727903251179, "N_raw": 77, "N_roi": 77, "N_inlier": 72, "refit": true}
{"timestamp": "18:41:07.019250", "frame": 59, "mu": [-1.0737017997947227, 1.8685545884044807, 1.373057866579878], "Sigma": [[0.007615849482442052, 0.002514751937935315, -0.005701225725887276], [0.002514751937935315, 0.007044874025682425, -0.011092849834945687], [-0.005701225725887276, -0.011092849834945687, 0.029334808323256783]], "chi2_level": 0.95, "chi2_df": 3, "chi2_threshold": 7.814727903251179, "N_raw": 82, "N_roi": 82, "N_inlier": 79, "refit": true}
{"timestamp": "18:41:07.074621", "frame": 60, "mu": [-1.1645915694875018, 1.9022650827543623, 1.4348878073677525], "Sigma": [[0.007814210793428927, 0.002451636042401484, -0.010196299560989639], [0.0024516360424014843, 0.0064979188214182495, -0.01263641121244521], [-0.01019629956098964, -0.01263641121244521, 0.0512545832599514]], "chi2_level": 0.95, "chi2_df": 3, "chi2_threshold": 7.814727903251179, "N_raw": 82, "N_roi": 82, "N_inlier": 78, "refit": true}
{"timestamp": "18:41:07.125397", "frame": 61, "mu": [-1.251615732664993, 1.904319141753621, 1.451279223911833], "Sigma": [[0.0056894440447733405, 0.0039569783401452365, -0.011905190151935979], [0.0039569783401452365, 0.007068431706475861, -0.02032855701726949], [-0.011905190151935977, -0.02032855701726949, 0.08087063939563527]], "chi2_level": 0.95, "chi2_df": 3, "chi2_threshold": 7.814727903251179, "N_raw": 52, "N_roi": 49, "N_inlier": 47, "refit": true}
{"timestamp": "18:41:07.184612", "frame": 62, "mu": [-1.2813300211722536, 1.94124572150444, 1.2792843363763131], "Sigma": [[0.013904333063428607, -0.0003686751818728867, -0.052138888071958746], [-0.0003686751818728865, 0.004519057872390737, 0.00013636195793690102], [-0.052138888071958746, 0.0001363619579369, 0.3275923020714641]], "chi2_level": 0.95, "chi2_df": 3, "chi2_threshold": 7.814727903251179, "N_raw": 79, "N_roi": 79, "N_inlier": 77, "refit": true}
{"timestamp": "18:41:07.235718", "frame": 63, "mu": [-1.376050610928345, 1.826349372542426, 1.3745376237110554], "Sigma": [[0.024473718603440497, 0.010039996346590838, -0.07265529154501549], [0.010039996346590838, 0.009401518819664636, -0.02844572704297637], [-0.07265529154501549, -0.028445727042976376, 0.2579205447163835]], "chi2_level": 0.95, "chi2_df": 3, "chi2_threshold": 7.814727903251179, "N_raw": 52, "N_roi": 52, "N_inlier": 48, "refit": true}
{"timestamp": "18:41:07.294854", "frame": 64, "mu": [-1.575292089130767, 1.7484966437885812, 1.5662654949573471], "Sigma": [[0.030689885749109306, 0.023385584059121826, -0.026142496687731092], [0.023385584059121826, 0.026596708993937852, -0.025641805685016165], [-0.02614249668773109, -0.02564180568501617, 0.07824913109207618]], "chi2_level": 0.95, "chi2_df": 3, "chi2_threshold": 7.814727903251179, "N_raw": 80, "N_roi": 80, "N_inlier": 74, "refit": true}
{"timestamp": "18:41:07.346012", "frame": 65, "mu": [-1.607277981493721, 1.8743886086300874, 0.11447789236870518], "Sigma": [[0.02125277620259089, 0.023030834521545234, -0.012138626620714176], [0.023030834521545238, 0.03558219539652425, -0.017270554500991547], [-0.012138626620714176, -0.01727055450099155, 0.013331562732272354]], "chi2_level": 0.95, "chi2_df": 3, "chi2_threshold": 7.814727903251179, "N_raw": 61, "N_roi": 61, "N_inlier": 56, "refit": true}
{"timestamp": "18:41:07.401222", "frame": 66, "mu": [-1.7763585013144214, 1.738418262798253, 1.6613870587395554], "Sigma": [[0.03015871551160334, 0.036381941103168614, -0.027892535538372454], [0.036381941103168614, 0.05436378270426184, -0.03272228002037037], [-0.02789253553837245, -0.03272228002037037, 0.04651472210811383]], "chi2_level": 0.95, "chi2_df": 3, "chi2_threshold": 7.814727903251179, "N_raw": 63, "N_roi": 63, "N_inlier": 62, "refit": true}
{"timestamp": "18:41:07.454085", "frame": 67, "mu": [-1.8769031857986733, 1.5687395500999544, 1.913951519370058], "Sigma": [[0.01556051889954785, 0.015071385377696603, -0.022515711655323924], [0.015071385377696603, 0.02000066365118073, -0.017286306285020082], [-0.022515711655323924, -0.017286306285020082, 0.03868155670595255]], "chi2_level": 0.95, "chi2_df": 3, "chi2_threshold": 7.814727903251179, "N_raw": 49, "N_roi": 49, "N_inlier": 46, "refit": true}
{"timestamp": "18:41:07.512475", "frame": 68, "mu": [-1.9510162598968572, 1.6439863586675658, 1.7773635990246703], "Sigma": [[0.014538808058372684, 0.01429448953533325, -0.01103419603217622], [0.014294489535333252, 0.023477557309381555, -0.017809194043485816], [-0.01103419603217622, -0.01780919404348582, 0.049642395435654005]], "chi2_level": 0.95, "chi2_df": 3, "chi2_threshold": 7.814727903251179, "N_raw": 76, "N_roi": 75, "N_inlier": 71, "refit": true}
{"timestamp": "18:41:07.570521", "frame": 69, "mu": [-1.9261262965908617, 1.7050328541543842, 0.33637574227319506], "Sigma": [[0.018460996571327652, 0.016583197590230227, 0.03675957457896889], [0.016583197590230227, 0.02850131569096747, 0.011424444592190022], [0.03675957457896889, 0.011424444592190022, 0.25524542557427804]], "chi2_level": 0.95, "chi2_df": 3, "chi2_threshold": 7.814727903251179, "N_raw": 88, "N_roi": 88, "N_inlier": 87, "refit": true}
{"timestamp": "18:41:07.624998", "frame": 70, "mu": [-1.9807552852538932, 1.6700850350813585, 1.5197223178323849], "Sigma": [[0.018996866257190118, 0.014593551610572603, -0.013653377329996903], [0.014593551610572603, 0.018777907840793598, -0.01759268806090479], [-0.013653377329996903, -0.01759268806090479, 0.019166659457293976]], "chi2_level": 0.95, "chi2_df": 3, "chi2_threshold": 7.814727903251179, "N_raw": 79, "N_roi": 79, "N_inlier": 75, "refit": true}
{"timestamp": "18:41:07.678783", "frame": 71, "mu": [-2.0638985796672564, 1.656133129124793, -0.005999499107800456], "Sigma": [[0.018265678140588857, 0.01585187314948916, -0.011004189624512545], [0.01585187314948916, 0.02468820909726299, -0.013475350427874948], [-0.011004189624512545, -0.013475350427874946, 0.012881594916449987]], "chi2_level": 0.95, "chi2_df": 3, "chi2_threshold": 7.814727903251179, "N_raw": 70, "N_roi": 70, "N_inlier": 66, "refit": true}
{"timestamp": "18:41:07.733573", "frame": 72, "mu": [-2.1179207834593092, 1.5573062443944354, 1.354225860611159], "Sigma": [[0.01447034944930611, 0.010448613000256629, -0.008405818538515492], [0.010448613000256629, 0.013899359876890794, -0.013098809911442964], [-0.008405818538515492, -0.013098809911442964, 0.017432892041434882]], "chi2_level": 0.95, "chi2_df": 3, "chi2_threshold": 7.814727903251179, "N_raw": 70, "N_roi": 70, "N_inlier": 64, "refit": true}
{"timestamp": "18:41:07.792763", "frame": 73, "mu": [-2.2620198698945697, 1.7562704380664136, -0.40153027017798126], "Sigma": [[0.013675580949077205, 0.006520004238325749, 0.0031113366031937533], [0.006520004238325749, 0.0909458639373937, -0.10225679043432952], [0.0031113366031937538, -0.10225679043432952, 0.12885891127279112]], "chi2_level": 0.95, "chi2_df": 3, "chi2_threshold": 7.814727903251179, "N_raw": 100, "N_roi": 89, "N_inlier": 88, "refit": true}
{"timestamp": "18:41:07.843458", "frame": 74, "mu": [-2.289557174948823, 1.5916001978363732, 1.220826996246693], "Sigma": [[0.012069215193210492, 0.0016457346289667032, 0.01055353332172167], [0.0016457346289667028, 0.02229878381829153, -0.034073180199379965], [0.01055353332172167, -0.03407318019937996, 0.07141926332249945]], "chi2_level": 0.95, "chi2_df": 3, "chi2_threshold": 7.814727903251179, "N_raw": 70, "N_roi": 57, "N_inlier": 56, "refit": true}
{"timestamp": "18:41:07.893626", "frame": 75, "mu": [-2.329827116037537, 1.6164511669621042, -0.08018890688317262], "Sigma": [[0.007472388447419833, 0.007135490079742536, -0.0029339130529662362], [0.007135490079742536, 0.021498716218784478, -0.0247093727382283], [-0.002933913052966236, -0.0247093727382283, 0.046928273189013534]], "chi2_level": 0.95, "chi2_df": 3, "chi2_threshold": 7.814727903251179, "N_raw": 50, "N_roi": 48, "N_inlier": 48, "refit": true}
{"timestamp": "18:41:07.950285", "frame": 76, "mu": [-2.3393034595264104, 1.4459596563784598, 1.4189141859551666], "Sigma": [[0.007983486469881477, 0.006513627308660071, -0.003625373562229144], [0.006513627308660071, 0.019919338708554217, -0.010659121064236433], [-0.003625373562229144, -0.010659121064236433, 0.00714964388556666]], "chi2_level": 0.95, "chi2_df": 3, "chi2_threshold": 7.814727903251179, "N_raw": 55, "N_roi": 47, "N_inlier": 45, "refit": true}
{"timestamp": "18:41:08.004095", "frame": 77, "mu": [-2.385719750321257, 1.5130563722535602, 1.312264383826678], "Sigma": [[0.004372393354812578, 0.002410400104113697, -0.003280755521723457], [0.002410400104113697, 0.011695770443836026, -0.009425363962068738], [-0.003280755521723457, -0.00942536396206874, 0.019164811946865735]], "chi2_level": 0.95, "chi2_df": 3, "chi2_threshold": 7.814727903251179, "N_raw": 50, "N_roi": 37, "N_inlier": 36, "refit": true}
{"timestamp": "18:41:08.056847", "frame": 78, "mu": [-2.4108374866537576, 1.5170853870998973, 1.4309327165559087], "Sigma": [[0.003217528487653089, 0.0031212355895205144, -0.0012597417674326788], [0.0031212355895205144, 0.008595982896950655, -0.007822205043884131], [-0.001259741767432679, -0.007822205043884131, 0.015604262551050276]], "chi2_level": 0.95, "chi2_df": 3, "chi2_threshold": 7.814727903251179, "N_raw": 34, "N_roi": 24, "N_inlier": 22, "refit": true}
{"timestamp": "18:41:08.114895", "frame": 79, "mu": [-2.432863020940679, 1.6357315714652048, -0.1643831250097768], "Sigma": [[0.0021321918180595696, 0.0009855608395144416, -0.00020153656220280554], [0.0009855608395144414, 0.014306461085775548, -0.007009027846886614], [-0.0002015365622028055, -0.007009027846886614, 0.0042369408359325495]], "chi2_level": 0.95, "chi2_df": 3, "chi2_threshold": 7.814727903251179, "N_raw": 51, "N_roi": 22, "N_inlier": 20, "refit": true}
{"timestamp": "18:41:08.170597", "frame": 80, "mu": [-2.462794562812292, 1.6211508777715824, 1.0508728900626756], "Sigma": [[0.0008213995916647856, 0.0005951090252329002, -0.0014409264751615238], [0.0005951090252329002, 0.007658860568712516, -0.02330210750200473], [-0.0014409264751615242, -0.023302107502004732, 0.08841217472408915]], "chi2_level": 0.95, "chi2_df": 3, "chi2_threshold": 7.814727903251179, "N_raw": 50, "N_roi": 11, "N_inlier": 11, "refit": true}
