{"timestamp": "19:26:51.022616", "frame": 19, "mu": [-2.272504909604141, 4.958795714002878, 1.2406427458983122], "Sigma": [[0.015181149660510738, 0.002343070376636322, -0.0010256427839127522], [0.0023430703766363216, 0.0009123394713815158, -0.0002536170978034596], [-0.001025642783912752, -0.00025361709780345965, 8.683971316460064e-05]], "chi2_level": 0.95, "chi2_df": 3, "chi2_threshold": 7.814727903251179, "N_raw": 54, "N_roi": 9, "N_inlier": 8, "refit": true}
{"timestamp": "19:26:51.128008", "frame": 21, "mu": [-2.2323454825315765, 4.94333450516945, 1.1425455844414312], "Sigma": [[0.011717802239320578, 0.001597160747625981, 0.014550632270594433], [0.001597160747625981, 0.0009574551425899221, 0.0010842284657940867], [0.014550632270594431, 0.0010842284657940865, 0.04857502987893292]], "chi2_level": 0.95, "chi2_df": 3, "chi2_threshold": 7.814727903251179, "N_raw": 23, "N_roi": 16, "N_inlier": 15, "refit": true}
{"timestamp": "19:26:51.185937", "frame": 22, "mu": [-2.163835769827618, 4.927499621519564, 1.2901826551248505], "Sigma": [[0.01776758351030183, 0.002803824648169359, 0.00490820144623501], [0.002803824648169359, 0.0022714894573746514, -0.005495079524837026], [0.004908201446235011, -0.005495079524837026, 0.027774949396307765]], "chi2_level": 0.95, "chi2_df": 3, "chi2_threshold": 7.814727903251179, "N_raw": 43, "N_roi": 24, "N_inlier": 24, "refit": true}
{"timestamp": "19:26:51.245271", "frame": 23, "mu": [-2.0600512679867666, 4.890728445134223, 1.1379862382760537], "Sigma": [[0.039857428169557084, 0.005943898788504411, -0.017329086120043663], [0.005943898788504411, 0.0036817008433217193, -0.005371301874659832], [-0.017329086120043663, -0.005371301874659832, 0.01403514196076697]], "chi2_level": 0.95, "chi2_df": 3, "chi2_threshold": 7.814727903251179, "N_raw": 55, "N_roi": 41, "N_inlier": 39, "refit": true}
{"timestamp": "19:26:51.300191", "frame": 24, "mu": [-2.1188846130334, 4.835964851585447, 0.8775376162218318], "Sigma": [[0.0384744211279332, 0.011508150659746204, 0.003460266042612878], [0.011508150659746206, 0.004097237309061957, -0.000517944534916039], [0.0034602660426128785, -0.0005179445349160388, 0.06446170489817542]], "chi2_level": 0.95, "chi2_df": 3, "chi2_threshold": 7.814727903251179, "N_raw": 59, "N_roi": 49, "N_inlier": 46, "refit": true}
{"timestamp": "19:26:51.354444", "frame": 25, "mu": [-2.2051288923947734, 4.74576888236332, 0.47012118912370476], "Sigma": [[0.03222750769167251, 0.001120339862882935, -0.030728406185687722], [0.0011203398628829352, 0.004275121780480621, -0.002263569789715687], [-0.030728406185687715, -0.002263569789715687, 0.03325157550955533]], "chi2_level": 0.95, "chi2_df": 3, "chi2_threshold": 7.814727903251179, "N_raw": 51, "N_roi": 46, "N_inlier": 43, "refit": true}
{"timestamp": "19:26:51.402966", "frame": 26, "mu": [-2.2006187284940575, 4.739369661979039, 0.7970759747545946], "Sigma": [[0.018350803250789922, 0.0013697483802232835, 0.022807307137754244], [0.0013697483802232835, 0.0009798859262930561, 0.0007758061297234706], [0.022807307137754244, 0.0007758061297234702, 0.03168537319180996]], "chi2_level": 0.95, "chi2_df": 3, "chi2_threshold": 7.814727903251179, "N_raw": 9, "N_roi": 9, "N_inlier": 8, "refit": true}
{"timestamp": "19:26:51.461548", "frame": 27, "mu": [-2.2506436005341977, 4.735992386394865, 0.852512673715101], "Sigma": [[0.016373738927362925, 0.0009526889945039485, 0.0010045073161178905], [0.0009526889945039485, 0.0015323349574763903, -0.0025273901611763353], [0.00100450731611789, -0.0025273901611763353, 0.02239777204641919]], "chi2_level": 0.95, "chi2_df": 3, "chi2_threshold": 7.814727903251179, "N_raw": 32, "N_roi": 21, "N_inlier": 19, "refit": true}
{"timestamp": "19:26:51.516231", "frame": 28, "mu": [-2.0969386636792087, 4.6724264397492155, 1.0532103039014675], "Sigma": [[0.027171963919740423, 0.008585095408395563, -0.01587290703320525], [0.008585095408395563, 0.004200082166209129, -0.008624150958663077], [-0.01587290703320525, -0.008624150958663075, 0.022341342057290672]], "chi2_level": 0.95, "chi2_df": 3, "chi2_threshold": 7.814727903251179, "N_raw": 35, "N_roi": 32, "N_inlier": 31, "refit": true}
{"timestamp": "19:26:51.570181", "frame": 29, "mu": [-2.0306548251589014, 4.661020323060703, 1.206343067172769], "Sigma": [[0.01905171509384357, 0.005230233648234148, -0.019260412428971953], [0.005230233648234148, 0.0022763493698665727, -0.007022393777033181], [-0.019260412428971953, -0.007022393777033181, 0.027574782137714998]], "chi2_level": 0.95, "chi2_df": 3, "chi2_threshold": 7.814727903251179, "N_raw": 21, "N_roi": 21, "N_inlier": 20, "refit": true}
{"timestamp": "19:26:51.627450", "frame": 30, "mu": [-2.169358555212338, 4.688030608087893, 0.23299717213850468], "Sigma": [[0.02997986053019373, 0.010352900918982265, -0.007091657111186384], [0.010352900918982265, 0.007473925872244827, -0.006640135590738679], [-0.007091657111186384, -0.006640135590738679, 0.007537044604232023]], "chi2_level": 0.95, "chi2_df": 3, "chi2_threshold": 7.814727903251179, "N_raw": 37, "N_roi": 34, "N_inlier": 33, "refit": true}
{"timestamp": "19:26:51.680885", "frame": 31, "mu": [-2.190650507642699, 4.541378555267272, 0.9719602088818957], "Sigma": [[0.01774598700269548, 0.003673599141805293, -0.007732390636674535], [0.0036735991418052937, 0.0020433513277635347, -0.005105551720110891], [-0.007732390636674536, -0.005105551720110891, 0.016937089615941425]], "chi2_level": 0.95, "chi2_df": 3, "chi2_threshold": 7.814727903251179, "N_raw": 29, "N_roi": 29, "N_inlier": 25, "refit": true}
{"timestamp": "19:26:51.736241", "frame": 32, "mu": [-2.1400524081308876, 4.5378978111705015, 1.0211444899155482], "Sigma": [[0.024964922987116667, 0.006818509958281543, -0.01379202770988086], [0.006818509958281543, 0.004243497044382095, -0.006212255171944628], [-0.01379202770988086, -0.0062122551719446285, 0.012554719826779791]], "chi2_level": 0.95, "chi2_df": 3, "chi2_threshold": 7.814727903251179, "N_raw": 36, "N_roi": 35, "N_inlier": 33, "refit": true}
{"timestamp": "19:26:51.793698", "frame": 33, "mu": [-2.140132062528979, 4.454080885302646, 0.9182563601941502], "Sigma": [[0.02807067394763245, 0.006623902117528622, -0.020215028252365267], [0.006623902117528622, 0.004073574201353779, -0.00746535155215993], [-0.020215028252365264, -0.007465351552159931, 0.02027291134553863]], "chi2_level": 0.95, "chi2_df": 3, "chi2_threshold": 7.814727903251179, "N_raw": 40, "N_roi": 37, "N_inlier": 36, "refit": true}
{"timestamp": "19:26:51.845941", "frame": 34, "mu": [-2.1967038399307977, 4.433259755447415, 0.834008487295243], "Sigma": [[0.022424228485748068, 0.004125341124258752, -0.016772698015518117], [0.004125341124258752, 0.0028041296334789766, -0.0028407826176123905], [-0.016772698015518117, -0.002840782617612391, 0.014063936468913857]], "chi2_level": 0.95, "chi2_df": 3, "chi2_threshold": 7.814727903251179, "N_raw": 26, "N_roi": 23, "N_inlier": 22, "refit": true}
{"timestamp": "19:26:51.903886", "frame": 35, "mu": [-2.242216894730267, 4.35077975858808, 0.9309613526618059], "Sigma": [[0.025848976965879185, 0.006404247022596654, -0.019750624994569862], [0.006404247022596654, 0.004963425250127985, -0.009383838108832624], [-0.01975062499456986, -0.009383838108832624, 0.02444059772486158]], "chi2_level": 0.95, "chi2_df": 3, "chi2_threshold": 7.814727903251179, "N_raw": 51, "N_roi": 43, "N_inlier": 41, "refit": true}
{"timestamp": "19:26:51.960013", "frame": 36, "mu": [-2.162762157271087, 4.322744013108584, 0.9453227610159513], "Sigma": [[0.03505103502245425, 0.00603752552303294, -0.02088629593981172], [0.006037525523032941, 0.003193244094461341, -0.006634852247027954], [-0.02088629593981172, -0.006634852247027954, 0.020256110598753777]], "chi2_level": 0.95, "chi2_df": 3, "chi2_threshold": 7.814727903251179, "N_raw": 56, "N_roi": 44, "N_inlier": 42, "refit": true}
{"timestamp": "19:26:52.012734", "frame": 37, "mu": [-2.0811555773447403, 4.282793766237371, 0.7601946946232713], "Sigma": [[0.030049020825628117, 0.007774709894834338, -0.017028522119063333], [0.007774709894834338, 0.0027453088085041258, -0.006929077787899389], [-0.017028522119063333, -0.006929077787899389, 0.03127267824172707]], "chi2_level": 0.95, "chi2_df": 3, "chi2_threshold": 7.814727903251179, "N_raw": 41, "N_roi": 38, "N_inlier": 37, "refit": true}
{"timestamp": "19:26:52.066737", "frame": 38, "mu": [-2.1909644020258865, 4.215817879849712, 0.9697866787153444], "Sigma": [[0.028249037769901876, 0.006564653429046434, -0.01945138072771491], [0.006564653429046434, 0.0022995597336745435, -0.007609365913610235], [-0.019451380727714913, -0.007609365913610235, 0.040207709367192784]], "chi2_level": 0.95, "chi2_df": 3, "chi2_threshold": 7.814727903251179, "N_raw": 38, "N_roi": 38, "N_inlier": 37, "refit": true}
{"timestamp": "19:26:52.123607", "frame": 39, "mu": [-2.2173910666245473, 4.163594966138704, 0.9765699362969756], "Sigma": [[0.028675641941184382, 0.00714941437851152, -0.0123458271163014], [0.007149414378511519, 0.004067332391744637, -0.008088709548343174], [-0.0123458271163014, -0.008088709548343174, 0.019711454102515628]], "chi2_level": 0.95, "chi2_df": 3, "chi2_threshold": 7.814727903251179, "N_raw": 50, "N_roi": 45, "N_inlier": 42, "refit": true}
{"timestamp": "19:26:52.236407", "frame": 41, "mu": [-2.2110313774747152, 4.051476132507986, 1.0732270513308506], "Sigma": [[0.026046447491132073, 0.00604289166569349, -0.013332206205703166], [0.00604289166569349, 0.006156675798785126, -0.006539684335328097], [-0.013332206205703166, -0.006539684335328097, 0.011883970831875227]], "chi2_level": 0.95, "chi2_df": 3, "chi2_threshold": 7.814727903251179, "N_raw": 60, "N_roi": 48, "N_inlier": 46, "refit": true}
{"timestamp": "19:26:52.288522", "frame": 42, "mu": [-2.085826456217652, 4.015696493710083, 1.037395772661312], "Sigma": [[0.02535590047427866, 0.008325748857685129, -0.018416183488542525], [0.008325748857685127, 0.004818239474219197, -0.009588314077740962], [-0.018416183488542525, -0.009588314077740962, 0.022769469208508714]], "chi2_level": 0.95, "chi2_df": 3, "chi2_threshold": 7.814727903251179, "N_raw": 42, "N_roi": 40, "N_inlier": 39, "refit": true}
{"timestamp": "19:26:52.346482", "frame": 43, "mu": [-2.189972399244878, 3.965381737083952, 1.0501092534940049], "Sigma": [[0.03145448245284754, 0.006897916317142323, -0.019717704268805168], [0.006897916317142323, 0.005375315567071355, -0.00848921780929478], [-0.019717704268805168, -0.00848921780929478, 0.019285123976508486]], "chi2_level": 0.95, "chi2_df": 3, "chi2_threshold": 7.814727903251179, "N_raw": 60, "N_roi": 49, "N_inlier": 48, "refit": true}
{"timestamp": "19:26:52.399755", "frame": 44, "mu": [-2.1480840413301774, 3.9245949091110366, 1.0614358260447585], "Sigma": [[0.03527906428594966, 0.008996004528718588, -0.017842397658558197], [0.008996004528718588, 0.0050175808760476405, -0.008568494530735713], [-0.017842397658558197, -0.008568494530735712, 0.017640921932179043]], "chi2_level": 0.95, "chi2_df": 3, "chi2_threshold": 7.814727903251179, "N_raw": 57, "N_roi": 52, "N_inlier": 50, "refit": true}
{"timestamp": "19:26:52.456467", "frame": 45, "mu": [-2.1553255905453588, 3.882521634703834, 1.1277434354727434], "Sigma": [[0.03174343723201012, 0.009839272040171734, -0.011079407696999409], [0.009839272040171734, 0.006401288573677996, -0.009190839398577257], [-0.011079407696999407, -0.009190839398577257, 0.01872784795712963]], "chi2_level": 0.95, "chi2_df": 3, "chi2_threshold": 7.814727903251179, "N_raw": 60, "N_roi": 56, "N_inlier": 54, "refit": true}
{"timestamp": "19:26:52.512167", "frame": 46, "mu": [-2.199357585339388, 3.8450483510277076, 1.1183642849691702], "Sigma": [[0.033065706650480274, 0.009051631855862453, -0.0075327687627257936], [0.009051631855862453, 0.00612183785184319, -0.008097024857481826], [-0.0075327687627257936, -0.008097024857481826, 0.015128415374183584]], "chi2_level": 0.95, "chi2_df": 3, "chi2_threshold": 7.814727903251179, "N_raw": 72, "N_roi": 54, "N_inlier": 54, "refit": true}
{"timestamp": "19:26:52.568282", "frame": 47, "mu": [-2.210229269659533, 3.7853272329618495, 1.1541700141028304], "Sigma": [[0.03249917526116776, 0.011494140775154045, -0.0074545317859572606], [0.011494140775154045, 0.00832415518113294, -0.011894327591986446], [-0.007454531785957261, -0.011894327591986446, 0.026602629688718432]], "chi2_level": 0.95, "chi2_df": 3, "chi2_threshold": 7.814727903251179, "N_raw": 69, "N_roi": 64, "N_inlier": 64, "refit": true}
{"timestamp": "19:26:52.619478", "frame": 48, "mu": [-2.2272753455097916, 3.7113892403825526, 0.9531256620178618], "Sigma": [[0.02511152937183391, 0.00847619447496295, -0.005751824728600383], [0.00847619447496295, 0.005759688796149178, -0.005929546631611971], [-0.005751824728600382, -0.005929546631611971, 0.011523128594783223]], "chi2_level": 0.95, "chi2_df": 3, "chi2_threshold": 7.814727903251179, "N_raw": 49, "N_roi": 46, "N_inlier": 45, "refit": true}
{"timestamp": "19:26:52.673065", "frame": 49, "mu": [-2.1042135745210904, 3.7025527147700235, 1.1283082776398508], "Sigma": [[0.02858437528469487, 0.008248260456479545, -0.01813869528239863], [0.008248260456479545, 0.004527746761377376, -0.007209188342643045], [-0.018138695282398625, -0.007209188342643044, 0.016800001485663903]], "chi2_level": 0.95, "chi2_df": 3, "chi2_threshold": 7.814727903251179, "N_raw": 40, "N_roi": 40, "N_inlier": 37, "refit": true}
{"timestamp": "19:26:52.732356", "frame": 50, "mu": [-2.19088042641689, 3.6334341268308816, 1.0945069976609632], "Sigma": [[0.030678791146943954, 0.010832722118392889, -0.0005718364760665014], [0.01083272211839289, 0.0069918831422076085, -0.0076287589069437365], [-0.0005718364760665009, -0.0076287589069437365, 0.025866389016917343]], "chi2_level": 0.95, "chi2_df": 3, "chi2_threshold": 7.814727903251179, "N_raw": 71, "N_roi": 63, "N_inlier": 61, "refit": true}
{"timestamp": "19:26:52.783501", "frame": 51, "mu": [-2.193828940146775, 3.5773226895593155, 1.0367821969448623], "Sigma": [[0.02380171762031969, 0.006091719046926468, -0.012775461584637368], [0.006091719046926467, 0.00450314742765011, -0.00694594406896767], [-0.012775461584637368, -0.00694594406896767, 0.014349736692787196]], "chi2_level": 0.95, "chi2_df": 3, "chi2_threshold": 7.814727903251179, "N_raw": 44, "N_roi": 44, "N_inlier": 42, "refit": true}
{"timestamp": "19:26:52.838162", "frame": 52, "mu": [-2.24546508972111, 3.4972269792968773, 1.2156228208354998], "Sigma": [[0.018989768636709665, 0.005972409976548736, -0.014274661148273138], [0.005972409976548736, 0.0035426594568117127, -0.00872212155998696], [-0.014274661148273138, -0.00872212155998696, 0.02596345759771332]], "chi2_level": 0.95, "chi2_df": 3, "chi2_threshold": 7.814727903251179, "N_raw": 39, "N_roi": 37, "N_inlier": 35, "refit": true}
{"timestamp": "19:26:52.895158", "frame": 53, "mu": [-2.2357048400896127, 3.442573534885221, 1.1440920182622067], "Sigma": [[0.02228659744142327, 0.009213543562514212, -0.008725502369768188], [0.009213543562514212, 0.0075186544541701985, -0.008617040846939945], [-0.008725502369768188, -0.008617040846939945, 0.01215799379440541]], "chi2_level": 0.95, "chi2_df": 3, "chi2_threshold": 7.814727903251179, "N_raw": 57, "N_roi": 48, "N_inlier": 47, "refit": true}
{"timestamp": "19:26:52.949204", "frame": 54, "mu": [-2.232894523401442, 3.433133117343537, 1.08379084107943], "Sigma": [[0.017020627394214942, 0.005168810383657583, -0.006346821917898699], [0.005168810383657583, 0.00339509836493254, -0.007338936295200748], [-0.006346821917898698, -0.007338936295200749, 0.022989436016138447]], "chi2_level": 0.95, "chi2_df": 3, "chi2_threshold": 7.814727903251179, "N_raw": 42, "N_roi": 40, "N_inlier": 39, "refit": true}
{"timestamp": "19:26:52.999884", "frame": 55, "mu": [-2.2679017866310787, 3.3689182770880404, 1.1262996116443105], "Sigma": [[0.003089442157044878, -0.0002931185682215075, -0.00022651802169484236], [-0.0002931185682215075, 0.0010940478097141528, -0.0039385103038171625], [-0.00022651802169484253, -0.003938510303817163, 0.016911086961579426]], "chi2_level": 0.95, "chi2_df": 3, "chi2_threshold": 7.814727903251179, "N_raw": 17, "N_roi": 15, "N_inlier": 12, "refit": true}
{"timestamp": "19:26:53.114159", "frame": 57, "mu": [-2.244871074666687, 3.2684149304594747, 1.2473775463718184], "Sigma": [[0.015197350254035394, 0.007725558098468357, -0.010913281954832557], [0.007725558098468357, 0.005262322330813308, -0.010714291873110095], [-0.010913281954832555, -0.010714291873110095, 0.037655523020764164]], "chi2_level": 0.95, "chi2_df": 3, "chi2_threshold": 7.814727903251179, "N_raw": 48, "N_roi": 33, "N_inlier": 33, "refit": true}
{"timestamp": "19:26:53.225609", "frame": 59, "mu": [-2.2177321160012946, 3.1607640953504457, 0.9931967787435035], "Sigma": [[0.017368399684127973, 0.005115798016603751, -0.010368443607975588], [0.005115798016603751, 0.003337125258389257, -0.004992748117960416], [-0.010368443607975588, -0.004992748117960416, 0.009942003133518996]], "chi2_level": 0.95, "chi2_df": 3, "chi2_threshold": 7.814727903251179, "N_raw": 60, "N_roi": 31, "N_inlier": 30, "refit": true}
{"timestamp": "19:26:53.277268", "frame": 60, "mu": [-2.2606380304080878, 3.1857089235914584, -0.6047913033263981], "Sigma": [[0.018412835277392174, 0.01426065000573617, 0.03582710988405176], [0.014260650005736168, 0.016996941562225212, 0.040381984292731515], [0.03582710988405176, 0.04038198429273151, 0.1305211635880525]], "chi2_level": 0.95, "chi2_df": 3, "chi2_threshold": 7.814727903251179, "N_raw": 39, "N_roi": 33, "N_inlier": 32, "refit": true}
{"timestamp": "19:26:53.329343", "frame": 61, "mu": [-2.265281837927524, 3.0229190913820476, 1.0483199292990375], "Sigma": [[0.009585980306892552, 0.003232463251669462, -0.0053431415238442805], [0.0032324632516694614, 0.0030934140706896985, -0.00465444510627116], [-0.0053431415238442805, -0.00465444510627116, 0.0083309320559427]], "chi2_level": 0.95, "chi2_df": 3, "chi2_threshold": 7.814727903251179, "N_raw": 21, "N_roi": 21, "N_inlier": 20, "refit": true}
{"timestamp": "19:26:53.387779", "frame": 62, "mu": [-2.2098963641381726, 2.9709667602231726, 1.0730320721990836], "Sigma": [[0.014543672690695756, 0.006222883658111242, -0.01233934171515123], [0.006222883658111242, 0.003722469646229686, -0.006525419866603915], [-0.01233934171515123, -0.006525419866603915, 0.01355527496429574]], "chi2_level": 0.95, "chi2_df": 3, "chi2_threshold": 7.814727903251179, "N_raw": 42, "N_roi": 24, "N_inlier": 23, "refit": true}
{"timestamp": "19:26:53.446774", "frame": 63, "mu": [-2.285758067830234, 2.9074640385971886, 1.0852782293058039], "Sigma": [[0.017268281257597967, 0.006168817561995107, -0.006930257441789893], [0.006168817561995107, 0.0073043180140151195, -0.005998530220038065], [-0.006930257441789893, -0.005998530220038065, 0.007951523890048412]], "chi2_level": 0.95, "chi2_df": 3, "chi2_threshold": 7.814727903251179, "N_raw": 74, "N_roi": 44, "N_inlier": 44, "refit": true}
{"timestamp": "19:26:53.556987", "frame": 65, "mu": [-2.3510913400760254, 2.9014169182238065, -0.028446217916333425], "Sigma": [[0.009130073160428742, 0.0047161558420628176, -0.004993615756189484], [0.004716155842062818, 0.009058051815261488, -0.00611777537938827], [-0.004993615756189485, -0.00611777537938827, 0.005497088513518949]], "chi2_level": 0.95, "chi2_df": 3, "chi2_threshold": 7.814727903251179, "N_raw": 64, "N_roi": 29, "N_inlier": 28, "refit": true}
{"timestamp": "19:26:53.617350", "frame": 66, "mu": [-2.2842142094637365, 2.795281377362682, 0.47603989761758], "Sigma": [[0.014691477895969801, 0.000626937369548418, 0.06230008968495189], [0.0006269373695484183, 0.005977013570249097, 0.003587367710507542], [0.0623000896849519, 0.003587367710507542, 0.40222640139727345]], "chi2_level": 0.95, "chi2_df": 3, "chi2_threshold": 7.814727903251179, "N_raw": 104, "N_roi": 62, "N_inlier": 59, "refit": true}
{"timestamp": "19:26:53.668348", "frame": 67, "mu": [-2.1810863627744834, 2.868796198124237, -0.12552811201044184], "Sigma": [[0.027538806878565143, 0.009040696344596259, -0.009744884985181982], [0.009040696344596259, 0.005621928912293141, -0.005711353554936781], [-0.009744884985181982, -0.005711353554936781, 0.009410610802224785]], "chi2_level": 0.95, "chi2_df": 3, "chi2_threshold": 7.814727903251179, "N_raw": 69, "N_roi": 38, "N_inlier": 35, "refit": true}
{"timestamp": "19:26:53.718976", "frame": 68, "mu": [-2.146387297776822, 2.7221448934004213, 1.1866973919139754], "Sigma": [[0.02040407432911397, 0.00719496651745436, 0.0022696064873250106], [0.00719496651745436, 0.00524136218548957, -0.0006379156593638259], [0.0022696064873250097, -0.0006379156593638272, 0.04837941045002575]], "chi2_level": 0.95, "chi2_df": 3, "chi2_threshold": 7.814727903251179, "N_raw": 46, "N_roi": 46, "N_inlier": 45, "refit": true}
{"timestamp": "19:26:53.779438", "frame": 69, "mu": [-2.193292287514737, 2.651906773686918, 1.1002715974307744], "Sigma": [[0.026725760096738174, 0.006894516522372246, 0.000324898437024587], [0.006894516522372244, 0.004973670079251099, -0.001988146027893184], [0.000324898437024587, -0.001988146027893184, 0.03335370617015172]], "chi2_level": 0.95, "chi2_df": 3, "chi2_threshold": 7.814727903251179, "N_raw": 80, "N_roi": 64, "N_inlier": 63, "refit": true}
{"timestamp": "19:26:53.827365", "frame": 70, "mu": [-2.1909536918295878, 2.6034262784777127, 1.1069087689895996], "Sigma": [[0.03465865920798085, 0.010230650944807011, 0.021930928882506435], [0.010230650944807011, 0.004255593350026035, 0.005231972680042963], [0.021930928882506435, 0.0052319726800429634, 0.027773256272046205]], "chi2_level": 0.95, "chi2_df": 3, "chi2_threshold": 7.814727903251179, "N_raw": 36, "N_roi": 22, "N_inlier": 21, "refit": true}
{"timestamp": "19:26:53.889867", "frame": 71, "mu": [-2.236028023244326, 2.5440015630896884, 1.0329793796603484], "Sigma": [[0.019727373843336064, 0.007253914762693776, 0.002808792663607413], [0.007253914762693776, 0.004581925564158307, -0.004361773717717654], [0.002808792663607413, -0.004361773717717654, 0.029375680741242742]], "chi2_level": 0.95, "chi2_df": 3, "chi2_threshold": 7.814727903251179, "N_raw": 81, "N_roi": 57, "N_inlier": 56, "refit": true}
{"timestamp": "19:26:53.944074", "frame": 72, "mu": [-2.1942999823204694, 2.499337314933315, 1.0732188690823463], "Sigma": [[0.014197309663304328, 0.0070521650284317595, -0.001494234026391796], [0.0070521650284317595, 0.005249696483878046, -0.007810856548138629], [-0.001494234026391796, -0.007810856548138629, 0.03739523690920084]], "chi2_level": 0.95, "chi2_df": 3, "chi2_threshold": 7.814727903251179, "N_raw": 78, "N_roi": 53, "N_inlier": 51, "refit": true}
{"timestamp": "19:26:54.002247", "frame": 73, "mu": [-2.2532424988887065, 2.369645672149283, 1.1000363521801835], "Sigma": [[0.02028068996582743, 0.00906043250442408, -0.005113521046059333], [0.009060432504424079, 0.0053540953541076275, -0.00809237096196164], [-0.005113521046059332, -0.008092370961961639, 0.04778218440320269]], "chi2_level": 0.95, "chi2_df": 3, "chi2_threshold": 7.814727903251179, "N_raw": 105, "N_roi": 61, "N_inlier": 60, "refit": true}
{"timestamp": "19:26:54.060619", "frame": 74, "mu": [-2.2420272692381102, 2.4223050271566313, -0.10459109112491262], "Sigma": [[0.0238948265394839, 0.016351222333427264, -0.007753203757518702], [0.016351222333427264, 0.01988853900200582, -0.015520774956837569], [-0.007753203757518702, -0.015520774956837569, 0.017024423375988584]], "chi2_level": 0.95, "chi2_df": 3, "chi2_threshold": 7.814727903251179, "N_raw": 115, "N_roi": 66, "N_inlier": 62, "refit": true}
{"timestamp": "19:26:54.110233", "frame": 75, "mu": [-2.233961271579601, 2.280324994706684, 1.1727682352710722], "Sigma": [[0.02260872434993723, 0.014579268415899849, -0.014586311962177327], [0.014579268415899849, 0.011942606070982357, -0.016283825933297094], [-0.014586311962177327, -0.016283825933297094, 0.03304013053930626]], "chi2_level": 0.95, "chi2_df": 3, "chi2_threshold": 7.814727903251179, "N_raw": 86, "N_roi": 62, "N_inlier": 60, "refit": true}
{"timestamp": "19:26:54.159531", "frame": 76, "mu": [-2.2817576738271614, 2.1825173909769164, 1.203800456346367], "Sigma": [[0.020412177262784673, 0.016010765111258273, -0.015416865817988259], [0.016010765111258273, 0.014498776251442186, -0.016762425261865364], [-0.015416865817988257, -0.01676242526186536, 0.0288012947815734]], "chi2_level": 0.95, "chi2_df": 3, "chi2_threshold": 7.814727903251179, "N_raw": 49, "N_roi": 26, "N_inlier": 25, "refit": true}
{"timestamp": "19:26:54.216601", "frame": 77, "mu": [-2.230215058237003, 2.153697517882415, 1.1304017457343989], "Sigma": [[0.01664738342569589, 0.013179727582031517, -0.02103794997796931], [0.013179727582031519, 0.01311870492691582, -0.022263564297442334], [-0.02103794997796931, -0.022263564297442334, 0.050491291257182984]], "chi2_level": 0.95, "chi2_df": 3, "chi2_threshold": 7.814727903251179, "N_raw": 69, "N_roi": 47, "N_inlier": 43, "refit": true}
{"timestamp": "19:26:54.273870", "frame": 78, "mu": [-2.1805376215370544, 2.161640415726204, 1.0360114863345302], "Sigma": [[0.022056204391151014, 0.013512845698720284, -0.016933547954129054], [0.013512845698720284, 0.009807523424985512, -0.013216651912489007], [-0.016933547954129054, -0.013216651912489007, 0.023626238670757513]], "chi2_level": 0.95, "chi2_df": 3, "chi2_threshold": 7.814727903251179, "N_raw": 85, "N_roi": 47, "N_inlier": 43, "refit": true}
{"timestamp": "19:26:54.329467", "frame": 79, "mu": [-2.235230294241098, 2.0550685236827846, 1.0456479974903745], "Sigma": [[0.022999438748651853, 0.01642981845733887, -0.016784950583104048], [0.016429818457338874, 0.013229202517305099, -0.016915212326504878], [-0.016784950583104048, -0.016915212326504878, 0.04329495252750884]], "chi2_level": 0.95, "chi2_df": 3, "chi2_threshold": 7.814727903251179, "N_raw": 87, "N_roi": 68, "N_inlier": 67, "refit": true}
{"timestamp": "19:26:54.385619", "frame": 80, "mu": [-2.272333199941498, 1.9723739183307158, 1.0222714866525697], "Sigma": [[0.021488852489401054, 0.017485179709543143, -0.003726977736008875], [0.017485179709543143, 0.015344958728199251, -0.006128383404413961], [-0.003726977736008875, -0.006128383404413961, 0.04018660959763315]], "chi2_level": 0.95, "chi2_df": 3, "chi2_threshold": 7.814727903251179, "N_raw": 90, "N_roi": 62, "N_inlier": 59, "refit": true}
{"timestamp": "19:26:54.433682", "frame": 81, "mu": [-2.367406694373223, 2.0011917946850595, -0.6356140815640189], "Sigma": [[0.018792099207151435, 0.015518777889536305, 0.008753083346065173], [0.015518777889536305, 0.02142994336643852, 0.005187456955460001], [0.008753083346065173, 0.005187456955460001, 0.014451235500236472]], "chi2_level": 0.95, "chi2_df": 3, "chi2_threshold": 7.814727903251179, "N_raw": 41, "N_roi": 18, "N_inlier": 16, "refit": true}
{"timestamp": "19:26:54.490907", "frame": 82, "mu": [-2.2120829154287676, 1.8759589860315864, 0.9640928217709005], "Sigma": [[0.020873092895912815, 0.014374135593802377, -0.018191012120330613], [0.014374135593802377, 0.011365080081008805, -0.016185174894450288], [-0.018191012120330613, -0.016185174894450288, 0.032402922560507516]], "chi2_level": 0.95, "chi2_df": 3, "chi2_threshold": 7.814727903251179, "N_raw": 67, "N_roi": 59, "N_inlier": 55, "refit": true}
{"timestamp": "19:26:54.546065", "frame": 83, "mu": [-2.2575827417108694, 1.7857181999101919, 1.1487443844502694], "Sigma": [[0.018779206407725735, 0.012675775450116798, -0.010362360768120181], [0.012675775450116795, 0.011176058896212381, -0.011923287971626392], [-0.010362360768120181, -0.011923287971626392, 0.02616054927739616]], "chi2_level": 0.95, "chi2_df": 3, "chi2_threshold": 7.814727903251179, "N_raw": 68, "N_roi": 56, "N_inlier": 54, "refit": true}
{"timestamp": "19:26:54.602959", "frame": 84, "mu": [-2.2393772711186637, 1.7041348119710402, 1.1447423122337883], "Sigma": [[0.020347873772586858, 0.01508233428408218, -0.01654805425873404], [0.01508233428408218, 0.017433552232796065, -0.018861125164422086], [-0.01654805425873404, -0.018861125164422086, 0.02320966676132718]], "chi2_level": 0.95, "chi2_df": 3, "chi2_threshold": 7.814727903251179, "N_raw": 79, "N_roi": 69, "N_inlier": 65, "refit": true}
{"timestamp": "19:26:54.655383", "frame": 85, "mu": [-2.3104376365269936, 1.790299692098593, -0.4738743973704495], "Sigma": [[0.013909081376528427, 0.009801237489895333, 0.0025504155624878466], [0.009801237489895333, 0.015534561014218852, -0.010797011571113915], [0.0025504155624878457, -0.010797011571113915, 0.020650831869861788]], "chi2_level": 0.95, "chi2_df": 3, "chi2_threshold": 7.814727903251179, "N_raw": 57, "N_roi": 47, "N_inlier": 46, "refit": true}
{"timestamp": "19:26:54.707959", "frame": 86, "mu": [-2.2512820142548953, 1.6990149848404805, -0.3898337555329169], "Sigma": [[0.011216356756260143, 0.013294850891153065, 0.004256828202785801], [0.013294850891153067, 0.02640201059652953, 0.008642248239889693], [0.004256828202785801, 0.008642248239889693, 0.014923731020037134]], "chi2_level": 0.95, "chi2_df": 3, "chi2_threshold": 7.814727903251179, "N_raw": 44, "N_roi": 44, "N_inlier": 43, "refit": true}
{"timestamp": "19:26:54.763878", "frame": 87, "mu": [-2.2061087137785464, 1.5791604634574405, 1.0664874484477351], "Sigma": [[0.014941148329707814, 0.009675503964757113, 0.006396675443305361], [0.009675503964757113, 0.00853062837921679, -0.001088055482216947], [0.006396675443305361, -0.0010880554822169466, 0.04404387516178081]], "chi2_level": 0.95, "chi2_df": 3, "chi2_threshold": 7.814727903251179, "N_raw": 50, "N_roi": 49, "N_inlier": 47, "refit": true}
{"timestamp": "19:26:54.821939", "frame": 88, "mu": [-2.1936130819745725, 1.522410256423012, 1.1824963928140335], "Sigma": [[0.015013680736060448, 0.012809755740058543, -0.014119638557725672], [0.012809755740058543, 0.016031333026931327, -0.021751733444792882], [-0.014119638557725672, -0.02175173344479288, 0.036206432548065166]], "chi2_level": 0.95, "chi2_df": 3, "chi2_threshold": 7.814727903251179, "N_raw": 69, "N_roi": 69, "N_inlier": 66, "refit": true}
{"timestamp": "19:26:54.878981", "frame": 89, "mu": [-2.096843712643019, 1.5170230906495046, 1.0666117733763976], "Sigma": [[0.019845742857583646, 0.01486559798972514, -0.01554727010928317], [0.01486559798972514, 0.014048549491178107, -0.01818690591727624], [-0.01554727010928317, -0.01818690591727624, 0.035917178174298556]], "chi2_level": 0.95, "chi2_df": 3, "chi2_threshold": 7.814727903251179, "N_raw": 79, "N_roi": 79, "N_inlier": 73, "refit": true}
{"timestamp": "19:26:54.939958", "frame": 90, "mu": [-2.19657222795883, 1.5819442528168008, -0.6183103252436101], "Sigma": [[0.01977738987080146, 0.013571404232188458, 0.017001247621489572], [0.013571404232188458, 0.03075664875994064, -0.01386751796101296], [0.01700124762148957, -0.01386751796101296, 0.08534541616675079]], "chi2_level": 0.95, "chi2_df": 3, "chi2_threshold": 7.814727903251179, "N_raw": 128, "N_roi": 123, "N_inlier": 121, "refit": true}
{"timestamp": "19:26:54.993749", "frame": 91, "mu": [-2.11308461459664, 1.4117411053546156, 1.0553827921785657], "Sigma": [[0.02390169710221591, 0.014462220885059766, 0.005534501793553515], [0.014462220885059766, 0.01273253561023732, -0.006626089055810786], [0.005534501793553515, -0.0066260890558107865, 0.05464694660037588]], "chi2_level": 0.95, "chi2_df": 3, "chi2_threshold": 7.814727903251179, "N_raw": 114, "N_roi": 114, "N_inlier": 110, "refit": true}
{"timestamp": "19:26:55.045698", "frame": 92, "mu": [-2.0884021958151253, 1.291777035347915, 1.1246686579016074], "Sigma": [[0.019624201073396436, 0.01196247603390491, -0.014031138322451252], [0.011962476033904908, 0.017671694814891958, -0.016563027721453828], [-0.014031138322451252, -0.016563027721453828, 0.018496176633020618]], "chi2_level": 0.95, "chi2_df": 3, "chi2_threshold": 7.814727903251179, "N_raw": 86, "N_roi": 86, "N_inlier": 82, "refit": true}
{"timestamp": "19:26:55.096346", "frame": 93, "mu": [-2.0814174751866963, 1.2585046591914357, 1.1007665607468873], "Sigma": [[0.01315676848318186, 0.008048613086303637, -0.007010230335150948], [0.008048613086303637, 0.010373211810046431, -0.010640902164614843], [-0.007010230335150949, -0.010640902164614843, 0.01495889968622047]], "chi2_level": 0.95, "chi2_df": 3, "chi2_threshold": 7.814727903251179, "N_raw": 64, "N_roi": 64, "N_inlier": 61, "refit": true}
{"timestamp": "19:26:55.149836", "frame": 94, "mu": [-2.152464045390997, 1.163212684525415, 1.267335259102022], "Sigma": [[0.010514349820113062, 0.007155484978820922, -0.007125690163684955], [0.007155484978820922, 0.009408584495671241, -0.010960033538594368], [-0.007125690163684955, -0.010960033538594368, 0.01487533605175081]], "chi2_level": 0.95, "chi2_df": 3, "chi2_threshold": 7.814727903251179, "N_raw": 49, "N_roi": 49, "N_inlier": 45, "refit": true}
{"timestamp": "19:26:55.206900", "frame": 95, "mu": [-2.1051174228129717, 1.1620025201229347, 1.221246059209215], "Sigma": [[0.013310322891439503, 0.008329159194659352, -0.01064023195639829], [0.008329159194659352, 0.01079261769237736, -0.014389722132228706], [-0.01064023195639829, -0.014389722132228706, 0.025189602299500194]], "chi2_level": 0.95, "chi2_df": 3, "chi2_threshold": 7.814727903251179, "N_raw": 66, "N_roi": 66, "N_inlier": 63, "refit": true}
{"timestamp": "19:26:55.259830", "frame": 96, "mu": [-2.107031389004982, 1.3003054293174274, -0.4252800090950318], "Sigma": [[0.008739827500809079, 0.006475450438891106, -0.0026469390028655065], [0.006475450438891106, 0.014446666577073114, -0.013632027899443809], [-0.0026469390028655065, -0.013632027899443809, 0.019125069176748513]], "chi2_level": 0.95, "chi2_df": 3, "chi2_threshold": 7.814727903251179, "N_raw": 56, "N_roi": 56, "N_inlier": 53, "refit": true}
{"timestamp": "19:26:55.312050", "frame": 97, "mu": [-2.0997099617633173, 1.0800024175499077, 1.2064424533589027], "Sigma": [[0.00796173723326744, 0.0066010158531751035, -0.0022852228092465096], [0.0066010158531751035, 0.007457658847192798, -0.0069184444305227894], [-0.002285222809246509, -0.0069184444305227894, 0.01833155489306247]], "chi2_level": 0.95, "chi2_df": 3, "chi2_threshold": 7.814727903251179, "N_raw": 43, "N_roi": 43, "N_inlier": 42, "refit": true}
{"timestamp": "19:26:55.366943", "frame": 98, "mu": [-2.1145821464237327, 1.0286194240013584, 1.29611269717384], "Sigma": [[0.00794260643822296, 0.007174080663922376, -0.005142499273093341], [0.007174080663922376, 0.009771597336934482, -0.009331821438187511], [-0.005142499273093341, -0.009331821438187511, 0.01168501832605424]], "chi2_level": 0.95, "chi2_df": 3, "chi2_threshold": 7.814727903251179, "N_raw": 39, "N_roi": 39, "N_inlier": 35, "refit": true}
{"timestamp": "19:26:55.424044", "frame": 99, "mu": [-2.097145604947208, 0.9853710005290235, 1.2456149812694701], "Sigma": [[0.008963607725808153, 0.007957517774420681, -0.002559721595896137], [0.007957517774420681, 0.012748229088753175, -0.010562257223930751], [-0.002559721595896137, -0.010562257223930751, 0.01468152886763526]], "chi2_level": 0.95, "chi2_df": 3, "chi2_threshold": 7.814727903251179, "N_raw": 52, "N_roi": 52, "N_inlier": 50, "refit": true}
{"timestamp": "19:26:55.588080", "frame": 100, "mu": [-2.087813954383779, 1.0106406154339844, 1.238486069006733], "Sigma": [[0.007422705391699368, 0.006501428129660768, 0.0002797772621579455], [0.006501428129660768, 0.008964586101040794, -0.00834622329782755], [0.00027977726215794584, -0.008346223297827549, 0.03863052359843856]], "chi2_level": 0.95, "chi2_df": 3, "chi2_threshold": 7.814727903251179, "N_raw": 57, "N_roi": 57, "N_inlier": 56, "refit": true}
{"timestamp": "19:26:55.592488", "frame": 101, "mu": [-2.0595315315225013, 1.1434225989791056, -0.6588607636256218], "Sigma": [[0.006926144883387444, 0.007315504368589782, 0.0023554653668101787], [0.007315504368589782, 0.01338979667697284, -0.006573568128671592], [0.0023554653668101787, -0.006573568128671592, 0.01806654332060388]], "chi2_level": 0.95, "chi2_df": 3, "chi2_threshold": 7.814727903251179, "N_raw": 51, "N_roi": 51, "N_inlier": 48, "refit": true}
{"timestamp": "19:26:55.620604", "frame": 102, "mu": [-2.0556657488159065, 0.8728883117036996, 1.183011743292413], "Sigma": [[0.009806322864433148, 0.010106470638010411, -0.003901967050017569], [0.010106470638010411, 0.01662554553414553, -0.00915346676196013], [-0.003901967050017569, -0.00915346676196013, 0.0075126163354740354]], "chi2_level": 0.95, "chi2_df": 3, "chi2_threshold": 7.814727903251179, "N_raw": 42, "N_roi": 42, "N_inlier": 41, "refit": true}
{"timestamp": "19:26:55.653067", "frame": 103, "mu": [-2.044836363991622, 0.8409739364739078, 1.138487992029457], "Sigma": [[0.013091042936188934, 0.013655012974503986, 0.0020059062532076645], [0.013655012974503986, 0.02017336894894636, -0.006109743793086495], [0.0020059062532076645, -0.006109743793086495, 0.01569998097581894]], "chi2_level": 0.95, "chi2_df": 3, "chi2_threshold": 7.814727903251179, "N_raw": 67, "N_roi": 67, "N_inlier": 67, "refit": true}
{"timestamp": "19:26:55.699922", "frame": 104, "mu": [-2.0135389545571503, 0.7816390741357127, 1.1084498723718903], "Sigma": [[0.012839459965599041, 0.013078644122209758, -0.0005065464863679471], [0.013078644122209758, 0.017271719169203725, -0.006412435787708704], [-0.0005065464863679473, -0.006412435787708704, 0.012449233354948153]], "chi2_level": 0.95, "chi2_df": 3, "chi2_threshold": 7.814727903251179, "N_raw": 59, "N_roi": 59, "N_inlier": 58, "refit": true}
{"timestamp": "19:26:55.755104", "frame": 105, "mu": [-1.9776575397965588, 0.731876098686969, 1.108605616343593], "Sigma": [[0.00992400432789033, 0.009832262593742803, -0.001544778601408847], [0.009832262593742803, 0.015085844462611917, -0.007869465598255876], [-0.001544778601408847, -0.007869465598255876, 0.010938391085540837]], "chi2_level": 0.95, "chi2_df": 3, "chi2_threshold": 7.814727903251179, "N_raw": 52, "N_roi": 52, "N_inlier": 51, "refit": true}
{"timestamp": "19:26:55.810071", "frame": 106, "mu": [-1.939912689120172, 0.7048626009446157, 1.0708874905248187], "Sigma": [[0.010256684414347246, 0.009164978298445366, -0.00048788437369895563], [0.009164978298445366, 0.012319942332872381, -0.005857496163600647], [-0.00048788437369895574, -0.005857496163600647, 0.010682173893953676]], "chi2_level": 0.95, "chi2_df": 3, "chi2_threshold": 7.814727903251179, "N_raw": 57, "N_roi": 57, "N_inlier": 54, "refit": true}
{"timestamp": "19:26:55.866175", "frame": 107, "mu": [-1.9573356338995904, 0.6824638557657119, 1.102019537298339], "Sigma": [[0.008780168188356155, 0.010523197521072395, 0.0017128628815630818], [0.010523197521072395, 0.015062910935069401, -0.003126347355082621], [0.001712862881563082, -0.003126347355082621, 0.019041110462359147]], "chi2_level": 0.95, "chi2_df": 3, "chi2_threshold": 7.814727903251179, "N_raw": 59, "N_roi": 59, "N_inlier": 55, "refit": true}
{"timestamp": "19:26:55.920917", "frame": 108, "mu": [-1.8844687659323966, 0.7013458608890484, 1.1338707484326327], "Sigma": [[0.0065201302391388405, 0.007244194273116909, 0.0021609937099392237], [0.00724419427311691, 0.012017593944501033, -0.0034582068256721454], [0.0021609937099392245, -0.0034582068256721454, 0.0244348632840099]], "chi2_level": 0.95, "chi2_df": 3, "chi2_threshold": 7.814727903251179, "N_raw": 55, "N_roi": 55, "N_inlier": 54, "refit": true}
{"timestamp": "19:26:55.977239", "frame": 109, "mu": [-1.9014897985254406, 0.674708199501116, -0.8980143770839041], "Sigma": [[0.008075208591146594, 0.010508493735274706, 0.006456236769509642], [0.010508493735274706, 0.0333805812994446, 0.0045907473616131796], [0.006456236769509641, 0.0045907473616131796, 0.017186963853358266]], "chi2_level": 0.95, "chi2_df": 3, "chi2_threshold": 7.814727903251179, "N_raw": 67, "N_roi": 67, "N_inlier": 59, "refit": true}
{"timestamp": "19:26:56.035391", "frame": 110, "mu": [-1.2500247623584544, 0.5939975856938344, 1.0517964095299521], "Sigma": [[1.9135228820196153, -0.04026589765620038, -0.12165402591802452], [-0.04026589765620038, 0.024524038074303034, 0.019111347574214732], [-0.12165402591802452, 0.019111347574214732, 0.04566392283566978]], "chi2_level": 0.95, "chi2_df": 3, "chi2_threshold": 7.814727903251179, "N_raw": 84, "N_roi": 84, "N_inlier": 82, "refit": true}
