{"timestamp": "17:49:43.344709", "frame": 1, "mu": [1.1410399740570778, 1.0915204075493927, 0.880300366487575], "Sigma": [[0.0025536473809191487, -0.0021573440913799117, -0.008166772302005139], [-0.0021573440913799117, 0.005653144863240118, 0.018271988303376636], [-0.008166772302005139, 0.018271988303376636, 0.09553525817687987]], "chi2_level": 0.95, "chi2_df": 3, "chi2_threshold": 7.814727903251179, "N_raw": 19, "N_roi": 19, "N_inlier": 18, "refit": true}
{"timestamp": "17:49:43.399816", "frame": 2, "mu": [1.1083052453738678, 1.1124450801711419, 0.8529669447821442], "Sigma": [[0.002924715945578706, -0.0019635995484760943, -0.0030375387140389276], [-0.0019635995484760943, 0.007634029193084781, 0.020570584839915626], [-0.0030375387140389276, 0.020570584839915626, 0.08430128202115243]], "chi2_level": 0.95, "chi2_df": 3, "chi2_threshold": 7.814727903251179, "N_raw": 24, "N_roi": 24, "N_inlier": 22, "refit": true}
{"timestamp": "17:49:43.454027", "frame": 3, "mu": [1.1237826867230822, 1.2365446762913506, 1.3943705317879633], "Sigma": [[0.0015687727224479987, 0.00021064617100879175, 0.002698886555760224], [0.0002106461710087917, 0.0023160324123517933, 0.010897402836539751], [0.002698886555760224, 0.010897402836539753, 0.13860876060804153]], "chi2_level": 0.95, "chi2_df": 3, "chi2_threshold": 7.814727903251179, "N_raw": 19, "N_roi": 19, "N_inlier": 18, "refit": true}
{"timestamp": "17:49:43.510118", "frame": 4, "mu": [1.1144688514096992, 1.2833499536473574, 1.566131110720361], "Sigma": [[0.004463424274364004, -0.0031411429682839157, -0.00967465765086636], [-0.0031411429682839157, 0.004148714545737602, 0.009262198879900527], [-0.00967465765086636, 0.009262198879900527, 0.05583700359576116]], "chi2_level": 0.95, "chi2_df": 3, "chi2_threshold": 7.814727903251179, "N_raw": 28, "N_roi": 28, "N_inlier": 26, "refit": true}
{"timestamp": "17:49:43.562493", "frame": 5, "mu": [1.148495779967948, 1.2872926995707386, 1.4237511645035468], "Sigma": [[0.0025403041288540994, 0.001007940556846384, -0.011612798629891516], [0.0010079405568463842, 0.005675633441912389, 0.0043712323794665945], [-0.011612798629891516, 0.0043712323794665945, 0.16176476055221536]], "chi2_level": 0.95, "chi2_df": 3, "chi2_threshold": 7.814727903251179, "N_raw": 7, "N_roi": 7, "N_inlier": 7, "refit": true}
{"timestamp": "17:49:43.617173", "frame": 6, "mu": [1.1471892540863595, 1.3356379268229313, 1.42256285377099], "Sigma": [[0.002312150569383298, 0.0030060263768165764, -0.0108445034236927], [0.0030060263768165764, 0.004271055593600464, -0.016344374941036296], [-0.0108445034236927, -0.016344374941036296, 0.1303569862462964]], "chi2_level": 0.95, "chi2_df": 3, "chi2_threshold": 7.814727903251179, "N_raw": 7, "N_roi": 7, "N_inlier": 7, "refit": true}
{"timestamp": "17:49:43.837547", "frame": 10, "mu": [1.1474344323713261, 1.2554686878243477, 1.0430320559653874], "Sigma": [[0.005972094550364455, -0.002952638458606252, -0.02782948520532228], [-0.0029526384586062515, 0.022504234653954493, 0.028780214272117743], [-0.02782948520532228, 0.028780214272117743, 0.1416560290982296]], "chi2_level": 0.95, "chi2_df": 3, "chi2_threshold": 7.814727903251179, "N_raw": 8, "N_roi": 8, "N_inlier": 7, "refit": true}
{"timestamp": "17:49:44.443522", "frame": 21, "mu": [1.2400491690338966, 1.1940276839699593, 1.0078583640175067], "Sigma": [[0.002269891455901869, -0.000816050778995802, -0.0024581403745779756], [-0.000816050778995802, 0.0010056744812324276, 0.0008030942019851962], [-0.0024581403745779756, 0.0008030942019851963, 0.004310343353449091]], "chi2_level": 0.95, "chi2_df": 3, "chi2_threshold": 7.814727903251179, "N_raw": 11, "N_roi": 11, "N_inlier": 9, "refit": true}
{"timestamp": "17:49:44.560948", "frame": 23, "mu": [1.1116249818009778, 1.4245653039150958, -0.2842555932640525], "Sigma": [[0.0031471500451906785, -0.001116235548680042, -0.004309920737615278], [-0.001116235548680042, 0.002725402827932599, -0.0033187958603376746], [-0.004309920737615278, -0.0033187958603376746, 0.018458522126429608]], "chi2_level": 0.95, "chi2_df": 3, "chi2_threshold": 7.814727903251179, "N_raw": 35, "N_roi": 35, "N_inlier": 31, "refit": true}
{"timestamp": "17:49:44.607320", "frame": 24, "mu": [1.1433230679092876, 1.214894775591052, 0.7508108313982816], "Sigma": [[0.00817117447172233, -0.010763652872622686, -0.03747889721133413], [-0.010763652872622684, 0.024194870742553356, 0.08509164519128577], [-0.03747889721133413, 0.08509164519128577, 0.38878119369207476]], "chi2_level": 0.95, "chi2_df": 3, "chi2_threshold": 7.814727903251179, "N_raw": 10, "N_roi": 10, "N_inlier": 10, "refit": true}
{"timestamp": "17:49:44.661620", "frame": 25, "mu": [1.0584981775511024, 1.35820764532121, 1.3984856500524434], "Sigma": [[0.006632587986537106, -0.0014153011976078427, -0.01952688712463597], [-0.0014153011976078427, 0.0017292825888024414, 0.004963817850514244], [-0.019526887124635975, 0.004963817850514245, 0.06074337569281444]], "chi2_level": 0.95, "chi2_df": 3, "chi2_threshold": 7.814727903251179, "N_raw": 7, "N_roi": 7, "N_inlier": 7, "refit": true}
{"timestamp": "17:49:44.776026", "frame": 27, "mu": [0.9797611025713, 1.3007732577360471, 1.4145740589737428], "Sigma": [[0.005133150400137901, 0.0025916508650942827, 0.023663057882389132], [0.0025916508650942827, 0.006411101766147886, 0.027840857974239314], [0.023663057882389135, 0.027840857974239318, 0.25125635641881844]], "chi2_level": 0.95, "chi2_df": 3, "chi2_threshold": 7.814727903251179, "N_raw": 35, "N_roi": 35, "N_inlier": 33, "refit": true}
{"timestamp": "17:49:44.885442", "frame": 29, "mu": [1.0556272520923018, 1.16755005600934, 1.002445927056582], "Sigma": [[0.004061574746624834, -0.005477022957657859, -0.028812668081735715], [-0.005477022957657857, 0.03741113648710264, 0.12176702923752107], [-0.028812668081735715, 0.12176702923752107, 0.4384252773828013]], "chi2_level": 0.95, "chi2_df": 3, "chi2_threshold": 7.814727903251179, "N_raw": 11, "N_roi": 11, "N_inlier": 10, "refit": true}
{"timestamp": "17:49:44.998831", "frame": 31, "mu": [0.8752111523504242, 1.2660305222281614, 1.5251161687553012], "Sigma": [[0.00331010207060243, -0.00048583919563285145, -0.002694727840051708], [-0.00048583919563285134, 0.0037985841848578615, -0.0007009277003719913], [-0.0026947278400517075, -0.0007009277003719913, 0.0045803446111638705]], "chi2_level": 0.95, "chi2_df": 3, "chi2_threshold": 7.814727903251179, "N_raw": 40, "N_roi": 40, "N_inlier": 37, "refit": true}
{"timestamp": "17:49:45.052789", "frame": 32, "mu": [0.8103125566069992, 1.352288033170663, -0.29150975291204245], "Sigma": [[0.010805194151662558, -0.002264005877883543, 0.0075458453901700575], [-0.002264005877883543, 0.012996890840656675, -0.04417175898195157], [0.007545845390170062, -0.04417175898195157, 0.17264716159658888]], "chi2_level": 0.95, "chi2_df": 3, "chi2_threshold": 7.814727903251179, "N_raw": 23, "N_roi": 23, "N_inlier": 21, "refit": true}
{"timestamp": "17:49:45.166714", "frame": 34, "mu": [0.8221828671004889, 1.2957076240281309, -0.28418746818196394], "Sigma": [[0.004813141349270405, 0.0008257051838024403, -0.01002089945810472], [0.0008257051838024403, 0.004995649904267756, -0.005307560823999752], [-0.01002089945810472, -0.005307560823999752, 0.02764551021654102]], "chi2_level": 0.95, "chi2_df": 3, "chi2_threshold": 7.814727903251179, "N_raw": 55, "N_roi": 55, "N_inlier": 51, "refit": true}
{"timestamp": "17:49:45.220271", "frame": 35, "mu": [0.7529351428926946, 1.2634310510199909, -0.16548821879059103], "Sigma": [[0.006926830260965479, -2.225980717734803e-05, -0.006192698489229937], [-2.225980717734807e-05, 0.0030366898747072536, 0.0008968306390760734], [-0.006192698489229937, 0.0008968306390760732, 0.006092363991538514]], "chi2_level": 0.95, "chi2_df": 3, "chi2_threshold": 7.814727903251179, "N_raw": 51, "N_roi": 51, "N_inlier": 50, "refit": true}
{"timestamp": "17:49:45.276111", "frame": 36, "mu": [0.7211473870972233, 1.2685121610586194, -0.17986578274428955], "Sigma": [[0.004865665291299659, 0.00013624540140886845, -0.005602081308905276], [0.00013624540140886847, 0.003116465832581514, -0.0018210680119475479], [-0.005602081308905276, -0.0018210680119475479, 0.009626383447152253]], "chi2_level": 0.95, "chi2_df": 3, "chi2_threshold": 7.814727903251179, "N_raw": 52, "N_roi": 52, "N_inlier": 50, "refit": true}
{"timestamp": "17:49:45.327180", "frame": 37, "mu": [0.6991984236988049, 1.1068301176069772, 1.4445225359492744], "Sigma": [[0.0015696899145020103, -0.0013689954793706812, -0.0018851517013848205], [-0.001368995479370681, 0.0027341163516103823, 0.0007290894934138631], [-0.0018851517013848203, 0.000729089493413863, 0.003101682718471882]], "chi2_level": 0.95, "chi2_df": 3, "chi2_threshold": 7.814727903251179, "N_raw": 24, "N_roi": 24, "N_inlier": 21, "refit": true}
{"timestamp": "17:49:45.381996", "frame": 38, "mu": [0.6670205077251444, 1.1144445197210981, 1.4521590808806828], "Sigma": [[0.0027346956795990616, -0.0007347061310745259, -0.0021393899922860574], [-0.0007347061310745257, 0.0021744018266618313, 0.0005324039637981539], [-0.0021393899922860574, 0.000532403963798154, 0.0018105139658714693]], "chi2_level": 0.95, "chi2_df": 3, "chi2_threshold": 7.814727903251179, "N_raw": 29, "N_roi": 29, "N_inlier": 25, "refit": true}
{"timestamp": "17:49:45.443200", "frame": 39, "mu": [0.5967004679208183, 1.1894471214567195, 1.510346870829858], "Sigma": [[0.004133527999261534, -0.0009479262119837353, -0.003163701191730344], [-0.0009479262119837354, 0.0034752628448489744, -0.0022037469329523624], [-0.003163701191730344, -0.0022037469329523624, 0.005561921569186965]], "chi2_level": 0.95, "chi2_df": 3, "chi2_threshold": 7.814727903251179, "N_raw": 65, "N_roi": 65, "N_inlier": 59, "refit": true}
{"timestamp": "17:49:45.496417", "frame": 40, "mu": [0.5611532393300273, 1.2169664719873832, -0.13818892655245102], "Sigma": [[0.002990540785370422, 0.00021824598317346023, -0.001185817822607339], [0.00021824598317346023, 0.004051162911531543, -0.003105984886464169], [-0.001185817822607339, -0.003105984886464169, 0.007512189254245442]], "chi2_level": 0.95, "chi2_df": 3, "chi2_threshold": 7.814727903251179, "N_raw": 45, "N_roi": 45, "N_inlier": 42, "refit": true}
{"timestamp": "17:49:45.550202", "frame": 41, "mu": [0.49277317634228524, 1.0720730134410197, 1.1426803611858631], "Sigma": [[0.00449355568477272, 0.002527194893500142, 0.016498184487032178], [0.002527194893500142, 0.015307842969428935, 0.025253111089629], [0.01649818448703218, 0.025253111089629, 0.10564352092853632]], "chi2_level": 0.95, "chi2_df": 3, "chi2_threshold": 7.814727903251179, "N_raw": 48, "N_roi": 48, "N_inlier": 44, "refit": true}
{"timestamp": "17:49:45.607254", "frame": 42, "mu": [0.48205119914077144, 1.086826993631359, 1.3336732017702209], "Sigma": [[0.0029763860397317558, -0.0017254610284657527, -0.002847274476143178], [-0.0017254610284657525, 0.008106692243892414, 0.00497545301247021], [-0.002847274476143178, 0.00497545301247021, 0.022712595604252612]], "chi2_level": 0.95, "chi2_df": 3, "chi2_threshold": 7.814727903251179, "N_raw": 60, "N_roi": 60, "N_inlier": 57, "refit": true}
{"timestamp": "17:49:45.662968", "frame": 43, "mu": [0.4488474136281813, 1.2663246185017605, -0.250154753470495], "Sigma": [[0.0038688148422404795, -0.0007836284329531782, -0.0021798129816233795], [-0.000783628432953178, 0.00792181472892381, -0.0030040858869403784], [-0.0021798129816233795, -0.0030040858869403784, 0.027519841688191733]], "chi2_level": 0.95, "chi2_df": 3, "chi2_threshold": 7.814727903251179, "N_raw": 64, "N_roi": 64, "N_inlier": 60, "refit": true}
{"timestamp": "17:49:45.716394", "frame": 44, "mu": [0.40680027844498245, 1.0737171636046432, 1.2844475206962338], "Sigma": [[0.0031185151520388226, -0.0008370491383278011, -0.0020349098171360837], [-0.000837049138327801, 0.003795471741125842, -0.0016250402227746786], [-0.0020349098171360837, -0.0016250402227746788, 0.0030302388364055284]], "chi2_level": 0.95, "chi2_df": 3, "chi2_threshold": 7.814727903251179, "N_raw": 57, "N_roi": 57, "N_inlier": 54, "refit": true}
{"timestamp": "17:49:45.772289", "frame": 45, "mu": [0.35326754768219165, 1.2199667867275386, -0.23944023010664403], "Sigma": [[0.003639840540894476, -0.00016177578268994778, -0.006818995711334067], [-0.0001617757826899478, 0.0038626725054455397, 0.00044254814340335556], [-0.006818995711334067, 0.00044254814340335545, 0.014772036295152917]], "chi2_level": 0.95, "chi2_df": 3, "chi2_threshold": 7.814727903251179, "N_raw": 59, "N_roi": 58, "N_inlier": 52, "refit": true}
{"timestamp": "17:49:45.828051", "frame": 46, "mu": [0.2602337048791294, 1.1965123186513358, 1.5925827642568766], "Sigma": [[0.0023881484141179674, -0.00018580858187181872, -0.0018828615251725968], [-0.00018580858187181872, 0.004889615755047912, -0.0015194669404573775], [-0.0018828615251725968, -0.0015194669404573775, 0.002233444493406362]], "chi2_level": 0.95, "chi2_df": 3, "chi2_threshold": 7.814727903251179, "N_raw": 60, "N_roi": 60, "N_inlier": 55, "refit": true}
{"timestamp": "17:49:45.887123", "frame": 47, "mu": [0.21245015720339339, 1.2483956512572187, 1.6050933565841556], "Sigma": [[0.00466825690127379, 0.0007335030613193721, -0.004990292986917737], [0.000733503061319372, 0.004043284987432369, -0.003815327003317717], [-0.004990292986917737, -0.003815327003317716, 0.017691093538502532]], "chi2_level": 0.95, "chi2_df": 3, "chi2_threshold": 7.814727903251179, "N_raw": 89, "N_roi": 89, "N_inlier": 86, "refit": true}
{"timestamp": "17:49:45.939285", "frame": 48, "mu": [0.17417265866794315, 1.1972647015033646, 1.5985952712976321], "Sigma": [[0.0029228520104494383, -0.00037976402308719437, -0.002470116387622418], [-0.00037976402308719437, 0.006161157051528175, -0.0009984305854350392], [-0.002470116387622418, -0.0009984305854350392, 0.0026394266686164598]], "chi2_level": 0.95, "chi2_df": 3, "chi2_threshold": 7.814727903251179, "N_raw": 69, "N_roi": 69, "N_inlier": 67, "refit": true}
{"timestamp": "17:49:45.992827", "frame": 49, "mu": [0.13288960669696637, 1.27918667021688, -0.07163402173487747], "Sigma": [[0.0033116243833313107, 0.00039685674199944757, -0.0021659840318492235], [0.00039685674199944757, 0.004935946301581155, 0.0001242006744066702], [-0.0021659840318492235, 0.0001242006744066702, 0.001719610090957467]], "chi2_level": 0.95, "chi2_df": 3, "chi2_threshold": 7.814727903251179, "N_raw": 64, "N_roi": 64, "N_inlier": 62, "refit": true}
{"timestamp": "17:49:46.048404", "frame": 50, "mu": [0.09372681751586391, 1.2271467079799885, 1.554279270177266], "Sigma": [[0.002687136240307764, 0.0005779903930309033, -0.0007869670595941583], [0.0005779903930309032, 0.004355431053741517, -0.004110687608968361], [-0.0007869670595941582, -0.004110687608968361, 0.005927561374019075]], "chi2_level": 0.95, "chi2_df": 3, "chi2_threshold": 7.814727903251179, "N_raw": 70, "N_roi": 70, "N_inlier": 66, "refit": true}
{"timestamp": "17:49:46.101342", "frame": 51, "mu": [0.05952536114847926, 1.2728592520855513, -0.08019054755105659], "Sigma": [[0.0034420821037173576, 0.001343185809185671, -0.0004973133732683867], [0.001343185809185671, 0.004183570013431071, 0.00012830220369407637], [-0.0004973133732683867, 0.00012830220369407626, 0.0028768600986385662]], "chi2_level": 0.95, "chi2_df": 3, "chi2_threshold": 7.814727903251179, "N_raw": 54, "N_roi": 54, "N_inlier": 52, "refit": true}
{"timestamp": "17:49:46.152761", "frame": 52, "mu": [-0.007972257437185147, 1.3200676655836885, -0.6026803238810734], "Sigma": [[0.0018861491877839465, -0.0009663475379043875, 0.006581364376575134], [-0.0009663475379043875, 0.002270235102816382, -0.004557115815782588], [0.006581364376575134, -0.004557115815782588, 0.05639443767660726]], "chi2_level": 0.95, "chi2_df": 3, "chi2_threshold": 7.814727903251179, "N_raw": 28, "N_roi": 28, "N_inlier": 25, "refit": true}
{"timestamp": "17:49:46.210705", "frame": 53, "mu": [-0.04471846015341016, 1.1908402826333422, 1.4705028699447378], "Sigma": [[0.0024304689724821754, 0.0006444130595135094, -0.0006700444398499753], [0.0006444130595135094, 0.0029196573050971775, -0.0030545275244357375], [-0.0006700444398499753, -0.0030545275244357375, 0.0034234088050693274]], "chi2_level": 0.95, "chi2_df": 3, "chi2_threshold": 7.814727903251179, "N_raw": 53, "N_roi": 53, "N_inlier": 50, "refit": true}
{"timestamp": "17:49:46.261394", "frame": 54, "mu": [-0.02942083485020511, 1.0852505983169523, 0.9578275392187903], "Sigma": [[0.0013749129456096115, -0.0006140426440243921, -0.003702483974017298], [-0.0006140426440243921, 0.00209503872631904, -0.0010442968801880502], [-0.0037024839740172977, -0.0010442968801880502, 0.03428658946184521]], "chi2_level": 0.95, "chi2_df": 3, "chi2_threshold": 7.814727903251179, "N_raw": 16, "N_roi": 16, "N_inlier": 15, "refit": true}
{"timestamp": "17:49:46.322738", "frame": 55, "mu": [-0.09937708523766578, 1.1107231042354606, 1.2010269731151348], "Sigma": [[0.002084204837557364, -0.0010863130737100977, -0.005293655331122323], [-0.0010863130737100977, 0.009519285256678781, 0.029051092745197758], [-0.0052936553311223235, 0.029051092745197758, 0.1410518860914326]], "chi2_level": 0.95, "chi2_df": 3, "chi2_threshold": 7.814727903251179, "N_raw": 64, "N_roi": 64, "N_inlier": 63, "refit": true}
{"timestamp": "17:49:46.377412", "frame": 56, "mu": [-0.17664959582082462, 1.129360885001685, 1.373049445744152], "Sigma": [[0.005889324344886687, -0.005246364815048112, -0.023277189866421737], [-0.005246364815048112, 0.009797946171171882, 0.03203475983400286], [-0.023277189866421737, 0.03203475983400286, 0.1480119981488511]], "chi2_level": 0.95, "chi2_df": 3, "chi2_threshold": 7.814727903251179, "N_raw": 63, "N_roi": 63, "N_inlier": 62, "refit": true}
{"timestamp": "17:49:46.436305", "frame": 57, "mu": [-0.24367678934453227, 1.0683191218406731, 1.2298117322009288], "Sigma": [[0.004103856548162684, -0.0024995766170268557, -0.012569037172277267], [-0.0024995766170268557, 0.0044243007868305295, 0.010293416524263407], [-0.012569037172277267, 0.010293416524263407, 0.07378711805997076]], "chi2_level": 0.95, "chi2_df": 3, "chi2_threshold": 7.814727903251179, "N_raw": 79, "N_roi": 79, "N_inlier": 76, "refit": true}
{"timestamp": "17:49:46.494759", "frame": 58, "mu": [-0.29721913544788714, 1.123521661081575, 1.3013085889879479], "Sigma": [[0.0036146670720198547, -0.003938364628485844, -0.012962880207247878], [-0.003938364628485845, 0.011439847039890627, 0.027198089737852548], [-0.012962880207247878, 0.027198089737852548, 0.11483342903390316]], "chi2_level": 0.95, "chi2_df": 3, "chi2_threshold": 7.814727903251179, "N_raw": 99, "N_roi": 99, "N_inlier": 96, "refit": true}
{"timestamp": "17:49:46.542318", "frame": 59, "mu": [-0.40463388226504465, 1.158419672445576, 1.600092829938527], "Sigma": [[0.002817785761204593, -0.0004300169265029303, -0.001462849851530973], [-0.00043001692650293034, 0.003793712880937119, -0.0028642572840418034], [-0.001462849851530973, -0.002864257284041804, 0.0036133355869609578]], "chi2_level": 0.95, "chi2_df": 3, "chi2_threshold": 7.814727903251179, "N_raw": 62, "N_roi": 59, "N_inlier": 55, "refit": true}
{"timestamp": "17:49:46.596444", "frame": 60, "mu": [-0.4662283522161527, 1.1321989591397346, 1.6415952985724], "Sigma": [[0.0034621421897843424, -0.00020571782841520051, -0.002327508914936615], [-0.00020571782841520046, 0.003106730127137686, -0.0023117565395928494], [-0.002327508914936616, -0.002311756539592849, 0.005020706809909889]], "chi2_level": 0.95, "chi2_df": 3, "chi2_threshold": 7.814727903251179, "N_raw": 50, "N_roi": 50, "N_inlier": 46, "refit": true}
{"timestamp": "17:49:46.654076", "frame": 61, "mu": [-0.4891639633071978, 1.181420501479717, -0.24832313358121055], "Sigma": [[0.0038188653521406208, 0.0018985291146286732, 0.00394887969016595], [0.0018985291146286732, 0.010337703677480806, 0.00334464166748385], [0.003948879690165951, 0.00334464166748385, 0.013324573165320557]], "chi2_level": 0.95, "chi2_df": 3, "chi2_threshold": 7.814727903251179, "N_raw": 64, "N_roi": 64, "N_inlier": 61, "refit": true}
{"timestamp": "17:49:46.707341", "frame": 62, "mu": [-0.4350363684783789, 1.1130370461561017, 1.1074624764955163], "Sigma": [[0.005092664698316675, -0.0011636852047087515, -0.011333340160393009], [-0.0011636852047087515, 0.0019434394235298012, 0.009919367639551153], [-0.011333340160393009, 0.009919367639551153, 0.08310509760621021]], "chi2_level": 0.95, "chi2_df": 3, "chi2_threshold": 7.814727903251179, "N_raw": 63, "N_roi": 63, "N_inlier": 57, "refit": true}
{"timestamp": "17:49:46.765446", "frame": 63, "mu": [-0.5712741939448513, 1.14740014766825, 1.5313829386089255], "Sigma": [[0.004263165851580121, 0.00034173453303597506, -0.0016114758407386773], [0.00034173453303597506, 0.004919678281940475, -0.002279916466837662], [-0.0016114758407386773, -0.0022799164668376626, 0.005796745440640122]], "chi2_level": 0.95, "chi2_df": 3, "chi2_threshold": 7.814727903251179, "N_raw": 72, "N_roi": 72, "N_inlier": 67, "refit": true}
{"timestamp": "17:49:46.812377", "frame": 64, "mu": [-0.6859991622207027, 1.1206719649506829, 1.6838345001438635], "Sigma": [[0.00263377180223751, -5.562608747342507e-05, -0.0015397773541872084], [-5.5626087473425014e-05, 0.0008485162547014407, -0.0011265559323141916], [-0.0015397773541872082, -0.0011265559323141916, 0.004054853019930098]], "chi2_level": 0.95, "chi2_df": 3, "chi2_threshold": 7.814727903251179, "N_raw": 25, "N_roi": 25, "N_inlier": 22, "refit": true}
{"timestamp": "17:49:46.876418", "frame": 65, "mu": [-0.6971669180433531, 1.188146243443525, 1.5260364010802976], "Sigma": [[0.00492502920505448, 0.0013535536867928166, -0.0017877072339395413], [0.0013535536867928164, 0.003774903666353898, -0.008231852075216383], [-0.0017877072339395415, -0.008231852075216383, 0.024894654707690193]], "chi2_level": 0.95, "chi2_df": 3, "chi2_threshold": 7.814727903251179, "N_raw": 90, "N_roi": 90, "N_inlier": 85, "refit": true}
{"timestamp": "17:49:46.926999", "frame": 66, "mu": [-0.7159080264102392, 1.219746793705558, 1.6255298912239342], "Sigma": [[0.003396812140838779, 0.0006999487449551854, -0.00649275948849493], [0.0006999487449551854, 0.005075280700178853, -0.0008022001378560001], [-0.00649275948849493, -0.0008022001378559997, 0.027461728919824246]], "chi2_level": 0.95, "chi2_df": 3, "chi2_threshold": 7.814727903251179, "N_raw": 56, "N_roi": 56, "N_inlier": 49, "refit": true}
{"timestamp": "17:49:46.979363", "frame": 67, "mu": [-0.790521734925563, 1.1737578417729204, 1.5310682429503801], "Sigma": [[0.0035557406085623047, -0.0009448034617450382, -0.012220678660054085], [-0.0009448034617450382, 0.0021913605903047793, 0.00618191907183118], [-0.012220678660054086, 0.00618191907183118, 0.10271406072326891]], "chi2_level": 0.95, "chi2_df": 3, "chi2_threshold": 7.814727903251179, "N_raw": 40, "N_roi": 40, "N_inlier": 38, "refit": true}
{"timestamp": "17:49:47.033177", "frame": 68, "mu": [-0.8774518785260859, 1.1747135218430445, 1.7389530743083255], "Sigma": [[0.03672116539854546, 0.023611963844296403, -0.025225302256496607], [0.023611963844296403, 0.018103791963884664, -0.019963634307764988], [-0.025225302256496607, -0.019963634307764988, 0.024887025842689217]], "chi2_level": 0.95, "chi2_df": 3, "chi2_threshold": 7.814727903251179, "N_raw": 28, "N_roi": 28, "N_inlier": 26, "refit": true}
{"timestamp": "17:49:47.087040", "frame": 69, "mu": [-1.1413251695778723, 1.0286914382755559, 1.8536582336634124], "Sigma": [[0.038519943455358904, 0.027157261562405995, -0.04130656936839265], [0.027157261562405995, 0.025400200123096156, -0.03026399819873368], [-0.04130656936839265, -0.03026399819873368, 0.08581441994030141]], "chi2_level": 0.95, "chi2_df": 3, "chi2_threshold": 7.814727903251179, "N_raw": 27, "N_roi": 27, "N_inlier": 24, "refit": true}
{"timestamp": "17:49:47.150234", "frame": 70, "mu": [-1.054761572032987, 1.2854926257534351, -0.4500461753404766], "Sigma": [[0.02608736112471099, 0.03451015837337973, -0.06839586086510654], [0.03451015837337973, 0.062051774828162404, -0.13867213450670052], [-0.06839586086510654, -0.13867213450670052, 0.356319504957535]], "chi2_level": 0.95, "chi2_df": 3, "chi2_threshold": 7.814727903251179, "N_raw": 86, "N_roi": 86, "N_inlier": 84, "refit": true}
{"timestamp": "17:49:47.202659", "frame": 71, "mu": [-1.059255308113137, 1.2148987384619543, 0.9870154984104477], "Sigma": [[0.01793587336286256, 0.013095878581785677, -0.026730074273170604], [0.013095878581785677, 0.015074491113488396, -0.05465171349430644], [-0.026730074273170604, -0.054651713494306434, 0.3560278575408901]], "chi2_level": 0.95, "chi2_df": 3, "chi2_threshold": 7.814727903251179, "N_raw": 61, "N_roi": 61, "N_inlier": 58, "refit": true}
{"timestamp": "17:49:47.252349", "frame": 72, "mu": [-1.2133275982661378, 1.0637973910711986, 1.7805343388947295], "Sigma": [[0.036231767777524196, 0.030162641439480192, -0.03098953630037619], [0.030162641439480192, 0.030286254881802997, -0.029815503179615184], [-0.030989536300376187, -0.029815503179615184, 0.03312603181106369]], "chi2_level": 0.95, "chi2_df": 3, "chi2_threshold": 7.814727903251179, "N_raw": 26, "N_roi": 26, "N_inlier": 25, "refit": true}
{"timestamp": "17:49:47.310858", "frame": 73, "mu": [-1.2909550560175573, 1.001164050162894, 1.6269665887323606], "Sigma": [[0.04787811528811435, 0.028521982675997842, -0.018575608385466486], [0.028521982675997842, 0.028905394464739106, -0.007267586493969904], [-0.018575608385466486, -0.007267586493969904, 0.011507840446052358]], "chi2_level": 0.95, "chi2_df": 3, "chi2_threshold": 7.814727903251179, "N_raw": 49, "N_roi": 49, "N_inlier": 45, "refit": true}
{"timestamp": "17:49:47.367124", "frame": 74, "mu": [-1.283240309402945, 1.0297765111997395, 1.6686167829500518], "Sigma": [[0.04225830946657174, 0.024467788637192386, -0.010594426520987302], [0.024467788637192386, 0.02033753091176511, -0.006835870628645066], [-0.010594426520987302, -0.006835870628645066, 0.010127008804498943]], "chi2_level": 0.95, "chi2_df": 3, "chi2_threshold": 7.814727903251179, "N_raw": 56, "N_roi": 56, "N_inlier": 51, "refit": true}
{"timestamp": "17:49:47.424453", "frame": 75, "mu": [-1.3530234514077448, 1.0994816681693145, -0.16406069691811298], "Sigma": [[0.013800601202574243, 0.014591817592004041, 0.013797260081079236], [0.014591817592004043, 0.028463242357210622, 0.023772266626804987], [0.013797260081079236, 0.023772266626804987, 0.042933229065512786]], "chi2_level": 0.95, "chi2_df": 3, "chi2_threshold": 7.814727903251179, "N_raw": 77, "N_roi": 77, "N_inlier": 72, "refit": true}
{"timestamp": "17:49:47.470743", "frame": 76, "mu": [-1.1802770997130254, 1.2736374422499537, 1.540915462058844], "Sigma": [[0.045155592217193063, 0.028425785250000925, -0.038037188346942634], [0.028425785250000925, 0.02233523051321524, -0.03207994316381027], [-0.038037188346942634, -0.03207994316381027, 0.07601229346330574]], "chi2_level": 0.95, "chi2_df": 3, "chi2_threshold": 7.814727903251179, "N_raw": 14, "N_roi": 14, "N_inlier": 14, "refit": true}
{"timestamp": "17:49:47.524790", "frame": 77, "mu": [-1.0204719347846622, 1.3906307326216858, 1.4632251998214962], "Sigma": [[0.0006525113074868623, -0.0002441483599778233, -0.0010321606412941392], [-0.0002441483599778233, 0.0033617327156121495, -0.0043363646133473], [-0.0010321606412941394, -0.004336364613347301, 0.013891585188800711]], "chi2_level": 0.95, "chi2_df": 3, "chi2_threshold": 7.814727903251179, "N_raw": 10, "N_roi": 10, "N_inlier": 8, "refit": true}
{"timestamp": "17:49:47.582715", "frame": 78, "mu": [-1.2577579898469897, 1.362450605399441, -0.16344081908436822], "Sigma": [[0.032572179895771367, 0.03405069220400377, -0.027282545979420956], [0.03405069220400377, 0.041624481291720306, -0.04852441164482091], [-0.02728254597942096, -0.04852441164482091, 0.16610269774350897]], "chi2_level": 0.95, "chi2_df": 3, "chi2_threshold": 7.814727903251179, "N_raw": 30, "N_roi": 30, "N_inlier": 29, "refit": true}
{"timestamp": "17:49:47.638218", "frame": 79, "mu": [-1.1431078057318096, 1.3922594368879424, 0.9619000341768305], "Sigma": [[0.007350410009596876, 0.0024152271849389234, -0.015428060298448044], [0.0024152271849389234, 0.0019755021711399456, -0.0016174536729720598], [-0.015428060298448044, -0.0016174536729720592, 0.10071559006603019]], "chi2_level": 0.95, "chi2_df": 3, "chi2_threshold": 7.814727903251179, "N_raw": 29, "N_roi": 29, "N_inlier": 26, "refit": true}
{"timestamp": "17:49:47.698789", "frame": 80, "mu": [-1.1057734209892724, 1.5171851332952904, 1.170678809776172], "Sigma": [[0.010776191357229441, -0.00031775587716383047, -0.04227495344199314], [-0.00031775587716383047, 0.00341163508261786, -0.00164426097482341], [-0.04227495344199314, -0.00164426097482341, 0.3028195332512457]], "chi2_level": 0.95, "chi2_df": 3, "chi2_threshold": 7.814727903251179, "N_raw": 67, "N_roi": 67, "N_inlier": 62, "refit": true}
{"timestamp": "17:49:47.753704", "frame": 81, "mu": [-1.2740422588403102, 1.5505519140826336, -0.29156787149347657], "Sigma": [[0.06103825112720596, 0.07745220715569454, -0.142896474816197], [0.07745220715569454, 0.11504304027918194, -0.22164878398097065], [-0.142896474816197, -0.22164878398097065, 0.48845609999756373]], "chi2_level": 0.95, "chi2_df": 3, "chi2_threshold": 7.814727903251179, "N_raw": 66, "N_roi": 66, "N_inlier": 65, "refit": true}
{"timestamp": "17:49:47.808570", "frame": 82, "mu": [-1.3295035785578202, 1.4732762007723863, 1.5188546695037426], "Sigma": [[0.030350172808551908, 0.022679797694024784, -0.0747745724626894], [0.022679797694024784, 0.022797836981443786, -0.06980971614653012], [-0.07477457246268941, -0.06980971614653012, 0.42594573658405493]], "chi2_level": 0.95, "chi2_df": 3, "chi2_threshold": 7.814727903251179, "N_raw": 64, "N_roi": 64, "N_inlier": 62, "refit": true}
{"timestamp": "17:49:47.863570", "frame": 83, "mu": [-1.374125805654161, 1.62419683301381, -0.10217925053770589], "Sigma": [[0.026502246466904043, 0.03984548934618602, -0.05726404737248159], [0.03984548934618602, 0.09619039062491824, -0.1756909625843766], [-0.05726404737248159, -0.1756909625843766, 0.3715144474546543]], "chi2_level": 0.95, "chi2_df": 3, "chi2_threshold": 7.814727903251179, "N_raw": 59, "N_roi": 59, "N_inlier": 56, "refit": true}
{"timestamp": "17:49:47.914266", "frame": 84, "mu": [-1.2080057350028768, 1.608373466858651, 1.4536131094777969], "Sigma": [[0.005489435049621059, -0.0018997124813635983, 0.01062675902357569], [-0.0018997124813635983, 0.006537773175270527, -0.019875883328854378], [0.01062675902357569, -0.019875883328854378, 0.17578163750490255]], "chi2_level": 0.95, "chi2_df": 3, "chi2_threshold": 7.814727903251179, "N_raw": 39, "N_roi": 39, "N_inlier": 36, "refit": true}
{"timestamp": "17:49:47.971468", "frame": 85, "mu": [-1.3241207207084795, 1.6281493172154122, 0.05275461769425393], "Sigma": [[0.02999865188418358, 0.02163600691572446, -0.013648686423396885], [0.021636006915724468, 0.024913390958296908, -0.010490130744127517], [-0.013648686423396885, -0.010490130744127517, 0.006710132625121166]], "chi2_level": 0.95, "chi2_df": 3, "chi2_threshold": 7.814727903251179, "N_raw": 56, "N_roi": 56, "N_inlier": 50, "refit": true}
{"timestamp": "17:49:48.027239", "frame": 86, "mu": [-1.322917887043469, 1.6418612640939598, 1.6211788484044365], "Sigma": [[0.010148379658233139, -0.0010638280261850565, -0.004986119377499609], [-0.0010638280261850565, 0.003609824338444824, -0.003241471603795883], [-0.004986119377499609, -0.0032414716037958828, 0.019009482777668524]], "chi2_level": 0.95, "chi2_df": 3, "chi2_threshold": 7.814727903251179, "N_raw": 59, "N_roi": 59, "N_inlier": 52, "refit": true}
{"timestamp": "17:49:48.083208", "frame": 87, "mu": [-1.2753384276998647, 1.741023288363707, 1.5646923886791482], "Sigma": [[0.01084243311130656, -0.000872937497845555, -0.0038009705739408305], [-0.000872937497845555, 0.0057615983606587595, -0.0022453098581989633], [-0.003800970573940831, -0.0022453098581989637, 0.0038797053417444537]], "chi2_level": 0.95, "chi2_df": 3, "chi2_threshold": 7.814727903251179, "N_raw": 64, "N_roi": 64, "N_inlier": 61, "refit": true}
{"timestamp": "17:49:48.136449", "frame": 88, "mu": [-1.3204845637442277, 1.8430937346799516, -0.13719166363941038], "Sigma": [[0.007768290952406043, -0.0010924536791190665, 0.0075802021456570405], [-0.0010924536791190665, 0.008943221707474169, 0.011059341970865423], [0.007580202145657041, 0.011059341970865423, 0.04166720286926848]], "chi2_level": 0.95, "chi2_df": 3, "chi2_threshold": 7.814727903251179, "N_raw": 51, "N_roi": 51, "N_inlier": 47, "refit": true}
{"timestamp": "17:49:48.189739", "frame": 89, "mu": [-1.3110498165209155, 1.8227987783716326, 1.6140899198178782], "Sigma": [[0.007530610827717475, 0.001667142170483951, -0.008301169699869437], [0.001667142170483951, 0.004044208208965524, -0.004383421545274737], [-0.008301169699869437, -0.004383421545274737, 0.0262603991643114]], "chi2_level": 0.95, "chi2_df": 3, "chi2_threshold": 7.814727903251179, "N_raw": 44, "N_roi": 44, "N_inlier": 40, "refit": true}
{"timestamp": "17:49:48.243077", "frame": 90, "mu": [-1.4287388569737907, 1.8026993559869096, 1.3846314475492894], "Sigma": [[0.10275599799127463, 0.07664193705107859, -0.1538062935897778], [0.07664193705107859, 0.060283159877789455, -0.12400470747164191], [-0.15380629358977776, -0.12400470747164191, 0.3153306024955977]], "chi2_level": 0.95, "chi2_df": 3, "chi2_threshold": 7.814727903251179, "N_raw": 32, "N_roi": 32, "N_inlier": 30, "refit": true}
{"timestamp": "17:49:48.295358", "frame": 91, "mu": [-1.2720863177385981, 1.9811459487477552, 1.0848103155305513], "Sigma": [[0.014640318434522568, 0.007227633730774294, 0.04991092350625564], [0.007227633730774294, 0.007116847798626718, 0.01461672991432575], [0.04991092350625564, 0.01461672991432575, 0.2664377361592791]], "chi2_level": 0.95, "chi2_df": 3, "chi2_threshold": 7.814727903251179, "N_raw": 11, "N_roi": 11, "N_inlier": 10, "refit": true}
{"timestamp": "17:49:48.362800", "frame": 92, "mu": [-1.2724533828686373, 2.0520948278630233, 0.0388584094033989], "Sigma": [[0.012086688094647425, 0.00890855599785292, -0.016808691325329618], [0.00890855599785292, 0.02081828982520871, -0.02564357657182874], [-0.016808691325329618, -0.025643576571828735, 0.04279944800243236]], "chi2_level": 0.95, "chi2_df": 3, "chi2_threshold": 7.814727903251179, "N_raw": 94, "N_roi": 94, "N_inlier": 86, "refit": true}
{"timestamp": "17:49:48.415136", "frame": 93, "mu": [-1.2988702617473626, 2.042375820717088, 1.5366049548252938], "Sigma": [[0.009354632073744906, 0.002610678512686546, -0.011453499678314886], [0.002610678512686546, 0.007020584298466438, -0.011549273346757507], [-0.011453499678314886, -0.011549273346757507, 0.03918817113522564]], "chi2_level": 0.95, "chi2_df": 3, "chi2_threshold": 7.814727903251179, "N_raw": 74, "N_roi": 74, "N_inlier": 69, "refit": true}
{"timestamp": "17:49:48.474339", "frame": 94, "mu": [-1.3665178851338056, 2.0957533562056967, 1.2436563888201881], "Sigma": [[0.021228947693384615, -0.0044094635790287015, 0.03978897950889643], [-0.0044094635790287015, 0.0083911149797269, -0.028455497283751238], [0.03978897950889643, -0.028455497283751238, 0.1941483121640125]], "chi2_level": 0.95, "chi2_df": 3, "chi2_threshold": 7.814727903251179, "N_raw": 97, "N_roi": 97, "N_inlier": 93, "refit": true}
{"timestamp": "17:49:48.524265", "frame": 95, "mu": [-1.2600921279672073, 2.118631219750317, 1.4787300205908376], "Sigma": [[0.009752288874128755, 0.002625745078671287, -0.010475149752897225], [0.002625745078671287, 0.0070240273007324576, -0.009801166940445982], [-0.010475149752897225, -0.009801166940445982, 0.024207958132703787]], "chi2_level": 0.95, "chi2_df": 3, "chi2_threshold": 7.814727903251179, "N_raw": 70, "N_roi": 70, "N_inlier": 66, "refit": true}
{"timestamp": "17:49:48.577631", "frame": 96, "mu": [-1.324654782958517, 2.1384436333169785, 1.5788298721683258], "Sigma": [[0.010299940859475049, 0.003988698400660601, -0.011664686951921318], [0.003988698400660601, 0.007231108451690264, -0.008052260592308976], [-0.01166468695192132, -0.008052260592308976, 0.019839452620512118]], "chi2_level": 0.95, "chi2_df": 3, "chi2_threshold": 7.814727903251179, "N_raw": 60, "N_roi": 60, "N_inlier": 57, "refit": true}
{"timestamp": "17:49:48.631087", "frame": 97, "mu": [-1.3322453891144193, 2.182646958308474, 1.428333190477862], "Sigma": [[0.008105002573396634, 0.0022737880557248203, -0.006221415172877194], [0.0022737880557248203, 0.003860741263299973, -0.008355137877001744], [-0.006221415172877194, -0.008355137877001746, 0.021310229057813466]], "chi2_level": 0.95, "chi2_df": 3, "chi2_threshold": 7.814727903251179, "N_raw": 51, "N_roi": 51, "N_inlier": 49, "refit": true}
{"timestamp": "17:49:48.680086", "frame": 98, "mu": [-1.317929666987324, 2.1874604176736674, 1.0445603976494051], "Sigma": [[0.0028498039502142993, 0.0015003005600218462, 0.013086555428599699], [0.0015003005600218466, 0.015983979600327436, 0.06642359034916832], [0.013086555428599697, 0.06642359034916831, 0.4060578553848982]], "chi2_level": 0.95, "chi2_df": 3, "chi2_threshold": 7.814727903251179, "N_raw": 12, "N_roi": 11, "N_inlier": 11, "refit": true}
{"timestamp": "17:49:48.743630", "frame": 99, "mu": [-1.3255574313800187, 2.3094523950746972, 1.5059034532137048], "Sigma": [[0.01087403652546816, 0.003644760489599867, -0.007444940056273733], [0.003644760489599867, 0.00697172667708061, -0.010867803596921046], [-0.007444940056273733, -0.010867803596921046, 0.022559846817130996]], "chi2_level": 0.95, "chi2_df": 3, "chi2_threshold": 7.814727903251179, "N_raw": 68, "N_roi": 68, "N_inlier": 66, "refit": true}
{"timestamp": "17:49:48.893875", "frame": 100, "mu": [-1.3035569852988145, 2.343047232742984, 1.2476900507634132], "Sigma": [[0.005723527446962809, 0.00015414157672819217, 0.008905930753775748], [0.00015414157672819233, 0.0037084252639634037, -0.009753940301707842], [0.008905930753775746, -0.009753940301707842, 0.11609342381242041]], "chi2_level": 0.95, "chi2_df": 3, "chi2_threshold": 7.814727903251179, "N_raw": 41, "N_roi": 41, "N_inlier": 38, "refit": true}
{"timestamp": "17:49:48.940372", "frame": 101, "mu": [-1.3993339147299735, 2.606031065746521, -0.3320617147083035], "Sigma": [[0.016154956445648242, -0.013083149756256634, 0.04631986824839407], [-0.013083149756256634, 0.03260475337568215, -0.09352458873605039], [0.04631986824839407, -0.09352458873605039, 0.3390299959849089]], "chi2_level": 0.95, "chi2_df": 3, "chi2_threshold": 7.814727903251179, "N_raw": 61, "N_roi": 61, "N_inlier": 60, "refit": true}
{"timestamp": "17:49:48.971789", "frame": 102, "mu": [-1.373049968143952, 2.4751114951783526, 1.1506856219820154], "Sigma": [[0.01129539692467107, 0.0006049762724669504, 0.005912809737629549], [0.0006049762724669504, 0.006660458576652512, -0.023756213815200978], [0.005912809737629553, -0.023756213815200974, 0.40896951006083576]], "chi2_level": 0.95, "chi2_df": 3, "chi2_threshold": 7.814727903251179, "N_raw": 107, "N_roi": 107, "N_inlier": 105, "refit": true}
{"timestamp": "17:49:49.001883", "frame": 103, "mu": [-1.4743375016419042, 2.544230409858508, 1.0235377211623278], "Sigma": [[0.009768603998410957, -0.0012329701710301758, 0.0038169772247967715], [-0.0012329701710301756, 0.005353193119858492, -0.02275612086541048], [0.003816977224796772, -0.022756120865410477, 0.1849073499898265]], "chi2_level": 0.95, "chi2_df": 3, "chi2_threshold": 7.814727903251179, "N_raw": 64, "N_roi": 64, "N_inlier": 62, "refit": true}
{"timestamp": "17:49:49.032899", "frame": 104, "mu": [-1.3960931190869452, 2.5494193348847856, 1.3672133705522367], "Sigma": [[0.010732837156105813, -0.0019446539961656259, 0.01136095400432012], [-0.0019446539961656267, 0.011349344137162197, -0.03594877649390657], [0.01136095400432012, -0.03594877649390657, 0.17864892791837486]], "chi2_level": 0.95, "chi2_df": 3, "chi2_threshold": 7.814727903251179, "N_raw": 67, "N_roi": 67, "N_inlier": 65, "refit": true}
