{"timestamp": "18:44:16.599357", "frame": 24, "mu": [-2.3350068750599053, 1.0687024277549038, 1.0782554433578146], "Sigma": [[0.005417970253333226, 0.007192198616209357, -0.004147119293811927], [0.007192198616209358, 0.01393751961389395, -0.008052843011975591], [-0.004147119293811927, -0.008052843011975591, 0.006501650210682]], "chi2_level": 0.95, "chi2_df": 3, "chi2_threshold": 7.814727903251179, "N_raw": 21, "N_roi": 21, "N_inlier": 21, "refit": true}
{"timestamp": "18:44:16.653928", "frame": 25, "mu": [-2.3565356752011475, 1.213193748436668, 1.1689348690333299], "Sigma": [[0.004388168906483127, 0.0038742128505310537, -0.0026160795304881563], [0.0038742128505310533, 0.005392072526747944, -0.004704817994373437], [-0.0026160795304881563, -0.004704817994373437, 0.007097963374779162]], "chi2_level": 0.95, "chi2_df": 3, "chi2_threshold": 7.814727903251179, "N_raw": 18, "N_roi": 17, "N_inlier": 17, "refit": true}
{"timestamp": "18:44:16.710224", "frame": 26, "mu": [-2.322753321399474, 1.0391749723426713, 1.0939631744147267], "Sigma": [[0.0060130286161632915, 0.006540907055777252, -0.00507568207837235], [0.006540907055777252, 0.012915249986166642, -0.007521080795243614], [-0.00507568207837235, -0.0075210807952436134, 0.006192144606535984]], "chi2_level": 0.95, "chi2_df": 3, "chi2_threshold": 7.814727903251179, "N_raw": 24, "N_roi": 22, "N_inlier": 22, "refit": true}
{"timestamp": "18:44:16.766056", "frame": 27, "mu": [-2.3178568735018255, 1.0442843500045784, 0.9465167369026126], "Sigma": [[0.005475890286166469, 0.009086570809526628, 0.007191130224877627], [0.009086570809526628, 0.016281717898157105, 0.013597835171435676], [0.007191130224877627, 0.013597835171435674, 0.027708879103818404]], "chi2_level": 0.95, "chi2_df": 3, "chi2_threshold": 7.814727903251179, "N_raw": 29, "N_roi": 20, "N_inlier": 19, "refit": true}
{"timestamp": "18:44:16.823527", "frame": 28, "mu": [-2.3641180025251094, 1.1433020371373521, 1.0856196918700844], "Sigma": [[0.00684876858877873, 0.007360637156462709, -0.0016871419603109866], [0.007360637156462711, 0.013797655403504396, -0.010383631096025333], [-0.0016871419603109864, -0.010383631096025334, 0.015123197330923108]], "chi2_level": 0.95, "chi2_df": 3, "chi2_threshold": 7.814727903251179, "N_raw": 53, "N_roi": 45, "N_inlier": 42, "refit": true}
{"timestamp": "18:44:16.879516", "frame": 29, "mu": [-2.340404994927594, 1.1219542622540977, 1.043338825233535], "Sigma": [[0.009187153674058141, 0.008924836910206832, -0.0017464506280941928], [0.00892483691020683, 0.011328281684773468, -0.006067893514273133], [-0.0017464506280941928, -0.006067893514273132, 0.026466140638957657]], "chi2_level": 0.95, "chi2_df": 3, "chi2_threshold": 7.814727903251179, "N_raw": 55, "N_roi": 48, "N_inlier": 47, "refit": true}
{"timestamp": "18:44:16.934594", "frame": 30, "mu": [-2.3240260868979745, 1.0204041324687971, 0.9186581682654059], "Sigma": [[0.008446776279872548, 0.008670416365277333, -0.0029806369369250138], [0.008670416365277333, 0.013927131276057337, -0.007305875625831853], [-0.0029806369369250133, -0.007305875625831853, 0.00682058090877305]], "chi2_level": 0.95, "chi2_df": 3, "chi2_threshold": 7.814727903251179, "N_raw": 40, "N_roi": 35, "N_inlier": 35, "refit": true}
{"timestamp": "18:44:16.992504", "frame": 31, "mu": [-2.277180702802303, 1.0898190854230578, 0.9633154381005785], "Sigma": [[0.012628794509532743, 0.010024878048385723, -0.002383375703916348], [0.010024878048385723, 0.015375367445911834, -0.007362020688742264], [-0.002383375703916348, -0.007362020688742264, 0.008837213763934525]], "chi2_level": 0.95, "chi2_df": 3, "chi2_threshold": 7.814727903251179, "N_raw": 56, "N_roi": 55, "N_inlier": 53, "refit": true}
{"timestamp": "18:44:17.041915", "frame": 32, "mu": [-2.236962816785188, 1.2876840042527276, 1.154159998067662], "Sigma": [[0.003932069535672419, 0.0026323105726223147, -0.0035893114982765957], [0.0026323105726223147, 0.008333134161501169, -0.004471035104382522], [-0.0035893114982765957, -0.004471035104382522, 0.004822732182361117]], "chi2_level": 0.95, "chi2_df": 3, "chi2_threshold": 7.814727903251179, "N_raw": 22, "N_roi": 22, "N_inlier": 22, "refit": true}
{"timestamp": "18:44:17.095426", "frame": 33, "mu": [-2.161603831054455, 1.2779656748017645, 1.239223465474575], "Sigma": [[0.00259435192090473, 0.0015125051707661104, -0.002031202658316404], [0.0015125051707661102, 0.002317244127861199, -0.0022209024925638576], [-0.0020312026583164046, -0.0022209024925638576, 0.002893632095462297]], "chi2_level": 0.95, "chi2_df": 3, "chi2_threshold": 7.814727903251179, "N_raw": 13, "N_roi": 13, "N_inlier": 12, "refit": true}
{"timestamp": "18:44:17.153063", "frame": 34, "mu": [-2.1381948922297904, 1.3001733248385452, 1.1240623725956291], "Sigma": [[0.008515166220179905, 0.002737794705733918, -0.0011635889815851392], [0.0027377947057339188, 0.004520379922332263, -0.0037267116096031516], [-0.0011635889815851392, -0.0037267116096031507, 0.004393229465028129]], "chi2_level": 0.95, "chi2_df": 3, "chi2_threshold": 7.814727903251179, "N_raw": 29, "N_roi": 29, "N_inlier": 29, "refit": true}
{"timestamp": "18:44:17.207588", "frame": 35, "mu": [-2.196935530798509, 1.456673705040409, 1.3835643517245029], "Sigma": [[0.005139290270353969, 0.0047013996235001874, -0.005549516401060649], [0.0047013996235001874, 0.005185947827639828, -0.00823909855959426], [-0.005549516401060649, -0.00823909855959426, 0.025366408070760495]], "chi2_level": 0.95, "chi2_df": 3, "chi2_threshold": 7.814727903251179, "N_raw": 28, "N_roi": 28, "N_inlier": 25, "refit": true}
{"timestamp": "18:44:17.261288", "frame": 36, "mu": [-2.1284853700201256, 1.467138571338059, 1.0985300852663522], "Sigma": [[0.0074755995034687, 0.006087871305561482, -0.006181048417787993], [0.006087871305561482, 0.006116023637910995, -0.006104150290947683], [-0.006181048417787993, -0.0061041502909476835, 0.006969641492921656]], "chi2_level": 0.95, "chi2_df": 3, "chi2_threshold": 7.814727903251179, "N_raw": 16, "N_roi": 16, "N_inlier": 15, "refit": true}
{"timestamp": "18:44:17.317240", "frame": 37, "mu": [-2.085186408751736, 1.5644323970215062, 1.3371076730611622], "Sigma": [[0.01064793223409641, 0.0062298714394750845, -0.008381628284251229], [0.0062298714394750845, 0.007833564080873592, -0.0077313873492033105], [-0.008381628284251229, -0.00773138734920331, 0.01045860487050171]], "chi2_level": 0.95, "chi2_df": 3, "chi2_threshold": 7.814727903251179, "N_raw": 23, "N_roi": 23, "N_inlier": 21, "refit": true}
{"timestamp": "18:44:17.374219", "frame": 38, "mu": [-2.0886930354201465, 1.5008528133819565, 1.3178682900027527], "Sigma": [[0.013292445890446323, 0.008546336529815289, -0.010073726407383412], [0.00854633652981529, 0.01102417698610745, -0.012740570200896138], [-0.01007372640738341, -0.01274057020089614, 0.02196389523435642]], "chi2_level": 0.95, "chi2_df": 3, "chi2_threshold": 7.814727903251179, "N_raw": 39, "N_roi": 39, "N_inlier": 38, "refit": true}
{"timestamp": "18:44:17.426008", "frame": 39, "mu": [-2.013978539778111, 1.6360766601997525, 1.5887551763151715], "Sigma": [[0.03570197148745006, 0.014918339512663501, -0.04698549958970266], [0.014918339512663501, 0.017662793054316873, -0.012185837522114058], [-0.04698549958970266, -0.012185837522114055, 0.07569090436781048]], "chi2_level": 0.95, "chi2_df": 3, "chi2_threshold": 7.814727903251179, "N_raw": 12, "N_roi": 12, "N_inlier": 12, "refit": true}
{"timestamp": "18:44:17.483901", "frame": 40, "mu": [-2.0059339914489516, 1.630747447651645, 1.6430925159581502], "Sigma": [[0.01207348204112039, 0.00860947269658186, -0.013774896270044624], [0.008609472696581858, 0.016098640766726024, -0.009033620232424482], [-0.013774896270044624, -0.009033620232424482, 0.022265838188574583]], "chi2_level": 0.95, "chi2_df": 3, "chi2_threshold": 7.814727903251179, "N_raw": 34, "N_roi": 34, "N_inlier": 31, "refit": true}
{"timestamp": "18:44:17.547237", "frame": 41, "mu": [-1.9490176327594857, 1.7203620513324083, 1.7055797407023279], "Sigma": [[0.033625131530515356, 0.01668171370586237, -0.03378770398730092], [0.01668171370586237, 0.01561371359041002, -0.017099647023935537], [-0.03378770398730091, -0.017099647023935537, 0.04776702170428768]], "chi2_level": 0.95, "chi2_df": 3, "chi2_threshold": 7.814727903251179, "N_raw": 83, "N_roi": 83, "N_inlier": 80, "refit": true}
{"timestamp": "18:44:17.600237", "frame": 42, "mu": [-1.8660281154026312, 1.8143699235535127, -0.07452099046806092], "Sigma": [[0.03345364356123877, 0.025375516282978107, 0.002671899539120463], [0.025375516282978107, 0.02608939406653101, 0.009344473251808698], [0.002671899539120463, 0.009344473251808696, 0.028958564838672478]], "chi2_level": 0.95, "chi2_df": 3, "chi2_threshold": 7.814727903251179, "N_raw": 70, "N_roi": 70, "N_inlier": 68, "refit": true}
{"timestamp": "18:44:17.653716", "frame": 43, "mu": [-1.865970900503227, 1.8888424288433379, -0.06974666828621127], "Sigma": [[0.04221079148244457, 0.03251201843688549, 0.014408811053474097], [0.03251201843688549, 0.02954545340008334, 0.013492059061479537], [0.014408811053474097, 0.013492059061479537, 0.025530796864766336]], "chi2_level": 0.95, "chi2_df": 3, "chi2_threshold": 7.814727903251179, "N_raw": 69, "N_roi": 69, "N_inlier": 67, "refit": true}
{"timestamp": "18:44:17.703820", "frame": 44, "mu": [-1.708890458794902, 2.101939204437325, 1.5321559523337076], "Sigma": [[0.008577636422216277, 0.0040174905798900686, -0.010913159324334534], [0.0040174905798900686, 0.0031353761425937095, -0.008065589637069135], [-0.010913159324334534, -0.008065589637069137, 0.030217148652061647]], "chi2_level": 0.95, "chi2_df": 3, "chi2_threshold": 7.814727903251179, "N_raw": 32, "N_roi": 32, "N_inlier": 27, "refit": true}
{"timestamp": "18:44:17.759260", "frame": 45, "mu": [-1.6022056154246518, 2.1296985453421566, 1.5681304448846407], "Sigma": [[0.008857002019964016, 0.0037805917718687202, -0.006480720804028748], [0.0037805917718687207, 0.003993219901510455, -0.0039590206415319445], [-0.006480720804028748, -0.0039590206415319445, 0.12993915718503432]], "chi2_level": 0.95, "chi2_df": 3, "chi2_threshold": 7.814727903251179, "N_raw": 35, "N_roi": 33, "N_inlier": 29, "refit": true}
{"timestamp": "18:44:17.811045", "frame": 46, "mu": [-1.490143676434173, 2.213637793601147, 1.0428361742776326], "Sigma": [[0.0009040992263739039, -0.0013494795326325565, 0.0016645767751317713], [-0.0013494795326325563, 0.0035121732485695408, -0.00887227680476559], [0.0016645767751317713, -0.00887227680476559, 0.5009306652060835]], "chi2_level": 0.95, "chi2_df": 3, "chi2_threshold": 7.814727903251179, "N_raw": 9, "N_roi": 9, "N_inlier": 8, "refit": true}
{"timestamp": "18:44:17.871079", "frame": 47, "mu": [-1.431953179929253, 2.2654122459658677, 1.3295682711672074], "Sigma": [[0.01082937030457191, 0.0033965300287923253, -0.03135680504512438], [0.0033965300287923253, 0.01070981586916683, -0.03485798879603528], [-0.03135680504512437, -0.03485798879603528, 0.1853545285232319]], "chi2_level": 0.95, "chi2_df": 3, "chi2_threshold": 7.814727903251179, "N_raw": 48, "N_roi": 45, "N_inlier": 43, "refit": true}
{"timestamp": "18:44:17.921172", "frame": 48, "mu": [-1.3162168453026557, 2.5531639937244592, -0.6474990838115207], "Sigma": [[0.004166016222291147, 0.011449169135776469, -0.010947040092724092], [0.011449169135776469, 0.10416049028069505, -0.0965073071652997], [-0.010947040092724094, -0.0965073071652997, 0.12961880844603466]], "chi2_level": 0.95, "chi2_df": 3, "chi2_threshold": 7.814727903251179, "N_raw": 10, "N_roi": 8, "N_inlier": 8, "refit": true}
{"timestamp": "18:44:17.982914", "frame": 49, "mu": [-1.2746168023693911, 2.311341137486714, 1.2836592904890054], "Sigma": [[0.014113192073345746, -0.0010267816845312137, -0.01865859079407234], [-0.0010267816845312139, 0.0044710245548420435, -0.0013984029586660276], [-0.01865859079407234, -0.0013984029586660276, 0.027402678549224645]], "chi2_level": 0.95, "chi2_df": 3, "chi2_threshold": 7.814727903251179, "N_raw": 59, "N_roi": 59, "N_inlier": 56, "refit": true}
{"timestamp": "18:44:18.035474", "frame": 50, "mu": [-1.2685136943698363, 2.4099124294963827, 1.495652206613162], "Sigma": [[0.00889162724922008, 0.00028697408662096117, -0.015041783118465952], [0.00028697408662096117, 0.006747328460474989, 0.007120815991245194], [-0.015041783118465952, 0.007120815991245194, 0.036938005126667395]], "chi2_level": 0.95, "chi2_df": 3, "chi2_threshold": 7.814727903251179, "N_raw": 40, "N_roi": 40, "N_inlier": 37, "refit": true}
{"timestamp": "18:44:18.094785", "frame": 51, "mu": [-1.2794407149717595, 2.466622069753792, 1.124214953325272], "Sigma": [[0.03247244914135437, -0.0029609106522684144, 0.046007895210421534], [-0.0029609106522684144, 0.0038934496657289782, -0.002403797526753098], [0.046007895210421534, -0.002403797526753098, 0.19726143990484132]], "chi2_level": 0.95, "chi2_df": 3, "chi2_threshold": 7.814727903251179, "N_raw": 70, "N_roi": 70, "N_inlier": 69, "refit": true}
{"timestamp": "18:44:18.147674", "frame": 52, "mu": [-1.1619771906468463, 2.544283430175538, 1.243282454985001], "Sigma": [[0.021748404541182823, -0.0020998778860158007, 0.03160523323368401], [-0.0020998778860158002, 0.003979494595464937, -6.1718516101972026e-06], [0.03160523323368401, -6.171851610197094e-06, 0.21990036361096707]], "chi2_level": 0.95, "chi2_df": 3, "chi2_threshold": 7.814727903251179, "N_raw": 56, "N_roi": 55, "N_inlier": 55, "refit": true}
{"timestamp": "18:44:18.202768", "frame": 53, "mu": [-1.0652878801900827, 2.6047850746604775, 1.200441767246537], "Sigma": [[0.01592094163364923, -0.001993216224680812, 0.02541115539974815], [-0.0019932162246808125, 0.0023306035242780863, -0.011369165225350673], [0.02541115539974815, -0.011369165225350673, 0.15512181076669118]], "chi2_level": 0.95, "chi2_df": 3, "chi2_threshold": 7.814727903251179, "N_raw": 49, "N_roi": 49, "N_inlier": 47, "refit": true}
{"timestamp": "18:44:18.259603", "frame": 54, "mu": [-1.024434088349757, 2.69530252513531, 1.0816232556975662], "Sigma": [[0.0195032260963243, -0.004595683271751435, 0.02293444932879559], [-0.004595683271751435, 0.004292204681103609, -0.021401268676575363], [0.02293444932879559, -0.021401268676575363, 0.1285595264438302]], "chi2_level": 0.95, "chi2_df": 3, "chi2_threshold": 7.814727903251179, "N_raw": 70, "N_roi": 70, "N_inlier": 68, "refit": true}
{"timestamp": "18:44:18.311284", "frame": 55, "mu": [-0.9263644281049035, 2.708457221941571, 1.379029229950405], "Sigma": [[0.0076138895659248985, -0.0004595378485762638, -0.007965431427868845], [-0.00045953784857626393, 0.002567454576074024, -0.00405217550396399], [-0.007965431427868845, -0.00405217550396399, 0.02423230444364517]], "chi2_level": 0.95, "chi2_df": 3, "chi2_threshold": 7.814727903251179, "N_raw": 45, "N_roi": 43, "N_inlier": 41, "refit": true}
{"timestamp": "18:44:18.362925", "frame": 56, "mu": [-0.8456096621093081, 2.7814899755635754, 0.9980585081516059], "Sigma": [[0.003403402338833166, -0.00034706398392068196, 0.004176284221039707], [-0.000347063983920682, 0.004442898612747979, -0.021321898033805887], [0.004176284221039706, -0.021321898033805887, 0.14748583209373514]], "chi2_level": 0.95, "chi2_df": 3, "chi2_threshold": 7.814727903251179, "N_raw": 18, "N_roi": 18, "N_inlier": 16, "refit": true}
{"timestamp": "18:44:18.423494", "frame": 57, "mu": [-0.8418950701517252, 2.84754426604752, 1.4153344995725803], "Sigma": [[0.012343487512098598, -0.000202692254811689, -0.003887739310335597], [-0.00020269225481168895, 0.004248490409253677, -0.0074178377493850315], [-0.003887739310335597, -0.0074178377493850315, 0.018902610048591572]], "chi2_level": 0.95, "chi2_df": 3, "chi2_threshold": 7.814727903251179, "N_raw": 69, "N_roi": 69, "N_inlier": 64, "refit": true}
{"timestamp": "18:44:18.481191", "frame": 58, "mu": [-0.7924786918775262, 2.9279999227507956, 0.23897251969015543], "Sigma": [[0.013207726224444603, 0.0017588996052114259, -0.0064061794099797955], [0.0017588996052114256, 0.008298557542368206, -0.00444131748284456], [-0.006406179409979795, -0.00444131748284456, 0.005738687255601419]], "chi2_level": 0.95, "chi2_df": 3, "chi2_threshold": 7.814727903251179, "N_raw": 76, "N_roi": 72, "N_inlier": 66, "refit": true}
{"timestamp": "18:44:18.539886", "frame": 59, "mu": [-0.7890967301833233, 3.0014247355919457, 1.2145215863495806], "Sigma": [[0.018375922168650416, -0.0022951471371341022, -0.008901403917728102], [-0.0022951471371341027, 0.00734194531512631, -0.02006892217349824], [-0.008901403917728102, -0.02006892217349824, 0.11853947803436735]], "chi2_level": 0.95, "chi2_df": 3, "chi2_threshold": 7.814727903251179, "N_raw": 100, "N_roi": 100, "N_inlier": 94, "refit": true}
{"timestamp": "18:44:18.600840", "frame": 60, "mu": [-0.7670785161021164, 3.1121976392876163, 1.0407910584217581], "Sigma": [[0.028718713736709523, -0.007913645428456595, -0.011138716476361527], [-0.007913645428456595, 0.010928771353738397, -0.02968179297630248], [-0.011138716476361527, -0.02968179297630248, 0.30365008640104646]], "chi2_level": 0.95, "chi2_df": 3, "chi2_threshold": 7.814727903251179, "N_raw": 138, "N_roi": 136, "N_inlier": 135, "refit": true}
{"timestamp": "18:44:18.647408", "frame": 61, "mu": [-0.6588920996847777, 3.3628449479765377, -0.1993749519915996], "Sigma": [[0.0176331794380378, 0.008203323433702616, -0.02375513224697058], [0.008203323433702617, 0.04587303878166035, -0.12294296678172698], [-0.02375513224697058, -0.12294296678172695, 0.36267906940810996]], "chi2_level": 0.95, "chi2_df": 3, "chi2_threshold": 7.814727903251179, "N_raw": 81, "N_roi": 79, "N_inlier": 77, "refit": true}
{"timestamp": "18:44:18.692653", "frame": 62, "mu": [-0.6335896297623702, 3.215358453017475, 1.0705992858219233], "Sigma": [[0.005217296965109499, -0.004554129560476545, 0.0118030402143808], [-0.004554129560476545, 0.012040377217255647, -0.046299658765767034], [0.0118030402143808, -0.04629965876576704, 0.3189688777546751]], "chi2_level": 0.95, "chi2_df": 3, "chi2_threshold": 7.814727903251179, "N_raw": 17, "N_roi": 14, "N_inlier": 14, "refit": true}
{"timestamp": "18:44:18.748635", "frame": 63, "mu": [-0.5146983131226897, 3.330404587102014, 0.29189472200499234], "Sigma": [[0.014554043655951495, 0.0004197954227630357, -0.0006460956568483601], [0.0004197954227630357, 0.0024852675045116583, -0.017576908950933806], [-0.0006460956568483589, -0.017576908950933806, 0.23109255718162447]], "chi2_level": 0.95, "chi2_df": 3, "chi2_threshold": 7.814727903251179, "N_raw": 35, "N_roi": 34, "N_inlier": 32, "refit": true}
{"timestamp": "18:44:18.806140", "frame": 64, "mu": [-0.4519197471846576, 3.266897929354888, 1.4300878177455871], "Sigma": [[0.011152143117417298, 0.0002722428814315706, -0.01449147599420136], [0.00027224288143157065, 0.0028641226455122805, -0.010555235275904911], [-0.01449147599420136, -0.010555235275904913, 0.08664621973451575]], "chi2_level": 0.95, "chi2_df": 3, "chi2_threshold": 7.814727903251179, "N_raw": 47, "N_roi": 44, "N_inlier": 41, "refit": true}
{"timestamp": "18:44:18.856384", "frame": 65, "mu": [-0.4099527140116808, 3.4271949313991814, 0.6833034086913385], "Sigma": [[0.002302171712118244, -0.002480470517004109, 0.011657961148604784], [-0.002480470517004109, 0.01231254709177033, -0.05216445437194232], [0.011657961148604783, -0.052164454371942316, 0.34520488504138486]], "chi2_level": 0.95, "chi2_df": 3, "chi2_threshold": 7.814727903251179, "N_raw": 13, "N_roi": 13, "N_inlier": 12, "refit": true}
{"timestamp": "18:44:18.918039", "frame": 66, "mu": [-0.2956422117569425, 3.3653932899951364, 1.378340159004331], "Sigma": [[0.020758380303643083, -0.005248814520553077, -0.018317929783310684], [-0.005248814520553077, 0.006808107815565445, 0.006158407671152929], [-0.018317929783310684, 0.006158407671152928, 0.01944678588790709]], "chi2_level": 0.95, "chi2_df": 3, "chi2_threshold": 7.814727903251179, "N_raw": 60, "N_roi": 59, "N_inlier": 53, "refit": true}
{"timestamp": "18:44:18.976384", "frame": 67, "mu": [-0.2998969335399983, 3.506573154977223, 0.1384943693433284], "Sigma": [[0.03683646978322617, -0.024658262021514256, 0.056929287535572234], [-0.024658262021514256, 0.036599122634339766, -0.06302745768708123], [0.056929287535572234, -0.06302745768708123, 0.20056015857799073]], "chi2_level": 0.95, "chi2_df": 3, "chi2_threshold": 7.814727903251179, "N_raw": 79, "N_roi": 78, "N_inlier": 75, "refit": true}
{"timestamp": "18:44:19.027145", "frame": 68, "mu": [-0.3988172586219481, 3.553625587787926, 0.9740880656222239], "Sigma": [[0.033356416025105945, -0.005780754720319713, 0.03380010566864387], [-0.005780754720319713, 0.004807713343384157, -0.012784733538077643], [0.03380010566864387, -0.012784733538077643, 0.07107176117441139]], "chi2_level": 0.95, "chi2_df": 3, "chi2_threshold": 7.814727903251179, "N_raw": 47, "N_roi": 45, "N_inlier": 43, "refit": true}
{"timestamp": "18:44:19.082495", "frame": 69, "mu": [-0.29485121852403656, 3.5138925583750216, 1.044788122562039], "Sigma": [[0.03789009078619915, -0.001395841175408942, 0.08600801104901803], [-0.001395841175408942, 0.002917278582345158, -0.011396063468502804], [0.08600801104901803, -0.011396063468502804, 0.3109793582307618]], "chi2_level": 0.95, "chi2_df": 3, "chi2_threshold": 7.814727903251179, "N_raw": 59, "N_roi": 59, "N_inlier": 57, "refit": true}
{"timestamp": "18:44:19.133906", "frame": 70, "mu": [-0.06111069261625003, 3.574642794153224, 1.5495176404269173], "Sigma": [[0.012390357629978187, -0.0011170748148666139, -0.005919800483860043], [-0.0011170748148666134, 0.0035209118842334064, 0.0009775216930365262], [-0.005919800483860044, 0.0009775216930365262, 0.004456333502088354]], "chi2_level": 0.95, "chi2_df": 3, "chi2_threshold": 7.814727903251179, "N_raw": 38, "N_roi": 36, "N_inlier": 35, "refit": true}
{"timestamp": "18:44:19.190785", "frame": 71, "mu": [-0.04672246004176095, 3.688821265332676, 1.7160251793937205], "Sigma": [[0.01400762361058106, -0.0015307693252660669, -0.010394876466341782], [-0.0015307693252660669, 0.0037979665227002345, -0.002759468070827242], [-0.010394876466341782, -0.002759468070827242, 0.017095587821139662]], "chi2_level": 0.95, "chi2_df": 3, "chi2_threshold": 7.814727903251179, "N_raw": 46, "N_roi": 46, "N_inlier": 41, "refit": true}
{"timestamp": "18:44:19.245699", "frame": 72, "mu": [0.032604161754079604, 3.7464061879639177, 0.2335830083072289], "Sigma": [[0.012914028916636532, -0.004013966348365004, 0.04527658602253791], [-0.004013966348365004, 0.008610757049946164, -0.03364590313402219], [0.04527658602253791, -0.03364590313402219, 0.2682717451632297]], "chi2_level": 0.95, "chi2_df": 3, "chi2_threshold": 7.814727903251179, "N_raw": 41, "N_roi": 39, "N_inlier": 38, "refit": true}
{"timestamp": "18:44:19.297295", "frame": 73, "mu": [0.07607768259623578, 3.798996888604553, 1.5220689495640305], "Sigma": [[0.010914628367052913, -0.0009498047002667427, -0.00586068697354821], [-0.0009498047002667427, 0.0022220502763586458, 9.106589942689243e-05], [-0.00586068697354821, 9.106589942689243e-05, 0.005228510185388847]], "chi2_level": 0.95, "chi2_df": 3, "chi2_threshold": 7.814727903251179, "N_raw": 26, "N_roi": 26, "N_inlier": 23, "refit": true}
{"timestamp": "18:44:19.353583", "frame": 74, "mu": [0.09962736852045155, 3.8988332155421235, 1.52188513416516], "Sigma": [[0.00543118201190249, 0.000559187842101634, -0.009415855059085296], [0.000559187842101634, 0.0027528018501498277, -0.01637654909888612], [-0.009415855059085296, -0.016376549098886122, 0.17177383018384693]], "chi2_level": 0.95, "chi2_df": 3, "chi2_threshold": 7.814727903251179, "N_raw": 27, "N_roi": 27, "N_inlier": 25, "refit": true}
{"timestamp": "18:44:19.410917", "frame": 75, "mu": [0.14133430568170557, 3.90762802626109, 1.5157970740336337], "Sigma": [[0.01830239700063447, -0.0013157626509587809, -0.01880268344407684], [-0.0013157626509587809, 0.0031197301109092373, -0.0066654554166685346], [-0.01880268344407684, -0.0066654554166685346, 0.04915159982841026]], "chi2_level": 0.95, "chi2_df": 3, "chi2_threshold": 7.814727903251179, "N_raw": 53, "N_roi": 53, "N_inlier": 49, "refit": true}
{"timestamp": "18:44:19.466560", "frame": 76, "mu": [0.09575179296712995, 4.033004614434293, 1.4727125728002723], "Sigma": [[0.0143853610479459, -0.003962291074156597, -0.006233966893506689], [-0.003962291074156597, 0.004455980873358599, -0.0057085435005938615], [-0.00623396689350669, -0.005708543500593863, 0.02463870690852705]], "chi2_level": 0.95, "chi2_df": 3, "chi2_threshold": 7.814727903251179, "N_raw": 45, "N_roi": 45, "N_inlier": 43, "refit": true}
{"timestamp": "18:44:19.522830", "frame": 77, "mu": [0.1728357008309324, 3.9950264507536724, 1.034548885551437], "Sigma": [[0.024172936054108675, -0.00789172276155356, -0.014805615201069617], [-0.007891722761553558, 0.006386814637427734, 0.01749359297955243], [-0.014805615201069615, 0.01749359297955243, 0.13620622343125224]], "chi2_level": 0.95, "chi2_df": 3, "chi2_threshold": 7.814727903251179, "N_raw": 58, "N_roi": 55, "N_inlier": 54, "refit": true}
{"timestamp": "18:44:19.574707", "frame": 78, "mu": [0.17284705203998524, 3.993608511417951, 0.8782086342707082], "Sigma": [[0.01511839532740517, -0.001715817431939598, -0.003405730274742106], [-0.0017158174319395977, 0.016088112055941146, 0.056865829127397016], [-0.003405730274742104, 0.056865829127397016, 0.2818313134133563]], "chi2_level": 0.95, "chi2_df": 3, "chi2_threshold": 7.814727903251179, "N_raw": 39, "N_roi": 37, "N_inlier": 36, "refit": true}
{"timestamp": "18:44:19.740135", "frame": 81, "mu": [0.3923173051466461, 4.262043394799885, 1.6471834929600198], "Sigma": [[0.017511398322548027, -0.0013266033200120863, -0.0074078570070018465], [-0.0013266033200120867, 0.002871735949532181, -0.002613049015722903], [-0.007407857007001847, -0.002613049015722903, 0.009627519463621293]], "chi2_level": 0.95, "chi2_df": 3, "chi2_threshold": 7.814727903251179, "N_raw": 40, "N_roi": 37, "N_inlier": 35, "refit": true}
{"timestamp": "18:44:19.794382", "frame": 82, "mu": [0.4406238307555305, 4.327505335202355, 1.662868643325261], "Sigma": [[0.014366293776700961, -0.0011374761193153461, -0.010393619763349495], [-0.0011374761193153457, 0.0032328383680395156, -0.003701924955919861], [-0.010393619763349495, -0.003701924955919861, 0.017434265176942708]], "chi2_level": 0.95, "chi2_df": 3, "chi2_threshold": 7.814727903251179, "N_raw": 38, "N_roi": 36, "N_inlier": 32, "refit": true}
{"timestamp": "18:44:19.849764", "frame": 83, "mu": [0.48416794914362954, 4.4447568734358915, 1.3319113850004893], "Sigma": [[0.013029518263380044, 0.0007350881789860041, -0.024075898436964824], [0.000735088178986004, 0.006552006223672472, -0.021425014070938393], [-0.024075898436964824, -0.021425014070938393, 0.1452722214319144]], "chi2_level": 0.95, "chi2_df": 3, "chi2_threshold": 7.814727903251179, "N_raw": 35, "N_roi": 35, "N_inlier": 34, "refit": true}
{"timestamp": "18:44:19.901251", "frame": 84, "mu": [0.5803041514372613, 4.486573280947617, 1.1767159278779513], "Sigma": [[0.005960461223777197, 0.007641868283712294, -0.03547680841651638], [0.007641868283712293, 0.012767852900004139, -0.036926572705916746], [-0.03547680841651638, -0.036926572705916746, 0.25560197679213287]], "chi2_level": 0.95, "chi2_df": 3, "chi2_threshold": 7.814727903251179, "N_raw": 11, "N_roi": 11, "N_inlier": 10, "refit": true}
{"timestamp": "18:44:19.958066", "frame": 85, "mu": [0.5427733396848639, 4.3905810379355685, 0.7645037346860036], "Sigma": [[0.007509385837748266, 0.0010035019952276997, -0.004697429539816761], [0.0010035019952276997, 0.008643605324941205, -0.01598891786118701], [-0.004697429539816761, -0.01598891786118701, 0.035316108327907623]], "chi2_level": 0.95, "chi2_df": 3, "chi2_threshold": 7.814727903251179, "N_raw": 29, "N_roi": 27, "N_inlier": 24, "refit": true}
{"timestamp": "18:44:20.013409", "frame": 86, "mu": [0.6009989898394792, 4.538005604960871, 0.9402215867089873], "Sigma": [[0.009814834216385815, -0.0012845307685080284, -0.003108819766223029], [-0.0012845307685080284, 0.000603018523472748, -0.00023343101905127725], [-0.003108819766223029, -0.00023343101905127736, 0.05903465326985999]], "chi2_level": 0.95, "chi2_df": 3, "chi2_threshold": 7.814727903251179, "N_raw": 24, "N_roi": 19, "N_inlier": 18, "refit": true}
{"timestamp": "18:44:20.070845", "frame": 87, "mu": [0.6221530386708133, 4.544937298542211, 0.9675648488275712], "Sigma": [[0.02280234852642618, -0.0014410830173789328, 0.014944399288226863], [-0.001441083017378933, 0.000969113353906432, -0.0015371173204545706], [0.014944399288226863, -0.0015371173204545706, 0.11376635888500292]], "chi2_level": 0.95, "chi2_df": 3, "chi2_threshold": 7.814727903251179, "N_raw": 47, "N_roi": 45, "N_inlier": 44, "refit": true}
{"timestamp": "18:44:20.124663", "frame": 88, "mu": [0.7701826856619138, 4.555776080955825, 1.6619009650704037], "Sigma": [[0.016047006689783032, -0.0038765820255521107, -0.0016455247664050275], [-0.0038765820255521103, 0.0033245292314813325, 0.00044565157420135794], [-0.0016455247664050275, 0.0004456515742013578, 0.00330481027513516]], "chi2_level": 0.95, "chi2_df": 3, "chi2_threshold": 7.814727903251179, "N_raw": 34, "N_roi": 28, "N_inlier": 26, "refit": true}
