{"timestamp": "18:55:57.308184", "frame": 18, "mu": [0.6581095114063397, 4.962050055944438, 1.0387491950692227], "Sigma": [[0.02973517195266183, -0.0013411274302132423, -0.017438688571096282], [-0.0013411274302132423, 0.0008370748743498161, 0.00013416229721513283], [-0.017438688571096282, 0.00013416229721513275, 0.015444666237475093]], "chi2_level": 0.95, "chi2_df": 3, "chi2_threshold": 7.814727903251179, "N_raw": 46, "N_roi": 23, "N_inlier": 22, "refit": true}
{"timestamp": "18:55:57.362387", "frame": 19, "mu": [0.616297117804208, 4.955922426687829, 1.0946687358576637], "Sigma": [[0.013974181273079889, -0.0021282039038550164, -0.014677716201063078], [-0.002128203903855016, 0.0009123941816674047, 0.001747131129094759], [-0.014677716201063078, 0.0017471311290947586, 0.024530199151620975]], "chi2_level": 0.95, "chi2_df": 3, "chi2_threshold": 7.814727903251179, "N_raw": 24, "N_roi": 15, "N_inlier": 15, "refit": true}
{"timestamp": "18:55:57.422096", "frame": 20, "mu": [0.6401410642013973, 4.919091682409238, 1.2391589043824096], "Sigma": [[0.032658712736220605, -0.0017420513515342645, -0.01303380599904803], [-0.0017420513515342645, 0.00214597370821394, -0.00022659669067855737], [-0.01303380599904803, -0.00022659669067855737, 0.008975448116820195]], "chi2_level": 0.95, "chi2_df": 3, "chi2_threshold": 7.814727903251179, "N_raw": 61, "N_roi": 32, "N_inlier": 32, "refit": true}
{"timestamp": "18:55:57.475048", "frame": 21, "mu": [0.5960959254616074, 4.866578624733297, 1.0284149960769104], "Sigma": [[0.028572110249910507, -0.006611460706145302, -0.021541389460140354], [-0.006611460706145302, 0.0024939061589295437, 0.001218812288649118], [-0.021541389460140354, 0.0012188122886491184, 0.05500105218510257]], "chi2_level": 0.95, "chi2_df": 3, "chi2_threshold": 7.814727903251179, "N_raw": 45, "N_roi": 41, "N_inlier": 40, "refit": true}
{"timestamp": "18:55:57.530318", "frame": 22, "mu": [0.6450490853094099, 4.860850253442571, 1.0937419417619911], "Sigma": [[0.02817859000675131, -0.004993049219712529, -0.016983119764908332], [-0.004993049219712529, 0.002531596683667414, -0.00012278666713986023], [-0.01698311976490833, -0.00012278666713986, 0.02308249507211884]], "chi2_level": 0.95, "chi2_df": 3, "chi2_threshold": 7.814727903251179, "N_raw": 42, "N_roi": 38, "N_inlier": 37, "refit": true}
{"timestamp": "18:55:57.585417", "frame": 23, "mu": [0.6286353267829289, 4.796915838286769, 0.8139411211705845], "Sigma": [[0.039285853026496204, -0.011430254373729585, -0.046588909124830796], [-0.011430254373729585, 0.003922155407571012, 0.011549652491098905], [-0.046588909124830796, 0.011549652491098903, 0.08224886949731938]], "chi2_level": 0.95, "chi2_df": 3, "chi2_threshold": 7.814727903251179, "N_raw": 46, "N_roi": 43, "N_inlier": 41, "refit": true}
{"timestamp": "18:55:57.641243", "frame": 24, "mu": [0.6714427055663597, 4.745147094893472, 0.9038537771921702], "Sigma": [[0.026111927287524893, -0.010501812110348879, -0.033645959009922004], [-0.010501812110348879, 0.005001025101023601, 0.018169229114812384], [-0.033645959009922004, 0.018169229114812384, 0.14247069771489818]], "chi2_level": 0.95, "chi2_df": 3, "chi2_threshold": 7.814727903251179, "N_raw": 43, "N_roi": 38, "N_inlier": 37, "refit": true}
{"timestamp": "18:55:57.699026", "frame": 25, "mu": [0.6521079161198619, 4.8277557154217, 0.2687512605622893], "Sigma": [[0.04032329027279172, -0.0016716950512393588, -0.0350072272425186], [-0.0016716950512393588, 0.005990496762485439, -0.0039324600436584905], [-0.03500722724251859, -0.00393246004365849, 0.037385731037646475]], "chi2_level": 0.95, "chi2_df": 3, "chi2_threshold": 7.814727903251179, "N_raw": 64, "N_roi": 59, "N_inlier": 58, "refit": true}
{"timestamp": "18:55:57.752577", "frame": 26, "mu": [0.6974843039230871, 4.697156926185986, 1.1040836818806379], "Sigma": [[0.03454144786101938, -0.004445723047769764, -0.007889410935343774], [-0.004445723047769764, 0.004471342431168903, -0.0028586601742733673], [-0.007889410935343776, -0.0028586601742733673, 0.009025175733497608]], "chi2_level": 0.95, "chi2_df": 3, "chi2_threshold": 7.814727903251179, "N_raw": 57, "N_roi": 56, "N_inlier": 56, "refit": true}
{"timestamp": "18:55:57.807147", "frame": 27, "mu": [0.6450211019343587, 4.625212610706204, 1.0228481805522323], "Sigma": [[0.03216713422193346, -0.008828208360192998, -0.011449976398333287], [-0.008828208360192998, 0.005953540445654201, 0.000613581098054912], [-0.011449976398333285, 0.0006135810980549123, 0.008279722481038606]], "chi2_level": 0.95, "chi2_df": 3, "chi2_threshold": 7.814727903251179, "N_raw": 53, "N_roi": 52, "N_inlier": 51, "refit": true}
{"timestamp": "18:55:57.859566", "frame": 28, "mu": [0.6720428163348181, 4.549628936778831, 0.9276560537179283], "Sigma": [[0.024600562357046205, 0.0004991460556017216, -9.05076034815052e-06], [0.0004991460556017214, 0.0030921861532786856, -0.0007289285517450292], [-9.05076034815052e-06, -0.0007289285517450292, 0.00017337477220174914]], "chi2_level": 0.95, "chi2_df": 3, "chi2_threshold": 7.814727903251179, "N_raw": 39, "N_roi": 39, "N_inlier": 37, "refit": true}
{"timestamp": "18:55:57.917909", "frame": 29, "mu": [0.6511485552798296, 4.485686010037423, 0.9061865693974467], "Sigma": [[0.03404329556815801, 0.0019729083886225263, -0.006207797872393631], [0.0019729083886225267, 0.0050176960058810815, -0.0007765060803245391], [-0.006207797872393631, -0.0007765060803245391, 0.00526768321844889]], "chi2_level": 0.95, "chi2_df": 3, "chi2_threshold": 7.814727903251179, "N_raw": 57, "N_roi": 57, "N_inlier": 53, "refit": true}
{"timestamp": "18:55:57.971679", "frame": 30, "mu": [0.6120195898063474, 4.52302300876012, 1.1228020889096508], "Sigma": [[0.028037021820099196, -0.00035977770713204545, -0.006444456453214082], [-0.0003597777071320454, 0.004740847380866327, -0.0003497504936247964], [-0.00644445645321408, -0.0003497504936247965, 0.003928067522540512]], "chi2_level": 0.95, "chi2_df": 3, "chi2_threshold": 7.814727903251179, "N_raw": 51, "N_roi": 51, "N_inlier": 49, "refit": true}
{"timestamp": "18:55:58.023509", "frame": 31, "mu": [0.5606611847670457, 4.491211536964953, 1.1444679907311355], "Sigma": [[0.018518047877572198, -0.004367471799669696, -0.023028835709691033], [-0.004367471799669696, 0.0021618068024644123, 0.0023384614546416997], [-0.023028835709691036, 0.0023384614546416997, 0.05003819098420263]], "chi2_level": 0.95, "chi2_df": 3, "chi2_threshold": 7.814727903251179, "N_raw": 34, "N_roi": 34, "N_inlier": 32, "refit": true}
{"timestamp": "18:55:58.083714", "frame": 32, "mu": [0.6513954890285651, 4.417163703802968, 1.0998058231732042], "Sigma": [[0.03483654164366694, -0.009697442496175528, -0.04799737238497657], [-0.00969744249617553, 0.005707635012091382, 0.007612477994104224], [-0.04799737238497656, 0.0076124779941042255, 0.09671628554353746]], "chi2_level": 0.95, "chi2_df": 3, "chi2_threshold": 7.814727903251179, "N_raw": 67, "N_roi": 66, "N_inlier": 64, "refit": true}
{"timestamp": "18:55:58.138640", "frame": 33, "mu": [0.7056229517911642, 4.378118210576073, 1.0349018391658533], "Sigma": [[0.028431028706304016, -0.004941468010898126, -0.03297837754549075], [-0.004941468010898127, 0.004971247544207614, 0.0026667076319902704], [-0.03297837754549075, 0.0026667076319902704, 0.04591499648862607]], "chi2_level": 0.95, "chi2_df": 3, "chi2_threshold": 7.814727903251179, "N_raw": 65, "N_roi": 57, "N_inlier": 54, "refit": true}
{"timestamp": "18:55:58.194982", "frame": 34, "mu": [0.6598206096427113, 4.456096528917105, 0.189377637283802], "Sigma": [[0.029166604522377022, 0.0031379606698399773, -0.02268236307650351], [0.003137960669839978, 0.008125513199002269, -0.004925586611927737], [-0.02268236307650351, -0.004925586611927737, 0.021221567933916156]], "chi2_level": 0.95, "chi2_df": 3, "chi2_threshold": 7.814727903251179, "N_raw": 73, "N_roi": 72, "N_inlier": 65, "refit": true}
{"timestamp": "18:55:58.249962", "frame": 35, "mu": [0.6859518005483399, 4.426272277434183, 0.05639379827138271], "Sigma": [[0.0333019386481753, 0.0003051310226041493, -0.0322034607342291], [0.00030513102260414944, 0.007284467942800303, -0.007897575872619222], [-0.0322034607342291, -0.007897575872619222, 0.042886834466104445]], "chi2_level": 0.95, "chi2_df": 3, "chi2_threshold": 7.814727903251179, "N_raw": 71, "N_roi": 71, "N_inlier": 69, "refit": true}
{"timestamp": "18:55:58.301511", "frame": 36, "mu": [0.6249289264860008, 4.257940013221335, 0.9361061676303555], "Sigma": [[0.03350167247470787, -0.004076924652792161, -0.03228449352553926], [-0.0040769246527921615, 0.0023718802366727663, 0.000864556319850732], [-0.03228449352553926, 0.0008645563198507318, 0.04645808535843797]], "chi2_level": 0.95, "chi2_df": 3, "chi2_threshold": 7.814727903251179, "N_raw": 50, "N_roi": 50, "N_inlier": 48, "refit": true}
{"timestamp": "18:55:58.359092", "frame": 37, "mu": [0.6617817198532997, 4.182814103600136, 1.0022077264567368], "Sigma": [[0.03423317765298746, -0.006659332935205273, -0.02176303485629635], [-0.006659332935205273, 0.005525403468453114, -0.0008001887657937171], [-0.02176303485629635, -0.0008001887657937171, 0.025631104239936926]], "chi2_level": 0.95, "chi2_df": 3, "chi2_threshold": 7.814727903251179, "N_raw": 71, "N_roi": 71, "N_inlier": 70, "refit": true}
{"timestamp": "18:55:58.412769", "frame": 38, "mu": [0.7191399084520409, 4.153683054234411, 0.9412547987313011], "Sigma": [[0.029362907733304917, -0.004247749288278061, -0.023096960371483906], [-0.004247749288278061, 0.0025098806423883993, -0.0022671877997116315], [-0.023096960371483906, -0.0022671877997116315, 0.040082772403267346]], "chi2_level": 0.95, "chi2_df": 3, "chi2_threshold": 7.814727903251179, "N_raw": 60, "N_roi": 60, "N_inlier": 59, "refit": true}
{"timestamp": "18:55:58.463193", "frame": 39, "mu": [0.7617352689395278, 4.032910997158023, 1.0412780326450901], "Sigma": [[0.014102688937865494, -0.0013042593940374707, -0.00685987048635473], [-0.0013042593940374707, 0.001766987454714485, -0.0022185080510627466], [-0.00685987048635473, -0.0022185080510627466, 0.010738189308121713]], "chi2_level": 0.95, "chi2_df": 3, "chi2_threshold": 7.814727903251179, "N_raw": 25, "N_roi": 25, "N_inlier": 24, "refit": true}
{"timestamp": "18:55:58.522752", "frame": 40, "mu": [0.6869519201620071, 4.047706076002379, -0.8334980302321149], "Sigma": [[0.02858974340752711, 0.001895667898344077, 0.030605694267842626], [0.0018956678983440766, 0.004926783003381496, 0.010458922709806107], [0.030605694267842626, 0.010458922709806105, 0.1274813475831448]], "chi2_level": 0.95, "chi2_df": 3, "chi2_threshold": 7.814727903251179, "N_raw": 58, "N_roi": 58, "N_inlier": 57, "refit": true}
{"timestamp": "18:55:58.578578", "frame": 41, "mu": [0.6573124328785018, 3.9852085528203443, 0.9800541759575234], "Sigma": [[0.027084683404878664, -0.0025529464750104454, -0.009255996634845063], [-0.0025529464750104454, 0.004805166603724802, -0.0029973573575938772], [-0.009255996634845064, -0.0029973573575938772, 0.010126381901635449]], "chi2_level": 0.95, "chi2_df": 3, "chi2_threshold": 7.814727903251179, "N_raw": 66, "N_roi": 66, "N_inlier": 64, "refit": true}
{"timestamp": "18:55:58.632878", "frame": 42, "mu": [0.6952860179007305, 3.946949671176981, 0.9845511593144197], "Sigma": [[0.02513864210422769, -0.006988780523444263, -0.018063150106106252], [-0.006988780523444263, 0.004197539857669138, 0.0005035276751373715], [-0.018063150106106252, 0.0005035276751373715, 0.027530328641382548]], "chi2_level": 0.95, "chi2_df": 3, "chi2_threshold": 7.814727903251179, "N_raw": 58, "N_roi": 58, "N_inlier": 55, "refit": true}
{"timestamp": "18:55:58.688083", "frame": 43, "mu": [0.6540205038792494, 3.940435734386636, 1.2178950690659593], "Sigma": [[0.025703728833485727, -0.007570550838167113, -0.02322691762308113], [-0.007570550838167113, 0.006909854124366863, 0.005413883443174377], [-0.02322691762308113, 0.005413883443174378, 0.026324932169666526]], "chi2_level": 0.95, "chi2_df": 3, "chi2_threshold": 7.814727903251179, "N_raw": 59, "N_roi": 58, "N_inlier": 57, "refit": true}
{"timestamp": "18:55:58.744696", "frame": 44, "mu": [0.6740930810865646, 3.9743163539192117, 0.23127995146320585], "Sigma": [[0.025260858437776645, -0.002523915280667556, -0.014348420277954067], [-0.002523915280667556, 0.009027880287574971, -0.0016990984129283187], [-0.014348420277954067, -0.001699098412928319, 0.01087750496321705]], "chi2_level": 0.95, "chi2_df": 3, "chi2_threshold": 7.814727903251179, "N_raw": 75, "N_roi": 75, "N_inlier": 70, "refit": true}
{"timestamp": "18:55:58.801416", "frame": 45, "mu": [0.7702049636005885, 3.768191970295632, 0.9143910326502812], "Sigma": [[0.027022912793832864, -0.0016381456079059636, -0.004933917616008894], [-0.0016381456079059636, 0.0027792317444463033, -0.007376969540745303], [-0.0049339176160088935, -0.007376969540745303, 0.03925044398501132]], "chi2_level": 0.95, "chi2_df": 3, "chi2_threshold": 7.814727903251179, "N_raw": 77, "N_roi": 77, "N_inlier": 74, "refit": true}
{"timestamp": "18:55:58.854822", "frame": 46, "mu": [0.7014894262917717, 3.809170617182348, -0.43131972294953363], "Sigma": [[0.02328681751740988, 0.0040217838647712886, 0.046143728098791], [0.0040217838647712886, 0.0062528337005127955, 0.004967014666389052], [0.046143728098791, 0.004967014666389052, 0.20676701039551384]], "chi2_level": 0.95, "chi2_df": 3, "chi2_threshold": 7.814727903251179, "N_raw": 66, "N_roi": 66, "N_inlier": 65, "refit": true}
{"timestamp": "18:55:58.910620", "frame": 47, "mu": [0.7611816991551371, 3.6891145574032196, 0.9354714202845751], "Sigma": [[0.026342987243149773, -0.005310409267533705, -0.018007645475145724], [-0.005310409267533705, 0.005000022400810081, -0.0007965336933338199], [-0.018007645475145724, -0.0007965336933338199, 0.020280583104107852]], "chi2_level": 0.95, "chi2_df": 3, "chi2_threshold": 7.814727903251179, "N_raw": 70, "N_roi": 70, "N_inlier": 67, "refit": true}
{"timestamp": "18:55:58.961020", "frame": 48, "mu": [0.676472449621736, 3.8104125104296003, -0.08658583410084188], "Sigma": [[0.022631213774085834, -0.00036826014189914654, -0.008654577375783335], [-0.0003682601418991467, 0.003937886349201918, -0.0012248170998644396], [-0.008654577375783333, -0.0012248170998644396, 0.006392561057785926]], "chi2_level": 0.95, "chi2_df": 3, "chi2_threshold": 7.814727903251179, "N_raw": 48, "N_roi": 48, "N_inlier": 46, "refit": true}
{"timestamp": "18:55:59.017479", "frame": 49, "mu": [0.7755518060574266, 3.582646104581733, 0.926921274862707], "Sigma": [[0.031057517022458635, -0.003857557741718105, -0.014850275675180023], [-0.003857557741718105, 0.003949965610531087, 0.0013229139223376494], [-0.014850275675180023, 0.0013229139223376492, 0.008775579946603636]], "chi2_level": 0.95, "chi2_df": 3, "chi2_threshold": 7.814727903251179, "N_raw": 56, "N_roi": 56, "N_inlier": 55, "refit": true}
{"timestamp": "18:55:59.072437", "frame": 50, "mu": [0.7925208125637102, 3.5525952948078983, 0.853513548441442], "Sigma": [[0.026064093201031677, -0.0015111746221565215, -0.0013030113733802908], [-0.0015111746221565217, 0.004844552726778401, -0.0006046681451345542], [-0.0013030113733802908, -0.0006046681451345542, 0.0008119694787207156]], "chi2_level": 0.95, "chi2_df": 3, "chi2_threshold": 7.814727903251179, "N_raw": 59, "N_roi": 59, "N_inlier": 58, "refit": true}
{"timestamp": "18:55:59.136797", "frame": 51, "mu": [0.7616850680358325, 3.5074984883998788, 1.0751720419687212], "Sigma": [[0.03693602701617559, -0.0034988367545104285, -0.04047544687426309], [-0.0034988367545104285, 0.005328008344096039, -0.0014720810434497526], [-0.04047544687426309, -0.0014720810434497526, 0.05658402409925993]], "chi2_level": 0.95, "chi2_df": 3, "chi2_threshold": 7.814727903251179, "N_raw": 90, "N_roi": 90, "N_inlier": 88, "refit": true}
{"timestamp": "18:55:59.186487", "frame": 52, "mu": [0.7641807468276626, 3.42042860528078, 0.8330304845167282], "Sigma": [[0.0414918226065081, -0.0016529303692121215, -0.02057542273420388], [-0.001652930369212122, 0.004434632745503841, -0.0009956689022106923], [-0.020575422734203885, -0.0009956689022106923, 0.013700388009312716]], "chi2_level": 0.95, "chi2_df": 3, "chi2_threshold": 7.814727903251179, "N_raw": 81, "N_roi": 81, "N_inlier": 76, "refit": true}
{"timestamp": "18:55:59.238780", "frame": 53, "mu": [0.7650537954148362, 3.423689949057985, 1.0208089655316621], "Sigma": [[0.02126211915088476, -0.0027509832836836614, -0.018245271801485587], [-0.0027509832836836614, 0.0033912067595228126, -0.0023776216789497505], [-0.018245271801485587, -0.0023776216789497505, 0.027359845011673614]], "chi2_level": 0.95, "chi2_df": 3, "chi2_threshold": 7.814727903251179, "N_raw": 60, "N_roi": 60, "N_inlier": 57, "refit": true}
{"timestamp": "18:55:59.292840", "frame": 54, "mu": [0.7087529614440508, 3.3781689469555576, 1.106868731624852], "Sigma": [[0.027087425575910047, -0.0025747346695127447, -0.013589888433450038], [-0.0025747346695127447, 0.0046691517656330395, 0.004060523721562948], [-0.013589888433450038, 0.004060523721562949, 0.018239088131997414]], "chi2_level": 0.95, "chi2_df": 3, "chi2_threshold": 7.814727903251179, "N_raw": 55, "N_roi": 55, "N_inlier": 52, "refit": true}
{"timestamp": "18:55:59.352654", "frame": 55, "mu": [0.6111955401324073, 3.366332862871344, 1.1339539789136686], "Sigma": [[0.037308181768623855, -0.0017522097301393828, -0.03404593893442141], [-0.001752209730139383, 0.0073315270851285344, -0.0007697161522357846], [-0.03404593893442141, -0.0007697161522357848, 0.03759833739664961]], "chi2_level": 0.95, "chi2_df": 3, "chi2_threshold": 7.814727903251179, "N_raw": 85, "N_roi": 85, "N_inlier": 83, "refit": true}
{"timestamp": "18:55:59.403355", "frame": 56, "mu": [0.6604618022833493, 3.2648487203826955, 0.8983759850655203], "Sigma": [[0.022385961064680097, -0.00018329986183753747, -0.0028895106055732934], [-0.00018329986183753758, 0.004166880742041971, -0.000138237298545787], [-0.0028895106055732934, -0.00013823729854578712, 0.004663840493914772]], "chi2_level": 0.95, "chi2_df": 3, "chi2_threshold": 7.814727903251179, "N_raw": 56, "N_roi": 56, "N_inlier": 55, "refit": true}
{"timestamp": "18:55:59.457560", "frame": 57, "mu": [0.7017842629947447, 3.259128701241929, 0.8882982142318682], "Sigma": [[0.03725999101884836, 0.0008862862606236676, -0.030190966190024135], [0.0008862862606236677, 0.002728243371722441, -0.0041336053758394276], [-0.030190966190024135, -0.0041336053758394276, 0.033565201896182305]], "chi2_level": 0.95, "chi2_df": 3, "chi2_threshold": 7.814727903251179, "N_raw": 55, "N_roi": 55, "N_inlier": 51, "refit": true}
{"timestamp": "18:55:59.518196", "frame": 58, "mu": [0.7036187047766452, 3.1845329067926995, 0.854786377586772], "Sigma": [[0.03909692020637881, 0.004284591294463695, -0.010559694647714746], [0.0042845912944636955, 0.003547454308131514, -0.006084983442966609], [-0.010559694647714746, -0.006084983442966608, 0.01905113486984218]], "chi2_level": 0.95, "chi2_df": 3, "chi2_threshold": 7.814727903251179, "N_raw": 96, "N_roi": 96, "N_inlier": 95, "refit": true}
{"timestamp": "18:55:59.575754", "frame": 59, "mu": [0.7630789540003357, 3.1222028477544015, 0.9322081513445407], "Sigma": [[0.04490981632619814, -0.005238938006063774, -0.028210260577969923], [-0.005238938006063774, 0.00390970663514035, -0.0020183119782461348], [-0.028210260577969923, -0.0020183119782461343, 0.03382780717882125]], "chi2_level": 0.95, "chi2_df": 3, "chi2_threshold": 7.814727903251179, "N_raw": 107, "N_roi": 107, "N_inlier": 101, "refit": true}
{"timestamp": "18:55:59.623492", "frame": 60, "mu": [0.7251229947566267, 3.1007233545479633, 1.0071622198276882], "Sigma": [[0.03199537639434892, -0.0021618206432338478, -0.020915651614051498], [-0.0021618206432338478, 0.0042300121355019265, -0.0027249082130552365], [-0.020915651614051498, -0.0027249082130552365, 0.01913954999976364]], "chi2_level": 0.95, "chi2_df": 3, "chi2_threshold": 7.814727903251179, "N_raw": 56, "N_roi": 53, "N_inlier": 51, "refit": true}
{"timestamp": "18:55:59.678446", "frame": 61, "mu": [0.7973653940711984, 3.0442431901775984, 1.003121098581011], "Sigma": [[0.017138018398389507, -0.004048363394814252, -0.005382590821176448], [-0.004048363394814252, 0.008187627731803076, 0.0010955950123851894], [-0.005382590821176448, 0.0010955950123851894, 0.0038075864050362293]], "chi2_level": 0.95, "chi2_df": 3, "chi2_threshold": 7.814727903251179, "N_raw": 66, "N_roi": 66, "N_inlier": 64, "refit": true}
{"timestamp": "18:55:59.734870", "frame": 62, "mu": [0.7792275441654288, 3.0285601364427417, 1.1777786355842246], "Sigma": [[0.020525971041777204, -0.0023267137446081696, -0.027394374938737833], [-0.0023267137446081696, 0.0025007931692978234, -0.0009013039839851275], [-0.027394374938737833, -0.0009013039839851276, 0.05685347782168958]], "chi2_level": 0.95, "chi2_df": 3, "chi2_threshold": 7.814727903251179, "N_raw": 64, "N_roi": 64, "N_inlier": 61, "refit": true}
{"timestamp": "18:55:59.790434", "frame": 63, "mu": [0.6492202590714129, 2.9638283150185205, 1.1081620650201327], "Sigma": [[0.015347192842317297, -0.00545012357422643, -0.0028953696844279332], [-0.00545012357422643, 0.0054181110479571025, -0.004408626202875712], [-0.0028953696844279332, -0.004408626202875712, 0.015336894738611781]], "chi2_level": 0.95, "chi2_df": 3, "chi2_threshold": 7.814727903251179, "N_raw": 71, "N_roi": 71, "N_inlier": 66, "refit": true}
{"timestamp": "18:55:59.850181", "frame": 64, "mu": [0.7680686189370253, 2.915152156469251, 0.9805270936220192], "Sigma": [[0.04798656829926916, -0.0028819113530144363, -0.011062147960846326], [-0.0028819113530144363, 0.003648301340263742, -0.0035071421939073593], [-0.011062147960846327, -0.0035071421939073593, 0.01465254672629052]], "chi2_level": 0.95, "chi2_df": 3, "chi2_threshold": 7.814727903251179, "N_raw": 103, "N_roi": 103, "N_inlier": 98, "refit": true}
{"timestamp": "18:55:59.900591", "frame": 65, "mu": [0.6275072920590743, 2.9298619077536747, 1.219400091637638], "Sigma": [[0.018107119315994045, -0.006696639998854001, -0.002545636642947942], [-0.006696639998854, 0.006653157346365607, -0.005161082703544231], [-0.002545636642947942, -0.005161082703544231, 0.017025641582756296]], "chi2_level": 0.95, "chi2_df": 3, "chi2_threshold": 7.814727903251179, "N_raw": 80, "N_roi": 80, "N_inlier": 75, "refit": true}
{"timestamp": "18:55:59.952342", "frame": 66, "mu": [0.7215498940922395, 2.877528788696195, 1.259715245650738], "Sigma": [[0.013185164840745753, -0.0009866752403910868, -0.0027039562105101505], [-0.0009866752403910868, 0.0031378627222287177, -0.0036259888217264353], [-0.0027039562105101505, -0.0036259888217264353, 0.006481337606789408]], "chi2_level": 0.95, "chi2_df": 3, "chi2_threshold": 7.814727903251179, "N_raw": 55, "N_roi": 55, "N_inlier": 52, "refit": true}
{"timestamp": "18:56:00.008378", "frame": 67, "mu": [0.7512309637042974, 2.7902334635114054, 0.9750703676003047], "Sigma": [[0.02128387397571964, -0.003290158460595026, 0.002845426778477039], [-0.003290158460595027, 0.0022377964216698755, -0.004172362543928165], [0.0028454267784770388, -0.004172362543928165, 0.01151605011429426]], "chi2_level": 0.95, "chi2_df": 3, "chi2_threshold": 7.814727903251179, "N_raw": 68, "N_roi": 68, "N_inlier": 65, "refit": true}
{"timestamp": "18:56:00.064862", "frame": 68, "mu": [0.6441692744462456, 2.7708429723685657, 1.0744402364338468], "Sigma": [[0.022706358488707834, -0.0053664563827015765, 0.017373463985793064], [-0.005366456382701576, 0.0029297767216426842, -0.00692290241366895], [0.017373463985793064, -0.0069229024136689505, 0.031378102506006436]], "chi2_level": 0.95, "chi2_df": 3, "chi2_threshold": 7.814727903251179, "N_raw": 68, "N_roi": 68, "N_inlier": 64, "refit": true}
{"timestamp": "18:56:00.123399", "frame": 69, "mu": [0.7347679934515703, 2.7072149453197047, 0.965302002908529], "Sigma": [[0.02666013043165498, -0.003628460592915471, -0.008871176828255086], [-0.0036284605929154706, 0.0018714835162012644, -0.006174389746358653], [-0.008871176828255086, -0.006174389746358653, 0.06663695854036895]], "chi2_level": 0.95, "chi2_df": 3, "chi2_threshold": 7.814727903251179, "N_raw": 102, "N_roi": 102, "N_inlier": 100, "refit": true}
{"timestamp": "18:56:00.178555", "frame": 70, "mu": [0.77662821223627, 2.645177883662141, 0.9437868037418885], "Sigma": [[0.021218398184515628, -0.0035205916212865404, 0.0036623023124215137], [-0.003520591621286541, 0.003138020013920073, -0.00775031787658034], [0.0036623023124215137, -0.007750317876580339, 0.02750956154518992]], "chi2_level": 0.95, "chi2_df": 3, "chi2_threshold": 7.814727903251179, "N_raw": 93, "N_roi": 93, "N_inlier": 92, "refit": true}
{"timestamp": "18:56:00.233555", "frame": 71, "mu": [0.7816554560571074, 2.548844988864944, 0.9213635346437152], "Sigma": [[0.0177568521472179, -0.0036240937102855926, -0.0016421780313538928], [-0.0036240937102855926, 0.0030056853832960656, -0.006205202500311588], [-0.001642178031353893, -0.006205202500311587, 0.03160129820607685]], "chi2_level": 0.95, "chi2_df": 3, "chi2_threshold": 7.814727903251179, "N_raw": 95, "N_roi": 95, "N_inlier": 89, "refit": true}
{"timestamp": "18:56:00.280256", "frame": 72, "mu": [0.9340880617552778, 2.4840134070868403, 0.9032071144241478], "Sigma": [[0.006547967891401034, -0.0034701371498018765, -0.004972260409614802], [-0.0034701371498018765, 0.005464282669584657, -0.004909089257099817], [-0.004972260409614802, -0.004909089257099817, 0.027418739198808266]], "chi2_level": 0.95, "chi2_df": 3, "chi2_threshold": 7.814727903251179, "N_raw": 34, "N_roi": 34, "N_inlier": 33, "refit": true}
{"timestamp": "18:56:00.331014", "frame": 73, "mu": [0.8128733427663306, 2.486504437509766, 0.6541800166697657], "Sigma": [[0.006400344775718553, -0.0009439064619920649, 0.02248952914616667], [-0.000943906461992065, 0.003634241383940124, -0.01198456592608725], [0.02248952914616667, -0.011984565926087251, 0.1861957596418728]], "chi2_level": 0.95, "chi2_df": 3, "chi2_threshold": 7.814727903251179, "N_raw": 7, "N_roi": 7, "N_inlier": 7, "refit": true}
{"timestamp": "18:56:00.392586", "frame": 74, "mu": [0.7920185419622974, 2.4286251215927646, 1.1387153715228648], "Sigma": [[0.012954225133759567, -0.002638921541946715, -0.00543291364849743], [-0.002638921541946715, 0.0016536056546710336, -0.002406419751883288], [-0.00543291364849743, -0.002406419751883288, 0.03228818412060727]], "chi2_level": 0.95, "chi2_df": 3, "chi2_threshold": 7.814727903251179, "N_raw": 64, "N_roi": 64, "N_inlier": 58, "refit": true}
{"timestamp": "18:56:00.451484", "frame": 75, "mu": [0.7304244567758933, 2.439793732499106, 1.0706749549912549], "Sigma": [[0.014540576241206625, -0.003619112738831506, 0.006121594026451595], [-0.0036191127388315062, 0.0029972364491830618, -0.006550271730686402], [0.006121594026451595, -0.006550271730686403, 0.02639798083892424]], "chi2_level": 0.95, "chi2_df": 3, "chi2_threshold": 7.814727903251179, "N_raw": 77, "N_roi": 77, "N_inlier": 72, "refit": true}
{"timestamp": "18:56:00.506280", "frame": 76, "mu": [0.7345170941663389, 2.3669278257486064, 1.0586319471216907], "Sigma": [[0.0157856417325198, -0.0022666599988679743, 0.0014170639862831841], [-0.0022666599988679743, 0.00249035369675657, -0.0055591551260589095], [0.0014170639862831843, -0.0055591551260589095, 0.017213526749264015]], "chi2_level": 0.95, "chi2_df": 3, "chi2_threshold": 7.814727903251179, "N_raw": 81, "N_roi": 81, "N_inlier": 76, "refit": true}
{"timestamp": "18:56:00.564728", "frame": 77, "mu": [0.7294842512646987, 2.2817798139756014, 0.92464537670923], "Sigma": [[0.024916958056490416, -0.0014669269959807164, -0.012074210284570718], [-0.0014669269959807164, 0.0019226574142481854, -0.0024510503109044976], [-0.012074210284570718, -0.002451050310904497, 0.039557885026874975]], "chi2_level": 0.95, "chi2_df": 3, "chi2_threshold": 7.814727903251179, "N_raw": 95, "N_roi": 95, "N_inlier": 90, "refit": true}
{"timestamp": "18:56:00.619088", "frame": 78, "mu": [0.6704385344851442, 2.2447200586296345, 1.0241814718582003], "Sigma": [[0.02106629977486107, 0.003142634569664519, 0.007085090097794976], [0.0031426345696645187, 0.004010709717689524, -0.0012644990212025556], [0.007085090097794975, -0.0012644990212025554, 0.02396021349423199]], "chi2_level": 0.95, "chi2_df": 3, "chi2_threshold": 7.814727903251179, "N_raw": 94, "N_roi": 94, "N_inlier": 88, "refit": true}
{"timestamp": "18:56:00.674776", "frame": 79, "mu": [0.6546595109283727, 2.214593767173311, 0.9629038004542746], "Sigma": [[0.023898141322575932, -8.674770036420736e-05, -0.001724433468427626], [-8.674770036420714e-05, 0.0028115832433321937, -0.003169842074365905], [-0.0017244334684276262, -0.003169842074365905, 0.014640335471354661]], "chi2_level": 0.95, "chi2_df": 3, "chi2_threshold": 7.814727903251179, "N_raw": 101, "N_roi": 101, "N_inlier": 96, "refit": true}
{"timestamp": "18:56:00.725838", "frame": 80, "mu": [0.6801102317079645, 2.191189897156036, 1.0873791361210952], "Sigma": [[0.020170947703261714, -0.0036024013201420395, -0.0075650218779561035], [-0.0036024013201420395, 0.003226025236653998, -0.0008311563683639977], [-0.0075650218779561035, -0.0008311563683639977, 0.009173899563895587]], "chi2_level": 0.95, "chi2_df": 3, "chi2_threshold": 7.814727903251179, "N_raw": 69, "N_roi": 69, "N_inlier": 65, "refit": true}
{"timestamp": "18:56:00.781792", "frame": 81, "mu": [0.8694527826872921, 2.143532451221679, 0.9789590746936634], "Sigma": [[0.030709349348313646, -0.007084498422818426, -0.026252952745909015], [-0.007084498422818424, 0.003276651483361063, 0.00446785207207005], [-0.02625295274590901, 0.004467852072070049, 0.05334984918980078]], "chi2_level": 0.95, "chi2_df": 3, "chi2_threshold": 7.814727903251179, "N_raw": 88, "N_roi": 88, "N_inlier": 79, "refit": true}
{"timestamp": "18:56:00.838612", "frame": 82, "mu": [0.7158462866959276, 2.085500004936429, 0.9990292864861844], "Sigma": [[0.017719313923082944, -0.0008129946371420893, -0.007881566861858034], [-0.0008129946371420893, 0.0028288204501762506, -0.0022678637122227367], [-0.007881566861858036, -0.0022678637122227367, 0.03894917609600995]], "chi2_level": 0.95, "chi2_df": 3, "chi2_threshold": 7.814727903251179, "N_raw": 96, "N_roi": 96, "N_inlier": 92, "refit": true}
{"timestamp": "18:56:00.893435", "frame": 83, "mu": [0.7056154708506438, 2.006038491465296, 0.9672186881919637], "Sigma": [[0.018565778100191742, -0.000712780920687892, -0.0018579738455055117], [-0.0007127809206878925, 0.004109987256244084, -0.0018624137371931063], [-0.0018579738455055121, -0.001862413737193106, 0.03372178260611677]], "chi2_level": 0.95, "chi2_df": 3, "chi2_threshold": 7.814727903251179, "N_raw": 93, "N_roi": 93, "N_inlier": 89, "refit": true}
{"timestamp": "18:56:00.943146", "frame": 84, "mu": [0.7058210494315103, 1.9972260097006773, 0.8883817227679611], "Sigma": [[0.049287220255969086, 6.173868038966918e-05, -0.02193823361922308], [6.173868038966918e-05, 0.00249204408405256, -0.0015392897024913976], [-0.02193823361922308, -0.0015392897024913976, 0.012458204724124114]], "chi2_level": 0.95, "chi2_df": 3, "chi2_threshold": 7.814727903251179, "N_raw": 54, "N_roi": 54, "N_inlier": 50, "refit": true}
{"timestamp": "18:56:00.999625", "frame": 85, "mu": [0.6239343314163536, 1.9470132770347484, 0.9799755418496332], "Sigma": [[0.015106574135670037, -0.0032083320292223055, 0.005612343475280222], [-0.0032083320292223055, 0.002588636507894795, -0.0035440273103154833], [0.005612343475280222, -0.0035440273103154833, 0.012202850118075969]], "chi2_level": 0.95, "chi2_df": 3, "chi2_threshold": 7.814727903251179, "N_raw": 70, "N_roi": 70, "N_inlier": 64, "refit": true}
{"timestamp": "18:56:01.059405", "frame": 86, "mu": [0.725130272631316, 1.911347017937923, 1.1197646103970833], "Sigma": [[0.01902858649349466, -0.006186247935564514, 0.015985339249016052], [-0.006186247935564514, 0.003527288462902669, -0.011463156787304432], [0.015985339249016052, -0.011463156787304432, 0.046327942907977135]], "chi2_level": 0.95, "chi2_df": 3, "chi2_threshold": 7.814727903251179, "N_raw": 97, "N_roi": 97, "N_inlier": 93, "refit": true}
{"timestamp": "18:56:01.113113", "frame": 87, "mu": [0.7914208052717854, 1.853519048185126, 1.0615060322502048], "Sigma": [[0.008274181525848604, -0.002600420207512134, 0.0061626726268739825], [-0.002600420207512134, 0.0015904892469232308, -0.0059687211323928985], [0.0061626726268739825, -0.0059687211323928985, 0.19091763009935994]], "chi2_level": 0.95, "chi2_df": 3, "chi2_threshold": 7.814727903251179, "N_raw": 91, "N_roi": 91, "N_inlier": 87, "refit": true}
{"timestamp": "18:56:01.168953", "frame": 88, "mu": [0.813300012421751, 1.8001935678679237, 0.9923945109158592], "Sigma": [[0.013313867515074273, -0.003383049850163527, 0.013189635012800087], [-0.003383049850163527, 0.0030134871253510278, -0.0017866195475153284], [0.013189635012800087, -0.0017866195475153284, 0.060146673545780155]], "chi2_level": 0.95, "chi2_df": 3, "chi2_threshold": 7.814727903251179, "N_raw": 99, "N_roi": 99, "N_inlier": 94, "refit": true}
{"timestamp": "18:56:01.225704", "frame": 89, "mu": [0.8151236407127185, 1.775557599402614, 1.1447709567998698], "Sigma": [[0.009864913456099226, -0.0013253858668175497, 0.011669839168702005], [-0.0013253858668175497, 0.002161462125309527, -0.003738940232616915], [0.011669839168702003, -0.0037389402326169145, 0.10033959282625847]], "chi2_level": 0.95, "chi2_df": 3, "chi2_threshold": 7.814727903251179, "N_raw": 109, "N_roi": 109, "N_inlier": 105, "refit": true}
{"timestamp": "18:56:01.282185", "frame": 90, "mu": [0.8131908358204478, 1.730299374150956, 0.07253024948905984], "Sigma": [[0.013034664544411581, -0.004644371276397345, 0.098180703892603], [-0.004644371276397345, 0.004336437834345599, -0.04753088781540556], [0.098180703892603, -0.04753088781540556, 1.3852566342466888]], "chi2_level": 0.95, "chi2_df": 3, "chi2_threshold": 7.814727903251179, "N_raw": 119, "N_roi": 119, "N_inlier": 112, "refit": true}
{"timestamp": "18:56:01.325088", "frame": 91, "mu": [0.8317047290950272, 1.6674717694960823, 1.5017745423998328], "Sigma": [[0.004959332080925377, -0.0015033542361188837, -0.0021025978557164967], [-0.0015033542361188837, 0.0020875960875442294, -0.0018033301577835943], [-0.0021025978557164967, -0.0018033301577835943, 0.02694119426184096]], "chi2_level": 0.95, "chi2_df": 3, "chi2_threshold": 7.814727903251179, "N_raw": 36, "N_roi": 36, "N_inlier": 33, "refit": true}
{"timestamp": "18:56:01.382194", "frame": 92, "mu": [0.8228225408344167, 1.6360233540007783, 1.4323985327273965], "Sigma": [[0.005241172351525874, -0.0017796039090376226, -0.003607785254984732], [-0.0017796039090376228, 0.002691752662134266, -0.0033197312272870132], [-0.0036077852549847318, -0.0033197312272870132, 0.01416239839766577]], "chi2_level": 0.95, "chi2_df": 3, "chi2_threshold": 7.814727903251179, "N_raw": 56, "N_roi": 56, "N_inlier": 51, "refit": true}
{"timestamp": "18:56:01.441318", "frame": 93, "mu": [0.8181220051369357, 1.6074316374789417, 1.3586680204275614], "Sigma": [[0.007492509321144873, -0.0003574247142689678, -0.005351236335067726], [-0.0003574247142689677, 0.0029792308545277734, -0.006505379650083942], [-0.005351236335067726, -0.006505379650083942, 0.02832644838695109]], "chi2_level": 0.95, "chi2_df": 3, "chi2_threshold": 7.814727903251179, "N_raw": 86, "N_roi": 86, "N_inlier": 82, "refit": true}
{"timestamp": "18:56:01.497272", "frame": 94, "mu": [0.8260829463998607, 1.514002632223003, 1.3803469772920427], "Sigma": [[0.008219900779564719, 0.0003474331853602014, 0.0004269971972073374], [0.00034743318536020133, 0.002553232606254425, -0.004232734275140919], [0.0004269971972073375, -0.004232734275140919, 0.017535770146914813]], "chi2_level": 0.95, "chi2_df": 3, "chi2_threshold": 7.814727903251179, "N_raw": 82, "N_roi": 82, "N_inlier": 77, "refit": true}
{"timestamp": "18:56:01.554688", "frame": 95, "mu": [0.801980520328032, 1.621415791864597, -0.462286388218961], "Sigma": [[0.005915290987184527, 0.0013730217992482781, 0.0014755552176802572], [0.0013730217992482781, 0.006824006822884227, -0.010710564459181254], [0.0014755552176802568, -0.010710564459181254, 0.08211229616342741]], "chi2_level": 0.95, "chi2_df": 3, "chi2_threshold": 7.814727903251179, "N_raw": 96, "N_roi": 96, "N_inlier": 93, "refit": true}
{"timestamp": "18:56:01.602890", "frame": 96, "mu": [0.7677008279427514, 1.4427172708535798, -0.7333220991469043], "Sigma": [[0.005944489841049898, -0.0010894339053942157, -0.0014082130089064831], [-0.0010894339053942159, 0.0011053904270485494, -0.0026533443176162564], [-0.001408213008906483, -0.0026533443176162564, 0.01387904739413951]], "chi2_level": 0.95, "chi2_df": 3, "chi2_threshold": 7.814727903251179, "N_raw": 59, "N_roi": 59, "N_inlier": 55, "refit": true}
{"timestamp": "18:56:01.663166", "frame": 97, "mu": [0.7708976688297253, 1.3879701016876465, 1.2296784052125547], "Sigma": [[0.006131742491544062, -0.0003021490282883758, 0.0057563931000896565], [-0.0003021490282883758, 0.0010436971967029002, -0.0037640684351999566], [0.0057563931000896565, -0.0037640684351999566, 0.06573919161268246]], "chi2_level": 0.95, "chi2_df": 3, "chi2_threshold": 7.814727903251179, "N_raw": 99, "N_roi": 99, "N_inlier": 93, "refit": true}
{"timestamp": "18:56:01.724667", "frame": 98, "mu": [0.8216742272955114, 1.3515987251246286, 1.1354077438684738], "Sigma": [[0.014627031089549096, -0.004306790350868344, -0.027281999554397668], [-0.004306790350868344, 0.0021704205217374733, 0.00563178237429238], [-0.027281999554397668, 0.00563178237429238, 0.09989019677699212]], "chi2_level": 0.95, "chi2_df": 3, "chi2_threshold": 7.814727903251179, "N_raw": 133, "N_roi": 132, "N_inlier": 127, "refit": true}
{"timestamp": "18:56:01.776179", "frame": 99, "mu": [0.7441389496014297, 1.3182703508895455, 1.3102766257648282], "Sigma": [[0.006574910928849826, -0.0012638629778364014, 0.0003629312299341615], [-0.0012638629778364014, 0.0017168078787380787, -0.003627043285941765], [0.00036293122993416105, -0.003627043285941765, 0.05978362325568699]], "chi2_level": 0.95, "chi2_df": 3, "chi2_threshold": 7.814727903251179, "N_raw": 102, "N_roi": 102, "N_inlier": 96, "refit": true}
{"timestamp": "18:56:01.983547", "frame": 100, "mu": [0.7396286459043542, 1.2834662048090013, 1.256161228607138], "Sigma": [[0.006299419167053003, 0.00024202800382157596, -0.0012771007564007062], [0.00024202800382157596, 0.002683164173291076, -0.0070922382336443095], [-0.0012771007564007057, -0.0070922382336443095, 0.06125467424957557]], "chi2_level": 0.95, "chi2_df": 3, "chi2_threshold": 7.814727903251179, "N_raw": 71, "N_roi": 71, "N_inlier": 66, "refit": true}
{"timestamp": "18:56:01.990791", "frame": 101, "mu": [0.6747047993656915, 1.3977625053679144, -0.359035709769847], "Sigma": [[0.005694264910409746, -0.0030034346520770236, 0.005341733726643266], [-0.0030034346520770236, 0.0073034798660891985, -0.013315994977302724], [0.005341733726643266, -0.013315994977302724, 0.02748623666812488]], "chi2_level": 0.95, "chi2_df": 3, "chi2_threshold": 7.814727903251179, "N_raw": 92, "N_roi": 92, "N_inlier": 88, "refit": true}
{"timestamp": "18:56:02.020326", "frame": 102, "mu": [0.6244310813196883, 1.1694319533472046, 1.1598557288712257], "Sigma": [[0.007366846305791881, 0.0017615088450346024, 0.010126458849076555], [0.0017615088450346024, 0.002968791911943291, 0.004349489847235446], [0.010126458849076555, 0.004349489847235445, 0.04371153145990931]], "chi2_level": 0.95, "chi2_df": 3, "chi2_threshold": 7.814727903251179, "N_raw": 93, "N_roi": 93, "N_inlier": 89, "refit": true}
{"timestamp": "18:56:02.050813", "frame": 103, "mu": [0.7134304956047556, 1.1321641930139408, 1.1515829664437183], "Sigma": [[0.015783295520756566, -0.002916993946188941, -0.011297823075216788], [-0.002916993946188941, 0.0011853464426855298, 0.002372948197633894], [-0.011297823075216788, 0.002372948197633894, 0.089891497040296]], "chi2_level": 0.95, "chi2_df": 3, "chi2_threshold": 7.814727903251179, "N_raw": 85, "N_roi": 82, "N_inlier": 78, "refit": true}
