{"timestamp": "18:40:11.299485", "frame": 5, "mu": [2.4222509035365087, 4.666070434755587, 1.5659104031418996], "Sigma": [[0.0017487110117850688, -0.0009557666754993368, 0.0002469264752039001], [-0.0009557666754993368, 0.006132187151720009, -0.0008658452802566207], [0.0002469264752039001, -0.0008658452802566207, 0.00013111651008395044]], "chi2_level": 0.95, "chi2_df": 3, "chi2_threshold": 7.814727903251179, "N_raw": 33, "N_roi": 8, "N_inlier": 8, "refit": true}
{"timestamp": "18:40:11.794156", "frame": 14, "mu": [2.3728029270075432, 4.621169917395276, 1.499745783846715], "Sigma": [[0.005591795267462204, -0.002913710305351016, -0.003325505683468462], [-0.0029137103053510165, 0.0037883585932491333, -0.001214911598046032], [-0.003325505683468462, -0.001214911598046032, 0.008057373552041858]], "chi2_level": 0.95, "chi2_df": 3, "chi2_threshold": 7.814727903251179, "N_raw": 21, "N_roi": 12, "N_inlier": 11, "refit": true}
{"timestamp": "18:40:11.905971", "frame": 16, "mu": [2.28648888580306, 4.618442006220849, 1.4556631724189857], "Sigma": [[0.01317568237120533, -0.00618764861857699, -0.007706346029947519], [-0.00618764861857699, 0.006654191826506311, 0.0013467387344167515], [-0.007706346029947518, 0.0013467387344167513, 0.008525082468859474]], "chi2_level": 0.95, "chi2_df": 3, "chi2_threshold": 7.814727903251179, "N_raw": 38, "N_roi": 28, "N_inlier": 27, "refit": true}
{"timestamp": "18:40:11.961749", "frame": 17, "mu": [2.245940277678986, 4.567400055821296, 0.7877856285093142], "Sigma": [[0.014996065736308415, -0.006128314366393885, -0.006471848450829654], [-0.006128314366393885, 0.0047116210426103155, 0.002159544127740084], [-0.006471848450829654, 0.0021595441277400835, 0.008348110289694538]], "chi2_level": 0.95, "chi2_df": 3, "chi2_threshold": 7.814727903251179, "N_raw": 25, "N_roi": 21, "N_inlier": 20, "refit": true}
{"timestamp": "18:40:12.015759", "frame": 18, "mu": [2.362849089618185, 4.504051222239536, 0.9704223237014087], "Sigma": [[0.010888240769329462, -0.0051181453877771135, -0.0019103123518150022], [-0.005118145387777114, 0.0038295653775273757, 0.0009346363564758347], [-0.0019103123518150026, 0.0009346363564758347, 0.001548672914844202]], "chi2_level": 0.95, "chi2_df": 3, "chi2_threshold": 7.814727903251179, "N_raw": 21, "N_roi": 12, "N_inlier": 10, "refit": true}
{"timestamp": "18:40:12.068569", "frame": 19, "mu": [2.2987581928967113, 4.60089250838828, 1.3088494607513261], "Sigma": [[0.007492123201793484, 0.00666128204963135, -0.023031436672512274], [0.00666128204963135, 0.0063584042700378755, -0.020332244115670934], [-0.023031436672512277, -0.020332244115670934, 0.07749381781782343]], "chi2_level": 0.95, "chi2_df": 3, "chi2_threshold": 7.814727903251179, "N_raw": 7, "N_roi": 7, "N_inlier": 7, "refit": true}
{"timestamp": "18:40:12.347911", "frame": 24, "mu": [2.049124515816784, 4.430519389202931, 1.265006239564812], "Sigma": [[0.028213233343220213, -0.014700351084464505, -0.02181230990844632], [-0.014700351084464507, 0.013934507327847121, 0.017165359907063565], [-0.021812309908446317, 0.017165359907063565, 0.025366206360105045]], "chi2_level": 0.95, "chi2_df": 3, "chi2_threshold": 7.814727903251179, "N_raw": 40, "N_roi": 38, "N_inlier": 38, "refit": true}
{"timestamp": "18:40:12.401573", "frame": 25, "mu": [1.9739227529880385, 4.46455853052677, 1.3762794899451467], "Sigma": [[0.02052859513088809, -0.011181913293087247, -0.01091117076219942], [-0.011181913293087247, 0.010552249869968118, 0.009786276153272773], [-0.010911170762199418, 0.009786276153272773, 0.011760398386411583]], "chi2_level": 0.95, "chi2_df": 3, "chi2_threshold": 7.814727903251179, "N_raw": 30, "N_roi": 30, "N_inlier": 29, "refit": true}
{"timestamp": "18:40:12.453639", "frame": 26, "mu": [1.9153343188015288, 4.519230350791255, 1.151127010265724], "Sigma": [[0.004737829124089941, 0.002807017851406458, -0.021040951990756358], [0.002807017851406458, 0.004738151892622749, -0.009727200042730741], [-0.021040951990756358, -0.009727200042730741, 0.09978193777495249]], "chi2_level": 0.95, "chi2_df": 3, "chi2_threshold": 7.814727903251179, "N_raw": 7, "N_roi": 7, "N_inlier": 7, "refit": true}
{"timestamp": "18:40:12.510078", "frame": 27, "mu": [1.7796634557541817, 4.475099301456222, 0.21133434205275373], "Sigma": [[0.01739229647897003, -0.006516588580589353, 0.04065269447871132], [-0.006516588580589352, 0.0038393326237903982, -0.011434247897123375], [0.04065269447871132, -0.011434247897123375, 0.25030092365005513]], "chi2_level": 0.95, "chi2_df": 3, "chi2_threshold": 7.814727903251179, "N_raw": 26, "N_roi": 23, "N_inlier": 22, "refit": true}
{"timestamp": "18:40:12.675221", "frame": 30, "mu": [1.516204364852622, 4.474204530772389, 1.2328290907446575], "Sigma": [[0.018287794972485064, -0.006720953851744011, -0.005570416271406783], [-0.00672095385174401, 0.0075256550454085615, 0.010213257389921347], [-0.005570416271406783, 0.010213257389921347, 0.01626727680465828]], "chi2_level": 0.95, "chi2_df": 3, "chi2_threshold": 7.814727903251179, "N_raw": 25, "N_roi": 23, "N_inlier": 22, "refit": true}
{"timestamp": "18:40:12.729555", "frame": 31, "mu": [1.484506853634873, 4.481514580107653, 1.320605286941627], "Sigma": [[0.013123310234190418, -0.006697839860889363, -0.01057419534531985], [-0.006697839860889362, 0.006928172706079237, 0.011002453932086018], [-0.01057419534531985, 0.011002453932086018, 0.02002777073362853]], "chi2_level": 0.95, "chi2_df": 3, "chi2_threshold": 7.814727903251179, "N_raw": 20, "N_roi": 20, "N_inlier": 18, "refit": true}
{"timestamp": "18:40:12.838389", "frame": 33, "mu": [1.3879911189454979, 4.451921171548762, 1.2369947181779275], "Sigma": [[0.005849273591412535, -0.00030891472265731206, -0.0026663457161938725], [-0.00030891472265731206, 0.004506313067517588, 0.0080399898771065], [-0.0026663457161938734, 0.008039989877106501, 0.01726348495257124]], "chi2_level": 0.95, "chi2_df": 3, "chi2_threshold": 7.814727903251179, "N_raw": 7, "N_roi": 7, "N_inlier": 7, "refit": true}
{"timestamp": "18:40:12.896437", "frame": 34, "mu": [1.2833019485678117, 4.4955499859874575, 1.2304648160812408], "Sigma": [[0.017920358335557822, -0.008580805667183874, -0.023219245882827772], [-0.008580805667183874, 0.008053828091506123, 0.012010147397516152], [-0.023219245882827776, 0.01201014739751615, 0.03369817814276211]], "chi2_level": 0.95, "chi2_df": 3, "chi2_threshold": 7.814727903251179, "N_raw": 35, "N_roi": 35, "N_inlier": 32, "refit": true}
{"timestamp": "18:40:12.949853", "frame": 35, "mu": [1.163944127662574, 4.51061219912268, 1.4247287683858003], "Sigma": [[0.006852709439354004, -0.0009761516710948405, -0.0060777892894902895], [-0.0009761516710948406, 0.0012612707132311103, -0.0016338692979889094], [-0.0060777892894902895, -0.0016338692979889092, 0.015230031806895738]], "chi2_level": 0.95, "chi2_df": 3, "chi2_threshold": 7.814727903251179, "N_raw": 16, "N_roi": 13, "N_inlier": 11, "refit": true}
{"timestamp": "18:40:13.005799", "frame": 36, "mu": [1.1101992744019997, 4.586695176821399, 1.254621586975548], "Sigma": [[0.012861009411823122, -0.005229796674886013, -0.014548402939419105], [-0.005229796674886013, 0.004295404036711575, 0.00014127953776943794], [-0.014548402939419107, 0.00014127953776943783, 0.042187558201508574]], "chi2_level": 0.95, "chi2_df": 3, "chi2_threshold": 7.814727903251179, "N_raw": 24, "N_roi": 22, "N_inlier": 21, "refit": true}
{"timestamp": "18:40:13.061316", "frame": 37, "mu": [1.02933031299011, 4.675076615913302, 1.0569899911532572], "Sigma": [[0.009512465307602538, -0.008775028098236192, -0.0033104518997929986], [-0.008775028098236194, 0.025436958140060292, -0.009767343139100748], [-0.0033104518997929986, -0.009767343139100746, 0.018676073411034347]], "chi2_level": 0.95, "chi2_df": 3, "chi2_threshold": 7.814727903251179, "N_raw": 21, "N_roi": 15, "N_inlier": 15, "refit": true}
{"timestamp": "18:40:13.120685", "frame": 38, "mu": [0.9623306657061794, 4.580304092339137, 1.0575191350437947], "Sigma": [[0.03134140015710787, -0.02852710855926483, -0.014331289811845194], [-0.02852710855926483, 0.03579231574239103, 0.007189617608820302], [-0.014331289811845194, 0.007189617608820302, 0.01687128757108844]], "chi2_level": 0.95, "chi2_df": 3, "chi2_threshold": 7.814727903251179, "N_raw": 58, "N_roi": 54, "N_inlier": 50, "refit": true}
{"timestamp": "18:40:13.173266", "frame": 39, "mu": [0.9500998075068637, 4.439760024063178, 0.9753683035789087], "Sigma": [[0.01913586800210463, -0.012225970110011994, -0.012262150785415779], [-0.012225970110011994, 0.011769013293830432, 0.005062864332137513], [-0.012262150785415779, 0.005062864332137512, 0.012909123036904693]], "chi2_level": 0.95, "chi2_df": 3, "chi2_threshold": 7.814727903251179, "N_raw": 30, "N_roi": 27, "N_inlier": 25, "refit": true}
{"timestamp": "18:40:13.226173", "frame": 40, "mu": [0.7923163064121131, 4.465407637625692, 1.358527223453628], "Sigma": [[0.01568438848321374, -0.004796892036599384, -0.014407835623316054], [-0.004796892036599385, 0.0033082399009874367, 0.004617119900064562], [-0.014407835623316054, 0.004617119900064562, 0.015532076429996359]], "chi2_level": 0.95, "chi2_df": 3, "chi2_threshold": 7.814727903251179, "N_raw": 24, "N_roi": 23, "N_inlier": 22, "refit": true}
{"timestamp": "18:40:13.284407", "frame": 41, "mu": [0.738401457861841, 4.393052206538842, 1.2491499612341286], "Sigma": [[0.02545685665775544, -0.009066620839357853, -0.02703314378349843], [-0.009066620839357852, 0.010478786811900393, 0.018505850284957825], [-0.02703314378349843, 0.01850585028495783, 0.04425484974316532]], "chi2_level": 0.95, "chi2_df": 3, "chi2_threshold": 7.814727903251179, "N_raw": 52, "N_roi": 50, "N_inlier": 49, "refit": true}
{"timestamp": "18:40:13.339390", "frame": 42, "mu": [0.6796601522575355, 4.3618647427981685, 1.1735923611651606], "Sigma": [[0.027014633518928462, -0.00496377305589823, -0.00927911337859022], [-0.00496377305589823, 0.004865978641565404, 0.0017315336414612417], [-0.00927911337859022, 0.0017315336414612417, 0.004946093315605515]], "chi2_level": 0.95, "chi2_df": 3, "chi2_threshold": 7.814727903251179, "N_raw": 44, "N_roi": 44, "N_inlier": 44, "refit": true}
{"timestamp": "18:40:13.393253", "frame": 43, "mu": [0.514180183398897, 4.401914078378731, 1.3463047636047878], "Sigma": [[0.01990714776138759, -0.006989234533769132, -0.020019146164493018], [-0.006989234533769132, 0.005974583213902463, 0.009907521682331917], [-0.020019146164493018, 0.009907521682331916, 0.025257837488081473]], "chi2_level": 0.95, "chi2_df": 3, "chi2_threshold": 7.814727903251179, "N_raw": 36, "N_roi": 35, "N_inlier": 33, "refit": true}
{"timestamp": "18:40:13.447074", "frame": 44, "mu": [0.3963472920081047, 4.420975203197715, 1.4465887668780266], "Sigma": [[0.021803195266849366, -0.0028169086148861072, -0.01513441704006168], [-0.0028169086148861072, 0.004206306176647548, 0.007076000902132399], [-0.01513441704006168, 0.007076000902132399, 0.01941724663845089]], "chi2_level": 0.95, "chi2_df": 3, "chi2_threshold": 7.814727903251179, "N_raw": 37, "N_roi": 36, "N_inlier": 34, "refit": true}
{"timestamp": "18:40:13.500665", "frame": 45, "mu": [0.37430519487089126, 4.561382812058918, 1.4993263989327272], "Sigma": [[0.010122094868249401, -0.0008118681136497156, -0.01200158097017518], [-0.0008118681136497157, 0.00217829721920471, -0.005532103867004311], [-0.01200158097017518, -0.005532103867004312, 0.05603810869167904]], "chi2_level": 0.95, "chi2_df": 3, "chi2_threshold": 7.814727903251179, "N_raw": 22, "N_roi": 17, "N_inlier": 15, "refit": true}
{"timestamp": "18:40:13.558341", "frame": 46, "mu": [0.3085522390124783, 4.504332382932034, 0.4734379024084868], "Sigma": [[0.022760888065402135, -0.00017925604333829804, -0.008196651431729193], [-0.00017925604333829796, 0.0041685773730036, -0.0022783824756401785], [-0.008196651431729192, -0.002278382475640178, 0.005996804273122955]], "chi2_level": 0.95, "chi2_df": 3, "chi2_threshold": 7.814727903251179, "N_raw": 41, "N_roi": 41, "N_inlier": 40, "refit": true}
{"timestamp": "18:40:13.614067", "frame": 47, "mu": [0.16154646879634538, 4.464676120404417, 0.4291028752542741], "Sigma": [[0.02858389200551424, 0.0015666980142438989, -0.009247873675917869], [0.0015666980142438995, 0.0038575346198572824, -0.0023659838923640935], [-0.009247873675917869, -0.002365983892364094, 0.005123223503133338]], "chi2_level": 0.95, "chi2_df": 3, "chi2_threshold": 7.814727903251179, "N_raw": 48, "N_roi": 46, "N_inlier": 43, "refit": true}
{"timestamp": "18:40:13.667984", "frame": 48, "mu": [0.0733025663166671, 4.4538063719380885, 1.2286001014006804], "Sigma": [[0.019606173353054222, 0.00046800814319815294, -0.009608106629122806], [0.00046800814319815294, 0.003758522249152641, -0.0024846303147385397], [-0.009608106629122806, -0.0024846303147385397, 0.007904223714586434]], "chi2_level": 0.95, "chi2_df": 3, "chi2_threshold": 7.814727903251179, "N_raw": 41, "N_roi": 41, "N_inlier": 41, "refit": true}
{"timestamp": "18:40:13.721809", "frame": 49, "mu": [0.044063110473321065, 4.427733093367935, 1.4725622085985963], "Sigma": [[0.017477906652432318, -0.0009630915289145868, -0.009820022221110464], [-0.0009630915289145866, 0.0026441605940834404, 0.0015326157141886268], [-0.009820022221110464, 0.0015326157141886268, 0.007514494410038058]], "chi2_level": 0.95, "chi2_df": 3, "chi2_threshold": 7.814727903251179, "N_raw": 32, "N_roi": 28, "N_inlier": 25, "refit": true}
{"timestamp": "18:40:13.777861", "frame": 50, "mu": [-0.0363528232815518, 4.461211550351024, 0.4056648916704273], "Sigma": [[0.018600027049688994, 0.00037371514517460047, -0.008620327518477905], [0.00037371514517460026, 0.0031743941999983274, -0.0017323689027078668], [-0.008620327518477907, -0.0017323689027078665, 0.00583180164729968]], "chi2_level": 0.95, "chi2_df": 3, "chi2_threshold": 7.814727903251179, "N_raw": 39, "N_roi": 34, "N_inlier": 32, "refit": true}
{"timestamp": "18:40:13.832591", "frame": 51, "mu": [-0.07464086463911303, 4.418868453020279, 1.2847621606668513], "Sigma": [[0.025699183869747656, -0.0010456586463996173, -0.011735364329425726], [-0.0010456586463996175, 0.002480792780113562, -0.000685395605020138], [-0.011735364329425724, -0.000685395605020138, 0.007592784405280208]], "chi2_level": 0.95, "chi2_df": 3, "chi2_threshold": 7.814727903251179, "N_raw": 42, "N_roi": 39, "N_inlier": 38, "refit": true}
{"timestamp": "18:40:13.884807", "frame": 52, "mu": [-0.16290503347117544, 4.562218584167208, 1.21390947402773], "Sigma": [[0.0030504968878982503, -0.00939585759675432, 0.020744539274614626], [-0.00939585759675432, 0.034314056738852475, -0.07065735521289106], [0.020744539274614622, -0.07065735521289104, 0.15964731336793808]], "chi2_level": 0.95, "chi2_df": 3, "chi2_threshold": 7.814727903251179, "N_raw": 12, "N_roi": 7, "N_inlier": 7, "refit": true}
{"timestamp": "18:40:13.995325", "frame": 54, "mu": [-0.2282246635682351, 4.432076480698273, -0.6894557786327864], "Sigma": [[0.018297397631454725, 0.0026092313987636055, 0.03319671300513372], [0.0026092313987636055, 0.0026657378522515467, 0.01043984691353288], [0.033196713005133716, 0.01043984691353288, 0.1586072554300856]], "chi2_level": 0.95, "chi2_df": 3, "chi2_threshold": 7.814727903251179, "N_raw": 30, "N_roi": 27, "N_inlier": 26, "refit": true}
{"timestamp": "18:40:14.052604", "frame": 55, "mu": [-0.3653895240956791, 4.4492181883874435, 1.1876965047873456], "Sigma": [[0.02590048467083532, -0.0011201817094393229, -0.011840781401655127], [-0.0011201817094393229, 0.0026437300895048154, 4.770782120058969e-05], [-0.011840781401655127, 4.77078212005897e-05, 0.006753486105398193]], "chi2_level": 0.95, "chi2_df": 3, "chi2_threshold": 7.814727903251179, "N_raw": 41, "N_roi": 37, "N_inlier": 34, "refit": true}
{"timestamp": "18:40:14.163364", "frame": 57, "mu": [-0.4750081024835307, 4.4632376744397195, 1.1597315069410448], "Sigma": [[0.020707283886068344, 0.00040336925280245783, -0.003644023661487313], [0.00040336925280245805, 0.01743417877354646, -0.028517505589710543], [-0.0036440236614873125, -0.028517505589710543, 0.060723259421996745]], "chi2_level": 0.95, "chi2_df": 3, "chi2_threshold": 7.814727903251179, "N_raw": 44, "N_roi": 42, "N_inlier": 41, "refit": true}
{"timestamp": "18:40:14.215040", "frame": 58, "mu": [-0.6174910222614753, 4.465294653626903, 1.1974820405016342], "Sigma": [[0.008775167411922372, -0.001974740187279556, -0.0006934564613208364], [-0.001974740187279555, 0.013491992192887436, -0.019991763895436894], [-0.0006934564613208355, -0.019991763895436894, 0.05790292834571482]], "chi2_level": 0.95, "chi2_df": 3, "chi2_threshold": 7.814727903251179, "N_raw": 19, "N_roi": 19, "N_inlier": 19, "refit": true}
{"timestamp": "18:40:14.269792", "frame": 59, "mu": [-0.7516782826347046, 4.464433276680416, 0.16542937284359777], "Sigma": [[0.01744677881323116, 0.009136124862226513, -0.00919840619311388], [0.009136124862226515, 0.02319629473123863, -0.013262415630444483], [-0.00919840619311388, -0.013262415630444483, 0.010026630850256355]], "chi2_level": 0.95, "chi2_df": 3, "chi2_threshold": 7.814727903251179, "N_raw": 19, "N_roi": 16, "N_inlier": 14, "refit": true}
{"timestamp": "18:40:14.322747", "frame": 60, "mu": [-0.8397224848567485, 4.443056756296459, 1.1642020909034145], "Sigma": [[0.0056909910113097815, -0.00558604782352427, 0.01346337994075631], [-0.00558604782352427, 0.017160228279810428, -0.033807672266311095], [0.01346337994075631, -0.033807672266311095, 0.07803549922773625]], "chi2_level": 0.95, "chi2_df": 3, "chi2_threshold": 7.814727903251179, "N_raw": 12, "N_roi": 12, "N_inlier": 12, "refit": true}
{"timestamp": "18:40:14.384647", "frame": 61, "mu": [-0.9184891348978178, 4.4121179379647515, 0.3554547361557552], "Sigma": [[0.02765616649083639, 0.007438491921204063, -0.01693211843635328], [0.007438491921204063, 0.00760771248184875, -0.005923916497251368], [-0.01693211843635328, -0.00592391649725137, 0.012376716723093206]], "chi2_level": 0.95, "chi2_df": 3, "chi2_threshold": 7.814727903251179, "N_raw": 55, "N_roi": 54, "N_inlier": 53, "refit": true}
{"timestamp": "18:40:14.439070", "frame": 62, "mu": [-0.9606576975814294, 4.481216260004733, 1.4203664298040064], "Sigma": [[0.024195054836212, 0.004008955868376867, -0.007809796505958883], [0.004008955868376866, 0.003382953289598237, -0.001619135619352553], [-0.007809796505958883, -0.001619135619352553, 0.007214896692909408]], "chi2_level": 0.95, "chi2_df": 3, "chi2_threshold": 7.814727903251179, "N_raw": 38, "N_roi": 38, "N_inlier": 37, "refit": true}
{"timestamp": "18:40:14.491486", "frame": 63, "mu": [-1.0506949063330877, 4.43642452097813, -0.26852855439053747], "Sigma": [[0.01079025654570021, 0.00403864880743323, 0.039559156024175424], [0.00403864880743323, 0.006691588636485392, 0.026147351103350352], [0.039559156024175424, 0.026147351103350352, 0.2959726622518295]], "chi2_level": 0.95, "chi2_df": 3, "chi2_threshold": 7.814727903251179, "N_raw": 28, "N_roi": 28, "N_inlier": 28, "refit": true}
{"timestamp": "18:40:14.545988", "frame": 64, "mu": [-1.0735065971680524, 4.480440984117066, 1.4245147229278505], "Sigma": [[0.01644399665440147, 0.0022066253861403083, -0.013208310824992592], [0.0022066253861403083, 0.001956898035952165, -0.006038440170132364], [-0.013208310824992592, -0.006038440170132364, 0.031970374316529396]], "chi2_level": 0.95, "chi2_df": 3, "chi2_threshold": 7.814727903251179, "N_raw": 33, "N_roi": 32, "N_inlier": 31, "refit": true}
{"timestamp": "18:40:14.601350", "frame": 65, "mu": [-1.167342287547097, 4.481222227254792, 1.5446579838003212], "Sigma": [[0.004484402487731653, 0.002643112316235135, -0.002823493815667022], [0.0026431123162351353, 0.004861671146305247, -0.005695228812770421], [-0.002823493815667022, -0.005695228812770421, 0.08966098230112683]], "chi2_level": 0.95, "chi2_df": 3, "chi2_threshold": 7.814727903251179, "N_raw": 26, "N_roi": 18, "N_inlier": 16, "refit": true}
{"timestamp": "18:40:14.657092", "frame": 66, "mu": [-1.249234312160286, 4.508267725045114, 1.3980408607172112], "Sigma": [[0.01633534698292381, 0.0035607928831063824, -0.016864689480347347], [0.0035607928831063824, 0.0017979936965318189, -0.007107284130900387], [-0.016864689480347347, -0.007107284130900387, 0.075718301813754]], "chi2_level": 0.95, "chi2_df": 3, "chi2_threshold": 7.814727903251179, "N_raw": 30, "N_roi": 26, "N_inlier": 24, "refit": true}
{"timestamp": "18:40:14.712853", "frame": 67, "mu": [-1.3229857231147886, 4.516800858598338, 1.5024227003042097], "Sigma": [[0.020217734849277448, 0.00538123041020038, -0.014535064784575474], [0.00538123041020038, 0.0035987980086955923, -0.008747450563189426], [-0.014535064784575474, -0.008747450563189426, 0.04987910053888556]], "chi2_level": 0.95, "chi2_df": 3, "chi2_threshold": 7.814727903251179, "N_raw": 39, "N_roi": 35, "N_inlier": 33, "refit": true}
{"timestamp": "18:40:14.874491", "frame": 70, "mu": [-1.6054404103341682, 4.384310616293089, 1.4247283746472004], "Sigma": [[0.012863545078656653, 0.0044073716065347835, -0.00660861619163655], [0.0044073716065347835, 0.00417995906097426, 7.961399783458056e-05], [-0.00660861619163655, 7.961399783458067e-05, 0.006952229486924808]], "chi2_level": 0.95, "chi2_df": 3, "chi2_threshold": 7.814727903251179, "N_raw": 18, "N_roi": 18, "N_inlier": 18, "refit": true}
{"timestamp": "18:40:14.930745", "frame": 71, "mu": [-1.6740944435365999, 4.356795988288375, 1.3922222421117953], "Sigma": [[0.02149950668568324, 0.005961524062861577, -0.013378339127750653], [0.005961524062861577, 0.0037052511468849895, -0.003206378435483676], [-0.013378339127750653, -0.003206378435483676, 0.010442599273349906]], "chi2_level": 0.95, "chi2_df": 3, "chi2_threshold": 7.814727903251179, "N_raw": 24, "N_roi": 24, "N_inlier": 24, "refit": true}
{"timestamp": "18:40:14.985613", "frame": 72, "mu": [-1.6974773190598067, 4.349301015892104, 1.2533854768109047], "Sigma": [[0.010958538682219545, 0.0018196987057179234, -0.008349700937750828], [0.0018196987057179236, 0.00255387132944371, -0.00013818446226449054], [-0.00834970093775083, -0.00013818446226449054, 0.008092259228141123]], "chi2_level": 0.95, "chi2_df": 3, "chi2_threshold": 7.814727903251179, "N_raw": 19, "N_roi": 14, "N_inlier": 12, "refit": true}
{"timestamp": "18:40:15.040392", "frame": 73, "mu": [-1.7692798863213728, 4.401261385155203, 0.46887408058842434], "Sigma": [[0.013910143058186223, 0.004965459861767979, -0.013517734072702767], [0.004965459861767979, 0.0032685266593068868, -0.003240432324205059], [-0.013517734072702767, -0.003240432324205059, 0.01736731136567876]], "chi2_level": 0.95, "chi2_df": 3, "chi2_threshold": 7.814727903251179, "N_raw": 25, "N_roi": 19, "N_inlier": 18, "refit": true}
{"timestamp": "18:40:15.148406", "frame": 75, "mu": [-1.9318748276916784, 4.369001098210155, 1.4990513139028148], "Sigma": [[0.009979442150975576, 0.003316558176844912, -0.007094734611684287], [0.003316558176844912, 0.002361550816528569, -0.000984920076044676], [-0.007094734611684287, -0.000984920076044676, 0.007631343444275602]], "chi2_level": 0.95, "chi2_df": 3, "chi2_threshold": 7.814727903251179, "N_raw": 12, "N_roi": 12, "N_inlier": 10, "refit": true}
{"timestamp": "18:40:15.315339", "frame": 78, "mu": [-2.2582574139027294, 4.31657929687379, 1.5311057230967482], "Sigma": [[0.015594956063393766, 0.006151465764427952, -0.00952022530765178], [0.0061514657644279516, 0.00519918162286073, -0.0016062803704067641], [-0.00952022530765178, -0.0016062803704067641, 0.00879790204860253]], "chi2_level": 0.95, "chi2_df": 3, "chi2_threshold": 7.814727903251179, "N_raw": 23, "N_roi": 23, "N_inlier": 20, "refit": true}
{"timestamp": "18:40:15.509519", "frame": 81, "mu": [-2.43337073528323, 4.294936213721503, 0.5452566364292645], "Sigma": [[0.00269204182459644, 0.0019237739183668272, 3.9377270562493185e-05], [0.001923773918366827, 0.004955010999785753, 0.00037051242742991875], [3.937727056249317e-05, 0.00037051242742991875, 3.4331671931014376e-05]], "chi2_level": 0.95, "chi2_df": 3, "chi2_threshold": 7.814727903251179, "N_raw": 22, "N_roi": 10, "N_inlier": 9, "refit": true}
