{"timestamp": "18:51:13.052973", "frame": 20, "mu": [-2.418987781714112, 4.450712722000864, 1.1687340794098497], "Sigma": [[0.003241260608913104, 0.0025788520817034413, -0.000384753254244554], [0.0025788520817034413, 0.0048763946524441526, -7.04788612024111e-07], [-0.000384753254244554, -7.047886120241246e-07, 0.00021453367146463163]], "chi2_level": 0.95, "chi2_df": 3, "chi2_threshold": 7.814727903251179, "N_raw": 38, "N_roi": 10, "N_inlier": 10, "refit": true}
{"timestamp": "18:51:13.107593", "frame": 21, "mu": [-2.402058560445668, 4.4841558587453045, 1.3680951195871722], "Sigma": [[0.002920616687429735, 0.0017063517233344152, -0.0002978457196962887], [0.0017063517233344154, 0.004135430524493346, 0.0003433607830398223], [-0.00029784571969628876, 0.0003433607830398223, 0.00026057842491308174]], "chi2_level": 0.95, "chi2_df": 3, "chi2_threshold": 7.814727903251179, "N_raw": 37, "N_roi": 12, "N_inlier": 12, "refit": true}
{"timestamp": "18:51:13.162991", "frame": 22, "mu": [-2.384846370314902, 4.453061361837326, 1.1623385871373093], "Sigma": [[0.0062258801427088435, 0.003095144369326474, -0.0005878065153387706], [0.0030951443693264732, 0.003960678509290715, -0.0017366971158518142], [-0.0005878065153387705, -0.0017366971158518142, 0.0011047756890383363]], "chi2_level": 0.95, "chi2_df": 3, "chi2_threshold": 7.814727903251179, "N_raw": 49, "N_roi": 14, "N_inlier": 14, "refit": true}
{"timestamp": "18:51:13.328437", "frame": 25, "mu": [-2.266852355043432, 4.356948119442381, 1.1122382697495852], "Sigma": [[0.01953579551437904, 0.007519329777979194, -0.012241746753655466], [0.007519329777979193, 0.006938900922922702, -0.005535375070366476], [-0.012241746753655467, -0.005535375070366477, 0.009350060623927762]], "chi2_level": 0.95, "chi2_df": 3, "chi2_threshold": 7.814727903251179, "N_raw": 48, "N_roi": 35, "N_inlier": 31, "refit": true}
{"timestamp": "18:51:13.384050", "frame": 26, "mu": [-2.2292895143415388, 4.359950342748815, 1.0522168542897663], "Sigma": [[0.021376515511534647, 0.009260308433143134, -0.011971324292293684], [0.009260308433143134, 0.007728286404255299, -0.006645953047755338], [-0.011971324292293684, -0.006645953047755338, 0.00875576368005359]], "chi2_level": 0.95, "chi2_df": 3, "chi2_threshold": 7.814727903251179, "N_raw": 40, "N_roi": 36, "N_inlier": 33, "refit": true}
{"timestamp": "18:51:13.441075", "frame": 27, "mu": [-2.1377655759425926, 4.320183106862805, 0.9726733008461175], "Sigma": [[0.03348905599993684, 0.009608494056700343, -0.020959665211180045], [0.009608494056700341, 0.005098950241239125, -0.008739576092960135], [-0.020959665211180045, -0.008739576092960137, 0.018715974533826472]], "chi2_level": 0.95, "chi2_df": 3, "chi2_threshold": 7.814727903251179, "N_raw": 47, "N_roi": 44, "N_inlier": 41, "refit": true}
{"timestamp": "18:51:13.494062", "frame": 28, "mu": [-2.021093292244219, 4.381461301959322, 1.001504929423233], "Sigma": [[0.02133844272196625, 0.008133665820807448, -0.005732130077429981], [0.008133665820807446, 0.006254641601122375, -0.004022576160834958], [-0.005732130077429981, -0.004022576160834957, 0.00451160978693278]], "chi2_level": 0.95, "chi2_df": 3, "chi2_threshold": 7.814727903251179, "N_raw": 34, "N_roi": 33, "N_inlier": 33, "refit": true}
{"timestamp": "18:51:13.549172", "frame": 29, "mu": [-1.8954574404895257, 4.352282312130528, 0.9752604284481072], "Sigma": [[0.023490452724902227, 0.009522092032597386, -0.00457063128311672], [0.009522092032597386, 0.007032599118616173, -0.0022872900229369683], [-0.00457063128311672, -0.0022872900229369683, 0.0011214855532164418]], "chi2_level": 0.95, "chi2_df": 3, "chi2_threshold": 7.814727903251179, "N_raw": 36, "N_roi": 34, "N_inlier": 32, "refit": true}
{"timestamp": "18:51:13.602166", "frame": 30, "mu": [-1.8182230106044757, 4.375768832866048, 1.043032409662588], "Sigma": [[0.016462895236688688, 0.0038508792571274315, -0.010366130205273208], [0.003850879257127431, 0.003393067960451406, -0.0014513019951083778], [-0.010366130205273208, -0.0014513019951083784, 0.008234514232019834]], "chi2_level": 0.95, "chi2_df": 3, "chi2_threshold": 7.814727903251179, "N_raw": 23, "N_roi": 20, "N_inlier": 20, "refit": true}
{"timestamp": "18:51:13.766620", "frame": 33, "mu": [-1.4662738557729054, 4.458130052968592, 1.143251011918373], "Sigma": [[0.011563498973518764, 0.002446796312988429, -0.0019440018758912277], [0.002446796312988429, 0.0024718948283124023, -0.0006144880177889341], [-0.0019440018758912277, -0.0006144880177889341, 0.0005152102262370006]], "chi2_level": 0.95, "chi2_df": 3, "chi2_threshold": 7.814727903251179, "N_raw": 23, "N_roi": 21, "N_inlier": 19, "refit": true}
{"timestamp": "18:51:13.825153", "frame": 34, "mu": [-1.474072446713902, 4.459247084394794, 1.161387256504773], "Sigma": [[0.027405548628380842, 0.003805087211242641, -0.016109572078030023], [0.003805087211242641, 0.004503443629018213, -0.006213316139433605], [-0.016109572078030023, -0.006213316139433605, 0.015540847991655045]], "chi2_level": 0.95, "chi2_df": 3, "chi2_threshold": 7.814727903251179, "N_raw": 51, "N_roi": 50, "N_inlier": 49, "refit": true}
{"timestamp": "18:51:13.881427", "frame": 35, "mu": [-1.3663610444711338, 4.503135973358507, 1.1781755273328902], "Sigma": [[0.02419333427255011, 0.00524857667850129, -0.0111071940503245], [0.005248576678501289, 0.006991866840769548, -0.0022049135775949274], [-0.0111071940503245, -0.0022049135775949274, 0.006220132239316444]], "chi2_level": 0.95, "chi2_df": 3, "chi2_threshold": 7.814727903251179, "N_raw": 49, "N_roi": 49, "N_inlier": 49, "refit": true}
{"timestamp": "18:51:13.935301", "frame": 36, "mu": [-1.2433305565839414, 4.516514506524134, 1.269017854320769], "Sigma": [[0.023075600871922813, 0.00502991268361202, -0.009703146318407435], [0.00502991268361202, 0.004554003612854346, -0.0008354297363424139], [-0.009703146318407435, -0.0008354297363424139, 0.005733675954331909]], "chi2_level": 0.95, "chi2_df": 3, "chi2_threshold": 7.814727903251179, "N_raw": 41, "N_roi": 37, "N_inlier": 36, "refit": true}
{"timestamp": "18:51:13.987080", "frame": 37, "mu": [-1.262225053938693, 4.508697570383083, 1.0506358231873363], "Sigma": [[0.008734838829137127, 0.00036240542860072934, -0.0037018548785874806], [0.0003624054286007291, 0.0017137966380356927, -0.0027885648806841717], [-0.0037018548785874806, -0.0027885648806841717, 0.00905690866442238]], "chi2_level": 0.95, "chi2_df": 3, "chi2_threshold": 7.814727903251179, "N_raw": 19, "N_roi": 19, "N_inlier": 18, "refit": true}
{"timestamp": "18:51:14.260580", "frame": 42, "mu": [-0.8784738636182301, 4.668804862290729, 1.2852236318552985], "Sigma": [[0.009239952681279662, 0.001613181060743729, -0.0018038891356989548], [0.001613181060743729, 0.0011041467296624013, -0.00038177023587484236], [-0.0018038891356989548, -0.00038177023587484247, 0.0005283414656735099]], "chi2_level": 0.95, "chi2_df": 3, "chi2_threshold": 7.814727903251179, "N_raw": 12, "N_roi": 11, "N_inlier": 10, "refit": true}
{"timestamp": "18:51:14.321268", "frame": 43, "mu": [-0.8232594714154962, 4.599284300621956, 1.0619710289172322], "Sigma": [[0.030714721853058225, 0.007163696761082791, -0.007622382062460716], [0.007163696761082791, 0.007472830241633887, 0.00024332665474271386], [-0.007622382062460716, 0.00024332665474271372, 0.0038609610207843707]], "chi2_level": 0.95, "chi2_df": 3, "chi2_threshold": 7.814727903251179, "N_raw": 53, "N_roi": 47, "N_inlier": 46, "refit": true}
{"timestamp": "18:51:14.375664", "frame": 44, "mu": [-0.7589977111250097, 4.561877716562904, 0.9867815848157618], "Sigma": [[0.03835190280669792, 0.003077319073329444, -0.01213974753356522], [0.003077319073329444, 0.003529722653583245, -0.0013748689351833034], [-0.01213974753356522, -0.0013748689351833032, 0.004879096434944981]], "chi2_level": 0.95, "chi2_df": 3, "chi2_threshold": 7.814727903251179, "N_raw": 48, "N_roi": 43, "N_inlier": 42, "refit": true}
{"timestamp": "18:51:14.430663", "frame": 45, "mu": [-0.6378702344839011, 4.565932133287122, 1.0573557934208606], "Sigma": [[0.03155042618696269, 0.0027226334584440977, -0.011235178396104935], [0.002722633458444098, 0.0038894956942518728, -0.0021234732881737035], [-0.011235178396104935, -0.0021234732881737035, 0.006053714574403968]], "chi2_level": 0.95, "chi2_df": 3, "chi2_threshold": 7.814727903251179, "N_raw": 49, "N_roi": 44, "N_inlier": 43, "refit": true}
{"timestamp": "18:51:14.485272", "frame": 46, "mu": [-0.5165623584489589, 4.560773116527359, 1.0574134922168257], "Sigma": [[0.03329812096323877, 0.00393366760797847, -0.0072589342095038], [0.00393366760797847, 0.004819146450926595, 0.001372739679556791], [-0.0072589342095038, 0.0013727396795567908, 0.0037082898142453335]], "chi2_level": 0.95, "chi2_df": 3, "chi2_threshold": 7.814727903251179, "N_raw": 43, "N_roi": 41, "N_inlier": 40, "refit": true}
{"timestamp": "18:51:14.537664", "frame": 47, "mu": [-0.409329076872995, 4.530367603395285, 1.0572611541888712], "Sigma": [[0.023611579106778927, 0.0009070445007234891, -0.006837835632466124], [0.0009070445007234889, 0.001556208769514786, -0.0005625774918310527], [-0.006837835632466124, -0.0005625774918310527, 0.003468040914477168]], "chi2_level": 0.95, "chi2_df": 3, "chi2_threshold": 7.814727903251179, "N_raw": 27, "N_roi": 27, "N_inlier": 25, "refit": true}
{"timestamp": "18:51:14.594131", "frame": 48, "mu": [-0.34641877886397465, 4.59549935103511, -0.03753351012623475], "Sigma": [[0.022411851469519652, 0.0019591631812443154, 0.06546429339092219], [0.0019591631812443154, 0.002029137163449915, 0.013115952246959956], [0.06546429339092219, 0.01311595224695996, 0.3108721220821374]], "chi2_level": 0.95, "chi2_df": 3, "chi2_threshold": 7.814727903251179, "N_raw": 36, "N_roi": 24, "N_inlier": 23, "refit": true}
{"timestamp": "18:51:14.651057", "frame": 49, "mu": [-0.3032818962183976, 4.595771170563061, 1.1930104530167238], "Sigma": [[0.034100438212499765, -0.0016963996006663915, -0.01142675019730349], [-0.001696399600666391, 0.0023512622959074338, -0.0017866258747810952], [-0.011426750197303489, -0.0017866258747810952, 0.007585873907069729]], "chi2_level": 0.95, "chi2_df": 3, "chi2_threshold": 7.814727903251179, "N_raw": 45, "N_roi": 41, "N_inlier": 41, "refit": true}
{"timestamp": "18:51:14.763728", "frame": 51, "mu": [-0.11073838954461672, 4.613217812834447, 1.4106791983529772], "Sigma": [[0.028367813346276766, -0.0019955156869934866, -0.009745190825787842], [-0.0019955156869934866, 0.005637145728900304, -0.0034991484684616294], [-0.009745190825787845, -0.00349914846846163, 0.009664341138425023]], "chi2_level": 0.95, "chi2_df": 3, "chi2_threshold": 7.814727903251179, "N_raw": 60, "N_roi": 56, "N_inlier": 55, "refit": true}
{"timestamp": "18:51:14.816189", "frame": 52, "mu": [-0.05257059049096257, 4.605481165967803, 1.4769236043730039], "Sigma": [[0.02504993536117469, -0.001280680018251222, -0.011402764726259711], [-0.001280680018251222, 0.0041763501204843435, -0.0011446690474232585], [-0.01140276472625971, -0.0011446690474232585, 0.010035049849913621]], "chi2_level": 0.95, "chi2_df": 3, "chi2_threshold": 7.814727903251179, "N_raw": 50, "N_roi": 47, "N_inlier": 46, "refit": true}
{"timestamp": "18:51:14.872900", "frame": 53, "mu": [0.02117050233434584, 4.634949393647577, 1.3645506369640974], "Sigma": [[0.022804087631417017, -0.0021955935070489103, -0.00691179386068292], [-0.0021955935070489103, 0.001819102119674681, -0.0032782124992603314], [-0.00691179386068292, -0.0032782124992603314, 0.015876015922080423]], "chi2_level": 0.95, "chi2_df": 3, "chi2_threshold": 7.814727903251179, "N_raw": 64, "N_roi": 37, "N_inlier": 35, "refit": true}
{"timestamp": "18:51:14.923812", "frame": 54, "mu": [0.0788118123585359, 4.7273525473710105, 1.2932741985258362], "Sigma": [[0.008244513823306187, -0.0005344409422640457, -0.0007068441346297962], [-0.0005344409422640457, 0.002947330303064024, -0.003316332914887787], [-0.0007068441346297962, -0.003316332914887787, 0.0051136863214661845]], "chi2_level": 0.95, "chi2_df": 3, "chi2_threshold": 7.814727903251179, "N_raw": 21, "N_roi": 14, "N_inlier": 12, "refit": true}
{"timestamp": "18:51:14.979489", "frame": 55, "mu": [0.13222513368131475, 4.776496705723675, 1.3712458012323876], "Sigma": [[0.013346795844462878, -0.0014630444315585033, -0.007276955313818374], [-0.0014630444315585033, 0.0019900222109421853, -0.001416134082055928], [-0.007276955313818374, -0.001416134082055928, 0.01140987060668542]], "chi2_level": 0.95, "chi2_df": 3, "chi2_threshold": 7.814727903251179, "N_raw": 28, "N_roi": 24, "N_inlier": 20, "refit": true}
{"timestamp": "18:51:15.142800", "frame": 58, "mu": [0.41262293650465043, 4.754492161623728, 0.5800688723487787], "Sigma": [[0.01505418736376095, 0.0001790103108323701, -0.008736296042860046], [0.00017901031083237021, 0.0031974686577561614, -0.0008573044900127829], [-0.008736296042860046, -0.0008573044900127829, 0.007887745338714206]], "chi2_level": 0.95, "chi2_df": 3, "chi2_threshold": 7.814727903251179, "N_raw": 28, "N_roi": 27, "N_inlier": 27, "refit": true}
{"timestamp": "18:51:15.360921", "frame": 62, "mu": [0.6623804339544553, 4.747316023957259, 1.560034115079379], "Sigma": [[0.003045794470790574, -0.0005397631030852898, -0.00310203307220686], [-0.0005397631030852899, 0.0038481364410628675, 0.009039136926099211], [-0.0031020330722068604, 0.009039136926099211, 0.023728380950972232]], "chi2_level": 0.95, "chi2_df": 3, "chi2_threshold": 7.814727903251179, "N_raw": 11, "N_roi": 9, "N_inlier": 8, "refit": true}
{"timestamp": "18:51:15.528913", "frame": 65, "mu": [0.868506347452937, 4.679279016242244, 1.3902798798163245], "Sigma": [[0.02411923883770717, -0.006184910825059278, -0.011549038338739853], [-0.006184910825059278, 0.006760237300573002, 0.010351069574759154], [-0.011549038338739853, 0.010351069574759154, 0.018405058181522188]], "chi2_level": 0.95, "chi2_df": 3, "chi2_threshold": 7.814727903251179, "N_raw": 38, "N_roi": 37, "N_inlier": 37, "refit": true}
{"timestamp": "18:51:15.580910", "frame": 66, "mu": [0.9058346679954168, 4.654189352199158, 0.6746226357680286], "Sigma": [[0.003783905007999703, -0.0005814390365013741, 0.0010055308110672315], [-0.0005814390365013741, 0.0005932807845444363, 0.00261334113253412], [0.0010055308110672315, 0.00261334113253412, 0.015621996066352251]], "chi2_level": 0.95, "chi2_df": 3, "chi2_threshold": 7.814727903251179, "N_raw": 10, "N_roi": 10, "N_inlier": 9, "refit": true}
{"timestamp": "18:51:16.299466", "frame": 79, "mu": [1.8759362167078961, 4.4708146731422795, 1.1158443862890344], "Sigma": [[0.020850202216147213, -0.005763096540547784, -0.00488584313481052], [-0.005763096540547784, 0.003522884763853034, 2.958349250524681e-05], [-0.00488584313481052, 2.958349250524678e-05, 0.0041674993135245525]], "chi2_level": 0.95, "chi2_df": 3, "chi2_threshold": 7.814727903251179, "N_raw": 32, "N_roi": 30, "N_inlier": 28, "refit": true}
{"timestamp": "18:51:16.517661", "frame": 83, "mu": [1.8786711865385384, 4.35857352164478, 1.2966303352890107], "Sigma": [[0.01692065556048499, -0.006289863367149598, -0.008540851414054574], [-0.006289863367149598, 0.005684022017239312, 0.002618271792506009], [-0.008540851414054574, 0.002618271792506009, 0.006309371256630456]], "chi2_level": 0.95, "chi2_df": 3, "chi2_threshold": 7.814727903251179, "N_raw": 29, "N_roi": 27, "N_inlier": 27, "refit": true}
{"timestamp": "18:51:16.629105", "frame": 85, "mu": [1.9273146002988428, 4.2875378322678035, 1.1025760315376065], "Sigma": [[0.027747876096135403, -0.01181511633844914, -0.016377748424380383], [-0.01181511633844914, 0.007481139140139057, 0.005797804495114737], [-0.016377748424380383, 0.005797804495114737, 0.012793339234040019]], "chi2_level": 0.95, "chi2_df": 3, "chi2_threshold": 7.814727903251179, "N_raw": 35, "N_roi": 31, "N_inlier": 31, "refit": true}
{"timestamp": "18:51:16.683652", "frame": 86, "mu": [2.0165281776212867, 4.2850163152242535, 0.3360126912079084], "Sigma": [[0.026981907324799416, -0.006468724803288582, -0.021618656114304018], [-0.00646872480328858, 0.004946156482004842, 0.002795352598553849], [-0.021618656114304018, 0.002795352598553849, 0.020583356976141075]], "chi2_level": 0.95, "chi2_df": 3, "chi2_threshold": 7.814727903251179, "N_raw": 34, "N_roi": 29, "N_inlier": 29, "refit": true}
{"timestamp": "18:51:16.736925", "frame": 87, "mu": [2.1054631566059827, 4.145525430737837, 1.2115197676624976], "Sigma": [[0.008017265081777884, -0.003385564526935481, -0.005903282950213536], [-0.003385564526935481, 0.0034402010480482498, 0.0015638113164264298], [-0.005903282950213536, 0.0015638113164264302, 0.0071074525466198555]], "chi2_level": 0.95, "chi2_df": 3, "chi2_threshold": 7.814727903251179, "N_raw": 17, "N_roi": 13, "N_inlier": 13, "refit": true}
{"timestamp": "18:51:16.795226", "frame": 88, "mu": [2.0840233151966694, 4.165393341204331, 0.3094854526435833], "Sigma": [[0.02594795513637619, -0.01113369945407989, -0.003700377398549023], [-0.011133699454079889, 0.008501419710520484, -0.00033382194943912795], [-0.003700377398549023, -0.0003338219494391278, 0.003948015137008543]], "chi2_level": 0.95, "chi2_df": 3, "chi2_threshold": 7.814727903251179, "N_raw": 40, "N_roi": 37, "N_inlier": 36, "refit": true}
{"timestamp": "18:51:16.847618", "frame": 89, "mu": [2.070190111627162, 4.131231723660933, 0.20825024516699336], "Sigma": [[0.016825444278327446, -0.008468770400817184, -0.009524044156372936], [-0.008468770400817184, 0.006717840068578487, 0.004755119110991786], [-0.009524044156372936, 0.004755119110991786, 0.006975811204100056]], "chi2_level": 0.95, "chi2_df": 3, "chi2_threshold": 7.814727903251179, "N_raw": 26, "N_roi": 26, "N_inlier": 24, "refit": true}
{"timestamp": "18:51:16.900238", "frame": 90, "mu": [1.9673662054773706, 4.165458714937789, 0.2523964511252267], "Sigma": [[0.007752337540642814, -0.0012054089567438552, -0.008701133032337004], [-0.0012054089567438554, 0.005262390446928047, -0.004153108484373233], [-0.008701133032337004, -0.004153108484373233, 0.01817977384145932]], "chi2_level": 0.95, "chi2_df": 3, "chi2_threshold": 7.814727903251179, "N_raw": 8, "N_roi": 8, "N_inlier": 8, "refit": true}
{"timestamp": "18:51:16.958198", "frame": 91, "mu": [2.0753615712818423, 3.9283491431887514, 1.0716744135186673], "Sigma": [[0.010131740670415246, -0.007487394010496353, -0.0034853914944412644], [-0.007487394010496353, 0.008523690163743962, 0.00040001509112668897], [-0.0034853914944412644, 0.0004000150911266891, 0.006817804197362344]], "chi2_level": 0.95, "chi2_df": 3, "chi2_threshold": 7.814727903251179, "N_raw": 25, "N_roi": 24, "N_inlier": 23, "refit": true}
{"timestamp": "18:51:17.015253", "frame": 92, "mu": [2.03458487670462, 3.9009026468263905, 1.0814740383114299], "Sigma": [[0.028347878715257176, -0.015957484675171836, -0.008048395657766192], [-0.015957484675171836, 0.011737530752791618, 0.0014909860436663296], [-0.008048395657766192, 0.0014909860436663296, 0.00894087967494956]], "chi2_level": 0.95, "chi2_df": 3, "chi2_threshold": 7.814727903251179, "N_raw": 44, "N_roi": 44, "N_inlier": 42, "refit": true}
{"timestamp": "18:51:17.125488", "frame": 94, "mu": [1.9490092857897585, 3.9833069356172923, 0.038520830817610714], "Sigma": [[0.026735943675783858, -0.012157457425829547, -0.012445371217728473], [-0.012157457425829545, 0.011046684009801506, 0.005128499282551858], [-0.012445371217728473, 0.005128499282551857, 0.006994174649524028]], "chi2_level": 0.95, "chi2_df": 3, "chi2_threshold": 7.814727903251179, "N_raw": 50, "N_roi": 48, "N_inlier": 47, "refit": true}
{"timestamp": "18:51:17.177992", "frame": 95, "mu": [1.91198906602272, 3.8444249220032805, 1.113087132584892], "Sigma": [[0.020792724095525822, -0.01101293186386714, -0.007826093347437595], [-0.01101293186386714, 0.008702301721228942, 0.004111314799143375], [-0.007826093347437597, 0.004111314799143375, 0.004762450190407021]], "chi2_level": 0.95, "chi2_df": 3, "chi2_threshold": 7.814727903251179, "N_raw": 29, "N_roi": 28, "N_inlier": 26, "refit": true}
{"timestamp": "18:51:17.234115", "frame": 96, "mu": [1.8820111907613268, 3.7911446053240594, 1.0981919365363595], "Sigma": [[0.019927630617425286, -0.00950835789091646, -0.006470143887268668], [-0.00950835789091646, 0.0071200376076274744, 0.0045760327451683245], [-0.006470143887268668, 0.004576032745168325, 0.0051742508795819325]], "chi2_level": 0.95, "chi2_df": 3, "chi2_threshold": 7.814727903251179, "N_raw": 28, "N_roi": 28, "N_inlier": 24, "refit": true}
{"timestamp": "18:51:17.286158", "frame": 97, "mu": [1.7596495617897323, 3.6095805810046153, 0.8429643862590136], "Sigma": [[0.005958518056155613, 0.0005176110603780919, -0.002504767520045819], [0.0005176110603780917, 0.011930916353971073, 0.008293298713827535], [-0.0025047675200458187, 0.008293298713827535, 0.01285581018788766]], "chi2_level": 0.95, "chi2_df": 3, "chi2_threshold": 7.814727903251179, "N_raw": 13, "N_roi": 11, "N_inlier": 10, "refit": true}
{"timestamp": "18:51:17.349667", "frame": 98, "mu": [1.768452768608472, 3.7473643566472745, 0.854019276674014], "Sigma": [[0.021014788814084966, -0.009750040320752731, -0.00639629848121531], [-0.009750040320752733, 0.008402999059503044, -0.005529970930805098], [-0.006396298481215309, -0.005529970930805099, 0.1392094351622358]], "chi2_level": 0.95, "chi2_df": 3, "chi2_threshold": 7.814727903251179, "N_raw": 77, "N_roi": 77, "N_inlier": 75, "refit": true}
{"timestamp": "18:51:17.409670", "frame": 99, "mu": [1.6828594076706538, 3.7663952862540424, 0.9477611052375263], "Sigma": [[0.020800440557328326, -0.00971160185891094, -0.010376354093540603], [-0.00971160185891094, 0.01591597299957586, -0.00655928586672844], [-0.010376354093540603, -0.0065592858667284405, 0.10333219415307958]], "chi2_level": 0.95, "chi2_df": 3, "chi2_threshold": 7.814727903251179, "N_raw": 92, "N_roi": 92, "N_inlier": 90, "refit": true}
{"timestamp": "18:51:17.623006", "frame": 100, "mu": [1.6480448070455205, 3.9015132826727403, -0.0745121679107028], "Sigma": [[0.024201915895440417, -0.0003830320615179017, -0.01628630647709948], [-0.00038303206151790226, 0.01478362080227036, -0.014289271516485], [-0.01628630647709948, -0.014289271516485, 0.04447470727469204]], "chi2_level": 0.95, "chi2_df": 3, "chi2_threshold": 7.814727903251179, "N_raw": 85, "N_roi": 85, "N_inlier": 83, "refit": true}
{"timestamp": "18:51:17.651097", "frame": 101, "mu": [1.573346817831193, 3.8786831895982354, -0.06604421352950031], "Sigma": [[0.012527991470794921, 0.00038758021327120744, -0.007025597875550214], [0.00038758021327120744, 0.017331609649871797, -0.018513663921038107], [-0.007025597875550214, -0.018513663921038107, 0.03287857616205201]], "chi2_level": 0.95, "chi2_df": 3, "chi2_threshold": 7.814727903251179, "N_raw": 57, "N_roi": 54, "N_inlier": 51, "refit": true}
{"timestamp": "18:51:17.675343", "frame": 102, "mu": [1.4864385884489695, 3.726109392684599, 0.06347903560299017], "Sigma": [[0.014270858503075624, -0.005050691123583881, -0.00713758833165999], [-0.005050691123583881, 0.0037005336788415, 0.0025184903313406866], [-0.00713758833165999, 0.0025184903313406866, 0.0055008344420043485]], "chi2_level": 0.95, "chi2_df": 3, "chi2_threshold": 7.814727903251179, "N_raw": 29, "N_roi": 29, "N_inlier": 24, "refit": true}
{"timestamp": "18:51:17.719701", "frame": 103, "mu": [1.3756738464593345, 3.8207837917168157, 0.2874132051808345], "Sigma": [[0.009736710396651823, 0.0010173288978495957, -0.002729729394919087], [0.0010173288978495957, 0.01700944624410349, -0.02080328811091631], [-0.002729729394919087, -0.020803288110916314, 0.05791190981390968]], "chi2_level": 0.95, "chi2_df": 3, "chi2_threshold": 7.814727903251179, "N_raw": 31, "N_roi": 31, "N_inlier": 29, "refit": true}
{"timestamp": "18:51:17.737461", "frame": 104, "mu": [1.3780358574658764, 3.7976060412207566, 0.1792250940930741], "Sigma": [[0.015454153160374516, -0.0024696079871601704, -0.012557228868154559], [-0.0024696079871601704, 0.0039007948942214993, -0.003802106374548814], [-0.012557228868154559, -0.003802106374548814, 0.020800560586922243]], "chi2_level": 0.95, "chi2_df": 3, "chi2_threshold": 7.814727903251179, "N_raw": 32, "N_roi": 32, "N_inlier": 30, "refit": true}
{"timestamp": "18:51:17.840207", "frame": 107, "mu": [1.1458554081442185, 3.7431872473198773, 0.7644553534427476], "Sigma": [[0.0027263859715239173, -0.002682716665438235, -0.004236748858125024], [-0.0026827166654382344, 0.010258504390531912, -0.023184798993001764], [-0.004236748858125024, -0.023184798993001767, 0.2242018579929533]], "chi2_level": 0.95, "chi2_df": 3, "chi2_threshold": 7.814727903251179, "N_raw": 9, "N_roi": 8, "N_inlier": 8, "refit": true}
{"timestamp": "18:51:17.892977", "frame": 108, "mu": [0.9611863774977798, 3.8410104118550423, 1.565465180481072], "Sigma": [[0.01012149703033643, -0.0033124377137901994, -0.013007761162598816], [-0.0033124377137901994, 0.0032271544329310602, 0.0010589090395418407], [-0.013007761162598816, 0.0010589090395418407, 0.03186619250967404]], "chi2_level": 0.95, "chi2_df": 3, "chi2_threshold": 7.814727903251179, "N_raw": 28, "N_roi": 26, "N_inlier": 24, "refit": true}
{"timestamp": "18:51:17.950514", "frame": 109, "mu": [1.058435620308384, 3.646971127220712, 1.1180226481631903], "Sigma": [[0.013541552826105552, -0.007166472126868882, -0.01084262018813003], [-0.007166472126868882, 0.008038226003521423, 0.004486336749067234], [-0.01084262018813003, 0.004486336749067234, 0.011213854760418704]], "chi2_level": 0.95, "chi2_df": 3, "chi2_threshold": 7.814727903251179, "N_raw": 42, "N_roi": 41, "N_inlier": 39, "refit": true}
{"timestamp": "18:51:18.002072", "frame": 110, "mu": [0.9206043407978552, 3.7799062269235133, 1.3330746781498641], "Sigma": [[0.01299515528751921, -0.004257242856605389, -0.00965628558047521], [-0.004257242856605388, 0.0027031720416418282, 0.00303585058448772], [-0.00965628558047521, 0.00303585058448772, 0.009132702539518336]], "chi2_level": 0.95, "chi2_df": 3, "chi2_threshold": 7.814727903251179, "N_raw": 24, "N_roi": 24, "N_inlier": 21, "refit": true}
{"timestamp": "18:51:18.060315", "frame": 111, "mu": [0.880662398095806, 3.8123986576317948, 0.2115497213103391], "Sigma": [[0.019328963343283604, -0.0021089930053694813, -0.01947094381103326], [-0.0021089930053694813, 0.004137302772384493, -0.0031136892855610165], [-0.01947094381103326, -0.003113689285561017, 0.029559678499306536]], "chi2_level": 0.95, "chi2_df": 3, "chi2_threshold": 7.814727903251179, "N_raw": 43, "N_roi": 43, "N_inlier": 39, "refit": true}
{"timestamp": "18:51:18.113894", "frame": 112, "mu": [0.825328694134514, 3.710304292074128, -0.007982440808798112], "Sigma": [[0.007023567259073855, -0.0008034568257012696, -0.00473158813917089], [-0.0008034568257012695, 0.0042273156548641175, -0.0025970023606080956], [-0.00473158813917089, -0.002597002360608095, 0.007116269973675889]], "chi2_level": 0.95, "chi2_df": 3, "chi2_threshold": 7.814727903251179, "N_raw": 30, "N_roi": 28, "N_inlier": 27, "refit": true}
{"timestamp": "18:51:18.172126", "frame": 113, "mu": [0.7473571368216929, 3.6020218819507024, 1.1189553132612386], "Sigma": [[0.019765110327796015, -0.00868394706357342, -0.010356322999188962], [-0.00868394706357342, 0.010698107101002633, 0.0056568368428524555], [-0.010356322999188958, 0.005656836842852455, 0.006791696901091301]], "chi2_level": 0.95, "chi2_df": 3, "chi2_threshold": 7.814727903251179, "N_raw": 57, "N_roi": 57, "N_inlier": 57, "refit": true}
{"timestamp": "18:51:18.221260", "frame": 114, "mu": [0.6606888727804083, 3.5367837509725555, 1.024484045952614], "Sigma": [[0.007524736114908816, -0.003222276983329056, -0.0068837417316307305], [-0.003222276983329056, 0.0027543181287774865, 0.004319248332388679], [-0.0068837417316307305, 0.004319248332388679, 0.008403928310522772]], "chi2_level": 0.95, "chi2_df": 3, "chi2_threshold": 7.814727903251179, "N_raw": 14, "N_roi": 12, "N_inlier": 11, "refit": true}
{"timestamp": "18:51:18.279695", "frame": 115, "mu": [0.5498971829869547, 3.602452384590318, 1.2080083226342142], "Sigma": [[0.015772172115862838, -0.004366033639322085, -0.00871414302337051], [-0.004366033639322085, 0.004189576082702887, 0.001706602278133771], [-0.00871414302337051, 0.001706602278133771, 0.0071505637849177996]], "chi2_level": 0.95, "chi2_df": 3, "chi2_threshold": 7.814727903251179, "N_raw": 42, "N_roi": 39, "N_inlier": 38, "refit": true}
{"timestamp": "18:51:18.331995", "frame": 116, "mu": [0.46227344991984226, 3.608624206950916, 1.2589522995472864], "Sigma": [[0.0025965796329466572, 1.01876432358308e-05, -0.0035012373555642316], [1.01876432358308e-05, 0.002341708436604999, -0.00313770042006509], [-0.003501237355564232, -0.00313770042006509, 0.011940118629700644]], "chi2_level": 0.95, "chi2_df": 3, "chi2_threshold": 7.814727903251179, "N_raw": 21, "N_roi": 12, "N_inlier": 12, "refit": true}
{"timestamp": "18:51:18.390248", "frame": 117, "mu": [0.4392879414037415, 3.7537093590854993, 0.235936514355382], "Sigma": [[0.01655896567474823, -2.7263671809143715e-05, -0.009939391836569129], [-2.726367180914415e-05, 0.0030805876690044543, -0.0018915031378267063], [-0.00993939183656913, -0.0018915031378267063, 0.008313527115476208]], "chi2_level": 0.95, "chi2_df": 3, "chi2_threshold": 7.814727903251179, "N_raw": 39, "N_roi": 37, "N_inlier": 36, "refit": true}
{"timestamp": "18:51:18.496455", "frame": 119, "mu": [0.3033320746920842, 3.744031861574714, 1.039392322894134], "Sigma": [[0.004075684129690261, 0.001475522213875906, -0.01595762759807063], [0.0014755222138759063, 0.0036009419365346483, -0.023736155494897923], [-0.01595762759807063, -0.023736155494897923, 0.20702578479688263]], "chi2_level": 0.95, "chi2_df": 3, "chi2_threshold": 7.814727903251179, "N_raw": 11, "N_roi": 11, "N_inlier": 11, "refit": true}
{"timestamp": "18:51:18.558853", "frame": 120, "mu": [0.1375410261016945, 3.662965924248502, 1.354235693646326], "Sigma": [[0.018655654441309608, -4.125963640954283e-05, -0.005922988917939345], [-4.125963640954299e-05, 0.005718319136793648, -0.004573136136149581], [-0.005922988917939346, -0.004573136136149581, 0.006790581519334139]], "chi2_level": 0.95, "chi2_df": 3, "chi2_threshold": 7.814727903251179, "N_raw": 70, "N_roi": 67, "N_inlier": 63, "refit": true}
{"timestamp": "18:51:18.607647", "frame": 121, "mu": [0.1054226657566365, 3.724492251946868, 0.9730814058321845], "Sigma": [[0.0033258480666095106, 0.004191197065748837, 0.005515112966094222], [0.004191197065748838, 0.013595651141407447, -0.03473273062523757], [0.005515112966094221, -0.03473273062523757, 0.2592810600396828]], "chi2_level": 0.95, "chi2_df": 3, "chi2_threshold": 7.814727903251179, "N_raw": 14, "N_roi": 11, "N_inlier": 10, "refit": true}
{"timestamp": "18:51:18.665344", "frame": 122, "mu": [0.0399742441897339, 3.7162003177498812, 1.122865078920326], "Sigma": [[0.009570243015021282, -0.0006265865281830272, 0.0001514445877508617], [-0.0006265865281830273, 0.0015506828434422703, -0.0003662117065689768], [0.0001514445877508617, -0.0003662117065689768, 8.754374396610366e-05]], "chi2_level": 0.95, "chi2_df": 3, "chi2_threshold": 7.814727903251179, "N_raw": 39, "N_roi": 22, "N_inlier": 20, "refit": true}
{"timestamp": "18:51:18.717958", "frame": 123, "mu": [-0.031267337644549295, 3.671405058452614, 0.38969093173600217], "Sigma": [[0.009931909209173825, 0.0006954713417398975, -0.002186210049631145], [0.0006954713417398975, 0.0016726614956099248, 0.000279600191517135], [-0.002186210049631145, 0.000279600191517135, 0.0011595690080141194]], "chi2_level": 0.95, "chi2_df": 3, "chi2_threshold": 7.814727903251179, "N_raw": 27, "N_roi": 25, "N_inlier": 21, "refit": true}
{"timestamp": "18:51:18.825439", "frame": 125, "mu": [-0.10589891050286057, 3.819289759712759, 0.04669107525809377], "Sigma": [[0.0006883005411603297, 0.004214128594774111, -0.010406585865011291], [0.004214128594774111, 0.03926583663778188, -0.08876216320451913], [-0.010406585865011291, -0.08876216320451913, 0.21199078901342494]], "chi2_level": 0.95, "chi2_df": 3, "chi2_threshold": 7.814727903251179, "N_raw": 10, "N_roi": 8, "N_inlier": 8, "refit": true}
{"timestamp": "18:51:18.880983", "frame": 126, "mu": [-0.23090652188175556, 3.699569196008976, 0.9405845735884235], "Sigma": [[0.001590041945053752, 0.0004348683611599697, 0.009512885045638355], [0.0004348683611599696, 0.006337416415968098, -0.03181781792265454], [0.009512885045638355, -0.03181781792265454, 0.308245605385349]], "chi2_level": 0.95, "chi2_df": 3, "chi2_threshold": 7.814727903251179, "N_raw": 10, "N_roi": 9, "N_inlier": 8, "refit": true}
{"timestamp": "18:51:18.936318", "frame": 127, "mu": [-0.3476393114552962, 3.719486337196341, 1.2518324669379681], "Sigma": [[0.011508358711608784, -0.010718679229252175, 0.03559806020019549], [-0.010718679229252175, 0.013612186293055575, -0.031249897352914353], [0.03559806020019549, -0.031249897352914353, 0.11367477061515781]], "chi2_level": 0.95, "chi2_df": 3, "chi2_threshold": 7.814727903251179, "N_raw": 11, "N_roi": 8, "N_inlier": 7, "refit": true}
{"timestamp": "18:51:18.991709", "frame": 128, "mu": [-0.39928866117237, 3.742153977775703, 1.2339463520781058], "Sigma": [[0.03795232444797446, -0.013834226326458147, 0.06570982746841855], [-0.013834226326458147, 0.0074678677639555945, -0.02415413025462901], [0.06570982746841855, -0.024154130254629015, 0.12144609229809537]], "chi2_level": 0.95, "chi2_df": 3, "chi2_threshold": 7.814727903251179, "N_raw": 13, "N_roi": 10, "N_inlier": 9, "refit": true}
{"timestamp": "18:51:19.052134", "frame": 129, "mu": [-0.46552012644596524, 3.584762618417773, 1.2249456691886558], "Sigma": [[0.01743456514651203, -0.0001195700541675403, -0.008219479098135076], [-0.0001195700541675403, 0.0017491719314762391, 0.00022760479282671705], [-0.008219479098135075, 0.00022760479282671705, 0.004582816821980306]], "chi2_level": 0.95, "chi2_df": 3, "chi2_threshold": 7.814727903251179, "N_raw": 56, "N_roi": 27, "N_inlier": 25, "refit": true}
{"timestamp": "18:51:19.103756", "frame": 130, "mu": [-0.4893381680888109, 3.659376693913872, 0.13410158066640454], "Sigma": [[0.01786590327960559, 3.197181754624511e-05, -0.004702097371718214], [3.197181754624511e-05, 0.0043213364561434054, -0.003518721132125789], [-0.004702097371718213, -0.003518721132125789, 0.005285784723558315]], "chi2_level": 0.95, "chi2_df": 3, "chi2_threshold": 7.814727903251179, "N_raw": 34, "N_roi": 31, "N_inlier": 28, "refit": true}
{"timestamp": "18:51:19.164086", "frame": 131, "mu": [-0.6324801870691878, 3.7220654509657916, -0.3994143531856052], "Sigma": [[0.019137355378636117, 0.004853580184580313, 0.042235327280381374], [0.0048535801845803125, 0.05766205007138097, 0.009702985728650552], [0.042235327280381374, 0.009702985728650554, 0.17569681704609136]], "chi2_level": 0.95, "chi2_df": 3, "chi2_threshold": 7.814727903251179, "N_raw": 64, "N_roi": 61, "N_inlier": 61, "refit": true}
{"timestamp": "18:51:19.211260", "frame": 132, "mu": [-0.7244262678980246, 3.843258826450554, -0.16113120457846475], "Sigma": [[0.000838340647348867, -0.003461290676578802, 0.0028109255441916446], [-0.003461290676578802, 0.054151813400041285, -0.06245124964188692], [0.002810925544191644, -0.06245124964188692, 0.07846067196962735]], "chi2_level": 0.95, "chi2_df": 3, "chi2_threshold": 7.814727903251179, "N_raw": 9, "N_roi": 7, "N_inlier": 7, "refit": true}
{"timestamp": "18:51:19.272970", "frame": 133, "mu": [-0.7576298754782518, 3.530117027079634, 1.1922138197879375], "Sigma": [[0.01996889672677197, 0.002592513991436615, -0.009017018909005333], [0.0025925139914366145, 0.008605410439462377, 0.006330474041127671], [-0.009017018909005333, 0.006330474041127671, 0.012396954870809869]], "chi2_level": 0.95, "chi2_df": 3, "chi2_threshold": 7.814727903251179, "N_raw": 58, "N_roi": 56, "N_inlier": 53, "refit": true}
{"timestamp": "18:51:19.325629", "frame": 134, "mu": [-0.8350080553873115, 3.56980708623702, 1.391383730601373], "Sigma": [[0.012723233570331218, 0.0038038643297299167, 2.2284325428594085e-05], [0.003803864329729917, 0.005289057355419402, 0.003096469399838364], [2.228432542859441e-05, 0.003096469399838364, 0.0034304720700261823]], "chi2_level": 0.95, "chi2_df": 3, "chi2_threshold": 7.814727903251179, "N_raw": 38, "N_roi": 35, "N_inlier": 33, "refit": true}
{"timestamp": "18:51:19.378878", "frame": 135, "mu": [-0.9068420063464561, 3.5926727449066362, 1.3555839271230452], "Sigma": [[0.007793763959932113, 0.0007649586652899912, -0.004307880868999504], [0.0007649586652899911, 0.002601017200101348, -0.0006497105705897365], [-0.004307880868999504, -0.0006497105705897365, 0.0036184370508780695]], "chi2_level": 0.95, "chi2_df": 3, "chi2_threshold": 7.814727903251179, "N_raw": 27, "N_roi": 24, "N_inlier": 20, "refit": true}
{"timestamp": "18:51:19.486457", "frame": 137, "mu": [-1.094549477265394, 3.523021314584008, 1.2157751747039436], "Sigma": [[0.0069793838961929285, 0.0005039485401092011, -0.005599936982025237], [0.0005039485401092011, 0.0013899368488456269, -0.0022819069720998175], [-0.005599936982025237, -0.002281906972099817, 0.008633796575981385]], "chi2_level": 0.95, "chi2_df": 3, "chi2_threshold": 7.814727903251179, "N_raw": 22, "N_roi": 20, "N_inlier": 19, "refit": true}
{"timestamp": "18:51:19.544355", "frame": 138, "mu": [-1.1070943883086017, 3.6101577360678614, 1.2587828798806813], "Sigma": [[0.009887347666643882, 0.0024001763398584673, -0.005204348147108718], [0.0024001763398584673, 0.0029345241602880172, -0.0030308131477270687], [-0.005204348147108719, -0.0030308131477270687, 0.005830146687043181]], "chi2_level": 0.95, "chi2_df": 3, "chi2_threshold": 7.814727903251179, "N_raw": 34, "N_roi": 31, "N_inlier": 29, "refit": true}
{"timestamp": "18:51:19.599706", "frame": 139, "mu": [-1.2385151510893664, 3.5740635331953583, 0.3313368610045506], "Sigma": [[0.01426381156573868, 0.008117723726442021, -0.007999920433065166], [0.008117723726442021, 0.010398010859549866, -0.005184091704884342], [-0.007999920433065166, -0.005184091704884342, 0.006292587051165842]], "chi2_level": 0.95, "chi2_df": 3, "chi2_threshold": 7.814727903251179, "N_raw": 39, "N_roi": 39, "N_inlier": 35, "refit": true}
{"timestamp": "18:51:19.660011", "frame": 140, "mu": [-1.2182186554650605, 3.6020652016393973, 1.0218970447062485], "Sigma": [[0.01855951865020833, 0.006687778134033124, -0.03279616273115443], [0.006687778134033124, 0.006932906503018615, -0.02200410276355039], [-0.03279616273115443, -0.02200410276355039, 0.10647889830365148]], "chi2_level": 0.95, "chi2_df": 3, "chi2_threshold": 7.814727903251179, "N_raw": 74, "N_roi": 71, "N_inlier": 67, "refit": true}
{"timestamp": "18:51:19.712263", "frame": 141, "mu": [-1.3838914026959268, 3.4997896976433363, 1.36510809806007], "Sigma": [[0.014782310167746924, 0.005183182786492466, -0.00967272727354126], [0.005183182786492466, 0.006829531118045512, -0.005726950295504927], [-0.00967272727354126, -0.005726950295504927, 0.010034568255715226]], "chi2_level": 0.95, "chi2_df": 3, "chi2_threshold": 7.814727903251179, "N_raw": 49, "N_roi": 47, "N_inlier": 43, "refit": true}
{"timestamp": "18:51:19.761813", "frame": 142, "mu": [-1.3071526310147783, 3.62783851540223, 0.5481498143793161], "Sigma": [[0.013397664145960055, 0.008497827211399986, -0.02922355727934918], [0.008497827211399986, 0.01280400221751988, -0.042368533579029546], [-0.02922355727934918, -0.042368533579029546, 0.1638929449820574]], "chi2_level": 0.95, "chi2_df": 3, "chi2_threshold": 7.814727903251179, "N_raw": 16, "N_roi": 16, "N_inlier": 15, "refit": true}
{"timestamp": "18:51:19.815145", "frame": 143, "mu": [-1.4932487057385406, 3.5816307259790316, 0.7657376464943255], "Sigma": [[0.0004031911557145368, 0.0005145627633542773, -0.0019291513850003723], [0.0005145627633542773, 0.020510272115705764, -0.059206669567357324], [-0.0019291513850003728, -0.05920666956735733, 0.1832984562163744]], "chi2_level": 0.95, "chi2_df": 3, "chi2_threshold": 7.814727903251179, "N_raw": 8, "N_roi": 7, "N_inlier": 7, "refit": true}
