{"timestamp": "17:43:10.486861", "frame": 12, "mu": [-2.4638084154915894, 3.751178676894655, 1.0056619972378602], "Sigma": [[0.0007805103619650233, 0.0012996482080443034, -0.001434365447752519], [0.0012996482080443034, 0.007340642029038239, -0.0072033463985369545], [-0.001434365447752519, -0.007203346398536954, 0.010173606454856132]], "chi2_level": 0.95, "chi2_df": 3, "chi2_threshold": 7.814727903251179, "N_raw": 64, "N_roi": 9, "N_inlier": 9, "refit": true}
{"timestamp": "17:43:10.647249", "frame": 15, "mu": [-2.4477224435295546, 3.640657658740044, 1.2412300366552933], "Sigma": [[0.00146592319371172, 0.0007122616610819438, 0.0004569723812670282], [0.0007122616610819437, 0.000840354203710678, -0.0013488327340169582], [0.0004569723812670282, -0.0013488327340169582, 0.005149864554138112]], "chi2_level": 0.95, "chi2_df": 3, "chi2_threshold": 7.814727903251179, "N_raw": 32, "N_roi": 8, "N_inlier": 7, "refit": true}
{"timestamp": "17:43:10.706389", "frame": 16, "mu": [-2.3838588386991537, 3.641447651980874, 0.9412823069719098], "Sigma": [[0.0072159778067516075, 0.002944997349119568, -0.006856248080207113], [0.002944997349119568, 0.0023061051323702807, -0.008870396546896416], [-0.006856248080207112, -0.008870396546896418, 0.06316300078327729]], "chi2_level": 0.95, "chi2_df": 3, "chi2_threshold": 7.814727903251179, "N_raw": 57, "N_roi": 28, "N_inlier": 27, "refit": true}
{"timestamp": "17:43:10.815431", "frame": 18, "mu": [-2.3840198076984778, 3.620891910407699, -0.3714390872544514], "Sigma": [[0.0061763129620594865, 0.005984678371120606, 0.020266017581053522], [0.005984678371120606, 0.017006149912321685, 0.039042548057892715], [0.020266017581053522, 0.039042548057892715, 0.1666241250883063]], "chi2_level": 0.95, "chi2_df": 3, "chi2_threshold": 7.814727903251179, "N_raw": 39, "N_roi": 23, "N_inlier": 22, "refit": true}
{"timestamp": "17:43:10.869027", "frame": 19, "mu": [-2.4165224645613494, 3.4399876721351865, 1.1167638256462329], "Sigma": [[0.002592840895483393, 0.0009106153067594345, -0.001192805623881949], [0.0009106153067594345, 0.0035992850518555817, -0.008424029919491413], [-0.001192805623881949, -0.008424029919491413, 0.024480253937661473]], "chi2_level": 0.95, "chi2_df": 3, "chi2_threshold": 7.814727903251179, "N_raw": 33, "N_roi": 15, "N_inlier": 15, "refit": true}
{"timestamp": "17:43:10.924805", "frame": 20, "mu": [-2.3817174100471377, 3.4113222201407956, 1.1990897041483113], "Sigma": [[0.005505418242546381, 0.0037386701265483178, 0.00146013644621845], [0.0037386701265483178, 0.007193424973126649, -0.009150522662159644], [0.0014601364462184497, -0.009150522662159644, 0.04287581955389308]], "chi2_level": 0.95, "chi2_df": 3, "chi2_threshold": 7.814727903251179, "N_raw": 39, "N_roi": 20, "N_inlier": 19, "refit": true}
{"timestamp": "17:43:11.033312", "frame": 22, "mu": [-2.371018141611372, 3.32192736303434, 1.2170233597230782], "Sigma": [[0.006026596091575851, 0.00395411078988951, -0.0018529354039815743], [0.00395411078988951, 0.0054992419066491475, -0.0037299057237640348], [-0.0018529354039815743, -0.0037299057237640348, 0.003456248511920844]], "chi2_level": 0.95, "chi2_df": 3, "chi2_threshold": 7.814727903251179, "N_raw": 22, "N_roi": 18, "N_inlier": 16, "refit": true}
{"timestamp": "17:43:11.086788", "frame": 23, "mu": [-2.4151251710822317, 3.323315983604299, 1.2377648140502864], "Sigma": [[0.00462383177310896, 0.0010956610962890158, 0.0013091347617961554], [0.0010956610962890158, 0.0033397718792394825, -0.005242389559530195], [0.0013091347617961554, -0.005242389559530195, 0.011252268762579358]], "chi2_level": 0.95, "chi2_df": 3, "chi2_threshold": 7.814727903251179, "N_raw": 14, "N_roi": 10, "N_inlier": 9, "refit": true}
{"timestamp": "17:43:11.145996", "frame": 24, "mu": [-2.289155065091904, 3.325545897555613, 1.2602867382264844], "Sigma": [[0.014811121623695024, 0.006452364655818114, -0.008283868473032668], [0.006452364655818114, 0.006003993421076082, -0.007328059215657729], [-0.008283868473032668, -0.007328059215657729, 0.010334016498103787]], "chi2_level": 0.95, "chi2_df": 3, "chi2_threshold": 7.814727903251179, "N_raw": 44, "N_roi": 34, "N_inlier": 33, "refit": true}
{"timestamp": "17:43:11.199399", "frame": 25, "mu": [-2.2222904549344236, 3.2842788258594457, 1.2659310455940977], "Sigma": [[0.007328293372706565, 0.004652826441925035, -0.0006403632193362572], [0.004652826441925034, 0.0062996468112145425, -0.010390386400889776], [-0.000640363219336257, -0.010390386400889776, 0.03035142850548728]], "chi2_level": 0.95, "chi2_df": 3, "chi2_threshold": 7.814727903251179, "N_raw": 24, "N_roi": 15, "N_inlier": 14, "refit": true}
{"timestamp": "17:43:11.253313", "frame": 26, "mu": [-2.156223487562382, 3.4752435006296967, -0.014113926507052224], "Sigma": [[0.02097544545990665, 0.019575764515175648, -0.008489951784066955], [0.019575764515175648, 0.023490576646252898, -0.010683200175622663], [-0.008489951784066953, -0.010683200175622663, 0.005521782946722459]], "chi2_level": 0.95, "chi2_df": 3, "chi2_threshold": 7.814727903251179, "N_raw": 26, "N_roi": 24, "N_inlier": 22, "refit": true}
{"timestamp": "17:43:11.310891", "frame": 27, "mu": [-2.1703640707756042, 3.3084168797260105, 1.1528100398542254], "Sigma": [[0.01691810150488681, 0.006362867037591851, -0.00965614825113118], [0.006362867037591851, 0.005296134809233127, -0.006294821984775843], [-0.00965614825113118, -0.006294821984775843, 0.009270041205145263]], "chi2_level": 0.95, "chi2_df": 3, "chi2_threshold": 7.814727903251179, "N_raw": 37, "N_roi": 35, "N_inlier": 34, "refit": true}
{"timestamp": "17:43:11.364583", "frame": 28, "mu": [-2.168926088785086, 3.192758063665659, 1.073498167535923], "Sigma": [[0.015177558150155292, 0.009126489962819714, -0.003946659621718298], [0.009126489962819716, 0.009019267971675909, -0.0038362383909867175], [-0.003946659621718298, -0.0038362383909867175, 0.0017590613587232494]], "chi2_level": 0.95, "chi2_df": 3, "chi2_threshold": 7.814727903251179, "N_raw": 32, "N_roi": 32, "N_inlier": 29, "refit": true}
{"timestamp": "17:43:11.423216", "frame": 29, "mu": [-2.066672796492726, 3.197293709852467, 1.2054622463853204], "Sigma": [[0.018887896545909385, 0.006173944316901837, -0.013517594720913906], [0.006173944316901837, 0.004343117199526529, -0.011727645954837261], [-0.013517594720913906, -0.011727645954837263, 0.04243120316787143]], "chi2_level": 0.95, "chi2_df": 3, "chi2_threshold": 7.814727903251179, "N_raw": 52, "N_roi": 51, "N_inlier": 49, "refit": true}
{"timestamp": "17:43:11.472559", "frame": 30, "mu": [-1.9335304857534277, 3.197639004205547, 0.8751244052657163], "Sigma": [[0.0015818923887057038, 0.0005072424922953733, -0.005276661079164307], [0.0005072424922953733, 0.001136281559542805, -0.006990947600726554], [-0.005276661079164307, -0.006990947600726554, 0.10884581806774365]], "chi2_level": 0.95, "chi2_df": 3, "chi2_threshold": 7.814727903251179, "N_raw": 12, "N_roi": 10, "N_inlier": 9, "refit": true}
{"timestamp": "17:43:11.530253", "frame": 31, "mu": [-1.949677646885475, 3.1251420715583946, 1.0300233867581436], "Sigma": [[0.01014250706454308, 0.003594559645980363, -0.003704948760614271], [0.0035945596459803636, 0.004810935718766843, -0.003448185055578731], [-0.003704948760614271, -0.003448185055578731, 0.007023597568819216]], "chi2_level": 0.95, "chi2_df": 3, "chi2_threshold": 7.814727903251179, "N_raw": 32, "N_roi": 32, "N_inlier": 30, "refit": true}
{"timestamp": "17:43:11.589471", "frame": 32, "mu": [-1.9333175139511642, 3.0769043625831793, 1.1425570001333811], "Sigma": [[0.023109436170396378, 0.011015404786088602, -0.00585022988894864], [0.0110154047860886, 0.013127547407485566, -0.00592599381241825], [-0.005850229888948641, -0.005925993812418249, 0.003853454268405727]], "chi2_level": 0.95, "chi2_df": 3, "chi2_threshold": 7.814727903251179, "N_raw": 69, "N_roi": 69, "N_inlier": 65, "refit": true}
{"timestamp": "17:43:11.641307", "frame": 33, "mu": [-1.9005185777315832, 3.049573040763782, 1.1441866474360616], "Sigma": [[0.009719462753216107, 0.003438924982550601, -0.0032326828382488646], [0.0034389249825506002, 0.005742047761923116, -0.005571270283548877], [-0.0032326828382488646, -0.005571270283548878, 0.007073293925846419]], "chi2_level": 0.95, "chi2_df": 3, "chi2_threshold": 7.814727903251179, "N_raw": 40, "N_roi": 40, "N_inlier": 38, "refit": true}
{"timestamp": "17:43:11.696689", "frame": 34, "mu": [-1.8654183776332405, 2.9850793081907647, 1.2083287868776251], "Sigma": [[0.014388824160647847, 0.007049271286708082, -0.011508485950076773], [0.007049271286708082, 0.006088317989193108, -0.010842859921217704], [-0.011508485950076773, -0.010842859921217704, 0.022094514281316098]], "chi2_level": 0.95, "chi2_df": 3, "chi2_threshold": 7.814727903251179, "N_raw": 43, "N_roi": 43, "N_inlier": 41, "refit": true}
{"timestamp": "17:43:11.754579", "frame": 35, "mu": [-1.8605299002375255, 2.9739726158981292, 1.2486570718406267], "Sigma": [[0.021338922009500213, 0.01586583885983138, -0.0123575484333485], [0.01586583885983138, 0.017663759868434596, -0.01517704668995428], [-0.012357548433348502, -0.01517704668995428, 0.016558260911869536]], "chi2_level": 0.95, "chi2_df": 3, "chi2_threshold": 7.814727903251179, "N_raw": 64, "N_roi": 64, "N_inlier": 62, "refit": true}
{"timestamp": "17:43:11.808183", "frame": 36, "mu": [-1.7527198870803193, 2.909780617201951, -0.46411607974569546], "Sigma": [[0.028441114178360503, 0.016203491908346752, 0.07341194338754439], [0.016203491908346752, 0.01248821046684146, 0.043365772635460376], [0.07341194338754439, 0.043365772635460376, 0.4641597237908189]], "chi2_level": 0.95, "chi2_df": 3, "chi2_threshold": 7.814727903251179, "N_raw": 56, "N_roi": 56, "N_inlier": 55, "refit": true}
{"timestamp": "17:43:11.863687", "frame": 37, "mu": [-1.6405524284493413, 2.929442968135734, -0.9277730639922991], "Sigma": [[0.030693697873813444, 0.030367848400433366, -0.0010978879002449767], [0.030367848400433366, 0.03724745248529261, 0.00713912781389008], [-0.0010978879002449772, 0.007139127813890079, 0.06657361813988527]], "chi2_level": 0.95, "chi2_df": 3, "chi2_threshold": 7.814727903251179, "N_raw": 63, "N_roi": 63, "N_inlier": 62, "refit": true}
{"timestamp": "17:43:11.921039", "frame": 38, "mu": [-1.5671330214791594, 2.8665849639042573, 0.8391539379491636], "Sigma": [[0.03218554879540238, 0.009455522457789474, -0.044697229434424605], [0.009455522457789474, 0.0050783172432574695, -0.01869480256486917], [-0.044697229434424605, -0.01869480256486917, 0.08572618403207692]], "chi2_level": 0.95, "chi2_df": 3, "chi2_threshold": 7.814727903251179, "N_raw": 72, "N_roi": 70, "N_inlier": 69, "refit": true}
{"timestamp": "17:43:11.971035", "frame": 39, "mu": [-1.7076342297424174, 2.903809734361029, -0.19577744684708132], "Sigma": [[0.027303946716724647, 0.026593109249391317, -0.03887313654164329], [0.026593109249391317, 0.031037113735571952, -0.04657389675690865], [-0.03887313654164329, -0.04657389675690865, 0.07236856410915556]], "chi2_level": 0.95, "chi2_df": 3, "chi2_threshold": 7.814727903251179, "N_raw": 40, "N_roi": 40, "N_inlier": 38, "refit": true}
{"timestamp": "17:43:12.025154", "frame": 40, "mu": [-1.5840083058633447, 2.8127207370867584, 1.1108498213478695], "Sigma": [[0.011562468748886013, 0.0032669976658988333, -0.012032648413555584], [0.0032669976658988337, 0.0033161166119356333, -0.005332647743158172], [-0.012032648413555586, -0.005332647743158172, 0.01937687230762047]], "chi2_level": 0.95, "chi2_df": 3, "chi2_threshold": 7.814727903251179, "N_raw": 37, "N_roi": 37, "N_inlier": 33, "refit": true}
{"timestamp": "17:43:12.084796", "frame": 41, "mu": [-1.5554899263146584, 2.7380078367793783, 0.996621974670031], "Sigma": [[0.02111480005101203, 0.009246963255637404, -0.03799672331135318], [0.009246963255637404, 0.008524182264819156, -0.021760388735194713], [-0.03799672331135319, -0.021760388735194713, 0.08053411485084294]], "chi2_level": 0.95, "chi2_df": 3, "chi2_threshold": 7.814727903251179, "N_raw": 67, "N_roi": 67, "N_inlier": 65, "refit": true}
{"timestamp": "17:43:12.140818", "frame": 42, "mu": [-1.4469371991357756, 2.664091237689205, 0.9097174475397604], "Sigma": [[0.014758251678268662, 0.006678957626478801, -0.019587549351058827], [0.006678957626478801, 0.016055459667478844, -0.017759446684065795], [-0.019587549351058827, -0.017759446684065795, 0.035979328582526324]], "chi2_level": 0.95, "chi2_df": 3, "chi2_threshold": 7.814727903251179, "N_raw": 74, "N_roi": 74, "N_inlier": 71, "refit": true}
{"timestamp": "17:43:12.189513", "frame": 43, "mu": [-1.3477210941235822, 2.694531501365348, 0.7226730689761155], "Sigma": [[0.012172380373065584, 0.00672108941951929, -0.019453935520457332], [0.006721089419519291, 0.00701334961081677, -0.014722929847012742], [-0.019453935520457332, -0.01472292984701274, 0.04092957948062187]], "chi2_level": 0.95, "chi2_df": 3, "chi2_threshold": 7.814727903251179, "N_raw": 19, "N_roi": 18, "N_inlier": 17, "refit": true}
{"timestamp": "17:43:12.244493", "frame": 44, "mu": [-1.5713578335322347, 2.5170995049042517, 1.388993236016295], "Sigma": [[0.009104770494277978, 0.001208841892209567, -0.008985300284512889], [0.001208841892209567, 0.002997934295346597, -0.0029652653715113563], [-0.008985300284512889, -0.002965265371511356, 0.011257825117978371]], "chi2_level": 0.95, "chi2_df": 3, "chi2_threshold": 7.814727903251179, "N_raw": 34, "N_roi": 34, "N_inlier": 32, "refit": true}
{"timestamp": "17:43:12.303617", "frame": 45, "mu": [-1.438857481761872, 2.5646851963045068, 1.2717523185119084], "Sigma": [[0.014145984009980224, 0.006054672328436088, -0.006639319023809082], [0.006054672328436088, 0.00830408049350423, -0.00591492016855609], [-0.006639319023809082, -0.00591492016855609, 0.00919588227953798]], "chi2_level": 0.95, "chi2_df": 3, "chi2_threshold": 7.814727903251179, "N_raw": 61, "N_roi": 61, "N_inlier": 57, "refit": true}
{"timestamp": "17:43:12.355082", "frame": 46, "mu": [-1.3181298251763867, 2.7480099456370177, -0.4145670552144211], "Sigma": [[0.011599080434709192, 0.008014096853900223, -0.01792844429559632], [0.008014096853900223, 0.013411576149223276, -0.026570415858908167], [-0.01792844429559632, -0.02657041585890817, 0.0607834851453026]], "chi2_level": 0.95, "chi2_df": 3, "chi2_threshold": 7.814727903251179, "N_raw": 32, "N_roi": 32, "N_inlier": 30, "refit": true}
{"timestamp": "17:43:12.409400", "frame": 47, "mu": [-1.1354100130734601, 2.7807564414137476, -0.4420046143522649], "Sigma": [[0.050522719589696605, 0.03971445476335289, -0.04874897386401782], [0.03971445476335289, 0.034389459867500694, -0.03865529944578826], [-0.04874897386401782, -0.03865529944578826, 0.04793902362287957]], "chi2_level": 0.95, "chi2_df": 3, "chi2_threshold": 7.814727903251179, "N_raw": 30, "N_roi": 30, "N_inlier": 27, "refit": true}
{"timestamp": "17:43:12.466733", "frame": 48, "mu": [-1.3692723471204522, 2.5543033873459686, -0.14582150340392544], "Sigma": [[0.014351116259842955, 0.008699451356648418, 0.0015205419840319022], [0.00869945135664842, 0.011359942398227761, -0.0006783413787258713], [0.0015205419840319014, -0.0006783413787258721, 0.03647371149964673]], "chi2_level": 0.95, "chi2_df": 3, "chi2_threshold": 7.814727903251179, "N_raw": 41, "N_roi": 41, "N_inlier": 37, "refit": true}
{"timestamp": "17:43:12.520278", "frame": 49, "mu": [-1.2976169979359755, 2.414185702754109, 1.2671412962702702], "Sigma": [[0.008034907957723372, 0.0013183321016955944, -0.005552682283192401], [0.0013183321016955946, 0.0017020249439330473, -0.006614399023233998], [-0.005552682283192402, -0.006614399023233997, 0.028687645705053777]], "chi2_level": 0.95, "chi2_df": 3, "chi2_threshold": 7.814727903251179, "N_raw": 29, "N_roi": 29, "N_inlier": 26, "refit": true}
{"timestamp": "17:43:12.576980", "frame": 50, "mu": [-0.9199886517304658, 2.5454442505397648, 0.9285664309729723], "Sigma": [[0.02180044640180636, 0.005763220551480778, -0.0022644929381056217], [0.005763220551480777, 0.005889261828285871, -0.0030479550006051533], [-0.0022644929381056217, -0.0030479550006051537, 0.0033396919140025634]], "chi2_level": 0.95, "chi2_df": 3, "chi2_threshold": 7.814727903251179, "N_raw": 49, "N_roi": 49, "N_inlier": 45, "refit": true}
{"timestamp": "17:43:12.631928", "frame": 51, "mu": [-1.0377282771836736, 2.460857655689101, 1.1584676008101853], "Sigma": [[0.011406732335884521, 0.010114811448169999, -0.012535771342849632], [0.010114811448169999, 0.013402222324228979, -0.018587466108030238], [-0.01253577134284963, -0.018587466108030238, 0.03001948773798121]], "chi2_level": 0.95, "chi2_df": 3, "chi2_threshold": 7.814727903251179, "N_raw": 42, "N_roi": 42, "N_inlier": 38, "refit": true}
{"timestamp": "17:43:12.691424", "frame": 52, "mu": [-1.0253720106546718, 2.368933444563187, 1.1035540675387496], "Sigma": [[0.013172211386799368, 0.005814820432895771, -0.011394369465402879], [0.005814820432895771, 0.009208083074585824, -0.009520192105438408], [-0.011394369465402879, -0.009520192105438408, 0.03271395369969953]], "chi2_level": 0.95, "chi2_df": 3, "chi2_threshold": 7.814727903251179, "N_raw": 82, "N_roi": 79, "N_inlier": 79, "refit": true}
{"timestamp": "17:43:12.742487", "frame": 53, "mu": [-0.8935155090015021, 2.3825946392856556, 1.0799178971190733], "Sigma": [[0.01111301848614925, 0.008137495332132823, -0.014897909271959447], [0.008137495332132823, 0.008901492334241855, -0.01701757925559164], [-0.014897909271959449, -0.01701757925559164, 0.042441366991170876]], "chi2_level": 0.95, "chi2_df": 3, "chi2_threshold": 7.814727903251179, "N_raw": 42, "N_roi": 42, "N_inlier": 41, "refit": true}
{"timestamp": "17:43:12.803486", "frame": 54, "mu": [-0.9710981917066249, 2.2399386188736674, 1.1210010164182016], "Sigma": [[0.014626256716837116, 0.0029633883423123017, -0.006765757641934263], [0.0029633883423123013, 0.005213165272983044, -0.008350868595560373], [-0.006765757641934263, -0.008350868595560373, 0.018211064079019353]], "chi2_level": 0.95, "chi2_df": 3, "chi2_threshold": 7.814727903251179, "N_raw": 93, "N_roi": 90, "N_inlier": 85, "refit": true}
{"timestamp": "17:43:12.861548", "frame": 55, "mu": [-0.9041179228492047, 2.265030067404023, 1.2092191776516943], "Sigma": [[0.018244387242367748, 0.0070286049276545946, -0.020328618995176226], [0.007028604927654595, 0.007549610352228154, -0.017083966061281555], [-0.020328618995176226, -0.017083966061281555, 0.047867901717596396]], "chi2_level": 0.95, "chi2_df": 3, "chi2_threshold": 7.814727903251179, "N_raw": 106, "N_roi": 104, "N_inlier": 100, "refit": true}
{"timestamp": "17:43:12.915138", "frame": 56, "mu": [-0.8013835768759869, 2.2516140230612716, 1.043369211118728], "Sigma": [[0.019116684702003717, 0.013064277094319458, -0.011537760503199136], [0.013064277094319458, 0.014622007177095926, -0.01081516637688068], [-0.011537760503199134, -0.01081516637688068, 0.0360185047760208]], "chi2_level": 0.95, "chi2_df": 3, "chi2_threshold": 7.814727903251179, "N_raw": 102, "N_roi": 102, "N_inlier": 98, "refit": true}
{"timestamp": "17:43:12.971495", "frame": 57, "mu": [-0.8109505766334457, 2.2603984023770267, -0.5690285638399084], "Sigma": [[0.013761716540310465, 0.015887555488000044, 0.013317130651140131], [0.01588755548800004, 0.029731914414067025, 0.006991529103276972], [0.013317130651140131, 0.006991529103276971, 0.07977368556822337]], "chi2_level": 0.95, "chi2_df": 3, "chi2_threshold": 7.814727903251179, "N_raw": 104, "N_roi": 104, "N_inlier": 100, "refit": true}
{"timestamp": "17:43:13.027375", "frame": 58, "mu": [-0.727466658094702, 2.095032436551982, 0.9507397053240079], "Sigma": [[0.021518716275317984, 0.006034022972278209, -0.03424142060220857], [0.006034022972278211, 0.00583621310829288, -0.013384056500208213], [-0.03424142060220857, -0.013384056500208213, 0.0791181546350665]], "chi2_level": 0.95, "chi2_df": 3, "chi2_threshold": 7.814727903251179, "N_raw": 111, "N_roi": 110, "N_inlier": 104, "refit": true}
{"timestamp": "17:43:13.081619", "frame": 59, "mu": [-0.7224159271309211, 2.031949608685027, 1.012511226442387], "Sigma": [[0.015453642792401455, 0.005489074635624631, -0.017992642007599237], [0.005489074635624629, 0.011586037719065563, -0.008966897694940728], [-0.017992642007599237, -0.008966897694940728, 0.02671053382810529]], "chi2_level": 0.95, "chi2_df": 3, "chi2_threshold": 7.814727903251179, "N_raw": 102, "N_roi": 102, "N_inlier": 98, "refit": true}
{"timestamp": "17:43:13.136331", "frame": 60, "mu": [-0.6656453191065382, 2.050941537367761, -0.16596247352329907], "Sigma": [[0.013338351119619616, 0.0002381178322937048, 0.04849046863468424], [0.00023811783229370502, 0.011283771275634383, -0.014016947956410414], [0.04849046863468424, -0.014016947956410414, 0.3560002951268705]], "chi2_level": 0.95, "chi2_df": 3, "chi2_threshold": 7.814727903251179, "N_raw": 104, "N_roi": 104, "N_inlier": 99, "refit": true}
{"timestamp": "17:43:13.191725", "frame": 61, "mu": [-0.6164570526678546, 2.1269766776525216, -0.5079042184632806], "Sigma": [[0.012195383104361173, 0.009221335525932017, -0.014697254294588215], [0.009221335525932017, 0.023904138719537317, -0.019940076796593143], [-0.014697254294588215, -0.019940076796593143, 0.028517504593716873]], "chi2_level": 0.95, "chi2_df": 3, "chi2_threshold": 7.814727903251179, "N_raw": 102, "N_roi": 102, "N_inlier": 95, "refit": true}
{"timestamp": "17:43:13.244363", "frame": 62, "mu": [-0.5514164049718236, 1.920926593960643, -0.564739319321107], "Sigma": [[0.011864935904877588, -0.001027761471587383, 0.059958477996204046], [-0.0010277614715873832, 0.02758489752022205, -0.015039273679861201], [0.05995847799620404, -0.015039273679861197, 0.43180767906485845]], "chi2_level": 0.95, "chi2_df": 3, "chi2_threshold": 7.814727903251179, "N_raw": 87, "N_roi": 87, "N_inlier": 83, "refit": true}
{"timestamp": "17:43:13.304160", "frame": 63, "mu": [-0.4857611490695445, 2.0169926259909077, 0.13489986269284948], "Sigma": [[0.009875758058153957, 0.0005847688037301943, 0.05362353629869019], [0.0005847688037301942, 0.009635261840949556, -0.004127273938877904], [0.0536235362986902, -0.004127273938877905, 0.45415860112931755]], "chi2_level": 0.95, "chi2_df": 3, "chi2_threshold": 7.814727903251179, "N_raw": 121, "N_roi": 119, "N_inlier": 111, "refit": true}
{"timestamp": "17:43:13.354346", "frame": 64, "mu": [-0.5033934467208059, 1.963778259054673, -0.06421646814527432], "Sigma": [[0.00792845802256327, -0.002699663144541305, 0.037450326613326604], [-0.002699663144541305, 0.012237681397442393, -0.02574695595343188], [0.037450326613326604, -0.02574695595343187, 0.30452290516725705]], "chi2_level": 0.95, "chi2_df": 3, "chi2_threshold": 7.814727903251179, "N_raw": 92, "N_roi": 92, "N_inlier": 87, "refit": true}
{"timestamp": "17:43:13.411137", "frame": 65, "mu": [-0.4341176588095772, 2.0359512940770736, -0.4235084498349732], "Sigma": [[0.010921584524567407, 0.007942579496167137, -0.008402416146639157], [0.007942579496167137, 0.012276172749121817, -0.015505659938834068], [-0.008402416146639157, -0.015505659938834068, 0.027565677468249235]], "chi2_level": 0.95, "chi2_df": 3, "chi2_threshold": 7.814727903251179, "N_raw": 97, "N_roi": 97, "N_inlier": 91, "refit": true}
{"timestamp": "17:43:13.462327", "frame": 66, "mu": [-0.4029369601013664, 1.8956571041212085, -0.46353582610796207], "Sigma": [[0.0060517892987467575, 0.004866786414236586, 0.019847925305143246], [0.004866786414236586, 0.010402465735614203, 0.016475563665462184], [0.019847925305143246, 0.01647556366546218, 0.09519151412118818]], "chi2_level": 0.95, "chi2_df": 3, "chi2_threshold": 7.814727903251179, "N_raw": 77, "N_roi": 74, "N_inlier": 67, "refit": true}
{"timestamp": "17:43:13.516070", "frame": 67, "mu": [-0.37138563159064153, 1.8318676337866735, 1.1958860243771967], "Sigma": [[0.005460830426625036, -7.297715597834868e-05, -0.0031469347390644404], [-7.297715597834876e-05, 0.0034198683294259765, -0.004286780952553396], [-0.0031469347390644404, -0.004286780952553397, 0.011002507953462201]], "chi2_level": 0.95, "chi2_df": 3, "chi2_threshold": 7.814727903251179, "N_raw": 67, "N_roi": 66, "N_inlier": 60, "refit": true}
{"timestamp": "17:43:13.577732", "frame": 68, "mu": [-0.29153475167877313, 1.7720324076087142, 1.2318599303896405], "Sigma": [[0.008764418341269812, 0.0012761739864907379, 0.010564374264053034], [0.0012761739864907379, 0.004758428512034735, 0.00978981912013267], [0.010564374264053034, 0.009789819120132673, 0.21409986579455126]], "chi2_level": 0.95, "chi2_df": 3, "chi2_threshold": 7.814727903251179, "N_raw": 111, "N_roi": 111, "N_inlier": 106, "refit": true}
{"timestamp": "17:43:13.639552", "frame": 69, "mu": [-0.18123824095586372, 1.7621112904377811, 1.2399276648174324], "Sigma": [[0.037525947958220215, -6.893423684760673e-05, -0.03725868742450414], [-6.893423684760656e-05, 0.0031434065325917524, -0.0087188280008294], [-0.03725868742450414, -0.0087188280008294, 0.10326396979943661]], "chi2_level": 0.95, "chi2_df": 3, "chi2_threshold": 7.814727903251179, "N_raw": 150, "N_roi": 150, "N_inlier": 144, "refit": true}
{"timestamp": "17:43:13.691133", "frame": 70, "mu": [-0.042367708452027475, 1.7656111009154385, 1.2324177112324481], "Sigma": [[0.027408676148326015, 0.005647789942640499, -0.04169055278406698], [0.005647789942640499, 0.007253328695375581, -0.013808112236480286], [-0.04169055278406698, -0.013808112236480284, 0.0939798918916197]], "chi2_level": 0.95, "chi2_df": 3, "chi2_threshold": 7.814727903251179, "N_raw": 121, "N_roi": 119, "N_inlier": 115, "refit": true}
{"timestamp": "17:43:13.736552", "frame": 71, "mu": [0.09430681406225348, 1.7229598244909892, 0.9798567598058964], "Sigma": [[0.043027201652595576, 0.001595679536911092, -0.036772181968814904], [0.0015956795369110924, 0.006391047758913214, -0.0048086173866392365], [-0.036772181968814904, -0.0048086173866392365, 0.04163986077391811]], "chi2_level": 0.95, "chi2_df": 3, "chi2_threshold": 7.814727903251179, "N_raw": 66, "N_roi": 66, "N_inlier": 62, "refit": true}
{"timestamp": "17:43:13.785930", "frame": 72, "mu": [-0.10958798090158889, 1.6142434255959686, 1.5218102322716638], "Sigma": [[0.0050692177786333375, 0.0013861658282428846, 0.006422318850037866], [0.0013861658282428844, 0.0015964385407799138, 0.000747744544162741], [0.006422318850037866, 0.0007477445441627412, 0.02340910880576342]], "chi2_level": 0.95, "chi2_df": 3, "chi2_threshold": 7.814727903251179, "N_raw": 36, "N_roi": 36, "N_inlier": 31, "refit": true}
{"timestamp": "17:43:13.848322", "frame": 73, "mu": [-0.1028025717834068, 1.5734638391545863, 1.3509562260126373], "Sigma": [[0.006364945073677015, 0.0007181659952409446, 0.003122507505588181], [0.0007181659952409446, 0.0028461075533984335, 0.001638201985806226], [0.0031225075055881816, 0.001638201985806226, 0.09957301014306767]], "chi2_level": 0.95, "chi2_df": 3, "chi2_threshold": 7.814727903251179, "N_raw": 90, "N_roi": 90, "N_inlier": 79, "refit": true}
{"timestamp": "17:43:13.910486", "frame": 74, "mu": [-0.07744312465532299, 1.6476327874381815, -0.6642233300903642], "Sigma": [[0.006281884075446296, 0.003164465687402645, 0.017495537000705254], [0.003164465687402645, 0.030448756673959798, -0.059355761771527155], [0.017495537000705254, -0.059355761771527155, 0.3219393808192072]], "chi2_level": 0.95, "chi2_df": 3, "chi2_threshold": 7.814727903251179, "N_raw": 123, "N_roi": 123, "N_inlier": 115, "refit": true}
{"timestamp": "17:43:13.965349", "frame": 75, "mu": [0.039226501023652716, 1.5475454589293702, 1.1398444507004095], "Sigma": [[0.014180185571637745, 0.01138709874080366, -0.003277602727344516], [0.01138709874080366, 0.014240054233595275, -0.0064656037350380845], [-0.003277602727344516, -0.0064656037350380845, 0.036152008306600425]], "chi2_level": 0.95, "chi2_df": 3, "chi2_threshold": 7.814727903251179, "N_raw": 125, "N_roi": 125, "N_inlier": 116, "refit": true}
{"timestamp": "17:43:14.020635", "frame": 76, "mu": [0.013974158696924512, 1.6312338742678356, -0.6084834195933528], "Sigma": [[0.0062338583058913245, 0.003216223858727308, 0.0014355965502653755], [0.003216223858727308, 0.020029346053523932, -0.06322701951900506], [0.0014355965502653753, -0.06322701951900506, 0.24836317564530674]], "chi2_level": 0.95, "chi2_df": 3, "chi2_threshold": 7.814727903251179, "N_raw": 128, "N_roi": 128, "N_inlier": 120, "refit": true}
{"timestamp": "17:43:14.060873", "frame": 77, "mu": [0.06867877577970542, 1.6866101722629185, -0.6501043763220373], "Sigma": [[0.003754379071280264, -0.006693027161356075, 0.033504318413862616], [-0.006693027161356075, 0.022273063498133967, -0.09095495853948075], [0.03350431841386261, -0.09095495853948074, 0.4126194193262203]], "chi2_level": 0.95, "chi2_df": 3, "chi2_threshold": 7.814727903251179, "N_raw": 27, "N_roi": 27, "N_inlier": 25, "refit": true}
{"timestamp": "17:43:14.122318", "frame": 78, "mu": [0.11469768606472629, 1.4047085541902586, 1.5866056990139723], "Sigma": [[0.004358332862233909, 0.00013267978448874037, -0.0010351061710667801], [0.00013267978448874032, 0.005455687930898483, -0.0030050822014334438], [-0.0010351061710667801, -0.0030050822014334438, 0.0029450976361626814]], "chi2_level": 0.95, "chi2_df": 3, "chi2_threshold": 7.814727903251179, "N_raw": 80, "N_roi": 76, "N_inlier": 73, "refit": true}
{"timestamp": "17:43:14.180635", "frame": 79, "mu": [0.10583564551566067, 1.3348380410150689, 1.4390674612670615], "Sigma": [[0.00953867558697964, 0.0008754143519720513, 0.0004573642501075866], [0.0008754143519720513, 0.002460498840159699, -0.001749565470808794], [0.0004573642501075867, -0.0017495654708087943, 0.04287314691081667]], "chi2_level": 0.95, "chi2_df": 3, "chi2_threshold": 7.814727903251179, "N_raw": 99, "N_roi": 96, "N_inlier": 90, "refit": true}
{"timestamp": "17:43:14.228391", "frame": 80, "mu": [0.10781339980216591, 1.267564416881036, 1.4389853596598434], "Sigma": [[0.0033037018508888637, 5.53366499964847e-06, 0.0011882842355262374], [5.533664999648463e-06, 0.002200127342484241, -0.0012575189124772912], [0.0011882842355262374, -0.0012575189124772912, 0.003342742233628044]], "chi2_level": 0.95, "chi2_df": 3, "chi2_threshold": 7.814727903251179, "N_raw": 51, "N_roi": 51, "N_inlier": 46, "refit": true}
{"timestamp": "17:43:14.285081", "frame": 81, "mu": [0.1561116734284241, 1.2563904499962935, 1.2569591726073113], "Sigma": [[0.004242277195028263, 0.000607920745803806, 0.010094165373223682], [0.0006079207458038062, 0.0030644408934931144, 0.0018212447987564612], [0.010094165373223682, 0.0018212447987564608, 0.07687569587416633]], "chi2_level": 0.95, "chi2_df": 3, "chi2_threshold": 7.814727903251179, "N_raw": 66, "N_roi": 66, "N_inlier": 63, "refit": true}
{"timestamp": "17:43:14.341744", "frame": 82, "mu": [0.2097808856756529, 1.2603804364299172, 1.4561645329044288], "Sigma": [[0.003104443293855348, 0.0001548253903047191, -0.0013542278177523413], [0.00015482539030471903, 0.007069554994276995, -0.0028373474010247005], [-0.0013542278177523413, -0.0028373474010247005, 0.0021404457191388495]], "chi2_level": 0.95, "chi2_df": 3, "chi2_threshold": 7.814727903251179, "N_raw": 75, "N_roi": 75, "N_inlier": 72, "refit": true}
{"timestamp": "17:43:14.395823", "frame": 83, "mu": [0.2639588692355691, 1.3113908819158455, -0.37529797341606724], "Sigma": [[0.003922485911005413, 0.003288148735752284, 0.0027996620383280916], [0.003288148735752284, 0.008579939957384554, 0.002511243611025293], [0.0027996620383280916, 0.0025112436110252927, 0.015179159673909233]], "chi2_level": 0.95, "chi2_df": 3, "chi2_threshold": 7.814727903251179, "N_raw": 70, "N_roi": 70, "N_inlier": 66, "refit": true}
{"timestamp": "17:43:14.451032", "frame": 84, "mu": [0.29545605075535863, 1.1958479385992422, 1.3388871314975972], "Sigma": [[0.007734934536262522, 0.004196397074863047, -0.0007424896137663989], [0.004196397074863047, 0.0074426031743728945, 0.0002326632199130983], [-0.0007424896137663989, 0.00023266321991309826, 0.001948572487453716]], "chi2_level": 0.95, "chi2_df": 3, "chi2_threshold": 7.814727903251179, "N_raw": 72, "N_roi": 72, "N_inlier": 68, "refit": true}
{"timestamp": "17:43:14.505375", "frame": 85, "mu": [0.3697558932237838, 1.1480760223049329, 1.333262967813459], "Sigma": [[0.005415014269472875, 0.0037612839659334615, 0.0001829248546281585], [0.0037612839659334615, 0.006037904191821166, -0.0015600433139280993], [0.0001829248546281586, -0.0015600433139280993, 0.002252166258391635]], "chi2_level": 0.95, "chi2_df": 3, "chi2_threshold": 7.814727903251179, "N_raw": 74, "N_roi": 74, "N_inlier": 70, "refit": true}
{"timestamp": "17:43:14.562197", "frame": 86, "mu": [0.3878068169024655, 1.1190562762074494, 1.3515123039873151], "Sigma": [[0.006338258933562223, 0.004604139923181537, -0.0012937059821997946], [0.004604139923181537, 0.008730424385316125, -0.001375538264224565], [-0.0012937059821997944, -0.001375538264224565, 0.000483158586921995]], "chi2_level": 0.95, "chi2_df": 3, "chi2_threshold": 7.814727903251179, "N_raw": 79, "N_roi": 79, "N_inlier": 75, "refit": true}
{"timestamp": "17:43:14.613281", "frame": 87, "mu": [0.4547592529782598, 1.1079944627924374, 1.3782634645237943], "Sigma": [[0.004878121268588093, 0.001991805422307726, -0.001029913815865886], [0.001991805422307726, 0.0049221151361796564, 0.0003012652648032939], [-0.0010299138158658858, 0.0003012652648032939, 0.0006570322496255537]], "chi2_level": 0.95, "chi2_df": 3, "chi2_threshold": 7.814727903251179, "N_raw": 51, "N_roi": 51, "N_inlier": 49, "refit": true}
{"timestamp": "17:43:14.663594", "frame": 88, "mu": [0.5239809264311495, 1.163547889528889, -0.19856234335267722], "Sigma": [[0.0014860654767818214, 0.00010734419471708933, 0.0018421917838528025], [0.00010734419471708932, 0.001945555824487692, -0.00010036658362077509], [0.0018421917838528025, -0.00010036658362077503, 0.0029596435519717947]], "chi2_level": 0.95, "chi2_df": 3, "chi2_threshold": 7.814727903251179, "N_raw": 24, "N_roi": 24, "N_inlier": 22, "refit": true}
{"timestamp": "17:43:14.724004", "frame": 89, "mu": [0.5828582146302824, 1.0387993702397873, 1.5128113327048935], "Sigma": [[0.004169447189423614, 0.0006007960905925066, 0.0008351017744720698], [0.0006007960905925064, 0.004069830602816268, -0.002046439565577962], [0.0008351017744720698, -0.0020464395655779614, 0.002140455625909944]], "chi2_level": 0.95, "chi2_df": 3, "chi2_threshold": 7.814727903251179, "N_raw": 66, "N_roi": 66, "N_inlier": 64, "refit": true}
{"timestamp": "17:43:14.776552", "frame": 90, "mu": [0.6195966840271496, 1.0321443120864646, -0.3409447767349881], "Sigma": [[0.0024190414386091757, 0.0014124643603541046, 0.0039007921973082467], [0.0014124643603541046, 0.0024503279833438312, 0.0011045492417013694], [0.0039007921973082467, 0.0011045492417013697, 0.01852149674536851]], "chi2_level": 0.95, "chi2_df": 3, "chi2_threshold": 7.814727903251179, "N_raw": 40, "N_roi": 39, "N_inlier": 36, "refit": true}
{"timestamp": "17:43:14.834372", "frame": 91, "mu": [0.6526280597071671, 0.977550023946647, 1.4796100475443457], "Sigma": [[0.003884453190539138, 0.000876768862242629, -0.00048348512753862937], [0.000876768862242629, 0.0035141093344556334, -0.0014608554428105396], [-0.0004834851275386293, -0.0014608554428105398, 0.0022367645257159344]], "chi2_level": 0.95, "chi2_df": 3, "chi2_threshold": 7.814727903251179, "N_raw": 56, "N_roi": 54, "N_inlier": 53, "refit": true}
{"timestamp": "17:43:14.882085", "frame": 92, "mu": [0.7119268971298137, 0.935260616025008, 1.143692411591124], "Sigma": [[0.004015902911959564, 0.0004314301618255544, -0.032077012254684865], [0.0004314301618255544, 0.0023135985728436276, 0.014100538852596227], [-0.032077012254684865, 0.014100538852596227, 0.46402420879795603]], "chi2_level": 0.95, "chi2_df": 3, "chi2_threshold": 7.814727903251179, "N_raw": 9, "N_roi": 9, "N_inlier": 7, "refit": true}
{"timestamp": "17:43:14.941160", "frame": 93, "mu": [0.7020624713751715, 0.8999356031685487, 1.346557192646706], "Sigma": [[0.0026818034986731184, 0.0010484244144407292, -0.0007478409625368656], [0.0010484244144407292, 0.005942643109757543, 0.0009567255498931566], [-0.0007478409625368656, 0.0009567255498931566, 0.001112423357260895]], "chi2_level": 0.95, "chi2_df": 3, "chi2_threshold": 7.814727903251179, "N_raw": 35, "N_roi": 35, "N_inlier": 34, "refit": true}
{"timestamp": "17:43:14.998147", "frame": 94, "mu": [0.7178726940648081, 0.9169821709011756, 1.6064052222870437], "Sigma": [[0.0028010975288230554, 0.00017333951751848217, -0.0023826774250494806], [0.00017333951751848214, 0.003166902149219728, -0.0026240630953025257], [-0.0023826774250494806, -0.0026240630953025252, 0.00531987910842375]], "chi2_level": 0.95, "chi2_df": 3, "chi2_threshold": 7.814727903251179, "N_raw": 49, "N_roi": 49, "N_inlier": 48, "refit": true}
{"timestamp": "17:43:15.051884", "frame": 95, "mu": [0.7668903035825512, 0.7437180821314346, 1.4347646220475183], "Sigma": [[0.0024141478286496564, 0.00041236831358934566, -0.0009595548488566786], [0.00041236831358934577, 0.0019169990109955328, 0.0020418545947113185], [-0.0009595548488566785, 0.0020418545947113185, 0.017334687111815045]], "chi2_level": 0.95, "chi2_df": 3, "chi2_threshold": 7.814727903251179, "N_raw": 42, "N_roi": 42, "N_inlier": 40, "refit": true}
{"timestamp": "17:43:15.103601", "frame": 96, "mu": [0.7647902504996091, 0.766745706736053, 1.202387436113426], "Sigma": [[0.0011339048224169872, 0.0016082203858572227, 0.004719852844512814], [0.001608220385857223, 0.0088195947275385, -0.020432728375813856], [0.004719852844512814, -0.020432728375813856, 0.216894439428819]], "chi2_level": 0.95, "chi2_df": 3, "chi2_threshold": 7.814727903251179, "N_raw": 20, "N_roi": 18, "N_inlier": 17, "refit": true}
{"timestamp": "17:43:15.211270", "frame": 98, "mu": [0.8921782132445786, 0.7949651726002767, 0.9525297114785597], "Sigma": [[0.001848354518023981, -0.0003920225596537916, 0.020380405156848337], [-0.0003920225596537917, 0.010494817198232762, -0.06105100138370188], [0.020380405156848337, -0.06105100138370189, 0.63625217807858]], "chi2_level": 0.95, "chi2_df": 3, "chi2_threshold": 7.814727903251179, "N_raw": 7, "N_roi": 7, "N_inlier": 7, "refit": true}
{"timestamp": "17:43:15.267253", "frame": 99, "mu": [0.8689107421183601, 0.6563429343019719, 1.3396956113843763], "Sigma": [[0.002880120999195496, 0.002146713633775511, -0.003688759266272232], [0.002146713633775511, 0.004154884892812496, -0.014056470255749803], [-0.003688759266272232, -0.014056470255749803, 0.11742312172922299]], "chi2_level": 0.95, "chi2_df": 3, "chi2_threshold": 7.814727903251179, "N_raw": 15, "N_roi": 15, "N_inlier": 12, "refit": true}
{"timestamp": "17:43:15.458741", "frame": 100, "mu": [0.886732187456085, 0.6524260320535138, 1.4286936373528518], "Sigma": [[0.0017252061014725038, 0.00041244543280846127, 0.0004678225592657185], [0.00041244543280846116, 0.002778575289647287, 6.31020024985317e-05], [0.0004678225592657185, 6.31020024985317e-05, 0.00013008061074601336]], "chi2_level": 0.95, "chi2_df": 3, "chi2_threshold": 7.814727903251179, "N_raw": 13, "N_roi": 13, "N_inlier": 11, "refit": true}
{"timestamp": "17:43:15.493960", "frame": 101, "mu": [1.0207899819506283, 0.5633888869738723, 1.4823259129673245], "Sigma": [[0.0035954494478356996, 0.00015846220917229277, -0.006640899914824001], [0.0001584622091722928, 0.001149248452937464, -0.007455866216312914], [-0.006640899914824001, -0.007455866216312914, 0.12372857399381242]], "chi2_level": 0.95, "chi2_df": 3, "chi2_threshold": 7.814727903251179, "N_raw": 15, "N_roi": 15, "N_inlier": 13, "refit": true}
{"timestamp": "17:43:15.525197", "frame": 102, "mu": [1.14879375996798, 0.5068336412057292, 0.825377133662839], "Sigma": [[0.01158096735655951, -0.0051409998371909574, -0.050322960188593016], [-0.005140999837190956, 0.00841111219676372, 0.06462261333656197], [-0.050322960188593016, 0.06462261333656197, 0.6728377923367542]], "chi2_level": 0.95, "chi2_df": 3, "chi2_threshold": 7.814727903251179, "N_raw": 8, "N_roi": 8, "N_inlier": 8, "refit": true}
