{"timestamp": "17:38:21.219320", "frame": 15, "mu": [-2.009553077781964, 4.957451028412461, 1.1759818197718492], "Sigma": [[0.022525837770858103, 0.0007522063551220742, -0.006999660365776739], [0.0007522063551220742, 0.0006331573606908877, -0.001299838251050236], [-0.006999660365776739, -0.001299838251050236, 0.009876096524511916]], "chi2_level": 0.95, "chi2_df": 3, "chi2_threshold": 7.814727903251179, "N_raw": 67, "N_roi": 16, "N_inlier": 15, "refit": true}
{"timestamp": "17:38:21.271328", "frame": 16, "mu": [-1.876428001505876, 4.972267644709942, 1.002748095995488], "Sigma": [[0.0164444534548718, 0.0016979418944994232, -0.007559268413026345], [0.0016979418944994232, 0.0003576221483758095, -0.0017555015029055172], [-0.007559268413026344, -0.0017555015029055172, 0.026403119499178243]], "chi2_level": 0.95, "chi2_df": 3, "chi2_threshold": 7.814727903251179, "N_raw": 44, "N_roi": 13, "N_inlier": 12, "refit": true}
{"timestamp": "17:38:21.326328", "frame": 17, "mu": [-1.8461865868039244, 4.966861210964538, 1.0251794433167931], "Sigma": [[0.013918491524197598, 0.0013050884302622068, 0.013067341869689664], [0.001305088430262207, 0.0006493152111110982, -0.0009044951258564826], [0.013067341869689662, -0.0009044951258564826, 0.029754846172098996]], "chi2_level": 0.95, "chi2_df": 3, "chi2_threshold": 7.814727903251179, "N_raw": 40, "N_roi": 12, "N_inlier": 12, "refit": true}
{"timestamp": "17:38:21.382051", "frame": 18, "mu": [-1.809318317987753, 4.939244423894255, 1.220884806875564], "Sigma": [[0.03470836948093891, 0.003744590811268437, -0.003899785659364435], [0.003744590811268437, 0.0017840068121631495, -0.0029682785876865795], [-0.0038997856593644352, -0.0029682785876865795, 0.01017477795501768]], "chi2_level": 0.95, "chi2_df": 3, "chi2_threshold": 7.814727903251179, "N_raw": 47, "N_roi": 29, "N_inlier": 29, "refit": true}
{"timestamp": "17:38:21.438450", "frame": 19, "mu": [-1.8482718974044272, 4.881021134299912, 1.0136579997786113], "Sigma": [[0.029352109333699757, 0.007325727429690442, -0.017138585966600596], [0.007325727429690442, 0.004314237627313948, -0.007781114336203129], [-0.0171385859666006, -0.007781114336203129, 0.019367450539369738]], "chi2_level": 0.95, "chi2_df": 3, "chi2_threshold": 7.814727903251179, "N_raw": 41, "N_roi": 39, "N_inlier": 36, "refit": true}
{"timestamp": "17:38:21.489074", "frame": 20, "mu": [-1.837957638834193, 4.893543010196583, 1.1449333871346856], "Sigma": [[0.009634027039380887, -0.004087159359963566, 0.019605278805326008], [-0.004087159359963566, 0.002679832631487466, -0.011434986776129944], [0.019605278805326008, -0.011434986776129944, 0.06861148734423775]], "chi2_level": 0.95, "chi2_df": 3, "chi2_threshold": 7.814727903251179, "N_raw": 10, "N_roi": 7, "N_inlier": 7, "refit": true}
{"timestamp": "17:38:21.548504", "frame": 21, "mu": [-1.7755845057309343, 4.803663200139739, 1.2425801724969565], "Sigma": [[0.03915560021468958, 0.009891404204098194, -0.020581647103795033], [0.009891404204098194, 0.004985613487275181, -0.008011911954119677], [-0.020581647103795033, -0.008011911954119677, 0.020624886119547374]], "chi2_level": 0.95, "chi2_df": 3, "chi2_threshold": 7.814727903251179, "N_raw": 44, "N_roi": 42, "N_inlier": 41, "refit": true}
{"timestamp": "17:38:21.604306", "frame": 22, "mu": [-1.8350544210019268, 4.780805871944813, 0.993224876982248], "Sigma": [[0.03470665093461074, 0.004845078348293951, -0.013923970939286068], [0.004845078348293951, 0.002859301302323484, -0.007508981385316213], [-0.013923970939286068, -0.007508981385316213, 0.024210960962901686]], "chi2_level": 0.95, "chi2_df": 3, "chi2_threshold": 7.814727903251179, "N_raw": 49, "N_roi": 46, "N_inlier": 44, "refit": true}
{"timestamp": "17:38:21.661197", "frame": 23, "mu": [-1.7373668012475836, 4.736482306143294, 1.0847112778172308], "Sigma": [[0.03431010585368059, 0.005648240571566241, -0.006065356972962152], [0.005648240571566241, 0.002801814087418237, -0.008520164432391297], [-0.006065356972962153, -0.008520164432391297, 0.049816359834299884]], "chi2_level": 0.95, "chi2_df": 3, "chi2_threshold": 7.814727903251179, "N_raw": 55, "N_roi": 51, "N_inlier": 50, "refit": true}
{"timestamp": "17:38:21.716426", "frame": 24, "mu": [-1.775129591864285, 4.694264817371947, 1.0350804623318919], "Sigma": [[0.039079054713844374, 0.006186170845445904, -0.0001425314699067758], [0.006186170845445904, 0.0031655980985301328, -0.008504114868691055], [-0.00014253146990677538, -0.008504114868691055, 0.06279128650277394]], "chi2_level": 0.95, "chi2_df": 3, "chi2_threshold": 7.814727903251179, "N_raw": 63, "N_roi": 58, "N_inlier": 57, "refit": true}
{"timestamp": "17:38:21.767976", "frame": 25, "mu": [-1.7033283799453154, 4.6608883857858645, 1.08786691172258], "Sigma": [[0.04289432631442672, 0.006996066939461868, 0.01150653164277126], [0.006996066939461867, 0.0027584124344808454, -0.00011268148300832507], [0.01150653164277126, -0.00011268148300832507, 0.019125590850672707]], "chi2_level": 0.95, "chi2_df": 3, "chi2_threshold": 7.814727903251179, "N_raw": 33, "N_roi": 32, "N_inlier": 31, "refit": true}
{"timestamp": "17:38:21.823830", "frame": 26, "mu": [-1.761297791632641, 4.562281765139903, 1.0438123115968736], "Sigma": [[0.03651239613525856, 0.00817588357727477, -0.010533382334579625], [0.00817588357727477, 0.002568237728980697, -0.006187032649984834], [-0.010533382334579625, -0.006187032649984834, 0.03738362202285525]], "chi2_level": 0.95, "chi2_df": 3, "chi2_threshold": 7.814727903251179, "N_raw": 47, "N_roi": 42, "N_inlier": 41, "refit": true}
{"timestamp": "17:38:21.879991", "frame": 27, "mu": [-1.7226991111905234, 4.540875697073047, 1.0585371650089164], "Sigma": [[0.03884353386130955, 0.010222334882847987, -0.010101474049865257], [0.010222334882847989, 0.004331736022193528, -0.008932706195413786], [-0.010101474049865259, -0.008932706195413786, 0.03440098522619865]], "chi2_level": 0.95, "chi2_df": 3, "chi2_threshold": 7.814727903251179, "N_raw": 60, "N_roi": 53, "N_inlier": 53, "refit": true}
{"timestamp": "17:38:21.935068", "frame": 28, "mu": [-1.7450225832379127, 4.482781231594954, 1.041550308689676], "Sigma": [[0.03769726123703039, 0.008390141441499799, -0.017856110299267085], [0.008390141441499799, 0.004466372926118134, -0.007659111365439753], [-0.017856110299267085, -0.007659111365439753, 0.017487696845860882]], "chi2_level": 0.95, "chi2_df": 3, "chi2_threshold": 7.814727903251179, "N_raw": 50, "N_roi": 49, "N_inlier": 48, "refit": true}
{"timestamp": "17:38:21.992356", "frame": 29, "mu": [-1.8105537634290485, 4.391045158733261, 0.7785349632470193], "Sigma": [[0.04249871901746137, 0.01093790101412833, -2.714547427282773e-05], [0.01093790101412833, 0.004285215110781541, -0.005429413558339808], [-2.7145474272827295e-05, -0.005429413558339806, 0.05176852925184954]], "chi2_level": 0.95, "chi2_df": 3, "chi2_threshold": 7.814727903251179, "N_raw": 69, "N_roi": 68, "N_inlier": 67, "refit": true}
{"timestamp": "17:38:22.047059", "frame": 30, "mu": [-1.8118817620435075, 4.506703673451383, 0.004152731567692794], "Sigma": [[0.04294319882969447, 0.007058810246791435, -0.004766559584053264], [0.007058810246791435, 0.007406066114626127, -0.009959986030785035], [-0.004766559584053264, -0.009959986030785035, 0.016641857778531624]], "chi2_level": 0.95, "chi2_df": 3, "chi2_threshold": 7.814727903251179, "N_raw": 63, "N_roi": 60, "N_inlier": 59, "refit": true}
{"timestamp": "17:38:22.096659", "frame": 31, "mu": [-1.8975504152201887, 4.298006520977985, 1.0164295984231086], "Sigma": [[0.02713873755591579, 0.004931688166835585, -0.0021838213380353526], [0.0049316881668355845, 0.0028244114511288823, -0.0019967999189748693], [-0.002183821338035353, -0.0019967999189748693, 0.0033770786289385227]], "chi2_level": 0.95, "chi2_df": 3, "chi2_threshold": 7.814727903251179, "N_raw": 32, "N_roi": 32, "N_inlier": 31, "refit": true}
{"timestamp": "17:38:22.155233", "frame": 32, "mu": [-1.8587501902821715, 4.254459459241772, 0.9960655767785003], "Sigma": [[0.046827721763494375, 0.007070194318929787, -0.0018580616359202583], [0.007070194318929786, 0.00425275816629499, -0.004402822915500117], [-0.0018580616359202581, -0.004402822915500117, 0.010141022883222757]], "chi2_level": 0.95, "chi2_df": 3, "chi2_threshold": 7.814727903251179, "N_raw": 61, "N_roi": 61, "N_inlier": 58, "refit": true}
{"timestamp": "17:38:22.209651", "frame": 33, "mu": [-1.824672244951076, 4.195125030284349, 1.064571053482378], "Sigma": [[0.029131933955220943, 0.005754149027234695, -0.007225723228189235], [0.005754149027234694, 0.0038318390801383383, -0.007728219275761738], [-0.007225723228189235, -0.007728219275761738, 0.02385488186105966]], "chi2_level": 0.95, "chi2_df": 3, "chi2_threshold": 7.814727903251179, "N_raw": 52, "N_roi": 52, "N_inlier": 51, "refit": true}
{"timestamp": "17:38:22.265165", "frame": 34, "mu": [-1.813282617786797, 4.175467955891047, 1.0862484547048257], "Sigma": [[0.03845738940214671, 0.008828203783267248, -0.007233779797701353], [0.008828203783267248, 0.004945789156645397, -0.006806571981943973], [-0.007233779797701352, -0.006806571981943973, 0.01644669830508829]], "chi2_level": 0.95, "chi2_df": 3, "chi2_threshold": 7.814727903251179, "N_raw": 56, "N_roi": 56, "N_inlier": 55, "refit": true}
{"timestamp": "17:38:22.320436", "frame": 35, "mu": [-1.9101941622470522, 4.108382578857569, 1.0040009765256046], "Sigma": [[0.05150024408874906, 0.011076991043636592, -0.0028812104466142503], [0.011076991043636592, 0.004895270928741106, -0.0032990521222340634], [-0.0028812104466142503, -0.0032990521222340634, 0.004817033834762807]], "chi2_level": 0.95, "chi2_df": 3, "chi2_threshold": 7.814727903251179, "N_raw": 54, "N_roi": 54, "N_inlier": 52, "refit": true}
{"timestamp": "17:38:22.375784", "frame": 36, "mu": [-1.8476596400092276, 4.077462100854692, 1.0602743567748338], "Sigma": [[0.036725909837874895, 0.010885159367009917, -0.015003671831303418], [0.010885159367009917, 0.008159742718426425, -0.00761211521666586], [-0.015003671831303418, -0.00761211521666586, 0.010040949248639559]], "chi2_level": 0.95, "chi2_df": 3, "chi2_threshold": 7.814727903251179, "N_raw": 59, "N_roi": 59, "N_inlier": 58, "refit": true}
{"timestamp": "17:38:22.429353", "frame": 37, "mu": [-1.771660574268971, 3.997429597511019, 1.0159771853615347], "Sigma": [[0.038081540751310386, 0.005638491416923202, -0.034504925255550135], [0.005638491416923202, 0.0024500679315409076, -0.007178046424002734], [-0.03450492525555013, -0.007178046424002734, 0.04016106054837536]], "chi2_level": 0.95, "chi2_df": 3, "chi2_threshold": 7.814727903251179, "N_raw": 45, "N_roi": 45, "N_inlier": 42, "refit": true}
{"timestamp": "17:38:22.483793", "frame": 38, "mu": [-1.7915955386988296, 3.91962797711634, 1.017219547297767], "Sigma": [[0.029874511936636036, 0.009574921385803193, -0.010366159566376232], [0.009574921385803192, 0.004518003413095201, -0.006960684102613345], [-0.010366159566376232, -0.006960684102613346, 0.01768483850969509]], "chi2_level": 0.95, "chi2_df": 3, "chi2_threshold": 7.814727903251179, "N_raw": 44, "N_roi": 44, "N_inlier": 42, "refit": true}
{"timestamp": "17:38:22.539031", "frame": 39, "mu": [-1.7524245914039451, 3.8663491982488667, 0.6582970814475329], "Sigma": [[0.02077179587781791, 0.0007193945666071549, -0.02776143655066351], [0.0007193945666071548, 0.0018672622511017552, -0.00474206357776954], [-0.02776143655066351, -0.00474206357776954, 0.049352849592106715]], "chi2_level": 0.95, "chi2_df": 3, "chi2_threshold": 7.814727903251179, "N_raw": 49, "N_roi": 49, "N_inlier": 45, "refit": true}
{"timestamp": "17:38:22.596732", "frame": 40, "mu": [-1.863508159185798, 3.8015064253085127, 0.9275926659727447], "Sigma": [[0.035269964994092406, 0.0035924933038482673, -0.01086295311819537], [0.0035924933038482673, 0.0021957989070261466, -0.006413053287566205], [-0.01086295311819537, -0.006413053287566205, 0.029836235642563727]], "chi2_level": 0.95, "chi2_df": 3, "chi2_threshold": 7.814727903251179, "N_raw": 62, "N_roi": 62, "N_inlier": 60, "refit": true}
{"timestamp": "17:38:22.652770", "frame": 41, "mu": [-1.9589277144520647, 3.7486563063869456, 1.0457220654993375], "Sigma": [[0.033452267889788646, 0.00407403086932895, -0.011138738110991772], [0.00407403086932895, 0.0026077920863833955, -0.0090930228515718], [-0.011138738110991772, -0.0090930228515718, 0.04626192907291841]], "chi2_level": 0.95, "chi2_df": 3, "chi2_threshold": 7.814727903251179, "N_raw": 63, "N_roi": 62, "N_inlier": 61, "refit": true}
{"timestamp": "17:38:22.757003", "frame": 43, "mu": [-1.7666270206016297, 3.6533252186658554, 1.0544255489791141], "Sigma": [[0.016689706230551132, 0.004482831433161144, -0.01405763133650071], [0.004482831433161144, 0.002987363143728994, -0.006743989125647565], [-0.01405763133650071, -0.006743989125647565, 0.01980493334836045]], "chi2_level": 0.95, "chi2_df": 3, "chi2_threshold": 7.814727903251179, "N_raw": 36, "N_roi": 36, "N_inlier": 34, "refit": true}
{"timestamp": "17:38:22.810615", "frame": 44, "mu": [-1.9814551275945074, 3.5891474559438015, 1.059545266022765], "Sigma": [[0.06269674155885144, 0.008870047391620416, -0.015643364606241703], [0.008870047391620417, 0.002495682406184539, -0.004008941954805797], [-0.015643364606241703, -0.004008941954805797, 0.008937711443268609]], "chi2_level": 0.95, "chi2_df": 3, "chi2_threshold": 7.814727903251179, "N_raw": 24, "N_roi": 24, "N_inlier": 23, "refit": true}
{"timestamp": "17:38:22.864943", "frame": 45, "mu": [-1.6784456234605707, 3.5587666013142076, 0.8558721356971962], "Sigma": [[0.028488569612067575, -0.0024603754538580413, -0.00990063379165855], [-0.0024603754538580413, 0.0005141912915136582, 0.00010244972138560182], [-0.00990063379165855, 0.00010244972138560171, 0.011034318917081575]], "chi2_level": 0.95, "chi2_df": 3, "chi2_threshold": 7.814727903251179, "N_raw": 17, "N_roi": 17, "N_inlier": 16, "refit": true}
{"timestamp": "17:38:22.924602", "frame": 46, "mu": [-1.7330409549872563, 3.4758118296210947, 1.039164335065366], "Sigma": [[0.029513016479802, 0.0018470476242994313, -0.018221623440798806], [0.0018470476242994317, 0.0013744219987951317, -0.005327985435164697], [-0.018221623440798806, -0.005327985435164697, 0.03935516497872698]], "chi2_level": 0.95, "chi2_df": 3, "chi2_threshold": 7.814727903251179, "N_raw": 54, "N_roi": 54, "N_inlier": 53, "refit": true}
{"timestamp": "17:38:22.982756", "frame": 47, "mu": [-1.8662054784430042, 3.45220883993627, 1.0767833718706297], "Sigma": [[0.0953934368545089, -0.0009342452015106482, -0.029286562236764773], [-0.0009342452015106491, 0.003706979838626853, -0.0015317330961180744], [-0.029286562236764777, -0.001531733096118074, 0.01788502228536501]], "chi2_level": 0.95, "chi2_df": 3, "chi2_threshold": 7.814727903251179, "N_raw": 65, "N_roi": 65, "N_inlier": 63, "refit": true}
{"timestamp": "17:38:23.040688", "frame": 48, "mu": [-1.859817602637676, 3.380729546020946, 1.1452196668126076], "Sigma": [[0.04748516404292594, 0.0013795570259480957, -0.008506677030902793], [0.0013795570259480957, 0.003943024771920345, -0.009286703166178446], [-0.008506677030902795, -0.009286703166178446, 0.038264988053342414]], "chi2_level": 0.95, "chi2_df": 3, "chi2_threshold": 7.814727903251179, "N_raw": 94, "N_roi": 94, "N_inlier": 92, "refit": true}
{"timestamp": "17:38:23.091600", "frame": 49, "mu": [-1.755664545023691, 3.308400237678315, 1.0685760711572263], "Sigma": [[0.028948163733711063, 0.0013595601764390698, -0.004988483111098085], [0.0013595601764390692, 0.002659352518315496, -0.003721859347414854], [-0.004988483111098086, -0.003721859347414855, 0.03737032734027888]], "chi2_level": 0.95, "chi2_df": 3, "chi2_threshold": 7.814727903251179, "N_raw": 65, "N_roi": 65, "N_inlier": 63, "refit": true}
{"timestamp": "17:38:23.145586", "frame": 50, "mu": [-1.7240800025431262, 3.2474204518561494, 1.2156807328400245], "Sigma": [[0.024139983257561108, 0.005480950409638034, -0.007005553927981248], [0.005480950409638034, 0.005047292843708649, -0.002428603252635904], [-0.007005553927981248, -0.002428603252635904, 0.008543486192134514]], "chi2_level": 0.95, "chi2_df": 3, "chi2_threshold": 7.814727903251179, "N_raw": 54, "N_roi": 54, "N_inlier": 49, "refit": true}
{"timestamp": "17:38:23.196158", "frame": 51, "mu": [-1.706458655474435, 3.1749255743409512, 1.184998828627882], "Sigma": [[0.015642645351406942, 0.00484999804495876, -0.009351496448937643], [0.004849998044958761, 0.003912622972687897, -0.002221148845573329], [-0.009351496448937643, -0.0022211488455733284, 0.00642664395121783]], "chi2_level": 0.95, "chi2_df": 3, "chi2_threshold": 7.814727903251179, "N_raw": 30, "N_roi": 30, "N_inlier": 26, "refit": true}
{"timestamp": "17:38:23.257013", "frame": 52, "mu": [-1.7562526708105866, 3.1176671508210743, 1.076645837898748], "Sigma": [[0.023524514675263102, 0.004580584857003763, 0.0015042012608039031], [0.004580584857003763, 0.005303106443742277, -0.0057018697195152564], [0.0015042012608039027, -0.005701869719515257, 0.02151587297189711]], "chi2_level": 0.95, "chi2_df": 3, "chi2_threshold": 7.814727903251179, "N_raw": 70, "N_roi": 67, "N_inlier": 65, "refit": true}
{"timestamp": "17:38:23.308371", "frame": 53, "mu": [-1.7262049350061976, 3.053550300947458, 1.21132444970905], "Sigma": [[0.015845958773716175, 0.005161216816414173, -0.0077364277923129615], [0.005161216816414173, 0.004342451662260261, -0.005147346887750992], [-0.007736427792312962, -0.005147346887750993, 0.007848476360754994]], "chi2_level": 0.95, "chi2_df": 3, "chi2_threshold": 7.814727903251179, "N_raw": 39, "N_roi": 39, "N_inlier": 36, "refit": true}
{"timestamp": "17:38:23.364208", "frame": 54, "mu": [-1.8079310595747922, 3.0231621811663176, 1.0704110193664989], "Sigma": [[0.024388257562672953, 0.0034241193020001794, -0.0035293254711019537], [0.003424119302000179, 0.0026462137033309834, -0.004163524813335243], [-0.0035293254711019537, -0.004163524813335243, 0.01052399945337822]], "chi2_level": 0.95, "chi2_df": 3, "chi2_threshold": 7.814727903251179, "N_raw": 50, "N_roi": 50, "N_inlier": 49, "refit": true}
{"timestamp": "17:38:23.418531", "frame": 55, "mu": [-1.8151080417648315, 2.9115704706726593, 1.2525130762989285], "Sigma": [[0.013879577422427484, 0.007066793976861423, -0.02149071155263667], [0.007066793976861423, 0.006172748245999868, -0.016992554675041745], [-0.02149071155263667, -0.01699255467504174, 0.059243408783665776]], "chi2_level": 0.95, "chi2_df": 3, "chi2_threshold": 7.814727903251179, "N_raw": 44, "N_roi": 44, "N_inlier": 43, "refit": true}
{"timestamp": "17:38:23.476356", "frame": 56, "mu": [-1.8430796122573962, 2.8932209281256926, 1.2585767675025332], "Sigma": [[0.02054501384084874, 0.0055284419228095365, -0.01848291088215928], [0.005528441922809537, 0.004794895643765992, -0.01163992482089982], [-0.01848291088215928, -0.01163992482089982, 0.036499087810160744]], "chi2_level": 0.95, "chi2_df": 3, "chi2_threshold": 7.814727903251179, "N_raw": 63, "N_roi": 63, "N_inlier": 60, "refit": true}
{"timestamp": "17:38:23.527979", "frame": 57, "mu": [-1.7622049538737492, 2.844482631226457, 1.0683573656442615], "Sigma": [[0.018299697192213478, 0.006573346518905449, -0.004832527883084968], [0.006573346518905449, 0.003727664814079706, -0.004351630680072786], [-0.0048325278830849685, -0.004351630680072786, 0.009525082986436263]], "chi2_level": 0.95, "chi2_df": 3, "chi2_threshold": 7.814727903251179, "N_raw": 41, "N_roi": 41, "N_inlier": 38, "refit": true}
{"timestamp": "17:38:23.579358", "frame": 58, "mu": [-1.9723678023135593, 2.736030356279261, 1.0741199741179177], "Sigma": [[0.005620602771242644, -0.0028227147708859363, -0.0016921337821398479], [-0.002822714770885936, 0.004451759373283605, -0.0009713806240420449], [-0.0016921337821398474, -0.000971380624042045, 0.0037785722511632816]], "chi2_level": 0.95, "chi2_df": 3, "chi2_threshold": 7.814727903251179, "N_raw": 12, "N_roi": 12, "N_inlier": 9, "refit": true}
{"timestamp": "17:38:23.637511", "frame": 59, "mu": [-1.860414912844997, 2.7153956251926186, -0.5163826869531339], "Sigma": [[0.01685471012293046, 0.009613655946490754, 0.03495912575168267], [0.009613655946490754, 0.0113160541416679, 0.0269877168802599], [0.03495912575168267, 0.0269877168802599, 0.10626707442323462]], "chi2_level": 0.95, "chi2_df": 3, "chi2_threshold": 7.814727903251179, "N_raw": 41, "N_roi": 26, "N_inlier": 25, "refit": true}
{"timestamp": "17:38:23.687874", "frame": 60, "mu": [-1.9274096278483621, 2.612900347452929, 1.11973809172102], "Sigma": [[0.004027874749363528, -0.0012230088492265962, 0.015722197397848782], [-0.0012230088492265962, 0.002808796742594365, -0.006068736040381873], [0.015722197397848782, -0.006068736040381873, 0.10627185373450058]], "chi2_level": 0.95, "chi2_df": 3, "chi2_threshold": 7.814727903251179, "N_raw": 8, "N_roi": 8, "N_inlier": 8, "refit": true}
{"timestamp": "17:38:23.747103", "frame": 61, "mu": [-1.8342903135063435, 2.562777450850123, 1.2478733608792623], "Sigma": [[0.011859135624677537, 0.0031502949922983265, -0.003447687823361737], [0.003150294992298327, 0.002967374528196034, -0.008073952169545458], [-0.003447687823361737, -0.008073952169545458, 0.03420217469482351]], "chi2_level": 0.95, "chi2_df": 3, "chi2_threshold": 7.814727903251179, "N_raw": 37, "N_roi": 37, "N_inlier": 36, "refit": true}
{"timestamp": "17:38:23.805152", "frame": 62, "mu": [-1.7871332608490131, 2.6354975528565663, -0.1284099788464928], "Sigma": [[0.011664691110066882, 0.00454801997852756, -0.0017340066997511606], [0.00454801997852756, 0.008847968926418221, -0.005819612224193609], [-0.0017340066997511606, -0.00581961222419361, 0.014449940022611435]], "chi2_level": 0.95, "chi2_df": 3, "chi2_threshold": 7.814727903251179, "N_raw": 53, "N_roi": 50, "N_inlier": 46, "refit": true}
{"timestamp": "17:38:23.861334", "frame": 63, "mu": [-1.8252568220166605, 2.44875334934256, 1.31279041272153], "Sigma": [[0.01639376758500696, 0.004445673564576139, -0.007935300761796358], [0.004445673564576139, 0.004939066926882055, -0.007638884774920158], [-0.007935300761796358, -0.007638884774920158, 0.01442698602897341]], "chi2_level": 0.95, "chi2_df": 3, "chi2_threshold": 7.814727903251179, "N_raw": 64, "N_roi": 56, "N_inlier": 53, "refit": true}
{"timestamp": "17:38:23.919080", "frame": 64, "mu": [-1.9548131152369153, 2.35698930478157, 1.3467041104856998], "Sigma": [[0.05556126605673555, 0.011224201565198039, 0.005800185427881827], [0.011224201565198039, 0.004813594921746771, -0.0037161116401335263], [0.005800185427881827, -0.0037161116401335263, 0.020009498993017995]], "chi2_level": 0.95, "chi2_df": 3, "chi2_threshold": 7.814727903251179, "N_raw": 78, "N_roi": 66, "N_inlier": 64, "refit": true}
{"timestamp": "17:38:23.971333", "frame": 65, "mu": [-1.8684634885435336, 2.3549477948243562, 1.2361723575875705], "Sigma": [[0.01634694703857725, 0.003068010318936209, 0.00602021718443861], [0.003068010318936209, 0.00446018973893986, -0.009934054764451698], [0.0060202171844386115, -0.009934054764451698, 0.06293660265851307]], "chi2_level": 0.95, "chi2_df": 3, "chi2_threshold": 7.814727903251179, "N_raw": 61, "N_roi": 61, "N_inlier": 61, "refit": true}
{"timestamp": "17:38:24.022392", "frame": 66, "mu": [-2.1101773488080027, 2.031231361724823, 1.3673096157905569], "Sigma": [[0.11095117089091595, 0.08362279514927441, -0.1528497284295066], [0.08362279514927441, 0.06963603706452551, -0.13334685104359983], [-0.1528497284295066, -0.13334685104359983, 0.28325165836832045]], "chi2_level": 0.95, "chi2_df": 3, "chi2_threshold": 7.814727903251179, "N_raw": 32, "N_roi": 26, "N_inlier": 25, "refit": true}
{"timestamp": "17:38:24.078956", "frame": 67, "mu": [-1.9932742734284337, 2.026260637581987, 1.5544005558880392], "Sigma": [[0.11039105436234586, 0.07436646240652178, -0.10177790448429419], [0.07436646240652178, 0.059789854600449124, -0.07322131865524817], [-0.10177790448429419, -0.07322131865524817, 0.10384791262435555]], "chi2_level": 0.95, "chi2_df": 3, "chi2_threshold": 7.814727903251179, "N_raw": 47, "N_roi": 46, "N_inlier": 44, "refit": true}
{"timestamp": "17:38:24.138341", "frame": 68, "mu": [-1.9713895528453227, 2.024517034093182, 1.5677404338782783], "Sigma": [[0.06566436965298088, 0.04323806948691567, -0.059636230188074735], [0.04323806948691567, 0.039134936592586364, -0.04161531654519217], [-0.059636230188074735, -0.041615316545192176, 0.05667320185357155]], "chi2_level": 0.95, "chi2_df": 3, "chi2_threshold": 7.814727903251179, "N_raw": 76, "N_roi": 76, "N_inlier": 72, "refit": true}
{"timestamp": "17:38:24.196937", "frame": 69, "mu": [-1.8068783965134574, 2.096465577048289, 1.0545900772731258], "Sigma": [[0.029511515321720444, 0.0012010695084964163, 0.0086681548977376], [0.0012010695084964157, 0.005694705742216728, 0.0013796317601393702], [0.0086681548977376, 0.0013796317601393702, 0.03445644781047735]], "chi2_level": 0.95, "chi2_df": 3, "chi2_threshold": 7.814727903251179, "N_raw": 89, "N_roi": 89, "N_inlier": 87, "refit": true}
{"timestamp": "17:38:24.245017", "frame": 70, "mu": [-1.8076238483928466, 1.9780340027128394, 1.2182934483477683], "Sigma": [[0.04521558000998668, 0.017556250415172014, -0.00254762579111481], [0.017556250415172014, 0.015143192715415298, -0.015752096442870633], [-0.0025476257911148112, -0.015752096442870633, 0.04200124932516537]], "chi2_level": 0.95, "chi2_df": 3, "chi2_threshold": 7.814727903251179, "N_raw": 52, "N_roi": 52, "N_inlier": 49, "refit": true}
{"timestamp": "17:38:24.295326", "frame": 71, "mu": [-1.6628794912240221, 2.0895335124872876, 1.3475199145163697], "Sigma": [[0.007375651622335934, 0.0024112089560038037, -0.006315605286916901], [0.0024112089560038037, 0.0029136047280017537, -0.002689468896793031], [-0.006315605286916901, -0.002689468896793031, 0.006487761529974677]], "chi2_level": 0.95, "chi2_df": 3, "chi2_threshold": 7.814727903251179, "N_raw": 26, "N_roi": 26, "N_inlier": 23, "refit": true}
{"timestamp": "17:38:24.356960", "frame": 72, "mu": [-1.8017070281185241, 1.8649290056260677, 1.2137086096787757], "Sigma": [[0.020443995264934407, 0.015010453980128312, -0.004174592913748717], [0.015010453980128312, 0.019724231932336366, -0.009685450474422402], [-0.004174592913748717, -0.009685450474422402, 0.007355521313331992]], "chi2_level": 0.95, "chi2_df": 3, "chi2_threshold": 7.814727903251179, "N_raw": 75, "N_roi": 75, "N_inlier": 71, "refit": true}
{"timestamp": "17:38:24.410289", "frame": 73, "mu": [-1.8709102296860256, 1.7753934505780853, 1.4500359252646737], "Sigma": [[0.0222397576825292, 0.013218711571073355, -0.014620598891669308], [0.013218711571073355, 0.011479571635221909, -0.011787621806161571], [-0.014620598891669308, -0.011787621806161571, 0.01527871480113553]], "chi2_level": 0.95, "chi2_df": 3, "chi2_threshold": 7.814727903251179, "N_raw": 48, "N_roi": 48, "N_inlier": 45, "refit": true}
{"timestamp": "17:38:24.473249", "frame": 74, "mu": [-1.883668385360087, 1.7362805548338485, 1.3435157231728554], "Sigma": [[0.029750946982279536, 0.019818778573332183, -0.018072602627899302], [0.019818778573332183, 0.01961687204022698, -0.02293448246561064], [-0.018072602627899302, -0.02293448246561064, 0.03594460731528601]], "chi2_level": 0.95, "chi2_df": 3, "chi2_threshold": 7.814727903251179, "N_raw": 116, "N_roi": 116, "N_inlier": 112, "refit": true}
{"timestamp": "17:38:24.525896", "frame": 75, "mu": [-1.897371531081022, 1.6796396527082988, 1.4116982849953974], "Sigma": [[0.027049465169996047, 0.019681704154160352, -0.01946774091946315], [0.01968170415416035, 0.017586869930683965, -0.020852875775861993], [-0.019467740919463145, -0.020852875775861993, 0.040051715388474865]], "chi2_level": 0.95, "chi2_df": 3, "chi2_threshold": 7.814727903251179, "N_raw": 92, "N_roi": 92, "N_inlier": 87, "refit": true}
{"timestamp": "17:38:24.570703", "frame": 76, "mu": [-1.9539235433722772, 1.5691245243494543, 1.578169649040644], "Sigma": [[0.018896739314845333, 0.013615015213736908, -0.020073033267221322], [0.013615015213736908, 0.014158234674592986, -0.017268434269281804], [-0.020073033267221322, -0.017268434269281808, 0.03273023697240699]], "chi2_level": 0.95, "chi2_df": 3, "chi2_threshold": 7.814727903251179, "N_raw": 22, "N_roi": 22, "N_inlier": 21, "refit": true}
{"timestamp": "17:38:24.632627", "frame": 77, "mu": [-1.8625426681872668, 1.6000092341868344, 1.0676439372856157], "Sigma": [[0.031061781059129448, 0.012277799585683124, -0.037702823622010787], [0.012277799585683124, 0.0077126032883917724, -0.0188659505676039], [-0.037702823622010787, -0.0188659505676039, 0.08063518583999615]], "chi2_level": 0.95, "chi2_df": 3, "chi2_threshold": 7.814727903251179, "N_raw": 76, "N_roi": 76, "N_inlier": 74, "refit": true}
{"timestamp": "17:38:24.690500", "frame": 78, "mu": [-1.9320020830476476, 1.4752999286962536, 1.2529345438253336], "Sigma": [[0.01253738486256911, 0.010462680421821411, -0.01461226837396512], [0.01046268042182141, 0.013797502258452778, -0.026521324267927048], [-0.01461226837396512, -0.026521324267927048, 0.08368946555088988]], "chi2_level": 0.95, "chi2_df": 3, "chi2_threshold": 7.814727903251179, "N_raw": 90, "N_roi": 90, "N_inlier": 86, "refit": true}
{"timestamp": "17:38:24.745634", "frame": 79, "mu": [-1.9380204146781186, 1.5505702660914922, -0.0890690288192808], "Sigma": [[0.02152230884631616, 0.007632259096880471, 0.07066726322770428], [0.0076322590968804695, 0.00995653447802922, 0.0035237934044433424], [0.07066726322770428, 0.003523793404443342, 0.4146201063570808]], "chi2_level": 0.95, "chi2_df": 3, "chi2_threshold": 7.814727903251179, "N_raw": 91, "N_roi": 91, "N_inlier": 91, "refit": true}
{"timestamp": "17:38:24.797357", "frame": 80, "mu": [-1.9612869078501518, 1.4207945179246904, -0.33015423092852664], "Sigma": [[0.009308472428362894, 0.0036597600809779437, 0.006473034997976345], [0.0036597600809779424, 0.013546067207496274, -0.012829184730707321], [0.006473034997976344, -0.012829184730707321, 0.0384618954324078]], "chi2_level": 0.95, "chi2_df": 3, "chi2_threshold": 7.814727903251179, "N_raw": 65, "N_roi": 65, "N_inlier": 65, "refit": true}
{"timestamp": "17:38:24.856359", "frame": 81, "mu": [-1.9979052256680285, 1.206287518255579, 1.150232385775553], "Sigma": [[0.022363027734192457, 0.014966995206950905, 0.014048702875200995], [0.014966995206950903, 0.013925428287370476, 0.0007194019095305696], [0.014048702875200995, 0.0007194019095305698, 0.04996434582827583]], "chi2_level": 0.95, "chi2_df": 3, "chi2_threshold": 7.814727903251179, "N_raw": 102, "N_roi": 102, "N_inlier": 96, "refit": true}
{"timestamp": "17:38:24.910362", "frame": 82, "mu": [-1.9621506772406663, 1.2373434523745783, -0.2803375987790334], "Sigma": [[0.02603749382199727, 0.015280269640899508, 0.07701315924177504], [0.015280269640899508, 0.02636310829745552, 0.04268902266906259], [0.07701315924177504, 0.04268902266906259, 0.5071143698734335]], "chi2_level": 0.95, "chi2_df": 3, "chi2_threshold": 7.814727903251179, "N_raw": 85, "N_roi": 85, "N_inlier": 84, "refit": true}
{"timestamp": "17:38:24.967294", "frame": 83, "mu": [-1.9038909745323982, 1.0880392635069835, 1.0732129719400834], "Sigma": [[0.02120429472425002, 0.01163536366900617, 0.0029960357983689063], [0.01163536366900617, 0.010898832549861135, -0.006322276606056351], [0.0029960357983689068, -0.006322276606056351, 0.030428707237304144]], "chi2_level": 0.95, "chi2_df": 3, "chi2_threshold": 7.814727903251179, "N_raw": 103, "N_roi": 103, "N_inlier": 99, "refit": true}
{"timestamp": "17:38:25.018802", "frame": 84, "mu": [-1.7963511996588153, 1.2607862195383084, -0.41790134400726914], "Sigma": [[0.007894184131013645, 0.005616611999093331, 0.0011734106592457094], [0.005616611999093331, 0.014164011076794788, -0.01531710545648549], [0.001173410659245709, -0.015317105456485493, 0.03698886538454927]], "chi2_level": 0.95, "chi2_df": 3, "chi2_threshold": 7.814727903251179, "N_raw": 77, "N_roi": 77, "N_inlier": 70, "refit": true}
{"timestamp": "17:38:25.076221", "frame": 85, "mu": [-1.791215234089945, 1.0330499374343756, 1.3145476298349665], "Sigma": [[0.009724688801778621, 0.009221808642353073, -0.005963507266233814], [0.009221808642353073, 0.019053184903726872, -0.021487845097987804], [-0.005963507266233814, -0.021487845097987804, 0.038960723482406104]], "chi2_level": 0.95, "chi2_df": 3, "chi2_threshold": 7.814727903251179, "N_raw": 92, "N_roi": 92, "N_inlier": 91, "refit": true}
{"timestamp": "17:38:25.125880", "frame": 86, "mu": [-1.8275209050224708, 0.98041176106806, 1.4000284650048913], "Sigma": [[0.013874809912720294, 0.005540111284982814, 0.01240211876732188], [0.005540111284982814, 0.012638332482183974, -0.007792691155053531], [0.01240211876732188, -0.007792691155053532, 0.051755736135180544]], "chi2_level": 0.95, "chi2_df": 3, "chi2_threshold": 7.814727903251179, "N_raw": 61, "N_roi": 61, "N_inlier": 60, "refit": true}
{"timestamp": "17:38:25.182354", "frame": 87, "mu": [-1.728505026321327, 1.0054114912573622, 1.2391819906628778], "Sigma": [[0.010459441465760612, 0.004414167200007866, 0.005315900649285396], [0.004414167200007866, 0.005130984506042238, -0.003428893735422163], [0.005315900649285395, -0.003428893735422163, 0.03289296458013265]], "chi2_level": 0.95, "chi2_df": 3, "chi2_threshold": 7.814727903251179, "N_raw": 72, "N_roi": 72, "N_inlier": 64, "refit": true}
{"timestamp": "17:38:25.238411", "frame": 88, "mu": [-1.7150140537465868, 1.065086558477895, -0.41684966393066686], "Sigma": [[0.01049478665061892, 0.005207490329526089, -0.0011863117272727488], [0.005207490329526089, 0.01071816874766439, -0.00894056030265472], [-0.0011863117272727485, -0.00894056030265472, 0.013724764539500361]], "chi2_level": 0.95, "chi2_df": 3, "chi2_threshold": 7.814727903251179, "N_raw": 67, "N_roi": 67, "N_inlier": 64, "refit": true}
{"timestamp": "17:38:25.293650", "frame": 89, "mu": [-1.695264962886376, 0.8658409085360318, 1.3223452296486513], "Sigma": [[0.01235643108873863, 0.004513751319967999, -0.00929775310659953], [0.004513751319967999, 0.006586264858963665, -0.008923349170728536], [-0.00929775310659953, -0.008923349170728536, 0.021330557566061836]], "chi2_level": 0.95, "chi2_df": 3, "chi2_threshold": 7.814727903251179, "N_raw": 71, "N_roi": 71, "N_inlier": 68, "refit": true}
{"timestamp": "17:38:25.349736", "frame": 90, "mu": [-1.7407579616413027, 0.9198556959312392, -0.44544563002644627], "Sigma": [[0.008979853287729428, 0.001739246147465007, -0.005334763036055869], [0.001739246147465007, 0.009626925953378862, -0.008222260894313705], [-0.005334763036055869, -0.008222260894313705, 0.012625904490158778]], "chi2_level": 0.95, "chi2_df": 3, "chi2_threshold": 7.814727903251179, "N_raw": 56, "N_roi": 56, "N_inlier": 54, "refit": true}
{"timestamp": "17:38:25.403510", "frame": 91, "mu": [-1.6689673353081635, 0.6782881324585285, 1.1568516389180044], "Sigma": [[0.011600597637690604, 0.004615143973585792, -0.003148663347516781], [0.004615143973585792, 0.004700461892149795, -0.0042919796562479315], [-0.003148663347516781, -0.004291979656247932, 0.01845596382515819]], "chi2_level": 0.95, "chi2_df": 3, "chi2_threshold": 7.814727903251179, "N_raw": 76, "N_roi": 76, "N_inlier": 72, "refit": true}
{"timestamp": "17:38:25.453637", "frame": 92, "mu": [-1.6562197073917688, 0.7465442368001993, -0.6950177871428689], "Sigma": [[0.006583374506953016, 0.00542462156872461, 0.003932788520170498], [0.00542462156872461, 0.016730679978735487, 0.004704506609670627], [0.003932788520170497, 0.004704506609670627, 0.008928133960555593]], "chi2_level": 0.95, "chi2_df": 3, "chi2_threshold": 7.814727903251179, "N_raw": 42, "N_roi": 42, "N_inlier": 40, "refit": true}
{"timestamp": "17:38:25.511296", "frame": 93, "mu": [-1.7138456665312007, 0.6951316815767481, 1.3034681409651703], "Sigma": [[0.010339680042834006, 0.008006113582842091, 0.004029009287379279], [0.008006113582842091, 0.01140098519569645, -0.0009032537376773239], [0.00402900928737928, -0.0009032537376773241, 0.021866906452023722]], "chi2_level": 0.95, "chi2_df": 3, "chi2_threshold": 7.814727903251179, "N_raw": 65, "N_roi": 65, "N_inlier": 64, "refit": true}
{"timestamp": "17:38:25.562593", "frame": 94, "mu": [-1.6349675388111606, 0.6667563984689118, 1.27367703298589], "Sigma": [[0.005162159370947707, 0.003003645745321277, -0.0014213614686152658], [0.003003645745321277, 0.006234702481805964, -0.0048337713019654845], [-0.0014213614686152658, -0.0048337713019654845, 0.00531991810317321]], "chi2_level": 0.95, "chi2_df": 3, "chi2_threshold": 7.814727903251179, "N_raw": 38, "N_roi": 38, "N_inlier": 37, "refit": true}
{"timestamp": "17:38:25.615254", "frame": 95, "mu": [-1.5913539741359348, 0.7960600438425474, -0.6301425185791912], "Sigma": [[0.003882420735435167, 0.0004751653081462552, 0.0011422852339026159], [0.00047516530814625514, 0.007469082526704958, -0.0010139752828544736], [0.0011422852339026159, -0.0010139752828544736, 0.0005173263425732171]], "chi2_level": 0.95, "chi2_df": 3, "chi2_threshold": 7.814727903251179, "N_raw": 19, "N_roi": 19, "N_inlier": 19, "refit": true}
{"timestamp": "17:38:25.669043", "frame": 96, "mu": [-1.6618146957627211, 0.5818265236616844, 1.1769253567212936], "Sigma": [[0.00720942359552426, 0.007985610569389784, 0.0020717325322186413], [0.007985610569389782, 0.011230136820850306, -0.00025841572448709706], [0.002071732532218642, -0.0002584157244870964, 0.018685243803569153]], "chi2_level": 0.95, "chi2_df": 3, "chi2_threshold": 7.814727903251179, "N_raw": 19, "N_roi": 19, "N_inlier": 19, "refit": true}
{"timestamp": "17:38:25.724304", "frame": 97, "mu": [-1.5909820950814957, 0.7034440709059623, -0.6162522189276459], "Sigma": [[0.002551109236759125, 0.005472808872729443, 0.0021988654893146118], [0.005472808872729443, 0.023221161372562575, 0.007736884020386289], [0.0021988654893146118, 0.0077368840203862884, 0.004932935759242235]], "chi2_level": 0.95, "chi2_df": 3, "chi2_threshold": 7.814727903251179, "N_raw": 18, "N_roi": 18, "N_inlier": 18, "refit": true}
{"timestamp": "17:38:25.779130", "frame": 98, "mu": [-1.5965203285594867, 0.6785744353739572, 1.2526591273415666], "Sigma": [[0.0024625136779391535, 0.0008059997266525869, -0.0005103407304027147], [0.0008059997266525867, 0.0027839198464749124, -0.0016838303432992919], [-0.0005103407304027148, -0.0016838303432992919, 0.0016424121390073972]], "chi2_level": 0.95, "chi2_df": 3, "chi2_threshold": 7.814727903251179, "N_raw": 16, "N_roi": 16, "N_inlier": 16, "refit": true}
{"timestamp": "17:38:25.838288", "frame": 99, "mu": [-1.6333568912478575, 0.790377737237793, -0.5362689542647153], "Sigma": [[0.005577362308543711, 0.006265663273629504, -0.002417341041167008], [0.006265663273629504, 0.011639116497210554, -0.003549166536942752], [-0.0024173410411670085, -0.003549166536942752, 0.0018043561334835615]], "chi2_level": 0.95, "chi2_df": 3, "chi2_threshold": 7.814727903251179, "N_raw": 20, "N_roi": 20, "N_inlier": 20, "refit": true}
{"timestamp": "17:38:26.002604", "frame": 100, "mu": [-1.6132458192963757, 0.4803176281308311, 0.7765171498416622], "Sigma": [[0.02337607726082564, 0.029135777335937394, 0.08463470726611627], [0.029135777335937398, 0.04801524378505124, 0.11895345494322884], [0.08463470726611626, 0.11895345494322883, 0.32591100467210393]], "chi2_level": 0.95, "chi2_df": 3, "chi2_threshold": 7.814727903251179, "N_raw": 9, "N_roi": 9, "N_inlier": 9, "refit": true}
{"timestamp": "17:38:26.021275", "frame": 101, "mu": [-1.4769265567188623, 0.3930033044960609, 0.9030728274448446], "Sigma": [[0.8641008190202358, -0.0024588914409057775, 0.0859444330744802], [-0.0024588914409057775, 0.016889961479765833, 0.03276590542841379], [0.08594443307448023, 0.03276590542841379, 0.121148897726164]], "chi2_level": 0.95, "chi2_df": 3, "chi2_threshold": 7.814727903251179, "N_raw": 15, "N_roi": 15, "N_inlier": 13, "refit": true}
