{"timestamp": "18:44:42.937019", "frame": 9, "mu": [2.2264639527426318, 4.887357205537188, 1.457382248365651], "Sigma": [[0.01686629476750286, -0.006352682439514284, -0.006261641246121587], [-0.0063526824395142845, 0.004616694023678842, 0.0029527397071182097], [-0.006261641246121587, 0.00295273970711821, 0.005773430266966871]], "chi2_level": 0.95, "chi2_df": 3, "chi2_threshold": 7.814727903251179, "N_raw": 20, "N_roi": 18, "N_inlier": 17, "refit": true}
{"timestamp": "18:44:43.045761", "frame": 11, "mu": [2.256722920702294, 4.9247548131971834, 1.0503940925104702], "Sigma": [[0.008600459956871772, -0.003223111357636828, -0.0005221313691641596], [-0.003223111357636828, 0.0025492366823745105, 0.0006403488988844103], [-0.0005221313691641598, 0.0006403488988844103, 0.00034719048238229897]], "chi2_level": 0.95, "chi2_df": 3, "chi2_threshold": 7.814727903251179, "N_raw": 11, "N_roi": 9, "N_inlier": 8, "refit": true}
{"timestamp": "18:44:43.102042", "frame": 12, "mu": [2.201852901972137, 4.885945901933006, 1.3921194071126628], "Sigma": [[0.014790416243454186, -0.00534084556662961, -0.010492682421730078], [-0.005340845566629609, 0.004367149121839524, -0.0010860205779568651], [-0.010492682421730078, -0.0010860205779568651, 0.023821083129598873]], "chi2_level": 0.95, "chi2_df": 3, "chi2_threshold": 7.814727903251179, "N_raw": 15, "N_roi": 12, "N_inlier": 12, "refit": true}
{"timestamp": "18:44:43.159743", "frame": 13, "mu": [2.2559580027158814, 4.8550028267088505, 1.3456514228686114], "Sigma": [[0.020558190392758087, -0.009216443978791233, -0.010748735883506475], [-0.009216443978791233, 0.005956491522373988, 0.001941407415050137], [-0.010748735883506477, 0.001941407415050138, 0.01440140011407008]], "chi2_level": 0.95, "chi2_df": 3, "chi2_threshold": 7.814727903251179, "N_raw": 28, "N_roi": 21, "N_inlier": 20, "refit": true}
{"timestamp": "18:44:43.214549", "frame": 14, "mu": [2.3641699684526785, 4.757829110198739, 1.2030190080520837], "Sigma": [[0.0071392621503401105, -0.0035133218224256244, -0.005455645565001392], [-0.0035133218224256244, 0.004458719737532343, -0.00032938050968673357], [-0.005455645565001392, -0.00032938050968673357, 0.009192255566748917]], "chi2_level": 0.95, "chi2_df": 3, "chi2_threshold": 7.814727903251179, "N_raw": 14, "N_roi": 10, "N_inlier": 10, "refit": true}
{"timestamp": "18:44:43.273757", "frame": 15, "mu": [2.2130943634136115, 4.830223798344049, 1.3078099285272364], "Sigma": [[0.030174122367875377, -0.014536069597967171, -0.013249171686221663], [-0.014536069597967171, 0.010081504078222829, 0.004991666922519782], [-0.013249171686221663, 0.004991666922519782, 0.009867399104216272]], "chi2_level": 0.95, "chi2_df": 3, "chi2_threshold": 7.814727903251179, "N_raw": 45, "N_roi": 33, "N_inlier": 32, "refit": true}
{"timestamp": "18:44:43.382124", "frame": 17, "mu": [2.2176570992995055, 4.8046611341566585, 1.0970839175240374], "Sigma": [[0.02775805291755419, -0.014662149368844473, -0.0093339132201672], [-0.014662149368844475, 0.010085492437006101, 0.0022313589747218598], [-0.0093339132201672, 0.002231358974721859, 0.010206118565107553]], "chi2_level": 0.95, "chi2_df": 3, "chi2_threshold": 7.814727903251179, "N_raw": 46, "N_roi": 34, "N_inlier": 32, "refit": true}
{"timestamp": "18:44:43.436277", "frame": 18, "mu": [2.203302249003811, 4.732134052491403, 0.9761523977733896], "Sigma": [[0.014785822340770268, -0.01126743286339989, -0.012154823446437445], [-0.01126743286339989, 0.011059757639703727, 0.007797683953972215], [-0.012154823446437445, 0.007797683953972215, 0.02307652894914979]], "chi2_level": 0.95, "chi2_df": 3, "chi2_threshold": 7.814727903251179, "N_raw": 27, "N_roi": 19, "N_inlier": 17, "refit": true}
{"timestamp": "18:44:43.492194", "frame": 19, "mu": [2.2719939588929727, 4.574773065895144, 0.6507045961217071], "Sigma": [[0.017909707858754093, -0.008991246948955724, -0.010280859749161807], [-0.008991246948955724, 0.008631276557730699, 0.004817777601379529], [-0.010280859749161807, 0.004817777601379529, 0.009573891865176877]], "chi2_level": 0.95, "chi2_df": 3, "chi2_threshold": 7.814727903251179, "N_raw": 39, "N_roi": 29, "N_inlier": 28, "refit": true}
{"timestamp": "18:44:43.547013", "frame": 20, "mu": [2.3154932777789248, 4.481625769398069, 0.6157839343507393], "Sigma": [[0.007482059980486241, -0.004317690638077327, -0.0031638910787932157], [-0.004317690638077327, 0.004748030958336355, 0.004338113357298939], [-0.003163891078793216, 0.004338113357298939, 0.035570614944898375]], "chi2_level": 0.95, "chi2_df": 3, "chi2_threshold": 7.814727903251179, "N_raw": 33, "N_roi": 11, "N_inlier": 9, "refit": true}
{"timestamp": "18:44:43.600136", "frame": 21, "mu": [2.223858144470394, 4.511649111426304, 1.0504887800978002], "Sigma": [[0.013015224555892161, -0.007881867327394288, -0.007444960125979593], [-0.00788186732739429, 0.0052912434748189465, 0.0036745639068575114], [-0.007444960125979592, 0.0036745639068575106, 0.007859296683757632]], "chi2_level": 0.95, "chi2_df": 3, "chi2_threshold": 7.814727903251179, "N_raw": 19, "N_roi": 12, "N_inlier": 10, "refit": true}
{"timestamp": "18:44:43.657637", "frame": 22, "mu": [2.2018192373892833, 4.472740299200291, 1.0092118549670148], "Sigma": [[0.01717030275242467, -0.009460724962596328, -0.011416513001229197], [-0.009460724962596328, 0.005710503701244781, 0.004576238024648387], [-0.011416513001229195, 0.0045762380246483865, 0.027961343326709236]], "chi2_level": 0.95, "chi2_df": 3, "chi2_threshold": 7.814727903251179, "N_raw": 48, "N_roi": 20, "N_inlier": 19, "refit": true}
{"timestamp": "18:44:43.711157", "frame": 23, "mu": [2.1937483406704534, 4.345453610797975, 0.6844847880576315], "Sigma": [[0.02106221734637871, -0.014107888686694065, -0.01473279182397398], [-0.014107888686694062, 0.014244077363511734, 0.01242776211788105], [-0.01473279182397398, 0.01242776211788105, 0.016469734755979758]], "chi2_level": 0.95, "chi2_df": 3, "chi2_threshold": 7.814727903251179, "N_raw": 33, "N_roi": 30, "N_inlier": 29, "refit": true}
{"timestamp": "18:44:43.818452", "frame": 25, "mu": [2.107957801651061, 4.310565220715105, 0.8707964076018933], "Sigma": [[0.009028434771703581, -0.003828019191195766, -0.0070892492850996285], [-0.003828019191195766, 0.0035439555799770327, -0.0002072821452463599], [-0.0070892492850996285, -0.0002072821452463599, 0.01636973263905634]], "chi2_level": 0.95, "chi2_df": 3, "chi2_threshold": 7.814727903251179, "N_raw": 15, "N_roi": 11, "N_inlier": 11, "refit": true}
{"timestamp": "18:44:44.041345", "frame": 29, "mu": [1.9456900787214066, 4.074462676010404, 0.7893451374351008], "Sigma": [[0.018434017313828793, -0.010208260475338968, -0.003669539373331646], [-0.01020826047533897, 0.006603775595631735, -0.0007980384790043681], [-0.003669539373331646, -0.0007980384790043679, 0.016985422139092456]], "chi2_level": 0.95, "chi2_df": 3, "chi2_threshold": 7.814727903251179, "N_raw": 32, "N_roi": 32, "N_inlier": 31, "refit": true}
{"timestamp": "18:44:44.094545", "frame": 30, "mu": [1.8452215312349622, 4.189091151358627, -0.036394515490934684], "Sigma": [[0.007126482575648794, -0.004094580133338969, -0.0030058007468153633], [-0.004094580133338969, 0.004710525434166817, -0.0007829331830786716], [-0.0030058007468153633, -0.0007829331830786716, 0.006150839084265149]], "chi2_level": 0.95, "chi2_df": 3, "chi2_threshold": 7.814727903251179, "N_raw": 15, "N_roi": 15, "N_inlier": 14, "refit": true}
{"timestamp": "18:44:44.263657", "frame": 33, "mu": [1.6576239969328057, 3.9600416054487892, -1.088797074737792], "Sigma": [[0.022298657457979303, 0.0025746176810273686, 0.04721733174509367], [0.002574617681027369, 0.0072454166467627425, 0.02038535285200636], [0.04721733174509367, 0.02038535285200636, 0.19851052516223894]], "chi2_level": 0.95, "chi2_df": 3, "chi2_threshold": 7.814727903251179, "N_raw": 48, "N_roi": 48, "N_inlier": 47, "refit": true}
{"timestamp": "18:44:44.314185", "frame": 34, "mu": [1.620643664987919, 3.881190824419951, 0.8669211980715706], "Sigma": [[0.00534893898013635, -0.0024565520435970013, 0.005582874942960403], [-0.0024565520435970017, 0.0028419955655326554, -0.010716294028358239], [0.005582874942960403, -0.010716294028358239, 0.06647926594153754]], "chi2_level": 0.95, "chi2_df": 3, "chi2_threshold": 7.814727903251179, "N_raw": 14, "N_roi": 14, "N_inlier": 13, "refit": true}
{"timestamp": "18:44:44.370890", "frame": 35, "mu": [1.6100494560133867, 3.8171597791657974, 0.8453940238253869], "Sigma": [[0.011717733919225674, -0.006595091315573996, -0.003777592090276922], [-0.006595091315573997, 0.005091527898380968, -0.0011363383071435714], [-0.003777592090276922, -0.0011363383071435716, 0.012465263537223882]], "chi2_level": 0.95, "chi2_df": 3, "chi2_threshold": 7.814727903251179, "N_raw": 31, "N_roi": 31, "N_inlier": 30, "refit": true}
{"timestamp": "18:44:44.426703", "frame": 36, "mu": [1.5927503213472827, 3.702564062517403, 0.9574780131784442], "Sigma": [[0.022679854332362102, -0.013442252044430045, -0.030690103498714358], [-0.013442252044430045, 0.009539761187372108, 0.016107071771914165], [-0.030690103498714358, 0.016107071771914165, 0.05270391542714741]], "chi2_level": 0.95, "chi2_df": 3, "chi2_threshold": 7.814727903251179, "N_raw": 38, "N_roi": 38, "N_inlier": 37, "refit": true}
{"timestamp": "18:44:44.483853", "frame": 37, "mu": [1.5367735536573826, 3.6377642611172716, 0.7721271299234184], "Sigma": [[0.018948818298339436, -0.009192049500011365, -0.010842254506413816], [-0.009192049500011365, 0.0067869330788004395, 0.002248949190876819], [-0.010842254506413816, 0.0022489491908768196, 0.01434747210524564]], "chi2_level": 0.95, "chi2_df": 3, "chi2_threshold": 7.814727903251179, "N_raw": 44, "N_roi": 44, "N_inlier": 42, "refit": true}
{"timestamp": "18:44:44.539745", "frame": 38, "mu": [1.4195251450055417, 3.6367976473604933, 0.9719630504094551], "Sigma": [[0.021011051191689847, -0.007162012521925791, -0.008175516126489046], [-0.007162012521925791, 0.0042984880614653385, -0.0035346331421375445], [-0.008175516126489046, -0.0035346331421375436, 0.04402441176000314]], "chi2_level": 0.95, "chi2_df": 3, "chi2_threshold": 7.814727903251179, "N_raw": 61, "N_roi": 61, "N_inlier": 59, "refit": true}
{"timestamp": "18:44:44.595175", "frame": 39, "mu": [1.4358769458376903, 3.47013021867497, 0.58994046436383], "Sigma": [[0.025379909253523004, -0.01390620049263389, -0.016264309675591816], [-0.01390620049263389, 0.008208622864371368, 0.007463478015061907], [-0.016264309675591816, 0.007463478015061907, 0.03603387337155102]], "chi2_level": 0.95, "chi2_df": 3, "chi2_threshold": 7.814727903251179, "N_raw": 53, "N_roi": 53, "N_inlier": 51, "refit": true}
{"timestamp": "18:44:44.646344", "frame": 40, "mu": [1.3793662598337328, 3.4071685384074506, 0.6242116622356148], "Sigma": [[0.01369283526498445, -0.007264778736416665, -0.007857945876555528], [-0.007264778736416665, 0.005119164799034133, 0.002479694580408637], [-0.007857945876555528, 0.002479694580408637, 0.010173812803023709]], "chi2_level": 0.95, "chi2_df": 3, "chi2_threshold": 7.814727903251179, "N_raw": 33, "N_roi": 33, "N_inlier": 31, "refit": true}
{"timestamp": "18:44:44.701124", "frame": 41, "mu": [1.327170756043228, 3.5836820385154082, -0.4570215757027663], "Sigma": [[0.015607888996031188, -0.007390781332918575, -0.01205028970200418], [-0.007390781332918575, 0.006288198070033084, 0.0031831530168665552], [-0.01205028970200418, 0.0031831530168665552, 0.012942079705430107]], "chi2_level": 0.95, "chi2_df": 3, "chi2_threshold": 7.814727903251179, "N_raw": 34, "N_roi": 34, "N_inlier": 33, "refit": true}
{"timestamp": "18:44:44.762430", "frame": 42, "mu": [1.2439228801962854, 3.5014512960270303, -0.3020208497022663], "Sigma": [[0.020924572928091578, -0.0075504116170777855, -0.013898839177651941], [-0.0075504116170777855, 0.005628275433957781, 0.001404252234214378], [-0.013898839177651941, 0.001404252234214378, 0.015770278830288687]], "chi2_level": 0.95, "chi2_df": 3, "chi2_threshold": 7.814727903251179, "N_raw": 45, "N_roi": 45, "N_inlier": 42, "refit": true}
{"timestamp": "18:44:44.811822", "frame": 43, "mu": [1.1237915707010033, 3.325880897872448, 0.9664811920116235], "Sigma": [[0.009493353668030122, -0.004139098760024286, 0.001543344795962942], [-0.004139098760024286, 0.003289053964350324, -0.005767381833045138], [0.0015433447959629421, -0.005767381833045138, 0.021955066284936882]], "chi2_level": 0.95, "chi2_df": 3, "chi2_threshold": 7.814727903251179, "N_raw": 37, "N_roi": 37, "N_inlier": 35, "refit": true}
{"timestamp": "18:44:44.868028", "frame": 44, "mu": [1.1101844240947254, 3.298955133540264, 0.6706079149718929], "Sigma": [[0.016958623081235427, -0.010423861878657643, -0.004291859368705936], [-0.010423861878657643, 0.007596128611270182, 0.00016079541627422997], [-0.004291859368705937, 0.00016079541627422997, 0.00981832842300189]], "chi2_level": 0.95, "chi2_df": 3, "chi2_threshold": 7.814727903251179, "N_raw": 35, "N_roi": 35, "N_inlier": 32, "refit": true}
{"timestamp": "18:44:44.928965", "frame": 45, "mu": [1.0516101279116168, 3.1929315645806087, 0.8114409931153095], "Sigma": [[0.04087777190735649, -0.03339175365233697, -0.013306842668184608], [-0.03339175365233697, 0.030919408595779335, 0.00697656065324634], [-0.01330684266818461, 0.006976560653246341, 0.015045027223688246]], "chi2_level": 0.95, "chi2_df": 3, "chi2_threshold": 7.814727903251179, "N_raw": 78, "N_roi": 76, "N_inlier": 73, "refit": true}
{"timestamp": "18:44:44.984576", "frame": 46, "mu": [0.9960295769348511, 3.125031632068062, 0.8732210742048311], "Sigma": [[0.02329176313446838, -0.021049062364967005, -0.003219734057894562], [-0.021049062364967005, 0.02357384591253462, 0.0006918954257842361], [-0.0032197340578945617, 0.0006918954257842355, 0.014018809881358629]], "chi2_level": 0.95, "chi2_df": 3, "chi2_threshold": 7.814727903251179, "N_raw": 56, "N_roi": 55, "N_inlier": 55, "refit": true}
{"timestamp": "18:44:45.033928", "frame": 47, "mu": [0.8779746164597151, 3.1052628355044587, 0.919921884188557], "Sigma": [[0.01079684812579929, -0.004497206752609837, 0.0053590434642694015], [-0.004497206752609837, 0.0029941898039505302, -0.002910232832830204], [0.0053590434642694015, -0.0029102328328302045, 0.04769442059017094]], "chi2_level": 0.95, "chi2_df": 3, "chi2_threshold": 7.814727903251179, "N_raw": 48, "N_roi": 48, "N_inlier": 47, "refit": true}
{"timestamp": "18:44:45.094080", "frame": 48, "mu": [0.7648368528009583, 3.1302125362442723, -0.8514173529855813], "Sigma": [[0.018165993995543625, -0.0007586977680663089, 0.06061704167186274], [-0.0007586977680663091, 0.006398762729546375, 0.001989469268666064], [0.06061704167186274, 0.0019894692686660636, 0.32157767159556044]], "chi2_level": 0.95, "chi2_df": 3, "chi2_threshold": 7.814727903251179, "N_raw": 74, "N_roi": 70, "N_inlier": 65, "refit": true}
{"timestamp": "18:44:45.145500", "frame": 49, "mu": [0.7663397593045407, 2.9550502664683247, 0.9669388580249295], "Sigma": [[0.013488176929352268, 0.0003640299473107146, 0.0008979586220274293], [0.00036402994731071444, 0.009214881139942824, 0.0034934031308773046], [0.0008979586220274288, 0.0034934031308773046, 0.00862886644488738]], "chi2_level": 0.95, "chi2_df": 3, "chi2_threshold": 7.814727903251179, "N_raw": 60, "N_roi": 59, "N_inlier": 57, "refit": true}
{"timestamp": "18:44:45.205456", "frame": 50, "mu": [0.6165871774653267, 3.0248436738947784, -0.7345866169981174], "Sigma": [[0.01588074972015599, 0.003622169924848797, 0.05135475540704315], [0.0036221699248487975, 0.009917626466058422, 0.012911486429885377], [0.05135475540704315, 0.012911486429885377, 0.26246179241310696]], "chi2_level": 0.95, "chi2_df": 3, "chi2_threshold": 7.814727903251179, "N_raw": 91, "N_roi": 91, "N_inlier": 89, "refit": true}
{"timestamp": "18:44:45.259714", "frame": 51, "mu": [0.5776748355482912, 2.9307342355978734, 0.9311888919287414], "Sigma": [[0.025074901473572116, -0.00890718369099834, 0.017335550506452746], [-0.008907183690998337, 0.006750437646484434, -0.010440844845407152], [0.017335550506452746, -0.010440844845407152, 0.02355890777052268]], "chi2_level": 0.95, "chi2_df": 3, "chi2_threshold": 7.814727903251179, "N_raw": 86, "N_roi": 85, "N_inlier": 82, "refit": true}
{"timestamp": "18:44:45.312711", "frame": 52, "mu": [0.5393691415321246, 2.8686250730633955, 1.0696213250172606], "Sigma": [[0.014311585750601872, -0.002947736006228373, -0.0003408040220702937], [-0.002947736006228373, 0.0065899234117422914, -0.0009006755183686448], [-0.0003408040220702937, -0.0009006755183686449, 0.0018394576872722695]], "chi2_level": 0.95, "chi2_df": 3, "chi2_threshold": 7.814727903251179, "N_raw": 65, "N_roi": 65, "N_inlier": 59, "refit": true}
{"timestamp": "18:44:45.367884", "frame": 53, "mu": [0.5200716510540667, 2.803608765074585, 1.1043307094228043], "Sigma": [[0.012735850397256191, -0.004784918655028744, -0.009023938509087143], [-0.004784918655028744, 0.005266367890453319, 0.00036727768355553704], [-0.009023938509087143, 0.0003672776835555369, 0.010421393056141778]], "chi2_level": 0.95, "chi2_df": 3, "chi2_threshold": 7.814727903251179, "N_raw": 60, "N_roi": 57, "N_inlier": 54, "refit": true}
{"timestamp": "18:44:45.423880", "frame": 54, "mu": [0.4458011952655954, 2.7574999889475214, 1.0124219709837041], "Sigma": [[0.01565703598327583, -0.006781910158517767, -0.019450161958466435], [-0.006781910158517767, 0.004169880692515335, 0.005198605651437762], [-0.019450161958466435, 0.005198605651437762, 0.06411492889016271]], "chi2_level": 0.95, "chi2_df": 3, "chi2_threshold": 7.814727903251179, "N_raw": 78, "N_roi": 78, "N_inlier": 73, "refit": true}
{"timestamp": "18:44:45.484452", "frame": 55, "mu": [0.36405207606028095, 2.7794546694192293, 0.8094650655112311], "Sigma": [[0.022763016064301506, -0.01137923491005739, -0.001463257012864858], [-0.01137923491005739, 0.011978070628007263, -0.00654388861121367], [-0.0014632570128648593, -0.006543888611213669, 0.16984226182087517]], "chi2_level": 0.95, "chi2_df": 3, "chi2_threshold": 7.814727903251179, "N_raw": 112, "N_roi": 109, "N_inlier": 108, "refit": true}
{"timestamp": "18:44:45.538981", "frame": 56, "mu": [0.23283532902052537, 2.708113101968944, 0.9721886668884119], "Sigma": [[0.02628545378562218, -0.011097712624059258, -0.006220554697580677], [-0.01109771262405926, 0.007709336373629929, -0.0014163716607990809], [-0.006220554697580679, -0.0014163716607990809, 0.07490714557998965]], "chi2_level": 0.95, "chi2_df": 3, "chi2_threshold": 7.814727903251179, "N_raw": 106, "N_roi": 104, "N_inlier": 99, "refit": true}
{"timestamp": "18:44:45.585191", "frame": 57, "mu": [0.2741555020549973, 2.6149301385337966, 1.0465783086498095], "Sigma": [[0.011273648638135495, -5.610885611195273e-05, -0.00021874564280354694], [-5.610885611195276e-05, 0.0008906933348401357, -0.0026442338297996424], [-0.00021874564280354683, -0.002644233829799643, 0.018845118576764446]], "chi2_level": 0.95, "chi2_df": 3, "chi2_threshold": 7.814727903251179, "N_raw": 53, "N_roi": 53, "N_inlier": 52, "refit": true}
{"timestamp": "18:44:45.636990", "frame": 58, "mu": [0.1799378452338439, 2.5273849825437638, 0.7900260505202117], "Sigma": [[0.0060995301727595165, -0.0005846289263481878, -0.001009367103190446], [-0.0005846289263481878, 0.0019191927687285963, -7.288394008410274e-05], [-0.0010093671031904462, -7.288394008410271e-05, 0.0007202718288838438]], "chi2_level": 0.95, "chi2_df": 3, "chi2_threshold": 7.814727903251179, "N_raw": 28, "N_roi": 24, "N_inlier": 21, "refit": true}
{"timestamp": "18:44:45.694890", "frame": 59, "mu": [0.09168858905629904, 2.47114932176705, 1.1088260677959945], "Sigma": [[0.010668769069617003, -0.0031157601301356353, -0.013463296943700168], [-0.0031157601301356353, 0.0014691483790290197, 0.004697599100391839], [-0.013463296943700168, 0.004697599100391839, 0.05283830335838316]], "chi2_level": 0.95, "chi2_df": 3, "chi2_threshold": 7.814727903251179, "N_raw": 51, "N_roi": 51, "N_inlier": 49, "refit": true}
{"timestamp": "18:44:45.753981", "frame": 60, "mu": [0.05775947695886888, 2.445745859266618, 1.1506140496563155], "Sigma": [[0.011834195061254287, -0.001807830227494524, -0.009630184843431141], [-0.001807830227494524, 0.0026698121694178354, -0.0044887193789586366], [-0.009630184843431141, -0.0044887193789586366, 0.02462197103771496]], "chi2_level": 0.95, "chi2_df": 3, "chi2_threshold": 7.814727903251179, "N_raw": 75, "N_roi": 75, "N_inlier": 72, "refit": true}
{"timestamp": "18:44:45.810879", "frame": 61, "mu": [-0.0769059688549934, 2.445485893673222, 1.0660017159162443], "Sigma": [[0.03718412303719279, -0.014856187757328228, -0.0014974805368615767], [-0.014856187757328228, 0.008143353487645397, -0.00423409674863048], [-0.0014974805368615767, -0.004234096748630481, 0.024296814880571428]], "chi2_level": 0.95, "chi2_df": 3, "chi2_threshold": 7.814727903251179, "N_raw": 89, "N_roi": 89, "N_inlier": 84, "refit": true}
{"timestamp": "18:44:45.864346", "frame": 62, "mu": [-0.055851970703580285, 2.352909514892234, 1.2874182272426593], "Sigma": [[0.010102807235796188, -0.002561916643294547, -0.01437224381555489], [-0.002561916643294547, 0.0029923765986108256, -0.0013650470070958529], [-0.01437224381555489, -0.0013650470070958529, 0.04748270556405615]], "chi2_level": 0.95, "chi2_df": 3, "chi2_threshold": 7.814727903251179, "N_raw": 75, "N_roi": 75, "N_inlier": 70, "refit": true}
{"timestamp": "18:44:45.917391", "frame": 63, "mu": [-0.13997535735472244, 2.2933779365625755, 1.203804436913711], "Sigma": [[0.014209165495245065, -0.007061533043697128, 0.018470144057895446], [-0.007061533043697128, 0.005984992089269053, -0.015054700106065355], [0.018470144057895446, -0.015054700106065355, 0.08111773993609413]], "chi2_level": 0.95, "chi2_df": 3, "chi2_threshold": 7.814727903251179, "N_raw": 63, "N_roi": 62, "N_inlier": 58, "refit": true}
{"timestamp": "18:44:45.981239", "frame": 64, "mu": [-0.20818807687749305, 2.249635700840805, 1.1305566927619397], "Sigma": [[0.01561424957554756, -0.008865579683413814, 0.015934696241455493], [-0.008865579683413814, 0.00888176349752389, -0.01579134906657722], [0.015934696241455493, -0.01579134906657722, 0.09563185624945131]], "chi2_level": 0.95, "chi2_df": 3, "chi2_threshold": 7.814727903251179, "N_raw": 124, "N_roi": 120, "N_inlier": 111, "refit": true}
{"timestamp": "18:44:46.028650", "frame": 65, "mu": [-0.2226094030918994, 2.1389714758848832, -0.6314076049329933], "Sigma": [[0.010857852175301724, -0.00433467088063203, -0.014186959507708869], [-0.00433467088063203, 0.005876888942790257, 0.0038234529856074123], [-0.014186959507708867, 0.003823452985607412, 0.020848861681481354]], "chi2_level": 0.95, "chi2_df": 3, "chi2_threshold": 7.814727903251179, "N_raw": 70, "N_roi": 67, "N_inlier": 62, "refit": true}
{"timestamp": "18:44:46.082698", "frame": 66, "mu": [-0.3369311169985662, 2.008149752281349, 0.9773192627959099], "Sigma": [[0.01757971098489545, 0.0026758653223922604, 0.03522733261148219], [0.002675865322392261, 0.01181815295995581, 0.04523383879362125], [0.03522733261148219, 0.04523383879362125, 0.28737570124918793]], "chi2_level": 0.95, "chi2_df": 3, "chi2_threshold": 7.814727903251179, "N_raw": 59, "N_roi": 57, "N_inlier": 54, "refit": true}
{"timestamp": "18:44:46.139735", "frame": 67, "mu": [-0.35583872711704023, 2.2874702119534946, -0.4620342721625066], "Sigma": [[0.01677901688229086, 0.023068900625102508, -0.054783420088887314], [0.023068900625102504, 0.06889244407041567, -0.1512128776198215], [-0.054783420088887314, -0.15121287761982147, 0.374338131169098]], "chi2_level": 0.95, "chi2_df": 3, "chi2_threshold": 7.814727903251179, "N_raw": 84, "N_roi": 84, "N_inlier": 80, "refit": true}
{"timestamp": "18:44:46.191205", "frame": 68, "mu": [-0.5273182786978307, 1.9697166719619787, -0.5653603492761016], "Sigma": [[0.010461607785488209, -0.001741311085797137, -0.014449681393779541], [-0.001741311085797137, 0.0016170830284190437, 0.0016370087956965613], [-0.014449681393779543, 0.001637008795696561, 0.028994768075558598]], "chi2_level": 0.95, "chi2_df": 3, "chi2_threshold": 7.814727903251179, "N_raw": 39, "N_roi": 39, "N_inlier": 34, "refit": true}
{"timestamp": "18:44:46.246807", "frame": 69, "mu": [-0.5618259199809337, 2.0435601890920143, -0.2478470465540649], "Sigma": [[0.01111242979885989, 0.0006635430753955962, -0.01600467437187122], [0.0006635430753955961, 0.0037274420697883176, -0.00460588442017938], [-0.01600467437187122, -0.004605884420179381, 0.028986813607333416]], "chi2_level": 0.95, "chi2_df": 3, "chi2_threshold": 7.814727903251179, "N_raw": 61, "N_roi": 61, "N_inlier": 56, "refit": true}
{"timestamp": "18:44:46.299107", "frame": 70, "mu": [-0.6822399524262804, 1.896575679258283, 1.4888864274567453], "Sigma": [[0.008174731254486615, -0.000248805802573326, -0.009371162481363885], [-0.0002488058025733259, 0.002048169292601487, -0.0021220012421321755], [-0.009371162481363885, -0.0021220012421321755, 0.016942816138874175]], "chi2_level": 0.95, "chi2_df": 3, "chi2_threshold": 7.814727903251179, "N_raw": 46, "N_roi": 46, "N_inlier": 41, "refit": true}
{"timestamp": "18:44:46.360938", "frame": 71, "mu": [-0.6896581710279379, 1.9165175157345606, 0.2850191874035308], "Sigma": [[0.00829005060857071, 0.001040592887077414, 0.029145664820387145], [0.001040592887077414, 0.008918686729892602, -0.0064859623251352595], [0.029145664820387142, -0.00648596232513526, 0.27979412820781185]], "chi2_level": 0.95, "chi2_df": 3, "chi2_threshold": 7.814727903251179, "N_raw": 97, "N_roi": 97, "N_inlier": 93, "refit": true}
{"timestamp": "18:44:46.412766", "frame": 72, "mu": [-0.747013981094045, 1.7854023430147448, 1.5542096459433559], "Sigma": [[0.00893985693310775, -0.0009672244945117272, -0.006927876941754571], [-0.0009672244945117272, 0.004927238051476694, -0.0005635691882551387], [-0.00692787694175457, -0.0005635691882551387, 0.00621316383917016]], "chi2_level": 0.95, "chi2_df": 3, "chi2_threshold": 7.814727903251179, "N_raw": 64, "N_roi": 64, "N_inlier": 61, "refit": true}
{"timestamp": "18:44:46.465140", "frame": 73, "mu": [-0.8240808957399477, 1.7161638484454058, 1.541225681911665], "Sigma": [[0.0071483536971119815, 3.6878565449577306e-06, -0.007940995936386617], [3.6878565449577035e-06, 0.0023790994569235302, -0.0026181292862780376], [-0.007940995936386617, -0.0026181292862780376, 0.014919787096450105]], "chi2_level": 0.95, "chi2_df": 3, "chi2_threshold": 7.814727903251179, "N_raw": 53, "N_roi": 53, "N_inlier": 47, "refit": true}
{"timestamp": "18:44:46.516957", "frame": 74, "mu": [-0.8294422064751603, 1.6901172814164986, 0.97752343271683], "Sigma": [[0.0035986056307472656, -1.8608206302441e-05, 0.0014745498746990152], [-1.8608206302440973e-05, 0.0033383153979951626, -0.027996639124853326], [0.0014745498746990143, -0.02799663912485333, 0.5203052927505749]], "chi2_level": 0.95, "chi2_df": 3, "chi2_threshold": 7.814727903251179, "N_raw": 36, "N_roi": 36, "N_inlier": 35, "refit": true}
{"timestamp": "18:44:46.571822", "frame": 75, "mu": [-0.9353284579091625, 1.6104669952467092, 1.4171203751490355], "Sigma": [[0.010070254498425595, 0.002498529776558801, -0.024080876227177576], [0.002498529776558801, 0.001807471610729784, -0.008050252306813305], [-0.024080876227177576, -0.008050252306813305, 0.0679871951773502]], "chi2_level": 0.95, "chi2_df": 3, "chi2_threshold": 7.814727903251179, "N_raw": 32, "N_roi": 32, "N_inlier": 26, "refit": true}
{"timestamp": "18:44:46.629904", "frame": 76, "mu": [-0.8765944028364678, 1.5778609995293718, 1.280919422365828], "Sigma": [[0.004513112973002384, -0.000740301122593941, -0.004360771920345671], [-0.0007403011225939411, 0.001241366633672054, -0.0030414068419967752], [-0.004360771920345671, -0.0030414068419967752, 0.025979110318354714]], "chi2_level": 0.95, "chi2_df": 3, "chi2_threshold": 7.814727903251179, "N_raw": 58, "N_roi": 58, "N_inlier": 54, "refit": true}
{"timestamp": "18:44:46.680947", "frame": 77, "mu": [-1.1392721149105833, 1.3853754165944732, 1.0895266716503924], "Sigma": [[0.07497543950113725, 0.062274586272879184, -0.1569959093553567], [0.062274586272879184, 0.06278642704216175, -0.1460037126495749], [-0.15699590935535673, -0.1460037126495749, 0.7206576370213943]], "chi2_level": 0.95, "chi2_df": 3, "chi2_threshold": 7.814727903251179, "N_raw": 24, "N_roi": 24, "N_inlier": 24, "refit": true}
{"timestamp": "18:44:46.737481", "frame": 78, "mu": [-1.2310730680629447, 1.3126522873309951, 1.337622337849582], "Sigma": [[0.07380104501334822, 0.06663438780819622, -0.17683755241115623], [0.06663438780819622, 0.06850435052575521, -0.182700686075624], [-0.17683755241115623, -0.18270068607562404, 0.6203110691469585]], "chi2_level": 0.95, "chi2_df": 3, "chi2_threshold": 7.814727903251179, "N_raw": 29, "N_roi": 29, "N_inlier": 27, "refit": true}
{"timestamp": "18:44:46.792609", "frame": 79, "mu": [-1.2937058657330418, 1.2345995749180927, 1.6009989429819462], "Sigma": [[0.04012014498872302, 0.031145807119579202, -0.07861131246503976], [0.031145807119579205, 0.030599648007741946, -0.08172927688969908], [-0.07861131246503976, -0.08172927688969908, 0.33280865530661924]], "chi2_level": 0.95, "chi2_df": 3, "chi2_threshold": 7.814727903251179, "N_raw": 34, "N_roi": 34, "N_inlier": 32, "refit": true}
{"timestamp": "18:44:46.851433", "frame": 80, "mu": [-1.3000063507745077, 1.1842505779526524, 1.6907229023687147], "Sigma": [[0.01966387468641627, 0.01213459084968679, -0.012603057395836838], [0.01213459084968679, 0.010947725904414998, -0.010341823514708645], [-0.012603057395836838, -0.010341823514708647, 0.015232654343896665]], "chi2_level": 0.95, "chi2_df": 3, "chi2_threshold": 7.814727903251179, "N_raw": 68, "N_roi": 68, "N_inlier": 62, "refit": true}
{"timestamp": "18:44:46.903281", "frame": 81, "mu": [-1.3163604238525723, 1.1254021987445957, 1.720263774053562], "Sigma": [[0.010680421187712315, 0.006292472239383258, -0.012219357063822617], [0.006292472239383258, 0.007759206599325995, -0.0077905570453767605], [-0.012219357063822617, -0.00779055704537676, 0.014966433912984434]], "chi2_level": 0.95, "chi2_df": 3, "chi2_threshold": 7.814727903251179, "N_raw": 49, "N_roi": 49, "N_inlier": 47, "refit": true}
{"timestamp": "18:44:46.960115", "frame": 82, "mu": [-1.2422358634782822, 0.9920924860318112, 1.387728017891777], "Sigma": [[0.009464785345557758, 0.005871367255056519, -0.004051759135408374], [0.00587136725505652, 0.006752797720972596, -0.004610771146016039], [-0.004051759135408374, -0.004610771146016039, 0.003474634854802544]], "chi2_level": 0.95, "chi2_df": 3, "chi2_threshold": 7.814727903251179, "N_raw": 59, "N_roi": 59, "N_inlier": 56, "refit": true}
{"timestamp": "18:44:47.013267", "frame": 83, "mu": [-1.4690067476665956, 1.0065979155289324, 1.701066244161627], "Sigma": [[0.006148813927104328, 0.0044432812966532014, -0.005437309462581395], [0.0044432812966532014, 0.01108377396598984, -0.009686051897227363], [-0.005437309462581396, -0.009686051897227366, 0.014655110256825844]], "chi2_level": 0.95, "chi2_df": 3, "chi2_threshold": 7.814727903251179, "N_raw": 47, "N_roi": 47, "N_inlier": 45, "refit": true}
{"timestamp": "18:44:47.069469", "frame": 84, "mu": [-1.4504950038060627, 1.0201618606419283, -0.13044112758614806], "Sigma": [[0.006637544204172427, 0.0015064339450386152, -0.0071874737394330285], [0.0015064339450386152, 0.012158900021439486, -0.0017704705965173107], [-0.0071874737394330285, -0.0017704705965173107, 0.010298057302977765]], "chi2_level": 0.95, "chi2_df": 3, "chi2_threshold": 7.814727903251179, "N_raw": 52, "N_roi": 52, "N_inlier": 50, "refit": true}
{"timestamp": "18:44:47.124335", "frame": 85, "mu": [-1.438157171673042, 0.7947320950654821, 1.3639129023465952], "Sigma": [[0.007031085067772271, 0.0034071182107370344, 0.00045957628042427533], [0.0034071182107370335, 0.006881263999560633, -0.0044928971701837135], [0.00045957628042427544, -0.0044928971701837135, 0.006645106544201081]], "chi2_level": 0.95, "chi2_df": 3, "chi2_threshold": 7.814727903251179, "N_raw": 60, "N_roi": 60, "N_inlier": 57, "refit": true}
{"timestamp": "18:44:47.177335", "frame": 86, "mu": [-1.5382742930190043, 0.8348581992918687, 1.4442471799270769], "Sigma": [[0.006469338442152477, 0.0033879316503936862, -0.0032075082253428242], [0.0033879316503936862, 0.007890129718288537, -0.008518005541719387], [-0.0032075082253428242, -0.008518005541719387, 0.015034739563251284]], "chi2_level": 0.95, "chi2_df": 3, "chi2_threshold": 7.814727903251179, "N_raw": 48, "N_roi": 48, "N_inlier": 47, "refit": true}
{"timestamp": "18:44:47.235044", "frame": 87, "mu": [-1.5575367950839494, 0.8191103539178513, 1.411425139122148], "Sigma": [[0.0059816303407321915, 0.0022530572473680463, -0.0021116923516325587], [0.002253057247368046, 0.007243779289314537, -0.0037234132379462504], [-0.0021116923516325587, -0.0037234132379462504, 0.027897757195838153]], "chi2_level": 0.95, "chi2_df": 3, "chi2_threshold": 7.814727903251179, "N_raw": 58, "N_roi": 58, "N_inlier": 54, "refit": true}
{"timestamp": "18:44:47.286824", "frame": 88, "mu": [-1.5830204908115115, 0.7507607493562971, 1.248700878493406], "Sigma": [[0.004203226501105841, 0.0029241628752186975, 0.006362964480742551], [0.002924162875218697, 0.006072647434610687, 0.004477817631336586], [0.006362964480742551, 0.0044778176313365866, 0.03443855069124355]], "chi2_level": 0.95, "chi2_df": 3, "chi2_threshold": 7.814727903251179, "N_raw": 40, "N_roi": 40, "N_inlier": 39, "refit": true}
{"timestamp": "18:44:47.342348", "frame": 89, "mu": [-1.6122816123434183, 0.679244915541273, 1.3726236694971443], "Sigma": [[0.00712020080017602, 0.003306706034069045, -0.0025832448800117945], [0.003306706034069045, 0.011687167561800946, -0.005598817988867624], [-0.0025832448800117945, -0.005598817988867624, 0.0037226400544574352]], "chi2_level": 0.95, "chi2_df": 3, "chi2_threshold": 7.814727903251179, "N_raw": 46, "N_roi": 46, "N_inlier": 45, "refit": true}
{"timestamp": "18:44:47.394813", "frame": 90, "mu": [-1.5936823242740707, 0.6098311938279523, 1.3122762334895552], "Sigma": [[0.005121209645422663, 0.003980630272930595, -0.002631153400631703], [0.003980630272930595, 0.008291545530828474, -0.004267949137074258], [-0.002631153400631703, -0.004267949137074258, 0.002812675764879661]], "chi2_level": 0.95, "chi2_df": 3, "chi2_threshold": 7.814727903251179, "N_raw": 28, "N_roi": 28, "N_inlier": 28, "refit": true}
{"timestamp": "18:44:47.507346", "frame": 92, "mu": [-1.6693659072108364, 0.6153414847423732, 1.21990512349162], "Sigma": [[0.006166200434669549, 0.003951317537034943, 0.0031223400119793467], [0.003951317537034943, 0.008485016525209794, -0.004620213755795367], [0.0031223400119793467, -0.004620213755795367, 0.015775456451483823]], "chi2_level": 0.95, "chi2_df": 3, "chi2_threshold": 7.814727903251179, "N_raw": 45, "N_roi": 45, "N_inlier": 45, "refit": true}
{"timestamp": "18:44:47.559056", "frame": 93, "mu": [-0.28795713330022993, 0.5710516921179765, 0.936698642615564], "Sigma": [[3.3536662953270087, -0.20714969555226326, -1.039214331971454], [-0.20714969555226323, 0.03195951898905174, 0.05922464506534558], [-1.039214331971454, 0.05922464506534557, 0.32364795435328136]], "chi2_level": 0.95, "chi2_df": 3, "chi2_threshold": 7.814727903251179, "N_raw": 14, "N_roi": 14, "N_inlier": 13, "refit": true}
{"timestamp": "18:44:47.776708", "frame": 97, "mu": [-0.42616445241979567, 0.44247930878209174, 0.5762658959898893], "Sigma": [[4.283781153658114, 0.027151082426208038, 0.1266724098565097], [0.02715108242620803, 0.006381103970263903, 0.005212151855586787], [0.1266724098565097, 0.005212151855586787, 0.019709745558546276]], "chi2_level": 0.95, "chi2_df": 3, "chi2_threshold": 7.814727903251179, "N_raw": 7, "N_roi": 7, "N_inlier": 7, "refit": true}
{"timestamp": "18:44:47.834505", "frame": 98, "mu": [0.037816147166271116, 0.4358694039962319, 0.5159583637086815], "Sigma": [[4.663195338828177, 0.08823522791903435, -0.023704343870665626], [0.08823522791903435, 0.008644083688270415, -0.0025602701593609198], [-0.023704343870665633, -0.0025602701593609198, 0.0014337353343715812]], "chi2_level": 0.95, "chi2_df": 3, "chi2_threshold": 7.814727903251179, "N_raw": 19, "N_roi": 19, "N_inlier": 18, "refit": true}
