{"timestamp": "17:55:47.769831", "frame": 1, "mu": [0.7925186903711541, 2.7119833268184186, 1.104757513742761], "Sigma": [[0.007119657225370031, -0.0014672903800280396, 0.0003805839435810161], [-0.0014672903800280396, 0.002363405714189784, -0.0056632713863264215], [0.00038058394358101615, -0.0056632713863264215, 0.024049726911864074]], "chi2_level": 0.95, "chi2_df": 3, "chi2_threshold": 7.814727903251179, "N_raw": 46, "N_roi": 46, "N_inlier": 44, "refit": true}
{"timestamp": "17:55:47.823248", "frame": 2, "mu": [0.7981740476774688, 2.6946580512506055, 1.3998169848322013], "Sigma": [[0.003248501647947517, -0.001328202550645615, -0.0011904908889469505], [-0.001328202550645615, 0.0018257303945392429, -0.0010947063595101382], [-0.0011904908889469505, -0.0010947063595101382, 0.004093625883741421]], "chi2_level": 0.95, "chi2_df": 3, "chi2_threshold": 7.814727903251179, "N_raw": 18, "N_roi": 18, "N_inlier": 17, "refit": true}
{"timestamp": "17:55:48.207310", "frame": 9, "mu": [0.8454764009384657, 2.657171863988599, 1.4705983956556166], "Sigma": [[0.005189896677963986, 0.0012755805069834523, -0.006732526320695591], [0.0012755805069834523, 0.0025105555064053224, -0.004459958325562636], [-0.006732526320695591, -0.004459958325562635, 0.019280100492165178]], "chi2_level": 0.95, "chi2_df": 3, "chi2_threshold": 7.814727903251179, "N_raw": 15, "N_roi": 15, "N_inlier": 13, "refit": true}
{"timestamp": "17:55:48.263945", "frame": 10, "mu": [0.8299460960680627, 2.6470009402832373, 1.2893693217503537], "Sigma": [[0.010463893741306383, 0.0029598962649209455, -0.021571858923818188], [0.0029598962649209455, 0.0048493356398142074, -0.01754743536117154], [-0.021571858923818188, -0.017547435361171537, 0.08873952473580507]], "chi2_level": 0.95, "chi2_df": 3, "chi2_threshold": 7.814727903251179, "N_raw": 22, "N_roi": 22, "N_inlier": 21, "refit": true}
{"timestamp": "17:55:48.316449", "frame": 11, "mu": [0.8716046765102377, 2.7218337034525235, 1.0820611500390134], "Sigma": [[0.013221528252389104, 0.00502120667894102, -0.02736856611743827], [0.00502120667894102, 0.006933312721459014, -0.03743068078623457], [-0.02736856611743827, -0.03743068078623457, 0.27534747390405595]], "chi2_level": 0.95, "chi2_df": 3, "chi2_threshold": 7.814727903251179, "N_raw": 10, "N_roi": 10, "N_inlier": 9, "refit": true}
{"timestamp": "17:55:48.383638", "frame": 12, "mu": [0.901537069133276, 2.925186707338803, -0.38033779830972486], "Sigma": [[0.01728687182136862, 0.011408704620436024, -0.0422988074905087], [0.011408704620436024, 0.08839182436235887, -0.09581470445141306], [-0.042298807490508704, -0.09581470445141307, 0.4099468198582837]], "chi2_level": 0.95, "chi2_df": 3, "chi2_threshold": 7.814727903251179, "N_raw": 93, "N_roi": 93, "N_inlier": 84, "refit": true}
{"timestamp": "17:55:48.433029", "frame": 13, "mu": [0.8101571486774759, 2.69818218366062, 0.6275649421778988], "Sigma": [[0.010991279132784179, -0.001702513185226333, -0.016213118994755877], [-0.001702513185226333, 0.00251475450908974, -0.011036989145032731], [-0.016213118994755877, -0.011036989145032733, 0.25616841818704406]], "chi2_level": 0.95, "chi2_df": 3, "chi2_threshold": 7.814727903251179, "N_raw": 45, "N_roi": 45, "N_inlier": 42, "refit": true}
{"timestamp": "17:55:48.490336", "frame": 14, "mu": [0.8406975592393438, 2.673043900408985, 1.0173541591302475], "Sigma": [[0.010150722703565528, -0.001846318339259377, -0.019403663661283245], [-0.0018463183392593773, 0.003976940001560927, -0.007405166329938373], [-0.019403663661283245, -0.007405166329938373, 0.263688565822739]], "chi2_level": 0.95, "chi2_df": 3, "chi2_threshold": 7.814727903251179, "N_raw": 62, "N_roi": 62, "N_inlier": 62, "refit": true}
{"timestamp": "17:55:48.544311", "frame": 15, "mu": [0.8390378974298384, 2.634285505267177, 1.2130626251083347], "Sigma": [[0.0132200956119878, -0.004469753281047472, -0.005855346607685123], [-0.004469753281047472, 0.004958113152599899, -0.0019175188511299536], [-0.005855346607685122, -0.0019175188511299536, 0.008205656433038711]], "chi2_level": 0.95, "chi2_df": 3, "chi2_threshold": 7.814727903251179, "N_raw": 59, "N_roi": 59, "N_inlier": 55, "refit": true}
{"timestamp": "17:55:48.598108", "frame": 16, "mu": [0.9334150449215763, 2.6357860902692005, 0.8562381127881493], "Sigma": [[0.011875980312156767, -0.004866922314606262, -0.003987557343585147], [-0.004866922314606262, 0.004497236280879269, -4.6107344151188244e-05], [-0.003987557343585147, -4.6107344151188326e-05, 0.005505584549128012]], "chi2_level": 0.95, "chi2_df": 3, "chi2_threshold": 7.814727903251179, "N_raw": 42, "N_roi": 42, "N_inlier": 39, "refit": true}
{"timestamp": "17:55:48.648571", "frame": 17, "mu": [0.919447696844438, 2.642946651299824, 0.9632873022706456], "Sigma": [[0.010319585607364996, -0.0017547508348431592, -0.02443493337551855], [-0.0017547508348431595, 0.0016401237184715093, 0.004438129660448973], [-0.024434933375518546, 0.004438129660448972, 0.37414636694287046]], "chi2_level": 0.95, "chi2_df": 3, "chi2_threshold": 7.814727903251179, "N_raw": 12, "N_roi": 12, "N_inlier": 12, "refit": true}
{"timestamp": "17:55:48.713044", "frame": 18, "mu": [0.8673756349253652, 2.634390026097056, -0.5451207142025691], "Sigma": [[0.015072067427608441, -0.005695853165805518, 0.04660322681017161], [-0.005695853165805518, 0.005357509570775898, -0.027103363285831586], [0.046603226810171615, -0.02710336328583158, 0.5493418689211943]], "chi2_level": 0.95, "chi2_df": 3, "chi2_threshold": 7.814727903251179, "N_raw": 84, "N_roi": 84, "N_inlier": 80, "refit": true}
{"timestamp": "17:55:48.761940", "frame": 19, "mu": [0.7593277318892885, 2.6912227465231027, 1.1627702175373655], "Sigma": [[0.013848842321253057, -0.005684396583180251, -0.01748070091390754], [-0.005684396583180252, 0.003117835247642595, 0.005988878239227121], [-0.01748070091390754, 0.005988878239227121, 0.06735792678200746]], "chi2_level": 0.95, "chi2_df": 3, "chi2_threshold": 7.814727903251179, "N_raw": 45, "N_roi": 45, "N_inlier": 41, "refit": true}
{"timestamp": "17:55:48.821086", "frame": 20, "mu": [0.8138654647243598, 2.621623866773546, 1.273537423289741], "Sigma": [[0.016306630046510846, -0.002908996232908268, -0.008908229395415324], [-0.002908996232908268, 0.004234818188758735, -0.0032603396093196313], [-0.008908229395415324, -0.0032603396093196313, 0.019760138386118654]], "chi2_level": 0.95, "chi2_df": 3, "chi2_threshold": 7.814727903251179, "N_raw": 73, "N_roi": 73, "N_inlier": 70, "refit": true}
{"timestamp": "17:55:48.874726", "frame": 21, "mu": [0.7976151497340247, 2.640768699375549, 1.1508193206875417], "Sigma": [[0.017761045110224305, -0.003371786886389205, -0.031049153882214686], [-0.003371786886389205, 0.004696465628450471, 0.0062607043189668084], [-0.031049153882214686, 0.0062607043189668084, 0.10130716138821164]], "chi2_level": 0.95, "chi2_df": 3, "chi2_threshold": 7.814727903251179, "N_raw": 55, "N_roi": 55, "N_inlier": 51, "refit": true}
{"timestamp": "17:55:48.930420", "frame": 22, "mu": [0.8203299426524893, 2.6034794985170246, 1.2594231596187755], "Sigma": [[0.011748465297734758, -0.0015066624321818675, -0.0033979702161730245], [-0.0015066624321818675, 0.0040216591243156805, -0.0026336403270613637], [-0.0033979702161730245, -0.0026336403270613633, 0.025908788862899212]], "chi2_level": 0.95, "chi2_df": 3, "chi2_threshold": 7.814727903251179, "N_raw": 63, "N_roi": 63, "N_inlier": 59, "refit": true}
{"timestamp": "17:55:48.984696", "frame": 23, "mu": [0.8139772186838314, 2.549899455634803, 1.3435563943235191], "Sigma": [[0.011742658325305593, -0.002523617400244908, -0.004572459410128175], [-0.002523617400244908, 0.005079712737789661, -0.001443013187649442], [-0.004572459410128175, -0.0014430131876494421, 0.004692012809472626]], "chi2_level": 0.95, "chi2_df": 3, "chi2_threshold": 7.814727903251179, "N_raw": 54, "N_roi": 54, "N_inlier": 51, "refit": true}
{"timestamp": "17:55:49.041989", "frame": 24, "mu": [0.8028825327713486, 2.5598197023371334, 1.310973211725331], "Sigma": [[0.010460712179311545, -0.0026752174578407208, -0.0013297211151261407], [-0.0026752174578407208, 0.007799833734521652, -0.004835307311503702], [-0.0013297211151261405, -0.0048353073115037035, 0.004957176613899007]], "chi2_level": 0.95, "chi2_df": 3, "chi2_threshold": 7.814727903251179, "N_raw": 67, "N_roi": 67, "N_inlier": 63, "refit": true}
{"timestamp": "17:55:49.095566", "frame": 25, "mu": [0.7196104602187385, 2.579401731943937, 1.1253989974277971], "Sigma": [[0.010479891870121025, -0.004559332633961837, -0.006485821665613133], [-0.004559332633961837, 0.009476058338069462, -0.007776931236578462], [-0.006485821665613133, -0.00777693123657846, 0.05416398535374308]], "chi2_level": 0.95, "chi2_df": 3, "chi2_threshold": 7.814727903251179, "N_raw": 64, "N_roi": 64, "N_inlier": 61, "refit": true}
{"timestamp": "17:55:49.153653", "frame": 26, "mu": [0.7986855913633806, 2.6971599468364746, -0.3000291328608938], "Sigma": [[0.021662577264742185, -0.008833238102585883, 0.0025181088089944264], [-0.008833238102585883, 0.00989196780728376, -0.008310190964361166], [0.002518108808994426, -0.008310190964361164, 0.014572002928374744]], "chi2_level": 0.95, "chi2_df": 3, "chi2_threshold": 7.814727903251179, "N_raw": 87, "N_roi": 87, "N_inlier": 84, "refit": true}
{"timestamp": "17:55:49.213533", "frame": 27, "mu": [0.785484244038078, 2.48747691371577, 1.067440783050484], "Sigma": [[0.021039149538177412, -0.004387359865247063, -0.009055588424518169], [-0.004387359865247063, 0.004580918154244526, -0.007496589064079103], [-0.00905558842451817, -0.007496589064079103, 0.03235922211817019]], "chi2_level": 0.95, "chi2_df": 3, "chi2_threshold": 7.814727903251179, "N_raw": 116, "N_roi": 116, "N_inlier": 112, "refit": true}
{"timestamp": "17:55:49.258701", "frame": 28, "mu": [0.8377117130560056, 2.4088714103672175, 1.0273333323735783], "Sigma": [[0.0133157544025, -0.007581831136831469, 0.004953361738847541], [-0.007581831136831469, 0.006937955844683521, -0.012465108470379845], [0.00495336173884754, -0.012465108470379845, 0.0548450788346656]], "chi2_level": 0.95, "chi2_df": 3, "chi2_threshold": 7.814727903251179, "N_raw": 52, "N_roi": 52, "N_inlier": 51, "refit": true}
{"timestamp": "17:55:49.312677", "frame": 29, "mu": [0.7070976162215561, 2.4196222653051285, 1.123143900004133], "Sigma": [[0.02347374665145316, -0.011075563345149366, 0.030327736247533047], [-0.011075563345149367, 0.008470271592717347, -0.020920154000136866], [0.030327736247533044, -0.020920154000136866, 0.0748288040795509]], "chi2_level": 0.95, "chi2_df": 3, "chi2_threshold": 7.814727903251179, "N_raw": 43, "N_roi": 43, "N_inlier": 39, "refit": true}
{"timestamp": "17:55:49.373042", "frame": 30, "mu": [0.6887773790040307, 2.3584427703291033, 1.0159428467374787], "Sigma": [[0.025625808222478594, -0.007203324243103937, 0.017935920645132095], [-0.007203324243103935, 0.004223631575043462, -0.009427830697470115], [0.017935920645132095, -0.009427830697470115, 0.029179487458650295]], "chi2_level": 0.95, "chi2_df": 3, "chi2_threshold": 7.814727903251179, "N_raw": 84, "N_roi": 84, "N_inlier": 76, "refit": true}
{"timestamp": "17:55:49.430074", "frame": 31, "mu": [0.6798743601458381, 2.377711060330653, 1.0409942406761674], "Sigma": [[0.02006322595614131, -0.0034170337167409573, 0.010477530222993118], [-0.0034170337167409573, 0.004669818412201315, -0.006511674441957813], [0.010477530222993118, -0.006511674441957813, 0.014188096590466322]], "chi2_level": 0.95, "chi2_df": 3, "chi2_threshold": 7.814727903251179, "N_raw": 92, "N_roi": 92, "N_inlier": 88, "refit": true}
{"timestamp": "17:55:49.482554", "frame": 32, "mu": [0.6654025775800413, 2.381999396031942, -0.6227514892368436], "Sigma": [[0.01074656659819216, -0.002864920923277443, 0.024691740690505462], [-0.0028649209232774427, 0.007204062051154544, -0.013160121150376253], [0.024691740690505462, -0.013160121150376257, 0.19904902726661744]], "chi2_level": 0.95, "chi2_df": 3, "chi2_threshold": 7.814727903251179, "N_raw": 76, "N_roi": 76, "N_inlier": 69, "refit": true}
{"timestamp": "17:55:49.543473", "frame": 33, "mu": [0.6006257372660332, 2.3381473061570848, 1.1081734717745877], "Sigma": [[0.016451859029306494, -0.007814164402610527, -0.0006481679246445734], [-0.007814164402610528, 0.009094778564905913, -0.015134664816767923], [-0.0006481679246445734, -0.015134664816767923, 0.05245570975423985]], "chi2_level": 0.95, "chi2_df": 3, "chi2_threshold": 7.814727903251179, "N_raw": 116, "N_roi": 116, "N_inlier": 112, "refit": true}
{"timestamp": "17:55:49.602094", "frame": 34, "mu": [0.7277560488237991, 2.2542616067137744, 1.0775642244189516], "Sigma": [[0.05580329873788774, -0.02068314848488141, 0.023310517518366262], [-0.02068314848488141, 0.010418804199499582, -0.012978638772702658], [0.023310517518366262, -0.012978638772702658, 0.04449342535278178]], "chi2_level": 0.95, "chi2_df": 3, "chi2_threshold": 7.814727903251179, "N_raw": 137, "N_roi": 137, "N_inlier": 132, "refit": true}
{"timestamp": "17:55:49.654008", "frame": 35, "mu": [0.6648833887252203, 2.2454438730119333, 1.1468552695528331], "Sigma": [[0.0244451211036813, -0.010587054193036561, 0.01314858630729154], [-0.01058705419303656, 0.007960848850518652, -0.014930215001626992], [0.01314858630729154, -0.014930215001626992, 0.0503266291842738]], "chi2_level": 0.95, "chi2_df": 3, "chi2_threshold": 7.814727903251179, "N_raw": 113, "N_roi": 113, "N_inlier": 102, "refit": true}
{"timestamp": "17:55:49.705834", "frame": 36, "mu": [0.6059784707217803, 2.223042312148813, 0.8759660888709976], "Sigma": [[0.01694410130766386, -0.007929705289970673, -0.03029861841527903], [-0.007929705289970673, 0.005960678252523343, 0.009892423063413355], [-0.03029861841527903, 0.009892423063413355, 0.2912707670636111]], "chi2_level": 0.95, "chi2_df": 3, "chi2_threshold": 7.814727903251179, "N_raw": 93, "N_roi": 93, "N_inlier": 92, "refit": true}
{"timestamp": "17:55:49.760533", "frame": 37, "mu": [0.7049232983491709, 2.1524777458153133, 1.151490993500397], "Sigma": [[0.014989570303861045, -0.0060151755629006395, 0.0078582144889678], [-0.0060151755629006395, 0.006034624618377971, -0.008680061116744962], [0.0078582144889678, -0.00868006111674496, 0.051267135561412394]], "chi2_level": 0.95, "chi2_df": 3, "chi2_threshold": 7.814727903251179, "N_raw": 86, "N_roi": 86, "N_inlier": 79, "refit": true}
{"timestamp": "17:55:49.819442", "frame": 38, "mu": [0.6585531275938088, 2.2278606558041796, 0.3013047584676269], "Sigma": [[0.014298350379434109, -0.013749861054418163, 0.06650437656964703], [-0.013749861054418163, 0.027968369401246838, -0.11148717367892849], [0.06650437656964703, -0.11148717367892848, 0.5574320639469429]], "chi2_level": 0.95, "chi2_df": 3, "chi2_threshold": 7.814727903251179, "N_raw": 120, "N_roi": 120, "N_inlier": 115, "refit": true}
{"timestamp": "17:55:49.875474", "frame": 39, "mu": [0.6557077920316259, 2.1246433856799567, 1.0213105780082112], "Sigma": [[0.01842791798166951, -0.010703262128177756, 0.014230256342453387], [-0.010703262128177756, 0.009331383090805357, -0.013230359265279967], [0.014230256342453387, -0.013230359265279967, 0.0545738689050754]], "chi2_level": 0.95, "chi2_df": 3, "chi2_threshold": 7.814727903251179, "N_raw": 117, "N_roi": 117, "N_inlier": 113, "refit": true}
{"timestamp": "17:55:49.923103", "frame": 40, "mu": [0.6505298698673694, 2.1067007724138955, 0.9986091705077307], "Sigma": [[0.010286017572654625, -0.006023212934801929, 0.013732540367106312], [-0.006023212934801929, 0.004617742550093518, -0.007963097583761434], [0.013732540367106312, -0.007963097583761434, 0.0542799523085357]], "chi2_level": 0.95, "chi2_df": 3, "chi2_threshold": 7.814727903251179, "N_raw": 61, "N_roi": 61, "N_inlier": 56, "refit": true}
{"timestamp": "17:55:49.973038", "frame": 41, "mu": [0.5864590291737648, 2.378241626700501, -0.8323771892583871], "Sigma": [[0.013301635838635723, 0.0017685540848754058, 0.02802429151716855], [0.0017685540848754058, 0.06641173933000288, -0.11015087734122242], [0.028024291517168558, -0.11015087734122242, 0.522888720638865]], "chi2_level": 0.95, "chi2_df": 3, "chi2_threshold": 7.814727903251179, "N_raw": 47, "N_roi": 47, "N_inlier": 46, "refit": true}
{"timestamp": "17:55:50.037382", "frame": 42, "mu": [0.5430276767159069, 2.0393070720297266, 1.227144571837889], "Sigma": [[0.01078990855208905, -0.001555723389792281, -0.010712752208027842], [-0.001555723389792281, 0.004478688654113326, -0.01080113757072386], [-0.01071275220802784, -0.01080113757072386, 0.07790441757998207]], "chi2_level": 0.95, "chi2_df": 3, "chi2_threshold": 7.814727903251179, "N_raw": 113, "N_roi": 113, "N_inlier": 109, "refit": true}
{"timestamp": "17:55:50.088172", "frame": 43, "mu": [0.5122006648803721, 1.9981355898064521, 1.317518150405995], "Sigma": [[0.012168078639506471, -0.0010290459497969216, -0.020492825713974976], [-0.0010290459497969214, 0.0027650690788279236, -0.002757599832155619], [-0.020492825713974976, -0.0027575998321556195, 0.048490873531100834]], "chi2_level": 0.95, "chi2_df": 3, "chi2_threshold": 7.814727903251179, "N_raw": 78, "N_roi": 78, "N_inlier": 72, "refit": true}
{"timestamp": "17:55:50.146738", "frame": 44, "mu": [0.4994205171258012, 1.9919100221126698, 1.283927979693211], "Sigma": [[0.0100511424795164, -0.0024098216309907878, -0.015925193963522887], [-0.0024098216309907878, 0.0032234946752505013, -0.0032008211215534114], [-0.015925193963522887, -0.0032008211215534114, 0.052931214057801775]], "chi2_level": 0.95, "chi2_df": 3, "chi2_threshold": 7.814727903251179, "N_raw": 94, "N_roi": 94, "N_inlier": 89, "refit": true}
{"timestamp": "17:55:50.200003", "frame": 45, "mu": [0.41354234806152307, 2.0534679401632547, 0.1654347505897012], "Sigma": [[0.00929817498872453, -0.0003045677388850178, 0.021377373590039057], [-0.0003045677388850177, 0.010185301745408794, -0.026371243932343892], [0.021377373590039054, -0.026371243932343892, 0.20841757065939448]], "chi2_level": 0.95, "chi2_df": 3, "chi2_threshold": 7.814727903251179, "N_raw": 85, "N_roi": 85, "N_inlier": 78, "refit": true}
{"timestamp": "17:55:50.257007", "frame": 46, "mu": [0.4148266365996279, 1.9437537626153178, 1.2157154293363184], "Sigma": [[0.0170068315903349, -0.005287078432532483, -0.03857255804011703], [-0.005287078432532483, 0.004172282870725992, 0.01050393742107015], [-0.038572558040117035, 0.01050393742107015, 0.12385545845803525]], "chi2_level": 0.95, "chi2_df": 3, "chi2_threshold": 7.814727903251179, "N_raw": 108, "N_roi": 108, "N_inlier": 103, "refit": true}
{"timestamp": "17:55:50.308910", "frame": 47, "mu": [0.40503626672973214, 1.9128615187497904, 1.2239268278705921], "Sigma": [[0.015519429859399204, -0.0025848748216828806, -0.039548509142730524], [-0.0025848748216828806, 0.002841892229484156, 0.001649852621380286], [-0.039548509142730524, 0.0016498526213802852, 0.13211111568853642]], "chi2_level": 0.95, "chi2_df": 3, "chi2_threshold": 7.814727903251179, "N_raw": 76, "N_roi": 76, "N_inlier": 71, "refit": true}
{"timestamp": "17:55:50.365365", "frame": 48, "mu": [0.36822250603260986, 1.933824283398118, 1.3320011075152534], "Sigma": [[0.012247191569156402, -0.003560755499466299, -0.03113758931180486], [-0.0035607554994662996, 0.00568054883542469, 0.004244406821886316], [-0.031137589311804863, 0.004244406821886316, 0.10630069484517304]], "chi2_level": 0.95, "chi2_df": 3, "chi2_threshold": 7.814727903251179, "N_raw": 99, "N_roi": 99, "N_inlier": 94, "refit": true}
{"timestamp": "17:55:50.418776", "frame": 49, "mu": [0.3791944733146817, 1.882308671224835, 1.1057303659924267], "Sigma": [[0.011355050016530302, -0.0035363507067097243, -0.020694070726491667], [-0.0035363507067097243, 0.0016032010345977215, 0.006015884148401067], [-0.020694070726491667, 0.006015884148401067, 0.07769632886352637]], "chi2_level": 0.95, "chi2_df": 3, "chi2_threshold": 7.814727903251179, "N_raw": 82, "N_roi": 82, "N_inlier": 76, "refit": true}
{"timestamp": "17:55:50.464467", "frame": 50, "mu": [0.304644540454867, 1.9120414262134022, 0.8374853165618732], "Sigma": [[0.013309675152573497, -0.011677130688429155, -0.006923090866141333], [-0.011677130688429157, 0.012754455905063316, 0.007213874909258772], [-0.006923090866141333, 0.00721387490925877, 0.34578443014494514]], "chi2_level": 0.95, "chi2_df": 3, "chi2_threshold": 7.814727903251179, "N_raw": 17, "N_roi": 17, "N_inlier": 16, "refit": true}
{"timestamp": "17:55:50.533918", "frame": 51, "mu": [0.2887189282042125, 1.8786561502051342, 1.161281095094051], "Sigma": [[0.013026063183642798, -0.007900568756082431, -0.00871476783774228], [-0.007900568756082431, 0.009905374822172542, -0.007330252665411903], [-0.00871476783774228, -0.007330252665411903, 0.14876782084551324]], "chi2_level": 0.95, "chi2_df": 3, "chi2_threshold": 7.814727903251179, "N_raw": 118, "N_roi": 118, "N_inlier": 115, "refit": true}
{"timestamp": "17:55:50.583729", "frame": 52, "mu": [0.2680028385840385, 1.8258606423813242, 1.336283980546645], "Sigma": [[0.010972558093359895, -0.003119122857474223, -0.02847011857983824], [-0.003119122857474223, 0.0038761859016358913, 0.007170992890505326], [-0.02847011857983824, 0.007170992890505325, 0.09620250376145253]], "chi2_level": 0.95, "chi2_df": 3, "chi2_threshold": 7.814727903251179, "N_raw": 76, "N_roi": 76, "N_inlier": 72, "refit": true}
{"timestamp": "17:55:50.634370", "frame": 53, "mu": [0.2954306406638649, 1.7987023765703587, 1.1296551740843843], "Sigma": [[0.0034003730754199714, -0.0016424122947190228, -0.007024414967822745], [-0.0016424122947190228, 0.0016889183735543298, -0.00031109170615650436], [-0.007024414967822744, -0.00031109170615650436, 0.1337536112691571]], "chi2_level": 0.95, "chi2_df": 3, "chi2_threshold": 7.814727903251179, "N_raw": 53, "N_roi": 53, "N_inlier": 47, "refit": true}
{"timestamp": "17:55:50.699420", "frame": 54, "mu": [0.19117349821612123, 1.7390705340474581, 0.8855831198412313], "Sigma": [[0.01359139161286707, -0.0012083974881755201, 0.02438951951530744], [-0.0012083974881755201, 0.006102782571229282, 0.027435390354159657], [0.02438951951530744, 0.02743539035415966, 0.37316200901544505]], "chi2_level": 0.95, "chi2_df": 3, "chi2_threshold": 7.814727903251179, "N_raw": 125, "N_roi": 125, "N_inlier": 124, "refit": true}
{"timestamp": "17:55:50.752541", "frame": 55, "mu": [0.20323699672261325, 1.7185077920447085, 1.1759461859336382], "Sigma": [[0.013538866227020772, -0.010117714882746803, -0.038756946971699235], [-0.010117714882746803, 0.011276736127300237, 0.033667218442672495], [-0.038756946971699235, 0.033667218442672495, 0.15887011277145688]], "chi2_level": 0.95, "chi2_df": 3, "chi2_threshold": 7.814727903251179, "N_raw": 105, "N_roi": 102, "N_inlier": 97, "refit": true}
{"timestamp": "17:55:50.807588", "frame": 56, "mu": [0.14930008340604722, 1.675283069683265, 1.2452842581031347], "Sigma": [[0.02433278957033798, -0.01638424791769147, -0.06930377489088219], [-0.01638424791769147, 0.01649758554957658, 0.053689757719160056], [-0.06930377489088219, 0.053689757719160056, 0.23910692240284867]], "chi2_level": 0.95, "chi2_df": 3, "chi2_threshold": 7.814727903251179, "N_raw": 106, "N_roi": 103, "N_inlier": 99, "refit": true}
{"timestamp": "17:55:50.858786", "frame": 57, "mu": [0.07121240905998827, 1.7443421210931203, 1.465035096583923], "Sigma": [[0.007436681682536978, -0.002962556384359146, -0.019821799492188995], [-0.002962556384359146, 0.006816646226692638, 0.010620652948361911], [-0.019821799492188995, 0.010620652948361911, 0.07886231781608173]], "chi2_level": 0.95, "chi2_df": 3, "chi2_threshold": 7.814727903251179, "N_raw": 83, "N_roi": 83, "N_inlier": 78, "refit": true}
{"timestamp": "17:55:50.904743", "frame": 58, "mu": [-0.0027404850256700034, 1.816226817952417, 1.590874766661233], "Sigma": [[0.0035827615035457583, -0.0005108786079141938, -0.0036504093883127043], [-0.0005108786079141938, 0.0014832423471843523, -4.3315360683245574e-05], [-0.003650409388312704, -4.33153606832456e-05, 0.004479235252320905]], "chi2_level": 0.95, "chi2_df": 3, "chi2_threshold": 7.814727903251179, "N_raw": 29, "N_roi": 29, "N_inlier": 25, "refit": true}
{"timestamp": "17:55:50.966100", "frame": 59, "mu": [-0.0005338208042479605, 1.6951982374861452, 1.4900462483513537], "Sigma": [[0.005030057758012063, -0.0018842185625458298, -0.00521107267901842], [-0.0018842185625458298, 0.009220564350102626, 0.0035841748359375075], [-0.00521107267901842, 0.0035841748359375066, 0.006325356651227745]], "chi2_level": 0.95, "chi2_df": 3, "chi2_threshold": 7.814727903251179, "N_raw": 70, "N_roi": 70, "N_inlier": 67, "refit": true}
{"timestamp": "17:55:51.020034", "frame": 60, "mu": [-0.09902481118230994, 1.7485673189365514, 1.5551809126184777], "Sigma": [[0.006957720365515986, -0.0013725989668575559, -0.01345154694062881], [-0.0013725989668575559, 0.004900132906002858, 0.0001068746315486412], [-0.01345154694062881, 0.00010687463154864112, 0.03524524961728416]], "chi2_level": 0.95, "chi2_df": 3, "chi2_threshold": 7.814727903251179, "N_raw": 60, "N_roi": 60, "N_inlier": 57, "refit": true}
{"timestamp": "17:55:51.079553", "frame": 61, "mu": [-0.1270318593591941, 1.715340183946863, 1.5999825565601635], "Sigma": [[0.00851069533352043, -0.0047049092300015406, -0.013173995061172986], [-0.0047049092300015406, 0.011295599884906532, 0.01147226688159031], [-0.013173995061172986, 0.01147226688159031, 0.02634350883700296]], "chi2_level": 0.95, "chi2_df": 3, "chi2_threshold": 7.814727903251179, "N_raw": 89, "N_roi": 87, "N_inlier": 78, "refit": true}
{"timestamp": "17:55:51.136086", "frame": 62, "mu": [-0.17255883317981638, 1.7275032134010369, 1.4032409682349773], "Sigma": [[0.00970850607928349, -0.00451576328753734, 0.012090888760572724], [-0.004515763287537339, 0.011489314308536882, -0.009617453979466842], [0.012090888760572722, -0.009617453979466844, 0.18874211056713017]], "chi2_level": 0.95, "chi2_df": 3, "chi2_threshold": 7.814727903251179, "N_raw": 96, "N_roi": 93, "N_inlier": 88, "refit": true}
{"timestamp": "17:55:51.189738", "frame": 63, "mu": [-0.1584774113557322, 1.7778176461905766, 1.3843405287054862], "Sigma": [[0.008442925909814767, -0.0008589572872251198, -0.01598258648716257], [-0.0008589572872251198, 0.006213231192356936, 0.001110303754848619], [-0.01598258648716257, 0.0011103037548486191, 0.04919377405259198]], "chi2_level": 0.95, "chi2_df": 3, "chi2_threshold": 7.814727903251179, "N_raw": 89, "N_roi": 89, "N_inlier": 83, "refit": true}
{"timestamp": "17:55:51.239843", "frame": 64, "mu": [-0.22044739983971987, 1.6567373323971746, 1.1558620270072049], "Sigma": [[0.0058661559669009045, 0.001060606977385083, -0.021330082099725277], [0.0010606069773850826, 0.004723999348247596, -0.01642922824166007], [-0.021330082099725273, -0.01642922824166007, 0.22547101149596716]], "chi2_level": 0.95, "chi2_df": 3, "chi2_threshold": 7.814727903251179, "N_raw": 57, "N_roi": 57, "N_inlier": 53, "refit": true}
{"timestamp": "17:55:51.296961", "frame": 65, "mu": [-0.254389513012223, 1.7165645381599335, 1.2345821787187983], "Sigma": [[0.005998974718440607, 0.001402888205948903, -0.007557499331064132], [0.001402888205948903, 0.007360938093625056, 0.0013875668804833401], [-0.007557499331064132, 0.0013875668804833401, 0.03535607764686044]], "chi2_level": 0.95, "chi2_df": 3, "chi2_threshold": 7.814727903251179, "N_raw": 80, "N_roi": 80, "N_inlier": 74, "refit": true}
{"timestamp": "17:55:51.354992", "frame": 66, "mu": [-0.30956121100629236, 1.7771615435732055, 1.3676151303366297], "Sigma": [[0.007490680120408604, -0.00033297856810401906, -0.011243267621360926], [-0.000332978568104019, 0.006810459563587438, -0.002323186813312841], [-0.011243267621360927, -0.002323186813312841, 0.032581199625869306]], "chi2_level": 0.95, "chi2_df": 3, "chi2_threshold": 7.814727903251179, "N_raw": 94, "N_roi": 94, "N_inlier": 89, "refit": true}
{"timestamp": "17:55:51.408157", "frame": 67, "mu": [-0.36617535130710344, 1.845981178981823, 1.477926540336457], "Sigma": [[0.008083815726358514, -0.0013297218676074519, -0.0033488066469133763], [-0.0013297218676074519, 0.007968029338213337, -0.0010616534809196536], [-0.0033488066469133763, -0.0010616534809196536, 0.0029984164162354335]], "chi2_level": 0.95, "chi2_df": 3, "chi2_threshold": 7.814727903251179, "N_raw": 80, "N_roi": 78, "N_inlier": 75, "refit": true}
{"timestamp": "17:55:51.462612", "frame": 68, "mu": [-0.4294961755403309, 1.8393738661977153, 1.5391123596059781], "Sigma": [[0.00685494135042695, -0.001200857149083211, -0.005467898688130858], [-0.001200857149083211, 0.01219022961460796, 0.00537325872360306], [-0.005467898688130859, 0.00537325872360306, 0.006902448048850319]], "chi2_level": 0.95, "chi2_df": 3, "chi2_threshold": 7.814727903251179, "N_raw": 81, "N_roi": 81, "N_inlier": 78, "refit": true}
{"timestamp": "17:55:51.520109", "frame": 69, "mu": [-0.4347505871958883, 1.8936064892193163, 1.5273446891072067], "Sigma": [[0.00825343778599259, -0.0015054465695990588, -0.00514723125285775], [-0.0015054465695990586, 0.009570341620102996, -0.001616225374988002], [-0.00514723125285775, -0.0016162253749880029, 0.011068570774899941]], "chi2_level": 0.95, "chi2_df": 3, "chi2_threshold": 7.814727903251179, "N_raw": 91, "N_roi": 91, "N_inlier": 88, "refit": true}
{"timestamp": "17:55:51.576256", "frame": 70, "mu": [-0.47534840171393977, 1.8350799689065, 1.332801171396485], "Sigma": [[0.007027243099619958, -0.0006576811245484109, 0.00659226699968031], [-0.000657681124548411, 0.01181656155269683, 0.009234591185047485], [0.006592266999680312, 0.009234591185047485, 0.15521808986539795]], "chi2_level": 0.95, "chi2_df": 3, "chi2_threshold": 7.814727903251179, "N_raw": 102, "N_roi": 100, "N_inlier": 99, "refit": true}
{"timestamp": "17:55:51.626644", "frame": 71, "mu": [-0.539554646490236, 1.8677487151431804, 1.5412818767490746], "Sigma": [[0.008979053153262426, -0.001482865260851563, 0.001711852633436398], [-0.0014828652608515635, 0.006679120892640682, 0.005345446930322413], [0.0017118526334363978, 0.005345446930322414, 0.0668883761118514]], "chi2_level": 0.95, "chi2_df": 3, "chi2_threshold": 7.814727903251179, "N_raw": 71, "N_roi": 71, "N_inlier": 67, "refit": true}
{"timestamp": "17:55:51.684528", "frame": 72, "mu": [-0.5455739169883561, 1.8721689378548347, 1.4884425791551457], "Sigma": [[0.007656901345899002, -0.00021927850721194182, -0.0034656575429271985], [-0.00021927850721194196, 0.009822265488019342, 0.001883579869460963], [-0.0034656575429271985, 0.001883579869460963, 0.0033522900409741255]], "chi2_level": 0.95, "chi2_df": 3, "chi2_threshold": 7.814727903251179, "N_raw": 82, "N_roi": 82, "N_inlier": 78, "refit": true}
{"timestamp": "17:55:51.738008", "frame": 73, "mu": [-0.6016089237408963, 1.8948980434658698, 1.5987893276958622], "Sigma": [[0.006165852668591913, 0.00013004667275624338, -0.0021415544810834968], [0.00013004667275624344, 0.00929299422702968, 0.003778967263713598], [-0.0021415544810834968, 0.003778967263713598, 0.0049335277127839205]], "chi2_level": 0.95, "chi2_df": 3, "chi2_threshold": 7.814727903251179, "N_raw": 70, "N_roi": 70, "N_inlier": 66, "refit": true}
{"timestamp": "17:55:51.790010", "frame": 74, "mu": [-0.6432380709811341, 1.94549400009923, 0.1121695345237409], "Sigma": [[0.006915249830005217, 0.0011247603293276676, -0.00579795652117189], [0.0011247603293276678, 0.005500841817059061, 0.001343917788653381], [-0.00579795652117189, 0.0013439177886533805, 0.006767725538748936]], "chi2_level": 0.95, "chi2_df": 3, "chi2_threshold": 7.814727903251179, "N_raw": 59, "N_roi": 59, "N_inlier": 56, "refit": true}
{"timestamp": "17:55:51.842726", "frame": 75, "mu": [-0.6686694811325864, 1.889367029234597, 1.4708836621619474], "Sigma": [[0.00583583741864506, 0.00023381285726914038, -0.006553735879429785], [0.0002338128572691405, 0.004048047269509138, 0.0006046269452531566], [-0.006553735879429786, 0.0006046269452531565, 0.018448764975396]], "chi2_level": 0.95, "chi2_df": 3, "chi2_threshold": 7.814727903251179, "N_raw": 46, "N_roi": 46, "N_inlier": 43, "refit": true}
{"timestamp": "17:55:51.892231", "frame": 76, "mu": [-0.7465628122798426, 1.9238457617617277, 0.8591117900408973], "Sigma": [[0.010316896792582854, -0.0023280084877023545, 0.05686456747691683], [-0.0023280084877023545, 0.006481326485222531, -0.006300420035321353], [0.05686456747691683, -0.006300420035321353, 0.4721221995596666]], "chi2_level": 0.95, "chi2_df": 3, "chi2_threshold": 7.814727903251179, "N_raw": 9, "N_roi": 9, "N_inlier": 9, "refit": true}
{"timestamp": "17:55:51.955570", "frame": 77, "mu": [-0.7625165463925098, 1.9493168534251173, 1.396404664374613], "Sigma": [[0.008898892178790203, 0.001410544361916013, -0.010658254976158861], [0.001410544361916013, 0.0024474889720646573, -0.005374084268480886], [-0.01065825497615886, -0.005374084268480886, 0.03205890433301867]], "chi2_level": 0.95, "chi2_df": 3, "chi2_threshold": 7.814727903251179, "N_raw": 63, "N_roi": 62, "N_inlier": 59, "refit": true}
{"timestamp": "17:55:52.018786", "frame": 78, "mu": [-0.8151836276502198, 1.9743790715388434, 1.1922266469461866], "Sigma": [[0.018976677855283487, 0.005768417263913016, -0.04191342125239077], [0.005768417263913016, 0.009573444959384943, -0.01775089416480588], [-0.04191342125239077, -0.01775089416480588, 0.16292193257018947]], "chi2_level": 0.95, "chi2_df": 3, "chi2_threshold": 7.814727903251179, "N_raw": 119, "N_roi": 119, "N_inlier": 117, "refit": true}
{"timestamp": "17:55:52.075360", "frame": 79, "mu": [-0.8266736867837828, 2.133401880269836, -0.25926263853248294], "Sigma": [[0.018662707337492333, 0.015205518554024073, -0.03714032704273283], [0.015205518554024073, 0.026545658589713632, -0.05167708258659432], [-0.03714032704273283, -0.05167708258659433, 0.13630831039797045]], "chi2_level": 0.95, "chi2_df": 3, "chi2_threshold": 7.814727903251179, "N_raw": 123, "N_roi": 123, "N_inlier": 119, "refit": true}
{"timestamp": "17:55:52.129443", "frame": 80, "mu": [-0.8411911117117923, 2.0467288521732523, 1.1108233599849129], "Sigma": [[0.023017413449213094, 0.0015479448749145808, -0.06721034583626662], [0.0015479448749145808, 0.00724608582024516, -0.016942474764427905], [-0.06721034583626662, -0.016942474764427905, 0.2944759821052023]], "chi2_level": 0.95, "chi2_df": 3, "chi2_threshold": 7.814727903251179, "N_raw": 117, "N_roi": 115, "N_inlier": 112, "refit": true}
{"timestamp": "17:55:52.184523", "frame": 81, "mu": [-0.853879590388742, 2.078217824850424, 0.8974137816584625], "Sigma": [[0.02186478242705691, 0.005901472647316962, -0.0556027538362864], [0.005901472647316962, 0.008069644181265769, -0.03401470640867342], [-0.0556027538362864, -0.03401470640867342, 0.2508736287660062]], "chi2_level": 0.95, "chi2_df": 3, "chi2_threshold": 7.814727903251179, "N_raw": 116, "N_roi": 116, "N_inlier": 113, "refit": true}
{"timestamp": "17:55:52.239646", "frame": 82, "mu": [-0.9305471106542773, 2.0824208228995262, 0.989065347728391], "Sigma": [[0.010567396048132267, 0.003452223879641692, -0.017918746438599545], [0.003452223879641692, 0.010971854109106382, -0.04144124609464131], [-0.017918746438599545, -0.04144124609464131, 0.18055392449645946]], "chi2_level": 0.95, "chi2_df": 3, "chi2_threshold": 7.814727903251179, "N_raw": 119, "N_roi": 119, "N_inlier": 116, "refit": true}
{"timestamp": "17:55:52.288988", "frame": 83, "mu": [-1.014322508110582, 2.2388630009104435, -0.17018442482717883], "Sigma": [[0.0065578815723013485, 0.0009416356386406103, -0.001633221138439308], [0.0009416356386406108, 0.05144620990563448, -0.08435361052728484], [-0.0016332211384393078, -0.08435361052728484, 0.17147676258577363]], "chi2_level": 0.95, "chi2_df": 3, "chi2_threshold": 7.814727903251179, "N_raw": 82, "N_roi": 82, "N_inlier": 80, "refit": true}
{"timestamp": "17:55:52.342891", "frame": 84, "mu": [-1.003878375386934, 2.1084098825420496, 1.2712201153422256], "Sigma": [[0.009343345243568354, 1.454109861198313e-05, 0.0028340300655965442], [1.454109861198313e-05, 0.007181926565937539, -0.018478239223990084], [0.0028340300655965434, -0.018478239223990084, 0.10963517459364902]], "chi2_level": 0.95, "chi2_df": 3, "chi2_threshold": 7.814727903251179, "N_raw": 78, "N_roi": 78, "N_inlier": 75, "refit": true}
{"timestamp": "17:55:52.392504", "frame": 85, "mu": [-1.148578777460888, 2.0392268948154326, 1.372487547804973], "Sigma": [[0.006264538937261415, 0.0009134345525711185, 0.0009625188762736642], [0.0009134345525711184, 0.0032289019311422715, -0.002676485356992066], [0.000962518876273664, -0.0026764853569920663, 0.003211798458548583]], "chi2_level": 0.95, "chi2_df": 3, "chi2_threshold": 7.814727903251179, "N_raw": 43, "N_roi": 43, "N_inlier": 37, "refit": true}
{"timestamp": "17:55:52.454180", "frame": 86, "mu": [-1.0775502312315117, 2.139468407945352, 1.4581680192766493], "Sigma": [[0.020947350176449824, 0.004950224382035746, -0.0011475048654494514], [0.004950224382035746, 0.009004669028226204, -0.0008375284179817001], [-0.0011475048654494514, -0.0008375284179817, 0.0014185892810818605]], "chi2_level": 0.95, "chi2_df": 3, "chi2_threshold": 7.814727903251179, "N_raw": 95, "N_roi": 95, "N_inlier": 91, "refit": true}
{"timestamp": "17:55:52.504244", "frame": 87, "mu": [-1.1045522271685204, 2.1771313710236933, 1.4561728899486373], "Sigma": [[0.00666064922893648, 0.0012211082382546402, -0.0025228499996743457], [0.0012211082382546405, 0.0046061498372098305, -0.004425150622343621], [-0.0025228499996743457, -0.00442515062234362, 0.007697599237724714]], "chi2_level": 0.95, "chi2_df": 3, "chi2_threshold": 7.814727903251179, "N_raw": 49, "N_roi": 49, "N_inlier": 46, "refit": true}
{"timestamp": "17:55:52.558278", "frame": 88, "mu": [-1.0864085650878663, 2.187650829810861, 1.5446592792667784], "Sigma": [[0.008147002257697955, 0.001023181596530171, -0.0037129193095232866], [0.001023181596530171, 0.0068464605824752845, 0.00033733171413772103], [-0.0037129193095232866, 0.00033733171413772125, 0.002288674787550103]], "chi2_level": 0.95, "chi2_df": 3, "chi2_threshold": 7.814727903251179, "N_raw": 51, "N_roi": 51, "N_inlier": 50, "refit": true}
{"timestamp": "17:55:52.617408", "frame": 89, "mu": [-1.159165287598519, 2.2226322267066574, 1.3344473869694211], "Sigma": [[0.007609497426488304, 0.0009141235987140213, -0.003072573286161821], [0.0009141235987140214, 0.004650520719202425, -0.002753933399897288], [-0.003072573286161821, -0.002753933399897288, 0.06059258296457766]], "chi2_level": 0.95, "chi2_df": 3, "chi2_threshold": 7.814727903251179, "N_raw": 70, "N_roi": 70, "N_inlier": 66, "refit": true}
{"timestamp": "17:55:52.674058", "frame": 90, "mu": [-1.215405899821586, 2.2539537524534183, 1.4694495210594902], "Sigma": [[0.01107677259813273, 0.0010598716629089352, -0.007790344039634864], [0.0010598716629089352, 0.00897207390970427, -0.007788820694525634], [-0.007790344039634864, -0.007788820694525635, 0.019189421524436708]], "chi2_level": 0.95, "chi2_df": 3, "chi2_threshold": 7.814727903251179, "N_raw": 87, "N_roi": 86, "N_inlier": 79, "refit": true}
{"timestamp": "17:55:52.727892", "frame": 91, "mu": [-1.1762605858606925, 2.3249019213957065, 1.4530724120118388], "Sigma": [[0.011091231012867011, 0.0015311631380422177, -0.005703315081008917], [0.0015311631380422177, 0.006699508191783638, -0.005519828497785746], [-0.005703315081008917, -0.005519828497785746, 0.014303674063101962]], "chi2_level": 0.95, "chi2_df": 3, "chi2_threshold": 7.814727903251179, "N_raw": 71, "N_roi": 71, "N_inlier": 67, "refit": true}
{"timestamp": "17:55:52.788521", "frame": 92, "mu": [-1.2231897563908904, 2.343106839029643, 1.257337036043541], "Sigma": [[0.015394754843141187, 0.00648147959966006, -0.006664796807071538], [0.00648147959966006, 0.008703765714871234, -0.004822072071270122], [-0.006664796807071538, -0.004822072071270124, 0.11841958390226988]], "chi2_level": 0.95, "chi2_df": 3, "chi2_threshold": 7.814727903251179, "N_raw": 108, "N_roi": 108, "N_inlier": 105, "refit": true}
