{"timestamp": "17:51:59.225566", "frame": 1, "mu": [1.0201469939096415, 1.6128632297774337, -0.5223991428760305], "Sigma": [[0.008471659640201443, -0.0005169483111772968, -0.02339479786951063], [-0.0005169483111772968, 0.001255539782025685, 0.0006452467676644959], [-0.02339479786951063, 0.0006452467676644961, 0.07205954679411372]], "chi2_level": 0.95, "chi2_df": 3, "chi2_threshold": 7.814727903251179, "N_raw": 16, "N_roi": 16, "N_inlier": 15, "refit": true}
{"timestamp": "17:51:59.282655", "frame": 2, "mu": [0.8476937747030608, 1.551607877620973, 1.605747712092077], "Sigma": [[0.005710172118043057, -0.0022407241746033256, -0.007398979893512077], [-0.0022407241746033256, 0.003242152654799893, 0.0035282085122148674], [-0.007398979893512077, 0.0035282085122148674, 0.01579936707280904]], "chi2_level": 0.95, "chi2_df": 3, "chi2_threshold": 7.814727903251179, "N_raw": 30, "N_roi": 30, "N_inlier": 25, "refit": true}
{"timestamp": "17:51:59.339732", "frame": 3, "mu": [0.9573411468335863, 1.4912127974397449, 1.3592775450618169], "Sigma": [[0.010948210032868461, -0.005248676097431208, -0.028402418388987015], [-0.005248676097431208, 0.004321312109556482, 0.01557260322097286], [-0.028402418388987015, 0.01557260322097286, 0.10119175668591918]], "chi2_level": 0.95, "chi2_df": 3, "chi2_threshold": 7.814727903251179, "N_raw": 46, "N_roi": 46, "N_inlier": 43, "refit": true}
{"timestamp": "17:51:59.500795", "frame": 6, "mu": [0.9434737738784107, 1.5202485976646778, 1.0568698286508686], "Sigma": [[0.010902937724840389, -0.0008103387256881574, -0.05408994810009787], [-0.0008103387256881576, 0.00017372488042625514, 0.006118312161119427], [-0.05408994810009788, 0.006118312161119427, 0.4266019481236691]], "chi2_level": 0.95, "chi2_df": 3, "chi2_threshold": 7.814727903251179, "N_raw": 8, "N_roi": 8, "N_inlier": 8, "refit": true}
{"timestamp": "17:51:59.555497", "frame": 7, "mu": [0.9485808969829985, 1.606626577231659, -0.32363244508264677], "Sigma": [[0.004245368794862983, 0.004681105279527413, -0.008207478719484294], [0.004681105279527413, 0.005497153987347605, -0.009754438865184583], [-0.008207478719484296, -0.009754438865184583, 0.020443201762415333]], "chi2_level": 0.95, "chi2_df": 3, "chi2_threshold": 7.814727903251179, "N_raw": 8, "N_roi": 8, "N_inlier": 7, "refit": true}
{"timestamp": "17:51:59.720082", "frame": 10, "mu": [0.8840969113524375, 1.5030038119409639, 1.2746469206230815], "Sigma": [[0.010215469752885483, -0.00598402219986463, -0.06441155319997709], [-0.00598402219986463, 0.005918146809402084, 0.044671363014021845], [-0.0644115531999771, 0.044671363014021845, 0.44077061619206354]], "chi2_level": 0.95, "chi2_df": 3, "chi2_threshold": 7.814727903251179, "N_raw": 11, "N_roi": 11, "N_inlier": 11, "refit": true}
{"timestamp": "17:51:59.775707", "frame": 11, "mu": [0.8347889648533724, 1.5337241971048308, 1.599629968681794], "Sigma": [[0.0023196187998446877, -0.000485879923655563, -0.0012481237185479827], [-0.000485879923655563, 0.0018252908431836952, -0.0002608177179181044], [-0.0012481237185479827, -0.0002608177179181044, 0.0010137517601176188]], "chi2_level": 0.95, "chi2_df": 3, "chi2_threshold": 7.814727903251179, "N_raw": 19, "N_roi": 19, "N_inlier": 17, "refit": true}
{"timestamp": "17:51:59.887600", "frame": 13, "mu": [0.8289391455619597, 1.5116818603961406, 1.1825864212138149], "Sigma": [[0.00571457250551049, -0.005019817585701698, -0.03792431194689937], [-0.005019817585701697, 0.007736953602713376, 0.054921343315446666], [-0.03792431194689937, 0.054921343315446666, 0.5049753897078618]], "chi2_level": 0.95, "chi2_df": 3, "chi2_threshold": 7.814727903251179, "N_raw": 29, "N_roi": 29, "N_inlier": 29, "refit": true}
{"timestamp": "17:52:00.005260", "frame": 15, "mu": [0.8588613781911004, 1.525788649422163, 1.4204578803280286], "Sigma": [[0.006617043383233644, -0.0006265445962638133, -0.004397759533453881], [-0.0006265445962638134, 0.007618145944113404, 0.014982252512018525], [-0.004397759533453881, 0.014982252512018525, 0.17587704616584166]], "chi2_level": 0.95, "chi2_df": 3, "chi2_threshold": 7.814727903251179, "N_raw": 77, "N_roi": 77, "N_inlier": 72, "refit": true}
{"timestamp": "17:52:00.053605", "frame": 16, "mu": [0.8660612522371562, 1.5128317544789782, 1.4638620485314089], "Sigma": [[0.004172984784134806, -0.0015778855097172968, -0.004770895252089078], [-0.0015778855097172968, 0.0017949638323965123, 0.00020348272846873385], [-0.004770895252089078, 0.00020348272846873396, 0.011223016540283582]], "chi2_level": 0.95, "chi2_df": 3, "chi2_threshold": 7.814727903251179, "N_raw": 37, "N_roi": 37, "N_inlier": 32, "refit": true}
{"timestamp": "17:52:00.105140", "frame": 17, "mu": [0.8134430530710732, 1.4379065823412716, 0.7662731143513959], "Sigma": [[0.005510327435611682, 0.0077271691662362165, 0.0464887546283977], [0.0077271691662362165, 0.013973572806887529, 0.06949557458831568], [0.0464887546283977, 0.06949557458831568, 0.5650782357096621]], "chi2_level": 0.95, "chi2_df": 3, "chi2_threshold": 7.814727903251179, "N_raw": 10, "N_roi": 10, "N_inlier": 10, "refit": true}
{"timestamp": "17:52:00.164027", "frame": 18, "mu": [0.832091901553413, 1.5148272337725142, 1.4406868002882642], "Sigma": [[0.00584167036417364, -0.0018312333369161237, -0.013365266684630178], [-0.0018312333369161237, 0.0034746541750543323, 0.002444690767587779], [-0.013365266684630178, 0.002444690767587779, 0.08328442459704366]], "chi2_level": 0.95, "chi2_df": 3, "chi2_threshold": 7.814727903251179, "N_raw": 34, "N_roi": 34, "N_inlier": 29, "refit": true}
{"timestamp": "17:52:00.223156", "frame": 19, "mu": [0.8371707246441961, 1.486404805656191, 1.4092601243344978], "Sigma": [[0.004853149337870443, -0.000904871096838413, -0.003927407657047951], [-0.0009048710968384127, 0.0025083126274915188, 0.00020716046482423955], [-0.003927407657047951, 0.00020716046482423942, 0.057317978794824004]], "chi2_level": 0.95, "chi2_df": 3, "chi2_threshold": 7.814727903251179, "N_raw": 47, "N_roi": 47, "N_inlier": 42, "refit": true}
{"timestamp": "17:52:00.278435", "frame": 20, "mu": [0.8131211186532915, 1.5038115088830533, -0.5252102827647321], "Sigma": [[0.011225751294040623, -0.007564092586446367, -0.0678093969686433], [-0.007564092586446367, 0.012328990387908124, 0.0731163443898891], [-0.06780939696864331, 0.0731163443898891, 0.6959130275085007]], "chi2_level": 0.95, "chi2_df": 3, "chi2_threshold": 7.814727903251179, "N_raw": 61, "N_roi": 61, "N_inlier": 59, "refit": true}
{"timestamp": "17:52:00.335955", "frame": 21, "mu": [0.7576945105598947, 1.454291577587615, 1.4626046395314996], "Sigma": [[0.0059596951391663105, -0.002005842758683464, -0.00520018216376404], [-0.002005842758683464, 0.00378275980622015, -0.0008351683151048674], [-0.00520018216376404, -0.0008351683151048675, 0.008588095970708682]], "chi2_level": 0.95, "chi2_df": 3, "chi2_threshold": 7.814727903251179, "N_raw": 61, "N_roi": 61, "N_inlier": 55, "refit": true}
{"timestamp": "17:52:00.393974", "frame": 22, "mu": [0.7742998262800075, 1.4194552485676102, 1.2848504410803616], "Sigma": [[0.009521218314513219, -0.0027299107621688344, -0.02083601288430143], [-0.0027299107621688344, 0.003916831242950322, 0.0044359056305561], [-0.02083601288430143, 0.0044359056305561, 0.07960824286512984]], "chi2_level": 0.95, "chi2_df": 3, "chi2_threshold": 7.814727903251179, "N_raw": 85, "N_roi": 85, "N_inlier": 84, "refit": true}
{"timestamp": "17:52:00.448506", "frame": 23, "mu": [0.7204413692607904, 1.4378739281229076, 1.333489533700741], "Sigma": [[0.008394334196295553, -0.004070781678993657, -0.019831742680574395], [-0.004070781678993657, 0.005282964887665706, 0.013995412674915442], [-0.019831742680574395, 0.013995412674915443, 0.08720335588684686]], "chi2_level": 0.95, "chi2_df": 3, "chi2_threshold": 7.814727903251179, "N_raw": 86, "N_roi": 86, "N_inlier": 80, "refit": true}
{"timestamp": "17:52:00.499894", "frame": 24, "mu": [0.7418470134706121, 1.409288136344433, 1.0373594811724103], "Sigma": [[0.006559007074876774, -0.003422261589163925, -0.004014658026444184], [-0.0034222615891639253, 0.00428478273881998, -0.00021113955942078], [-0.0040146580264441845, -0.00021113955942077977, 0.010320619942828882]], "chi2_level": 0.95, "chi2_df": 3, "chi2_threshold": 7.814727903251179, "N_raw": 60, "N_roi": 60, "N_inlier": 56, "refit": true}
{"timestamp": "17:52:00.551895", "frame": 25, "mu": [0.7004600882319438, 1.59171606198494, -0.6380029445146707], "Sigma": [[0.0033774064206499267, -0.0006242426100467248, -0.004012645300698859], [-0.0006242426100467248, 0.006262480641743547, -0.013795385919337435], [-0.004012645300698859, -0.013795385919337433, 0.08399666701609738]], "chi2_level": 0.95, "chi2_df": 3, "chi2_threshold": 7.814727903251179, "N_raw": 33, "N_roi": 33, "N_inlier": 29, "refit": true}
{"timestamp": "17:52:00.607913", "frame": 26, "mu": [0.6511478205373837, 1.3704976404310636, 1.2983372937986286], "Sigma": [[0.003978027044439611, -0.0008483993543042939, -0.0016765935305792258], [-0.000848399354304294, 0.002348655446565531, 0.0012691661880794526], [-0.0016765935305792256, 0.0012691661880794528, 0.039063371283409656]], "chi2_level": 0.95, "chi2_df": 3, "chi2_threshold": 7.814727903251179, "N_raw": 51, "N_roi": 51, "N_inlier": 47, "refit": true}
{"timestamp": "17:52:00.663184", "frame": 27, "mu": [0.6175186686176827, 1.3584283935861108, 0.9643891584177515], "Sigma": [[0.005964505579018719, -0.00433731209700828, -0.006177642427530438], [-0.00433731209700828, 0.004492659736083766, 0.003380081134804746], [-0.006177642427530437, 0.003380081134804746, 0.016482339052085168]], "chi2_level": 0.95, "chi2_df": 3, "chi2_threshold": 7.814727903251179, "N_raw": 48, "N_roi": 48, "N_inlier": 44, "refit": true}
{"timestamp": "17:52:00.719208", "frame": 28, "mu": [0.49336258588376786, 1.438962652917429, 1.5032498988442928], "Sigma": [[0.005025913895261586, -0.00020492207665647515, -0.004460609824027429], [-0.0002049220766564751, 0.003974040391188745, 0.0002993946280293658], [-0.004460609824027429, 0.000299394628029366, 0.008986097031688069]], "chi2_level": 0.95, "chi2_df": 3, "chi2_threshold": 7.814727903251179, "N_raw": 56, "N_roi": 56, "N_inlier": 51, "refit": true}
{"timestamp": "17:52:00.777095", "frame": 29, "mu": [0.4623677800730584, 1.4587692013310896, -0.22907092884856406], "Sigma": [[0.004848253308939754, 0.001104594113168286, 0.0016364195734455526], [0.001104594113168286, 0.004617991879096269, 4.070510905963614e-05], [0.0016364195734455526, 4.0705109059636035e-05, 0.014824516400005566]], "chi2_level": 0.95, "chi2_df": 3, "chi2_threshold": 7.814727903251179, "N_raw": 62, "N_roi": 62, "N_inlier": 58, "refit": true}
{"timestamp": "17:52:00.833179", "frame": 30, "mu": [0.4273185780132689, 1.4140322693027698, 1.4716163205436046], "Sigma": [[0.006356688332972936, -0.004552459607579277, -0.017262963413942466], [-0.004552459607579278, 0.012846046815997847, 0.020049765176286448], [-0.017262963413942466, 0.020049765176286448, 0.0690290867897048]], "chi2_level": 0.95, "chi2_df": 3, "chi2_threshold": 7.814727903251179, "N_raw": 83, "N_roi": 83, "N_inlier": 79, "refit": true}
{"timestamp": "17:52:00.891326", "frame": 31, "mu": [0.3926702757480916, 1.3877052163297412, 1.0697457721547856], "Sigma": [[0.006862619647785228, -0.005750620886141897, 0.013659679449096629], [-0.005750620886141899, 0.011662849989055762, -0.002063295470529238], [0.013659679449096632, -0.0020632954705292377, 0.3964846195247022]], "chi2_level": 0.95, "chi2_df": 3, "chi2_threshold": 7.814727903251179, "N_raw": 108, "N_roi": 108, "N_inlier": 107, "refit": true}
{"timestamp": "17:52:00.942321", "frame": 32, "mu": [0.32938755472508896, 1.4416881804543626, 1.556742476321534], "Sigma": [[0.005311121087067952, -0.0018148511986130788, -0.0072991238898527785], [-0.0018148511986130788, 0.00557024376224324, 0.0015753805777927992], [-0.0072991238898527785, 0.0015753805777927992, 0.01102085143585178]], "chi2_level": 0.95, "chi2_df": 3, "chi2_threshold": 7.814727903251179, "N_raw": 69, "N_roi": 69, "N_inlier": 65, "refit": true}
{"timestamp": "17:52:00.996249", "frame": 33, "mu": [0.2741310080950951, 1.4485485387924877, 1.5914604760223712], "Sigma": [[0.003870835382864375, 0.0005624711406147253, -0.0030787183661364053], [0.0005624711406147253, 0.005176147212201404, -0.0028296037194330695], [-0.0030787183661364053, -0.0028296037194330695, 0.004334051260961462]], "chi2_level": 0.95, "chi2_df": 3, "chi2_threshold": 7.814727903251179, "N_raw": 69, "N_roi": 69, "N_inlier": 63, "refit": true}
{"timestamp": "17:52:01.055712", "frame": 34, "mu": [0.26338689568085355, 1.4474446381273904, 1.4791773373589627], "Sigma": [[0.005226582017055735, -0.0007463728990916717, -0.00854458395531614], [-0.0007463728990916717, 0.004837121366336236, 0.006883492795500328], [-0.00854458395531614, 0.0068834927955003285, 0.0498901169070263]], "chi2_level": 0.95, "chi2_df": 3, "chi2_threshold": 7.814727903251179, "N_raw": 76, "N_roi": 76, "N_inlier": 71, "refit": true}
{"timestamp": "17:52:01.105564", "frame": 35, "mu": [0.1610210251681331, 1.4325092881895933, 1.4288909684585243], "Sigma": [[0.0030718561343878216, -0.0006173634043457633, -0.003005900603012754], [-0.0006173634043457633, 0.006481984459816337, 0.024220694476467616], [-0.003005900603012754, 0.024220694476467616, 0.18128256967614456]], "chi2_level": 0.95, "chi2_df": 3, "chi2_threshold": 7.814727903251179, "N_raw": 63, "N_roi": 61, "N_inlier": 58, "refit": true}
{"timestamp": "17:52:01.162276", "frame": 36, "mu": [0.1091302222754044, 1.4625617435724572, 1.4667332903224826], "Sigma": [[0.005418871214953948, 0.0024198281929112535, 0.013009088117308071], [0.0024198281929112535, 0.008360729298277124, 0.02235368585322174], [0.013009088117308071, 0.02235368585322174, 0.12143045530196961]], "chi2_level": 0.95, "chi2_df": 3, "chi2_threshold": 7.814727903251179, "N_raw": 78, "N_roi": 78, "N_inlier": 75, "refit": true}
{"timestamp": "17:52:01.216135", "frame": 37, "mu": [0.10327627362555432, 1.4862555001106428, 1.5589175989840998], "Sigma": [[0.004421573684158098, 0.0012146214308928543, -0.0028080695889413816], [0.0012146214308928543, 0.0037249345144868716, 0.0011702658643701765], [-0.0028080695889413816, 0.0011702658643701765, 0.025063813478726216]], "chi2_level": 0.95, "chi2_df": 3, "chi2_threshold": 7.814727903251179, "N_raw": 64, "N_roi": 59, "N_inlier": 55, "refit": true}
{"timestamp": "17:52:01.273381", "frame": 38, "mu": [0.06020455250674798, 1.4466873703585936, 1.4614836836986547], "Sigma": [[0.003089040186694217, -0.0008833854074845866, -0.005159339983498022], [-0.0008833854074845869, 0.00347690368506623, 0.010271768578177434], [-0.005159339983498022, 0.010271768578177434, 0.09177070701266021]], "chi2_level": 0.95, "chi2_df": 3, "chi2_threshold": 7.814727903251179, "N_raw": 60, "N_roi": 58, "N_inlier": 54, "refit": true}
{"timestamp": "17:52:01.321312", "frame": 39, "mu": [0.0843853019215854, 1.4110957498548773, 1.0885740098518382], "Sigma": [[0.00328032604773328, 0.0006702281191126193, 0.005948051366491309], [0.0006702281191126194, 0.00888217449495175, 0.03345115128987215], [0.005948051366491309, 0.03345115128987215, 0.15111140593794506]], "chi2_level": 0.95, "chi2_df": 3, "chi2_threshold": 7.814727903251179, "N_raw": 38, "N_roi": 38, "N_inlier": 36, "refit": true}
{"timestamp": "17:52:01.377942", "frame": 40, "mu": [-0.0012303831229332797, 1.5153385237882093, -0.04726077173566353], "Sigma": [[0.0033479413608628636, 0.0010170285681189147, -0.0015319401852904456], [0.0010170285681189147, 0.00315191694100594, -0.00044788332864437034], [-0.0015319401852904456, -0.00044788332864437034, 0.001024124692593425]], "chi2_level": 0.95, "chi2_df": 3, "chi2_threshold": 7.814727903251179, "N_raw": 42, "N_roi": 42, "N_inlier": 40, "refit": true}
{"timestamp": "17:52:01.438286", "frame": 41, "mu": [-0.01886427016333082, 1.430317508201619, 1.2598685534303133], "Sigma": [[0.004857331900320596, -0.0018091648679086265, -0.006160745645805939], [-0.0018091648679086265, 0.007574860856344128, 0.022103802754157655], [-0.006160745645805939, 0.022103802754157655, 0.2315361026168878]], "chi2_level": 0.95, "chi2_df": 3, "chi2_threshold": 7.814727903251179, "N_raw": 85, "N_roi": 85, "N_inlier": 81, "refit": true}
{"timestamp": "17:52:01.484736", "frame": 42, "mu": [-0.1307009395727086, 1.5080934428230652, 0.48014248048752123], "Sigma": [[0.001744383651455883, -0.003030308159503483, 0.016633873419354118], [-0.003030308159503483, 0.016345264644406284, -0.03718674245665418], [0.016633873419354114, -0.03718674245665418, 0.43709113838733965]], "chi2_level": 0.95, "chi2_df": 3, "chi2_threshold": 7.814727903251179, "N_raw": 19, "N_roi": 19, "N_inlier": 18, "refit": true}
{"timestamp": "17:52:01.540010", "frame": 43, "mu": [-0.04801928172380963, 1.487139423302888, 1.253359929036209], "Sigma": [[0.002393137463115121, 5.3395204288999996e-05, -0.0049219446267644035], [5.339520428899997e-05, 0.0011814847255770854, -0.001276019108260303], [-0.0049219446267644035, -0.0012760191082603028, 0.041998199986591]], "chi2_level": 0.95, "chi2_df": 3, "chi2_threshold": 7.814727903251179, "N_raw": 25, "N_roi": 25, "N_inlier": 22, "refit": true}
{"timestamp": "17:52:01.598743", "frame": 44, "mu": [-0.12368758695688328, 1.5419567608198674, -0.6741857721230707], "Sigma": [[0.0036371960166161257, -0.0003051290863557301, -0.01111936613438206], [-0.0003051290863557301, 0.006854491879785855, -0.016415525451351488], [-0.01111936613438206, -0.016415525451351488, 0.13623681938235405]], "chi2_level": 0.95, "chi2_df": 3, "chi2_threshold": 7.814727903251179, "N_raw": 46, "N_roi": 45, "N_inlier": 40, "refit": true}
{"timestamp": "17:52:01.655278", "frame": 45, "mu": [-0.19219398853378833, 1.4504479695998254, 1.4998259730334331], "Sigma": [[0.00505371363706384, 0.001637232262091975, 0.00046401420616666144], [0.001637232262091975, 0.006272746930163509, -0.0001922142309551963], [0.00046401420616666144, -0.00019221423095519628, 0.001392660776584056]], "chi2_level": 0.95, "chi2_df": 3, "chi2_threshold": 7.814727903251179, "N_raw": 63, "N_roi": 63, "N_inlier": 61, "refit": true}
{"timestamp": "17:52:01.712912", "frame": 46, "mu": [-0.1940954661256741, 1.4349228643541434, 1.089409252589476], "Sigma": [[0.00990922552095541, 0.004048932061214207, -0.046369156819928585], [0.004048932061214207, 0.00759418997091863, -0.03098612552836328], [-0.04636915681992859, -0.03098612552836328, 0.36402904949260106]], "chi2_level": 0.95, "chi2_df": 3, "chi2_threshold": 7.814727903251179, "N_raw": 76, "N_roi": 76, "N_inlier": 75, "refit": true}
{"timestamp": "17:52:01.764823", "frame": 47, "mu": [-0.31389115812467083, 1.4340655875011674, 1.3990145996716412], "Sigma": [[0.0033035359594489402, -0.0002790021423022794, -0.008164576622818715], [-0.0002790021423022793, 0.010268215601708734, 0.014856201450851913], [-0.008164576622818715, 0.014856201450851913, 0.07416615369711592]], "chi2_level": 0.95, "chi2_df": 3, "chi2_threshold": 7.814727903251179, "N_raw": 66, "N_roi": 66, "N_inlier": 63, "refit": true}
{"timestamp": "17:52:01.828507", "frame": 48, "mu": [-0.36445015466226777, 1.4380496375713876, 1.531138466788296], "Sigma": [[0.0038447632414252524, -0.0009964541099199114, -0.0029043043685259237], [-0.0009964541099199116, 0.00856337748557975, -0.0006401296941448294], [-0.0029043043685259237, -0.0006401296941448294, 0.011806160679410553]], "chi2_level": 0.95, "chi2_df": 3, "chi2_threshold": 7.814727903251179, "N_raw": 86, "N_roi": 86, "N_inlier": 76, "refit": true}
{"timestamp": "17:52:01.885604", "frame": 49, "mu": [-0.40463004405876646, 1.389515496331798, 1.390019810890434], "Sigma": [[0.0067910103549243764, 0.00022768160939068893, -0.0070772810675554035], [0.00022768160939068874, 0.012116006849458254, -0.0019955071801520397], [-0.0070772810675554035, -0.0019955071801520397, 0.023408833934419254]], "chi2_level": 0.95, "chi2_df": 3, "chi2_threshold": 7.814727903251179, "N_raw": 125, "N_roi": 125, "N_inlier": 120, "refit": true}
{"timestamp": "17:52:01.937385", "frame": 50, "mu": [-0.4662085165766591, 1.4169060457308467, 1.384033559619836], "Sigma": [[0.004350055069724472, -0.0008860043904018543, -0.0068228771968792], [-0.0008860043904018544, 0.006657625632681303, 0.014221670011249934], [-0.0068228771968792, 0.014221670011249934, 0.1072403035759415]], "chi2_level": 0.95, "chi2_df": 3, "chi2_threshold": 7.814727903251179, "N_raw": 97, "N_roi": 97, "N_inlier": 94, "refit": true}
{"timestamp": "17:52:01.993279", "frame": 51, "mu": [-0.45947129511115364, 1.3709429152367494, 1.3077376651839199], "Sigma": [[0.008041832509611165, -0.00014543747443002543, -0.01279785509634087], [-0.000145437474430025, 0.004074759532096251, -0.003862580680175231], [-0.012797855096340868, -0.0038625806801752312, 0.04218984727203312]], "chi2_level": 0.95, "chi2_df": 3, "chi2_threshold": 7.814727903251179, "N_raw": 112, "N_roi": 112, "N_inlier": 109, "refit": true}
{"timestamp": "17:52:02.048269", "frame": 52, "mu": [-0.5152460671811857, 1.4062813289862048, 1.317371957582411], "Sigma": [[0.010915521674203415, 0.0022102009773273005, -0.01707027393582223], [0.002210200977327301, 0.004057308238226399, 0.00011257317909548007], [-0.01707027393582223, 0.00011257317909547996, 0.06916032853203849]], "chi2_level": 0.95, "chi2_df": 3, "chi2_threshold": 7.814727903251179, "N_raw": 110, "N_roi": 110, "N_inlier": 108, "refit": true}
{"timestamp": "17:52:02.096044", "frame": 53, "mu": [-0.4987848621180293, 1.4810106132413183, 1.374704267962835], "Sigma": [[0.004914477649295578, 0.0013242719988237517, -0.004469372574247107], [0.0013242719988237517, 0.0064075694720229556, -0.002191141995127177], [-0.004469372574247107, -0.002191141995127177, 0.021611981419735762]], "chi2_level": 0.95, "chi2_df": 3, "chi2_threshold": 7.814727903251179, "N_raw": 61, "N_roi": 61, "N_inlier": 57, "refit": true}
{"timestamp": "17:52:02.154361", "frame": 54, "mu": [-0.5601117963144744, 1.4654278179622187, 1.376209910834186], "Sigma": [[0.00803472566337847, -0.0017255316800364924, -0.016478719242361176], [-0.0017255316800364922, 0.0049786974808323625, 0.005190003426243862], [-0.016478719242361176, 0.005190003426243863, 0.0659438469708245]], "chi2_level": 0.95, "chi2_df": 3, "chi2_threshold": 7.814727903251179, "N_raw": 85, "N_roi": 85, "N_inlier": 81, "refit": true}
{"timestamp": "17:52:02.210096", "frame": 55, "mu": [-0.616549509535203, 1.4404518918744307, 1.3428019184382702], "Sigma": [[0.007553098723607582, -0.0015191587930921033, -0.018631297374851134], [-0.0015191587930921033, 0.005757537129733588, 0.011174341736387736], [-0.01863129737485113, 0.011174341736387736, 0.1140977743672044]], "chi2_level": 0.95, "chi2_df": 3, "chi2_threshold": 7.814727903251179, "N_raw": 90, "N_roi": 90, "N_inlier": 89, "refit": true}
{"timestamp": "17:52:02.261032", "frame": 56, "mu": [-0.6622147940884909, 1.5561910514723813, 1.6237336773656563], "Sigma": [[0.004998931017713755, 0.00037656648036135535, -0.003217962971513051], [0.00037656648036135535, 0.004868246294586656, -0.004164164248398548], [-0.003217962971513052, -0.004164164248398548, 0.011886804671743063]], "chi2_level": 0.95, "chi2_df": 3, "chi2_threshold": 7.814727903251179, "N_raw": 65, "N_roi": 65, "N_inlier": 59, "refit": true}
{"timestamp": "17:52:02.315613", "frame": 57, "mu": [-0.6858027657752196, 1.4955731950357822, 1.0966368056470197], "Sigma": [[0.00997264346908273, 0.006258094504043651, -0.05058872730953938], [0.006258094504043652, 0.00921734111694426, -0.05370000221641107], [-0.05058872730953938, -0.053700002216411066, 0.41680569915329285]], "chi2_level": 0.95, "chi2_df": 3, "chi2_threshold": 7.814727903251179, "N_raw": 68, "N_roi": 68, "N_inlier": 65, "refit": true}
{"timestamp": "17:52:02.372471", "frame": 58, "mu": [-0.7437544956844601, 1.5647129741324313, 1.5098403571439125], "Sigma": [[0.005032101444500242, 0.0011672185060020044, -0.00582590841318913], [0.0011672185060020044, 0.005563214159991681, -0.008087916226346529], [-0.005825908413189129, -0.008087916226346527, 0.030120231624469196]], "chi2_level": 0.95, "chi2_df": 3, "chi2_threshold": 7.814727903251179, "N_raw": 80, "N_roi": 80, "N_inlier": 76, "refit": true}
{"timestamp": "17:52:02.421585", "frame": 59, "mu": [-0.8302123154126891, 1.5704389476378826, 1.5565164957762239], "Sigma": [[0.003828822308403713, 3.551139197321415e-05, -0.004127587429531926], [3.55113919732142e-05, 0.0031297646882089973, -0.001980491258432728], [-0.004127587429531926, -0.001980491258432728, 0.014815115897139882]], "chi2_level": 0.95, "chi2_df": 3, "chi2_threshold": 7.814727903251179, "N_raw": 35, "N_roi": 35, "N_inlier": 31, "refit": true}
{"timestamp": "17:52:02.482413", "frame": 60, "mu": [-0.7998835140696425, 1.618679879677188, -0.5549417195903704], "Sigma": [[0.0048587736978078135, 0.00271531560997063, -0.003919674407966232], [0.002715315609970629, 0.00859822828378865, 0.002457276936490385], [-0.003919674407966232, 0.0024572769364903852, 0.08199517696107343]], "chi2_level": 0.95, "chi2_df": 3, "chi2_threshold": 7.814727903251179, "N_raw": 80, "N_roi": 80, "N_inlier": 70, "refit": true}
{"timestamp": "17:52:02.539699", "frame": 61, "mu": [-0.8328225189423744, 1.5849713894281696, 1.237279825555224], "Sigma": [[0.005404836935634064, 0.0016227459936635658, 0.008719393813088], [0.0016227459936635658, 0.007526381925108636, 0.02332888615738683], [0.008719393813087999, 0.02332888615738683, 0.28232870157362017]], "chi2_level": 0.95, "chi2_df": 3, "chi2_threshold": 7.814727903251179, "N_raw": 82, "N_roi": 82, "N_inlier": 80, "refit": true}
{"timestamp": "17:52:02.597439", "frame": 62, "mu": [-0.7996159770105192, 1.6617508915444674, -0.6554717857534202], "Sigma": [[0.013553944756182, 0.0028682250876173707, 0.025278254711623614], [0.0028682250876173707, 0.007508898400127685, 0.0038014882262095806], [0.025278254711623614, 0.003801488226209582, 0.15068007321171575]], "chi2_level": 0.95, "chi2_df": 3, "chi2_threshold": 7.814727903251179, "N_raw": 112, "N_roi": 112, "N_inlier": 107, "refit": true}
{"timestamp": "17:52:02.659853", "frame": 63, "mu": [-0.8443550839990268, 1.660693420482564, 1.27666689612483], "Sigma": [[0.02191385070726764, -0.0033299050857072353, 0.029274860431462744], [-0.0033299050857072353, 0.006862762217173937, -0.015115709124922924], [0.029274860431462744, -0.015115709124922924, 0.1380779706592591]], "chi2_level": 0.95, "chi2_df": 3, "chi2_threshold": 7.814727903251179, "N_raw": 150, "N_roi": 150, "N_inlier": 136, "refit": true}
{"timestamp": "17:52:02.710389", "frame": 64, "mu": [-0.8995988829573329, 1.6759513352768889, 1.4187085592243607], "Sigma": [[0.013398800187988905, 0.0021865381795237076, -0.003997899684068433], [0.0021865381795237076, 0.008309479314746496, -0.008597524309731546], [-0.003997899684068433, -0.008597524309731546, 0.059821486933791204]], "chi2_level": 0.95, "chi2_df": 3, "chi2_threshold": 7.814727903251179, "N_raw": 118, "N_roi": 118, "N_inlier": 104, "refit": true}
{"timestamp": "17:52:02.760267", "frame": 65, "mu": [-0.8119686419869524, 1.74791568295901, 1.3811179013665866], "Sigma": [[0.009006022705608092, 0.00029926446423778584, -0.004392889330939789], [0.00029926446423778595, 0.0033290843306810853, -0.001355396409052077], [-0.00439288933093979, -0.001355396409052077, 0.0489823961380913]], "chi2_level": 0.95, "chi2_df": 3, "chi2_threshold": 7.814727903251179, "N_raw": 88, "N_roi": 88, "N_inlier": 83, "refit": true}
{"timestamp": "17:52:02.811440", "frame": 66, "mu": [-0.8628271455076536, 1.798459912778442, 1.4397411295410356], "Sigma": [[0.006142691924079252, 0.0007232637879275495, -0.0023648569175361745], [0.0007232637879275494, 0.0031756967356113253, -0.0032525341993027692], [-0.002364856917536175, -0.0032525341993027692, 0.04191080167022266]], "chi2_level": 0.95, "chi2_df": 3, "chi2_threshold": 7.814727903251179, "N_raw": 68, "N_roi": 68, "N_inlier": 61, "refit": true}
{"timestamp": "17:52:02.863413", "frame": 67, "mu": [-0.8500162752992009, 1.814266076305582, 1.2403665412106564], "Sigma": [[0.009194589908799145, 0.0005170497407467528, -0.006950872961684568], [0.0005170497407467528, 0.000318399499664927, 0.0007432327143727891], [-0.006950872961684567, 0.0007432327143727891, 0.03528154379894485]], "chi2_level": 0.95, "chi2_df": 3, "chi2_threshold": 7.814727903251179, "N_raw": 50, "N_roi": 50, "N_inlier": 48, "refit": true}
{"timestamp": "17:52:02.921865", "frame": 68, "mu": [-0.8673614039068415, 1.8840536991286159, 1.4717308317759081], "Sigma": [[0.006823969379721379, 0.001139327000788351, -0.0005931385583067478], [0.001139327000788351, 0.00505474110322381, -0.00552522973754022], [-0.000593138558306748, -0.005525229737540221, 0.029248815430961056]], "chi2_level": 0.95, "chi2_df": 3, "chi2_threshold": 7.814727903251179, "N_raw": 68, "N_roi": 68, "N_inlier": 65, "refit": true}
{"timestamp": "17:52:02.982716", "frame": 69, "mu": [-0.8763681339599834, 1.8511775111757718, 1.0454469018466876], "Sigma": [[0.007646064844855047, -0.0009843702129286721, -0.005242618564709525], [-0.000984370212928672, 0.004868879081319834, 0.01628091102768372], [-0.005242618564709526, 0.01628091102768372, 0.20553512852456432]], "chi2_level": 0.95, "chi2_df": 3, "chi2_threshold": 7.814727903251179, "N_raw": 113, "N_roi": 113, "N_inlier": 112, "refit": true}
{"timestamp": "17:52:03.035659", "frame": 70, "mu": [-0.8839628925778108, 1.9335713184192727, 1.3528202080803324], "Sigma": [[0.008902455572278018, -0.0011215216430440623, -0.009325308509869682], [-0.0011215216430440623, 0.006508627213630298, 0.0073298971783815475], [-0.009325308509869682, 0.007329897178381549, 0.10261421408599386]], "chi2_level": 0.95, "chi2_df": 3, "chi2_threshold": 7.814727903251179, "N_raw": 90, "N_roi": 90, "N_inlier": 84, "refit": true}
{"timestamp": "17:52:03.093703", "frame": 71, "mu": [-0.9025136509057069, 1.9454196992563648, 1.1773028617833168], "Sigma": [[0.009591473510750305, 0.0007723346456598121, 0.006650925603459415], [0.0007723346456598121, 0.005535481225828621, 0.009616499380586422], [0.0066509256034594155, 0.009616499380586422, 0.18626022345884408]], "chi2_level": 0.95, "chi2_df": 3, "chi2_threshold": 7.814727903251179, "N_raw": 116, "N_roi": 116, "N_inlier": 113, "refit": true}
{"timestamp": "17:52:03.144406", "frame": 72, "mu": [-0.9405418250884036, 2.003654990478015, 1.0265425491429314], "Sigma": [[0.007338834721540386, -0.0017305111052796618, -0.005817799790159092], [-0.0017305111052796618, 0.0017171772701598188, 0.003446614892391441], [-0.005817799790159092, 0.003446614892391441, 0.2326276995066667]], "chi2_level": 0.95, "chi2_df": 3, "chi2_threshold": 7.814727903251179, "N_raw": 80, "N_roi": 80, "N_inlier": 77, "refit": true}
{"timestamp": "17:52:03.200727", "frame": 73, "mu": [-0.9985609782216829, 2.083400163467766, 1.0944677377544452], "Sigma": [[0.013471308092706394, -0.003377915723828643, 0.021507845644695003], [-0.003377915723828643, 0.005431516061647746, -0.02085125342415544], [0.021507845644695, -0.02085125342415544, 0.22439013117534334]], "chi2_level": 0.95, "chi2_df": 3, "chi2_threshold": 7.814727903251179, "N_raw": 101, "N_roi": 101, "N_inlier": 98, "refit": true}
{"timestamp": "17:52:03.257148", "frame": 74, "mu": [-0.9827768862984498, 2.133383406917588, 1.1232574449514061], "Sigma": [[0.016914189377370145, -0.00797448800920708, 0.030386527638298595], [-0.00797448800920708, 0.013159825779202815, -0.04366980734887358], [0.030386527638298595, -0.04366980734887358, 0.20918503653720757]], "chi2_level": 0.95, "chi2_df": 3, "chi2_threshold": 7.814727903251179, "N_raw": 95, "N_roi": 95, "N_inlier": 93, "refit": true}
{"timestamp": "17:52:03.308038", "frame": 75, "mu": [-0.9771582021054204, 2.2763787738833483, -0.7063615046955486], "Sigma": [[0.015617049106302305, -0.0058116478828917, 0.043139093590282465], [-0.0058116478828917, 0.04513605661760145, -0.03544926474130302], [0.043139093590282465, -0.03544926474130302, 0.18593121408369243]], "chi2_level": 0.95, "chi2_df": 3, "chi2_threshold": 7.814727903251179, "N_raw": 80, "N_roi": 80, "N_inlier": 78, "refit": true}
{"timestamp": "17:52:03.359720", "frame": 76, "mu": [-0.9415777235532419, 2.13584958645737, 1.4890908398311535], "Sigma": [[0.00865235818765037, -0.0017045499895152342, -0.003984018999536804], [-0.0017045499895152342, 0.005594233281267867, -0.002364897288237431], [-0.003984018999536804, -0.002364897288237431, 0.005282262663386916]], "chi2_level": 0.95, "chi2_df": 3, "chi2_threshold": 7.814727903251179, "N_raw": 59, "N_roi": 59, "N_inlier": 55, "refit": true}
{"timestamp": "17:52:03.409499", "frame": 77, "mu": [-0.9165799591451017, 2.1338445340455205, 1.5182317339865068], "Sigma": [[0.0053818182051423745, 0.0015882091878448613, -0.0036774522425908453], [0.0015882091878448611, 0.0022847372698938805, -0.0011977320659806428], [-0.0036774522425908453, -0.0011977320659806428, 0.0030554923340064466]], "chi2_level": 0.95, "chi2_df": 3, "chi2_threshold": 7.814727903251179, "N_raw": 26, "N_roi": 26, "N_inlier": 23, "refit": true}
{"timestamp": "17:52:03.470038", "frame": 78, "mu": [-1.019319002586814, 2.2708874869983884, 1.067799961825009], "Sigma": [[0.012559595826906035, 0.0022689603273652525, 0.003283647705539547], [0.0022689603273652525, 0.0018607922586995923, 0.008826700346445865], [0.0032836477055395467, 0.008826700346445867, 0.08713361932136446]], "chi2_level": 0.95, "chi2_df": 3, "chi2_threshold": 7.814727903251179, "N_raw": 64, "N_roi": 64, "N_inlier": 60, "refit": true}
{"timestamp": "17:52:03.526350", "frame": 79, "mu": [-1.0666442290249742, 2.311984090621875, 0.8923582047815168], "Sigma": [[0.008822999996766258, 0.002289329959892421, 0.0030744124630164823], [0.0022893299598924204, 0.0033940350636246794, 0.012290808505832616], [0.0030744124630164827, 0.012290808505832617, 0.1068683930847227]], "chi2_level": 0.95, "chi2_df": 3, "chi2_threshold": 7.814727903251179, "N_raw": 69, "N_roi": 69, "N_inlier": 67, "refit": true}
{"timestamp": "17:52:03.584549", "frame": 80, "mu": [-0.9914337391796307, 2.360859655652371, 1.0621651327991033], "Sigma": [[0.022589056267432753, 0.005199981224893287, 0.021566338177628413], [0.005199981224893287, 0.0025279208964719443, 0.008560160694354875], [0.021566338177628413, 0.008560160694354875, 0.07789537396914333]], "chi2_level": 0.95, "chi2_df": 3, "chi2_threshold": 7.814727903251179, "N_raw": 83, "N_roi": 83, "N_inlier": 78, "refit": true}
{"timestamp": "17:52:03.637618", "frame": 81, "mu": [-1.0075521140608366, 2.3605615352245404, 1.051085913827159], "Sigma": [[0.025065750094321382, 0.002713698541019418, 0.02756130160105656], [0.002713698541019418, 0.0021822789516029845, -0.004898649716915637], [0.027561301601056555, -0.004898649716915637, 0.24356225853816368]], "chi2_level": 0.95, "chi2_df": 3, "chi2_threshold": 7.814727903251179, "N_raw": 76, "N_roi": 76, "N_inlier": 73, "refit": true}
{"timestamp": "17:52:03.703377", "frame": 82, "mu": [-1.0145836958555707, 2.4397522341355935, 1.0907409881669827], "Sigma": [[0.029293169764555947, 0.001696073222897991, 0.041129137245087474], [0.001696073222897991, 0.006847843319070621, -0.007771909037460458], [0.041129137245087474, -0.007771909037460458, 0.184770198132946]], "chi2_level": 0.95, "chi2_df": 3, "chi2_threshold": 7.814727903251179, "N_raw": 127, "N_roi": 127, "N_inlier": 125, "refit": true}
{"timestamp": "17:52:03.751413", "frame": 83, "mu": [-0.9552437320986408, 2.669427306547783, -0.3206896789776865], "Sigma": [[0.014934234005469865, -0.004154888056292621, -0.014066159696198254], [-0.004154888056292622, 0.035585259848887406, -0.08032765012895404], [-0.014066159696198254, -0.08032765012895404, 0.31130702261935383]], "chi2_level": 0.95, "chi2_df": 3, "chi2_threshold": 7.814727903251179, "N_raw": 90, "N_roi": 90, "N_inlier": 84, "refit": true}
{"timestamp": "17:52:03.810771", "frame": 84, "mu": [-1.0455968082454323, 2.5799206521497933, 0.9172432011013336], "Sigma": [[0.03010643398143652, -0.0041153996655439225, 0.0256279586688611], [-0.004115399665543921, 0.005685266378692519, -0.021368436383887086], [0.025627958668861098, -0.021368436383887086, 0.2814098321173086]], "chi2_level": 0.95, "chi2_df": 3, "chi2_threshold": 7.814727903251179, "N_raw": 135, "N_roi": 135, "N_inlier": 132, "refit": true}
{"timestamp": "17:52:03.862847", "frame": 85, "mu": [-1.0181128192948112, 2.6305325262302532, 1.0019352676241058], "Sigma": [[0.023278925504539236, -0.007873748833936326, 0.03354017236224058], [-0.007873748833936326, 0.009244311185284534, -0.04185991529745184], [0.03354017236224058, -0.04185991529745184, 0.2826510252074787]], "chi2_level": 0.95, "chi2_df": 3, "chi2_threshold": 7.814727903251179, "N_raw": 109, "N_roi": 109, "N_inlier": 108, "refit": true}
{"timestamp": "17:52:03.907479", "frame": 86, "mu": [-0.8935123355730186, 2.6162036134951547, 1.0237411291128056], "Sigma": [[0.013154324685820954, -0.0017982642956276597, -0.0005655648968385207], [-0.0017982642956276597, 0.004340690380499622, -0.009664800068127291], [-0.0005655648968385207, -0.009664800068127291, 0.03985859354440588]], "chi2_level": 0.95, "chi2_df": 3, "chi2_threshold": 7.814727903251179, "N_raw": 33, "N_roi": 32, "N_inlier": 28, "refit": true}
{"timestamp": "17:52:03.962037", "frame": 87, "mu": [-0.9137928503432665, 2.5918343588997077, 1.4497710242773294], "Sigma": [[0.007466063676900421, 0.00149087898585616, -0.006231993430590598], [0.00149087898585616, 0.0034760801115684215, -0.005841274951082896], [-0.006231993430590598, -0.005841274951082896, 0.02097027193630232]], "chi2_level": 0.95, "chi2_df": 3, "chi2_threshold": 7.814727903251179, "N_raw": 47, "N_roi": 47, "N_inlier": 44, "refit": true}
{"timestamp": "17:52:04.019564", "frame": 88, "mu": [-0.9528586117662577, 2.638664116729231, 1.3818861234073179], "Sigma": [[0.010678439507687749, 0.0014040932368687715, -0.006989372505999732], [0.0014040932368687715, 0.002463010731602908, -0.006991671635955666], [-0.006989372505999732, -0.006991671635955666, 0.02697295099631885]], "chi2_level": 0.95, "chi2_df": 3, "chi2_threshold": 7.814727903251179, "N_raw": 55, "N_roi": 55, "N_inlier": 51, "refit": true}
{"timestamp": "17:52:04.071438", "frame": 89, "mu": [-0.9528983975386355, 2.755915532720465, 1.5260232278296861], "Sigma": [[0.006858073725219262, 0.0012155433023544873, -0.0030727623151565325], [0.0012155433023544873, 0.0031650697704438064, -0.003556311592863233], [-0.0030727623151565325, -0.003556311592863233, 0.009349769912444123]], "chi2_level": 0.95, "chi2_df": 3, "chi2_threshold": 7.814727903251179, "N_raw": 34, "N_roi": 34, "N_inlier": 29, "refit": true}
{"timestamp": "17:52:04.124153", "frame": 90, "mu": [-1.0764663896340996, 2.8344109809207905, 1.0011795061310198], "Sigma": [[0.00834459579661965, -0.0044636103339342394, -0.002511588835713636], [-0.0044636103339342394, 0.009469060517542574, -0.027792148202291058], [-0.002511588835713636, -0.02779214820229106, 0.22021772113713184]], "chi2_level": 0.95, "chi2_df": 3, "chi2_threshold": 7.814727903251179, "N_raw": 23, "N_roi": 23, "N_inlier": 22, "refit": true}
{"timestamp": "17:52:04.187307", "frame": 91, "mu": [-0.9661950874132251, 2.8661155838906005, 0.2505517238234058], "Sigma": [[0.013994477266460562, 0.0019303037120802836, 0.010839107170453704], [0.0019303037120802836, 0.010349926202841574, -0.009336173438447276], [0.010839107170453704, -0.009336173438447276, 0.09827623766319396]], "chi2_level": 0.95, "chi2_df": 3, "chi2_threshold": 7.814727903251179, "N_raw": 77, "N_roi": 77, "N_inlier": 73, "refit": true}
{"timestamp": "17:52:04.242465", "frame": 92, "mu": [-0.98556486445427, 2.8869415860845673, 1.4161054194786116], "Sigma": [[0.014440274136545075, -0.0008389226703354215, 0.005463544992341138], [-0.0008389226703354217, 0.004070594523079727, -0.00864253935686432], [0.005463544992341139, -0.00864253935686432, 0.04266407128736867]], "chi2_level": 0.95, "chi2_df": 3, "chi2_threshold": 7.814727903251179, "N_raw": 79, "N_roi": 79, "N_inlier": 71, "refit": true}
