{"timestamp": "19:10:07.367371", "frame": 1, "mu": [0.7478501923082839, 2.5434327950826603, 1.4529702488060965], "Sigma": [[0.003177884312353712, 0.0019847512910664764, -0.006167332850146956], [0.0019847512910664764, 0.002889771944728933, -0.006747830384632277], [-0.006167332850146957, -0.006747830384632277, 0.019360687960805884]], "chi2_level": 0.95, "chi2_df": 3, "chi2_threshold": 7.814727903251179, "N_raw": 13, "N_roi": 13, "N_inlier": 11, "refit": true}
{"timestamp": "19:10:07.426989", "frame": 2, "mu": [0.8538394562225485, 2.723366521049864, -0.22502839473468492], "Sigma": [[0.00599339158947427, -0.0003610391823818702, -0.0014025506194447546], [-0.0003610391823818703, 0.016998436160032174, -0.03631062606656987], [-0.0014025506194447546, -0.03631062606656988, 0.08418341048811895]], "chi2_level": 0.95, "chi2_df": 3, "chi2_threshold": 7.814727903251179, "N_raw": 33, "N_roi": 33, "N_inlier": 31, "refit": true}
{"timestamp": "19:10:07.481567", "frame": 3, "mu": [0.788288547776105, 2.5946154951168054, 1.2650492190667284], "Sigma": [[0.009311926654628285, -0.0007446498034556954, -0.007429750035289292], [-0.0007446498034556952, 0.0020332959446777597, -0.0023631548594914556], [-0.007429750035289292, -0.0023631548594914556, 0.012103276707350308]], "chi2_level": 0.95, "chi2_df": 3, "chi2_threshold": 7.814727903251179, "N_raw": 42, "N_roi": 42, "N_inlier": 39, "refit": true}
{"timestamp": "19:10:07.536234", "frame": 4, "mu": [0.7597643720655713, 2.5680043360681872, 0.8873654812041217], "Sigma": [[0.004211710116458703, 0.0008735242726649857, -0.019041104693538535], [0.0008735242726649857, 0.0017856902552243735, -0.009552718336869099], [-0.019041104693538535, -0.0095527183368691, 0.30312018032849086]], "chi2_level": 0.95, "chi2_df": 3, "chi2_threshold": 7.814727903251179, "N_raw": 15, "N_roi": 15, "N_inlier": 14, "refit": true}
{"timestamp": "19:10:07.594928", "frame": 5, "mu": [0.7306445880838056, 2.616520368667887, 0.9771551063608342], "Sigma": [[0.010258917734748857, -0.002933495882080416, -0.013167266880527469], [-0.0029334958820804165, 0.004954394289637429, -0.012971979262843714], [-0.01316726688052747, -0.012971979262843715, 0.18795653067814175]], "chi2_level": 0.95, "chi2_df": 3, "chi2_threshold": 7.814727903251179, "N_raw": 43, "N_roi": 43, "N_inlier": 41, "refit": true}
{"timestamp": "19:10:07.650340", "frame": 6, "mu": [0.7724645961065325, 2.6400889051560252, 0.965132065661066], "Sigma": [[0.012046240729469204, -0.003880594443214218, 0.007509616838164557], [-0.003880594443214218, 0.003050289961210313, -0.006026845156148266], [0.007509616838164557, -0.006026845156148266, 0.0184066854100065]], "chi2_level": 0.95, "chi2_df": 3, "chi2_threshold": 7.814727903251179, "N_raw": 47, "N_roi": 47, "N_inlier": 42, "refit": true}
{"timestamp": "19:10:07.702484", "frame": 7, "mu": [0.7699425010146883, 2.6176834252143544, 0.9762832303070326], "Sigma": [[0.006343684529238835, -0.0027339514482175344, -0.008826094930174038], [-0.002733951448217535, 0.0024437906416813872, 0.0024132615221888615], [-0.008826094930174038, 0.0024132615221888615, 0.11833748862597832]], "chi2_level": 0.95, "chi2_df": 3, "chi2_threshold": 7.814727903251179, "N_raw": 28, "N_roi": 28, "N_inlier": 26, "refit": true}
{"timestamp": "19:10:07.755519", "frame": 8, "mu": [0.9185570775507774, 2.5943277035572825, 0.6963974081585764], "Sigma": [[0.008029348735219629, 0.002553498111793856, -0.04083606565356315], [0.002553498111793856, 0.002390599527322541, -0.01653184575272496], [-0.04083606565356314, -0.016531845752724955, 0.49174642721043244]], "chi2_level": 0.95, "chi2_df": 3, "chi2_threshold": 7.814727903251179, "N_raw": 18, "N_roi": 18, "N_inlier": 17, "refit": true}
{"timestamp": "19:10:07.812682", "frame": 9, "mu": [0.9325934732444507, 2.5308388514136597, 1.2036459999802662], "Sigma": [[0.01337139020559744, -0.006229881881610893, -0.012015785468764213], [-0.006229881881610893, 0.004992282697006619, 0.00281777376751838], [-0.012015785468764214, 0.0028177737675183796, 0.01963199941846785]], "chi2_level": 0.95, "chi2_df": 3, "chi2_threshold": 7.814727903251179, "N_raw": 36, "N_roi": 36, "N_inlier": 33, "refit": true}
{"timestamp": "19:10:07.865648", "frame": 10, "mu": [0.8525339889585482, 2.7148012945526236, -0.45365894632160286], "Sigma": [[0.003413822473328754, 0.003395026152240342, -0.0072133847362288745], [0.0033950261522403416, 0.02312374542149602, -0.06610788414113873], [-0.007213384736228873, -0.06610788414113873, 0.46011354986792824]], "chi2_level": 0.95, "chi2_df": 3, "chi2_threshold": 7.814727903251179, "N_raw": 13, "N_roi": 13, "N_inlier": 12, "refit": true}
{"timestamp": "19:10:07.928248", "frame": 11, "mu": [0.8789792481058437, 2.5956273715044094, 1.2193794811939758], "Sigma": [[0.0155828234644082, -0.005184371648877722, -0.004989909853184422], [-0.005184371648877722, 0.00546639144197101, -0.004474676487396056], [-0.004989909853184422, -0.004474676487396056, 0.024937134354000794]], "chi2_level": 0.95, "chi2_df": 3, "chi2_threshold": 7.814727903251179, "N_raw": 75, "N_roi": 74, "N_inlier": 70, "refit": true}
{"timestamp": "19:10:07.989470", "frame": 12, "mu": [0.8526057585258935, 2.5546555150277066, 0.8218823659797327], "Sigma": [[0.018536088653076307, -0.008558933262207436, -0.018187770876646567], [-0.008558933262207436, 0.006517177277535266, 0.02218301185020362], [-0.018187770876646563, 0.02218301185020362, 0.40123695637170714]], "chi2_level": 0.95, "chi2_df": 3, "chi2_threshold": 7.814727903251179, "N_raw": 105, "N_roi": 105, "N_inlier": 103, "refit": true}
{"timestamp": "19:10:08.043113", "frame": 13, "mu": [0.9500959021292462, 2.4946782894785504, 0.536213017599645], "Sigma": [[0.024687257907108642, -0.010389816423847575, -0.016422653578512074], [-0.010389816423847575, 0.005609263135429904, 0.01702494230771904], [-0.016422653578512074, 0.01702494230771904, 0.46966675158442717]], "chi2_level": 0.95, "chi2_df": 3, "chi2_threshold": 7.814727903251179, "N_raw": 91, "N_roi": 91, "N_inlier": 89, "refit": true}
{"timestamp": "19:10:08.091134", "frame": 14, "mu": [0.8648968404941684, 2.5663135518788835, 1.171209459077818], "Sigma": [[0.015017553842303315, -0.00558573941721891, -0.0038389223944208686], [-0.005585739417218909, 0.006005654152616489, -0.00858830386076725], [-0.0038389223944208695, -0.00858830386076725, 0.03838690781105528]], "chi2_level": 0.95, "chi2_df": 3, "chi2_threshold": 7.814727903251179, "N_raw": 50, "N_roi": 50, "N_inlier": 47, "refit": true}
{"timestamp": "19:10:08.151069", "frame": 15, "mu": [0.7578335194595857, 2.590236119002774, 1.2021149344981559], "Sigma": [[0.014526920126097772, -0.00569849520059833, -0.00868259456457403], [-0.005698495200598329, 0.005129618739998735, -0.006118211812718961], [-0.00868259456457403, -0.00611821181271896, 0.051313240705409435]], "chi2_level": 0.95, "chi2_df": 3, "chi2_threshold": 7.814727903251179, "N_raw": 87, "N_roi": 87, "N_inlier": 82, "refit": true}
{"timestamp": "19:10:08.205303", "frame": 16, "mu": [0.9020873938867363, 2.4985428361243813, 1.1793531521741285], "Sigma": [[0.017638751972932906, -0.008252657231165465, -0.015409726536085857], [-0.008252657231165465, 0.006398701424265313, 0.00020361323252905572], [-0.015409726536085858, 0.00020361323252905605, 0.044781769859058004]], "chi2_level": 0.95, "chi2_df": 3, "chi2_threshold": 7.814727903251179, "N_raw": 79, "N_roi": 79, "N_inlier": 75, "refit": true}
{"timestamp": "19:10:08.261356", "frame": 17, "mu": [0.7924151001095625, 2.5173596185051856, 1.1438831033822954], "Sigma": [[0.021275981669938222, -0.006744366034944526, -0.022786259773291396], [-0.006744366034944526, 0.006472050340315185, 0.003839519300449578], [-0.022786259773291396, 0.003839519300449578, 0.0327038010580465]], "chi2_level": 0.95, "chi2_df": 3, "chi2_threshold": 7.814727903251179, "N_raw": 83, "N_roi": 83, "N_inlier": 80, "refit": true}
{"timestamp": "19:10:08.319437", "frame": 18, "mu": [0.8497802060372955, 2.5266674451759688, -0.13087957373224715], "Sigma": [[0.01751768935008427, -0.0043705709566638235, 0.09474254278233271], [-0.0043705709566638235, 0.008484161058839989, -0.06168104324434784], [0.0947425427823327, -0.06168104324434784, 1.1474358026766314]], "chi2_level": 0.95, "chi2_df": 3, "chi2_threshold": 7.814727903251179, "N_raw": 109, "N_roi": 109, "N_inlier": 103, "refit": true}
{"timestamp": "19:10:08.371832", "frame": 19, "mu": [0.8377134842938609, 2.503694435212304, 1.2237922047808785], "Sigma": [[0.017167291328501588, -0.004325785570132374, -0.014178441855560175], [-0.004325785570132375, 0.00354918327603286, -0.005085476005416936], [-0.014178441855560175, -0.005085476005416935, 0.05094767152635481]], "chi2_level": 0.95, "chi2_df": 3, "chi2_threshold": 7.814727903251179, "N_raw": 87, "N_roi": 87, "N_inlier": 83, "refit": true}
{"timestamp": "19:10:08.426201", "frame": 20, "mu": [0.7953734322861198, 2.4939385661458533, 1.049395942578457], "Sigma": [[0.016545568338576896, -0.006977815017061158, 0.006615258578564773], [-0.006977815017061158, 0.004391238015598281, -0.008831202311691825], [0.006615258578564773, -0.008831202311691825, 0.035934532452513]], "chi2_level": 0.95, "chi2_df": 3, "chi2_threshold": 7.814727903251179, "N_raw": 85, "N_roi": 85, "N_inlier": 81, "refit": true}
{"timestamp": "19:10:08.482497", "frame": 21, "mu": [0.6944837283164291, 2.5003629268878935, 1.1466162415464214], "Sigma": [[0.023987740375218454, -0.006345387938165753, -0.029764962549021765], [-0.006345387938165753, 0.003600760302103625, 0.0011274094355800028], [-0.029764962549021765, 0.0011274094355800026, 0.07874034652563108]], "chi2_level": 0.95, "chi2_df": 3, "chi2_threshold": 7.814727903251179, "N_raw": 90, "N_roi": 90, "N_inlier": 86, "refit": true}
{"timestamp": "19:10:08.531073", "frame": 22, "mu": [0.7787719277807239, 2.46666704178406, 1.0572544994770254], "Sigma": [[0.008324564332021589, -0.0020155867013470093, -0.010345173173862965], [-0.0020155867013470097, 0.0024263102642394243, -0.002426732485218841], [-0.010345173173862965, -0.002426732485218841, 0.03681813733731743]], "chi2_level": 0.95, "chi2_df": 3, "chi2_threshold": 7.814727903251179, "N_raw": 51, "N_roi": 51, "N_inlier": 46, "refit": true}
{"timestamp": "19:10:08.594958", "frame": 23, "mu": [0.6999454595562474, 2.4495096598836663, 1.067820094560664], "Sigma": [[0.020338022143593648, -0.003374552472147607, -0.0012821449694846844], [-0.003374552472147607, 0.00268556981802951, -0.008560884630260477], [-0.001282144969484685, -0.008560884630260477, 0.04286856030771828]], "chi2_level": 0.95, "chi2_df": 3, "chi2_threshold": 7.814727903251179, "N_raw": 115, "N_roi": 115, "N_inlier": 107, "refit": true}
{"timestamp": "19:10:08.647719", "frame": 24, "mu": [0.7152054860034088, 2.396508128900588, 1.193565769295104], "Sigma": [[0.01661113633880755, -0.004534979040754105, -0.0039220357169282224], [-0.004534979040754105, 0.0043640231157172854, -0.008965674043336338], [-0.003922035716928222, -0.008965674043336336, 0.03795724809996628]], "chi2_level": 0.95, "chi2_df": 3, "chi2_threshold": 7.814727903251179, "N_raw": 93, "N_roi": 93, "N_inlier": 90, "refit": true}
{"timestamp": "19:10:08.702860", "frame": 25, "mu": [0.6456672824362082, 2.5582565795004877, 0.04033835237430742], "Sigma": [[0.018887248896607527, -0.015696388605537452, 0.05917724588208123], [-0.015696388605537452, 0.022878722939409415, -0.08626858817104305], [0.05917724588208123, -0.08626858817104305, 0.43131199148799454]], "chi2_level": 0.95, "chi2_df": 3, "chi2_threshold": 7.814727903251179, "N_raw": 91, "N_roi": 91, "N_inlier": 87, "refit": true}
{"timestamp": "19:10:08.752927", "frame": 26, "mu": [0.7171334946229213, 2.3358626650935337, 1.210749035131177], "Sigma": [[0.0332637818925893, -0.012479895681779311, 0.0033138970328565782], [-0.012479895681779311, 0.009799252871470156, -0.011683531873817607], [0.003313897032856578, -0.011683531873817607, 0.03197954985967278]], "chi2_level": 0.95, "chi2_df": 3, "chi2_threshold": 7.814727903251179, "N_raw": 68, "N_roi": 68, "N_inlier": 64, "refit": true}
{"timestamp": "19:10:08.811591", "frame": 27, "mu": [0.6087390205428581, 2.3394553908415547, 1.1755560802581464], "Sigma": [[0.032009321307340806, -0.013578285161886555, 0.02040024425623167], [-0.013578285161886557, 0.009957683927806516, -0.015812322180606256], [0.02040024425623167, -0.015812322180606256, 0.03328699521788599]], "chi2_level": 0.95, "chi2_df": 3, "chi2_threshold": 7.814727903251179, "N_raw": 93, "N_roi": 93, "N_inlier": 89, "refit": true}
{"timestamp": "19:10:08.869623", "frame": 28, "mu": [0.5929812974991808, 2.311219298374424, 1.1143070655151792], "Sigma": [[0.04202172074017176, -0.021793768181363096, 0.004192666183239968], [-0.021793768181363096, 0.015034343382533987, -0.006602710533806831], [0.004192666183239968, -0.006602710533806831, 0.008023954426248482]], "chi2_level": 0.95, "chi2_df": 3, "chi2_threshold": 7.814727903251179, "N_raw": 110, "N_roi": 110, "N_inlier": 107, "refit": true}
{"timestamp": "19:10:08.917249", "frame": 29, "mu": [0.564178544274188, 2.2603430550164565, 1.120316821222499], "Sigma": [[0.03446848044363713, -0.01630873981773795, 0.019888545604791308], [-0.01630873981773795, 0.008294872101420723, -0.010475174766422183], [0.01988854560479131, -0.010475174766422183, 0.016086777205855066]], "chi2_level": 0.95, "chi2_df": 3, "chi2_threshold": 7.814727903251179, "N_raw": 56, "N_roi": 56, "N_inlier": 51, "refit": true}
{"timestamp": "19:10:08.979537", "frame": 30, "mu": [0.5302800700058238, 2.286057446857541, 1.2045833431090862], "Sigma": [[0.017993844605472993, -0.010204903536975011, 0.007525108793883805], [-0.010204903536975011, 0.010020813924015494, -0.013578344205365144], [0.007525108793883805, -0.013578344205365144, 0.034908382066119986]], "chi2_level": 0.95, "chi2_df": 3, "chi2_threshold": 7.814727903251179, "N_raw": 105, "N_roi": 105, "N_inlier": 100, "refit": true}
{"timestamp": "19:10:09.034215", "frame": 31, "mu": [0.5345701002795371, 2.239362294938763, 1.1025566006810472], "Sigma": [[0.016735574711971443, -0.009971862712030493, 0.001640132611296525], [-0.009971862712030492, 0.010118386158640356, -0.012378937974871915], [0.001640132611296525, -0.012378937974871915, 0.05409995993072587]], "chi2_level": 0.95, "chi2_df": 3, "chi2_threshold": 7.814727903251179, "N_raw": 103, "N_roi": 103, "N_inlier": 97, "refit": true}
{"timestamp": "19:10:09.092357", "frame": 32, "mu": [0.5429969783897421, 2.1835755319651837, 0.9678474032797021], "Sigma": [[0.014366938369764897, -0.008053272546973158, -0.011307059695662371], [-0.008053272546973158, 0.0077369904491596505, 0.0024701186553438316], [-0.011307059695662373, 0.002470118655343831, 0.2420066607934321]], "chi2_level": 0.95, "chi2_df": 3, "chi2_threshold": 7.814727903251179, "N_raw": 129, "N_roi": 129, "N_inlier": 126, "refit": true}
{"timestamp": "19:10:09.151132", "frame": 33, "mu": [0.4876806221297761, 2.2671181182386455, 0.33783820593418823], "Sigma": [[0.013006791512414519, -0.013115971724796335, 0.04859291504052411], [-0.013115971724796335, 0.03508850122661485, -0.1439802835108514], [0.04859291504052411, -0.1439802835108514, 0.8190290287507553]], "chi2_level": 0.95, "chi2_df": 3, "chi2_threshold": 7.814727903251179, "N_raw": 149, "N_roi": 149, "N_inlier": 139, "refit": true}
{"timestamp": "19:10:09.201746", "frame": 34, "mu": [0.5093276127350336, 2.147332907639856, -0.11432064800016199], "Sigma": [[0.01644779168604718, -0.008574402031487606, 0.10631309805648569], [-0.008574402031487604, 0.007738290329190809, -0.06375303529593851], [0.1063130980564857, -0.06375303529593851, 0.9726728389181829]], "chi2_level": 0.95, "chi2_df": 3, "chi2_threshold": 7.814727903251179, "N_raw": 107, "N_roi": 107, "N_inlier": 102, "refit": true}
{"timestamp": "19:10:09.256029", "frame": 35, "mu": [0.484884993987043, 2.115799713123258, 1.1560378117483503], "Sigma": [[0.013207099394884332, -0.007784119631296152, -0.006582307337356111], [-0.007784119631296152, 0.007930284338488231, -0.0068911954531870896], [-0.006582307337356111, -0.0068911954531870896, 0.0552850693234047]], "chi2_level": 0.95, "chi2_df": 3, "chi2_threshold": 7.814727903251179, "N_raw": 122, "N_roi": 122, "N_inlier": 118, "refit": true}
{"timestamp": "19:10:09.307909", "frame": 36, "mu": [0.46502637039269673, 2.0664321861276704, 1.012167587724193], "Sigma": [[0.013321280318547764, -0.004354273155543372, -0.011709681680756492], [-0.004354273155543372, 0.005908986482899229, -0.015115420318460507], [-0.011709681680756492, -0.015115420318460505, 0.155944275559911]], "chi2_level": 0.95, "chi2_df": 3, "chi2_threshold": 7.814727903251179, "N_raw": 91, "N_roi": 91, "N_inlier": 88, "refit": true}
{"timestamp": "19:10:09.364974", "frame": 37, "mu": [0.3336133163123734, 2.0661075703649368, 1.0572042828833754], "Sigma": [[0.013366155450982792, -5.851499797609856e-05, 0.030494441111471173], [-5.8514997976098545e-05, 0.004563879745818574, -0.0039640298756024065], [0.030494441111471173, -0.003964029875602407, 0.2744618197988042]], "chi2_level": 0.95, "chi2_df": 3, "chi2_threshold": 7.814727903251179, "N_raw": 112, "N_roi": 112, "N_inlier": 108, "refit": true}
{"timestamp": "19:10:09.416348", "frame": 38, "mu": [0.39066162142212196, 2.02249808184172, 1.2587963358266643], "Sigma": [[0.008941426060102545, -0.0013647720149385996, -0.014191063428537407], [-0.0013647720149385996, 0.00334010842288216, -0.004473293350492315], [-0.014191063428537409, -0.004473293350492315, 0.042593173217102154]], "chi2_level": 0.95, "chi2_df": 3, "chi2_threshold": 7.814727903251179, "N_raw": 86, "N_roi": 86, "N_inlier": 82, "refit": true}
{"timestamp": "19:10:09.476079", "frame": 39, "mu": [0.3707798904437778, 2.0114159095189117, 1.2871985695292671], "Sigma": [[0.008300219058649956, -0.004169004435540108, -0.007944601643407084], [-0.004169004435540108, 0.007055024946350537, -0.0024775305033835635], [-0.007944601643407084, -0.0024775305033835635, 0.019680208856926215]], "chi2_level": 0.95, "chi2_df": 3, "chi2_threshold": 7.814727903251179, "N_raw": 87, "N_roi": 87, "N_inlier": 84, "refit": true}
{"timestamp": "19:10:09.520151", "frame": 40, "mu": [0.41415142531082855, 1.9350359267794475, 1.3471523681293918], "Sigma": [[0.005562541541683561, -0.0027094731766958355, -0.0019068115629191401], [-0.0027094731766958364, 0.004247464904468083, -0.0004711714390124533], [-0.0019068115629191397, -0.0004711714390124533, 0.0019270843834465156]], "chi2_level": 0.95, "chi2_df": 3, "chi2_threshold": 7.814727903251179, "N_raw": 45, "N_roi": 45, "N_inlier": 41, "refit": true}
{"timestamp": "19:10:09.576498", "frame": 41, "mu": [0.3059997654320243, 1.955970531650006, 1.3909266405082903], "Sigma": [[0.006460342108158482, -0.00250924771909971, -0.00015357698791140123], [-0.00250924771909971, 0.005342333350867022, -0.0018197421942973873], [-0.0001535769879114008, -0.001819742194297387, 0.007919709270442103]], "chi2_level": 0.95, "chi2_df": 3, "chi2_threshold": 7.814727903251179, "N_raw": 56, "N_roi": 56, "N_inlier": 53, "refit": true}
{"timestamp": "19:10:09.631949", "frame": 42, "mu": [0.33180536826461393, 1.9802771408369115, 1.3247613396784708], "Sigma": [[0.015045768574840053, -0.011346497167826732, -0.0004500522352849779], [-0.011346497167826732, 0.011190270051060849, -0.0017314019293231415], [-0.00045005223528497775, -0.0017314019293231415, 0.003023259313126552]], "chi2_level": 0.95, "chi2_df": 3, "chi2_threshold": 7.814727903251179, "N_raw": 60, "N_roi": 60, "N_inlier": 56, "refit": true}
{"timestamp": "19:10:09.699651", "frame": 43, "mu": [0.309688489853924, 1.8835141115139056, 0.8456878609960721], "Sigma": [[0.011431956960998661, -0.008461791961518205, -0.05071282339202027], [-0.008461791961518205, 0.012238817669355266, 0.06855970132249536], [-0.05071282339202027, 0.06855970132249536, 0.6016219393324217]], "chi2_level": 0.95, "chi2_df": 3, "chi2_threshold": 7.814727903251179, "N_raw": 92, "N_roi": 92, "N_inlier": 92, "refit": true}
{"timestamp": "19:10:09.741952", "frame": 44, "mu": [0.25554749363664586, 1.9398788823816622, -0.45699353217055083], "Sigma": [[0.01064185819268989, -0.0010942468454301234, 0.0009109192765977464], [-0.0010942468454301234, 0.0032165701288418566, 0.002232772068459952], [0.0009109192765977461, 0.0022327720684599517, 0.021598875631125967]], "chi2_level": 0.95, "chi2_df": 3, "chi2_threshold": 7.814727903251179, "N_raw": 58, "N_roi": 58, "N_inlier": 54, "refit": true}
{"timestamp": "19:10:09.800365", "frame": 45, "mu": [0.17768200770469383, 1.8631302668479794, 1.0002492152992501], "Sigma": [[0.006958018208918347, 0.001517149846947058, 0.021933669589695975], [0.0015171498469470582, 0.013657976459769716, 0.06522552611582608], [0.02193366958969598, 0.06522552611582606, 0.5373988730548037]], "chi2_level": 0.95, "chi2_df": 3, "chi2_threshold": 7.814727903251179, "N_raw": 84, "N_roi": 84, "N_inlier": 82, "refit": true}
{"timestamp": "19:10:09.855053", "frame": 46, "mu": [0.15057419494473662, 1.9183635513439579, 0.9687560294533294], "Sigma": [[0.010867813494295615, -0.0054063109373916046, 0.01855181001646722], [-0.0054063109373916046, 0.006764804716288933, -0.027751158156350837], [0.01855181001646722, -0.027751158156350837, 0.518168684585571]], "chi2_level": 0.95, "chi2_df": 3, "chi2_threshold": 7.814727903251179, "N_raw": 75, "N_roi": 75, "N_inlier": 72, "refit": true}
{"timestamp": "19:10:09.913347", "frame": 47, "mu": [0.021353959534140748, 2.0204799419634374, -0.12904115794817086], "Sigma": [[0.01685426794100167, -0.010149754170828883, 0.09635808084361494], [-0.010149754170828883, 0.03214678693619495, -0.14037551714372296], [0.09635808084361494, -0.14037551714372296, 1.0844945063603633]], "chi2_level": 0.95, "chi2_df": 3, "chi2_threshold": 7.814727903251179, "N_raw": 100, "N_roi": 97, "N_inlier": 92, "refit": true}
{"timestamp": "19:10:09.972276", "frame": 48, "mu": [-0.05725443533432369, 1.842810787162355, 0.8096577801415454], "Sigma": [[0.017518990455356397, -6.335134846057871e-05, 0.053201950467020184], [-6.335134846057854e-05, 0.013742626745175127, 0.05490480162250044], [0.053201950467020184, 0.054904801622500436, 0.5233900581764647]], "chi2_level": 0.95, "chi2_df": 3, "chi2_threshold": 7.814727903251179, "N_raw": 123, "N_roi": 120, "N_inlier": 118, "refit": true}
{"timestamp": "19:10:10.017899", "frame": 49, "mu": [0.07334338644992483, 1.94257077960025, -0.2778396905457059], "Sigma": [[0.009157354002873038, -0.007032952453300664, 0.026717797791944754], [-0.007032952453300664, 0.017609366711062516, -0.06819370792094775], [0.026717797791944758, -0.06819370792094775, 0.3461972148343643]], "chi2_level": 0.95, "chi2_df": 3, "chi2_threshold": 7.814727903251179, "N_raw": 57, "N_roi": 57, "N_inlier": 55, "refit": true}
{"timestamp": "19:10:10.073613", "frame": 50, "mu": [0.017231602152830382, 1.8140535253303325, 1.239796924218143], "Sigma": [[0.0057601249922235994, -0.00029461825390024194, 0.014613979631485342], [-0.00029461825390024183, 0.010397959687707334, 0.03779914464883127], [0.014613979631485342, 0.03779914464883127, 0.3727068148334037]], "chi2_level": 0.95, "chi2_df": 3, "chi2_threshold": 7.814727903251179, "N_raw": 75, "N_roi": 75, "N_inlier": 72, "refit": true}
{"timestamp": "19:10:10.127896", "frame": 51, "mu": [0.011578004104527959, 1.7668360552025193, 1.4514227243768714], "Sigma": [[0.0056384930476066665, -0.002216625298752771, -0.0059650038730208015], [-0.002216625298752771, 0.006960616131741788, 0.0036277739582734206], [-0.0059650038730208015, 0.0036277739582734206, 0.008222065433688808]], "chi2_level": 0.95, "chi2_df": 3, "chi2_threshold": 7.814727903251179, "N_raw": 65, "N_roi": 65, "N_inlier": 56, "refit": true}
{"timestamp": "19:10:10.184649", "frame": 52, "mu": [-0.03762977626957182, 1.7627263647184699, 1.5090286986580181], "Sigma": [[0.00799579568225376, -0.004342177275991729, -0.01084426277311578], [-0.004342177275991728, 0.011722202187548558, 0.00906174321078978], [-0.01084426277311578, 0.00906174321078978, 0.01703087595802286]], "chi2_level": 0.95, "chi2_df": 3, "chi2_threshold": 7.814727903251179, "N_raw": 83, "N_roi": 83, "N_inlier": 80, "refit": true}
{"timestamp": "19:10:10.239965", "frame": 53, "mu": [-0.06767884479985029, 1.7553105831799773, 1.4151095979944799], "Sigma": [[0.005482652718477764, -0.0016174633281741246, -0.0077693970748518235], [-0.001617463328174125, 0.010191858781256126, 0.010111606908283272], [-0.007769397074851824, 0.010111606908283272, 0.04795390212251698]], "chi2_level": 0.95, "chi2_df": 3, "chi2_threshold": 7.814727903251179, "N_raw": 78, "N_roi": 78, "N_inlier": 77, "refit": true}
{"timestamp": "19:10:10.296411", "frame": 54, "mu": [-0.1404595474145956, 1.822373420224345, 1.5756060613528238], "Sigma": [[0.009705431744785706, -0.0017452285548372123, -0.012749345084996781], [-0.0017452285548372128, 0.006310831544670169, 0.0018491527537249624], [-0.012749345084996781, 0.0018491527537249624, 0.027684110824099314]], "chi2_level": 0.95, "chi2_df": 3, "chi2_threshold": 7.814727903251179, "N_raw": 80, "N_roi": 80, "N_inlier": 77, "refit": true}
{"timestamp": "19:10:10.352148", "frame": 55, "mu": [-0.15180530305644904, 1.7881013363735763, 0.9340983601532225], "Sigma": [[0.006586848101142487, -0.0014721085789390694, -0.0014110887606803798], [-0.0014721085789390696, 0.008017469997353836, 0.0010233965036886268], [-0.0014110887606803811, 0.0010233965036886266, 0.5522721618749271]], "chi2_level": 0.95, "chi2_df": 3, "chi2_threshold": 7.814727903251179, "N_raw": 91, "N_roi": 90, "N_inlier": 90, "refit": true}
{"timestamp": "19:10:10.410227", "frame": 56, "mu": [-0.15969821217389707, 1.7587331481484558, 1.3331838014165278], "Sigma": [[0.008423871767745951, 0.0009206444641090439, -0.009358446234068804], [0.0009206444641090441, 0.010724701969985527, 0.0021145617847330676], [-0.009358446234068804, 0.0021145617847330676, 0.03209495416717907]], "chi2_level": 0.95, "chi2_df": 3, "chi2_threshold": 7.814727903251179, "N_raw": 105, "N_roi": 102, "N_inlier": 97, "refit": true}
{"timestamp": "19:10:10.465718", "frame": 57, "mu": [-0.1925216346429075, 1.8665182556165947, 0.019245065161883068], "Sigma": [[0.007471995128270248, -0.004693952096685529, 0.04095489974426212], [-0.004693952096685529, 0.023911005540086173, -0.06151109745098049], [0.04095489974426211, -0.06151109745098049, 0.6201271067174278]], "chi2_level": 0.95, "chi2_df": 3, "chi2_threshold": 7.814727903251179, "N_raw": 116, "N_roi": 116, "N_inlier": 113, "refit": true}
{"timestamp": "19:10:10.519459", "frame": 58, "mu": [-0.25992690739298574, 1.776509264968431, 1.1800379130682364], "Sigma": [[0.010563552211296906, 0.0003494350596347126, -0.029711979813243552], [0.0003494350596347126, 0.011588173295145807, 0.01657791824812569], [-0.029711979813243552, 0.01657791824812569, 0.2635759721915291]], "chi2_level": 0.95, "chi2_df": 3, "chi2_threshold": 7.814727903251179, "N_raw": 107, "N_roi": 107, "N_inlier": 104, "refit": true}
{"timestamp": "19:10:10.572194", "frame": 59, "mu": [-0.2776994975672643, 1.8884838775556567, -0.09328622879746781], "Sigma": [[0.00981960113490544, -0.005718094679673855, -0.001215840827695101], [-0.005718094679673856, 0.017265089505828064, 0.0020448617389320157], [-0.0012158408276951012, 0.0020448617389320157, 0.011783645054503964]], "chi2_level": 0.95, "chi2_df": 3, "chi2_threshold": 7.814727903251179, "N_raw": 87, "N_roi": 87, "N_inlier": 82, "refit": true}
{"timestamp": "19:10:10.626614", "frame": 60, "mu": [-0.32574316389506486, 1.8050950372313288, 1.2220879427474667], "Sigma": [[0.006844566518069531, 0.0011746121602386273, -0.003687413767359831], [0.0011746121602386273, 0.0037614271520032957, -0.007098426243831768], [-0.003687413767359831, -0.007098426243831768, 0.01677188758921118]], "chi2_level": 0.95, "chi2_df": 3, "chi2_threshold": 7.814727903251179, "N_raw": 88, "N_roi": 88, "N_inlier": 83, "refit": true}
{"timestamp": "19:10:10.682930", "frame": 61, "mu": [-0.3517556096434954, 1.8572031768951474, 1.4061306158495563], "Sigma": [[0.008707333796642226, 0.001609853996873736, -0.0074055374928512895], [0.001609853996873736, 0.005025671197907518, -0.0040684254993033865], [-0.0074055374928512895, -0.004068425499303387, 0.04670409909020441]], "chi2_level": 0.95, "chi2_df": 3, "chi2_threshold": 7.814727903251179, "N_raw": 100, "N_roi": 100, "N_inlier": 94, "refit": true}
{"timestamp": "19:10:10.734160", "frame": 62, "mu": [-0.4094170256439804, 1.8166021613008156, 1.3013538263402409], "Sigma": [[0.006060739807542531, -0.0013646595739007419, -0.0029079897416293176], [-0.0013646595739007419, 0.004203752809147226, -0.001593040650120156], [-0.0029079897416293167, -0.001593040650120156, 0.17429324700216]], "chi2_level": 0.95, "chi2_df": 3, "chi2_threshold": 7.814727903251179, "N_raw": 69, "N_roi": 69, "N_inlier": 67, "refit": true}
{"timestamp": "19:10:10.789685", "frame": 63, "mu": [-0.42453968733402075, 1.8931774677930056, 1.4816776028443246], "Sigma": [[0.005853951324058517, 0.0006977258520932757, -0.0034249513486674875], [0.0006977258520932759, 0.01361188078905186, 0.008712640475305431], [-0.0034249513486674875, 0.008712640475305431, 0.010190232614898698]], "chi2_level": 0.95, "chi2_df": 3, "chi2_threshold": 7.814727903251179, "N_raw": 73, "N_roi": 73, "N_inlier": 67, "refit": true}
{"timestamp": "19:10:10.848046", "frame": 64, "mu": [-0.43927146693362823, 1.8878395340734018, 1.10866308309451], "Sigma": [[0.008463707333494485, 0.0018211832965314432, 0.01505005125462873], [0.0018211832965314432, 0.006778861059019881, 0.00998881761168031], [0.01505005125462873, 0.00998881761168031, 0.3102155612765086]], "chi2_level": 0.95, "chi2_df": 3, "chi2_threshold": 7.814727903251179, "N_raw": 100, "N_roi": 100, "N_inlier": 100, "refit": true}
{"timestamp": "19:10:10.901058", "frame": 65, "mu": [-0.43718823602572804, 1.9350912666309024, 1.3626548923477433], "Sigma": [[0.006835294459053019, 0.0014994522260091256, -0.005559705929460019], [0.0014994522260091258, 0.004627449386175551, -0.0019453376193808206], [-0.005559705929460019, -0.0019453376193808206, 0.044622466612265335]], "chi2_level": 0.95, "chi2_df": 3, "chi2_threshold": 7.814727903251179, "N_raw": 82, "N_roi": 82, "N_inlier": 78, "refit": true}
{"timestamp": "19:10:10.957186", "frame": 66, "mu": [-0.4968147495840265, 1.9515878099307942, 1.4694228723227278], "Sigma": [[0.007376489763985283, 0.0019114268801288681, -0.004977680792426619], [0.0019114268801288681, 0.009937657149549592, 0.0004828903915858467], [-0.00497768079242662, 0.00048289039158584663, 0.01741339622183237]], "chi2_level": 0.95, "chi2_df": 3, "chi2_threshold": 7.814727903251179, "N_raw": 87, "N_roi": 87, "N_inlier": 80, "refit": true}
{"timestamp": "19:10:11.006898", "frame": 67, "mu": [-0.5205323098515208, 1.9658079797072177, 1.450886527221952], "Sigma": [[0.005680616250235109, 0.0029778246651966877, -0.0011392500602532378], [0.0029778246651966877, 0.007031413082054916, 0.00016781676453272976], [-0.0011392500602532378, 0.00016781676453272982, 0.004833181648697088]], "chi2_level": 0.95, "chi2_df": 3, "chi2_threshold": 7.814727903251179, "N_raw": 54, "N_roi": 54, "N_inlier": 50, "refit": true}
{"timestamp": "19:10:11.062820", "frame": 68, "mu": [-0.5398507859163595, 1.9625232811271964, 1.3780107405042288], "Sigma": [[0.007357701556649909, 0.0024678539116391876, -0.013507048504558694], [0.002467853911639187, 0.00522457827466003, -0.0063590430698433125], [-0.013507048504558694, -0.0063590430698433125, 0.06222543699865815]], "chi2_level": 0.95, "chi2_df": 3, "chi2_threshold": 7.814727903251179, "N_raw": 62, "N_roi": 62, "N_inlier": 58, "refit": true}
{"timestamp": "19:10:11.115370", "frame": 69, "mu": [-0.5730573563861249, 2.0914799662650005, -0.023665998260673737], "Sigma": [[0.00420211045803857, 0.0025096916697663883, -0.004156209938823795], [0.0025096916697663883, 0.006819512653101875, -0.0061446738327475305], [-0.004156209938823795, -0.0061446738327475305, 0.01250339299333131]], "chi2_level": 0.95, "chi2_df": 3, "chi2_threshold": 7.814727903251179, "N_raw": 44, "N_roi": 44, "N_inlier": 43, "refit": true}
{"timestamp": "19:10:11.182179", "frame": 70, "mu": [-0.560940471889534, 2.0454715926719595, 1.0321276142572027], "Sigma": [[0.011824586472156623, 0.002107696680608515, -0.03969044764282284], [0.0021076966806085145, 0.0034675686815653127, -0.0086053301773962], [-0.03969044764282284, -0.0086053301773962, 0.27421683295144433]], "chi2_level": 0.95, "chi2_df": 3, "chi2_threshold": 7.814727903251179, "N_raw": 119, "N_roi": 119, "N_inlier": 115, "refit": true}
{"timestamp": "19:10:11.232354", "frame": 71, "mu": [-0.6214318254074724, 2.0163436606629643, 1.1351860371195446], "Sigma": [[0.014817279152886902, 0.0035591764998607594, -0.04662760852063978], [0.0035591764998607594, 0.006022938136599113, -0.019057802887634062], [-0.04662760852063978, -0.019057802887634062, 0.22626812959545625]], "chi2_level": 0.95, "chi2_df": 3, "chi2_threshold": 7.814727903251179, "N_raw": 91, "N_roi": 91, "N_inlier": 87, "refit": true}
{"timestamp": "19:10:11.287969", "frame": 72, "mu": [-0.6413456340474298, 2.028400546185089, 1.0126955978705408], "Sigma": [[0.01587640053848006, 0.006156175834623948, -0.05062429914451108], [0.006156175834623948, 0.009036466038931266, -0.0354721807378567], [-0.05062429914451108, -0.0354721807378567, 0.25932693490283615]], "chi2_level": 0.95, "chi2_df": 3, "chi2_threshold": 7.814727903251179, "N_raw": 92, "N_roi": 92, "N_inlier": 89, "refit": true}
{"timestamp": "19:10:11.345218", "frame": 73, "mu": [-0.6890216970236456, 2.109415703019196, 1.0637732980742949], "Sigma": [[0.015723228152466046, 0.0024455306594205525, -0.048889711131892846], [0.002445530659420553, 0.00515394502815304, -0.02660573225097016], [-0.048889711131892846, -0.026605732250970165, 0.3282482197996608]], "chi2_level": 0.95, "chi2_df": 3, "chi2_threshold": 7.814727903251179, "N_raw": 110, "N_roi": 108, "N_inlier": 104, "refit": true}
{"timestamp": "19:10:11.401690", "frame": 74, "mu": [-0.7151029456523629, 2.1167166280047973, 1.0876232760955062], "Sigma": [[0.00899788455428575, 0.003194090565467828, -0.015041110113136254], [0.0031940905654678276, 0.008931714636242214, -0.028129091233985097], [-0.015041110113136255, -0.028129091233985097, 0.2035913956354886]], "chi2_level": 0.95, "chi2_df": 3, "chi2_threshold": 7.814727903251179, "N_raw": 114, "N_roi": 114, "N_inlier": 111, "refit": true}
{"timestamp": "19:10:11.451849", "frame": 75, "mu": [-0.7367069322584338, 2.2826229654058565, -0.46385786652667105], "Sigma": [[0.00732857797460128, 0.003948638297325909, 0.009095704220093058], [0.003948638297325909, 0.048454001332910154, -0.03388502845336698], [0.009095704220093058, -0.03388502845336698, 0.08644802107353017]], "chi2_level": 0.95, "chi2_df": 3, "chi2_threshold": 7.814727903251179, "N_raw": 83, "N_roi": 83, "N_inlier": 79, "refit": true}
{"timestamp": "19:10:11.511269", "frame": 76, "mu": [-0.7259184497294309, 2.200993243799112, 1.10005517332422], "Sigma": [[0.011746418539289049, -0.0005213879474111353, 0.004447290381502432], [-0.0005213879474111352, 0.00949762631560911, -0.03341940824282954], [0.004447290381502432, -0.03341940824282954, 0.20458511139945765]], "chi2_level": 0.95, "chi2_df": 3, "chi2_threshold": 7.814727903251179, "N_raw": 123, "N_roi": 123, "N_inlier": 120, "refit": true}
{"timestamp": "19:10:11.558595", "frame": 77, "mu": [-0.786018950349537, 2.115126230331846, 0.9068586750950229], "Sigma": [[0.008029528028774715, 0.0002828554728425557, 0.015194012389401906], [0.0002828554728425557, 0.0032558781305876247, 0.015947422519790217], [0.015194012389401905, 0.015947422519790217, 0.4375015113667584]], "chi2_level": 0.95, "chi2_df": 3, "chi2_threshold": 7.814727903251179, "N_raw": 57, "N_roi": 57, "N_inlier": 56, "refit": true}
{"timestamp": "19:10:11.615499", "frame": 78, "mu": [-0.802739370684735, 2.1792383300123435, 1.4110996205492878], "Sigma": [[0.014039283877711228, 0.0009112279544680729, -0.005662889212944805], [0.0009112279544680729, 0.00721579390062962, -0.0035840816806873496], [-0.005662889212944805, -0.0035840816806873505, 0.004293623562580148]], "chi2_level": 0.95, "chi2_df": 3, "chi2_threshold": 7.814727903251179, "N_raw": 88, "N_roi": 88, "N_inlier": 83, "refit": true}
{"timestamp": "19:10:11.671541", "frame": 79, "mu": [-0.8639754492239072, 2.258143473953186, 0.14223717747453757], "Sigma": [[0.011376309778534965, 0.0010781891133749412, 0.03934585491203828], [0.0010781891133749412, 0.010691620554640272, 0.013307485410751644], [0.03934585491203828, 0.013307485410751644, 0.30436154559141854]], "chi2_level": 0.95, "chi2_df": 3, "chi2_threshold": 7.814727903251179, "N_raw": 87, "N_roi": 87, "N_inlier": 87, "refit": true}
{"timestamp": "19:10:11.731038", "frame": 80, "mu": [-0.9014412381370036, 2.2324413173302764, 1.092132414792925], "Sigma": [[0.013194048412224858, 0.0012374626742566188, 0.007696274871899854], [0.0012374626742566188, 0.005016995919435374, -0.0076845728168370335], [0.007696274871899855, -0.007684572816837033, 0.1839141481389752]], "chi2_level": 0.95, "chi2_df": 3, "chi2_threshold": 7.814727903251179, "N_raw": 124, "N_roi": 124, "N_inlier": 124, "refit": true}
{"timestamp": "19:10:11.780611", "frame": 81, "mu": [-0.8955466376345977, 2.268002306001468, 1.2929939454440154], "Sigma": [[0.010774547048797512, 0.002235109995609495, -0.009242640708145414], [0.002235109995609495, 0.004878835939377841, -0.008356854929300507], [-0.009242640708145414, -0.008356854929300508, 0.08381404658605748]], "chi2_level": 0.95, "chi2_df": 3, "chi2_threshold": 7.814727903251179, "N_raw": 84, "N_roi": 84, "N_inlier": 80, "refit": true}
{"timestamp": "19:10:11.839531", "frame": 82, "mu": [-0.9429611682150176, 2.2796371231850263, 1.1935526094322204], "Sigma": [[0.01087220611672172, 0.0012446169985965486, 0.003705665723011676], [0.0012446169985965486, 0.00636440492792134, -0.007136265980575879], [0.003705665723011676, -0.007136265980575879, 0.17664387786835273]], "chi2_level": 0.95, "chi2_df": 3, "chi2_threshold": 7.814727903251179, "N_raw": 105, "N_roi": 105, "N_inlier": 102, "refit": true}
{"timestamp": "19:10:11.898494", "frame": 83, "mu": [-0.9170818947370271, 2.349829487111676, 1.0544894943352154], "Sigma": [[0.014549857420096233, -0.00018299497897483936, 0.012306471684198211], [-0.00018299497897483936, 0.006940891106056395, -0.022297867598200693], [0.012306471684198211, -0.022297867598200693, 0.178777325074742]], "chi2_level": 0.95, "chi2_df": 3, "chi2_threshold": 7.814727903251179, "N_raw": 128, "N_roi": 128, "N_inlier": 124, "refit": true}
{"timestamp": "19:10:11.950906", "frame": 84, "mu": [-0.8664464862322706, 2.4155860933193427, 1.0666740420942558], "Sigma": [[0.022978947606004357, -0.006746560229469164, 0.01958589666169997], [-0.006746560229469164, 0.007020142747829413, -0.022147391234948712], [0.01958589666169997, -0.022147391234948712, 0.09899991556370344]], "chi2_level": 0.95, "chi2_df": 3, "chi2_threshold": 7.814727903251179, "N_raw": 109, "N_roi": 109, "N_inlier": 108, "refit": true}
{"timestamp": "19:10:11.997456", "frame": 85, "mu": [-0.9210579916430374, 2.459215863422915, 1.1056293285816612], "Sigma": [[0.014794680706158534, -0.004251183604094282, 0.034151700340409], [-0.004251183604094282, 0.005451190738595634, -0.028266579809291426], [0.03415170034040899, -0.028266579809291426, 0.23076519002021373]], "chi2_level": 0.95, "chi2_df": 3, "chi2_threshold": 7.814727903251179, "N_raw": 62, "N_roi": 62, "N_inlier": 59, "refit": true}
{"timestamp": "19:10:12.051685", "frame": 86, "mu": [-0.7844213993443526, 2.4631584160724893, 1.310029949640452], "Sigma": [[0.010296185165669401, -0.002619016553509029, -0.010903065788564922], [-0.0026190165535090295, 0.0034692104113703947, -0.0034268091972649347], [-0.010903065788564922, -0.0034268091972649343, 0.05303107558305033]], "chi2_level": 0.95, "chi2_df": 3, "chi2_threshold": 7.814727903251179, "N_raw": 56, "N_roi": 56, "N_inlier": 51, "refit": true}
