{"timestamp": "12:11:36.723275", "frame": 1, "mu": [0.7695686393350325, 1.9850477593937317, 0.7947679399874171], "Sigma": [[0.036702657392275156, -0.03598756115917396, 0.015502341079935405], [-0.03598756115917396, 0.5554009936346694, 0.571617719804904], [0.015502341079935403, 0.571617719804904, 0.7305631848819768]], "chi2_level": 0.95, "chi2_df": 3, "chi2_threshold": 7.814727903251179, "N_raw": 9, "N_roi": 9, "N_inlier": 8, "refit": true}
{"timestamp": "12:11:36.786584", "frame": 2, "mu": [0.8413207821151445, 2.203651200033197, 1.1281328009877891], "Sigma": [[0.020851235244260337, -0.013919157509579286, 0.021854892669710003], [-0.01391915750957929, 0.011910744889291303, -0.02514477112630163], [0.021854892669710003, -0.02514477112630163, 0.0807295365790585]], "chi2_level": 0.95, "chi2_df": 3, "chi2_threshold": 7.814727903251179, "N_raw": 59, "N_roi": 59, "N_inlier": 57, "refit": true}
{"timestamp": "12:11:36.837593", "frame": 3, "mu": [0.9458093329557626, 2.1364255668198786, 1.3601938933359], "Sigma": [[0.01238311465856615, -0.0012786583224244602, -0.00859293290884192], [-0.0012786583224244604, 0.0021598502607379816, 0.00024720711553995233], [-0.00859293290884192, 0.00024720711553995233, 0.008789106409981665]], "chi2_level": 0.95, "chi2_df": 3, "chi2_threshold": 7.814727903251179, "N_raw": 46, "N_roi": 46, "N_inlier": 42, "refit": true}
{"timestamp": "12:11:36.892142", "frame": 4, "mu": [0.7693336734906258, 2.248561579113289, 1.063254215786091], "Sigma": [[0.016961200922062693, -0.013864128316001223, 0.03196948250921894], [-0.013864128316001223, 0.015699689311278797, -0.03905349240073178], [0.03196948250921894, -0.03905349240073178, 0.1088612322059254]], "chi2_level": 0.95, "chi2_df": 3, "chi2_threshold": 7.814727903251179, "N_raw": 46, "N_roi": 46, "N_inlier": 45, "refit": true}
{"timestamp": "12:11:36.949403", "frame": 5, "mu": [0.8601452468808718, 2.1104652995499937, 1.394031218271792], "Sigma": [[0.011943116224108664, -0.001404064887635294, -0.006398069081591233], [-0.0014040648876352943, 0.0027060617085728662, -0.0009039526843573151], [-0.006398069081591233, -0.0009039526843573154, 0.004939909653669967]], "chi2_level": 0.95, "chi2_df": 3, "chi2_threshold": 7.814727903251179, "N_raw": 50, "N_roi": 50, "N_inlier": 49, "refit": true}
{"timestamp": "12:11:37.008309", "frame": 6, "mu": [0.8971771864565586, 2.0989399445691626, 1.230588251936241], "Sigma": [[0.015704541539780285, -0.004140985844612365, -0.02466771318874806], [-0.004140985844612365, 0.0030312420557752247, 0.0030498933967759044], [-0.02466771318874806, 0.003049893396775905, 0.06272216519156723]], "chi2_level": 0.95, "chi2_df": 3, "chi2_threshold": 7.814727903251179, "N_raw": 74, "N_roi": 74, "N_inlier": 70, "refit": true}
{"timestamp": "12:11:37.065023", "frame": 7, "mu": [0.9345695660336869, 2.122421944640006, 1.287271372438617], "Sigma": [[0.023278819338234946, -0.0013032250719185558, -0.014632922954309738], [-0.0013032250719185556, 0.0034111112145424356, -0.0034223001620329223], [-0.014632922954309737, -0.0034223001620329223, 0.02038242108148449]], "chi2_level": 0.95, "chi2_df": 3, "chi2_threshold": 7.814727903251179, "N_raw": 90, "N_roi": 90, "N_inlier": 82, "refit": true}
{"timestamp": "12:11:37.118613", "frame": 8, "mu": [0.9380521425075664, 2.1260257453503457, 1.2637352934780721], "Sigma": [[0.019224270244848185, -0.0032707506076299557, -0.017311693283799133], [-0.003270750607629956, 0.007984044234156175, -0.0006926051959245067], [-0.017311693283799133, -0.0006926051959245064, 0.024492295844879507]], "chi2_level": 0.95, "chi2_df": 3, "chi2_threshold": 7.814727903251179, "N_raw": 79, "N_roi": 79, "N_inlier": 76, "refit": true}
{"timestamp": "12:11:37.174304", "frame": 9, "mu": [0.8866572940459483, 2.172856385587563, 1.1889990866691953], "Sigma": [[0.032021173783743785, -0.012945339972475255, 0.002620764154578131], [-0.012945339972475253, 0.013800463699777842, -0.02076304920184765], [0.002620764154578131, -0.02076304920184765, 0.055573304089586925]], "chi2_level": 0.95, "chi2_df": 3, "chi2_threshold": 7.814727903251179, "N_raw": 86, "N_roi": 86, "N_inlier": 84, "refit": true}
{"timestamp": "12:11:37.224781", "frame": 10, "mu": [0.8454012002664018, 2.215172586705669, 1.0166122412867846], "Sigma": [[0.012674385210568554, -0.006717542052707859, 0.010610237106983339], [-0.006717542052707859, 0.012934160134067419, -0.02935350580739808], [0.010610237106983339, -0.02935350580739808, 0.08293317835719548]], "chi2_level": 0.95, "chi2_df": 3, "chi2_threshold": 7.814727903251179, "N_raw": 54, "N_roi": 54, "N_inlier": 50, "refit": true}
{"timestamp": "12:11:37.285018", "frame": 11, "mu": [0.8841639665916882, 2.1111308228124046, 1.2937148563785343], "Sigma": [[0.02217072273472525, -0.0033471920517127857, -0.007309121518574047], [-0.0033471920517127852, 0.005629166837565292, -0.00787019156596084], [-0.007309121518574047, -0.00787019156596084, 0.034827195483225895]], "chi2_level": 0.95, "chi2_df": 3, "chi2_threshold": 7.814727903251179, "N_raw": 93, "N_roi": 93, "N_inlier": 87, "refit": true}
{"timestamp": "12:11:37.336239", "frame": 12, "mu": [0.9570805865475672, 2.0995291469101205, 1.2515779521489707], "Sigma": [[0.014638852950754065, -0.0022558288201926053, -0.01203291046625096], [-0.0022558288201926053, 0.00274000323056985, -0.0018972087563876954], [-0.01203291046625096, -0.0018972087563876952, 0.018679809958584773]], "chi2_level": 0.95, "chi2_df": 3, "chi2_threshold": 7.814727903251179, "N_raw": 60, "N_roi": 60, "N_inlier": 53, "refit": true}
{"timestamp": "12:11:37.383396", "frame": 13, "mu": [0.8439584777910006, 2.1345669885526455, 1.1520894808838535], "Sigma": [[0.009268150315665061, -0.007422699986833437, 0.013212275778034889], [-0.007422699986833437, 0.010690326979042944, -0.025844548815893004], [0.013212275778034889, -0.025844548815893004, 0.07223986531206074]], "chi2_level": 0.95, "chi2_df": 3, "chi2_threshold": 7.814727903251179, "N_raw": 12, "N_roi": 12, "N_inlier": 11, "refit": true}
{"timestamp": "12:11:37.448298", "frame": 14, "mu": [0.8862464843784231, 2.181395073604657, 1.0732483299195605], "Sigma": [[0.01661568449094434, -0.0077740285708473335, 0.01589649622595455], [-0.007774028570847334, 0.006214457512762193, -0.01121295023665216], [0.01589649622595455, -0.01121295023665216, 0.038547449143117835]], "chi2_level": 0.95, "chi2_df": 3, "chi2_threshold": 7.814727903251179, "N_raw": 78, "N_roi": 78, "N_inlier": 74, "refit": true}
{"timestamp": "12:11:37.497694", "frame": 15, "mu": [0.8160922803764405, 2.230861531265325, 1.2322440070817744], "Sigma": [[0.009331785066119999, 0.001469612958718031, 0.021975882286167207], [0.0014696129587180315, 0.06583284132031152, -0.013382883495543164], [0.021975882286167203, -0.013382883495543164, 0.08103939482910329]], "chi2_level": 0.95, "chi2_df": 3, "chi2_threshold": 7.814727903251179, "N_raw": 19, "N_roi": 19, "N_inlier": 17, "refit": true}
{"timestamp": "12:11:37.556370", "frame": 16, "mu": [0.9235424531552732, 1.7888906791653534, 0.543972172981011], "Sigma": [[0.018172726683090716, -0.00553118172300398, 0.02603016806738198], [-0.00553118172300398, 0.43557523675156695, 0.5887036319321651], [0.02603016806738198, 0.588703631932165, 0.8776514142574723]], "chi2_level": 0.95, "chi2_df": 3, "chi2_threshold": 7.814727903251179, "N_raw": 52, "N_roi": 52, "N_inlier": 50, "refit": true}
{"timestamp": "12:11:37.611650", "frame": 17, "mu": [0.8071437614692449, 2.1900185813192414, 0.7794615110730966], "Sigma": [[0.00935999892736513, -0.0046533289056458855, 0.003482870159413592], [-0.004653328905645885, 0.003650503572649972, -0.0037467374672616885], [0.003482870159413592, -0.0037467374672616894, 0.02387618275411701]], "chi2_level": 0.95, "chi2_df": 3, "chi2_threshold": 7.814727903251179, "N_raw": 47, "N_roi": 47, "N_inlier": 43, "refit": true}
{"timestamp": "12:11:37.660699", "frame": 18, "mu": [1.0313785400971343, 2.388760168222671, -0.9900029162539656], "Sigma": [[0.015973660263307994, -0.0049359300680997115, -0.04414035449777748], [-0.0049359300680997115, 0.008012261232646615, -0.025894583898945757], [-0.04414035449777748, -0.025894583898945757, 0.3945459753945116]], "chi2_level": 0.95, "chi2_df": 3, "chi2_threshold": 7.814727903251179, "N_raw": 8, "N_roi": 8, "N_inlier": 8, "refit": true}
{"timestamp": "12:11:37.723156", "frame": 19, "mu": [0.9928352214712786, 2.1085436914137747, 1.2372085593168751], "Sigma": [[0.012032788844161575, -0.002846411083956714, -0.006676808995181379], [-0.002846411083956714, 0.004192468604793314, -0.0017810232760538123], [-0.006676808995181379, -0.0017810232760538123, 0.008016150502184976]], "chi2_level": 0.95, "chi2_df": 3, "chi2_threshold": 7.814727903251179, "N_raw": 63, "N_roi": 63, "N_inlier": 61, "refit": true}
{"timestamp": "12:11:37.778444", "frame": 20, "mu": [0.9063924593670417, 2.096379563756774, 1.2641914763723865], "Sigma": [[0.012603106671254456, -0.00011294107240331493, -0.005760486409371208], [-0.00011294107240331487, 0.003137854702169143, -0.002993327839232434], [-0.005760486409371208, -0.002993327839232434, 0.006562217624320062]], "chi2_level": 0.95, "chi2_df": 3, "chi2_threshold": 7.814727903251179, "N_raw": 65, "N_roi": 65, "N_inlier": 61, "refit": true}
{"timestamp": "12:11:37.834086", "frame": 21, "mu": [0.7673349688726818, 2.0922646316655293, 1.2552552363753333], "Sigma": [[0.009096696249422167, -0.0009056448496240789, -0.01049721100383512], [-0.0009056448496240793, 0.0040691070610054956, -0.011289807920735286], [-0.010497211003835119, -0.011289807920735286, 0.10213881470983706]], "chi2_level": 0.95, "chi2_df": 3, "chi2_threshold": 7.814727903251179, "N_raw": 60, "N_roi": 60, "N_inlier": 55, "refit": true}
{"timestamp": "12:11:37.892790", "frame": 22, "mu": [0.8988099058624642, 2.2084502019457903, -0.22146728976362023], "Sigma": [[0.02440946766225761, 0.004776412856446065, -0.025374943181934582], [0.004776412856446064, 0.00723331739406459, -0.012933184929458382], [-0.025374943181934582, -0.012933184929458384, 0.04547415077525142]], "chi2_level": 0.95, "chi2_df": 3, "chi2_threshold": 7.814727903251179, "N_raw": 86, "N_roi": 86, "N_inlier": 81, "refit": true}
{"timestamp": "12:11:37.952361", "frame": 23, "mu": [0.8185927231812221, 2.2580582404745417, -0.29820900369157244], "Sigma": [[0.014631952700075725, -0.004021089211891451, -0.000781826052592004], [-0.004021089211891451, 0.017980024605768277, -0.028391703740821814], [-0.0007818260525920043, -0.028391703740821814, 0.0568732877205218]], "chi2_level": 0.95, "chi2_df": 3, "chi2_threshold": 7.814727903251179, "N_raw": 115, "N_roi": 115, "N_inlier": 112, "refit": true}
{"timestamp": "12:11:38.002490", "frame": 24, "mu": [0.8072575691445404, 2.1540356987993126, 0.027141035058268908], "Sigma": [[0.03049490360901461, 0.0023763622948159693, 0.017479045235788755], [0.0023763622948159693, 0.00923775284060954, -0.028883093756667415], [0.01747904523578875, -0.028883093756667415, 0.19460943087353635]], "chi2_level": 0.95, "chi2_df": 3, "chi2_threshold": 7.814727903251179, "N_raw": 79, "N_roi": 79, "N_inlier": 75, "refit": true}
{"timestamp": "12:11:38.055161", "frame": 25, "mu": [0.8135174917307595, 2.017624151826684, 1.2438696854002604], "Sigma": [[0.014507784804707711, -0.0005985563891127641, -0.013549585720271859], [-0.0005985563891127642, 0.0024188747737482552, -0.003847968540469456], [-0.013549585720271859, -0.0038479685404694563, 0.05311989081022111]], "chi2_level": 0.95, "chi2_df": 3, "chi2_threshold": 7.814727903251179, "N_raw": 70, "N_roi": 70, "N_inlier": 67, "refit": true}
{"timestamp": "12:11:38.116245", "frame": 26, "mu": [0.8802745450733425, 1.9810944569350377, 1.036432533179752], "Sigma": [[0.01750269366837352, -0.005211865276333274, -0.027227893694882044], [-0.005211865276333274, 0.004400532637253909, 0.00861914555293852], [-0.027227893694882047, 0.00861914555293852, 0.09357187858558116]], "chi2_level": 0.95, "chi2_df": 3, "chi2_threshold": 7.814727903251179, "N_raw": 109, "N_roi": 109, "N_inlier": 105, "refit": true}
{"timestamp": "12:11:38.162554", "frame": 27, "mu": [0.896057002707971, 1.9777286038301425, 1.100974447333365], "Sigma": [[0.011562573516134487, -0.002747234861837059, -0.014304266638090389], [-0.002747234861837059, 0.0025097883377809393, 0.002809547707401548], [-0.014304266638090389, 0.002809547707401548, 0.03626101667859255]], "chi2_level": 0.95, "chi2_df": 3, "chi2_threshold": 7.814727903251179, "N_raw": 55, "N_roi": 53, "N_inlier": 51, "refit": true}
{"timestamp": "12:11:38.217563", "frame": 28, "mu": [0.9302081057541438, 1.9548016993928297, 1.117304839951754], "Sigma": [[0.008881316201935902, -0.002651624326244491, -0.0007881939054693332], [-0.0026516243262444906, 0.0018614263603126647, -0.0018764332638450626], [-0.0007881939054693333, -0.0018764332638450626, 0.005577342883784186]], "chi2_level": 0.95, "chi2_df": 3, "chi2_threshold": 7.814727903251179, "N_raw": 47, "N_roi": 47, "N_inlier": 41, "refit": true}
{"timestamp": "12:11:38.275140", "frame": 29, "mu": [0.7659855680160215, 1.9714549461976152, 0.9318083408834724], "Sigma": [[0.007654112235315815, -0.0033727509533626153, -0.0057892538479673294], [-0.0033727509533626153, 0.002972044545728545, -0.0026370238357448553], [-0.005789253847967331, -0.002637023835744855, 0.035281051603073085]], "chi2_level": 0.95, "chi2_df": 3, "chi2_threshold": 7.814727903251179, "N_raw": 75, "N_roi": 75, "N_inlier": 71, "refit": true}
{"timestamp": "12:11:38.336277", "frame": 30, "mu": [0.7826317061421953, 1.8701163676057186, 1.0358971900606464], "Sigma": [[0.02016225974046122, -0.003931578852216917, -0.03330691135043219], [-0.003931578852216917, 0.0032844434166088704, 0.004707694824679373], [-0.03330691135043219, 0.004707694824679373, 0.0822493539588473]], "chi2_level": 0.95, "chi2_df": 3, "chi2_threshold": 7.814727903251179, "N_raw": 113, "N_roi": 113, "N_inlier": 109, "refit": true}
{"timestamp": "12:11:38.386670", "frame": 31, "mu": [0.7885106856199829, 2.0691573723636583, -0.5746634967070993], "Sigma": [[0.005956666723813326, -0.0020793224159510928, -0.0019277300381889174], [-0.002079322415951093, 0.00566228266879664, -0.011300308916334273], [-0.0019277300381889179, -0.01130030891633427, 0.04804862789892435]], "chi2_level": 0.95, "chi2_df": 3, "chi2_threshold": 7.814727903251179, "N_raw": 77, "N_roi": 77, "N_inlier": 67, "refit": true}
{"timestamp": "12:11:38.445569", "frame": 32, "mu": [0.6820988944888281, 1.890739252862541, 0.9631562216661367], "Sigma": [[0.013021627070926656, -0.010926095404035979, 0.012921271461832941], [-0.010926095404035982, 0.014659629876282476, -0.023999733925001966], [0.012921271461832941, -0.023999733925001966, 0.07286400508785823]], "chi2_level": 0.95, "chi2_df": 3, "chi2_threshold": 7.814727903251179, "N_raw": 106, "N_roi": 106, "N_inlier": 104, "refit": true}
{"timestamp": "12:11:38.498440", "frame": 33, "mu": [0.6996260935534102, 1.7897574248804646, 1.121497443746608], "Sigma": [[0.009414901317670315, -0.0041706932450572085, -0.0034792383353408392], [-0.0041706932450572085, 0.005539752425445076, -0.006661614063006381], [-0.0034792383353408392, -0.00666161406300638, 0.032079286699854166]], "chi2_level": 0.95, "chi2_df": 3, "chi2_threshold": 7.814727903251179, "N_raw": 87, "N_roi": 87, "N_inlier": 77, "refit": true}
{"timestamp": "12:11:38.553468", "frame": 34, "mu": [0.654743257745724, 1.7579941334297564, 0.9961257286141856], "Sigma": [[0.010636370191477137, -0.002035501614313322, -0.021992253010800464], [-0.0020355016143133215, 0.0037980069403206434, -0.0025225763326651705], [-0.021992253010800464, -0.0025225763326651705, 0.08375413063995216]], "chi2_level": 0.95, "chi2_df": 3, "chi2_threshold": 7.814727903251179, "N_raw": 99, "N_roi": 99, "N_inlier": 97, "refit": true}
{"timestamp": "12:11:38.604636", "frame": 35, "mu": [0.745785733153744, 1.6926253135319045, 0.8516391653798651], "Sigma": [[0.004947835281836069, -0.0031127106646546268, 0.0007235301137091216], [-0.0031127106646546268, 0.004312388498914606, 0.003382826082843099], [0.0007235301137091213, 0.003382826082843099, 0.05721497670530426]], "chi2_level": 0.95, "chi2_df": 3, "chi2_threshold": 7.814727903251179, "N_raw": 66, "N_roi": 66, "N_inlier": 63, "refit": true}
{"timestamp": "12:11:38.659433", "frame": 36, "mu": [0.6919191157381563, 1.5490388772470567, 0.947150144601775], "Sigma": [[0.016802765723916282, -0.012090458709125108, -0.022588228978065797], [-0.012090458709125108, 0.015003598787471586, 0.021441262564275598], [-0.022588228978065793, 0.021441262564275598, 0.06240278525254346]], "chi2_level": 0.95, "chi2_df": 3, "chi2_threshold": 7.814727903251179, "N_raw": 70, "N_roi": 70, "N_inlier": 64, "refit": true}
{"timestamp": "12:11:38.722980", "frame": 37, "mu": [0.5722954582327041, 1.5984170149607664, 1.1405049458521113], "Sigma": [[0.02102125273704484, -0.013071877392392503, -0.035582671369082344], [-0.013071877392392503, 0.017116745056394163, 0.03132130079988209], [-0.035582671369082344, 0.031321300799882094, 0.14570239263692622]], "chi2_level": 0.95, "chi2_df": 3, "chi2_threshold": 7.814727903251179, "N_raw": 121, "N_roi": 121, "N_inlier": 113, "refit": true}
{"timestamp": "12:11:38.775532", "frame": 38, "mu": [0.5616663989883232, 1.4837750932751628, 1.0072288361172888], "Sigma": [[0.013200244117335775, -0.0044779072159822405, -0.008283850753305308], [-0.00447790721598224, 0.0161812464938538, 0.01815084602836141], [-0.00828385075330531, 0.01815084602836141, 0.04600539210232013]], "chi2_level": 0.95, "chi2_df": 3, "chi2_threshold": 7.814727903251179, "N_raw": 106, "N_roi": 106, "N_inlier": 98, "refit": true}
{"timestamp": "12:11:38.833290", "frame": 39, "mu": [0.49706933883766025, 1.5278813774388866, 0.6944613844737918], "Sigma": [[0.016154241446279062, 0.0020001724906048403, 0.03131089123844793], [0.0020001724906048403, 0.015501917371037345, -0.0210672839624408], [0.03131089123844793, -0.0210672839624408, 0.20147824202926867]], "chi2_level": 0.95, "chi2_df": 3, "chi2_threshold": 7.814727903251179, "N_raw": 120, "N_roi": 120, "N_inlier": 114, "refit": true}
{"timestamp": "12:11:38.886256", "frame": 40, "mu": [0.4620402949500462, 1.4076235310085585, 0.954198690971627], "Sigma": [[0.014808190691964509, 0.002890287505375428, 0.0033107943875661343], [0.002890287505375428, 0.009864745903888283, 0.00016099810909729823], [0.0033107943875661343, 0.00016099810909729823, 0.0024199265544502784]], "chi2_level": 0.95, "chi2_df": 3, "chi2_threshold": 7.814727903251179, "N_raw": 110, "N_roi": 110, "N_inlier": 102, "refit": true}
{"timestamp": "12:11:38.944278", "frame": 41, "mu": [0.3330818520600407, 1.5582897672195088, -0.7821920059551878], "Sigma": [[0.024657350782703053, 0.019457859224292696, 0.027280769381624957], [0.019457859224292696, 0.025017913076052327, 0.025112465039372842], [0.027280769381624954, 0.025112465039372846, 0.05100033649257333]], "chi2_level": 0.95, "chi2_df": 3, "chi2_threshold": 7.814727903251179, "N_raw": 134, "N_roi": 134, "N_inlier": 127, "refit": true}
{"timestamp": "12:11:38.995187", "frame": 42, "mu": [0.33883139053871414, 1.574484657591135, 1.198093700026313], "Sigma": [[0.013983821507847083, -0.0021801651433361485, -0.016321411953556214], [-0.002180165143336149, 0.014310878501827226, 0.010654274866173857], [-0.016321411953556214, 0.010654274866173857, 0.04445018215175245]], "chi2_level": 0.95, "chi2_df": 3, "chi2_threshold": 7.814727903251179, "N_raw": 104, "N_roi": 104, "N_inlier": 96, "refit": true}
{"timestamp": "12:11:39.052573", "frame": 43, "mu": [0.31473387535183134, 1.5880148674322683, 1.2998876215193622], "Sigma": [[0.014958992049002626, -0.008413095700972104, -0.019786659595774893], [-0.008413095700972102, 0.011215868244961883, 0.009438912283293126], [-0.019786659595774893, 0.009438912283293126, 0.031164984582758192]], "chi2_level": 0.95, "chi2_df": 3, "chi2_threshold": 7.814727903251179, "N_raw": 121, "N_roi": 121, "N_inlier": 117, "refit": true}
{"timestamp": "12:11:39.106201", "frame": 44, "mu": [0.335706915690601, 1.5473393399864992, 1.0749876773039149], "Sigma": [[0.011067165685178253, -0.006043865797449172, -0.03007017264501561], [-0.006043865797449172, 0.00961969538919002, 0.0023650280089540106], [-0.03007017264501561, 0.002365028008954012, 0.2017187543890013]], "chi2_level": 0.95, "chi2_df": 3, "chi2_threshold": 7.814727903251179, "N_raw": 106, "N_roi": 106, "N_inlier": 102, "refit": true}
{"timestamp": "12:11:39.156522", "frame": 45, "mu": [0.14684292995314466, 1.6641699600404938, 1.4214611689236512], "Sigma": [[0.006530275291720956, -0.0016591480761377231, -0.008313874123023505], [-0.0016591480761377233, 0.0050271387970751815, -8.38991267064557e-05], [-0.008313874123023505, -8.38991267064557e-05, 0.01977261339548003]], "chi2_level": 0.95, "chi2_df": 3, "chi2_threshold": 7.814727903251179, "N_raw": 80, "N_roi": 80, "N_inlier": 76, "refit": true}
{"timestamp": "12:11:39.209880", "frame": 46, "mu": [0.20309331825470808, 1.5691682257490855, 1.2938295759359428], "Sigma": [[0.006804124084326168, -0.004974403536373162, -0.006609035883907336], [-0.004974403536373162, 0.007153046188665497, 0.002639105450274341], [-0.006609035883907337, 0.002639105450274341, 0.008727468111353937]], "chi2_level": 0.95, "chi2_df": 3, "chi2_threshold": 7.814727903251179, "N_raw": 71, "N_roi": 71, "N_inlier": 68, "refit": true}
{"timestamp": "12:11:39.264772", "frame": 47, "mu": [0.16195066528103125, 1.6039731708759264, 1.3001934920091516], "Sigma": [[0.00594898409745934, -0.005809355347310712, -0.002841291329049091], [-0.005809355347310712, 0.013086466575933079, 0.0032767807892125304], [-0.002841291329049091, 0.00327678078921253, 0.002807813822024957]], "chi2_level": 0.95, "chi2_df": 3, "chi2_threshold": 7.814727903251179, "N_raw": 67, "N_roi": 67, "N_inlier": 65, "refit": true}
{"timestamp": "12:11:39.321145", "frame": 48, "mu": [0.05484933252181182, 1.5908159189499127, 1.2444002665211968], "Sigma": [[0.006804687726463512, -0.004607807597617805, -0.016440741332978744], [-0.004607807597617806, 0.010421297618564742, 0.025383234772684574], [-0.01644074133297874, 0.025383234772684574, 0.09858856609490677]], "chi2_level": 0.95, "chi2_df": 3, "chi2_threshold": 7.814727903251179, "N_raw": 82, "N_roi": 82, "N_inlier": 82, "refit": true}
{"timestamp": "12:11:39.369633", "frame": 49, "mu": [0.17038891973437442, 1.5073460843323394, 1.0251434077549375], "Sigma": [[0.0024794396657164316, -0.001693806619657224, -0.00378426443925565], [-0.001693806619657224, 0.0026524907289585745, 0.00740153729695429], [-0.00378426443925565, 0.00740153729695429, 0.03405979539022563]], "chi2_level": 0.95, "chi2_df": 3, "chi2_threshold": 7.814727903251179, "N_raw": 36, "N_roi": 36, "N_inlier": 34, "refit": true}
{"timestamp": "12:11:39.429715", "frame": 50, "mu": [0.07354097352682042, 1.4844227653529813, 0.9803476812834605], "Sigma": [[0.0053865998669317934, -0.0022852435201395267, 0.00018323930146800982], [-0.0022852435201395262, 0.005756532097304444, 0.012383139340786503], [0.00018323930146801025, 0.012383139340786503, 0.06527626593168959]], "chi2_level": 0.95, "chi2_df": 3, "chi2_threshold": 7.814727903251179, "N_raw": 73, "N_roi": 73, "N_inlier": 69, "refit": true}
{"timestamp": "12:11:39.488288", "frame": 51, "mu": [-0.05446815528017978, 1.6218225107869741, 1.4330101319702477], "Sigma": [[0.007000294187558517, -0.004315576797688913, -0.006038867013377736], [-0.004315576797688913, 0.009002799348792119, 0.004268941098894006], [-0.006038867013377736, 0.004268941098894006, 0.025153294716560592]], "chi2_level": 0.95, "chi2_df": 3, "chi2_threshold": 7.814727903251179, "N_raw": 91, "N_roi": 90, "N_inlier": 86, "refit": true}
{"timestamp": "12:11:39.546884", "frame": 52, "mu": [-0.14190389182422364, 1.642852107675597, 1.4849052228771633], "Sigma": [[0.011116647487734119, -0.005071776106056137, -0.010269329607317409], [-0.005071776106056137, 0.010856438666506632, 0.004767756624364702], [-0.010269329607317409, 0.004767756624364702, 0.03064529836489536]], "chi2_level": 0.95, "chi2_df": 3, "chi2_threshold": 7.814727903251179, "N_raw": 115, "N_roi": 115, "N_inlier": 111, "refit": true}
{"timestamp": "12:11:39.594732", "frame": 53, "mu": [-0.17578685500467434, 1.635429861335239, 1.5122901060853122], "Sigma": [[0.011825647436692118, -0.0025103536968518704, -0.015716590447045375], [-0.0025103536968518704, 0.003306367660190934, 0.0037975285555041935], [-0.015716590447045375, 0.0037975285555041944, 0.029556893716149273]], "chi2_level": 0.95, "chi2_df": 3, "chi2_threshold": 7.814727903251179, "N_raw": 66, "N_roi": 66, "N_inlier": 62, "refit": true}
{"timestamp": "12:11:39.650561", "frame": 54, "mu": [-0.15340153724740196, 1.6785801609257163, -0.003785750701408016], "Sigma": [[0.0066694281995817355, -0.0055393145092863935, 0.015490487396631999], [-0.0055393145092863935, 0.015482316007158608, -0.03443197201471272], [0.015490487396631997, -0.03443197201471272, 0.22809243772539728]], "chi2_level": 0.95, "chi2_df": 3, "chi2_threshold": 7.814727903251179, "N_raw": 80, "N_roi": 80, "N_inlier": 79, "refit": true}
{"timestamp": "12:11:39.707373", "frame": 55, "mu": [-0.16091622154901858, 1.4588691472980884, 1.1548125037363748], "Sigma": [[0.005700484279794146, -0.002015648484788592, 0.004506832852058587], [-0.002015648484788592, 0.003929577716695083, -0.005600286274003008], [0.004506832852058587, -0.005600286274003008, 0.028004349669585753]], "chi2_level": 0.95, "chi2_df": 3, "chi2_threshold": 7.814727903251179, "N_raw": 92, "N_roi": 92, "N_inlier": 89, "refit": true}
{"timestamp": "12:11:39.761137", "frame": 56, "mu": [-0.2393173220376935, 1.6367830770587644, -0.1359882495634613], "Sigma": [[0.006665978472677063, -0.007325313722521334, 0.022789402378939852], [-0.007325313722521334, 0.014758791712840528, -0.03963744490233973], [0.022789402378939852, -0.03963744490233973, 0.28417027206152917]], "chi2_level": 0.95, "chi2_df": 3, "chi2_threshold": 7.814727903251179, "N_raw": 79, "N_roi": 79, "N_inlier": 77, "refit": true}
{"timestamp": "12:11:39.816166", "frame": 57, "mu": [-0.2769670103636273, 1.5185027207179789, 1.2829683889086307], "Sigma": [[0.00480210989016312, -0.001564141039694285, -0.002386658247502721], [-0.001564141039694285, 0.010016642744086765, 3.689348769453482e-05], [-0.002386658247502721, 3.689348769453482e-05, 0.0016890144028205763]], "chi2_level": 0.95, "chi2_df": 3, "chi2_threshold": 7.814727903251179, "N_raw": 78, "N_roi": 75, "N_inlier": 73, "refit": true}
{"timestamp": "12:11:39.870986", "frame": 58, "mu": [-0.3858705547938724, 1.634064413996857, 1.4704503034246355], "Sigma": [[0.0057444333879182454, -0.0011821803723001713, -0.0035951011715773915], [-0.001182180372300171, 0.0058627012980796535, -0.0026098840815466933], [-0.0035951011715773915, -0.002609884081546693, 0.004837806618853286]], "chi2_level": 0.95, "chi2_df": 3, "chi2_threshold": 7.814727903251179, "N_raw": 75, "N_roi": 75, "N_inlier": 71, "refit": true}
{"timestamp": "12:11:39.932232", "frame": 59, "mu": [-0.40085356700218494, 1.5546722963878474, 1.3373666564441269], "Sigma": [[0.006795003576183691, -0.0038660365112262946, -0.011962316900826456], [-0.0038660365112262954, 0.015359222671117284, 0.010875209015195706], [-0.011962316900826454, 0.010875209015195706, 0.04256689739478378]], "chi2_level": 0.95, "chi2_df": 3, "chi2_threshold": 7.814727903251179, "N_raw": 112, "N_roi": 112, "N_inlier": 102, "refit": true}
{"timestamp": "12:11:39.986187", "frame": 60, "mu": [-0.4828107347206705, 1.5929722246037576, 1.3483991128330755], "Sigma": [[0.00933605140359947, -0.001706723434588295, -0.015742865331781986], [-0.0017067234345882953, 0.009346078247867089, 0.007684446128295748], [-0.015742865331781986, 0.007684446128295749, 0.05770269848761636]], "chi2_level": 0.95, "chi2_df": 3, "chi2_threshold": 7.814727903251179, "N_raw": 111, "N_roi": 111, "N_inlier": 103, "refit": true}
{"timestamp": "12:11:40.038345", "frame": 61, "mu": [-0.5083943299012954, 1.5844848185773517, 1.298349541769087], "Sigma": [[0.011683790698910313, -0.0005714738680584453, -0.03680632118459684], [-0.0005714738680584453, 0.010885981725304682, -0.0050333291575242875], [-0.03680632118459684, -0.0050333291575242875, 0.16867336700521932]], "chi2_level": 0.95, "chi2_df": 3, "chi2_threshold": 7.814727903251179, "N_raw": 87, "N_roi": 86, "N_inlier": 82, "refit": true}
{"timestamp": "12:11:40.093445", "frame": 62, "mu": [-0.5093606911027319, 1.6514753110954195, 1.029615651339517], "Sigma": [[0.015630198639986624, 0.003320763218492992, -0.06282460180543138], [0.003320763218492992, 0.011569844952394433, -0.021824370875939095], [-0.06282460180543138, -0.021824370875939095, 0.3659994279716202]], "chi2_level": 0.95, "chi2_df": 3, "chi2_threshold": 7.814727903251179, "N_raw": 87, "N_roi": 87, "N_inlier": 84, "refit": true}
{"timestamp": "12:11:40.145515", "frame": 63, "mu": [-0.579961900835028, 1.6997236587544682, -0.15284457400201087], "Sigma": [[0.006987873589161684, 0.0002231602528352442, -0.006171467296898703], [0.00022316025283524425, 0.007133283868960578, 0.003579697001456358], [-0.0061714672968987035, 0.003579697001456358, 0.008515866419738389]], "chi2_level": 0.95, "chi2_df": 3, "chi2_threshold": 7.814727903251179, "N_raw": 66, "N_roi": 66, "N_inlier": 63, "refit": true}
{"timestamp": "12:11:40.205354", "frame": 64, "mu": [-0.5782855936293142, 1.6059575747858574, 1.2371295060735055], "Sigma": [[0.008969232634165419, -0.002307502393860728, -0.013639243809180607], [-0.0023075023938607274, 0.012627933678668015, 0.004332019860720838], [-0.013639243809180607, 0.004332019860720838, 0.028314980368181777]], "chi2_level": 0.95, "chi2_df": 3, "chi2_threshold": 7.814727903251179, "N_raw": 105, "N_roi": 105, "N_inlier": 100, "refit": true}
{"timestamp": "12:11:40.258751", "frame": 65, "mu": [-0.6044085255299088, 1.7084587239407194, 1.3813746347934275], "Sigma": [[0.006957483195229487, 0.0016371264102576903, -0.005065582051334328], [0.00163712641025769, 0.013569060647905926, -0.0013743547599420196], [-0.005065582051334329, -0.0013743547599420198, 0.007732387526202446]], "chi2_level": 0.95, "chi2_df": 3, "chi2_threshold": 7.814727903251179, "N_raw": 95, "N_roi": 95, "N_inlier": 89, "refit": true}
{"timestamp": "12:11:40.315248", "frame": 66, "mu": [-0.6559811942148226, 1.7451896270002407, 1.3849719046676607], "Sigma": [[0.00850431117580251, 3.7258321737790166e-05, -0.007256062056039785], [3.7258321737790166e-05, 0.014925362679675468, -0.0010115819961705496], [-0.0072560620560397845, -0.001011581996170549, 0.011239844662457846]], "chi2_level": 0.95, "chi2_df": 3, "chi2_threshold": 7.814727903251179, "N_raw": 101, "N_roi": 101, "N_inlier": 98, "refit": true}
{"timestamp": "12:11:40.366224", "frame": 67, "mu": [-0.6744363178303786, 1.7305839284648543, 1.3592549083887422], "Sigma": [[0.006656378840870391, 0.002263460918922668, -0.002169665458178402], [0.0022634609189226677, 0.01854248057541127, 0.00552491927359674], [-0.002169665458178402, 0.00552491927359674, 0.007233935032445595]], "chi2_level": 0.95, "chi2_df": 3, "chi2_threshold": 7.814727903251179, "N_raw": 85, "N_roi": 85, "N_inlier": 79, "refit": true}
{"timestamp": "12:11:40.424717", "frame": 68, "mu": [-0.6695063903946414, 1.7891456690616576, 1.230389513044116], "Sigma": [[0.023397250091801616, -0.003855540488981958, -0.06600044630980174], [-0.003855540488981957, 0.013223566468697988, 0.018875209858198447], [-0.06600044630980173, 0.01887520985819844, 0.23341084958424171]], "chi2_level": 0.95, "chi2_df": 3, "chi2_threshold": 7.814727903251179, "N_raw": 101, "N_roi": 100, "N_inlier": 98, "refit": true}
{"timestamp": "12:11:40.482001", "frame": 69, "mu": [-0.7056003015554444, 1.7451498603995221, 1.073048849771604], "Sigma": [[0.014402885988113009, -0.00959313368929689, -0.04525313430963092], [-0.00959313368929689, 0.021701130777713393, 0.07167576200536918], [-0.04525313430963091, 0.07167576200536918, 0.30829021637549586]], "chi2_level": 0.95, "chi2_df": 3, "chi2_threshold": 7.814727903251179, "N_raw": 116, "N_roi": 116, "N_inlier": 114, "refit": true}
{"timestamp": "12:11:40.537940", "frame": 70, "mu": [-0.7384548854475208, 1.8098127057946376, 1.0819460969769896], "Sigma": [[0.01430328731203755, -0.010573491644291513, -0.04626252928847405], [-0.010573491644291513, 0.025077829088132365, 0.07052512284452295], [-0.04626252928847405, 0.07052512284452295, 0.2794176907419253]], "chi2_level": 0.95, "chi2_df": 3, "chi2_threshold": 7.814727903251179, "N_raw": 121, "N_roi": 121, "N_inlier": 115, "refit": true}
{"timestamp": "12:11:40.588567", "frame": 71, "mu": [-0.7724873743648766, 1.8724161491826137, 1.1082164790072906], "Sigma": [[0.008594679621087183, -0.003147268036458909, -0.017485622534752682], [-0.003147268036458909, 0.011546772221710752, 0.03600972957697028], [-0.017485622534752686, 0.036009729576970274, 0.1781521347461634]], "chi2_level": 0.95, "chi2_df": 3, "chi2_threshold": 7.814727903251179, "N_raw": 91, "N_roi": 91, "N_inlier": 89, "refit": true}
{"timestamp": "12:11:40.644423", "frame": 72, "mu": [-0.7722780460950578, 1.9003496051989228, 1.1835252368312388], "Sigma": [[0.00989510480994093, -0.005485788394463681, -0.028936872183634606], [-0.005485788394463681, 0.029647971970575775, 0.06786210205403939], [-0.028936872183634606, 0.06786210205403942, 0.26026469290975257]], "chi2_level": 0.95, "chi2_df": 3, "chi2_threshold": 7.814727903251179, "N_raw": 100, "N_roi": 100, "N_inlier": 95, "refit": true}
{"timestamp": "12:11:40.699935", "frame": 73, "mu": [-0.8339404361911241, 1.9885466921283794, 1.0289344124536564], "Sigma": [[0.010527727549488768, -0.0030267442936807868, 0.010928907534164973], [-0.0030267442936807868, 0.008032977454693934, -0.0333303717681365], [0.010928907534164973, -0.0333303717681365, 0.31247788761607675]], "chi2_level": 0.95, "chi2_df": 3, "chi2_threshold": 7.814727903251179, "N_raw": 101, "N_roi": 101, "N_inlier": 100, "refit": true}
{"timestamp": "12:11:40.754267", "frame": 74, "mu": [-0.8230324117191152, 1.9903609402881302, 1.0132178905185676], "Sigma": [[0.013097992466380212, -0.00013815719561949844, 0.025342675064856483], [-0.00013815719561949838, 0.004755474399525355, -0.0154375047193414], [0.025342675064856476, -0.015437504719341398, 0.2608870607013968]], "chi2_level": 0.95, "chi2_df": 3, "chi2_threshold": 7.814727903251179, "N_raw": 98, "N_roi": 98, "N_inlier": 94, "refit": true}
{"timestamp": "12:11:40.817517", "frame": 75, "mu": [-0.8766478131721104, 2.0192550814294346, 1.034473694129972], "Sigma": [[0.018886483883180753, -0.0002742784894410586, 0.019436064206648535], [-0.0002742784894410585, 0.007909411746056945, -0.005183889799059673], [0.019436064206648535, -0.005183889799059671, 0.23401672283230343]], "chi2_level": 0.95, "chi2_df": 3, "chi2_threshold": 7.814727903251179, "N_raw": 150, "N_roi": 150, "N_inlier": 146, "refit": true}
{"timestamp": "12:11:40.861194", "frame": 76, "mu": [-0.8553689999211354, 2.072242737578933, 1.318356758265658], "Sigma": [[0.007843043834530368, 0.00027556494787472506, -0.005667860313671369], [0.00027556494787472506, 0.008294470195865116, 0.0005564721500874856], [-0.005667860313671369, 0.0005564721500874855, 0.028365213374689995]], "chi2_level": 0.95, "chi2_df": 3, "chi2_threshold": 7.814727903251179, "N_raw": 75, "N_roi": 74, "N_inlier": 69, "refit": true}
{"timestamp": "12:11:40.921098", "frame": 77, "mu": [-0.973359760897278, 2.105634129633398, 1.1714308153693611], "Sigma": [[0.01799739144565713, -0.0014518276805061661, 0.026351797218323227], [-0.0014518276805061657, 0.010760265461968873, -0.013113695834465694], [0.026351797218323224, -0.013113695834465694, 0.1740716651945252]], "chi2_level": 0.95, "chi2_df": 3, "chi2_threshold": 7.814727903251179, "N_raw": 112, "N_roi": 111, "N_inlier": 109, "refit": true}
{"timestamp": "12:11:40.972790", "frame": 78, "mu": [-0.969525154823959, 2.111506488771255, 1.3727771447554071], "Sigma": [[0.011443238729188525, 0.0020055507115103064, -0.007569309928907792], [0.0020055507115103064, 0.011058762303404015, -0.0019388783415985448], [-0.007569309928907792, -0.001938878341598545, 0.01387541487398755]], "chi2_level": 0.95, "chi2_df": 3, "chi2_threshold": 7.814727903251179, "N_raw": 85, "N_roi": 85, "N_inlier": 81, "refit": true}
{"timestamp": "12:11:41.025604", "frame": 79, "mu": [-0.9545356647249107, 2.134767818207695, 1.2804355377467143], "Sigma": [[0.012407988392182085, 0.0050324054425793935, -0.011113256028098623], [0.0050324054425793935, 0.010370634749462248, -0.003248789601200952], [-0.011113256028098626, -0.003248789601200952, 0.013235385147667957]], "chi2_level": 0.95, "chi2_df": 3, "chi2_threshold": 7.814727903251179, "N_raw": 70, "N_roi": 70, "N_inlier": 67, "refit": true}
{"timestamp": "12:11:41.083748", "frame": 80, "mu": [-0.9478505714172374, 2.1746302316271064, 1.2296336348610934], "Sigma": [[0.015320964748715466, 0.0017275224558875276, -0.016259681136773965], [0.0017275224558875278, 0.005042615733331815, -0.0043141401533848146], [-0.01625968113677397, -0.0043141401533848146, 0.05310437715631568]], "chi2_level": 0.95, "chi2_df": 3, "chi2_threshold": 7.814727903251179, "N_raw": 98, "N_roi": 98, "N_inlier": 95, "refit": true}
{"timestamp": "12:11:41.138166", "frame": 81, "mu": [-1.0589886021032269, 2.2026429792183335, 1.4128695997971596], "Sigma": [[0.015677588439742627, -0.0012594816408976917, -0.009763701060474132], [-0.0012594816408976917, 0.00862468508583114, 0.002740156163547039], [-0.009763701060474132, 0.002740156163547039, 0.007448752798304728]], "chi2_level": 0.95, "chi2_df": 3, "chi2_threshold": 7.814727903251179, "N_raw": 88, "N_roi": 74, "N_inlier": 71, "refit": true}
{"timestamp": "12:11:41.196699", "frame": 82, "mu": [-0.8764377490315071, 2.25916426736271, 0.98440276700877], "Sigma": [[0.022664437995877355, 0.0019167272551161888, -0.020865251672452977], [0.0019167272551161886, 0.013824715381127386, 0.03825125240746148], [-0.020865251672452977, 0.03825125240746148, 0.2274775056960088]], "chi2_level": 0.95, "chi2_df": 3, "chi2_threshold": 7.814727903251179, "N_raw": 113, "N_roi": 113, "N_inlier": 109, "refit": true}
{"timestamp": "12:11:41.247005", "frame": 83, "mu": [-1.0853135036078114, 2.3152425895378, 1.2947032528528808], "Sigma": [[0.030655547736186686, 0.0006703961394176588, -0.03629889246655119], [0.0006703961394176588, 0.0029196208472115114, -0.006029885934807887], [-0.0362988924665512, -0.006029885934807887, 0.17738307894489672]], "chi2_level": 0.95, "chi2_df": 3, "chi2_threshold": 7.814727903251179, "N_raw": 75, "N_roi": 75, "N_inlier": 71, "refit": true}
{"timestamp": "12:11:41.299420", "frame": 84, "mu": [-0.8845930625634412, 2.5035834374627965, -0.25451658637674274], "Sigma": [[0.006875641495945315, 0.0035507843052298843, 0.006043436661805707], [0.003550784305229885, 0.01686634584974087, 0.005444417845620641], [0.006043436661805707, 0.005444417845620641, 0.05127251385070401]], "chi2_level": 0.95, "chi2_df": 3, "chi2_threshold": 7.814727903251179, "N_raw": 65, "N_roi": 65, "N_inlier": 62, "refit": true}
{"timestamp": "12:11:41.358766", "frame": 85, "mu": [-0.9033710883968289, 2.4083322200891946, 0.9363450240090675], "Sigma": [[0.010260181211334934, -0.001042859153757649, -0.0023520251858328055], [-0.001042859153757649, 0.005992893706218441, 0.012851747926255146], [-0.0023520251858328038, 0.012851747926255146, 0.161044774922002]], "chi2_level": 0.95, "chi2_df": 3, "chi2_threshold": 7.814727903251179, "N_raw": 95, "N_roi": 95, "N_inlier": 92, "refit": true}
{"timestamp": "12:11:41.416313", "frame": 86, "mu": [-0.9574593202423477, 2.479436434766694, 0.9643522618016361], "Sigma": [[0.013257902213938327, -0.0008457437910879222, -0.0033179105641253535], [-0.0008457437910879223, 0.005197472107832809, 0.013561034882653256], [-0.0033179105641253526, 0.013561034882653256, 0.18998455953284948]], "chi2_level": 0.95, "chi2_df": 3, "chi2_threshold": 7.814727903251179, "N_raw": 112, "N_roi": 112, "N_inlier": 110, "refit": true}
