{"timestamp": "12:09:58.083859", "frame": 1, "mu": [2.0283450972413637, 1.3900144405258732, 1.0891654658610168], "Sigma": [[0.004207519588409522, -0.008209796503882125, 0.011664491256700603], [-0.008209796503882125, 0.02198274474122701, -0.03384229382485794], [0.011664491256700603, -0.03384229382485794, 0.05387254125578748]], "chi2_level": 0.95, "chi2_df": 3, "chi2_threshold": 7.814727903251179, "N_raw": 7, "N_roi": 7, "N_inlier": 6, "refit": true}
{"timestamp": "12:09:58.139013", "frame": 2, "mu": [2.003699781015214, 1.4598007564126585, 1.0795615285457856], "Sigma": [[0.005505381778726734, -0.007218423967170198, 0.007183954075596122], [-0.0072184239671702, 0.02738179982436799, -0.031465500259994145], [0.0071839540755961225, -0.031465500259994145, 0.03702316817813412]], "chi2_level": 0.95, "chi2_df": 3, "chi2_threshold": 7.814727903251179, "N_raw": 5, "N_roi": 5, "N_inlier": 5, "refit": true}
{"timestamp": "12:09:58.358360", "frame": 6, "mu": [2.1217902594241815, 1.2899803375765213, 1.0724002869169083], "Sigma": [[0.0005787657482005095, 0.0003259604367915372, -0.0033850400228232903], [0.0003259604367915372, 0.0014804449858714615, -0.003205085734985712], [-0.0033850400228232908, -0.0032050857349857124, 0.02125779119775115]], "chi2_level": 0.95, "chi2_df": 3, "chi2_threshold": 7.814727903251179, "N_raw": 6, "N_roi": 5, "N_inlier": 5, "refit": true}
{"timestamp": "12:09:58.413978", "frame": 7, "mu": [2.029501695537753, 1.3384308304782728, 1.2596940656942959], "Sigma": [[0.003925836767515356, -0.0014189551378193548, -0.010790214061539193], [-0.0014189551378193548, 0.007041336325784498, -0.006819265681455585], [-0.010790214061539195, -0.006819265681455585, 0.056215206420475394]], "chi2_level": 0.95, "chi2_df": 3, "chi2_threshold": 7.814727903251179, "N_raw": 7, "N_roi": 7, "N_inlier": 7, "refit": true}
{"timestamp": "12:09:58.468811", "frame": 8, "mu": [2.1344869402460365, 1.2096755056069783, 1.0529759994889387], "Sigma": [[0.0015940103755663897, -0.0025351802229855664, -0.004221765490314175], [-0.0025351802229855664, 0.010209758189177376, 0.006102283421238759], [-0.004221765490314174, 0.00610228342123876, 0.028469907821474495]], "chi2_level": 0.95, "chi2_df": 3, "chi2_threshold": 7.814727903251179, "N_raw": 9, "N_roi": 9, "N_inlier": 8, "refit": true}
{"timestamp": "12:09:58.523781", "frame": 9, "mu": [1.9543686475543505, 1.5099372228597798, 1.0174019878852958], "Sigma": [[0.0015494635490084622, -0.0035571643783979465, -0.00033876817791610457], [-0.0035571643783979465, 0.021246328483298646, -0.005715221380998386], [-0.00033876817791610457, -0.005715221380998386, 0.0039486972056865625]], "chi2_level": 0.95, "chi2_df": 3, "chi2_threshold": 7.814727903251179, "N_raw": 5, "N_roi": 5, "N_inlier": 5, "refit": true}
{"timestamp": "12:09:58.580617", "frame": 10, "mu": [2.0329177630737343, 1.3372915886924366, 1.1501233933081343], "Sigma": [[0.0027559960562934757, -0.0039151315811516135, 0.0002767079940671843], [-0.0039151315811516135, 0.01548088292928677, -0.006527732661258775], [0.0002767079940671843, -0.006527732661258775, 0.006148156737569933]], "chi2_level": 0.95, "chi2_df": 3, "chi2_threshold": 7.814727903251179, "N_raw": 18, "N_roi": 18, "N_inlier": 17, "refit": true}
{"timestamp": "12:09:58.634889", "frame": 11, "mu": [2.056727181391593, 1.254474469327541, 1.158085971298373], "Sigma": [[0.004271392303621084, -0.007482520007830904, -0.002695992644586834], [-0.007482520007830904, 0.01705467511443628, -0.0027227012331853973], [-0.002695992644586834, -0.0027227012331853973, 0.020074241842611314]], "chi2_level": 0.95, "chi2_df": 3, "chi2_threshold": 7.814727903251179, "N_raw": 13, "N_roi": 13, "N_inlier": 10, "refit": true}
{"timestamp": "12:09:58.691234", "frame": 12, "mu": [2.0613235086154367, 1.2800377974665278, 1.1145815547866924], "Sigma": [[0.0037506836560778265, -0.004128873505131057, -0.002350433803360785], [-0.004128873505131057, 0.007717003066056217, 0.001265515700414222], [-0.002350433803360785, 0.001265515700414222, 0.00256583846599829]], "chi2_level": 0.95, "chi2_df": 3, "chi2_threshold": 7.814727903251179, "N_raw": 20, "N_roi": 20, "N_inlier": 18, "refit": true}
{"timestamp": "12:09:58.747424", "frame": 13, "mu": [2.0717621780325355, 1.2356808766869514, 1.1528813453201365], "Sigma": [[0.005346516146594589, -0.00446592338487399, -0.004874778772796379], [-0.00446592338487399, 0.008711532857131722, 7.050095610281588e-05], [-0.004874778772796377, 7.050095610281588e-05, 0.009725545355107746]], "chi2_level": 0.95, "chi2_df": 3, "chi2_threshold": 7.814727903251179, "N_raw": 32, "N_roi": 32, "N_inlier": 30, "refit": true}
{"timestamp": "12:09:58.858029", "frame": 15, "mu": [2.033403301944683, 1.200722088991758, 0.9572513483493825], "Sigma": [[0.00775505288481328, -0.009889650619769166, -0.013422434176111503], [-0.009889650619769166, 0.016106483423273362, 0.013099157430139816], [-0.013422434176111503, 0.013099157430139818, 0.04101980269307675]], "chi2_level": 0.95, "chi2_df": 3, "chi2_threshold": 7.814727903251179, "N_raw": 20, "N_roi": 20, "N_inlier": 19, "refit": true}
{"timestamp": "12:09:58.913069", "frame": 16, "mu": [2.085355145403077, 1.1668239565297833, 0.9946243730163191], "Sigma": [[0.004061994814183096, -0.005131613404779661, -0.00457992704763441], [-0.005131613404779661, 0.00906539310032927, 0.0030780345994561326], [-0.00457992704763441, 0.0030780345994561326, 0.021145543742261578]], "chi2_level": 0.95, "chi2_df": 3, "chi2_threshold": 7.814727903251179, "N_raw": 22, "N_roi": 22, "N_inlier": 21, "refit": true}
{"timestamp": "12:09:58.970295", "frame": 17, "mu": [1.9812888103633788, 1.2294543772368465, 1.226380984862837], "Sigma": [[0.006229214085571693, -0.00460247955369776, -0.0028410855314014776], [-0.00460247955369776, 0.007843365242689438, 0.0005671600792383439], [-0.0028410855314014776, 0.0005671600792383439, 0.014385338280233327]], "chi2_level": 0.95, "chi2_df": 3, "chi2_threshold": 7.814727903251179, "N_raw": 30, "N_roi": 30, "N_inlier": 28, "refit": true}
{"timestamp": "12:09:59.024746", "frame": 18, "mu": [1.9871488062567202, 1.138582454295425, 1.2451758989083022], "Sigma": [[0.006928661365168076, -0.0039977918220639435, -0.004126630889952745], [-0.0039977918220639435, 0.006378823577770033, -0.00036816398314957165], [-0.004126630889952745, -0.00036816398314957165, 0.008314357461617398]], "chi2_level": 0.95, "chi2_df": 3, "chi2_threshold": 7.814727903251179, "N_raw": 30, "N_roi": 30, "N_inlier": 28, "refit": true}
{"timestamp": "12:09:59.076294", "frame": 19, "mu": [1.9478019313362227, 1.1257378039292645, 1.1741568396795024], "Sigma": [[0.002395882491324533, -0.0008089799922133996, -0.0014586681030924482], [-0.0008089799922133996, 0.003598149176803352, 0.006291834302926914], [-0.001458668103092448, 0.006291834302926914, 0.03593470067210967]], "chi2_level": 0.95, "chi2_df": 3, "chi2_threshold": 7.814727903251179, "N_raw": 14, "N_roi": 14, "N_inlier": 13, "refit": true}
{"timestamp": "12:09:59.131872", "frame": 20, "mu": [1.9581403454528967, 1.0764931360382002, 1.2252432756625655], "Sigma": [[0.00194149292157293, -0.0014122294593996781, -0.0011647428050760179], [-0.0014122294593996781, 0.004334554851365704, -0.0008905961155859081], [-0.0011647428050760179, -0.0008905961155859079, 0.0021412656241991445]], "chi2_level": 0.95, "chi2_df": 3, "chi2_threshold": 7.814727903251179, "N_raw": 14, "N_roi": 14, "N_inlier": 11, "refit": true}
{"timestamp": "12:09:59.186357", "frame": 21, "mu": [1.8823039948131353, 1.0243324977477954, 1.1112487297361215], "Sigma": [[0.005030421589685195, -0.00306878094425574, -0.007102308444558423], [-0.0030687809442557397, 0.007308887318690568, -0.010833204252136753], [-0.007102308444558422, -0.010833204252136752, 0.09760259971611526]], "chi2_level": 0.95, "chi2_df": 3, "chi2_threshold": 7.814727903251179, "N_raw": 9, "N_roi": 9, "N_inlier": 9, "refit": true}
{"timestamp": "12:09:59.246493", "frame": 22, "mu": [1.8511725457391222, 0.9765428746508705, 1.2011685005609651], "Sigma": [[0.007097480809159894, -0.005432199202785455, -0.0024234663365277193], [-0.005432199202785455, 0.011261724080788023, -0.0013231583288759923], [-0.0024234663365277193, -0.0013231583288759923, 0.002866097485557411]], "chi2_level": 0.95, "chi2_df": 3, "chi2_threshold": 7.814727903251179, "N_raw": 39, "N_roi": 39, "N_inlier": 37, "refit": true}
{"timestamp": "12:09:59.299725", "frame": 23, "mu": [1.798818590938501, 0.9721847273201704, 1.2546314672366712], "Sigma": [[0.0039931729578085735, -0.0020374238195272564, -0.0031171022373066666], [-0.002037423819527256, 0.0050893190324861615, -0.002162237363916746], [-0.0031171022373066666, -0.0021622373639167466, 0.007855079322356543]], "chi2_level": 0.95, "chi2_df": 3, "chi2_threshold": 7.814727903251179, "N_raw": 28, "N_roi": 28, "N_inlier": 26, "refit": true}
{"timestamp": "12:09:59.355492", "frame": 24, "mu": [1.7649887816318153, 0.9154539351058343, 1.2770279511314633], "Sigma": [[0.008600515721995931, -0.005668072224956189, -0.005465326101230473], [-0.005668072224956188, 0.008144045497284142, 0.001910088940847299], [-0.005465326101230472, 0.0019100889408472993, 0.005000132938082594]], "chi2_level": 0.95, "chi2_df": 3, "chi2_threshold": 7.814727903251179, "N_raw": 33, "N_roi": 33, "N_inlier": 31, "refit": true}
{"timestamp": "12:09:59.409518", "frame": 25, "mu": [1.7302364802665653, 0.9144936476120321, 1.2921068778733122], "Sigma": [[0.006173972261202912, -0.003875569929999917, -0.001987035674151802], [-0.0038755699299999166, 0.007111719432176019, -0.000618544234646585], [-0.001987035674151802, -0.0006185442346465851, 0.0029234277545135325]], "chi2_level": 0.95, "chi2_df": 3, "chi2_threshold": 7.814727903251179, "N_raw": 29, "N_roi": 29, "N_inlier": 27, "refit": true}
{"timestamp": "12:09:59.464814", "frame": 26, "mu": [1.7500494707130643, 0.8198937244142754, 1.2138357010312701], "Sigma": [[0.0068762608950033435, -0.00518999978727352, -0.002381703075618083], [-0.00518999978727352, 0.014506946230013432, 0.001991209505877738], [-0.002381703075618083, 0.0019912095058777384, 0.008610607741543087]], "chi2_level": 0.95, "chi2_df": 3, "chi2_threshold": 7.814727903251179, "N_raw": 31, "N_roi": 31, "N_inlier": 28, "refit": true}
{"timestamp": "12:09:59.517914", "frame": 27, "mu": [1.734777591755209, 0.7603465433175705, 1.1015515329168966], "Sigma": [[0.0044402962113631065, -0.010178725328413542, 0.0008408290872268024], [-0.01017872532841354, 0.031022702067700997, 0.0029958608009864078], [0.0008408290872268028, 0.002995860800986407, 0.029739759995590358]], "chi2_level": 0.95, "chi2_df": 3, "chi2_threshold": 7.814727903251179, "N_raw": 21, "N_roi": 21, "N_inlier": 19, "refit": true}
{"timestamp": "12:09:59.574962", "frame": 28, "mu": [1.66397125663733, 0.857594880787269, 1.0899438861157313], "Sigma": [[0.007504459837300361, -0.017338413673051778, 0.00972787172493246], [-0.017338413673051778, 0.051993550714330095, -0.03943579979164688], [0.00972787172493246, -0.03943579979164688, 0.039664931996095984]], "chi2_level": 0.95, "chi2_df": 3, "chi2_threshold": 7.814727903251179, "N_raw": 33, "N_roi": 33, "N_inlier": 31, "refit": true}
{"timestamp": "12:09:59.628968", "frame": 29, "mu": [1.651387080259396, 0.9360673988950823, -0.6960738928616009], "Sigma": [[0.004940592999046441, -0.008663853252829763, 0.0029375172491328955], [-0.008663853252829763, 0.02698194634364192, -0.012478298037139577], [0.0029375172491328955, -0.012478298037139578, 0.00808535355677491]], "chi2_level": 0.95, "chi2_df": 3, "chi2_threshold": 7.814727903251179, "N_raw": 25, "N_roi": 25, "N_inlier": 22, "refit": true}
{"timestamp": "12:09:59.682871", "frame": 30, "mu": [1.5886127381007422, 0.808490686676074, 1.2452856747224905], "Sigma": [[0.007109473908110636, -0.004687204404331525, -0.010401061328874969], [-0.0046872044043315235, 0.005855693369929114, 0.005861299881262833], [-0.010401061328874969, 0.005861299881262833, 0.01997651183603469]], "chi2_level": 0.95, "chi2_df": 3, "chi2_threshold": 7.814727903251179, "N_raw": 19, "N_roi": 19, "N_inlier": 16, "refit": true}
{"timestamp": "12:09:59.740548", "frame": 31, "mu": [1.5258781456506045, 0.840870597800865, 1.3379652427667088], "Sigma": [[0.006806345644912505, -0.00489389425130257, -0.00828814485873907], [-0.00489389425130257, 0.006545823211659464, 0.0033453270899673716], [-0.00828814485873907, 0.0033453270899673716, 0.015081897668768175]], "chi2_level": 0.95, "chi2_df": 3, "chi2_threshold": 7.814727903251179, "N_raw": 35, "N_roi": 35, "N_inlier": 30, "refit": true}
{"timestamp": "12:09:59.791867", "frame": 32, "mu": [1.4572336368990786, 0.8958364692339471, 1.1196929570584166], "Sigma": [[0.0038132192628635704, 0.0006811378692911608, -0.01882398913571154], [0.0006811378692911607, 0.005686957396516147, 8.978129408385898e-05], [-0.018823989135711535, 8.978129408385898e-05, 0.11524037822594127]], "chi2_level": 0.95, "chi2_df": 3, "chi2_threshold": 7.814727903251179, "N_raw": 11, "N_roi": 10, "N_inlier": 10, "refit": true}
{"timestamp": "12:09:59.852309", "frame": 33, "mu": [1.445134928186966, 0.8014804384946672, 1.1858943867538783], "Sigma": [[0.00663386447412836, -0.00575740973897381, -0.0017299571583997673], [-0.00575740973897381, 0.010523129522506025, -0.009532155084312205], [-0.0017299571583997671, -0.009532155084312204, 0.05426548932592203]], "chi2_level": 0.95, "chi2_df": 3, "chi2_threshold": 7.814727903251179, "N_raw": 43, "N_roi": 43, "N_inlier": 42, "refit": true}
{"timestamp": "12:09:59.903957", "frame": 34, "mu": [1.3980536596311426, 0.7591606586577588, 1.3268384851902186], "Sigma": [[0.013724149433466675, -0.014807247070050229, -0.013185368122851295], [-0.014807247070050229, 0.018116788344806754, 0.014281468570863782], [-0.013185368122851295, 0.014281468570863782, 0.014894281120377722]], "chi2_level": 0.95, "chi2_df": 3, "chi2_threshold": 7.814727903251179, "N_raw": 24, "N_roi": 24, "N_inlier": 24, "refit": true}
{"timestamp": "12:09:59.957133", "frame": 35, "mu": [1.3740463270604284, 0.952117978967824, -0.6902496187038276], "Sigma": [[0.00386417303348548, -0.0022023221662698343, -0.0012986775203721705], [-0.0022023221662698343, 0.008104304110629675, -0.01292194334986275], [-0.0012986775203721705, -0.01292194334986275, 0.03214910542424455]], "chi2_level": 0.95, "chi2_df": 3, "chi2_threshold": 7.814727903251179, "N_raw": 12, "N_roi": 12, "N_inlier": 11, "refit": true}
{"timestamp": "12:10:00.017065", "frame": 36, "mu": [1.2196344866837319, 0.8503887326477362, 1.2807394778943122], "Sigma": [[0.00883489976010274, -0.00941363304141939, -0.013121066083113782], [-0.00941363304141939, 0.011646233472569654, 0.012969720006565853], [-0.01312106608311378, 0.012969720006565853, 0.0635989327365917]], "chi2_level": 0.95, "chi2_df": 3, "chi2_threshold": 7.814727903251179, "N_raw": 48, "N_roi": 48, "N_inlier": 46, "refit": true}
{"timestamp": "12:10:00.068974", "frame": 37, "mu": [1.2484658006401064, 0.74937289027143, 1.3705488162203745], "Sigma": [[0.006347937597078781, -0.005064991952390935, -0.004947205457783547], [-0.005064991952390935, 0.004556296370914232, 0.0032637264970137338], [-0.004947205457783547, 0.0032637264970137338, 0.005186779805406344]], "chi2_level": 0.95, "chi2_df": 3, "chi2_threshold": 7.814727903251179, "N_raw": 24, "N_roi": 24, "N_inlier": 20, "refit": true}
{"timestamp": "12:10:00.127540", "frame": 38, "mu": [1.2559570151335702, 0.6732332597465926, 1.2479114112305674], "Sigma": [[0.004294777928638809, -0.002541992246300597, -0.0013480911464518533], [-0.002541992246300597, 0.010263397408780073, -0.001442619982193793], [-0.0013480911464518533, -0.001442619982193793, 0.0020168923720730843]], "chi2_level": 0.95, "chi2_df": 3, "chi2_threshold": 7.814727903251179, "N_raw": 45, "N_roi": 45, "N_inlier": 39, "refit": true}
{"timestamp": "12:10:00.185272", "frame": 39, "mu": [1.0691189558495444, 0.8807189021960611, 1.3949291102427932], "Sigma": [[0.011606796007892755, -0.005829971655741664, -0.008684964791576925], [-0.005829971655741665, 0.005710537945298188, 0.00226388699320274], [-0.008684964791576925, 0.00226388699320274, 0.008938050752541749]], "chi2_level": 0.95, "chi2_df": 3, "chi2_threshold": 7.814727903251179, "N_raw": 67, "N_roi": 67, "N_inlier": 64, "refit": true}
{"timestamp": "12:10:00.236417", "frame": 40, "mu": [0.957432821078513, 0.9109752528774306, 1.4510989439125148], "Sigma": [[0.011912476381259912, -0.00803403850525405, -0.013723233743684294], [-0.00803403850525405, 0.009029715461465134, 0.009730493226572004], [-0.013723233743684293, 0.009730493226572004, 0.018071974638509833]], "chi2_level": 0.95, "chi2_df": 3, "chi2_threshold": 7.814727903251179, "N_raw": 41, "N_roi": 41, "N_inlier": 38, "refit": true}
{"timestamp": "12:10:00.289604", "frame": 41, "mu": [0.9296843306399698, 0.8827621358513315, 1.3744448760949497], "Sigma": [[0.011764033045317776, -0.005500775199912501, -0.01850454067997049], [-0.0055007751999125, 0.006634553429572463, 0.0026913965776197133], [-0.01850454067997049, 0.0026913965776197133, 0.04097432828738175]], "chi2_level": 0.95, "chi2_df": 3, "chi2_threshold": 7.814727903251179, "N_raw": 23, "N_roi": 23, "N_inlier": 21, "refit": true}
{"timestamp": "12:10:00.341984", "frame": 42, "mu": [0.941800540409368, 0.845215508100138, 1.1304485371060695], "Sigma": [[0.011177494683766371, -0.00921383922373166, -0.001745959951365189], [-0.00921383922373166, 0.015873870040590505, -0.014802904155382223], [-0.001745959951365189, -0.014802904155382225, 0.09805772405765793]], "chi2_level": 0.95, "chi2_df": 3, "chi2_threshold": 7.814727903251179, "N_raw": 11, "N_roi": 11, "N_inlier": 10, "refit": true}
{"timestamp": "12:10:00.398922", "frame": 43, "mu": [0.831462048894488, 0.7750838229246828, 1.0719163197722241], "Sigma": [[0.008801763430545418, -0.003692069879937298, -0.009229803435310617], [-0.0036920698799372985, 0.04371632827460389, 0.07914079506508635], [-0.009229803435310617, 0.07914079506508635, 0.27382025997171505]], "chi2_level": 0.95, "chi2_df": 3, "chi2_threshold": 7.814727903251179, "N_raw": 20, "N_roi": 20, "N_inlier": 20, "refit": true}
{"timestamp": "12:10:00.460552", "frame": 44, "mu": [0.7972418233469383, 0.8621583400264188, 1.3961069543863536], "Sigma": [[0.006064239446950015, -0.0018804976436631155, -0.005764346224218388], [-0.0018804976436631153, 0.0037411999375169423, -0.001105775846773557], [-0.005764346224218388, -0.0011057758467735567, 0.02435876808690128]], "chi2_level": 0.95, "chi2_df": 3, "chi2_threshold": 7.814727903251179, "N_raw": 68, "N_roi": 68, "N_inlier": 61, "refit": true}
{"timestamp": "12:10:00.512796", "frame": 45, "mu": [0.7212992921287525, 0.8210631304725189, 1.4427335985753424], "Sigma": [[0.004721984876626559, 0.00020371535764398237, -0.002682785248508953], [0.00020371535764398237, 0.0031077110003831536, -0.001376781464522798], [-0.0026827852485089526, -0.001376781464522798, 0.0024119997646408226]], "chi2_level": 0.95, "chi2_df": 3, "chi2_threshold": 7.814727903251179, "N_raw": 54, "N_roi": 54, "N_inlier": 52, "refit": true}
{"timestamp": "12:10:00.566559", "frame": 46, "mu": [0.6680472964186973, 0.7710981062907194, 1.4775979360395555], "Sigma": [[0.00308081587927696, -0.0004067106867651953, -0.0014806957433450515], [-0.0004067106867651953, 0.002378639882958152, -0.0010022887688068676], [-0.0014806957433450515, -0.0010022887688068676, 0.0016443311997175376]], "chi2_level": 0.95, "chi2_df": 3, "chi2_threshold": 7.814727903251179, "N_raw": 40, "N_roi": 40, "N_inlier": 39, "refit": true}
{"timestamp": "12:10:00.626490", "frame": 47, "mu": [0.6532189376660212, 0.738599221108226, 1.4197834694933957], "Sigma": [[0.005592233463157451, -0.0005609514442456527, -0.003999790431422121], [-0.0005609514442456527, 0.0021683165804223248, -0.0017649432968483883], [-0.00399979043142212, -0.0017649432968483883, 0.006039486126240609]], "chi2_level": 0.95, "chi2_df": 3, "chi2_threshold": 7.814727903251179, "N_raw": 74, "N_roi": 74, "N_inlier": 72, "refit": true}
{"timestamp": "12:10:00.680816", "frame": 48, "mu": [0.6281065456949206, 0.7177031173235192, 1.4372919559711652], "Sigma": [[0.006707841072102629, -0.002179858943170417, -0.004166687750460873], [-0.002179858943170417, 0.002875361853740769, -9.114986258893897e-05], [-0.004166687750460872, -9.114986258893897e-05, 0.00408974504078121]], "chi2_level": 0.95, "chi2_df": 3, "chi2_threshold": 7.814727903251179, "N_raw": 71, "N_roi": 71, "N_inlier": 67, "refit": true}
{"timestamp": "12:10:00.734696", "frame": 49, "mu": [0.5911042227951621, 0.7419632073535897, 1.434683483581333], "Sigma": [[0.004294879365780119, -0.0006322582827538527, -0.0017767848501479722], [-0.0006322582827538528, 0.0024743914776964946, -0.0017161723422628931], [-0.0017767848501479722, -0.0017161723422628931, 0.0026599375588118083]], "chi2_level": 0.95, "chi2_df": 3, "chi2_threshold": 7.814727903251179, "N_raw": 65, "N_roi": 65, "N_inlier": 62, "refit": true}
{"timestamp": "12:10:00.786670", "frame": 50, "mu": [0.45739438147917516, 0.7294072236230271, 1.441559719956319], "Sigma": [[0.0013303083662635099, -0.0006944453011551447, -0.0005882369249815071], [-0.0006944453011551447, 0.0026487239131418156, -0.001556780783849175], [-0.000588236924981507, -0.0015567807838491748, 0.002878447690598566]], "chi2_level": 0.95, "chi2_df": 3, "chi2_threshold": 7.814727903251179, "N_raw": 42, "N_roi": 42, "N_inlier": 41, "refit": true}
{"timestamp": "12:10:00.840049", "frame": 51, "mu": [0.38951388121025204, 0.7600056000885186, 1.4842249644030745], "Sigma": [[0.001458615492865884, -0.0007741989356958904, 0.0011597792877042173], [-0.0007741989356958902, 0.0015049277403236894, -0.002069617039738166], [0.0011597792877042173, -0.002069617039738166, 0.003286663344144703]], "chi2_level": 0.95, "chi2_df": 3, "chi2_threshold": 7.814727903251179, "N_raw": 34, "N_roi": 33, "N_inlier": 31, "refit": true}
{"timestamp": "12:10:00.899388", "frame": 52, "mu": [0.39058665462482395, 0.7564973635290602, 1.4608922977421621], "Sigma": [[0.010939322440637082, -0.005050609366426848, -0.0021330163223933587], [-0.005050609366426848, 0.004414392052479796, -0.0009373147443383848], [-0.0021330163223933583, -0.0009373147443383848, 0.003719065974853157]], "chi2_level": 0.95, "chi2_df": 3, "chi2_threshold": 7.814727903251179, "N_raw": 62, "N_roi": 62, "N_inlier": 61, "refit": true}
{"timestamp": "12:10:00.956681", "frame": 53, "mu": [0.3481092722790809, 0.8545200072462126, -0.3373813431964407], "Sigma": [[0.0033178092075107747, -0.0007069862926897203, -0.002920267488095849], [-0.0007069862926897205, 0.003350175321421948, -0.0014705830535088698], [-0.0029202674880958487, -0.0014705830535088698, 0.007505763104949329]], "chi2_level": 0.95, "chi2_df": 3, "chi2_threshold": 7.814727903251179, "N_raw": 78, "N_roi": 78, "N_inlier": 74, "refit": true}
{"timestamp": "12:10:01.007395", "frame": 54, "mu": [0.3123870017293479, 0.7060525357630631, 1.4745741664338774], "Sigma": [[0.00206701546919977, -0.0011231660799602315, -0.0011644349288202002], [-0.0011231660799602315, 0.001448158474095365, -0.000877847566799704], [-0.0011644349288202002, -0.0008778475667997041, 0.006980137026268286]], "chi2_level": 0.95, "chi2_df": 3, "chi2_threshold": 7.814727903251179, "N_raw": 42, "N_roi": 42, "N_inlier": 36, "refit": true}
{"timestamp": "12:10:01.060882", "frame": 55, "mu": [0.24184294108573773, 0.7389548643278891, 1.424547256482396], "Sigma": [[0.0011845427454340138, -0.00015101078284025736, 0.00013201989621470156], [-0.00015101078284025736, 0.001985029417703613, 0.0018348967710063305], [0.00013201989621470177, 0.0018348967710063305, 0.13743107684836564]], "chi2_level": 0.95, "chi2_df": 3, "chi2_threshold": 7.814727903251179, "N_raw": 41, "N_roi": 41, "N_inlier": 38, "refit": true}
{"timestamp": "12:10:01.117354", "frame": 56, "mu": [0.24482509220735346, 0.73279836343847, 1.4129788500826987], "Sigma": [[0.001535685138608214, -0.0005544847384616384, -0.0022728978616800835], [-0.0005544847384616384, 0.001670447155107668, 0.002634855099336476], [-0.002272897861680083, 0.002634855099336476, 0.014139551441144364]], "chi2_level": 0.95, "chi2_df": 3, "chi2_threshold": 7.814727903251179, "N_raw": 47, "N_roi": 47, "N_inlier": 42, "refit": true}
{"timestamp": "12:10:01.172910", "frame": 57, "mu": [0.18689273388616573, 0.7621902326575487, 1.4189769395737553], "Sigma": [[0.0015776871678410396, 0.00024159431844223426, -0.0005747790210123523], [0.00024159431844223426, 0.0009445902061505643, -0.0010080531474093645], [-0.0005747790210123523, -0.0010080531474093645, 0.008064829994014653]], "chi2_level": 0.95, "chi2_df": 3, "chi2_threshold": 7.814727903251179, "N_raw": 54, "N_roi": 53, "N_inlier": 48, "refit": true}
{"timestamp": "12:10:01.226303", "frame": 58, "mu": [0.14308717312459698, 0.7557810715055857, 1.3390466004870474], "Sigma": [[0.0014104977171713684, -0.0003883055194433157, -0.0004157570465764363], [-0.00038830551944331576, 0.00047133047521786533, 0.0011752989930467043], [-0.0004157570465764362, 0.0011752989930467043, 0.00976513137610296]], "chi2_level": 0.95, "chi2_df": 3, "chi2_threshold": 7.814727903251179, "N_raw": 43, "N_roi": 43, "N_inlier": 38, "refit": true}
{"timestamp": "12:10:01.280648", "frame": 59, "mu": [0.11828840210234656, 0.7250254702539889, 1.2945577240816415], "Sigma": [[0.0008202362739640427, -0.00022000892076306163, -0.0007629120296078957], [-0.00022000892076306166, 0.003656757088006119, 0.003788885025014634], [-0.0007629120296078956, 0.003788885025014634, 0.04304444482346462]], "chi2_level": 0.95, "chi2_df": 3, "chi2_threshold": 7.814727903251179, "N_raw": 32, "N_roi": 32, "N_inlier": 29, "refit": true}
{"timestamp": "12:10:01.336477", "frame": 60, "mu": [-0.0416803280439009, 0.7854366794066601, 1.502476911129787], "Sigma": [[0.0013963555439487072, -0.0005121495406196051, -0.001101233562204548], [-0.0005121495406196052, 0.0013582995540246934, -0.000517021680107763], [-0.001101233562204548, -0.000517021680107763, 0.0018187691490477466]], "chi2_level": 0.95, "chi2_df": 3, "chi2_threshold": 7.814727903251179, "N_raw": 32, "N_roi": 32, "N_inlier": 27, "refit": true}
{"timestamp": "12:10:01.389934", "frame": 61, "mu": [-0.05654858337196721, 0.7790379772336206, 1.4705016249534073], "Sigma": [[0.0010588505221670464, -0.00017220083716082624, -0.0008048684906045366], [-0.00017220083716082627, 0.000950733454644521, -0.0011494586749793332], [-0.0008048684906045366, -0.0011494586749793332, 0.0028281533041963096]], "chi2_level": 0.95, "chi2_df": 3, "chi2_threshold": 7.814727903251179, "N_raw": 35, "N_roi": 35, "N_inlier": 34, "refit": true}
{"timestamp": "12:10:01.451173", "frame": 62, "mu": [-0.08384261531666413, 0.7647763978785053, 1.4377594811409296], "Sigma": [[0.002183488872883206, -0.0013067121437758881, -0.002283624407124399], [-0.0013067121437758881, 0.002619252574832061, -0.001561709269591889], [-0.002283624407124399, -0.001561709269591889, 0.008945629075278334]], "chi2_level": 0.95, "chi2_df": 3, "chi2_threshold": 7.814727903251179, "N_raw": 80, "N_roi": 80, "N_inlier": 79, "refit": true}
{"timestamp": "12:10:01.504237", "frame": 63, "mu": [-0.17436961626012415, 0.7805493000601929, 1.5284594212307223], "Sigma": [[0.0022325220779248053, -0.00168576811610477, -0.0015478864163661547], [-0.0016857681161047701, 0.003785616210284756, 0.0017176765659896855], [-0.0015478864163661547, 0.0017176765659896855, 0.013867575060947096]], "chi2_level": 0.95, "chi2_df": 3, "chi2_threshold": 7.814727903251179, "N_raw": 57, "N_roi": 57, "N_inlier": 54, "refit": true}
{"timestamp": "12:10:01.560265", "frame": 64, "mu": [-0.19955033057124844, 0.7823518827990893, 1.4836301585818252], "Sigma": [[0.0017213332858987851, -9.913012796949818e-05, -0.0009400631514823218], [-9.913012796949815e-05, 0.0028159392950570907, -0.002992889089487853], [-0.0009400631514823218, -0.002992889089487853, 0.004118092437522919]], "chi2_level": 0.95, "chi2_df": 3, "chi2_threshold": 7.814727903251179, "N_raw": 68, "N_roi": 68, "N_inlier": 65, "refit": true}
{"timestamp": "12:10:01.610213", "frame": 65, "mu": [-0.2721566144917137, 0.7767839158660954, 1.5156674130929517], "Sigma": [[0.00205445464100551, -0.0014095514398188421, 0.007021083245894991], [-0.0014095514398188421, 0.002470101883866657, -0.007320098788125995], [0.007021083245894993, -0.007320098788125995, 0.06478422459222251]], "chi2_level": 0.95, "chi2_df": 3, "chi2_threshold": 7.814727903251179, "N_raw": 31, "N_roi": 31, "N_inlier": 26, "refit": true}
{"timestamp": "12:10:01.668675", "frame": 66, "mu": [-0.27581542371780027, 0.7039124713280851, 1.3869184511675126], "Sigma": [[0.00179275911476664, -0.0011162620662474613, -0.0005102437426322796], [-0.0011162620662474615, 0.003031831570849996, -0.00145391018952444], [-0.0005102437426322797, -0.00145391018952444, 0.0033991712300086765]], "chi2_level": 0.95, "chi2_df": 3, "chi2_threshold": 7.814727903251179, "N_raw": 59, "N_roi": 59, "N_inlier": 56, "refit": true}
{"timestamp": "12:10:01.727459", "frame": 67, "mu": [-0.3430357980344365, 0.8722272535104715, -0.39185854359906447], "Sigma": [[0.00206578440254243, -0.0015104384629513958, -0.0005841741724648174], [-0.0015104384629513958, 0.0038252790528158958, -0.0037905385965131422], [-0.0005841741724648175, -0.0037905385965131422, 0.007621554855294002]], "chi2_level": 0.95, "chi2_df": 3, "chi2_threshold": 7.814727903251179, "N_raw": 74, "N_roi": 71, "N_inlier": 68, "refit": true}
{"timestamp": "12:10:01.781388", "frame": 68, "mu": [-0.4087228727900472, 0.7265975758744421, 1.4141754650864728], "Sigma": [[0.003579701875647011, -0.003615822859198422, -0.003489198016858743], [-0.003615822859198422, 0.004373837812256126, 0.002462398454085798], [-0.0034891980168587433, 0.0024623984540857982, 0.010703648720804754]], "chi2_level": 0.95, "chi2_df": 3, "chi2_threshold": 7.814727903251179, "N_raw": 72, "N_roi": 71, "N_inlier": 67, "refit": true}
{"timestamp": "12:10:01.842661", "frame": 69, "mu": [-0.4590478957985813, 0.7289165129251901, 1.4266091535325083], "Sigma": [[0.005102145690300622, -0.003393763676656926, -0.005362402883929016], [-0.003393763676656926, 0.00615341668885679, 0.004646125785882885], [-0.005362402883929017, 0.004646125785882886, 0.015489925302432988]], "chi2_level": 0.95, "chi2_df": 3, "chi2_threshold": 7.814727903251179, "N_raw": 89, "N_roi": 89, "N_inlier": 75, "refit": true}
{"timestamp": "12:10:01.890942", "frame": 70, "mu": [-0.48428830695659564, 0.6149026676290874, 1.2551147385175048], "Sigma": [[0.004203924418988978, -0.002794937180597346, -0.003089140854704018], [-0.0027949371805973465, 0.005591856723270497, -0.0013136388471359692], [-0.0030891408547040183, -0.0013136388471359692, 0.006535711847936601]], "chi2_level": 0.95, "chi2_df": 3, "chi2_threshold": 7.814727903251179, "N_raw": 73, "N_roi": 73, "N_inlier": 63, "refit": true}
{"timestamp": "12:10:01.946546", "frame": 71, "mu": [-0.80891753366213, 0.6611167338692217, 1.7046671777625306], "Sigma": [[0.018574424402630914, 0.00789624832734525, -0.01606073300374156], [0.00789624832734525, 0.007175862244429457, -0.009524529261526209], [-0.01606073300374156, -0.009524529261526209, 0.018048217404435053]], "chi2_level": 0.95, "chi2_df": 3, "chi2_threshold": 7.814727903251179, "N_raw": 77, "N_roi": 75, "N_inlier": 69, "refit": true}
{"timestamp": "12:10:01.996601", "frame": 72, "mu": [-0.9015879293130002, 0.6177589826948319, 1.7303896436930513], "Sigma": [[0.007893693607964823, 0.003269075966245133, -0.0034968445085130817], [0.0032690759662451344, 0.006526183966395662, -0.005062625781110362], [-0.003496844508513082, -0.005062625781110362, 0.004587266618425638]], "chi2_level": 0.95, "chi2_df": 3, "chi2_threshold": 7.814727903251179, "N_raw": 42, "N_roi": 42, "N_inlier": 37, "refit": true}
{"timestamp": "12:10:02.051952", "frame": 73, "mu": [-0.9208671455770416, 0.6736506171069844, -0.12739895458681286], "Sigma": [[0.0070781342906281785, 0.0021988179511647143, -0.0009305727334969574], [0.002198817951164714, 0.006481498275076102, -0.00489456091702408], [-0.0009305727334969576, -0.00489456091702408, 0.004337353980168334]], "chi2_level": 0.95, "chi2_df": 3, "chi2_threshold": 7.814727903251179, "N_raw": 49, "N_roi": 49, "N_inlier": 45, "refit": true}
{"timestamp": "12:10:02.116812", "frame": 74, "mu": [-0.8585639962356267, 0.6558072511926651, 1.5491777153348476], "Sigma": [[0.01705572540605284, 0.0005483664289402912, -0.019215009981290575], [0.0005483664289402911, 0.003655559199127382, -0.002988393558504719], [-0.019215009981290575, -0.002988393558504719, 0.03709756302702777]], "chi2_level": 0.95, "chi2_df": 3, "chi2_threshold": 7.814727903251179, "N_raw": 109, "N_roi": 109, "N_inlier": 105, "refit": true}
{"timestamp": "12:10:02.172352", "frame": 75, "mu": [-0.9038799414233498, 0.7291871782876732, 0.39124087590219875], "Sigma": [[0.010087764662476567, 0.0001776184111285908, 0.05371476649240753], [0.0001776184111285906, 0.005449103357212109, 0.0024536611362013265], [0.05371476649240753, 0.0024536611362013256, 0.6132036975259829]], "chi2_level": 0.95, "chi2_df": 3, "chi2_threshold": 7.814727903251179, "N_raw": 114, "N_roi": 114, "N_inlier": 109, "refit": true}
{"timestamp": "12:10:02.231134", "frame": 76, "mu": [-0.8785054495728354, 0.8407086462769997, -0.49685493101245976], "Sigma": [[0.02622261176928398, 0.03211933047088802, -0.03266721784130633], [0.03211933047088802, 0.05694136879626999, -0.060311450789814314], [-0.03266721784130632, -0.060311450789814314, 0.08472182119370666]], "chi2_level": 0.95, "chi2_df": 3, "chi2_threshold": 7.814727903251179, "N_raw": 132, "N_roi": 132, "N_inlier": 132, "refit": true}
{"timestamp": "12:10:02.287376", "frame": 77, "mu": [-1.081585787779818, 0.6830237846738794, 1.512451046172124], "Sigma": [[0.04165102422147929, 0.024569045491764332, 0.026810801287727955], [0.024569045491764335, 0.02322624032177476, 0.017199441011378627], [0.026810801287727955, 0.017199441011378627, 0.04316538148891938]], "chi2_level": 0.95, "chi2_df": 3, "chi2_threshold": 7.814727903251179, "N_raw": 148, "N_roi": 148, "N_inlier": 129, "refit": true}
{"timestamp": "12:10:02.343368", "frame": 78, "mu": [-1.1753966792901451, 0.6575786779391931, 1.4539643566665807], "Sigma": [[0.058460147190072836, 0.031100071230195855, 0.04048478690639877], [0.03110007123019586, 0.02530654480672801, 0.02491612114605487], [0.04048478690639877, 0.02491612114605487, 0.0527179819703348]], "chi2_level": 0.95, "chi2_df": 3, "chi2_threshold": 7.814727903251179, "N_raw": 143, "N_roi": 143, "N_inlier": 127, "refit": true}
{"timestamp": "12:10:02.391817", "frame": 79, "mu": [-1.0728649763856217, 0.7734280369887976, 1.5936527642965044], "Sigma": [[0.009853603583783512, 0.0009286880758315641, -0.00540281920301392], [0.0009286880758315638, 0.013436727803654862, -8.282696718663995e-05], [-0.00540281920301392, -8.282696718663984e-05, 0.009030175223279863]], "chi2_level": 0.95, "chi2_df": 3, "chi2_threshold": 7.814727903251179, "N_raw": 102, "N_roi": 102, "N_inlier": 88, "refit": true}
{"timestamp": "12:10:02.443335", "frame": 80, "mu": [-1.1324521653003194, 0.6153915731475279, 1.3562273878986928], "Sigma": [[0.009212808974771185, 0.001912202509797025, -0.0035024122102136155], [0.0019122025097970245, 0.007442405362785096, -0.0006198381174349086], [-0.0035024122102136146, -0.000619838117434909, 0.015008361023683659]], "chi2_level": 0.95, "chi2_df": 3, "chi2_threshold": 7.814727903251179, "N_raw": 87, "N_roi": 87, "N_inlier": 80, "refit": true}
{"timestamp": "12:10:02.497745", "frame": 81, "mu": [-1.1828798610149438, 0.7889203408559025, 1.536242804017847], "Sigma": [[0.01081483062138205, 0.0013459791805464766, -0.0072147836524927116], [0.0013459791805464766, 0.010644457470695541, -0.0025213078087187885], [-0.0072147836524927116, -0.0025213078087187885, 0.009005926039845942]], "chi2_level": 0.95, "chi2_df": 3, "chi2_threshold": 7.814727903251179, "N_raw": 87, "N_roi": 87, "N_inlier": 82, "refit": true}
{"timestamp": "12:10:02.550454", "frame": 82, "mu": [-1.2673648446607633, 0.7753325888394202, 1.4937752998617366], "Sigma": [[0.00856204036150192, 0.0021719540827676606, -0.005097796062889912], [0.0021719540827676606, 0.011209056828419167, -0.0054703966848412494], [-0.005097796062889912, -0.0054703966848412494, 0.00826982301928567]], "chi2_level": 0.95, "chi2_df": 3, "chi2_threshold": 7.814727903251179, "N_raw": 71, "N_roi": 71, "N_inlier": 69, "refit": true}
{"timestamp": "12:10:02.604292", "frame": 83, "mu": [-1.3344973366918864, 0.8198011004841552, 1.5138545650934334], "Sigma": [[0.0073576734232028065, 0.0035023447871644926, 0.003710485778439865], [0.0035023447871644926, 0.006348571152216651, -0.0020041577413192767], [0.003710485778439865, -0.0020041577413192763, 0.012461437497107476]], "chi2_level": 0.95, "chi2_df": 3, "chi2_threshold": 7.814727903251179, "N_raw": 62, "N_roi": 62, "N_inlier": 59, "refit": true}
{"timestamp": "12:10:02.662447", "frame": 84, "mu": [-1.3184461331315211, 0.8325628225021363, 1.5352063158778964], "Sigma": [[0.011608732927769148, 0.0020942087839014895, -0.00709241334541896], [0.002094208783901489, 0.019807420936883164, 0.0016953162743021458], [-0.00709241334541896, 0.0016953162743021458, 0.009463922198950299]], "chi2_level": 0.95, "chi2_df": 3, "chi2_threshold": 7.814727903251179, "N_raw": 86, "N_roi": 86, "N_inlier": 82, "refit": true}
{"timestamp": "12:10:02.716324", "frame": 85, "mu": [-1.344473446414206, 0.6274647658416903, 1.342272602098126], "Sigma": [[0.009166352506179054, 0.011409149866926684, 0.002844550679336547], [0.011409149866926684, 0.04236469684059911, 0.012223585580510912], [0.002844550679336547, 0.012223585580510912, 0.008506994818438371]], "chi2_level": 0.95, "chi2_df": 3, "chi2_threshold": 7.814727903251179, "N_raw": 76, "N_roi": 76, "N_inlier": 68, "refit": true}
{"timestamp": "12:10:02.774904", "frame": 86, "mu": [-1.4388014586960616, 0.8515441003598725, 1.4639264569826598], "Sigma": [[0.009200427592068162, 0.00046563412542306417, -0.0032072362240368893], [0.00046563412542306417, 0.01103685253545957, -0.00400084235438131], [-0.0032072362240368885, -0.00400084235438131, 0.003163130112676951]], "chi2_level": 0.95, "chi2_df": 3, "chi2_threshold": 7.814727903251179, "N_raw": 69, "N_roi": 69, "N_inlier": 67, "refit": true}
{"timestamp": "12:10:02.824873", "frame": 87, "mu": [-1.4656209969700407, 0.7716961777550662, 1.4057036494046538], "Sigma": [[0.006460281997328507, -0.00211313447185441, -0.0057876567585830084], [-0.00211313447185441, 0.045711234633978456, 0.014264387873984331], [-0.0057876567585830084, 0.014264387873984331, 0.010645173593976672]], "chi2_level": 0.95, "chi2_df": 3, "chi2_threshold": 7.814727903251179, "N_raw": 63, "N_roi": 63, "N_inlier": 61, "refit": true}
{"timestamp": "12:10:02.881437", "frame": 88, "mu": [-1.4917096649329071, 0.9033297647955576, 1.4880985868588175], "Sigma": [[0.01019560290341949, 0.0009960376256314136, -0.00508080323068282], [0.0009960376256314136, 0.024925419502466774, 0.0037607335745920055], [-0.005080803230682819, 0.0037607335745920055, 0.004669435826511264]], "chi2_level": 0.95, "chi2_df": 3, "chi2_threshold": 7.814727903251179, "N_raw": 79, "N_roi": 79, "N_inlier": 77, "refit": true}
{"timestamp": "12:10:02.937429", "frame": 89, "mu": [-1.5361021019653047, 0.8521058273366882, 1.39782228007161], "Sigma": [[0.010253199858916592, 0.0018703305909411137, -0.003947702634961255], [0.0018703305909411134, 0.019775045272434042, -0.003831411902797394], [-0.003947702634961255, -0.003831411902797394, 0.005938180673087046]], "chi2_level": 0.95, "chi2_df": 3, "chi2_threshold": 7.814727903251179, "N_raw": 83, "N_roi": 83, "N_inlier": 80, "refit": true}
{"timestamp": "12:10:02.994318", "frame": 90, "mu": [-1.5512876028083666, 0.864178906163715, 1.3336172136295585], "Sigma": [[0.016043066333212785, 0.009711700206997905, -0.005624214265215605], [0.009711700206997905, 0.019494189044066277, -0.008119233369230816], [-0.005624214265215605, -0.008119233369230816, 0.007725094498230402]], "chi2_level": 0.95, "chi2_df": 3, "chi2_threshold": 7.814727903251179, "N_raw": 101, "N_roi": 101, "N_inlier": 92, "refit": true}
