{"timestamp": "12:43:25.477471", "frame": 51, "mu": [1.427784103333665, 0.6968528707051074, 1.385533382087897], "Sigma": [[0.30603244153823667, 0.10566765669871823, -0.09216760481400199], [0.10566765669871823, 0.037436657157385436, -0.031045578680371888], [-0.09216760481400199, -0.031045578680371888, 0.028570412924414583]], "chi2_level": 0.95, "chi2_df": 3, "chi2_threshold": 7.814727903251179, "N_raw": 5, "N_roi": 5, "N_inlier": 5, "refit": true}
{"timestamp": "12:43:25.532469", "frame": 52, "mu": [1.5929477902371747, 0.7589971216157652, 1.2340698927422027], "Sigma": [[0.004073914220785662, -0.0023752012209848888, -0.00853739971311285], [-0.0023752012209848888, 0.0044606198369402375, 0.007277305317704664], [-0.00853739971311285, 0.0072773053177046625, 0.02219658406086947]], "chi2_level": 0.95, "chi2_df": 3, "chi2_threshold": 7.814727903251179, "N_raw": 6, "N_roi": 6, "N_inlier": 6, "refit": true}
{"timestamp": "12:43:25.589673", "frame": 53, "mu": [1.6255008251431753, 0.7975358671504374, 1.3479415995996453], "Sigma": [[0.0030943160133983755, -0.0024646261076380917, -0.0012632844623189363], [-0.002464626107638092, 0.003922988237364491, 0.000489702406002545], [-0.0012632844623189363, 0.000489702406002545, 0.0020552822918700744]], "chi2_level": 0.95, "chi2_df": 3, "chi2_threshold": 7.814727903251179, "N_raw": 16, "N_roi": 16, "N_inlier": 15, "refit": true}
{"timestamp": "12:43:25.643496", "frame": 54, "mu": [1.6116645831285172, 0.8698412483153497, 1.2214171182657438], "Sigma": [[0.005737675702430915, -0.0013467638497783444, -0.008693842666654007], [-0.0013467638497783444, 0.0012755338275399419, 0.003473410533627857], [-0.008693842666654007, 0.003473410533627857, 0.015409403156551232]], "chi2_level": 0.95, "chi2_df": 3, "chi2_threshold": 7.814727903251179, "N_raw": 6, "N_roi": 6, "N_inlier": 6, "refit": true}
{"timestamp": "12:43:25.698588", "frame": 55, "mu": [1.6136054229334287, 0.8920032039013022, 1.2400489820162695], "Sigma": [[0.005615434633243892, -0.004757435720364691, -0.007609385810090189], [-0.00475743572036469, 0.00499257783006406, 0.006624360811167274], [-0.007609385810090189, 0.006624360811167275, 0.011562472213549396]], "chi2_level": 0.95, "chi2_df": 3, "chi2_threshold": 7.814727903251179, "N_raw": 8, "N_roi": 8, "N_inlier": 8, "refit": true}
{"timestamp": "12:43:25.753481", "frame": 56, "mu": [1.6440562309507656, 0.991524562422909, 1.3520175234022456], "Sigma": [[0.004341904186965569, -0.0004614891635878112, -0.0023870626472642974], [-0.0004614891635878113, 0.0009446475631104293, 0.000173986357506687], [-0.0023870626472642974, 0.00017398635750668696, 0.005232828051199953]], "chi2_level": 0.95, "chi2_df": 3, "chi2_threshold": 7.814727903251179, "N_raw": 8, "N_roi": 8, "N_inlier": 8, "refit": true}
{"timestamp": "12:43:25.809523", "frame": 57, "mu": [1.6669818072193978, 1.0241082309601528, 1.3762207669006705], "Sigma": [[0.003811402626053429, -0.0018242896680952865, -0.0004894365475545474], [-0.0018242896680952863, 0.0036522165665383833, 0.00025171743126255414], [-0.0004894365475545473, 0.00025171743126255414, 0.00046766026800056483]], "chi2_level": 0.95, "chi2_df": 3, "chi2_threshold": 7.814727903251179, "N_raw": 15, "N_roi": 15, "N_inlier": 14, "refit": true}
{"timestamp": "12:43:25.864412", "frame": 58, "mu": [1.6624850361408527, 1.0752771186438062, 1.3413656767965074], "Sigma": [[0.0038705200184269346, -0.00042490438619318316, -0.0008791049010107629], [-0.00042490438619318316, 0.0014159925453318264, -0.0009417495211451298], [-0.0008791049010107631, -0.0009417495211451298, 0.004853328296728933]], "chi2_level": 0.95, "chi2_df": 3, "chi2_threshold": 7.814727903251179, "N_raw": 17, "N_roi": 17, "N_inlier": 16, "refit": true}
{"timestamp": "12:43:25.918669", "frame": 59, "mu": [1.6467045018294757, 1.0851509959474555, 1.3451159547533393], "Sigma": [[0.0023229940977899594, -0.0009334837380581974, 8.537465090069474e-06], [-0.0009334837380581974, 0.002887842143917849, -0.0009573851679860998], [8.53746509006946e-06, -0.0009573851679860998, 0.000363384074833169]], "chi2_level": 0.95, "chi2_df": 3, "chi2_threshold": 7.814727903251179, "N_raw": 12, "N_roi": 11, "N_inlier": 9, "refit": true}
{"timestamp": "12:43:26.026579", "frame": 61, "mu": [1.7399658869542636, 1.2676349838898764, 1.4704102221069806], "Sigma": [[0.0049880592227241, 0.004049582337852745, 0.003403817229214707], [0.004049582337852746, 0.004015128362474753, 0.0007491142089355511], [0.003403817229214708, 0.0007491142089355517, 0.014064085343363867]], "chi2_level": 0.95, "chi2_df": 3, "chi2_threshold": 7.814727903251179, "N_raw": 5, "N_roi": 5, "N_inlier": 5, "refit": true}
{"timestamp": "12:43:26.083552", "frame": 62, "mu": [1.6608884530950334, 1.2487112397140996, 1.2486105109005643], "Sigma": [[0.00310438583729361, 0.001967576418696016, -0.003218770292821768], [0.001967576418696016, 0.0012978930306514795, -0.0015381179899857642], [-0.0032187702928217674, -0.0015381179899857638, 0.011261177801340118]], "chi2_level": 0.95, "chi2_df": 3, "chi2_threshold": 7.814727903251179, "N_raw": 6, "N_roi": 6, "N_inlier": 5, "refit": true}
{"timestamp": "12:43:26.138218", "frame": 63, "mu": [1.6692009501425455, 1.287771015623061, 1.2616443264925212], "Sigma": [[0.0043365357215129725, 0.0007175081518753406, -0.005294708205044357], [0.0007175081518753407, 0.003025628329534605, 0.008568198990766131], [-0.005294708205044357, 0.008568198990766131, 0.04328654300507519]], "chi2_level": 0.95, "chi2_df": 3, "chi2_threshold": 7.814727903251179, "N_raw": 6, "N_roi": 6, "N_inlier": 6, "refit": true}
{"timestamp": "12:43:26.193687", "frame": 64, "mu": [1.6745812062415455, 1.3157233609798917, 0.9338666444885213], "Sigma": [[0.0027805622426117444, 0.0008772704249775108, -0.0073124399142194315], [0.0008772704249775111, 0.018082672851494095, -0.03322277403218532], [-0.007312439914219431, -0.03322277403218532, 0.07780881292374467]], "chi2_level": 0.95, "chi2_df": 3, "chi2_threshold": 7.814727903251179, "N_raw": 9, "N_roi": 9, "N_inlier": 8, "refit": true}
{"timestamp": "12:43:26.248407", "frame": 65, "mu": [1.6119086290078577, 1.3904037916311904, 1.2769970501234704], "Sigma": [[0.00811865507381408, 0.001367158265810155, 0.0019033283647799085], [0.0013671582658101547, 0.0018945488321651894, 0.00032782455233969606], [0.001903328364779909, 0.0003278245523396961, 0.004968475597817997]], "chi2_level": 0.95, "chi2_df": 3, "chi2_threshold": 7.814727903251179, "N_raw": 7, "N_roi": 7, "N_inlier": 7, "refit": true}
{"timestamp": "12:43:26.302376", "frame": 66, "mu": [1.6018349089119526, 1.432642923370129, 1.2621209892553458], "Sigma": [[0.013272978234677707, 0.007419565429629087, 0.01549568169183748], [0.007419565429629086, 0.00465394976214386, 0.010236849254305739], [0.01549568169183748, 0.010236849254305735, 0.026024322530654728]], "chi2_level": 0.95, "chi2_df": 3, "chi2_threshold": 7.814727903251179, "N_raw": 6, "N_roi": 5, "N_inlier": 5, "refit": true}
{"timestamp": "12:43:26.359646", "frame": 67, "mu": [1.5170016374757924, 1.4752473189929054, 1.22635912706642], "Sigma": [[0.0025087611713438523, -0.0008730804114816459, -0.0007169434494820933], [-0.0008730804114816459, 0.001113739459819125, -0.0009797831654647145], [-0.0007169434494820935, -0.0009797831654647143, 0.002843831451592972]], "chi2_level": 0.95, "chi2_df": 3, "chi2_threshold": 7.814727903251179, "N_raw": 15, "N_roi": 14, "N_inlier": 12, "refit": true}
{"timestamp": "12:43:26.412707", "frame": 68, "mu": [1.6105172171487285, 1.6950328168690334, -0.1606060721337494], "Sigma": [[0.008904260132217269, 0.0036762941143531178, 0.011101960806889587], [0.0036762941143531178, 0.0017666598483022436, 0.004153844795518031], [0.011101960806889584, 0.00415384479551803, 0.01464951439661734]], "chi2_level": 0.95, "chi2_df": 3, "chi2_threshold": 7.814727903251179, "N_raw": 5, "N_roi": 5, "N_inlier": 5, "refit": true}
{"timestamp": "12:43:26.523919", "frame": 70, "mu": [1.5534900181392426, 1.6345413692779398, 1.2891668889625942], "Sigma": [[0.002109291287790977, -0.001246166864046289, -0.004729995870812888], [-0.001246166864046289, 0.0036401385625502427, 0.006542310325195827], [-0.004729995870812889, 0.006542310325195826, 0.02740248615925853]], "chi2_level": 0.95, "chi2_df": 3, "chi2_threshold": 7.814727903251179, "N_raw": 13, "N_roi": 11, "N_inlier": 11, "refit": true}
{"timestamp": "12:43:26.580322", "frame": 71, "mu": [1.6182061081596169, 1.753153309677659, 1.4698137047572861], "Sigma": [[0.005677555717472538, -0.0001103172932583793, -0.000583179783493636], [-0.00011031729325837914, 0.0021400555336066798, -0.0003059535436687364], [-0.0005831797834936359, -0.0003059535436687365, 0.002844465233331298]], "chi2_level": 0.95, "chi2_df": 3, "chi2_threshold": 7.814727903251179, "N_raw": 25, "N_roi": 23, "N_inlier": 21, "refit": true}
{"timestamp": "12:43:26.632695", "frame": 72, "mu": [1.5028035610320432, 1.8113959181219426, 1.3096348415675765], "Sigma": [[0.0007720485782493406, 0.0011446272020835273, -0.0012938966937874616], [0.0011446272020835273, 0.002046602613810287, -0.0021885520412401444], [-0.0012938966937874616, -0.0021885520412401444, 0.023958110085057993]], "chi2_level": 0.95, "chi2_df": 3, "chi2_threshold": 7.814727903251179, "N_raw": 5, "N_roi": 5, "N_inlier": 5, "refit": true}
{"timestamp": "12:43:26.690374", "frame": 73, "mu": [1.4889113095541187, 1.8471568270736327, 1.4131046827908877], "Sigma": [[0.005104603021412315, -0.002674413811073923, -0.0031986047563030704], [-0.002674413811073923, 0.004601866593021839, 0.0020817804410980154], [-0.00319860475630307, 0.0020817804410980154, 0.01443293443891946]], "chi2_level": 0.95, "chi2_df": 3, "chi2_threshold": 7.814727903251179, "N_raw": 25, "N_roi": 24, "N_inlier": 23, "refit": true}
{"timestamp": "12:43:26.743299", "frame": 74, "mu": [1.6766932830916663, 1.8333345315991842, 0.9789546862867453], "Sigma": [[0.01926405712588017, -0.005483448940374258, -0.05724456459502919], [-0.005483448940374258, 0.0037540249125526492, 0.02340223955024257], [-0.05724456459502919, 0.02340223955024257, 0.1973791368341001]], "chi2_level": 0.95, "chi2_df": 3, "chi2_threshold": 7.814727903251179, "N_raw": 7, "N_roi": 7, "N_inlier": 7, "refit": true}
{"timestamp": "12:43:26.798774", "frame": 75, "mu": [1.649239498785338, 1.904257633971892, 1.0955150778608471], "Sigma": [[0.03488997255777529, -0.002605246512826045, -0.07302451173920246], [-0.002605246512826044, 0.003003728722101043, 0.018054922265483754], [-0.07302451173920246, 0.018054922265483758, 0.23827946434377736]], "chi2_level": 0.95, "chi2_df": 3, "chi2_threshold": 7.814727903251179, "N_raw": 8, "N_roi": 8, "N_inlier": 8, "refit": true}
{"timestamp": "12:43:26.853618", "frame": 76, "mu": [1.6462309853593056, 1.9793254698964826, 1.0601570010781816], "Sigma": [[0.03583761603335939, 0.001086908210390195, -0.08418899722367434], [0.0010869082103901946, 0.0022774399759377065, 0.0004618048898578685], [-0.08418899722367436, 0.00046180488985786677, 0.20298813086489784]], "chi2_level": 0.95, "chi2_df": 3, "chi2_threshold": 7.814727903251179, "N_raw": 8, "N_roi": 8, "N_inlier": 7, "refit": true}
{"timestamp": "12:43:26.908744", "frame": 77, "mu": [1.6610085273109672, 2.053835969283904, 0.172075658517315], "Sigma": [[0.0018205970433791481, 0.0021864116701727394, -0.001707685781222388], [0.0021864116701727394, 0.0063876532546616365, -0.010446906371040546], [-0.001707685781222388, -0.010446906371040544, 0.03137946232431156]], "chi2_level": 0.95, "chi2_df": 3, "chi2_threshold": 7.814727903251179, "N_raw": 5, "N_roi": 5, "N_inlier": 5, "refit": true}
{"timestamp": "12:43:27.073023", "frame": 80, "mu": [1.6207105695743942, 2.166548287076531, 1.5502559606189381], "Sigma": [[0.009598606777425082, 0.0012820459965773544, 0.007441140170965012], [0.0012820459965773544, 0.012015219981614802, 0.041684930624847134], [0.007441140170965014, 0.041684930624847134, 0.17748319464969892]], "chi2_level": 0.95, "chi2_df": 3, "chi2_threshold": 7.814727903251179, "N_raw": 5, "N_roi": 5, "N_inlier": 5, "refit": true}
{"timestamp": "12:43:27.130816", "frame": 81, "mu": [1.6147299281806506, 2.28375757406455, 0.18631634147128473], "Sigma": [[0.0067062787529776945, -0.0037478475310873203, 0.0004119569371760379], [-0.0037478475310873194, 0.004257375756524366, 0.0008074751575468691], [0.00041195693717603783, 0.0008074751575468689, 0.001103040910379441]], "chi2_level": 0.95, "chi2_df": 3, "chi2_threshold": 7.814727903251179, "N_raw": 26, "N_roi": 26, "N_inlier": 22, "refit": true}
{"timestamp": "12:43:27.184370", "frame": 82, "mu": [1.6639056443320488, 2.1881484872722874, 1.3846974337209914], "Sigma": [[0.0038761988146456972, -0.005252980574448847, -0.026750548766132295], [-0.005252980574448847, 0.023248503157745213, 0.08194202116413998], [-0.026750548766132295, 0.08194202116414001, 0.32188750082151213]], "chi2_level": 0.95, "chi2_df": 3, "chi2_threshold": 7.814727903251179, "N_raw": 6, "N_roi": 6, "N_inlier": 6, "refit": true}
{"timestamp": "12:43:27.240326", "frame": 83, "mu": [1.591171317962994, 2.2536246642284006, 1.2750295787516674], "Sigma": [[0.011952895117853907, -0.008899797372515459, -0.04013487485781895], [-0.008899797372515459, 0.01642503206968994, 0.0588359416033939], [-0.04013487485781895, 0.0588359416033939, 0.223453308182065]], "chi2_level": 0.95, "chi2_df": 3, "chi2_threshold": 7.814727903251179, "N_raw": 8, "N_roi": 8, "N_inlier": 7, "refit": true}
{"timestamp": "12:43:27.294472", "frame": 84, "mu": [1.5903357353460283, 2.325637346865913, 1.5390273046494856], "Sigma": [[0.005535695778955868, 0.0011805785645343523, -0.006940631085671608], [0.0011805785645343518, 0.011500983879265693, 0.038252506664341705], [-0.006940631085671606, 0.038252506664341705, 0.15117518947069575]], "chi2_level": 0.95, "chi2_df": 3, "chi2_threshold": 7.814727903251179, "N_raw": 6, "N_roi": 6, "N_inlier": 6, "refit": true}
{"timestamp": "12:43:27.349663", "frame": 85, "mu": [1.566071403406248, 2.329450819663142, 1.2637779315978896], "Sigma": [[0.0068642663185363, -0.0022107071346604158, -0.01896327093668513], [-0.0022107071346604158, 0.005477351902121503, 0.020891675176359828], [-0.01896327093668513, 0.02089167517635983, 0.10040437415037202]], "chi2_level": 0.95, "chi2_df": 3, "chi2_threshold": 7.814727903251179, "N_raw": 6, "N_roi": 6, "N_inlier": 6, "refit": true}
{"timestamp": "12:43:27.405777", "frame": 86, "mu": [1.6241171472647757, 2.2528890578893686, 0.8652901687013839], "Sigma": [[0.011350890727500545, -0.007085346730864434, -0.04201650643247537], [-0.007085346730864434, 0.007764659857094998, 0.028892734177511863], [-0.04201650643247537, 0.028892734177511863, 0.163175354218799]], "chi2_level": 0.95, "chi2_df": 3, "chi2_threshold": 7.814727903251179, "N_raw": 10, "N_roi": 10, "N_inlier": 9, "refit": true}
{"timestamp": "12:43:27.459344", "frame": 87, "mu": [1.578108432907123, 2.4328415523711278, 1.359015513471249], "Sigma": [[0.004714771535671853, 0.0030397020237208985, -0.004748679015945891], [0.003039702023720899, 0.0022530784386739083, -0.0020208862440580415], [-0.004748679015945891, -0.0020208862440580415, 0.010194948982273152]], "chi2_level": 0.95, "chi2_df": 3, "chi2_threshold": 7.814727903251179, "N_raw": 6, "N_roi": 6, "N_inlier": 5, "refit": true}
{"timestamp": "12:43:27.515690", "frame": 88, "mu": [1.577176196177814, 2.4528922745637414, 1.382820694296357], "Sigma": [[0.0059348064192592444, 0.004363609236287038, 0.0011249040248167608], [0.004363609236287038, 0.0035294925137784577, 0.0012909207304817988], [0.0011249040248167608, 0.0012909207304817993, 0.0028332646567687356]], "chi2_level": 0.95, "chi2_df": 3, "chi2_threshold": 7.814727903251179, "N_raw": 8, "N_roi": 6, "N_inlier": 5, "refit": true}
{"timestamp": "12:43:27.570065", "frame": 89, "mu": [1.6521403111354, 2.422475850994673, 0.7226866276541772], "Sigma": [[0.02224311372787481, -0.006180224461708044, -0.07460727797206024], [-0.006180224461708044, 0.009618043096573053, 0.01635826099550847], [-0.07460727797206024, 0.016358260995508474, 0.259605525284719]], "chi2_level": 0.95, "chi2_df": 3, "chi2_threshold": 7.814727903251179, "N_raw": 10, "N_roi": 10, "N_inlier": 9, "refit": true}
{"timestamp": "12:43:27.679441", "frame": 91, "mu": [1.510335142448346, 2.581125746722446, 1.332797125766397], "Sigma": [[0.011635673774094786, 0.0037598276038604407, 0.00949682586685986], [0.0037598276038604407, 0.002099824104549907, 0.0033905124044188977], [0.00949682586685986, 0.0033905124044188986, 0.009549391375392183]], "chi2_level": 0.95, "chi2_df": 3, "chi2_threshold": 7.814727903251179, "N_raw": 8, "N_roi": 8, "N_inlier": 8, "refit": true}
{"timestamp": "12:43:27.735850", "frame": 92, "mu": [1.5169111685192307, 2.593399911996061, 1.233148251200507], "Sigma": [[0.004536428506703163, 0.0033044271169151446, 0.0036132824367378167], [0.0033044271169151446, 0.003140932884541906, 0.0016231355913021088], [0.0036132824367378176, 0.0016231355913021088, 0.007204269312712418]], "chi2_level": 0.95, "chi2_df": 3, "chi2_threshold": 7.814727903251179, "N_raw": 8, "N_roi": 8, "N_inlier": 7, "refit": true}
{"timestamp": "12:43:27.793258", "frame": 93, "mu": [1.6789360226983567, 2.6349749960839066, 1.1752840423438364], "Sigma": [[0.009656063708744432, -0.0041695493687872376, -0.0006638596204881198], [-0.0041695493687872376, 0.0027449762929642445, -0.0017891228513674607], [-0.0006638596204881194, -0.0017891228513674607, 0.013577645294737355]], "chi2_level": 0.95, "chi2_df": 3, "chi2_threshold": 7.814727903251179, "N_raw": 29, "N_roi": 26, "N_inlier": 24, "refit": true}
{"timestamp": "12:43:27.845040", "frame": 94, "mu": [1.4981621730920558, 2.6818621874771464, 1.2340986465740689], "Sigma": [[0.0031903383195810175, 0.0017094636067913858, -0.006845576675597539], [0.0017094636067913858, 0.0011036528722123294, -0.0028124813460246333], [-0.006845576675597539, -0.0028124813460246333, 0.02007405456002702]], "chi2_level": 0.95, "chi2_df": 3, "chi2_threshold": 7.814727903251179, "N_raw": 6, "N_roi": 6, "N_inlier": 5, "refit": true}
{"timestamp": "12:43:27.899972", "frame": 95, "mu": [1.5425644591646297, 2.752029463959074, 1.3113009882596574], "Sigma": [[0.004485856914840983, -0.00174069766767012, -0.01474558225387412], [-0.0017406976676701206, 0.005829211858581532, 0.014973002476336879], [-0.01474558225387412, 0.014973002476336879, 0.08059929747140453]], "chi2_level": 0.95, "chi2_df": 3, "chi2_threshold": 7.814727903251179, "N_raw": 9, "N_roi": 9, "N_inlier": 8, "refit": true}
{"timestamp": "12:43:27.954543", "frame": 96, "mu": [1.5701240122356288, 2.7925918193460473, 1.2695362333168887], "Sigma": [[0.004005448835049007, 0.0024872103960478435, -0.006846182266507938], [0.0024872103960478435, 0.001875508938370332, -0.0036186683710442867], [-0.006846182266507938, -0.0036186683710442867, 0.013988459597084753]], "chi2_level": 0.95, "chi2_df": 3, "chi2_threshold": 7.814727903251179, "N_raw": 6, "N_roi": 6, "N_inlier": 5, "refit": true}
{"timestamp": "12:43:28.014956", "frame": 97, "mu": [1.5871050397323057, 2.798992048903897, 1.1549957675369176], "Sigma": [[0.021663908391986324, -0.017020772328672495, -0.06525466663582788], [-0.017020772328672495, 0.019927269165328935, 0.0553904989808197], [-0.06525466663582788, 0.0553904989808197, 0.21546941425422836]], "chi2_level": 0.95, "chi2_df": 3, "chi2_threshold": 7.814727903251179, "N_raw": 11, "N_roi": 8, "N_inlier": 8, "refit": true}
{"timestamp": "12:43:28.064206", "frame": 98, "mu": [1.538382749650294, 2.905650909218057, 1.374499322165151], "Sigma": [[0.005782276784664962, 0.0028020898758961956, -0.008155241957226661], [0.0028020898758961956, 0.0014509987980795551, -0.003399864670241813], [-0.008155241957226661, -0.003399864670241813, 0.01608412386496337]], "chi2_level": 0.95, "chi2_df": 3, "chi2_threshold": 7.814727903251179, "N_raw": 5, "N_roi": 5, "N_inlier": 5, "refit": true}
{"timestamp": "12:43:28.203917", "frame": 100, "mu": [1.5791426895444094, 2.922376040368998, 1.1890856864378267], "Sigma": [[0.00271487850875535, 0.0012840260519679518, -0.008195532188455368], [0.0012840260519679518, 0.0012715527116901745, -0.004533843738892168], [-0.00819553218845537, -0.004533843738892168, 0.026522743177894673]], "chi2_level": 0.95, "chi2_df": 3, "chi2_threshold": 7.814727903251179, "N_raw": 5, "N_roi": 5, "N_inlier": 5, "refit": true}
{"timestamp": "12:43:28.231358", "frame": 101, "mu": [1.5892557995503998, 2.9554268790316196, 1.314477719430994], "Sigma": [[0.005183585309729815, -0.001089271984350409, 0.0003348845336265712], [-0.0010892719843504093, 0.0022706620604831867, -0.0005597179577115537], [0.0003348845336265712, -0.0005597179577115537, 0.00013997429663737752]], "chi2_level": 0.95, "chi2_df": 3, "chi2_threshold": 7.814727903251179, "N_raw": 16, "N_roi": 13, "N_inlier": 11, "refit": true}
{"timestamp": "12:43:28.287339", "frame": 102, "mu": [1.6430434017316429, 2.9588250757169847, 1.027322966452742], "Sigma": [[0.01167451065081016, -0.006351372319250822, -0.009932215120924995], [-0.006351372319250822, 0.00681824162057267, 0.001888125440141948], [-0.009932215120924997, 0.001888125440141948, 0.016749067644214476]], "chi2_level": 0.95, "chi2_df": 3, "chi2_threshold": 7.814727903251179, "N_raw": 27, "N_roi": 27, "N_inlier": 25, "refit": true}
{"timestamp": "12:43:28.339875", "frame": 103, "mu": [1.6887801692744877, 3.1654944184451983, -0.42021184280193324], "Sigma": [[0.0024605328693118426, 0.002685232769012106, -0.01077461087293779], [0.002685232769012106, 0.003493135847303503, -0.011393704990664888], [-0.01077461087293779, -0.011393704990664886, 0.07383525891895194]], "chi2_level": 0.95, "chi2_df": 3, "chi2_threshold": 7.814727903251179, "N_raw": 7, "N_roi": 7, "N_inlier": 6, "refit": true}
{"timestamp": "12:43:28.394582", "frame": 104, "mu": [1.577017165061672, 3.1926718304593313, 0.06467093586377912], "Sigma": [[0.010679038118013321, 0.0006997851861335535, -0.02843655766649777], [0.0006997851861335535, 0.0015526738088208858, -0.004715905563669525], [-0.02843655766649777, -0.004715905563669525, 0.09442058677551168]], "chi2_level": 0.95, "chi2_df": 3, "chi2_threshold": 7.814727903251179, "N_raw": 8, "N_roi": 8, "N_inlier": 8, "refit": true}
{"timestamp": "12:43:28.455220", "frame": 105, "mu": [1.614530396335018, 3.1613300980805152, -0.5523158293247091], "Sigma": [[0.0069495476300370585, 0.000553534097433269, 0.01535197234780675], [0.0005535340974332691, 0.0024937871530883006, 0.0039011344671150416], [0.01535197234780675, 0.0039011344671150416, 0.10971380031912847]], "chi2_level": 0.95, "chi2_df": 3, "chi2_threshold": 7.814727903251179, "N_raw": 16, "N_roi": 13, "N_inlier": 12, "refit": true}
{"timestamp": "12:43:28.509227", "frame": 106, "mu": [1.5999078848672903, 3.17343356830144, 1.1907258758060113], "Sigma": [[0.013383001678537707, -0.006043280461718343, -0.004974827078876249], [-0.006043280461718343, 0.005706711918244727, -0.00044377305997108003], [-0.004974827078876249, -0.00044377305997108003, 0.00622264582618687]], "chi2_level": 0.95, "chi2_df": 3, "chi2_threshold": 7.814727903251179, "N_raw": 37, "N_roi": 37, "N_inlier": 36, "refit": true}
{"timestamp": "12:43:28.559927", "frame": 107, "mu": [1.6463477498905492, 3.1609681234658735, 0.9553048302005338], "Sigma": [[0.003598959902455961, -0.0024563194826333554, -0.017928642708255667], [-0.0024563194826333554, 0.0031504691934639154, 0.01404340864646137], [-0.017928642708255667, 0.01404340864646137, 0.10377106639508814]], "chi2_level": 0.95, "chi2_df": 3, "chi2_threshold": 7.814727903251179, "N_raw": 6, "N_roi": 5, "N_inlier": 5, "refit": true}
{"timestamp": "12:43:28.618691", "frame": 108, "mu": [1.538876580237344, 3.3235671910834292, 1.3267352478445125], "Sigma": [[0.01593508022349857, -0.007935132521602533, -0.0104268536166828], [-0.007935132521602533, 0.005579427500496837, 0.002566905323605908], [-0.0104268536166828, 0.0025669053236059077, 0.014587154537731498]], "chi2_level": 0.95, "chi2_df": 3, "chi2_threshold": 7.814727903251179, "N_raw": 36, "N_roi": 35, "N_inlier": 33, "refit": true}
{"timestamp": "12:43:28.674742", "frame": 109, "mu": [1.6325337368544715, 3.3151937540312177, 1.0818867253987174], "Sigma": [[0.015105051981180131, -0.007972479330823318, -0.014774573225915624], [-0.007972479330823318, 0.0051433767898283285, 0.005840211538068506], [-0.014774573225915622, 0.005840211538068506, 0.056242895480700446]], "chi2_level": 0.95, "chi2_df": 3, "chi2_threshold": 7.814727903251179, "N_raw": 42, "N_roi": 41, "N_inlier": 40, "refit": true}
{"timestamp": "12:43:28.724863", "frame": 110, "mu": [1.6729252926643419, 3.274733026125838, 0.8730462086104667], "Sigma": [[0.0015398356691269594, -0.0001481868839139674, -0.004724750241975621], [-0.0001481868839139674, 0.0007542214488916849, 0.00786913340222815], [-0.004724750241975622, 0.00786913340222815, 0.10571014469115692]], "chi2_level": 0.95, "chi2_df": 3, "chi2_threshold": 7.814727903251179, "N_raw": 5, "N_roi": 5, "N_inlier": 5, "refit": true}
{"timestamp": "12:43:28.779615", "frame": 111, "mu": [1.5980479810238344, 3.4045909998145154, 1.2217664481565176], "Sigma": [[0.008007325433746925, 0.0018145245884118662, -0.01178646665246071], [0.0018145245884118662, 0.0005284318129334943, -0.0023826896553929095], [-0.01178646665246071, -0.0023826896553929095, 0.019892708313386572]], "chi2_level": 0.95, "chi2_df": 3, "chi2_threshold": 7.814727903251179, "N_raw": 5, "N_roi": 5, "N_inlier": 5, "refit": true}
{"timestamp": "12:43:28.834797", "frame": 112, "mu": [1.6658288347986727, 3.438371056776223, 1.2158050047041769], "Sigma": [[0.005434380530046494, -0.00014809410482934817, -0.004382973154580892], [-0.00014809410482934817, 0.0006840724778640708, -0.0016076509067693705], [-0.004382973154580892, -0.0016076509067693705, 0.009692025586027803]], "chi2_level": 0.95, "chi2_df": 3, "chi2_threshold": 7.814727903251179, "N_raw": 8, "N_roi": 8, "N_inlier": 7, "refit": true}
{"timestamp": "12:43:28.889834", "frame": 113, "mu": [1.59824260510186, 3.516927116599347, 1.119124162320101], "Sigma": [[0.0017829651973842952, 0.0006946091893622169, -0.0012218256237196091], [0.0006946091893622168, 0.004425423298867289, -0.016285446822730545], [-0.0012218256237196091, -0.016285446822730545, 0.09071927280686587]], "chi2_level": 0.95, "chi2_df": 3, "chi2_threshold": 7.814727903251179, "N_raw": 10, "N_roi": 10, "N_inlier": 10, "refit": true}
{"timestamp": "12:43:28.945102", "frame": 114, "mu": [1.6227626438441711, 3.572489623561119, 0.17490392698535162], "Sigma": [[0.003914967286974763, 0.004005884464532894, -0.007405045324692706], [0.004005884464532894, 0.004481711442844124, -0.006933116633445915], [-0.007405045324692706, -0.006933116633445915, 0.015106471988811087]], "chi2_level": 0.95, "chi2_df": 3, "chi2_threshold": 7.814727903251179, "N_raw": 10, "N_roi": 5, "N_inlier": 5, "refit": true}
{"timestamp": "12:43:29.058347", "frame": 116, "mu": [1.7414475263039844, 3.547380743168614, -1.0477795547987092], "Sigma": [[0.01841855531829236, 0.00040779548886006985, -0.016158311239925945], [0.0004077954888600694, 0.004865171629296342, 0.007420684569282932], [-0.016158311239925945, 0.007420684569282932, 0.10956013656273964]], "chi2_level": 0.95, "chi2_df": 3, "chi2_threshold": 7.814727903251179, "N_raw": 32, "N_roi": 32, "N_inlier": 31, "refit": true}
{"timestamp": "12:43:29.115257", "frame": 117, "mu": [1.586946464588932, 3.6479081045867217, 0.15483772411117191], "Sigma": [[0.017390990289130055, -0.005500927257773025, -0.010264004657430638], [-0.005500927257773025, 0.0048554564445646336, 0.00787572260059225], [-0.010264004657430638, 0.007875722600592248, 0.016268153912061965]], "chi2_level": 0.95, "chi2_df": 3, "chi2_threshold": 7.814727903251179, "N_raw": 37, "N_roi": 37, "N_inlier": 36, "refit": true}
{"timestamp": "12:43:29.167689", "frame": 118, "mu": [1.5798663557963823, 3.598092381289806, 1.1270600825987946], "Sigma": [[0.014493909919030887, -0.004606919271270975, -0.003460068755756455], [-0.0046069192712709746, 0.004961994208498062, 0.001796513204156006], [-0.003460068755756455, 0.001796513204156006, 0.002031204147547335]], "chi2_level": 0.95, "chi2_df": 3, "chi2_threshold": 7.814727903251179, "N_raw": 28, "N_roi": 28, "N_inlier": 27, "refit": true}
{"timestamp": "12:43:29.221910", "frame": 119, "mu": [1.6833031144151893, 3.7585819156790023, -0.381511604113871], "Sigma": [[0.03472027650929651, 0.008501410344117256, -0.0013926354995792267], [0.008501410344117256, 0.005958503021108311, 0.0009038144175011486], [-0.0013926354995792301, 0.0009038144175011489, 0.1294776186107626]], "chi2_level": 0.95, "chi2_df": 3, "chi2_threshold": 7.814727903251179, "N_raw": 21, "N_roi": 21, "N_inlier": 21, "refit": true}
{"timestamp": "12:43:29.277403", "frame": 120, "mu": [1.5812128007064787, 3.745419039818868, 1.14268268095441], "Sigma": [[0.014258511586109303, -0.005148196566784304, -0.015347612272018116], [-0.005148196566784304, 0.003110641657432082, 0.004772381511187], [-0.015347612272018116, 0.004772381511187, 0.02137323737791435]], "chi2_level": 0.95, "chi2_df": 3, "chi2_threshold": 7.814727903251179, "N_raw": 27, "N_roi": 25, "N_inlier": 23, "refit": true}
{"timestamp": "12:43:29.334154", "frame": 121, "mu": [1.6454820879160172, 3.9089196890652893, 0.0845359030777014], "Sigma": [[0.015751800545886135, -0.0009973231233815988, -0.022631158260579202], [-0.0009973231233815988, 0.0032911236930216175, -0.00298859765475802], [-0.0226311582605792, -0.00298859765475802, 0.040947262848173585]], "chi2_level": 0.95, "chi2_df": 3, "chi2_threshold": 7.814727903251179, "N_raw": 32, "N_roi": 32, "N_inlier": 30, "refit": true}
{"timestamp": "12:43:29.385664", "frame": 122, "mu": [1.6261423348864326, 3.818420370708632, 1.150347612011647], "Sigma": [[0.016677238852033864, -0.0035486275753910893, -0.03541275721572334], [-0.0035486275753910893, 0.0014804002455999637, 0.0076453782390255845], [-0.035412757215723345, 0.0076453782390255845, 0.07558040332019028]], "chi2_level": 0.95, "chi2_df": 3, "chi2_threshold": 7.814727903251179, "N_raw": 9, "N_roi": 5, "N_inlier": 5, "refit": true}
{"timestamp": "12:43:29.442683", "frame": 123, "mu": [1.7137040233969336, 3.8643886380340393, 1.082954220024431], "Sigma": [[0.01825602591742266, -0.00907185964845264, -0.013844949168772248], [-0.00907185964845264, 0.006395538989428677, 0.007014366207562891], [-0.013844949168772252, 0.007014366207562891, 0.012432075769448893]], "chi2_level": 0.95, "chi2_df": 3, "chi2_threshold": 7.814727903251179, "N_raw": 24, "N_roi": 24, "N_inlier": 23, "refit": true}
{"timestamp": "12:43:29.494630", "frame": 124, "mu": [1.5380117344742255, 4.021340998375851, 1.3548349707837646], "Sigma": [[0.00014169057211069395, 0.00027472906595141743, -0.0005981408379210991], [0.00027472906595141743, 0.005479131586865908, -0.005786084138452724], [-0.0005981408379210991, -0.005786084138452724, 0.008981817943948691]], "chi2_level": 0.95, "chi2_df": 3, "chi2_threshold": 7.814727903251179, "N_raw": 6, "N_roi": 5, "N_inlier": 5, "refit": true}
{"timestamp": "12:43:29.660967", "frame": 127, "mu": [1.7260121053712574, 4.002097572626754, 0.7916265959978382], "Sigma": [[0.01020337811053261, -0.004064729515391393, -0.020396137514686323], [-0.004064729515391393, 0.0020805219169137755, 0.009084494975969424], [-0.020396137514686323, 0.009084494975969424, 0.12500751497514104]], "chi2_level": 0.95, "chi2_df": 3, "chi2_threshold": 7.814727903251179, "N_raw": 19, "N_roi": 19, "N_inlier": 18, "refit": true}
{"timestamp": "12:43:29.715129", "frame": 128, "mu": [1.6497222172644894, 4.064160820535565, 0.9662959955199488], "Sigma": [[0.02035063377004671, -0.008113070558057944, -0.05763648579033233], [-0.008113070558057945, 0.003996322134305994, 0.020974834248592734], [-0.05763648579033233, 0.020974834248592734, 0.17925770129777524]], "chi2_level": 0.95, "chi2_df": 3, "chi2_threshold": 7.814727903251179, "N_raw": 6, "N_roi": 6, "N_inlier": 6, "refit": true}
{"timestamp": "12:43:29.771946", "frame": 129, "mu": [1.6492481222010658, 4.152823041071899, 1.3377508807691796], "Sigma": [[0.008935111975723635, -0.003797311293574055, -0.006706514290806194], [-0.003797311293574056, 0.0027130274094169433, 0.0017199401652316162], [-0.006706514290806194, 0.0017199401652316162, 0.02176387228835324]], "chi2_level": 0.95, "chi2_df": 3, "chi2_threshold": 7.814727903251179, "N_raw": 19, "N_roi": 19, "N_inlier": 18, "refit": true}
{"timestamp": "12:43:29.828883", "frame": 130, "mu": [1.668792420296167, 4.131834934910725, 1.08130054685015], "Sigma": [[0.019166559661071357, -0.0071412166285753035, -0.011777882171214962], [-0.0071412166285753035, 0.004039690511076694, 0.0011362406953216897], [-0.01177788217121496, 0.00113624069532169, 0.019148262713540164]], "chi2_level": 0.95, "chi2_df": 3, "chi2_threshold": 7.814727903251179, "N_raw": 34, "N_roi": 34, "N_inlier": 33, "refit": true}
{"timestamp": "12:43:29.879543", "frame": 131, "mu": [1.673122318385535, 4.224497860349681, 1.1435077475253819], "Sigma": [[0.003172574022815091, 0.0024343749633654165, -0.007067313909506014], [0.0024343749633654165, 0.0021284091734562, -0.0054834734932836795], [-0.007067313909506014, -0.0054834734932836795, 0.01861279383962627]], "chi2_level": 0.95, "chi2_df": 3, "chi2_threshold": 7.814727903251179, "N_raw": 5, "N_roi": 5, "N_inlier": 5, "refit": true}
{"timestamp": "12:43:29.939372", "frame": 132, "mu": [1.6238478709669901, 4.337484192614424, 0.5954833763078285], "Sigma": [[0.02429740020844738, -0.005428967721403433, -0.014937452090299733], [-0.005428967721403433, 0.004329982713930306, 0.0035312744375627677], [-0.014937452090299733, 0.0035312744375627677, 0.011758302833404411]], "chi2_level": 0.95, "chi2_df": 3, "chi2_threshold": 7.814727903251179, "N_raw": 38, "N_roi": 38, "N_inlier": 37, "refit": true}
{"timestamp": "12:43:29.991606", "frame": 133, "mu": [1.6911476903408906, 4.273154941983295, 1.0045254769248464], "Sigma": [[0.015106946076223466, -0.007014265419488826, -0.013327186922153175], [-0.007014265419488826, 0.0036111659617793987, 0.00508069865407498], [-0.013327186922153175, 0.00508069865407498, 0.0301235700545677]], "chi2_level": 0.95, "chi2_df": 3, "chi2_threshold": 7.814727903251179, "N_raw": 20, "N_roi": 20, "N_inlier": 20, "refit": true}
{"timestamp": "12:43:30.045610", "frame": 134, "mu": [1.634796397271112, 4.4181069064666785, 1.2977499925485019], "Sigma": [[0.0075163692103529765, -0.003838356471138836, -0.004389287891829059], [-0.0038383564711388365, 0.0038265057797623398, 0.0009717433067370677], [-0.004389287891829059, 0.0009717433067370678, 0.006651887139629279]], "chi2_level": 0.95, "chi2_df": 3, "chi2_threshold": 7.814727903251179, "N_raw": 15, "N_roi": 15, "N_inlier": 14, "refit": true}
{"timestamp": "12:43:30.101223", "frame": 135, "mu": [1.7032446061538433, 4.442451573433404, 1.2217011152111548], "Sigma": [[0.012014237120939871, -0.005192685698645748, -0.005817480434095416], [-0.005192685698645748, 0.0036665644089880576, 0.0010932206566776337], [-0.005817480434095416, 0.0010932206566776335, 0.007352618966948444]], "chi2_level": 0.95, "chi2_df": 3, "chi2_threshold": 7.814727903251179, "N_raw": 18, "N_roi": 17, "N_inlier": 16, "refit": true}
{"timestamp": "12:43:30.319123", "frame": 139, "mu": [1.6931676272828016, 4.540559066844878, 1.0721077658631275], "Sigma": [[0.012619637027171724, 0.0013116707349802416, -0.017500887728231152], [0.0013116707349802418, 0.0007817345760975339, -0.0006067081918775716], [-0.017500887728231152, -0.0006067081918775716, 0.030367140332475683]], "chi2_level": 0.95, "chi2_df": 3, "chi2_threshold": 7.814727903251179, "N_raw": 5, "N_roi": 5, "N_inlier": 5, "refit": true}
{"timestamp": "12:43:30.379028", "frame": 140, "mu": [1.6282457078277166, 4.606000863781611, 1.1779224655434373], "Sigma": [[0.022915961976821664, -0.005899504079121026, -0.007538140101097185], [-0.005899504079121027, 0.006340013243644063, 0.0029943360751511845], [-0.007538140101097185, 0.0029943360751511845, 0.006161051520190712]], "chi2_level": 0.95, "chi2_df": 3, "chi2_threshold": 7.814727903251179, "N_raw": 38, "N_roi": 38, "N_inlier": 36, "refit": true}
{"timestamp": "12:43:30.429263", "frame": 141, "mu": [1.5963370607857037, 4.641554736967304, 1.1174569554492924], "Sigma": [[0.009296313276797143, 0.004906792366224599, -0.0007583946976368336], [0.004906792366224599, 0.0028545336820075306, -0.00045236722498787226], [-0.0007583946976368336, -0.00045236722498787226, 7.315603499107087e-05]], "chi2_level": 0.95, "chi2_df": 3, "chi2_threshold": 7.814727903251179, "N_raw": 5, "N_roi": 5, "N_inlier": 5, "refit": true}
{"timestamp": "12:43:30.484125", "frame": 142, "mu": [1.5500952079950803, 4.657332224505968, 1.1294294699037073], "Sigma": [[0.027017886197876612, -0.0003482351959543947, -0.02840509287070764], [-0.0003482351959543948, 0.0009282998194174602, -9.46461484014878e-05], [-0.028405092870707645, -9.46461484014879e-05, 0.03080801952945037]], "chi2_level": 0.95, "chi2_df": 3, "chi2_threshold": 7.814727903251179, "N_raw": 5, "N_roi": 5, "N_inlier": 5, "refit": true}
{"timestamp": "12:43:30.541927", "frame": 143, "mu": [1.5013770676293459, 4.748846721874202, 1.2390241212303608], "Sigma": [[0.023931570695610874, -0.004463206271029351, -0.010345639233989415], [-0.004463206271029351, 0.0033633770394520517, 0.0024905071302804447], [-0.010345639233989415, 0.0024905071302804447, 0.009950742639208797]], "chi2_level": 0.95, "chi2_df": 3, "chi2_threshold": 7.814727903251179, "N_raw": 24, "N_roi": 24, "N_inlier": 23, "refit": true}
{"timestamp": "12:43:30.594342", "frame": 144, "mu": [1.6579892224560704, 4.772956424226749, 1.2376627539163845], "Sigma": [[0.01870202898728068, 0.0028875186581407523, -0.014886050864979313], [0.0028875186581407523, 0.001545420359574279, 0.00039122998073657246], [-0.014886050864979313, 0.00039122998073657246, 0.021617370439416132]], "chi2_level": 0.95, "chi2_df": 3, "chi2_threshold": 7.814727903251179, "N_raw": 5, "N_roi": 5, "N_inlier": 5, "refit": true}
{"timestamp": "12:43:30.649873", "frame": 145, "mu": [1.6980978567779843, 4.789263168035574, 1.0164135133491838], "Sigma": [[0.018536101594349954, 0.00019732917075584088, -0.023870134639545352], [0.00019732917075584088, 0.0002083812002585992, -7.224525199216506e-05], [-0.023870134639545352, -7.224525199216506e-05, 0.03747226895836432]], "chi2_level": 0.95, "chi2_df": 3, "chi2_threshold": 7.814727903251179, "N_raw": 5, "N_roi": 5, "N_inlier": 5, "refit": true}
{"timestamp": "12:43:30.703807", "frame": 146, "mu": [1.6368447610357182, 4.854144933589094, 1.2242551859905086], "Sigma": [[0.022902648058351842, 6.585827132729962e-06, -0.03475793643499111], [6.585827132730179e-06, 0.0006413193455873418, -0.0004834197802364612], [-0.03475793643499111, -0.0004834197802364612, 0.05334690896545145]], "chi2_level": 0.95, "chi2_df": 3, "chi2_threshold": 7.814727903251179, "N_raw": 5, "N_roi": 5, "N_inlier": 5, "refit": true}
{"timestamp": "12:43:31.146550", "frame": 154, "mu": [1.9402712592492688, 4.956400610168899, 0.33724496500384576], "Sigma": [[0.0030515604014986356, -0.0009022031872095923, -0.0007900371270742875], [-0.0009022031872095923, 0.0008753929023196827, 0.00010748265741790695], [-0.0007900371270742875, 0.00010748265741790695, 0.0004304391383700734]], "chi2_level": 0.95, "chi2_df": 3, "chi2_threshold": 7.814727903251179, "N_raw": 19, "N_roi": 5, "N_inlier": 5, "refit": true}
