{"timestamp": "12:19:51.877902", "frame": 16, "mu": [0.3049666770125775, 0.07569956830500889, 1.5553954328355208], "Sigma": [[0.13003302803326824, 0.005615037003766634, -0.004162620636744503], [0.005615037003766634, 0.0008255637649658556, -0.0006032886625229677], [-0.004162620636744503, -0.0006032886625229677, 0.0017483700562121915]], "chi2_level": 0.95, "chi2_df": 3, "chi2_threshold": 7.814727903251179, "N_raw": 18, "N_roi": 18, "N_inlier": 17, "refit": true}
{"timestamp": "12:19:51.988421", "frame": 18, "mu": [0.055854399547554494, 0.07532373109475161, 1.5725441344146762], "Sigma": [[0.24930974126235775, 0.005592874425094692, 0.0009355725242739917], [0.005592874425094692, 0.0006575801514334374, -0.0002910499527056544], [0.000935572524273992, -0.0002910499527056544, 0.0005545752085120145]], "chi2_level": 0.95, "chi2_df": 3, "chi2_threshold": 7.814727903251179, "N_raw": 22, "N_roi": 22, "N_inlier": 19, "refit": true}
{"timestamp": "12:19:52.042477", "frame": 19, "mu": [-0.05936304136487137, 0.12056432626030424, 1.2114768337026256], "Sigma": [[0.16888097233353297, -0.005646802995478202, 0.08083925458685098], [-0.005646802995478202, 0.0026826904797228796, -0.025381369475364166], [0.08083925458685098, -0.025381369475364172, 0.35934314626424974]], "chi2_level": 0.95, "chi2_df": 3, "chi2_threshold": 7.814727903251179, "N_raw": 12, "N_roi": 12, "N_inlier": 12, "refit": true}
{"timestamp": "12:19:52.101961", "frame": 20, "mu": [-0.16994445324533117, 0.1140517626301532, 1.569400659936254], "Sigma": [[0.25262550062605343, 0.0012629490369811167, 0.004370025007072129], [0.0012629490369811167, 0.0007557308408624631, -0.0005631155379516101], [0.004370025007072129, -0.0005631155379516101, 0.0018930947290304045]], "chi2_level": 0.95, "chi2_df": 3, "chi2_threshold": 7.814727903251179, "N_raw": 44, "N_roi": 42, "N_inlier": 39, "refit": true}
{"timestamp": "12:19:52.156261", "frame": 21, "mu": [-0.2689138966723834, 0.195080637333008, 1.0626323559213804], "Sigma": [[0.11660751272098478, -0.005192715596297378, 1.1615102789991338e-07], [-0.00519271559629738, 0.006375236778629909, -0.026655863412228593], [1.16151027908587e-07, -0.026655863412228593, 0.46755870364131485]], "chi2_level": 0.95, "chi2_df": 3, "chi2_threshold": 7.814727903251179, "N_raw": 19, "N_roi": 17, "N_inlier": 17, "refit": true}
{"timestamp": "12:19:52.207666", "frame": 22, "mu": [-0.3762892596704112, 0.5132019403489417, -0.8954594299130105], "Sigma": [[0.0038771442720824043, 0.007299294034233445, -0.03849576459476988], [0.007299294034233445, 0.01892381790853105, -0.08127080511491186], [-0.03849576459476988, -0.08127080511491186, 0.39841870965419796]], "chi2_level": 0.95, "chi2_df": 3, "chi2_threshold": 7.814727903251179, "N_raw": 9, "N_roi": 9, "N_inlier": 8, "refit": true}
{"timestamp": "12:19:52.266610", "frame": 23, "mu": [-0.4843142334637158, 0.355229135581661, 1.4276054322373772], "Sigma": [[0.003634697044915235, 3.549005237921712e-05, -0.002755001481979362], [3.549005237921712e-05, 0.0010911408033861959, -0.001683790114027418], [-0.0027550014819793618, -0.0016837901140274178, 0.005506549491017373]], "chi2_level": 0.95, "chi2_df": 3, "chi2_threshold": 7.814727903251179, "N_raw": 28, "N_roi": 28, "N_inlier": 25, "refit": true}
{"timestamp": "12:19:52.322434", "frame": 24, "mu": [-0.6475270198359869, 0.32130000284857824, 1.600254373504337], "Sigma": [[0.006429155990610558, 0.0017605824942399351, -0.0029569146726611557], [0.0017605824942399351, 0.0012096729547106885, -0.0021341017357417846], [-0.0029569146726611557, -0.0021341017357417846, 0.0056470752340839194]], "chi2_level": 0.95, "chi2_df": 3, "chi2_threshold": 7.814727903251179, "N_raw": 33, "N_roi": 33, "N_inlier": 30, "refit": true}
{"timestamp": "12:19:52.379462", "frame": 25, "mu": [-0.540428292535275, 0.37269765059127785, 1.508127750291066], "Sigma": [[0.014503272106066155, 0.002309263341870386, -0.016046322277735888], [0.002309263341870386, 0.0015374311824436664, -0.0043936229990596395], [-0.016046322277735888, -0.004393622999059639, 0.02308914585013211]], "chi2_level": 0.95, "chi2_df": 3, "chi2_threshold": 7.814727903251179, "N_raw": 47, "N_roi": 47, "N_inlier": 42, "refit": true}
{"timestamp": "12:19:52.433630", "frame": 26, "mu": [-0.6675944654527785, 0.38330262119056707, 1.6566632053218204], "Sigma": [[0.00829543502670608, 0.0007112640698762283, -0.004641443470296364], [0.000711264069876228, 0.001172101196185547, -0.0024815570938866377], [-0.004641443470296364, -0.0024815570938866377, 0.008389519561007577]], "chi2_level": 0.95, "chi2_df": 3, "chi2_threshold": 7.814727903251179, "N_raw": 41, "N_roi": 41, "N_inlier": 38, "refit": true}
{"timestamp": "12:19:52.497214", "frame": 27, "mu": [-0.5094560289410586, 0.5721496611859683, -0.45244880571138096], "Sigma": [[0.012436097635854402, 0.007659722425241581, -0.007231423255095119], [0.0076597224252415805, 0.009338519506606384, -0.007009291144456841], [-0.007231423255095119, -0.0070092911444568405, 0.008634485131657913]], "chi2_level": 0.95, "chi2_df": 3, "chi2_threshold": 7.814727903251179, "N_raw": 95, "N_roi": 95, "N_inlier": 90, "refit": true}
{"timestamp": "12:19:52.547521", "frame": 28, "mu": [-0.4959365443311408, 0.5535781687558221, 1.4351102715059745], "Sigma": [[0.00988213299879948, 0.0010329046649519412, -0.007676673453696878], [0.0010329046649519412, 0.0034409350355605163, -0.005215980552524635], [-0.007676673453696878, -0.005215980552524635, 0.013377440465232787]], "chi2_level": 0.95, "chi2_df": 3, "chi2_threshold": 7.814727903251179, "N_raw": 64, "N_roi": 64, "N_inlier": 58, "refit": true}
{"timestamp": "12:19:52.597155", "frame": 29, "mu": [-0.6434775251787371, 0.5258068819053874, 1.5542395943728402], "Sigma": [[0.02372706427486746, 0.007058210147694572, -0.03437138794731039], [0.007058210147694572, 0.0034113656319464673, -0.012711286468437546], [-0.03437138794731039, -0.012711286468437546, 0.05641849469253214]], "chi2_level": 0.95, "chi2_df": 3, "chi2_threshold": 7.814727903251179, "N_raw": 28, "N_roi": 27, "N_inlier": 25, "refit": true}
{"timestamp": "12:19:52.655271", "frame": 30, "mu": [-0.47820043921724587, 0.524421344673996, 1.354141436165377], "Sigma": [[0.040401802559776406, 0.0065460790188880515, -0.03827887123113899], [0.006546079018888051, 0.002035991680680037, -0.0081834643690342], [-0.03827887123113899, -0.0081834643690342, 0.041262480659456785]], "chi2_level": 0.95, "chi2_df": 3, "chi2_threshold": 7.814727903251179, "N_raw": 58, "N_roi": 56, "N_inlier": 54, "refit": true}
{"timestamp": "12:19:52.719374", "frame": 31, "mu": [-0.5568120019352436, 0.6096190824898736, 1.4686354160837418], "Sigma": [[0.05377937965586106, 0.005248274119317719, -0.0552254546253199], [0.005248274119317718, 0.0031690933111545292, -0.008362675360204554], [-0.0552254546253199, -0.008362675360204554, 0.06332954499982188]], "chi2_level": 0.95, "chi2_df": 3, "chi2_threshold": 7.814727903251179, "N_raw": 110, "N_roi": 109, "N_inlier": 107, "refit": true}
{"timestamp": "12:19:52.768225", "frame": 32, "mu": [-0.4823452834384524, 0.6522195652058029, 1.3901285139444564], "Sigma": [[0.047506235102022856, 0.013137254608885748, -0.043067100251155954], [0.013137254608885748, 0.0059991908154927295, -0.014086624400717916], [-0.043067100251155954, -0.014086624400717916, 0.042782919286564976]], "chi2_level": 0.95, "chi2_df": 3, "chi2_threshold": 7.814727903251179, "N_raw": 71, "N_roi": 71, "N_inlier": 68, "refit": true}
{"timestamp": "12:19:52.826066", "frame": 33, "mu": [-0.43505146040863685, 0.8044823404353091, 1.4279336769579576], "Sigma": [[0.0039575421762632615, -0.0020178666438062176, -0.006511509798347475], [-0.0020178666438062176, 0.005378410218276418, 0.00039909023678780513], [-0.006511509798347475, 0.000399090236787805, 0.014689137725061223]], "chi2_level": 0.95, "chi2_df": 3, "chi2_threshold": 7.814727903251179, "N_raw": 93, "N_roi": 93, "N_inlier": 85, "refit": true}
{"timestamp": "12:19:52.885554", "frame": 34, "mu": [-0.42656218654780814, 0.8290338009982359, 1.3742459865524908], "Sigma": [[0.0072794905537540274, -0.003252544242540077, -0.011622596719514681], [-0.003252544242540077, 0.002611593804749057, 0.00335052985198481], [-0.011622596719514681, 0.00335052985198481, 0.030520171515112868]], "chi2_level": 0.95, "chi2_df": 3, "chi2_threshold": 7.814727903251179, "N_raw": 117, "N_roi": 114, "N_inlier": 102, "refit": true}
{"timestamp": "12:19:52.945494", "frame": 35, "mu": [-0.48283919509322076, 0.9091671119464431, 1.4641531711680487], "Sigma": [[0.012142821031437424, -0.0031086233086340355, -0.01784078436475276], [-0.0031086233086340346, 0.0034805971581489533, 0.0011810204033953563], [-0.01784078436475276, 0.0011810204033953565, 0.03940578566263158]], "chi2_level": 0.95, "chi2_df": 3, "chi2_threshold": 7.814727903251179, "N_raw": 150, "N_roi": 150, "N_inlier": 139, "refit": true}
{"timestamp": "12:19:52.998682", "frame": 36, "mu": [-0.4498309346530537, 1.0101261244238169, 1.4410414734868289], "Sigma": [[0.005473299911734686, -0.0031043683761816055, -0.010011535010488935], [-0.0031043683761816055, 0.009080875456135175, 0.014165546999119847], [-0.010011535010488935, 0.014165546999119847, 0.055296859047558815]], "chi2_level": 0.95, "chi2_df": 3, "chi2_threshold": 7.814727903251179, "N_raw": 104, "N_roi": 104, "N_inlier": 100, "refit": true}
{"timestamp": "12:19:53.052891", "frame": 37, "mu": [-0.4476729768442642, 1.063814724955938, 1.411537228866115], "Sigma": [[0.005574754382605538, -0.0025637533531285128, -0.008021697729261652], [-0.002563753353128513, 0.008444728132744694, 0.012252813916683028], [-0.008021697729261652, 0.01225281391668303, 0.06776855969311829]], "chi2_level": 0.95, "chi2_df": 3, "chi2_threshold": 7.814727903251179, "N_raw": 127, "N_roi": 127, "N_inlier": 122, "refit": true}
{"timestamp": "12:19:53.109316", "frame": 38, "mu": [-0.48250336580248, 1.132016695031752, 1.525719434269248], "Sigma": [[0.0192763753904142, 0.0014489366562113854, -0.011467529525495743], [0.0014489366562113852, 0.005078770946949648, -0.0026174923532612344], [-0.011467529525495741, -0.0026174923532612344, 0.009477125751993566]], "chi2_level": 0.95, "chi2_df": 3, "chi2_threshold": 7.814727903251179, "N_raw": 147, "N_roi": 147, "N_inlier": 131, "refit": true}
{"timestamp": "12:19:53.163500", "frame": 39, "mu": [-0.5392026071114052, 1.196199180227409, 1.485376154311175], "Sigma": [[0.02125578196212076, 0.0017554654458310744, -0.009054006675962113], [0.0017554654458310744, 0.0023614918941334898, -0.0032087620360881828], [-0.009054006675962113, -0.0032087620360881828, 0.01107066785956488]], "chi2_level": 0.95, "chi2_df": 3, "chi2_threshold": 7.814727903251179, "N_raw": 137, "N_roi": 137, "N_inlier": 124, "refit": true}
{"timestamp": "12:19:53.215118", "frame": 40, "mu": [-0.5119212472223531, 1.2301229797869528, 1.4074954973778282], "Sigma": [[0.0059650562691897805, -0.00011454618801975665, 0.00020364326359703058], [-0.0001145461880197566, 0.013056718171498767, 0.019241171903916224], [0.0002036432635970308, 0.01924117190391622, 0.0682761318473756]], "chi2_level": 0.95, "chi2_df": 3, "chi2_threshold": 7.814727903251179, "N_raw": 111, "N_roi": 111, "N_inlier": 101, "refit": true}
{"timestamp": "12:19:53.261063", "frame": 41, "mu": [-0.45788142567212414, 1.2958515262306969, 1.5021596060958375], "Sigma": [[0.003675684369636788, 0.0010768796599911995, -0.0044658382732798985], [0.0010768796599911995, 0.003227882501300904, -0.003614486925999786], [-0.0044658382732798985, -0.003614486925999786, 0.00772693918453519]], "chi2_level": 0.95, "chi2_df": 3, "chi2_threshold": 7.814727903251179, "N_raw": 49, "N_roi": 49, "N_inlier": 46, "refit": true}
{"timestamp": "12:19:53.319367", "frame": 42, "mu": [-0.5604946209823766, 1.3790060819489254, 1.5259637110949638], "Sigma": [[0.010896168815452906, -0.001459370141663001, -0.0065081891630249505], [-0.0014593701416630005, 0.0025236096457622362, -0.00208293438781127], [-0.0065081891630249505, -0.00208293438781127, 0.009638692442850193]], "chi2_level": 0.95, "chi2_df": 3, "chi2_threshold": 7.814727903251179, "N_raw": 84, "N_roi": 84, "N_inlier": 78, "refit": true}
{"timestamp": "12:19:53.371855", "frame": 43, "mu": [-0.4588406831256058, 1.4038786770562997, 1.346676134213284], "Sigma": [[0.005202647957160913, -0.0019733537790441328, -0.009894552813121078], [-0.0019733537790441328, 0.00421598905807648, 0.011856494739112418], [-0.009894552813121078, 0.011856494739112416, 0.07989951472149834]], "chi2_level": 0.95, "chi2_df": 3, "chi2_threshold": 7.814727903251179, "N_raw": 61, "N_roi": 61, "N_inlier": 56, "refit": true}
{"timestamp": "12:19:53.429664", "frame": 44, "mu": [-0.48385133924265306, 1.4891139859809641, 1.375379526899789], "Sigma": [[0.006660857582940704, -0.0014229835703510442, -0.005701764449909927], [-0.001422983570351044, 0.0039297464915940454, -0.0006434941402596818], [-0.005701764449909927, -0.0006434941402596818, 0.024722998233518652]], "chi2_level": 0.95, "chi2_df": 3, "chi2_threshold": 7.814727903251179, "N_raw": 81, "N_roi": 81, "N_inlier": 75, "refit": true}
{"timestamp": "12:19:53.482758", "frame": 45, "mu": [-0.4719701750385136, 1.5547770157877836, 1.2309401181495327], "Sigma": [[0.003587752299654931, -0.0007340078061710409, 0.0031423452083848506], [-0.0007340078061710408, 0.005376452274434287, 0.011207131535217837], [0.00314234520838485, 0.011207131535217837, 0.21975937353020217]], "chi2_level": 0.95, "chi2_df": 3, "chi2_threshold": 7.814727903251179, "N_raw": 67, "N_roi": 66, "N_inlier": 63, "refit": true}
{"timestamp": "12:19:53.540811", "frame": 46, "mu": [-0.5231523307480908, 1.6092733347614105, 1.0210286415101706], "Sigma": [[0.004978130347050909, -0.00024247924975013055, 0.013416888405660368], [-0.00024247924975013055, 0.005313583107605866, -0.0006273684365961196], [0.013416888405660368, -0.0006273684365961194, 0.24616534033192713]], "chi2_level": 0.95, "chi2_df": 3, "chi2_threshold": 7.814727903251179, "N_raw": 91, "N_roi": 91, "N_inlier": 88, "refit": true}
{"timestamp": "12:19:53.601685", "frame": 47, "mu": [-0.5570078865738114, 1.692741868557472, 1.0807867641294475], "Sigma": [[0.006522116638531033, 0.0005169657734079091, 0.003880330729811296], [0.0005169657734079091, 0.009630134697947585, 0.028517915912220436], [0.0038803307298112977, 0.028517915912220436, 0.34288613311989946]], "chi2_level": 0.95, "chi2_df": 3, "chi2_threshold": 7.814727903251179, "N_raw": 120, "N_roi": 120, "N_inlier": 117, "refit": true}
{"timestamp": "12:19:53.648469", "frame": 48, "mu": [-0.6686152238062576, 1.7363096132670373, 1.4664524466404874], "Sigma": [[0.010375145125506174, -0.0015547973442571474, -0.020228848165665128], [-0.0015547973442571474, 0.003430940092969618, 0.0036746326631084247], [-0.020228848165665125, 0.0036746326631084242, 0.09298067103885108]], "chi2_level": 0.95, "chi2_df": 3, "chi2_threshold": 7.814727903251179, "N_raw": 66, "N_roi": 66, "N_inlier": 61, "refit": true}
{"timestamp": "12:19:53.699290", "frame": 49, "mu": [-0.5992200177408828, 1.824381742294435, 1.3235372363453053], "Sigma": [[0.005383885217766089, 0.0011707309646354384, -0.002784450579240748], [0.0011707309646354384, 0.009588476938828444, 0.026993097582160775], [-0.0027844505792407478, 0.026993097582160775, 0.11493736455094829]], "chi2_level": 0.95, "chi2_df": 3, "chi2_threshold": 7.814727903251179, "N_raw": 51, "N_roi": 51, "N_inlier": 50, "refit": true}
{"timestamp": "12:19:53.760723", "frame": 50, "mu": [-0.571924727610115, 1.873885287599731, 1.3001985543164885], "Sigma": [[0.007159772548494178, 0.0018080572549499887, 0.004536273426413484], [0.0018080572549499887, 0.010041758091333751, 0.02921085831328695], [0.004536273426413484, 0.02921085831328695, 0.1479130415227876]], "chi2_level": 0.95, "chi2_df": 3, "chi2_threshold": 7.814727903251179, "N_raw": 88, "N_roi": 85, "N_inlier": 81, "refit": true}
{"timestamp": "12:19:53.817483", "frame": 51, "mu": [-0.5648915384733971, 2.0122907288267218, 0.02009017363296102], "Sigma": [[0.007221155937109649, -0.004145344884730797, 0.026108309639922257], [-0.004145344884730797, 0.00798059472571761, -0.031636724827899934], [0.02610830963992226, -0.031636724827899934, 0.27267140013385255]], "chi2_level": 0.95, "chi2_df": 3, "chi2_threshold": 7.814727903251179, "N_raw": 96, "N_roi": 96, "N_inlier": 94, "refit": true}
{"timestamp": "12:19:53.876543", "frame": 52, "mu": [-0.613325896055651, 1.9995919486395861, 0.9299080197948403], "Sigma": [[0.010759832558265433, -0.004629627292334671, 0.02181973137661953], [-0.004629627292334671, 0.014163923422479772, 0.003474939200477748], [0.02181973137661953, 0.0034749392004777492, 0.4784750600414429]], "chi2_level": 0.95, "chi2_df": 3, "chi2_threshold": 7.814727903251179, "N_raw": 125, "N_roi": 125, "N_inlier": 122, "refit": true}
{"timestamp": "12:19:53.929974", "frame": 53, "mu": [-0.581604052825882, 2.0178970237635028, 1.2067519432090945], "Sigma": [[0.013796228319840743, -0.0001046468838949297, 0.01200348766867386], [-0.00010464688389493003, 0.020531208331966862, 0.03602852601418658], [0.01200348766867386, 0.036028526014186574, 0.1350815736351886]], "chi2_level": 0.95, "chi2_df": 3, "chi2_threshold": 7.814727903251179, "N_raw": 113, "N_roi": 113, "N_inlier": 105, "refit": true}
{"timestamp": "12:19:53.983336", "frame": 54, "mu": [-0.6076202173937847, 2.1823519273438814, 1.1272115503954439], "Sigma": [[0.010061250170079201, -0.00019267141115193978, 0.005150373036554877], [-0.0001926714111519397, 0.004647127188116097, 0.017141274715403138], [0.005150373036554878, 0.01714127471540314, 0.464255506532766]], "chi2_level": 0.95, "chi2_df": 3, "chi2_threshold": 7.814727903251179, "N_raw": 107, "N_roi": 107, "N_inlier": 106, "refit": true}
{"timestamp": "12:19:54.037154", "frame": 55, "mu": [-0.5793005025637243, 2.1885112895181753, 1.1087170821410453], "Sigma": [[0.010499964653808815, 0.0025037608274347946, 0.033138283575844515], [0.0025037608274347946, 0.008541070073402834, 0.032431286420646195], [0.033138283575844515, 0.0324312864206462, 0.4773377879178914]], "chi2_level": 0.95, "chi2_df": 3, "chi2_threshold": 7.814727903251179, "N_raw": 99, "N_roi": 99, "N_inlier": 99, "refit": true}
{"timestamp": "12:19:54.098778", "frame": 56, "mu": [-0.5987876485942816, 2.2005784098668215, 0.7935926827854131], "Sigma": [[0.015849831691976988, 0.004710937675549954, 0.03203512457792236], [0.004710937675549954, 0.013794739447804752, 0.06180416295819249], [0.03203512457792236, 0.06180416295819249, 0.6019199567465144]], "chi2_level": 0.95, "chi2_df": 3, "chi2_threshold": 7.814727903251179, "N_raw": 140, "N_roi": 139, "N_inlier": 127, "refit": true}
{"timestamp": "12:19:54.149962", "frame": 57, "mu": [-0.6696995036808696, 2.307142254545546, 0.43695161361434015], "Sigma": [[0.013012533819523773, -0.0021852766578607822, 0.005008931065619136], [-0.0021852766578607822, 0.005254959195866806, 0.019264446355198608], [0.0050089310656191354, 0.01926444635519861, 0.3272189982736851]], "chi2_level": 0.95, "chi2_df": 3, "chi2_threshold": 7.814727903251179, "N_raw": 109, "N_roi": 109, "N_inlier": 108, "refit": true}
{"timestamp": "12:19:54.203700", "frame": 58, "mu": [-0.6343690924296476, 2.3520612542894144, 0.5612326731459996], "Sigma": [[0.015156734738138118, -0.00011683686883900762, 0.03519526170344081], [-0.00011683686883900751, 0.0091095177858174, 0.03841122647812934], [0.03519526170344081, 0.03841122647812934, 0.4454293395940629]], "chi2_level": 0.95, "chi2_df": 3, "chi2_threshold": 7.814727903251179, "N_raw": 104, "N_roi": 104, "N_inlier": 103, "refit": true}
{"timestamp": "12:19:54.256400", "frame": 59, "mu": [-0.6808926128517844, 2.4148052497697376, 0.9746240267242755], "Sigma": [[0.013128553639842618, 0.00044035264389167135, 0.004361694942819878], [0.0004403526438916714, 0.006483319908310454, 0.015378268706079681], [0.004361694942819878, 0.015378268706079681, 0.4675509807959988]], "chi2_level": 0.95, "chi2_df": 3, "chi2_threshold": 7.814727903251179, "N_raw": 90, "N_roi": 90, "N_inlier": 88, "refit": true}
{"timestamp": "12:19:54.315994", "frame": 60, "mu": [-0.6907739601530505, 2.4730710027397786, 0.5743976604058488], "Sigma": [[0.017648692242538646, 0.0026932759133800515, -0.004354231233603144], [0.0026932759133800515, 0.011320002199595964, 0.0013327867446271927], [-0.004354231233603146, 0.0013327867446271927, 0.38600194901445223]], "chi2_level": 0.95, "chi2_df": 3, "chi2_threshold": 7.814727903251179, "N_raw": 117, "N_roi": 117, "N_inlier": 115, "refit": true}
{"timestamp": "12:19:54.373762", "frame": 61, "mu": [-0.6288868644808348, 2.262951204091018, 0.507487589149839], "Sigma": [[0.016439873389035194, 0.027936101483123303, 0.005616004774888333], [0.027936101483123303, 0.34826191646432897, 0.45566331216919553], [0.005616004774888332, 0.45566331216919553, 0.9375352744902768]], "chi2_level": 0.95, "chi2_df": 3, "chi2_threshold": 7.814727903251179, "N_raw": 136, "N_roi": 136, "N_inlier": 131, "refit": true}
{"timestamp": "12:19:54.413569", "frame": 62, "mu": [-0.7529878934669155, 2.6697535737687055, 0.7424557490542978], "Sigma": [[0.008553200154946518, 0.0051698704306232576, -0.019851439535103377], [0.005169870430623259, 0.018708808277915705, -0.0687867978460554], [-0.019851439535103377, -0.0687867978460554, 0.3252145315015404]], "chi2_level": 0.95, "chi2_df": 3, "chi2_threshold": 7.814727903251179, "N_raw": 34, "N_roi": 34, "N_inlier": 33, "refit": true}
{"timestamp": "12:19:54.470988", "frame": 63, "mu": [-0.7312592416955829, 2.668105230991753, 0.8460674592447714], "Sigma": [[0.013416715602540335, 0.001094106841230598, 0.023833556459601647], [0.001094106841230598, 0.004024278911858205, 0.010529156655669145], [0.023833556459601647, 0.010529156655669145, 0.55443438912438]], "chi2_level": 0.95, "chi2_df": 3, "chi2_threshold": 7.814727903251179, "N_raw": 56, "N_roi": 56, "N_inlier": 54, "refit": true}
{"timestamp": "12:19:54.521987", "frame": 64, "mu": [-0.7110014071261833, 2.7558164856059926, 0.4026172308837122], "Sigma": [[0.005716712303884889, -0.0016566337032493873, 0.004039861406592936], [-0.0016566337032493876, 0.003166810977316476, 0.0030378777729993013], [0.004039861406592936, 0.003037877772999303, 0.4833381534888093]], "chi2_level": 0.95, "chi2_df": 3, "chi2_threshold": 7.814727903251179, "N_raw": 26, "N_roi": 25, "N_inlier": 25, "refit": true}
{"timestamp": "12:19:54.577611", "frame": 65, "mu": [-0.6788554394520817, 2.852435547091717, 0.9677871538043523], "Sigma": [[0.007065007057989175, -0.0014595285780694984, -0.012103123074296711], [-0.0014595285780694982, 0.005443376242867628, 0.04216783083260511], [-0.012103123074296711, 0.04216783083260511, 0.581110858658239]], "chi2_level": 0.95, "chi2_df": 3, "chi2_threshold": 7.814727903251179, "N_raw": 32, "N_roi": 32, "N_inlier": 31, "refit": true}
{"timestamp": "12:19:54.633077", "frame": 66, "mu": [-0.6455445186131331, 2.8304124562542747, 1.3527831038389337], "Sigma": [[0.007271081157982613, 0.0013340149602764995, -0.004411460040405487], [0.0013340149602764997, 0.003885969178208927, -0.0017776307826671606], [-0.004411460040405487, -0.0017776307826671606, 0.006608128410489294]], "chi2_level": 0.95, "chi2_df": 3, "chi2_threshold": 7.814727903251179, "N_raw": 38, "N_roi": 38, "N_inlier": 34, "refit": true}
{"timestamp": "12:19:54.696691", "frame": 67, "mu": [-0.6678696148146687, 3.1071346803152724, -0.05333685047461192], "Sigma": [[0.01040470111958544, 0.00280129290973976, -0.009089695501842781], [0.0028012929097397605, 0.03303604228301056, -0.08518440170493988], [-0.00908969550184278, -0.08518440170493989, 0.26163486010130227]], "chi2_level": 0.95, "chi2_df": 3, "chi2_threshold": 7.814727903251179, "N_raw": 98, "N_roi": 98, "N_inlier": 95, "refit": true}
{"timestamp": "12:19:54.750485", "frame": 68, "mu": [-0.6767408752439266, 3.0121514792903707, 1.4825024531075015], "Sigma": [[0.015000397224114828, -0.002036781933798145, -0.008803695122621672], [-0.0020367819337981444, 0.009714753412787538, -0.003677974469591421], [-0.00880369512262167, -0.003677974469591421, 0.029544228481131037]], "chi2_level": 0.95, "chi2_df": 3, "chi2_threshold": 7.814727903251179, "N_raw": 85, "N_roi": 85, "N_inlier": 80, "refit": true}
{"timestamp": "12:19:54.806630", "frame": 69, "mu": [-0.640681917764546, 3.08194363745476, 1.0841087723744858], "Sigma": [[0.015040712277955042, -0.002135256475397772, 0.006942265196461573], [-0.0021352564753977727, 0.010903982925063853, -0.02677414938154344], [0.0069422651964615705, -0.026774149381543443, 0.41425728790853455]], "chi2_level": 0.95, "chi2_df": 3, "chi2_threshold": 7.814727903251179, "N_raw": 95, "N_roi": 95, "N_inlier": 94, "refit": true}
{"timestamp": "12:19:54.860122", "frame": 70, "mu": [-0.633163786865389, 3.081700581094606, 1.2190251015686975], "Sigma": [[0.01935699651890021, -0.000637531089195967, 0.0004924483606411536], [-0.000637531089195967, 0.00330634986398547, -0.00835634661419496], [0.0004924483606411536, -0.00835634661419496, 0.026788394450576118]], "chi2_level": 0.95, "chi2_df": 3, "chi2_threshold": 7.814727903251179, "N_raw": 81, "N_roi": 81, "N_inlier": 77, "refit": true}
{"timestamp": "12:19:54.916475", "frame": 71, "mu": [-0.7032468920190917, 3.196784892443283, 0.3809753848591557], "Sigma": [[0.014648366576829065, -0.0024660786355693264, 0.03202569355178998], [-0.0024660786355693255, 0.011186179851518895, -0.01857529655548041], [0.03202569355178998, -0.01857529655548041, 0.323056051767663]], "chi2_level": 0.95, "chi2_df": 3, "chi2_threshold": 7.814727903251179, "N_raw": 93, "N_roi": 93, "N_inlier": 89, "refit": true}
{"timestamp": "12:19:54.969052", "frame": 72, "mu": [-0.7076745266566571, 3.211559567624316, 1.3557842972166172], "Sigma": [[0.013867495286405962, 0.0007298171129427663, -0.008256916002194048], [0.0007298171129427664, 0.008634647116923808, 0.011340874183600141], [-0.00825691600219405, 0.011340874183600141, 0.10611510676370267]], "chi2_level": 0.95, "chi2_df": 3, "chi2_threshold": 7.814727903251179, "N_raw": 78, "N_roi": 78, "N_inlier": 75, "refit": true}
{"timestamp": "12:19:55.029030", "frame": 73, "mu": [-0.7238711697983526, 3.319775570406808, 0.957168638095584], "Sigma": [[0.017722420292375713, 0.0005404289637595046, 0.0073311469673558085], [0.0005404289637595045, 0.011552861790925528, 0.025269513858939555], [0.007331146967355812, 0.025269513858939555, 0.5952570437783329]], "chi2_level": 0.95, "chi2_df": 3, "chi2_threshold": 7.814727903251179, "N_raw": 114, "N_roi": 114, "N_inlier": 112, "refit": true}
{"timestamp": "12:19:55.076179", "frame": 74, "mu": [-0.6946213563004316, 3.381982459333026, 1.3667992522473633], "Sigma": [[0.01691293760464225, 0.000256778660579128, -0.005197439797827071], [0.0002567786605791281, 0.004562214405237808, -0.0032647444072603964], [-0.005197439797827071, -0.0032647444072603964, 0.00645940745648317]], "chi2_level": 0.95, "chi2_df": 3, "chi2_threshold": 7.814727903251179, "N_raw": 55, "N_roi": 55, "N_inlier": 53, "refit": true}
{"timestamp": "12:19:55.135633", "frame": 75, "mu": [-0.7111341275915434, 3.4122372130505045, 1.0003012040075971], "Sigma": [[0.020275977505181994, 0.0021353071308483473, 0.007229098025665219], [0.0021353071308483473, 0.00559842914401291, -0.02082595804048107], [0.0072290980256652215, -0.02082595804048107, 0.29803857015279317]], "chi2_level": 0.95, "chi2_df": 3, "chi2_threshold": 7.814727903251179, "N_raw": 91, "N_roi": 91, "N_inlier": 90, "refit": true}
{"timestamp": "12:19:55.188266", "frame": 76, "mu": [-0.7246702017368962, 3.4733753295883734, 1.4334966086093845], "Sigma": [[0.021388403756057654, 0.0038038152456983413, -0.006718491255377235], [0.003803815245698342, 0.010242423919727748, 0.0009442082301844107], [-0.006718491255377234, 0.0009442082301844106, 0.008840979463972453]], "chi2_level": 0.95, "chi2_df": 3, "chi2_threshold": 7.814727903251179, "N_raw": 78, "N_roi": 78, "N_inlier": 73, "refit": true}
{"timestamp": "12:19:55.246204", "frame": 77, "mu": [-0.7445013739096796, 3.5512434714406753, 0.9948481283526904], "Sigma": [[0.018575828690341648, 0.0027572007004490746, -0.014213342708076893], [0.0027572007004490755, 0.007748286191064111, -0.014171963762045985], [-0.014213342708076893, -0.014171963762045985, 0.505289633309021]], "chi2_level": 0.95, "chi2_df": 3, "chi2_threshold": 7.814727903251179, "N_raw": 100, "N_roi": 100, "N_inlier": 100, "refit": true}
{"timestamp": "12:19:55.293638", "frame": 78, "mu": [-0.672844408775099, 3.734279154749836, 0.15539682755550846], "Sigma": [[0.017956595822237475, 0.0007634915069292723, -0.0005578157952783718], [0.000763491506929272, 0.007069470140162559, -0.015531600975697847], [-0.0005578157952783723, -0.015531600975697847, 0.04203814487840061]], "chi2_level": 0.95, "chi2_df": 3, "chi2_threshold": 7.814727903251179, "N_raw": 42, "N_roi": 42, "N_inlier": 39, "refit": true}
{"timestamp": "12:19:55.353636", "frame": 79, "mu": [-0.7156831133660523, 3.63552998488311, 1.1316346850625019], "Sigma": [[0.02483410022341654, 0.0023248970467298, -0.0377807739464682], [0.0023248970467298, 0.004180603108113109, -0.015369903033010977], [-0.0377807739464682, -0.015369903033010977, 0.1714652832225643]], "chi2_level": 0.95, "chi2_df": 3, "chi2_threshold": 7.814727903251179, "N_raw": 77, "N_roi": 77, "N_inlier": 75, "refit": true}
{"timestamp": "12:19:55.407995", "frame": 80, "mu": [-0.7751886950872594, 3.6462819633217354, 1.2752857791522267], "Sigma": [[0.02137305084183618, 0.0010741555192663726, -0.0097125556660096], [0.0010741555192663723, 0.0031096315370083847, -0.007495892223294491], [-0.0097125556660096, -0.007495892223294491, 0.03153022462784011]], "chi2_level": 0.95, "chi2_df": 3, "chi2_threshold": 7.814727903251179, "N_raw": 68, "N_roi": 68, "N_inlier": 62, "refit": true}
{"timestamp": "12:19:55.459904", "frame": 81, "mu": [-0.8440895541254941, 3.691256980444358, 1.1736672140187647], "Sigma": [[0.017624679080306946, 0.003641022018432358, -0.010279184214250576], [0.003641022018432358, 0.003444078852777529, -0.006898334678799427], [-0.010279184214250576, -0.006898334678799427, 0.0191042235452659]], "chi2_level": 0.95, "chi2_df": 3, "chi2_threshold": 7.814727903251179, "N_raw": 50, "N_roi": 50, "N_inlier": 47, "refit": true}
{"timestamp": "12:19:55.517246", "frame": 82, "mu": [-0.8131144766151492, 3.784695402051931, 1.4304333224683625], "Sigma": [[0.021513072272178697, 0.0038688784230450192, -0.00604982145831273], [0.003868878423045019, 0.00811620050750086, -0.0013233582265679482], [-0.00604982145831273, -0.0013233582265679482, 0.003918319257308236]], "chi2_level": 0.95, "chi2_df": 3, "chi2_threshold": 7.814727903251179, "N_raw": 66, "N_roi": 66, "N_inlier": 65, "refit": true}
{"timestamp": "12:19:55.574114", "frame": 83, "mu": [-0.8126975816881272, 3.622659392750434, -0.754926567145629], "Sigma": [[0.021524781300003702, 0.02229666294921218, 0.07378679112983205], [0.022296662949212176, 0.3811736831128013, 0.8505551244336862], [0.07378679112983204, 0.8505551244336861, 2.107522334160508]], "chi2_level": 0.95, "chi2_df": 3, "chi2_threshold": 7.814727903251179, "N_raw": 76, "N_roi": 76, "N_inlier": 72, "refit": true}
{"timestamp": "12:19:55.626965", "frame": 84, "mu": [-0.848094866262063, 3.912249557240341, 0.5551920434554898], "Sigma": [[0.021749628235254462, 0.008278465452864146, -0.004558171025337169], [0.008278465452864146, 0.01003452623201695, 0.0017468496061458134], [-0.004558171025337169, 0.0017468496061458134, 0.005651117450618635]], "chi2_level": 0.95, "chi2_df": 3, "chi2_threshold": 7.814727903251179, "N_raw": 65, "N_roi": 65, "N_inlier": 64, "refit": true}
{"timestamp": "12:19:55.680881", "frame": 85, "mu": [-0.9012466837346009, 4.003089464823639, 1.4351998602845695], "Sigma": [[0.01765926757861573, 0.0014328635192919813, -0.007147291191915028], [0.0014328635192919817, 0.005318613996460376, -0.0006740690610504737], [-0.007147291191915028, -0.0006740690610504737, 0.00523550925029543]], "chi2_level": 0.95, "chi2_df": 3, "chi2_threshold": 7.814727903251179, "N_raw": 47, "N_roi": 47, "N_inlier": 47, "refit": true}
{"timestamp": "12:19:55.729882", "frame": 86, "mu": [-0.8891457137678129, 4.148898082982674, 1.089089584995251], "Sigma": [[0.006294718423823068, 0.0017724704998629969, -0.03652650738684787], [0.0017724704998629969, 0.0053858699920033845, -0.025737271555472594], [-0.036526507386847866, -0.025737271555472594, 0.29136204812090016]], "chi2_level": 0.95, "chi2_df": 3, "chi2_threshold": 7.814727903251179, "N_raw": 6, "N_roi": 6, "N_inlier": 6, "refit": true}
{"timestamp": "12:19:55.787839", "frame": 87, "mu": [-0.7708562905367039, 4.191739615241404, 0.9000671325792948], "Sigma": [[0.01773501303538656, -0.0015005138978885398, 0.012732058573071924], [-0.0015005138978885398, 0.009325929144214783, -0.04052407407758943], [0.01273205857307192, -0.04052407407758943, 0.19490517910535962]], "chi2_level": 0.95, "chi2_df": 3, "chi2_threshold": 7.814727903251179, "N_raw": 40, "N_roi": 40, "N_inlier": 39, "refit": true}
{"timestamp": "12:19:55.841662", "frame": 88, "mu": [-0.8447712475439284, 4.164698941744397, 1.1818973852490988], "Sigma": [[0.0157127874505072, 0.0023332644332691474, -0.005311150006770359], [0.0023332644332691474, 0.0019232082926363872, -0.0013204955117501315], [-0.005311150006770358, -0.0013204955117501315, 0.003054008771468907]], "chi2_level": 0.95, "chi2_df": 3, "chi2_threshold": 7.814727903251179, "N_raw": 27, "N_roi": 27, "N_inlier": 23, "refit": true}
{"timestamp": "12:19:55.899074", "frame": 89, "mu": [-0.7980403594359964, 4.206460676531002, 1.2349043336071874], "Sigma": [[0.0307125412747095, 0.0023386371905247455, -0.0071493236341994195], [0.0023386371905247455, 0.0031708646952222476, -0.004317199115381341], [-0.007149323634199421, -0.004317199115381341, 0.008128321904984607]], "chi2_level": 0.95, "chi2_df": 3, "chi2_threshold": 7.814727903251179, "N_raw": 52, "N_roi": 52, "N_inlier": 49, "refit": true}
{"timestamp": "12:19:55.955654", "frame": 90, "mu": [-0.7875842089859829, 4.276494812068533, 1.4641975003088654], "Sigma": [[0.02127775066162551, -0.00010302034522470199, -0.007636879712045548], [-0.00010302034522470207, 0.004445486162368394, -0.001768840519362548], [-0.007636879712045547, -0.0017688405193625476, 0.008035413597733257]], "chi2_level": 0.95, "chi2_df": 3, "chi2_threshold": 7.814727903251179, "N_raw": 52, "N_roi": 52, "N_inlier": 47, "refit": true}
{"timestamp": "12:19:56.011919", "frame": 91, "mu": [-0.7502678104689869, 4.331586186010402, 1.340227878223713], "Sigma": [[0.032980660558611055, 0.002584352503914513, -0.002072241293481966], [0.0025843525039145124, 0.003452587202201856, -0.005439706180830735], [-0.0020722412934819656, -0.005439706180830735, 0.015308767905507689]], "chi2_level": 0.95, "chi2_df": 3, "chi2_threshold": 7.814727903251179, "N_raw": 62, "N_roi": 61, "N_inlier": 56, "refit": true}
{"timestamp": "12:19:56.066805", "frame": 92, "mu": [-0.8461091619762762, 4.396874277744693, 1.3287705584727125], "Sigma": [[0.02965098720962575, 0.0029533792139569857, -0.009011757596072863], [0.0029533792139569866, 0.005955235162521834, -0.0033190197129184086], [-0.009011757596072863, -0.0033190197129184086, 0.011794025313122939]], "chi2_level": 0.95, "chi2_df": 3, "chi2_threshold": 7.814727903251179, "N_raw": 63, "N_roi": 63, "N_inlier": 60, "refit": true}
{"timestamp": "12:19:56.115649", "frame": 93, "mu": [-0.6977071929383464, 4.438695606597262, 1.557548322668652], "Sigma": [[0.01558062642677145, 0.001944614258450379, -0.007066656396013842], [0.001944614258450379, 0.0018451845436522043, -0.0012467755898974502], [-0.007066656396013841, -0.0012467755898974502, 0.009785938666250701]], "chi2_level": 0.95, "chi2_df": 3, "chi2_threshold": 7.814727903251179, "N_raw": 25, "N_roi": 25, "N_inlier": 22, "refit": true}
{"timestamp": "12:19:56.175275", "frame": 94, "mu": [-0.7436744190424205, 4.500504409948453, 1.1881892607505191], "Sigma": [[0.025945080020437765, 0.00384846508767106, -0.004821671912681456], [0.00384846508767106, 0.0025745789549078157, -0.005060980799569403], [-0.004821671912681454, -0.005060980799569403, 0.06824284240203972]], "chi2_level": 0.95, "chi2_df": 3, "chi2_threshold": 7.814727903251179, "N_raw": 56, "N_roi": 50, "N_inlier": 49, "refit": true}
{"timestamp": "12:19:56.230915", "frame": 95, "mu": [-0.8351153712279061, 4.587294808438894, 1.3470916593426192], "Sigma": [[0.0352087647782972, 0.00402117894720931, -0.0105103862661638], [0.0040211789472093095, 0.005239300167229614, -0.0027620561019072115], [-0.0105103862661638, -0.0027620561019072115, 0.007133746808721015]], "chi2_level": 0.95, "chi2_df": 3, "chi2_threshold": 7.814727903251179, "N_raw": 59, "N_roi": 58, "N_inlier": 57, "refit": true}
{"timestamp": "12:19:56.291345", "frame": 96, "mu": [-0.8043877778923283, 4.6652004620267284, 1.443729036103719], "Sigma": [[0.024222959505022762, 0.002090416578537504, 0.0014567065063088136], [0.002090416578537504, 0.0044930716777172915, -0.003555671890676197], [0.0014567065063088136, -0.003555671890676197, 0.006987150717661031]], "chi2_level": 0.95, "chi2_df": 3, "chi2_threshold": 7.814727903251179, "N_raw": 52, "N_roi": 48, "N_inlier": 47, "refit": true}
{"timestamp": "12:19:56.338916", "frame": 97, "mu": [-0.7840558598748316, 4.714215867937232, 1.4727982787860734], "Sigma": [[0.02313670170753622, 0.0029198536538425288, -0.002487511102681997], [0.0029198536538425288, 0.0035776959453854658, -0.0003859734616567592], [-0.002487511102681997, -0.0003859734616567592, 0.0004554134244648878]], "chi2_level": 0.95, "chi2_df": 3, "chi2_threshold": 7.814727903251179, "N_raw": 43, "N_roi": 38, "N_inlier": 36, "refit": true}
{"timestamp": "12:19:56.389792", "frame": 98, "mu": [-0.8344722811389871, 4.825996279254038, 1.4137605425761715], "Sigma": [[0.0026111256545766973, 0.0016918758088549503, -0.003614710747432863], [0.0016918758088549503, 0.004156720324187603, -0.0049560403672925845], [-0.0036147107474328636, -0.0049560403672925845, 0.009376094853602563]], "chi2_level": 0.95, "chi2_df": 3, "chi2_threshold": 7.814727903251179, "N_raw": 11, "N_roi": 8, "N_inlier": 7, "refit": true}
{"timestamp": "12:19:56.448588", "frame": 99, "mu": [-0.6625584133005528, 4.842414961853233, 1.3445163674204685], "Sigma": [[0.018662541952257063, 0.0011272746518649521, -0.004046047273306251], [0.0011272746518649524, 0.002481432910648934, -0.0038178965068769296], [-0.004046047273306251, -0.0038178965068769296, 0.008355689457887358]], "chi2_level": 0.95, "chi2_df": 3, "chi2_threshold": 7.814727903251179, "N_raw": 40, "N_roi": 29, "N_inlier": 29, "refit": true}
{"timestamp": "12:19:56.756813", "frame": 101, "mu": [-0.568838391554017, 4.272251581283757, 1.389950446786279], "Sigma": [[0.06855746484535255, -0.41694570571232187, 0.08648706526137712], [-0.4169457057123219, 2.7144472131070527, -0.5279335162282325], [0.08648706526137714, -0.5279335162282325, 0.11014253645354494]], "chi2_level": 0.95, "chi2_df": 3, "chi2_threshold": 7.814727903251179, "N_raw": 10, "N_roi": 5, "N_inlier": 5, "refit": true}
