{"timestamp": "11:56:23.063665", "frame": 1, "mu": [2.3569558020202828, 4.632538428413778, 1.4408423458532265], "Sigma": [[0.007101844739258488, -0.00229567932284876, -0.006019826992327537], [-0.0022956793228487604, 0.003779711071710776, 0.00020070902055691292], [-0.006019826992327537, 0.00020070902055691292, 0.007976617899279352]], "chi2_level": 0.99, "chi2_df": 3, "chi2_threshold": 11.344866730144373, "N_raw": 36, "N_roi": 17, "N_inlier": 17, "refit": true}
{"timestamp": "11:56:23.556391", "frame": 10, "mu": [2.342342479910808, 4.636237331323458, 1.0370668958950675], "Sigma": [[0.013100462206173296, -0.0062855861059876676, -0.005884721150194755], [-0.0062855861059876676, 0.004994664616743731, 0.0009903837213032342], [-0.005884721150194755, 0.0009903837213032338, 0.0065451141762537185]], "chi2_level": 0.99, "chi2_df": 3, "chi2_threshold": 11.344866730144373, "N_raw": 29, "N_roi": 17, "N_inlier": 17, "refit": true}
{"timestamp": "11:56:23.666317", "frame": 12, "mu": [2.3208417910683927, 4.642109916381737, 1.2709162352813443], "Sigma": [[0.01293134295277242, -0.007550440170938393, -0.005877372746305301], [-0.007550440170938392, 0.007228069568245667, 0.0008515278270835086], [-0.005877372746305301, 0.0008515278270835085, 0.008772489146443093]], "chi2_level": 0.99, "chi2_df": 3, "chi2_threshold": 11.344866730144373, "N_raw": 35, "N_roi": 23, "N_inlier": 23, "refit": true}
{"timestamp": "11:56:23.777594", "frame": 14, "mu": [2.3308335650916394, 4.594522911067639, 1.2261087198285714], "Sigma": [[0.010781470553556596, -0.005100666868548456, -0.007523784093296164], [-0.005100666868548455, 0.003684208087489234, 0.001312491155635726], [-0.007523784093296163, 0.0013124911556357257, 0.012926608830893459]], "chi2_level": 0.99, "chi2_df": 3, "chi2_threshold": 11.344866730144373, "N_raw": 22, "N_roi": 17, "N_inlier": 16, "refit": true}
{"timestamp": "11:56:24.162620", "frame": 21, "mu": [2.2331514545716753, 4.34163823878666, 1.1126587863380228], "Sigma": [[0.00915507131392245, -0.00616666859271018, -0.0048943722918344205], [-0.00616666859271018, 0.008532024473677418, 0.005638198541020599], [-0.00489437229183442, 0.005638198541020599, 0.005380077896062466]], "chi2_level": 0.99, "chi2_df": 3, "chi2_threshold": 11.344866730144373, "N_raw": 19, "N_roi": 17, "N_inlier": 17, "refit": true}
{"timestamp": "11:56:24.273968", "frame": 23, "mu": [2.052579075547575, 4.361081913669109, 1.0684929277608846], "Sigma": [[0.02923944601402673, -0.016065576862551893, -0.011799444761114834], [-0.016065576862551893, 0.013088039379345435, 0.008136439244254712], [-0.011799444761114834, 0.008136439244254712, 0.007677147960522285]], "chi2_level": 0.99, "chi2_df": 3, "chi2_threshold": 11.344866730144373, "N_raw": 33, "N_roi": 33, "N_inlier": 32, "refit": true}
{"timestamp": "11:56:24.326325", "frame": 24, "mu": [2.07550589344003, 4.4002218718207216, -0.04836376232725867], "Sigma": [[0.015577669930308072, -0.004379140456789421, -0.007740623405502084], [-0.004379140456789421, 0.00629898607150616, 0.005432839064159211], [-0.0077406234055020845, 0.005432839064159211, 0.008738818090179444]], "chi2_level": 0.99, "chi2_df": 3, "chi2_threshold": 11.344866730144373, "N_raw": 19, "N_roi": 19, "N_inlier": 19, "refit": true}
{"timestamp": "11:56:24.382054", "frame": 25, "mu": [2.0787856009619623, 4.408251334734604, 0.8209929267003098], "Sigma": [[0.008797478193426573, 0.006955152686268833, 0.011790740523679108], [0.006955152686268833, 0.012646845407947067, 0.015003793868185318], [0.011790740523679108, 0.015003793868185318, 0.038064489733428075]], "chi2_level": 0.99, "chi2_df": 3, "chi2_threshold": 11.344866730144373, "N_raw": 14, "N_roi": 10, "N_inlier": 10, "refit": true}
{"timestamp": "11:56:24.545784", "frame": 28, "mu": [1.8446227192119073, 4.424590414713623, 0.31697566130478366], "Sigma": [[0.008305753421084597, -0.003328463999014179, -0.0015916692212291422], [-0.003328463999014179, 0.0022252178475847236, 0.0010124529575128792], [-0.0015916692212291422, 0.0010124529575128792, 0.0005950132076861251]], "chi2_level": 0.99, "chi2_df": 3, "chi2_threshold": 11.344866730144373, "N_raw": 11, "N_roi": 11, "N_inlier": 10, "refit": true}
{"timestamp": "11:56:24.766923", "frame": 32, "mu": [1.7283571144805951, 4.355903927437133, 1.1461996461784816], "Sigma": [[0.007236331566212987, -0.0036714400199319716, -0.00231726566128393], [-0.003671440019931972, 0.004182772803246695, 0.0008720743391472664], [-0.00231726566128393, 0.0008720743391472666, 0.0018662438014363277]], "chi2_level": 0.99, "chi2_df": 3, "chi2_threshold": 11.344866730144373, "N_raw": 15, "N_roi": 15, "N_inlier": 14, "refit": true}
{"timestamp": "11:56:24.825356", "frame": 33, "mu": [1.6944955863939881, 4.411592227036522, 0.889535524862623], "Sigma": [[0.029985697644467207, -0.012473230674611806, -0.016722621610015073], [-0.012473230674611802, 0.007891021617203285, 0.004549723910290293], [-0.016722621610015073, 0.004549723910290293, 0.015410337435165662]], "chi2_level": 0.99, "chi2_df": 3, "chi2_threshold": 11.344866730144373, "N_raw": 38, "N_roi": 38, "N_inlier": 38, "refit": true}
{"timestamp": "11:56:24.879649", "frame": 34, "mu": [1.61451601977855, 4.395393735475623, 0.9982359813704151], "Sigma": [[0.02469685415600245, -0.008055512493349185, -0.0024785039691820054], [-0.008055512493349185, 0.0031453679195785206, -0.002864399650492666], [-0.0024785039691820054, -0.002864399650492667, 0.028935748194662922]], "chi2_level": 0.99, "chi2_df": 3, "chi2_threshold": 11.344866730144373, "N_raw": 37, "N_roi": 37, "N_inlier": 34, "refit": true}
{"timestamp": "11:56:24.936742", "frame": 35, "mu": [1.6111177301480115, 4.388999087010449, 0.7743854019275415], "Sigma": [[0.03626614537737879, -0.01477112235187293, -0.017002870582467525], [-0.01477112235187293, 0.010165916615605553, 0.005612841657914551], [-0.01700287058246753, 0.005612841657914551, 0.010948204941629382]], "chi2_level": 0.99, "chi2_df": 3, "chi2_threshold": 11.344866730144373, "N_raw": 52, "N_roi": 50, "N_inlier": 49, "refit": true}
{"timestamp": "11:56:25.043467", "frame": 37, "mu": [1.4736786297915205, 4.440022590684737, 1.0098176376398085], "Sigma": [[0.015098777588910013, -0.0032141554395742028, -0.010493636842900096], [-0.0032141554395742023, 0.0017852454838625882, -0.000951018558452786], [-0.010493636842900094, -0.000951018558452786, 0.02119632742178421]], "chi2_level": 0.99, "chi2_df": 3, "chi2_threshold": 11.344866730144373, "N_raw": 21, "N_roi": 12, "N_inlier": 12, "refit": true}
{"timestamp": "11:56:25.207778", "frame": 40, "mu": [1.2582845353386285, 4.422620199269659, 0.9774748814558758], "Sigma": [[0.014377481141451211, -0.004725984678017867, -0.009775937727661159], [-0.004725984678017867, 0.0022665080842113007, 0.0016494718018356975], [-0.009775937727661159, 0.0016494718018356972, 0.014180120196564396]], "chi2_level": 0.99, "chi2_df": 3, "chi2_threshold": 11.344866730144373, "N_raw": 21, "N_roi": 21, "N_inlier": 20, "refit": true}
{"timestamp": "11:56:25.316181", "frame": 42, "mu": [1.0674352577291955, 4.38348633984247, 1.2155435579225395], "Sigma": [[0.0065290080469352415, -0.0050496419095909855, -0.0050427949788362635], [-0.0050496419095909855, 0.008387459718672313, 0.006297093692599344], [-0.0050427949788362635, 0.006297093692599344, 0.011993952577881844]], "chi2_level": 0.99, "chi2_df": 3, "chi2_threshold": 11.344866730144373, "N_raw": 12, "N_roi": 10, "N_inlier": 10, "refit": true}
{"timestamp": "11:56:25.479658", "frame": 45, "mu": [0.9221179485530979, 4.339077483923364, 0.9366864736842081], "Sigma": [[0.007783369590186991, -0.0037189865495245973, -0.005716995288247784], [-0.0037189865495245973, 0.0049764923456904675, 0.005479660102560695], [-0.005716995288247784, 0.005479660102560695, 0.008578476511053435]], "chi2_level": 0.99, "chi2_df": 3, "chi2_threshold": 11.344866730144373, "N_raw": 12, "N_roi": 12, "N_inlier": 11, "refit": true}
{"timestamp": "11:56:25.536102", "frame": 46, "mu": [0.8784873723885525, 4.2843624528554605, 0.847272328598505], "Sigma": [[0.010209737074876534, -0.0019481151369739082, -0.005430823179869723], [-0.0019481151369739084, 0.0012053968168775093, -0.0011621250165552116], [-0.005430823179869723, -0.0011621250165552116, 0.013507650185253779]], "chi2_level": 0.99, "chi2_df": 3, "chi2_threshold": 11.344866730144373, "N_raw": 18, "N_roi": 18, "N_inlier": 18, "refit": true}
{"timestamp": "11:56:25.593094", "frame": 47, "mu": [0.6684232048782797, 4.391202774737568, 1.22108503131185], "Sigma": [[0.01524348533802247, -0.006836320117771489, -0.009208090869762785], [-0.006836320117771489, 0.00874965757733939, 0.010718561705585692], [-0.009208090869762785, 0.010718561705585694, 0.017333485495590495]], "chi2_level": 0.99, "chi2_df": 3, "chi2_threshold": 11.344866730144373, "N_raw": 33, "N_roi": 32, "N_inlier": 32, "refit": true}
{"timestamp": "11:56:25.701296", "frame": 49, "mu": [0.4816818819852152, 4.520533721398325, 1.5946332877775997], "Sigma": [[0.0074812172713250484, -0.0027043288109434467, -0.007920933949370226], [-0.0027043288109434463, 0.005808712005717981, 0.011560679115864454], [-0.007920933949370226, 0.011560679115864454, 0.024986863087203253]], "chi2_level": 0.99, "chi2_df": 3, "chi2_threshold": 11.344866730144373, "N_raw": 16, "N_roi": 14, "N_inlier": 14, "refit": true}
{"timestamp": "11:56:25.815315", "frame": 51, "mu": [0.5150292214457558, 4.405035237015384, 1.1589686104766939], "Sigma": [[0.022980509232386724, -0.0008691241610289885, -0.003007715323799701], [-0.0008691241610289883, 0.005940927822345459, 0.002006529603089467], [-0.0030077153237997012, 0.002006529603089467, 0.0028401559734474034]], "chi2_level": 0.99, "chi2_df": 3, "chi2_threshold": 11.344866730144373, "N_raw": 48, "N_roi": 48, "N_inlier": 48, "refit": true}
{"timestamp": "11:56:25.870876", "frame": 52, "mu": [0.2970433470254341, 4.581573134457996, 1.638505358777303], "Sigma": [[0.027476030624006005, -0.0028501533051090893, -0.02047064928266033], [-0.0028501533051090893, 0.00352426497166078, 0.0033407497770635286], [-0.02047064928266033, 0.0033407497770635295, 0.019599983543184103]], "chi2_level": 0.99, "chi2_df": 3, "chi2_threshold": 11.344866730144373, "N_raw": 42, "N_roi": 41, "N_inlier": 39, "refit": true}
{"timestamp": "11:56:25.927413", "frame": 53, "mu": [0.37118205561081996, 4.503312886810866, 1.3895602082836467], "Sigma": [[0.0217370464102649, -0.0055218662813549604, -0.01936297756130821], [-0.0055218662813549604, 0.007192392497577326, 0.0066337524766425585], [-0.019362977561308215, 0.0066337524766425585, 0.02520009353536349]], "chi2_level": 0.99, "chi2_df": 3, "chi2_threshold": 11.344866730144373, "N_raw": 49, "N_roi": 47, "N_inlier": 46, "refit": true}
{"timestamp": "11:56:25.978997", "frame": 54, "mu": [0.32621135112747235, 4.395082806955866, 1.0865461381723927], "Sigma": [[0.018403992622841293, -0.003720797324295205, -0.008737114610839754], [-0.003720797324295205, 0.0035224159765220534, 0.0024230698196982454], [-0.008737114610839756, 0.0024230698196982454, 0.006935545631540362]], "chi2_level": 0.99, "chi2_df": 3, "chi2_threshold": 11.344866730144373, "N_raw": 34, "N_roi": 31, "N_inlier": 30, "refit": true}
{"timestamp": "11:56:26.361245", "frame": 61, "mu": [0.021508686923300317, 4.528545231788425, 1.2613257187084699], "Sigma": [[0.0071956234683644696, -0.002390318115812734, -0.002938563577113229], [-0.002390318115812734, 0.005794122309947692, 0.003506179790250327], [-0.0029385635771132287, 0.0035061797902503264, 0.0026529179057680134]], "chi2_level": 0.99, "chi2_df": 3, "chi2_threshold": 11.344866730144373, "N_raw": 11, "N_roi": 11, "N_inlier": 11, "refit": true}
{"timestamp": "11:56:26.420564", "frame": 62, "mu": [-0.022496737377297023, 4.493307523316869, 1.2776864078856505], "Sigma": [[0.02709505172395657, -0.003613712865857848, -0.016508974500035984], [-0.003613712865857848, 0.003916661388359578, 0.00315292731402011], [-0.016508974500035984, 0.003152927314020109, 0.011911224611718728]], "chi2_level": 0.99, "chi2_df": 3, "chi2_threshold": 11.344866730144373, "N_raw": 43, "N_roi": 40, "N_inlier": 40, "refit": true}
{"timestamp": "11:56:26.473072", "frame": 63, "mu": [-0.07600092777074276, 4.543914254926458, 0.49723657421015377], "Sigma": [[0.0171002921675229, 0.002079872459691607, -0.015244932010325563], [0.002079872459691607, 0.002757642879890385, -0.0027294201276257405], [-0.015244932010325563, -0.0027294201276257405, 0.015900570990573314]], "chi2_level": 0.99, "chi2_df": 3, "chi2_threshold": 11.344866730144373, "N_raw": 26, "N_roi": 26, "N_inlier": 24, "refit": true}
{"timestamp": "11:56:26.528991", "frame": 64, "mu": [-0.13383134900083316, 4.420366047038046, 1.2710051666649236], "Sigma": [[0.015371600209917853, -0.0020551635044125027, -0.008425849267893389], [-0.0020551635044125023, 0.004727102795244538, 0.00483877118270922], [-0.008425849267893389, 0.00483877118270922, 0.008836564426419606]], "chi2_level": 0.99, "chi2_df": 3, "chi2_threshold": 11.344866730144373, "N_raw": 31, "N_roi": 31, "N_inlier": 31, "refit": true}
{"timestamp": "11:56:26.639836", "frame": 66, "mu": [-0.2844646336301937, 4.432722044118262, 1.340480548228777], "Sigma": [[0.02175441124446225, -0.0012073797390159827, -0.011057461925553732], [-0.0012073797390159827, 0.004970535037134244, 0.006259945991749774], [-0.011057461925553732, 0.006259945991749774, 0.013071780098126368]], "chi2_level": 0.99, "chi2_df": 3, "chi2_threshold": 11.344866730144373, "N_raw": 37, "N_roi": 37, "N_inlier": 34, "refit": true}
{"timestamp": "11:56:26.695171", "frame": 67, "mu": [-0.3646462560860183, 4.394352526478639, 0.27129233402149305], "Sigma": [[0.023015898236132745, 0.002871037670558348, -0.0072887931598320695], [0.0028710376705583483, 0.00340892108362024, -0.0016858721767264383], [-0.0072887931598320695, -0.0016858721767264383, 0.0037960637947520607]], "chi2_level": 0.99, "chi2_df": 3, "chi2_threshold": 11.344866730144373, "N_raw": 38, "N_roi": 38, "N_inlier": 36, "refit": true}
{"timestamp": "11:56:26.801508", "frame": 69, "mu": [-0.42620166122891306, 4.524285811917511, 0.17280017471472153], "Sigma": [[0.006152138638616135, 0.00783721107397306, -0.01341616114240033], [0.00783721107397306, 0.03205938335774465, -0.04874771333964474], [-0.013416161142400329, -0.04874771333964474, 0.07998558793867631]], "chi2_level": 0.99, "chi2_df": 3, "chi2_threshold": 11.344866730144373, "N_raw": 15, "N_roi": 13, "N_inlier": 12, "refit": true}
{"timestamp": "11:56:26.970127", "frame": 72, "mu": [-0.5913521207994509, 4.3971791125991775, 1.2956533480197565], "Sigma": [[0.018188072231133827, 0.0012872132135554487, -0.003171153432764382], [0.0012872132135554482, 0.003618808482462436, -0.002472285545873567], [-0.0031711534327643815, -0.002472285545873567, 0.004265974856242947]], "chi2_level": 0.99, "chi2_df": 3, "chi2_threshold": 11.344866730144373, "N_raw": 36, "N_roi": 33, "N_inlier": 33, "refit": true}
{"timestamp": "11:56:27.080614", "frame": 74, "mu": [-0.7208074333958299, 4.403546263627897, 1.1119131039955163], "Sigma": [[0.024579866957691078, 0.0017841108096485387, -0.013233308714311484], [0.0017841108096485385, 0.002323346030988738, -0.0035632752133686624], [-0.013233308714311484, -0.0035632752133686624, 0.012286820229895993]], "chi2_level": 0.99, "chi2_df": 3, "chi2_threshold": 11.344866730144373, "N_raw": 43, "N_roi": 38, "N_inlier": 35, "refit": true}
{"timestamp": "11:56:27.134739", "frame": 75, "mu": [-0.8355888742178283, 4.4546882036809325, 1.2156380929194146], "Sigma": [[0.02758086886620919, 0.001743653953400452, -0.015086361798151163], [0.0017436539534004525, 0.0031741644838082696, -0.0026223805004781994], [-0.015086361798151163, -0.0026223805004781994, 0.011051425376898879]], "chi2_level": 0.99, "chi2_df": 3, "chi2_threshold": 11.344866730144373, "N_raw": 41, "N_roi": 38, "N_inlier": 38, "refit": true}
{"timestamp": "11:56:27.276660", "frame": 76, "mu": [-0.8955796861178047, 4.4476393851062435, 0.31073316507378024], "Sigma": [[0.031149367985072843, 0.007073087616223138, -0.015813925977207526], [0.007073087616223137, 0.010047619854088976, -0.00788389474286178], [-0.015813925977207526, -0.007883894742861781, 0.012431674746077785]], "chi2_level": 0.99, "chi2_df": 3, "chi2_threshold": 11.344866730144373, "N_raw": 70, "N_roi": 68, "N_inlier": 66, "refit": true}
{"timestamp": "11:56:27.289124", "frame": 77, "mu": [-0.9506487551203107, 4.436466593366374, 0.2062690887386094], "Sigma": [[0.021797405291399775, 0.004352814291663841, -0.007955907876914296], [0.004352814291663841, 0.00468399220359827, -0.005094953786077107], [-0.007955907876914296, -0.005094953786077106, 0.007337200488737381]], "chi2_level": 0.99, "chi2_df": 3, "chi2_threshold": 11.344866730144373, "N_raw": 38, "N_roi": 36, "N_inlier": 36, "refit": true}
{"timestamp": "11:56:27.321189", "frame": 78, "mu": [-0.9630836569920654, 4.382671123096309, 1.1158347541555096], "Sigma": [[0.026537162738661003, 0.003530543856273557, -0.01435742163439737], [0.0035305438562735565, 0.0072510063641909985, 0.000590255313123131], [-0.01435742163439737, 0.000590255313123131, 0.010748871452225169]], "chi2_level": 0.99, "chi2_df": 3, "chi2_threshold": 11.344866730144373, "N_raw": 55, "N_roi": 52, "N_inlier": 52, "refit": true}
{"timestamp": "11:56:27.353789", "frame": 79, "mu": [-1.0069342196549058, 4.3302370881589605, 1.0671428357354082], "Sigma": [[0.01158057428371683, 0.0029334372153382617, -0.009042229396135047], [0.0029334372153382617, 0.003967769318886164, -0.006342189718283531], [-0.009042229396135047, -0.006342189718283531, 0.019081433100007147]], "chi2_level": 0.99, "chi2_df": 3, "chi2_threshold": 11.344866730144373, "N_raw": 23, "N_roi": 23, "N_inlier": 21, "refit": true}
{"timestamp": "11:56:27.407569", "frame": 80, "mu": [-1.028027067470493, 4.385521144693751, 1.019334132423523], "Sigma": [[0.010788139921166139, 0.0005553436799049766, -0.011400053088166382], [0.0005553436799049766, 0.004685924981654116, -0.010006781269499854], [-0.011400053088166384, -0.010006781269499854, 0.059755053792242135]], "chi2_level": 0.99, "chi2_df": 3, "chi2_threshold": 11.344866730144373, "N_raw": 24, "N_roi": 24, "N_inlier": 24, "refit": true}
{"timestamp": "11:56:27.576223", "frame": 83, "mu": [-1.1650578356774526, 4.3289454258790006, 1.0157566628301764], "Sigma": [[0.024530082441510018, 0.0002502377115474914, -0.012419659542125112], [0.0002502377115474912, 0.0035044740020096134, -0.002057221216848821], [-0.012419659542125112, -0.0020572212168488207, 0.00984175732451161]], "chi2_level": 0.99, "chi2_df": 3, "chi2_threshold": 11.344866730144373, "N_raw": 47, "N_roi": 46, "N_inlier": 45, "refit": true}
{"timestamp": "11:56:27.628220", "frame": 84, "mu": [-1.2513394421382658, 4.469525049029331, 1.2930329810401318], "Sigma": [[0.0075687444102520395, -0.0015151888386873047, -0.005960108401913394], [-0.0015151888386873047, 0.007927369029888475, 0.008890758910484655], [-0.005960108401913394, 0.008890758910484655, 0.014304555969562172]], "chi2_level": 0.99, "chi2_df": 3, "chi2_threshold": 11.344866730144373, "N_raw": 19, "N_roi": 17, "N_inlier": 16, "refit": true}
{"timestamp": "11:56:27.738492", "frame": 86, "mu": [-1.3601778519207335, 4.301270188570871, 1.0756254898129405], "Sigma": [[0.01793551264924434, 6.726842220338629e-05, -0.003958008859773786], [6.726842220338607e-05, 0.006244550445384551, -0.0064805801420820125], [-0.003958008859773786, -0.006480580142082012, 0.028246324516004295]], "chi2_level": 0.99, "chi2_df": 3, "chi2_threshold": 11.344866730144373, "N_raw": 32, "N_roi": 30, "N_inlier": 27, "refit": true}
{"timestamp": "11:56:27.848628", "frame": 88, "mu": [-1.3914795016566894, 4.74231594298008, -0.33433421276643843], "Sigma": [[0.020023268823742193, 0.018993747700785164, -0.03561304813670704], [0.018993747700785164, 0.03704517632540352, -0.06392051703882468], [-0.03561304813670704, -0.06392051703882468, 0.11841409968218325]], "chi2_level": 0.99, "chi2_df": 3, "chi2_threshold": 11.344866730144373, "N_raw": 27, "N_roi": 23, "N_inlier": 22, "refit": true}
{"timestamp": "11:56:27.904661", "frame": 89, "mu": [-1.6553013620477746, 4.3034581380896375, 1.251794843542544], "Sigma": [[0.016332990369025517, 0.003002223219623625, -0.008751341368859874], [0.003002223219623624, 0.005747575652103524, 0.0030181977682799885], [-0.008751341368859874, 0.003018197768279989, 0.010193776012755043]], "chi2_level": 0.99, "chi2_df": 3, "chi2_threshold": 11.344866730144373, "N_raw": 34, "N_roi": 31, "N_inlier": 28, "refit": true}
{"timestamp": "11:56:27.960890", "frame": 90, "mu": [-1.754688240212782, 4.373516703070697, 1.4119803935860382], "Sigma": [[0.024401474775405697, 0.005454423232704191, -0.017092811014061668], [0.005454423232704191, 0.006541730268939662, -0.0007602562197013734], [-0.017092811014061668, -0.0007602562197013736, 0.015602802213813034]], "chi2_level": 0.99, "chi2_df": 3, "chi2_threshold": 11.344866730144373, "N_raw": 40, "N_roi": 32, "N_inlier": 30, "refit": true}
{"timestamp": "11:56:28.019498", "frame": 91, "mu": [-1.8377518116024891, 4.329424333624978, 1.4408180719094559], "Sigma": [[0.02686913729860172, 0.005915606951709248, -0.02531954706607717], [0.005915606951709247, 0.006986364719258283, -0.0025215604059512756], [-0.02531954706607717, -0.002521560405951275, 0.02759123357613635]], "chi2_level": 0.99, "chi2_df": 3, "chi2_threshold": 11.344866730144373, "N_raw": 47, "N_roi": 43, "N_inlier": 40, "refit": true}
{"timestamp": "11:56:28.069698", "frame": 92, "mu": [-1.8118747362221184, 4.249933615581011, 1.2659705746082022], "Sigma": [[0.017672263890424138, 0.0062681830496575126, -0.009971707367303517], [0.0062681830496575126, 0.005454364393517729, -0.005595528896906657], [-0.009971707367303517, -0.005595528896906657, 0.008658189678275521]], "chi2_level": 0.99, "chi2_df": 3, "chi2_threshold": 11.344866730144373, "N_raw": 37, "N_roi": 34, "N_inlier": 32, "refit": true}
{"timestamp": "11:56:28.177727", "frame": 94, "mu": [-1.8902653946638146, 4.322338212456016, 1.1433722802380473], "Sigma": [[0.01828021172591682, 0.002520687655433803, -0.01805424093986599], [0.002520687655433803, 0.003939115871370852, -0.0011817196299451886], [-0.01805424093986599, -0.0011817196299451884, 0.020221412723467332]], "chi2_level": 0.99, "chi2_df": 3, "chi2_threshold": 11.344866730144373, "N_raw": 25, "N_roi": 25, "N_inlier": 23, "refit": true}
{"timestamp": "11:56:28.233884", "frame": 95, "mu": [-2.080745730077116, 4.345657473705926, 0.5688521646826175], "Sigma": [[0.027484396533046303, 0.012439269637825419, -0.02950631728113812], [0.012439269637825419, 0.008036235188087465, -0.011676052405777501], [-0.02950631728113812, -0.011676052405777501, 0.03558886271623299]], "chi2_level": 0.99, "chi2_df": 3, "chi2_threshold": 11.344866730144373, "N_raw": 33, "N_roi": 33, "N_inlier": 32, "refit": true}
{"timestamp": "11:56:28.292782", "frame": 96, "mu": [-2.100467083383083, 4.303747028234109, 1.4215566947810536], "Sigma": [[0.028712515505950727, 0.00884240380165489, -0.026074727815533626], [0.008842403801654892, 0.009544138803421484, -0.007267272587863801], [-0.02607472781553363, -0.007267272587863801, 0.02643346331977399]], "chi2_level": 0.99, "chi2_df": 3, "chi2_threshold": 11.344866730144373, "N_raw": 55, "N_roi": 52, "N_inlier": 51, "refit": true}
{"timestamp": "11:56:28.343306", "frame": 97, "mu": [-2.0893826616827695, 4.346180487723785, -0.42596576223196947], "Sigma": [[0.012589113440637898, 0.006086157255392061, 0.025560655431308026], [0.006086157255392061, 0.010557872600044935, 0.035250472536183214], [0.025560655431308026, 0.035250472536183214, 0.18652055798424252]], "chi2_level": 0.99, "chi2_df": 3, "chi2_threshold": 11.344866730144373, "N_raw": 27, "N_roi": 27, "N_inlier": 26, "refit": true}
{"timestamp": "11:56:28.451973", "frame": 99, "mu": [-2.310483684882525, 4.245162930248114, 0.49268699604753957], "Sigma": [[0.005666578012304376, 0.0030243712152763845, -0.0027768516362367433], [0.003024371215276384, 0.00601192224890187, -0.000713067059547931], [-0.002776851636236743, -0.000713067059547931, 0.0026439262312730654]], "chi2_level": 0.99, "chi2_df": 3, "chi2_threshold": 11.344866730144373, "N_raw": 15, "N_roi": 14, "N_inlier": 13, "refit": true}
{"timestamp": "11:56:28.570508", "frame": 100, "mu": [-2.2861703600413965, 4.327934002759, 1.2052544413716266], "Sigma": [[0.01736169180159408, 0.006137211694317893, -0.016764329842080553], [0.006137211694317893, 0.008293602609158764, -0.008580197548216352], [-0.016764329842080553, -0.008580197548216354, 0.02060417306838353]], "chi2_level": 0.99, "chi2_df": 3, "chi2_threshold": 11.344866730144373, "N_raw": 50, "N_roi": 38, "N_inlier": 38, "refit": true}
