{"timestamp": "12:05:04.289476", "frame": 7, "mu": [1.1410827606239047, 1.4057998833919674, 1.522722853354969], "Sigma": [[0.0031424457565977365, -0.0018138870581749303, -0.0011277599488466283], [-0.0018138870581749303, 0.003978639077713884, -4.157734963994471e-06], [-0.0011277599488466283, -4.157734963994525e-06, 0.0008240576339086762]], "chi2_level": 0.99, "chi2_df": 3, "chi2_threshold": 11.344866730144373, "N_raw": 23, "N_roi": 23, "N_inlier": 23, "refit": true}
{"timestamp": "12:05:04.346711", "frame": 8, "mu": [1.215303479851829, 1.4038292654981008, 1.5114282772346663], "Sigma": [[0.0056150528397139075, -0.0004450671130338678, -0.0010509146712493873], [-0.00044506711303386775, 0.0011051414932393589, 7.525361446744895e-05], [-0.0010509146712493873, 7.525361446744895e-05, 0.0003438129630016393]], "chi2_level": 0.99, "chi2_df": 3, "chi2_threshold": 11.344866730144373, "N_raw": 18, "N_roi": 18, "N_inlier": 16, "refit": true}
{"timestamp": "12:05:04.455856", "frame": 10, "mu": [1.423453738555158, 1.5035294664503942, 0.7245192951999387], "Sigma": [[0.0055320199475124825, -0.004688808309581328, -0.0016124220308589973], [-0.004688808309581328, 0.006665404990039758, 0.0008423690022769722], [-0.0016124220308589973, 0.0008423690022769723, 0.0008789063278499724]], "chi2_level": 0.99, "chi2_df": 3, "chi2_threshold": 11.344866730144373, "N_raw": 22, "N_roi": 22, "N_inlier": 22, "refit": true}
{"timestamp": "12:05:04.567332", "frame": 12, "mu": [1.1955140286035326, 1.3790761632369746, 1.383189434373632], "Sigma": [[0.003723866010828846, -0.002301243159823374, -0.0032404004697457658], [-0.002301243159823374, 0.0032107239979490177, 0.0034520519408184004], [-0.0032404004697457653, 0.0034520519408184004, 0.012284042945865168]], "chi2_level": 0.99, "chi2_df": 3, "chi2_threshold": 11.344866730144373, "N_raw": 23, "N_roi": 23, "N_inlier": 21, "refit": true}
{"timestamp": "12:05:04.731305", "frame": 15, "mu": [1.294768613998267, 1.2412856771606913, 0.9848726870268693], "Sigma": [[0.015039626391368034, -0.00971819482999292, -0.026898707547162372], [-0.009718194829992918, 0.013120040701169011, 0.01706957065068245], [-0.026898707547162372, 0.017069570650682448, 0.06473771566672389]], "chi2_level": 0.99, "chi2_df": 3, "chi2_threshold": 11.344866730144373, "N_raw": 18, "N_roi": 18, "N_inlier": 17, "refit": true}
{"timestamp": "12:05:04.789201", "frame": 16, "mu": [1.243462622829493, 1.3247871428589326, -0.8281704461455673], "Sigma": [[0.007501134498215063, 0.0015068585203195527, -0.004704045240758325], [0.0015068585203195529, 0.01170235073743567, 0.020157190942874985], [-0.004704045240758325, 0.020157190942874985, 0.06623170313720617]], "chi2_level": 0.99, "chi2_df": 3, "chi2_threshold": 11.344866730144373, "N_raw": 36, "N_roi": 36, "N_inlier": 34, "refit": true}
{"timestamp": "12:05:04.842570", "frame": 17, "mu": [1.0574509038898479, 1.375690399588206, 1.3803441888633947], "Sigma": [[0.01412640144451713, -0.006565863650043364, -0.023733823681016827], [-0.006565863650043365, 0.006593178839924975, 0.012432510960882784], [-0.02373382368101682, 0.012432510960882784, 0.05367708698834636]], "chi2_level": 0.99, "chi2_df": 3, "chi2_threshold": 11.344866730144373, "N_raw": 25, "N_roi": 25, "N_inlier": 23, "refit": true}
{"timestamp": "12:05:04.900695", "frame": 18, "mu": [1.1113580346744565, 1.3176629547253702, 1.1842008473041175], "Sigma": [[0.019636266992560648, -0.0122081705304436, -0.03990614579817068], [-0.012208170530443596, 0.017746727503601702, 0.014518350628441203], [-0.03990614579817068, 0.014518350628441205, 0.10173962502709219]], "chi2_level": 0.99, "chi2_df": 3, "chi2_threshold": 11.344866730144373, "N_raw": 44, "N_roi": 44, "N_inlier": 43, "refit": true}
{"timestamp": "12:05:05.012295", "frame": 20, "mu": [0.9470405168589527, 1.3515958394636904, 1.4498140067348948], "Sigma": [[0.005883006314751572, -0.0004893883917955646, -0.004275817883920249], [-0.0004893883917955643, 0.005384076339341023, -0.002728416929361095], [-0.00427581788392025, -0.002728416929361095, 0.010703606694620664]], "chi2_level": 0.99, "chi2_df": 3, "chi2_threshold": 11.344866730144373, "N_raw": 57, "N_roi": 57, "N_inlier": 52, "refit": true}
{"timestamp": "12:05:05.063256", "frame": 21, "mu": [0.9342186097496551, 1.2833099441736924, 1.4635158110826318], "Sigma": [[0.005617870775065043, -0.0025187503619287007, -0.0014237130187300848], [-0.0025187503619287007, 0.002822451278632576, 0.0005460822420251378], [-0.0014237130187300848, 0.0005460822420251378, 0.0005014663783737056]], "chi2_level": 0.99, "chi2_df": 3, "chi2_threshold": 11.344866730144373, "N_raw": 30, "N_roi": 30, "N_inlier": 28, "refit": true}
{"timestamp": "12:05:05.123831", "frame": 22, "mu": [0.9025615965706083, 1.267516834657222, 1.3983261064657437], "Sigma": [[0.006697766033278896, -0.00208366293976287, -0.0034325469387587503], [-0.00208366293976287, 0.004549065062354342, -0.001075373090650804], [-0.0034325469387587494, -0.001075373090650804, 0.003272617500901664]], "chi2_level": 0.99, "chi2_df": 3, "chi2_threshold": 11.344866730144373, "N_raw": 65, "N_roi": 65, "N_inlier": 58, "refit": true}
{"timestamp": "12:05:05.179758", "frame": 23, "mu": [0.8225386277507499, 1.2763446308158288, 1.4545613228381638], "Sigma": [[0.00625363681726661, -0.002522541520492037, -0.0034242123328884545], [-0.002522541520492037, 0.0074275790712954055, 0.0006098194316924539], [-0.003424212332888455, 0.0006098194316924539, 0.0022121132341642886]], "chi2_level": 0.99, "chi2_df": 3, "chi2_threshold": 11.344866730144373, "N_raw": 66, "N_roi": 66, "N_inlier": 63, "refit": true}
{"timestamp": "12:05:05.233090", "frame": 24, "mu": [0.7963889000634541, 1.2452643416897415, 1.4612555801943565], "Sigma": [[0.0065054944634156285, -0.0007827902648500805, -0.0030946841033447723], [-0.0007827902648500805, 0.004032020118748688, -0.0006848796231109274], [-0.0030946841033447723, -0.0006848796231109274, 0.0030468073077722746]], "chi2_level": 0.99, "chi2_df": 3, "chi2_threshold": 11.344866730144373, "N_raw": 59, "N_roi": 59, "N_inlier": 57, "refit": true}
{"timestamp": "12:05:05.289627", "frame": 25, "mu": [0.756902331349665, 1.3381935256640631, -0.1912214552256527], "Sigma": [[0.006093004085708631, -0.0011293694600866616, -0.0042487127659342865], [-0.0011293694600866613, 0.005793282339796015, 0.0017638170946787616], [-0.0042487127659342865, 0.0017638170946787616, 0.0035762566750319343]], "chi2_level": 0.99, "chi2_df": 3, "chi2_threshold": 11.344866730144373, "N_raw": 66, "N_roi": 66, "N_inlier": 61, "refit": true}
{"timestamp": "12:05:05.336295", "frame": 26, "mu": [0.8506297269498083, 1.1491518551901163, 0.7525714771409393], "Sigma": [[0.011477956585565694, -0.005242400372372242, -0.0684821587332706], [-0.005242400372372242, 0.003421745213707801, 0.03420745274906497], [-0.0684821587332706, 0.034207452749064976, 0.5334659128318554]], "chi2_level": 0.99, "chi2_df": 3, "chi2_threshold": 11.344866730144373, "N_raw": 10, "N_roi": 10, "N_inlier": 10, "refit": true}
{"timestamp": "12:05:05.398737", "frame": 27, "mu": [0.7553139830713737, 1.3068414158598713, -0.3144761503949398], "Sigma": [[0.007701205816050129, -0.0009926523025323977, -0.002137895728104662], [-0.000992652302532398, 0.005070579416718938, 0.0014058656228817812], [-0.0021378957281046624, 0.001405865622881781, 0.010331752784734045]], "chi2_level": 0.99, "chi2_df": 3, "chi2_threshold": 11.344866730144373, "N_raw": 68, "N_roi": 68, "N_inlier": 67, "refit": true}
{"timestamp": "12:05:05.453009", "frame": 28, "mu": [0.7399116090641673, 1.128493261158882, 1.374098349819662], "Sigma": [[0.008255883116399371, -0.005630088314291015, -0.009098376875750807], [-0.005630088314291016, 0.0074277862533873385, 0.0053544016519235325], [-0.009098376875750807, 0.0053544016519235325, 0.010894843664674483]], "chi2_level": 0.99, "chi2_df": 3, "chi2_threshold": 11.344866730144373, "N_raw": 60, "N_roi": 60, "N_inlier": 59, "refit": true}
{"timestamp": "12:05:05.508706", "frame": 29, "mu": [0.6766913729969072, 1.17757942700636, 1.4347436755004388], "Sigma": [[0.009089283616677305, -0.0041668913958959365, -0.007741503076337874], [-0.0041668913958959365, 0.005795786136890429, 0.0030419428519918297], [-0.007741503076337874, 0.00304194285199183, 0.007130766371166512]], "chi2_level": 0.99, "chi2_df": 3, "chi2_threshold": 11.344866730144373, "N_raw": 65, "N_roi": 65, "N_inlier": 62, "refit": true}
{"timestamp": "12:05:05.562237", "frame": 30, "mu": [0.6377816999672454, 1.139683427375111, 1.4401896086696913], "Sigma": [[0.01036069776866396, -0.005459846243980551, -0.010850854514642265], [-0.005459846243980552, 0.005414557828352085, 0.006091115455050566], [-0.010850854514642265, 0.006091115455050565, 0.011804954434426387]], "chi2_level": 0.99, "chi2_df": 3, "chi2_threshold": 11.344866730144373, "N_raw": 53, "N_roi": 53, "N_inlier": 48, "refit": true}
{"timestamp": "12:05:05.618897", "frame": 31, "mu": [0.5585300697839435, 1.197936538569354, 1.4629795812450623], "Sigma": [[0.0040511349665051846, -0.0018773558394986722, -0.003332823122864977], [-0.0018773558394986722, 0.005777136352649664, 0.00015307594962817354], [-0.003332823122864977, 0.00015307594962817348, 0.0033973203626933026]], "chi2_level": 0.99, "chi2_df": 3, "chi2_threshold": 11.344866730144373, "N_raw": 64, "N_roi": 64, "N_inlier": 59, "refit": true}
{"timestamp": "12:05:05.668744", "frame": 32, "mu": [0.4820254116206322, 1.2214265992352822, 1.2159665759136276], "Sigma": [[0.0018891548909082973, -0.0007598315443635669, 0.0005033503152782155], [-0.0007598315443635669, 0.0026730915123383157, -0.012236806551583195], [0.0005033503152782155, -0.012236806551583195, 0.2854454290202127]], "chi2_level": 0.99, "chi2_df": 3, "chi2_threshold": 11.344866730144373, "N_raw": 21, "N_roi": 21, "N_inlier": 20, "refit": true}
{"timestamp": "12:05:05.726282", "frame": 33, "mu": [0.4465075302658052, 1.2129938435917904, 1.4744321258321085], "Sigma": [[0.004058271317952743, 0.0006212805333954487, 0.0031192177003424616], [0.0006212805333954486, 0.003915989508104287, 0.004403864753531161], [0.003119217700342461, 0.004403864753531161, 0.021823504576805073]], "chi2_level": 0.99, "chi2_df": 3, "chi2_threshold": 11.344866730144373, "N_raw": 46, "N_roi": 46, "N_inlier": 43, "refit": true}
{"timestamp": "12:05:05.781660", "frame": 34, "mu": [0.41332769048207246, 1.2082518398013309, 1.4001126777140225], "Sigma": [[0.004401676029459552, -0.0005198883155538652, 0.004779195188622092], [-0.0005198883155538654, 0.0034570489307371765, 0.0024360536462702032], [0.004779195188622092, 0.0024360536462702032, 0.06562806556306208]], "chi2_level": 0.99, "chi2_df": 3, "chi2_threshold": 11.344866730144373, "N_raw": 48, "N_roi": 48, "N_inlier": 45, "refit": true}
{"timestamp": "12:05:05.836163", "frame": 35, "mu": [0.339778029711987, 1.2610266339140404, 1.4724996995383863], "Sigma": [[0.002718821516890375, -0.0006986151269135874, -0.00253241464574123], [-0.0006986151269135874, 0.0040575742469255065, -0.0008774198998558067], [-0.0025324146457412306, -0.0008774198998558067, 0.0033098934417162187]], "chi2_level": 0.99, "chi2_df": 3, "chi2_threshold": 11.344866730144373, "N_raw": 48, "N_roi": 48, "N_inlier": 45, "refit": true}
{"timestamp": "12:05:05.897360", "frame": 36, "mu": [0.2938905869134531, 1.3108204402588814, 1.4597762655084647], "Sigma": [[0.004694272395857158, -0.000964486262607712, -0.004794788173383828], [-0.000964486262607712, 0.005332386364510523, -0.002426523279984444], [-0.004794788173383828, -0.0024265232799844444, 0.00960008260795219]], "chi2_level": 0.99, "chi2_df": 3, "chi2_threshold": 11.344866730144373, "N_raw": 84, "N_roi": 84, "N_inlier": 80, "refit": true}
{"timestamp": "12:05:05.953821", "frame": 37, "mu": [0.2555664356442078, 1.2874433759027073, 1.4483376970772963], "Sigma": [[0.0076325044924113105, -0.003929852797588944, -0.00787707686155775], [-0.003929852797588944, 0.007226924110124012, 0.0015763097099830694], [-0.00787707686155775, 0.0015763097099830694, 0.011271306836522088]], "chi2_level": 0.99, "chi2_df": 3, "chi2_threshold": 11.344866730144373, "N_raw": 96, "N_roi": 96, "N_inlier": 94, "refit": true}
{"timestamp": "12:05:06.002992", "frame": 38, "mu": [0.2135971689877566, 1.306990287589917, 1.4758783098751973], "Sigma": [[0.0031303534170470868, 0.00043260748392278666, -0.003159984747303046], [0.0004326074839227865, 0.003456455040985979, -0.0019826034033109635], [-0.003159984747303046, -0.0019826034033109635, 0.004652634124459859]], "chi2_level": 0.99, "chi2_df": 3, "chi2_threshold": 11.344866730144373, "N_raw": 53, "N_roi": 53, "N_inlier": 50, "refit": true}
{"timestamp": "12:05:06.062335", "frame": 39, "mu": [0.23214062291526835, 1.227170455166401, 1.3524107248276174], "Sigma": [[0.00534948772157538, -0.0029161983045137845, -0.007916982494351105], [-0.0029161983045137845, 0.00929211420878257, 0.005840870218001828], [-0.007916982494351105, 0.005840870218001828, 0.02188863284504783]], "chi2_level": 0.99, "chi2_df": 3, "chi2_threshold": 11.344866730144373, "N_raw": 89, "N_roi": 89, "N_inlier": 86, "refit": true}
{"timestamp": "12:05:06.119344", "frame": 40, "mu": [0.15746531007132475, 1.3488317927557927, -0.5101203732779953], "Sigma": [[0.005071062068202433, 0.002379587029307458, -0.0014258882916385733], [0.0023795870293074582, 0.00472277081861009, -0.00048588851322158477], [-0.0014258882916385733, -0.0004858885132215851, 0.044565500085030504]], "chi2_level": 0.99, "chi2_df": 3, "chi2_threshold": 11.344866730144373, "N_raw": 95, "N_roi": 95, "N_inlier": 90, "refit": true}
{"timestamp": "12:05:06.169198", "frame": 41, "mu": [0.19507163504976616, 1.152672592529437, 1.2665780551981], "Sigma": [[0.0026495357429807713, -0.0012024404523156187, -0.0017286904026515206], [-0.0012024404523156187, 0.007524903873073001, -0.000953994292160961], [-0.0017286904026515206, -0.0009539942921609611, 0.010455094145990397]], "chi2_level": 0.99, "chi2_df": 3, "chi2_threshold": 11.344866730144373, "N_raw": 67, "N_roi": 67, "N_inlier": 65, "refit": true}
{"timestamp": "12:05:06.222867", "frame": 42, "mu": [0.14414969858390927, 1.1173351450844575, 1.2032990669163128], "Sigma": [[0.002801048914495833, -0.0011679431152548923, -0.000501668957239977], [-0.0011679431152548923, 0.003231372204993547, 2.9941010045279946e-05], [-0.0005016689572399772, 2.9941010045279946e-05, 0.03947255757845637]], "chi2_level": 0.99, "chi2_df": 3, "chi2_threshold": 11.344866730144373, "N_raw": 59, "N_roi": 59, "N_inlier": 57, "refit": true}
{"timestamp": "12:05:06.276627", "frame": 43, "mu": [0.10869482099067292, 1.1046298756273492, 1.168101545353786], "Sigma": [[0.002304681233180163, -0.00036951596034610803, -0.00022269524863859644], [-0.0003695159603461079, 0.0016725671583568903, -0.0018358192241260788], [-0.0002226952486385961, -0.0018358192241260786, 0.0352395619464628]], "chi2_level": 0.99, "chi2_df": 3, "chi2_threshold": 11.344866730144373, "N_raw": 50, "N_roi": 50, "N_inlier": 45, "refit": true}
{"timestamp": "12:05:06.381658", "frame": 45, "mu": [-0.1236579114190485, 1.2881225775865917, 1.1774683219520776], "Sigma": [[0.01544475772204001, -0.00029794281485541734, 0.056826594908227834], [-0.00029794281485541756, 0.006651504579412138, 0.008454793959011884], [0.056826594908227834, 0.008454793959011886, 0.24676013209963607]], "chi2_level": 0.99, "chi2_df": 3, "chi2_threshold": 11.344866730144373, "N_raw": 19, "N_roi": 19, "N_inlier": 17, "refit": true}
{"timestamp": "12:05:06.438146", "frame": 46, "mu": [-0.26212657517925725, 1.3012644978357477, 1.5141892628152664], "Sigma": [[0.0016681145755355702, -0.0001534074982630765, -0.0007447701672653113], [-0.00015340749826307662, 0.0013861372815839005, -0.0007362726232385691], [-0.0007447701672653113, -0.0007362726232385691, 0.0009622674022593388]], "chi2_level": 0.99, "chi2_df": 3, "chi2_threshold": 11.344866730144373, "N_raw": 22, "N_roi": 22, "N_inlier": 19, "refit": true}
{"timestamp": "12:05:06.497890", "frame": 47, "mu": [-0.13973425706528997, 1.1796324860620693, 1.319828376089596], "Sigma": [[0.0028336724852413373, -0.002002136148548336, -0.002892824450048617], [-0.002002136148548336, 0.007423180000794863, 0.0003533174782143796], [-0.002892824450048617, 0.0003533174782143799, 0.003905902399861732]], "chi2_level": 0.99, "chi2_df": 3, "chi2_threshold": 11.344866730144373, "N_raw": 62, "N_roi": 62, "N_inlier": 60, "refit": true}
{"timestamp": "12:05:06.552053", "frame": 48, "mu": [-0.21712814065492342, 1.146826622003375, 1.3233880694834248], "Sigma": [[0.0031695743029583508, -0.0016998623005356072, -0.001777305686157146], [-0.0016998623005356072, 0.005100207229502868, -0.0005660744860720836], [-0.001777305686157146, -0.0005660744860720836, 0.0017782267085645882]], "chi2_level": 0.99, "chi2_df": 3, "chi2_threshold": 11.344866730144373, "N_raw": 58, "N_roi": 58, "N_inlier": 57, "refit": true}
{"timestamp": "12:05:06.607122", "frame": 49, "mu": [-0.34347756242677885, 1.2559002650598279, 1.4496569852279226], "Sigma": [[0.0038855014229336924, -0.0022784792217633615, -0.0038785206901383986], [-0.002278479221763361, 0.003233194858429484, 0.0006606188334563007], [-0.0038785206901383986, 0.0006606188334563005, 0.013502985746272731]], "chi2_level": 0.99, "chi2_df": 3, "chi2_threshold": 11.344866730144373, "N_raw": 51, "N_roi": 51, "N_inlier": 47, "refit": true}
{"timestamp": "12:05:06.666290", "frame": 50, "mu": [-0.30297602932685525, 1.2086383207043034, 1.3799930610103732], "Sigma": [[0.004480045740318488, -0.002705477373042723, -0.004679153956286619], [-0.002705477373042723, 0.007215430406044928, 0.00011437982096288465], [-0.004679153956286619, 0.00011437982096288454, 0.008447590201252795]], "chi2_level": 0.99, "chi2_df": 3, "chi2_threshold": 11.344866730144373, "N_raw": 79, "N_roi": 79, "N_inlier": 76, "refit": true}
{"timestamp": "12:05:06.720311", "frame": 51, "mu": [-0.4118781814704589, 1.2493276851283714, 1.4222488417694195], "Sigma": [[0.004507527180176705, -0.0004787994335619067, -0.0013142467425379023], [-0.0004787994335619068, 0.003527829792389103, -0.004022734520134342], [-0.0013142467425379023, -0.004022734520134342, 0.0075045744510657654]], "chi2_level": 0.99, "chi2_df": 3, "chi2_threshold": 11.344866730144373, "N_raw": 76, "N_roi": 76, "N_inlier": 71, "refit": true}
{"timestamp": "12:05:06.778391", "frame": 52, "mu": [-0.45235352846282584, 1.223653191481275, 1.3199655444974372], "Sigma": [[0.006678169619723031, -0.0027398379373464463, -0.005544058729309522], [-0.002739837937346447, 0.00698274091692938, -0.016878508541715957], [-0.005544058729309522, -0.016878508541715954, 0.22270132612981833]], "chi2_level": 0.99, "chi2_df": 3, "chi2_threshold": 11.344866730144373, "N_raw": 95, "N_roi": 95, "N_inlier": 94, "refit": true}
{"timestamp": "12:05:06.834040", "frame": 53, "mu": [-0.5117287789702138, 1.371318645301551, -0.5769710207209966], "Sigma": [[0.006767304223809575, -0.004017434534850031, 0.008543946131350058], [-0.004017434534850031, 0.06314421843307129, -0.10820274599910949], [0.008543946131350056, -0.10820274599910949, 0.23405926055345916]], "chi2_level": 0.99, "chi2_df": 3, "chi2_threshold": 11.344866730144373, "N_raw": 96, "N_roi": 96, "N_inlier": 96, "refit": true}
{"timestamp": "12:05:06.879683", "frame": 54, "mu": [-0.44554503636361675, 1.1055660867480297, 1.3110476735589736], "Sigma": [[0.001972762816614063, -0.0002837662284326052, -0.0016851131372995788], [-0.00028376622843260515, 0.002587025666107252, -0.0008226269999965789], [-0.0016851131372995788, -0.0008226269999965792, 0.011170877238961641]], "chi2_level": 0.99, "chi2_df": 3, "chi2_threshold": 11.344866730144373, "N_raw": 32, "N_roi": 32, "N_inlier": 29, "refit": true}
{"timestamp": "12:05:06.940677", "frame": 55, "mu": [-0.595262883420412, 1.3151513115068212, -0.20338779311181487], "Sigma": [[0.006017634889719882, -0.0017088040549070372, -0.007401003303489065], [-0.0017088040549070376, 0.006977351603442489, -0.0006859452900478209], [-0.007401003303489065, -0.0006859452900478211, 0.018595655751336905]], "chi2_level": 0.99, "chi2_df": 3, "chi2_threshold": 11.344866730144373, "N_raw": 80, "N_roi": 80, "N_inlier": 77, "refit": true}
{"timestamp": "12:05:07.000363", "frame": 56, "mu": [-0.6125526021469601, 1.2207548431165787, 1.409068914953036], "Sigma": [[0.007012495319872918, -0.004105914704196136, -0.0038442356664674044], [-0.004105914704196136, 0.010198726800752423, -0.00027949790140546483], [-0.0038442356664674044, -0.00027949790140546467, 0.007038334649920004]], "chi2_level": 0.99, "chi2_df": 3, "chi2_threshold": 11.344866730144373, "N_raw": 98, "N_roi": 93, "N_inlier": 92, "refit": true}
{"timestamp": "12:05:07.053871", "frame": 57, "mu": [-0.6883373176320254, 1.2508270792529714, 1.4670266047801954], "Sigma": [[0.009198830097833057, -0.004112440592758922, -0.007631261781371899], [-0.004112440592758921, 0.008178083227614761, 0.0019980408719125473], [-0.007631261781371899, 0.0019980408719125473, 0.012884396758855199]], "chi2_level": 0.99, "chi2_df": 3, "chi2_threshold": 11.344866730144373, "N_raw": 92, "N_roi": 90, "N_inlier": 86, "refit": true}
{"timestamp": "12:05:07.109370", "frame": 58, "mu": [-0.7411467681370112, 1.271460132955642, 1.5018408640953846], "Sigma": [[0.007887323501432158, -0.004273036146468774, -0.0046411983403016315], [-0.004273036146468774, 0.01157885639979179, 0.0008958352471222273], [-0.0046411983403016315, 0.0008958352471222274, 0.009197152215810786]], "chi2_level": 0.99, "chi2_df": 3, "chi2_threshold": 11.344866730144373, "N_raw": 94, "N_roi": 93, "N_inlier": 89, "refit": true}
{"timestamp": "12:05:07.164784", "frame": 59, "mu": [-0.7473465103247069, 1.3057704684991776, 0.3574844525762489], "Sigma": [[0.006471216920339191, -0.003601616225014529, 0.03037510351669203], [-0.003601616225014529, 0.011235142752724919, 0.010712998748129705], [0.03037510351669203, 0.010712998748129705, 0.5312594593957435]], "chi2_level": 0.99, "chi2_df": 3, "chi2_threshold": 11.344866730144373, "N_raw": 111, "N_roi": 111, "N_inlier": 103, "refit": true}
{"timestamp": "12:05:07.215594", "frame": 60, "mu": [-0.7534188877734375, 1.1982321250077024, 1.2795895177411594], "Sigma": [[0.004555964691540915, 0.0007121588281863733, -0.00678256346153765], [0.0007121588281863733, 0.021241192411196742, 0.005367034273824192], [-0.00678256346153765, 0.005367034273824192, 0.02768677149764627]], "chi2_level": 0.99, "chi2_df": 3, "chi2_threshold": 11.344866730144373, "N_raw": 75, "N_roi": 75, "N_inlier": 72, "refit": true}
{"timestamp": "12:05:07.271859", "frame": 61, "mu": [-0.8415888788774435, 1.227788196922202, 1.3384321205061558], "Sigma": [[0.005459722104620636, -0.0014165469685376373, -0.010934090027758189], [-0.0014165469685376375, 0.013372453232840831, 0.004976888895742951], [-0.01093409002775819, 0.004976888895742951, 0.0783705836969394]], "chi2_level": 0.99, "chi2_df": 3, "chi2_threshold": 11.344866730144373, "N_raw": 82, "N_roi": 82, "N_inlier": 80, "refit": true}
{"timestamp": "12:05:07.324173", "frame": 62, "mu": [-0.9046462341986387, 1.2033290625262665, 1.470672120445321], "Sigma": [[0.01049272550868878, -0.0014037831957369618, -0.009326529804347852], [-0.0014037831957369618, 0.010523060809447286, 0.004222878534155714], [-0.009326529804347854, 0.004222878534155714, 0.009955327356915553]], "chi2_level": 0.99, "chi2_df": 3, "chi2_threshold": 11.344866730144373, "N_raw": 69, "N_roi": 69, "N_inlier": 60, "refit": true}
{"timestamp": "12:05:07.379491", "frame": 63, "mu": [-0.9456304674805429, 1.2339396006438343, 1.567224409091726], "Sigma": [[0.02524274525404261, 0.007792122602729094, -0.018147165563995767], [0.007792122602729093, 0.013142932373904391, -0.0027624425145481666], [-0.018147165563995767, -0.0027624425145481666, 0.01782882968126871]], "chi2_level": 0.99, "chi2_df": 3, "chi2_threshold": 11.344866730144373, "N_raw": 67, "N_roi": 67, "N_inlier": 63, "refit": true}
{"timestamp": "12:05:07.436497", "frame": 64, "mu": [-0.9797544165618777, 1.2454176386884996, -0.034852174530230665], "Sigma": [[0.03540196801483497, 0.016108651779184323, -0.0120009626721022], [0.016108651779184323, 0.018638231872712838, -0.02661773529246325], [-0.0120009626721022, -0.02661773529246325, 0.1619816280436517]], "chi2_level": 0.99, "chi2_df": 3, "chi2_threshold": 11.344866730144373, "N_raw": 84, "N_roi": 84, "N_inlier": 84, "refit": true}
{"timestamp": "12:05:07.491102", "frame": 65, "mu": [-1.030009512661735, 1.2170799362009062, 1.544791930757996], "Sigma": [[0.04516569663495025, 0.027052275977687397, -0.026684997238085553], [0.027052275977687397, 0.02928687246429831, -0.01053535534939476], [-0.026684997238085553, -0.01053535534939476, 0.022554658712297226]], "chi2_level": 0.99, "chi2_df": 3, "chi2_threshold": 11.344866730144373, "N_raw": 75, "N_roi": 75, "N_inlier": 72, "refit": true}
{"timestamp": "12:05:07.544067", "frame": 66, "mu": [-1.1365874983877213, 1.2347078432744054, -0.09155163070422825], "Sigma": [[0.05707369747815398, 0.02859081260361173, -0.0333510688006832], [0.02859081260361173, 0.021831288739079066, -0.012065905733225432], [-0.0333510688006832, -0.01206590573322543, 0.027956119002194753]], "chi2_level": 0.99, "chi2_df": 3, "chi2_threshold": 11.344866730144373, "N_raw": 69, "N_roi": 69, "N_inlier": 67, "refit": true}
{"timestamp": "12:05:07.602175", "frame": 67, "mu": [-1.1503103427399497, 1.1649987142632572, -0.27594073614505604], "Sigma": [[0.03880728856299899, 0.016642040316013667, 0.003515183780571629], [0.01664204031601367, 0.017040776207014285, 0.008670452063733928], [0.003515183780571629, 0.008670452063733928, 0.18315192499893138]], "chi2_level": 0.99, "chi2_df": 3, "chi2_threshold": 11.344866730144373, "N_raw": 81, "N_roi": 81, "N_inlier": 78, "refit": true}
{"timestamp": "12:05:07.652677", "frame": 68, "mu": [-1.2090065962699723, 1.1720545872072263, 1.6308404443952145], "Sigma": [[0.049828040480695036, 0.022342028330656037, -0.04350366400556345], [0.022342028330656037, 0.017499265595366544, -0.018905276097169237], [-0.04350366400556345, -0.018905276097169237, 0.041660363632159025]], "chi2_level": 0.99, "chi2_df": 3, "chi2_threshold": 11.344866730144373, "N_raw": 55, "N_roi": 55, "N_inlier": 52, "refit": true}
{"timestamp": "12:05:07.713005", "frame": 69, "mu": [-1.2122901250303841, 1.1901228117487077, 1.54472426940419], "Sigma": [[0.054551831279807554, 0.029820707849320456, -0.03913062419210243], [0.029820707849320456, 0.02677609865528529, -0.019998341186972624], [-0.03913062419210243, -0.019998341186972624, 0.030424770493377568]], "chi2_level": 0.99, "chi2_df": 3, "chi2_threshold": 11.344866730144373, "N_raw": 89, "N_roi": 89, "N_inlier": 86, "refit": true}
{"timestamp": "12:05:07.775841", "frame": 70, "mu": [-1.2002365231600054, 1.2211948917694453, 1.4810833025340235], "Sigma": [[0.0569366785979837, 0.040082084578997694, -0.02539196316587064], [0.040082084578997694, 0.040408247917980124, -0.016116599425795068], [-0.02539196316587064, -0.016116599425795068, 0.012211644847900233]], "chi2_level": 0.99, "chi2_df": 3, "chi2_threshold": 11.344866730144373, "N_raw": 150, "N_roi": 150, "N_inlier": 146, "refit": true}
{"timestamp": "12:05:07.831675", "frame": 71, "mu": [-1.235453406379066, 1.2564098099281982, 1.5626680881887818], "Sigma": [[0.05919293226197839, 0.0381105703387562, -0.03220619501910951], [0.03811057033875619, 0.03800404904486625, -0.01304299559101688], [-0.03220619501910951, -0.013042995591016881, 0.0245880182360634]], "chi2_level": 0.99, "chi2_df": 3, "chi2_threshold": 11.344866730144373, "N_raw": 145, "N_roi": 145, "N_inlier": 142, "refit": true}
{"timestamp": "12:05:07.878836", "frame": 72, "mu": [-1.255883372531018, 1.2960574575047215, 1.5955442719338362], "Sigma": [[0.07871932814238841, 0.044666304419805604, -0.05840277859507395], [0.04466630441980561, 0.0367081488623901, -0.030478137574795616], [-0.05840277859507395, -0.030478137574795616, 0.04526964242458548]], "chi2_level": 0.99, "chi2_df": 3, "chi2_threshold": 11.344866730144373, "N_raw": 99, "N_roi": 99, "N_inlier": 96, "refit": true}
{"timestamp": "12:05:07.931481", "frame": 73, "mu": [-1.1417758221568213, 1.4627790306873416, 1.5842952921094016], "Sigma": [[0.07247286729009085, 0.03870713275072852, -0.06432491943041403], [0.03870713275072852, 0.03096916029113934, -0.03298049902109294], [-0.06432491943041403, -0.03298049902109294, 0.05910957850585107]], "chi2_level": 0.99, "chi2_df": 3, "chi2_threshold": 11.344866730144373, "N_raw": 78, "N_roi": 78, "N_inlier": 78, "refit": true}
{"timestamp": "12:05:07.987262", "frame": 74, "mu": [-1.1463089187546205, 1.4124034821957507, 1.240493832039915], "Sigma": [[0.08241726358510462, 0.038081532347115594, -0.11850222711031444], [0.0380815323471156, 0.02116788343727388, -0.05243459855145609], [-0.11850222711031444, -0.05243459855145609, 0.2617148057973241]], "chi2_level": 0.99, "chi2_df": 3, "chi2_threshold": 11.344866730144373, "N_raw": 86, "N_roi": 86, "N_inlier": 83, "refit": true}
{"timestamp": "12:05:08.045104", "frame": 75, "mu": [-1.2091155939954872, 1.452208025857598, 1.5662527385714078], "Sigma": [[0.12290436526233856, 0.06137433362827066, -0.10041272569203294], [0.06137433362827066, 0.04237786890338213, -0.05064007965878187], [-0.10041272569203295, -0.05064007965878187, 0.08550604993660349]], "chi2_level": 0.99, "chi2_df": 3, "chi2_threshold": 11.344866730144373, "N_raw": 103, "N_roi": 103, "N_inlier": 99, "refit": true}
{"timestamp": "12:05:08.095615", "frame": 76, "mu": [-1.1713668461878204, 1.6350604820571517, -0.2582733470030734], "Sigma": [[0.1056601964459088, 0.08183719651610696, -0.12278899587327796], [0.08183719651610696, 0.0791441340247338, -0.12768774288313856], [-0.12278899587327796, -0.12768774288313856, 0.3068688928488594]], "chi2_level": 0.99, "chi2_df": 3, "chi2_threshold": 11.344866730144373, "N_raw": 73, "N_roi": 73, "N_inlier": 72, "refit": true}
{"timestamp": "12:05:08.150402", "frame": 77, "mu": [-1.285960924547167, 1.5273854287971873, 1.598727787841114], "Sigma": [[0.07980415328814776, 0.03595921642870011, -0.06771564170501687], [0.03595921642870011, 0.026589685600428126, -0.02908170450558812], [-0.06771564170501687, -0.02908170450558812, 0.07461606799515372]], "chi2_level": 0.99, "chi2_df": 3, "chi2_threshold": 11.344866730144373, "N_raw": 72, "N_roi": 72, "N_inlier": 69, "refit": true}
{"timestamp": "12:05:08.202977", "frame": 78, "mu": [-1.498332492719687, 1.4350823484942157, 1.629770801279327], "Sigma": [[0.10271421748426673, 0.0640181748020992, -0.16888548065312087], [0.0640181748020992, 0.04757706323789331, -0.10280789261357923], [-0.16888548065312087, -0.10280789261357923, 0.37634006744293996]], "chi2_level": 0.99, "chi2_df": 3, "chi2_threshold": 11.344866730144373, "N_raw": 57, "N_roi": 57, "N_inlier": 56, "refit": true}
{"timestamp": "12:05:08.256030", "frame": 79, "mu": [-1.264092400609349, 1.6059961980211495, 1.1918349502363565], "Sigma": [[0.11767741508626312, 0.06798938552200472, -0.17728688132050843], [0.06798938552200473, 0.050911432135952395, -0.1343664271235835], [-0.17728688132050843, -0.1343664271235835, 0.4864904521374223]], "chi2_level": 0.99, "chi2_df": 3, "chi2_threshold": 11.344866730144373, "N_raw": 45, "N_roi": 45, "N_inlier": 44, "refit": true}
{"timestamp": "12:05:08.313158", "frame": 80, "mu": [-1.2766583937313825, 1.5607792113364067, 1.5947324591516432], "Sigma": [[0.16817689967848834, 0.07867631978564606, -0.14707828348869542], [0.07867631978564606, 0.04296381911141488, -0.06957717921441717], [-0.14707828348869542, -0.06957717921441717, 0.12957550456848035]], "chi2_level": 0.99, "chi2_df": 3, "chi2_threshold": 11.344866730144373, "N_raw": 62, "N_roi": 62, "N_inlier": 57, "refit": true}
{"timestamp": "12:05:08.361845", "frame": 81, "mu": [-1.2926757040744477, 1.6540298060155172, 1.3742699656393669], "Sigma": [[0.14467177376857618, 0.06736894360368464, -0.14906994091953696], [0.06736894360368464, 0.044268456316183, -0.06738649256319255], [-0.14906994091953696, -0.06738649256319255, 0.4370665448931183]], "chi2_level": 0.99, "chi2_df": 3, "chi2_threshold": 11.344866730144373, "N_raw": 15, "N_roi": 15, "N_inlier": 14, "refit": true}
{"timestamp": "12:05:08.422760", "frame": 82, "mu": [-1.1772626471396075, 1.848688182598101, 1.441320873560222], "Sigma": [[0.012030621388371765, -0.0052489483821759764, -0.00830710025368335], [-0.005248948382175977, 0.009156374242639253, 0.0015554878968889467], [-0.00830710025368335, 0.0015554878968889467, 0.007045267493212903]], "chi2_level": 0.99, "chi2_df": 3, "chi2_threshold": 11.344866730144373, "N_raw": 62, "N_roi": 62, "N_inlier": 62, "refit": true}
{"timestamp": "12:05:08.480970", "frame": 83, "mu": [-1.1217157959281867, 1.8428272597792716, 1.2322796079631104], "Sigma": [[0.017266293884088648, 0.0014017821978189499, 0.008667094731709579], [0.0014017821978189499, 0.0036582012211207743, -0.00024961628772256607], [0.008667094731709579, -0.00024961628772256607, 0.031935049924075185]], "chi2_level": 0.99, "chi2_df": 3, "chi2_threshold": 11.344866730144373, "N_raw": 78, "N_roi": 78, "N_inlier": 77, "refit": true}
{"timestamp": "12:05:08.537099", "frame": 84, "mu": [-1.1698434332576875, 1.9260327452648078, 1.3382664395099209], "Sigma": [[0.018519611257516125, -0.003069548927024054, -0.005143006818948409], [-0.003069548927024054, 0.005894192522443526, 0.00020549598217340314], [-0.00514300681894841, 0.00020549598217340314, 0.023806627505394758]], "chi2_level": 0.99, "chi2_df": 3, "chi2_threshold": 11.344866730144373, "N_raw": 88, "N_roi": 88, "N_inlier": 87, "refit": true}
{"timestamp": "12:05:08.598601", "frame": 85, "mu": [-1.215870805682771, 2.0539255908809015, 0.03242205948964693], "Sigma": [[0.022572368071957536, 0.001608199172663456, -0.020859123267643463], [0.0016081991726634567, 0.011541313205511864, -0.0019927226304270696], [-0.020859123267643463, -0.0019927226304270696, 0.021121346613124488]], "chi2_level": 0.99, "chi2_df": 3, "chi2_threshold": 11.344866730144373, "N_raw": 125, "N_roi": 125, "N_inlier": 106, "refit": true}
{"timestamp": "12:05:08.642183", "frame": 86, "mu": [-1.1228058388478013, 2.0541433294311386, 1.4595207449898304], "Sigma": [[0.014160533788043817, -0.007716727712717276, -0.013110684513492865], [-0.007716727712717276, 0.010900668395477169, 0.00760060845531651], [-0.013110684513492867, 0.007600608455316509, 0.013510972004367915]], "chi2_level": 0.99, "chi2_df": 3, "chi2_threshold": 11.344866730144373, "N_raw": 53, "N_roi": 53, "N_inlier": 50, "refit": true}
{"timestamp": "12:05:08.700974", "frame": 87, "mu": [-1.2153102808476122, 2.053210486483363, 1.3106867693716882], "Sigma": [[0.01613088024869623, -0.0047279724876791935, -0.010067155769707731], [-0.0047279724876791935, 0.0210003099537318, 0.04551177243131766], [-0.010067155769707731, 0.04551177243131766, 0.1618630613866747]], "chi2_level": 0.99, "chi2_df": 3, "chi2_threshold": 11.344866730144373, "N_raw": 81, "N_roi": 81, "N_inlier": 78, "refit": true}
{"timestamp": "12:05:08.751238", "frame": 88, "mu": [-1.0751719010876704, 2.1474108489937893, 1.3846992389814183], "Sigma": [[0.00731486069470126, 0.00010784941905510545, -0.006454754073639152], [0.00010784941905510543, 0.006027551466478489, -0.0014099872584490433], [-0.006454754073639152, -0.0014099872584490431, 0.008713882424150792]], "chi2_level": 0.99, "chi2_df": 3, "chi2_threshold": 11.344866730144373, "N_raw": 48, "N_roi": 48, "N_inlier": 46, "refit": true}
{"timestamp": "12:05:08.806417", "frame": 89, "mu": [-1.0896660622042096, 2.088365770546499, 1.2713654531498086], "Sigma": [[0.00849268429405648, 0.0006631246270623819, -0.0023336060961877793], [0.0006631246270623819, 0.002998661401305267, -0.001961437068167931], [-0.00233360609618778, -0.001961437068167931, 0.0036485470496357636]], "chi2_level": 0.99, "chi2_df": 3, "chi2_threshold": 11.344866730144373, "N_raw": 43, "N_roi": 43, "N_inlier": 38, "refit": true}
{"timestamp": "12:05:08.861303", "frame": 90, "mu": [-1.2233102081148224, 2.1861482369224094, 1.171955243791112], "Sigma": [[0.020992469511888746, -0.0015918741724051237, 0.024479347822237044], [-0.0015918741724051234, 0.005823830846861259, 0.004582017420366711], [0.024479347822237044, 0.00458201742036671, 0.09419153238067024]], "chi2_level": 0.99, "chi2_df": 3, "chi2_threshold": 11.344866730144373, "N_raw": 45, "N_roi": 45, "N_inlier": 43, "refit": true}
{"timestamp": "12:05:08.921697", "frame": 91, "mu": [-1.220563766508961, 2.224100583403816, 1.0813250655810125], "Sigma": [[0.025977258779104333, -0.002837030060301843, 0.04279835667334256], [-0.0028370300603018424, 0.004138555341975164, -0.01406811509957273], [0.042798356673342565, -0.014068115099572731, 0.14939370205303315]], "chi2_level": 0.99, "chi2_df": 3, "chi2_threshold": 11.344866730144373, "N_raw": 85, "N_roi": 85, "N_inlier": 84, "refit": true}
{"timestamp": "12:05:08.972558", "frame": 92, "mu": [-1.269727812196019, 2.272190405969489, 0.9116036584721252], "Sigma": [[0.039829482963098226, -0.010748920180773325, 0.06278584759130082], [-0.010748920180773325, 0.006233114006198713, -0.02887789718819777], [0.06278584759130082, -0.02887789718819777, 0.16408697945855083]], "chi2_level": 0.99, "chi2_df": 3, "chi2_threshold": 11.344866730144373, "N_raw": 54, "N_roi": 54, "N_inlier": 52, "refit": true}
{"timestamp": "12:05:09.028779", "frame": 93, "mu": [-1.1795182050382702, 2.3308625328003556, 1.3788220982912258], "Sigma": [[0.015147052176510925, -0.0038292595142950373, -0.021702753121158658], [-0.0038292595142950378, 0.006195734780342597, 0.006656575441312863], [-0.021702753121158658, 0.006656575441312862, 0.04870401883669655]], "chi2_level": 0.99, "chi2_df": 3, "chi2_threshold": 11.344866730144373, "N_raw": 65, "N_roi": 65, "N_inlier": 61, "refit": true}
{"timestamp": "12:05:09.084399", "frame": 94, "mu": [-1.1474060465446514, 2.388983679121676, 1.5038139875241032], "Sigma": [[0.011273442320082509, 0.00205189589917919, -0.008664666267703534], [0.00205189589917919, 0.011391816804266769, 0.0034109771128443076], [-0.008664666267703534, 0.0034109771128443076, 0.00972881067388947]], "chi2_level": 0.99, "chi2_df": 3, "chi2_threshold": 11.344866730144373, "N_raw": 65, "N_roi": 65, "N_inlier": 64, "refit": true}
{"timestamp": "12:05:09.142930", "frame": 95, "mu": [-1.1531816371310983, 2.37457078421616, 1.1190390747336338], "Sigma": [[0.012268049674254955, -0.0021179317247200123, -0.0170792260992964], [-0.0021179317247200123, 0.00746060809552447, 0.01756455436296938], [-0.0170792260992964, 0.01756455436296938, 0.18195971197403574]], "chi2_level": 0.99, "chi2_df": 3, "chi2_threshold": 11.344866730144373, "N_raw": 98, "N_roi": 98, "N_inlier": 98, "refit": true}
{"timestamp": "12:05:09.190599", "frame": 96, "mu": [-1.2675699636521178, 2.4911768409016326, 1.571696909993219], "Sigma": [[0.016599077007257122, -0.0010858808085491113, -0.015904436952981632], [-0.0010858808085491113, 0.008823044624997896, 0.008490432031318355], [-0.015904436952981632, 0.008490432031318355, 0.025082086283452255]], "chi2_level": 0.99, "chi2_df": 3, "chi2_threshold": 11.344866730144373, "N_raw": 41, "N_roi": 41, "N_inlier": 39, "refit": true}
{"timestamp": "12:05:09.249739", "frame": 97, "mu": [-1.2022210727576343, 2.5524723554608686, 1.43577208550987], "Sigma": [[0.012199881614626498, 0.0012745453509629885, -0.00745585216517676], [0.001274545350962989, 0.009827870410662432, -0.002904801336709003], [-0.00745585216517676, -0.002904801336709003, 0.005990630224391401]], "chi2_level": 0.99, "chi2_df": 3, "chi2_threshold": 11.344866730144373, "N_raw": 72, "N_roi": 70, "N_inlier": 68, "refit": true}
{"timestamp": "12:05:09.305085", "frame": 98, "mu": [-1.1572573168922813, 2.554386918066783, 1.2533417810387513], "Sigma": [[0.015159760987139644, -0.0025144096001065088, -0.018830903586928377], [-0.0025144096001065083, 0.006633239094213751, 0.00022340703641733975], [-0.018830903586928377, 0.00022340703641733975, 0.031136073988487237]], "chi2_level": 0.99, "chi2_df": 3, "chi2_threshold": 11.344866730144373, "N_raw": 73, "N_roi": 73, "N_inlier": 70, "refit": true}
