{"timestamp": "11:55:32.390752", "frame": 39, "mu": [1.8150891014550807, 0.7873485273669758, 1.316900660426442], "Sigma": [[0.005937485267274325, 0.0009044070958922684, 0.0006072043091995237], [0.0009044070958922688, 0.01332235112589309, 0.030093741536648122], [0.0006072043091995237, 0.030093741536648122, 0.07618144109576601]], "chi2_level": 0.95, "chi2_df": 3, "chi2_threshold": 7.814727903251179, "N_raw": 7, "N_roi": 7, "N_inlier": 6, "refit": true}
{"timestamp": "11:55:32.446449", "frame": 40, "mu": [1.7709512095356288, 0.8230529685114726, 1.1325534980071144], "Sigma": [[0.004343872402780674, -0.0037532163772212713, -0.008102811429683183], [-0.0037532163772212713, 0.0037048368386359996, 0.006149935994420703], [-0.008102811429683183, 0.006149935994420704, 0.016875413601362202]], "chi2_level": 0.95, "chi2_df": 3, "chi2_threshold": 7.814727903251179, "N_raw": 5, "N_roi": 5, "N_inlier": 5, "refit": true}
{"timestamp": "11:55:32.500562", "frame": 41, "mu": [1.836202861410953, 0.9272780373698132, 1.4569912069037545], "Sigma": [[0.009132687342475595, 0.006018760561223972, 0.009586019561655683], [0.006018760561223972, 0.005984799899278902, 0.012414519367438395], [0.009586019561655683, 0.012414519367438395, 0.029696395345726642]], "chi2_level": 0.95, "chi2_df": 3, "chi2_threshold": 7.814727903251179, "N_raw": 6, "N_roi": 6, "N_inlier": 5, "refit": true}
{"timestamp": "11:55:32.555910", "frame": 42, "mu": [1.4685498534856167, 0.8225762488280534, 1.433994373605473], "Sigma": [[0.35394283692145173, 0.1757017818777674, -0.18264920430087483], [0.1757017818777674, 0.09048182992657235, -0.08269441022262507], [-0.18264920430087486, -0.08269441022262507, 0.11791498866493966]], "chi2_level": 0.95, "chi2_df": 3, "chi2_threshold": 7.814727903251179, "N_raw": 5, "N_roi": 5, "N_inlier": 5, "refit": true}
{"timestamp": "11:55:32.611108", "frame": 43, "mu": [1.8639996528776888, 1.0410608556978491, 1.4088390392335366], "Sigma": [[0.012344922945770153, 0.005538916158511675, 0.011034092558276448], [0.005538916158511676, 0.006621219419749383, 0.010857562070589298], [0.011034092558276446, 0.010857562070589298, 0.025131731372746834]], "chi2_level": 0.95, "chi2_df": 3, "chi2_threshold": 7.814727903251179, "N_raw": 5, "N_roi": 5, "N_inlier": 5, "refit": true}
{"timestamp": "11:55:32.777200", "frame": 46, "mu": [1.847481168041964, 1.213712508804979, 1.4291144539211265], "Sigma": [[0.007989788958448955, 0.0029338637512111463, 0.0033119873388812587], [0.0029338637512111463, 0.0022673023079314426, 0.0010697101447321642], [0.0033119873388812587, 0.0010697101447321642, 0.0022391824986782035]], "chi2_level": 0.95, "chi2_df": 3, "chi2_threshold": 7.814727903251179, "N_raw": 12, "N_roi": 12, "N_inlier": 11, "refit": true}
{"timestamp": "11:55:32.831485", "frame": 47, "mu": [1.8171413061444601, 1.2539452019816069, 1.3955010156271466], "Sigma": [[0.015136366686027962, -0.001101782555456615, 0.004787545440646307], [-0.001101782555456615, 0.0006046265899152161, -0.0004827823811846616], [0.004787545440646306, -0.0004827823811846617, 0.0021089179741087235]], "chi2_level": 0.95, "chi2_df": 3, "chi2_threshold": 7.814727903251179, "N_raw": 6, "N_roi": 6, "N_inlier": 6, "refit": true}
{"timestamp": "11:55:32.941646", "frame": 49, "mu": [1.769406135476302, 1.4257228792496166, 1.359900805502711], "Sigma": [[0.004980941737847025, 0.0035489335993896436, -0.0037661047489068603], [0.003548933599389644, 0.003034987143573983, -0.0012051617036330118], [-0.0037661047489068603, -0.0012051617036330118, 0.010214595217307493]], "chi2_level": 0.95, "chi2_df": 3, "chi2_threshold": 7.814727903251179, "N_raw": 7, "N_roi": 7, "N_inlier": 6, "refit": true}
{"timestamp": "11:55:32.996850", "frame": 50, "mu": [1.6204788462660442, 1.5334814795431329, 1.4061789420798467], "Sigma": [[0.004415877042741284, -0.0027198217633737105, -0.002900795042835769], [-0.00271982176337371, 0.004773483103754722, 0.001734961456627351], [-0.002900795042835769, 0.0017349614566273513, 0.0025765364521069837]], "chi2_level": 0.95, "chi2_df": 3, "chi2_threshold": 7.814727903251179, "N_raw": 13, "N_roi": 13, "N_inlier": 11, "refit": true}
{"timestamp": "11:55:33.051623", "frame": 51, "mu": [1.7308668477114573, 1.5291156186318715, 1.1225844495989665], "Sigma": [[0.020400127487162526, -0.004911141402365535, -0.05958628763660941], [-0.004911141402365535, 0.005116871290794941, 0.01721978508961738], [-0.05958628763660941, 0.01721978508961738, 0.1793596851978109]], "chi2_level": 0.95, "chi2_df": 3, "chi2_threshold": 7.814727903251179, "N_raw": 7, "N_roi": 6, "N_inlier": 5, "refit": true}
{"timestamp": "11:55:33.109666", "frame": 52, "mu": [1.580048440201016, 1.4069199393301088, 1.2043298465092434], "Sigma": [[0.40675305027522113, 0.29595159404161386, -0.26136660832811165], [0.29595159404161386, 0.22707123997351267, -0.1738965774713215], [-0.26136660832811165, -0.1738965774713215, 0.2424565934167431]], "chi2_level": 0.95, "chi2_df": 3, "chi2_threshold": 7.814727903251179, "N_raw": 7, "N_roi": 7, "N_inlier": 7, "refit": true}
{"timestamp": "11:55:33.160375", "frame": 53, "mu": [1.7571792524929692, 1.7096393816078872, 1.6587842129426922], "Sigma": [[0.005934091233121737, 0.0042421866704858355, 0.005672725346178162], [0.0042421866704858355, 0.0050725657933869215, 0.005942603100592207], [0.0056727253461781625, 0.005942603100592207, 0.008644095483648265]], "chi2_level": 0.95, "chi2_df": 3, "chi2_threshold": 7.814727903251179, "N_raw": 6, "N_roi": 6, "N_inlier": 6, "refit": true}
{"timestamp": "11:55:33.218461", "frame": 54, "mu": [1.664675330726362, 1.7856897377770686, 1.60516176138496], "Sigma": [[0.003737909224782991, -0.0004336585834181102, 0.0019149916291733313], [-0.0004336585834181102, 0.006289871292424721, 0.0037066914170615396], [0.0019149916291733315, 0.0037066914170615396, 0.004416402063254455]], "chi2_level": 0.95, "chi2_df": 3, "chi2_threshold": 7.814727903251179, "N_raw": 22, "N_roi": 21, "N_inlier": 20, "refit": true}
{"timestamp": "11:55:33.273054", "frame": 55, "mu": [1.7411319774443352, 1.7569071708800865, 1.430674529886775], "Sigma": [[0.0030111930884026525, 0.0015138534480580394, -0.0057173700774728045], [0.0015138534480580394, 0.0018575791540334811, -0.00034337049591971357], [-0.0057173700774728045, -0.00034337049591971346, 0.018766306581208245]], "chi2_level": 0.95, "chi2_df": 3, "chi2_threshold": 7.814727903251179, "N_raw": 9, "N_roi": 6, "N_inlier": 5, "refit": true}
{"timestamp": "11:55:33.329743", "frame": 56, "mu": [1.4606657439426667, 1.6156623032669553, 1.5760575291476848], "Sigma": [[0.3271691624999681, 0.3587770099948945, -0.07286591942492218], [0.3587770099948945, 0.4224329535940136, -0.02470011378470953], [-0.07286591942492218, -0.024700113784709533, 0.14166579088856363]], "chi2_level": 0.95, "chi2_df": 3, "chi2_threshold": 7.814727903251179, "N_raw": 5, "N_roi": 5, "N_inlier": 5, "refit": true}
{"timestamp": "11:55:33.385076", "frame": 57, "mu": [1.6690789420063357, 1.9367807593682076, 1.552538895179901], "Sigma": [[0.006969775449454946, -0.0023470728106669116, 0.001603659280736793], [-0.0023470728106669116, 0.007082729178380579, 0.004273342467028869], [0.001603659280736793, 0.004273342467028869, 0.004671299395136612]], "chi2_level": 0.95, "chi2_df": 3, "chi2_threshold": 7.814727903251179, "N_raw": 34, "N_roi": 34, "N_inlier": 30, "refit": true}
{"timestamp": "11:55:33.440233", "frame": 58, "mu": [1.6206132866162097, 1.9307153813448699, 1.2483389733928507], "Sigma": [[0.005557643170615033, -0.005042144681919009, -0.005153926079211264], [-0.005042144681919009, 0.004762029720502422, 0.0039023037089798806], [-0.005153926079211264, 0.0039023037089798806, 0.012125073519630923]], "chi2_level": 0.95, "chi2_df": 3, "chi2_threshold": 7.814727903251179, "N_raw": 20, "N_roi": 20, "N_inlier": 18, "refit": true}
{"timestamp": "11:55:33.492897", "frame": 59, "mu": [1.68093599742545, 2.0151689266680384, 1.3271018244979786], "Sigma": [[0.001754054128267529, 0.0001206559583014484, -0.005878396369908868], [0.00012065595830144838, 0.0015395271676560088, -0.002282765250483206], [-0.005878396369908867, -0.0022827652504832053, 0.05125705577976928]], "chi2_level": 0.95, "chi2_df": 3, "chi2_threshold": 7.814727903251179, "N_raw": 5, "N_roi": 5, "N_inlier": 5, "refit": true}
{"timestamp": "11:55:33.548647", "frame": 60, "mu": [1.7848477846514768, 2.0111462626233, 1.2230009264871995], "Sigma": [[0.004771170138353034, -0.0017793415313016121, -0.012897007960521702], [-0.001779341531301612, 0.011006901162206888, 0.05055913412909033], [-0.012897007960521702, 0.05055913412909033, 0.25906312061166975]], "chi2_level": 0.95, "chi2_df": 3, "chi2_threshold": 7.814727903251179, "N_raw": 7, "N_roi": 7, "N_inlier": 7, "refit": true}
{"timestamp": "11:55:33.603107", "frame": 61, "mu": [1.6966240642811632, 2.162307565026541, 1.4394022459760563], "Sigma": [[0.003095323727467656, 0.0015648824793026365, -0.0009084026498769743], [0.0015648824793026367, 0.01652960221886668, 0.050532284312150046], [-0.0009084026498769751, 0.050532284312150046, 0.17266781482799293]], "chi2_level": 0.95, "chi2_df": 3, "chi2_threshold": 7.814727903251179, "N_raw": 5, "N_roi": 5, "N_inlier": 5, "refit": true}
{"timestamp": "11:55:33.658714", "frame": 62, "mu": [1.6633174653326512, 2.153856816532791, 1.193814349309174], "Sigma": [[0.005953048037491438, -0.0013276907244736227, -0.014481942196764165], [-0.0013276907244736227, 0.0008742212034252669, 0.004313782733116163], [-0.014481942196764165, 0.004313782733116163, 0.04096570805763759]], "chi2_level": 0.95, "chi2_df": 3, "chi2_threshold": 7.814727903251179, "N_raw": 8, "N_roi": 5, "N_inlier": 5, "refit": true}
{"timestamp": "11:55:33.713878", "frame": 63, "mu": [1.6812569331273877, 2.2909371000100793, 1.5816738255571776], "Sigma": [[0.010086268174772354, 0.007462102014403391, 0.011813324475767729], [0.007462102014403391, 0.006214117159448142, 0.00898427887366914], [0.011813324475767729, 0.00898427887366914, 0.015922954304254694]], "chi2_level": 0.95, "chi2_df": 3, "chi2_threshold": 7.814727903251179, "N_raw": 10, "N_roi": 7, "N_inlier": 6, "refit": true}
{"timestamp": "11:55:33.768845", "frame": 64, "mu": [1.6735981094552819, 2.2467770406443313, 1.2659930449304337], "Sigma": [[0.014969090300699513, -0.00010106480621315615, -0.003809517926029506], [-0.00010106480621315528, 0.008916689589378461, 0.021415565362338115], [-0.0038095179260295067, 0.021415565362338112, 0.05578748703517618]], "chi2_level": 0.95, "chi2_df": 3, "chi2_threshold": 7.814727903251179, "N_raw": 10, "N_roi": 6, "N_inlier": 5, "refit": true}
{"timestamp": "11:55:33.822790", "frame": 65, "mu": [1.6400459586375409, 2.3545682316002323, 1.4049753755127576], "Sigma": [[0.012214891283661346, 0.006345651351464374, 0.006492859583298557], [0.006345651351464376, 0.0037622052790499735, 0.0032113276233918736], [0.006492859583298557, 0.0032113276233918736, 0.008340288474600626]], "chi2_level": 0.95, "chi2_df": 3, "chi2_threshold": 7.814727903251179, "N_raw": 9, "N_roi": 6, "N_inlier": 6, "refit": true}
{"timestamp": "11:55:33.880806", "frame": 66, "mu": [1.6791392902369298, 2.480167252385402, 1.496558039190154], "Sigma": [[0.0068959713271484644, 0.00026793666830518667, -0.0008081352451614378], [0.00026793666830518656, 0.003939818051540234, 0.001194125743014889], [-0.0008081352451614378, 0.0011941257430148893, 0.003088917114669922]], "chi2_level": 0.95, "chi2_df": 3, "chi2_threshold": 7.814727903251179, "N_raw": 19, "N_roi": 19, "N_inlier": 17, "refit": true}
{"timestamp": "11:55:33.933374", "frame": 67, "mu": [1.6195920168679032, 2.4407634456644356, -0.6717158478304269], "Sigma": [[0.006289269987766284, 0.001044196472521934, -0.013578157316514905], [0.0010441964725219337, 0.0024787222902352794, 0.0003941645649513511], [-0.013578157316514905, 0.0003941645649513507, 0.04112861079079094]], "chi2_level": 0.95, "chi2_df": 3, "chi2_threshold": 7.814727903251179, "N_raw": 8, "N_roi": 6, "N_inlier": 6, "refit": true}
{"timestamp": "11:55:33.987712", "frame": 68, "mu": [1.7155116910919161, 2.4241255112211366, 1.0093366479761379], "Sigma": [[0.03398257394492404, -0.019430833791032918, -0.06124554200867926], [-0.01943083379103291, 0.016670191453364538, 0.03993176349489583], [-0.06124554200867926, 0.03993176349489583, 0.11553148259124382]], "chi2_level": 0.95, "chi2_df": 3, "chi2_threshold": 7.814727903251179, "N_raw": 9, "N_roi": 9, "N_inlier": 7, "refit": true}
{"timestamp": "11:55:34.042659", "frame": 69, "mu": [1.67702762901482, 2.525457735181504, 1.195028125080505], "Sigma": [[0.026596656177675322, -0.018378277667778675, -0.06747701786375311], [-0.018378277667778678, 0.02677510720851522, 0.0787794093164879], [-0.06747701786375311, 0.07877940931648789, 0.24845809843050087]], "chi2_level": 0.95, "chi2_df": 3, "chi2_threshold": 7.814727903251179, "N_raw": 8, "N_roi": 8, "N_inlier": 8, "refit": true}
{"timestamp": "11:55:34.098911", "frame": 70, "mu": [1.704843200011901, 2.6035988379816777, 1.4255177839374484], "Sigma": [[0.025052092821926733, -0.021696930209409146, -0.07201904263758493], [-0.02169693020940915, 0.034351064346569156, 0.09175768033287078], [-0.07201904263758493, 0.09175768033287077, 0.26912560952486464]], "chi2_level": 0.95, "chi2_df": 3, "chi2_threshold": 7.814727903251179, "N_raw": 7, "N_roi": 7, "N_inlier": 7, "refit": true}
{"timestamp": "11:55:34.156838", "frame": 71, "mu": [1.5610346886991053, 2.7412476391863483, 0.07612169928315136], "Sigma": [[0.012256339879584533, -0.0015537555304800045, 0.028106790909424518], [-0.0015537555304800045, 0.003991430056132284, -0.0012274407618289283], [0.028106790909424514, -0.0012274407618289283, 0.10698322382022646]], "chi2_level": 0.95, "chi2_df": 3, "chi2_threshold": 7.814727903251179, "N_raw": 39, "N_roi": 39, "N_inlier": 39, "refit": true}
{"timestamp": "11:55:34.208581", "frame": 72, "mu": [1.6299307830845795, 2.745035632230858, 1.552713834018155], "Sigma": [[0.005547742705759877, 0.005045201582632291, 0.0035577117123959845], [0.005045201582632291, 0.004689540128232838, 0.0032676309143912195], [0.0035577117123959845, 0.0032676309143912195, 0.0032081864798028338]], "chi2_level": 0.95, "chi2_df": 3, "chi2_threshold": 7.814727903251179, "N_raw": 5, "N_roi": 5, "N_inlier": 5, "refit": true}
{"timestamp": "11:55:34.266423", "frame": 73, "mu": [1.6094829143432368, 2.843079411390549, -0.14949742824528964], "Sigma": [[0.00832620100817703, -0.0024282592760211863, 0.021192990736672974], [-0.002428259276021186, 0.005322293529079913, -0.007707641006331013], [0.021192990736672974, -0.007707641006331012, 0.10335703425046505]], "chi2_level": 0.95, "chi2_df": 3, "chi2_threshold": 7.814727903251179, "N_raw": 31, "N_roi": 29, "N_inlier": 29, "refit": true}
{"timestamp": "11:55:34.319025", "frame": 74, "mu": [1.6076933238810427, 2.897741973791118, 1.5310257377077074], "Sigma": [[0.001687188912917726, 0.0023263021958673333, 0.0017218951782153244], [0.0023263021958673338, 0.0062652809229613885, 0.0009410139842932696], [0.0017218951782153242, 0.0009410139842932694, 0.0042578405648762635]], "chi2_level": 0.95, "chi2_df": 3, "chi2_threshold": 7.814727903251179, "N_raw": 5, "N_roi": 5, "N_inlier": 5, "refit": true}
{"timestamp": "11:55:34.428195", "frame": 76, "mu": [1.7161980276411475, 2.8249274148602916, 0.8530734485543408], "Sigma": [[0.007794018166992445, -0.004712834240639275, -0.027312581357816043], [-0.004712834240639275, 0.004637624314927664, 0.018899441084266316], [-0.027312581357816043, 0.018899441084266316, 0.10044650929696276]], "chi2_level": 0.95, "chi2_df": 3, "chi2_threshold": 7.814727903251179, "N_raw": 7, "N_roi": 7, "N_inlier": 6, "refit": true}
{"timestamp": "11:55:34.484125", "frame": 77, "mu": [1.6647563283408853, 2.954937578136464, 1.260219103898097], "Sigma": [[0.004723992358159541, -0.003998169369827601, -0.024220696546523375], [-0.003998169369827601, 0.010783139211027708, 0.03988245608228958], [-0.024220696546523375, 0.03988245608228958, 0.18592635117228]], "chi2_level": 0.95, "chi2_df": 3, "chi2_threshold": 7.814727903251179, "N_raw": 11, "N_roi": 7, "N_inlier": 7, "refit": true}
{"timestamp": "11:55:34.592769", "frame": 79, "mu": [1.6964295364807405, 3.0058948429834262, 1.214755226690371], "Sigma": [[0.01350011603673252, -0.011695567076035694, -0.052367792221262886], [-0.011695567076035694, 0.017676198744065036, 0.06479469013786872], [-0.05236779222126289, 0.0647946901378687, 0.2585222145528169]], "chi2_level": 0.95, "chi2_df": 3, "chi2_threshold": 7.814727903251179, "N_raw": 9, "N_roi": 6, "N_inlier": 6, "refit": true}
{"timestamp": "11:55:34.652302", "frame": 80, "mu": [1.6457624750323256, 3.214369874928059, 1.4311011510608949], "Sigma": [[0.00817342860101809, -0.0029581391388100197, -0.0023044486855515072], [-0.00295813913881002, 0.004624441334817049, 0.0010584819808590112], [-0.0023044486855515072, 0.0010584819808590112, 0.002780109175140434]], "chi2_level": 0.95, "chi2_df": 3, "chi2_threshold": 7.814727903251179, "N_raw": 32, "N_roi": 28, "N_inlier": 26, "refit": true}
{"timestamp": "11:55:34.704002", "frame": 81, "mu": [1.6876639511162304, 3.1100426120401083, 1.0044160764810077], "Sigma": [[0.006910725737488797, -0.005438309008758628, -0.036113630433127646], [-0.005438309008758629, 0.007358287653260863, 0.037969056322057604], [-0.036113630433127646, 0.037969056322057604, 0.22034634034982228]], "chi2_level": 0.95, "chi2_df": 3, "chi2_threshold": 7.814727903251179, "N_raw": 9, "N_roi": 6, "N_inlier": 6, "refit": true}
{"timestamp": "11:55:34.759773", "frame": 82, "mu": [1.7089097339780805, 3.3857715067883722, -0.3164617984799894], "Sigma": [[0.008113099494818672, -0.003937506124190112, -0.008730556451957845], [-0.003937506124190112, 0.0045353582209610496, -0.006106760949447573], [-0.008730556451957847, -0.006106760949447574, 0.062410267902541276]], "chi2_level": 0.95, "chi2_df": 3, "chi2_threshold": 7.814727903251179, "N_raw": 21, "N_roi": 21, "N_inlier": 20, "refit": true}
{"timestamp": "11:55:34.868347", "frame": 84, "mu": [1.7240008915660006, 3.401974050364153, 0.023391695948355377], "Sigma": [[0.004469622545913943, 0.005185173870431204, -0.01865132540589891], [0.005185173870431205, 0.006541419014815727, -0.022711348032659732], [-0.01865132540589891, -0.02271134803265973, 0.08524759157697143]], "chi2_level": 0.95, "chi2_df": 3, "chi2_threshold": 7.814727903251179, "N_raw": 8, "N_roi": 6, "N_inlier": 6, "refit": true}
{"timestamp": "11:55:34.924910", "frame": 85, "mu": [1.6738871299412657, 3.4130020606956566, 0.30708226057393945], "Sigma": [[0.010858195159675623, -0.003010023222086268, -0.004006803426848397], [-0.0030100232220862675, 0.002747428389826281, 0.0015005332782848592], [-0.004006803426848397, 0.0015005332782848592, 0.003982194650059543]], "chi2_level": 0.95, "chi2_df": 3, "chi2_threshold": 7.814727903251179, "N_raw": 21, "N_roi": 19, "N_inlier": 17, "refit": true}
{"timestamp": "11:55:34.982455", "frame": 86, "mu": [1.6958057197216174, 3.416871071864452, 1.4197751386128263], "Sigma": [[0.012312295750105078, -0.005733568563228818, -0.004007034856712388], [-0.005733568563228817, 0.007356258909302129, 0.0038000951342642432], [-0.004007034856712387, 0.0038000951342642432, 0.003418288292039934]], "chi2_level": 0.95, "chi2_df": 3, "chi2_threshold": 7.814727903251179, "N_raw": 37, "N_roi": 33, "N_inlier": 31, "refit": true}
{"timestamp": "11:55:35.034302", "frame": 87, "mu": [1.6466048966441456, 3.5026993127586907, 0.20345781705053984], "Sigma": [[0.010377422325592196, -0.0022014757249349984, -0.004942580188451295], [-0.0022014757249349984, 0.0025013605718726276, -0.0006385012530679965], [-0.004942580188451295, -0.0006385012530679965, 0.005067592875905099]], "chi2_level": 0.95, "chi2_df": 3, "chi2_threshold": 7.814727903251179, "N_raw": 16, "N_roi": 16, "N_inlier": 15, "refit": true}
{"timestamp": "11:55:35.091209", "frame": 88, "mu": [1.8228872996040142, 3.6321687192592154, -0.07894082121497892], "Sigma": [[0.01859282399974709, 0.0010856571310404334, -0.03912302059532467], [0.0010856571310404334, 0.005058329356217646, -0.012544477919614555], [-0.03912302059532467, -0.012544477919614553, 0.14681377201211437]], "chi2_level": 0.95, "chi2_df": 3, "chi2_threshold": 7.814727903251179, "N_raw": 28, "N_roi": 28, "N_inlier": 27, "refit": true}
{"timestamp": "11:55:35.145914", "frame": 89, "mu": [1.6663972079764386, 3.5925569645778648, 0.351971867405124], "Sigma": [[0.015147310664626415, -0.00393150694658777, -0.004998371132433947], [-0.00393150694658777, 0.0037361614900999454, 0.005207382106808412], [-0.004998371132433947, 0.005207382106808412, 0.011019051663875916]], "chi2_level": 0.95, "chi2_df": 3, "chi2_threshold": 7.814727903251179, "N_raw": 32, "N_roi": 32, "N_inlier": 31, "refit": true}
{"timestamp": "11:55:35.198328", "frame": 90, "mu": [1.714627424283507, 3.661544303049974, 1.4216640867393153], "Sigma": [[0.018767966524228956, 0.004338198692366854, -0.012133676717338202], [0.004338198692366854, 0.0020428429531154984, -0.0012161370018438625], [-0.012133676717338202, -0.0012161370018438627, 0.016356261824026188]], "chi2_level": 0.95, "chi2_df": 3, "chi2_threshold": 7.814727903251179, "N_raw": 8, "N_roi": 6, "N_inlier": 6, "refit": true}
{"timestamp": "11:55:35.258102", "frame": 91, "mu": [1.7034073122837523, 3.682695076122849, 1.2872201467200757], "Sigma": [[0.030124388702576513, -0.004457991820545889, -0.005647292035680056], [-0.004457991820545888, 0.004702419780034217, 0.0008725885081145132], [-0.005647292035680056, 0.0008725885081145132, 0.0027820678494554323]], "chi2_level": 0.95, "chi2_df": 3, "chi2_threshold": 7.814727903251179, "N_raw": 47, "N_roi": 47, "N_inlier": 46, "refit": true}
{"timestamp": "11:55:35.311406", "frame": 92, "mu": [1.826594094982436, 3.7340457486720413, 1.145154549525804], "Sigma": [[0.016138663406553344, -0.007357600932790949, -0.02186164162411988], [-0.007357600932790949, 0.004840307942819532, 0.008055728265097081], [-0.02186164162411988, 0.008055728265097081, 0.03909554961559756]], "chi2_level": 0.95, "chi2_df": 3, "chi2_threshold": 7.814727903251179, "N_raw": 28, "N_roi": 24, "N_inlier": 22, "refit": true}
{"timestamp": "11:55:35.365474", "frame": 93, "mu": [1.8845480325596438, 3.8559274887205732, -0.14957184745000582], "Sigma": [[0.03377876969534393, -0.002642325561820264, -0.052817870482763055], [-0.002642325561820264, 0.0038560622956899313, 0.0013513526629497447], [-0.052817870482763055, 0.0013513526629497443, 0.08755100625735882]], "chi2_level": 0.95, "chi2_df": 3, "chi2_threshold": 7.814727903251179, "N_raw": 21, "N_roi": 19, "N_inlier": 19, "refit": true}
{"timestamp": "11:55:35.418190", "frame": 94, "mu": [1.6867029629448298, 3.905036199655734, 1.327495447536835], "Sigma": [[0.005119608670414671, 0.0031263370230066256, -0.005666404104991224], [0.003126337023006626, 0.002741809625698739, -0.00344421971319679], [-0.005666404104991225, -0.00344421971319679, 0.007760748792855898]], "chi2_level": 0.95, "chi2_df": 3, "chi2_threshold": 7.814727903251179, "N_raw": 5, "N_roi": 5, "N_inlier": 5, "refit": true}
{"timestamp": "11:55:35.474594", "frame": 95, "mu": [1.7786802079493804, 3.864945134411062, 1.2425518956656296], "Sigma": [[0.018799223239528578, -0.009667138426867412, -0.01117767000550017], [-0.009667138426867412, 0.006207356828351202, 0.004993778174914751], [-0.01117767000550017, 0.004993778174914751, 0.009966048635881013]], "chi2_level": 0.95, "chi2_df": 3, "chi2_threshold": 7.814727903251179, "N_raw": 24, "N_roi": 24, "N_inlier": 22, "refit": true}
{"timestamp": "11:55:35.582798", "frame": 97, "mu": [1.6828114195520552, 3.956500822944385, 1.4478551279604233], "Sigma": [[0.010867681322169353, -0.004499643411997465, -0.005263918386961957], [-0.004499643411997465, 0.0038578856607873464, 0.002575592138971723], [-0.005263918386961957, 0.002575592138971723, 0.004715708743588878]], "chi2_level": 0.95, "chi2_df": 3, "chi2_threshold": 7.814727903251179, "N_raw": 19, "N_roi": 19, "N_inlier": 18, "refit": true}
{"timestamp": "11:55:35.638394", "frame": 98, "mu": [1.7732385893796643, 3.9880844460155034, 1.1349459467535707], "Sigma": [[0.005499897314059236, 0.0007233028719576715, -0.021174510131408565], [0.0007233028719576715, 0.001446944359415778, 0.0013634539814504042], [-0.021174510131408565, 0.0013634539814504037, 0.09653402325786038]], "chi2_level": 0.95, "chi2_df": 3, "chi2_threshold": 7.814727903251179, "N_raw": 6, "N_roi": 6, "N_inlier": 6, "refit": true}
{"timestamp": "11:55:35.692833", "frame": 99, "mu": [1.6970400934218155, 4.058986580912001, 1.1970458199380858], "Sigma": [[0.0012948247253914086, 0.0009739052216990264, -0.008526618841632801], [0.0009739052216990263, 0.0012915930911859604, -0.004337645908911755], [-0.008526618841632803, -0.004337645908911757, 0.06395848799742032]], "chi2_level": 0.95, "chi2_df": 3, "chi2_threshold": 7.814727903251179, "N_raw": 6, "N_roi": 5, "N_inlier": 5, "refit": true}
{"timestamp": "11:55:35.774252", "frame": 100, "mu": [1.7230095420705653, 4.125455260136095, 1.195925142126788], "Sigma": [[0.013000098250753352, 0.0008162623826327457, -0.022008707317866763], [0.0008162623826327456, 0.00015973321298168815, -0.000965626681308537], [-0.022008707317866767, -0.0009656266813085372, 0.04306045482569559]], "chi2_level": 0.95, "chi2_df": 3, "chi2_threshold": 7.814727903251179, "N_raw": 5, "N_roi": 5, "N_inlier": 5, "refit": true}
{"timestamp": "11:55:35.806338", "frame": 101, "mu": [1.6979835529771852, 4.168268895497727, 1.2255938704533227], "Sigma": [[0.014423497029765163, -0.00634726582987236, -0.009558359763672824], [-0.0063472658298723604, 0.004100190111799301, 0.0023525752519739933], [-0.009558359763672824, 0.0023525752519739933, 0.01149191330117071]], "chi2_level": 0.95, "chi2_df": 3, "chi2_threshold": 7.814727903251179, "N_raw": 25, "N_roi": 23, "N_inlier": 21, "refit": true}
{"timestamp": "11:55:35.860341", "frame": 102, "mu": [1.7383006328226063, 4.197280705325411, 1.0683011282614472], "Sigma": [[0.011661233757506191, -0.00618796330728884, -0.016917977104337158], [-0.00618796330728884, 0.0035955066591601475, 0.007781983890792078], [-0.016917977104337158, 0.007781983890792078, 0.04283206951235781]], "chi2_level": 0.95, "chi2_df": 3, "chi2_threshold": 7.814727903251179, "N_raw": 22, "N_roi": 19, "N_inlier": 18, "refit": true}
{"timestamp": "11:55:35.913119", "frame": 103, "mu": [1.7126615002099386, 4.274023560779852, 1.233298136357431], "Sigma": [[0.013147584800387444, -0.000614601427264056, -0.028168285603791494], [-0.000614601427264056, 0.0008486400344283544, 0.0018586318787460322], [-0.028168285603791494, 0.0018586318787460314, 0.06288580059807952]], "chi2_level": 0.95, "chi2_df": 3, "chi2_threshold": 7.814727903251179, "N_raw": 7, "N_roi": 5, "N_inlier": 5, "refit": true}
{"timestamp": "11:55:35.969443", "frame": 104, "mu": [1.7885553910729717, 4.297088337737554, 1.0191011534503933], "Sigma": [[0.007622329910286985, -0.003609999579662719, -0.008020460465800735], [-0.003609999579662719, 0.0023087742946621688, 0.001221815842197831], [-0.008020460465800733, 0.001221815842197831, 0.04891801913499302]], "chi2_level": 0.95, "chi2_df": 3, "chi2_threshold": 7.814727903251179, "N_raw": 16, "N_roi": 16, "N_inlier": 15, "refit": true}
{"timestamp": "11:55:36.023227", "frame": 105, "mu": [1.764109874346978, 4.372332061236194, 1.1611110759879426], "Sigma": [[0.0022559732290105853, 0.0013562293315597022, -0.009201023638390255], [0.0013562293315597022, 0.0008329350967843483, -0.005308700028780275], [-0.009201023638390255, -0.005308700028780275, 0.0496974138204685]], "chi2_level": 0.95, "chi2_df": 3, "chi2_threshold": 7.814727903251179, "N_raw": 5, "N_roi": 5, "N_inlier": 5, "refit": true}
{"timestamp": "11:55:36.188515", "frame": 108, "mu": [1.7832559516463695, 4.5011552875572, 1.3384568799784298], "Sigma": [[0.004273278477975388, 0.0009587240067614697, -0.005697482893115545], [0.0009587240067614698, 0.0011817759701978907, -0.0030847183386197756], [-0.005697482893115545, -0.0030847183386197756, 0.011723626540124776]], "chi2_level": 0.95, "chi2_df": 3, "chi2_threshold": 7.814727903251179, "N_raw": 10, "N_roi": 5, "N_inlier": 5, "refit": true}
{"timestamp": "11:55:36.242843", "frame": 109, "mu": [1.689943405263289, 4.56128999559868, 1.2350227730718202], "Sigma": [[0.010256478547362698, 0.0026926923807148776, -0.012739815001851533], [0.0026926923807148776, 0.0010397963463439992, -0.002511439795168861], [-0.012739815001851533, -0.002511439795168861, 0.021191106306295213]], "chi2_level": 0.95, "chi2_df": 3, "chi2_threshold": 7.814727903251179, "N_raw": 6, "N_roi": 5, "N_inlier": 5, "refit": true}
{"timestamp": "11:55:36.407536", "frame": 112, "mu": [1.8062607949848197, 4.637290634843857, 1.0680441209435065], "Sigma": [[0.010990077856743158, 0.0041033654320012485, -0.006668963011953924], [0.0041033654320012485, 0.0015999936197209628, -0.0028037571450481103], [-0.006668963011953924, -0.0028037571450481103, 0.007643174440683519]], "chi2_level": 0.95, "chi2_df": 3, "chi2_threshold": 7.814727903251179, "N_raw": 6, "N_roi": 6, "N_inlier": 5, "refit": true}
{"timestamp": "11:55:36.462936", "frame": 113, "mu": [1.765445514453249, 4.664043320156504, 1.0633260414588723], "Sigma": [[0.0270380337318938, 0.0012808476721546573, -0.028328302309070748], [0.0012808476721546573, 0.0009480762895104418, -0.0002054997955288002], [-0.028328302309070744, -0.0002054997955288002, 0.03397345151773422]], "chi2_level": 0.95, "chi2_df": 3, "chi2_threshold": 7.814727903251179, "N_raw": 6, "N_roi": 6, "N_inlier": 6, "refit": true}
{"timestamp": "11:55:36.518160", "frame": 114, "mu": [1.7006637261694306, 4.715770243278367, 1.1311169962948686], "Sigma": [[0.045453687792335426, -0.013237677289095182, -0.05542723405787539], [-0.013237677289095182, 0.005078852992075209, 0.017032426568457572], [-0.05542723405787539, 0.01703242656845757, 0.07899686883909172]], "chi2_level": 0.95, "chi2_df": 3, "chi2_threshold": 7.814727903251179, "N_raw": 8, "N_roi": 8, "N_inlier": 7, "refit": true}
{"timestamp": "11:55:36.572296", "frame": 115, "mu": [1.711539401869386, 4.799537856692957, 1.229340446977699], "Sigma": [[0.026862210972979556, -0.0015875603660560037, -0.042442055507067734], [-0.0015875603660560039, 0.0029168705225400076, 0.0035083054155663463], [-0.04244205550706773, 0.0035083054155663454, 0.06914946469479513]], "chi2_level": 0.95, "chi2_df": 3, "chi2_threshold": 7.814727903251179, "N_raw": 6, "N_roi": 6, "N_inlier": 6, "refit": true}
{"timestamp": "11:55:36.683260", "frame": 117, "mu": [1.7034038713118203, 4.917698405970558, 1.3024010615371358], "Sigma": [[0.007943495965219509, 0.0034475118465676783, -0.01267088906779478], [0.0034475118465676783, 0.0017717690010722155, -0.005334259725519284], [-0.01267088906779478, -0.005334259725519284, 0.021708086857195653]], "chi2_level": 0.95, "chi2_df": 3, "chi2_threshold": 7.814727903251179, "N_raw": 5, "N_roi": 5, "N_inlier": 5, "refit": true}
