{"timestamp": "12:41:11.276978", "frame": 28, "mu": [-2.36955559553181, 4.894837404549319, 0.4787626027255855], "Sigma": [[0.006173562699875318, 0.0011822210786424407, -0.005777749004396905], [0.0011822210786424407, 0.0015554049792631758, -0.0017556395109197924], [-0.005777749004396905, -0.0017556395109197924, 0.00911212574241782]], "chi2_level": 0.95, "chi2_df": 3, "chi2_threshold": 7.814727903251179, "N_raw": 22, "N_roi": 13, "N_inlier": 12, "refit": true}
{"timestamp": "12:41:11.388611", "frame": 30, "mu": [-2.308672052916495, 4.830890557679098, 0.6559932208122046], "Sigma": [[0.011679684390151853, 0.0035215320427973264, -0.01165172377844392], [0.0035215320427973264, 0.0019228018896049312, -0.006795016993093212], [-0.01165172377844392, -0.006795016993093213, 0.030772876570461752]], "chi2_level": 0.95, "chi2_df": 3, "chi2_threshold": 7.814727903251179, "N_raw": 21, "N_roi": 20, "N_inlier": 19, "refit": true}
{"timestamp": "12:41:11.495763", "frame": 32, "mu": [-2.2786711199243874, 4.753744694517574, 0.9079623191949336], "Sigma": [[0.010388282792277532, 0.0023733381344004916, -0.0035022105117285176], [0.0023733381344004916, 0.0011980988317918505, -0.00283245607087797], [-0.0035022105117285176, -0.00283245607087797, 0.013795321787236943]], "chi2_level": 0.95, "chi2_df": 3, "chi2_threshold": 7.814727903251179, "N_raw": 14, "N_roi": 12, "N_inlier": 11, "refit": true}
{"timestamp": "12:41:11.552594", "frame": 33, "mu": [-2.2747650153261265, 4.703672543933494, 0.7654359330399279], "Sigma": [[0.011601287180152655, 0.0026036438606276847, -0.011393747142782813], [0.0026036438606276847, 0.0027334227369905364, -0.00629951714375047], [-0.011393747142782813, -0.006299517143750469, 0.021481195608997836]], "chi2_level": 0.95, "chi2_df": 3, "chi2_threshold": 7.814727903251179, "N_raw": 32, "N_roi": 25, "N_inlier": 25, "refit": true}
{"timestamp": "12:41:11.608919", "frame": 34, "mu": [-2.3317881093313764, 4.827182614060117, 0.03626967135478351], "Sigma": [[0.005838156277280832, 0.001304177754780584, -0.0022874164106386177], [0.001304177754780584, 0.003785949583071179, -0.004660147200507719], [-0.0022874164106386177, -0.004660147200507719, 0.008481388012227397]], "chi2_level": 0.95, "chi2_df": 3, "chi2_threshold": 7.814727903251179, "N_raw": 24, "N_roi": 16, "N_inlier": 16, "refit": true}
{"timestamp": "12:41:11.663038", "frame": 35, "mu": [-2.365951877536393, 4.6717535970974335, 0.6923244417137407], "Sigma": [[0.004892823201121049, 0.0010743397398227696, -0.00027612750364073657], [0.0010743397398227696, 0.0010153149911066941, -0.0002767076237131797], [-0.00027612750364073657, -0.0002767076237131797, 7.65631205149344e-05]], "chi2_level": 0.95, "chi2_df": 3, "chi2_threshold": 7.814727903251179, "N_raw": 14, "N_roi": 9, "N_inlier": 8, "refit": true}
{"timestamp": "12:41:11.718565", "frame": 36, "mu": [-2.2754872842464575, 4.6376910111706975, 0.6342734239062113], "Sigma": [[0.01659362596535193, 0.0032361779751825335, -0.012882921116523867], [0.003236177975182533, 0.001711874855418268, -0.003398253306558705], [-0.012882921116523867, -0.003398253306558705, 0.01310415731567034]], "chi2_level": 0.95, "chi2_df": 3, "chi2_threshold": 7.814727903251179, "N_raw": 25, "N_roi": 20, "N_inlier": 18, "refit": true}
{"timestamp": "12:41:11.776310", "frame": 37, "mu": [-2.345901717643059, 4.560950190681153, 0.8964388023575087], "Sigma": [[0.008204285083220117, 0.0030530095719427893, -0.004598885988242544], [0.0030530095719427893, 0.003535000299881323, -0.003148427076139191], [-0.004598885988242544, -0.003148427076139191, 0.00627791730982085]], "chi2_level": 0.95, "chi2_df": 3, "chi2_threshold": 7.814727903251179, "N_raw": 38, "N_roi": 17, "N_inlier": 16, "refit": true}
{"timestamp": "12:41:11.995719", "frame": 41, "mu": [-2.2745490595028404, 4.416758901498753, 0.7593784108498929], "Sigma": [[0.017153397442044475, 0.003804810588108978, -0.020122945846883483], [0.0038048105881089787, 0.0013100407205582267, -0.004912651446502809], [-0.020122945846883483, -0.004912651446502809, 0.06411199182363261]], "chi2_level": 0.95, "chi2_df": 3, "chi2_threshold": 7.814727903251179, "N_raw": 39, "N_roi": 28, "N_inlier": 27, "refit": true}
{"timestamp": "12:41:12.047285", "frame": 42, "mu": [-2.28209818550829, 4.372485090811453, 0.8327911824621991], "Sigma": [[0.01102634937231257, 0.0030488606827921427, -0.0004811323534368228], [0.0030488606827921427, 0.00137286985324512, -0.0013881036382568785], [-0.00048113235343682234, -0.0013881036382568782, 0.01438362722850101]], "chi2_level": 0.95, "chi2_df": 3, "chi2_threshold": 7.814727903251179, "N_raw": 11, "N_roi": 10, "N_inlier": 10, "refit": true}
{"timestamp": "12:41:12.103279", "frame": 43, "mu": [-2.238903629546753, 4.317485832435048, 0.5386097285965465], "Sigma": [[0.018494989638891218, 0.004456612766198017, -0.012927696175295433], [0.004456612766198018, 0.002019580292979948, -0.003819801130434444], [-0.012927696175295433, -0.003819801130434444, 0.012906935986727808]], "chi2_level": 0.95, "chi2_df": 3, "chi2_threshold": 7.814727903251179, "N_raw": 22, "N_roi": 19, "N_inlier": 19, "refit": true}
{"timestamp": "12:41:12.156812", "frame": 44, "mu": [-2.2351948293287665, 4.301241557802216, 0.8414794116831842], "Sigma": [[0.0063466173022003036, 0.0004648150413762664, -0.002627168512751109], [0.0004648150413762663, 0.0017212059004565452, -0.007577061286986939], [-0.002627168512751109, -0.007577061286986939, 0.0456432397749191]], "chi2_level": 0.95, "chi2_df": 3, "chi2_threshold": 7.814727903251179, "N_raw": 8, "N_roi": 5, "N_inlier": 5, "refit": true}
{"timestamp": "12:41:12.211137", "frame": 45, "mu": [-2.2386059849431814, 4.245935365595163, 0.8243318169282015], "Sigma": [[0.004085300614345511, 0.0020116841079510384, -0.005898738389875962], [0.0020116841079510384, 0.0026269740121193774, -0.0097662740362251], [-0.005898738389875962, -0.0097662740362251, 0.07340691060306535]], "chi2_level": 0.95, "chi2_df": 3, "chi2_threshold": 7.814727903251179, "N_raw": 5, "N_roi": 5, "N_inlier": 5, "refit": true}
{"timestamp": "12:41:12.321172", "frame": 47, "mu": [-2.374787230907499, 4.0968475156664175, 1.1218322358611015], "Sigma": [[0.00015303939952569846, -0.0002781936732267813, 0.0007290199109870939], [-0.00027819367322678127, 0.0030605947769044677, -0.013469841638449432], [0.0007290199109870939, -0.013469841638449432, 0.08350731756282095]], "chi2_level": 0.95, "chi2_df": 3, "chi2_threshold": 7.814727903251179, "N_raw": 6, "N_roi": 6, "N_inlier": 6, "refit": true}
{"timestamp": "12:41:12.377078", "frame": 48, "mu": [-2.0341919467188982, 3.6848913903381115, 0.028937300726355558], "Sigma": [[0.6182732451205941, -1.0528314296421342, -0.06511143369934433], [-1.0528314296421342, 1.8151926525977202, 0.09413805688514032], [-0.06511143369934433, 0.09413805688514033, 0.06729940371430392]], "chi2_level": 0.95, "chi2_df": 3, "chi2_threshold": 7.814727903251179, "N_raw": 7, "N_roi": 6, "N_inlier": 6, "refit": true}
{"timestamp": "12:41:12.435102", "frame": 49, "mu": [-2.2540402196335676, 4.064557884985258, 0.7824447119625966], "Sigma": [[0.017210357008102143, 0.005203218946847906, -0.0009804388619187566], [0.005203218946847906, 0.002258542466338501, -0.002490995072763538], [-0.000980438861918756, -0.002490995072763538, 0.014549860046039078]], "chi2_level": 0.95, "chi2_df": 3, "chi2_threshold": 7.814727903251179, "N_raw": 30, "N_roi": 27, "N_inlier": 25, "refit": true}
{"timestamp": "12:41:12.494211", "frame": 50, "mu": [-2.2858707293510334, 4.011100143589907, 0.7696008650351853], "Sigma": [[0.01886693929231046, 0.004642331677368673, 0.0031186739142330423], [0.004642331677368673, 0.0018697349088786254, -0.00272101291597266], [0.0031186739142330423, -0.00272101291597266, 0.05182992139006119]], "chi2_level": 0.95, "chi2_df": 3, "chi2_threshold": 7.814727903251179, "N_raw": 55, "N_roi": 42, "N_inlier": 40, "refit": true}
{"timestamp": "12:41:12.545981", "frame": 51, "mu": [-2.3472675977661104, 3.963714481976482, 0.6771096469666672], "Sigma": [[0.008295233058579007, 0.0008080235505632741, 0.002126242742135182], [0.0008080235505632738, 0.0009881250204319268, -0.0008852409406381723], [0.002126242742135182, -0.0008852409406381724, 0.02480406642305477]], "chi2_level": 0.95, "chi2_df": 3, "chi2_threshold": 7.814727903251179, "N_raw": 31, "N_roi": 19, "N_inlier": 18, "refit": true}
{"timestamp": "12:41:12.599953", "frame": 52, "mu": [-2.2645974950210963, 3.9473781447529754, 0.9515939655828428], "Sigma": [[0.02305017139490227, 0.006001369996151097, -0.0005935938455193836], [0.006001369996151097, 0.0031364544340748766, -0.0016634379157435186], [-0.0005935938455193831, -0.0016634379157435186, 0.017179236184345532]], "chi2_level": 0.95, "chi2_df": 3, "chi2_threshold": 7.814727903251179, "N_raw": 35, "N_roi": 29, "N_inlier": 28, "refit": true}
{"timestamp": "12:41:12.657912", "frame": 53, "mu": [-2.2899266285443227, 3.882201170103473, 0.8440181516136255], "Sigma": [[0.016240276018484566, 0.006649507099412484, 0.0034281464617210745], [0.006649507099412484, 0.005101120535792941, 0.012589857500662813], [0.003428146461721073, 0.012589857500662816, 0.2746054793828014]], "chi2_level": 0.95, "chi2_df": 3, "chi2_threshold": 7.814727903251179, "N_raw": 44, "N_roi": 39, "N_inlier": 39, "refit": true}
{"timestamp": "12:41:12.712342", "frame": 54, "mu": [-2.2985194972443157, 4.006816157897928, -0.06807930660673057], "Sigma": [[0.015415354296917675, 0.0040569871871783125, 0.006428796610589905], [0.0040569871871783125, 0.012412357036285395, -0.031195453439797106], [0.006428796610589905, -0.03119545343979711, 0.12925898482906942]], "chi2_level": 0.95, "chi2_df": 3, "chi2_threshold": 7.814727903251179, "N_raw": 41, "N_roi": 36, "N_inlier": 35, "refit": true}
{"timestamp": "12:41:12.768126", "frame": 55, "mu": [-2.2503063560435934, 3.8148209659350747, 0.9995727681952298], "Sigma": [[0.02499598698129278, 0.010852775938075033, -0.009411143065031257], [0.010852775938075033, 0.007009979480373637, -0.006086230128613659], [-0.009411143065031257, -0.006086230128613659, 0.008227122188585767]], "chi2_level": 0.95, "chi2_df": 3, "chi2_threshold": 7.814727903251179, "N_raw": 51, "N_roi": 36, "N_inlier": 34, "refit": true}
{"timestamp": "12:41:12.820450", "frame": 56, "mu": [-2.293988344924298, 3.7355626561842654, 1.0294709972280351], "Sigma": [[0.01576643236680076, 0.006527871660392548, -0.009528702450117008], [0.006527871660392549, 0.005049439748813126, -0.0065665463077770915], [-0.009528702450117008, -0.0065665463077770915, 0.012363595030081614]], "chi2_level": 0.95, "chi2_df": 3, "chi2_threshold": 7.814727903251179, "N_raw": 37, "N_roi": 31, "N_inlier": 30, "refit": true}
{"timestamp": "12:41:12.872785", "frame": 57, "mu": [-2.370884626925941, 3.6729059965678235, 0.9314879499299735], "Sigma": [[0.006361395311667263, 0.003009964793724793, -0.00202138768138906], [0.0030099647937247933, 0.003031527075139542, -0.0032300423774729676], [-0.00202138768138906, -0.0032300423774729676, 0.004654665417654385]], "chi2_level": 0.95, "chi2_df": 3, "chi2_threshold": 7.814727903251179, "N_raw": 12, "N_roi": 11, "N_inlier": 10, "refit": true}
{"timestamp": "12:41:12.987535", "frame": 59, "mu": [-2.3420300035898123, 3.624495744313812, 1.0016593369529938], "Sigma": [[0.01094483649769762, 0.003963774381386789, -0.00836615690830463], [0.003963774381386789, 0.002380330013613649, -0.006624445467084492], [-0.008366156908304632, -0.006624445467084492, 0.02601882564938386]], "chi2_level": 0.95, "chi2_df": 3, "chi2_threshold": 7.814727903251179, "N_raw": 49, "N_roi": 26, "N_inlier": 25, "refit": true}
{"timestamp": "12:41:13.040756", "frame": 60, "mu": [-2.3464236105910388, 3.7014266864484378, 0.11195336605536309], "Sigma": [[0.009061321822706253, 0.004893039587890072, -0.006100136479438658], [0.004893039587890072, 0.0047378439066642734, -0.0061469549669611965], [-0.006100136479438658, -0.0061469549669611965, 0.008986467175941903]], "chi2_level": 0.95, "chi2_df": 3, "chi2_threshold": 7.814727903251179, "N_raw": 37, "N_roi": 17, "N_inlier": 16, "refit": true}
{"timestamp": "12:41:13.096775", "frame": 61, "mu": [-2.332618240277941, 3.580917858439908, 1.022353957746314], "Sigma": [[0.011253038972533757, 0.0031621301336918193, -0.00413072083687649], [0.0031621301336918193, 0.0034602269247452615, -0.005133663432771893], [-0.00413072083687649, -0.005133663432771893, 0.012174363446583918]], "chi2_level": 0.95, "chi2_df": 3, "chi2_threshold": 7.814727903251179, "N_raw": 41, "N_roi": 30, "N_inlier": 29, "refit": true}
{"timestamp": "12:41:13.148098", "frame": 62, "mu": [-2.2980279437386937, 3.5656940529100316, 1.102285757397121], "Sigma": [[0.008027145690673495, 0.00042005876858108653, -0.005812297771398066], [0.0004200587685810866, 0.0017910178450394165, -0.00047966927136247926], [-0.005812297771398066, -0.00047966927136247937, 0.005505234864367363]], "chi2_level": 0.95, "chi2_df": 3, "chi2_threshold": 7.814727903251179, "N_raw": 16, "N_roi": 12, "N_inlier": 12, "refit": true}
{"timestamp": "12:41:13.207697", "frame": 63, "mu": [-2.3511515129694645, 3.494604446457979, 1.0621752082803289], "Sigma": [[0.010472037007519936, 0.004383724112584064, -0.0036831864576460363], [0.004383724112584065, 0.004079620846486021, -0.006452350199197208], [-0.0036831864576460363, -0.006452350199197208, 0.016733206266746174]], "chi2_level": 0.95, "chi2_df": 3, "chi2_threshold": 7.814727903251179, "N_raw": 43, "N_roi": 28, "N_inlier": 27, "refit": true}
{"timestamp": "12:41:13.257711", "frame": 64, "mu": [-2.339028918151051, 3.501557509888887, 0.9912096123034373], "Sigma": [[0.006894352038536625, 0.002355501691298022, -0.0016247192776046966], [0.002355501691298022, 0.002879991316784466, -0.0017556654523280223], [-0.0016247192776046968, -0.001755665452328022, 0.0012399746341709842]], "chi2_level": 0.95, "chi2_df": 3, "chi2_threshold": 7.814727903251179, "N_raw": 17, "N_roi": 16, "N_inlier": 14, "refit": true}
{"timestamp": "12:41:13.316434", "frame": 65, "mu": [-2.3262152309315374, 3.451466926618594, 1.0650970481970996], "Sigma": [[0.011069364645194155, 0.004972759410870131, -0.010866487271010562], [0.0049727594108701315, 0.003333998905464622, -0.00686691847997227], [-0.010866487271010562, -0.00686691847997227, 0.018463504015957838]], "chi2_level": 0.95, "chi2_df": 3, "chi2_threshold": 7.814727903251179, "N_raw": 41, "N_roi": 21, "N_inlier": 19, "refit": true}
{"timestamp": "12:41:13.366859", "frame": 66, "mu": [-2.3930052037471183, 3.39552452187693, 0.9186264362272212], "Sigma": [[0.0006361619765242883, 5.331163326351405e-05, -0.0007537827464494204], [5.331163326351405e-05, 0.00368744779746212, -0.008424559682230836], [-0.0007537827464494204, -0.008424559682230836, 0.03474136162237932]], "chi2_level": 0.95, "chi2_df": 3, "chi2_threshold": 7.814727903251179, "N_raw": 5, "N_roi": 5, "N_inlier": 5, "refit": true}
{"timestamp": "12:41:13.424587", "frame": 67, "mu": [-2.3024295571214966, 3.3430514483502765, 0.6917082402679992], "Sigma": [[0.013503895854897157, 0.003182894076039937, -0.010534473715417245], [0.003182894076039937, 0.0019358739413024653, -0.0035286757618015344], [-0.010534473715417245, -0.0035286757618015344, 0.012320049026144126]], "chi2_level": 0.95, "chi2_df": 3, "chi2_threshold": 7.814727903251179, "N_raw": 25, "N_roi": 22, "N_inlier": 20, "refit": true}
{"timestamp": "12:41:13.478748", "frame": 68, "mu": [-2.368109291937459, 3.260879220104954, 0.8929152498922461], "Sigma": [[0.002958538967373419, 0.0004375741999753244, -0.0015362459796013994], [0.00043757419997532453, 0.0015447523218926312, -0.008073938249858727], [-0.0015362459796013994, -0.008073938249858727, 0.043401618637171645]], "chi2_level": 0.95, "chi2_df": 3, "chi2_threshold": 7.814727903251179, "N_raw": 18, "N_roi": 6, "N_inlier": 5, "refit": true}
{"timestamp": "12:41:13.532343", "frame": 69, "mu": [-2.322716091340707, 3.4484031223349683, -0.3296464964126197], "Sigma": [[0.009437703434445638, 0.005282699750621582, -0.006947204296890716], [0.005282699750621582, 0.003930656336844205, -0.004259007157232935], [-0.006947204296890716, -0.004259007157232935, 0.006131721829449455]], "chi2_level": 0.95, "chi2_df": 3, "chi2_threshold": 7.814727903251179, "N_raw": 17, "N_roi": 13, "N_inlier": 11, "refit": true}
{"timestamp": "12:41:13.592795", "frame": 70, "mu": [-2.324743601635629, 3.149056303249047, 0.869235456446129], "Sigma": [[0.009609677065116161, 0.0045070837919208556, -0.012983565484435656], [0.0045070837919208556, 0.0029774004621275748, -0.009920030773020687], [-0.012983565484435656, -0.009920030773020687, 0.056397568254191316]], "chi2_level": 0.95, "chi2_df": 3, "chi2_threshold": 7.814727903251179, "N_raw": 47, "N_roi": 33, "N_inlier": 32, "refit": true}
{"timestamp": "12:41:13.644154", "frame": 71, "mu": [-2.334916633453523, 3.285248493205919, -0.1630157513491442], "Sigma": [[0.0023936373987706004, 0.0018822510635093826, -0.0014771183193887625], [0.001882251063509382, 0.009372538267199247, -0.012764178310290175], [-0.0014771183193887628, -0.012764178310290175, 0.01886377366781049]], "chi2_level": 0.95, "chi2_df": 3, "chi2_threshold": 7.814727903251179, "N_raw": 22, "N_roi": 7, "N_inlier": 6, "refit": true}
{"timestamp": "12:41:13.697365", "frame": 72, "mu": [-2.3859391860286205, 3.0060279824158727, 1.0463671667931331], "Sigma": [[0.003982261859742217, 0.005908218090762586, -0.01331226413110376], [0.005908218090762586, 0.011033299418662533, -0.02373956007491878], [-0.01331226413110376, -0.02373956007491878, 0.053564393016023774]], "chi2_level": 0.95, "chi2_df": 3, "chi2_threshold": 7.814727903251179, "N_raw": 12, "N_roi": 6, "N_inlier": 6, "refit": true}
{"timestamp": "12:41:13.755434", "frame": 73, "mu": [-2.358070700953189, 2.979650947601395, 1.174487101885399], "Sigma": [[0.0046415762406892035, 0.0038679216992301172, -0.01238240829444179], [0.0038679216992301164, 0.004984018362551568, -0.013226167192514321], [-0.01238240829444179, -0.013226167192514321, 0.043738889124061556]], "chi2_level": 0.95, "chi2_df": 3, "chi2_threshold": 7.814727903251179, "N_raw": 25, "N_roi": 10, "N_inlier": 10, "refit": true}
{"timestamp": "12:41:13.806740", "frame": 74, "mu": [-2.1989948316603165, 2.980158135754486, 0.9452918344679406], "Sigma": [[0.010956717563417684, -0.004489789718490502, -0.0026348815058865245], [-0.004489789718490502, 0.0024532987911487472, 0.0014849578043836327], [-0.002634881505886525, 0.001484957804383633, 0.0013515094218135805]], "chi2_level": 0.95, "chi2_df": 3, "chi2_threshold": 7.814727903251179, "N_raw": 6, "N_roi": 6, "N_inlier": 5, "refit": true}
{"timestamp": "12:41:13.862206", "frame": 75, "mu": [-2.1914868791792994, 2.791381277772995, 0.7805847779844065], "Sigma": [[0.03471953361981559, -0.021041495856994195, -0.05358210011845274], [-0.021041495856994195, 0.014092040798589155, 0.03356635925586865], [-0.05358210011845274, 0.03356635925586865, 0.09054058752853218]], "chi2_level": 0.95, "chi2_df": 3, "chi2_threshold": 7.814727903251179, "N_raw": 7, "N_roi": 7, "N_inlier": 6, "refit": true}
{"timestamp": "12:41:14.136715", "frame": 80, "mu": [-2.3983027137117747, 2.716480620363691, 0.8768601889764764], "Sigma": [[0.004703686405674901, 0.001862326076300499, 0.01432060667088617], [0.001862326076300499, 0.0008653854644210499, 0.005382680500624635], [0.01432060667088617, 0.005382680500624635, 0.045449087952054906]], "chi2_level": 0.95, "chi2_df": 3, "chi2_threshold": 7.814727903251179, "N_raw": 8, "N_roi": 5, "N_inlier": 5, "refit": true}
{"timestamp": "12:41:14.193464", "frame": 81, "mu": [-2.391080145923411, 2.6801791239520605, 1.2219876272399075], "Sigma": [[0.004111541016370988, 0.002240112900573035, -0.0014369892882245415], [0.002240112900573035, 0.005170844857044697, -0.0024321963566761896], [-0.0014369892882245415, -0.0024321963566761896, 0.0012979260192298562]], "chi2_level": 0.95, "chi2_df": 3, "chi2_threshold": 7.814727903251179, "N_raw": 26, "N_roi": 15, "N_inlier": 14, "refit": true}
{"timestamp": "12:41:14.308563", "frame": 83, "mu": [-2.344941143317582, 2.493109857884237, 1.1718647410739547], "Sigma": [[0.008868402908147855, 0.004965122175721422, -0.0036220446883440194], [0.0049651221757214216, 0.006477186337943389, -0.00433366532029824], [-0.0036220446883440194, -0.00433366532029824, 0.004056866386837663]], "chi2_level": 0.95, "chi2_df": 3, "chi2_threshold": 7.814727903251179, "N_raw": 61, "N_roi": 27, "N_inlier": 26, "refit": true}
{"timestamp": "12:41:14.364412", "frame": 84, "mu": [-2.398272617309051, 2.563388866562632, -0.17058643570977844], "Sigma": [[0.00498874111398504, 0.004777588527707148, -0.002311562619078237], [0.004777588527707148, 0.008525271489691925, -0.0034279445866640702], [-0.0023115626190782375, -0.0034279445866640702, 0.002125478958518666]], "chi2_level": 0.95, "chi2_df": 3, "chi2_threshold": 7.814727903251179, "N_raw": 58, "N_roi": 14, "N_inlier": 13, "refit": true}
{"timestamp": "12:41:14.413921", "frame": 85, "mu": [-2.410387990313256, 2.5742391443985095, -0.2902791050171721], "Sigma": [[0.0006884169766180139, 0.0029961548236732563, -0.0036404519592310573], [0.0029961548236732563, 0.016152387651171465, -0.019174569793030224], [-0.0036404519592310573, -0.019174569793030224, 0.023041050867547493]], "chi2_level": 0.95, "chi2_df": 3, "chi2_threshold": 7.814727903251179, "N_raw": 25, "N_roi": 6, "N_inlier": 5, "refit": true}
{"timestamp": "12:41:14.473954", "frame": 86, "mu": [-2.3740003233366314, 2.549640217201507, -0.4084260134936974], "Sigma": [[0.0005356991714674121, 0.0005113942955886077, -4.680850819083638e-05], [0.0005113942955886076, 0.01422072536899465, -0.022101059936953237], [-4.680850819083649e-05, -0.022101059936953237, 0.03833088163807888]], "chi2_level": 0.95, "chi2_df": 3, "chi2_threshold": 7.814727903251179, "N_raw": 33, "N_roi": 7, "N_inlier": 6, "refit": true}
{"timestamp": "12:41:14.525894", "frame": 87, "mu": [-2.3004495644212968, 2.396848583256892, 0.8125545959371859], "Sigma": [[0.009160684273427417, 0.0033531907389025215, -0.0069847583862372884], [0.0033531907389025215, 0.0030668667032900986, -0.004784720706505107], [-0.0069847583862372884, -0.004784720706505107, 0.011570456930297708]], "chi2_level": 0.95, "chi2_df": 3, "chi2_threshold": 7.814727903251179, "N_raw": 37, "N_roi": 27, "N_inlier": 26, "refit": true}
{"timestamp": "12:41:14.585620", "frame": 88, "mu": [-2.333707197606062, 2.5299139420950953, -0.6270584750824001], "Sigma": [[0.010226131641391356, 0.008077556295145798, -0.006050975144917297], [0.008077556295145796, 0.012613824811888595, -0.010711367023195202], [-0.006050975144917296, -0.010711367023195202, 0.010375741537037237]], "chi2_level": 0.95, "chi2_df": 3, "chi2_threshold": 7.814727903251179, "N_raw": 74, "N_roi": 40, "N_inlier": 38, "refit": true}
{"timestamp": "12:41:14.647575", "frame": 89, "mu": [-2.312771292562807, 2.292654173628756, -1.114363995412653], "Sigma": [[0.013743948694683364, 0.013786121114502716, 0.0013364320507889805], [0.013786121114502716, 0.02473707403280464, 0.004986590782148043], [0.0013364320507889811, 0.004986590782148044, 0.05877606604634832]], "chi2_level": 0.95, "chi2_df": 3, "chi2_threshold": 7.814727903251179, "N_raw": 115, "N_roi": 59, "N_inlier": 58, "refit": true}
{"timestamp": "12:41:14.696362", "frame": 90, "mu": [-2.3270285816911285, 2.477725535838658, -0.44977478054248476], "Sigma": [[0.01010699920083538, 0.009143072829282046, -0.0103842666328516], [0.009143072829282046, 0.011548289826969295, -0.011501795245014627], [-0.010384266632851599, -0.011501795245014627, 0.013034762370518354]], "chi2_level": 0.95, "chi2_df": 3, "chi2_threshold": 7.814727903251179, "N_raw": 63, "N_roi": 25, "N_inlier": 23, "refit": true}
{"timestamp": "12:41:14.747979", "frame": 91, "mu": [-2.3762632219748205, 2.1634263193449637, 0.9828926737619833], "Sigma": [[0.004371856767264208, 0.0029150242460523924, -0.008295206919271698], [0.0029150242460523924, 0.008020938676565025, -0.012837797423237103], [-0.008295206919271698, -0.012837797423237103, 0.030446917511991828]], "chi2_level": 0.95, "chi2_df": 3, "chi2_threshold": 7.814727903251179, "N_raw": 47, "N_roi": 14, "N_inlier": 12, "refit": true}
{"timestamp": "12:41:14.804456", "frame": 92, "mu": [-2.321835015017485, 2.076566546240239, 0.8427461992291473], "Sigma": [[0.01274691208411332, 0.010598131722819511, -0.016882911213136807], [0.010598131722819511, 0.013340059071666958, -0.02502814528716118], [-0.016882911213136807, -0.02502814528716118, 0.057992255105411075]], "chi2_level": 0.95, "chi2_df": 3, "chi2_threshold": 7.814727903251179, "N_raw": 61, "N_roi": 35, "N_inlier": 33, "refit": true}
{"timestamp": "12:41:14.855003", "frame": 93, "mu": [-2.368270633054258, 2.0345692167306964, 1.0342054229183208], "Sigma": [[0.0060095784406273495, 0.005731041512072648, -0.008818072495252044], [0.005731041512072648, 0.006365933255211562, -0.010717531872445172], [-0.008818072495252044, -0.010717531872445172, 0.024286489709189257]], "chi2_level": 0.95, "chi2_df": 3, "chi2_threshold": 7.814727903251179, "N_raw": 30, "N_roi": 14, "N_inlier": 13, "refit": true}
{"timestamp": "12:41:14.909817", "frame": 94, "mu": [-2.3339864659929592, 1.9473964570388733, 0.7746730646409133], "Sigma": [[0.015530727522476213, 0.010324858178929933, -0.0068173300090270785], [0.010324858178929933, 0.008929950448871455, -0.010998434393461032], [-0.006817330009027078, -0.010998434393461032, 0.029884825995111094]], "chi2_level": 0.95, "chi2_df": 3, "chi2_threshold": 7.814727903251179, "N_raw": 32, "N_roi": 8, "N_inlier": 8, "refit": true}
{"timestamp": "12:41:14.968680", "frame": 95, "mu": [-2.3891484737049113, 1.8150734267550532, 1.103788581157015], "Sigma": [[0.0064296487484997444, 0.006877142410346246, -0.00759029773132514], [0.006877142410346246, 0.019371402192531813, -0.021440707972372963], [-0.00759029773132514, -0.021440707972372963, 0.04237812247559189]], "chi2_level": 0.95, "chi2_df": 3, "chi2_threshold": 7.814727903251179, "N_raw": 58, "N_roi": 39, "N_inlier": 39, "refit": true}
{"timestamp": "12:41:15.023447", "frame": 96, "mu": [-2.3805235943628706, 1.7023508770902969, 1.2397359100311394], "Sigma": [[0.005477669055531819, 0.0053670583946480305, -0.005117052630404274], [0.0053670583946480305, 0.017410275943118305, -0.014367228206790383], [-0.005117052630404274, -0.014367228206790383, 0.013898648417622157]], "chi2_level": 0.95, "chi2_df": 3, "chi2_threshold": 7.814727903251179, "N_raw": 60, "N_roi": 39, "N_inlier": 36, "refit": true}
{"timestamp": "12:41:15.076950", "frame": 97, "mu": [-2.37140452435137, 1.6580236570693394, 1.2737195629440023], "Sigma": [[0.007542592676168521, 0.005427675232568076, -0.0065155519201877485], [0.005427675232568077, 0.014703724774016788, -0.007172368146165814], [-0.006515551920187748, -0.007172368146165814, 0.007281615515646666]], "chi2_level": 0.95, "chi2_df": 3, "chi2_threshold": 7.814727903251179, "N_raw": 45, "N_roi": 32, "N_inlier": 30, "refit": true}
{"timestamp": "12:41:15.131518", "frame": 98, "mu": [-2.3482784105910635, 1.5713142372036275, 1.2521333246782522], "Sigma": [[0.00924703198455998, 0.0055111359218063035, -0.004955821272312911], [0.0055111359218063035, 0.009642622540023876, -0.007415267341860934], [-0.004955821272312911, -0.007415267341860934, 0.006812795188151264]], "chi2_level": 0.95, "chi2_df": 3, "chi2_threshold": 7.814727903251179, "N_raw": 44, "N_roi": 33, "N_inlier": 31, "refit": true}
{"timestamp": "12:41:15.186551", "frame": 99, "mu": [-2.3117375618309617, 1.4745094618777477, 1.1376716423962188], "Sigma": [[0.011545161506354682, 0.004261949131792494, -0.013052712515913294], [0.004261949131792494, 0.011930213749459519, -0.006906257161459487], [-0.013052712515913292, -0.006906257161459487, 0.016892201304124617]], "chi2_level": 0.95, "chi2_df": 3, "chi2_threshold": 7.814727903251179, "N_raw": 45, "N_roi": 42, "N_inlier": 39, "refit": true}
{"timestamp": "12:41:15.294378", "frame": 100, "mu": [-2.3675050975170047, 1.4471479130342184, 1.198679647021915], "Sigma": [[0.006434278364678946, 0.0039372745521531055, -0.003942612572470827], [0.0039372745521531055, 0.015724241143208893, -0.011218487001395935], [-0.003942612572470827, -0.011218487001395935, 0.010579647688170908]], "chi2_level": 0.95, "chi2_df": 3, "chi2_threshold": 7.814727903251179, "N_raw": 53, "N_roi": 42, "N_inlier": 41, "refit": true}
{"timestamp": "12:41:15.332571", "frame": 101, "mu": [-2.343146578876667, 1.37712772362749, 1.1982201081548909], "Sigma": [[0.0066869813024108445, 0.003868056567954796, -0.0060963814246300825], [0.0038680565679547955, 0.022238377224778123, -0.0020140609645751314], [-0.0060963814246300825, -0.0020140609645751314, 0.009330877201050157]], "chi2_level": 0.95, "chi2_df": 3, "chi2_threshold": 7.814727903251179, "N_raw": 43, "N_roi": 40, "N_inlier": 37, "refit": true}
{"timestamp": "12:41:15.350337", "frame": 102, "mu": [-2.2579295265457247, 1.4243302147098826, 1.1107620637211952], "Sigma": [[0.009873534969101256, -0.0022789704311222594, -0.01168852918290655], [-0.002278970431122259, 0.032717400593012314, 0.010974088753573193], [-0.01168852918290655, 0.010974088753573192, 0.018447091027862295]], "chi2_level": 0.95, "chi2_df": 3, "chi2_threshold": 7.814727903251179, "N_raw": 39, "N_roi": 39, "N_inlier": 39, "refit": true}
{"timestamp": "12:41:15.406874", "frame": 103, "mu": [-2.293711568420393, 1.2962559360663086, 1.103061623761499], "Sigma": [[0.010706564911189438, -0.0027618472207008296, -0.012150643817226782], [-0.0027618472207008287, 0.016193484791721995, 0.006261509424919395], [-0.012150643817226782, 0.006261509424919395, 0.015240032156652993]], "chi2_level": 0.95, "chi2_df": 3, "chi2_threshold": 7.814727903251179, "N_raw": 42, "N_roi": 39, "N_inlier": 36, "refit": true}
{"timestamp": "12:41:15.462552", "frame": 104, "mu": [-2.2953147551084485, 1.4198291281845896, 1.1364430667541587], "Sigma": [[0.007290557676727773, 0.002596728276655984, -0.006268553922522353], [0.0025967282766559845, 0.021511912804338538, -0.004065067881436827], [-0.006268553922522353, -0.004065067881436826, 0.009822643871720119]], "chi2_level": 0.95, "chi2_df": 3, "chi2_threshold": 7.814727903251179, "N_raw": 52, "N_roi": 50, "N_inlier": 47, "refit": true}
{"timestamp": "12:41:15.517253", "frame": 105, "mu": [-2.248473940170363, 1.2140248963686535, 1.0214662723437222], "Sigma": [[0.011431036465464723, 0.00899447784976795, -0.006000073380233126], [0.008994477849767951, 0.0217423503569163, -0.0063873412764649294], [-0.006000073380233126, -0.00638734127646493, 0.004101276964819407]], "chi2_level": 0.95, "chi2_df": 3, "chi2_threshold": 7.814727903251179, "N_raw": 48, "N_roi": 48, "N_inlier": 47, "refit": true}
{"timestamp": "12:41:15.575392", "frame": 106, "mu": [-2.216249257130906, 1.3404446418966633, 1.1263054293615167], "Sigma": [[0.02128028094757206, 0.0162773653079109, -0.012515830072689124], [0.0162773653079109, 0.02044842297256922, -0.014479154556462372], [-0.012515830072689124, -0.014479154556462372, 0.011809251648405012]], "chi2_level": 0.95, "chi2_df": 3, "chi2_threshold": 7.814727903251179, "N_raw": 70, "N_roi": 69, "N_inlier": 66, "refit": true}
{"timestamp": "12:41:15.628640", "frame": 107, "mu": [-2.2415618374914192, 1.2985867300363731, 1.0622405002479909], "Sigma": [[0.014926123759397872, 0.009527275337787716, -0.009434271404695157], [0.009527275337787716, 0.014825172031760809, -0.0113059973586284], [-0.009434271404695157, -0.0113059973586284, 0.010796307870719233]], "chi2_level": 0.95, "chi2_df": 3, "chi2_threshold": 7.814727903251179, "N_raw": 60, "N_roi": 60, "N_inlier": 59, "refit": true}
{"timestamp": "12:41:15.679551", "frame": 108, "mu": [-2.3250293886732947, 1.2319123054721164, 1.2927568362864565], "Sigma": [[0.007813216130393392, 0.008510235663466368, -0.005429559577522697], [0.008510235663466368, 0.013445882514680046, -0.009402177076537075], [-0.005429559577522696, -0.009402177076537075, 0.007512651195768904]], "chi2_level": 0.95, "chi2_df": 3, "chi2_threshold": 7.814727903251179, "N_raw": 30, "N_roi": 30, "N_inlier": 29, "refit": true}
{"timestamp": "12:41:15.737176", "frame": 109, "mu": [-2.2930961294933927, 1.2129235178497748, 1.0115279921984623], "Sigma": [[0.00826881774509453, 0.007175816142541416, -0.00076654006981837], [0.007175816142541416, 0.009474937034479129, -0.00759364391926181], [-0.0007665400698183701, -0.00759364391926181, 0.020991832949489385]], "chi2_level": 0.95, "chi2_df": 3, "chi2_threshold": 7.814727903251179, "N_raw": 49, "N_roi": 49, "N_inlier": 47, "refit": true}
{"timestamp": "12:41:15.790950", "frame": 110, "mu": [-2.319209287778611, 1.1360726708543036, 1.2545122599207426], "Sigma": [[0.00821497513545526, 0.007665639100172494, -0.005484402849734912], [0.007665639100172494, 0.014071962830374813, -0.010637231119664897], [-0.005484402849734912, -0.010637231119664897, 0.009781532630999621]], "chi2_level": 0.95, "chi2_df": 3, "chi2_threshold": 7.814727903251179, "N_raw": 36, "N_roi": 35, "N_inlier": 34, "refit": true}
{"timestamp": "12:41:15.846407", "frame": 111, "mu": [-2.336737428508837, 1.070495969239243, 1.0571212076730638], "Sigma": [[0.00750079804257268, 0.008888082304573108, -0.006720446364553014], [0.008888082304573108, 0.01142015410810507, -0.008738291022353316], [-0.006720446364553014, -0.008738291022353316, 0.04517488976410167]], "chi2_level": 0.95, "chi2_df": 3, "chi2_threshold": 7.814727903251179, "N_raw": 47, "N_roi": 46, "N_inlier": 44, "refit": true}
{"timestamp": "12:41:15.906488", "frame": 112, "mu": [-2.2724901704428238, 1.164660289194792, 0.8866400553684805], "Sigma": [[0.014809628492302404, 0.014183417452410384, -0.0066822034185303174], [0.014183417452410387, 0.018567507983729463, -0.01112032563722432], [-0.0066822034185303174, -0.01112032563722432, 0.009805346990755233]], "chi2_level": 0.95, "chi2_df": 3, "chi2_threshold": 7.814727903251179, "N_raw": 57, "N_roi": 55, "N_inlier": 53, "refit": true}
{"timestamp": "12:41:15.960976", "frame": 113, "mu": [-2.308002029634409, 1.1111506025522504, 1.0897383145499215], "Sigma": [[0.009525173173967718, 0.008283943880672379, 0.0039388528638265655], [0.008283943880672379, 0.012547849688071376, 0.005009201011871174], [0.0039388528638265655, 0.005009201011871174, 0.052073799908275716]], "chi2_level": 0.95, "chi2_df": 3, "chi2_threshold": 7.814727903251179, "N_raw": 70, "N_roi": 58, "N_inlier": 57, "refit": true}
{"timestamp": "12:41:16.013464", "frame": 114, "mu": [-2.2800410099939143, 1.0113415473545675, 1.1382384407353112], "Sigma": [[0.009341147708885235, 0.00977605400655827, -0.0023420513609202433], [0.00977605400655827, 0.016627328585651815, -0.011381846007256224], [-0.0023420513609202433, -0.011381846007256224, 0.021696446129671525]], "chi2_level": 0.95, "chi2_df": 3, "chi2_threshold": 7.814727903251179, "N_raw": 55, "N_roi": 55, "N_inlier": 54, "refit": true}
{"timestamp": "12:41:16.067444", "frame": 115, "mu": [-2.2162045082878574, 1.049755145541118, 1.0698869736456116], "Sigma": [[0.006272417018878893, 0.006372442045309991, -0.002113552420736111], [0.006372442045309991, 0.017505923008412298, -0.016999342112326205], [-0.002113552420736111, -0.016999342112326205, 0.02358134468044349]], "chi2_level": 0.95, "chi2_df": 3, "chi2_threshold": 7.814727903251179, "N_raw": 52, "N_roi": 52, "N_inlier": 50, "refit": true}
{"timestamp": "12:41:16.123132", "frame": 116, "mu": [-2.25468626010873, 1.038004814917839, 1.0580885100541275], "Sigma": [[0.008255902387172815, 0.008951731996657332, -0.00024773139406344784], [0.008951731996657334, 0.012089302988422562, -0.0048898104099164095], [-0.0002477313940634481, -0.0048898104099164095, 0.02971754106556813]], "chi2_level": 0.95, "chi2_df": 3, "chi2_threshold": 7.814727903251179, "N_raw": 57, "N_roi": 52, "N_inlier": 50, "refit": true}
{"timestamp": "12:41:16.178973", "frame": 117, "mu": [-2.238130844257986, 0.9766920164860918, 1.1024847897577579], "Sigma": [[0.012153707571286447, 0.011906237479133686, -0.004173015604889927], [0.011906237479133688, 0.017383441258989264, -0.011630218517654643], [-0.004173015604889927, -0.011630218517654643, 0.014687026127582825]], "chi2_level": 0.95, "chi2_df": 3, "chi2_threshold": 7.814727903251179, "N_raw": 58, "N_roi": 58, "N_inlier": 57, "refit": true}
{"timestamp": "12:41:16.226696", "frame": 118, "mu": [-2.1307660347029893, 0.9930339284102488, 1.1961976884016], "Sigma": [[0.008333877322130713, 0.011011529966272127, -0.006193508548837271], [0.011011529966272126, 0.016511562148447366, -0.009470178246931613], [-0.006193508548837272, -0.009470178246931615, 0.0057554046778240985]], "chi2_level": 0.95, "chi2_df": 3, "chi2_threshold": 7.814727903251179, "N_raw": 10, "N_roi": 10, "N_inlier": 10, "refit": true}
{"timestamp": "12:41:16.280356", "frame": 119, "mu": [-2.1375985691938895, 0.7874681438178917, 0.9629090169265788], "Sigma": [[0.0006419493210108007, 0.0010507825601190441, 0.0005525183829327944], [0.0010507825601190441, 0.0019134945968980745, 0.00019660466085552798], [0.0005525183829327943, 0.00019660466085552787, 0.00313213866068028]], "chi2_level": 0.95, "chi2_df": 3, "chi2_threshold": 7.814727903251179, "N_raw": 5, "N_roi": 5, "N_inlier": 5, "refit": true}
{"timestamp": "12:41:16.335908", "frame": 120, "mu": [-2.106054396196093, 0.858754059655092, 1.1251280359711897], "Sigma": [[0.005526491585138015, 0.006609490507422147, -0.004352888098479436], [0.006609490507422147, 0.009240194954644959, -0.006475654337613299], [-0.004352888098479436, -0.006475654337613299, 0.006403450599124962]], "chi2_level": 0.95, "chi2_df": 3, "chi2_threshold": 7.814727903251179, "N_raw": 12, "N_roi": 12, "N_inlier": 12, "refit": true}
{"timestamp": "12:41:16.448125", "frame": 122, "mu": [-2.0798804632383856, 0.8049741467035546, 1.115414264684123], "Sigma": [[0.007458885342652368, 0.0068409012457502655, -0.006332595855522313], [0.0068409012457502655, 0.011185386159808882, -0.008663172573879246], [-0.006332595855522313, -0.008663172573879246, 0.008163993724781625]], "chi2_level": 0.95, "chi2_df": 3, "chi2_threshold": 7.814727903251179, "N_raw": 27, "N_roi": 27, "N_inlier": 26, "refit": true}
{"timestamp": "12:41:16.504443", "frame": 123, "mu": [-2.0250018465949364, 0.9561166868012417, -0.6850574054686487], "Sigma": [[0.007075600773866456, 0.006125658909402844, -0.0024691758133708512], [0.006125658909402845, 0.011852334584506947, -0.0038250931106788904], [-0.002469175813370851, -0.0038250931106788913, 0.0023554836975801263]], "chi2_level": 0.95, "chi2_df": 3, "chi2_threshold": 7.814727903251179, "N_raw": 32, "N_roi": 32, "N_inlier": 29, "refit": true}
{"timestamp": "12:41:16.560637", "frame": 124, "mu": [-2.0157626825773627, 0.8812566678562923, -0.8263670247361224], "Sigma": [[0.007591715959940951, 0.006704801858566975, -0.003123404949114249], [0.006704801858566975, 0.013980226166999512, -0.007056781382588466], [-0.003123404949114249, -0.007056781382588466, 0.005009645526673574]], "chi2_level": 0.95, "chi2_df": 3, "chi2_threshold": 7.814727903251179, "N_raw": 42, "N_roi": 42, "N_inlier": 39, "refit": true}
{"timestamp": "12:41:16.616655", "frame": 125, "mu": [-1.2473185839301357, 0.5573565457108833, 1.0037473688766427], "Sigma": [[2.468488633277796, -0.05195730700198316, 0.06709256400806514], [-0.05195730700198316, 0.010519120691551224, -0.007079330192386266], [0.06709256400806515, -0.007079330192386267, 0.006479726230340211]], "chi2_level": 0.95, "chi2_df": 3, "chi2_threshold": 7.814727903251179, "N_raw": 46, "N_roi": 46, "N_inlier": 45, "refit": true}
{"timestamp": "12:41:16.720371", "frame": 127, "mu": [-1.9348164128836294, 0.7530537449089424, 1.0208154392195992], "Sigma": [[0.0005877096496359412, 5.09422913159831e-05, -0.00028306884664770646], [5.094229131598315e-05, 0.004736405823180643, -0.00019762802580671965], [-0.00028306884664770646, -0.00019762802580671954, 0.0005973244616088802]], "chi2_level": 0.95, "chi2_df": 3, "chi2_threshold": 7.814727903251179, "N_raw": 6, "N_roi": 6, "N_inlier": 6, "refit": true}
