{"timestamp": "12:31:56.638355", "frame": 1, "mu": [2.0890094587776558, 1.5853736658462383, 1.2811373225863467], "Sigma": [[0.00685069729108888, -0.0012703527398577022, -0.01043017672824302], [-0.0012703527398577024, 0.0025556141081628093, 0.00019120443972897388], [-0.01043017672824302, 0.00019120443972897388, 0.031363314622637806]], "chi2_level": 0.95, "chi2_df": 3, "chi2_threshold": 7.814727903251179, "N_raw": 11, "N_roi": 11, "N_inlier": 10, "refit": true}
{"timestamp": "12:31:56.752404", "frame": 3, "mu": [2.0984509696353117, 1.576374672323233, 1.2068249266326205], "Sigma": [[0.008140518019344139, -0.008694235094116974, -0.00055566104778943], [-0.008694235094116974, 0.01435554689415038, -0.004977788504520212], [-0.00055566104778943, -0.004977788504520212, 0.010279714657687632]], "chi2_level": 0.95, "chi2_df": 3, "chi2_threshold": 7.814727903251179, "N_raw": 39, "N_roi": 39, "N_inlier": 36, "refit": true}
{"timestamp": "12:31:56.808664", "frame": 4, "mu": [2.077124326267633, 1.578750345166924, 1.2648421034086275], "Sigma": [[0.0076735386445571764, -0.008004898577630218, -0.0018669825228080097], [-0.008004898577630218, 0.01258081784456454, -0.0010536247135425345], [-0.00186698252280801, -0.0010536247135425345, 0.0033118136347580233]], "chi2_level": 0.95, "chi2_df": 3, "chi2_threshold": 7.814727903251179, "N_raw": 31, "N_roi": 31, "N_inlier": 29, "refit": true}
{"timestamp": "12:31:56.860422", "frame": 5, "mu": [2.0431895648658367, 1.5806927565334394, 1.206809648319192], "Sigma": [[0.003691356658659285, -0.0004376872867363195, 6.391575305538967e-05], [-0.00043768728673631956, 0.0020927798556666455, -0.0008526502752277188], [6.391575305538964e-05, -0.0008526502752277188, 0.00047695085759669116]], "chi2_level": 0.95, "chi2_df": 3, "chi2_threshold": 7.814727903251179, "N_raw": 9, "N_roi": 9, "N_inlier": 8, "refit": true}
{"timestamp": "12:31:56.918163", "frame": 6, "mu": [2.0722356586280655, 1.5129282102491217, 1.284360316487973], "Sigma": [[0.00394504515601343, -0.0033223502825886495, -0.001722725113390403], [-0.0033223502825886486, 0.009666429086614546, -0.004090424537205144], [-0.001722725113390403, -0.004090424537205144, 0.009644383271425128]], "chi2_level": 0.95, "chi2_df": 3, "chi2_threshold": 7.814727903251179, "N_raw": 28, "N_roi": 28, "N_inlier": 25, "refit": true}
{"timestamp": "12:31:56.969647", "frame": 7, "mu": [2.0598110675206787, 1.5278180285849308, 1.2164639868395577], "Sigma": [[0.0015174029270055229, -0.002020169357087008, 0.0009497117261004683], [-0.002020169357087008, 0.006141517216593864, -0.005445676160548919], [0.0009497117261004684, -0.00544567616054892, 0.020635780664765183]], "chi2_level": 0.95, "chi2_df": 3, "chi2_threshold": 7.814727903251179, "N_raw": 9, "N_roi": 9, "N_inlier": 9, "refit": true}
{"timestamp": "12:31:57.025646", "frame": 8, "mu": [2.0101002017413108, 1.54406341988548, 1.1113960305760446], "Sigma": [[0.0005664761580757701, -0.00038164267853532164, 0.0003068931976315726], [-0.00038164267853532164, 0.0032200837320021667, -0.011035265519138363], [0.0003068931976315727, -0.011035265519138363, 0.050381197358614085]], "chi2_level": 0.95, "chi2_df": 3, "chi2_threshold": 7.814727903251179, "N_raw": 7, "N_roi": 7, "N_inlier": 6, "refit": true}
{"timestamp": "12:31:57.189949", "frame": 11, "mu": [2.0180268704786597, 1.397792885831174, 1.1338156121926184], "Sigma": [[0.001028619238407677, 5.054694870297522e-05, -0.0066382696173567365], [5.054694870297527e-05, 0.002412614244097742, 0.0013316063670528334], [-0.0066382696173567365, 0.0013316063670528338, 0.056721866618701905]], "chi2_level": 0.95, "chi2_df": 3, "chi2_threshold": 7.814727903251179, "N_raw": 7, "N_roi": 7, "N_inlier": 6, "refit": true}
{"timestamp": "12:31:57.244163", "frame": 12, "mu": [2.0044227326363266, 1.57819561274143, -0.5641083662048993], "Sigma": [[0.002405976465535877, 0.0022701115491223335, -0.00653237735732887], [0.0022701115491223335, 0.0029967978506109903, -0.009912414477660034], [-0.00653237735732887, -0.009912414477660034, 0.05301093520820796]], "chi2_level": 0.95, "chi2_df": 3, "chi2_threshold": 7.814727903251179, "N_raw": 6, "N_roi": 6, "N_inlier": 6, "refit": true}
{"timestamp": "12:31:57.299045", "frame": 13, "mu": [1.9770144832374557, 1.3444771998984786, 1.3488308447092339], "Sigma": [[0.00165818981521231, 0.0023340086955566572, -0.003085055521741486], [0.0023340086955566572, 0.0038459969249936845, -0.004868357426556206], [-0.003085055521741486, -0.004868357426556206, 0.007725402911390201]], "chi2_level": 0.95, "chi2_df": 3, "chi2_threshold": 7.814727903251179, "N_raw": 5, "N_roi": 5, "N_inlier": 5, "refit": true}
{"timestamp": "12:31:57.357189", "frame": 14, "mu": [2.0215968863249283, 1.2764022452947723, 1.2589957381872945], "Sigma": [[0.004599152627567154, -0.0024905966685751534, -0.00032960341627061177], [-0.0024905966685751534, 0.009342443687498687, 6.328819101122089e-05], [-0.00032960341627061177, 6.328819101122089e-05, 0.0009568367436205283]], "chi2_level": 0.95, "chi2_df": 3, "chi2_threshold": 7.814727903251179, "N_raw": 26, "N_roi": 26, "N_inlier": 24, "refit": true}
{"timestamp": "12:31:57.410643", "frame": 15, "mu": [1.9469351080967277, 1.2463706972126207, 1.2290628224048898], "Sigma": [[0.00219232464000245, 0.0025177442207760187, -0.009593587606449341], [0.0025177442207760187, 0.004770428668703869, -0.01803064376991277], [-0.009593587606449341, -0.018030643769912768, 0.0800364754925993]], "chi2_level": 0.95, "chi2_df": 3, "chi2_threshold": 7.814727903251179, "N_raw": 11, "N_roi": 11, "N_inlier": 10, "refit": true}
{"timestamp": "12:31:57.465642", "frame": 16, "mu": [1.963064231000817, 1.2252947600699695, 1.3509210921760542], "Sigma": [[0.0029151859254649285, -0.0006315010567804133, -0.004197100415421505], [-0.0006315010567804133, 0.004495398643342904, -0.0016631090481132994], [-0.004197100415421505, -0.0016631090481132997, 0.0099588422513123]], "chi2_level": 0.95, "chi2_df": 3, "chi2_threshold": 7.814727903251179, "N_raw": 14, "N_roi": 14, "N_inlier": 13, "refit": true}
{"timestamp": "12:31:57.577391", "frame": 18, "mu": [1.940583820758317, 1.0757575027794195, 1.1549121288175872], "Sigma": [[0.004008658987181425, -0.002076117985376325, -0.004251575638157235], [-0.002076117985376325, 0.004946911407870069, -0.0008974381114312245], [-0.004251575638157234, -0.0008974381114312244, 0.03186731794690872]], "chi2_level": 0.95, "chi2_df": 3, "chi2_threshold": 7.814727903251179, "N_raw": 22, "N_roi": 22, "N_inlier": 21, "refit": true}
{"timestamp": "12:31:57.632253", "frame": 19, "mu": [1.941955517949088, 0.8942975730844178, 1.073358375737927], "Sigma": [[0.003184981921033123, -0.008539587319835094, -0.01027078491762076], [-0.008539587319835094, 0.03317402306674975, 0.029481932088483095], [-0.01027078491762076, 0.029481932088483095, 0.06159842868632505]], "chi2_level": 0.95, "chi2_df": 3, "chi2_threshold": 7.814727903251179, "N_raw": 21, "N_roi": 21, "N_inlier": 20, "refit": true}
{"timestamp": "12:31:57.687548", "frame": 20, "mu": [1.9023836741624551, 0.9362225688796948, 1.0656857709911585], "Sigma": [[0.002862231223537886, -0.0031500296959300427, -0.003253326479640094], [-0.003150029695930043, 0.004379649692155172, 0.0006797271345287509], [-0.003253326479640094, 0.0006797271345287509, 0.01321878215635003]], "chi2_level": 0.95, "chi2_df": 3, "chi2_threshold": 7.814727903251179, "N_raw": 23, "N_roi": 23, "N_inlier": 20, "refit": true}
{"timestamp": "12:31:57.742030", "frame": 21, "mu": [1.8690131640283352, 0.8691115273071532, 1.1161519327325122], "Sigma": [[0.004351444937065371, -0.0049186469435551295, -0.001751964996671234], [-0.00491864694355513, 0.011695868136048967, 0.005426537130160954], [-0.001751964996671234, 0.005426537130160954, 0.018417274694592166]], "chi2_level": 0.95, "chi2_df": 3, "chi2_threshold": 7.814727903251179, "N_raw": 23, "N_roi": 23, "N_inlier": 21, "refit": true}
{"timestamp": "12:31:57.798815", "frame": 22, "mu": [1.7420215200307319, 0.9460264795353149, 1.2977967526199223], "Sigma": [[0.007316981255276138, -0.007439799174791903, -0.009146220766918116], [-0.007439799174791903, 0.009942865363047068, 0.00792544143645994], [-0.009146220766918114, 0.00792544143645994, 0.014766548980092626]], "chi2_level": 0.95, "chi2_df": 3, "chi2_threshold": 7.814727903251179, "N_raw": 29, "N_roi": 29, "N_inlier": 27, "refit": true}
{"timestamp": "12:31:57.850085", "frame": 23, "mu": [1.7241641699931423, 0.905774665516305, 0.9467597606880707], "Sigma": [[0.0012389929976687906, -0.0025938271804691717, -0.0023393924618175877], [-0.0025938271804691717, 0.009713254316031336, 0.00186613597588233], [-0.0023393924618175877, 0.00186613597588233, 0.059647616794480204]], "chi2_level": 0.95, "chi2_df": 3, "chi2_threshold": 7.814727903251179, "N_raw": 7, "N_roi": 7, "N_inlier": 7, "refit": true}
{"timestamp": "12:31:57.905037", "frame": 24, "mu": [1.6386741496698907, 0.964743259309745, 1.116322840107585], "Sigma": [[0.003196175070992487, -0.0018366464189672042, -0.008599060369656075], [-0.0018366464189672042, 0.002311163035661337, 0.002408713309798387], [-0.008599060369656073, 0.002408713309798387, 0.07797395706730766]], "chi2_level": 0.95, "chi2_df": 3, "chi2_threshold": 7.814727903251179, "N_raw": 8, "N_roi": 8, "N_inlier": 8, "refit": true}
{"timestamp": "12:31:57.961990", "frame": 25, "mu": [1.5466762067284483, 1.2260366407863712, -0.7683031493240113], "Sigma": [[0.003549289839401259, -0.0022694046364130044, 0.00017614940745243335], [-0.0022694046364130044, 0.009532209230557642, -0.019496109681589296], [0.00017614940745243313, -0.0194961096815893, 0.05846771127516799]], "chi2_level": 0.95, "chi2_df": 3, "chi2_threshold": 7.814727903251179, "N_raw": 18, "N_roi": 18, "N_inlier": 17, "refit": true}
{"timestamp": "12:31:58.015971", "frame": 26, "mu": [1.5656981932230394, 0.9020207169828456, 1.1021993432723725], "Sigma": [[0.005347144716460012, -0.007330581920839926, 0.011830660738218346], [-0.007330581920839926, 0.013311545138377495, -0.02272323518021902], [0.011830660738218346, -0.022723235180219025, 0.04959124004632227]], "chi2_level": 0.95, "chi2_df": 3, "chi2_threshold": 7.814727903251179, "N_raw": 15, "N_roi": 15, "N_inlier": 14, "refit": true}
{"timestamp": "12:31:58.071051", "frame": 27, "mu": [1.4784022488190824, 0.8332255004073723, 1.2609939455807677], "Sigma": [[0.005858499592330706, -0.005633019909112456, -0.003923926503131827], [-0.005633019909112457, 0.006384388325767068, 0.0011321893612463623], [-0.003923926503131827, 0.0011321893612463623, 0.01311939985180357]], "chi2_level": 0.95, "chi2_df": 3, "chi2_threshold": 7.814727903251179, "N_raw": 14, "N_roi": 14, "N_inlier": 12, "refit": true}
{"timestamp": "12:31:58.126963", "frame": 28, "mu": [1.4150981091813384, 0.7998130964606325, 1.1955903252118283], "Sigma": [[0.00540630778674761, -0.006045804452299257, 0.0021826454875402534], [-0.006045804452299257, 0.009508184701863672, -0.006310392218403378], [0.0021826454875402525, -0.006310392218403378, 0.029699083538181185]], "chi2_level": 0.95, "chi2_df": 3, "chi2_threshold": 7.814727903251179, "N_raw": 21, "N_roi": 21, "N_inlier": 20, "refit": true}
{"timestamp": "12:31:58.182978", "frame": 29, "mu": [1.2602604401649475, 1.0344508690233754, 0.9153791431670365], "Sigma": [[0.007786991301353818, -0.006635765348671059, 0.002381882242211776], [-0.006635765348671059, 0.012295602204238447, -0.013545829035342186], [0.002381882242211776, -0.013545829035342186, 0.024257268163897748]], "chi2_level": 0.95, "chi2_df": 3, "chi2_threshold": 7.814727903251179, "N_raw": 28, "N_roi": 28, "N_inlier": 25, "refit": true}
{"timestamp": "12:31:58.236801", "frame": 30, "mu": [1.2059754525988122, 0.8658435538223175, 1.3225040300657018], "Sigma": [[0.0019388893176586297, 0.0014581252951773572, -0.004173270473774849], [0.0014581252951773572, 0.009659802620971589, -0.02159311993069829], [-0.004173270473774849, -0.02159311993069829, 0.056915697654892565]], "chi2_level": 0.95, "chi2_df": 3, "chi2_threshold": 7.814727903251179, "N_raw": 18, "N_roi": 18, "N_inlier": 17, "refit": true}
{"timestamp": "12:31:58.290193", "frame": 31, "mu": [1.2264598694607194, 0.8780038557961768, 1.0205666008295464], "Sigma": [[0.0015051372624451426, -0.0008401781590562309, 0.0005428193524967251], [-0.0008401781590562312, 0.026170432318858725, -0.02386972704938715], [0.0005428193524967251, -0.02386972704938715, 0.021868127706220528]], "chi2_level": 0.95, "chi2_df": 3, "chi2_threshold": 7.814727903251179, "N_raw": 8, "N_roi": 8, "N_inlier": 7, "refit": true}
{"timestamp": "12:31:58.344885", "frame": 32, "mu": [1.1174232864834157, 0.7659940855645364, 1.241157961292361], "Sigma": [[0.004425524113224847, -0.0025289653761065714, -0.00627473191920618], [-0.0025289653761065714, 0.0071127068601558934, -0.004802424982266528], [-0.00627473191920618, -0.004802424982266528, 0.023351447379475403]], "chi2_level": 0.95, "chi2_df": 3, "chi2_threshold": 7.814727903251179, "N_raw": 11, "N_roi": 11, "N_inlier": 9, "refit": true}
{"timestamp": "12:31:58.403133", "frame": 33, "mu": [0.9728226582691327, 0.899045735731721, -0.4445263052674689], "Sigma": [[0.004264989351223984, 0.0016906811440905451, 0.003868223394751298], [0.0016906811440905451, 0.0019069828843411305, 0.002610756824537748], [0.003868223394751298, 0.002610756824537748, 0.014082969267969753]], "chi2_level": 0.95, "chi2_df": 3, "chi2_threshold": 7.814727903251179, "N_raw": 31, "N_roi": 31, "N_inlier": 30, "refit": true}
{"timestamp": "12:31:58.463016", "frame": 34, "mu": [0.9653033619572642, 0.8558428900822415, -0.5116484995279457], "Sigma": [[0.006364180641047864, 0.0012337312278884772, -0.001511337239141488], [0.0012337312278884772, 0.0022213250671929714, 0.0033677659344512343], [-0.0015113372391414876, 0.0033677659344512343, 0.027981916938618144]], "chi2_level": 0.95, "chi2_df": 3, "chi2_threshold": 7.814727903251179, "N_raw": 63, "N_roi": 63, "N_inlier": 60, "refit": true}
{"timestamp": "12:31:58.512709", "frame": 35, "mu": [0.8585228072625436, 0.7637526487201962, 1.4943289927388979], "Sigma": [[0.005615326775233858, -0.0027354087421529484, -0.0041408481752465195], [-0.0027354087421529484, 0.0020979766674588916, 0.0016952011719897843], [-0.0041408481752465195, 0.0016952011719897843, 0.004626223347441702]], "chi2_level": 0.95, "chi2_df": 3, "chi2_threshold": 7.814727903251179, "N_raw": 26, "N_roi": 26, "N_inlier": 22, "refit": true}
{"timestamp": "12:31:58.566268", "frame": 36, "mu": [0.7890187712216558, 0.7948308229510855, 1.4669595440014036], "Sigma": [[0.0035865625062729686, -0.0014685221011671004, -0.004696379769647553], [-0.0014685221011671004, 0.0016559734283080173, 0.0017915347589766172], [-0.004696379769647553, 0.0017915347589766172, 0.006629648068927176]], "chi2_level": 0.95, "chi2_df": 3, "chi2_threshold": 7.814727903251179, "N_raw": 14, "N_roi": 14, "N_inlier": 12, "refit": true}
{"timestamp": "12:31:58.623406", "frame": 37, "mu": [0.7174740878233057, 0.7791659574936303, 1.4891657699729155], "Sigma": [[0.003112151861471318, -0.0019065076860615405, -0.0032977596750562114], [-0.0019065076860615405, 0.0026415616019206424, 0.0012788358525982382], [-0.0032977596750562114, 0.0012788358525982382, 0.008445329747114863]], "chi2_level": 0.95, "chi2_df": 3, "chi2_threshold": 7.814727903251179, "N_raw": 27, "N_roi": 27, "N_inlier": 24, "refit": true}
{"timestamp": "12:31:58.682535", "frame": 38, "mu": [0.7310617371951842, 0.7044137912572241, 1.3837269792090325], "Sigma": [[0.009808961329358786, -0.0031578654924622777, -0.008233148983790002], [-0.0031578654924622777, 0.002000860602826022, 0.0020664592433170606], [-0.00823314898379, 0.0020664592433170606, 0.014346784981026936]], "chi2_level": 0.95, "chi2_df": 3, "chi2_threshold": 7.814727903251179, "N_raw": 53, "N_roi": 53, "N_inlier": 51, "refit": true}
{"timestamp": "12:31:58.737021", "frame": 39, "mu": [0.6178289071425487, 0.7181877995195917, 1.4351972409033669], "Sigma": [[0.003995357197057343, -0.0004763437076904589, -0.004975263529935322], [-0.00047634370769045886, 0.0018927963643469148, 0.00024030717847855728], [-0.004975263529935322, 0.0002403071784785575, 0.011130014998562336]], "chi2_level": 0.95, "chi2_df": 3, "chi2_threshold": 7.814727903251179, "N_raw": 49, "N_roi": 49, "N_inlier": 45, "refit": true}
{"timestamp": "12:31:58.790669", "frame": 40, "mu": [0.6025826132379373, 0.7075883905761394, 1.3641594722568655], "Sigma": [[0.0034921286071405173, -0.0005857900370687252, -0.004899589945393353], [-0.0005857900370687251, 0.0010331841363456777, 0.0008490917415197876], [-0.004899589945393353, 0.0008490917415197876, 0.013686983079143194]], "chi2_level": 0.95, "chi2_df": 3, "chi2_threshold": 7.814727903251179, "N_raw": 43, "N_roi": 43, "N_inlier": 42, "refit": true}
{"timestamp": "12:31:58.846485", "frame": 41, "mu": [0.45007636756151426, 0.756813436185231, 1.4118871272848903], "Sigma": [[0.004918492043438998, 0.0009067670235336764, 0.012814814812293043], [0.0009067670235336763, 0.004221799850138968, 0.006648232254758211], [0.012814814812293043, 0.0066482322547582115, 0.08534351983185656]], "chi2_level": 0.95, "chi2_df": 3, "chi2_threshold": 7.814727903251179, "N_raw": 50, "N_roi": 50, "N_inlier": 44, "refit": true}
{"timestamp": "12:31:58.902068", "frame": 42, "mu": [0.40240930326388297, 0.772116482862311, 1.4249782671547053], "Sigma": [[0.001437160806842121, -0.00033168763437748544, -0.00040375865742089083], [-0.00033168763437748544, 0.003206835649962078, -0.002536690157589268], [-0.0004037586574208908, -0.002536690157589268, 0.0027459764620461117]], "chi2_level": 0.95, "chi2_df": 3, "chi2_threshold": 7.814727903251179, "N_raw": 51, "N_roi": 51, "N_inlier": 50, "refit": true}
{"timestamp": "12:31:58.960379", "frame": 43, "mu": [0.39144313420281623, 0.7554406955886166, 1.4308020319195764], "Sigma": [[0.005827973518412882, -0.0014382262701966141, -0.00477385206046321], [-0.0014382262701966141, 0.002650895677615494, -0.0005297367501946672], [-0.00477385206046321, -0.0005297367501946671, 0.005642038507294802]], "chi2_level": 0.95, "chi2_df": 3, "chi2_threshold": 7.814727903251179, "N_raw": 85, "N_roi": 85, "N_inlier": 84, "refit": true}
{"timestamp": "12:31:59.010962", "frame": 44, "mu": [0.26663613965447003, 0.7730363846916023, 1.5037651545665136], "Sigma": [[0.0015482474097709606, -0.0006822211248442231, -0.0009885398087344874], [-0.0006822211248442231, 0.0020266160956080165, -0.0005367075483737718], [-0.0009885398087344874, -0.0005367075483737717, 0.0014230338402318966]], "chi2_level": 0.95, "chi2_df": 3, "chi2_threshold": 7.814727903251179, "N_raw": 38, "N_roi": 38, "N_inlier": 36, "refit": true}
{"timestamp": "12:31:59.065617", "frame": 45, "mu": [0.2565344584251109, 0.7461881240974438, 1.4478657301158186], "Sigma": [[0.0024758977540434157, -0.0012059013984562616, -0.002651993409697192], [-0.0012059013984562618, 0.0016105956347284604, 0.0002184082857826188], [-0.002651993409697192, 0.0002184082857826187, 0.0049503027586714704]], "chi2_level": 0.95, "chi2_df": 3, "chi2_threshold": 7.814727903251179, "N_raw": 50, "N_roi": 50, "N_inlier": 48, "refit": true}
{"timestamp": "12:31:59.121539", "frame": 46, "mu": [0.17662997647691017, 0.7875337876395047, 1.4455080491058325], "Sigma": [[0.008332379909762608, -0.002328096879913682, -0.010326113900007886], [-0.002328096879913682, 0.0017698513797057306, 0.0022082210928328527], [-0.010326113900007886, 0.0022082210928328523, 0.013888626012560901]], "chi2_level": 0.95, "chi2_df": 3, "chi2_threshold": 7.814727903251179, "N_raw": 52, "N_roi": 52, "N_inlier": 49, "refit": true}
{"timestamp": "12:31:59.177616", "frame": 47, "mu": [0.10584085967076118, 0.803099625477757, 1.455344685789397], "Sigma": [[0.002617952917559026, -0.0001554002525317925, -0.0035604442704420926], [-0.00015540025253179252, 0.0011328796410762917, -0.0012962213187551472], [-0.0035604442704420926, -0.0012962213187551472, 0.008062612685354908]], "chi2_level": 0.95, "chi2_df": 3, "chi2_threshold": 7.814727903251179, "N_raw": 59, "N_roi": 59, "N_inlier": 55, "refit": true}
{"timestamp": "12:31:59.228350", "frame": 48, "mu": [0.0926708450637949, 0.6834305955174707, 1.2971859683650049], "Sigma": [[0.0013880724780808585, -0.002462365003829864, -0.0018899832960334532], [-0.0024623650038298646, 0.005397494987769002, 0.0026169585744224254], [-0.001889983296033453, 0.0026169585744224254, 0.004065613374305151]], "chi2_level": 0.95, "chi2_df": 3, "chi2_threshold": 7.814727903251179, "N_raw": 32, "N_roi": 32, "N_inlier": 28, "refit": true}
{"timestamp": "12:31:59.286661", "frame": 49, "mu": [-0.035593163135660404, 0.7907024158275461, 1.4556422235653435], "Sigma": [[0.0013179711868322125, -0.00019304455059200744, -0.0006024345375024349], [-0.0001930445505920075, 0.000789498350464979, -9.151998031148864e-05], [-0.0006024345375024349, -9.151998031148862e-05, 0.008210976334144275]], "chi2_level": 0.95, "chi2_df": 3, "chi2_threshold": 7.814727903251179, "N_raw": 51, "N_roi": 51, "N_inlier": 43, "refit": true}
{"timestamp": "12:31:59.343317", "frame": 50, "mu": [-0.09030437961809597, 0.7754547128688062, 1.4619202507078295], "Sigma": [[0.0014953896073386101, -6.55113628607249e-05, -0.0008546658585984866], [-6.551136286072488e-05, 0.002001885127869074, -0.0028028087471488466], [-0.0008546658585984867, -0.0028028087471488466, 0.0076010674440629466]], "chi2_level": 0.95, "chi2_df": 3, "chi2_threshold": 7.814727903251179, "N_raw": 69, "N_roi": 69, "N_inlier": 69, "refit": true}
{"timestamp": "12:31:59.397660", "frame": 51, "mu": [-0.16336294662293105, 0.7546131247526965, 1.4865314326943522], "Sigma": [[0.001506093832573646, -0.000628613582249071, -0.0006900126120228317], [-0.000628613582249071, 0.003987702153062882, -0.0017085822364721474], [-0.0006900126120228317, -0.0017085822364721474, 0.0016529059158883234]], "chi2_level": 0.95, "chi2_df": 3, "chi2_threshold": 7.814727903251179, "N_raw": 58, "N_roi": 58, "N_inlier": 55, "refit": true}
{"timestamp": "12:31:59.454425", "frame": 52, "mu": [-0.2311978416398882, 0.7545029511845647, 1.4195915623362132], "Sigma": [[0.0017245486901193033, -0.0009742375605314516, -0.001500119034193833], [-0.0009742375605314517, 0.0016885770073145664, -0.0015413725706177827], [-0.001500119034193833, -0.0015413725706177827, 0.008103437829733757]], "chi2_level": 0.95, "chi2_df": 3, "chi2_threshold": 7.814727903251179, "N_raw": 64, "N_roi": 64, "N_inlier": 62, "refit": true}
{"timestamp": "12:31:59.510702", "frame": 53, "mu": [-0.2893771856117965, 0.8319646700503177, -0.4700949211375219], "Sigma": [[0.0019366084710268725, 0.0015711117847792893, 0.00019218927966609508], [0.0015711117847792893, 0.006881404611174895, -0.0016539192354891679], [0.00019218927966609508, -0.001653919235489168, 0.007123275595080828]], "chi2_level": 0.95, "chi2_df": 3, "chi2_threshold": 7.814727903251179, "N_raw": 78, "N_roi": 76, "N_inlier": 71, "refit": true}
{"timestamp": "12:31:59.562946", "frame": 54, "mu": [-0.34815942654546933, 0.6405030555136754, 1.3583724787210703], "Sigma": [[0.002799026861304628, -0.003933172538492026, -0.005870042673381091], [-0.003933172538492026, 0.008874448017190976, 0.012151320988706252], [-0.005870042673381091, 0.012151320988706252, 0.02520216589336597]], "chi2_level": 0.95, "chi2_df": 3, "chi2_threshold": 7.814727903251179, "N_raw": 62, "N_roi": 62, "N_inlier": 59, "refit": true}
{"timestamp": "12:31:59.620719", "frame": 55, "mu": [-0.41603517336401913, 0.6655132140260267, 1.3901959942122102], "Sigma": [[0.0029132277786322915, -0.003370151518052569, -0.006485691567027557], [-0.003370151518052569, 0.006420490619240291, 0.008618233719422861], [-0.006485691567027556, 0.008618233719422863, 0.02901408194559575]], "chi2_level": 0.95, "chi2_df": 3, "chi2_threshold": 7.814727903251179, "N_raw": 81, "N_roi": 81, "N_inlier": 71, "refit": true}
{"timestamp": "12:31:59.667707", "frame": 56, "mu": [-0.5917430401673062, 0.6525557072164838, 1.1675322309211718], "Sigma": [[0.03383233517221819, 0.01120349199145586, -0.041522310908131896], [0.01120349199145586, 0.0163008876450787, -0.032782281781177064], [-0.041522310908131896, -0.03278228178117707, 0.3027812392502836]], "chi2_level": 0.95, "chi2_df": 3, "chi2_threshold": 7.814727903251179, "N_raw": 17, "N_roi": 17, "N_inlier": 16, "refit": true}
{"timestamp": "12:31:59.734319", "frame": 57, "mu": [-0.71378411116999, 0.6822064339934757, 1.6315575212818711], "Sigma": [[0.02099922061479885, 0.00720373744798198, -0.016641896263360306], [0.00720373744798198, 0.0060449921678023535, -0.00833283049237105], [-0.016641896263360306, -0.00833283049237105, 0.019131348886930515]], "chi2_level": 0.95, "chi2_df": 3, "chi2_threshold": 7.814727903251179, "N_raw": 110, "N_roi": 110, "N_inlier": 107, "refit": true}
{"timestamp": "12:31:59.785567", "frame": 58, "mu": [-0.8737650052902508, 0.6241106365743461, 1.7455868931905267], "Sigma": [[0.008816467806682375, 0.0027478364965708877, -0.0057721585651012534], [0.0027478364965708877, 0.00515768562933308, -0.005280560767141923], [-0.0057721585651012534, -0.005280560767141923, 0.008687573508694363]], "chi2_level": 0.95, "chi2_df": 3, "chi2_threshold": 7.814727903251179, "N_raw": 67, "N_roi": 67, "N_inlier": 64, "refit": true}
{"timestamp": "12:31:59.838132", "frame": 59, "mu": [-0.8092616565958521, 0.7009691872992223, 1.4968505394870242], "Sigma": [[0.023676583629019025, 0.008284358451779349, -0.031540807195683356], [0.008284358451779347, 0.006539736426800345, -0.017039383258857572], [-0.031540807195683356, -0.017039383258857572, 0.055370390223631084]], "chi2_level": 0.95, "chi2_df": 3, "chi2_threshold": 7.814727903251179, "N_raw": 55, "N_roi": 55, "N_inlier": 49, "refit": true}
{"timestamp": "12:31:59.900029", "frame": 60, "mu": [-1.0204374602467114, 0.7148465698934116, -0.35920290220141393], "Sigma": [[0.03705898889188069, 0.01768300321652703, 0.029610449878681472], [0.01768300321652703, 0.01390460376774812, 0.008531830185137297], [0.029610449878681472, 0.008531830185137297, 0.07451243040052435]], "chi2_level": 0.95, "chi2_df": 3, "chi2_threshold": 7.814727903251179, "N_raw": 103, "N_roi": 103, "N_inlier": 91, "refit": true}
{"timestamp": "12:31:59.953355", "frame": 61, "mu": [-0.9853032123630141, 0.7545301668169088, -0.30273653390539196], "Sigma": [[0.016488513072907624, 0.013984167079592697, -0.000278662357939399], [0.0139841670795927, 0.01807110364115074, -0.0037919240197416904], [-0.000278662357939399, -0.0037919240197416904, 0.012627296317487734]], "chi2_level": 0.95, "chi2_df": 3, "chi2_threshold": 7.814727903251179, "N_raw": 94, "N_roi": 94, "N_inlier": 81, "refit": true}
{"timestamp": "12:32:00.011062", "frame": 62, "mu": [-1.0418528263500164, 0.715002218737651, 1.5943959362256122], "Sigma": [[0.010843090025123063, 0.0029436306316029223, -0.003900903891593971], [0.0029436306316029223, 0.006802021401958766, -0.0032627894225912978], [-0.003900903891593971, -0.0032627894225912978, 0.007028425244281676]], "chi2_level": 0.95, "chi2_df": 3, "chi2_threshold": 7.814727903251179, "N_raw": 89, "N_roi": 89, "N_inlier": 80, "refit": true}
{"timestamp": "12:32:00.064278", "frame": 63, "mu": [-1.0976504639712878, 0.7491725134899698, 1.5906373396220703], "Sigma": [[0.010194208897801102, 0.0028446395896277545, -0.003335743704670051], [0.002844639589627755, 0.007804217379109242, -0.00543663880388511], [-0.003335743704670051, -0.005436638803885111, 0.007034868745222363]], "chi2_level": 0.95, "chi2_df": 3, "chi2_threshold": 7.814727903251179, "N_raw": 93, "N_roi": 93, "N_inlier": 88, "refit": true}
{"timestamp": "12:32:00.115591", "frame": 64, "mu": [-1.153493986606656, 0.7420070775935517, 1.562649670981281], "Sigma": [[0.009242993979852983, 0.0019256873407486217, -0.0031557043106493266], [0.0019256873407486217, 0.005847340523636962, -0.004288335633981219], [-0.003155704310649326, -0.004288335633981219, 0.0058478443641039445]], "chi2_level": 0.95, "chi2_df": 3, "chi2_threshold": 7.814727903251179, "N_raw": 74, "N_roi": 74, "N_inlier": 71, "refit": true}
{"timestamp": "12:32:00.168787", "frame": 65, "mu": [-1.2137445623713832, 0.6816850657397233, 1.5166018225614768], "Sigma": [[0.009376905199895359, -0.0025083421419095434, -0.006312506393343952], [-0.002508342141909544, 0.013861031655733146, -0.0016666277773468132], [-0.006312506393343952, -0.0016666277773468132, 0.010060082507839399]], "chi2_level": 0.95, "chi2_df": 3, "chi2_threshold": 7.814727903251179, "N_raw": 68, "N_roi": 68, "N_inlier": 65, "refit": true}
{"timestamp": "12:32:00.224320", "frame": 66, "mu": [-1.2522680526481489, 0.6172256888669811, 1.4281918270880003], "Sigma": [[0.008600026280149825, 5.728982709712157e-05, -0.003283525666405579], [5.728982709712144e-05, 0.0139012336063194, -0.001639075230906463], [-0.003283525666405579, -0.0016390752309064633, 0.002341887026004499]], "chi2_level": 0.95, "chi2_df": 3, "chi2_threshold": 7.814727903251179, "N_raw": 66, "N_roi": 66, "N_inlier": 64, "refit": true}
{"timestamp": "12:32:00.278703", "frame": 67, "mu": [-1.317218579774818, 0.8616615063620283, -0.26552595069604235], "Sigma": [[0.007828443396983274, 0.0027251284089987934, -0.0052224177337452105], [0.0027251284089987934, 0.019365876602341563, 0.005453822111891461], [-0.0052224177337452105, 0.00545382211189146, 0.008136860129933128]], "chi2_level": 0.95, "chi2_df": 3, "chi2_threshold": 7.814727903251179, "N_raw": 66, "N_roi": 66, "N_inlier": 64, "refit": true}
{"timestamp": "12:32:00.333246", "frame": 68, "mu": [-1.377458203986452, 0.8004331541128792, -0.4652425763203745], "Sigma": [[0.006982734711216793, 0.0023909985560747796, -0.0005903736499519711], [0.0023909985560747796, 0.02438004487499745, 0.009538856383542588], [-0.000590373649951971, 0.009538856383542588, 0.011546620893386574]], "chi2_level": 0.95, "chi2_df": 3, "chi2_threshold": 7.814727903251179, "N_raw": 65, "N_roi": 65, "N_inlier": 62, "refit": true}
{"timestamp": "12:32:00.389723", "frame": 69, "mu": [-1.4105887286363363, 0.7408561745714162, 1.4378895953736754], "Sigma": [[0.00834444087364601, 0.0005292960586706472, -0.007269442725445616], [0.0005292960586706471, 0.012885361823737155, -0.005172299920114696], [-0.007269442725445616, -0.005172299920114696, 0.00967325165236529]], "chi2_level": 0.95, "chi2_df": 3, "chi2_threshold": 7.814727903251179, "N_raw": 66, "N_roi": 66, "N_inlier": 64, "refit": true}
{"timestamp": "12:32:00.447767", "frame": 70, "mu": [-1.4682873160878342, 0.7343338514485218, 1.365711695955779], "Sigma": [[0.014269977299552969, 0.010873366830315354, -0.0005790085878911433], [0.010873366830315354, 0.020632462069218864, -0.004028933160734735], [-0.0005790085878911433, -0.004028933160734735, 0.004081437311593541]], "chi2_level": 0.95, "chi2_df": 3, "chi2_threshold": 7.814727903251179, "N_raw": 89, "N_roi": 89, "N_inlier": 81, "refit": true}
{"timestamp": "12:32:00.499227", "frame": 71, "mu": [-1.5524560264447578, 0.7101629280384162, 1.3647388237744698], "Sigma": [[0.00891601859494673, 0.0031911359369879463, -0.0030610151265466376], [0.003191135936987946, 0.02384280503365372, -0.0020826723022474986], [-0.0030610151265466376, -0.0020826723022474986, 0.0025640282461598333]], "chi2_level": 0.95, "chi2_df": 3, "chi2_threshold": 7.814727903251179, "N_raw": 62, "N_roi": 62, "N_inlier": 60, "refit": true}
{"timestamp": "12:32:00.555647", "frame": 72, "mu": [-1.5991508958342278, 0.8039684563635543, 1.4062930668537372], "Sigma": [[0.012579812118180047, 0.004677271863223444, -0.007191710296756862], [0.004677271863223445, 0.01548337249306487, -0.006096344904012039], [-0.007191710296756863, -0.006096344904012039, 0.00906026880845418]], "chi2_level": 0.95, "chi2_df": 3, "chi2_threshold": 7.814727903251179, "N_raw": 77, "N_roi": 77, "N_inlier": 70, "refit": true}
{"timestamp": "12:32:00.610541", "frame": 73, "mu": [-1.6883690238575366, 0.8674671242279214, 1.3829699168497653], "Sigma": [[0.01262197944401565, 0.006678125321818655, 0.00010918311366247537], [0.006678125321818657, 0.010069775187765202, -0.007174666349915186], [0.00010918311366247494, -0.007174666349915186, 0.023636411512862932]], "chi2_level": 0.95, "chi2_df": 3, "chi2_threshold": 7.814727903251179, "N_raw": 76, "N_roi": 76, "N_inlier": 74, "refit": true}
{"timestamp": "12:32:00.670723", "frame": 74, "mu": [-1.6526423733884417, 0.9399272379008495, 1.1559160941777542], "Sigma": [[0.03179490596822086, 0.013452834896872023, -0.05126420672170061], [0.013452834896872025, 0.0144400624731197, -0.029400219926086473], [-0.05126420672170061, -0.029400219926086477, 0.14811375835732563]], "chi2_level": 0.95, "chi2_df": 3, "chi2_threshold": 7.814727903251179, "N_raw": 114, "N_roi": 114, "N_inlier": 111, "refit": true}
{"timestamp": "12:32:00.721363", "frame": 75, "mu": [-1.663248490043294, 0.9889921775820705, 1.3442950816534647], "Sigma": [[0.015300896634273904, 0.006381769448725164, -0.007202567427329975], [0.006381769448725164, 0.012742055039743546, -0.008116326034557454], [-0.007202567427329975, -0.008116326034557454, 0.008705312768107324]], "chi2_level": 0.95, "chi2_df": 3, "chi2_threshold": 7.814727903251179, "N_raw": 84, "N_roi": 84, "N_inlier": 80, "refit": true}
{"timestamp": "12:32:00.772841", "frame": 76, "mu": [-1.779327251079961, 1.094306141598609, -0.4896337114901575], "Sigma": [[0.009518466099191854, 0.00789719341238345, 0.002854592208058219], [0.00789719341238345, 0.02245867986598851, 0.006528547338859779], [0.00285459220805822, 0.006528547338859779, 0.024268956427494055]], "chi2_level": 0.95, "chi2_df": 3, "chi2_threshold": 7.814727903251179, "N_raw": 57, "N_roi": 57, "N_inlier": 54, "refit": true}
{"timestamp": "12:32:00.828639", "frame": 77, "mu": [-1.7636023434724535, 1.0793999957153062, 1.3188276388169389], "Sigma": [[0.01144236138163623, 0.0053646542852920365, -0.001024313411003753], [0.0053646542852920365, 0.007359746904657623, -0.00440511538823592], [-0.001024313411003753, -0.00440511538823592, 0.015855757214816586]], "chi2_level": 0.95, "chi2_df": 3, "chi2_threshold": 7.814727903251179, "N_raw": 68, "N_roi": 68, "N_inlier": 61, "refit": true}
{"timestamp": "12:32:00.886152", "frame": 78, "mu": [-1.8994931907700963, 1.0582469632633125, -0.615739509484529], "Sigma": [[0.01463477777524547, 0.00811882013305901, -0.0027471364791797973], [0.00811882013305901, 0.016525308266306403, -0.0048711297685992815], [-0.002747136479179797, -0.0048711297685992815, 0.012452148287106977]], "chi2_level": 0.95, "chi2_df": 3, "chi2_threshold": 7.814727903251179, "N_raw": 78, "N_roi": 78, "N_inlier": 71, "refit": true}
{"timestamp": "12:32:00.945879", "frame": 79, "mu": [-1.826362304870437, 1.2880473695285128, -0.4106891868510997], "Sigma": [[0.016611436688302915, 0.008579923432776875, 0.004379696222431961], [0.008579923432776875, 0.01644404070772495, -0.008086266530845827], [0.004379696222431961, -0.008086266530845827, 0.01566278508283041]], "chi2_level": 0.95, "chi2_df": 3, "chi2_threshold": 7.814727903251179, "N_raw": 91, "N_roi": 91, "N_inlier": 91, "refit": true}
{"timestamp": "12:32:00.994231", "frame": 80, "mu": [-1.9500893004172373, 1.1210271238533172, 1.3217478166971877], "Sigma": [[0.015104239932627704, 0.011919559639996958, 0.003144462485752744], [0.011919559639996956, 0.015367050936466344, 0.004010318942773273], [0.003144462485752744, 0.004010318942773273, 0.03733351915549739]], "chi2_level": 0.95, "chi2_df": 3, "chi2_threshold": 7.814727903251179, "N_raw": 68, "N_roi": 68, "N_inlier": 68, "refit": true}
{"timestamp": "12:32:01.046361", "frame": 81, "mu": [-1.9329414350511478, 1.2773717968666645, 1.4629382192591525], "Sigma": [[0.013627312443891608, 0.004108904433613604, -0.008314792218303698], [0.004108904433613604, 0.0076363822739250005, -0.006686006547324188], [-0.008314792218303698, -0.006686006547324188, 0.0101476221900736]], "chi2_level": 0.95, "chi2_df": 3, "chi2_threshold": 7.814727903251179, "N_raw": 54, "N_roi": 54, "N_inlier": 53, "refit": true}
{"timestamp": "12:32:01.100679", "frame": 82, "mu": [-1.9995719706515094, 1.2931580824807538, 1.507677464229805], "Sigma": [[0.011511429864986869, 0.007018441594444286, -0.006932170878021954], [0.007018441594444286, 0.010517206870570209, -0.008002229344683797], [-0.006932170878021954, -0.008002229344683797, 0.007409827534515144]], "chi2_level": 0.95, "chi2_df": 3, "chi2_threshold": 7.814727903251179, "N_raw": 50, "N_roi": 50, "N_inlier": 46, "refit": true}
{"timestamp": "12:32:01.155181", "frame": 83, "mu": [-2.113305226041186, 1.3907910451271046, 1.6615786027052468], "Sigma": [[0.01007859537702678, 0.007674155523787108, -0.005058925490982308], [0.007674155523787109, 0.013472529777788888, -0.011025946686842678], [-0.005058925490982308, -0.011025946686842678, 0.010801638908716703]], "chi2_level": 0.95, "chi2_df": 3, "chi2_threshold": 7.814727903251179, "N_raw": 49, "N_roi": 49, "N_inlier": 47, "refit": true}
{"timestamp": "12:32:01.211949", "frame": 84, "mu": [-2.0842848021494955, 1.452875274656939, 1.5517441906429246], "Sigma": [[0.009724818580434827, 0.005430234210090978, -0.004312967959975265], [0.005430234210090978, 0.011610284113030138, -0.00969605391788649], [-0.004312967959975265, -0.00969605391788649, 0.023468010996386377]], "chi2_level": 0.95, "chi2_df": 3, "chi2_threshold": 7.814727903251179, "N_raw": 56, "N_roi": 56, "N_inlier": 55, "refit": true}
{"timestamp": "12:32:01.266262", "frame": 85, "mu": [-2.1724835172779327, 1.4426318681409867, 1.712979221861438], "Sigma": [[0.012293953240067232, 0.008286071360217062, -0.007623936580768369], [0.008286071360217062, 0.014222309814934608, -0.011191745138122586], [-0.007623936580768369, -0.011191745138122586, 0.010675071991064827]], "chi2_level": 0.95, "chi2_df": 3, "chi2_threshold": 7.814727903251179, "N_raw": 51, "N_roi": 51, "N_inlier": 47, "refit": true}
{"timestamp": "12:32:01.324211", "frame": 86, "mu": [-2.1621771095799227, 1.615860342035504, -0.043708016316505074], "Sigma": [[0.012318846335574656, 0.012234102811254585, -0.003473408297332921], [0.012234102811254585, 0.030979706952720832, -0.0272312554084877], [-0.003473408297332922, -0.0272312554084877, 0.05152038734217867]], "chi2_level": 0.95, "chi2_df": 3, "chi2_threshold": 7.814727903251179, "N_raw": 73, "N_roi": 71, "N_inlier": 67, "refit": true}
{"timestamp": "12:32:01.380245", "frame": 87, "mu": [-2.2721077114081947, 1.5705301251942572, 1.4607495935957668], "Sigma": [[0.01442589878411824, 0.006344303586768702, 0.02935315955972107], [0.006344303586768703, 0.010640903063891103, -0.010246338623120023], [0.029353159559721072, -0.010246338623120023, 0.18294216513560643]], "chi2_level": 0.95, "chi2_df": 3, "chi2_threshold": 7.814727903251179, "N_raw": 72, "N_roi": 59, "N_inlier": 58, "refit": true}
{"timestamp": "12:32:01.437965", "frame": 88, "mu": [-2.172992192016898, 1.5883450713331533, 1.6040240163451573], "Sigma": [[0.02011185499749711, 0.012103411159407388, -0.017998467295326673], [0.012103411159407388, 0.018199220639221057, -0.011057168086149309], [-0.017998467295326677, -0.011057168086149309, 0.017205856427717693]], "chi2_level": 0.95, "chi2_df": 3, "chi2_threshold": 7.814727903251179, "N_raw": 95, "N_roi": 72, "N_inlier": 66, "refit": true}
{"timestamp": "12:32:01.485466", "frame": 89, "mu": [-2.282482413937205, 1.6810072134640999, 1.666736222219897], "Sigma": [[0.01068661066964118, 0.00853265036949215, -0.008974932673905521], [0.00853265036949215, 0.01226414703743368, -0.012273992073481396], [-0.00897493267390552, -0.012273992073481397, 0.02421899851336322]], "chi2_level": 0.95, "chi2_df": 3, "chi2_threshold": 7.814727903251179, "N_raw": 38, "N_roi": 37, "N_inlier": 35, "refit": true}
{"timestamp": "12:32:01.546062", "frame": 90, "mu": [-2.2343650944214484, 1.6980701726247869, 1.3640205725511843], "Sigma": [[0.017652951583433975, 0.01216268613421732, -0.006425305836405446], [0.012162686134217322, 0.017423416185419732, -0.01836767880028735], [-0.006425305836405446, -0.01836767880028735, 0.03962157435469059]], "chi2_level": 0.95, "chi2_df": 3, "chi2_threshold": 7.814727903251179, "N_raw": 92, "N_roi": 87, "N_inlier": 84, "refit": true}
