{"timestamp": "12:44:57.560701", "frame": 28, "mu": [2.4034205902038384, 2.0635979821166486, 1.396686909101342], "Sigma": [[0.006019330406745645, -0.002198699910981552, -0.005225318924018928], [-0.002198699910981552, 0.0026767679721876993, -0.0008774331294908775], [-0.005225318924018929, -0.0008774331294908776, 0.012649393106126903]], "chi2_level": 0.95, "chi2_df": 3, "chi2_threshold": 7.814727903251179, "N_raw": 8, "N_roi": 8, "N_inlier": 8, "refit": true}
{"timestamp": "12:44:57.726039", "frame": 31, "mu": [2.371066786402658, 1.9396052593223967, 1.200836475447367], "Sigma": [[0.00307184023696873, -0.0017169966151481877, -0.0017420034750983062], [-0.0017169966151481877, 0.0025930174700701672, -0.003013326295543236], [-0.0017420034750983062, -0.0030133262955432364, 0.028592690656626816]], "chi2_level": 0.95, "chi2_df": 3, "chi2_threshold": 7.814727903251179, "N_raw": 9, "N_roi": 8, "N_inlier": 7, "refit": true}
{"timestamp": "12:44:57.781341", "frame": 32, "mu": [2.267071977443579, 2.108889390316109, 1.270291130224096], "Sigma": [[0.003181782071509889, -0.0002516454913551572, -4.020391894154801e-05], [-0.0002516454913551572, 0.004612684834621063, -0.0014022257490331918], [-4.020391894154796e-05, -0.0014022257490331918, 0.000431661540713981]], "chi2_level": 0.95, "chi2_df": 3, "chi2_threshold": 7.814727903251179, "N_raw": 7, "N_roi": 5, "N_inlier": 5, "refit": true}
{"timestamp": "12:44:57.836193", "frame": 33, "mu": [2.2301263428732025, 2.117435603310277, 1.3554525817016818], "Sigma": [[0.007018033854519255, -0.005055270573748701, -0.006434319563467121], [-0.005055270573748701, 0.006155210450895133, 0.0037049974561724035], [-0.006434319563467121, 0.0037049974561724035, 0.026308110183612038]], "chi2_level": 0.95, "chi2_df": 3, "chi2_threshold": 7.814727903251179, "N_raw": 11, "N_roi": 11, "N_inlier": 11, "refit": true}
{"timestamp": "12:44:57.889853", "frame": 34, "mu": [2.240336862904075, 2.0515607651342527, 1.2200361011861003], "Sigma": [[0.009079561110079551, -0.006453914889217437, -0.021828188680003604], [-0.0064539148892174365, 0.0050044420708387355, 0.017406664754787745], [-0.021828188680003604, 0.017406664754787745, 0.061650052351017184]], "chi2_level": 0.95, "chi2_df": 3, "chi2_threshold": 7.814727903251179, "N_raw": 5, "N_roi": 5, "N_inlier": 5, "refit": true}
{"timestamp": "12:44:57.945923", "frame": 35, "mu": [2.0636958574315294, 2.1651024730921744, 1.0455949834292444], "Sigma": [[0.0038671884874798557, 0.0021441476929516994, -0.005516462426877137], [0.0021441476929516994, 0.005258935007184578, -0.0008031564065178675], [-0.005516462426877137, -0.0008031564065178677, 0.01242110527799242]], "chi2_level": 0.95, "chi2_df": 3, "chi2_threshold": 7.814727903251179, "N_raw": 7, "N_roi": 7, "N_inlier": 6, "refit": true}
{"timestamp": "12:44:58.000699", "frame": 36, "mu": [1.9280645617341285, 1.6477795485253603, 1.1917732858203958], "Sigma": [[0.6179859322027269, 0.536168591103886, -0.20845170553411335], [0.536168591103886, 0.48178057206977265, -0.16095369849589378], [-0.20845170553411335, -0.16095369849589378, 0.0995856329901853]], "chi2_level": 0.95, "chi2_df": 3, "chi2_threshold": 7.814727903251179, "N_raw": 8, "N_roi": 5, "N_inlier": 5, "refit": true}
{"timestamp": "12:44:58.055800", "frame": 37, "mu": [2.0006760975645332, 2.2121171597666667, 1.2444368705786466], "Sigma": [[0.0022529087994477195, -0.00042749031614155834, -0.010313323776144223], [-0.00042749031614155845, 0.0004886214902322286, 0.002801514568145128], [-0.010313323776144223, 0.002801514568145128, 0.05855733151403962]], "chi2_level": 0.95, "chi2_df": 3, "chi2_threshold": 7.814727903251179, "N_raw": 7, "N_roi": 6, "N_inlier": 5, "refit": true}
{"timestamp": "12:44:58.112680", "frame": 38, "mu": [1.9516970179587667, 2.1966238772568527, 1.469765201578218], "Sigma": [[0.0058387429577851655, -0.0035842162617061527, -0.0019025547659422457], [-0.003584216261706153, 0.004465115201409095, 0.0002108548818559862], [-0.0019025547659422457, 0.0002108548818559863, 0.001753306028674892]], "chi2_level": 0.95, "chi2_df": 3, "chi2_threshold": 7.814727903251179, "N_raw": 22, "N_roi": 22, "N_inlier": 20, "refit": true}
{"timestamp": "12:44:58.221462", "frame": 40, "mu": [1.926202863208727, 2.090381049932278, 0.9484077117453857], "Sigma": [[0.009704710989622873, -0.006075394553879296, -0.018172185597770653], [-0.006075394553879296, 0.00449295816340524, 0.012210994882496037], [-0.018172185597770653, 0.012210994882496037, 0.045469333754091526]], "chi2_level": 0.95, "chi2_df": 3, "chi2_threshold": 7.814727903251179, "N_raw": 5, "N_roi": 5, "N_inlier": 5, "refit": true}
{"timestamp": "12:44:58.282333", "frame": 41, "mu": [1.9175157496842226, 2.0772505612885572, 1.1244448170602122], "Sigma": [[0.008342471278293219, -0.007482549795641854, -0.008122228840543096], [-0.007482549795641854, 0.007473792440169947, 0.005054907683984724], [-0.008122228840543096, 0.005054907683984723, 0.033800908683178976]], "chi2_level": 0.95, "chi2_df": 3, "chi2_threshold": 7.814727903251179, "N_raw": 34, "N_roi": 34, "N_inlier": 33, "refit": true}
{"timestamp": "12:44:58.332670", "frame": 42, "mu": [1.8909089067872102, 2.0364803833479246, 1.2321520108323065], "Sigma": [[0.01643476050711368, -0.008458368057706264, -0.03717478681287857], [-0.008458368057706262, 0.006450931911620714, 0.022837101780211026], [-0.03717478681287857, 0.02283710178021103, 0.09156068424609706]], "chi2_level": 0.95, "chi2_df": 3, "chi2_threshold": 7.814727903251179, "N_raw": 7, "N_roi": 7, "N_inlier": 7, "refit": true}
{"timestamp": "12:44:58.391389", "frame": 43, "mu": [1.7551649243892018, 2.0906707797758317, 1.5502153785088957], "Sigma": [[0.009154758917509291, -0.004114797815400716, -0.004817311917627087], [-0.004114797815400716, 0.004781245226077725, 0.0021603544746155484], [-0.004817311917627087, 0.0021603544746155484, 0.004753170259737213]], "chi2_level": 0.95, "chi2_df": 3, "chi2_threshold": 7.814727903251179, "N_raw": 27, "N_roi": 27, "N_inlier": 25, "refit": true}
{"timestamp": "12:44:58.444752", "frame": 44, "mu": [1.7093168993799717, 2.092678395982835, 1.499622684081636], "Sigma": [[0.00801532052769625, -0.004810252397819886, -0.0028526430915189354], [-0.004810252397819886, 0.004729404040108252, 0.0010792558319273414], [-0.0028526430915189354, 0.0010792558319273411, 0.002104560635700092]], "chi2_level": 0.95, "chi2_df": 3, "chi2_threshold": 7.814727903251179, "N_raw": 23, "N_roi": 23, "N_inlier": 22, "refit": true}
{"timestamp": "12:44:58.505915", "frame": 45, "mu": [1.6630206595435142, 2.1162310237473574, 1.3859343606826429], "Sigma": [[0.013373804590676603, -0.007420987933536488, -0.01284881515621791], [-0.007420987933536488, 0.008171110305094941, 0.0018652051120541145], [-0.01284881515621791, 0.0018652051120541147, 0.02681887039795887]], "chi2_level": 0.95, "chi2_df": 3, "chi2_threshold": 7.814727903251179, "N_raw": 61, "N_roi": 61, "N_inlier": 59, "refit": true}
{"timestamp": "12:44:58.556360", "frame": 46, "mu": [1.6723165760057381, 2.026083980998717, 1.2825119358569745], "Sigma": [[0.007254330463014655, -0.004446613045543448, -0.004423819324976222], [-0.004446613045543448, 0.006477760189957141, 0.001963097422968737], [-0.004423819324976222, 0.001963097422968737, 0.0042009807835653055]], "chi2_level": 0.95, "chi2_df": 3, "chi2_threshold": 7.814727903251179, "N_raw": 32, "N_roi": 32, "N_inlier": 30, "refit": true}
{"timestamp": "12:44:58.665670", "frame": 48, "mu": [1.5549064481566606, 2.0755201488924513, 1.4811051236876014], "Sigma": [[0.005773256459461102, -0.0035474170817032485, -0.0028933500899120043], [-0.0035474170817032485, 0.005249719093388034, 0.00019491289442532118], [-0.0028933500899120043, 0.00019491289442532113, 0.0040051449085999795]], "chi2_level": 0.95, "chi2_df": 3, "chi2_threshold": 7.814727903251179, "N_raw": 30, "N_roi": 30, "N_inlier": 28, "refit": true}
{"timestamp": "12:44:58.717203", "frame": 49, "mu": [1.5334498469491153, 2.088012751935527, 1.2854907421589719], "Sigma": [[0.02072106577559132, -0.009437004421422167, -0.05781818986380234], [-0.009437004421422167, 0.011494615597862455, 0.05622508340015898], [-0.05781818986380234, 0.05622508340015898, 0.4125600424997748]], "chi2_level": 0.95, "chi2_df": 3, "chi2_threshold": 7.814727903251179, "N_raw": 7, "N_roi": 7, "N_inlier": 7, "refit": true}
{"timestamp": "12:44:58.772637", "frame": 50, "mu": [1.5018116410733808, 2.2409289420769354, -0.46702998325960154], "Sigma": [[0.008169961637278057, 0.005143650726345681, -0.054901516109687576], [0.00514365072634568, 0.00407598587968975, -0.03603629779029184], [-0.054901516109687576, -0.03603629779029184, 0.5122616429481982]], "chi2_level": 0.95, "chi2_df": 3, "chi2_threshold": 7.814727903251179, "N_raw": 8, "N_roi": 8, "N_inlier": 8, "refit": true}
{"timestamp": "12:44:58.827476", "frame": 51, "mu": [1.4852411413578932, 2.1623681450251073, -0.46461493822804817], "Sigma": [[0.013694907173690502, -0.002530121916370076, -0.02520436384725385], [-0.002530121916370076, 0.005761470965228839, 0.0060071390474701475], [-0.02520436384725385, 0.006007139047470147, 0.047181345339807015]], "chi2_level": 0.95, "chi2_df": 3, "chi2_threshold": 7.814727903251179, "N_raw": 7, "N_roi": 7, "N_inlier": 6, "refit": true}
{"timestamp": "12:44:58.881719", "frame": 52, "mu": [1.4232848658691806, 2.034176943334881, 1.3325998446030338], "Sigma": [[0.019529358039386234, -0.02005533279524438, -0.05666549902569898], [-0.02005533279524438, 0.02790999922002385, 0.06638168868007646], [-0.05666549902569898, 0.06638168868007646, 0.17381936987500599]], "chi2_level": 0.95, "chi2_df": 3, "chi2_threshold": 7.814727903251179, "N_raw": 6, "N_roi": 6, "N_inlier": 6, "refit": true}
{"timestamp": "12:44:58.940475", "frame": 53, "mu": [1.3264414308835821, 2.0939815785783957, 1.431876448586524], "Sigma": [[0.007884002918305896, -0.005710236269494674, -0.009651971640021795], [-0.0057102362694946745, 0.0068122687101564655, 0.006621068871828892], [-0.009651971640021795, 0.006621068871828891, 0.012954198415887078]], "chi2_level": 0.95, "chi2_df": 3, "chi2_threshold": 7.814727903251179, "N_raw": 31, "N_roi": 31, "N_inlier": 30, "refit": true}
{"timestamp": "12:44:58.993081", "frame": 54, "mu": [1.412690503029494, 1.9798345162192743, 0.9795765298484589], "Sigma": [[0.0048728345111584866, -0.003173521404084434, -0.019416194187311303], [-0.003173521404084434, 0.004973001403536505, 0.007742007384826011], [-0.019416194187311303, 0.007742007384826011, 0.10318230022317879]], "chi2_level": 0.95, "chi2_df": 3, "chi2_threshold": 7.814727903251179, "N_raw": 8, "N_roi": 8, "N_inlier": 8, "refit": true}
{"timestamp": "12:44:59.052464", "frame": 55, "mu": [1.2332837472373566, 2.123568199885153, 1.4289630794623958], "Sigma": [[0.008269486411476061, -0.004315976069922232, -0.005577380942323946], [-0.004315976069922232, 0.00616428519310041, 0.0043772643906899765], [-0.005577380942323946, 0.0043772643906899765, 0.010747776684924777]], "chi2_level": 0.95, "chi2_df": 3, "chi2_threshold": 7.814727903251179, "N_raw": 40, "N_roi": 40, "N_inlier": 37, "refit": true}
{"timestamp": "12:44:59.102868", "frame": 56, "mu": [1.2685617096866797, 2.028433162092237, 0.6449861101979296], "Sigma": [[0.016981576841223395, -0.004206209389549331, -0.07544221832901041], [-0.004206209389549331, 0.017081811429057597, 0.09362252550061227], [-0.0754422183290104, 0.09362252550061226, 0.7311613107234808]], "chi2_level": 0.95, "chi2_df": 3, "chi2_threshold": 7.814727903251179, "N_raw": 8, "N_roi": 8, "N_inlier": 8, "refit": true}
{"timestamp": "12:44:59.164903", "frame": 57, "mu": [1.168594571927108, 2.113750230534213, 1.3940702374125804], "Sigma": [[0.011248087937686434, -0.006100737137996414, -0.00950656270723994], [-0.006100737137996414, 0.009683472290140412, 0.0055030712172622585], [-0.00950656270723994, 0.0055030712172622585, 0.009293775875452496]], "chi2_level": 0.95, "chi2_df": 3, "chi2_threshold": 7.814727903251179, "N_raw": 57, "N_roi": 57, "N_inlier": 56, "refit": true}
{"timestamp": "12:44:59.222149", "frame": 58, "mu": [1.1673260554516478, 2.084443672048938, 1.291441287241684], "Sigma": [[0.014844954380415398, -0.01130962168749064, -0.026458068131968084], [-0.01130962168749064, 0.01313524150514865, 0.02438835789724387], [-0.026458068131968084, 0.02438835789724387, 0.08235096529733464]], "chi2_level": 0.95, "chi2_df": 3, "chi2_threshold": 7.814727903251179, "N_raw": 66, "N_roi": 66, "N_inlier": 64, "refit": true}
{"timestamp": "12:44:59.276553", "frame": 59, "mu": [1.2119669394238821, 2.0159593096631174, 1.1228009793333689], "Sigma": [[0.014122838636778592, -0.00812287307830779, -0.01888600901918741], [-0.00812287307830779, 0.005564453225061689, 0.011268590757568458], [-0.018886009019187407, 0.011268590757568458, 0.05384449534586311]], "chi2_level": 0.95, "chi2_df": 3, "chi2_threshold": 7.814727903251179, "N_raw": 64, "N_roi": 64, "N_inlier": 60, "refit": true}
{"timestamp": "12:44:59.332259", "frame": 60, "mu": [1.1572520253826906, 2.1323774618111013, -0.340027346678857], "Sigma": [[0.011337168728197292, -0.0019267531614438646, -0.010954190820505423], [-0.0019267531614438642, 0.004235773579965618, -0.004322672018256264], [-0.010954190820505423, -0.004322672018256264, 0.02370582374979173]], "chi2_level": 0.95, "chi2_df": 3, "chi2_threshold": 7.814727903251179, "N_raw": 64, "N_roi": 64, "N_inlier": 60, "refit": true}
{"timestamp": "12:44:59.384921", "frame": 61, "mu": [1.043390841507889, 2.131249015340056, -0.32354475867249566], "Sigma": [[0.010468196891546338, -0.000658565210109613, 0.007573695144800847], [-0.0006585652101096133, 0.002552411650900226, -0.0015942751372118443], [0.007573695144800847, -0.0015942751372118443, 0.04285389805291258]], "chi2_level": 0.95, "chi2_df": 3, "chi2_threshold": 7.814727903251179, "N_raw": 48, "N_roi": 48, "N_inlier": 44, "refit": true}
{"timestamp": "12:44:59.439066", "frame": 62, "mu": [1.0798502133692383, 2.0871638222249795, 1.1314951566773404], "Sigma": [[0.012175899016390998, -0.005211029882858563, -0.02162490967871366], [-0.005211029882858563, 0.012382665046221935, -0.0009396220961025444], [-0.02162490967871366, -0.0009396220961025446, 0.06086416777509602]], "chi2_level": 0.95, "chi2_df": 3, "chi2_threshold": 7.814727903251179, "N_raw": 43, "N_roi": 43, "N_inlier": 38, "refit": true}
{"timestamp": "12:44:59.492432", "frame": 63, "mu": [1.069887135034786, 1.9699908643952162, 1.1372401414427775], "Sigma": [[0.004251737062747955, -0.0014732303834417474, 9.89682541586549e-05], [-0.0014732303834417476, 0.003568713539198403, -0.0014970012474390814], [9.89682541586549e-05, -0.0014970012474390811, 0.0051437604360929584]], "chi2_level": 0.95, "chi2_df": 3, "chi2_threshold": 7.814727903251179, "N_raw": 35, "N_roi": 35, "N_inlier": 31, "refit": true}
{"timestamp": "12:44:59.552965", "frame": 64, "mu": [1.034191459633994, 1.9588147820930137, 0.8549906799219407], "Sigma": [[0.010717795967932377, -0.0021730723482069154, -0.010858823464892475], [-0.0021730723482069154, 0.004617970487653977, -0.003927282777891224], [-0.010858823464892475, -0.003927282777891224, 0.08095145314816621]], "chi2_level": 0.95, "chi2_df": 3, "chi2_threshold": 7.814727903251179, "N_raw": 74, "N_roi": 74, "N_inlier": 66, "refit": true}
{"timestamp": "12:44:59.608475", "frame": 65, "mu": [0.9460352911359661, 1.9295286201759208, 0.7584803583383789], "Sigma": [[0.01695065968496755, 0.0015096502997835846, 0.03246835446186859], [0.0015096502997835846, 0.00450656707395161, 0.005755434746415607], [0.03246835446186859, 0.0057554347464156075, 0.25802080184709913]], "chi2_level": 0.95, "chi2_df": 3, "chi2_threshold": 7.814727903251179, "N_raw": 74, "N_roi": 71, "N_inlier": 68, "refit": true}
{"timestamp": "12:44:59.664321", "frame": 66, "mu": [0.9411420394730068, 1.8742181733097543, 0.9956745237491342], "Sigma": [[0.013169149825191009, -0.0030340583827609185, -0.0029964464051597172], [-0.0030340583827609185, 0.0033455763910507676, -0.005434850441532672], [-0.0029964464051597172, -0.005434850441532673, 0.04491534527147123]], "chi2_level": 0.95, "chi2_df": 3, "chi2_threshold": 7.814727903251179, "N_raw": 72, "N_roi": 72, "N_inlier": 65, "refit": true}
{"timestamp": "12:44:59.718153", "frame": 67, "mu": [0.7670118978837148, 2.183928780144863, -0.3857352746110929], "Sigma": [[0.00866936376314445, -0.007138581154948657, -0.0015198102253795448], [-0.007138581154948657, 0.03779982281935847, -0.03161331320754786], [-0.001519810225379545, -0.03161331320754786, 0.04396490990299194]], "chi2_level": 0.95, "chi2_df": 3, "chi2_threshold": 7.814727903251179, "N_raw": 77, "N_roi": 77, "N_inlier": 70, "refit": true}
{"timestamp": "12:44:59.768275", "frame": 68, "mu": [0.6796420123529596, 1.8940647926357919, 1.049005639043347], "Sigma": [[0.005776343476502799, -0.0027924705698879225, 0.0027457794669865556], [-0.0027924705698879225, 0.004897967090199425, -0.0030591728835393716], [0.0027457794669865556, -0.0030591728835393716, 0.004119269308461184]], "chi2_level": 0.95, "chi2_df": 3, "chi2_threshold": 7.814727903251179, "N_raw": 45, "N_roi": 43, "N_inlier": 39, "refit": true}
{"timestamp": "12:44:59.821222", "frame": 69, "mu": [0.6699710501412728, 1.9129918510593789, 1.0141277154348654], "Sigma": [[0.010228580975250859, -0.001350903992869769, -0.003232263242764388], [-0.0013509039928697687, 0.0008099310696844233, -0.0007078306364421566], [-0.0032322632427643893, -0.0007078306364421566, 0.06067596914771413]], "chi2_level": 0.95, "chi2_df": 3, "chi2_threshold": 7.814727903251179, "N_raw": 31, "N_roi": 31, "N_inlier": 27, "refit": true}
{"timestamp": "12:44:59.877688", "frame": 70, "mu": [0.6610500368715567, 1.8849261265840613, 1.0390767179884028], "Sigma": [[0.005858432696319042, -0.0017886733376220392, -0.01022198254342501], [-0.0017886733376220392, 0.0030952083451718164, 0.004968385404467932], [-0.01022198254342501, 0.004968385404467932, 0.06558496345889893]], "chi2_level": 0.95, "chi2_df": 3, "chi2_threshold": 7.814727903251179, "N_raw": 35, "N_roi": 35, "N_inlier": 30, "refit": true}
{"timestamp": "12:44:59.935777", "frame": 71, "mu": [0.6056767768378033, 1.9760948980354809, 1.0060981315150292], "Sigma": [[0.013886617652820845, -0.005078984184323951, -0.050744145914374233], [-0.005078984184323951, 0.007564345658500023, 0.02074205979964541], [-0.050744145914374233, 0.020742059799645413, 0.34530264173674113]], "chi2_level": 0.95, "chi2_df": 3, "chi2_threshold": 7.814727903251179, "N_raw": 65, "N_roi": 65, "N_inlier": 64, "refit": true}
{"timestamp": "12:44:59.993627", "frame": 72, "mu": [0.49055142228937887, 1.9781104690858347, 1.157764949931768], "Sigma": [[0.011746238405997604, -0.004919047866363277, -0.02021638283618829], [-0.004919047866363277, 0.005860901281107331, 0.005565628397356095], [-0.02021638283618829, 0.005565628397356095, 0.12606714093142907]], "chi2_level": 0.95, "chi2_df": 3, "chi2_threshold": 7.814727903251179, "N_raw": 75, "N_roi": 75, "N_inlier": 70, "refit": true}
{"timestamp": "12:45:00.043624", "frame": 73, "mu": [0.5118880606612344, 1.9542471290879915, 1.0141644752351897], "Sigma": [[0.004140664596495879, -0.002039679387229193, 0.004091430007567422], [-0.002039679387229193, 0.006553376176379722, -0.012786804479659093], [0.004091430007567422, -0.012786804479659089, 0.2996556345283638]], "chi2_level": 0.95, "chi2_df": 3, "chi2_threshold": 7.814727903251179, "N_raw": 43, "N_roi": 43, "N_inlier": 42, "refit": true}
{"timestamp": "12:45:00.092784", "frame": 74, "mu": [0.322870507435622, 1.9702327781759497, 0.6182928499578868], "Sigma": [[0.01863216995799129, -0.009011007281653926, -0.029892173121397383], [-0.009011007281653926, 0.007808803498710099, -0.01846169050028039], [-0.02989217312139738, -0.01846169050028039, 0.4523541063341709]], "chi2_level": 0.95, "chi2_df": 3, "chi2_threshold": 7.814727903251179, "N_raw": 9, "N_roi": 9, "N_inlier": 9, "refit": true}
{"timestamp": "12:45:00.148777", "frame": 75, "mu": [0.34855017406172756, 1.9557100950621105, 0.5872918388357901], "Sigma": [[0.01228143710168073, -0.005332898953905213, -0.03123945147538886], [-0.005332898953905213, 0.007270599317249221, -0.015983572038825767], [-0.03123945147538886, -0.01598357203882577, 0.38760873900415943]], "chi2_level": 0.95, "chi2_df": 3, "chi2_threshold": 7.814727903251179, "N_raw": 11, "N_roi": 11, "N_inlier": 10, "refit": true}
{"timestamp": "12:45:00.206964", "frame": 76, "mu": [0.28931390388162015, 2.081869230689663, 1.3522357964242908], "Sigma": [[0.005566445482199021, 0.0010996184403548475, 0.0014959218131480492], [0.0010996184403548475, 0.0016538087369393371, -0.0014621206236538607], [0.0014959218131480494, -0.0014621206236538607, 0.004924672697690445]], "chi2_level": 0.95, "chi2_df": 3, "chi2_threshold": 7.814727903251179, "N_raw": 39, "N_roi": 37, "N_inlier": 33, "refit": true}
{"timestamp": "12:45:00.261973", "frame": 77, "mu": [0.33157923905461606, 1.9652352348317477, 1.0418613348775732], "Sigma": [[0.0030169097218485435, -0.0026442857407998244, -0.0022612797868112188], [-0.0026442857407998244, 0.005870713458845476, -0.0036520857736973807], [-0.0022612797868112188, -0.0036520857736973807, 0.1643589088315534]], "chi2_level": 0.95, "chi2_df": 3, "chi2_threshold": 7.814727903251179, "N_raw": 34, "N_roi": 34, "N_inlier": 32, "refit": true}
{"timestamp": "12:45:00.314411", "frame": 78, "mu": [0.1978024531715555, 2.035575474464805, 0.6248086618102726], "Sigma": [[0.002764330232767608, -0.0006259018082942049, -0.008307342458525515], [-0.0006259018082942049, 0.004089603783462929, 0.024697266101163982], [-0.008307342458525515, 0.024697266101163982, 0.4327359076682938]], "chi2_level": 0.95, "chi2_df": 3, "chi2_threshold": 7.814727903251179, "N_raw": 12, "N_roi": 11, "N_inlier": 10, "refit": true}
{"timestamp": "12:45:00.375710", "frame": 79, "mu": [0.03118128578415968, 2.1242323828011767, 1.2950159934190835], "Sigma": [[0.00841879650394682, -0.0018014612831521734, -0.006286355516895484], [-0.0018014612831521734, 0.004051942603157821, -0.0012498056353559576], [-0.006286355516895483, -0.0012498056353559576, 0.0082970788933672]], "chi2_level": 0.95, "chi2_df": 3, "chi2_threshold": 7.814727903251179, "N_raw": 63, "N_roi": 63, "N_inlier": 59, "refit": true}
{"timestamp": "12:45:00.423114", "frame": 80, "mu": [0.13707606737183303, 2.0391611766444457, 0.8099206145987851], "Sigma": [[0.00390683663498147, -0.0036939469980220136, -0.013814989363746312], [-0.0036939469980220136, 0.007229012355216117, 0.012862506361287602], [-0.013814989363746312, 0.0128625063612876, 0.4542368810070671]], "chi2_level": 0.95, "chi2_df": 3, "chi2_threshold": 7.814727903251179, "N_raw": 11, "N_roi": 11, "N_inlier": 10, "refit": true}
{"timestamp": "12:45:00.480693", "frame": 81, "mu": [0.06710684867767004, 2.078876895455872, 1.365124329701921], "Sigma": [[0.004853102688262206, -0.0025181817758753557, -0.0016617093296208405], [-0.0025181817758753557, 0.002644214479550081, -3.6536638046415443e-06], [-0.0016617093296208405, -3.6536638046415714e-06, 0.0017525822463880403]], "chi2_level": 0.95, "chi2_df": 3, "chi2_threshold": 7.814727903251179, "N_raw": 28, "N_roi": 26, "N_inlier": 23, "refit": true}
{"timestamp": "12:45:00.537026", "frame": 82, "mu": [0.04042929313188319, 2.1275980893709985, 1.4113851518479046], "Sigma": [[0.004975697273243357, -0.0007020757232527297, -0.00417344211098218], [-0.0007020757232527298, 0.002748277688342612, -2.971417361304166e-05], [-0.004173442110982181, -2.971417361304162e-05, 0.010286802650731256]], "chi2_level": 0.95, "chi2_df": 3, "chi2_threshold": 7.814727903251179, "N_raw": 37, "N_roi": 37, "N_inlier": 34, "refit": true}
{"timestamp": "12:45:00.589322", "frame": 83, "mu": [0.10477133206799134, 1.9923831729091854, 0.7357885846067003], "Sigma": [[0.005993176162498884, -0.0027541263487363683, -0.010418554669082604], [-0.0027541263487363683, 0.003848354114115892, 0.007989369067671405], [-0.010418554669082604, 0.007989369067671406, 0.08932122033696534]], "chi2_level": 0.95, "chi2_df": 3, "chi2_threshold": 7.814727903251179, "N_raw": 24, "N_roi": 24, "N_inlier": 21, "refit": true}
{"timestamp": "12:45:00.642720", "frame": 84, "mu": [-0.12336771336646447, 2.048072950274892, 0.21474090305896515], "Sigma": [[0.00837522084711369, -0.005353746158540331, -0.06206875086285637], [-0.005353746158540331, 0.004072355903491985, 0.03875673062051136], [-0.062068750862856376, 0.03875673062051136, 0.4659316668974295]], "chi2_level": 0.95, "chi2_df": 3, "chi2_threshold": 7.814727903251179, "N_raw": 7, "N_roi": 7, "N_inlier": 6, "refit": true}
{"timestamp": "12:45:00.702621", "frame": 85, "mu": [-0.06718292476441798, 2.0560992287608, 0.9532146322831145], "Sigma": [[0.010706268471956767, -0.008491790176280288, 0.03337753931463325], [-0.008491790176280288, 0.009608833778031881, -0.03219849018558861], [0.03337753931463325, -0.03219849018558861, 0.2552362600455575]], "chi2_level": 0.95, "chi2_df": 3, "chi2_threshold": 7.814727903251179, "N_raw": 43, "N_roi": 43, "N_inlier": 40, "refit": true}
{"timestamp": "12:45:00.758656", "frame": 86, "mu": [-0.1901525674506239, 2.1511387999653544, 0.780732208016572], "Sigma": [[0.013193422309525861, -0.010787680721419533, 0.03531148594355096], [-0.010787680721419533, 0.019159849469695595, -0.020495585212682], [0.03531148594355096, -0.020495585212682, 0.3321944882172321]], "chi2_level": 0.95, "chi2_df": 3, "chi2_threshold": 7.814727903251179, "N_raw": 49, "N_roi": 49, "N_inlier": 48, "refit": true}
{"timestamp": "12:45:00.814169", "frame": 87, "mu": [-0.18969944311227852, 1.9531041016575377, 0.4842705278465662], "Sigma": [[0.01856083331511551, 0.0052000197183719055, 0.08566399686093823], [0.0052000197183719055, 0.0070433151443543675, 0.04780244038358816], [0.08566399686093823, 0.04780244038358816, 0.6042212550776406]], "chi2_level": 0.95, "chi2_df": 3, "chi2_threshold": 7.814727903251179, "N_raw": 50, "N_roi": 45, "N_inlier": 44, "refit": true}
{"timestamp": "12:45:00.867687", "frame": 88, "mu": [-0.14426617747165688, 2.0311006013045927, 1.3433308154954693], "Sigma": [[0.006347087230591257, -0.003749385813989577, -0.004000096835197562], [-0.003749385813989577, 0.0050788577101752875, 0.003188621243940289], [-0.004000096835197562, 0.003188621243940289, 0.003037336635347914]], "chi2_level": 0.95, "chi2_df": 3, "chi2_threshold": 7.814727903251179, "N_raw": 41, "N_roi": 38, "N_inlier": 33, "refit": true}
{"timestamp": "12:45:00.923785", "frame": 89, "mu": [-0.24251577881634118, 2.1353641045369036, -0.10070951589999926], "Sigma": [[0.008379475700796874, -0.0018783469671366203, -0.010186710949467154], [-0.0018783469671366203, 0.003580851264027814, 0.0020047069729709926], [-0.010186710949467156, 0.0020047069729709926, 0.014982860976246593]], "chi2_level": 0.95, "chi2_df": 3, "chi2_threshold": 7.814727903251179, "N_raw": 49, "N_roi": 45, "N_inlier": 40, "refit": true}
{"timestamp": "12:45:00.985045", "frame": 90, "mu": [-0.2542613282371248, 2.0221460324382163, 1.1903149430943203], "Sigma": [[0.008269453938055399, -0.0009124438062172213, -0.006921117866775722], [-0.0009124438062172213, 0.0061324647030978315, -0.006249437580806457], [-0.0069211178667757224, -0.006249437580806457, 0.023242643585430392]], "chi2_level": 0.95, "chi2_df": 3, "chi2_threshold": 7.814727903251179, "N_raw": 87, "N_roi": 83, "N_inlier": 79, "refit": true}
{"timestamp": "12:45:01.041632", "frame": 91, "mu": [-0.2977533376266368, 1.9646571260878223, 1.1105500050064747], "Sigma": [[0.0074140027602743715, -0.002231905891208728, -0.002658597759883313], [-0.002231905891208728, 0.004024595456294591, -0.005073252338498841], [-0.002658597759883313, -0.005073252338498841, 0.02172605997869494]], "chi2_level": 0.95, "chi2_df": 3, "chi2_threshold": 7.814727903251179, "N_raw": 87, "N_roi": 85, "N_inlier": 80, "refit": true}
{"timestamp": "12:45:01.093218", "frame": 92, "mu": [-0.37816832027656566, 2.0425403759838656, -0.5661203174397159], "Sigma": [[0.007431484868861858, 0.0016992345544532951, 0.011198016223972306], [0.0016992345544532953, 0.014633497969412282, 0.008617102612749342], [0.011198016223972306, 0.008617102612749342, 0.042837161104869494]], "chi2_level": 0.95, "chi2_df": 3, "chi2_threshold": 7.814727903251179, "N_raw": 68, "N_roi": 68, "N_inlier": 63, "refit": true}
{"timestamp": "12:45:01.146995", "frame": 93, "mu": [-0.4533271916158841, 2.0951460974544265, -0.1644162045092768], "Sigma": [[0.008384566392331167, -0.002799170762869698, -0.007562056762358023], [-0.002799170762869698, 0.00793708698745394, 0.003566666151742458], [-0.007562056762358023, 0.003566666151742458, 0.00866201118136921]], "chi2_level": 0.95, "chi2_df": 3, "chi2_threshold": 7.814727903251179, "N_raw": 68, "N_roi": 68, "N_inlier": 67, "refit": true}
{"timestamp": "12:45:01.205887", "frame": 94, "mu": [-0.5289243478939226, 2.0573129633559666, 1.2192202156877479], "Sigma": [[0.02250971240866237, 0.003524296575412677, -0.05443385507061736], [0.0035242965754126764, 0.004722230854533005, -0.01772818037420093], [-0.05443385507061736, -0.01772818037420093, 0.20097327554748093]], "chi2_level": 0.95, "chi2_df": 3, "chi2_threshold": 7.814727903251179, "N_raw": 91, "N_roi": 89, "N_inlier": 87, "refit": true}
{"timestamp": "12:45:01.256927", "frame": 95, "mu": [-0.6306987743742689, 2.0200666132979808, 1.4548736626444347], "Sigma": [[0.01252673179274713, -0.004672409870536242, -0.010627825159006645], [-0.004672409870536241, 0.0064008276179379495, 0.004384885381669833], [-0.010627825159006645, 0.004384885381669832, 0.016164856702606888]], "chi2_level": 0.95, "chi2_df": 3, "chi2_threshold": 7.814727903251179, "N_raw": 64, "N_roi": 64, "N_inlier": 60, "refit": true}
{"timestamp": "12:45:01.317034", "frame": 96, "mu": [-0.6472956720342373, 2.073531608606039, -0.026024074927700685], "Sigma": [[0.015048229711513992, -0.004759105405106677, -0.016252340876741135], [-0.004759105405106677, 0.0049457211767850034, 0.005112890360643465], [-0.016252340876741135, 0.005112890360643465, 0.020370551568676457]], "chi2_level": 0.95, "chi2_df": 3, "chi2_threshold": 7.814727903251179, "N_raw": 63, "N_roi": 63, "N_inlier": 61, "refit": true}
{"timestamp": "12:45:01.371301", "frame": 97, "mu": [-0.6585680104985746, 2.028167393951869, 1.3415280365288638], "Sigma": [[0.009670293054993112, -0.002169948697612616, -0.01586346054107931], [-0.0021699486976126166, 0.009384608955435072, -0.0008052005703952814], [-0.01586346054107931, -0.0008052005703952818, 0.03475629006769859]], "chi2_level": 0.95, "chi2_df": 3, "chi2_threshold": 7.814727903251179, "N_raw": 88, "N_roi": 88, "N_inlier": 83, "refit": true}
{"timestamp": "12:45:01.424452", "frame": 98, "mu": [-0.7289335739772979, 2.0049899715274506, 1.427903179538258], "Sigma": [[0.010797772665605858, -0.005010587219659064, -0.013178695552730045], [-0.005010587219659064, 0.008823466178908099, 0.006049094324605725], [-0.013178695552730045, 0.006049094324605725, 0.018767615826436674]], "chi2_level": 0.95, "chi2_df": 3, "chi2_threshold": 7.814727903251179, "N_raw": 69, "N_roi": 68, "N_inlier": 63, "refit": true}
{"timestamp": "12:45:01.478287", "frame": 99, "mu": [-0.6973490516769287, 2.0209987005077616, 1.2064285947928608], "Sigma": [[0.009848282518336497, 2.562736568452223e-05, -0.018264256833181985], [2.5627365684522123e-05, 0.0059543351262734785, -0.0013675901402064499], [-0.018264256833181988, -0.0013675901402064499, 0.059101355228519156]], "chi2_level": 0.95, "chi2_df": 3, "chi2_threshold": 7.814727903251179, "N_raw": 80, "N_roi": 80, "N_inlier": 76, "refit": true}
{"timestamp": "12:45:01.601539", "frame": 100, "mu": [-0.7346556203376076, 2.008279598965462, 1.2358979356251174], "Sigma": [[0.00941421365813624, -0.004366913713306965, -0.011562011669697203], [-0.004366913713306965, 0.008501363060382957, 0.0012531952476225615], [-0.011562011669697203, 0.0012531952476225617, 0.025698546335056364]], "chi2_level": 0.95, "chi2_df": 3, "chi2_threshold": 7.814727903251179, "N_raw": 66, "N_roi": 66, "N_inlier": 62, "refit": true}
{"timestamp": "12:45:01.612004", "frame": 101, "mu": [-0.7769997199583237, 2.031462065706831, 1.236528654147848], "Sigma": [[0.008501521572311349, -0.00035782311461206496, -0.011428835732767196], [-0.0003578231146120649, 0.009312362343892417, 0.0001630080952937434], [-0.011428835732767196, 0.0001630080952937434, 0.04000297194815941]], "chi2_level": 0.95, "chi2_df": 3, "chi2_threshold": 7.814727903251179, "N_raw": 82, "N_roi": 82, "N_inlier": 76, "refit": true}
{"timestamp": "12:45:01.644414", "frame": 102, "mu": [-0.8748141808283507, 1.998833126729629, 1.3208096883293603], "Sigma": [[0.011406137033286879, -0.005548440471688074, -0.013873634880101491], [-0.005548440471688073, 0.011550289537432059, 0.006814783045859167], [-0.013873634880101491, 0.006814783045859167, 0.019797225551431246]], "chi2_level": 0.95, "chi2_df": 3, "chi2_threshold": 7.814727903251179, "N_raw": 82, "N_roi": 82, "N_inlier": 78, "refit": true}
{"timestamp": "12:45:01.699891", "frame": 103, "mu": [-0.8864326225984087, 1.9903114198728922, 1.2262842948303199], "Sigma": [[0.00899045545847853, -0.0012832331654002635, -0.008898769729603219], [-0.0012832331654002637, 0.013476062615581779, 0.0013442413382491302], [-0.008898769729603219, 0.00134424133824913, 0.01240040699911473]], "chi2_level": 0.95, "chi2_df": 3, "chi2_threshold": 7.814727903251179, "N_raw": 89, "N_roi": 89, "N_inlier": 83, "refit": true}
{"timestamp": "12:45:01.750062", "frame": 104, "mu": [-0.9660708086589317, 2.0292131170267407, 1.114944264043643], "Sigma": [[0.03918834022298343, -0.009813120643653857, -0.11070793256811778], [-0.009813120643653857, 0.005551527700683912, 0.026374803085701205], [-0.1107079325681178, 0.0263748030857012, 0.3720233912502611]], "chi2_level": 0.95, "chi2_df": 3, "chi2_threshold": 7.814727903251179, "N_raw": 56, "N_roi": 56, "N_inlier": 53, "refit": true}
{"timestamp": "12:45:01.813751", "frame": 105, "mu": [-1.0391186865373825, 2.06333865476408, 1.3021205798824533], "Sigma": [[0.018511715516508813, -0.008081128997919663, -0.032096496696158404], [-0.008081128997919663, 0.013910517912689513, 0.01246480736430891], [-0.032096496696158404, 0.01246480736430891, 0.10408488259251197]], "chi2_level": 0.95, "chi2_df": 3, "chi2_threshold": 7.814727903251179, "N_raw": 116, "N_roi": 116, "N_inlier": 109, "refit": true}
{"timestamp": "12:45:01.870484", "frame": 106, "mu": [-1.0566281733715788, 2.0094272015943595, 1.1662003473541547], "Sigma": [[0.021715239578289663, -0.006190199505316112, -0.04708474052925101], [-0.006190199505316112, 0.011793583459839772, 0.010721474356568724], [-0.04708474052925101, 0.010721474356568724, 0.20731712645029463]], "chi2_level": 0.95, "chi2_df": 3, "chi2_threshold": 7.814727903251179, "N_raw": 119, "N_roi": 119, "N_inlier": 118, "refit": true}
{"timestamp": "12:45:01.918318", "frame": 107, "mu": [-1.10974009670707, 2.098642092323895, -0.17060605009376872], "Sigma": [[0.02779049276009966, 0.0020082494817674707, -0.031197839320932348], [0.0020082494817674707, 0.009071990054064727, -0.024172474229298427], [-0.031197839320932348, -0.024172474229298427, 0.13163479237407275]], "chi2_level": 0.95, "chi2_df": 3, "chi2_threshold": 7.814727903251179, "N_raw": 76, "N_roi": 76, "N_inlier": 73, "refit": true}
{"timestamp": "12:45:01.964822", "frame": 108, "mu": [-1.176778737626748, 2.0028698872476576, 0.6570114402707871], "Sigma": [[0.007859264041768229, -0.0024524131125691975, 0.010582676940366515], [-0.0024524131125691975, 0.0030762755277673193, 0.010881958705410333], [0.010582676940366515, 0.010881958705410333, 0.21206702303373368]], "chi2_level": 0.95, "chi2_df": 3, "chi2_threshold": 7.814727903251179, "N_raw": 23, "N_roi": 23, "N_inlier": 21, "refit": true}
{"timestamp": "12:45:02.027989", "frame": 109, "mu": [-1.2266309491494347, 2.1251715736656416, -0.08582019073624213], "Sigma": [[0.0246796628243933, -0.0005849376329575204, -0.013309182648080295], [-0.0005849376329575198, 0.00617603734671543, 0.006882804826673228], [-0.013309182648080295, 0.006882804826673228, 0.031180995791552323]], "chi2_level": 0.95, "chi2_df": 3, "chi2_threshold": 7.814727903251179, "N_raw": 79, "N_roi": 79, "N_inlier": 75, "refit": true}
{"timestamp": "12:45:02.076248", "frame": 110, "mu": [-1.1217687897534492, 1.934662361148193, 1.1807787633295956], "Sigma": [[0.008025671120832295, -0.004033512428882046, -0.010711702806078739], [-0.004033512428882046, 0.006792641120425706, 0.008271782985537626], [-0.01071170280607874, 0.008271782985537626, 0.01784410742093801]], "chi2_level": 0.95, "chi2_df": 3, "chi2_threshold": 7.814727903251179, "N_raw": 29, "N_roi": 29, "N_inlier": 25, "refit": true}
{"timestamp": "12:45:02.139464", "frame": 111, "mu": [-1.1719660850052462, 1.9766666897618999, 1.2047493974723884], "Sigma": [[0.017488113659230867, -0.0043782418589001695, -0.009547673617512745], [-0.0043782418589001695, 0.009962081108737593, -0.0001041848099367597], [-0.009547673617512745, -0.00010418480993675948, 0.007669683549045471]], "chi2_level": 0.95, "chi2_df": 3, "chi2_threshold": 7.814727903251179, "N_raw": 93, "N_roi": 93, "N_inlier": 90, "refit": true}
{"timestamp": "12:45:02.191459", "frame": 112, "mu": [-1.1715715098265451, 1.9358759967122667, 1.1859521655908414], "Sigma": [[0.00957726446093368, 0.0013966338550465596, -0.004072442842851222], [0.0013966338550465598, 0.0065000054160049905, -0.004089251058159732], [-0.004072442842851223, -0.004089251058159733, 0.004035801604924135]], "chi2_level": 0.95, "chi2_df": 3, "chi2_threshold": 7.814727903251179, "N_raw": 66, "N_roi": 66, "N_inlier": 64, "refit": true}
{"timestamp": "12:45:02.249718", "frame": 113, "mu": [-1.3280015137868342, 2.0184422129586257, 1.348764256767348], "Sigma": [[0.02011073643510057, -0.010065753596760742, -0.02218054089286193], [-0.01006575359676074, 0.01738895927899977, 0.014583416983491464], [-0.02218054089286193, 0.014583416983491464, 0.028385628916631964]], "chi2_level": 0.95, "chi2_df": 3, "chi2_threshold": 7.814727903251179, "N_raw": 88, "N_roi": 88, "N_inlier": 84, "refit": true}
{"timestamp": "12:45:02.301763", "frame": 114, "mu": [-1.4378591482639933, 1.9810098091380128, 1.412494680251967], "Sigma": [[0.01675024145427359, -0.005538380442411614, -0.021296201569973326], [-0.005538380442411614, 0.010039579617753537, 0.01045472145924908], [-0.021296201569973326, 0.01045472145924908, 0.030343625832958514]], "chi2_level": 0.95, "chi2_df": 3, "chi2_threshold": 7.814727903251179, "N_raw": 66, "N_roi": 66, "N_inlier": 60, "refit": true}
{"timestamp": "12:45:02.357248", "frame": 115, "mu": [-1.468401074983132, 2.035945816779506, 1.1975634227606051], "Sigma": [[0.01716900382065171, 0.0035733845624369657, -0.03914043336154602], [0.0035733845624369657, 0.012069824591503199, -0.017190910846090438], [-0.03914043336154602, -0.017190910846090438, 0.13622605534682827]], "chi2_level": 0.95, "chi2_df": 3, "chi2_threshold": 7.814727903251179, "N_raw": 69, "N_roi": 69, "N_inlier": 68, "refit": true}
{"timestamp": "12:45:02.410788", "frame": 116, "mu": [-1.8160457421960874, 1.8581809329083185, 1.7465634099887861], "Sigma": [[0.05007521689963132, 0.03480738605002823, -0.03950548517310083], [0.03480738605002823, 0.030232718897904937, -0.027100186011636294], [-0.03950548517310083, -0.027100186011636294, 0.033760723562973036]], "chi2_level": 0.95, "chi2_df": 3, "chi2_threshold": 7.814727903251179, "N_raw": 59, "N_roi": 59, "N_inlier": 55, "refit": true}
{"timestamp": "12:45:02.462923", "frame": 117, "mu": [-1.6064834357161546, 1.8335072900517893, 1.2878837891430337], "Sigma": [[0.00742260155005897, 0.0017657375468256927, -0.0033200599386034742], [0.0017657375468256927, 0.006250150666197044, -0.0024555303368850537], [-0.0033200599386034742, -0.0024555303368850537, 0.0026326261046494253]], "chi2_level": 0.95, "chi2_df": 3, "chi2_threshold": 7.814727903251179, "N_raw": 40, "N_roi": 40, "N_inlier": 35, "refit": true}
