{"timestamp": "12:46:59.645319", "frame": 51, "mu": [1.541880751716947, 0.8624607174409462, 1.4443904766344426], "Sigma": [[0.0022717451916671504, 0.0013525866688159495, 0.0013126528756850224], [0.0013525866688159495, 0.0037293416595679946, -0.00024915682759735984], [0.0013126528756850224, -0.00024915682759735994, 0.0035283812513001414]], "chi2_level": 0.99, "chi2_df": 3, "chi2_threshold": 11.344866730144373, "N_raw": 13, "N_roi": 13, "N_inlier": 13, "refit": true}
{"timestamp": "12:46:59.701474", "frame": 52, "mu": [1.4947169232822097, 0.7858206152808509, 1.3412909146632692], "Sigma": [[0.002198030345989869, -0.001783907180722485, -0.0007994383946719446], [-0.001783907180722485, 0.006609361408342864, -0.0012185770518877257], [-0.0007994383946719446, -0.001218577051887726, 0.00495859006674827]], "chi2_level": 0.99, "chi2_df": 3, "chi2_threshold": 11.344866730144373, "N_raw": 17, "N_roi": 17, "N_inlier": 16, "refit": true}
{"timestamp": "12:46:59.866280", "frame": 55, "mu": [1.431928824508816, 1.014862550447784, 1.3937357517777955], "Sigma": [[0.009840401553324439, -0.0037353798271375716, 0.017122701368552772], [-0.0037353798271375716, 0.0075125173796526026, -0.006097778163661228], [0.01712270136855277, -0.0060977781636612285, 0.04794875533577674]], "chi2_level": 0.99, "chi2_df": 3, "chi2_threshold": 11.344866730144373, "N_raw": 17, "N_roi": 16, "N_inlier": 16, "refit": true}
{"timestamp": "12:46:59.978064", "frame": 57, "mu": [1.3221008653843673, 1.1240352536612066, 1.5000404412676425], "Sigma": [[0.003465265362941187, -0.002171511828209175, -6.628354488164904e-05], [-0.002171511828209175, 0.006924210759169621, -0.0008489217592698125], [-6.628354488164899e-05, -0.0008489217592698125, 0.0007959809118562325]], "chi2_level": 0.99, "chi2_df": 3, "chi2_threshold": 11.344866730144373, "N_raw": 21, "N_roi": 21, "N_inlier": 20, "refit": true}
{"timestamp": "12:47:00.033309", "frame": 58, "mu": [1.2603282261941242, 1.2416818400864986, 1.5534064087651582], "Sigma": [[0.0033883507270652397, -0.0012384269808495489, -0.0006791433648170233], [-0.0012384269808495487, 0.0025232562170760964, -0.0010184239474898917], [-0.0006791433648170235, -0.0010184239474898917, 0.0012335725004231676]], "chi2_level": 0.99, "chi2_df": 3, "chi2_threshold": 11.344866730144373, "N_raw": 18, "N_roi": 18, "N_inlier": 17, "refit": true}
{"timestamp": "12:47:00.089122", "frame": 59, "mu": [1.242768422426228, 1.2378174066132117, 1.3080884924665392], "Sigma": [[0.0029276737511265737, -0.0018554286391562077, -0.010964848077657614], [-0.0018554286391562077, 0.009461006823718704, 0.030470265391508156], [-0.010964848077657614, 0.030470265391508156, 0.14480917411018587]], "chi2_level": 0.99, "chi2_df": 3, "chi2_threshold": 11.344866730144373, "N_raw": 20, "N_roi": 20, "N_inlier": 18, "refit": true}
{"timestamp": "12:47:00.308675", "frame": 63, "mu": [1.067947921703544, 1.2892934806435514, 1.310012988471148], "Sigma": [[0.002335273679585004, -7.304912599729403e-05, 0.0014472323430525793], [-7.304912599729425e-05, 0.004145750372374679, 0.0015865743483673474], [0.0014472323430525793, 0.0015865743483673472, 0.022721043737979247]], "chi2_level": 0.99, "chi2_df": 3, "chi2_threshold": 11.344866730144373, "N_raw": 17, "N_roi": 17, "N_inlier": 16, "refit": true}
{"timestamp": "12:47:00.365335", "frame": 64, "mu": [1.0520912667173128, 1.2593000015699216, 0.9230590101733861], "Sigma": [[0.0028892588628572323, -0.00039984871827368083, -0.003509123818875702], [-0.00039984871827368083, 0.0018478768507536503, -0.001851236643887821], [-0.003509123818875702, -0.001851236643887821, 0.021831622140799065]], "chi2_level": 0.99, "chi2_df": 3, "chi2_threshold": 11.344866730144373, "N_raw": 24, "N_roi": 24, "N_inlier": 23, "refit": true}
{"timestamp": "12:47:00.421078", "frame": 65, "mu": [1.076016677245706, 1.4009466713024088, 1.505815766924365], "Sigma": [[0.0038999474315874246, 0.0013242896514997233, 0.003126506116608688], [0.0013242896514997233, 0.006689531916577738, 0.005905175019609981], [0.003126506116608688, 0.005905175019609981, 0.006450605847214346]], "chi2_level": 0.99, "chi2_df": 3, "chi2_threshold": 11.344866730144373, "N_raw": 28, "N_roi": 28, "N_inlier": 28, "refit": true}
{"timestamp": "12:47:00.534907", "frame": 67, "mu": [0.9777210219560829, 1.3728671803918526, 1.1803461866077272], "Sigma": [[0.0048917452330441155, -0.002680781934905594, -0.003957449860113144], [-0.002680781934905594, 0.010318855072195621, 0.010077050143071517], [-0.003957449860113144, 0.010077050143071517, 0.03189354987356947]], "chi2_level": 0.99, "chi2_df": 3, "chi2_threshold": 11.344866730144373, "N_raw": 58, "N_roi": 58, "N_inlier": 58, "refit": true}
{"timestamp": "12:47:00.591978", "frame": 68, "mu": [0.9651398102838925, 1.439202885860478, 1.2398183237311107], "Sigma": [[0.004408770142118437, -0.0008486388484173972, -0.0037694246533326483], [-0.0008486388484173972, 0.013613404978530108, 0.020285585601033287], [-0.0037694246533326483, 0.02028558560103329, 0.06580619186554776]], "chi2_level": 0.99, "chi2_df": 3, "chi2_threshold": 11.344866730144373, "N_raw": 65, "N_roi": 65, "N_inlier": 62, "refit": true}
{"timestamp": "12:47:00.644830", "frame": 69, "mu": [0.9281649215130146, 1.4159655912127718, 1.1629917019918499], "Sigma": [[0.004182997684099053, -0.0014153826531913768, 0.00912909233605994], [-0.0014153826531913768, 0.005802651656707138, -0.011450344977346014], [0.00912909233605994, -0.011450344977346016, 0.09106250593050554]], "chi2_level": 0.99, "chi2_df": 3, "chi2_threshold": 11.344866730144373, "N_raw": 31, "N_roi": 31, "N_inlier": 30, "refit": true}
{"timestamp": "12:47:00.700741", "frame": 70, "mu": [0.9091852599101823, 1.526031222646406, 1.3269133669249311], "Sigma": [[0.007278308192441519, -0.0005440453369623206, -0.0026886388989314494], [-0.0005440453369623206, 0.011114816460482912, 0.0033774166780067487], [-0.0026886388989314494, 0.0033774166780067487, 0.0037016046769958568]], "chi2_level": 0.99, "chi2_df": 3, "chi2_threshold": 11.344866730144373, "N_raw": 68, "N_roi": 68, "N_inlier": 65, "refit": true}
{"timestamp": "12:47:00.754464", "frame": 71, "mu": [0.8556865360530498, 1.5275022877690154, 1.35867981802286], "Sigma": [[0.0071041833075394705, -0.0003382216440023528, -0.0008273411911527166], [-0.00033822164400235257, 0.007976854252468317, 0.002769997156906708], [-0.0008273411911527167, 0.002769997156906708, 0.0014164084887442734]], "chi2_level": 0.99, "chi2_df": 3, "chi2_threshold": 11.344866730144373, "N_raw": 56, "N_roi": 56, "N_inlier": 55, "refit": true}
{"timestamp": "12:47:00.808039", "frame": 72, "mu": [0.8074574897273596, 1.5563458402036667, 1.3149814256471664], "Sigma": [[0.005308182337086944, 0.0002503850133920491, 0.001249464425497265], [0.00025038501339204897, 0.00622022585255146, 0.0018896906432327595], [0.001249464425497265, 0.0018896906432327595, 0.0011734955008857908]], "chi2_level": 0.99, "chi2_df": 3, "chi2_threshold": 11.344866730144373, "N_raw": 45, "N_roi": 45, "N_inlier": 42, "refit": true}
{"timestamp": "12:47:00.863511", "frame": 73, "mu": [0.7633795908212357, 1.7088453253464908, -0.2376896449415726], "Sigma": [[0.005354933436281011, -0.0013132583810092251, -0.0010148061643797755], [-0.0013132583810092253, 0.00422076809679267, 0.0021891008081124422], [-0.0010148061643797755, 0.0021891008081124422, 0.0013574794332418263]], "chi2_level": 0.99, "chi2_df": 3, "chi2_threshold": 11.344866730144373, "N_raw": 42, "N_roi": 42, "N_inlier": 40, "refit": true}
{"timestamp": "12:47:00.915774", "frame": 74, "mu": [0.6973345284222112, 1.589916387844609, 1.3365592334637268], "Sigma": [[0.005738483791153888, 0.0023985725375887798, 0.0022928915649457985], [0.0023985725375887798, 0.004386910965424912, 0.001685727902174024], [0.0022928915649457985, 0.001685727902174024, 0.0016538385732980164]], "chi2_level": 0.99, "chi2_df": 3, "chi2_threshold": 11.344866730144373, "N_raw": 35, "N_roi": 35, "N_inlier": 35, "refit": true}
{"timestamp": "12:47:00.972346", "frame": 75, "mu": [0.7444748451647785, 1.6850814185168133, 1.278872194190652], "Sigma": [[0.0060312051714649225, 0.0017164198620301047, -0.0026216816942962484], [0.0017164198620301043, 0.009934995332309153, 0.024641457646294853], [-0.002621681694296248, 0.024641457646294853, 0.17314638018625592]], "chi2_level": 0.99, "chi2_df": 3, "chi2_threshold": 11.344866730144373, "N_raw": 43, "N_roi": 43, "N_inlier": 41, "refit": true}
{"timestamp": "12:47:01.033523", "frame": 76, "mu": [0.6621602124710587, 1.6719960968965832, -0.6700377905649513], "Sigma": [[0.020271523838435952, 0.005930787095256131, 0.006814261406266511], [0.005930787095256131, 0.009541148340415499, 0.014580975335870194], [0.006814261406266508, 0.014580975335870196, 0.6175359725636309]], "chi2_level": 0.99, "chi2_df": 3, "chi2_threshold": 11.344866730144373, "N_raw": 82, "N_roi": 82, "N_inlier": 79, "refit": true}
{"timestamp": "12:47:01.081663", "frame": 77, "mu": [0.6184513810488321, 1.6821216566128068, 0.6349529219341727], "Sigma": [[0.007164862353030914, 0.002232961278258952, -0.024580388707877352], [0.0022329612782589514, 0.009138239012245869, 0.014026626797005406], [-0.024580388707877352, 0.014026626797005406, 0.43300151166369893]], "chi2_level": 0.99, "chi2_df": 3, "chi2_threshold": 11.344866730144373, "N_raw": 12, "N_roi": 12, "N_inlier": 12, "refit": true}
{"timestamp": "12:47:01.141810", "frame": 78, "mu": [0.5449994306965747, 1.7056969382709728, 1.0038961635291384], "Sigma": [[0.00870921841401672, -0.004729051866834204, -0.03849052458764783], [-0.004729051866834204, 0.017673292330977624, 0.07170378947836098], [-0.03849052458764783, 0.071703789478361, 0.4830189891986397]], "chi2_level": 0.99, "chi2_df": 3, "chi2_threshold": 11.344866730144373, "N_raw": 64, "N_roi": 64, "N_inlier": 63, "refit": true}
{"timestamp": "12:47:01.193043", "frame": 79, "mu": [0.47481836903021013, 1.8149826947662135, 1.3772075909025125], "Sigma": [[0.006188049476217094, -0.0012547055135592442, -0.0071305740557912195], [-0.0012547055135592442, 0.002945529122010463, 0.009329960937766531], [-0.007130574055791221, 0.009329960937766531, 0.09118803698806834]], "chi2_level": 0.99, "chi2_df": 3, "chi2_threshold": 11.344866730144373, "N_raw": 45, "N_roi": 45, "N_inlier": 42, "refit": true}
{"timestamp": "12:47:01.252788", "frame": 80, "mu": [0.4564267710615109, 1.7653051004012212, -1.0862574011017423], "Sigma": [[0.005344970694086996, 0.00043017301810068973, 0.00576814958096378], [0.00043017301810068973, 0.008560380355847387, 0.05439259618050224], [0.005768149580963775, 0.05439259618050223, 0.548376614163429]], "chi2_level": 0.99, "chi2_df": 3, "chi2_threshold": 11.344866730144373, "N_raw": 71, "N_roi": 71, "N_inlier": 71, "refit": true}
{"timestamp": "12:47:01.309379", "frame": 81, "mu": [0.4337793557642537, 1.9708541332748766, -0.009825313243045974], "Sigma": [[0.00787872174990162, 0.001986704866175277, 0.0336472631828882], [0.001986704866175277, 0.01120541779479973, -0.012952398030159287], [0.0336472631828882, -0.012952398030159285, 0.36965352482255104]], "chi2_level": 0.99, "chi2_df": 3, "chi2_threshold": 11.344866730144373, "N_raw": 80, "N_roi": 77, "N_inlier": 74, "refit": true}
{"timestamp": "12:47:01.361317", "frame": 82, "mu": [0.3754365214383738, 1.8809416649488744, 1.253095997531218], "Sigma": [[0.008127347714169248, 0.000952600082119339, -0.00692255667091895], [0.0009526000821193388, 0.003985398731966063, -0.0005903212946537972], [-0.006922556670918949, -0.0005903212946537972, 0.014602008884133941]], "chi2_level": 0.99, "chi2_df": 3, "chi2_threshold": 11.344866730144373, "N_raw": 66, "N_roi": 64, "N_inlier": 59, "refit": true}
{"timestamp": "12:47:01.417928", "frame": 83, "mu": [0.3517012628415794, 1.9499881871386082, 1.1177125217040493], "Sigma": [[0.0064292544634989525, 0.001040486703138738, -0.013302640549049036], [0.0010404867031387382, 0.009513389519557344, -0.028117663224916236], [-0.013302640549049038, -0.02811766322491624, 0.33764505467199707]], "chi2_level": 0.99, "chi2_df": 3, "chi2_threshold": 11.344866730144373, "N_raw": 70, "N_roi": 68, "N_inlier": 66, "refit": true}
{"timestamp": "12:47:01.468059", "frame": 84, "mu": [0.3015504280192885, 1.92017877654486, 1.1033600126769223], "Sigma": [[0.004880714808913801, -0.0014991817197666773, -0.01805604958201664], [-0.0014991817197666773, 0.002562768911597379, -0.0014081398239794989], [-0.01805604958201664, -0.0014081398239794989, 0.26516678885158323]], "chi2_level": 0.99, "chi2_df": 3, "chi2_threshold": 11.344866730144373, "N_raw": 33, "N_roi": 31, "N_inlier": 29, "refit": true}
{"timestamp": "12:47:01.526019", "frame": 85, "mu": [0.29855974547109615, 2.032340970163766, 1.393933898011394], "Sigma": [[0.006610760870181348, 0.00011311006399548332, -3.213965193201598e-05], [0.00011311006399548348, 0.003965770163383532, -0.0002989420335997763], [-3.2139651932016006e-05, -0.00029894203359977624, 0.03630816388068461]], "chi2_level": 0.99, "chi2_df": 3, "chi2_threshold": 11.344866730144373, "N_raw": 73, "N_roi": 73, "N_inlier": 67, "refit": true}
{"timestamp": "12:47:01.580326", "frame": 86, "mu": [0.29000634306066514, 2.008078227222328, 1.1823906692570074], "Sigma": [[0.012276204695378828, -0.006923650682093649, -0.03564741422431618], [-0.006923650682093649, 0.014568605348428658, 0.060300954256927254], [-0.03564741422431618, 0.06030095425692726, 0.34660101294202605]], "chi2_level": 0.99, "chi2_df": 3, "chi2_threshold": 11.344866730144373, "N_raw": 54, "N_roi": 51, "N_inlier": 49, "refit": true}
{"timestamp": "12:47:01.634765", "frame": 87, "mu": [0.1710026195495985, 2.019182867747747, 1.2380024023415899], "Sigma": [[0.010821783451580616, -0.0029953445298000706, -0.01818186734660906], [-0.0029953445298000706, 0.004981740718313122, 0.01190417243884119], [-0.01818186734660906, 0.01190417243884119, 0.09291225996575816]], "chi2_level": 0.99, "chi2_df": 3, "chi2_threshold": 11.344866730144373, "N_raw": 58, "N_roi": 57, "N_inlier": 55, "refit": true}
{"timestamp": "12:47:01.693862", "frame": 88, "mu": [0.18618545865129413, 2.103006148509528, 1.2723304962096444], "Sigma": [[0.007352987890240866, 0.0017876598735487373, 0.0014058572418799017], [0.0017876598735487373, 0.0043034368360208575, 0.0016372979255871154], [0.0014058572418799015, 0.0016372979255871154, 0.052941774508704825]], "chi2_level": 0.99, "chi2_df": 3, "chi2_threshold": 11.344866730144373, "N_raw": 79, "N_roi": 79, "N_inlier": 75, "refit": true}
{"timestamp": "12:47:01.747079", "frame": 89, "mu": [0.14895728071939804, 2.203410441819882, 1.5444845005290881], "Sigma": [[0.00778769204071696, 0.002454824449685864, 0.005232460462474952], [0.002454824449685864, 0.01178121055377414, 0.01090443673838187], [0.005232460462474952, 0.01090443673838187, 0.013653494607797651]], "chi2_level": 0.99, "chi2_df": 3, "chi2_threshold": 11.344866730144373, "N_raw": 72, "N_roi": 68, "N_inlier": 65, "refit": true}
{"timestamp": "12:47:01.807079", "frame": 90, "mu": [0.10066243912144328, 2.2245416879285806, 1.5272792839230298], "Sigma": [[0.008731181944463986, 0.0020921822952078956, 0.0035699431650907864], [0.0020921822952078956, 0.012670280383014288, 0.015340333492097825], [0.0035699431650907864, 0.015340333492097825, 0.07010449803230909]], "chi2_level": 0.99, "chi2_df": 3, "chi2_threshold": 11.344866730144373, "N_raw": 96, "N_roi": 80, "N_inlier": 77, "refit": true}
{"timestamp": "12:47:01.858206", "frame": 91, "mu": [0.06525447916225062, 2.2626711243356703, 1.3216925725196165], "Sigma": [[0.008559337788932754, 0.0015497552138519092, 0.012238810457860152], [0.0015497552138519094, 0.006919621179472657, 0.004534433343489018], [0.012238810457860152, 0.0045344333434890185, 0.22654881822514492]], "chi2_level": 0.99, "chi2_df": 3, "chi2_threshold": 11.344866730144373, "N_raw": 76, "N_roi": 76, "N_inlier": 76, "refit": true}
{"timestamp": "12:47:01.913081", "frame": 92, "mu": [0.03365727233365631, 2.2877303822113118, 1.4727727196661478], "Sigma": [[0.007352943710376927, 0.0006049303371858281, 0.00717311417102759], [0.0006049303371858284, 0.012543935739614718, 0.00626512217797008], [0.00717311417102759, 0.006265122177970081, 0.08363358901660686]], "chi2_level": 0.99, "chi2_df": 3, "chi2_threshold": 11.344866730144373, "N_raw": 69, "N_roi": 69, "N_inlier": 65, "refit": true}
{"timestamp": "12:47:01.959290", "frame": 93, "mu": [-0.030928162886804555, 2.315127546298025, 1.1947300383493962], "Sigma": [[0.004479260526099223, 0.0009397537853171185, 0.02916408992061776], [0.000939753785317118, 0.0075279532276498, -0.007721166198484029], [0.02916408992061776, -0.007721166198484031, 0.26514872068180456]], "chi2_level": 0.99, "chi2_df": 3, "chi2_threshold": 11.344866730144373, "N_raw": 15, "N_roi": 11, "N_inlier": 11, "refit": true}
{"timestamp": "12:47:02.018440", "frame": 94, "mu": [-0.007078900963971612, 2.3774669578606877, 1.4929241520104446], "Sigma": [[0.00787590807976069, 0.0018357219800961132, -0.002025838271263019], [0.0018357219800961134, 0.006930155647625601, 0.0035404411982648764], [-0.002025838271263019, 0.0035404411982648764, 0.007768386760268486]], "chi2_level": 0.99, "chi2_df": 3, "chi2_threshold": 11.344866730144373, "N_raw": 52, "N_roi": 52, "N_inlier": 48, "refit": true}
{"timestamp": "12:47:02.074137", "frame": 95, "mu": [-0.0919777724348799, 2.4036226668252167, -0.25577371211590055], "Sigma": [[0.008836700726437526, 0.004052331504601443, 0.018984838478340097], [0.004052331504601442, 0.008960218449264536, 0.017795823378905028], [0.018984838478340097, 0.017795823378905028, 0.08576827311364058]], "chi2_level": 0.99, "chi2_df": 3, "chi2_threshold": 11.344866730144373, "N_raw": 55, "N_roi": 55, "N_inlier": 52, "refit": true}
{"timestamp": "12:47:02.132870", "frame": 96, "mu": [-0.13847603481393309, 2.4214501488805507, 1.4290380630942614], "Sigma": [[0.01759593707338929, -0.001583721658369045, -0.03288878094329768], [-0.0015837216583690452, 0.008626288070116983, 0.013732999619844623], [-0.03288878094329768, 0.013732999619844623, 0.11726042466161217]], "chi2_level": 0.99, "chi2_df": 3, "chi2_threshold": 11.344866730144373, "N_raw": 70, "N_roi": 70, "N_inlier": 67, "refit": true}
{"timestamp": "12:47:02.194578", "frame": 97, "mu": [-0.038693870314538026, 2.4781360365536926, 0.24394747425902202], "Sigma": [[0.03516798459969784, -0.009449033108415474, 0.013061770221615338], [-0.009449033108415474, 0.010988226316253909, -0.013844295523324501], [0.013061770221615338, -0.013844295523324503, 0.052216962996229827]], "chi2_level": 0.99, "chi2_df": 3, "chi2_threshold": 11.344866730144373, "N_raw": 115, "N_roi": 115, "N_inlier": 109, "refit": true}
{"timestamp": "12:47:02.242474", "frame": 98, "mu": [-0.2041095039339386, 2.48348183017439, 1.3572094128604408], "Sigma": [[0.030437915151571182, -0.004077120415772023, -0.07278721471771964], [-0.004077120415772024, 0.006577712039730355, 0.018629390475259005], [-0.07278721471771965, 0.018629390475259005, 0.22981903127441775]], "chi2_level": 0.99, "chi2_df": 3, "chi2_threshold": 11.344866730144373, "N_raw": 63, "N_roi": 63, "N_inlier": 61, "refit": true}
{"timestamp": "12:47:02.302787", "frame": 99, "mu": [-0.1755521923340025, 2.6725953559995386, -0.3799520897196657], "Sigma": [[0.042073758707457665, 0.02593482246254496, -0.08283380825984032], [0.025934822462544964, 0.027281213272337138, -0.06844520807013882], [-0.08283380825984031, -0.06844520807013882, 0.23146762918278194]], "chi2_level": 0.99, "chi2_df": 3, "chi2_threshold": 11.344866730144373, "N_raw": 114, "N_roi": 114, "N_inlier": 111, "refit": true}
{"timestamp": "12:47:02.409872", "frame": 100, "mu": [-0.32477056023133727, 2.5038041497665278, 1.4072499762226807], "Sigma": [[0.012698720459405176, 0.002021486301207739, -0.013586584969327981], [0.0020214863012077396, 0.007939891606993448, -0.008444422859738303], [-0.013586584969327981, -0.008444422859738303, 0.08161708348584838]], "chi2_level": 0.99, "chi2_df": 3, "chi2_threshold": 11.344866730144373, "N_raw": 64, "N_roi": 64, "N_inlier": 60, "refit": true}
{"timestamp": "12:47:02.432956", "frame": 101, "mu": [-0.33711640632576384, 2.558474773894199, 1.2121787240487136], "Sigma": [[0.008676233092483597, 0.003260956645211614, 0.010570727992253514], [0.003260956645211614, 0.006907700624634017, 7.632224219786352e-05], [0.010570727992253514, 7.632224219786352e-05, 0.21437020172399293]], "chi2_level": 0.99, "chi2_df": 3, "chi2_threshold": 11.344866730144373, "N_raw": 39, "N_roi": 39, "N_inlier": 38, "refit": true}
{"timestamp": "12:47:02.464821", "frame": 102, "mu": [-0.35303020309148203, 2.587087891545015, 0.941943202147433], "Sigma": [[0.009224585849073918, 0.001371871300126437, -0.008691056935295198], [0.001371871300126437, 0.005153260808250957, -0.002043445338037131], [-0.008691056935295198, -0.002043445338037131, 0.47782934877704025]], "chi2_level": 0.99, "chi2_df": 3, "chi2_threshold": 11.344866730144373, "N_raw": 77, "N_roi": 77, "N_inlier": 73, "refit": true}
{"timestamp": "12:47:02.521265", "frame": 103, "mu": [-0.3683189492660188, 2.6498833569571785, 1.0157287176887204], "Sigma": [[0.010536385949817427, 0.0011182619512684882, -0.004878530910701905], [0.001118261951268488, 0.009914183975080326, -0.03558000463977179], [-0.0048785309107019035, -0.03558000463977178, 0.2608737593655988]], "chi2_level": 0.99, "chi2_df": 3, "chi2_threshold": 11.344866730144373, "N_raw": 95, "N_roi": 95, "N_inlier": 92, "refit": true}
{"timestamp": "12:47:02.572028", "frame": 104, "mu": [-0.418794381389564, 2.66152041842092, 1.3238991406108027], "Sigma": [[0.018590782628958046, 0.003468222729225126, 0.03335101932749804], [0.0034682227292251256, 0.005459112322908453, 0.006325396046876858], [0.03335101932749804, 0.006325396046876858, 0.23714963115227639]], "chi2_level": 0.99, "chi2_df": 3, "chi2_threshold": 11.344866730144373, "N_raw": 63, "N_roi": 63, "N_inlier": 61, "refit": true}
{"timestamp": "12:47:02.632619", "frame": 105, "mu": [-0.44425574478339863, 2.7664631413528133, 0.004725077942031751], "Sigma": [[0.012664375353533779, -0.00578952585943448, 0.03712439522534422], [-0.00578952585943448, 0.029830969652006642, -0.08610547916946604], [0.03712439522534422, -0.08610547916946602, 0.5762471580633272]], "chi2_level": 0.99, "chi2_df": 3, "chi2_threshold": 11.344866730144373, "N_raw": 107, "N_roi": 104, "N_inlier": 102, "refit": true}
{"timestamp": "12:47:02.688522", "frame": 106, "mu": [-0.3974058255170022, 2.8017722162588727, -0.6442490313884216], "Sigma": [[0.016590635997383658, 0.01442595972793528, 0.0021834134929317704], [0.01442595972793528, 0.020468928904297905, 0.0070437708418728765], [0.0021834134929317704, 0.007043770841872876, 0.12827945047069458]], "chi2_level": 0.99, "chi2_df": 3, "chi2_threshold": 11.344866730144373, "N_raw": 99, "N_roi": 86, "N_inlier": 82, "refit": true}
{"timestamp": "12:47:02.735263", "frame": 107, "mu": [-0.44068105228238963, 2.4806275789066223, 0.02282036242608388], "Sigma": [[0.014818510062978381, -0.006463555385436668, -0.021126774309065455], [-0.006463555385436668, 0.302459923115524, 0.38474337246108375], [-0.021126774309065455, 0.38474337246108375, 0.6592529960086012]], "chi2_level": 0.99, "chi2_df": 3, "chi2_threshold": 11.344866730144373, "N_raw": 58, "N_roi": 55, "N_inlier": 55, "refit": true}
{"timestamp": "12:47:02.793633", "frame": 108, "mu": [-0.4143803360366838, 2.786874267191921, 0.5148185825932163], "Sigma": [[0.017233079834294646, -0.002310129179437312, -0.05150128462277852], [-0.0023101291794373124, 0.010013688060681957, -0.0016200409388327835], [-0.05150128462277851, -0.0016200409388327848, 0.368725331059997]], "chi2_level": 0.99, "chi2_df": 3, "chi2_threshold": 11.344866730144373, "N_raw": 80, "N_roi": 75, "N_inlier": 73, "refit": true}
{"timestamp": "12:47:02.902370", "frame": 110, "mu": [-0.5923262737333241, 2.9086661558638043, 1.367270150413263], "Sigma": [[0.01278634075524427, 0.0017613447569257436, -0.011513803946033426], [0.0017613447569257438, 0.01261807381035807, 0.01220018690682997], [-0.011513803946033428, 0.01220018690682997, 0.09308345889302433]], "chi2_level": 0.99, "chi2_df": 3, "chi2_threshold": 11.344866730144373, "N_raw": 79, "N_roi": 79, "N_inlier": 74, "refit": true}
{"timestamp": "12:47:02.959955", "frame": 111, "mu": [-0.5949484253626001, 2.927722860766952, 1.1094409975965946], "Sigma": [[0.014679824558604665, -0.0009478655144593041, -0.021105938108127227], [-0.0009478655144593044, 0.007260240140203979, 0.0261996437203073], [-0.021105938108127227, 0.0261996437203073, 0.27614982174960806]], "chi2_level": 0.99, "chi2_df": 3, "chi2_threshold": 11.344866730144373, "N_raw": 93, "N_roi": 93, "N_inlier": 91, "refit": true}
{"timestamp": "12:47:03.007382", "frame": 112, "mu": [-0.6048844548485449, 2.963533905310978, 1.1222733953043458], "Sigma": [[0.009109109102190642, 0.004451110483249662, 0.011469396325631098], [0.004451110483249662, 0.002901073979173761, 0.01017223431652735], [0.011469396325631098, 0.01017223431652735, 0.0781102214351581]], "chi2_level": 0.99, "chi2_df": 3, "chi2_threshold": 11.344866730144373, "N_raw": 40, "N_roi": 36, "N_inlier": 33, "refit": true}
{"timestamp": "12:47:03.065899", "frame": 113, "mu": [-0.7062953247248029, 3.0493835884770415, 0.2635138741967863], "Sigma": [[0.013366060963775267, 0.002654392234252213, -0.00654402613065756], [0.002654392234252213, 0.007309575879869754, -0.004998268284502931], [-0.006544026130657561, -0.00499826828450293, 0.016145972968205892]], "chi2_level": 0.99, "chi2_df": 3, "chi2_threshold": 11.344866730144373, "N_raw": 63, "N_roi": 61, "N_inlier": 60, "refit": true}
{"timestamp": "12:47:03.128273", "frame": 114, "mu": [-0.7730608065923532, 3.0100155207611143, 1.0297515445249081], "Sigma": [[0.014042637919919743, 0.00036769642603411677, 0.010657810402515839], [0.0003676964260341168, 0.0076036408203749226, -0.011422183420751325], [0.010657810402515837, -0.011422183420751325, 0.14113598572471706]], "chi2_level": 0.99, "chi2_df": 3, "chi2_threshold": 11.344866730144373, "N_raw": 108, "N_roi": 108, "N_inlier": 108, "refit": true}
{"timestamp": "12:47:03.178016", "frame": 115, "mu": [-0.7592279570291165, 2.9663524668042953, 1.1573527042428842], "Sigma": [[0.013019967181296, 0.0014016982105545454, -0.009053655890276593], [0.0014016982105545456, 0.008207603886502065, -0.007849371070368337], [-0.009053655890276593, -0.007849371070368337, 0.029961387931013866]], "chi2_level": 0.99, "chi2_df": 3, "chi2_threshold": 11.344866730144373, "N_raw": 72, "N_roi": 72, "N_inlier": 68, "refit": true}
{"timestamp": "12:47:03.232187", "frame": 116, "mu": [-0.7943307392893919, 3.027309535830715, 1.2555858585473474], "Sigma": [[0.014628127810525261, 0.0034199558853169765, -0.007265257822644856], [0.0034199558853169774, 0.011654560395208317, -0.002053888986765535], [-0.0072652578226448565, -0.002053888986765535, 0.03498518605926565]], "chi2_level": 0.99, "chi2_df": 3, "chi2_threshold": 11.344866730144373, "N_raw": 71, "N_roi": 71, "N_inlier": 68, "refit": true}
{"timestamp": "12:47:03.286822", "frame": 117, "mu": [-0.8666734500822537, 3.163615458798627, -0.23537003562222053], "Sigma": [[0.015080388618309532, -0.002545456376898235, 0.0035592823617438653], [-0.0025454563768982346, 0.042852549005334556, -0.07515863300187683], [0.0035592823617438653, -0.07515863300187683, 0.17905357006355518]], "chi2_level": 0.99, "chi2_df": 3, "chi2_threshold": 11.344866730144373, "N_raw": 73, "N_roi": 73, "N_inlier": 73, "refit": true}
{"timestamp": "12:47:03.346460", "frame": 118, "mu": [-0.8121229625111456, 3.086054655539556, 0.9836934574563893], "Sigma": [[0.025589029941082267, 0.009541546076569199, -0.037604105084937695], [0.009541546076569197, 0.009879729003397791, -0.020422485871756033], [-0.037604105084937695, -0.020422485871756033, 0.08496422711798796]], "chi2_level": 0.99, "chi2_df": 3, "chi2_threshold": 11.344866730144373, "N_raw": 101, "N_roi": 101, "N_inlier": 101, "refit": true}
{"timestamp": "12:47:03.394404", "frame": 119, "mu": [-0.9201529844739533, 3.1687872322295254, 0.07759707311157647], "Sigma": [[0.01760756336300581, 0.010132277854004439, -0.016314987082809634], [0.010132277854004439, 0.011439492093084893, -0.011993527581167712], [-0.01631498708280963, -0.011993527581167712, 0.03969756946517716]], "chi2_level": 0.99, "chi2_df": 3, "chi2_threshold": 11.344866730144373, "N_raw": 49, "N_roi": 49, "N_inlier": 45, "refit": true}
{"timestamp": "12:47:03.448443", "frame": 120, "mu": [-0.946722797998425, 3.1543464868885156, 1.3074213253047797], "Sigma": [[0.016063468623001252, 0.009464295609994993, -0.00035321062303414203], [0.009464295609994993, 0.011726714641163104, 0.004365724822901105], [-0.0003532106230341419, 0.004365724822901105, 0.007450202827451368]], "chi2_level": 0.99, "chi2_df": 3, "chi2_threshold": 11.344866730144373, "N_raw": 52, "N_roi": 49, "N_inlier": 47, "refit": true}
{"timestamp": "12:47:03.507827", "frame": 121, "mu": [-0.9119668111629536, 3.375832211341138, -0.12307610660095275], "Sigma": [[0.028784177722700983, 0.01995506691339474, -0.03971668237521778], [0.01995506691339474, 0.019201146995815703, -0.03158587666146574], [-0.03971668237521778, -0.03158587666146574, 0.06583476128757529]], "chi2_level": 0.99, "chi2_df": 3, "chi2_threshold": 11.344866730144373, "N_raw": 71, "N_roi": 69, "N_inlier": 68, "refit": true}
{"timestamp": "12:47:03.557250", "frame": 122, "mu": [-0.8413628352888393, 3.2803809385557097, 0.7908458341251602], "Sigma": [[0.030925029734525364, 0.0022609951542428503, -0.05903247912170463], [0.0022609951542428503, 0.003965820392704822, -0.006040718524495897], [-0.05903247912170464, -0.006040718524495897, 0.11734261980562768]], "chi2_level": 0.99, "chi2_df": 3, "chi2_threshold": 11.344866730144373, "N_raw": 39, "N_roi": 39, "N_inlier": 39, "refit": true}
{"timestamp": "12:47:03.610128", "frame": 123, "mu": [-1.047549490075588, 3.301052057164046, 1.3670134884418579], "Sigma": [[0.010294202036923756, 0.0028204086474043575, -0.012009805272914679], [0.0028204086474043575, 0.00252443145197265, -0.005372088092868041], [-0.012009805272914679, -0.005372088092868041, 0.024631367738395613]], "chi2_level": 0.99, "chi2_df": 3, "chi2_threshold": 11.344866730144373, "N_raw": 28, "N_roi": 28, "N_inlier": 27, "refit": true}
{"timestamp": "12:47:03.663728", "frame": 124, "mu": [-1.009916721212082, 3.424754949925265, 0.08589066595627153], "Sigma": [[0.00589675425778781, 0.0031657629169780364, -0.007932368578804087], [0.003165762916978036, 0.005786031319182871, -0.004963936081776603], [-0.007932368578804087, -0.004963936081776603, 0.014961428273358607]], "chi2_level": 0.99, "chi2_df": 3, "chi2_threshold": 11.344866730144373, "N_raw": 20, "N_roi": 20, "N_inlier": 20, "refit": true}
{"timestamp": "12:47:03.723560", "frame": 125, "mu": [-1.1127605853984701, 3.300252677598139, 1.179824997842402], "Sigma": [[0.011302767269119001, 0.002208863169592191, -0.010234069972837226], [0.002208863169592191, 0.006231339252258216, -0.007253281145159267], [-0.010234069972837224, -0.007253281145159267, 0.021625380939267504]], "chi2_level": 0.99, "chi2_df": 3, "chi2_threshold": 11.344866730144373, "N_raw": 49, "N_roi": 49, "N_inlier": 46, "refit": true}
{"timestamp": "12:47:03.773649", "frame": 126, "mu": [-1.1002891999103899, 3.438978832472095, 0.8271391205827654], "Sigma": [[0.003855881205375564, 0.005125580703624996, -0.01813775125681491], [0.005125580703624997, 0.0168023963076515, -0.04327889891727024], [-0.01813775125681491, -0.04327889891727024, 0.14070971021437914]], "chi2_level": 0.99, "chi2_df": 3, "chi2_threshold": 11.344866730144373, "N_raw": 10, "N_roi": 10, "N_inlier": 10, "refit": true}
{"timestamp": "12:47:03.832437", "frame": 127, "mu": [-1.1651174343712158, 3.4469893929718967, 0.8450749195038096], "Sigma": [[0.010798718205424477, 0.0029146241352582245, -0.012417756491225257], [0.0029146241352582245, 0.013897680698750489, -0.04501736281792278], [-0.012417756491225255, -0.045017362817922776, 0.16918716724289679]], "chi2_level": 0.99, "chi2_df": 3, "chi2_threshold": 11.344866730144373, "N_raw": 42, "N_roi": 42, "N_inlier": 40, "refit": true}
{"timestamp": "12:47:03.892544", "frame": 128, "mu": [-1.1749232167025678, 3.6413758947598014, -0.1842860790351858], "Sigma": [[0.01413002997301648, 0.001449354903634932, -0.0005320758830104667], [0.0014493549036349329, 0.03880210041901241, -0.06563768260282742], [-0.000532075883010467, -0.06563768260282742, 0.13988552211108765]], "chi2_level": 0.99, "chi2_df": 3, "chi2_threshold": 11.344866730144373, "N_raw": 77, "N_roi": 77, "N_inlier": 77, "refit": true}
{"timestamp": "12:47:03.945137", "frame": 129, "mu": [-1.1990857185795434, 3.3718296288309952, 0.9514335545051046], "Sigma": [[0.01873540193198423, 0.002625122055898034, -0.038799684954907585], [0.002625122055898034, 0.003141230486237818, -0.0027365559369551045], [-0.03879968495490758, -0.0027365559369551045, 0.1916195246620556]], "chi2_level": 0.99, "chi2_df": 3, "chi2_threshold": 11.344866730144373, "N_raw": 57, "N_roi": 57, "N_inlier": 57, "refit": true}
{"timestamp": "12:47:03.999801", "frame": 130, "mu": [-1.2022071351206844, 3.4073165706823794, 0.911578849409086], "Sigma": [[0.016922416566375602, 0.0028890970695053713, -0.025201601857956706], [0.0028890970695053713, 0.002597364462064324, -0.003654812754617712], [-0.02520160185795671, -0.003654812754617712, 0.10121786510625354]], "chi2_level": 0.99, "chi2_df": 3, "chi2_threshold": 11.344866730144373, "N_raw": 57, "N_roi": 57, "N_inlier": 57, "refit": true}
{"timestamp": "12:47:04.049785", "frame": 131, "mu": [-1.3021619567165634, 3.5484272213088324, 0.12275822865181717], "Sigma": [[0.0091302158443214, 0.00517980661982176, -0.010785998821789093], [0.00517980661982176, 0.006485381898109768, -0.007948387758561992], [-0.010785998821789097, -0.007948387758561992, 0.021238896383810053]], "chi2_level": 0.99, "chi2_df": 3, "chi2_threshold": 11.344866730144373, "N_raw": 27, "N_roi": 27, "N_inlier": 26, "refit": true}
{"timestamp": "12:47:04.108636", "frame": 132, "mu": [-1.2837955948817033, 3.572750779187098, -0.00881451431065658], "Sigma": [[0.020514099164269932, 0.00825586813274048, -0.014103017764609791], [0.00825586813274048, 0.007576275197402648, -0.009902764036433913], [-0.014103017764609791, -0.009902764036433913, 0.017913203585859492]], "chi2_level": 0.99, "chi2_df": 3, "chi2_threshold": 11.344866730144373, "N_raw": 49, "N_roi": 49, "N_inlier": 45, "refit": true}
{"timestamp": "12:47:04.218131", "frame": 134, "mu": [-1.4101367883897966, 3.6593099604317425, 0.280632585259183], "Sigma": [[0.01833503458683644, 0.009302558894856476, -0.01273819003791155], [0.009302558894856476, 0.010151045585435059, -0.0036443057512374434], [-0.01273819003791155, -0.0036443057512374434, 0.012183829749399239]], "chi2_level": 0.99, "chi2_df": 3, "chi2_threshold": 11.344866730144373, "N_raw": 49, "N_roi": 49, "N_inlier": 47, "refit": true}
{"timestamp": "12:47:04.270792", "frame": 135, "mu": [-1.4572172967625199, 3.70589459304139, -0.200104578580062], "Sigma": [[0.009869064523420281, 0.007528968057388994, 0.02458410984235214], [0.007528968057388994, 0.01564939519375081, 0.03465722925684919], [0.02458410984235214, 0.03465722925684919, 0.18312067378722693]], "chi2_level": 0.99, "chi2_df": 3, "chi2_threshold": 11.344866730144373, "N_raw": 34, "N_roi": 34, "N_inlier": 32, "refit": true}
{"timestamp": "12:47:04.325740", "frame": 136, "mu": [-1.4884165310830317, 3.6162971346024637, 1.272756589198567], "Sigma": [[0.013552629941252909, 0.0033868573599902373, -0.01243243850144127], [0.0033868573599902373, 0.004461825578091966, -0.0038397729542463555], [-0.01243243850144127, -0.003839772954246356, 0.014028088184194857]], "chi2_level": 0.99, "chi2_df": 3, "chi2_threshold": 11.344866730144373, "N_raw": 33, "N_roi": 33, "N_inlier": 32, "refit": true}
{"timestamp": "12:47:04.381358", "frame": 137, "mu": [-1.5161130089355677, 3.7499626916056914, 1.309083119401164], "Sigma": [[0.021643304905504007, 0.004159020903429548, -0.013878654168330833], [0.004159020903429548, 0.006143584593391787, 0.0006820058991896117], [-0.01387865416833083, 0.0006820058991896117, 0.013291899463842159]], "chi2_level": 0.99, "chi2_df": 3, "chi2_threshold": 11.344866730144373, "N_raw": 41, "N_roi": 41, "N_inlier": 39, "refit": true}
{"timestamp": "12:47:04.434905", "frame": 138, "mu": [-1.5757019951158102, 3.6953265931954906, 1.3021519439340934], "Sigma": [[0.0043354981305443714, 0.002014647570243668, -0.000750460078127122], [0.002014647570243668, 0.003372702749241816, -0.0007016093093355284], [-0.0007504600781271218, -0.0007016093093355284, 0.0002757361541654273]], "chi2_level": 0.99, "chi2_df": 3, "chi2_threshold": 11.344866730144373, "N_raw": 15, "N_roi": 15, "N_inlier": 14, "refit": true}
{"timestamp": "12:47:04.494233", "frame": 139, "mu": [-1.5895404948120742, 3.671035550367581, 1.2001086240565353], "Sigma": [[0.02159632024046122, 0.007236912955539694, -0.013372935044530024], [0.007236912955539694, 0.006866980193646235, -0.010694178800178998], [-0.013372935044530024, -0.010694178800178998, 0.026471662657571535]], "chi2_level": 0.99, "chi2_df": 3, "chi2_threshold": 11.344866730144373, "N_raw": 56, "N_roi": 56, "N_inlier": 52, "refit": true}
{"timestamp": "12:47:04.544841", "frame": 140, "mu": [-1.6462674564127848, 3.775412028911853, -1.1302715412578213], "Sigma": [[0.0069578214625254774, -0.0014571941472907978, 0.00852192150729086], [-0.001457194147290798, 0.00450867580278689, -0.014738555710674967], [0.00852192150729086, -0.014738555710674967, 0.05887545918520479]], "chi2_level": 0.99, "chi2_df": 3, "chi2_threshold": 11.344866730144373, "N_raw": 21, "N_roi": 18, "N_inlier": 17, "refit": true}
{"timestamp": "12:47:04.597468", "frame": 141, "mu": [-1.6524041069583815, 3.7466194847573813, 1.3444098801656685], "Sigma": [[0.005323623666719465, 0.0010142679915121691, -0.0001475477186333348], [0.0010142679915121691, 0.005487820403162715, -0.01654887706049026], [-0.00014754771863333436, -0.016548877060490262, 0.0700784293852248]], "chi2_level": 0.99, "chi2_df": 3, "chi2_threshold": 11.344866730144373, "N_raw": 13, "N_roi": 13, "N_inlier": 13, "refit": true}
{"timestamp": "12:47:04.662037", "frame": 142, "mu": [-1.6194698431353098, 3.878081418175864, 0.8189198976322122], "Sigma": [[0.04514179756815786, 0.008608211934071512, -0.07124804734312859], [0.008608211934071512, 0.008145301418500004, -0.03324281737767758], [-0.07124804734312859, -0.03324281737767758, 0.242146089926758]], "chi2_level": 0.99, "chi2_df": 3, "chi2_threshold": 11.344866730144373, "N_raw": 75, "N_roi": 75, "N_inlier": 75, "refit": true}
{"timestamp": "12:47:04.766534", "frame": 144, "mu": [-1.744333491644966, 3.8499454146713203, 1.2740297302110941], "Sigma": [[0.016549949491741527, 0.00553056400901186, -0.015757057779054933], [0.005530564009011861, 0.005711789638609451, -0.007188830694500332], [-0.015757057779054933, -0.007188830694500333, 0.01807010795439388]], "chi2_level": 0.99, "chi2_df": 3, "chi2_threshold": 11.344866730144373, "N_raw": 35, "N_roi": 35, "N_inlier": 34, "refit": true}
{"timestamp": "12:47:04.934777", "frame": 147, "mu": [-1.716919158119119, 4.0346036016986915, 0.8744900485103334], "Sigma": [[0.022593486319155254, 0.001961611450701528, -0.03996396965059698], [0.001961611450701528, 0.0031941246510186934, -0.0076599108911692085], [-0.03996396965059698, -0.0076599108911692085, 0.08311303895296543]], "chi2_level": 0.99, "chi2_df": 3, "chi2_threshold": 11.344866730144373, "N_raw": 34, "N_roi": 34, "N_inlier": 33, "refit": true}
{"timestamp": "12:47:05.150476", "frame": 151, "mu": [-2.029368849136622, 4.07022679365961, 1.3277336065999144], "Sigma": [[0.018882658106994604, 0.007269892121881931, -0.0136080328933022], [0.007269892121881932, 0.007393110602757455, -0.010125304063174035], [-0.0136080328933022, -0.010125304063174035, 0.021691030091465682]], "chi2_level": 0.99, "chi2_df": 3, "chi2_threshold": 11.344866730144373, "N_raw": 29, "N_roi": 29, "N_inlier": 27, "refit": true}
