{"timestamp": "12:05:52.811245", "frame": 1, "mu": [0.9475314678455632, 1.6142236050707677, 1.5318212370226678], "Sigma": [[0.007911946658522098, -0.001535617294721487, -0.003000419632327971], [-0.001535617294721487, 0.007026052153441305, 0.003163225376262601], [-0.003000419632327971, 0.003163225376262601, 0.008401656207689123]], "chi2_level": 0.95, "chi2_df": 3, "chi2_threshold": 7.814727903251179, "N_raw": 61, "N_roi": 61, "N_inlier": 58, "refit": true}
{"timestamp": "12:05:52.869121", "frame": 2, "mu": [0.9689293437950952, 1.6124399781162153, 1.477265281481964], "Sigma": [[0.007062155510388516, -0.0012690959811975876, -0.003899931151129274], [-0.0012690959811975876, 0.007713226299508189, -0.0015798382625101999], [-0.0038999311511292746, -0.0015798382625101996, 0.0034509268923775013]], "chi2_level": 0.95, "chi2_df": 3, "chi2_threshold": 7.814727903251179, "N_raw": 71, "N_roi": 71, "N_inlier": 67, "refit": true}
{"timestamp": "12:05:52.924078", "frame": 3, "mu": [0.9701881844636747, 1.615903121050232, 1.5477037116481025], "Sigma": [[0.006419178342883047, -0.0011563372761969849, -0.0036654369174215235], [-0.0011563372761969849, 0.006648594277300609, 0.0024408000107763676], [-0.0036654369174215235, 0.0024408000107763676, 0.0030038484679900165]], "chi2_level": 0.95, "chi2_df": 3, "chi2_threshold": 7.814727903251179, "N_raw": 54, "N_roi": 54, "N_inlier": 49, "refit": true}
{"timestamp": "12:05:52.976080", "frame": 4, "mu": [0.9403037440084911, 1.7166569769990652, 1.5755042122718752], "Sigma": [[0.011019126236591547, -0.003986564674704094, -0.011367649959397277], [-0.0039865646747040935, 0.0033931852955126456, 0.0036424803819189535], [-0.011367649959397277, 0.0036424803819189535, 0.01278087812679731]], "chi2_level": 0.95, "chi2_df": 3, "chi2_threshold": 7.814727903251179, "N_raw": 37, "N_roi": 37, "N_inlier": 35, "refit": true}
{"timestamp": "12:05:53.032369", "frame": 5, "mu": [0.9493727649560298, 1.6629805670521502, -0.22610799820143285], "Sigma": [[0.0056271629835446665, -0.0007145348287318952, 0.007863759261588934], [-0.0007145348287318952, 0.005760415873341225, -0.0016003755358082684], [0.007863759261588934, -0.0016003755358082682, 0.027146782856286925]], "chi2_level": 0.95, "chi2_df": 3, "chi2_threshold": 7.814727903251179, "N_raw": 53, "N_roi": 53, "N_inlier": 52, "refit": true}
{"timestamp": "12:05:53.090140", "frame": 6, "mu": [1.0015906031627075, 1.680982157273393, -0.1329245123754983], "Sigma": [[0.007945866288825234, -0.0009113545177713747, -0.009287770399258198], [-0.0009113545177713745, 0.007650456062012568, 0.002491132531832368], [-0.009287770399258198, 0.002491132531832368, 0.013448089155187195]], "chi2_level": 0.95, "chi2_df": 3, "chi2_threshold": 7.814727903251179, "N_raw": 69, "N_roi": 69, "N_inlier": 66, "refit": true}
{"timestamp": "12:05:53.139119", "frame": 7, "mu": [1.012815304975342, 1.6705874502579765, 1.328172849629696], "Sigma": [[0.009862397879652299, -0.004652703836084011, -0.01541726772637203], [-0.004652703836084012, 0.0031684466704699175, 0.006180723869695426], [-0.015417267726372027, 0.006180723869695426, 0.02986834241944822]], "chi2_level": 0.95, "chi2_df": 3, "chi2_threshold": 7.814727903251179, "N_raw": 20, "N_roi": 20, "N_inlier": 17, "refit": true}
{"timestamp": "12:05:53.199173", "frame": 8, "mu": [0.9797932331671791, 1.6410481166859092, 1.4598841605508233], "Sigma": [[0.008548802278668931, -0.002171359570774722, -0.004006340674699996], [-0.0021713595707747225, 0.005178902952833914, -0.00045491142757248394], [-0.004006340674699996, -0.00045491142757248394, 0.003952043057537292]], "chi2_level": 0.95, "chi2_df": 3, "chi2_threshold": 7.814727903251179, "N_raw": 63, "N_roi": 63, "N_inlier": 58, "refit": true}
{"timestamp": "12:05:53.246367", "frame": 9, "mu": [1.0489062326643381, 1.5295839375390636, 0.742277598381196], "Sigma": [[0.0018973730529054406, -0.0024726200974246825, -0.02575001116304705], [-0.002472620097424683, 0.007930154517220735, 0.02561284173124711], [-0.02575001116304705, 0.02561284173124711, 0.4845276767346416]], "chi2_level": 0.95, "chi2_df": 3, "chi2_threshold": 7.814727903251179, "N_raw": 7, "N_roi": 7, "N_inlier": 7, "refit": true}
{"timestamp": "12:05:53.307529", "frame": 10, "mu": [0.9355334843478331, 1.6849503568541395, 1.542052487819955], "Sigma": [[0.006660567302512369, -0.0017352713800818723, -0.0019266110635482584], [-0.0017352713800818727, 0.007141528164497282, 0.002160865791189066], [-0.0019266110635482584, 0.002160865791189066, 0.0012371803956030033]], "chi2_level": 0.95, "chi2_df": 3, "chi2_threshold": 7.814727903251179, "N_raw": 53, "N_roi": 53, "N_inlier": 52, "refit": true}
{"timestamp": "12:05:53.363145", "frame": 11, "mu": [0.9210659531425827, 1.6909283091714116, 1.5216634459742717], "Sigma": [[0.0065473176053731435, -0.0022047167383063455, -0.003937561933030872], [-0.002204716738306345, 0.006322041392036457, 0.0007534735929154019], [-0.003937561933030872, 0.0007534735929154018, 0.0029179212082823397]], "chi2_level": 0.95, "chi2_df": 3, "chi2_threshold": 7.814727903251179, "N_raw": 54, "N_roi": 54, "N_inlier": 52, "refit": true}
{"timestamp": "12:05:53.420123", "frame": 12, "mu": [0.9442537595430394, 1.6508887398246526, 1.4594786815840401], "Sigma": [[0.008787765516467134, -0.004111795963633512, -0.0084076440130136], [-0.004111795963633513, 0.007127673041069676, 0.003604711519785747], [-0.0084076440130136, 0.0036047115197857475, 0.008806420354006672]], "chi2_level": 0.95, "chi2_df": 3, "chi2_threshold": 7.814727903251179, "N_raw": 62, "N_roi": 62, "N_inlier": 57, "refit": true}
{"timestamp": "12:05:53.474987", "frame": 13, "mu": [0.9162503760635597, 1.663515276529603, 1.4638148698905624], "Sigma": [[0.008469288437253314, -0.0031231754710204884, -0.01081622139282016], [-0.0031231754710204884, 0.007846671270271863, 0.00915928470750497], [-0.01081622139282016, 0.00915928470750497, 0.03552334018813494]], "chi2_level": 0.95, "chi2_df": 3, "chi2_threshold": 7.814727903251179, "N_raw": 63, "N_roi": 63, "N_inlier": 60, "refit": true}
{"timestamp": "12:05:53.531417", "frame": 14, "mu": [0.9233305261823527, 1.6399853591996019, 1.4630160626594384], "Sigma": [[0.010017883840110578, -0.002222410570409125, -0.007901354757215803], [-0.002222410570409125, 0.006830129361324779, 0.0013119163274892495], [-0.007901354757215803, 0.001311916327489249, 0.008209773531876558]], "chi2_level": 0.95, "chi2_df": 3, "chi2_threshold": 7.814727903251179, "N_raw": 74, "N_roi": 74, "N_inlier": 71, "refit": true}
{"timestamp": "12:05:53.586890", "frame": 15, "mu": [0.9020113321278777, 1.6100568131823751, 1.4153638631348744], "Sigma": [[0.01098148691673324, -0.005581652997262182, -0.014029204593919552], [-0.005581652997262182, 0.007668681876674121, 0.008938056490971572], [-0.01402920459391955, 0.008938056490971572, 0.030406526039070125]], "chi2_level": 0.95, "chi2_df": 3, "chi2_threshold": 7.814727903251179, "N_raw": 70, "N_roi": 70, "N_inlier": 67, "refit": true}
{"timestamp": "12:05:53.645046", "frame": 16, "mu": [0.9358484124940692, 1.5408037109622092, 1.202803396053661], "Sigma": [[0.01516538856054458, -0.011884143283195876, -0.03283733685588709], [-0.011884143283195875, 0.01299651271460566, 0.02996774211427183], [-0.03283733685588709, 0.02996774211427183, 0.10479028980435734]], "chi2_level": 0.95, "chi2_df": 3, "chi2_threshold": 7.814727903251179, "N_raw": 98, "N_roi": 98, "N_inlier": 89, "refit": true}
{"timestamp": "12:05:53.693265", "frame": 17, "mu": [0.8355851984060246, 1.609178923205454, 1.4411891631427944], "Sigma": [[0.009306360052775286, -0.0038638672880461906, -0.009689839344835728], [-0.003863867288046191, 0.004488441725481841, 0.006071981409509103], [-0.009689839344835728, 0.006071981409509103, 0.02123226231134835]], "chi2_level": 0.95, "chi2_df": 3, "chi2_threshold": 7.814727903251179, "N_raw": 51, "N_roi": 51, "N_inlier": 45, "refit": true}
{"timestamp": "12:05:53.744823", "frame": 18, "mu": [0.8356186879518668, 1.6308305014281606, -0.34142884930572925], "Sigma": [[0.006987946386013656, -0.0003828263066519024, 0.0020237742813658155], [-0.0003828263066519025, 0.0014846856078430902, 0.0016331139207690767], [0.0020237742813658155, 0.0016331139207690767, 0.02348960939704404]], "chi2_level": 0.95, "chi2_df": 3, "chi2_threshold": 7.814727903251179, "N_raw": 32, "N_roi": 32, "N_inlier": 28, "refit": true}
{"timestamp": "12:05:53.802081", "frame": 19, "mu": [0.8986221460256217, 1.4778107873486468, 1.2292701067494574], "Sigma": [[0.006906703136312925, -0.0036874831594092086, -0.007591395178615115], [-0.003687483159409209, 0.003406043052818012, 0.0038807808370527525], [-0.007591395178615115, 0.0038807808370527525, 0.017952654789359642]], "chi2_level": 0.95, "chi2_df": 3, "chi2_threshold": 7.814727903251179, "N_raw": 45, "N_roi": 45, "N_inlier": 40, "refit": true}
{"timestamp": "12:05:53.867069", "frame": 20, "mu": [0.85313881954876, 1.4408597661215572, 1.147184579358548], "Sigma": [[0.01198955742165096, -0.0064353052353097375, -0.02099423112444345], [-0.0064353052353097375, 0.007761478879571476, 0.01902651943987274], [-0.02099423112444345, 0.01902651943987274, 0.08060254284433914]], "chi2_level": 0.95, "chi2_df": 3, "chi2_threshold": 7.814727903251179, "N_raw": 103, "N_roi": 103, "N_inlier": 97, "refit": true}
{"timestamp": "12:05:53.921234", "frame": 21, "mu": [0.805954280453771, 1.6035616176475598, -0.4849192126262635], "Sigma": [[0.007436802886388846, -0.00034751835665790693, -0.01152793085457788], [-0.000347518356657907, 0.003970533758316464, -0.006754878390805562], [-0.011527930854577881, -0.006754878390805561, 0.07472302558856847]], "chi2_level": 0.95, "chi2_df": 3, "chi2_threshold": 7.814727903251179, "N_raw": 97, "N_roi": 97, "N_inlier": 90, "refit": true}
{"timestamp": "12:05:53.970378", "frame": 22, "mu": [0.7181212806493921, 1.4456832969169775, 1.3274919174841266], "Sigma": [[0.00589548459639266, -0.003383112008063335, -0.009008508853520617], [-0.003383112008063335, 0.006690854677789009, 0.007071267302114824], [-0.009008508853520617, 0.007071267302114824, 0.03362183959724132]], "chi2_level": 0.95, "chi2_df": 3, "chi2_threshold": 7.814727903251179, "N_raw": 65, "N_roi": 65, "N_inlier": 60, "refit": true}
{"timestamp": "12:05:54.021194", "frame": 23, "mu": [0.6639669488594143, 1.4528479779892565, 1.2835930812820675], "Sigma": [[0.004892678222774016, -0.0025482779475473586, -0.020067948136507596], [-0.002548277947547359, 0.005749422691087504, 0.037829902501154034], [-0.020067948136507596, 0.037829902501154034, 0.31122874039728815]], "chi2_level": 0.95, "chi2_df": 3, "chi2_threshold": 7.814727903251179, "N_raw": 30, "N_roi": 30, "N_inlier": 28, "refit": true}
{"timestamp": "12:05:54.082698", "frame": 24, "mu": [0.6449262351003993, 1.4519725118174351, 1.3331683355511101], "Sigma": [[0.00509786099663061, -0.001202643694036814, -0.00039549258489324213], [-0.001202643694036814, 0.0073790275131008784, -0.005815469964119991], [-0.00039549258489324224, -0.005815469964119991, 0.009895383144317897]], "chi2_level": 0.95, "chi2_df": 3, "chi2_threshold": 7.814727903251179, "N_raw": 82, "N_roi": 82, "N_inlier": 77, "refit": true}
{"timestamp": "12:05:54.134682", "frame": 25, "mu": [0.6248981067175975, 1.3724600091779573, 1.3060961292586588], "Sigma": [[0.004826878107328361, -0.0010356411569689425, -0.00030823074603052446], [-0.0010356411569689425, 0.003119532650527751, -0.0020331101241655124], [-0.0003082307460305245, -0.0020331101241655124, 0.007759473803571163]], "chi2_level": 0.95, "chi2_df": 3, "chi2_threshold": 7.814727903251179, "N_raw": 59, "N_roi": 59, "N_inlier": 55, "refit": true}
{"timestamp": "12:05:54.185812", "frame": 26, "mu": [0.5646716772576451, 1.3724148251125126, 1.2197714316475479], "Sigma": [[0.0026040749937476905, -0.00201584469147583, -0.00046323788932900234], [-0.00201584469147583, 0.003930886589291505, -0.0007782293061341867], [-0.00046323788932900234, -0.0007782293061341867, 0.0023154356816802116]], "chi2_level": 0.95, "chi2_df": 3, "chi2_threshold": 7.814727903251179, "N_raw": 29, "N_roi": 29, "N_inlier": 26, "refit": true}
{"timestamp": "12:05:54.244401", "frame": 27, "mu": [0.5255571098380915, 1.4275526501015334, 1.3446000415617003], "Sigma": [[0.006585992769126294, -0.004010244922948424, -0.0010170090316792449], [-0.004010244922948424, 0.008815852541920084, 0.0033397483234174413], [-0.0010170090316792449, 0.0033397483234174413, 0.09230076756532486]], "chi2_level": 0.95, "chi2_df": 3, "chi2_threshold": 7.814727903251179, "N_raw": 60, "N_roi": 60, "N_inlier": 55, "refit": true}
{"timestamp": "12:05:54.299926", "frame": 28, "mu": [0.4850771533513363, 1.5090907235098223, -0.34842202996492216], "Sigma": [[0.00492734634398449, -0.0012731698864985787, -0.006412258385381607], [-0.0012731698864985787, 0.004246440691060963, 0.001272038166210785], [-0.006412258385381607, 0.0012720381662107848, 0.024702189823636592]], "chi2_level": 0.95, "chi2_df": 3, "chi2_threshold": 7.814727903251179, "N_raw": 58, "N_roi": 58, "N_inlier": 54, "refit": true}
{"timestamp": "12:05:54.355955", "frame": 29, "mu": [0.3309064615515352, 1.4981763953560696, 0.9624803560823177], "Sigma": [[0.01628002224772597, -0.0018233645789461532, 0.08076330637959558], [-0.0018233645789461532, 0.005248142909025222, 0.0027479377214904314], [0.08076330637959558, 0.0027479377214904297, 0.560546573814373]], "chi2_level": 0.95, "chi2_df": 3, "chi2_threshold": 7.814727903251179, "N_raw": 61, "N_roi": 61, "N_inlier": 61, "refit": true}
{"timestamp": "12:05:54.409376", "frame": 30, "mu": [0.35883618749129337, 1.4962515722472258, 1.412561804768354], "Sigma": [[0.00568824438440925, -0.002716137057625612, -0.0012478923269290396], [-0.0027161370576256117, 0.003924252976732496, 0.0025153161275392843], [-0.0012478923269290394, 0.0025153161275392843, 0.02053724501890966]], "chi2_level": 0.95, "chi2_df": 3, "chi2_threshold": 7.814727903251179, "N_raw": 55, "N_roi": 55, "N_inlier": 50, "refit": true}
{"timestamp": "12:05:54.465898", "frame": 31, "mu": [0.32023126695801185, 1.442196974414359, 0.6126603404392004], "Sigma": [[0.005584392421125025, -0.0013877713842523833, 0.0038676110994221445], [-0.001387771384252383, 0.004475909590758008, 0.019864094277305885], [0.0038676110994221406, 0.019864094277305882, 0.6045801052339697]], "chi2_level": 0.95, "chi2_df": 3, "chi2_threshold": 7.814727903251179, "N_raw": 65, "N_roi": 65, "N_inlier": 64, "refit": true}
{"timestamp": "12:05:54.521238", "frame": 32, "mu": [0.24407500924339517, 1.5197339403208727, 1.4924214130833857], "Sigma": [[0.0040137737374298845, -0.0020643714364473494, -0.0023111555812286287], [-0.0020643714364473494, 0.007173053885149127, 0.004327944757757792], [-0.0023111555812286287, 0.004327944757757792, 0.012449857573200067]], "chi2_level": 0.95, "chi2_df": 3, "chi2_threshold": 7.814727903251179, "N_raw": 60, "N_roi": 59, "N_inlier": 54, "refit": true}
{"timestamp": "12:05:54.574231", "frame": 33, "mu": [0.21599635401074485, 1.4993366247606226, 1.4378995856592138], "Sigma": [[0.002940134339855112, -0.002263546904203369, -0.0036526416018778695], [-0.002263546904203369, 0.008472366383500856, 0.0038311832631587944], [-0.00365264160187787, 0.003831183263158794, 0.005696826268965821]], "chi2_level": 0.95, "chi2_df": 3, "chi2_threshold": 7.814727903251179, "N_raw": 57, "N_roi": 55, "N_inlier": 49, "refit": true}
{"timestamp": "12:05:54.629132", "frame": 34, "mu": [0.14556909060100026, 1.547151147395407, 1.459537767456118], "Sigma": [[0.00434481447131486, -0.0014161583319043385, -0.00489398172621601], [-0.0014161583319043385, 0.005480965886262768, 0.0013913627244429606], [-0.0048939817262160104, 0.0013913627244429606, 0.012649604922904885]], "chi2_level": 0.95, "chi2_df": 3, "chi2_threshold": 7.814727903251179, "N_raw": 58, "N_roi": 58, "N_inlier": 53, "refit": true}
{"timestamp": "12:05:54.684508", "frame": 35, "mu": [0.16548434983989035, 1.461347438941806, 1.3507387023677375], "Sigma": [[0.0028736830884265744, -0.0012425902098547595, -0.003918332882118432], [-0.0012425902098547595, 0.0074583889246525375, 0.0022294264614423423], [-0.003918332882118432, 0.0022294264614423423, 0.0063186726321478905]], "chi2_level": 0.95, "chi2_df": 3, "chi2_threshold": 7.814727903251179, "N_raw": 55, "N_roi": 54, "N_inlier": 50, "refit": true}
{"timestamp": "12:05:54.739046", "frame": 36, "mu": [0.0812471323381924, 1.4510092305933322, 1.327311870664181], "Sigma": [[0.0035092767295706755, -0.003456075313454831, -0.003048695979574109], [-0.0034560753134548314, 0.009275599676014658, 0.0033807205648862986], [-0.0030486959795741086, 0.0033807205648862986, 0.003409830620977228]], "chi2_level": 0.95, "chi2_df": 3, "chi2_threshold": 7.814727903251179, "N_raw": 56, "N_roi": 53, "N_inlier": 50, "refit": true}
{"timestamp": "12:05:54.794671", "frame": 37, "mu": [0.08188282148280952, 1.3848835127704433, 1.2885541599069563], "Sigma": [[0.003276658019261681, -0.0016313440749597564, -0.0029077858161592027], [-0.0016313440749597561, 0.0074956236515122615, 0.0020337227045869708], [-0.0029077858161592027, 0.0020337227045869708, 0.0038108181346196554]], "chi2_level": 0.95, "chi2_df": 3, "chi2_threshold": 7.814727903251179, "N_raw": 55, "N_roi": 55, "N_inlier": 52, "refit": true}
{"timestamp": "12:05:54.850187", "frame": 38, "mu": [-0.010177241494500411, 1.4619808718702723, 1.4034097639458487], "Sigma": [[0.007738429274721548, -0.010140260297253796, -0.010380664477815358], [-0.010140260297253796, 0.019260510120550568, 0.01573148179835293], [-0.010380664477815358, 0.01573148179835293, 0.015736612614561687]], "chi2_level": 0.95, "chi2_df": 3, "chi2_threshold": 7.814727903251179, "N_raw": 66, "N_roi": 64, "N_inlier": 61, "refit": true}
{"timestamp": "12:05:54.900101", "frame": 39, "mu": [-0.08377810236549024, 1.6625766777529871, -0.5850028530322163], "Sigma": [[0.003743444214616574, -0.006034438284413387, 0.002152265665300782], [-0.006034438284413387, 0.01517864028491394, -0.034418163978806836], [0.002152265665300781, -0.034418163978806836, 0.28217825191667306]], "chi2_level": 0.95, "chi2_df": 3, "chi2_threshold": 7.814727903251179, "N_raw": 22, "N_roi": 22, "N_inlier": 20, "refit": true}
{"timestamp": "12:05:54.954400", "frame": 40, "mu": [-0.1371413977365809, 1.5452917589659267, 1.5042580287871328], "Sigma": [[0.0020131527984558325, -0.0003010154259716818, -0.001343290982125785], [-0.0003010154259716819, 0.0023714085293159728, -0.0010860488089235274], [-0.001343290982125785, -0.0010860488089235274, 0.002746018499455719]], "chi2_level": 0.95, "chi2_df": 3, "chi2_threshold": 7.814727903251179, "N_raw": 31, "N_roi": 30, "N_inlier": 27, "refit": true}
{"timestamp": "12:05:55.019738", "frame": 41, "mu": [-0.19255997966964478, 1.606134618217814, -0.033969723231081266], "Sigma": [[0.00900078080993858, -0.004607652963468389, 0.014084588082132804], [-0.004607652963468389, 0.015506141717299585, -0.04209252149917847], [0.014084588082132806, -0.04209252149917847, 0.16067300143263044]], "chi2_level": 0.95, "chi2_df": 3, "chi2_threshold": 7.814727903251179, "N_raw": 89, "N_roi": 89, "N_inlier": 81, "refit": true}
{"timestamp": "12:05:55.074350", "frame": 42, "mu": [-0.19043141291491042, 1.4469437067512376, 1.2839850095003136], "Sigma": [[0.005971420982324907, -0.0042842967190242385, -0.002872009985232202], [-0.0042842967190242385, 0.009982638007627343, 0.006369981783521814], [-0.0028720099852322014, 0.006369981783521814, 0.04145557112397699]], "chi2_level": 0.95, "chi2_df": 3, "chi2_threshold": 7.814727903251179, "N_raw": 90, "N_roi": 88, "N_inlier": 87, "refit": true}
{"timestamp": "12:05:55.129371", "frame": 43, "mu": [-0.26313569965242223, 1.4845502720267818, 1.358426668767454], "Sigma": [[0.010436611412297897, -0.011132149387967687, -0.011590586304532427], [-0.011132149387967687, 0.02617308418541059, 0.012501229336040505], [-0.011590586304532427, 0.012501229336040505, 0.019721860087788066]], "chi2_level": 0.95, "chi2_df": 3, "chi2_threshold": 7.814727903251179, "N_raw": 88, "N_roi": 84, "N_inlier": 84, "refit": true}
{"timestamp": "12:05:55.181367", "frame": 44, "mu": [-0.2866828731525141, 1.4443254957942324, 1.268345770476305], "Sigma": [[0.010052993941504107, -0.01228237543634033, -0.007628457331003759], [-0.01228237543634033, 0.023772031213713574, 0.014767371492892131], [-0.007628457331003759, 0.014767371492892131, 0.03913446293969593]], "chi2_level": 0.95, "chi2_df": 3, "chi2_threshold": 7.814727903251179, "N_raw": 70, "N_roi": 70, "N_inlier": 69, "refit": true}
{"timestamp": "12:05:55.236939", "frame": 45, "mu": [-0.3601981480590911, 1.4317129942641167, 1.3375111044757262], "Sigma": [[0.007400897660116336, -0.008697120771883867, -0.007121883872159583], [-0.008697120771883867, 0.016721443065644565, 0.007662506942816542], [-0.007121883872159583, 0.007662506942816542, 0.008582982431019237]], "chi2_level": 0.95, "chi2_df": 3, "chi2_threshold": 7.814727903251179, "N_raw": 74, "N_roi": 74, "N_inlier": 73, "refit": true}
{"timestamp": "12:05:55.297420", "frame": 46, "mu": [-0.4093193468578908, 1.439354875842734, 1.3544637262759518], "Sigma": [[0.006294877156249146, -0.004990391712145166, -0.005887608163139947], [-0.004990391712145165, 0.01822575260792935, 0.004216409945078641], [-0.005887608163139947, 0.004216409945078641, 0.008659984600030991]], "chi2_level": 0.95, "chi2_df": 3, "chi2_threshold": 7.814727903251179, "N_raw": 108, "N_roi": 108, "N_inlier": 103, "refit": true}
{"timestamp": "12:05:55.351487", "frame": 47, "mu": [-0.45233896252229977, 1.4450288528743909, -0.06993874381210062], "Sigma": [[0.0055851027737400085, -0.0023572955395270833, 0.03732678451422228], [-0.002357295539527083, 0.020596425378741023, 0.0020632316798212522], [0.03732678451422228, 0.0020632316798212522, 0.5405122101137634]], "chi2_level": 0.95, "chi2_df": 3, "chi2_threshold": 7.814727903251179, "N_raw": 95, "N_roi": 95, "N_inlier": 92, "refit": true}
{"timestamp": "12:05:55.407838", "frame": 48, "mu": [-0.5016221973847563, 1.4733566473196091, 1.3432980510152652], "Sigma": [[0.006031428886644907, -0.00037198234191133077, -0.007261209979401507], [-0.00037198234191133093, 0.012109284922499361, -0.004985017789307848], [-0.007261209979401507, -0.004985017789307848, 0.03752386247615916]], "chi2_level": 0.95, "chi2_df": 3, "chi2_threshold": 7.814727903251179, "N_raw": 108, "N_roi": 108, "N_inlier": 100, "refit": true}
{"timestamp": "12:05:55.465233", "frame": 49, "mu": [-0.5472258087930807, 1.4999273598298313, 1.1403569693460351], "Sigma": [[0.010444105133401266, 0.0016197398684961734, -0.03163477547134116], [0.0016197398684961732, 0.01157523388226688, -0.025721024583821764], [-0.031634775471341164, -0.02572102458382176, 0.24524109608008932]], "chi2_level": 0.95, "chi2_df": 3, "chi2_threshold": 7.814727903251179, "N_raw": 133, "N_roi": 133, "N_inlier": 129, "refit": true}
{"timestamp": "12:05:55.517036", "frame": 50, "mu": [-0.6129486481995992, 1.473752637773784, 1.423390980990269], "Sigma": [[0.008249093909184551, -0.00016484554111869702, -0.005517258561447019], [-0.00016484554111869697, 0.013110630253174875, 0.0006410711616755515], [-0.005517258561447019, 0.0006410711616755515, 0.004930999908349522]], "chi2_level": 0.95, "chi2_df": 3, "chi2_threshold": 7.814727903251179, "N_raw": 104, "N_roi": 104, "N_inlier": 98, "refit": true}
{"timestamp": "12:05:55.568299", "frame": 51, "mu": [-0.6482915611520442, 1.5434647050601735, -0.15175432711096992], "Sigma": [[0.007448005237003761, 6.59000740910249e-05, -0.004546119531797519], [6.590007409102512e-05, 0.007188229920332626, 0.0034763072825913597], [-0.004546119531797519, 0.0034763072825913597, 0.0056251063319670514]], "chi2_level": 0.95, "chi2_df": 3, "chi2_threshold": 7.814727903251179, "N_raw": 77, "N_roi": 77, "N_inlier": 72, "refit": true}
{"timestamp": "12:05:55.631220", "frame": 52, "mu": [-0.6235961347343423, 1.6077750522180543, -0.28514127384269605], "Sigma": [[0.012043973155587603, 0.004810591837119935, -0.013937914609565382], [0.004810591837119935, 0.012921874934641522, -0.0038254619863526493], [-0.013937914609565383, -0.0038254619863526498, 0.05374341412122021]], "chi2_level": 0.95, "chi2_df": 3, "chi2_threshold": 7.814727903251179, "N_raw": 132, "N_roi": 132, "N_inlier": 126, "refit": true}
{"timestamp": "12:05:55.680795", "frame": 53, "mu": [-0.6955860113978959, 1.5098197155240258, 1.397932810610328], "Sigma": [[0.010431265021308173, 0.0019093677672165266, -0.002102536838687231], [0.0019093677672165266, 0.011142084946792684, 0.0007979764038156391], [-0.002102536838687231, 0.0007979764038156391, 0.0010823220019966417]], "chi2_level": 0.95, "chi2_df": 3, "chi2_threshold": 7.814727903251179, "N_raw": 98, "N_roi": 98, "N_inlier": 95, "refit": true}
{"timestamp": "12:05:55.736584", "frame": 54, "mu": [-0.7176783398684459, 1.608833393901065, -0.1550318818529975], "Sigma": [[0.009384248488079205, 0.002357185747668085, -0.004442066530236261], [0.002357185747668085, 0.0114998407208189, 0.00471339515176401], [-0.004442066530236261, 0.00471339515176401, 0.006140647238025977]], "chi2_level": 0.95, "chi2_df": 3, "chi2_threshold": 7.814727903251179, "N_raw": 96, "N_roi": 96, "N_inlier": 91, "refit": true}
{"timestamp": "12:05:55.788226", "frame": 55, "mu": [-0.7310744918567795, 1.5666973641556072, 1.4233624474199649], "Sigma": [[0.00776500301697423, -0.001457204310294759, -0.004481335034562357], [-0.0014572043102947592, 0.010658399322288674, 0.002362747900416894], [-0.004481335034562357, 0.002362747900416894, 0.0030816585357327955]], "chi2_level": 0.95, "chi2_df": 3, "chi2_threshold": 7.814727903251179, "N_raw": 83, "N_roi": 83, "N_inlier": 78, "refit": true}
{"timestamp": "12:05:55.847606", "frame": 56, "mu": [-0.6618785800690004, 1.573778596468602, 1.1996661356696607], "Sigma": [[0.011241371914925805, 0.0005564464894548671, -0.027946036494219034], [0.0005564464894548671, 0.014024112910246826, 0.0005887021812704822], [-0.027946036494219034, 0.0005887021812704823, 0.10552455801096437]], "chi2_level": 0.95, "chi2_df": 3, "chi2_threshold": 7.814727903251179, "N_raw": 107, "N_roi": 107, "N_inlier": 101, "refit": true}
{"timestamp": "12:05:55.904072", "frame": 57, "mu": [-0.6666071889125038, 1.6352794581125223, 1.1582861365598085], "Sigma": [[0.0327003021373532, 0.0021244277026876645, -0.07072386536656822], [0.0021244277026876645, 0.008642353724687253, -0.00493643507421934], [-0.07072386536656822, -0.00493643507421934, 0.18087157876799037]], "chi2_level": 0.95, "chi2_df": 3, "chi2_threshold": 7.814727903251179, "N_raw": 117, "N_roi": 117, "N_inlier": 112, "refit": true}
{"timestamp": "12:05:55.958885", "frame": 58, "mu": [-0.6961545251379496, 1.6123976395028783, 1.070400743837221], "Sigma": [[0.012990252848357522, -0.004429014505588831, -0.036943546100628014], [-0.004429014505588831, 0.011090404731729791, 0.016870930028053645], [-0.036943546100628014, 0.016870930028053645, 0.14590507624723148]], "chi2_level": 0.95, "chi2_df": 3, "chi2_threshold": 7.814727903251179, "N_raw": 119, "N_roi": 119, "N_inlier": 116, "refit": true}
{"timestamp": "12:05:56.009654", "frame": 59, "mu": [-0.733662071282897, 1.657005150549899, 0.9499360870515415], "Sigma": [[0.01019117552155569, -0.003054142145754903, -0.02697335883000352], [-0.003054142145754903, 0.0022932875872377, 0.013845273646947546], [-0.026973358830003527, 0.013845273646947546, 0.1428717808538163]], "chi2_level": 0.95, "chi2_df": 3, "chi2_threshold": 7.814727903251179, "N_raw": 84, "N_roi": 84, "N_inlier": 81, "refit": true}
{"timestamp": "12:05:56.064592", "frame": 60, "mu": [-0.6482520203033351, 1.8571873989724232, -0.2662690168380269], "Sigma": [[0.020086855968008775, 0.004329323828639214, 0.015526295991806584], [0.004329323828639214, 0.014972895534412688, -0.0519864615038587], [0.01552629599180658, -0.0519864615038587, 0.3436242086311016]], "chi2_level": 0.95, "chi2_df": 3, "chi2_threshold": 7.814727903251179, "N_raw": 91, "N_roi": 91, "N_inlier": 86, "refit": true}
{"timestamp": "12:05:56.122363", "frame": 61, "mu": [-0.7877978301130533, 1.738396667531929, -0.1288519016696057], "Sigma": [[0.007967679257749235, 0.0014225681302984586, 0.05535545171634593], [0.0014225681302984586, 0.019580935315247964, 0.04122443099369416], [0.05535545171634592, 0.04122443099369416, 0.770292508223458]], "chi2_level": 0.95, "chi2_df": 3, "chi2_threshold": 7.814727903251179, "N_raw": 109, "N_roi": 109, "N_inlier": 106, "refit": true}
{"timestamp": "12:05:56.173904", "frame": 62, "mu": [-0.7921351751795307, 1.809524246234293, -0.48908879204046607], "Sigma": [[0.008606826790742846, -0.007115185304658904, -0.007729944969835909], [-0.007115185304658904, 0.022229407404132588, -0.023298596334402507], [-0.00772994496983591, -0.02329859633440251, 0.29066232690912436]], "chi2_level": 0.95, "chi2_df": 3, "chi2_threshold": 7.814727903251179, "N_raw": 82, "N_roi": 82, "N_inlier": 79, "refit": true}
{"timestamp": "12:05:56.232614", "frame": 63, "mu": [-0.7704569223395529, 1.8201675996583146, 1.3155148539893866], "Sigma": [[0.01596313971290709, 0.001953275985298611, -0.007667159042733809], [0.0019532759852986118, 0.009532521075324795, -0.001802648587341517], [-0.007667159042733809, -0.001802648587341517, 0.008597193628612314]], "chi2_level": 0.95, "chi2_df": 3, "chi2_threshold": 7.814727903251179, "N_raw": 110, "N_roi": 110, "N_inlier": 106, "refit": true}
{"timestamp": "12:05:56.289503", "frame": 64, "mu": [-0.836204814558743, 1.8689601864590577, 1.0380249707522546], "Sigma": [[0.013320147902647074, 0.0031089463076894464, 0.024879853169694842], [0.0031089463076894464, 0.008691419569747567, 0.016921625846144567], [0.024879853169694842, 0.016921625846144567, 0.2462743350157736]], "chi2_level": 0.95, "chi2_df": 3, "chi2_threshold": 7.814727903251179, "N_raw": 118, "N_roi": 118, "N_inlier": 118, "refit": true}
{"timestamp": "12:05:56.342852", "frame": 65, "mu": [-0.8214870517034046, 1.906301749741591, 1.2886502927933414], "Sigma": [[0.013087154344115183, 0.0036867490365098824, 0.009485215245048834], [0.0036867490365098824, 0.01296092686120764, -0.0011296178438906497], [0.009485215245048834, -0.00112961784389065, 0.09349247572186142]], "chi2_level": 0.95, "chi2_df": 3, "chi2_threshold": 7.814727903251179, "N_raw": 114, "N_roi": 114, "N_inlier": 109, "refit": true}
{"timestamp": "12:05:56.402426", "frame": 66, "mu": [-0.7852816424079305, 1.9393300459805363, 0.13183245843522204], "Sigma": [[0.022327058882277942, -0.003926960603211253, 0.12128395074045718], [-0.003926960603211252, 0.011622785188243221, -0.0072315222935418425], [0.1212839507404572, -0.007231522293541844, 0.9147871573859069]], "chi2_level": 0.95, "chi2_df": 3, "chi2_threshold": 7.814727903251179, "N_raw": 135, "N_roi": 130, "N_inlier": 126, "refit": true}
{"timestamp": "12:05:56.454625", "frame": 67, "mu": [-0.7928022182431832, 1.9708540549838198, 1.294435469857837], "Sigma": [[0.01732443973817889, 0.00031602950024156964, -0.008314418136135985], [0.00031602950024156964, 0.007411263198554498, -0.0025986526740644942], [-0.008314418136135985, -0.0025986526740644942, 0.02127536607630615]], "chi2_level": 0.95, "chi2_df": 3, "chi2_threshold": 7.814727903251179, "N_raw": 118, "N_roi": 118, "N_inlier": 113, "refit": true}
{"timestamp": "12:05:56.501763", "frame": 68, "mu": [-0.7421380511528785, 2.004532658959874, 1.3185996205198565], "Sigma": [[0.00984558900923733, 0.0013759514367874194, -0.005204708592093784], [0.0013759514367874194, 0.006708217179326106, -0.0010773306852113844], [-0.005204708592093784, -0.0010773306852113846, 0.0032215663590051884]], "chi2_level": 0.95, "chi2_df": 3, "chi2_threshold": 7.814727903251179, "N_raw": 71, "N_roi": 71, "N_inlier": 62, "refit": true}
{"timestamp": "12:05:56.561241", "frame": 69, "mu": [-0.7962250875341216, 2.0566300167880005, 1.283546287648693], "Sigma": [[0.013524641489307558, 0.0009874236261962247, -0.008076047895992807], [0.0009874236261962245, 0.009437588703545058, -0.004176031056448114], [-0.008076047895992807, -0.004176031056448114, 0.01941055916038418]], "chi2_level": 0.95, "chi2_df": 3, "chi2_threshold": 7.814727903251179, "N_raw": 106, "N_roi": 106, "N_inlier": 102, "refit": true}
{"timestamp": "12:05:56.618291", "frame": 70, "mu": [-0.781600696285213, 2.0912205989619497, 1.2055370618325156], "Sigma": [[0.014052925937616883, -0.0011977775908894495, -0.009515303995169186], [-0.0011977775908894495, 0.005103938317175858, -0.0017599563139881558], [-0.009515303995169188, -0.0017599563139881558, 0.04468470758920565]], "chi2_level": 0.95, "chi2_df": 3, "chi2_threshold": 7.814727903251179, "N_raw": 107, "N_roi": 106, "N_inlier": 100, "refit": true}
{"timestamp": "12:05:56.672665", "frame": 71, "mu": [-0.7677031244625714, 2.105694484068624, 1.0087358238199013], "Sigma": [[0.012500248343594202, -0.004637694823153234, -0.025030949619322798], [-0.004637694823153234, 0.007332624060676382, 0.02313361572794902], [-0.025030949619322798, 0.02313361572794902, 0.16977820915554223]], "chi2_level": 0.95, "chi2_df": 3, "chi2_threshold": 7.814727903251179, "N_raw": 104, "N_roi": 104, "N_inlier": 100, "refit": true}
{"timestamp": "12:05:56.724808", "frame": 72, "mu": [-0.8300021935286839, 2.1896630273708486, 1.1998948509306275], "Sigma": [[0.013836464068767837, -0.0016497683621614152, -0.01221518698532546], [-0.0016497683621614152, 0.006094317020019726, 0.0038936549259451472], [-0.012215186985325458, 0.0038936549259451472, 0.07238570238341678]], "chi2_level": 0.95, "chi2_df": 3, "chi2_threshold": 7.814727903251179, "N_raw": 91, "N_roi": 91, "N_inlier": 87, "refit": true}
{"timestamp": "12:05:56.774480", "frame": 73, "mu": [-0.7685153083808651, 2.218263355577363, 1.1867941049412825], "Sigma": [[0.008526714384766673, -0.00023848833917788215, -0.00840337996971189], [-0.00023848833917788215, 0.005671971307214976, 0.011037066990814132], [-0.00840337996971189, 0.01103706699081413, 0.09048814178792702]], "chi2_level": 0.95, "chi2_df": 3, "chi2_threshold": 7.814727903251179, "N_raw": 57, "N_roi": 57, "N_inlier": 52, "refit": true}
{"timestamp": "12:05:56.838979", "frame": 74, "mu": [-0.7981711454270798, 2.239252226736718, 0.8843261443020416], "Sigma": [[0.011949222493675447, -0.00091004646297931, -0.00716137345255713], [-0.00091004646297931, 0.019911748173827893, 0.059387748102092755], [-0.007161373452557129, 0.059387748102092755, 0.2633112114458328]], "chi2_level": 0.95, "chi2_df": 3, "chi2_threshold": 7.814727903251179, "N_raw": 122, "N_roi": 122, "N_inlier": 118, "refit": true}
{"timestamp": "12:05:56.884820", "frame": 75, "mu": [-0.7456871721798017, 2.3284529787106085, 1.2609926418065718], "Sigma": [[0.008329545788321534, 0.0011614960282398555, -0.008071434785103674], [0.0011614960282398555, 0.005216146196862107, -0.003046098472495735], [-0.008071434785103672, -0.003046098472495735, 0.01190114779504893]], "chi2_level": 0.95, "chi2_df": 3, "chi2_threshold": 7.814727903251179, "N_raw": 57, "N_roi": 57, "N_inlier": 54, "refit": true}
{"timestamp": "12:05:56.945788", "frame": 76, "mu": [-0.8336494568894207, 2.3859799831374295, 0.9335156086266838], "Sigma": [[0.011473232172217266, -0.002367970441212482, 0.006861773829475824], [-0.002367970441212482, 0.006051895506127542, -0.022062646069721213], [0.006861773829475825, -0.02206264606972121, 0.19049205652680698]], "chi2_level": 0.95, "chi2_df": 3, "chi2_threshold": 7.814727903251179, "N_raw": 100, "N_roi": 100, "N_inlier": 97, "refit": true}
{"timestamp": "12:05:57.001953", "frame": 77, "mu": [-0.8266474752947057, 2.4367987442151415, 1.022867680592184], "Sigma": [[0.012849260319909102, -0.003337287631154801, 0.0035501962541013175], [-0.003337287631154801, 0.003878318725068746, -0.00983425216473223], [0.003550196254101317, -0.00983425216473223, 0.1423576837515138]], "chi2_level": 0.95, "chi2_df": 3, "chi2_threshold": 7.814727903251179, "N_raw": 105, "N_roi": 105, "N_inlier": 101, "refit": true}
{"timestamp": "12:05:57.055879", "frame": 78, "mu": [-0.8533362782958916, 2.4234940945238446, 0.8446755492842754], "Sigma": [[0.013396279914457843, -0.002875159543382493, 0.00134817959375015], [-0.002875159543382493, 0.004500694860330042, -0.019492366770638207], [0.0013481795937501499, -0.019492366770638207, 0.1493346059753718]], "chi2_level": 0.95, "chi2_df": 3, "chi2_threshold": 7.814727903251179, "N_raw": 101, "N_roi": 101, "N_inlier": 97, "refit": true}
{"timestamp": "12:05:57.106850", "frame": 79, "mu": [-0.8723713892775714, 2.4685465913180056, 0.7334728099428656], "Sigma": [[0.012686599297871986, -0.003690531737171671, 0.012039482062726582], [-0.0036905317371716704, 0.01114582725444281, -0.02767263658060649], [0.012039482062726583, -0.02767263658060649, 0.14739154027603277]], "chi2_level": 0.95, "chi2_df": 3, "chi2_threshold": 7.814727903251179, "N_raw": 69, "N_roi": 69, "N_inlier": 67, "refit": true}
{"timestamp": "12:05:57.165342", "frame": 80, "mu": [-0.8583769177591908, 2.426579599394897, 0.3752701826598192], "Sigma": [[0.015205644166444944, 0.0005477415344222857, 0.01767350184997654], [0.0005477415344222856, 0.004681838262238124, 0.008200823818402897], [0.01767350184997654, 0.008200823818402897, 0.23045699378831247]], "chi2_level": 0.95, "chi2_df": 3, "chi2_threshold": 7.814727903251179, "N_raw": 95, "N_roi": 95, "N_inlier": 94, "refit": true}
{"timestamp": "12:05:57.218898", "frame": 81, "mu": [-0.9113875704626435, 2.5014724493108496, 1.0739562219906258], "Sigma": [[0.015026927444016822, 0.0003858212867854679, -0.0038833076767741084], [0.00038582128678546783, 0.0016069295095030836, -0.004072432825878647], [-0.0038833076767741093, -0.004072432825878647, 0.05725595209024963]], "chi2_level": 0.95, "chi2_df": 3, "chi2_threshold": 7.814727903251179, "N_raw": 84, "N_roi": 84, "N_inlier": 80, "refit": true}
{"timestamp": "12:05:57.268430", "frame": 82, "mu": [-0.914936992144106, 2.58944788251665, 1.4237566303233191], "Sigma": [[0.011970331065779518, -0.0007178175862869934, -0.01110257750346693], [-0.0007178175862869932, 0.004819104621478808, -3.334210986488217e-05], [-0.01110257750346693, -3.334210986488217e-05, 0.012768526080622119]], "chi2_level": 0.95, "chi2_df": 3, "chi2_threshold": 7.814727903251179, "N_raw": 55, "N_roi": 55, "N_inlier": 51, "refit": true}
{"timestamp": "12:05:57.329253", "frame": 83, "mu": [-0.916459861761891, 2.6173247148156453, 1.1151395315658528], "Sigma": [[0.013757941717084847, 0.0013348519841190295, 0.001570574978491039], [0.0013348519841190297, 0.005030666650191538, 0.00559977056409139], [0.0015705749784910394, 0.00559977056409139, 0.11459957554925841]], "chi2_level": 0.95, "chi2_df": 3, "chi2_threshold": 7.814727903251179, "N_raw": 94, "N_roi": 94, "N_inlier": 91, "refit": true}
{"timestamp": "12:05:57.383940", "frame": 84, "mu": [-0.975260595074387, 2.655828761844525, 0.9344943735223347], "Sigma": [[0.0153590281243375, 0.0025529023670246235, 0.00709247217640715], [0.0025529023670246235, 0.005422735905859276, 0.02543749075727762], [0.00709247217640715, 0.02543749075727762, 0.16935551886777203]], "chi2_level": 0.95, "chi2_df": 3, "chi2_threshold": 7.814727903251179, "N_raw": 83, "N_roi": 81, "N_inlier": 78, "refit": true}
{"timestamp": "12:05:57.437763", "frame": 85, "mu": [-0.9587592156131127, 2.3630223551687397, 0.30817679609373183], "Sigma": [[0.017882201186129886, 0.03396400384325325, 0.05981774526678356], [0.033964003843253245, 0.27140139740485625, 0.4499881411783331], [0.05981774526678356, 0.449988141178333, 0.8312473325174767]], "chi2_level": 0.95, "chi2_df": 3, "chi2_threshold": 7.814727903251179, "N_raw": 79, "N_roi": 79, "N_inlier": 78, "refit": true}
{"timestamp": "12:05:57.497177", "frame": 86, "mu": [-0.90805410368299, 2.813470060032672, 0.9296144579842207], "Sigma": [[0.014584015038081013, 0.0003712457102172898, 0.00880032504376068], [0.0003712457102172899, 0.0021095859883745217, -0.006800812011423226], [0.00880032504376068, -0.006800812011423226, 0.4159752538310323]], "chi2_level": 0.95, "chi2_df": 3, "chi2_threshold": 7.814727903251179, "N_raw": 104, "N_roi": 104, "N_inlier": 99, "refit": true}
