{"timestamp": "12:47:27.552753", "frame": 22, "mu": [-1.8064996694993996, 4.976975114357404, 1.1563486854341987], "Sigma": [[0.018667540885911868, 0.0026285635139088547, -0.007674910627079612], [0.0026285635139088547, 0.000545587357300975, -0.0012621334420977192], [-0.007674910627079612, -0.0012621334420977192, 0.005245438090889227]], "chi2_level": 0.997, "chi2_df": 3, "chi2_threshold": 13.931422665512084, "N_raw": 49, "N_roi": 6, "N_inlier": 6, "refit": true}
{"timestamp": "12:47:27.607292", "frame": 23, "mu": [-1.8108100784890089, 4.983283294084719, 1.1373628805761808], "Sigma": [[0.020013457462194417, 0.0004366976514376552, -0.009988507103140866], [0.00043669765143765533, 0.00019804327015736869, -0.00034065622675353115], [-0.009988507103140866, -0.00034065622675353115, 0.007402497145889469]], "chi2_level": 0.997, "chi2_df": 3, "chi2_threshold": 13.931422665512084, "N_raw": 41, "N_roi": 6, "N_inlier": 6, "refit": true}
{"timestamp": "12:47:27.662395", "frame": 24, "mu": [-1.6554557022349228, 4.954205765476888, 0.6145574714830451], "Sigma": [[0.02476389354686668, 0.0019072659157037602, -0.005925091767286555], [0.0019072659157037606, 0.0009205644170413998, -0.0015016713076908667], [-0.005925091767286555, -0.0015016713076908667, 0.006756395793859606]], "chi2_level": 0.997, "chi2_df": 3, "chi2_threshold": 13.931422665512084, "N_raw": 49, "N_roi": 18, "N_inlier": 18, "refit": true}
{"timestamp": "12:47:27.714383", "frame": 25, "mu": [-1.618190360833833, 4.959518519475514, 0.9419498197845437], "Sigma": [[0.020201797043232633, 0.003686909946076428, -0.015515405879171142], [0.003686909946076428, 0.001227488563917638, -0.003517118119368487], [-0.015515405879171143, -0.0035171181193684865, 0.03175460500247288]], "chi2_level": 0.997, "chi2_df": 3, "chi2_threshold": 13.931422665512084, "N_raw": 20, "N_roi": 16, "N_inlier": 15, "refit": true}
{"timestamp": "12:47:27.772535", "frame": 26, "mu": [-1.508324552740518, 4.939823183376372, 0.7813744030688482], "Sigma": [[0.0224131998936958, 0.004085954200599716, 0.017182110404550446], [0.004085954200599716, 0.0014871941382777031, 0.0007452001843680173], [0.017182110404550442, 0.0007452001843680173, 0.09324894313077293]], "chi2_level": 0.997, "chi2_df": 3, "chi2_threshold": 13.931422665512084, "N_raw": 30, "N_roi": 21, "N_inlier": 21, "refit": true}
{"timestamp": "12:47:27.825317", "frame": 27, "mu": [-1.4339347278795673, 4.906349574665685, 0.7240376248665995], "Sigma": [[0.014331419076939479, 0.0014866514956421593, -0.005394046359325425], [0.0014866514956421591, 0.0009546402488356088, -0.003972405751106973], [-0.005394046359325425, -0.003972405751106973, 0.025730192980516042]], "chi2_level": 0.997, "chi2_df": 3, "chi2_threshold": 13.931422665512084, "N_raw": 23, "N_roi": 19, "N_inlier": 19, "refit": true}
{"timestamp": "12:47:27.879884", "frame": 28, "mu": [-1.376957950973947, 4.889011134275523, 0.8414876741306805], "Sigma": [[0.018196490754729712, 0.00463117127476625, -0.002699647160751504], [0.00463117127476625, 0.0028451309139744833, -0.0013639586990244045], [-0.002699647160751504, -0.0013639586990244045, 0.0009608326012995665]], "chi2_level": 0.997, "chi2_df": 3, "chi2_threshold": 13.931422665512084, "N_raw": 25, "N_roi": 21, "N_inlier": 21, "refit": true}
{"timestamp": "12:47:27.937301", "frame": 29, "mu": [-1.4824645406636179, 4.843270109117177, 0.7772523416129687], "Sigma": [[0.016766206650685164, 0.002973794677112741, -0.0034035981538660586], [0.0029737946771127414, 0.0012268858705273642, -0.002108578888012533], [-0.003403598153866058, -0.002108578888012533, 0.008702466971953723]], "chi2_level": 0.997, "chi2_df": 3, "chi2_threshold": 13.931422665512084, "N_raw": 26, "N_roi": 21, "N_inlier": 20, "refit": true}
{"timestamp": "12:47:27.993717", "frame": 30, "mu": [-1.4371886125923028, 4.931457882043297, 0.06663210861037222], "Sigma": [[0.02561655870774187, 0.004919688043743603, -0.007474312202636222], [0.004919688043743603, 0.002095600286135754, -0.0031323810515029218], [-0.0074743122026362215, -0.0031323810515029218, 0.006345240775613524]], "chi2_level": 0.997, "chi2_df": 3, "chi2_threshold": 13.931422665512084, "N_raw": 31, "N_roi": 20, "N_inlier": 20, "refit": true}
{"timestamp": "12:47:28.049126", "frame": 31, "mu": [-1.402886014428294, 4.776891175559973, 0.8247391849374596], "Sigma": [[0.025550204244554862, 0.005981795195742873, -0.004785347867385223], [0.005981795195742873, 0.0031985606883145378, -0.003820802769464158], [-0.004785347867385223, -0.003820802769464158, 0.00865853614106857]], "chi2_level": 0.997, "chi2_df": 3, "chi2_threshold": 13.931422665512084, "N_raw": 41, "N_roi": 37, "N_inlier": 36, "refit": true}
{"timestamp": "12:47:28.104774", "frame": 32, "mu": [-1.356744453333637, 4.786102152479293, -0.7254202547947184], "Sigma": [[0.0253003464523844, 0.012730566273242344, 0.0715150345770607], [0.012730566273242344, 0.010420094085616767, 0.047067369393758544], [0.0715150345770607, 0.04706736939375855, 0.3445286352807277]], "chi2_level": 0.997, "chi2_df": 3, "chi2_threshold": 13.931422665512084, "N_raw": 39, "N_roi": 37, "N_inlier": 37, "refit": true}
{"timestamp": "12:47:28.160340", "frame": 33, "mu": [-1.414911167626061, 4.654373543086567, 0.728360020110232], "Sigma": [[0.030054290250931957, 0.008246586234131577, -0.017610543785711634], [0.008246586234131577, 0.005815658378539639, -0.007192110872113017], [-0.017610543785711634, -0.007192110872113017, 0.014980713760426027]], "chi2_level": 0.997, "chi2_df": 3, "chi2_threshold": 13.931422665512084, "N_raw": 47, "N_roi": 45, "N_inlier": 45, "refit": true}
{"timestamp": "12:47:28.213165", "frame": 34, "mu": [-1.2923725801096853, 4.700743721120713, 1.0177776738779394], "Sigma": [[0.022873021282699704, 0.003851034937679497, -0.003675778063705895], [0.0038510349376794976, 0.001769399272236922, -0.0034447045312344464], [-0.0036757780637058954, -0.0034447045312344464, 0.013429108330674282]], "chi2_level": 0.997, "chi2_df": 3, "chi2_threshold": 13.931422665512084, "N_raw": 29, "N_roi": 29, "N_inlier": 28, "refit": true}
{"timestamp": "12:47:28.269305", "frame": 35, "mu": [-1.0448408180933602, 4.7735533391264, 0.5108206562496092], "Sigma": [[0.0334211351077536, 0.005111372936029326, -0.025889891007534048], [0.005111372936029326, 0.004117963571903911, -0.007170317139996606], [-0.025889891007534048, -0.007170317139996607, 0.026424274648942037]], "chi2_level": 0.997, "chi2_df": 3, "chi2_threshold": 13.931422665512084, "N_raw": 38, "N_roi": 38, "N_inlier": 38, "refit": true}
{"timestamp": "12:47:28.321472", "frame": 36, "mu": [-1.2228518824761212, 4.636271709535652, 0.9956406342944417], "Sigma": [[0.018681618505885955, 0.003093934647792204, -0.008827331796626627], [0.003093934647792204, 0.0018629615433500785, -0.002399826478911824], [-0.008827331796626625, -0.002399826478911824, 0.006737125737571376]], "chi2_level": 0.997, "chi2_df": 3, "chi2_threshold": 13.931422665512084, "N_raw": 23, "N_roi": 23, "N_inlier": 23, "refit": true}
{"timestamp": "12:47:28.376141", "frame": 37, "mu": [-1.0610474841302837, 4.680968061961583, 0.41657536872255735], "Sigma": [[0.010694482486958319, 0.0035766599897306944, -0.015333477319384805], [0.0035766599897306952, 0.0028652882905640014, -0.006312121083502666], [-0.015333477319384805, -0.006312121083502666, 0.031503060827035204]], "chi2_level": 0.997, "chi2_df": 3, "chi2_threshold": 13.931422665512084, "N_raw": 17, "N_roi": 15, "N_inlier": 14, "refit": true}
{"timestamp": "12:47:28.437370", "frame": 38, "mu": [-1.1108726618956726, 4.59969873231862, 0.6496271298460308], "Sigma": [[0.031733009700909795, 0.0051128511451324875, -0.04088249970096741], [0.0051128511451324875, 0.0031808729993509648, -0.012747804528274917], [-0.04088249970096741, -0.012747804528274917, 0.08644056013825097]], "chi2_level": 0.997, "chi2_df": 3, "chi2_threshold": 13.931422665512084, "N_raw": 61, "N_roi": 60, "N_inlier": 60, "refit": true}
{"timestamp": "12:47:28.492573", "frame": 39, "mu": [-1.1103742934256162, 4.584577691364001, 0.7383221108718048], "Sigma": [[0.027250810063894137, 0.00253581188241185, -0.024216575906727107], [0.00253581188241185, 0.0024897347779047176, -0.0065288055809133196], [-0.024216575906727107, -0.0065288055809133196, 0.033567407175791944]], "chi2_level": 0.997, "chi2_df": 3, "chi2_threshold": 13.931422665512084, "N_raw": 53, "N_roi": 47, "N_inlier": 47, "refit": true}
{"timestamp": "12:47:28.545441", "frame": 40, "mu": [-1.1192749172131309, 4.535434821029761, 0.903066834405791], "Sigma": [[0.019745840114217678, 0.0018074270881113655, -0.00538299508892507], [0.0018074270881113655, 0.0021008370335607925, -0.00300622391503014], [-0.00538299508892507, -0.00300622391503014, 0.008932516421161956]], "chi2_level": 0.997, "chi2_df": 3, "chi2_threshold": 13.931422665512084, "N_raw": 38, "N_roi": 35, "N_inlier": 33, "refit": true}
{"timestamp": "12:47:28.600348", "frame": 41, "mu": [-1.0491200109561645, 4.520778803414371, 0.9682336997737919], "Sigma": [[0.029493778157866354, 0.003462650936814509, -0.008601987377722237], [0.003462650936814509, 0.0025764031424434777, -0.005631808018277432], [-0.008601987377722237, -0.005631808018277432, 0.015827815668960413]], "chi2_level": 0.997, "chi2_df": 3, "chi2_threshold": 13.931422665512084, "N_raw": 51, "N_roi": 49, "N_inlier": 49, "refit": true}
{"timestamp": "12:47:28.654999", "frame": 42, "mu": [-1.0285784344261082, 4.497659281497858, 0.7954798840917676], "Sigma": [[0.02349128283736182, 0.005404485674891747, -0.0142861483312483], [0.005404485674891747, 0.005887026638463363, -0.006491830762157862], [-0.0142861483312483, -0.0064918307621578625, 0.015237486094885571]], "chi2_level": 0.997, "chi2_df": 3, "chi2_threshold": 13.931422665512084, "N_raw": 48, "N_roi": 48, "N_inlier": 47, "refit": true}
{"timestamp": "12:47:28.709343", "frame": 43, "mu": [-0.7967471689396727, 4.50540684691856, 1.0551255879902093], "Sigma": [[0.025582969596270294, 0.004349417985579619, -0.00464966270090425], [0.004349417985579619, 0.0017752712615727733, -0.0039766965233568015], [-0.004649662700904251, -0.0039766965233568015, 0.02346825040974919]], "chi2_level": 0.997, "chi2_df": 3, "chi2_threshold": 13.931422665512084, "N_raw": 39, "N_roi": 37, "N_inlier": 35, "refit": true}
{"timestamp": "12:47:28.769470", "frame": 44, "mu": [-0.8734111432597739, 4.4468885808023835, 0.8656166741126672], "Sigma": [[0.026745507027198807, 0.004398810451766316, -0.00246559667904697], [0.004398810451766317, 0.0014269453879382822, -0.00045356424127645503], [-0.00246559667904697, -0.00045356424127645503, 0.058256662230377246]], "chi2_level": 0.997, "chi2_df": 3, "chi2_threshold": 13.931422665512084, "N_raw": 38, "N_roi": 38, "N_inlier": 37, "refit": true}
{"timestamp": "12:47:28.818235", "frame": 45, "mu": [-0.8442316360766162, 4.4252688011410966, 0.9426348290835472], "Sigma": [[0.02674998069000542, 0.006964885855416779, 0.003246014158485993], [0.00696488585541678, 0.003027102094258721, -0.004425950377520575], [0.003246014158485994, -0.004425950377520575, 0.036211816023699904]], "chi2_level": 0.997, "chi2_df": 3, "chi2_threshold": 13.931422665512084, "N_raw": 36, "N_roi": 34, "N_inlier": 34, "refit": true}
{"timestamp": "12:47:28.874950", "frame": 46, "mu": [-0.8283427894969494, 4.412863580651495, 0.9569485869045834], "Sigma": [[0.030884135416601816, 0.0067669629492861805, -0.012760185312876442], [0.0067669629492861805, 0.003262661043829004, -0.005690223427298023], [-0.012760185312876442, -0.005690223427298023, 0.013885426951370348]], "chi2_level": 0.997, "chi2_df": 3, "chi2_threshold": 13.931422665512084, "N_raw": 41, "N_roi": 39, "N_inlier": 37, "refit": true}
{"timestamp": "12:47:28.930322", "frame": 47, "mu": [-0.8754299444748467, 4.363666422141755, 1.0403656231126455], "Sigma": [[0.024992375229245183, 0.0020740610226721093, -0.008434838536974], [0.0020740610226721093, 0.001982898121814314, -0.004788119125222114], [-0.008434838536974002, -0.004788119125222115, 0.01671783615378693]], "chi2_level": 0.997, "chi2_df": 3, "chi2_threshold": 13.931422665512084, "N_raw": 40, "N_roi": 39, "N_inlier": 38, "refit": true}
{"timestamp": "12:47:28.984926", "frame": 48, "mu": [-0.7586103185852345, 4.3405950362730925, 0.7465985807877341], "Sigma": [[0.02855303326159947, 0.0029141050033347766, -0.006293403984981089], [0.002914105003334777, 0.0025513224790910203, -0.0007112527766448824], [-0.006293403984981089, -0.0007112527766448824, 0.00239544239913206]], "chi2_level": 0.997, "chi2_df": 3, "chi2_threshold": 13.931422665512084, "N_raw": 36, "N_roi": 30, "N_inlier": 27, "refit": true}
{"timestamp": "12:47:29.042189", "frame": 49, "mu": [-0.6196366750073312, 4.420269410454786, 0.1902927733502882], "Sigma": [[0.029673045194922986, 0.010046857191455448, -0.016946252231017964], [0.010046857191455445, 0.012111695811750785, -0.01823840864684325], [-0.016946252231017964, -0.01823840864684325, 0.030295375498389183]], "chi2_level": 0.997, "chi2_df": 3, "chi2_threshold": 13.931422665512084, "N_raw": 59, "N_roi": 56, "N_inlier": 56, "refit": true}
{"timestamp": "12:47:29.092029", "frame": 50, "mu": [-0.5172511795263074, 4.357339955101288, 0.8346691012073506], "Sigma": [[0.006833509182821245, 0.0016663777944246525, 0.00043961278813813703], [0.0016663777944246525, 0.004778018637672108, -0.012737109010545093], [0.00043961278813813703, -0.012737109010545093, 0.05279294140392279]], "chi2_level": 0.997, "chi2_df": 3, "chi2_threshold": 13.931422665512084, "N_raw": 18, "N_roi": 14, "N_inlier": 13, "refit": true}
{"timestamp": "12:47:29.151057", "frame": 51, "mu": [-0.6425649263198314, 4.202371234592966, 0.7123872582296741], "Sigma": [[0.029823412093451705, -0.0007869734404604071, -0.006144412781330424], [-0.0007869734404604069, 0.0011313860596477898, -0.004183644572230187], [-0.006144412781330424, -0.004183644572230187, 0.02687255940406612]], "chi2_level": 0.997, "chi2_df": 3, "chi2_threshold": 13.931422665512084, "N_raw": 51, "N_roi": 50, "N_inlier": 50, "refit": true}
{"timestamp": "12:47:29.203278", "frame": 52, "mu": [-0.6318360692348594, 4.151105745525188, 0.8444414253127323], "Sigma": [[0.017841137604356988, 0.001035670317423477, -0.009230659730605394], [0.001035670317423477, 0.0014118648880845077, -0.003513747910747808], [-0.009230659730605394, -0.0035137479107478086, 0.01413771016972557]], "chi2_level": 0.997, "chi2_df": 3, "chi2_threshold": 13.931422665512084, "N_raw": 31, "N_roi": 31, "N_inlier": 30, "refit": true}
{"timestamp": "12:47:29.264293", "frame": 53, "mu": [-0.579285369651801, 4.164545241763524, 0.8138615102897279], "Sigma": [[0.03642489890632058, 0.013001486500233219, -0.009733368793022102], [0.013001486500233219, 0.01303267477577379, -0.003518058601191888], [-0.009733368793022102, -0.0035180586011918876, 0.0053201472111604605]], "chi2_level": 0.997, "chi2_df": 3, "chi2_threshold": 13.931422665512084, "N_raw": 69, "N_roi": 68, "N_inlier": 67, "refit": true}
{"timestamp": "12:47:29.317664", "frame": 54, "mu": [-0.5063948841259832, 4.1832316391442195, 0.8555027268251701], "Sigma": [[0.030478362324459274, 0.015408199924079269, -0.0072144373844855465], [0.015408199924079267, 0.01631403561890757, -0.0033858559926389165], [-0.007214437384485547, -0.003385855992638917, 0.011176783381587457]], "chi2_level": 0.997, "chi2_df": 3, "chi2_threshold": 13.931422665512084, "N_raw": 56, "N_roi": 56, "N_inlier": 55, "refit": true}
{"timestamp": "12:47:29.371199", "frame": 55, "mu": [-0.5375621460917905, 4.079998562662205, 0.8043163199429498], "Sigma": [[0.0280488620312975, 0.007951986643127164, -0.003495628223941452], [0.007951986643127164, 0.020863873639045558, 0.009838457726075531], [-0.0034956282239414524, 0.009838457726075531, 0.011390697027028423]], "chi2_level": 0.997, "chi2_df": 3, "chi2_threshold": 13.931422665512084, "N_raw": 52, "N_roi": 52, "N_inlier": 52, "refit": true}
{"timestamp": "12:47:29.427465", "frame": 56, "mu": [-0.5209700768582349, 3.9863717506925025, 0.9958510062239299], "Sigma": [[0.03008276458640796, 0.004984335588923204, 0.010930819134108514], [0.004984335588923204, 0.00345188415122862, -0.002672751524795174], [0.010930819134108517, -0.002672751524795174, 0.01644770009459768]], "chi2_level": 0.997, "chi2_df": 3, "chi2_threshold": 13.931422665512084, "N_raw": 54, "N_roi": 54, "N_inlier": 54, "refit": true}
{"timestamp": "12:47:29.478537", "frame": 57, "mu": [-0.5258219807263469, 3.899133535299255, 0.8025418279162186], "Sigma": [[0.020449506515211914, 0.0014460225954174093, -0.009719334065358576], [0.0014460225954174093, 0.004267239505513956, -0.0022149688412145957], [-0.009719334065358578, -0.0022149688412145953, 0.006906244308965264]], "chi2_level": 0.997, "chi2_df": 3, "chi2_threshold": 13.931422665512084, "N_raw": 37, "N_roi": 37, "N_inlier": 37, "refit": true}
{"timestamp": "12:47:29.539368", "frame": 58, "mu": [-0.4632378505281825, 3.919596900017563, 1.1013993191803624], "Sigma": [[0.03266203181371912, 0.0024110348124264623, 0.006985306822035665], [0.0024110348124264623, 0.00406511908360441, -0.005492060810320106], [0.006985306822035665, -0.005492060810320107, 0.018315337133288874]], "chi2_level": 0.997, "chi2_df": 3, "chi2_threshold": 13.931422665512084, "N_raw": 71, "N_roi": 71, "N_inlier": 70, "refit": true}
{"timestamp": "12:47:29.586251", "frame": 59, "mu": [-0.4564123776703639, 3.8612258869193457, 0.51074877494593], "Sigma": [[0.0036111368227502217, -0.0024687674225907373, -0.015615990952627517], [-0.0024687674225907373, 0.007802726837391968, -0.02077833831215572], [-0.015615990952627517, -0.02077833831215572, 0.25770992566615597]], "chi2_level": 0.997, "chi2_df": 3, "chi2_threshold": 13.931422665512084, "N_raw": 10, "N_roi": 8, "N_inlier": 8, "refit": true}
{"timestamp": "12:47:29.646930", "frame": 60, "mu": [-0.3869134111784206, 3.8692624276837493, 0.9076413199929868], "Sigma": [[0.028486453977943048, 0.007041592073298096, -0.026596731426535906], [0.007041592073298098, 0.009645934630340958, -0.00614655415113841], [-0.02659673142653591, -0.00614655415113841, 0.05227301661722898]], "chi2_level": 0.997, "chi2_df": 3, "chi2_threshold": 13.931422665512084, "N_raw": 53, "N_roi": 51, "N_inlier": 49, "refit": true}
{"timestamp": "12:47:29.700691", "frame": 61, "mu": [-0.2410171249292383, 3.873971381975357, 0.7921231828215277], "Sigma": [[0.014209887962463, -0.0003309303559651598, -0.026744748125787005], [-0.0003309303559651598, 0.002236136524323813, -0.007310061940803351], [-0.026744748125787005, -0.007310061940803351, 0.1908913211296218]], "chi2_level": 0.997, "chi2_df": 3, "chi2_threshold": 13.931422665512084, "N_raw": 46, "N_roi": 43, "N_inlier": 42, "refit": true}
{"timestamp": "12:47:29.756879", "frame": 62, "mu": [-0.271723015230599, 3.80235823639913, 1.1268414810037075], "Sigma": [[0.01920061205475075, 0.0005902741769373748, 0.003984584091626251], [0.0005902741769373749, 0.004147244272151755, -0.0063527916430696635], [0.003984584091626251, -0.006352791643069665, 0.021546125161494165]], "chi2_level": 0.997, "chi2_df": 3, "chi2_threshold": 13.931422665512084, "N_raw": 63, "N_roi": 63, "N_inlier": 63, "refit": true}
{"timestamp": "12:47:29.811341", "frame": 63, "mu": [-0.3011944878482355, 3.771646427947979, 0.8968314842093216], "Sigma": [[0.01961974494534631, 0.0038061282063622534, -0.0072136255100233035], [0.0038061282063622534, 0.003134580363033383, -0.0057071667869212275], [-0.007213625510023304, -0.0057071667869212275, 0.016527615933473058]], "chi2_level": 0.997, "chi2_df": 3, "chi2_threshold": 13.931422665512084, "N_raw": 51, "N_roi": 51, "N_inlier": 49, "refit": true}
{"timestamp": "12:47:29.867600", "frame": 64, "mu": [-0.3028592688296533, 3.7185720897984273, 0.9721517547351103], "Sigma": [[0.022917365000007878, 0.0035187727786212923, -0.0038369383405931767], [0.0035187727786212914, 0.00488107577705834, -0.004443418555481658], [-0.0038369383405931767, -0.004443418555481658, 0.011714699095530171]], "chi2_level": 0.997, "chi2_df": 3, "chi2_threshold": 13.931422665512084, "N_raw": 64, "N_roi": 64, "N_inlier": 61, "refit": true}
{"timestamp": "12:47:29.924485", "frame": 65, "mu": [-0.19895713243227037, 3.684007430458071, 1.1154586709874104], "Sigma": [[0.03257271844720655, 0.0048190715593977905, 0.011320241036129166], [0.004819071559397791, 0.00433204386197841, -0.0037649643391477893], [0.011320241036129164, -0.0037649643391477893, 0.01722102633761827]], "chi2_level": 0.997, "chi2_df": 3, "chi2_threshold": 13.931422665512084, "N_raw": 78, "N_roi": 77, "N_inlier": 76, "refit": true}
{"timestamp": "12:47:29.977421", "frame": 66, "mu": [-0.10459278024032208, 3.6790656903152352, 0.9968369011077836], "Sigma": [[0.02005344398575027, 0.0031121127106655006, 0.008258209380967111], [0.0031121127106655006, 0.002261426087890375, -0.0029708600346701947], [0.008258209380967111, -0.0029708600346701943, 0.01857675846907462]], "chi2_level": 0.997, "chi2_df": 3, "chi2_threshold": 13.931422665512084, "N_raw": 54, "N_roi": 54, "N_inlier": 51, "refit": true}
{"timestamp": "12:47:30.036451", "frame": 67, "mu": [-0.0924882521666282, 3.7047861312162476, -0.6270388778705897], "Sigma": [[0.03565282782667925, 0.01055909117490137, 0.09112082444589313], [0.01055909117490137, 0.009539371406946438, 0.026901033476838594], [0.09112082444589313, 0.026901033476838594, 0.538087355828777]], "chi2_level": 0.997, "chi2_df": 3, "chi2_threshold": 13.931422665512084, "N_raw": 91, "N_roi": 91, "N_inlier": 91, "refit": true}
{"timestamp": "12:47:30.090658", "frame": 68, "mu": [-0.015579621407320738, 3.6499128564325742, 0.9112162037358789], "Sigma": [[0.04417831116198867, 0.011870737463800528, -0.013971495305001172], [0.011870737463800528, 0.006995407836644512, -0.010244379880679277], [-0.013971495305001174, -0.010244379880679277, 0.040610415249014334]], "chi2_level": 0.997, "chi2_df": 3, "chi2_threshold": 13.931422665512084, "N_raw": 79, "N_roi": 79, "N_inlier": 76, "refit": true}
{"timestamp": "12:47:30.140973", "frame": 69, "mu": [-0.154906523912032, 3.585525294599749, 1.0189852607816374], "Sigma": [[0.019664224449911824, -0.0013574906737196676, -0.011342152470454774], [-0.0013574906737196673, 0.0018079524958528124, -0.004566841420774289], [-0.011342152470454774, -0.004566841420774289, 0.03710258068844603]], "chi2_level": 0.997, "chi2_df": 3, "chi2_threshold": 13.931422665512084, "N_raw": 50, "N_roi": 50, "N_inlier": 47, "refit": true}
{"timestamp": "12:47:30.195611", "frame": 70, "mu": [-0.04910689253866203, 3.568431210851094, 1.2687047117819183], "Sigma": [[0.01630856164022969, -0.0012811148129783542, -0.00024585681134398464], [-0.0012811148129783542, 0.003648362359030995, -0.0021558548678635033], [-0.00024585681134398454, -0.0021558548678635033, 0.004568689776229334]], "chi2_level": 0.997, "chi2_df": 3, "chi2_threshold": 13.931422665512084, "N_raw": 48, "N_roi": 48, "N_inlier": 47, "refit": true}
{"timestamp": "12:47:30.246057", "frame": 71, "mu": [-0.005836005427326487, 3.5257124420152888, 0.9602850673978323], "Sigma": [[0.012567128670012492, 0.000242634072641766, 0.006176390879730688], [0.0002426340726417658, 0.0020068356838052063, -0.004340646773014833], [0.006176390879730688, -0.004340646773014833, 0.02976983448524445]], "chi2_level": 0.997, "chi2_df": 3, "chi2_threshold": 13.931422665512084, "N_raw": 17, "N_roi": 17, "N_inlier": 17, "refit": true}
{"timestamp": "12:47:30.307557", "frame": 72, "mu": [0.05819570806256614, 3.5350100152585617, 0.9328862736911252], "Sigma": [[0.026595019188785853, 0.003486900463314128, -0.004347019320019392], [0.0034869004633141278, 0.0070975380438834485, 0.002066284184974764], [-0.004347019320019392, 0.002066284184974764, 0.002841603890113444]], "chi2_level": 0.997, "chi2_df": 3, "chi2_threshold": 13.931422665512084, "N_raw": 63, "N_roi": 63, "N_inlier": 60, "refit": true}
{"timestamp": "12:47:30.367609", "frame": 73, "mu": [0.09844449810551231, 3.4583033793520572, 1.0192928036008033], "Sigma": [[0.025150962291035774, -0.0031220013134576844, -0.011710976419893562], [-0.0031220013134576844, 0.004690160594980736, -0.010754762814455383], [-0.011710976419893562, -0.010754762814455383, 0.045402374985268334]], "chi2_level": 0.997, "chi2_df": 3, "chi2_threshold": 13.931422665512084, "N_raw": 94, "N_roi": 94, "N_inlier": 93, "refit": true}
{"timestamp": "12:47:30.413196", "frame": 74, "mu": [0.2431669683846922, 3.375606303204349, 1.266090889263756], "Sigma": [[0.0076301269405602695, -0.000271459466367225, 0.0038661165131725897], [-0.00027145946636722494, 0.0015919026634454265, -0.0040787783336937], [0.0038661165131725897, -0.004078778333693699, 0.039844564071636904]], "chi2_level": 0.997, "chi2_df": 3, "chi2_threshold": 13.931422665512084, "N_raw": 25, "N_roi": 23, "N_inlier": 23, "refit": true}
{"timestamp": "12:47:30.472873", "frame": 75, "mu": [0.16652546835069257, 3.348416916193774, 0.9149244983789329], "Sigma": [[0.01734267224717271, -0.002378335707531577, -0.0035531443723465506], [-0.002378335707531577, 0.0024714987578512973, -0.005466014510761338], [-0.0035531443723465506, -0.005466014510761337, 0.026262772853802276]], "chi2_level": 0.997, "chi2_df": 3, "chi2_threshold": 13.931422665512084, "N_raw": 68, "N_roi": 68, "N_inlier": 64, "refit": true}
{"timestamp": "12:47:30.526591", "frame": 76, "mu": [0.3093841369058315, 3.342333233431032, 0.9237232835941676], "Sigma": [[0.02305859010058565, 0.007973705019147532, -0.0002467280877245146], [0.007973705019147532, 0.008388397030015234, -0.002008032826095513], [-0.00024672808772451503, -0.002008032826095513, 0.01656584402598813]], "chi2_level": 0.997, "chi2_df": 3, "chi2_threshold": 13.931422665512084, "N_raw": 54, "N_roi": 54, "N_inlier": 54, "refit": true}
{"timestamp": "12:47:30.582379", "frame": 77, "mu": [0.20207694337191334, 3.2763790590604955, 0.9182696143491135], "Sigma": [[0.023585383671763882, 0.005351910056406135, -0.007879366130359965], [0.005351910056406135, 0.007867094960907983, -0.0018294479007213518], [-0.007879366130359965, -0.001829447900721352, 0.0102924620736403]], "chi2_level": 0.997, "chi2_df": 3, "chi2_threshold": 13.931422665512084, "N_raw": 59, "N_roi": 59, "N_inlier": 58, "refit": true}
{"timestamp": "12:47:30.640502", "frame": 78, "mu": [0.21756427167217282, 3.217093965897886, 1.0190072675024695], "Sigma": [[0.018817107974257646, -0.0002846771795788505, -0.0033274954712412767], [-0.0002846771795788508, 0.004393616698328223, -0.006908092921196382], [-0.0033274954712412762, -0.0069080929211963816, 0.016604598526322692]], "chi2_level": 0.997, "chi2_df": 3, "chi2_threshold": 13.931422665512084, "N_raw": 81, "N_roi": 79, "N_inlier": 78, "refit": true}
{"timestamp": "12:47:30.695328", "frame": 79, "mu": [0.2608472950843815, 3.317520129869054, -0.17014386352255856], "Sigma": [[0.01828861422419937, 0.00033684888442649173, 0.009438332136799716], [0.00033684888442649173, 0.007344267602913225, -0.008202073410695471], [0.009438332136799716, -0.008202073410695471, 0.02784366349472738]], "chi2_level": 0.997, "chi2_df": 3, "chi2_threshold": 13.931422665512084, "N_raw": 71, "N_roi": 71, "N_inlier": 71, "refit": true}
{"timestamp": "12:47:30.749791", "frame": 80, "mu": [0.24468818611663687, 3.0784660850897785, 0.9661560745927602], "Sigma": [[0.019880387662589965, -0.004818937590545964, -0.014100548446503571], [-0.004818937590545964, 0.00783789440047443, 0.002842658610306081], [-0.014100548446503571, 0.002842658610306081, 0.011772240122479065]], "chi2_level": 0.997, "chi2_df": 3, "chi2_threshold": 13.931422665512084, "N_raw": 72, "N_roi": 72, "N_inlier": 68, "refit": true}
{"timestamp": "12:47:30.805129", "frame": 81, "mu": [0.32127577824740655, 3.0550306779731518, 1.0379503159282801], "Sigma": [[0.019882979365968445, 0.0009146347762156652, 0.00567054453971288], [0.000914634776215665, 0.009969139261830321, 0.003726321420861091], [0.00567054453971288, 0.0037263214208610915, 0.009926738672061465]], "chi2_level": 0.997, "chi2_df": 3, "chi2_threshold": 13.931422665512084, "N_raw": 78, "N_roi": 78, "N_inlier": 76, "refit": true}
{"timestamp": "12:47:30.859147", "frame": 82, "mu": [0.3213470994170835, 2.9725858765719764, 0.9887179548500765], "Sigma": [[0.017879866826313838, -0.009760463705694132, -0.021735546281866577], [-0.009760463705694132, 0.01662509144487626, 0.017356539144948994], [-0.021735546281866573, 0.017356539144948994, 0.031837511746405776]], "chi2_level": 0.997, "chi2_df": 3, "chi2_threshold": 13.931422665512084, "N_raw": 73, "N_roi": 73, "N_inlier": 72, "refit": true}
{"timestamp": "12:47:30.912790", "frame": 83, "mu": [0.3792440052031649, 2.9040493754307652, 0.922489712978416], "Sigma": [[0.016479138668628903, -0.008529592956127, -0.013202035292255585], [-0.008529592956127, 0.011944867641739553, 0.00916045743648304], [-0.013202035292255585, 0.00916045743648304, 0.013083657213484515]], "chi2_level": 0.997, "chi2_df": 3, "chi2_threshold": 13.931422665512084, "N_raw": 63, "N_roi": 63, "N_inlier": 60, "refit": true}
{"timestamp": "12:47:30.965338", "frame": 84, "mu": [0.38062548117797024, 2.922003862624436, 1.066016532504753], "Sigma": [[0.014800322769399552, -0.0033522714264369565, -0.007380818247559969], [-0.0033522714264369565, 0.006803940099499174, 0.004314898458745394], [-0.007380818247559968, 0.004314898458745395, 0.005625671886857528]], "chi2_level": 0.997, "chi2_df": 3, "chi2_threshold": 13.931422665512084, "N_raw": 49, "N_roi": 49, "N_inlier": 48, "refit": true}
{"timestamp": "12:47:31.024118", "frame": 85, "mu": [0.4246994675242421, 2.9303496754747864, 1.0978204582837867], "Sigma": [[0.018236948304641305, -0.004409684145890203, -0.010800380468163388], [-0.004409684145890203, 0.008825601036539102, 0.0020684687246652653], [-0.010800380468163388, 0.0020684687246652653, 0.007798144544289621]], "chi2_level": 0.997, "chi2_df": 3, "chi2_threshold": 13.931422665512084, "N_raw": 77, "N_roi": 77, "N_inlier": 75, "refit": true}
{"timestamp": "12:47:31.079508", "frame": 86, "mu": [0.44932000426081814, 3.02826310947314, -0.46679369393337333], "Sigma": [[0.014176008797508055, 0.002556675312720906, 0.01651177003997517], [0.0025566753127209056, 0.02079500714693778, -0.008351785355651897], [0.016511770039975168, -0.008351785355651897, 0.09221518775141817]], "chi2_level": 0.997, "chi2_df": 3, "chi2_threshold": 13.931422665512084, "N_raw": 69, "N_roi": 67, "N_inlier": 66, "refit": true}
{"timestamp": "12:47:31.133154", "frame": 87, "mu": [0.5141447085812797, 2.8427772302028074, 0.984378899389229], "Sigma": [[0.013571285864544567, -0.000567056100234379, -0.0014348655229649888], [-0.000567056100234379, 0.002137248096929787, -0.0031864918038861673], [-0.0014348655229649886, -0.0031864918038861673, 0.009600146655353707]], "chi2_level": 0.997, "chi2_df": 3, "chi2_threshold": 13.931422665512084, "N_raw": 58, "N_roi": 56, "N_inlier": 53, "refit": true}
{"timestamp": "12:47:31.186601", "frame": 88, "mu": [0.58156163113112, 2.8483145003371555, 1.067864374464311], "Sigma": [[0.01448929097994405, -6.645059258035462e-05, -0.002210763104235247], [-6.645059258035446e-05, 0.002186496741193196, -0.0027485800940224344], [-0.0022107631042352477, -0.0027485800940224344, 0.007496447571623678]], "chi2_level": 0.997, "chi2_df": 3, "chi2_threshold": 13.931422665512084, "N_raw": 54, "N_roi": 54, "N_inlier": 51, "refit": true}
{"timestamp": "12:47:31.240002", "frame": 89, "mu": [0.5551032299230716, 2.830299088292117, 0.9705050612399202], "Sigma": [[0.011204947743139392, 3.060733741390258e-05, -0.006926194813989664], [3.060733741390247e-05, 0.0026468281888867105, -0.004183665151314517], [-0.006926194813989663, -0.004183665151314517, 0.09407117262934835]], "chi2_level": 0.997, "chi2_df": 3, "chi2_threshold": 13.931422665512084, "N_raw": 44, "N_roi": 44, "N_inlier": 42, "refit": true}
{"timestamp": "12:47:31.296231", "frame": 90, "mu": [0.6909845627916563, 2.8209205052508306, 0.9896778442284386], "Sigma": [[0.01260656300752489, -0.0022830684676262356, -0.002238497229144031], [-0.0022830684676262356, 0.0015318898364254329, -0.005801529183767185], [-0.002238497229144031, -0.005801529183767184, 0.07631809396118697]], "chi2_level": 0.997, "chi2_df": 3, "chi2_threshold": 13.931422665512084, "N_raw": 57, "N_roi": 57, "N_inlier": 55, "refit": true}
{"timestamp": "12:47:31.350848", "frame": 91, "mu": [0.72781225517529, 3.0146674932357294, -0.4911870055323746], "Sigma": [[0.011230462156802158, -0.0016280126605526905, -0.008062806690622617], [-0.0016280126605526903, 0.009769695779767405, -0.023567037266284313], [-0.008062806690622619, -0.023567037266284313, 0.09308751041875439]], "chi2_level": 0.997, "chi2_df": 3, "chi2_threshold": 13.931422665512084, "N_raw": 49, "N_roi": 47, "N_inlier": 47, "refit": true}
{"timestamp": "12:47:31.408401", "frame": 92, "mu": [0.8385077455299703, 2.9888810121884255, -0.49652752129707584], "Sigma": [[0.03050957095718254, 0.011689502888309682, -0.02653828911193385], [0.011689502888309682, 0.014410459655877034, -0.04306891796846371], [-0.026538289111933854, -0.04306891796846372, 0.22525217672439268]], "chi2_level": 0.997, "chi2_df": 3, "chi2_threshold": 13.931422665512084, "N_raw": 58, "N_roi": 56, "N_inlier": 55, "refit": true}
{"timestamp": "12:47:31.461992", "frame": 93, "mu": [0.8544551363644899, 2.7319484901714244, 0.9162352877445634], "Sigma": [[0.03920946046680104, 0.003885158152127988, -0.005097211216263404], [0.003885158152127988, 0.003121482591346778, -0.0005743705867139229], [-0.005097211216263403, -0.0005743705867139229, 0.09698791600217682]], "chi2_level": 0.997, "chi2_df": 3, "chi2_threshold": 13.931422665512084, "N_raw": 59, "N_roi": 59, "N_inlier": 57, "refit": true}
{"timestamp": "12:47:31.514978", "frame": 94, "mu": [1.108134321040575, 2.7035766020663923, 0.7479746634017767], "Sigma": [[0.039961721004404725, 0.005573016381410138, -0.011529980258804591], [0.005573016381410138, 0.013933914732277872, 0.036162819974681605], [-0.011529980258804593, 0.03616281997468161, 0.22282501466836202]], "chi2_level": 0.997, "chi2_df": 3, "chi2_threshold": 13.931422665512084, "N_raw": 38, "N_roi": 37, "N_inlier": 37, "refit": true}
{"timestamp": "12:47:31.570964", "frame": 95, "mu": [0.9795971432299192, 2.913207337578619, -0.4805400965179569], "Sigma": [[0.04170922887632521, 0.0025682651293974417, 0.003198945952052319], [0.0025682651293974417, 0.004983880406032475, 0.00035739956209838064], [0.0031989459520523193, 0.00035739956209838064, 0.00448425513808542]], "chi2_level": 0.997, "chi2_df": 3, "chi2_threshold": 13.931422665512084, "N_raw": 54, "N_roi": 54, "N_inlier": 52, "refit": true}
{"timestamp": "12:47:31.628087", "frame": 96, "mu": [1.1491282137215306, 2.652208392325455, 0.8234930731323937], "Sigma": [[0.07219440795315832, 0.00230499581803986, 0.00029744699678314494], [0.00230499581803986, 0.0038896564924378483, -0.0004374107975042789], [0.00029744699678314494, -0.0004374107975042789, 0.001701554970913925]], "chi2_level": 0.997, "chi2_df": 3, "chi2_threshold": 13.931422665512084, "N_raw": 61, "N_roi": 60, "N_inlier": 59, "refit": true}
{"timestamp": "12:47:31.682120", "frame": 97, "mu": [1.1154746789160395, 2.6305046767188047, 0.8203636369731954], "Sigma": [[0.05854399882480951, 0.007345255325156258, 0.011462221268464905], [0.007345255325156258, 0.006414017672162192, 0.002571473964825019], [0.011462221268464905, 0.002571473964825019, 0.00838412535483441]], "chi2_level": 0.997, "chi2_df": 3, "chi2_threshold": 13.931422665512084, "N_raw": 53, "N_roi": 53, "N_inlier": 50, "refit": true}
{"timestamp": "12:47:31.738013", "frame": 98, "mu": [1.0799490003876653, 2.5461316904702147, 0.7941501351112077], "Sigma": [[0.057904650196634905, 0.012483058902253655, 0.0102872591794612], [0.012483058902253655, 0.0076168256987648895, 0.002491730327295498], [0.0102872591794612, 0.002491730327295498, 0.013060383309048797]], "chi2_level": 0.997, "chi2_df": 3, "chi2_threshold": 13.931422665512084, "N_raw": 60, "N_roi": 58, "N_inlier": 56, "refit": true}
{"timestamp": "12:47:31.790473", "frame": 99, "mu": [0.9947338614053781, 2.471054540788392, 0.9583782543878963], "Sigma": [[0.008911992158231814, -0.0021673152049037792, 0.002220469466189423], [-0.0021673152049037792, 0.0011725493445711788, 0.002152727442468479], [0.0022204694661894235, 0.002152727442468479, 0.05505383740949281]], "chi2_level": 0.997, "chi2_df": 3, "chi2_threshold": 13.931422665512084, "N_raw": 49, "N_roi": 48, "N_inlier": 46, "refit": true}
{"timestamp": "12:47:31.950411", "frame": 100, "mu": [1.042065916278907, 2.453639850117745, 1.169697667941304], "Sigma": [[0.004920147898819146, -0.0016262249612774677, -0.005822060990840557], [-0.0016262249612774677, 0.002061200347939487, -0.005551231432741204], [-0.005822060990840557, -0.005551231432741204, 0.1256288778349592]], "chi2_level": 0.997, "chi2_df": 3, "chi2_threshold": 13.931422665512084, "N_raw": 31, "N_roi": 31, "N_inlier": 29, "refit": true}
{"timestamp": "12:47:31.975831", "frame": 101, "mu": [1.0762248047576932, 2.393872670954761, 1.0863042851201334], "Sigma": [[0.00634821093140482, -0.0017913098973523702, 0.004422683842949275], [-0.00179130989735237, 0.0008999743732071003, -0.0031376025217995677], [0.004422683842949274, -0.0031376025217995677, 0.022926565125460634]], "chi2_level": 0.997, "chi2_df": 3, "chi2_threshold": 13.931422665512084, "N_raw": 35, "N_roi": 35, "N_inlier": 32, "refit": true}
{"timestamp": "12:47:32.009033", "frame": 102, "mu": [1.1099873154380824, 2.356912829675103, 1.3319132623289907], "Sigma": [[0.011207681610805561, -0.0010801219343042408, 0.007361212471499924], [-0.0010801219343042408, 0.003150356228125629, -0.0048415810712356], [0.007361212471499924, -0.0048415810712356, 0.013187639990915186]], "chi2_level": 0.997, "chi2_df": 3, "chi2_threshold": 13.931422665512084, "N_raw": 56, "N_roi": 56, "N_inlier": 53, "refit": true}
{"timestamp": "12:47:32.041795", "frame": 103, "mu": [1.109699291141006, 2.2997830016024614, 1.1338099729424904], "Sigma": [[0.010041667593452326, -0.0016987408707091589, 0.0016355202494175978], [-0.0016987408707091587, 0.0025375651151612957, -0.002184178676109559], [0.0016355202494175974, -0.002184178676109559, 0.016068395251120218]], "chi2_level": 0.997, "chi2_df": 3, "chi2_threshold": 13.931422665512084, "N_raw": 46, "N_roi": 46, "N_inlier": 46, "refit": true}
{"timestamp": "12:47:32.070821", "frame": 104, "mu": [1.161808461793496, 2.2726466747933958, 1.2840472283020807], "Sigma": [[0.01155193472008583, -0.001139739237636367, 0.008216939072844744], [-0.001139739237636367, 0.002051061424484589, -0.0014126959319072767], [0.008216939072844744, -0.0014126959319072764, 0.022808474777987094]], "chi2_level": 0.997, "chi2_df": 3, "chi2_threshold": 13.931422665512084, "N_raw": 43, "N_roi": 43, "N_inlier": 42, "refit": true}
{"timestamp": "12:47:32.120310", "frame": 105, "mu": [1.152444169625096, 2.217670842928235, 1.1016884957599198], "Sigma": [[0.011100247698314475, -0.0015558431876942125, -0.007833850371403103], [-0.0015558431876942125, 0.0037604812752984485, -0.0022075050817499707], [-0.007833850371403103, -0.0022075050817499707, 0.0749039031227914]], "chi2_level": 0.997, "chi2_df": 3, "chi2_threshold": 13.931422665512084, "N_raw": 49, "N_roi": 49, "N_inlier": 47, "refit": true}
{"timestamp": "12:47:32.177077", "frame": 106, "mu": [1.173694810326354, 2.1632972222591387, 1.0461632824156928], "Sigma": [[0.01397676098872169, -0.006000727096467625, -0.018974776736944636], [-0.006000727096467625, 0.006932872780236917, 0.005631968899852091], [-0.01897477673694464, 0.00563196889985209, 0.06068475154531708]], "chi2_level": 0.997, "chi2_df": 3, "chi2_threshold": 13.931422665512084, "N_raw": 55, "N_roi": 55, "N_inlier": 52, "refit": true}
{"timestamp": "12:47:32.229260", "frame": 107, "mu": [1.2116669852347495, 2.1964940519424445, 0.8213591728753649], "Sigma": [[0.009610364188862916, -0.00540972131263611, -0.024713372386348482], [-0.00540972131263611, 0.009098488728799588, 0.009941786559540842], [-0.024713372386348482, 0.009941786559540842, 0.12328775396526605]], "chi2_level": 0.997, "chi2_df": 3, "chi2_threshold": 13.931422665512084, "N_raw": 40, "N_roi": 40, "N_inlier": 40, "refit": true}
