{"timestamp": "12:37:51.131498", "frame": 1, "mu": [0.9623856582919337, 2.2495765285309157, 1.0476292638698719], "Sigma": [[0.010600699643326238, -0.00012614891644185147, -0.029665740258630793], [-0.00012614891644185152, 0.002119049351150623, -0.007865784886676198], [-0.029665740258630793, -0.007865784886676198, 0.15973864020918552]], "chi2_level": 0.997, "chi2_df": 3, "chi2_threshold": 13.931422665512084, "N_raw": 31, "N_roi": 31, "N_inlier": 30, "refit": true}
{"timestamp": "12:37:51.197070", "frame": 2, "mu": [1.0478078228174525, 2.221845512760051, 1.0558218888617867], "Sigma": [[0.02222627918769324, -0.0018029569589158958, -0.031118906406462768], [-0.001802956958915896, 0.002533757477734086, -0.002901563161068422], [-0.031118906406462768, -0.002901563161068422, 0.09202141555194274]], "chi2_level": 0.997, "chi2_df": 3, "chi2_threshold": 13.931422665512084, "N_raw": 110, "N_roi": 110, "N_inlier": 106, "refit": true}
{"timestamp": "12:37:51.249805", "frame": 3, "mu": [0.9389919668168704, 2.358968411600394, 1.095038073799472], "Sigma": [[0.01840030197920921, -0.020020131669414354, 0.0014920951226358465], [-0.020020131669414354, 0.0318776817187376, -0.015769118606773096], [0.001492095122635847, -0.015769118606773096, 0.03754592941338612]], "chi2_level": 0.997, "chi2_df": 3, "chi2_threshold": 13.931422665512084, "N_raw": 88, "N_roi": 88, "N_inlier": 85, "refit": true}
{"timestamp": "12:37:51.298207", "frame": 4, "mu": [1.0297553702053464, 2.290266899015751, 0.7924418599651177], "Sigma": [[0.019183966690489086, -0.018874561310277982, -0.02188762203045448], [-0.018874561310277982, 0.02824825957371286, 0.016335311189819138], [-0.02188762203045448, 0.016335311189819138, 0.12227459933155732]], "chi2_level": 0.997, "chi2_df": 3, "chi2_threshold": 13.931422665512084, "N_raw": 41, "N_roi": 41, "N_inlier": 39, "refit": true}
{"timestamp": "12:37:51.358286", "frame": 5, "mu": [1.0221868589204035, 2.2558374077489494, 1.3069248806783857], "Sigma": [[0.01875431734264576, 0.000569447208059294, -0.013122946702084252], [0.0005694472080592939, 0.005289729504186995, -0.004128398503674552], [-0.013122946702084252, -0.004128398503674552, 0.016670393671746983]], "chi2_level": 0.997, "chi2_df": 3, "chi2_threshold": 13.931422665512084, "N_raw": 76, "N_roi": 75, "N_inlier": 71, "refit": true}
{"timestamp": "12:37:51.415706", "frame": 6, "mu": [1.0702342408112686, 2.2686325211026768, -0.4119235901040413], "Sigma": [[0.028780638433140007, -0.0032049142470723666, -0.015801587965673894], [-0.0032049142470723657, 0.024402721001493995, -0.0223646180172858], [-0.015801587965673894, -0.022364618017285804, 0.9039958631899739]], "chi2_level": 0.997, "chi2_df": 3, "chi2_threshold": 13.931422665512084, "N_raw": 93, "N_roi": 93, "N_inlier": 92, "refit": true}
{"timestamp": "12:37:51.471739", "frame": 7, "mu": [1.0714610760276393, 2.2179832398644086, 1.2732964424620183], "Sigma": [[0.014486181740255306, -0.001896107655776432, -0.007694698301232054], [-0.0018961076557764325, 0.0054493709079014505, -0.0034696192310072513], [-0.007694698301232054, -0.0034696192310072513, 0.009814132175962208]], "chi2_level": 0.997, "chi2_df": 3, "chi2_threshold": 13.931422665512084, "N_raw": 77, "N_roi": 76, "N_inlier": 71, "refit": true}
{"timestamp": "12:37:51.531380", "frame": 8, "mu": [1.0064364127404426, 2.2797044859857056, 1.1398136842504518], "Sigma": [[0.016258393337531034, -0.005975884231952775, -0.0036678580184364455], [-0.005975884231952774, 0.014111095268460888, -0.020325559019631553], [-0.0036678580184364455, -0.020325559019631553, 0.052970111219754853]], "chi2_level": 0.997, "chi2_df": 3, "chi2_threshold": 13.931422665512084, "N_raw": 117, "N_roi": 117, "N_inlier": 114, "refit": true}
{"timestamp": "12:37:51.580336", "frame": 9, "mu": [1.127393224457263, 2.224168081112083, 0.6553602398247682], "Sigma": [[0.013200037434464391, -0.005075878244641072, -0.03510843991730189], [-0.005075878244641073, 0.0078953275588142, 0.00418493272147357], [-0.03510843991730189, 0.004184932721473569, 0.49634438140184506]], "chi2_level": 0.997, "chi2_df": 3, "chi2_threshold": 13.931422665512084, "N_raw": 70, "N_roi": 70, "N_inlier": 69, "refit": true}
{"timestamp": "12:37:51.636297", "frame": 10, "mu": [0.9986265590592043, 2.1931074389808787, 0.873162251835295], "Sigma": [[0.01849215988446129, -0.003350823291817526, -0.07094945835874282], [-0.003350823291817526, 0.006579886717808173, 0.013796630911507938], [-0.07094945835874282, 0.013796630911507936, 0.4550971499452415]], "chi2_level": 0.997, "chi2_df": 3, "chi2_threshold": 13.931422665512084, "N_raw": 79, "N_roi": 79, "N_inlier": 79, "refit": true}
{"timestamp": "12:37:51.692758", "frame": 11, "mu": [1.0654363783655718, 2.1972210129073675, 1.3414176659402581], "Sigma": [[0.023039300705611748, 0.0018379665160880908, -0.014154945382005995], [0.0018379665160880912, 0.0072491477383321646, -0.005755959840663112], [-0.014154945382005995, -0.005755959840663113, 0.016336834470689843]], "chi2_level": 0.997, "chi2_df": 3, "chi2_threshold": 13.931422665512084, "N_raw": 97, "N_roi": 97, "N_inlier": 93, "refit": true}
{"timestamp": "12:37:51.740691", "frame": 12, "mu": [0.9787259113913703, 2.1979035100135875, 1.3487433617065068], "Sigma": [[0.00894631619858744, 0.003518406497717462, -0.011502404645046486], [0.003518406497717462, 0.006872891661076792, -0.012520533863812527], [-0.011502404645046486, -0.012520533863812527, 0.03912178351651814]], "chi2_level": 0.997, "chi2_df": 3, "chi2_threshold": 13.931422665512084, "N_raw": 42, "N_roi": 42, "N_inlier": 39, "refit": true}
{"timestamp": "12:37:51.805512", "frame": 13, "mu": [1.0323215441286462, 2.173329466707843, 1.2127911153509117], "Sigma": [[0.017129521552705643, -0.0005518426069715294, -0.013967210996387437], [-0.0005518426069715291, 0.005920947171998285, -0.011362851514385111], [-0.013967210996387437, -0.011362851514385111, 0.049192129753262114]], "chi2_level": 0.997, "chi2_df": 3, "chi2_threshold": 13.931422665512084, "N_raw": 111, "N_roi": 111, "N_inlier": 107, "refit": true}
{"timestamp": "12:37:51.855791", "frame": 14, "mu": [1.0530361880739205, 2.169854982788425, 1.1539251108710395], "Sigma": [[0.019806396912410783, 0.002583268416763781, -0.027412083822606702], [0.002583268416763781, 0.004805833698945612, -0.012031133583967], [-0.027412083822606702, -0.012031133583967, 0.059596027457629985]], "chi2_level": 0.997, "chi2_df": 3, "chi2_threshold": 13.931422665512084, "N_raw": 77, "N_roi": 77, "N_inlier": 74, "refit": true}
{"timestamp": "12:37:51.913858", "frame": 15, "mu": [1.1060673285196685, 2.1722194858011745, 1.0710903875176045], "Sigma": [[0.0149121842890568, -0.0033803700455544566, -0.022325458813368157], [-0.0033803700455544575, 0.004456544636164241, 0.0031670124990295636], [-0.022325458813368157, 0.0031670124990295636, 0.11869662463020098]], "chi2_level": 0.997, "chi2_df": 3, "chi2_threshold": 13.931422665512084, "N_raw": 102, "N_roi": 102, "N_inlier": 100, "refit": true}
{"timestamp": "12:37:51.966097", "frame": 16, "mu": [1.1356992311878575, 2.1795676167728497, 1.004865281418859], "Sigma": [[0.010168523536960043, -0.004880452195805426, -0.0034118535886642903], [-0.004880452195805426, 0.004266746764114403, -0.004750292427659081], [-0.003411853588664291, -0.0047502924276590815, 0.08172656024516595]], "chi2_level": 0.997, "chi2_df": 3, "chi2_threshold": 13.931422665512084, "N_raw": 78, "N_roi": 78, "N_inlier": 75, "refit": true}
{"timestamp": "12:37:52.022740", "frame": 17, "mu": [1.1222695058876335, 2.1310062178255884, 1.0718148259998705], "Sigma": [[0.015874095457450693, -0.005565897474135896, -0.0298680430962548], [-0.005565897474135896, 0.006988265268990697, 0.020828748254632247], [-0.0298680430962548, 0.020828748254632243, 0.2832260588061631]], "chi2_level": 0.997, "chi2_df": 3, "chi2_threshold": 13.931422665512084, "N_raw": 87, "N_roi": 87, "N_inlier": 85, "refit": true}
{"timestamp": "12:37:52.079154", "frame": 18, "mu": [1.0888547497256886, 2.1908378528512866, 1.1486731204371503], "Sigma": [[0.014666971997733702, -0.005303128234372446, 0.007958685698598873], [-0.005303128234372446, 0.005348616381314344, -0.010900120815193738], [0.007958685698598873, -0.010900120815193738, 0.06974146102522862]], "chi2_level": 0.997, "chi2_df": 3, "chi2_threshold": 13.931422665512084, "N_raw": 95, "N_roi": 95, "N_inlier": 92, "refit": true}
{"timestamp": "12:37:52.132128", "frame": 19, "mu": [1.138867015876585, 2.1493298721553726, 1.1016709477076303], "Sigma": [[0.010059074581600849, -0.003285896976325007, -0.004849494163374791], [-0.003285896976325007, 0.0037593833048495395, -0.009362947883183998], [-0.004849494163374791, -0.009362947883183998, 0.12118792618582008]], "chi2_level": 0.997, "chi2_df": 3, "chi2_threshold": 13.931422665512084, "N_raw": 89, "N_roi": 89, "N_inlier": 87, "refit": true}
{"timestamp": "12:37:52.182308", "frame": 20, "mu": [1.0735634650576427, 2.1256310710927515, 1.0208474665983789], "Sigma": [[0.010548085242476956, -0.0004106447470122422, -0.0372796443557337], [-0.0004106447470122422, 0.004548141012528818, -0.012265820797138364], [-0.0372796443557337, -0.012265820797138366, 0.26697122915622534]], "chi2_level": 0.997, "chi2_df": 3, "chi2_threshold": 13.931422665512084, "N_raw": 52, "N_roi": 52, "N_inlier": 51, "refit": true}
{"timestamp": "12:37:52.239996", "frame": 21, "mu": [1.0881310769622032, 2.108929119954056, 1.2933037980229694], "Sigma": [[0.016203625182009084, -0.003480603042938401, -0.008958336398881614], [-0.0034806030429384016, 0.005575751497545534, -0.002795024437231662], [-0.008958336398881614, -0.0027950244372316625, 0.013160550713585696]], "chi2_level": 0.997, "chi2_df": 3, "chi2_threshold": 13.931422665512084, "N_raw": 81, "N_roi": 81, "N_inlier": 77, "refit": true}
{"timestamp": "12:37:52.296405", "frame": 22, "mu": [1.0918256862323577, 2.069673708669766, 1.2417300998611052], "Sigma": [[0.01584939702914427, -0.0032579823399045476, -0.015556345453110703], [-0.0032579823399045476, 0.005106166578083207, -0.002298231114869529], [-0.015556345453110703, -0.002298231114869529, 0.0911904007411295]], "chi2_level": 0.997, "chi2_df": 3, "chi2_threshold": 13.931422665512084, "N_raw": 87, "N_roi": 87, "N_inlier": 83, "refit": true}
{"timestamp": "12:37:52.358004", "frame": 23, "mu": [1.0920436341967945, 2.0744608820469064, 0.8471781208893516], "Sigma": [[0.015249058589905171, -0.004178559572662104, -0.012417032050085342], [-0.004178559572662103, 0.006673579523616274, 0.005737398975527678], [-0.012417032050085342, 0.005737398975527678, 0.30650249025103843]], "chi2_level": 0.997, "chi2_df": 3, "chi2_threshold": 13.931422665512084, "N_raw": 127, "N_roi": 127, "N_inlier": 126, "refit": true}
{"timestamp": "12:37:52.411430", "frame": 24, "mu": [1.1490665122445254, 1.9458637020848262, 1.048825278362952], "Sigma": [[0.025177932232957306, -0.01820503150647003, -0.03893540551991167], [-0.01820503150647003, 0.020200615441144182, 0.022299362786791028], [-0.03893540551991167, 0.022299362786791024, 0.09024759802949203]], "chi2_level": 0.997, "chi2_df": 3, "chi2_threshold": 13.931422665512084, "N_raw": 117, "N_roi": 117, "N_inlier": 114, "refit": true}
{"timestamp": "12:37:52.459139", "frame": 25, "mu": [1.207473611234799, 2.028900807575014, -0.58387489825144], "Sigma": [[0.015260526907150752, -0.008223725675356754, -0.015889154328558905], [-0.008223725675356754, 0.014833739516576806, 0.0192001110932744], [-0.01588915432855891, 0.0192001110932744, 0.035505520286756576]], "chi2_level": 0.997, "chi2_df": 3, "chi2_threshold": 13.931422665512084, "N_raw": 64, "N_roi": 64, "N_inlier": 58, "refit": true}
{"timestamp": "12:37:52.518738", "frame": 26, "mu": [1.0838846563084428, 2.0488770083607313, -0.10602091787820277], "Sigma": [[0.012368345808608466, -0.010847073794213163, 0.07410744627384935], [-0.010847073794213163, 0.03515169348565564, -0.12355251023721908], [0.07410744627384935, -0.12355251023721908, 0.780805786454612]], "chi2_level": 0.997, "chi2_df": 3, "chi2_threshold": 13.931422665512084, "N_raw": 105, "N_roi": 105, "N_inlier": 103, "refit": true}
{"timestamp": "12:37:52.577805", "frame": 27, "mu": [1.027654105408342, 1.9845641134374925, -0.11109773555222047], "Sigma": [[0.01292506841619375, -0.005138239896707848, 0.08640264988837443], [-0.005138239896707848, 0.008468718613546835, -0.07923865600667795], [0.08640264988837443, -0.07923865600667795, 1.2751116606479862]], "chi2_level": 0.997, "chi2_df": 3, "chi2_threshold": 13.931422665512084, "N_raw": 127, "N_roi": 127, "N_inlier": 124, "refit": true}
{"timestamp": "12:37:52.629807", "frame": 28, "mu": [0.9333390177574417, 1.9398987963054932, 1.036546352728561], "Sigma": [[0.010067068219177704, -0.0055368550560075044, 0.005640215855984703], [-0.005536855056007504, 0.008266959649630501, -0.021525676543477062], [0.005640215855984702, -0.021525676543477062, 0.1087011125217365]], "chi2_level": 0.997, "chi2_df": 3, "chi2_threshold": 13.931422665512084, "N_raw": 89, "N_roi": 89, "N_inlier": 87, "refit": true}
{"timestamp": "12:37:52.685234", "frame": 29, "mu": [0.9781803052578605, 1.8907209507320086, 1.03375281480866], "Sigma": [[0.014029721581712283, -0.0038769118458033603, -0.004604376864614781], [-0.00387691184580336, 0.0053285264605098, -0.010005376036586298], [-0.004604376864614781, -0.010005376036586296, 0.08381899091996033]], "chi2_level": 0.997, "chi2_df": 3, "chi2_threshold": 13.931422665512084, "N_raw": 108, "N_roi": 108, "N_inlier": 105, "refit": true}
{"timestamp": "12:37:52.742279", "frame": 30, "mu": [0.9433726636306785, 1.85599808219012, 0.962702828564169], "Sigma": [[0.021736468882073638, -0.008147638921709093, 0.002446856519497616], [-0.008147638921709093, 0.008616570696470234, -0.01806180681301764], [0.0024468565194976145, -0.01806180681301764, 0.10229640822810317]], "chi2_level": 0.997, "chi2_df": 3, "chi2_threshold": 13.931422665512084, "N_raw": 121, "N_roi": 121, "N_inlier": 120, "refit": true}
{"timestamp": "12:37:52.794266", "frame": 31, "mu": [0.9158050816253818, 1.8555918771052415, 1.0873629715254385], "Sigma": [[0.014431269415633094, -0.004306641340386925, -0.00879585406589294], [-0.004306641340386925, 0.005269853351360084, -0.0028749421114558195], [-0.00879585406589294, -0.002874942111455819, 0.03708211037623088]], "chi2_level": 0.997, "chi2_df": 3, "chi2_threshold": 13.931422665512084, "N_raw": 99, "N_roi": 99, "N_inlier": 94, "refit": true}
{"timestamp": "12:37:52.849843", "frame": 32, "mu": [0.8608609371880963, 1.8259499779982054, 1.0766683901646894], "Sigma": [[0.021786410066256437, -0.006214122969971226, -0.01664597919458687], [-0.006214122969971226, 0.004405513214187931, -0.000588326963074966], [-0.01664597919458687, -0.0005883269630749659, 0.0452699447489545]], "chi2_level": 0.997, "chi2_df": 3, "chi2_threshold": 13.931422665512084, "N_raw": 102, "N_roi": 102, "N_inlier": 97, "refit": true}
{"timestamp": "12:37:52.909240", "frame": 33, "mu": [0.8279793074946734, 1.8321319308615571, 1.0037211128974692], "Sigma": [[0.024642463504958672, -0.011391672141218123, -0.00766413748272385], [-0.011391672141218126, 0.009100300636903588, -0.008771180405969577], [-0.00766413748272385, -0.008771180405969577, 0.07560857722699107]], "chi2_level": 0.997, "chi2_df": 3, "chi2_threshold": 13.931422665512084, "N_raw": 125, "N_roi": 125, "N_inlier": 121, "refit": true}
{"timestamp": "12:37:52.958506", "frame": 34, "mu": [0.6985104113827161, 1.8877550171156958, 1.1760327798447714], "Sigma": [[0.017615876453064575, -0.008445080872734562, 0.004085907224980938], [-0.008445080872734564, 0.014711419591079177, -0.024367781451639387], [0.004085907224980938, -0.024367781451639387, 0.06194320559732472]], "chi2_level": 0.997, "chi2_df": 3, "chi2_threshold": 13.931422665512084, "N_raw": 89, "N_roi": 89, "N_inlier": 84, "refit": true}
{"timestamp": "12:37:53.018273", "frame": 35, "mu": [0.6801285566761219, 1.793546450466892, 1.2131714880391629], "Sigma": [[0.0243646970423819, -0.005327057523654256, -0.026288656627126702], [-0.005327057523654256, 0.004104243227730253, 0.004225749258550909], [-0.026288656627126702, 0.004225749258550909, 0.057789817926264364]], "chi2_level": 0.997, "chi2_df": 3, "chi2_threshold": 13.931422665512084, "N_raw": 119, "N_roi": 119, "N_inlier": 114, "refit": true}
{"timestamp": "12:37:53.074008", "frame": 36, "mu": [0.5896235086870784, 1.823908853333363, 1.1039373563976222], "Sigma": [[0.02337924484747784, -0.009564809211479269, -0.03812670110166444], [-0.009564809211479269, 0.01228624396786161, 0.0049495539682607404], [-0.03812670110166444, 0.0049495539682607404, 0.1587925013236304]], "chi2_level": 0.997, "chi2_df": 3, "chi2_threshold": 13.931422665512084, "N_raw": 117, "N_roi": 117, "N_inlier": 114, "refit": true}
{"timestamp": "12:37:53.121999", "frame": 37, "mu": [0.6371289290366597, 1.741716962693626, 0.7536612425757659], "Sigma": [[0.020316423086200047, -0.023109569856223217, -0.01342053315326697], [-0.023109569856223217, 0.0394458054865872, 0.03145574905059282], [-0.01342053315326697, 0.03145574905059283, 0.13347294945531335]], "chi2_level": 0.997, "chi2_df": 3, "chi2_threshold": 13.931422665512084, "N_raw": 82, "N_roi": 82, "N_inlier": 81, "refit": true}
{"timestamp": "12:37:53.188643", "frame": 38, "mu": [0.5703425773930666, 2.0038633395542735, -0.8726801336821033], "Sigma": [[0.01694158354249547, 0.0012755767664110497, -0.06242525717997895], [0.0012755767664110497, 0.03202626779432114, -0.020140122584056033], [-0.06242525717997895, -0.020140122584056033, 0.4121939687898711]], "chi2_level": 0.997, "chi2_df": 3, "chi2_threshold": 13.931422665512084, "N_raw": 131, "N_roi": 131, "N_inlier": 130, "refit": true}
{"timestamp": "12:37:53.242431", "frame": 39, "mu": [0.418698450104186, 1.8237689436860647, 0.2558737370843828], "Sigma": [[0.016009719311615586, -0.006942039986176546, 0.08213194243016923], [-0.006942039986176547, 0.017354237751381472, -0.06873000361806955], [0.08213194243016923, -0.06873000361806957, 1.0131048852860218]], "chi2_level": 0.997, "chi2_df": 3, "chi2_threshold": 13.931422665512084, "N_raw": 150, "N_roi": 146, "N_inlier": 145, "refit": true}
{"timestamp": "12:37:53.289738", "frame": 40, "mu": [0.4568231733632999, 1.6968658416669014, 1.145559262628824], "Sigma": [[0.017339452562085148, -0.010386704665204083, -0.0349560651203683], [-0.010386704665204083, 0.011752540321287438, 0.029003544605724917], [-0.0349560651203683, 0.029003544605724917, 0.12950551730404075]], "chi2_level": 0.997, "chi2_df": 3, "chi2_threshold": 13.931422665512084, "N_raw": 99, "N_roi": 97, "N_inlier": 93, "refit": true}
{"timestamp": "12:37:53.342307", "frame": 41, "mu": [0.3122347498454249, 1.7488063367849012, 1.2874700805133346], "Sigma": [[0.012778133226904293, -0.0017607276239484844, -0.029495771206916314], [-0.0017607276239484844, 0.005736500090601627, 0.008257553327732375], [-0.029495771206916314, 0.008257553327732377, 0.1415381111771521]], "chi2_level": 0.997, "chi2_df": 3, "chi2_threshold": 13.931422665512084, "N_raw": 84, "N_roi": 80, "N_inlier": 76, "refit": true}
{"timestamp": "12:37:53.404131", "frame": 42, "mu": [0.2247619097873796, 1.790064026581359, 0.1598788234097585], "Sigma": [[0.016893288414267967, -0.008513707415022156, 0.1002379262568347], [-0.008513707415022154, 0.02255806195576383, -0.10759550124030309], [0.1002379262568347, -0.10759550124030309, 1.4397999948152405]], "chi2_level": 0.997, "chi2_df": 3, "chi2_threshold": 13.931422665512084, "N_raw": 131, "N_roi": 131, "N_inlier": 129, "refit": true}
{"timestamp": "12:37:53.458545", "frame": 43, "mu": [0.20495002537754092, 1.7096700367270472, 1.3276489108963425], "Sigma": [[0.019337310063388513, -0.008375742649484205, -0.03950946959725035], [-0.008375742649484205, 0.011439215455487652, 0.024358065981302912], [-0.03950946959725035, 0.024358065981302912, 0.15157186012869825]], "chi2_level": 0.997, "chi2_df": 3, "chi2_threshold": 13.931422665512084, "N_raw": 121, "N_roi": 121, "N_inlier": 116, "refit": true}
{"timestamp": "12:37:53.510282", "frame": 44, "mu": [0.2562411439669252, 1.575458170435655, 1.2743467130383954], "Sigma": [[0.01794365721359506, -0.018420859042793773, -0.02564909212544978], [-0.018420859042793773, 0.024742149273925533, 0.02656681854573028], [-0.02564909212544978, 0.026566818545730276, 0.0394737125321968]], "chi2_level": 0.997, "chi2_df": 3, "chi2_threshold": 13.931422665512084, "N_raw": 108, "N_roi": 107, "N_inlier": 103, "refit": true}
{"timestamp": "12:37:53.566289", "frame": 45, "mu": [0.15148159574625292, 1.5880895114442954, 0.010340174643233722], "Sigma": [[0.008150926448230728, -0.006449359971841321, 0.058652100533911365], [-0.006449359971841321, 0.03283263277894902, -0.0405378335085548], [0.058652100533911365, -0.0405378335085548, 0.7286285685597801]], "chi2_level": 0.997, "chi2_df": 3, "chi2_threshold": 13.931422665512084, "N_raw": 106, "N_roi": 104, "N_inlier": 103, "refit": true}
{"timestamp": "12:37:53.625052", "frame": 46, "mu": [0.08106421432831411, 1.463352167955734, 1.1242548096365863], "Sigma": [[0.008281912785543794, 6.998309454667227e-05, 0.0013323188356302832], [6.998309454667217e-05, 0.02650332143065518, 0.02273081184834515], [0.0013323188356302834, 0.02273081184834515, 0.04150283300537114]], "chi2_level": 0.997, "chi2_df": 3, "chi2_threshold": 13.931422665512084, "N_raw": 110, "N_roi": 107, "N_inlier": 101, "refit": true}
{"timestamp": "12:37:53.682516", "frame": 47, "mu": [-0.06600086093345514, 1.6909068591128422, -0.31619200380911316], "Sigma": [[0.014970377156400877, 0.002629084374367925, 0.012691410648175541], [0.002629084374367925, 0.03077420479849009, -0.016980257172543763], [0.012691410648175541, -0.016980257172543763, 0.3028194014094217]], "chi2_level": 0.997, "chi2_df": 3, "chi2_threshold": 13.931422665512084, "N_raw": 150, "N_roi": 150, "N_inlier": 150, "refit": true}
{"timestamp": "12:37:53.736670", "frame": 48, "mu": [-0.11055853898756249, 1.5899910067903593, 0.951023291309111], "Sigma": [[0.01564457180528185, 0.003837421929405074, 0.051948472697538516], [0.0038374219294050734, 0.022193046133191535, -0.0011368562413312886], [0.051948472697538516, -0.0011368562413312903, 0.37026396283407764]], "chi2_level": 0.997, "chi2_df": 3, "chi2_threshold": 13.931422665512084, "N_raw": 143, "N_roi": 142, "N_inlier": 142, "refit": true}
{"timestamp": "12:37:53.780839", "frame": 49, "mu": [-0.05322121587460822, 1.5284792459880894, 1.1735944299672363], "Sigma": [[0.011472655552403078, -0.0038297323032414382, 0.025393493441899458], [-0.0038297323032414382, 0.00858693201110798, -0.01767833725183869], [0.02539349344189946, -0.01767833725183869, 0.14177681489588514]], "chi2_level": 0.997, "chi2_df": 3, "chi2_threshold": 13.931422665512084, "N_raw": 57, "N_roi": 55, "N_inlier": 53, "refit": true}
{"timestamp": "12:37:53.842462", "frame": 50, "mu": [-0.17080242705960288, 1.64533806218496, 1.3904099073091831], "Sigma": [[0.008379947608635118, -4.6367277958867225e-05, -0.003915208876601996], [-4.636727795886747e-05, 0.028654362056330172, 0.01925059687383933], [-0.003915208876601997, 0.01925059687383933, 0.023746067914197828]], "chi2_level": 0.997, "chi2_df": 3, "chi2_threshold": 13.931422665512084, "N_raw": 122, "N_roi": 122, "N_inlier": 115, "refit": true}
{"timestamp": "12:37:53.899698", "frame": 51, "mu": [-0.1601122765010339, 1.6763536191136692, 1.2330196716266455], "Sigma": [[0.021657551320022308, 0.011739571096997487, -0.03206225057568329], [0.011739571096997487, 0.02468772120316602, -0.019004905229385905], [-0.03206225057568329, -0.01900490522938591, 0.065191639240161]], "chi2_level": 0.997, "chi2_df": 3, "chi2_threshold": 13.931422665512084, "N_raw": 129, "N_roi": 128, "N_inlier": 122, "refit": true}
{"timestamp": "12:37:53.953965", "frame": 52, "mu": [-0.2997962857959421, 1.6873873680242784, 0.365998086068606], "Sigma": [[0.011920900983650192, -0.0004422452313650776, 0.07856307814168781], [-0.00044224523136507783, 0.020939933562432504, 0.029615848914724054], [0.07856307814168781, 0.029615848914724054, 0.766358812382725]], "chi2_level": 0.997, "chi2_df": 3, "chi2_threshold": 13.931422665512084, "N_raw": 129, "N_roi": 129, "N_inlier": 126, "refit": true}
{"timestamp": "12:37:54.009375", "frame": 53, "mu": [-0.2937813720072608, 1.7000571352751541, 1.3589059898720637], "Sigma": [[0.00872171440038135, -4.343861535090101e-05, -0.010145306713951792], [-4.343861535090069e-05, 0.024292051055318196, 0.015374698670284464], [-0.01014530671395179, 0.015374698670284464, 0.05838922088635584]], "chi2_level": 0.997, "chi2_df": 3, "chi2_threshold": 13.931422665512084, "N_raw": 125, "N_roi": 122, "N_inlier": 116, "refit": true}
{"timestamp": "12:37:54.063469", "frame": 54, "mu": [-0.3705963398049335, 1.666116784307326, 0.10361450676191455], "Sigma": [[0.006627329937515637, -0.003486831952617904, 0.05481928256993128], [-0.0034868319526179035, 0.022727053185840604, -0.007925133210253019], [0.05481928256993128, -0.007925133210253016, 0.7274623138891821]], "chi2_level": 0.997, "chi2_df": 3, "chi2_threshold": 13.931422665512084, "N_raw": 122, "N_roi": 120, "N_inlier": 120, "refit": true}
{"timestamp": "12:37:54.116273", "frame": 55, "mu": [-0.4320399726806554, 1.7148484289295978, 0.06860820330780049], "Sigma": [[0.007100210639960921, -0.00039658476662640955, 0.05879363019939506], [-0.00039658476662640945, 0.020655260784897975, 0.04512553920862204], [0.05879363019939506, 0.04512553920862204, 0.9096449473138003]], "chi2_level": 0.997, "chi2_df": 3, "chi2_threshold": 13.931422665512084, "N_raw": 115, "N_roi": 115, "N_inlier": 115, "refit": true}
{"timestamp": "12:37:54.172033", "frame": 56, "mu": [-0.4673805353686084, 1.7201387224116191, 1.2663486384195919], "Sigma": [[0.007763296381137053, 0.0016340783741347483, 0.013200637789100035], [0.0016340783741347479, 0.022096836277235993, 0.02071604636452263], [0.013200637789100036, 0.020716046364522626, 0.15957850881966662]], "chi2_level": 0.997, "chi2_df": 3, "chi2_threshold": 13.931422665512084, "N_raw": 116, "N_roi": 116, "N_inlier": 114, "refit": true}
{"timestamp": "12:37:54.228308", "frame": 57, "mu": [-0.5243565271566584, 1.7876018253508643, 1.3005632549393364], "Sigma": [[0.008809589234747143, 0.00041588449171628606, 0.013153071562412286], [0.0004158844917162862, 0.021205732350342746, 0.019989053348235], [0.013153071562412287, 0.019989053348235003, 0.1812399529129183]], "chi2_level": 0.997, "chi2_df": 3, "chi2_threshold": 13.931422665512084, "N_raw": 123, "N_roi": 121, "N_inlier": 119, "refit": true}
{"timestamp": "12:37:54.282722", "frame": 58, "mu": [-0.5693571159360072, 1.8235435152255217, 0.43394820294940173], "Sigma": [[0.00935794668849738, -2.990783898339439e-06, 0.05104668282984835], [-2.9907838983396154e-06, 0.019266168592389357, 0.03465738096612728], [0.05104668282984835, 0.03465738096612728, 0.5714463349288773]], "chi2_level": 0.997, "chi2_df": 3, "chi2_threshold": 13.931422665512084, "N_raw": 120, "N_roi": 119, "N_inlier": 118, "refit": true}
{"timestamp": "12:37:54.342460", "frame": 59, "mu": [-0.6036698774535257, 1.7511702295752496, 1.339153259456741], "Sigma": [[0.011820581745498174, -0.006200234433255354, -0.01569507641536346], [-0.006200234433255353, 0.030832533389978586, 0.03334004560965213], [-0.01569507641536346, 0.03334004560965213, 0.049407891208112606]], "chi2_level": 0.997, "chi2_df": 3, "chi2_threshold": 13.931422665512084, "N_raw": 114, "N_roi": 114, "N_inlier": 109, "refit": true}
{"timestamp": "12:37:54.391789", "frame": 60, "mu": [-0.6522616700425998, 1.9196022704668865, -0.3156106389001943], "Sigma": [[0.008548715404264754, -8.822129510183195e-06, 0.0005238844294307772], [-8.822129510182788e-06, 0.024772462811569695, 0.029880834958648926], [0.0005238844294307776, 0.029880834958648926, 0.07581893358223543]], "chi2_level": 0.997, "chi2_df": 3, "chi2_threshold": 13.931422665512084, "N_raw": 108, "N_roi": 108, "N_inlier": 104, "refit": true}
{"timestamp": "12:37:54.452332", "frame": 61, "mu": [-0.6383350901709204, 2.046962102745217, -0.4078577354057536], "Sigma": [[0.020977474191634024, 0.01124742293766395, -0.06087446559449529], [0.01124742293766395, 0.020124412481699168, -0.04010999192924482], [-0.06087446559449529, -0.04010999192924482, 0.29210952605103213]], "chi2_level": 0.997, "chi2_df": 3, "chi2_threshold": 13.931422665512084, "N_raw": 147, "N_roi": 147, "N_inlier": 144, "refit": true}
{"timestamp": "12:37:54.501534", "frame": 62, "mu": [-0.7306976732520445, 1.8316022023974363, -0.33326828144657145], "Sigma": [[0.03288266473855735, -0.008517693489285268, 0.048386153339914556], [-0.008517693489285268, 0.01080751594262362, -0.022251930472231497], [0.048386153339914556, -0.022251930472231497, 0.1320788201868893]], "chi2_level": 0.997, "chi2_df": 3, "chi2_threshold": 13.931422665512084, "N_raw": 107, "N_roi": 107, "N_inlier": 104, "refit": true}
{"timestamp": "12:37:54.561320", "frame": 63, "mu": [-0.8182249105426077, 2.035575228325129, -0.11289466030426205], "Sigma": [[0.05221097146798635, 0.015839944691880062, -0.022801702718697987], [0.015839944691880062, 0.010712425996803126, -0.007354867585501347], [-0.022801702718697987, -0.007354867585501347, 0.02943193863599463]], "chi2_level": 0.997, "chi2_df": 3, "chi2_threshold": 13.931422665512084, "N_raw": 140, "N_roi": 140, "N_inlier": 130, "refit": true}
{"timestamp": "12:37:54.610702", "frame": 64, "mu": [-0.775072798266402, 2.1264424190968256, -0.04787758899390938], "Sigma": [[0.02097187167866554, 0.001660643989200475, -0.01554166653629112], [0.0016606439892004746, 0.01016753252794419, 0.005043280454347408], [-0.01554166653629112, 0.005043280454347408, 0.016903597525789262]], "chi2_level": 0.997, "chi2_df": 3, "chi2_threshold": 13.931422665512084, "N_raw": 110, "N_roi": 110, "N_inlier": 106, "refit": true}
{"timestamp": "12:37:54.671324", "frame": 65, "mu": [-0.782848541751813, 2.134279680840742, 0.1693310336009259], "Sigma": [[0.012706589842998998, -0.006552124174404825, 0.04617557784901595], [-0.006552124174404826, 0.017355705379881174, -0.037605946225815604], [0.04617557784901595, -0.037605946225815604, 0.36930810575061873]], "chi2_level": 0.997, "chi2_df": 3, "chi2_threshold": 13.931422665512084, "N_raw": 141, "N_roi": 141, "N_inlier": 139, "refit": true}
{"timestamp": "12:37:54.720719", "frame": 66, "mu": [-0.833069490218225, 2.093595761711135, 1.0735200950740431], "Sigma": [[0.013207727417949839, -0.0019122818936485315, 0.0051470826564899135], [-0.001912281893648531, 0.011327607754309098, -0.00815091800015812], [0.0051470826564899135, -0.00815091800015812, 0.26718599352332334]], "chi2_level": 0.997, "chi2_df": 3, "chi2_threshold": 13.931422665512084, "N_raw": 108, "N_roi": 108, "N_inlier": 107, "refit": true}
{"timestamp": "12:37:54.779312", "frame": 67, "mu": [-0.8376548843380752, 2.134852561760376, 1.114103413407827], "Sigma": [[0.021225386581956565, 0.0026388850522797817, 0.008715457093430596], [0.0026388850522797817, 0.011236596961275979, 0.028794440780069805], [0.008715457093430596, 0.028794440780069805, 0.27592603148387085]], "chi2_level": 0.997, "chi2_df": 3, "chi2_threshold": 13.931422665512084, "N_raw": 128, "N_roi": 123, "N_inlier": 122, "refit": true}
{"timestamp": "12:37:54.824406", "frame": 68, "mu": [-0.8357897979740473, 2.2374704137771846, 0.2823213516205334], "Sigma": [[0.01825717774688517, -0.004532378260047572, 0.08834060154673588], [-0.004532378260047572, 0.008563563812142584, 0.0003448276300506499], [0.08834060154673588, 0.0003448276300506538, 0.7398588995001193]], "chi2_level": 0.997, "chi2_df": 3, "chi2_threshold": 13.931422665512084, "N_raw": 71, "N_roi": 71, "N_inlier": 71, "refit": true}
{"timestamp": "12:37:54.884227", "frame": 69, "mu": [-0.7562590043499483, 2.2865776958389454, 1.3217073198487153], "Sigma": [[0.013987245518114103, -0.0011613000107226455, -0.0008277269257977015], [-0.001161300010722645, 0.013728265130901111, 0.012019531170845296], [-0.0008277269257977017, 0.012019531170845296, 0.03755403366956474]], "chi2_level": 0.997, "chi2_df": 3, "chi2_threshold": 13.931422665512084, "N_raw": 95, "N_roi": 95, "N_inlier": 91, "refit": true}
{"timestamp": "12:37:54.937277", "frame": 70, "mu": [-0.933192321642124, 2.3612176444633457, 1.3972336781635704], "Sigma": [[0.015743349603835385, -0.0017052011095412111, -0.011306924459248737], [-0.0017052011095412111, 0.019438996696179725, 0.027682945831263808], [-0.011306924459248736, 0.027682945831263808, 0.07709751257791642]], "chi2_level": 0.997, "chi2_df": 3, "chi2_threshold": 13.931422665512084, "N_raw": 88, "N_roi": 88, "N_inlier": 86, "refit": true}
{"timestamp": "12:37:54.992234", "frame": 71, "mu": [-0.8981156958380315, 2.3788743432192434, 1.2026214387414578], "Sigma": [[0.01438823931650657, 0.002888448345205987, 0.0102545814284639], [0.002888448345205987, 0.022728081358760116, 0.04898234386772213], [0.0102545814284639, 0.04898234386772213, 0.16912191375149901]], "chi2_level": 0.997, "chi2_df": 3, "chi2_threshold": 13.931422665512084, "N_raw": 85, "N_roi": 84, "N_inlier": 82, "refit": true}
{"timestamp": "12:37:55.050391", "frame": 72, "mu": [-0.9882490813619073, 2.41093814782299, 0.6966283951888868], "Sigma": [[0.022097193850877703, 0.006449101423973413, 0.019839618957296738], [0.006449101423973412, 0.034306899626684394, 0.11659826679016193], [0.019839618957296738, 0.11659826679016191, 0.5786942371694418]], "chi2_level": 0.997, "chi2_df": 3, "chi2_threshold": 13.931422665512084, "N_raw": 108, "N_roi": 108, "N_inlier": 108, "refit": true}
{"timestamp": "12:37:55.102331", "frame": 73, "mu": [-0.8557919329378385, 2.4546860381725573, 1.1269618017841134], "Sigma": [[0.014377182261629531, 0.001920969260874585, 0.015656802343652184], [0.0019209692608745852, 0.005117629074813614, 0.005218076765481978], [0.015656802343652184, 0.005218076765481978, 0.16466163983934773]], "chi2_level": 0.997, "chi2_df": 3, "chi2_threshold": 13.931422665512084, "N_raw": 80, "N_roi": 80, "N_inlier": 79, "refit": true}
{"timestamp": "12:37:55.154223", "frame": 74, "mu": [-0.8679319576870165, 2.5307398882405994, 0.9569756221057181], "Sigma": [[0.012608188907669389, 0.00038542556091134304, 0.010827398123929693], [0.000385425560911343, 0.007135846196538644, 0.02613999924761638], [0.010827398123929697, 0.02613999924761638, 0.27922684989901997]], "chi2_level": 0.997, "chi2_df": 3, "chi2_threshold": 13.931422665512084, "N_raw": 67, "N_roi": 67, "N_inlier": 67, "refit": true}
{"timestamp": "12:37:55.215743", "frame": 75, "mu": [-1.0223298315187501, 2.620946926885447, 0.9582442011475586], "Sigma": [[0.045994470066135426, 0.008628175326152517, 0.06254797062441614], [0.008628175326152517, 0.0073090493008445365, 0.017944317588245585], [0.06254797062441614, 0.017944317588245585, 0.21554280507343224]], "chi2_level": 0.997, "chi2_df": 3, "chi2_threshold": 13.931422665512084, "N_raw": 115, "N_roi": 115, "N_inlier": 114, "refit": true}
{"timestamp": "12:37:55.273556", "frame": 76, "mu": [-0.9304820147519692, 2.669896432408106, 1.1747532612909826], "Sigma": [[0.04480917815304539, -0.00901606499906066, 0.0477761134193361], [-0.00901606499906066, 0.00810756601420243, -0.0075768666820031725], [0.0477761134193361, -0.0075768666820031725, 0.14729950943061224]], "chi2_level": 0.997, "chi2_df": 3, "chi2_threshold": 13.931422665512084, "N_raw": 99, "N_roi": 99, "N_inlier": 97, "refit": true}
{"timestamp": "12:37:55.316380", "frame": 77, "mu": [-0.934666185061881, 2.7084388508314046, 1.2359519452045538], "Sigma": [[0.015821696339129856, -0.0025120370845904093, 0.026017288874914724], [-0.0025120370845904093, 0.007448590475635381, 0.004520614117883908], [0.026017288874914724, 0.004520614117883908, 0.18005015136802663]], "chi2_level": 0.997, "chi2_df": 3, "chi2_threshold": 13.931422665512084, "N_raw": 49, "N_roi": 49, "N_inlier": 49, "refit": true}
{"timestamp": "12:37:55.379683", "frame": 78, "mu": [-0.8492444660976731, 2.6931816928058283, 1.1386733667440105], "Sigma": [[0.01786126825685161, 0.0005422102589188903, 0.005479347060680383], [0.0005422102589188905, 0.0136648358832156, 0.03296212377672332], [0.005479347060680383, 0.03296212377672332, 0.2304072831323246]], "chi2_level": 0.997, "chi2_df": 3, "chi2_threshold": 13.931422665512084, "N_raw": 105, "N_roi": 105, "N_inlier": 105, "refit": true}
{"timestamp": "12:37:55.426147", "frame": 79, "mu": [-0.8148482471311767, 2.803498159606395, -0.07404402326954239], "Sigma": [[0.019415573152251998, -0.004686628282254691, 0.020266777950899584], [-0.004686628282254691, 0.008132200886258396, -0.024752205664729427], [0.02026677795089958, -0.024752205664729427, 0.11427081999529194]], "chi2_level": 0.997, "chi2_df": 3, "chi2_threshold": 13.931422665512084, "N_raw": 37, "N_roi": 37, "N_inlier": 35, "refit": true}
{"timestamp": "12:37:55.489742", "frame": 80, "mu": [-0.8686519901143299, 2.800497351536351, 1.2692430920172557], "Sigma": [[0.02242151376009751, -0.003985902488338872, -0.0011633793612030462], [-0.003985902488338872, 0.0075353063774050745, -0.0002632833689287153], [-0.0011633793612030462, -0.0002632833689287155, 0.05646619533580769]], "chi2_level": 0.997, "chi2_df": 3, "chi2_threshold": 13.931422665512084, "N_raw": 103, "N_roi": 103, "N_inlier": 101, "refit": true}
{"timestamp": "12:37:55.537249", "frame": 81, "mu": [-0.9262072814876685, 2.893793251766826, 1.282745295395259], "Sigma": [[0.012146099952322657, 0.0007059667502072626, 0.010040332294873371], [0.0007059667502072627, 0.0020173526611952392, 0.0034130100474778846], [0.010040332294873373, 0.003413010047477884, 0.1261852905537432]], "chi2_level": 0.997, "chi2_df": 3, "chi2_threshold": 13.931422665512084, "N_raw": 45, "N_roi": 45, "N_inlier": 44, "refit": true}
{"timestamp": "12:37:55.594838", "frame": 82, "mu": [-0.9617692452202854, 2.953134143508724, 1.2877217902263014], "Sigma": [[0.03657470585665165, -0.007349863969875147, -0.002132038426915735], [-0.007349863969875147, 0.004772718996064227, -0.0015528590563885023], [-0.002132038426915735, -0.0015528590563885023, 0.006366873776782931]], "chi2_level": 0.997, "chi2_df": 3, "chi2_threshold": 13.931422665512084, "N_raw": 72, "N_roi": 72, "N_inlier": 68, "refit": true}
{"timestamp": "12:37:55.648351", "frame": 83, "mu": [-0.877353867154522, 2.9685929293602253, 1.1410438588776253], "Sigma": [[0.01742045564486237, -0.004007144907005536, 0.0011924199951950578], [-0.0040071449070055365, 0.002941224629929314, -0.004893512360624361], [0.0011924199951950578, -0.004893512360624361, 0.03319062224803457]], "chi2_level": 0.997, "chi2_df": 3, "chi2_threshold": 13.931422665512084, "N_raw": 59, "N_roi": 59, "N_inlier": 56, "refit": true}
{"timestamp": "12:37:55.708499", "frame": 84, "mu": [-0.7796586904909294, 3.0081518464577583, 0.9265872746695177], "Sigma": [[0.024443132242333757, -0.0019105903953045011, 0.0499717595538016], [-0.0019105903953045016, 0.010207386028827687, -0.0028530710034371846], [0.049971759553801606, -0.0028530710034371833, 0.2901033699099165]], "chi2_level": 0.997, "chi2_df": 3, "chi2_threshold": 13.931422665512084, "N_raw": 100, "N_roi": 98, "N_inlier": 97, "refit": true}
{"timestamp": "12:37:55.763914", "frame": 85, "mu": [-0.7223662402443382, 3.0217507250516817, 1.0844077441875368], "Sigma": [[0.018363298881123688, -0.0021331466862825775, 0.017306522584033243], [-0.0021331466862825775, 0.010722103351933717, -0.007432611125851878], [0.017306522584033243, -0.007432611125851878, 0.09039171461304521]], "chi2_level": 0.997, "chi2_df": 3, "chi2_threshold": 13.931422665512084, "N_raw": 92, "N_roi": 92, "N_inlier": 91, "refit": true}
{"timestamp": "12:37:55.813249", "frame": 86, "mu": [-0.6756391141763559, 3.09642578530574, 1.343278022758154], "Sigma": [[0.014336277391388255, 0.002241294674627262, 0.0182455084746728], [0.002241294674627262, 0.0075188116898277195, 0.010426114577475306], [0.0182455084746728, 0.010426114577475306, 0.1576973162400078]], "chi2_level": 0.997, "chi2_df": 3, "chi2_threshold": 13.931422665512084, "N_raw": 55, "N_roi": 53, "N_inlier": 52, "refit": true}
