{"timestamp": "12:05:04.067061", "frame": 3, "mu": [1.2890873146957074, 1.4078387773053918, 1.0696017579424126], "Sigma": [[0.027741145107815987, -0.0008587075785520266, -0.06150004216847162], [-0.0008587075785520266, 0.004079584677381686, 0.007014200933383394], [-0.06150004216847162, 0.007014200933383393, 0.14544183509690187]], "chi2_level": 0.997, "chi2_df": 3, "chi2_threshold": 13.931422665512084, "N_raw": 7, "N_roi": 7, "N_inlier": 7, "refit": true}
{"timestamp": "12:05:04.122758", "frame": 4, "mu": [0.8109965802339649, 1.1202808855481388, 1.6759206203119312], "Sigma": [[0.28563970357298035, 0.31849262360757624, -0.09597737856872239], [0.31849262360757624, 0.3564719603919909, -0.10389879134329955], [-0.09597737856872238, -0.10389879134329955, 0.04054887174524345]], "chi2_level": 0.997, "chi2_df": 3, "chi2_threshold": 13.931422665512084, "N_raw": 5, "N_roi": 5, "N_inlier": 5, "refit": true}
{"timestamp": "12:05:04.177754", "frame": 5, "mu": [1.0464311286063914, 1.2562621722903775, 1.5252546503136606], "Sigma": [[0.161101447330371, 0.14276510885597912, -0.0852968325941162], [0.14276510885597912, 0.1318334688964604, -0.07153042588890854], [-0.0852968325941162, -0.07153042588890854, 0.048471541392014324]], "chi2_level": 0.997, "chi2_df": 3, "chi2_threshold": 13.931422665512084, "N_raw": 6, "N_roi": 6, "N_inlier": 6, "refit": true}
{"timestamp": "12:05:04.232705", "frame": 6, "mu": [1.2290619414727237, 1.3850115433455195, 1.5353204986800875], "Sigma": [[0.004532617989458047, 0.0011765425443491754, 0.0011135232690312714], [0.0011765425443491751, 0.0005369409376919333, 0.00023672303968531183], [0.0011135232690312712, 0.00023672303968531183, 0.00047633402851146323]], "chi2_level": 0.997, "chi2_df": 3, "chi2_threshold": 13.931422665512084, "N_raw": 6, "N_roi": 6, "N_inlier": 6, "refit": true}
{"timestamp": "12:05:04.289476", "frame": 7, "mu": [1.1410827606239047, 1.4057998833919674, 1.522722853354969], "Sigma": [[0.0031424457565977365, -0.0018138870581749303, -0.0011277599488466283], [-0.0018138870581749303, 0.003978639077713884, -4.157734963994471e-06], [-0.0011277599488466283, -4.157734963994525e-06, 0.0008240576339086762]], "chi2_level": 0.997, "chi2_df": 3, "chi2_threshold": 13.931422665512084, "N_raw": 23, "N_roi": 23, "N_inlier": 23, "refit": true}
{"timestamp": "12:05:04.346711", "frame": 8, "mu": [1.215303479851829, 1.4038292654981008, 1.5114282772346663], "Sigma": [[0.0056150528397139075, -0.0004450671130338678, -0.0010509146712493873], [-0.00044506711303386775, 0.0011051414932393589, 7.525361446744895e-05], [-0.0010509146712493873, 7.525361446744895e-05, 0.0003438129630016393]], "chi2_level": 0.997, "chi2_df": 3, "chi2_threshold": 13.931422665512084, "N_raw": 18, "N_roi": 18, "N_inlier": 16, "refit": true}
{"timestamp": "12:05:04.400061", "frame": 9, "mu": [1.3696381849531662, 1.4044586874080935, 0.958012090507124], "Sigma": [[0.0033375946048239936, 0.007255787474555873, -0.010118588233869758], [0.007255787474555873, 0.02422484431907917, -0.027437195257394735], [-0.010118588233869756, -0.027437195257394735, 0.044269408824283436]], "chi2_level": 0.997, "chi2_df": 3, "chi2_threshold": 13.931422665512084, "N_raw": 6, "N_roi": 6, "N_inlier": 6, "refit": true}
{"timestamp": "12:05:04.455856", "frame": 10, "mu": [1.423453738555158, 1.5035294664503942, 0.7245192951999387], "Sigma": [[0.0055320199475124825, -0.004688808309581328, -0.0016124220308589973], [-0.004688808309581328, 0.006665404990039758, 0.0008423690022769722], [-0.0016124220308589973, 0.0008423690022769723, 0.0008789063278499724]], "chi2_level": 0.997, "chi2_df": 3, "chi2_threshold": 13.931422665512084, "N_raw": 22, "N_roi": 22, "N_inlier": 22, "refit": true}
{"timestamp": "12:05:04.567332", "frame": 12, "mu": [1.1918141166370955, 1.377667901147019, 1.385708981466597], "Sigma": [[0.004141223043720182, -0.002045919775511903, -0.003506313325552102], [-0.002045919775511903, 0.003201904895644871, 0.003229278278153716], [-0.003506313325552102, 0.0032292782781537157, 0.012203693181842468]], "chi2_level": 0.997, "chi2_df": 3, "chi2_threshold": 13.931422665512084, "N_raw": 23, "N_roi": 23, "N_inlier": 22, "refit": true}
{"timestamp": "12:05:04.620613", "frame": 13, "mu": [1.16963408746008, 1.237781805477169, 1.2334010379076665], "Sigma": [[0.14541220365270985, 0.12922814885194034, -0.1346497195026671], [0.12922814885194034, 0.14174634494095562, -0.1269094034786236], [-0.13464971950266713, -0.12690940347862362, 0.15636127648059067]], "chi2_level": 0.997, "chi2_df": 3, "chi2_threshold": 13.931422665512084, "N_raw": 8, "N_roi": 8, "N_inlier": 8, "refit": true}
{"timestamp": "12:05:04.675940", "frame": 14, "mu": [1.2208965291475424, 1.3069644937175333, 0.9648904517745647], "Sigma": [[0.006548220740391845, -0.0008702059078991835, -0.02771812482012271], [-0.0008702059078991827, 0.02459306092132054, 0.06179108752324538], [-0.027718124820122713, 0.06179108752324538, 0.27011461546685306]], "chi2_level": 0.997, "chi2_df": 3, "chi2_threshold": 13.931422665512084, "N_raw": 8, "N_roi": 8, "N_inlier": 8, "refit": true}
{"timestamp": "12:05:04.731305", "frame": 15, "mu": [1.2976426965061603, 1.252147933991687, 0.9757001741595019], "Sigma": [[0.014797253947498815, -0.008472571521084146, -0.026810378573759907], [-0.008472571521084146, 0.016208717034055502, 0.013547157777087556], [-0.026810378573759907, 0.013547157777087555, 0.06514143018863305]], "chi2_level": 0.997, "chi2_df": 3, "chi2_threshold": 13.931422665512084, "N_raw": 18, "N_roi": 18, "N_inlier": 18, "refit": true}
{"timestamp": "12:05:04.789201", "frame": 16, "mu": [1.2449906908675028, 1.3277618629841432, -0.8366873396855217], "Sigma": [[0.007505877262580937, 0.001741028678743038, -0.005367799773050284], [0.001741028678743038, 0.012007591026509322, 0.018361453004793596], [-0.005367799773050285, 0.018361453004793596, 0.06924386456740461]], "chi2_level": 0.997, "chi2_df": 3, "chi2_threshold": 13.931422665512084, "N_raw": 36, "N_roi": 36, "N_inlier": 35, "refit": true}
{"timestamp": "12:05:04.842570", "frame": 17, "mu": [1.0635855058811547, 1.38064771038501, 1.3574125549604412], "Sigma": [[0.014859407227098186, -0.005414290497188771, -0.02737794932432318], [-0.0054142904971887715, 0.007153695663269987, 0.00850452806617359], [-0.02737794932432318, 0.008504528066173588, 0.06838904326716733]], "chi2_level": 0.997, "chi2_df": 3, "chi2_threshold": 13.931422665512084, "N_raw": 25, "N_roi": 25, "N_inlier": 24, "refit": true}
{"timestamp": "12:05:04.900695", "frame": 18, "mu": [1.1113580346744565, 1.3176629547253702, 1.1842008473041175], "Sigma": [[0.019636266992560648, -0.0122081705304436, -0.03990614579817068], [-0.012208170530443596, 0.017746727503601702, 0.014518350628441203], [-0.03990614579817068, 0.014518350628441205, 0.10173962502709219]], "chi2_level": 0.997, "chi2_df": 3, "chi2_threshold": 13.931422665512084, "N_raw": 44, "N_roi": 44, "N_inlier": 43, "refit": true}
{"timestamp": "12:05:04.950191", "frame": 19, "mu": [1.072845036101768, 1.3930372724196152, 1.119928277669387], "Sigma": [[0.015804234208735314, 0.007387203063589915, -0.04608519495034794], [0.007387203063589916, 0.006130692998141055, -0.020166440190204967], [-0.04608519495034794, -0.020166440190204967, 0.1472938490355509]], "chi2_level": 0.997, "chi2_df": 3, "chi2_threshold": 13.931422665512084, "N_raw": 9, "N_roi": 9, "N_inlier": 9, "refit": true}
{"timestamp": "12:05:05.012295", "frame": 20, "mu": [0.9521131261874268, 1.3530847734015432, 1.4340454041741983], "Sigma": [[0.00712282013491651, -8.402250475803854e-05, -0.008391924603136225], [-8.402250475803854e-05, 0.005399678623727259, -0.003909033576459146], [-0.008391924603136225, -0.003909033576459146, 0.02354727776700069]], "chi2_level": 0.997, "chi2_df": 3, "chi2_threshold": 13.931422665512084, "N_raw": 57, "N_roi": 57, "N_inlier": 53, "refit": true}
{"timestamp": "12:05:05.063256", "frame": 21, "mu": [0.9342186097496551, 1.2833099441736924, 1.4635158110826318], "Sigma": [[0.005617870775065043, -0.0025187503619287007, -0.0014237130187300848], [-0.0025187503619287007, 0.002822451278632576, 0.0005460822420251378], [-0.0014237130187300848, 0.0005460822420251378, 0.0005014663783737056]], "chi2_level": 0.997, "chi2_df": 3, "chi2_threshold": 13.931422665512084, "N_raw": 30, "N_roi": 30, "N_inlier": 28, "refit": true}
{"timestamp": "12:05:05.123831", "frame": 22, "mu": [0.9084274615634592, 1.2721835551027896, 1.3772718838395883], "Sigma": [[0.007736303523092041, -0.0010614599186338507, -0.007705930623025053], [-0.0010614599186338505, 0.005196509905379512, -0.004521964093084101], [-0.007705930623025053, -0.0045219640930841, 0.018863183701273684]], "chi2_level": 0.997, "chi2_df": 3, "chi2_threshold": 13.931422665512084, "N_raw": 65, "N_roi": 65, "N_inlier": 61, "refit": true}
{"timestamp": "12:05:05.179758", "frame": 23, "mu": [0.8225386277507499, 1.2763446308158288, 1.4545613228381638], "Sigma": [[0.00625363681726661, -0.002522541520492037, -0.0034242123328884545], [-0.002522541520492037, 0.0074275790712954055, 0.0006098194316924539], [-0.003424212332888455, 0.0006098194316924539, 0.0022121132341642886]], "chi2_level": 0.997, "chi2_df": 3, "chi2_threshold": 13.931422665512084, "N_raw": 66, "N_roi": 66, "N_inlier": 63, "refit": true}
{"timestamp": "12:05:05.233090", "frame": 24, "mu": [0.7963889000634541, 1.2452643416897415, 1.4612555801943565], "Sigma": [[0.0065054944634156285, -0.0007827902648500805, -0.0030946841033447723], [-0.0007827902648500805, 0.004032020118748688, -0.0006848796231109274], [-0.0030946841033447723, -0.0006848796231109274, 0.0030468073077722746]], "chi2_level": 0.997, "chi2_df": 3, "chi2_threshold": 13.931422665512084, "N_raw": 59, "N_roi": 59, "N_inlier": 57, "refit": true}
{"timestamp": "12:05:05.289627", "frame": 25, "mu": [0.756902331349665, 1.3381935256640631, -0.1912214552256527], "Sigma": [[0.006093004085708631, -0.0011293694600866616, -0.0042487127659342865], [-0.0011293694600866613, 0.005793282339796015, 0.0017638170946787616], [-0.0042487127659342865, 0.0017638170946787616, 0.0035762566750319343]], "chi2_level": 0.997, "chi2_df": 3, "chi2_threshold": 13.931422665512084, "N_raw": 66, "N_roi": 66, "N_inlier": 61, "refit": true}
{"timestamp": "12:05:05.336295", "frame": 26, "mu": [0.8506297269498083, 1.1491518551901163, 0.7525714771409393], "Sigma": [[0.011477956585565694, -0.005242400372372242, -0.0684821587332706], [-0.005242400372372242, 0.003421745213707801, 0.03420745274906497], [-0.0684821587332706, 0.034207452749064976, 0.5334659128318554]], "chi2_level": 0.997, "chi2_df": 3, "chi2_threshold": 13.931422665512084, "N_raw": 10, "N_roi": 10, "N_inlier": 10, "refit": true}
{"timestamp": "12:05:05.398737", "frame": 27, "mu": [0.7553139830713737, 1.3068414158598713, -0.3144761503949398], "Sigma": [[0.007701205816050129, -0.0009926523025323977, -0.002137895728104662], [-0.000992652302532398, 0.005070579416718938, 0.0014058656228817812], [-0.0021378957281046624, 0.001405865622881781, 0.010331752784734045]], "chi2_level": 0.997, "chi2_df": 3, "chi2_threshold": 13.931422665512084, "N_raw": 68, "N_roi": 68, "N_inlier": 67, "refit": true}
{"timestamp": "12:05:05.453009", "frame": 28, "mu": [0.7399116090641673, 1.128493261158882, 1.374098349819662], "Sigma": [[0.008255883116399371, -0.005630088314291015, -0.009098376875750807], [-0.005630088314291016, 0.0074277862533873385, 0.0053544016519235325], [-0.009098376875750807, 0.0053544016519235325, 0.010894843664674483]], "chi2_level": 0.997, "chi2_df": 3, "chi2_threshold": 13.931422665512084, "N_raw": 60, "N_roi": 60, "N_inlier": 59, "refit": true}
{"timestamp": "12:05:05.508706", "frame": 29, "mu": [0.6766913729969072, 1.17757942700636, 1.4347436755004388], "Sigma": [[0.009089283616677305, -0.0041668913958959365, -0.007741503076337874], [-0.0041668913958959365, 0.005795786136890429, 0.0030419428519918297], [-0.007741503076337874, 0.00304194285199183, 0.007130766371166512]], "chi2_level": 0.997, "chi2_df": 3, "chi2_threshold": 13.931422665512084, "N_raw": 65, "N_roi": 65, "N_inlier": 62, "refit": true}
{"timestamp": "12:05:05.562237", "frame": 30, "mu": [0.6371085312555101, 1.139357168794785, 1.3530610976236117], "Sigma": [[0.009903923041090681, -0.005118868532168433, -0.009363077124048469], [-0.005118868532168433, 0.005117552985027218, 0.006195829041395375], [-0.009363077124048467, 0.006195829041395375, 0.13792767477552928]], "chi2_level": 0.997, "chi2_df": 3, "chi2_threshold": 13.931422665512084, "N_raw": 53, "N_roi": 53, "N_inlier": 51, "refit": true}
{"timestamp": "12:05:05.618897", "frame": 31, "mu": [0.5585300697839435, 1.197936538569354, 1.4629795812450623], "Sigma": [[0.0040511349665051846, -0.0018773558394986722, -0.003332823122864977], [-0.0018773558394986722, 0.005777136352649664, 0.00015307594962817354], [-0.003332823122864977, 0.00015307594962817348, 0.0033973203626933026]], "chi2_level": 0.997, "chi2_df": 3, "chi2_threshold": 13.931422665512084, "N_raw": 64, "N_roi": 64, "N_inlier": 59, "refit": true}
{"timestamp": "12:05:05.668744", "frame": 32, "mu": [0.4820254116206322, 1.2214265992352822, 1.2159665759136276], "Sigma": [[0.0018891548909082973, -0.0007598315443635669, 0.0005033503152782155], [-0.0007598315443635669, 0.0026730915123383157, -0.012236806551583195], [0.0005033503152782155, -0.012236806551583195, 0.2854454290202127]], "chi2_level": 0.997, "chi2_df": 3, "chi2_threshold": 13.931422665512084, "N_raw": 21, "N_roi": 21, "N_inlier": 20, "refit": true}
{"timestamp": "12:05:05.726282", "frame": 33, "mu": [0.4465075302658052, 1.2129938435917904, 1.4744321258321085], "Sigma": [[0.004058271317952743, 0.0006212805333954487, 0.0031192177003424616], [0.0006212805333954486, 0.003915989508104287, 0.004403864753531161], [0.003119217700342461, 0.004403864753531161, 0.021823504576805073]], "chi2_level": 0.997, "chi2_df": 3, "chi2_threshold": 13.931422665512084, "N_raw": 46, "N_roi": 46, "N_inlier": 43, "refit": true}
{"timestamp": "12:05:05.781660", "frame": 34, "mu": [0.41451539229565726, 1.2076997457575307, 1.36699267803198], "Sigma": [[0.004368309861735962, -0.0005377904514576369, 0.0029176015281444853], [-0.0005377904514576368, 0.0033949785446548055, 0.0031994033662287435], [0.002917601528144486, 0.0031994033662287435, 0.11318436969778914]], "chi2_level": 0.997, "chi2_df": 3, "chi2_threshold": 13.931422665512084, "N_raw": 48, "N_roi": 48, "N_inlier": 46, "refit": true}
{"timestamp": "12:05:05.836163", "frame": 35, "mu": [0.339778029711987, 1.2610266339140404, 1.4724996995383863], "Sigma": [[0.002718821516890375, -0.0006986151269135874, -0.00253241464574123], [-0.0006986151269135874, 0.0040575742469255065, -0.0008774198998558067], [-0.0025324146457412306, -0.0008774198998558067, 0.0033098934417162187]], "chi2_level": 0.997, "chi2_df": 3, "chi2_threshold": 13.931422665512084, "N_raw": 48, "N_roi": 48, "N_inlier": 45, "refit": true}
{"timestamp": "12:05:05.897360", "frame": 36, "mu": [0.2938905869134531, 1.3108204402588814, 1.4597762655084647], "Sigma": [[0.004694272395857158, -0.000964486262607712, -0.004794788173383828], [-0.000964486262607712, 0.005332386364510523, -0.002426523279984444], [-0.004794788173383828, -0.0024265232799844444, 0.00960008260795219]], "chi2_level": 0.997, "chi2_df": 3, "chi2_threshold": 13.931422665512084, "N_raw": 84, "N_roi": 84, "N_inlier": 80, "refit": true}
{"timestamp": "12:05:05.953821", "frame": 37, "mu": [0.2555664356442078, 1.2874433759027073, 1.4483376970772963], "Sigma": [[0.0076325044924113105, -0.003929852797588944, -0.00787707686155775], [-0.003929852797588944, 0.007226924110124012, 0.0015763097099830694], [-0.00787707686155775, 0.0015763097099830694, 0.011271306836522088]], "chi2_level": 0.997, "chi2_df": 3, "chi2_threshold": 13.931422665512084, "N_raw": 96, "N_roi": 96, "N_inlier": 94, "refit": true}
{"timestamp": "12:05:06.002992", "frame": 38, "mu": [0.2135971689877566, 1.306990287589917, 1.4758783098751973], "Sigma": [[0.0031303534170470868, 0.00043260748392278666, -0.003159984747303046], [0.0004326074839227865, 0.003456455040985979, -0.0019826034033109635], [-0.003159984747303046, -0.0019826034033109635, 0.004652634124459859]], "chi2_level": 0.997, "chi2_df": 3, "chi2_threshold": 13.931422665512084, "N_raw": 53, "N_roi": 53, "N_inlier": 50, "refit": true}
{"timestamp": "12:05:06.062335", "frame": 39, "mu": [0.23214062291526835, 1.227170455166401, 1.3524107248276174], "Sigma": [[0.00534948772157538, -0.0029161983045137845, -0.007916982494351105], [-0.0029161983045137845, 0.00929211420878257, 0.005840870218001828], [-0.007916982494351105, 0.005840870218001828, 0.02188863284504783]], "chi2_level": 0.997, "chi2_df": 3, "chi2_threshold": 13.931422665512084, "N_raw": 89, "N_roi": 89, "N_inlier": 86, "refit": true}
{"timestamp": "12:05:06.119344", "frame": 40, "mu": [0.15737358399435378, 1.3463754427747265, -0.518479313487708], "Sigma": [[0.005006752758434106, 0.002365926530908411, -0.001348925143505657], [0.002365926530908411, 0.005122032829244374, 0.0010869374968994283], [-0.001348925143505657, 0.0010869374968994286, 0.049319884898415954]], "chi2_level": 0.997, "chi2_df": 3, "chi2_threshold": 13.931422665512084, "N_raw": 95, "N_roi": 95, "N_inlier": 92, "refit": true}
{"timestamp": "12:05:06.169198", "frame": 41, "mu": [0.19507163504976616, 1.152672592529437, 1.2665780551981], "Sigma": [[0.0026495357429807713, -0.0012024404523156187, -0.0017286904026515206], [-0.0012024404523156187, 0.007524903873073001, -0.000953994292160961], [-0.0017286904026515206, -0.0009539942921609611, 0.010455094145990397]], "chi2_level": 0.997, "chi2_df": 3, "chi2_threshold": 13.931422665512084, "N_raw": 67, "N_roi": 67, "N_inlier": 65, "refit": true}
{"timestamp": "12:05:06.222867", "frame": 42, "mu": [0.14414969858390927, 1.1173351450844575, 1.2032990669163128], "Sigma": [[0.002801048914495833, -0.0011679431152548923, -0.000501668957239977], [-0.0011679431152548923, 0.003231372204993547, 2.9941010045279946e-05], [-0.0005016689572399772, 2.9941010045279946e-05, 0.03947255757845637]], "chi2_level": 0.997, "chi2_df": 3, "chi2_threshold": 13.931422665512084, "N_raw": 59, "N_roi": 59, "N_inlier": 57, "refit": true}
{"timestamp": "12:05:06.276627", "frame": 43, "mu": [0.10834956193624797, 1.1060212837493337, 1.1058893599126804], "Sigma": [[0.0022139001819198026, -0.00038082023803574067, 0.00026015556257710906], [-0.00038082023803574067, 0.0016702039238789739, -0.0036251513680825706], [0.00026015556257710917, -0.0036251513680825706, 0.11616657451251348]], "chi2_level": 0.997, "chi2_df": 3, "chi2_threshold": 13.931422665512084, "N_raw": 50, "N_roi": 50, "N_inlier": 47, "refit": true}
{"timestamp": "12:05:06.326174", "frame": 44, "mu": [-0.09041814604718196, 1.3074014960109543, 0.6522861923392733], "Sigma": [[0.02327763630119502, 0.008045968811460944, 0.009379771556973879], [0.008045968811460946, 0.004426195150211112, 0.001442187607853817], [0.009379771556973872, 0.001442187607853817, 0.4555870903126124]], "chi2_level": 0.997, "chi2_df": 3, "chi2_threshold": 13.931422665512084, "N_raw": 9, "N_roi": 9, "N_inlier": 9, "refit": true}
{"timestamp": "12:05:06.381658", "frame": 45, "mu": [-0.1278324196658597, 1.286665243097505, 1.1265875615339491], "Sigma": [[0.015259824062506191, -0.00013805918314767026, 0.05975655743263125], [-0.00013805918314766983, 0.006440857871214655, 0.009926729527962981], [0.05975655743263125, 0.009926729527962981, 0.3000611296438362]], "chi2_level": 0.997, "chi2_df": 3, "chi2_threshold": 13.931422665512084, "N_raw": 19, "N_roi": 19, "N_inlier": 18, "refit": true}
{"timestamp": "12:05:06.438146", "frame": 46, "mu": [-0.25451182649551085, 1.2907736644548113, 1.507029876975129], "Sigma": [[0.00268646239957477, -0.0016635532572494853, -0.0017433532130525231], [-0.0016635532572494853, 0.00340797453301096, 0.0007275915631402965], [-0.0017433532130525231, 0.0007275915631402965, 0.0018880833386987468]], "chi2_level": 0.997, "chi2_df": 3, "chi2_threshold": 13.931422665512084, "N_raw": 22, "N_roi": 22, "N_inlier": 20, "refit": true}
{"timestamp": "12:05:06.497890", "frame": 47, "mu": [-0.13973425706528997, 1.1796324860620693, 1.319828376089596], "Sigma": [[0.0028336724852413373, -0.002002136148548336, -0.002892824450048617], [-0.002002136148548336, 0.007423180000794863, 0.0003533174782143796], [-0.002892824450048617, 0.0003533174782143799, 0.003905902399861732]], "chi2_level": 0.997, "chi2_df": 3, "chi2_threshold": 13.931422665512084, "N_raw": 62, "N_roi": 62, "N_inlier": 60, "refit": true}
{"timestamp": "12:05:06.552053", "frame": 48, "mu": [-0.21712814065492342, 1.146826622003375, 1.3233880694834248], "Sigma": [[0.0031695743029583508, -0.0016998623005356072, -0.001777305686157146], [-0.0016998623005356072, 0.005100207229502868, -0.0005660744860720836], [-0.001777305686157146, -0.0005660744860720836, 0.0017782267085645882]], "chi2_level": 0.997, "chi2_df": 3, "chi2_threshold": 13.931422665512084, "N_raw": 58, "N_roi": 58, "N_inlier": 57, "refit": true}
{"timestamp": "12:05:06.607122", "frame": 49, "mu": [-0.34347756242677885, 1.2559002650598279, 1.4496569852279226], "Sigma": [[0.0038855014229336924, -0.0022784792217633615, -0.0038785206901383986], [-0.002278479221763361, 0.003233194858429484, 0.0006606188334563007], [-0.0038785206901383986, 0.0006606188334563005, 0.013502985746272731]], "chi2_level": 0.997, "chi2_df": 3, "chi2_threshold": 13.931422665512084, "N_raw": 51, "N_roi": 51, "N_inlier": 47, "refit": true}
{"timestamp": "12:05:06.666290", "frame": 50, "mu": [-0.30297602932685525, 1.2086383207043034, 1.3799930610103732], "Sigma": [[0.004480045740318488, -0.002705477373042723, -0.004679153956286619], [-0.002705477373042723, 0.007215430406044928, 0.00011437982096288465], [-0.004679153956286619, 0.00011437982096288454, 0.008447590201252795]], "chi2_level": 0.997, "chi2_df": 3, "chi2_threshold": 13.931422665512084, "N_raw": 79, "N_roi": 79, "N_inlier": 76, "refit": true}
{"timestamp": "12:05:06.720311", "frame": 51, "mu": [-0.4118781814704589, 1.2493276851283714, 1.4222488417694195], "Sigma": [[0.004507527180176705, -0.0004787994335619067, -0.0013142467425379023], [-0.0004787994335619068, 0.003527829792389103, -0.004022734520134342], [-0.0013142467425379023, -0.004022734520134342, 0.0075045744510657654]], "chi2_level": 0.997, "chi2_df": 3, "chi2_threshold": 13.931422665512084, "N_raw": 76, "N_roi": 76, "N_inlier": 71, "refit": true}
{"timestamp": "12:05:06.778391", "frame": 52, "mu": [-0.45235352846282584, 1.223653191481275, 1.3199655444974372], "Sigma": [[0.006678169619723031, -0.0027398379373464463, -0.005544058729309522], [-0.002739837937346447, 0.00698274091692938, -0.016878508541715957], [-0.005544058729309522, -0.016878508541715954, 0.22270132612981833]], "chi2_level": 0.997, "chi2_df": 3, "chi2_threshold": 13.931422665512084, "N_raw": 95, "N_roi": 95, "N_inlier": 94, "refit": true}
{"timestamp": "12:05:06.834040", "frame": 53, "mu": [-0.5117287789702138, 1.371318645301551, -0.5769710207209966], "Sigma": [[0.006767304223809575, -0.004017434534850031, 0.008543946131350058], [-0.004017434534850031, 0.06314421843307129, -0.10820274599910949], [0.008543946131350056, -0.10820274599910949, 0.23405926055345916]], "chi2_level": 0.997, "chi2_df": 3, "chi2_threshold": 13.931422665512084, "N_raw": 96, "N_roi": 96, "N_inlier": 96, "refit": true}
{"timestamp": "12:05:06.879683", "frame": 54, "mu": [-0.45435743739599, 1.1080335369411172, 1.2326248485856894], "Sigma": [[0.003148626798709439, -0.0006338604454909091, 0.00985666298529094], [-0.000633860445490909, 0.0025528310349891043, -0.0039996508780450225], [0.00985666298529094, -0.0039996508780450225, 0.11232751366934826]], "chi2_level": 0.997, "chi2_df": 3, "chi2_threshold": 13.931422665512084, "N_raw": 32, "N_roi": 32, "N_inlier": 31, "refit": true}
{"timestamp": "12:05:06.940677", "frame": 55, "mu": [-0.595262883420412, 1.3151513115068212, -0.20338779311181487], "Sigma": [[0.006017634889719882, -0.0017088040549070372, -0.007401003303489065], [-0.0017088040549070376, 0.006977351603442489, -0.0006859452900478209], [-0.007401003303489065, -0.0006859452900478211, 0.018595655751336905]], "chi2_level": 0.997, "chi2_df": 3, "chi2_threshold": 13.931422665512084, "N_raw": 80, "N_roi": 80, "N_inlier": 77, "refit": true}
{"timestamp": "12:05:07.000363", "frame": 56, "mu": [-0.6125526021469601, 1.2207548431165787, 1.409068914953036], "Sigma": [[0.007012495319872918, -0.004105914704196136, -0.0038442356664674044], [-0.004105914704196136, 0.010198726800752423, -0.00027949790140546483], [-0.0038442356664674044, -0.00027949790140546467, 0.007038334649920004]], "chi2_level": 0.997, "chi2_df": 3, "chi2_threshold": 13.931422665512084, "N_raw": 98, "N_roi": 93, "N_inlier": 92, "refit": true}
{"timestamp": "12:05:07.053871", "frame": 57, "mu": [-0.6883373176320254, 1.2508270792529714, 1.4670266047801954], "Sigma": [[0.009198830097833057, -0.004112440592758922, -0.007631261781371899], [-0.004112440592758921, 0.008178083227614761, 0.0019980408719125473], [-0.007631261781371899, 0.0019980408719125473, 0.012884396758855199]], "chi2_level": 0.997, "chi2_df": 3, "chi2_threshold": 13.931422665512084, "N_raw": 92, "N_roi": 90, "N_inlier": 86, "refit": true}
{"timestamp": "12:05:07.109370", "frame": 58, "mu": [-0.7411467681370112, 1.271460132955642, 1.5018408640953846], "Sigma": [[0.007887323501432158, -0.004273036146468774, -0.0046411983403016315], [-0.004273036146468774, 0.01157885639979179, 0.0008958352471222273], [-0.0046411983403016315, 0.0008958352471222274, 0.009197152215810786]], "chi2_level": 0.997, "chi2_df": 3, "chi2_threshold": 13.931422665512084, "N_raw": 94, "N_roi": 93, "N_inlier": 89, "refit": true}
{"timestamp": "12:05:07.164784", "frame": 59, "mu": [-0.7473465103247069, 1.3057704684991776, 0.3574844525762489], "Sigma": [[0.006471216920339191, -0.003601616225014529, 0.03037510351669203], [-0.003601616225014529, 0.011235142752724919, 0.010712998748129705], [0.03037510351669203, 0.010712998748129705, 0.5312594593957435]], "chi2_level": 0.997, "chi2_df": 3, "chi2_threshold": 13.931422665512084, "N_raw": 111, "N_roi": 111, "N_inlier": 103, "refit": true}
{"timestamp": "12:05:07.215594", "frame": 60, "mu": [-0.7534188877734375, 1.1982321250077024, 1.2795895177411594], "Sigma": [[0.004555964691540915, 0.0007121588281863733, -0.00678256346153765], [0.0007121588281863733, 0.021241192411196742, 0.005367034273824192], [-0.00678256346153765, 0.005367034273824192, 0.02768677149764627]], "chi2_level": 0.997, "chi2_df": 3, "chi2_threshold": 13.931422665512084, "N_raw": 75, "N_roi": 75, "N_inlier": 72, "refit": true}
{"timestamp": "12:05:07.271859", "frame": 61, "mu": [-0.8417682215835123, 1.2260592539125073, 1.3251700080771438], "Sigma": [[0.005381495068581514, -0.0013754202348556282, -0.010615129425180062], [-0.0013754202348556285, 0.01336797292689628, 0.006406916296232906], [-0.010615129425180062, 0.006406916296232907, 0.0887344953629092]], "chi2_level": 0.997, "chi2_df": 3, "chi2_threshold": 13.931422665512084, "N_raw": 82, "N_roi": 82, "N_inlier": 82, "refit": true}
{"timestamp": "12:05:07.324173", "frame": 62, "mu": [-0.9221553460283395, 1.1967090822164332, 1.4846779023813057], "Sigma": [[0.01862048334609645, 0.0018350399525952257, -0.01579855028996794], [0.0018350399525952263, 0.01140622145583901, 0.0015184747390320004], [-0.01579855028996794, 0.0015184747390320004, 0.015065988117535633]], "chi2_level": 0.997, "chi2_df": 3, "chi2_threshold": 13.931422665512084, "N_raw": 69, "N_roi": 69, "N_inlier": 64, "refit": true}
{"timestamp": "12:05:07.379491", "frame": 63, "mu": [-0.9502361645569634, 1.2316552076955787, 1.5704479316369597], "Sigma": [[0.02746818245010979, 0.008936623979580506, -0.019700610096970415], [0.008936623979580506, 0.013630729529887914, -0.003586647098742194], [-0.019700610096970415, -0.003586647098742193, 0.018871948091285246]], "chi2_level": 0.997, "chi2_df": 3, "chi2_threshold": 13.931422665512084, "N_raw": 67, "N_roi": 67, "N_inlier": 64, "refit": true}
{"timestamp": "12:05:07.436497", "frame": 64, "mu": [-0.9797544165618777, 1.2454176386884996, -0.034852174530230665], "Sigma": [[0.03540196801483497, 0.016108651779184323, -0.0120009626721022], [0.016108651779184323, 0.018638231872712838, -0.02661773529246325], [-0.0120009626721022, -0.02661773529246325, 0.1619816280436517]], "chi2_level": 0.997, "chi2_df": 3, "chi2_threshold": 13.931422665512084, "N_raw": 84, "N_roi": 84, "N_inlier": 84, "refit": true}
{"timestamp": "12:05:07.491102", "frame": 65, "mu": [-1.030009512661735, 1.2170799362009062, 1.544791930757996], "Sigma": [[0.04516569663495025, 0.027052275977687397, -0.026684997238085553], [0.027052275977687397, 0.02928687246429831, -0.01053535534939476], [-0.026684997238085553, -0.01053535534939476, 0.022554658712297226]], "chi2_level": 0.997, "chi2_df": 3, "chi2_threshold": 13.931422665512084, "N_raw": 75, "N_roi": 75, "N_inlier": 72, "refit": true}
{"timestamp": "12:05:07.544067", "frame": 66, "mu": [-1.1365874983877213, 1.2347078432744054, -0.09155163070422825], "Sigma": [[0.05707369747815398, 0.02859081260361173, -0.0333510688006832], [0.02859081260361173, 0.021831288739079066, -0.012065905733225432], [-0.0333510688006832, -0.01206590573322543, 0.027956119002194753]], "chi2_level": 0.997, "chi2_df": 3, "chi2_threshold": 13.931422665512084, "N_raw": 69, "N_roi": 69, "N_inlier": 67, "refit": true}
{"timestamp": "12:05:07.602175", "frame": 67, "mu": [-1.1453302255068623, 1.174040208918788, -0.22938156049244104], "Sigma": [[0.038682476300439514, 0.017826074395742297, 0.011869572993931547], [0.017826074395742297, 0.01955567702345578, 0.023717942457562063], [0.011869572993931547, 0.023717942457562063, 0.2570319490528003]], "chi2_level": 0.997, "chi2_df": 3, "chi2_threshold": 13.931422665512084, "N_raw": 81, "N_roi": 81, "N_inlier": 80, "refit": true}
{"timestamp": "12:05:07.652677", "frame": 68, "mu": [-1.2090065962699723, 1.1720545872072263, 1.6308404443952145], "Sigma": [[0.049828040480695036, 0.022342028330656037, -0.04350366400556345], [0.022342028330656037, 0.017499265595366544, -0.018905276097169237], [-0.04350366400556345, -0.018905276097169237, 0.041660363632159025]], "chi2_level": 0.997, "chi2_df": 3, "chi2_threshold": 13.931422665512084, "N_raw": 55, "N_roi": 55, "N_inlier": 52, "refit": true}
{"timestamp": "12:05:07.713005", "frame": 69, "mu": [-1.2122901250303841, 1.1901228117487077, 1.54472426940419], "Sigma": [[0.054551831279807554, 0.029820707849320456, -0.03913062419210243], [0.029820707849320456, 0.02677609865528529, -0.019998341186972624], [-0.03913062419210243, -0.019998341186972624, 0.030424770493377568]], "chi2_level": 0.997, "chi2_df": 3, "chi2_threshold": 13.931422665512084, "N_raw": 89, "N_roi": 89, "N_inlier": 86, "refit": true}
{"timestamp": "12:05:07.775841", "frame": 70, "mu": [-1.2002365231600054, 1.2211948917694453, 1.4810833025340235], "Sigma": [[0.0569366785979837, 0.040082084578997694, -0.02539196316587064], [0.040082084578997694, 0.040408247917980124, -0.016116599425795068], [-0.02539196316587064, -0.016116599425795068, 0.012211644847900233]], "chi2_level": 0.997, "chi2_df": 3, "chi2_threshold": 13.931422665512084, "N_raw": 150, "N_roi": 150, "N_inlier": 146, "refit": true}
{"timestamp": "12:05:07.831675", "frame": 71, "mu": [-1.235453406379066, 1.2564098099281982, 1.5626680881887818], "Sigma": [[0.05919293226197839, 0.0381105703387562, -0.03220619501910951], [0.03811057033875619, 0.03800404904486625, -0.01304299559101688], [-0.03220619501910951, -0.013042995591016881, 0.0245880182360634]], "chi2_level": 0.997, "chi2_df": 3, "chi2_threshold": 13.931422665512084, "N_raw": 145, "N_roi": 145, "N_inlier": 142, "refit": true}
{"timestamp": "12:05:07.878836", "frame": 72, "mu": [-1.255883372531018, 1.2960574575047215, 1.5955442719338362], "Sigma": [[0.07871932814238841, 0.044666304419805604, -0.05840277859507395], [0.04466630441980561, 0.0367081488623901, -0.030478137574795616], [-0.05840277859507395, -0.030478137574795616, 0.04526964242458548]], "chi2_level": 0.997, "chi2_df": 3, "chi2_threshold": 13.931422665512084, "N_raw": 99, "N_roi": 99, "N_inlier": 96, "refit": true}
{"timestamp": "12:05:07.931481", "frame": 73, "mu": [-1.1417758221568213, 1.4627790306873416, 1.5842952921094016], "Sigma": [[0.07247286729009085, 0.03870713275072852, -0.06432491943041403], [0.03870713275072852, 0.03096916029113934, -0.03298049902109294], [-0.06432491943041403, -0.03298049902109294, 0.05910957850585107]], "chi2_level": 0.997, "chi2_df": 3, "chi2_threshold": 13.931422665512084, "N_raw": 78, "N_roi": 78, "N_inlier": 78, "refit": true}
{"timestamp": "12:05:07.987262", "frame": 74, "mu": [-1.1455131714275715, 1.4185966550458822, 1.2433438971467683], "Sigma": [[0.08053482160053126, 0.03740884754143031, -0.11568578447089056], [0.03740884754143031, 0.022293734333318535, -0.05050263712199192], [-0.11568578447089058, -0.05050263712199192, 0.2561803629050291]], "chi2_level": 0.997, "chi2_df": 3, "chi2_threshold": 13.931422665512084, "N_raw": 86, "N_roi": 86, "N_inlier": 85, "refit": true}
{"timestamp": "12:05:08.045104", "frame": 75, "mu": [-1.2091155939954872, 1.452208025857598, 1.5662527385714078], "Sigma": [[0.12290436526233856, 0.06137433362827066, -0.10041272569203294], [0.06137433362827066, 0.04237786890338213, -0.05064007965878187], [-0.10041272569203295, -0.05064007965878187, 0.08550604993660349]], "chi2_level": 0.997, "chi2_df": 3, "chi2_threshold": 13.931422665512084, "N_raw": 103, "N_roi": 103, "N_inlier": 99, "refit": true}
{"timestamp": "12:05:08.095615", "frame": 76, "mu": [-1.1713668461878204, 1.6350604820571517, -0.2582733470030734], "Sigma": [[0.1056601964459088, 0.08183719651610696, -0.12278899587327796], [0.08183719651610696, 0.0791441340247338, -0.12768774288313856], [-0.12278899587327796, -0.12768774288313856, 0.3068688928488594]], "chi2_level": 0.997, "chi2_df": 3, "chi2_threshold": 13.931422665512084, "N_raw": 73, "N_roi": 73, "N_inlier": 72, "refit": true}
{"timestamp": "12:05:08.150402", "frame": 77, "mu": [-1.2822729391229433, 1.528990689198763, 1.5787139847066538], "Sigma": [[0.07931043625949064, 0.03572424568480599, -0.07103013707029558], [0.03572424568480599, 0.026307989148199054, -0.03053083943863245], [-0.07103013707029558, -0.03053083943863245, 0.09740750170863355]], "chi2_level": 0.997, "chi2_df": 3, "chi2_threshold": 13.931422665512084, "N_raw": 72, "N_roi": 72, "N_inlier": 70, "refit": true}
{"timestamp": "12:05:08.202977", "frame": 78, "mu": [-1.498332492719687, 1.4350823484942157, 1.629770801279327], "Sigma": [[0.10271421748426673, 0.0640181748020992, -0.16888548065312087], [0.0640181748020992, 0.04757706323789331, -0.10280789261357923], [-0.16888548065312087, -0.10280789261357923, 0.37634006744293996]], "chi2_level": 0.997, "chi2_df": 3, "chi2_threshold": 13.931422665512084, "N_raw": 57, "N_roi": 57, "N_inlier": 56, "refit": true}
{"timestamp": "12:05:08.256030", "frame": 79, "mu": [-1.2603621970282108, 1.606091463232397, 1.1678088149753545], "Sigma": [[0.11639979836442468, 0.0668197448178859, -0.17921753069969765], [0.0668197448178859, 0.050021173145534274, -0.13214397429291072], [-0.17921753069969765, -0.13214397429291072, 0.5103932796761322]], "chi2_level": 0.997, "chi2_df": 3, "chi2_threshold": 13.931422665512084, "N_raw": 45, "N_roi": 45, "N_inlier": 45, "refit": true}
{"timestamp": "12:05:08.313158", "frame": 80, "mu": [-1.276402924447429, 1.5669947331149423, 1.5941006463020606], "Sigma": [[0.16526923690476644, 0.07740445527523337, -0.1445413085506953], [0.07740445527523337, 0.044413066554864766, -0.0685956176424736], [-0.1445413085506953, -0.0685956176424736, 0.12735504287438812]], "chi2_level": 0.997, "chi2_df": 3, "chi2_threshold": 13.931422665512084, "N_raw": 62, "N_roi": 62, "N_inlier": 58, "refit": true}
{"timestamp": "12:05:08.361845", "frame": 81, "mu": [-1.2926757040744477, 1.6540298060155172, 1.3742699656393669], "Sigma": [[0.14467177376857618, 0.06736894360368464, -0.14906994091953696], [0.06736894360368464, 0.044268456316183, -0.06738649256319255], [-0.14906994091953696, -0.06738649256319255, 0.4370665448931183]], "chi2_level": 0.997, "chi2_df": 3, "chi2_threshold": 13.931422665512084, "N_raw": 15, "N_roi": 15, "N_inlier": 14, "refit": true}
{"timestamp": "12:05:08.422760", "frame": 82, "mu": [-1.1772626471396075, 1.848688182598101, 1.441320873560222], "Sigma": [[0.012030621388371765, -0.0052489483821759764, -0.00830710025368335], [-0.005248948382175977, 0.009156374242639253, 0.0015554878968889467], [-0.00830710025368335, 0.0015554878968889467, 0.007045267493212903]], "chi2_level": 0.997, "chi2_df": 3, "chi2_threshold": 13.931422665512084, "N_raw": 62, "N_roi": 62, "N_inlier": 62, "refit": true}
{"timestamp": "12:05:08.480970", "frame": 83, "mu": [-1.1217157959281867, 1.8428272597792716, 1.2322796079631104], "Sigma": [[0.017266293884088648, 0.0014017821978189499, 0.008667094731709579], [0.0014017821978189499, 0.0036582012211207743, -0.00024961628772256607], [0.008667094731709579, -0.00024961628772256607, 0.031935049924075185]], "chi2_level": 0.997, "chi2_df": 3, "chi2_threshold": 13.931422665512084, "N_raw": 78, "N_roi": 78, "N_inlier": 77, "refit": true}
{"timestamp": "12:05:08.537099", "frame": 84, "mu": [-1.1698434332576875, 1.9260327452648078, 1.3382664395099209], "Sigma": [[0.018519611257516125, -0.003069548927024054, -0.005143006818948409], [-0.003069548927024054, 0.005894192522443526, 0.00020549598217340314], [-0.00514300681894841, 0.00020549598217340314, 0.023806627505394758]], "chi2_level": 0.997, "chi2_df": 3, "chi2_threshold": 13.931422665512084, "N_raw": 88, "N_roi": 88, "N_inlier": 87, "refit": true}
{"timestamp": "12:05:08.598601", "frame": 85, "mu": [-1.219401814180841, 2.0509731034130216, 0.034531728364691136], "Sigma": [[0.025010515143963956, 0.0037309490964291324, -0.022279937464057008], [0.003730949096429131, 0.01326662570452239, -0.0032559758330992393], [-0.022279937464057008, -0.0032559758330992406, 0.021928082365739017]], "chi2_level": 0.997, "chi2_df": 3, "chi2_threshold": 13.931422665512084, "N_raw": 125, "N_roi": 125, "N_inlier": 107, "refit": true}
{"timestamp": "12:05:08.642183", "frame": 86, "mu": [-1.1228058388478013, 2.0541433294311386, 1.4595207449898304], "Sigma": [[0.014160533788043817, -0.007716727712717276, -0.013110684513492865], [-0.007716727712717276, 0.010900668395477169, 0.00760060845531651], [-0.013110684513492867, 0.007600608455316509, 0.013510972004367915]], "chi2_level": 0.997, "chi2_df": 3, "chi2_threshold": 13.931422665512084, "N_raw": 53, "N_roi": 53, "N_inlier": 50, "refit": true}
{"timestamp": "12:05:08.700974", "frame": 87, "mu": [-1.2151557985909593, 2.0536210597014137, 1.2965700393350625], "Sigma": [[0.015964923559617164, -0.004672645504957296, -0.01016908751758544], [-0.004672645504957296, 0.020797299595543196, 0.04448717403919049], [-0.010169087517585438, 0.04448717403919049, 0.17908385537593344]], "chi2_level": 0.997, "chi2_df": 3, "chi2_threshold": 13.931422665512084, "N_raw": 81, "N_roi": 81, "N_inlier": 79, "refit": true}
{"timestamp": "12:05:08.751238", "frame": 88, "mu": [-1.0751719010876704, 2.1474108489937893, 1.3846992389814183], "Sigma": [[0.00731486069470126, 0.00010784941905510545, -0.006454754073639152], [0.00010784941905510543, 0.006027551466478489, -0.0014099872584490433], [-0.006454754073639152, -0.0014099872584490431, 0.008713882424150792]], "chi2_level": 0.997, "chi2_df": 3, "chi2_threshold": 13.931422665512084, "N_raw": 48, "N_roi": 48, "N_inlier": 46, "refit": true}
{"timestamp": "12:05:08.806417", "frame": 89, "mu": [-1.0980275120758756, 2.0884558061454666, 1.224125140517262], "Sigma": [[0.010220740565013488, 0.00023861835331674908, 0.005476783246105064], [0.00023861835331674875, 0.003222002122360867, -0.0005040672111600389], [0.005476783246105063, -0.0005040672111600386, 0.06263659333510675]], "chi2_level": 0.997, "chi2_df": 3, "chi2_threshold": 13.931422665512084, "N_raw": 43, "N_roi": 43, "N_inlier": 40, "refit": true}
