{"timestamp": "12:02:09.963981", "frame": 23, "mu": [-2.43568273146053, 0.8555967750008344, 0.7113238870461405], "Sigma": [[0.00225806402068038, 0.002764957730757669, -0.00030909996856930475], [0.002764957730757669, 0.004828533002117136, -0.001489634918516245], [-0.00030909996856930475, -0.001489634918516245, 0.005490581917105509]], "chi2_level": 0.997, "chi2_df": 3, "chi2_threshold": 13.931422665512084, "N_raw": 27, "N_roi": 14, "N_inlier": 13, "refit": true}
{"timestamp": "12:02:10.180618", "frame": 27, "mu": [-2.0630895370858937, 0.8269450294410776, 0.8981601992947579], "Sigma": [[0.6114429563633507, -0.2200854951005596, 0.24823942193574194], [-0.22008549510055958, 0.08259208735592997, -0.09069742078848925], [0.24823942193574192, -0.09069742078848925, 0.1013253276024276]], "chi2_level": 0.997, "chi2_df": 3, "chi2_threshold": 13.931422665512084, "N_raw": 10, "N_roi": 8, "N_inlier": 8, "refit": true}
{"timestamp": "12:02:10.240739", "frame": 28, "mu": [-2.360332045183607, 0.919796861123301, 0.9926857985662587], "Sigma": [[0.006865364010607822, 0.008612258843805608, -0.003091594396614465], [0.008612258843805606, 0.0204708102612583, -0.00999308605338589], [-0.003091594396614465, -0.00999308605338589, 0.00821690299878534]], "chi2_level": 0.997, "chi2_df": 3, "chi2_threshold": 13.931422665512084, "N_raw": 38, "N_roi": 35, "N_inlier": 35, "refit": true}
{"timestamp": "12:02:10.291177", "frame": 29, "mu": [-2.2964181955319143, 0.892806515697068, 1.01122076975163], "Sigma": [[0.004688695635657709, 0.00585711909882453, -0.003936654839070039], [0.00585711909882453, 0.018237451963676522, -0.0077677584965406485], [-0.003936654839070039, -0.007767758496540649, 0.005395660430101972]], "chi2_level": 0.997, "chi2_df": 3, "chi2_threshold": 13.931422665512084, "N_raw": 16, "N_roi": 16, "N_inlier": 16, "refit": true}
{"timestamp": "12:02:10.344995", "frame": 30, "mu": [-2.210878575681974, 1.0509050696257043, 1.1579501177230447], "Sigma": [[0.0046406516644686155, 0.0067581157636335985, -0.004071821191754607], [0.0067581157636335985, 0.009872601729616631, -0.0058616016722391265], [-0.004071821191754606, -0.0058616016722391265, 0.0038169014294544648]], "chi2_level": 0.997, "chi2_df": 3, "chi2_threshold": 13.931422665512084, "N_raw": 7, "N_roi": 7, "N_inlier": 7, "refit": true}
{"timestamp": "12:02:10.404211", "frame": 31, "mu": [-2.2518111522793207, 0.9879428897643521, 1.1280086649298087], "Sigma": [[0.007437185358496338, 0.006846136897448152, -0.0033960841586817892], [0.0068461368974481514, 0.017385254768021115, -0.005808141000137679], [-0.0033960841586817892, -0.00580814100013768, 0.003551817500244445]], "chi2_level": 0.997, "chi2_df": 3, "chi2_threshold": 13.931422665512084, "N_raw": 33, "N_roi": 32, "N_inlier": 31, "refit": true}
{"timestamp": "12:02:10.457699", "frame": 32, "mu": [-2.1711575603566953, 0.997954280230283, 1.0913362874829953], "Sigma": [[0.0043939924861533695, 0.004464754593021263, -0.0037370951018850904], [0.004464754593021263, 0.008481846056030898, -0.004544222671657347], [-0.003737095101885091, -0.004544222671657347, 0.00416335029787679]], "chi2_level": 0.997, "chi2_df": 3, "chi2_threshold": 13.931422665512084, "N_raw": 18, "N_roi": 18, "N_inlier": 17, "refit": true}
{"timestamp": "12:02:10.514789", "frame": 33, "mu": [-2.212193738591764, 1.2668097994746168, -0.5723737592033585], "Sigma": [[0.0069561803109521704, 0.0037693945198152773, -0.0028347416227598823], [0.0037693945198152773, 0.01252979332090933, 0.00013719223026799983], [-0.0028347416227598827, 0.00013719223026799983, 0.0030585552348044082]], "chi2_level": 0.997, "chi2_df": 3, "chi2_threshold": 13.931422665512084, "N_raw": 31, "N_roi": 31, "N_inlier": 31, "refit": true}
{"timestamp": "12:02:10.565903", "frame": 34, "mu": [-2.0975794247542234, 0.9218664500910649, 1.0109866436311181], "Sigma": [[0.0032653463437556174, 0.0031196301811751872, -0.0018908011579311058], [0.0031196301811751872, 0.004640674577336748, -0.0026668648467501757], [-0.001890801157931106, -0.0026668648467501757, 0.0030233291035849505]], "chi2_level": 0.997, "chi2_df": 3, "chi2_threshold": 13.931422665512084, "N_raw": 14, "N_roi": 14, "N_inlier": 14, "refit": true}
{"timestamp": "12:02:10.628232", "frame": 35, "mu": [-2.179471160061795, 0.9794294841378871, 1.1150752957901842], "Sigma": [[0.01229298904555239, 0.009878549914999576, -0.0037012170930088477], [0.009878549914999576, 0.021925022591719676, -0.011193625961169379], [-0.0037012170930088477, -0.011193625961169379, 0.01027122605891066]], "chi2_level": 0.997, "chi2_df": 3, "chi2_threshold": 13.931422665512084, "N_raw": 64, "N_roi": 64, "N_inlier": 64, "refit": true}
{"timestamp": "12:02:10.681862", "frame": 36, "mu": [-2.13475294650891, 1.0093930231992432, 1.1205732084476032], "Sigma": [[0.006699851597806836, 0.006742591931461598, -0.004027603227826514], [0.006742591931461598, 0.01211654779814673, -0.007536713415007322], [-0.004027603227826514, -0.007536713415007322, 0.005621602550693818]], "chi2_level": 0.997, "chi2_df": 3, "chi2_threshold": 13.931422665512084, "N_raw": 31, "N_roi": 31, "N_inlier": 31, "refit": true}
{"timestamp": "12:02:10.741274", "frame": 37, "mu": [-2.165224685893873, 1.0746596967972095, 1.1908694610553183], "Sigma": [[0.015595834540145211, 0.014312986940363042, -0.006146632631842147], [0.014312986940363042, 0.022899507351936493, -0.011635682656810864], [-0.006146632631842147, -0.011635682656810864, 0.011596144673595902]], "chi2_level": 0.997, "chi2_df": 3, "chi2_threshold": 13.931422665512084, "N_raw": 67, "N_roi": 67, "N_inlier": 65, "refit": true}
{"timestamp": "12:02:10.795588", "frame": 38, "mu": [-2.1197429372243053, 1.161745939406778, 1.2449193879752583], "Sigma": [[0.010163205844644661, 0.004899848023806963, -0.007152844185792738], [0.004899848023806963, 0.020080682470282028, -0.004958637286139546], [-0.007152844185792737, -0.004958637286139546, 0.0055181693038119746]], "chi2_level": 0.997, "chi2_df": 3, "chi2_threshold": 13.931422665512084, "N_raw": 53, "N_roi": 53, "N_inlier": 53, "refit": true}
{"timestamp": "12:02:10.846725", "frame": 39, "mu": [-2.0744056062684244, 1.3496048191281391, -0.5128384141810663], "Sigma": [[0.007320880409596595, 0.0058593397480531835, -0.004117984621630909], [0.0058593397480531835, 0.01327650816972436, -0.001595397415168935], [-0.004117984621630908, -0.0015953974151689352, 0.0032360361551304426]], "chi2_level": 0.997, "chi2_df": 3, "chi2_threshold": 13.931422665512084, "N_raw": 34, "N_roi": 34, "N_inlier": 33, "refit": true}
{"timestamp": "12:02:10.905303", "frame": 40, "mu": [-2.0630401911200713, 1.2363035197522685, 1.1978674380398542], "Sigma": [[0.012884483058818202, 0.00629260540997263, -0.007841006194754321], [0.00629260540997263, 0.019090528049979134, -0.004292721409882842], [-0.007841006194754321, -0.004292721409882842, 0.006341126562704374]], "chi2_level": 0.997, "chi2_df": 3, "chi2_threshold": 13.931422665512084, "N_raw": 62, "N_roi": 62, "N_inlier": 61, "refit": true}
{"timestamp": "12:02:10.955455", "frame": 41, "mu": [-2.008591599389515, 1.284919866036283, -0.6931284948479017], "Sigma": [[0.007772167010289495, 0.014838935812695126, 0.0065345191383376945], [0.014838935812695127, 0.035674748956300864, 0.01804647051191108], [0.0065345191383376945, 0.01804647051191108, 0.018341484716840998]], "chi2_level": 0.997, "chi2_df": 3, "chi2_threshold": 13.931422665512084, "N_raw": 23, "N_roi": 23, "N_inlier": 23, "refit": true}
{"timestamp": "12:02:11.015124", "frame": 42, "mu": [-2.0719074512461555, 1.3644400125387703, 1.3021335447193478], "Sigma": [[0.014127577683242059, 0.007743538349333055, -0.009012461871446054], [0.007743538349333055, 0.017883108407999723, -0.006961346411126763], [-0.009012461871446054, -0.006961346411126763, 0.007401825697827434]], "chi2_level": 0.997, "chi2_df": 3, "chi2_threshold": 13.931422665512084, "N_raw": 64, "N_roi": 64, "N_inlier": 64, "refit": true}
{"timestamp": "12:02:11.068835", "frame": 43, "mu": [-2.0199302741841096, 1.392870909947171, 1.2924214086893258], "Sigma": [[0.00724357614696089, 0.0018654270961426388, -0.00609738503840267], [0.0018654270961426388, 0.015079893810189043, 0.0012105202192372402], [-0.00609738503840267, 0.0012105202192372404, 0.017307160536156198]], "chi2_level": 0.997, "chi2_df": 3, "chi2_threshold": 13.931422665512084, "N_raw": 44, "N_roi": 44, "N_inlier": 41, "refit": true}
{"timestamp": "12:02:11.120540", "frame": 44, "mu": [-2.0367631292780977, 1.443053441859367, 1.0590888195915114], "Sigma": [[0.013164426874768285, 0.010113001685208218, -0.0021676615295165556], [0.010113001685208216, 0.01869573644261232, -0.011421753765253662], [-0.0021676615295165565, -0.011421753765253662, 0.01723239701082118]], "chi2_level": 0.997, "chi2_df": 3, "chi2_threshold": 13.931422665512084, "N_raw": 22, "N_roi": 22, "N_inlier": 21, "refit": true}
{"timestamp": "12:02:11.174637", "frame": 45, "mu": [-1.876091067354989, 1.8348461849562834, 0.6609775737629074], "Sigma": [[0.005925430808342629, -0.011427577295425748, -0.0096561130216365], [-0.011427577295425748, 0.055669319709889475, -0.017618059577457792], [-0.0096561130216365, -0.017618059577457795, 0.06772109582441183]], "chi2_level": 0.997, "chi2_df": 3, "chi2_threshold": 13.931422665512084, "N_raw": 7, "N_roi": 7, "N_inlier": 7, "refit": true}
{"timestamp": "12:02:11.228268", "frame": 46, "mu": [-1.9045129261958789, 1.5652664299882821, 1.049691378479157], "Sigma": [[0.02460440982870278, 0.02088326165224728, -0.04059882553501833], [0.02088326165224728, 0.018994208748121844, -0.038687333796138534], [-0.04059882553501833, -0.038687333796138534, 0.09809644470754161]], "chi2_level": 0.997, "chi2_df": 3, "chi2_threshold": 13.931422665512084, "N_raw": 11, "N_roi": 11, "N_inlier": 11, "refit": true}
{"timestamp": "12:02:11.286690", "frame": 47, "mu": [-1.9189779358619594, 1.56193608543985, 1.3180292969470508], "Sigma": [[0.028175534761231316, 0.02197469268815927, -0.06124881849174002], [0.02197469268815927, 0.03163987550023666, -0.04742641392099334], [-0.06124881849174002, -0.04742641392099334, 0.157329646475331]], "chi2_level": 0.997, "chi2_df": 3, "chi2_threshold": 13.931422665512084, "N_raw": 30, "N_roi": 30, "N_inlier": 30, "refit": true}
{"timestamp": "12:02:11.339202", "frame": 48, "mu": [-1.7308907208661686, 1.7532947094389448, 0.9568995513898213], "Sigma": [[0.051425470102859784, 0.04472514538371938, -0.10688072519787103], [0.04472514538371938, 0.0440765450906285, -0.10270517740081113], [-0.10688072519787103, -0.10270517740081112, 0.32168474157978527]], "chi2_level": 0.997, "chi2_df": 3, "chi2_threshold": 13.931422665512084, "N_raw": 13, "N_roi": 13, "N_inlier": 12, "refit": true}
{"timestamp": "12:02:11.393154", "frame": 49, "mu": [-1.5149334862378823, 2.3313509537881365, -0.7490197206326346], "Sigma": [[0.025019720615208088, 0.038064973994159104, -0.09781825256099483], [0.038064973994159104, 0.08914989855393629, -0.16958635941195366], [-0.09781825256099483, -0.16958635941195363, 0.4067340847489738]], "chi2_level": 0.997, "chi2_df": 3, "chi2_threshold": 13.931422665512084, "N_raw": 7, "N_roi": 7, "N_inlier": 7, "refit": true}
{"timestamp": "12:02:11.448269", "frame": 50, "mu": [-1.450274890862851, 1.9764621507715603, -0.14100792057427658], "Sigma": [[0.24191096352253805, -0.2890817746116471, 0.054708453360003136], [-0.2890817746116471, 0.3836498273380693, -0.11652046482675948], [0.054708453360003136, -0.11652046482675948, 0.09554618545037886]], "chi2_level": 0.997, "chi2_df": 3, "chi2_threshold": 13.931422665512084, "N_raw": 7, "N_roi": 7, "N_inlier": 7, "refit": true}
{"timestamp": "12:02:11.504108", "frame": 51, "mu": [-1.5962518001179837, 1.9178631978174911, 1.3922511277235412], "Sigma": [[0.005529946366138861, 0.0005721568658855812, -0.0039705382449554015], [0.000572156865885581, 0.003483720525574075, 0.00043189337163452885], [-0.003970538244955401, 0.000431893371634529, 0.0033838849467630935]], "chi2_level": 0.997, "chi2_df": 3, "chi2_threshold": 13.931422665512084, "N_raw": 20, "N_roi": 20, "N_inlier": 20, "refit": true}
{"timestamp": "12:02:11.560335", "frame": 52, "mu": [-1.5402311100476918, 1.9834478536247735, 1.3624015543581116], "Sigma": [[0.008769195569719786, -0.00029327444994777234, 0.009240087260307495], [-0.00029327444994777256, 0.005235103873925609, 0.011118305299211331], [0.009240087260307495, 0.011118305299211331, 0.10180388264266124]], "chi2_level": 0.997, "chi2_df": 3, "chi2_threshold": 13.931422665512084, "N_raw": 26, "N_roi": 26, "N_inlier": 25, "refit": true}
{"timestamp": "12:02:11.620848", "frame": 53, "mu": [-1.4684664900746065, 2.092284168008971, 1.5826009732884985], "Sigma": [[0.008847286934577809, 0.00017086321834061874, -0.008175585696026489], [0.00017086321834061842, 0.011367207602036212, 0.004027744596073725], [-0.008175585696026489, 0.004027744596073724, 0.01807267579832464]], "chi2_level": 0.997, "chi2_df": 3, "chi2_threshold": 13.931422665512084, "N_raw": 58, "N_roi": 58, "N_inlier": 55, "refit": true}
{"timestamp": "12:02:11.674791", "frame": 54, "mu": [-1.4229772655684676, 2.0671065600421197, 1.4861119444138549], "Sigma": [[0.011168136523769504, -0.00021541411596023464, -0.01054471849505822], [-0.0002154141159602347, 0.008120167436567592, 0.0051463588719360435], [-0.01054471849505822, 0.005146358871936043, 0.015442203572921375]], "chi2_level": 0.997, "chi2_df": 3, "chi2_threshold": 13.931422665512084, "N_raw": 50, "N_roi": 50, "N_inlier": 49, "refit": true}
{"timestamp": "12:02:11.727488", "frame": 55, "mu": [-1.3196073804425335, 2.041878089308383, 1.3313840886362796], "Sigma": [[0.007776810274428579, 0.0001525869066959769, -0.00792017453059063], [0.00015258690669597694, 0.0055615367044180315, 0.0023682539662347618], [-0.00792017453059063, 0.002368253966234762, 0.010389804260044827]], "chi2_level": 0.997, "chi2_df": 3, "chi2_threshold": 13.931422665512084, "N_raw": 39, "N_roi": 39, "N_inlier": 36, "refit": true}
{"timestamp": "12:02:11.782361", "frame": 56, "mu": [-1.319700473125597, 2.1139445604500793, 1.2365295208540406], "Sigma": [[0.006527241498640157, 0.0008540915163710945, -0.007867280964993019], [0.0008540915163710944, 0.005650371765878225, -0.003173988071372629], [-0.007867280964993019, -0.003173988071372629, 0.1107612519315904]], "chi2_level": 0.997, "chi2_df": 3, "chi2_threshold": 13.931422665512084, "N_raw": 38, "N_roi": 38, "N_inlier": 37, "refit": true}
{"timestamp": "12:02:11.840184", "frame": 57, "mu": [-1.2414100093533993, 2.1974176642128485, 1.3142980956859656], "Sigma": [[0.007852382208201341, 0.0009967419264102332, -0.0034984016992052345], [0.000996741926410233, 0.011525955615964102, 0.013051913135821012], [-0.0034984016992052345, 0.013051913135821009, 0.06476274003965113]], "chi2_level": 0.997, "chi2_df": 3, "chi2_threshold": 13.931422665512084, "N_raw": 50, "N_roi": 50, "N_inlier": 47, "refit": true}
{"timestamp": "12:02:11.892950", "frame": 58, "mu": [-1.22207898206767, 2.181596671131503, 1.1960066196286734], "Sigma": [[0.025579413116614172, -0.007662070343626717, 0.014477884113477444], [-0.007662070343626717, 0.00886391047805552, -0.008582997692452778], [0.014477884113477444, -0.008582997692452778, 0.06634748375585106]], "chi2_level": 0.997, "chi2_df": 3, "chi2_threshold": 13.931422665512084, "N_raw": 35, "N_roi": 35, "N_inlier": 33, "refit": true}
{"timestamp": "12:02:11.953703", "frame": 59, "mu": [-1.2147597707739264, 2.297137727982755, 1.3769478852090262], "Sigma": [[0.017054782841870196, -0.005042725232758992, -0.009151763844284835], [-0.005042725232758992, 0.014898855106522828, 0.0024757246227620783], [-0.009151763844284835, 0.0024757246227620796, 0.1379523334771685]], "chi2_level": 0.997, "chi2_df": 3, "chi2_threshold": 13.931422665512084, "N_raw": 74, "N_roi": 74, "N_inlier": 72, "refit": true}
{"timestamp": "12:02:12.009159", "frame": 60, "mu": [-1.1645836969487666, 2.3920063784416317, 1.3627331683314274], "Sigma": [[0.016096160845959412, -0.003211878244015069, -0.0023668122310414367], [-0.003211878244015069, 0.012530761760870385, 0.0053024612159726404], [-0.0023668122310414367, 0.0053024612159726404, 0.1267715447611846]], "chi2_level": 0.997, "chi2_df": 3, "chi2_threshold": 13.931422665512084, "N_raw": 75, "N_roi": 75, "N_inlier": 72, "refit": true}
{"timestamp": "12:02:12.064609", "frame": 61, "mu": [-1.1597318663377103, 2.451319507391702, 1.2447541662444952], "Sigma": [[0.017890703950984188, 0.0023975436239471065, 0.015428274500281648], [0.002397543623947106, 0.01582392767973976, 0.04409841719922092], [0.015428274500281645, 0.04409841719922091, 0.35162055636726086]], "chi2_level": 0.997, "chi2_df": 3, "chi2_threshold": 13.931422665512084, "N_raw": 85, "N_roi": 84, "N_inlier": 84, "refit": true}
{"timestamp": "12:02:12.117060", "frame": 62, "mu": [-1.1160927699641932, 2.521128495349766, 1.2628757347414405], "Sigma": [[0.013546388178874122, 0.0011238788905789728, 0.005991965791814817], [0.0011238788905789734, 0.00748209343563783, 0.02090840220382888], [0.005991965791814815, 0.02090840220382888, 0.4055909462286708]], "chi2_level": 0.997, "chi2_df": 3, "chi2_threshold": 13.931422665512084, "N_raw": 68, "N_roi": 68, "N_inlier": 67, "refit": true}
{"timestamp": "12:02:12.170472", "frame": 63, "mu": [-1.088942925752958, 2.5698761556567726, 1.3730619510868953], "Sigma": [[0.009410347174786391, 0.0011367602369496024, -0.005213090619192161], [0.0011367602369496026, 0.011464922077135288, 0.041393368370511725], [-0.005213090619192161, 0.041393368370511725, 0.2988383434831305]], "chi2_level": 0.997, "chi2_df": 3, "chi2_threshold": 13.931422665512084, "N_raw": 56, "N_roi": 56, "N_inlier": 55, "refit": true}
{"timestamp": "12:02:12.232573", "frame": 64, "mu": [-1.0198439026602635, 2.541110717578349, 1.1830935211495979], "Sigma": [[0.014691266513175994, -0.0005782964886241718, -0.0013687217854078532], [-0.000578296488624172, 0.012831759211512972, 0.016709403533415768], [-0.0013687217854078527, 0.016709403533415768, 0.20139885766247548]], "chi2_level": 0.997, "chi2_df": 3, "chi2_threshold": 13.931422665512084, "N_raw": 107, "N_roi": 107, "N_inlier": 107, "refit": true}
{"timestamp": "12:02:12.286647", "frame": 65, "mu": [-0.9777110239647843, 2.608635924354183, 1.1561783017489478], "Sigma": [[0.012797598158152448, -0.0021887766431819503, -0.003201183877218354], [-0.0021887766431819508, 0.010362142219806482, 0.0071140598112498996], [-0.003201183877218354, 0.0071140598112498996, 0.19728750543763093]], "chi2_level": 0.997, "chi2_df": 3, "chi2_threshold": 13.931422665512084, "N_raw": 91, "N_roi": 91, "N_inlier": 91, "refit": true}
{"timestamp": "12:02:12.339865", "frame": 66, "mu": [-0.9236560499342104, 2.627968900559363, 1.2759110236857412], "Sigma": [[0.014832225110190701, -0.004642801064727975, -0.021704895258869702], [-0.004642801064727975, 0.013945367679823054, 0.004378742207131936], [-0.021704895258869702, 0.004378742207131935, 0.08151474262893489]], "chi2_level": 0.997, "chi2_df": 3, "chi2_threshold": 13.931422665512084, "N_raw": 84, "N_roi": 84, "N_inlier": 81, "refit": true}
{"timestamp": "12:02:12.391155", "frame": 67, "mu": [-0.9216335705532059, 2.785992548574708, -0.12786250701470867], "Sigma": [[0.012443786390477725, 0.001059642290836737, 0.015765375144192875], [0.0010596422908367368, 0.027239748458174798, 0.02010590279505616], [0.015765375144192875, 0.02010590279505616, 0.09253296159863263]], "chi2_level": 0.997, "chi2_df": 3, "chi2_threshold": 13.931422665512084, "N_raw": 56, "N_roi": 56, "N_inlier": 55, "refit": true}
{"timestamp": "12:02:12.439686", "frame": 68, "mu": [-0.8738941858309042, 2.7393273647407255, 1.358042422057491], "Sigma": [[0.003935660079570468, -6.297210326104886e-05, -0.0012533735069634561], [-6.297210326104875e-05, 0.0034115008012256054, -0.0006777831490069379], [-0.0012533735069634561, -0.0006777831490069379, 0.000945135088958344]], "chi2_level": 0.997, "chi2_df": 3, "chi2_threshold": 13.931422665512084, "N_raw": 15, "N_roi": 15, "N_inlier": 14, "refit": true}
{"timestamp": "12:02:12.500430", "frame": 69, "mu": [-0.8143060477985189, 2.785021013118229, 1.4144259770942138], "Sigma": [[0.009813872641048289, -0.0015309355865080077, -0.01015597698092194], [-0.0015309355865080077, 0.011298160641882387, 0.00880500452514108], [-0.01015597698092194, 0.00880500452514108, 0.018921476337879422]], "chi2_level": 0.997, "chi2_df": 3, "chi2_threshold": 13.931422665512084, "N_raw": 61, "N_roi": 59, "N_inlier": 59, "refit": true}
{"timestamp": "12:02:12.556289", "frame": 70, "mu": [-0.7572044683276314, 2.8188411265596245, 1.42125804283053], "Sigma": [[0.010135971393769318, -0.0016727689149042874, -0.008918223586045056], [-0.0016727689149042876, 0.010004068780363645, 0.00718518515161604], [-0.008918223586045056, 0.007185185151616039, 0.012726594445458742]], "chi2_level": 0.997, "chi2_df": 3, "chi2_threshold": 13.931422665512084, "N_raw": 61, "N_roi": 61, "N_inlier": 57, "refit": true}
{"timestamp": "12:02:12.616883", "frame": 71, "mu": [-0.8271950260425731, 2.821755888421623, 0.9397685584825382], "Sigma": [[0.026395431661861618, 0.004071736852774429, 0.055952821310757364], [0.004071736852774429, 0.005903950003429999, 0.015980266642641835], [0.055952821310757364, 0.015980266642641835, 0.2993740100915246]], "chi2_level": 0.997, "chi2_df": 3, "chi2_threshold": 13.931422665512084, "N_raw": 96, "N_roi": 96, "N_inlier": 94, "refit": true}
{"timestamp": "12:02:12.670383", "frame": 72, "mu": [-0.7676378143177297, 2.841967320278769, 0.9820192094052574], "Sigma": [[0.03031433781099518, 0.002120910516795756, 0.06350587016740501], [0.002120910516795756, 0.005755052462253521, 0.014221660021656259], [0.06350587016740501, 0.014221660021656259, 0.3158512721673511]], "chi2_level": 0.997, "chi2_df": 3, "chi2_threshold": 13.931422665512084, "N_raw": 88, "N_roi": 87, "N_inlier": 86, "refit": true}
{"timestamp": "12:02:12.727245", "frame": 73, "mu": [-0.757253072269846, 2.8967513258358224, 0.8894799741713693], "Sigma": [[0.035692207283517484, 0.0196954834825594, 0.08773784989292967], [0.0196954834825594, 0.022328714118693995, 0.09012832585104852], [0.08773784989292967, 0.09012832585104852, 0.5226239343306754]], "chi2_level": 0.997, "chi2_df": 3, "chi2_threshold": 13.931422665512084, "N_raw": 99, "N_roi": 99, "N_inlier": 99, "refit": true}
{"timestamp": "12:02:12.776524", "frame": 74, "mu": [-0.807163083078361, 2.9538868221621843, 0.2881803732947896], "Sigma": [[0.024219466270945532, 0.0031770969758214227, -0.002233263907723982], [0.0031770969758214227, 0.0022934367359250707, 0.005524476294828599], [-0.0022332639077239803, 0.005524476294828599, 0.15688799163609612]], "chi2_level": 0.997, "chi2_df": 3, "chi2_threshold": 13.931422665512084, "N_raw": 59, "N_roi": 59, "N_inlier": 58, "refit": true}
{"timestamp": "12:02:12.838213", "frame": 75, "mu": [-0.6091801596835945, 3.033896618595306, 0.8634930033349014], "Sigma": [[0.023601894855104222, -0.0013512383991051277, 0.03952735924240949], [-0.0013512383991051277, 0.005817216199344962, -0.014259969866572225], [0.03952735924240949, -0.014259969866572225, 0.3549334600768596]], "chi2_level": 0.997, "chi2_df": 3, "chi2_threshold": 13.931422665512084, "N_raw": 104, "N_roi": 103, "N_inlier": 103, "refit": true}
{"timestamp": "12:02:12.891556", "frame": 76, "mu": [-0.5954163546314386, 3.1001667888421487, 0.8239816743452641], "Sigma": [[0.026495524775687597, -5.617336718070464e-05, 0.053878535177939633], [-5.617336718070475e-05, 0.004280927908314779, -0.006863676659284879], [0.053878535177939633, -0.006863676659284879, 0.33312155322713194]], "chi2_level": 0.997, "chi2_df": 3, "chi2_threshold": 13.931422665512084, "N_raw": 95, "N_roi": 94, "N_inlier": 93, "refit": true}
{"timestamp": "12:02:12.948940", "frame": 77, "mu": [-0.4847695676724075, 3.1317002930090303, 1.1685311539260956], "Sigma": [[0.016937177106345402, -0.0025985524199061217, 0.014375262562237697], [-0.0025985524199061212, 0.006286685360950039, -0.0005663400440948565], [0.014375262562237697, -0.0005663400440948568, 0.3718423794002324]], "chi2_level": 0.997, "chi2_df": 3, "chi2_threshold": 13.931422665512084, "N_raw": 82, "N_roi": 78, "N_inlier": 78, "refit": true}
{"timestamp": "12:02:12.997177", "frame": 78, "mu": [-0.4093847236932815, 3.1343197358526056, 1.3303433980141408], "Sigma": [[0.01866667867378402, -0.004071696378920553, -0.005539672478728617], [-0.004071696378920553, 0.013013272674621995, 0.01394333964652902], [-0.005539672478728617, 0.013943339646529019, 0.12617452413400052]], "chi2_level": 0.997, "chi2_df": 3, "chi2_threshold": 13.931422665512084, "N_raw": 63, "N_roi": 61, "N_inlier": 58, "refit": true}
{"timestamp": "12:02:13.054907", "frame": 79, "mu": [-0.4195550290111293, 3.1738223829372814, 1.0282388704718033], "Sigma": [[0.020250379298237996, -0.00493486228790047, 0.025089758881351856], [-0.004934862287900471, 0.005847866336776322, -0.0161022239458354], [0.025089758881351856, -0.016102223945835395, 0.19150956732797125]], "chi2_level": 0.997, "chi2_df": 3, "chi2_threshold": 13.931422665512084, "N_raw": 82, "N_roi": 82, "N_inlier": 81, "refit": true}
{"timestamp": "12:02:13.107667", "frame": 80, "mu": [-0.45253601032886315, 3.314109720957042, 1.432783370028294], "Sigma": [[0.0239759927934049, -0.00222876840202258, 0.0035348187880110717], [-0.00222876840202258, 0.0038504630165035747, -0.006511295112447161], [0.0035348187880110717, -0.006511295112447161, 0.055299627715991034]], "chi2_level": 0.997, "chi2_df": 3, "chi2_threshold": 13.931422665512084, "N_raw": 68, "N_roi": 68, "N_inlier": 64, "refit": true}
{"timestamp": "12:02:13.159122", "frame": 81, "mu": [-0.37512955235890527, 3.3637459748562724, -0.13690518393036513], "Sigma": [[0.020984670531168505, 0.0010067967633553563, 0.04953551986694809], [0.001006796763355356, 0.0038313618778290986, 0.005089453576826582], [0.04953551986694809, 0.005089453576826582, 0.20480352852417544]], "chi2_level": 0.997, "chi2_df": 3, "chi2_threshold": 13.931422665512084, "N_raw": 46, "N_roi": 45, "N_inlier": 44, "refit": true}
{"timestamp": "12:02:13.222774", "frame": 82, "mu": [-0.39914557159010033, 3.3897633033690298, 1.4034194359347043], "Sigma": [[0.041284833410333996, -0.018122816498909615, 0.006390098818918794], [-0.018122816498909615, 0.016813489728466368, -0.0069992015853289685], [0.006390098818918794, -0.006999201585328968, 0.018648001287741297]], "chi2_level": 0.997, "chi2_df": 3, "chi2_threshold": 13.931422665512084, "N_raw": 102, "N_roi": 102, "N_inlier": 97, "refit": true}
{"timestamp": "12:02:13.274151", "frame": 83, "mu": [-0.2811244946599135, 3.4591508086126215, -0.04500247554338864], "Sigma": [[0.020949938372276256, -0.001956071795695153, 0.04956437738999727], [-0.001956071795695153, 0.009847915723627844, 0.003674843226859276], [0.04956437738999727, 0.003674843226859277, 0.19193794385992166]], "chi2_level": 0.997, "chi2_df": 3, "chi2_threshold": 13.931422665512084, "N_raw": 77, "N_roi": 77, "N_inlier": 73, "refit": true}
{"timestamp": "12:02:13.325743", "frame": 84, "mu": [-0.21696556382944418, 3.5090905039980953, 1.533161612447608], "Sigma": [[0.016752023106101986, -0.001386412162202523, -0.007196131506918956], [-0.0013864121622025227, 0.007301081527821594, 0.004625217834575328], [-0.007196131506918956, 0.004625217834575328, 0.00720788316814613]], "chi2_level": 0.997, "chi2_df": 3, "chi2_threshold": 13.931422665512084, "N_raw": 50, "N_roi": 50, "N_inlier": 50, "refit": true}
{"timestamp": "12:02:13.384752", "frame": 85, "mu": [-0.20526583404850268, 3.557851676003273, 1.1772474774466846], "Sigma": [[0.01882821237419483, -0.0025603476232854776, -0.01108310641338003], [-0.002560347623285478, 0.00712258507257769, 0.019254736974307615], [-0.011083106413380029, 0.01925473697430762, 0.5518398480112287]], "chi2_level": 0.997, "chi2_df": 3, "chi2_threshold": 13.931422665512084, "N_raw": 83, "N_roi": 83, "N_inlier": 83, "refit": true}
{"timestamp": "12:02:13.440082", "frame": 86, "mu": [-0.14088750087010596, 3.6455306782228405, 0.18127407929762657], "Sigma": [[0.01863472582162075, -0.005785117628358994, 0.010003851046921981], [-0.005785117628358995, 0.026933680113521347, -0.07896409207572354], [0.010003851046921983, -0.07896409207572354, 0.32482105823383145]], "chi2_level": 0.997, "chi2_df": 3, "chi2_threshold": 13.931422665512084, "N_raw": 80, "N_roi": 80, "N_inlier": 80, "refit": true}
{"timestamp": "12:02:13.484422", "frame": 87, "mu": [-0.09588757667036236, 3.6163258119539536, 0.9227672898173535], "Sigma": [[0.0004478124838743447, -0.0010062817018701843, 0.005405961500242266], [-0.0010062817018701843, 0.0059744232233643205, -0.016216576658460317], [0.005405961500242267, -0.016216576658460317, 0.4286602474279783]], "chi2_level": 0.997, "chi2_df": 3, "chi2_threshold": 13.931422665512084, "N_raw": 10, "N_roi": 10, "N_inlier": 10, "refit": true}
{"timestamp": "12:02:13.546286", "frame": 88, "mu": [-0.034557370301695436, 3.6205869776516844, 1.4863059967274614], "Sigma": [[0.016169079017090502, -0.0026261029385486723, -0.0059613617251359574], [-0.0026261029385486723, 0.00924097284916092, 0.004209017504022103], [-0.005961361725135957, 0.004209017504022103, 0.05743567601391109]], "chi2_level": 0.997, "chi2_df": 3, "chi2_threshold": 13.931422665512084, "N_raw": 63, "N_roi": 63, "N_inlier": 61, "refit": true}
{"timestamp": "12:02:13.602144", "frame": 89, "mu": [-0.01689132566311202, 3.6538434581023784, 1.2260707612430766], "Sigma": [[0.018652943133874215, -0.001139337779191798, 0.006458953527606113], [-0.0011393377791917981, 0.0064162145869281215, 0.012051388729734953], [0.006458953527606116, 0.012051388729734953, 0.3518834443506905]], "chi2_level": 0.997, "chi2_df": 3, "chi2_threshold": 13.931422665512084, "N_raw": 66, "N_roi": 66, "N_inlier": 66, "refit": true}
{"timestamp": "12:02:13.653938", "frame": 90, "mu": [0.01352964889484884, 3.750027591010473, 1.5152270123259641], "Sigma": [[0.014770022787188523, -0.001525028506040949, 0.0006097158176178816], [-0.001525028506040949, 0.005438209167133711, 0.003472948537011858], [0.0006097158176178821, 0.003472948537011859, 0.09432747619860524]], "chi2_level": 0.997, "chi2_df": 3, "chi2_threshold": 13.931422665512084, "N_raw": 43, "N_roi": 42, "N_inlier": 40, "refit": true}
{"timestamp": "12:02:13.715532", "frame": 91, "mu": [-0.004698456054857595, 3.7262041628855918, 1.1708583026308574], "Sigma": [[0.015544948245065813, -0.0028213117980932395, 0.011151802844861638], [-0.002821311798093239, 0.006798179728890494, -0.008558812839870852], [0.011151802844861638, -0.008558812839870852, 0.13205272537104362]], "chi2_level": 0.997, "chi2_df": 3, "chi2_threshold": 13.931422665512084, "N_raw": 87, "N_roi": 87, "N_inlier": 85, "refit": true}
{"timestamp": "12:02:13.765426", "frame": 92, "mu": [-0.06698479476893712, 3.7446957651977772, 0.636804947588761], "Sigma": [[0.02569247341219311, -0.0030685537679485658, 0.02101604438847451], [-0.0030685537679485658, 0.0034647459221971936, -0.0013525731076095451], [0.02101604438847451, -0.0013525731076095453, 0.123054660124086]], "chi2_level": 0.997, "chi2_df": 3, "chi2_threshold": 13.931422665512084, "N_raw": 53, "N_roi": 50, "N_inlier": 50, "refit": true}
{"timestamp": "12:02:13.819916", "frame": 93, "mu": [0.006616870725586588, 3.786248917163484, 0.77659987568043], "Sigma": [[0.02391227716315264, -0.002180479154901861, 0.03767094477955499], [-0.002180479154901861, 0.001310418069435928, -0.0017442011286731025], [0.03767094477955499, -0.001744201128673102, 0.152186937569148]], "chi2_level": 0.997, "chi2_df": 3, "chi2_threshold": 13.931422665512084, "N_raw": 38, "N_roi": 35, "N_inlier": 34, "refit": true}
{"timestamp": "12:02:13.871624", "frame": 94, "mu": [0.012172486355902797, 3.7972074993874925, 0.6467479762740224], "Sigma": [[0.02128778425566577, -0.0016321603602670763, 0.026734414711260472], [-0.0016321603602670763, 0.0036621025402902587, 0.0008729688418052275], [0.02673441471126048, 0.0008729688418052271, 0.13515935076077415]], "chi2_level": 0.997, "chi2_df": 3, "chi2_threshold": 13.931422665512084, "N_raw": 30, "N_roi": 28, "N_inlier": 28, "refit": true}
{"timestamp": "12:02:13.930956", "frame": 95, "mu": [0.13119393296269474, 3.8818118979034955, 1.1760704073319328], "Sigma": [[0.04549138664544136, -0.0003261135600199723, 0.07887670463384788], [-0.00032611356001997186, 0.0032171779202471605, 0.0046374564033104405], [0.07887670463384788, 0.0046374564033104405, 0.2463257682343025]], "chi2_level": 0.997, "chi2_df": 3, "chi2_threshold": 13.931422665512084, "N_raw": 61, "N_roi": 60, "N_inlier": 60, "refit": true}
{"timestamp": "12:02:13.986082", "frame": 96, "mu": [0.2627412105474539, 3.8897671054048435, 1.4847273358135735], "Sigma": [[0.018964692560214255, -0.0011174486687820608, -0.006293100699045311], [-0.0011174486687820606, 0.005986655430030535, -0.0010517699530055654], [-0.006293100699045311, -0.0010517699530055657, 0.00602851951685275]], "chi2_level": 0.997, "chi2_df": 3, "chi2_threshold": 13.931422665512084, "N_raw": 59, "N_roi": 56, "N_inlier": 55, "refit": true}
{"timestamp": "12:02:14.039624", "frame": 97, "mu": [0.3153476731237232, 3.975043081151859, 1.4734435976652092], "Sigma": [[0.014517424376608166, -0.003702227415822954, -0.012647221327733936], [-0.003702227415822953, 0.007143674429070958, -0.002887866252933106], [-0.012647221327733936, -0.002887866252933106, 0.12663886692352433]], "chi2_level": 0.997, "chi2_df": 3, "chi2_threshold": 13.931422665512084, "N_raw": 50, "N_roi": 50, "N_inlier": 49, "refit": true}
{"timestamp": "12:02:14.095084", "frame": 98, "mu": [0.35549998630705865, 4.013051588651481, 1.1983709256538362], "Sigma": [[0.01834018808719943, -0.0025283752322795275, -0.036263353640566286], [-0.0025283752322795275, 0.004312975606856435, -0.005174674879776546], [-0.03626335364056629, -0.0051746748797765465, 0.27981055003564004]], "chi2_level": 0.997, "chi2_df": 3, "chi2_threshold": 13.931422665512084, "N_raw": 57, "N_roi": 57, "N_inlier": 57, "refit": true}
{"timestamp": "12:02:14.147794", "frame": 99, "mu": [0.3846162628634894, 3.9525400341716526, 1.366840271404995], "Sigma": [[0.013437315471661618, -0.004908513472734081, 0.0038145551314863074], [-0.004908513472734081, 0.009630439065715752, -0.017605973755127867], [0.003814555131486307, -0.017605973755127867, 0.06542066601044456]], "chi2_level": 0.997, "chi2_df": 3, "chi2_threshold": 13.931422665512084, "N_raw": 37, "N_roi": 37, "N_inlier": 37, "refit": true}
{"timestamp": "12:02:14.302468", "frame": 100, "mu": [0.3795466068201414, 4.04683410948471, 1.1087391485932976], "Sigma": [[0.01775216779868847, -0.006240740351160937, -0.001254554695211936], [-0.006240740351160937, 0.007084350119027063, -0.013252464695021367], [-0.0012545546952119364, -0.013252464695021365, 0.05022708023608211]], "chi2_level": 0.997, "chi2_df": 3, "chi2_threshold": 13.931422665512084, "N_raw": 56, "N_roi": 56, "N_inlier": 56, "refit": true}
{"timestamp": "12:02:14.331425", "frame": 101, "mu": [0.3889380618201483, 4.071472546969705, 0.9921598539656198], "Sigma": [[0.002174617136639599, -0.002568803270451213, -0.00873242047387428], [-0.002568803270451213, 0.008338257309885829, -0.008762907480846911], [-0.00873242047387428, -0.008762907480846911, 0.1156318865574485]], "chi2_level": 0.997, "chi2_df": 3, "chi2_threshold": 13.931422665512084, "N_raw": 6, "N_roi": 6, "N_inlier": 6, "refit": true}
{"timestamp": "12:02:14.363060", "frame": 102, "mu": [0.43181279759461777, 4.0669392599546565, 1.0842084583346994], "Sigma": [[0.00737359207439064, -0.00432032654601434, -0.005349983556331815], [-0.004320326546014341, 0.005220142747143571, -0.008530547382501964], [-0.005349983556331816, -0.008530547382501964, 0.1877215098784781]], "chi2_level": 0.997, "chi2_df": 3, "chi2_threshold": 13.931422665512084, "N_raw": 17, "N_roi": 17, "N_inlier": 16, "refit": true}
{"timestamp": "12:02:14.394592", "frame": 103, "mu": [0.3714311180463411, 4.1872475169260825, 1.1319706920272037], "Sigma": [[0.029597782560630767, -0.017236256003898675, -0.014660182377492278], [-0.01723625600389867, 0.015686044875428726, 0.010579124266283043], [-0.014660182377492278, 0.010579124266283043, 0.012226932578519908]], "chi2_level": 0.997, "chi2_df": 3, "chi2_threshold": 13.931422665512084, "N_raw": 47, "N_roi": 47, "N_inlier": 46, "refit": true}
{"timestamp": "12:02:14.425532", "frame": 104, "mu": [0.44828327193823714, 4.160736375999632, 1.0765877805626647], "Sigma": [[0.016662607758132726, -0.0036865112821164326, -0.012340070776971222], [-0.0036865112821164326, 0.0029528752367344747, -0.003918639806926742], [-0.012340070776971222, -0.003918639806926742, 0.056390772064600025]], "chi2_level": 0.997, "chi2_df": 3, "chi2_threshold": 13.931422665512084, "N_raw": 44, "N_roi": 44, "N_inlier": 42, "refit": true}
{"timestamp": "12:02:14.479413", "frame": 105, "mu": [0.5001943511694138, 4.209798138835962, 1.1348458501304766], "Sigma": [[0.019997663495624266, -0.005173117301362503, -0.004309619282762822], [-0.005173117301362502, 0.004582647143379302, -0.0033914131218014706], [-0.004309619282762822, -0.003391413121801471, 0.011349000506233083]], "chi2_level": 0.997, "chi2_df": 3, "chi2_threshold": 13.931422665512084, "N_raw": 49, "N_roi": 48, "N_inlier": 47, "refit": true}
{"timestamp": "12:02:14.529497", "frame": 106, "mu": [0.48222423029248596, 4.012160012654008, 0.5074110151934674], "Sigma": [[0.010147425254022105, -0.033527570072138566, -0.04719502132161023], [-0.03352757007213857, 0.563839082433031, 0.7817309350422694], [-0.047195021321610235, 0.7817309350422694, 1.1271791486463678]], "chi2_level": 0.997, "chi2_df": 3, "chi2_threshold": 13.931422665512084, "N_raw": 16, "N_roi": 16, "N_inlier": 16, "refit": true}
{"timestamp": "12:02:14.584298", "frame": 107, "mu": [0.6093364541302037, 4.234233888614, 1.0597534108336648], "Sigma": [[0.006918000335414026, -0.001067424167508003, 0.011510627269073046], [-0.001067424167508003, 0.0010786966609520616, -0.005011290066847063], [0.011510627269073046, -0.005011290066847064, 0.05646619602588103]], "chi2_level": 0.997, "chi2_df": 3, "chi2_threshold": 13.931422665512084, "N_raw": 14, "N_roi": 14, "N_inlier": 14, "refit": true}
{"timestamp": "12:02:14.638224", "frame": 108, "mu": [0.7108619005312385, 4.351163943269345, 1.1431222445787785], "Sigma": [[0.0018407845581643004, -0.003238920551591538, 0.008418924377229423], [-0.003238920551591538, 0.009398112922692346, -0.022895333533767225], [0.008418924377229423, -0.02289533353376723, 0.18099194773929675]], "chi2_level": 0.997, "chi2_df": 3, "chi2_threshold": 13.931422665512084, "N_raw": 7, "N_roi": 7, "N_inlier": 7, "refit": true}
{"timestamp": "12:02:14.693263", "frame": 109, "mu": [0.6373383843655908, 4.39465491943278, 1.1709613916374677], "Sigma": [[0.0003976348840841011, 0.00045175676848426086, 0.0016003375393583317], [0.00045175676848426086, 0.008426305766587873, -0.02537585625811807], [0.0016003375393583317, -0.02537585625811807, 0.22572381417880863]], "chi2_level": 0.997, "chi2_df": 3, "chi2_threshold": 13.931422665512084, "N_raw": 8, "N_roi": 8, "N_inlier": 8, "refit": true}
{"timestamp": "12:02:14.750162", "frame": 110, "mu": [0.6544650260058368, 4.4604107390012455, 0.8761471036937932], "Sigma": [[0.006183940899296331, -0.0012111562291539835, 0.007789959860822017], [-0.0012111562291539835, 0.010316811228967339, -0.02682663266454909], [0.007789959860822018, -0.02682663266454909, 0.08489181485374568]], "chi2_level": 0.997, "chi2_df": 3, "chi2_threshold": 13.931422665512084, "N_raw": 19, "N_roi": 17, "N_inlier": 17, "refit": true}
{"timestamp": "12:02:14.804073", "frame": 111, "mu": [0.706120602336857, 4.41871799911733, 1.2326037586054277], "Sigma": [[0.0066833425118610875, -0.0021256812183107657, -0.004649338042938269], [-0.0021256812183107657, 0.0052814611892735884, -0.004276973681511621], [-0.004649338042938269, -0.004276973681511621, 0.01431618036127333]], "chi2_level": 0.997, "chi2_df": 3, "chi2_threshold": 13.931422665512084, "N_raw": 15, "N_roi": 15, "N_inlier": 14, "refit": true}
