{"timestamp": "12:28:51.760775", "frame": 1, "mu": [1.6636811650635865, 0.8313191709565353, 1.2478891628190958], "Sigma": [[0.002002642839134499, 0.0005208033284278028, -0.006004398281848998], [0.0005208033284278026, 0.006686325248462001, -0.007730308253977806], [-0.006004398281848998, -0.007730308253977807, 0.03353814997869576]], "chi2_level": 0.997, "chi2_df": 3, "chi2_threshold": 13.931422665512084, "N_raw": 7, "N_roi": 7, "N_inlier": 7, "refit": true}
{"timestamp": "12:28:51.815224", "frame": 2, "mu": [1.607570773223251, 0.9236301673976909, 1.3819310735770651], "Sigma": [[0.0017869529516670167, 0.0006696064360985811, -0.004296667350533873], [0.0006696064360985811, 0.00140870155484447, -0.002691208932233469], [-0.004296667350533873, -0.002691208932233469, 0.01215521205193982]], "chi2_level": 0.997, "chi2_df": 3, "chi2_threshold": 13.931422665512084, "N_raw": 5, "N_roi": 5, "N_inlier": 5, "refit": true}
{"timestamp": "12:28:51.870454", "frame": 3, "mu": [1.5815820742403213, 0.6622239121706002, 1.3445219584040502], "Sigma": [[0.2372227487397305, 0.09803952262635356, -0.07992390482582366], [0.09803952262635353, 0.04299835031968184, -0.03159274600453565], [-0.07992390482582366, -0.031592746004535655, 0.02932715392135831]], "chi2_level": 0.997, "chi2_df": 3, "chi2_threshold": 13.931422665512084, "N_raw": 6, "N_roi": 6, "N_inlier": 6, "refit": true}
{"timestamp": "12:28:51.924464", "frame": 4, "mu": [1.666008587213493, 1.0314713594090754, -0.5027265062172939], "Sigma": [[0.0005687199893419844, 0.0008059931299562124, -0.001972437175516292], [0.0008059931299562124, 0.009590430864485347, -0.005491209778091085], [-0.0019724371755162917, -0.005491209778091085, 0.00834687549322498]], "chi2_level": 0.997, "chi2_df": 3, "chi2_threshold": 13.931422665512084, "N_raw": 5, "N_roi": 5, "N_inlier": 5, "refit": true}
{"timestamp": "12:28:51.980105", "frame": 5, "mu": [1.6764501659800943, 0.8619813696697656, 1.238959334669171], "Sigma": [[0.0041077299503431645, -0.001896297832249658, -0.007621421990715286], [-0.0018962978322496576, 0.0018723365780236487, 0.003555199152496259], [-0.007621421990715286, 0.0035551991524962593, 0.014428477502397319]], "chi2_level": 0.997, "chi2_df": 3, "chi2_threshold": 13.931422665512084, "N_raw": 5, "N_roi": 5, "N_inlier": 5, "refit": true}
{"timestamp": "12:28:52.036753", "frame": 6, "mu": [1.7252368387185415, 0.9375925642748648, -0.6723434034671305], "Sigma": [[0.0015830374732486846, -0.0032002229055348407, 0.006179803143584573], [-0.0032002229055348407, 0.01980639167608978, -0.014510862010602126], [0.006179803143584573, -0.014510862010602128, 0.040111391344663114]], "chi2_level": 0.997, "chi2_df": 3, "chi2_threshold": 13.931422665512084, "N_raw": 16, "N_roi": 16, "N_inlier": 15, "refit": true}
{"timestamp": "12:28:52.094598", "frame": 7, "mu": [1.7228812294613534, 0.9165081283414451, -0.5892364411218849], "Sigma": [[0.006482348393138273, -0.0026807597106402797, 0.002552369088966565], [-0.0026807597106402797, 0.014692494054425414, -0.011054710921904964], [0.0025523690889665655, -0.011054710921904966, 0.0221465365759064]], "chi2_level": 0.997, "chi2_df": 3, "chi2_threshold": 13.931422665512084, "N_raw": 31, "N_roi": 31, "N_inlier": 30, "refit": true}
{"timestamp": "12:28:52.144440", "frame": 8, "mu": [1.520684585835852, 0.8631084670652035, -0.3699739780404027], "Sigma": [[0.24672120326381974, 0.14030369129241946, -0.03292958966313005], [0.14030369129241946, 0.08034686489550928, -0.01940484055944203], [-0.03292958966313005, -0.01940484055944203, 0.006776266537636325]], "chi2_level": 0.997, "chi2_df": 3, "chi2_threshold": 13.931422665512084, "N_raw": 5, "N_roi": 5, "N_inlier": 5, "refit": true}
{"timestamp": "12:28:52.254465", "frame": 10, "mu": [1.6616176288115945, 0.9586525119224878, -0.3275482310408479], "Sigma": [[0.01827996829065459, -0.013270244451738564, -0.013640140673498483], [-0.013270244451738564, 0.010089444645593013, 0.01007261210604209], [-0.013640140673498483, 0.01007261210604209, 0.010429975680321762]], "chi2_level": 0.997, "chi2_df": 3, "chi2_threshold": 13.931422665512084, "N_raw": 5, "N_roi": 5, "N_inlier": 5, "refit": true}
{"timestamp": "12:28:52.310256", "frame": 11, "mu": [1.3640725944199759, 0.8795721943954499, 1.531974422910011], "Sigma": [[0.252332477887567, 0.14723357491582867, -0.05901350002543375], [0.14723357491582867, 0.1006492941520875, -0.0317737413984532], [-0.05901350002543375, -0.0317737413984532, 0.014339324080743614]], "chi2_level": 0.997, "chi2_df": 3, "chi2_threshold": 13.931422665512084, "N_raw": 5, "N_roi": 5, "N_inlier": 5, "refit": true}
{"timestamp": "12:28:52.420907", "frame": 13, "mu": [1.2145749662325698, 0.7303271295215724, 1.5523153838178967], "Sigma": [[0.48771960277349585, 0.2390524175429048, -0.17087531030284084], [0.2390524175429048, 0.13508336512209923, -0.07475242664175971], [-0.17087531030284087, -0.07475242664175971, 0.06730072489165828]], "chi2_level": 0.997, "chi2_df": 3, "chi2_threshold": 13.931422665512084, "N_raw": 7, "N_roi": 7, "N_inlier": 7, "refit": true}
{"timestamp": "12:28:52.474787", "frame": 14, "mu": [1.644218573440999, 0.9226905417702254, 1.4425420577104775], "Sigma": [[0.008462424372423156, -0.004076443774440296, -0.009772753948474006], [-0.004076443774440296, 0.0024520564645799737, 0.004701208337654729], [-0.009772753948474005, 0.004701208337654729, 0.011487476317791432]], "chi2_level": 0.997, "chi2_df": 3, "chi2_threshold": 13.931422665512084, "N_raw": 5, "N_roi": 5, "N_inlier": 5, "refit": true}
{"timestamp": "12:28:52.806261", "frame": 20, "mu": [1.6493162837083495, 0.9922792337570896, 1.105568547412488], "Sigma": [[0.001975161962336401, 0.003905638766776934, -0.0035535495081050828], [0.003905638766776934, 0.015524406132218201, -0.02033439639027463], [-0.003553549508105083, -0.02033439639027463, 0.044603383585448964]], "chi2_level": 0.997, "chi2_df": 3, "chi2_threshold": 13.931422665512084, "N_raw": 10, "N_roi": 10, "N_inlier": 9, "refit": true}
{"timestamp": "12:28:52.861239", "frame": 21, "mu": [1.6439726613218595, 1.0320692278106511, 1.0710344490479136], "Sigma": [[0.0009696605840813173, -0.0045563077281435055, 0.002389061996396223], [-0.004556307728143506, 0.04170003308973669, -0.028000559573104874], [0.002389061996396223, -0.028000559573104877, 0.033262956387533016]], "chi2_level": 0.997, "chi2_df": 3, "chi2_threshold": 13.931422665512084, "N_raw": 14, "N_roi": 14, "N_inlier": 14, "refit": true}
{"timestamp": "12:28:52.916101", "frame": 22, "mu": [1.40210515262841, 0.9528619311090281, 1.3173969249062218], "Sigma": [[0.15211288489158847, 0.08672927073400179, -0.07718380667095376], [0.08672927073400179, 0.06846608829221738, -0.031539094524153016], [-0.07718380667095376, -0.031539094524153016, 0.08770467399234375]], "chi2_level": 0.997, "chi2_df": 3, "chi2_threshold": 13.931422665512084, "N_raw": 9, "N_roi": 9, "N_inlier": 9, "refit": true}
{"timestamp": "12:28:52.971637", "frame": 23, "mu": [1.50569134283913, 0.9704328131184352, 1.2157195178453148], "Sigma": [[0.010617855024732873, -0.004761840375872937, -0.01969103938142178], [-0.004761840375872937, 0.010408077470729605, -0.004417397517787181], [-0.01969103938142178, -0.0044173975177871794, 0.06593069813849468]], "chi2_level": 0.997, "chi2_df": 3, "chi2_threshold": 13.931422665512084, "N_raw": 10, "N_roi": 10, "N_inlier": 10, "refit": true}
{"timestamp": "12:28:53.026834", "frame": 24, "mu": [1.2515573023325903, 1.1532107293777358, 1.4542264967182907], "Sigma": [[0.0029995376999596953, -0.0019083213310286656, -0.0005691927669164596], [-0.0019083213310286653, 0.004224429088160343, -6.000333999212366e-05], [-0.0005691927669164596, -6.000333999212365e-05, 0.0003866736930430928]], "chi2_level": 0.997, "chi2_df": 3, "chi2_threshold": 13.931422665512084, "N_raw": 19, "N_roi": 19, "N_inlier": 17, "refit": true}
{"timestamp": "12:28:53.083360", "frame": 25, "mu": [1.2434798188312157, 1.113339105016688, 1.4658855637465333], "Sigma": [[0.003129738277320728, -0.002277555612610214, -0.000679310849202369], [-0.0022775556126102144, 0.007656514503272853, -0.0002364978483554277], [-0.000679310849202369, -0.0002364978483554277, 0.0005249814729797756]], "chi2_level": 0.997, "chi2_df": 3, "chi2_threshold": 13.931422665512084, "N_raw": 31, "N_roi": 31, "N_inlier": 30, "refit": true}
{"timestamp": "12:28:53.138689", "frame": 26, "mu": [1.2254894388182818, 1.0498961992205345, 1.4711135835839135], "Sigma": [[0.00860510117244399, -0.0023187336850738986, -0.00977924296417869], [-0.002318733685073899, 0.004557929857397744, -0.001767633554657195], [-0.009779242964178689, -0.001767633554657195, 0.026651829784582498]], "chi2_level": 0.997, "chi2_df": 3, "chi2_threshold": 13.931422665512084, "N_raw": 18, "N_roi": 18, "N_inlier": 17, "refit": true}
{"timestamp": "12:28:53.193024", "frame": 27, "mu": [1.106377219153258, 1.1041141654339395, 1.455281155930283], "Sigma": [[0.0017195278157068146, 0.00023424968926528586, -0.003055712762000279], [0.00023424968926528586, 0.0021799821059226006, -0.0013143674623547247], [-0.0030557127620002788, -0.0013143674623547245, 0.007856040435476953]], "chi2_level": 0.997, "chi2_df": 3, "chi2_threshold": 13.931422665512084, "N_raw": 11, "N_roi": 11, "N_inlier": 11, "refit": true}
{"timestamp": "12:28:53.246347", "frame": 28, "mu": [1.1363750221930111, 0.9896638335643887, 1.3646043359595852], "Sigma": [[0.014381936005239087, -0.008369485614516784, -0.014902269450365123], [-0.008369485614516786, 0.005724546607299968, 0.00906343234678365], [-0.014902269450365121, 0.00906343234678365, 0.01577580544918498]], "chi2_level": 0.997, "chi2_df": 3, "chi2_threshold": 13.931422665512084, "N_raw": 5, "N_roi": 5, "N_inlier": 5, "refit": true}
{"timestamp": "12:28:53.307675", "frame": 29, "mu": [0.9953072776236503, 1.083278724255523, 1.494797426107381], "Sigma": [[0.005222155842337689, -0.0006411514140251381, -0.0023113485624601266], [-0.000641151414025138, 0.0036086389599726547, -0.000773988625221492], [-0.0023113485624601266, -0.000773988625221492, 0.0015547089113847332]], "chi2_level": 0.997, "chi2_df": 3, "chi2_threshold": 13.931422665512084, "N_raw": 43, "N_roi": 43, "N_inlier": 43, "refit": true}
{"timestamp": "12:28:53.362113", "frame": 30, "mu": [0.9442399320341116, 1.0534228587696954, 1.523183338328641], "Sigma": [[0.0073676750929795, -0.004640348736190911, -0.005177259528707014], [-0.004640348736190911, 0.005111871228715588, 0.003071927512199354], [-0.005177259528707014, 0.003071927512199354, 0.004825733286932554]], "chi2_level": 0.997, "chi2_df": 3, "chi2_threshold": 13.931422665512084, "N_raw": 33, "N_roi": 33, "N_inlier": 29, "refit": true}
{"timestamp": "12:28:53.412841", "frame": 31, "mu": [0.9753720391968909, 0.9759174851005094, 1.326116193714354], "Sigma": [[0.012143065961693424, -0.005265007668736085, -0.01643675329953339], [-0.005265007668736084, 0.0038342732191358024, 0.007104821813988488], [-0.01643675329953339, 0.007104821813988487, 0.023333314401542262]], "chi2_level": 0.997, "chi2_df": 3, "chi2_threshold": 13.931422665512084, "N_raw": 6, "N_roi": 6, "N_inlier": 6, "refit": true}
{"timestamp": "12:28:53.470124", "frame": 32, "mu": [0.8465852166521578, 1.03313373804316, 1.4324350224209557], "Sigma": [[0.00430225224700424, -0.0016656944598492335, -0.008928930076979718], [-0.0016656944598492335, 0.0029939271283144575, 0.0023875279612728104], [-0.008928930076979718, 0.0023875279612728104, 0.025136608163491413]], "chi2_level": 0.997, "chi2_df": 3, "chi2_threshold": 13.931422665512084, "N_raw": 29, "N_roi": 29, "N_inlier": 27, "refit": true}
{"timestamp": "12:28:53.533520", "frame": 33, "mu": [0.6801391300407849, 0.8035821806712384, 1.0009257088433732], "Sigma": [[0.007590384890067693, 0.007434642521830646, 0.022295086494810604], [0.007434642521830646, 0.022306099430451906, 0.04957484439600557], [0.0222950864948106, 0.04957484439600557, 0.12773422644350746]], "chi2_level": 0.997, "chi2_df": 3, "chi2_threshold": 13.931422665512084, "N_raw": 63, "N_roi": 63, "N_inlier": 60, "refit": true}
{"timestamp": "12:28:53.578456", "frame": 34, "mu": [0.8417365527017024, 0.7927937357710274, 0.6621214954377248], "Sigma": [[0.004981283340205862, -0.0033021846716091868, -0.03696455915585621], [-0.0033021846716091863, 0.007137923323521682, 0.020348176207545497], [-0.03696455915585621, 0.0203481762075455, 0.38681557823626483]], "chi2_level": 0.997, "chi2_df": 3, "chi2_threshold": 13.931422665512084, "N_raw": 8, "N_roi": 8, "N_inlier": 8, "refit": true}
{"timestamp": "12:28:53.631789", "frame": 35, "mu": [0.6483846727905354, 0.8245160176369134, 1.1527395425539475], "Sigma": [[0.031397720953344706, 0.030039313486666754, -0.04854191022457505], [0.030039313486666754, 0.045720952728818536, -0.03960345345230197], [-0.04854191022457504, -0.03960345345230197, 0.25396886819970643]], "chi2_level": 0.997, "chi2_df": 3, "chi2_threshold": 13.931422665512084, "N_raw": 8, "N_roi": 8, "N_inlier": 8, "refit": true}
{"timestamp": "12:28:53.694602", "frame": 36, "mu": [0.6566192148957996, 0.9504089758040092, 1.3830453810775338], "Sigma": [[0.007116499142073805, -0.0016733774798015342, -0.003330610768402275], [-0.0016733774798015342, 0.0017308720226717619, 3.4819325231487364e-05], [-0.0033306107684022744, 3.4819325231487364e-05, 0.011434031040994523]], "chi2_level": 0.997, "chi2_df": 3, "chi2_threshold": 13.931422665512084, "N_raw": 54, "N_roi": 54, "N_inlier": 49, "refit": true}
{"timestamp": "12:28:53.753011", "frame": 37, "mu": [0.46655003775230086, 0.9672159447371205, 1.2051852479856493], "Sigma": [[0.034682344822365596, 0.0005886282709538113, 0.046261450602571454], [0.0005886282709538113, 0.001821260978646395, 0.0014150431026395782], [0.04626145060257145, 0.0014150431026395782, 0.08122424551155208]], "chi2_level": 0.997, "chi2_df": 3, "chi2_threshold": 13.931422665512084, "N_raw": 77, "N_roi": 77, "N_inlier": 76, "refit": true}
{"timestamp": "12:28:53.799631", "frame": 38, "mu": [0.5231629489399551, 1.2244016061284777, -0.9285058948265525], "Sigma": [[0.010414348521522546, -0.0008971852535350835, 0.008779706370574507], [-0.0008971852535350835, 0.017743055230181725, -0.07952206253352273], [0.008779706370574507, -0.07952206253352273, 0.3961595089144054]], "chi2_level": 0.997, "chi2_df": 3, "chi2_threshold": 13.931422665512084, "N_raw": 12, "N_roi": 12, "N_inlier": 11, "refit": true}
{"timestamp": "12:28:53.856084", "frame": 39, "mu": [0.6180639780282003, 0.9551051494315346, 1.3009505770349918], "Sigma": [[0.012036744008789336, -0.0018439333993235541, -0.012001207047570274], [-0.0018439333993235541, 0.0013741039053193264, 0.0010255365969367182], [-0.012001207047570274, 0.0010255365969367182, 0.01394389215161177]], "chi2_level": 0.997, "chi2_df": 3, "chi2_threshold": 13.931422665512084, "N_raw": 37, "N_roi": 37, "N_inlier": 35, "refit": true}
{"timestamp": "12:28:53.907529", "frame": 40, "mu": [0.4281197502838585, 1.031719175812121, 1.408125421276915], "Sigma": [[0.001351098592441206, 0.002068411564622587, -0.0023170638404743705], [0.002068411564622587, 0.003544509952804119, -0.0036111473591376236], [-0.0023170638404743705, -0.0036111473591376236, 0.004022423847545364]], "chi2_level": 0.997, "chi2_df": 3, "chi2_threshold": 13.931422665512084, "N_raw": 5, "N_roi": 5, "N_inlier": 5, "refit": true}
{"timestamp": "12:28:53.962592", "frame": 41, "mu": [0.4324986842024643, 0.9244300329422301, 1.0983433334150037], "Sigma": [[0.001345139561652888, -0.00104398257157681, -0.006481444394830246], [-0.0010439825715768097, 0.010684000362768337, 0.022097825791263653], [-0.006481444394830247, 0.022097825791263653, 0.07290070876794232]], "chi2_level": 0.997, "chi2_df": 3, "chi2_threshold": 13.931422665512084, "N_raw": 14, "N_roi": 14, "N_inlier": 13, "refit": true}
{"timestamp": "12:28:54.030405", "frame": 42, "mu": [0.3580933848203715, 1.0144275041596569, 1.3105521536642757], "Sigma": [[0.0057366216903816415, -0.002670481601313436, -0.009186997855785048], [-0.0026704816013134363, 0.009215021757211759, 0.012729621526835825], [-0.009186997855785048, 0.012729621526835825, 0.045546258232343914]], "chi2_level": 0.997, "chi2_df": 3, "chi2_threshold": 13.931422665512084, "N_raw": 102, "N_roi": 102, "N_inlier": 102, "refit": true}
{"timestamp": "12:28:54.082573", "frame": 43, "mu": [0.24775648241925677, 1.0278750164439612, 1.3090841789861052], "Sigma": [[0.00795357006369452, -0.00683729580429987, -0.025791733780022336], [-0.006837295804299868, 0.010163710172942013, 0.027930889262345118], [-0.025791733780022336, 0.027930889262345118, 0.10792531768088645]], "chi2_level": 0.997, "chi2_df": 3, "chi2_threshold": 13.931422665512084, "N_raw": 68, "N_roi": 68, "N_inlier": 63, "refit": true}
{"timestamp": "12:28:54.134358", "frame": 44, "mu": [0.21811588567724494, 0.9810558752204763, 1.053451858384627], "Sigma": [[0.016524777492987662, -0.01496468534864061, -0.05269984769543624], [-0.01496468534864061, 0.016716800511762588, 0.05104479904993074], [-0.05269984769543624, 0.05104479904993074, 0.33282066931259485]], "chi2_level": 0.997, "chi2_df": 3, "chi2_threshold": 13.931422665512084, "N_raw": 46, "N_roi": 46, "N_inlier": 45, "refit": true}
{"timestamp": "12:28:54.191579", "frame": 45, "mu": [0.04778524116376825, 1.0773420710230697, 1.4617281815777101], "Sigma": [[0.006911164269708037, -0.002877335300480851, -0.014733831201776182], [-0.0028773353004808515, 0.0044189218914722226, 0.002545694300155118], [-0.014733831201776182, 0.002545694300155118, 0.05123077176142733]], "chi2_level": 0.997, "chi2_df": 3, "chi2_threshold": 13.931422665512084, "N_raw": 59, "N_roi": 59, "N_inlier": 54, "refit": true}
{"timestamp": "12:28:54.238929", "frame": 46, "mu": [0.07024916314680374, 1.0261108380998223, 0.7055376123419789], "Sigma": [[0.04296978513811917, 0.008190108294189317, 0.02476649100841341], [0.008190108294189319, 0.008540170655345933, -0.014380377699598646], [0.02476649100841341, -0.014380377699598644, 0.43848847688849396]], "chi2_level": 0.997, "chi2_df": 3, "chi2_threshold": 13.931422665512084, "N_raw": 12, "N_roi": 12, "N_inlier": 12, "refit": true}
{"timestamp": "12:28:54.303231", "frame": 47, "mu": [0.0860486516948079, 0.9469255493443879, 1.2860164710950237], "Sigma": [[0.002985327492610153, -0.0025727661794757314, -0.003160968163952054], [-0.0025727661794757314, 0.0066229197369741585, -0.0007100164524099326], [-0.0031609681639520543, -0.0007100164524099327, 0.007790579843760932]], "chi2_level": 0.997, "chi2_df": 3, "chi2_threshold": 13.931422665512084, "N_raw": 82, "N_roi": 82, "N_inlier": 79, "refit": true}
{"timestamp": "12:28:54.354652", "frame": 48, "mu": [-0.027579054707339554, 1.0803509265906794, -0.37224662682044496], "Sigma": [[0.002790106475216164, -0.001306972638436285, -0.0070796254773463395], [-0.001306972638436285, 0.003323276996875732, 0.0005258362557480913], [-0.0070796254773463395, 0.0005258362557480911, 0.02884515378731532]], "chi2_level": 0.997, "chi2_df": 3, "chi2_threshold": 13.931422665512084, "N_raw": 52, "N_roi": 52, "N_inlier": 50, "refit": true}
{"timestamp": "12:28:54.408626", "frame": 49, "mu": [-0.10524183831563634, 0.9805861434043173, 1.4219227645830173], "Sigma": [[0.0028672794530781183, -0.0014999621827758304, -0.004507126724295093], [-0.0014999621827758306, 0.00397761631508839, 0.0035899422965480323], [-0.004507126724295093, 0.0035899422965480323, 0.016438991440977095]], "chi2_level": 0.997, "chi2_df": 3, "chi2_threshold": 13.931422665512084, "N_raw": 52, "N_roi": 52, "N_inlier": 50, "refit": true}
{"timestamp": "12:28:54.465413", "frame": 50, "mu": [-0.2773875453956553, 0.992390746784746, 1.5005837597937235], "Sigma": [[0.0027759111512130506, -0.0011751892520499604, -0.001167282756652995], [-0.0011751892520499604, 0.00314864170330851, -0.0009629282279949873], [-0.001167282756652995, -0.0009629282279949873, 0.0015351462945232305]], "chi2_level": 0.997, "chi2_df": 3, "chi2_threshold": 13.931422665512084, "N_raw": 54, "N_roi": 54, "N_inlier": 51, "refit": true}
{"timestamp": "12:28:54.524793", "frame": 51, "mu": [-0.2489112707685757, 0.945657900547246, 1.2959166685784729], "Sigma": [[0.014573305431527352, -0.007378038431278117, -0.03342812436597534], [-0.007378038431278117, 0.005662348986620211, 0.01695320099308696], [-0.03342812436597534, 0.01695320099308696, 0.09561241766065064]], "chi2_level": 0.997, "chi2_df": 3, "chi2_threshold": 13.931422665512084, "N_raw": 81, "N_roi": 80, "N_inlier": 78, "refit": true}
{"timestamp": "12:28:54.579959", "frame": 52, "mu": [-0.2605924100435123, 1.0401373663303906, -0.36537850265245], "Sigma": [[0.005847252054365741, -0.0015900579189426212, 0.019008786290804047], [-0.001590057918942621, 0.012493328221218564, -0.05169265734555631], [0.019008786290804047, -0.05169265734555631, 0.3293876549876705]], "chi2_level": 0.997, "chi2_df": 3, "chi2_threshold": 13.931422665512084, "N_raw": 89, "N_roi": 89, "N_inlier": 88, "refit": true}
{"timestamp": "12:28:54.640985", "frame": 53, "mu": [-0.35345123307400045, 0.9494287278946143, 1.3901571605532697], "Sigma": [[0.010411298195138616, -0.003821060428003024, -0.015870680822616213], [-0.0038210604280030235, 0.0050671801950743925, 0.00773385378736665], [-0.015870680822616213, 0.007733853787366649, 0.046335165470617015]], "chi2_level": 0.997, "chi2_df": 3, "chi2_threshold": 13.931422665512084, "N_raw": 129, "N_roi": 127, "N_inlier": 125, "refit": true}
{"timestamp": "12:28:54.693016", "frame": 54, "mu": [-0.4827362575688507, 0.961355631316185, 1.4961849129383191], "Sigma": [[0.00851596397076195, -0.000561845808082257, -0.005257208962309525], [-0.000561845808082257, 0.004284564298828525, 0.0007276403910198308], [-0.005257208962309525, 0.0007276403910198308, 0.016449176579068525]], "chi2_level": 0.997, "chi2_df": 3, "chi2_threshold": 13.931422665512084, "N_raw": 101, "N_roi": 101, "N_inlier": 92, "refit": true}
{"timestamp": "12:28:54.745232", "frame": 55, "mu": [-0.5993471670807712, 0.945517348159418, 1.3810554015905618], "Sigma": [[0.009434052639430406, 0.003949519114464327, 0.01929184359467645], [0.003949519114464327, 0.007020486146645018, 0.010447131127422555], [0.019291843594676446, 0.010447131127422555, 0.07408848296907933]], "chi2_level": 0.997, "chi2_df": 3, "chi2_threshold": 13.931422665512084, "N_raw": 80, "N_roi": 80, "N_inlier": 75, "refit": true}
{"timestamp": "12:28:54.795552", "frame": 56, "mu": [-0.6081036634284048, 0.9788514494469861, 1.517163139404714], "Sigma": [[0.003964215937763932, -0.0013602373931442871, -0.0019079706875913933], [-0.0013602373931442871, 0.002824363959928358, -0.0015394587788195083], [-0.0019079706875913933, -0.0015394587788195083, 0.003951988916856227]], "chi2_level": 0.997, "chi2_df": 3, "chi2_threshold": 13.931422665512084, "N_raw": 57, "N_roi": 57, "N_inlier": 50, "refit": true}
{"timestamp": "12:28:54.844453", "frame": 57, "mu": [-0.5568973885811456, 0.8976353686359785, 1.2549328007175362], "Sigma": [[0.004421911639172277, -2.7371780494838023e-05, -0.002345359118668465], [-2.7371780494837156e-05, 0.01936627861268317, -0.005970353454497868], [-0.002345359118668465, -0.005970353454497866, 0.026690754024045395]], "chi2_level": 0.997, "chi2_df": 3, "chi2_threshold": 13.931422665512084, "N_raw": 15, "N_roi": 14, "N_inlier": 14, "refit": true}
{"timestamp": "12:28:54.913037", "frame": 58, "mu": [-0.7607415016959037, 1.0050080694734729, 1.4666459325267138], "Sigma": [[0.036312543807196396, 0.01827669854563213, -0.053586663718871864], [0.01827669854563213, 0.01973972187090304, -0.036275472417500156], [-0.05358666371887186, -0.036275472417500156, 0.12125652181587293]], "chi2_level": 0.997, "chi2_df": 3, "chi2_threshold": 13.931422665512084, "N_raw": 114, "N_roi": 114, "N_inlier": 112, "refit": true}
{"timestamp": "12:28:54.968205", "frame": 59, "mu": [-0.9029353952086607, 0.9423067023189657, 1.5284084807632548], "Sigma": [[0.03399074100147926, 0.018293552112441144, -0.06193286674289673], [0.018293552112441144, 0.017345854372298707, -0.03833154541695237], [-0.06193286674289673, -0.03833154541695237, 0.16251306852630093]], "chi2_level": 0.997, "chi2_df": 3, "chi2_threshold": 13.931422665512084, "N_raw": 113, "N_roi": 113, "N_inlier": 112, "refit": true}
{"timestamp": "12:28:55.026727", "frame": 60, "mu": [-0.9981871567866614, 0.905741124175551, 1.6325920878467146], "Sigma": [[0.020772609672553236, 0.0076958141425604535, -0.01037539352775338], [0.0076958141425604535, 0.009595456305290196, -0.009637999450790358], [-0.010375393527753381, -0.009637999450790358, 0.011186257206979175]], "chi2_level": 0.997, "chi2_df": 3, "chi2_threshold": 13.931422665512084, "N_raw": 141, "N_roi": 139, "N_inlier": 137, "refit": true}
{"timestamp": "12:28:55.077722", "frame": 61, "mu": [-1.032102183564677, 0.9725769404094805, -0.18116616032723196], "Sigma": [[0.01780961625154441, 0.011099745335168457, -0.0041585822581122305], [0.011099745335168457, 0.016795553180691782, -0.003225722573599472], [-0.0041585822581122305, -0.003225722573599472, 0.008942818940890803]], "chi2_level": 0.997, "chi2_df": 3, "chi2_threshold": 13.931422665512084, "N_raw": 105, "N_roi": 105, "N_inlier": 101, "refit": true}
{"timestamp": "12:28:55.124153", "frame": 62, "mu": [-1.0650806048757808, 0.8807193440333954, 1.6399871790491918], "Sigma": [[0.023372870194053662, 0.004988788944766583, -0.02105132136834517], [0.004988788944766583, 0.006968798723922832, -0.005766027288576411], [-0.02105132136834517, -0.005766027288576412, 0.020985225388571897]], "chi2_level": 0.997, "chi2_df": 3, "chi2_threshold": 13.931422665512084, "N_raw": 53, "N_roi": 53, "N_inlier": 51, "refit": true}
{"timestamp": "12:28:55.178532", "frame": 63, "mu": [-1.143301462085046, 0.8389564142165267, 1.66303748874374], "Sigma": [[0.014638313060315836, 0.0016610418742826817, -0.014634508012430044], [0.0016610418742826812, 0.01063076728841601, -0.0031367294905163554], [-0.014634508012430044, -0.003136729490516356, 0.019119427529998897]], "chi2_level": 0.997, "chi2_df": 3, "chi2_threshold": 13.931422665512084, "N_raw": 53, "N_roi": 52, "N_inlier": 51, "refit": true}
{"timestamp": "12:28:55.231607", "frame": 64, "mu": [-1.128561684231296, 0.7958291432394448, 1.528250432240041], "Sigma": [[0.011096157976310202, 0.00011708876995418196, -0.013638089425310751], [0.00011708876995418242, 0.014644937855692987, 0.0017438148981755665], [-0.013638089425310751, 0.001743814898175567, 0.018369727778562307]], "chi2_level": 0.997, "chi2_df": 3, "chi2_threshold": 13.931422665512084, "N_raw": 40, "N_roi": 40, "N_inlier": 38, "refit": true}
{"timestamp": "12:28:55.292602", "frame": 65, "mu": [-1.1868083435728254, 0.8222685827935409, 1.5185631800883375], "Sigma": [[0.011655390908245323, 0.0006520202923684897, -0.012077454507136091], [0.0006520202923684897, 0.013110103153649253, -0.0021619235316156526], [-0.012077454507136091, -0.002161923531615653, 0.01662027626025782]], "chi2_level": 0.997, "chi2_df": 3, "chi2_threshold": 13.931422665512084, "N_raw": 76, "N_roi": 76, "N_inlier": 74, "refit": true}
{"timestamp": "12:28:55.346709", "frame": 66, "mu": [-1.2612463520318382, 0.7643870067924357, 1.4706649393329352], "Sigma": [[0.011010453430964408, 0.0026208367981588494, -0.008107877741169264], [0.0026208367981588494, 0.021947132452265792, 1.0307035417231845e-05], [-0.008107877741169268, 1.0307035417231845e-05, 0.007123908866373994]], "chi2_level": 0.997, "chi2_df": 3, "chi2_threshold": 13.931422665512084, "N_raw": 74, "N_roi": 74, "N_inlier": 72, "refit": true}
{"timestamp": "12:28:55.405726", "frame": 67, "mu": [-1.2821081763758166, 0.8035160009215571, 0.08267200455781797], "Sigma": [[0.014899956990565838, -0.00015739318053775638, 0.05071986408897601], [-0.00015739318053775654, 0.020038074220147375, 0.0608800795668374], [0.05071986408897601, 0.0608800795668374, 0.7147580968504702]], "chi2_level": 0.997, "chi2_df": 3, "chi2_threshold": 13.931422665512084, "N_raw": 98, "N_roi": 98, "N_inlier": 98, "refit": true}
{"timestamp": "12:28:55.464609", "frame": 68, "mu": [-1.2840709752018988, 0.775416566741016, 1.3234858898316981], "Sigma": [[0.019404617536465878, 0.006791149899544805, -0.026178417371906335], [0.006791149899544805, 0.027150814924446598, -0.026705979100944313], [-0.026178417371906338, -0.026705979100944313, 0.08038953555067074]], "chi2_level": 0.997, "chi2_df": 3, "chi2_threshold": 13.931422665512084, "N_raw": 118, "N_roi": 118, "N_inlier": 117, "refit": true}
{"timestamp": "12:28:55.521829", "frame": 69, "mu": [-1.2697396173494728, 0.8262363648918517, 1.133632615800579], "Sigma": [[0.02464415374987833, 0.021462109696103397, -0.04795619135056152], [0.021462109696103397, 0.036125975876411656, -0.05898675426150961], [-0.04795619135056152, -0.05898675426150961, 0.18167002738306529]], "chi2_level": 0.997, "chi2_df": 3, "chi2_threshold": 13.931422665512084, "N_raw": 138, "N_roi": 138, "N_inlier": 138, "refit": true}
{"timestamp": "12:28:55.574687", "frame": 70, "mu": [-1.3196977743557512, 0.8883127721132964, 1.2736341887466123], "Sigma": [[0.01914953713096919, 0.013190413261444992, -0.03260266361230135], [0.013190413261444994, 0.03388829062785918, -0.04037633516964726], [-0.03260266361230135, -0.04037633516964727, 0.13624409120963835]], "chi2_level": 0.997, "chi2_df": 3, "chi2_threshold": 13.931422665512084, "N_raw": 121, "N_roi": 121, "N_inlier": 121, "refit": true}
{"timestamp": "12:28:55.627747", "frame": 71, "mu": [-1.335206838223867, 0.8766612100574266, 1.1911922140282383], "Sigma": [[0.01512519776956556, 0.013536412506108403, -0.02382865663557763], [0.013536412506108403, 0.04139043297430771, -0.06385633346036888], [-0.02382865663557763, -0.0638563334603689, 0.13126216768574836]], "chi2_level": 0.997, "chi2_df": 3, "chi2_threshold": 13.931422665512084, "N_raw": 106, "N_roi": 106, "N_inlier": 106, "refit": true}
{"timestamp": "12:28:55.679549", "frame": 72, "mu": [-1.426179380771682, 0.883920538587427, 1.466680126843683], "Sigma": [[0.016563913976393355, 0.0048734106565906, -0.011251688972751743], [0.0048734106565905995, 0.017811088712848304, -0.0012988069759184632], [-0.011251688972751743, -0.0012988069759184635, 0.008745290410335256]], "chi2_level": 0.997, "chi2_df": 3, "chi2_threshold": 13.931422665512084, "N_raw": 87, "N_roi": 87, "N_inlier": 86, "refit": true}
{"timestamp": "12:28:55.732414", "frame": 73, "mu": [-1.4418363857315863, 1.0571604326973578, -0.34288646686986424], "Sigma": [[0.013803771459348826, 0.00734120051136746, -0.0004930276162330619], [0.00734120051136746, 0.011612415991987304, -0.004294592053953573], [-0.0004930276162330622, -0.004294592053953574, 0.0048785089655508885]], "chi2_level": 0.997, "chi2_df": 3, "chi2_threshold": 13.931422665512084, "N_raw": 79, "N_roi": 79, "N_inlier": 77, "refit": true}
{"timestamp": "12:28:55.783671", "frame": 74, "mu": [-1.4449742274715038, 0.9973537674668478, 1.4712500488521851], "Sigma": [[0.02825929046620318, 0.0011580131736934345, -0.03765689587224903], [0.0011580131736934351, 0.011115044570993068, -0.001979896771202439], [-0.03765689587224903, -0.0019798967712024384, 0.06805823049440654]], "chi2_level": 0.997, "chi2_df": 3, "chi2_threshold": 13.931422665512084, "N_raw": 54, "N_roi": 54, "N_inlier": 54, "refit": true}
{"timestamp": "12:28:55.840725", "frame": 75, "mu": [-1.531478958039241, 1.0075099627344775, 1.4334776871446298], "Sigma": [[0.009691987039279138, 0.0039615930614108315, -0.003608343226326124], [0.0039615930614108315, 0.012001350872394205, -0.004677864474781757], [-0.003608343226326124, -0.004677864474781756, 0.0049254353330679184]], "chi2_level": 0.997, "chi2_df": 3, "chi2_threshold": 13.931422665512084, "N_raw": 66, "N_roi": 66, "N_inlier": 65, "refit": true}
{"timestamp": "12:28:55.894725", "frame": 76, "mu": [-1.5655034492856335, 1.03817426525825, 1.5515534316531479], "Sigma": [[0.011717577634707552, 0.0025455731957441186, -0.00997050366907069], [0.0025455731957441186, 0.008862575487317852, -0.004837238953974962], [-0.00997050366907069, -0.004837238953974962, 0.021108913809619177]], "chi2_level": 0.997, "chi2_df": 3, "chi2_threshold": 13.931422665512084, "N_raw": 60, "N_roi": 60, "N_inlier": 58, "refit": true}
{"timestamp": "12:28:55.952882", "frame": 77, "mu": [-1.5446428782081303, 1.0969585580644343, 1.2818735667405698], "Sigma": [[0.0189046569345181, 1.2527718553874303e-05, -0.05131458636890398], [1.2527718553874303e-05, 0.008350829968036625, 0.014413627884765587], [-0.05131458636890398, 0.014413627884765585, 0.2480813426510716]], "chi2_level": 0.997, "chi2_df": 3, "chi2_threshold": 13.931422665512084, "N_raw": 77, "N_roi": 77, "N_inlier": 77, "refit": true}
{"timestamp": "12:28:56.004653", "frame": 78, "mu": [-1.6613747788556394, 1.2291109879164799, 1.6343496490786633], "Sigma": [[0.014749976080347364, 0.007718969607777326, -0.010359077529395591], [0.007718969607777326, 0.008624783011300869, -0.01138457123813275], [-0.010359077529395595, -0.01138457123813275, 0.03893161063987893]], "chi2_level": 0.997, "chi2_df": 3, "chi2_threshold": 13.931422665512084, "N_raw": 54, "N_roi": 54, "N_inlier": 52, "refit": true}
{"timestamp": "12:28:56.055555", "frame": 79, "mu": [-1.5607724751001215, 1.2111680702031355, 1.0120650406942935], "Sigma": [[0.03474019614085755, -0.0017376325058313575, -0.09415304688697174], [-0.0017376325058313575, 0.014122439588648944, 0.032358127294392365], [-0.09415304688697174, 0.03235812729439236, 0.34919809113702127]], "chi2_level": 0.997, "chi2_df": 3, "chi2_threshold": 13.931422665512084, "N_raw": 29, "N_roi": 29, "N_inlier": 29, "refit": true}
{"timestamp": "12:28:56.117112", "frame": 80, "mu": [-1.6709567009247792, 1.2975438768962522, 1.7006819052580844], "Sigma": [[0.018956947475272556, 0.010361466027234006, -0.015991499178225753], [0.010361466027234006, 0.014099118443188579, -0.012477012996881247], [-0.015991499178225753, -0.012477012996881247, 0.01882541601224805]], "chi2_level": 0.997, "chi2_df": 3, "chi2_threshold": 13.931422665512084, "N_raw": 74, "N_roi": 74, "N_inlier": 72, "refit": true}
{"timestamp": "12:28:56.170272", "frame": 81, "mu": [-1.6882461547739631, 1.3735988081689914, 1.3676999109503507], "Sigma": [[0.01263818448643415, 0.00982865835095345, -0.03205036015435365], [0.009828658350953453, 0.01742449949740046, -0.06032951688972605], [-0.03205036015435364, -0.06032951688972604, 0.3505934825818694]], "chi2_level": 0.997, "chi2_df": 3, "chi2_threshold": 13.931422665512084, "N_raw": 61, "N_roi": 61, "N_inlier": 60, "refit": true}
{"timestamp": "12:28:56.222788", "frame": 82, "mu": [-1.617267817075284, 1.46089473997247, 1.4882798368845918], "Sigma": [[0.03456829728200214, 0.018772341669106858, -0.017055169897843246], [0.018772341669106858, 0.019082803937036756, -0.0331245643057851], [-0.017055169897843246, -0.0331245643057851, 0.1534809286782339]], "chi2_level": 0.997, "chi2_df": 3, "chi2_threshold": 13.931422665512084, "N_raw": 40, "N_roi": 40, "N_inlier": 40, "refit": true}
{"timestamp": "12:28:56.279029", "frame": 83, "mu": [-1.6502240228357776, 1.4437605467185584, 1.6322232126650174], "Sigma": [[0.03915124200574041, 0.022303298799098214, -0.034298106608720715], [0.022303298799098217, 0.01844201132630901, -0.021764832037659936], [-0.03429810660872072, -0.02176483203765994, 0.03535458091541474]], "chi2_level": 0.997, "chi2_df": 3, "chi2_threshold": 13.931422665512084, "N_raw": 55, "N_roi": 55, "N_inlier": 52, "refit": true}
{"timestamp": "12:28:56.331975", "frame": 84, "mu": [-1.8636428854936322, 1.4157618830024563, 1.6854709462257804], "Sigma": [[0.02258902702490939, 0.013850965272558372, -0.01279257093176359], [0.013850965272558372, 0.013121859412899768, -0.011929915589025295], [-0.012792570931763588, -0.011929915589025295, 0.02718774553346224]], "chi2_level": 0.997, "chi2_df": 3, "chi2_threshold": 13.931422665512084, "N_raw": 40, "N_roi": 40, "N_inlier": 39, "refit": true}
{"timestamp": "12:28:56.394442", "frame": 85, "mu": [-1.7397138708986788, 1.56419891537484, 0.12462466216932251], "Sigma": [[0.03366000171628966, 0.028091029235664304, -0.026356138386226934], [0.028091029235664297, 0.03125591403003995, -0.017193904487757542], [-0.026356138386226934, -0.017193904487757542, 0.029853355494271656]], "chi2_level": 0.997, "chi2_df": 3, "chi2_threshold": 13.931422665512084, "N_raw": 88, "N_roi": 88, "N_inlier": 87, "refit": true}
{"timestamp": "12:28:56.449537", "frame": 86, "mu": [-1.7894479400810865, 1.5888828803506576, 1.5246827037220974], "Sigma": [[0.07280490976289915, 0.043458736018153185, -0.03666802961635236], [0.043458736018153185, 0.03100760305893724, -0.027879771607273045], [-0.03666802961635236, -0.027879771607273045, 0.03378453093553123]], "chi2_level": 0.997, "chi2_df": 3, "chi2_threshold": 13.931422665512084, "N_raw": 84, "N_roi": 84, "N_inlier": 81, "refit": true}
{"timestamp": "12:28:56.501258", "frame": 87, "mu": [-1.8030556141233618, 1.64965710747201, 1.517828952728175], "Sigma": [[0.08399726920237227, 0.04786308940856964, -0.01624973095969302], [0.04786308940856965, 0.03164585927901174, -0.00997548188476905], [-0.016249730959693016, -0.00997548188476905, 0.017258571489518336]], "chi2_level": 0.997, "chi2_df": 3, "chi2_threshold": 13.931422665512084, "N_raw": 67, "N_roi": 67, "N_inlier": 66, "refit": true}
{"timestamp": "12:28:56.558854", "frame": 88, "mu": [-2.061416812531026, 1.6398607057710761, 1.7625931942965938], "Sigma": [[0.03729038906989382, 0.0306290279395691, -0.003629347024883899], [0.0306290279395691, 0.030290320193085314, -0.012292513875237578], [-0.0036293470248838985, -0.012292513875237578, 0.025245213913457156]], "chi2_level": 0.997, "chi2_df": 3, "chi2_threshold": 13.931422665512084, "N_raw": 77, "N_roi": 77, "N_inlier": 74, "refit": true}
{"timestamp": "12:28:56.612111", "frame": 89, "mu": [-1.9532001527844334, 1.7404306744603528, 1.7094898751748038], "Sigma": [[0.10055445758237586, 0.06019074751611871, -0.0597533128688513], [0.06019074751611871, 0.0440364088681404, -0.03659782783646979], [-0.0597533128688513, -0.03659782783646979, 0.04090586319597615]], "chi2_level": 0.997, "chi2_df": 3, "chi2_threshold": 13.931422665512084, "N_raw": 72, "N_roi": 70, "N_inlier": 69, "refit": true}
{"timestamp": "12:28:56.660715", "frame": 90, "mu": [-1.906275947122296, 1.816587768093076, 1.7815737176535906], "Sigma": [[0.1048665312188492, 0.07365396058710862, -0.14226283102550408], [0.07365396058710863, 0.06744527728373464, -0.08301198047848912], [-0.14226283102550408, -0.08301198047848912, 0.28660733097533725]], "chi2_level": 0.997, "chi2_df": 3, "chi2_threshold": 13.931422665512084, "N_raw": 24, "N_roi": 24, "N_inlier": 24, "refit": true}
{"timestamp": "12:28:56.714318", "frame": 91, "mu": [-1.6820040346359477, 2.1015985584037993, 1.559933059412632], "Sigma": [[0.010883949028302758, -0.004570025341147166, -0.011584095290667593], [-0.004570025341147166, 0.005635361556157271, 0.004951145176916584], [-0.011584095290667593, 0.004951145176916584, 0.014256157660329467]], "chi2_level": 0.997, "chi2_df": 3, "chi2_threshold": 13.931422665512084, "N_raw": 12, "N_roi": 12, "N_inlier": 11, "refit": true}
{"timestamp": "12:28:56.767701", "frame": 92, "mu": [-1.6202760869834374, 2.1281651350444, 1.0649380931402925], "Sigma": [[0.010794541738659425, -0.0021321000429108733, 0.03255792918185282], [-0.0021321000429108733, 0.002906193985187838, 0.00964659908943014], [0.032557929181852824, 0.00964659908943014, 0.24425802092262971]], "chi2_level": 0.997, "chi2_df": 3, "chi2_threshold": 13.931422665512084, "N_raw": 10, "N_roi": 10, "N_inlier": 10, "refit": true}
{"timestamp": "12:28:56.822785", "frame": 93, "mu": [-1.595098181742884, 2.2611433502371514, 1.126266897625317], "Sigma": [[0.011842014958921626, -0.003877019179782835, 0.0304929414101839], [-0.0038770191797828355, 0.0036954925768312294, 0.0005594862190868403], [0.0304929414101839, 0.0005594862190868403, 0.22516343016072862]], "chi2_level": 0.997, "chi2_df": 3, "chi2_threshold": 13.931422665512084, "N_raw": 10, "N_roi": 10, "N_inlier": 9, "refit": true}
