{"timestamp": "12:19:25.540686", "frame": 7, "mu": [-2.047364962392737, 4.9448444904541855, 0.5640422085244102], "Sigma": [[0.005995759050204029, 0.0003998750350713683, -0.0011018290518861045], [0.0003998750350713683, 0.0010303023595087332, -0.0005986020598764201], [-0.0011018290518861047, -0.0005986020598764201, 0.000689355051470289]], "chi2_level": 0.997, "chi2_df": 3, "chi2_threshold": 13.931422665512084, "N_raw": 34, "N_roi": 8, "N_inlier": 8, "refit": true}
{"timestamp": "12:19:25.650794", "frame": 9, "mu": [-1.8522266280835455, 4.920432115531503, 0.6792182050279186], "Sigma": [[0.03008694576983791, 0.002660833715960248, -0.03321273689568689], [0.002660833715960248, 0.0020331533729594955, -0.005101825072661767], [-0.03321273689568689, -0.005101825072661767, 0.04383153267112694]], "chi2_level": 0.997, "chi2_df": 3, "chi2_threshold": 13.931422665512084, "N_raw": 35, "N_roi": 32, "N_inlier": 32, "refit": true}
{"timestamp": "12:19:25.710294", "frame": 10, "mu": [-1.8175408502302812, 4.876758807918734, 0.4129262455500239], "Sigma": [[0.04320760982245782, 0.001989678302209101, -0.032495017011829705], [0.001989678302209101, 0.0032701362343343183, -0.003239240692869594], [-0.03249501701182971, -0.003239240692869594, 0.02842118032618035]], "chi2_level": 0.997, "chi2_df": 3, "chi2_threshold": 13.931422665512084, "N_raw": 48, "N_roi": 44, "N_inlier": 44, "refit": true}
{"timestamp": "12:19:25.763290", "frame": 11, "mu": [-1.701534277104929, 4.802252268343049, 0.2950165042148034], "Sigma": [[0.023887170897723582, -0.0010571020771474816, -0.029093929613150913], [-0.0010571020771474816, 0.0006436760876642379, 0.002683900910727956], [-0.02909392961315092, 0.002683900910727956, 0.0724143632007858]], "chi2_level": 0.997, "chi2_df": 3, "chi2_threshold": 13.931422665512084, "N_raw": 34, "N_roi": 32, "N_inlier": 31, "refit": true}
{"timestamp": "12:19:25.817783", "frame": 12, "mu": [-1.7621528621029814, 4.797652999627691, 0.5733690159837542], "Sigma": [[0.02921008485075221, 0.002645548173191637, -0.020093017689219263], [0.002645548173191637, 0.0009687171408146022, -0.003241643831711427], [-0.020093017689219263, -0.003241643831711427, 0.04112512404494021]], "chi2_level": 0.997, "chi2_df": 3, "chi2_threshold": 13.931422665512084, "N_raw": 36, "N_roi": 36, "N_inlier": 35, "refit": true}
{"timestamp": "12:19:25.930310", "frame": 14, "mu": [-1.786938191258096, 4.71263625458661, 0.7136555974522856], "Sigma": [[0.02464329612031521, 0.005739112122604065, -0.020840470312333284], [0.005739112122604065, 0.0025650127057079896, -0.010103802844371597], [-0.020840470312333284, -0.010103802844371597, 0.0681880586620767]], "chi2_level": 0.997, "chi2_df": 3, "chi2_threshold": 13.931422665512084, "N_raw": 45, "N_roi": 44, "N_inlier": 43, "refit": true}
{"timestamp": "12:19:25.979865", "frame": 15, "mu": [-1.8060614966960846, 4.677516403151209, 0.5821465629038021], "Sigma": [[0.006514692670742719, -0.0028831102531885863, 0.004671187936886281], [-0.0028831102531885863, 0.0015573972566750285, -0.004535850102083926], [0.004671187936886281, -0.004535850102083926, 0.042146838261219385]], "chi2_level": 0.997, "chi2_df": 3, "chi2_threshold": 13.931422665512084, "N_raw": 6, "N_roi": 6, "N_inlier": 6, "refit": true}
{"timestamp": "12:19:26.035601", "frame": 16, "mu": [-1.7333795620126458, 4.607736991069496, 0.9588110696828456], "Sigma": [[0.019852586570507806, 0.0055322375056677565, -0.01180259439073919], [0.0055322375056677565, 0.0025285759477210526, -0.006734890774449977], [-0.01180259439073919, -0.006734890774449977, 0.029497408727932096]], "chi2_level": 0.997, "chi2_df": 3, "chi2_threshold": 13.931422665512084, "N_raw": 24, "N_roi": 24, "N_inlier": 24, "refit": true}
{"timestamp": "12:19:26.095891", "frame": 17, "mu": [-1.7655866791592347, 4.575157906155038, 0.9694564525640299], "Sigma": [[0.03583698255270795, 0.008153780857822377, -0.01991760157206201], [0.008153780857822375, 0.005248993914536561, -0.008661200732264986], [-0.019917601572062012, -0.008661200732264986, 0.025765629933494134]], "chi2_level": 0.997, "chi2_df": 3, "chi2_threshold": 13.931422665512084, "N_raw": 54, "N_roi": 53, "N_inlier": 51, "refit": true}
{"timestamp": "12:19:26.149809", "frame": 18, "mu": [-1.7246616250909481, 4.528250316758525, 0.4802652718402049], "Sigma": [[0.028447970556427435, 0.004905559187364378, 0.006231470131348227], [0.004905559187364378, 0.0020142733185019544, -0.002032189807599648], [0.006231470131348227, -0.0020321898075996475, 0.034866888933650586]], "chi2_level": 0.997, "chi2_df": 3, "chi2_threshold": 13.931422665512084, "N_raw": 44, "N_roi": 44, "N_inlier": 43, "refit": true}
{"timestamp": "12:19:26.201501", "frame": 19, "mu": [-1.6668034706122197, 4.45487982024712, 0.6016808815455564], "Sigma": [[0.017699328298693216, 7.917203879581429e-05, 0.00015144560068111167], [7.917203879581429e-05, 0.0015320205065673636, 0.0006712795670086203], [0.00015144560068111254, 0.0006712795670086203, 0.015603564864877722]], "chi2_level": 0.997, "chi2_df": 3, "chi2_threshold": 13.931422665512084, "N_raw": 19, "N_roi": 19, "N_inlier": 19, "refit": true}
{"timestamp": "12:19:26.254028", "frame": 20, "mu": [-1.8130266881936623, 4.401430179019875, 0.6666291717039288], "Sigma": [[0.009865446705292104, 0.0009726292355007869, 0.011221140353286422], [0.0009726292355007869, 0.0016613041591798138, -0.0027542718666290966], [0.011221140353286422, -0.0027542718666290966, 0.03818783542649472]], "chi2_level": 0.997, "chi2_df": 3, "chi2_threshold": 13.931422665512084, "N_raw": 12, "N_roi": 12, "N_inlier": 11, "refit": true}
{"timestamp": "12:19:26.310513", "frame": 21, "mu": [-1.9385290538042341, 4.368166523407499, 0.5313522311595025], "Sigma": [[0.015242170154835586, -0.00023444074969368762, 0.0034572629054838945], [-0.0002344407496936875, 0.002351067377787398, -0.0016930816705434842], [0.0034572629054838945, -0.0016930816705434842, 0.05022723793940151]], "chi2_level": 0.997, "chi2_df": 3, "chi2_threshold": 13.931422665512084, "N_raw": 22, "N_roi": 22, "N_inlier": 22, "refit": true}
{"timestamp": "12:19:26.366794", "frame": 22, "mu": [-1.7279884414946955, 4.188916413224076, 0.01268506992793342], "Sigma": [[0.01119796312092495, 0.002137415096555617, -0.004316588371830353], [0.0021374150965556174, 0.0019166296988167109, 0.002474688758372442], [-0.004316588371830353, 0.0024746887583724426, 0.029364469819092298]], "chi2_level": 0.997, "chi2_df": 3, "chi2_threshold": 13.931422665512084, "N_raw": 25, "N_roi": 21, "N_inlier": 19, "refit": true}
{"timestamp": "12:19:26.425529", "frame": 23, "mu": [-1.8352903186453613, 4.166936030736155, 0.3645354131965546], "Sigma": [[0.027713851630288604, 0.004641861267352539, -0.0073419597281064175], [0.004641861267352539, 0.0018140788723337714, -0.0005379986528200192], [-0.0073419597281064175, -0.0005379986528200191, 0.05005893396205423]], "chi2_level": 0.997, "chi2_df": 3, "chi2_threshold": 13.931422665512084, "N_raw": 49, "N_roi": 48, "N_inlier": 48, "refit": true}
{"timestamp": "12:19:26.478363", "frame": 24, "mu": [-1.7991621856579323, 4.37979274262815, -0.4268820845541185], "Sigma": [[0.01878392635144288, 0.004709759393559859, 0.0013727757553125266], [0.004709759393559859, 0.004683187403183274, -0.011649463644680917], [0.0013727757553125266, -0.011649463644680919, 0.04988155636205079]], "chi2_level": 0.997, "chi2_df": 3, "chi2_threshold": 13.931422665512084, "N_raw": 36, "N_roi": 36, "N_inlier": 35, "refit": true}
{"timestamp": "12:19:26.530725", "frame": 25, "mu": [-1.8459709314615236, 4.08934508139322, 0.5982613605352759], "Sigma": [[0.008194153386278968, -0.0010958534719563932, 0.017174844595009564], [-0.0010958534719563932, 0.001634302677371889, -0.005376538501058888], [0.017174844595009564, -0.005376538501058887, 0.05313804023167177]], "chi2_level": 0.997, "chi2_df": 3, "chi2_threshold": 13.931422665512084, "N_raw": 11, "N_roi": 11, "N_inlier": 10, "refit": true}
{"timestamp": "12:19:26.591082", "frame": 26, "mu": [-1.8221862743514934, 4.054679006303169, 0.7017074141195243], "Sigma": [[0.02364376781043999, 0.003964409605899438, -0.008332552969989044], [0.003964409605899438, 0.002364187783068358, -0.007068006665704669], [-0.008332552969989042, -0.00706800666570467, 0.04396014171073001]], "chi2_level": 0.997, "chi2_df": 3, "chi2_threshold": 13.931422665512084, "N_raw": 51, "N_roi": 51, "N_inlier": 50, "refit": true}
{"timestamp": "12:19:26.644358", "frame": 27, "mu": [-1.7282043875821416, 3.9931631855019663, 0.692934699588089], "Sigma": [[0.024807743155639828, 0.0040331944623175665, -0.02497972223283842], [0.0040331944623175665, 0.0013035215757227147, -0.006616624555849424], [-0.02497972223283842, -0.006616624555849424, 0.04419948332433865]], "chi2_level": 0.997, "chi2_df": 3, "chi2_threshold": 13.931422665512084, "N_raw": 39, "N_roi": 37, "N_inlier": 37, "refit": true}
{"timestamp": "12:19:26.697987", "frame": 28, "mu": [-1.8498542171428254, 3.9233031250667443, 0.7203965330847938], "Sigma": [[0.017997206213084076, 0.0006245320201603792, -0.011720689720046976], [0.0006245320201603791, 0.002335444834796987, -0.0034561101142899023], [-0.011720689720046976, -0.0034561101142899027, 0.01451037879953954]], "chi2_level": 0.997, "chi2_df": 3, "chi2_threshold": 13.931422665512084, "N_raw": 27, "N_roi": 27, "N_inlier": 26, "refit": true}
{"timestamp": "12:19:26.753489", "frame": 29, "mu": [-1.7669865914930538, 3.814668029833974, 0.567277511477908], "Sigma": [[0.026929771407453583, 0.0020313730997643304, -0.015755443120552534], [0.0020313730997643304, 0.0016849157473631923, -0.0041456298673217575], [-0.015755443120552534, -0.0041456298673217575, 0.02513592943134746]], "chi2_level": 0.997, "chi2_df": 3, "chi2_threshold": 13.931422665512084, "N_raw": 36, "N_roi": 36, "N_inlier": 35, "refit": true}
{"timestamp": "12:19:26.806482", "frame": 30, "mu": [-1.8569029212531585, 3.7444823920139916, 0.8108680121507618], "Sigma": [[0.014695366137104244, 0.0004560342542256809, -0.008293985698596506], [0.00045603425422568094, 0.0005410410195450131, -0.0032182894729663103], [-0.008293985698596507, -0.0032182894729663107, 0.03152151225635127]], "chi2_level": 0.997, "chi2_df": 3, "chi2_threshold": 13.931422665512084, "N_raw": 22, "N_roi": 22, "N_inlier": 21, "refit": true}
{"timestamp": "12:19:26.866045", "frame": 31, "mu": [-1.7705002791849336, 3.872440917067575, -0.36068410261896006], "Sigma": [[0.02346160759601917, 0.008173759013545577, -0.023014195530900918], [0.008173759013545575, 0.008689935428581859, -0.025900954651645575], [-0.023014195530900915, -0.025900954651645575, 0.09323170845892688]], "chi2_level": 0.997, "chi2_df": 3, "chi2_threshold": 13.931422665512084, "N_raw": 52, "N_roi": 52, "N_inlier": 51, "refit": true}
{"timestamp": "12:19:26.917255", "frame": 32, "mu": [-1.8795280822810903, 3.5718484541395568, 0.5158221998558865], "Sigma": [[0.02433585429415594, -0.005296476394217928, -0.013020414134173458], [-0.005296476394217929, 0.0023231946463824226, 0.0047772361150837574], [-0.013020414134173458, 0.0047772361150837574, 0.04077714587119277]], "chi2_level": 0.997, "chi2_df": 3, "chi2_threshold": 13.931422665512084, "N_raw": 13, "N_roi": 13, "N_inlier": 12, "refit": true}
{"timestamp": "12:19:26.969286", "frame": 33, "mu": [-1.849864300921426, 3.5384588934531758, 0.8225214646648348], "Sigma": [[0.010766123968730088, 0.0009622616926902865, 0.004929612352900573], [0.0009622616926902864, 0.0023220987642285427, -0.006054473387732524], [0.004929612352900573, -0.006054473387732524, 0.08092744111816846]], "chi2_level": 0.997, "chi2_df": 3, "chi2_threshold": 13.931422665512084, "N_raw": 7, "N_roi": 7, "N_inlier": 7, "refit": true}
{"timestamp": "12:19:27.027076", "frame": 34, "mu": [-1.7661894508435934, 3.4716655009733013, 0.9022538845782234], "Sigma": [[0.015542865853083983, 0.003875443020205445, -0.015706615349726137], [0.003875443020205445, 0.0024101310708903785, -0.01009294209773505], [-0.015706615349726137, -0.01009294209773505, 0.06341262605643305]], "chi2_level": 0.997, "chi2_df": 3, "chi2_threshold": 13.931422665512084, "N_raw": 29, "N_roi": 28, "N_inlier": 27, "refit": true}
{"timestamp": "12:19:27.080046", "frame": 35, "mu": [-1.8796726650931852, 3.4288139145155463, 0.8051004989632673], "Sigma": [[0.02784277529786506, -0.0034154756279459234, 0.0038358288479072855], [-0.0034154756279459234, 0.00413213569224441, -0.014300658500839203], [0.003835828847907288, -0.014300658500839203, 0.08604310045189535]], "chi2_level": 0.997, "chi2_df": 3, "chi2_threshold": 13.931422665512084, "N_raw": 9, "N_roi": 9, "N_inlier": 9, "refit": true}
{"timestamp": "12:19:27.138416", "frame": 36, "mu": [-1.8297635213583447, 3.320586477900318, 1.087850505193083], "Sigma": [[0.01914366159707941, 0.005761714394251027, -0.008074797911992348], [0.005761714394251027, 0.007474669024636665, -0.013901933052697955], [-0.008074797911992348, -0.013901933052697957, 0.04104259353777297]], "chi2_level": 0.997, "chi2_df": 3, "chi2_threshold": 13.931422665512084, "N_raw": 42, "N_roi": 42, "N_inlier": 41, "refit": true}
{"timestamp": "12:19:27.192383", "frame": 37, "mu": [-1.7283671637577047, 3.348794772572737, 0.6482198501716555], "Sigma": [[0.019719496974592618, 0.0017779578624268673, -0.005659899096978991], [0.001777957862426867, 0.0012448263145250222, -0.0020107476739653057], [-0.005659899096978991, -0.0020107476739653057, 0.010166035015022655]], "chi2_level": 0.997, "chi2_df": 3, "chi2_threshold": 13.931422665512084, "N_raw": 27, "N_roi": 27, "N_inlier": 26, "refit": true}
{"timestamp": "12:19:27.244118", "frame": 38, "mu": [-1.791602800407972, 3.2599499480990524, 0.7743222748178887], "Sigma": [[0.01822442181379578, -0.0025544218678198276, 0.012958583038061694], [-0.0025544218678198276, 0.003614287300034324, -0.00851723350407216], [0.012958583038061694, -0.008517233504072162, 0.03978616084923562]], "chi2_level": 0.997, "chi2_df": 3, "chi2_threshold": 13.931422665512084, "N_raw": 13, "N_roi": 13, "N_inlier": 12, "refit": true}
{"timestamp": "12:19:27.302658", "frame": 39, "mu": [-1.8666934033515497, 3.194513474835437, 0.7541576008614741], "Sigma": [[0.019410869924025888, 0.0002965114021141953, -0.005119993418155998], [0.0002965114021141952, 0.0017399406078258586, -0.000739782570324276], [-0.005119993418155998, -0.0007397825703242764, 0.043963138481599204]], "chi2_level": 0.997, "chi2_df": 3, "chi2_threshold": 13.931422665512084, "N_raw": 35, "N_roi": 35, "N_inlier": 34, "refit": true}
{"timestamp": "12:19:27.363110", "frame": 40, "mu": [-1.907294064652959, 3.299188128991076, -0.342259155113085], "Sigma": [[0.019264786193364636, 0.0020517696776318453, 0.007167235676772085], [0.0020517696776318453, 0.009124312503793327, -0.018616048976221884], [0.007167235676772084, -0.018616048976221884, 0.06627364860683865]], "chi2_level": 0.997, "chi2_df": 3, "chi2_threshold": 13.931422665512084, "N_raw": 64, "N_roi": 64, "N_inlier": 63, "refit": true}
{"timestamp": "12:19:27.416305", "frame": 41, "mu": [-1.9039277748932015, 3.2465487681881093, -0.9340096007974458], "Sigma": [[0.020280808100478928, 0.017144639628161394, 0.020435742967938285], [0.017144639628161394, 0.03144327319017603, 0.04253024293208759], [0.020435742967938285, 0.04253024293208759, 0.08965425903122248]], "chi2_level": 0.997, "chi2_df": 3, "chi2_threshold": 13.931422665512084, "N_raw": 52, "N_roi": 50, "N_inlier": 49, "refit": true}
{"timestamp": "12:19:27.464142", "frame": 42, "mu": [-1.9202975989337527, 2.919559405799679, 1.1595102307880798], "Sigma": [[0.008896864063126578, -0.006070528085096494, 0.005964296862920672], [-0.006070528085096494, 0.006455907819171805, -0.017389278393990723], [0.005964296862920672, -0.017389278393990723, 0.10768435557918467]], "chi2_level": 0.997, "chi2_df": 3, "chi2_threshold": 13.931422665512084, "N_raw": 6, "N_roi": 6, "N_inlier": 6, "refit": true}
{"timestamp": "12:19:27.518697", "frame": 43, "mu": [-1.7510076247797985, 2.920428796053583, 0.8425921722945102], "Sigma": [[0.0005763519536833384, 0.0008589541800832194, -0.0019747616122028234], [0.0008589541800832194, 0.0038737295448205353, -0.007531126968525424], [-0.001974761612202824, -0.007531126968525421, 0.016107012265104075]], "chi2_level": 0.997, "chi2_df": 3, "chi2_threshold": 13.931422665512084, "N_raw": 5, "N_roi": 5, "N_inlier": 5, "refit": true}
{"timestamp": "12:19:27.629928", "frame": 45, "mu": [-1.8892057704624206, 2.7550941175957204, 0.9247084460936331], "Sigma": [[0.014547679587425288, -0.005065001623230218, 0.026920523947421535], [-0.005065001623230218, 0.005960830383811532, -0.015713267327589292], [0.026920523947421535, -0.015713267327589292, 0.07644236212796762]], "chi2_level": 0.997, "chi2_df": 3, "chi2_threshold": 13.931422665512084, "N_raw": 12, "N_roi": 12, "N_inlier": 11, "refit": true}
{"timestamp": "12:19:27.690900", "frame": 46, "mu": [-1.848669749652487, 2.68423793903311, 0.9782681850165694], "Sigma": [[0.01880211290984401, 0.003991888125139659, 0.008643684329072247], [0.003991888125139659, 0.005222411005324079, -0.004598416111087811], [0.008643684329072246, -0.004598416111087811, 0.036512311127755395]], "chi2_level": 0.997, "chi2_df": 3, "chi2_threshold": 13.931422665512084, "N_raw": 53, "N_roi": 53, "N_inlier": 53, "refit": true}
{"timestamp": "12:19:27.746475", "frame": 47, "mu": [-1.828385711220047, 2.696671259262116, 0.8932862694348913], "Sigma": [[0.045354621119050205, 0.0026940060414912714, 0.009675131885918429], [0.0026940060414912714, 0.0017050457834658713, -0.001989627801771883], [0.009675131885918429, -0.0019896278017718836, 0.02250252547349521]], "chi2_level": 0.997, "chi2_df": 3, "chi2_threshold": 13.931422665512084, "N_raw": 55, "N_roi": 55, "N_inlier": 55, "refit": true}
{"timestamp": "12:19:27.797940", "frame": 48, "mu": [-1.8349972441171551, 2.5546699805727733, 1.034484078479916], "Sigma": [[0.021531344710276054, 0.010480455898765131, -0.03978765934006147], [0.010480455898765131, 0.009932664188382042, -0.03166459890342372], [-0.03978765934006147, -0.03166459890342372, 0.1269618393564765]], "chi2_level": 0.997, "chi2_df": 3, "chi2_threshold": 13.931422665512084, "N_raw": 32, "N_roi": 32, "N_inlier": 30, "refit": true}
{"timestamp": "12:19:27.853629", "frame": 49, "mu": [-1.7839505917673548, 2.519061473913527, 0.9457910721847221], "Sigma": [[0.013276813985258677, 0.00546873190431114, -0.021189335951182567], [0.00546873190431114, 0.004432553227399484, -0.014517449934180936], [-0.021189335951182567, -0.014517449934180936, 0.06780531861973721]], "chi2_level": 0.997, "chi2_df": 3, "chi2_threshold": 13.931422665512084, "N_raw": 39, "N_roi": 39, "N_inlier": 37, "refit": true}
{"timestamp": "12:19:27.909015", "frame": 50, "mu": [-1.899372405221763, 2.47710369823327, 0.8792273542330901], "Sigma": [[0.05464780035679288, 0.008214415208970094, -0.006276367177902725], [0.008214415208970094, 0.0026137674710947816, -0.003090194006131302], [-0.006276367177902725, -0.003090194006131302, 0.024193900622357545]], "chi2_level": 0.997, "chi2_df": 3, "chi2_threshold": 13.931422665512084, "N_raw": 30, "N_roi": 27, "N_inlier": 26, "refit": true}
{"timestamp": "12:19:27.966657", "frame": 51, "mu": [-1.8060287879666843, 2.4366828754590344, 0.9722451917291488], "Sigma": [[0.01436948880821194, 0.0027485604479711404, -0.006494558023343809], [0.0027485604479711404, 0.0016063281693423136, -0.003341032300887163], [-0.00649455802334381, -0.003341032300887163, 0.045885489817726235]], "chi2_level": 0.997, "chi2_df": 3, "chi2_threshold": 13.931422665512084, "N_raw": 52, "N_roi": 52, "N_inlier": 52, "refit": true}
{"timestamp": "12:19:28.019541", "frame": 52, "mu": [-1.787181254385297, 2.3899807776305444, 0.9245391709543084], "Sigma": [[0.013281033870929269, 0.004443675970797919, -0.004097960612278595], [0.004443675970797919, 0.0035053722430749418, 0.002843501962800956], [-0.004097960612278595, 0.0028435019628009566, 0.04735525768513463]], "chi2_level": 0.997, "chi2_df": 3, "chi2_threshold": 13.931422665512084, "N_raw": 44, "N_roi": 44, "N_inlier": 43, "refit": true}
{"timestamp": "12:19:28.073951", "frame": 53, "mu": [-1.8076505183170373, 2.2774020006777724, 0.9074345454413503], "Sigma": [[0.02406649192339921, 0.01657026551146211, -0.03115990965220777], [0.016570265511462113, 0.016526042255017245, -0.02729722735735925], [-0.031159909652207766, -0.02729722735735925, 0.06384031842018513]], "chi2_level": 0.997, "chi2_df": 3, "chi2_threshold": 13.931422665512084, "N_raw": 41, "N_roi": 41, "N_inlier": 39, "refit": true}
{"timestamp": "12:19:28.130716", "frame": 54, "mu": [-1.9677079556022565, 2.1706763361120025, -0.4898591860304172], "Sigma": [[0.038965574753171445, 0.04746337667032707, -0.009309898332692478], [0.04746337667032707, 0.0874172023629882, -0.02784440948219431], [-0.009309898332692478, -0.027844409482194313, 0.040412879894375905]], "chi2_level": 0.997, "chi2_df": 3, "chi2_threshold": 13.931422665512084, "N_raw": 54, "N_roi": 52, "N_inlier": 52, "refit": true}
{"timestamp": "12:19:28.186742", "frame": 55, "mu": [-1.8047564526971878, 2.3104782749656754, -0.3230688173194037], "Sigma": [[0.011884722423840631, 0.003596610419425845, -0.0033873447422751923], [0.003596610419425845, 0.00918468841160563, -0.008400640879296109], [-0.003387344742275192, -0.008400640879296109, 0.015133343975133613]], "chi2_level": 0.997, "chi2_df": 3, "chi2_threshold": 13.931422665512084, "N_raw": 51, "N_roi": 48, "N_inlier": 46, "refit": true}
{"timestamp": "12:19:28.236716", "frame": 56, "mu": [-1.7592760482454846, 2.114662894868727, 1.136955277307735], "Sigma": [[0.007686608051677421, 0.002671207911457053, -0.001988131215515683], [0.002671207911457053, 0.0022493001780791947, -0.0017492385627314341], [-0.001988131215515683, -0.0017492385627314341, 0.002270949078268863]], "chi2_level": 0.997, "chi2_df": 3, "chi2_threshold": 13.931422665512084, "N_raw": 18, "N_roi": 18, "N_inlier": 16, "refit": true}
{"timestamp": "12:19:28.291030", "frame": 57, "mu": [-1.789843950406057, 1.9939577603279088, 0.9880911100742051], "Sigma": [[0.004989994915145986, 0.002559859045180167, -0.0040463110721223605], [0.002559859045180167, 0.0030319284641218205, -0.006301171626065201], [-0.0040463110721223605, -0.006301171626065202, 0.01758481088251459]], "chi2_level": 0.997, "chi2_df": 3, "chi2_threshold": 13.931422665512084, "N_raw": 24, "N_roi": 24, "N_inlier": 23, "refit": true}
{"timestamp": "12:19:28.351123", "frame": 58, "mu": [-2.026384368074016, 1.6300640473571948, 1.434318026958514], "Sigma": [[0.029074622799392345, 0.019805110209208106, -0.018355316085710623], [0.01980511020920811, 0.01840544524926062, -0.01752517015934878], [-0.018355316085710623, -0.01752517015934878, 0.019226149433610944]], "chi2_level": 0.997, "chi2_df": 3, "chi2_threshold": 13.931422665512084, "N_raw": 59, "N_roi": 59, "N_inlier": 58, "refit": true}
{"timestamp": "12:19:28.409707", "frame": 59, "mu": [-2.097044168428775, 1.54415749581558, 1.5425710168258788], "Sigma": [[0.026398121726046157, 0.019692448623843384, -0.0171658387354287], [0.019692448623843384, 0.023692930993700973, -0.019924681583013235], [-0.0171658387354287, -0.019924681583013235, 0.018894847771139218]], "chi2_level": 0.997, "chi2_df": 3, "chi2_threshold": 13.931422665512084, "N_raw": 80, "N_roi": 80, "N_inlier": 78, "refit": true}
{"timestamp": "12:19:28.462921", "frame": 60, "mu": [-1.8342316021995326, 1.6802398358614061, 1.3112904868349868], "Sigma": [[0.0502040191152223, 0.043910674904635835, -0.05362653386360254], [0.043910674904635835, 0.04843667799242554, -0.05229871553486576], [-0.05362653386360254, -0.05229871553486575, 0.062197453465452864]], "chi2_level": 0.997, "chi2_df": 3, "chi2_threshold": 13.931422665512084, "N_raw": 67, "N_roi": 67, "N_inlier": 66, "refit": true}
{"timestamp": "12:19:28.516136", "frame": 61, "mu": [-1.9269052577455317, 1.6380533390872734, 1.2774779456688137], "Sigma": [[0.023342633354965864, 0.01687526408828162, -0.02027181407965324], [0.01687526408828162, 0.022882658530100734, -0.020305478298105514], [-0.02027181407965324, -0.020305478298105518, 0.023641868627318707]], "chi2_level": 0.997, "chi2_df": 3, "chi2_threshold": 13.931422665512084, "N_raw": 55, "N_roi": 55, "N_inlier": 54, "refit": true}
{"timestamp": "12:19:28.567987", "frame": 62, "mu": [-1.9164514613089445, 1.501308373076465, 1.2787909757636768], "Sigma": [[0.0161806110533102, 0.005233176414551625, -0.013515611970102728], [0.005233176414551625, 0.014059759993812542, -0.004299181524449783], [-0.013515611970102726, -0.004299181524449783, 0.015495270158854223]], "chi2_level": 0.997, "chi2_df": 3, "chi2_threshold": 13.931422665512084, "N_raw": 32, "N_roi": 32, "N_inlier": 31, "refit": true}
{"timestamp": "12:19:28.621989", "frame": 63, "mu": [-1.8573710640464298, 1.5069915147274122, 1.193701101678363], "Sigma": [[0.010156403766847576, 0.00894945951954221, -0.01112280977142038], [0.00894945951954221, 0.024756874189859838, -0.024108895115378608], [-0.01112280977142038, -0.024108895115378608, 0.026546897657744317]], "chi2_level": 0.997, "chi2_df": 3, "chi2_threshold": 13.931422665512084, "N_raw": 28, "N_roi": 28, "N_inlier": 27, "refit": true}
{"timestamp": "12:19:28.681707", "frame": 64, "mu": [-1.921159002228537, 1.3306123988174172, 1.3475368217687413], "Sigma": [[0.011438338586504747, 0.007163149565064739, -0.008192436330890562], [0.007163149565064739, 0.013601204509543935, -0.010072818213668264], [-0.008192436330890562, -0.010072818213668264, 0.00990284825703422]], "chi2_level": 0.997, "chi2_df": 3, "chi2_threshold": 13.931422665512084, "N_raw": 61, "N_roi": 61, "N_inlier": 56, "refit": true}
{"timestamp": "12:19:28.735136", "frame": 65, "mu": [-1.9224682929954005, 1.2454896550770558, 1.3275642728743808], "Sigma": [[0.008686039257384367, 0.006081638344427048, -0.007205436863399969], [0.006081638344427047, 0.01440855242105323, -0.010873483789740448], [-0.007205436863399969, -0.010873483789740448, 0.010025590854264757]], "chi2_level": 0.997, "chi2_df": 3, "chi2_threshold": 13.931422665512084, "N_raw": 47, "N_roi": 47, "N_inlier": 45, "refit": true}
{"timestamp": "12:19:28.791989", "frame": 66, "mu": [-1.9152498883359432, 1.1112129336518326, 1.1819053439745026], "Sigma": [[0.011706509384546667, 0.009921349113425184, -0.004546728508635688], [0.009921349113425182, 0.023787085945312404, -0.009369599706650786], [-0.004546728508635689, -0.009369599706650786, 0.005373444120403068]], "chi2_level": 0.997, "chi2_df": 3, "chi2_threshold": 13.931422665512084, "N_raw": 60, "N_roi": 60, "N_inlier": 59, "refit": true}
{"timestamp": "12:19:28.849581", "frame": 67, "mu": [-1.8596464869202733, 1.1548470426393482, 1.176430526474692], "Sigma": [[0.013035719348094318, 0.01405005585978549, -0.005835745326197182], [0.014050055859785492, 0.02364112100807243, -0.014401554308426103], [-0.005835745326197182, -0.014401554308426105, 0.013310528784332283]], "chi2_level": 0.997, "chi2_df": 3, "chi2_threshold": 13.931422665512084, "N_raw": 76, "N_roi": 76, "N_inlier": 76, "refit": true}
{"timestamp": "12:19:28.900417", "frame": 68, "mu": [-1.859192019817782, 1.208441860309325, -0.68037337828576], "Sigma": [[0.008814799165381125, 0.011748396914886597, 0.00951000269409812], [0.011748396914886597, 0.033399228314226787, 0.015745538762425477], [0.009510002694098121, 0.015745538762425477, 0.02171671309943978]], "chi2_level": 0.997, "chi2_df": 3, "chi2_threshold": 13.931422665512084, "N_raw": 49, "N_roi": 49, "N_inlier": 48, "refit": true}
{"timestamp": "12:19:28.963892", "frame": 69, "mu": [-1.875640295483919, 1.1084531217343956, 1.075647347854809], "Sigma": [[0.018726923077601904, 0.016885310475298496, 0.006319246574613392], [0.016885310475298496, 0.025045377118037948, -0.002346544757535376], [0.006319246574613392, -0.0023465447575353755, 0.03644568771461187]], "chi2_level": 0.997, "chi2_df": 3, "chi2_threshold": 13.931422665512084, "N_raw": 108, "N_roi": 108, "N_inlier": 108, "refit": true}
{"timestamp": "12:19:29.011739", "frame": 70, "mu": [-1.8866937993596766, 1.0499372025734308, 1.116484037766878], "Sigma": [[0.008679589740566976, 0.003758435717058712, 0.00042225020219903035], [0.003758435717058711, 0.008765559234708946, -0.003995218503032383], [0.00042225020219903073, -0.003995218503032382, 0.031616036229203885]], "chi2_level": 0.997, "chi2_df": 3, "chi2_threshold": 13.931422665512084, "N_raw": 58, "N_roi": 58, "N_inlier": 58, "refit": true}
{"timestamp": "12:19:29.068706", "frame": 71, "mu": [-1.8504527219200688, 0.9840201134011052, 1.2139288035397051], "Sigma": [[0.011392942621832653, 0.0066634309392505685, -0.0038845059208024585], [0.0066634309392505685, 0.013166413618062934, -0.011769478050863286], [-0.0038845059208024585, -0.011769478050863286, 0.01611711389518056]], "chi2_level": 0.997, "chi2_df": 3, "chi2_threshold": 13.931422665512084, "N_raw": 79, "N_roi": 79, "N_inlier": 78, "refit": true}
{"timestamp": "12:19:29.119702", "frame": 72, "mu": [-1.8131851579602158, 0.9385578510501672, 1.1915741897429024], "Sigma": [[0.005216814626259364, 0.00203689408489058, 0.00017838261163690203], [0.00203689408489058, 0.010087718657871845, -0.0070520627747598305], [0.00017838261163690187, -0.0070520627747598305, 0.006694425260383629]], "chi2_level": 0.997, "chi2_df": 3, "chi2_threshold": 13.931422665512084, "N_raw": 43, "N_roi": 43, "N_inlier": 42, "refit": true}
{"timestamp": "12:19:29.177006", "frame": 73, "mu": [-1.8448197362556635, 0.857687392022602, 1.2206889553459166], "Sigma": [[0.008566182617539275, 0.006728989146188852, -0.004772745956382892], [0.006728989146188852, 0.02067702499348158, -0.016949724791805912], [-0.004772745956382892, -0.016949724791805912, 0.019235956766275535]], "chi2_level": 0.997, "chi2_df": 3, "chi2_threshold": 13.931422665512084, "N_raw": 59, "N_roi": 59, "N_inlier": 59, "refit": true}
{"timestamp": "12:19:29.231061", "frame": 74, "mu": [-1.7993297743246726, 0.9243323021739721, 1.062685269700553], "Sigma": [[0.006452066129037387, 0.004376611332143688, -0.0001272504016857287], [0.004376611332143688, 0.01078374952972708, 0.005809719887470153], [-0.00012725040168572882, 0.005809719887470152, 0.038740467076699606]], "chi2_level": 0.997, "chi2_df": 3, "chi2_threshold": 13.931422665512084, "N_raw": 59, "N_roi": 59, "N_inlier": 58, "refit": true}
{"timestamp": "12:19:29.284570", "frame": 75, "mu": [-1.7314370525247118, 0.7708855326377075, 1.2139292401798838], "Sigma": [[0.005211638532445009, 0.0038712789776254274, -0.001172644690724429], [0.0038712789776254274, 0.007330182330238167, -0.004453028900866678], [-0.0011726446907244286, -0.004453028900866678, 0.004419542631551422]], "chi2_level": 0.997, "chi2_df": 3, "chi2_threshold": 13.931422665512084, "N_raw": 39, "N_roi": 39, "N_inlier": 36, "refit": true}
{"timestamp": "12:19:29.340706", "frame": 76, "mu": [-1.7553318109179974, 0.7695556074398247, -0.6308005614764199], "Sigma": [[0.010187185688640856, 0.010132753658946838, 0.003999625179154681], [0.010132753658946838, 0.03996940149043139, 0.006752679915260026], [0.003999625179154681, 0.006752679915260026, 0.0029330753095349413]], "chi2_level": 0.997, "chi2_df": 3, "chi2_threshold": 13.931422665512084, "N_raw": 57, "N_roi": 57, "N_inlier": 57, "refit": true}
{"timestamp": "12:19:29.396129", "frame": 77, "mu": [-1.4754513888085383, 0.5747512466798281, 1.072191364190918], "Sigma": [[0.8954563523327225, -0.033561325443933816, 0.03475779530700065], [-0.03356132544393381, 0.011221674585885215, -0.00608832154258615], [0.034757795307000655, -0.00608832154258615, 0.01319681420020358]], "chi2_level": 0.997, "chi2_df": 3, "chi2_threshold": 13.931422665512084, "N_raw": 59, "N_roi": 59, "N_inlier": 59, "refit": true}
{"timestamp": "12:19:29.448212", "frame": 78, "mu": [-1.7303984137060309, 0.8354946239655291, -0.7915198500540559], "Sigma": [[0.003896764664392674, 0.003909019647871775, 0.002526755839029284], [0.003909019647871775, 0.006496363767290348, -0.00044938960335941876], [0.002526755839029284, -0.000449389603359419, 0.01638883162996533]], "chi2_level": 0.997, "chi2_df": 3, "chi2_threshold": 13.931422665512084, "N_raw": 37, "N_roi": 37, "N_inlier": 36, "refit": true}
{"timestamp": "12:19:29.508335", "frame": 79, "mu": [-1.4107619303057772, 0.467399883594918, 0.9274043939255036], "Sigma": [[0.8558415105713155, -0.0389147361251124, -0.0622385678005717], [-0.03891473612511239, 0.019586622727134788, 0.023742157303422252], [-0.0622385678005717, 0.023742157303422252, 0.062050747378101984]], "chi2_level": 0.997, "chi2_df": 3, "chi2_threshold": 13.931422665512084, "N_raw": 77, "N_roi": 77, "N_inlier": 76, "refit": true}
{"timestamp": "12:19:29.563885", "frame": 80, "mu": [-0.893480603719137, 0.4405330922329751, 1.0543588005873463], "Sigma": [[1.9378979685671045, -0.10005035240377294, -0.16896106507256603], [-0.10005035240377294, 0.017291179196860667, 0.018536067862731462], [-0.16896106507256603, 0.018536067862731462, 0.05299325038082462]], "chi2_level": 0.997, "chi2_df": 3, "chi2_threshold": 13.931422665512084, "N_raw": 69, "N_roi": 69, "N_inlier": 69, "refit": true}
{"timestamp": "12:19:29.616286", "frame": 81, "mu": [-1.0791406230971423, 0.4086156165009549, 1.0853598127389519], "Sigma": [[1.5472914141134155, -0.018869725887066396, -0.01770934719143797], [-0.018869725887066396, 0.004184214094076142, -0.0004630813438287689], [-0.017709347191437973, -0.0004630813438287688, 0.017550420492179402]], "chi2_level": 0.997, "chi2_df": 3, "chi2_threshold": 13.931422665512084, "N_raw": 54, "N_roi": 54, "N_inlier": 53, "refit": true}
{"timestamp": "12:19:29.670663", "frame": 82, "mu": [-0.2770013111681933, 0.5661697260609438, -0.8094033016245702], "Sigma": [[2.457010487962956, -0.029894701323718867, 0.024940406374473242], [-0.029894701323718867, 0.004982470314293364, -0.0007632949968400698], [0.02494040637447325, -0.0007632949968400698, 0.0034236519994389272]], "chi2_level": 0.997, "chi2_df": 3, "chi2_threshold": 13.931422665512084, "N_raw": 49, "N_roi": 49, "N_inlier": 47, "refit": true}
{"timestamp": "12:19:29.723101", "frame": 83, "mu": [-0.6949810782529169, 0.39113984496783444, 1.0210557423281066], "Sigma": [[2.1894115728247154, -0.012481123737767618, -0.012929500487277312], [-0.012481123737767611, 0.006500121108696708, 0.0014889712639583733], [-0.012929500487277316, 0.0014889712639583733, 0.009782839230123385]], "chi2_level": 0.997, "chi2_df": 3, "chi2_threshold": 13.931422665512084, "N_raw": 34, "N_roi": 34, "N_inlier": 32, "refit": true}
{"timestamp": "12:19:29.777307", "frame": 84, "mu": [0.05307819142980633, 0.32789856191947164, 0.715462211961675], "Sigma": [[2.850837521794677, 0.07344762615411665, -0.19934908205138063], [0.07344762615411662, 0.01058484506404511, 0.009733108893445605], [-0.1993490820513806, 0.009733108893445605, 0.11475324919020917]], "chi2_level": 0.997, "chi2_df": 3, "chi2_threshold": 13.931422665512084, "N_raw": 23, "N_roi": 23, "N_inlier": 23, "refit": true}
{"timestamp": "12:19:29.829664", "frame": 85, "mu": [-0.43031980907785483, 0.3233710292275882, 1.0521788777458452], "Sigma": [[2.2218653894289835, 0.014058431448235667, 0.008701912138146422], [0.014058431448235667, 0.005967321047017593, -0.017411903773291434], [0.008701912138146422, -0.017411903773291434, 0.14495989165126794]], "chi2_level": 0.997, "chi2_df": 3, "chi2_threshold": 13.931422665512084, "N_raw": 10, "N_roi": 10, "N_inlier": 10, "refit": true}
{"timestamp": "12:19:29.939196", "frame": 87, "mu": [1.405221628604769, 0.34827884769854045, 0.7753287710737881], "Sigma": [[0.2352625969436984, 0.023139621706989362, -0.2653264960568148], [0.023139621706989362, 0.008548119513062806, -0.020673978392267815], [-0.2653264960568148, -0.020673978392267815, 0.35210074799805524]], "chi2_level": 0.997, "chi2_df": 3, "chi2_threshold": 13.931422665512084, "N_raw": 7, "N_roi": 7, "N_inlier": 7, "refit": true}
