{"timestamp": "12:20:42.327761", "frame": 26, "mu": [1.8792590082866756, 0.7578973472451661, 1.1813049185122702], "Sigma": [[0.0172390531107382, -0.0017543264805324422, -0.034330506691475624], [-0.0017543264805324422, 0.0017358070967134313, -0.006011341816440763], [-0.034330506691475624, -0.006011341816440763, 0.14326423368511143]], "chi2_level": 0.997, "chi2_df": 3, "chi2_threshold": 13.931422665512084, "N_raw": 6, "N_roi": 6, "N_inlier": 6, "refit": true}
{"timestamp": "12:20:42.383302", "frame": 27, "mu": [1.7758867038462225, 0.8386079720566151, 1.4205782206172253], "Sigma": [[0.01970223232538491, -5.347272978458145e-07, 0.01164314006413349], [-5.347272978460313e-07, 0.00048414954880338047, -0.00027844541598624425], [0.01164314006413349, -0.00027844541598624414, 0.008968566028414246]], "chi2_level": 0.997, "chi2_df": 3, "chi2_threshold": 13.931422665512084, "N_raw": 6, "N_roi": 6, "N_inlier": 6, "refit": true}
{"timestamp": "12:20:42.438050", "frame": 28, "mu": [1.683961395477648, 0.7708638460981605, 1.5638166947949603], "Sigma": [[0.3050618287844223, 0.1390125765832849, -0.042276108456446936], [0.1390125765832849, 0.0664073679205214, -0.021172496065702786], [-0.042276108456446936, -0.021172496065702786, 0.007837127692559457]], "chi2_level": 0.997, "chi2_df": 3, "chi2_threshold": 13.931422665512084, "N_raw": 5, "N_roi": 5, "N_inlier": 5, "refit": true}
{"timestamp": "12:20:42.549403", "frame": 30, "mu": [1.8193139818472805, 0.920273632735819, 1.234628890453254], "Sigma": [[0.005713209684018827, -0.0024371236800531126, -0.004696645680361359], [-0.0024371236800531126, 0.002755767044509097, 0.0027421895178971444], [-0.004696645680361359, 0.0027421895178971444, 0.005699963377861303]], "chi2_level": 0.997, "chi2_df": 3, "chi2_threshold": 13.931422665512084, "N_raw": 9, "N_roi": 9, "N_inlier": 8, "refit": true}
{"timestamp": "12:20:42.603622", "frame": 31, "mu": [1.861162377901112, 1.0571575603023549, 1.4756712950462438], "Sigma": [[0.014247148447453893, -0.002783193011246559, 0.004655186727303662], [-0.0027831930112465595, 0.0013190598315724305, -0.0010748589854831566], [0.004655186727303664, -0.0010748589854831566, 0.013089157672052194]], "chi2_level": 0.997, "chi2_df": 3, "chi2_threshold": 13.931422665512084, "N_raw": 5, "N_roi": 5, "N_inlier": 5, "refit": true}
{"timestamp": "12:20:42.658374", "frame": 32, "mu": [1.8412113824261152, 1.0482512357145366, 1.2358873961754628], "Sigma": [[0.0048359251019960215, 0.0014633066777560077, 0.0035872062398028303], [0.0014633066777560073, 0.013254631185133583, 0.015595971011459264], [0.0035872062398028303, 0.015595971011459262, 0.021049188035138503]], "chi2_level": 0.997, "chi2_df": 3, "chi2_threshold": 13.931422665512084, "N_raw": 6, "N_roi": 6, "N_inlier": 6, "refit": true}
{"timestamp": "12:20:42.713220", "frame": 33, "mu": [1.7926093555909428, 1.2457845517563277, 1.3680363787415037], "Sigma": [[0.00847960740017016, 0.0023585480196423475, -0.00020225839096818738], [0.002358548019642348, 0.0026993819342385744, -0.00048756243677930536], [-0.0002022583909681874, -0.00048756243677930536, 0.0011232303636936772]], "chi2_level": 0.997, "chi2_df": 3, "chi2_threshold": 13.931422665512084, "N_raw": 5, "N_roi": 5, "N_inlier": 5, "refit": true}
{"timestamp": "12:20:42.771307", "frame": 34, "mu": [1.81509599346007, 1.341436468584666, 1.386615383195848], "Sigma": [[0.005959907318817234, -0.0018615565525130725, -0.002014995408049531], [-0.0018615565525130725, 0.005148697762961649, 0.0005397954275246448], [-0.002014995408049531, 0.0005397954275246448, 0.001015897934425071]], "chi2_level": 0.997, "chi2_df": 3, "chi2_threshold": 13.931422665512084, "N_raw": 24, "N_roi": 24, "N_inlier": 23, "refit": true}
{"timestamp": "12:20:42.823566", "frame": 35, "mu": [1.7963816668469763, 1.46871562004611, 1.4986769785186564], "Sigma": [[0.015379828283537653, 0.003810791449589945, 0.009200699562606843], [0.003810791449589945, 0.0017578294248595163, 0.0017943155824008278], [0.009200699562606843, 0.0017943155824008275, 0.01114568982788566]], "chi2_level": 0.997, "chi2_df": 3, "chi2_threshold": 13.931422665512084, "N_raw": 6, "N_roi": 6, "N_inlier": 6, "refit": true}
{"timestamp": "12:20:42.878525", "frame": 36, "mu": [1.8087192498136544, 1.455579478680261, 1.326116520188283], "Sigma": [[0.007996347553727584, -0.00043473813943739354, -0.0038331592748026555], [-0.00043473813943739365, 0.0011451585232490197, 0.0045698745258785645], [-0.0038331592748026555, 0.0045698745258785645, 0.026305818554855885]], "chi2_level": 0.997, "chi2_df": 3, "chi2_threshold": 13.931422665512084, "N_raw": 5, "N_roi": 5, "N_inlier": 5, "refit": true}
{"timestamp": "12:20:42.934107", "frame": 37, "mu": [1.7819047912961292, 1.5863213081135963, 1.4203790825384426], "Sigma": [[0.007885536882213263, 6.942220094280675e-05, 0.00043774300988786634], [6.942220094280675e-05, 0.003994868238579639, 0.009560254380644033], [0.00043774300988786634, 0.009560254380644034, 0.07851429227970418]], "chi2_level": 0.997, "chi2_df": 3, "chi2_threshold": 13.931422665512084, "N_raw": 10, "N_roi": 7, "N_inlier": 7, "refit": true}
{"timestamp": "12:20:42.990181", "frame": 38, "mu": [1.851979585621895, 1.5851407990184465, 1.4944419740357497], "Sigma": [[0.013504275930430774, -0.0013347213117301199, 0.018423742896098307], [-0.0013347213117301199, 0.0023370211939922007, -0.007858427810605305], [0.018423742896098307, -0.007858427810605306, 0.09905476970814542]], "chi2_level": 0.997, "chi2_df": 3, "chi2_threshold": 13.931422665512084, "N_raw": 13, "N_roi": 13, "N_inlier": 13, "refit": true}
{"timestamp": "12:20:43.043952", "frame": 39, "mu": [1.8380049000258065, 1.690087105092727, 1.6504008918489963], "Sigma": [[0.008008496591232138, 0.004313000388249052, 0.009177347315920415], [0.004313000388249051, 0.003767412521863314, 0.004219638899351277], [0.009177347315920415, 0.004219638899351277, 0.01176850261820526]], "chi2_level": 0.997, "chi2_df": 3, "chi2_threshold": 13.931422665512084, "N_raw": 5, "N_roi": 5, "N_inlier": 5, "refit": true}
{"timestamp": "12:20:43.098132", "frame": 40, "mu": [1.5780275556520085, 1.544852767560437, 1.4067661326551102], "Sigma": [[0.24598072622230654, 0.24328905669363698, -0.06758267640735184], [0.24328905669363698, 0.24537730320276077, -0.05923034708836413], [-0.06758267640735184, -0.05923034708836413, 0.041106773651831574]], "chi2_level": 0.997, "chi2_df": 3, "chi2_threshold": 13.931422665512084, "N_raw": 6, "N_roi": 6, "N_inlier": 6, "refit": true}
{"timestamp": "12:20:43.154004", "frame": 41, "mu": [1.743780848379894, 1.796184888902128, 1.6209002508019985], "Sigma": [[0.012681371195437911, 0.004783458252781718, 0.018794022529813166], [0.004783458252781718, 0.00304605687054751, 0.008063319651374194], [0.018794022529813166, 0.008063319651374195, 0.03050520666333335]], "chi2_level": 0.997, "chi2_df": 3, "chi2_threshold": 13.931422665512084, "N_raw": 5, "N_roi": 5, "N_inlier": 5, "refit": true}
{"timestamp": "12:20:43.266705", "frame": 43, "mu": [1.6838477884614833, 1.8793159151249337, 1.2983710093558303], "Sigma": [[0.008028682953776291, -0.0011855872812065352, 0.005985076403749671], [-0.0011855872812065354, 0.007402871222954714, 0.006868238289573694], [0.00598507640374967, 0.006868238289573693, 0.01466026007095628]], "chi2_level": 0.997, "chi2_df": 3, "chi2_threshold": 13.931422665512084, "N_raw": 25, "N_roi": 25, "N_inlier": 24, "refit": true}
{"timestamp": "12:20:43.321751", "frame": 44, "mu": [1.6203394857352382, 1.8891587542509043, 1.1754089755827934], "Sigma": [[0.006907509598066537, 0.00068785049857077, 0.007851052973157545], [0.0006878504985707708, 0.008443456436182167, 0.012526095948260943], [0.007851052973157545, 0.012526095948260941, 0.03119394232166373]], "chi2_level": 0.997, "chi2_df": 3, "chi2_threshold": 13.931422665512084, "N_raw": 23, "N_roi": 20, "N_inlier": 20, "refit": true}
{"timestamp": "12:20:43.375702", "frame": 45, "mu": [1.7249468664897787, 2.037774456261432, 1.1559326403530703], "Sigma": [[0.035795899599647046, -0.017088767356482626, -0.06272467935646342], [-0.017088767356482626, 0.02410154474828446, 0.07531371613304684], [-0.06272467935646342, 0.07531371613304685, 0.2524110592435433]], "chi2_level": 0.997, "chi2_df": 3, "chi2_threshold": 13.931422665512084, "N_raw": 12, "N_roi": 10, "N_inlier": 9, "refit": true}
{"timestamp": "12:20:43.429594", "frame": 46, "mu": [1.7003354410867808, 2.1784798205543083, 1.466834964323462], "Sigma": [[0.019552469810893806, -0.0011319862483941403, -0.02250476220184822], [-0.0011319862483941407, 0.00553208549244342, 0.02044072614934108], [-0.02250476220184822, 0.02044072614934108, 0.1001351989273905]], "chi2_level": 0.997, "chi2_df": 3, "chi2_threshold": 13.931422665512084, "N_raw": 7, "N_roi": 7, "N_inlier": 7, "refit": true}
{"timestamp": "12:20:43.483569", "frame": 47, "mu": [1.6633749302800525, 2.303756014829371, 1.4491722483921747], "Sigma": [[0.0028966658159656836, 0.00199525882913749, -0.004575185252642729], [0.0019952588291374898, 0.0015983360386567131, -0.0021317206313686784], [-0.004575185252642729, -0.002131720631368679, 0.02791729036308086]], "chi2_level": 0.997, "chi2_df": 3, "chi2_threshold": 13.931422665512084, "N_raw": 7, "N_roi": 5, "N_inlier": 5, "refit": true}
{"timestamp": "12:20:43.538208", "frame": 48, "mu": [1.6972311954326877, 2.3562604774758413, 1.761798077954418], "Sigma": [[0.00245134009600311, 0.00207947868811009, 0.003504573997422327], [0.0020794786881100902, 0.008097004179893957, 0.004622300221048807], [0.003504573997422327, 0.004622300221048807, 0.005969023748396602]], "chi2_level": 0.997, "chi2_df": 3, "chi2_threshold": 13.931422665512084, "N_raw": 5, "N_roi": 5, "N_inlier": 5, "refit": true}
{"timestamp": "12:20:43.648030", "frame": 50, "mu": [1.6962923005264414, 2.426524138761294, 1.346872396064284], "Sigma": [[0.0222201141265461, -0.0008513621244103074, -0.06974389455549872], [-0.0008513621244103072, 0.0026011323002063562, 0.015476570490281803], [-0.06974389455549872, 0.015476570490281802, 0.287177619090838]], "chi2_level": 0.997, "chi2_df": 3, "chi2_threshold": 13.931422665512084, "N_raw": 6, "N_roi": 6, "N_inlier": 6, "refit": true}
{"timestamp": "12:20:43.703435", "frame": 51, "mu": [1.5219135275574338, 2.188342628201727, 1.3927953144816099], "Sigma": [[0.2517364787864398, 0.3617728458098722, -0.1128989947936408], [0.3617728458098722, 0.579215100725652, -0.04801883251440797], [-0.1128989947936408, -0.04801883251440797, 0.29742324538578474]], "chi2_level": 0.997, "chi2_df": 3, "chi2_threshold": 13.931422665512084, "N_raw": 7, "N_roi": 7, "N_inlier": 7, "refit": true}
{"timestamp": "12:20:43.758163", "frame": 52, "mu": [1.6222924628882138, 2.521931877590699, 1.3594740310172106], "Sigma": [[0.007413326595047099, -0.008527194699314856, -0.034193878606732016], [-0.008527194699314856, 0.02348180722515922, 0.07287846632169999], [-0.034193878606732016, 0.07287846632169999, 0.24143605573896829]], "chi2_level": 0.997, "chi2_df": 3, "chi2_threshold": 13.931422665512084, "N_raw": 6, "N_roi": 6, "N_inlier": 6, "refit": true}
{"timestamp": "12:20:43.813895", "frame": 53, "mu": [1.6527255382679242, 2.5952532060792333, 1.3553105126451988], "Sigma": [[0.003046195257465607, -0.0007961877552071469, -0.014280671626499363], [-0.0007961877552071465, 0.005060797488930946, 0.013950487624073474], [-0.014280671626499361, 0.013950487624073474, 0.08865972922557039]], "chi2_level": 0.997, "chi2_df": 3, "chi2_threshold": 13.931422665512084, "N_raw": 5, "N_roi": 5, "N_inlier": 5, "refit": true}
{"timestamp": "12:20:43.868011", "frame": 54, "mu": [1.6996309418599462, 2.572054378417341, 1.1407438044551572], "Sigma": [[0.004781147205102503, -0.008831122413594236, -0.034400187304836315], [-0.008831122413594236, 0.020490673039017245, 0.07721467900423236], [-0.034400187304836315, 0.07721467900423236, 0.3323497226685194]], "chi2_level": 0.997, "chi2_df": 3, "chi2_threshold": 13.931422665512084, "N_raw": 6, "N_roi": 6, "N_inlier": 6, "refit": true}
{"timestamp": "12:20:43.922708", "frame": 55, "mu": [1.7896902803518062, 2.651886921686794, 1.4477998473244906], "Sigma": [[0.0016229861585415556, -0.004659756709004485, -0.022619034771814445], [-0.004659756709004485, 0.0295449848374447, 0.12837449761573977], [-0.022619034771814442, 0.12837449761573977, 0.578075083421787]], "chi2_level": 0.997, "chi2_df": 3, "chi2_threshold": 13.931422665512084, "N_raw": 6, "N_roi": 5, "N_inlier": 5, "refit": true}
{"timestamp": "12:20:43.981018", "frame": 56, "mu": [1.6408938096407206, 2.8059978323687433, 1.3421959298690098], "Sigma": [[0.004493628961909691, -0.004021232264267824, -0.01344670637946827], [-0.004021232264267824, 0.010231541200673482, 0.03230428510258013], [-0.013446706379468272, 0.032304285102580134, 0.12179450260696012]], "chi2_level": 0.997, "chi2_df": 3, "chi2_threshold": 13.931422665512084, "N_raw": 16, "N_roi": 14, "N_inlier": 13, "refit": true}
{"timestamp": "12:20:44.033873", "frame": 57, "mu": [1.697389225598255, 2.86043232199617, 1.3044546781277095], "Sigma": [[0.0025711083654849855, -0.0030197993784950752, -0.02347244320304929], [-0.0030197993784950752, 0.014171268879082337, 0.05977632240685779], [-0.023472443203049285, 0.05977632240685779, 0.31206486790907395]], "chi2_level": 0.997, "chi2_df": 3, "chi2_threshold": 13.931422665512084, "N_raw": 6, "N_roi": 6, "N_inlier": 6, "refit": true}
{"timestamp": "12:20:44.089120", "frame": 58, "mu": [1.4903330798678576, 2.6847439151996877, 0.09729630647827345], "Sigma": [[0.24737094730972659, 0.4616641019611839, 0.05007648703657473], [0.4616641019611839, 0.8704161914851328, 0.07224481938215083], [0.05007648703657475, 0.07224481938215083, 0.11096190535983552]], "chi2_level": 0.997, "chi2_df": 3, "chi2_threshold": 13.931422665512084, "N_raw": 7, "N_roi": 6, "N_inlier": 6, "refit": true}
{"timestamp": "12:20:44.143679", "frame": 59, "mu": [1.7176596982935655, 2.9337245568502115, 1.281626435737263], "Sigma": [[0.0017632674945279613, 0.000534173158188442, -0.0030168943683698103], [0.000534173158188442, 0.0018571422415560627, -0.002102670521893875], [-0.00301689436836981, -0.002102670521893875, 0.02671216373817851]], "chi2_level": 0.997, "chi2_df": 3, "chi2_threshold": 13.931422665512084, "N_raw": 7, "N_roi": 7, "N_inlier": 7, "refit": true}
{"timestamp": "12:20:44.199711", "frame": 60, "mu": [1.6716030649129174, 3.0511176176103003, 1.0983528622116978], "Sigma": [[0.0010135138891749671, 0.0003170914126521397, 0.0023297034758955923], [0.0003170914126521397, 0.004474101910475077, -0.017284979377233625], [0.0023297034758955927, -0.017284979377233625, 0.11115529478203715]], "chi2_level": 0.997, "chi2_df": 3, "chi2_threshold": 13.931422665512084, "N_raw": 8, "N_roi": 8, "N_inlier": 8, "refit": true}
{"timestamp": "12:20:44.256756", "frame": 61, "mu": [1.686936686763971, 3.0390785164809353, 1.233501528615531], "Sigma": [[0.007666732530615703, -0.0026733193941297683, -0.003718420219778234], [-0.002673319394129769, 0.0036747419742633094, 0.0008306506586794551], [-0.003718420219778234, 0.000830650658679455, 0.004575329120617304]], "chi2_level": 0.997, "chi2_df": 3, "chi2_threshold": 13.931422665512084, "N_raw": 22, "N_roi": 19, "N_inlier": 19, "refit": true}
{"timestamp": "12:20:44.309364", "frame": 62, "mu": [1.6782199201607084, 3.016555545203149, 1.15591681197807], "Sigma": [[0.004537848182043829, 0.0010494546710211423, 0.000283021832511138], [0.001049454671021142, 0.004989023081120754, 0.003079664192251504], [0.00028302183251113777, 0.003079664192251504, 0.003307947985766886]], "chi2_level": 0.997, "chi2_df": 3, "chi2_threshold": 13.931422665512084, "N_raw": 12, "N_roi": 12, "N_inlier": 12, "refit": true}
{"timestamp": "12:20:44.363951", "frame": 63, "mu": [1.8257365634205442, 3.0483560750370353, 0.8229733205081444], "Sigma": [[0.026915310548534865, -0.0074531481321714705, -0.05084255980163992], [-0.007453148132171472, 0.007805155943969526, 0.013766504243992648], [-0.050842559801639924, 0.013766504243992648, 0.10611909137578185]], "chi2_level": 0.997, "chi2_df": 3, "chi2_threshold": 13.931422665512084, "N_raw": 14, "N_roi": 14, "N_inlier": 14, "refit": true}
{"timestamp": "12:20:44.419981", "frame": 64, "mu": [1.6433717717536083, 3.094031273389393, 1.1896795164554743], "Sigma": [[0.0012084866189698612, 0.0032776050827095153, 0.0038114252318379657], [0.003277605082709515, 0.014300333397664374, 0.01954440241166226], [0.003811425231837965, 0.01954440241166226, 0.02805779060876623]], "chi2_level": 0.997, "chi2_df": 3, "chi2_threshold": 13.931422665512084, "N_raw": 8, "N_roi": 5, "N_inlier": 5, "refit": true}
{"timestamp": "12:20:44.476439", "frame": 65, "mu": [1.8029868928621529, 3.264208018858777, 1.057193589548611], "Sigma": [[0.010167146200122129, -0.006040765229678415, -0.012834791633544914], [-0.006040765229678416, 0.005145086282297151, 0.0065840522589579766], [-0.012834791633544914, 0.006584052258957975, 0.024393326323849357]], "chi2_level": 0.997, "chi2_df": 3, "chi2_threshold": 13.931422665512084, "N_raw": 22, "N_roi": 19, "N_inlier": 19, "refit": true}
{"timestamp": "12:20:44.532060", "frame": 66, "mu": [1.6138193394014837, 3.350137933464203, 1.3897094164215613], "Sigma": [[0.015345462706509575, -0.004722568963279402, -0.01760242680309276], [-0.004722568963279402, 0.004209919260980227, 0.007446533893940326], [-0.01760242680309276, 0.007446533893940326, 0.033317268134442496]], "chi2_level": 0.997, "chi2_df": 3, "chi2_threshold": 13.931422665512084, "N_raw": 23, "N_roi": 20, "N_inlier": 19, "refit": true}
{"timestamp": "12:20:44.583392", "frame": 67, "mu": [1.6427151737250707, 3.4127947316160308, 1.1584824141503554], "Sigma": [[0.011965061804248266, 0.0018956912955530906, -0.017440160480007117], [0.0018956912955530906, 0.0007571495988909781, -0.0030810297930948627], [-0.017440160480007117, -0.003081029793094863, 0.02870064288357272]], "chi2_level": 0.997, "chi2_df": 3, "chi2_threshold": 13.931422665512084, "N_raw": 7, "N_roi": 6, "N_inlier": 6, "refit": true}
{"timestamp": "12:20:44.641687", "frame": 68, "mu": [1.6125733677449667, 3.5110821451690954, 1.375509745328229], "Sigma": [[0.019959581633483672, -0.0034634785245309463, -0.01457877075298614], [-0.0034634785245309468, 0.0024764609782888807, 0.0021836698409385407], [-0.01457877075298614, 0.0021836698409385407, 0.012445270076614211]], "chi2_level": 0.997, "chi2_df": 3, "chi2_threshold": 13.931422665512084, "N_raw": 24, "N_roi": 24, "N_inlier": 24, "refit": true}
{"timestamp": "12:20:44.695869", "frame": 69, "mu": [1.6198417915571026, 3.6163663398850296, 1.4851680053582337], "Sigma": [[0.006165072038549285, 0.0043092675092203814, -0.0004205021591383404], [0.0043092675092203814, 0.0033069748676944483, -0.0003420879551112215], [-0.0004205021591383403, -0.0003420879551112215, 3.7578327767832886e-05]], "chi2_level": 0.997, "chi2_df": 3, "chi2_threshold": 13.931422665512084, "N_raw": 5, "N_roi": 5, "N_inlier": 5, "refit": true}
{"timestamp": "12:20:44.805731", "frame": 71, "mu": [1.7524519810450694, 3.6462819333653176, 1.1068281615952396], "Sigma": [[0.012660399795824792, -0.004711355180683937, -0.049292939201092664], [-0.004711355180683937, 0.004563039858838838, 0.021749336773449608], [-0.049292939201092664, 0.021749336773449608, 0.21685091760175937]], "chi2_level": 0.997, "chi2_df": 3, "chi2_threshold": 13.931422665512084, "N_raw": 7, "N_roi": 7, "N_inlier": 7, "refit": true}
{"timestamp": "12:20:44.869668", "frame": 72, "mu": [1.8260554864708096, 3.623642203091248, 0.8088853764892688], "Sigma": [[0.026159780204601343, -0.014552476807368394, -0.03341962750811423], [-0.014552476807368394, 0.009899325369994464, 0.020123972506111178], [-0.03341962750811423, 0.020123972506111178, 0.13242829488791893]], "chi2_level": 0.997, "chi2_df": 3, "chi2_threshold": 13.931422665512084, "N_raw": 65, "N_roi": 65, "N_inlier": 65, "refit": true}
{"timestamp": "12:20:44.916699", "frame": 73, "mu": [1.7524210289565056, 3.7142170987681435, 1.0866982183543554], "Sigma": [[0.015314000258270094, -0.00670607000002411, -0.0384371495164984], [-0.00670607000002411, 0.003980695335540549, 0.017087159606424828], [-0.0384371495164984, 0.017087159606424828, 0.10040068429054758]], "chi2_level": 0.997, "chi2_df": 3, "chi2_threshold": 13.931422665512084, "N_raw": 5, "N_roi": 5, "N_inlier": 5, "refit": true}
{"timestamp": "12:20:45.029114", "frame": 75, "mu": [1.7457673364008766, 3.9026999905396895, 1.2756414637767222], "Sigma": [[0.018078417355554238, -0.006952469540711907, -0.002443103730067207], [-0.006952469540711908, 0.004706817664396275, 0.0006298394108802593], [-0.002443103730067207, 0.0006298394108802594, 0.003140792601630968]], "chi2_level": 0.997, "chi2_df": 3, "chi2_threshold": 13.931422665512084, "N_raw": 27, "N_roi": 25, "N_inlier": 24, "refit": true}
{"timestamp": "12:20:45.139575", "frame": 77, "mu": [1.7662472050411244, 4.038482403982757, 1.2244489221601889], "Sigma": [[0.017282328686714032, -0.010364935523023385, -0.020913481225324167], [-0.010364935523023385, 0.011348808027810799, 0.01691160477044267], [-0.020913481225324167, 0.01691160477044267, 0.03351747289334881]], "chi2_level": 0.997, "chi2_df": 3, "chi2_threshold": 13.931422665512084, "N_raw": 35, "N_roi": 31, "N_inlier": 31, "refit": true}
{"timestamp": "12:20:45.190581", "frame": 78, "mu": [1.7527747105792109, 4.104367239665318, 1.0670876727251004], "Sigma": [[0.0002567349256405954, 0.0005696413539111011, 4.414266177097958e-05], [0.0005696413539111011, 0.006133111671505979, -0.004297128954925281], [4.414266177097955e-05, -0.004297128954925282, 0.005643469029683862]], "chi2_level": 0.997, "chi2_df": 3, "chi2_threshold": 13.931422665512084, "N_raw": 7, "N_roi": 5, "N_inlier": 5, "refit": true}
{"timestamp": "12:20:45.245417", "frame": 79, "mu": [1.8210449197887748, 4.193062410324067, 1.4005235566327021], "Sigma": [[0.004224324404835719, -0.00038283663527398517, 0.0002529881471481469], [-0.0003828366352739851, 0.0043095437198175275, -0.0007165687530855448], [0.00025298814714814686, -0.0007165687530855448, 0.00012873281524268464]], "chi2_level": 0.997, "chi2_df": 3, "chi2_threshold": 13.931422665512084, "N_raw": 8, "N_roi": 8, "N_inlier": 8, "refit": true}
{"timestamp": "12:20:45.301094", "frame": 80, "mu": [1.7630187747229518, 4.202328590180553, 1.2775369976648758], "Sigma": [[0.005071980996973231, -0.000752598912325284, -0.005026802494556604], [-0.0007525989123252843, 0.0026300510804676235, -0.00040138135142890965], [-0.005026802494556604, -0.00040138135142891003, 0.007151640240747415]], "chi2_level": 0.997, "chi2_df": 3, "chi2_threshold": 13.931422665512084, "N_raw": 10, "N_roi": 10, "N_inlier": 10, "refit": true}
{"timestamp": "12:20:45.356093", "frame": 81, "mu": [1.8119270677632469, 4.246406479019503, 1.2540947206456132], "Sigma": [[0.009808009252322607, -0.001625274201906119, -0.009374105645728973], [-0.001625274201906119, 0.0019008532286994735, 0.0007162023763536535], [-0.009374105645728973, 0.0007162023763536535, 0.01212462894776777]], "chi2_level": 0.997, "chi2_df": 3, "chi2_threshold": 13.931422665512084, "N_raw": 12, "N_roi": 12, "N_inlier": 11, "refit": true}
{"timestamp": "12:20:45.411610", "frame": 82, "mu": [1.7938481394200225, 4.405339745486752, 1.4242240202518643], "Sigma": [[0.011622059960300054, -0.005748192537247418, -0.027229553920827834], [-0.005748192537247418, 0.005233732497925819, 0.015519746805919037], [-0.027229553920827834, 0.015519746805919037, 0.09651283469109326]], "chi2_level": 0.997, "chi2_df": 3, "chi2_threshold": 13.931422665512084, "N_raw": 14, "N_roi": 14, "N_inlier": 14, "refit": true}
{"timestamp": "12:20:45.465291", "frame": 83, "mu": [1.7259466154611358, 4.370714911346495, 1.2838666839065445], "Sigma": [[0.003010142748298813, 0.0033227212652331894, -3.119238176406435e-05], [0.0033227212652331894, 0.0064914976729796275, 0.004300510801927108], [-3.1192381764064137e-05, 0.0043005108019271085, 0.007468663687002028]], "chi2_level": 0.997, "chi2_df": 3, "chi2_threshold": 13.931422665512084, "N_raw": 5, "N_roi": 5, "N_inlier": 5, "refit": true}
{"timestamp": "12:20:45.521415", "frame": 84, "mu": [1.8400558617534084, 4.402404409672224, 1.2781855450632615], "Sigma": [[0.001933714793336406, 0.0010065738907666093, -0.0034843830163157306], [0.0010065738907666093, 0.01598406663964935, 0.02373952523394825], [-0.0034843830163157306, 0.023739525233948244, 0.06287889310470228]], "chi2_level": 0.997, "chi2_df": 3, "chi2_threshold": 13.931422665512084, "N_raw": 8, "N_roi": 6, "N_inlier": 6, "refit": true}
{"timestamp": "12:20:45.575165", "frame": 85, "mu": [1.7588641445284838, 4.4806099262788885, 1.3124425318523383], "Sigma": [[0.009246955220405728, 0.0010520074981641122, -0.01510141928000309], [0.0010520074981641122, 0.006559311218697346, 0.01059758106921339], [-0.01510141928000309, 0.01059758106921339, 0.04930617880790668]], "chi2_level": 0.997, "chi2_df": 3, "chi2_threshold": 13.931422665512084, "N_raw": 5, "N_roi": 5, "N_inlier": 5, "refit": true}
{"timestamp": "12:20:45.630595", "frame": 86, "mu": [1.760746979189154, 4.511791145348665, 1.190366340290119], "Sigma": [[0.03729661526221338, -0.010038321245262992, -0.05613765491225582], [-0.010038321245262992, 0.004601065220467529, 0.01940283954805099], [-0.056137654912255835, 0.01940283954805099, 0.09458787390002057]], "chi2_level": 0.997, "chi2_df": 3, "chi2_threshold": 13.931422665512084, "N_raw": 5, "N_roi": 5, "N_inlier": 5, "refit": true}
{"timestamp": "12:20:45.686549", "frame": 87, "mu": [1.8209301779075442, 4.572814442552582, 1.0947893902222245], "Sigma": [[0.01063411892092135, -0.003468860156350402, -0.012177068885481953], [-0.003468860156350402, 0.0024017991894486838, 0.00441244277916243], [-0.012177068885481953, 0.00441244277916243, 0.021507038465828243]], "chi2_level": 0.997, "chi2_df": 3, "chi2_threshold": 13.931422665512084, "N_raw": 10, "N_roi": 10, "N_inlier": 10, "refit": true}
{"timestamp": "12:20:45.743829", "frame": 88, "mu": [1.842006769016169, 4.6387144068602755, 1.0449479397753993], "Sigma": [[0.024826982983329502, -0.010831183211345397, -0.024149570461626288], [-0.010831183211345397, 0.006320332371463225, 0.009327551740468535], [-0.024149570461626284, 0.009327551740468535, 0.028984226000071427]], "chi2_level": 0.997, "chi2_df": 3, "chi2_threshold": 13.931422665512084, "N_raw": 24, "N_roi": 24, "N_inlier": 24, "refit": true}
{"timestamp": "12:20:45.798868", "frame": 89, "mu": [1.730480213474868, 4.785523962835468, 1.342971906218891], "Sigma": [[0.01676796556833229, -0.004767339315446336, -0.010586213110864096], [-0.004767339315446336, 0.004509643827413873, 0.003482419154456499], [-0.010586213110864096, 0.003482419154456499, 0.011874818110057776]], "chi2_level": 0.997, "chi2_df": 3, "chi2_threshold": 13.931422665512084, "N_raw": 25, "N_roi": 25, "N_inlier": 25, "refit": true}
{"timestamp": "12:20:46.074265", "frame": 94, "mu": [1.7049835115609677, 4.956873011384314, 1.486851451179363], "Sigma": [[0.013966823135114508, -0.0006535956979177918, 0.000770007237758949], [-0.000653595697917792, 0.0005647689974983551, -0.00010011371079933601], [0.000770007237758949, -0.00010011371079933601, 5.118534616530267e-05]], "chi2_level": 0.997, "chi2_df": 3, "chi2_threshold": 13.931422665512084, "N_raw": 33, "N_roi": 10, "N_inlier": 10, "refit": true}
