{"timestamp": "12:56:24.359105", "frame": 2, "mu": [1.366345598479388, 1.190464921378895, 1.2608367626573453], "Sigma": [[0.3445653561490359, 0.25896547216037946, -0.23484232916179473], [0.25896547216037946, 0.2003280636501904, -0.1772008856699089], [-0.23484232916179476, -0.17720088566990894, 0.16090775889268508]], "chi2_level": 0.997, "chi2_df": 3, "chi2_threshold": 13.931422665512084, "N_raw": 5, "N_roi": 5, "N_inlier": 5, "refit": true}
{"timestamp": "12:56:24.469103", "frame": 4, "mu": [1.6345110727655507, 1.3029181664012457, 1.1306340086701607], "Sigma": [[0.004005335046380067, -0.0027305860460920687, -0.0013542703789928485], [-0.0027305860460920682, 0.004202099285641883, 0.00016087610115111457], [-0.0013542703789928483, 0.0001608761011511145, 0.0018364388885493339]], "chi2_level": 0.997, "chi2_df": 3, "chi2_threshold": 13.931422665512084, "N_raw": 9, "N_roi": 9, "N_inlier": 9, "refit": true}
{"timestamp": "12:56:24.527278", "frame": 5, "mu": [1.5907268513279598, 1.31397050849412, 1.0908258708079845], "Sigma": [[0.006013854675948715, -0.004761849638683894, -0.0022189750381791367], [-0.004761849638683895, 0.0067721779382468, 0.0007342912400477257], [-0.0022189750381791367, 0.0007342912400477257, 0.0015940970463398465]], "chi2_level": 0.997, "chi2_df": 3, "chi2_threshold": 13.931422665512084, "N_raw": 23, "N_roi": 23, "N_inlier": 23, "refit": true}
{"timestamp": "12:56:24.582623", "frame": 6, "mu": [1.5522161928559226, 1.4005235142044314, 1.1075606460669247], "Sigma": [[0.005167304449887464, -0.003305999948083772, -0.0002865782295898166], [-0.003305999948083772, 0.00619024325747377, -0.0012237716982298912], [-0.0002865782295898166, -0.0012237716982298912, 0.0009038061560868014]], "chi2_level": 0.997, "chi2_df": 3, "chi2_threshold": 13.931422665512084, "N_raw": 31, "N_roi": 31, "N_inlier": 30, "refit": true}
{"timestamp": "12:56:24.636079", "frame": 7, "mu": [1.591213139737452, 1.3285900838606581, 1.1433684159182558], "Sigma": [[0.004848901650032118, -0.0052387348395112, -0.0020399094237378117], [-0.0052387348395112, 0.006952850202272521, 0.0008445381453745183], [-0.0020399094237378117, 0.0008445381453745188, 0.004137329602321139]], "chi2_level": 0.997, "chi2_df": 3, "chi2_threshold": 13.931422665512084, "N_raw": 22, "N_roi": 22, "N_inlier": 21, "refit": true}
{"timestamp": "12:56:24.745342", "frame": 9, "mu": [1.5449876196649115, 1.3532713472451263, 1.054979424966655], "Sigma": [[0.00456594965928822, -0.0010173990743347762, -0.001142384756467053], [-0.0010173990743347762, 0.003922933681737881, 0.0012228605595233876], [-0.001142384756467053, 0.0012228605595233876, 0.0008292316105464007]], "chi2_level": 0.997, "chi2_df": 3, "chi2_threshold": 13.931422665512084, "N_raw": 14, "N_roi": 14, "N_inlier": 14, "refit": true}
{"timestamp": "12:56:24.909033", "frame": 12, "mu": [1.6340393694901678, 1.4816260085429442, -0.37051507550612967], "Sigma": [[3.4531042885954504e-05, 0.0002787965283875929, 4.5860686879365694e-05], [0.0002787965283875929, 0.016717963020071145, -0.014213137237706765], [4.586068687936572e-05, -0.014213137237706765, 0.024085261501669942]], "chi2_level": 0.997, "chi2_df": 3, "chi2_threshold": 13.931422665512084, "N_raw": 6, "N_roi": 6, "N_inlier": 6, "refit": true}
{"timestamp": "12:56:24.965157", "frame": 13, "mu": [1.5205686581917015, 1.5102934514416217, 1.1594805727355506], "Sigma": [[0.0041446074597257946, -0.0011877659102118323, -0.0009456250908058783], [-0.0011877659102118323, 0.0009000406791308432, -0.00026446110101162963], [-0.0009456250908058783, -0.00026446110101162974, 0.0028616616582046246]], "chi2_level": 0.997, "chi2_df": 3, "chi2_threshold": 13.931422665512084, "N_raw": 15, "N_roi": 15, "N_inlier": 14, "refit": true}
{"timestamp": "12:56:25.019742", "frame": 14, "mu": [1.5974210546655703, 1.3721711947528734, 1.2559189021876318], "Sigma": [[0.000876999462162931, -0.002969083008687021, 0.003944691115949839], [-0.002969083008687021, 0.01316961702688428, -0.013008869650406315], [0.0039446911159498384, -0.013008869650406311, 0.03665336295059225]], "chi2_level": 0.997, "chi2_df": 3, "chi2_threshold": 13.931422665512084, "N_raw": 6, "N_roi": 6, "N_inlier": 6, "refit": true}
{"timestamp": "12:56:25.075232", "frame": 15, "mu": [1.5111876476691894, 1.5239703053426743, 1.2530850236195463], "Sigma": [[0.0018385081287110752, -0.002315069702326629, 0.00344157877259868], [-0.0023150697023266295, 0.006074102123824484, -0.00736619418230914], [0.0034415787725986806, -0.00736619418230914, 0.013660955156844285]], "chi2_level": 0.997, "chi2_df": 3, "chi2_threshold": 13.931422665512084, "N_raw": 10, "N_roi": 10, "N_inlier": 9, "refit": true}
{"timestamp": "12:56:25.129013", "frame": 16, "mu": [1.4275550569852589, 1.5572004105092714, 0.9799384058244953], "Sigma": [[0.0037587438289435103, 0.0017601442911510993, -0.003006035878705555], [0.0017601442911510993, 0.0009514536896741771, -0.0013989988284521207], [-0.0030060358787055556, -0.0013989988284521207, 0.006125811729694073]], "chi2_level": 0.997, "chi2_df": 3, "chi2_threshold": 13.931422665512084, "N_raw": 5, "N_roi": 5, "N_inlier": 5, "refit": true}
{"timestamp": "12:56:25.184490", "frame": 17, "mu": [1.5618566119861663, 1.522286106890625, 1.1798474824404461], "Sigma": [[0.0008309364120865139, -0.0002942328500156323, -0.002531065826310519], [-0.0002942328500156323, 0.0013064842864739471, -0.0015826665417949793], [-0.002531065826310518, -0.001582666541794979, 0.04196512331886606]], "chi2_level": 0.997, "chi2_df": 3, "chi2_threshold": 13.931422665512084, "N_raw": 5, "N_roi": 5, "N_inlier": 5, "refit": true}
{"timestamp": "12:56:25.241240", "frame": 18, "mu": [1.5329785873644441, 1.6612631384352985, -0.2233046791589179], "Sigma": [[0.0030673165402937607, -0.00042805126311452825, -0.0023365731591175718], [-0.0004280512631145282, 0.0029930083046175657, -0.0015648381972971112], [-0.002336573159117572, -0.0015648381972971116, 0.0035769904583589883]], "chi2_level": 0.997, "chi2_df": 3, "chi2_threshold": 13.931422665512084, "N_raw": 20, "N_roi": 20, "N_inlier": 19, "refit": true}
{"timestamp": "12:56:25.293747", "frame": 19, "mu": [1.5953631167894513, 1.4595320291914171, 1.3603390567416862], "Sigma": [[0.0013294605688438468, -0.001463540491913265, -0.004339890051233142], [-0.001463540491913265, 0.0070802779493924295, 0.004566521327148225], [-0.004339890051233143, 0.004566521327148225, 0.04211354832016546]], "chi2_level": 0.997, "chi2_df": 3, "chi2_threshold": 13.931422665512084, "N_raw": 5, "N_roi": 5, "N_inlier": 5, "refit": true}
{"timestamp": "12:56:25.350177", "frame": 20, "mu": [1.5634177347320688, 1.5004074220004455, 1.3242982067133577], "Sigma": [[0.0035092717900193806, -0.00197389050411815, -0.0035988514902116292], [-0.0019738905041181503, 0.0031491578646221366, 0.0011437650524212582], [-0.0035988514902116292, 0.0011437650524212582, 0.010949956007679389]], "chi2_level": 0.997, "chi2_df": 3, "chi2_threshold": 13.931422665512084, "N_raw": 19, "N_roi": 19, "N_inlier": 19, "refit": true}
{"timestamp": "12:56:25.404565", "frame": 21, "mu": [1.6068441781866998, 1.357882132653821, 1.2684020311071789], "Sigma": [[0.00040065237137148444, 0.00023674898775405577, -0.0018235260101324734], [0.00023674898775405574, 0.010698759955500922, -0.019082081936602033], [-0.0018235260101324734, -0.019082081936602033, 0.04966994941785846]], "chi2_level": 0.997, "chi2_df": 3, "chi2_threshold": 13.931422665512084, "N_raw": 8, "N_roi": 8, "N_inlier": 8, "refit": true}
{"timestamp": "12:56:25.462659", "frame": 22, "mu": [1.538960829378847, 1.4734159777669482, 1.3623817046324194], "Sigma": [[0.005252622751080137, -0.003734547716924064, -0.0018111295444574146], [-0.003734547716924064, 0.00692458657933718, -5.570578386434851e-05], [-0.0018111295444574146, -5.570578386434856e-05, 0.0014036758275109984]], "chi2_level": 0.997, "chi2_df": 3, "chi2_threshold": 13.931422665512084, "N_raw": 28, "N_roi": 28, "N_inlier": 27, "refit": true}
{"timestamp": "12:56:25.516283", "frame": 23, "mu": [1.6196539452650065, 1.2910972524213558, 1.3792217644946212], "Sigma": [[0.001153145575288994, 0.0010910533850479634, -0.002592897101013742], [0.0010910533850479634, 0.006766802406990146, -0.006964602914342685], [-0.002592897101013742, -0.006964602914342685, 0.010275401025970927]], "chi2_level": 0.997, "chi2_df": 3, "chi2_threshold": 13.931422665512084, "N_raw": 5, "N_roi": 5, "N_inlier": 5, "refit": true}
{"timestamp": "12:56:25.575214", "frame": 24, "mu": [1.553550917184697, 1.4234434482068719, 1.2857952618103878], "Sigma": [[0.004659790657585692, -0.004253655645938424, -0.0018307827099433493], [-0.004253655645938424, 0.00795159050518273, -0.00211751573178064], [-0.0018307827099433498, -0.0021175157317806404, 0.005440714331868713]], "chi2_level": 0.997, "chi2_df": 3, "chi2_threshold": 13.931422665512084, "N_raw": 29, "N_roi": 29, "N_inlier": 27, "refit": true}
{"timestamp": "12:56:25.626628", "frame": 25, "mu": [1.564567462176833, 1.3304294740273326, 1.2195526453415353], "Sigma": [[0.001974269401341742, 0.00024050891169820343, -0.00612720139362535], [0.00024050891169820321, 0.010220517002025665, -0.014417714937556054], [-0.00612720139362535, -0.014417714937556055, 0.08034470514150634]], "chi2_level": 0.997, "chi2_df": 3, "chi2_threshold": 13.931422665512084, "N_raw": 9, "N_roi": 9, "N_inlier": 9, "refit": true}
{"timestamp": "12:56:25.684139", "frame": 26, "mu": [1.5303196993517938, 1.3410718258947791, 1.2409947978247076], "Sigma": [[0.004096628420908128, -0.00167361374120375, -0.003569006308974971], [-0.00167361374120375, 0.008357190394271302, -0.00607536179668932], [-0.003569006308974971, -0.00607536179668932, 0.014911856207949959]], "chi2_level": 0.997, "chi2_df": 3, "chi2_threshold": 13.931422665512084, "N_raw": 23, "N_roi": 23, "N_inlier": 22, "refit": true}
{"timestamp": "12:56:25.738660", "frame": 27, "mu": [1.4927192014725992, 1.3805045677655026, 1.259197401395169], "Sigma": [[0.0019588316458513102, -0.0014933940287359037, -0.0022987089906216646], [-0.0014933940287359037, 0.011081039235634917, -0.009267115943949512], [-0.0022987089906216646, -0.009267115943949513, 0.04260778331433229]], "chi2_level": 0.997, "chi2_df": 3, "chi2_threshold": 13.931422665512084, "N_raw": 20, "N_roi": 20, "N_inlier": 20, "refit": true}
{"timestamp": "12:56:25.793101", "frame": 28, "mu": [1.4815717648268907, 1.333773746557192, 1.1758036493947404], "Sigma": [[0.002545432603643258, -0.0008563500285646161, -0.004195205009342883], [-0.000856350028564616, 0.00578985064477436, -0.009614303588677252], [-0.004195205009342883, -0.009614303588677252, 0.044555241724610034]], "chi2_level": 0.997, "chi2_df": 3, "chi2_threshold": 13.931422665512084, "N_raw": 20, "N_roi": 20, "N_inlier": 19, "refit": true}
{"timestamp": "12:56:25.853232", "frame": 29, "mu": [1.4867713552353696, 1.314287420352105, 1.261169769816095], "Sigma": [[0.008747467995626574, -0.0040674257753982165, -0.001195073780214241], [-0.0040674257753982165, 0.007981738356452647, -0.0008996068683682409], [-0.001195073780214241, -0.0008996068683682409, 0.003831652763394153]], "chi2_level": 0.997, "chi2_df": 3, "chi2_threshold": 13.931422665512084, "N_raw": 50, "N_roi": 50, "N_inlier": 48, "refit": true}
{"timestamp": "12:56:25.909174", "frame": 30, "mu": [1.4721598931000839, 1.2781953448713204, 1.223967021518039], "Sigma": [[0.007330587185721012, -0.004855574672229776, -0.0020618131630403234], [-0.004855574672229776, 0.011906979346863932, -0.0032777265946907566], [-0.0020618131630403234, -0.0032777265946907566, 0.0050802573023481625]], "chi2_level": 0.997, "chi2_df": 3, "chi2_threshold": 13.931422665512084, "N_raw": 57, "N_roi": 57, "N_inlier": 54, "refit": true}
{"timestamp": "12:56:25.966457", "frame": 31, "mu": [1.4421663395576843, 1.2397210786730668, 1.152508524751545], "Sigma": [[0.007753695634373639, -0.0055168156952646805, -0.0066081164041498705], [-0.0055168156952646805, 0.009476684875136502, 0.004444030668147952], [-0.0066081164041498705, 0.004444030668147952, 0.0358275213850702]], "chi2_level": 0.997, "chi2_df": 3, "chi2_threshold": 13.931422665512084, "N_raw": 70, "N_roi": 70, "N_inlier": 70, "refit": true}
{"timestamp": "12:56:26.022408", "frame": 32, "mu": [1.4076389968316432, 1.3891635124508868, -0.4402340447541308], "Sigma": [[0.008478148104071345, -0.0012405797153994618, -0.01321369524298001], [-0.001240579715399462, 0.008655756158128306, -0.00663422234712745], [-0.013213695242980009, -0.00663422234712745, 0.04730472146856492]], "chi2_level": 0.997, "chi2_df": 3, "chi2_threshold": 13.931422665512084, "N_raw": 67, "N_roi": 67, "N_inlier": 67, "refit": true}
{"timestamp": "12:56:26.068108", "frame": 33, "mu": [1.4165796198080232, 1.1512913586215043, 1.090398308999018], "Sigma": [[0.005505672191796332, -0.0014622825110135302, -0.02022089399992799], [-0.0014622825110135302, 0.004812380124331402, 0.004344746107356882], [-0.020220893999927995, 0.004344746107356882, 0.09448004390538522]], "chi2_level": 0.997, "chi2_df": 3, "chi2_threshold": 13.931422665512084, "N_raw": 16, "N_roi": 16, "N_inlier": 16, "refit": true}
{"timestamp": "12:56:26.123382", "frame": 34, "mu": [1.212578382167985, 1.3242733335469639, -0.11564449433379681], "Sigma": [[0.0030374226998820635, -0.00035255690055777415, -0.003100642801165982], [-0.00035255690055777415, 0.0032995121702881283, -0.0014854099379904824], [-0.003100642801165982, -0.0014854099379904824, 0.014339346212370693]], "chi2_level": 0.997, "chi2_df": 3, "chi2_threshold": 13.931422665512084, "N_raw": 21, "N_roi": 21, "N_inlier": 19, "refit": true}
{"timestamp": "12:56:26.181245", "frame": 35, "mu": [1.3572188330405077, 1.1755877524425267, 1.2353353866319945], "Sigma": [[0.0059544491342632165, -0.00415918731666266, -0.0055674560062511525], [-0.00415918731666266, 0.006798724966859244, 0.0021674408403889074], [-0.0055674560062511525, 0.0021674408403889074, 0.013335500532733765]], "chi2_level": 0.997, "chi2_df": 3, "chi2_threshold": 13.931422665512084, "N_raw": 38, "N_roi": 38, "N_inlier": 37, "refit": true}
{"timestamp": "12:56:26.231848", "frame": 36, "mu": [1.3054638515944885, 1.2828930065980169, -0.3735911261648741], "Sigma": [[0.007340232734821492, 0.004961411679553902, -0.01641138026728866], [0.0049614116795539025, 0.009039420463046004, -0.026576869693554793], [-0.01641138026728866, -0.026576869693554793, 0.09415220215171587]], "chi2_level": 0.997, "chi2_df": 3, "chi2_threshold": 13.931422665512084, "N_raw": 9, "N_roi": 9, "N_inlier": 9, "refit": true}
{"timestamp": "12:56:26.296544", "frame": 37, "mu": [1.2964669004520664, 1.1214965379808473, 1.2905140003679139], "Sigma": [[0.010127713299120962, -0.005689308840688213, -0.011153839059478645], [-0.005689308840688212, 0.007246911094710192, 0.0013271906232474179], [-0.011153839059478645, 0.0013271906232474179, 0.029316472136002185]], "chi2_level": 0.997, "chi2_df": 3, "chi2_threshold": 13.931422665512084, "N_raw": 73, "N_roi": 73, "N_inlier": 69, "refit": true}
{"timestamp": "12:56:26.348586", "frame": 38, "mu": [1.2850341984082319, 1.095179794750735, 1.2817361264688192], "Sigma": [[0.01399806285810627, -0.007115256212780959, -0.011547269633714592], [-0.007115256212780958, 0.006191929864626619, 0.0044659204314607785], [-0.01154726963371459, 0.0044659204314607785, 0.01615967361157939]], "chi2_level": 0.997, "chi2_df": 3, "chi2_threshold": 13.931422665512084, "N_raw": 50, "N_roi": 50, "N_inlier": 50, "refit": true}
{"timestamp": "12:56:26.406488", "frame": 39, "mu": [1.2424096583296644, 1.0851965983715333, 1.3582166268010045], "Sigma": [[0.015516312489105254, -0.010120149580703144, -0.01355060804623087], [-0.010120149580703144, 0.011881020561970995, 0.006027299692703604], [-0.01355060804623087, 0.006027299692703604, 0.02058212270274911]], "chi2_level": 0.997, "chi2_df": 3, "chi2_threshold": 13.931422665512084, "N_raw": 68, "N_roi": 68, "N_inlier": 65, "refit": true}
{"timestamp": "12:56:26.458266", "frame": 40, "mu": [1.2937654572048443, 1.191768948371286, -0.5273252857387292], "Sigma": [[0.009389836266681996, -0.0033564312223656237, -0.004481552774677954], [-0.003356431222365624, 0.00990427487740671, -0.007418293393867399], [-0.004481552774677954, -0.007418293393867399, 0.02688521379947564]], "chi2_level": 0.997, "chi2_df": 3, "chi2_threshold": 13.931422665512084, "N_raw": 46, "N_roi": 46, "N_inlier": 46, "refit": true}
{"timestamp": "12:56:26.514336", "frame": 41, "mu": [1.212067668195716, 1.1110094170129066, -0.6122616813323721], "Sigma": [[0.010767540970025203, -0.0005913760812916538, -0.005050353790699144], [-0.0005913760812916538, 0.004119258117531552, 0.006729025714959553], [-0.005050353790699144, 0.006729025714959554, 0.04680128500667026]], "chi2_level": 0.997, "chi2_df": 3, "chi2_threshold": 13.931422665512084, "N_raw": 52, "N_roi": 52, "N_inlier": 51, "refit": true}
{"timestamp": "12:56:26.568707", "frame": 42, "mu": [1.0443833222946062, 1.0963251113915988, 1.4014268034562214], "Sigma": [[0.00749467808545927, -0.0021344159994141224, -0.008333976786693013], [-0.0021344159994141224, 0.0033912010530339387, 0.00020371225998610566], [-0.008333976786693013, 0.00020371225998610571, 0.014170606745682513]], "chi2_level": 0.997, "chi2_df": 3, "chi2_threshold": 13.931422665512084, "N_raw": 56, "N_roi": 56, "N_inlier": 53, "refit": true}
{"timestamp": "12:56:26.623707", "frame": 43, "mu": [1.1665240332308124, 1.136902931610788, -0.5124353040872718], "Sigma": [[0.006726393203648429, -0.0023166124041810827, -0.0033985864161911834], [-0.0023166124041810827, 0.007200407413251392, 0.0010566480116763416], [-0.0033985864161911834, 0.0010566480116763416, 0.0024664726915830113]], "chi2_level": 0.997, "chi2_df": 3, "chi2_threshold": 13.931422665512084, "N_raw": 48, "N_roi": 48, "N_inlier": 46, "refit": true}
{"timestamp": "12:56:26.680777", "frame": 44, "mu": [1.1667169950294396, 0.8856033435097704, 1.18429543068911], "Sigma": [[0.01052185774976452, -0.006652936923297122, -0.002569673677062496], [-0.006652936923297123, 0.007234710872848277, -0.00011459285193001173], [-0.002569673677062496, -0.00011459285193001135, 0.010729384622357589]], "chi2_level": 0.997, "chi2_df": 3, "chi2_threshold": 13.931422665512084, "N_raw": 67, "N_roi": 67, "N_inlier": 66, "refit": true}
{"timestamp": "12:56:26.731065", "frame": 45, "mu": [1.0634290361444971, 0.9603017748108565, 1.2292099345951404], "Sigma": [[0.005235155032247724, -0.003330506365220347, -0.003114488135856102], [-0.003330506365220347, 0.004851270648013435, 0.0005588358477074376], [-0.003114488135856102, 0.0005588358477074376, 0.003728546760755216]], "chi2_level": 0.997, "chi2_df": 3, "chi2_threshold": 13.931422665512084, "N_raw": 37, "N_roi": 37, "N_inlier": 35, "refit": true}
{"timestamp": "12:56:26.781785", "frame": 46, "mu": [0.9052954196887876, 1.0000084197208299, 1.3364201192863947], "Sigma": [[0.010401625728256191, -0.0068752978522266354, -0.016650686539512728], [-0.0068752978522266354, 0.005343476414814168, 0.01170269848620557], [-0.016650686539512728, 0.011702698486205573, 0.0303008122609809]], "chi2_level": 0.997, "chi2_df": 3, "chi2_threshold": 13.931422665512084, "N_raw": 12, "N_roi": 12, "N_inlier": 12, "refit": true}
{"timestamp": "12:56:26.845321", "frame": 47, "mu": [0.9485661887218513, 0.9234203941492715, 1.254575463318918], "Sigma": [[0.00598406882473763, -0.004318667729319512, -0.008660200504568422], [-0.004318667729319512, 0.003561420104151761, 0.00547184551623447], [-0.008660200504568422, 0.005471845516234469, 0.028544652657585653]], "chi2_level": 0.997, "chi2_df": 3, "chi2_threshold": 13.931422665512084, "N_raw": 61, "N_roi": 61, "N_inlier": 60, "refit": true}
{"timestamp": "12:56:26.896886", "frame": 48, "mu": [0.8175746481295698, 1.0785412773719512, -0.30618528330282735], "Sigma": [[0.0036889946520226877, -0.0009378253372473225, -0.0032848883695336417], [-0.0009378253372473226, 0.002534205196104683, -0.0018610354823626741], [-0.0032848883695336417, -0.001861035482362674, 0.007335105400485269]], "chi2_level": 0.997, "chi2_df": 3, "chi2_threshold": 13.931422665512084, "N_raw": 42, "N_roi": 42, "N_inlier": 39, "refit": true}
{"timestamp": "12:56:26.946617", "frame": 49, "mu": [0.8106807160743965, 0.9539106506956201, 1.4441092054504523], "Sigma": [[0.015017516631895485, -0.007676618857649738, -0.015300508456140241], [-0.007676618857649738, 0.004478562641631055, 0.007660298488974957], [-0.01530050845614024, 0.007660298488974957, 0.015960272736710454]], "chi2_level": 0.997, "chi2_df": 3, "chi2_threshold": 13.931422665512084, "N_raw": 11, "N_roi": 11, "N_inlier": 11, "refit": true}
{"timestamp": "12:56:27.005253", "frame": 50, "mu": [0.7792272085356284, 0.9488498584251106, 1.3875547120366467], "Sigma": [[0.0031826944699431528, -0.0013458720574047569, -0.0060383198648431904], [-0.0013458720574047569, 0.0018826348381216368, 0.0035646802953359542], [-0.0060383198648431904, 0.0035646802953359547, 0.020280493412897414]], "chi2_level": 0.997, "chi2_df": 3, "chi2_threshold": 13.931422665512084, "N_raw": 34, "N_roi": 34, "N_inlier": 33, "refit": true}
{"timestamp": "12:56:27.062716", "frame": 51, "mu": [0.7002908203774689, 1.036212204829676, -0.24748488402209834], "Sigma": [[0.004729491220545757, 0.00018966752959870086, -0.004238098571382021], [0.00018966752959870088, 0.002609237779899389, -0.0005380751654757243], [-0.004238098571382021, -0.0005380751654757242, 0.0051724718345070395]], "chi2_level": 0.997, "chi2_df": 3, "chi2_threshold": 13.931422665512084, "N_raw": 40, "N_roi": 40, "N_inlier": 38, "refit": true}
{"timestamp": "12:56:27.118507", "frame": 52, "mu": [0.700980685282014, 0.9509865361787632, 1.4783856263257977], "Sigma": [[0.005273736783017859, -0.0005631711411219006, -0.00404918677426459], [-0.0005631711411219005, 0.003652597729434032, 0.000409947059326237], [-0.00404918677426459, 0.0004099470593262372, 0.006335735195001667]], "chi2_level": 0.997, "chi2_df": 3, "chi2_threshold": 13.931422665512084, "N_raw": 57, "N_roi": 57, "N_inlier": 54, "refit": true}
{"timestamp": "12:56:27.172817", "frame": 53, "mu": [0.6322202531361184, 0.9311789294653896, 1.503906772766258], "Sigma": [[0.003604588793825574, -3.8201355449652075e-05, -0.0019109855114318654], [-3.820135544965205e-05, 0.0034832432032796635, -0.0011582602393494404], [-0.0019109855114318654, -0.0011582602393494404, 0.00155242527863907]], "chi2_level": 0.997, "chi2_df": 3, "chi2_threshold": 13.931422665512084, "N_raw": 52, "N_roi": 52, "N_inlier": 50, "refit": true}
{"timestamp": "12:56:27.228749", "frame": 54, "mu": [0.66694453861945, 0.883538509431976, 1.4209279564936166], "Sigma": [[0.007130707565378526, -0.0026180076260578734, -0.006959765025314393], [-0.0026180076260578734, 0.0025578344298524255, 0.002307315186784368], [-0.006959765025314393, 0.002307315186784368, 0.011918670102653186]], "chi2_level": 0.997, "chi2_df": 3, "chi2_threshold": 13.931422665512084, "N_raw": 50, "N_roi": 50, "N_inlier": 48, "refit": true}
{"timestamp": "12:56:27.281576", "frame": 55, "mu": [0.5450949131422621, 0.9521193422202453, 1.3437427610097972], "Sigma": [[0.003998820970469588, -0.0018437585492409522, -0.020133942024247346], [-0.0018437585492409522, 0.005134972061191575, 0.010394225568992431], [-0.020133942024247346, 0.010394225568992431, 0.1606591549313459]], "chi2_level": 0.997, "chi2_df": 3, "chi2_threshold": 13.931422665512084, "N_raw": 34, "N_roi": 34, "N_inlier": 31, "refit": true}
{"timestamp": "12:56:27.336113", "frame": 56, "mu": [0.5938712502757716, 0.9044660275085126, 1.3944249865029945], "Sigma": [[0.0034192887604226523, -0.001016054030151636, -0.0040568280110593454], [-0.001016054030151636, 0.002205038883071308, -0.0001467789257683573], [-0.0040568280110593454, -0.0001467789257683573, 0.010537910273608148]], "chi2_level": 0.997, "chi2_df": 3, "chi2_threshold": 13.931422665512084, "N_raw": 36, "N_roi": 36, "N_inlier": 34, "refit": true}
{"timestamp": "12:56:27.394252", "frame": 57, "mu": [0.49679810514693606, 0.9649237154571563, 1.4613296225867098], "Sigma": [[0.004094383458548256, -0.0026256722036669742, -0.005650480123964581], [-0.0026256722036669742, 0.004804975789625591, 0.003275076006245495], [-0.005650480123964581, 0.0032750760062454946, 0.014953045241278618]], "chi2_level": 0.997, "chi2_df": 3, "chi2_threshold": 13.931422665512084, "N_raw": 48, "N_roi": 48, "N_inlier": 46, "refit": true}
{"timestamp": "12:56:27.447018", "frame": 58, "mu": [0.518729446503856, 0.9060145432684159, 1.3971315603995127], "Sigma": [[0.0026456377673592145, -0.0006935781184930887, -0.0015211496005332558], [-0.0006935781184930889, 0.006093854194180127, 0.01131389906141029], [-0.0015211496005332558, 0.01131389906141029, 0.04374933427970174]], "chi2_level": 0.997, "chi2_df": 3, "chi2_threshold": 13.931422665512084, "N_raw": 34, "N_roi": 34, "N_inlier": 33, "refit": true}
{"timestamp": "12:56:27.502989", "frame": 59, "mu": [0.5348095491096219, 0.9298276408304067, 1.3393271545092258], "Sigma": [[0.003605080642572903, 0.0007063593621108231, -0.0038867354009787794], [0.0007063593621108233, 0.0021311070263420554, -0.00186147789914765], [-0.0038867354009787794, -0.00186147789914765, 0.00850447903446351]], "chi2_level": 0.997, "chi2_df": 3, "chi2_threshold": 13.931422665512084, "N_raw": 50, "N_roi": 50, "N_inlier": 47, "refit": true}
{"timestamp": "12:56:27.554651", "frame": 60, "mu": [0.5178235528419944, 0.8356056743663588, 1.1631357940280072], "Sigma": [[0.0068767165262636565, -0.0020652851663102534, -0.0001147389733979461], [-0.002065285166310253, 0.0038095511977034088, 0.005451137822558483], [-0.0001147389733979461, 0.005451137822558483, 0.02728928824795652]], "chi2_level": 0.997, "chi2_df": 3, "chi2_threshold": 13.931422665512084, "N_raw": 29, "N_roi": 29, "N_inlier": 29, "refit": true}
{"timestamp": "12:56:27.613182", "frame": 61, "mu": [0.33350796627225293, 0.8708530108162362, 1.1548104957609164], "Sigma": [[0.003008484262744455, -0.0019734228684368917, -0.010581972233834317], [-0.0019734228684368917, 0.0058002364519478215, 0.026979259204426512], [-0.010581972233834317, 0.026979259204426512, 0.15714273214834223]], "chi2_level": 0.997, "chi2_df": 3, "chi2_threshold": 13.931422665512084, "N_raw": 51, "N_roi": 51, "N_inlier": 50, "refit": true}
{"timestamp": "12:56:27.673266", "frame": 62, "mu": [0.27968243114134467, 0.932915369221195, 1.281356432825769], "Sigma": [[0.002528437592136349, 0.0006847543857864929, 0.0032093800638393084], [0.0006847543857864928, 0.005003530564872383, 0.013326052209268963], [0.003209380063839309, 0.013326052209268965, 0.06306532496858347]], "chi2_level": 0.997, "chi2_df": 3, "chi2_threshold": 13.931422665512084, "N_raw": 86, "N_roi": 86, "N_inlier": 85, "refit": true}
{"timestamp": "12:56:27.725192", "frame": 63, "mu": [0.29162332366470833, 1.0391724164944827, -0.5059397426990927], "Sigma": [[0.005070521780025845, 0.00035008336409940395, 0.0009020047088423892], [0.000350083364099404, 0.005344238393157817, -0.0193765523093343], [0.0009020047088423892, -0.0193765523093343, 0.12729994283003418]], "chi2_level": 0.997, "chi2_df": 3, "chi2_threshold": 13.931422665512084, "N_raw": 55, "N_roi": 55, "N_inlier": 54, "refit": true}
{"timestamp": "12:56:27.775719", "frame": 64, "mu": [0.22443584175454942, 1.0142908971842026, -0.30782300041505856], "Sigma": [[0.003135746975026097, 0.00081308414775399, -0.0043963876653931025], [0.0008130841477539896, 0.0032125292407657155, 0.0013233494189091052], [-0.004396387665393102, 0.0013233494189091052, 0.024835042260961435]], "chi2_level": 0.997, "chi2_df": 3, "chi2_threshold": 13.931422665512084, "N_raw": 36, "N_roi": 36, "N_inlier": 33, "refit": true}
{"timestamp": "12:56:27.836105", "frame": 65, "mu": [0.2747894186606922, 1.064533899514308, -0.47276322897438616], "Sigma": [[0.0058515768932535595, -0.003278596132229193, 0.0017020902327233036], [-0.003278596132229193, 0.007540395336763509, 0.0022746330756173126], [0.0017020902327233036, 0.002274633075617312, 0.013186974044662209]], "chi2_level": 0.997, "chi2_df": 3, "chi2_threshold": 13.931422665512084, "N_raw": 71, "N_roi": 71, "N_inlier": 67, "refit": true}
{"timestamp": "12:56:27.893573", "frame": 66, "mu": [0.10113662693284015, 0.9301206454035276, 1.3044015915356084], "Sigma": [[0.0030926773763862835, -0.003820836453953781, -0.006191691692101882], [-0.003820836453953781, 0.01113310560818226, 0.015589200407751268], [-0.00619169169210188, 0.015589200407751268, 0.08157936553373592]], "chi2_level": 0.997, "chi2_df": 3, "chi2_threshold": 13.931422665512084, "N_raw": 82, "N_roi": 82, "N_inlier": 75, "refit": true}
{"timestamp": "12:56:27.944481", "frame": 67, "mu": [0.2310650420281024, 1.0235881702781673, -0.5811331428210366], "Sigma": [[0.004422971685660436, -0.002130503572857958, -0.000766043121715649], [-0.002130503572857958, 0.004166189775164464, -0.0008985528267291447], [-0.0007660431217156488, -0.0008985528267291446, 0.0045257161717936955]], "chi2_level": 0.997, "chi2_df": 3, "chi2_threshold": 13.931422665512084, "N_raw": 53, "N_roi": 53, "N_inlier": 49, "refit": true}
{"timestamp": "12:56:28.004227", "frame": 68, "mu": [0.08036814793487877, 0.8713724692287856, 1.2786227809456383], "Sigma": [[0.004608585140211896, -0.0005968843749795112, 0.002683769669336831], [-0.0005968843749795112, 0.0036122850576613052, 0.006001595412210632], [0.002683769669336831, 0.006001595412210632, 0.031730028412391406]], "chi2_level": 0.997, "chi2_df": 3, "chi2_threshold": 13.931422665512084, "N_raw": 94, "N_roi": 94, "N_inlier": 90, "refit": true}
{"timestamp": "12:56:28.064317", "frame": 69, "mu": [0.019991580567204768, 0.8919644258154176, 1.4128682825308407], "Sigma": [[0.008023908680724473, -0.006297719961125806, -0.00968275426837218], [-0.006297719961125806, 0.010218820429807398, 0.006570121699649982], [-0.00968275426837218, 0.006570121699649982, 0.016401607952144587]], "chi2_level": 0.997, "chi2_df": 3, "chi2_threshold": 13.931422665512084, "N_raw": 130, "N_roi": 130, "N_inlier": 126, "refit": true}
{"timestamp": "12:56:28.115008", "frame": 70, "mu": [-0.027183418437331193, 0.8812549728024659, 1.3522665898032786], "Sigma": [[0.003649573819427222, -0.0021613449314010166, -0.002509529703186055], [-0.0021613449314010166, 0.006858869555915632, 0.0030677071144580917], [-0.002509529703186055, 0.0030677071144580917, 0.010479856326308873]], "chi2_level": 0.997, "chi2_df": 3, "chi2_threshold": 13.931422665512084, "N_raw": 80, "N_roi": 80, "N_inlier": 71, "refit": true}
{"timestamp": "12:56:28.168418", "frame": 71, "mu": [-0.08447078990931434, 0.9976528751892956, -0.15893221243437666], "Sigma": [[0.0027792725350962075, -0.0018552380878283838, 0.015591044686008304], [-0.0018552380878283838, 0.006033671400172392, -0.028641851976902208], [0.015591044686008304, -0.028641851976902208, 0.280472719789366]], "chi2_level": 0.997, "chi2_df": 3, "chi2_threshold": 13.931422665512084, "N_raw": 81, "N_roi": 81, "N_inlier": 78, "refit": true}
{"timestamp": "12:56:28.222334", "frame": 72, "mu": [-0.20827676822242625, 0.8720584408301411, -0.41720850788915603], "Sigma": [[0.004903012116385688, 0.006291920927300543, 0.03150941395728184], [0.006291920927300543, 0.015052979884927207, 0.040493508986470264], [0.03150941395728184, 0.04049350898647026, 0.38398520420811416]], "chi2_level": 0.997, "chi2_df": 3, "chi2_threshold": 13.931422665512084, "N_raw": 79, "N_roi": 79, "N_inlier": 76, "refit": true}
{"timestamp": "12:56:28.279364", "frame": 73, "mu": [-0.24675665567294258, 0.8816172994611093, 1.4535209000878688], "Sigma": [[0.0052428594565829606, 0.001809659991052915, 0.008104865329931711], [0.001809659991052915, 0.0066845390663334125, 0.010004277704499197], [0.008104865329931713, 0.010004277704499197, 0.03748596424337965]], "chi2_level": 0.997, "chi2_df": 3, "chi2_threshold": 13.931422665512084, "N_raw": 83, "N_roi": 83, "N_inlier": 80, "refit": true}
{"timestamp": "12:56:28.332530", "frame": 74, "mu": [-0.30121182197323076, 0.9189598818424171, 1.5061334336561607], "Sigma": [[0.004212855251937097, -0.0015148283768145064, 0.0010546138547503133], [-0.0015148283768145064, 0.0030709531112156595, -0.0026471830830790723], [0.0010546138547503133, -0.0026471830830790723, 0.003645285040291987]], "chi2_level": 0.997, "chi2_df": 3, "chi2_threshold": 13.931422665512084, "N_raw": 75, "N_roi": 75, "N_inlier": 71, "refit": true}
{"timestamp": "12:56:28.386059", "frame": 75, "mu": [-0.3195207770236887, 0.9158379436455736, 1.4851274918586759], "Sigma": [[0.002635736038715609, -0.0004212736108633675, -0.0011577474608485557], [-0.0004212736108633674, 0.0029216105102069304, -0.0025415721668603413], [-0.0011577474608485557, -0.0025415721668603413, 0.0036486273120058524]], "chi2_level": 0.997, "chi2_df": 3, "chi2_threshold": 13.931422665512084, "N_raw": 69, "N_roi": 69, "N_inlier": 65, "refit": true}
{"timestamp": "12:56:28.440378", "frame": 76, "mu": [-0.28674664583559634, 0.8553587026070791, -0.642426845191067], "Sigma": [[0.003933061406328555, -0.0004513168813237283, 0.002330969359851077], [-0.0004513168813237283, 0.00763845390029526, 0.004704799417799748], [0.002330969359851077, 0.004704799417799747, 0.015679675235494128]], "chi2_level": 0.997, "chi2_df": 3, "chi2_threshold": 13.931422665512084, "N_raw": 70, "N_roi": 70, "N_inlier": 65, "refit": true}
{"timestamp": "12:56:28.497096", "frame": 77, "mu": [-0.33326539260487414, 1.0327166702858426, -0.4591670586712057], "Sigma": [[0.010450782606968195, 0.00871764792883615, -0.0179254626077242], [0.00871764792883615, 0.04243948501828443, -0.0397736596847372], [-0.0179254626077242, -0.0397736596847372, 0.0791942748413038]], "chi2_level": 0.997, "chi2_df": 3, "chi2_threshold": 13.931422665512084, "N_raw": 76, "N_roi": 76, "N_inlier": 73, "refit": true}
{"timestamp": "12:56:28.553963", "frame": 78, "mu": [-0.43024103943825137, 0.8724219794488637, 1.4665022475714329], "Sigma": [[0.00676590031260721, -0.005368374006185901, -0.009623494290370814], [-0.005368374006185901, 0.007506118122673198, 0.008188105935470286], [-0.009623494290370814, 0.008188105935470286, 0.02057302017954247]], "chi2_level": 0.997, "chi2_df": 3, "chi2_threshold": 13.931422665512084, "N_raw": 90, "N_roi": 90, "N_inlier": 82, "refit": true}
{"timestamp": "12:56:28.604103", "frame": 79, "mu": [-0.4327422683055412, 0.77225753460249, 1.2845313498630095], "Sigma": [[0.0027792532709884636, -0.002639176912282065, -0.001682531045256109], [-0.002639176912282065, 0.004105760852855225, 0.0003970927448286154], [-0.001682531045256109, 0.0003970927448286153, 0.003234113712513325]], "chi2_level": 0.997, "chi2_df": 3, "chi2_threshold": 13.931422665512084, "N_raw": 52, "N_roi": 50, "N_inlier": 43, "refit": true}
{"timestamp": "12:56:28.662600", "frame": 80, "mu": [-0.524363402957127, 0.9299811836957447, 1.4847348781096317], "Sigma": [[0.005043853738230583, -0.004612131054595573, -0.003742599930019925], [-0.004612131054595573, 0.008399741314725645, 0.0021936566799740194], [-0.003742599930019925, 0.0021936566799740194, 0.007444150083846225]], "chi2_level": 0.997, "chi2_df": 3, "chi2_threshold": 13.931422665512084, "N_raw": 81, "N_roi": 80, "N_inlier": 71, "refit": true}
{"timestamp": "12:56:28.720500", "frame": 81, "mu": [-0.6855669676384011, 0.8902169668073409, 1.575377725778398], "Sigma": [[0.02694645430273905, 0.010592683475441001, -0.020829172832467747], [0.010592683475441001, 0.012208456514804919, -0.005593446890835113], [-0.020829172832467747, -0.005593446890835114, 0.03268954613133368]], "chi2_level": 0.997, "chi2_df": 3, "chi2_threshold": 13.931422665512084, "N_raw": 91, "N_roi": 91, "N_inlier": 89, "refit": true}
{"timestamp": "12:56:28.766320", "frame": 82, "mu": [-0.7092779293630299, 0.7371069857156851, 1.4711927161584277], "Sigma": [[0.06926401542328811, 0.0009928184857393137, -0.058573996541811585], [0.0009928184857393135, 0.006246848660332627, -0.006453683858392411], [-0.058573996541811585, -0.006453683858392411, 0.05964818299463899]], "chi2_level": 0.997, "chi2_df": 3, "chi2_threshold": 13.931422665512084, "N_raw": 35, "N_roi": 35, "N_inlier": 33, "refit": true}
{"timestamp": "12:56:28.826798", "frame": 83, "mu": [-0.747474948002552, 0.8894787653742724, 1.5806032133262369], "Sigma": [[0.02552085449041677, 0.004037559488024535, -0.020827010375429868], [0.004037559488024535, 0.020714280734921976, -0.00229387422338753], [-0.020827010375429868, -0.0022938742233875303, 0.02011283555366736]], "chi2_level": 0.997, "chi2_df": 3, "chi2_threshold": 13.931422665512084, "N_raw": 80, "N_roi": 79, "N_inlier": 79, "refit": true}
{"timestamp": "12:56:28.884317", "frame": 84, "mu": [-0.8583389049981823, 0.9527388404293304, -0.17361099769364044], "Sigma": [[0.027979832493508657, 0.02073184903580836, -0.008788431905396948], [0.02073184903580836, 0.027027376527873535, -0.003097851822162279], [-0.008788431905396948, -0.003097851822162279, 0.006974128369059452]], "chi2_level": 0.997, "chi2_df": 3, "chi2_threshold": 13.931422665512084, "N_raw": 86, "N_roi": 85, "N_inlier": 82, "refit": true}
{"timestamp": "12:56:28.936359", "frame": 85, "mu": [-0.8912332985853059, 0.8980161460485943, 1.6329516095764305], "Sigma": [[0.01791154853761625, 0.011273050616544468, -0.019344740538037232], [0.011273050616544468, 0.01322134460051153, -0.01546419927753481], [-0.019344740538037225, -0.015464199277534809, 0.024150066522970737]], "chi2_level": 0.997, "chi2_df": 3, "chi2_threshold": 13.931422665512084, "N_raw": 70, "N_roi": 69, "N_inlier": 68, "refit": true}
{"timestamp": "12:56:28.992339", "frame": 86, "mu": [-1.0243405738007723, 0.8318124686390479, 1.7125792350509856], "Sigma": [[0.010800358247120527, 0.006870268583902972, -0.006820623658888857], [0.006870268583902972, 0.011875184141628142, -0.008146357382085035], [-0.006820623658888858, -0.008146357382085037, 0.006875564301373254]], "chi2_level": 0.997, "chi2_df": 3, "chi2_threshold": 13.931422665512084, "N_raw": 79, "N_roi": 77, "N_inlier": 74, "refit": true}
{"timestamp": "12:56:29.046033", "frame": 87, "mu": [-1.0339457871534947, 0.8611062418829712, 1.6625525915251256], "Sigma": [[0.018846444876392855, 0.00938007762385704, -0.010033285483056705], [0.00938007762385704, 0.008532849823580204, -0.006328765708260504], [-0.010033285483056705, -0.006328765708260505, 0.010394636836906534]], "chi2_level": 0.997, "chi2_df": 3, "chi2_threshold": 13.931422665512084, "N_raw": 65, "N_roi": 63, "N_inlier": 61, "refit": true}
{"timestamp": "12:56:29.100869", "frame": 88, "mu": [-0.9598805497330006, 0.8909100105022605, 1.5680160254874251], "Sigma": [[0.010293708761646902, 0.005471049802105828, -0.008479377753587636], [0.005471049802105828, 0.010001998552538032, -0.0064699918341079715], [-0.008479377753587636, -0.0064699918341079715, 0.008391243333051546]], "chi2_level": 0.997, "chi2_df": 3, "chi2_threshold": 13.931422665512084, "N_raw": 71, "N_roi": 71, "N_inlier": 67, "refit": true}
{"timestamp": "12:56:29.152019", "frame": 89, "mu": [-1.140282054427002, 0.8118450034548503, 1.5890362602870316], "Sigma": [[0.02161055063465292, 0.005397057368301783, -0.01796011020241497], [0.005397057368301783, 0.0064744968791273705, -0.004261976294292645], [-0.017960110202414975, -0.004261976294292645, 0.03566881678971101]], "chi2_level": 0.997, "chi2_df": 3, "chi2_threshold": 13.931422665512084, "N_raw": 45, "N_roi": 45, "N_inlier": 43, "refit": true}
{"timestamp": "12:56:29.214974", "frame": 90, "mu": [-1.0763070150867178, 0.8416006792482813, 1.5929745667005277], "Sigma": [[0.017970012403997485, 0.004445082224423503, -0.008359471609348638], [0.004445082224423503, 0.005947268830091743, -0.004937563502721271], [-0.008359471609348638, -0.004937563502721271, 0.007561521466291685]], "chi2_level": 0.997, "chi2_df": 3, "chi2_threshold": 13.931422665512084, "N_raw": 103, "N_roi": 103, "N_inlier": 99, "refit": true}
{"timestamp": "12:56:29.271518", "frame": 91, "mu": [-1.0946679142280273, 0.8481110464743429, 1.609001459749824], "Sigma": [[0.016203638960666428, 0.0007328706463184326, -0.0128530922651366], [0.0007328706463184324, 0.010107321131204623, 0.0002088397578327868], [-0.0128530922651366, 0.00020883975783278692, 0.013856874263154776]], "chi2_level": 0.997, "chi2_df": 3, "chi2_threshold": 13.931422665512084, "N_raw": 98, "N_roi": 98, "N_inlier": 96, "refit": true}
