{"timestamp": "14:55:21.266654", "frame": 1, "mu": [1.3097130904227514, 1.022398556064837, 1.4240616879351973], "Sigma": [[0.15968408168197826, 0.10648456425712681, -0.09038338444101136], [0.10648456425712681, 0.07369870093757618, -0.06655753148378989], [-0.09038338444101136, -0.06655753148378989, 0.06731670033772669]], "chi2_level": 0.99, "chi2_df": 3, "chi2_threshold": 11.344866730144373, "N_raw": 7, "N_roi": 7, "N_inlier": 7, "refit": true}
{"timestamp": "14:55:21.431753", "frame": 4, "mu": [1.5248709512450425, 0.9706120802128692, 1.321894651447938], "Sigma": [[0.008109537768211376, -0.0018568841865097981, -0.00430733830112751], [-0.0018568841865097977, 0.0025197767710162665, 0.0004704127878256694], [-0.00430733830112751, 0.00047041278782566947, 0.0029653186936219687]], "chi2_level": 0.99, "chi2_df": 3, "chi2_threshold": 11.344866730144373, "N_raw": 18, "N_roi": 18, "N_inlier": 18, "refit": true}
{"timestamp": "14:55:21.486392", "frame": 5, "mu": [1.4781410116479332, 1.1070226767792366, 1.1773160664641598], "Sigma": [[0.006243266272757199, -0.000503290590481985, -0.0017798449521002186], [-0.0005032905904819848, 0.035314927512841654, -0.04255225218374051], [-0.0017798449521002186, -0.04255225218374051, 0.05250250070761747]], "chi2_level": 0.99, "chi2_df": 3, "chi2_threshold": 11.344866730144373, "N_raw": 7, "N_roi": 7, "N_inlier": 7, "refit": true}
{"timestamp": "14:55:21.871541", "frame": 12, "mu": [1.42915117860769, 1.0185651336778132, 1.3286277696015567], "Sigma": [[0.005019535084470282, -0.0003270288020024267, -0.012656905110481856], [-0.00032702880200242675, 0.0007492580093814027, 0.00046218697706008254], [-0.012656905110481856, 0.00046218697706008243, 0.03546121845192973]], "chi2_level": 0.99, "chi2_df": 3, "chi2_threshold": 11.344866730144373, "N_raw": 8, "N_roi": 8, "N_inlier": 7, "refit": true}
{"timestamp": "14:55:22.148884", "frame": 17, "mu": [1.4637847824535428, 1.4218523368136375, -0.6806638006901845], "Sigma": [[0.0033267797040148995, 0.0023868401721619716, -0.007721492005058033], [0.0023868401721619716, 0.02190031130264023, -0.04027532561207761], [-0.007721492005058033, -0.04027532561207761, 0.08112401674622896]], "chi2_level": 0.99, "chi2_df": 3, "chi2_threshold": 11.344866730144373, "N_raw": 30, "N_roi": 30, "N_inlier": 30, "refit": true}
{"timestamp": "14:55:22.205444", "frame": 18, "mu": [1.4580291982190499, 1.2078972005583282, 0.9276115047041562], "Sigma": [[0.007858334244376519, -0.0071182249585063, -0.022296964512055577], [-0.0071182249585063, 0.026710380636686043, 0.01583600038488284], [-0.022296964512055577, 0.01583600038488284, 0.10015751831188395]], "chi2_level": 0.99, "chi2_df": 3, "chi2_threshold": 11.344866730144373, "N_raw": 33, "N_roi": 33, "N_inlier": 32, "refit": true}
{"timestamp": "14:55:22.256010", "frame": 19, "mu": [1.4326757656954543, 1.0109532074714298, 0.9266112228170669], "Sigma": [[0.013014744909714694, -0.0021105665772775495, -0.055581984159255665], [-0.002110566577277549, 0.014580766385208627, 0.04107570744130436], [-0.055581984159255665, 0.04107570744130436, 0.3392915369741399]], "chi2_level": 0.99, "chi2_df": 3, "chi2_threshold": 11.344866730144373, "N_raw": 9, "N_roi": 9, "N_inlier": 9, "refit": true}
{"timestamp": "14:55:22.314646", "frame": 20, "mu": [1.4014719624775456, 1.2318478415789633, 0.7879559298039475], "Sigma": [[0.005774967299269247, -0.0005736368656327858, -0.0005344419745466366], [-0.0005736368656327857, 0.007785207960918246, -0.00324216465920929], [-0.0005344419745466366, -0.00324216465920929, 0.0016458543532895497]], "chi2_level": 0.99, "chi2_df": 3, "chi2_threshold": 11.344866730144373, "N_raw": 34, "N_roi": 34, "N_inlier": 30, "refit": true}
{"timestamp": "14:55:22.369259", "frame": 21, "mu": [1.4134265797066887, 1.1943265586618477, 1.0073159682517765], "Sigma": [[0.003030707796136525, 0.002760697342556905, -0.0027547622323289174], [0.002760697342556905, 0.016566092025787644, -0.00172457103756413], [-0.0027547622323289183, -0.0017245710375641302, 0.030723141155067975]], "chi2_level": 0.99, "chi2_df": 3, "chi2_threshold": 11.344866730144373, "N_raw": 29, "N_roi": 29, "N_inlier": 27, "refit": true}
{"timestamp": "14:55:22.422433", "frame": 22, "mu": [1.4252390399121353, 1.0082614533662893, 1.0872229891744862], "Sigma": [[0.0033918812373543304, -0.006023080720884796, -0.020461322223210412], [-0.006023080720884796, 0.0234628331345669, 0.053827901851447646], [-0.02046132222321041, 0.05382790185144764, 0.28068582809451653]], "chi2_level": 0.99, "chi2_df": 3, "chi2_threshold": 11.344866730144373, "N_raw": 17, "N_roi": 17, "N_inlier": 17, "refit": true}
{"timestamp": "14:55:22.477710", "frame": 23, "mu": [1.4438816163548243, 1.4012497764753569, -0.8431904218122193], "Sigma": [[0.0026904951608231406, 0.00356749635732173, -0.014922150763907623], [0.00356749635732173, 0.043019363843607675, -0.022986918026868797], [-0.014922150763907623, -0.022986918026868794, 0.20238987522642113]], "chi2_level": 0.99, "chi2_df": 3, "chi2_threshold": 11.344866730144373, "N_raw": 16, "N_roi": 16, "N_inlier": 15, "refit": true}
{"timestamp": "14:55:22.531327", "frame": 24, "mu": [1.4207591738111218, 1.130276411851626, 1.000905752946852], "Sigma": [[0.0016314864364595303, -0.0007322045728425549, 0.0037830541418434824], [-0.0007322045728425548, 0.03760470132031643, -0.033728064844243205], [0.0037830541418434815, -0.033728064844243205, 0.12901411686503236]], "chi2_level": 0.99, "chi2_df": 3, "chi2_threshold": 11.344866730144373, "N_raw": 10, "N_roi": 10, "N_inlier": 10, "refit": true}
{"timestamp": "14:55:22.585435", "frame": 25, "mu": [1.384515370792955, 1.032846718688518, 1.1205747038478922], "Sigma": [[0.003130456895614819, -0.00011195453010286459, -0.007844818472026801], [-0.00011195453010286465, 0.0010988039377922796, 0.0038498602343188092], [-0.0078448184720268, 0.0038498602343188092, 0.04210746588214705]], "chi2_level": 0.99, "chi2_df": 3, "chi2_threshold": 11.344866730144373, "N_raw": 7, "N_roi": 7, "N_inlier": 7, "refit": true}
{"timestamp": "14:55:22.641185", "frame": 26, "mu": [1.1998031617666576, 0.9758106363158143, 1.358200338797377], "Sigma": [[0.15419796464981503, 0.09915508259936993, -0.10509387358743699], [0.09915508259936995, 0.06650457028145494, -0.06672680496821201], [-0.10509387358743698, -0.06672680496821201, 0.0960202756745751]], "chi2_level": 0.99, "chi2_df": 3, "chi2_threshold": 11.344866730144373, "N_raw": 7, "N_roi": 7, "N_inlier": 7, "refit": true}
{"timestamp": "14:55:22.697558", "frame": 27, "mu": [1.322125022604316, 0.9599518483299104, 1.2521766326737402], "Sigma": [[0.004272050446635289, -0.00357115718756066, -0.006660995784928571], [-0.003571157187560659, 0.0038112228220280923, 0.007561968147570296], [-0.006660995784928571, 0.007561968147570297, 0.03641789184776719]], "chi2_level": 0.99, "chi2_df": 3, "chi2_threshold": 11.344866730144373, "N_raw": 12, "N_roi": 12, "N_inlier": 12, "refit": true}
{"timestamp": "14:55:22.752968", "frame": 28, "mu": [1.1510398910499688, 1.1452089776273235, 1.3923664577211283], "Sigma": [[0.0048243833899983025, -0.0007369908272228862, -0.005503805945372921], [-0.0007369908272228862, 0.002422147129650429, 0.0021041642133888595], [-0.00550380594537292, 0.0021041642133888595, 0.012607008978656804]], "chi2_level": 0.99, "chi2_df": 3, "chi2_threshold": 11.344866730144373, "N_raw": 21, "N_roi": 21, "N_inlier": 21, "refit": true}
{"timestamp": "14:55:22.812296", "frame": 29, "mu": [1.1121786813911683, 1.0958468882997328, 1.4678634882354695], "Sigma": [[0.005544505781701866, -0.0015629242247312452, -0.0007968240867131426], [-0.0015629242247312452, 0.0027866400747055186, -0.0006037881673870701], [-0.0007968240867131426, -0.00060378816738707, 0.0006175238038735785]], "chi2_level": 0.99, "chi2_df": 3, "chi2_threshold": 11.344866730144373, "N_raw": 36, "N_roi": 36, "N_inlier": 33, "refit": true}
{"timestamp": "14:55:22.866199", "frame": 30, "mu": [1.122412017394046, 0.9984936972808889, 1.1967886321482077], "Sigma": [[0.008785752550200579, -0.00913687512133231, -0.020720061346797707], [-0.00913687512133231, 0.011387498051494398, 0.02514310827986841], [-0.020720061346797707, 0.02514310827986841, 0.06906379498214674]], "chi2_level": 0.99, "chi2_df": 3, "chi2_threshold": 11.344866730144373, "N_raw": 29, "N_roi": 29, "N_inlier": 29, "refit": true}
{"timestamp": "14:55:22.923731", "frame": 31, "mu": [1.0388951429528313, 1.0758255549346858, 1.3906362907074767], "Sigma": [[0.005385754978468123, -0.0025454474415107326, -0.005314096628184967], [-0.0025454474415107326, 0.002840214780962543, 0.0007733094775211869], [-0.005314096628184967, 0.0007733094775211871, 0.009722418418216526]], "chi2_level": 0.99, "chi2_df": 3, "chi2_threshold": 11.344866730144373, "N_raw": 46, "N_roi": 46, "N_inlier": 43, "refit": true}
{"timestamp": "14:55:22.978991", "frame": 32, "mu": [1.0789041134665205, 1.0872582802549347, -0.7250796325549714], "Sigma": [[0.004937892805438285, 0.0023779006850130815, 0.0005812762230826285], [0.0023779006850130815, 0.004366289438201164, 0.0065359988949475175], [0.0005812762230826283, 0.0065359988949475175, 0.028787485930816467]], "chi2_level": 0.99, "chi2_df": 3, "chi2_threshold": 11.344866730144373, "N_raw": 47, "N_roi": 47, "N_inlier": 47, "refit": true}
{"timestamp": "14:55:23.031457", "frame": 33, "mu": [0.989628450488787, 1.0410280891408636, 1.2366077179959338], "Sigma": [[0.011923387664576898, -0.009824157344856544, -0.025991324506396823], [-0.009824157344856544, 0.009719958019774525, 0.022852983089727198], [-0.025991324506396823, 0.022852983089727195, 0.0672595780611478]], "chi2_level": 0.99, "chi2_df": 3, "chi2_threshold": 11.344866730144373, "N_raw": 25, "N_roi": 25, "N_inlier": 23, "refit": true}
{"timestamp": "14:55:23.088321", "frame": 34, "mu": [0.8820582616947343, 1.0685500399974701, 1.4603702876664244], "Sigma": [[0.005279192878478326, -0.0012755016462076213, -0.0044769514068091175], [-0.0012755016462076213, 0.0024554962490403436, 0.00026466717080105614], [-0.0044769514068091175, 0.00026466717080105614, 0.005235995338889595]], "chi2_level": 0.99, "chi2_df": 3, "chi2_threshold": 11.344866730144373, "N_raw": 44, "N_roi": 44, "N_inlier": 41, "refit": true}
{"timestamp": "14:55:23.151831", "frame": 35, "mu": [0.9088346498917249, 1.0631907140797048, 1.0025036610740432], "Sigma": [[0.009654490695451356, -0.004103589776699031, -0.030602130143477624], [-0.004103589776699031, 0.005568460882542634, 0.0026724754821128424], [-0.030602130143477627, 0.0026724754821128432, 0.23706179886664236]], "chi2_level": 0.99, "chi2_df": 3, "chi2_threshold": 11.344866730144373, "N_raw": 101, "N_roi": 101, "N_inlier": 101, "refit": true}
{"timestamp": "14:55:23.207904", "frame": 36, "mu": [0.8221472363623701, 1.0946797870993141, 1.065482475458203], "Sigma": [[0.006402132123322014, -0.0009373143373759159, -0.015586701021735157], [-0.0009373143373759158, 0.004780585534178845, -0.011552708221142982], [-0.015586701021735157, -0.011552708221142984, 0.2464771353948583]], "chi2_level": 0.99, "chi2_df": 3, "chi2_threshold": 11.344866730144373, "N_raw": 97, "N_roi": 97, "N_inlier": 96, "refit": true}
{"timestamp": "14:55:23.260634", "frame": 37, "mu": [0.7817755878013983, 1.1046808785053002, 1.041445175892869], "Sigma": [[0.004086491141485228, -0.0007966663980757976, -0.001128356446412551], [-0.0007966663980757977, 0.007819061709692779, -0.018599764939935388], [-0.0011283564464125509, -0.018599764939935384, 0.2088526118047982]], "chi2_level": 0.99, "chi2_df": 3, "chi2_threshold": 11.344866730144373, "N_raw": 89, "N_roi": 89, "N_inlier": 86, "refit": true}
{"timestamp": "14:55:23.304963", "frame": 38, "mu": [0.7960868788251432, 0.9961433697921664, 0.8052659299228414], "Sigma": [[0.012707512839436007, -0.0027898689625627574, -0.025959782997523502], [-0.0027898689625627583, 0.019380563294272915, 0.06728763096302486], [-0.0259597829975235, 0.06728763096302486, 0.49835857892125296]], "chi2_level": 0.99, "chi2_df": 3, "chi2_threshold": 11.344866730144373, "N_raw": 13, "N_roi": 12, "N_inlier": 12, "refit": true}
{"timestamp": "14:55:23.364143", "frame": 39, "mu": [0.7077799341406982, 1.1041764723082381, 0.7793636178395315], "Sigma": [[0.014895219253080535, -0.01659116085576508, -0.010331080452834797], [-0.016591160855765084, 0.030635238309460473, -0.024001593997770142], [-0.010331080452834795, -0.024001593997770142, 0.2481780201864642]], "chi2_level": 0.99, "chi2_df": 3, "chi2_threshold": 11.344866730144373, "N_raw": 43, "N_roi": 43, "N_inlier": 40, "refit": true}
{"timestamp": "14:55:23.422605", "frame": 40, "mu": [0.6731086029992172, 1.0245197061826243, 1.3467214051843288], "Sigma": [[0.005546282597334568, -0.0012699169837546906, 0.0010495286210741878], [-0.0012699169837546906, 0.005852704070575245, -0.005146081504491666], [0.0010495286210741878, -0.005146081504491664, 0.06149760331937533]], "chi2_level": 0.99, "chi2_df": 3, "chi2_threshold": 11.344866730144373, "N_raw": 74, "N_roi": 74, "N_inlier": 69, "refit": true}
{"timestamp": "14:55:23.483367", "frame": 41, "mu": [0.619232597258028, 1.0476346912155092, 1.3350677440962622], "Sigma": [[0.006274867212317967, -0.003037402091013064, -0.00034083350251653215], [-0.003037402091013064, 0.008407607204505715, -0.00967897997271914], [-0.000340833502516532, -0.00967897997271914, 0.021336877260953138]], "chi2_level": 0.99, "chi2_df": 3, "chi2_threshold": 11.344866730144373, "N_raw": 107, "N_roi": 107, "N_inlier": 101, "refit": true}
{"timestamp": "14:55:23.537155", "frame": 42, "mu": [0.5959506882709332, 1.0336403352198942, 1.322129054400762], "Sigma": [[0.005433804267928745, -0.002666011444587518, -0.001532956681655052], [-0.002666011444587518, 0.008356990910376796, -0.006794126359465848], [-0.001532956681655052, -0.006794126359465848, 0.02591552972729595]], "chi2_level": 0.99, "chi2_df": 3, "chi2_threshold": 11.344866730144373, "N_raw": 101, "N_roi": 100, "N_inlier": 96, "refit": true}
{"timestamp": "14:55:23.590342", "frame": 43, "mu": [0.5327101828695129, 1.0509294239986218, 1.3860129087533268], "Sigma": [[0.004817957208711437, 9.521232593218492e-05, -0.003880216796192843], [9.521232593218492e-05, 0.004246124966580005, -0.003070919694093517], [-0.003880216796192843, -0.003070919694093517, 0.007688583094936694]], "chi2_level": 0.99, "chi2_df": 3, "chi2_threshold": 11.344866730144373, "N_raw": 80, "N_roi": 80, "N_inlier": 74, "refit": true}
{"timestamp": "14:55:23.636610", "frame": 44, "mu": [0.5015484611627502, 0.9468630849704379, 1.360186622376406], "Sigma": [[0.00318996985368897, -0.0023826735784312184, -0.005256051979752512], [-0.0023826735784312184, 0.0052095284143878874, 0.003970306276727851], [-0.005256051979752513, 0.0039703062767278505, 0.008971762313523942]], "chi2_level": 0.99, "chi2_df": 3, "chi2_threshold": 11.344866730144373, "N_raw": 29, "N_roi": 29, "N_inlier": 29, "refit": true}
{"timestamp": "14:55:23.699049", "frame": 45, "mu": [0.40893151924082866, 1.0283196532456702, 1.3470580039785984], "Sigma": [[0.0042702574794939545, -0.0012764824416474235, -0.0028874015792493004], [-0.0012764824416474233, 0.004658931434585929, -0.005280162757946745], [-0.0028874015792493004, -0.005280162757946744, 0.02275601881556717]], "chi2_level": 0.99, "chi2_df": 3, "chi2_threshold": 11.344866730144373, "N_raw": 81, "N_roi": 81, "N_inlier": 80, "refit": true}
{"timestamp": "14:55:23.756565", "frame": 46, "mu": [0.3540770224971743, 1.0360872078352572, 1.3188098849151884], "Sigma": [[0.0033600356625954884, -0.0005512399187961606, -0.0020529582129248268], [-0.0005512399187961605, 0.002798424227786692, -0.0026150384538447553], [-0.0020529582129248268, -0.0026150384538447553, 0.03967870594334077]], "chi2_level": 0.99, "chi2_df": 3, "chi2_threshold": 11.344866730144373, "N_raw": 90, "N_roi": 90, "N_inlier": 88, "refit": true}
{"timestamp": "14:55:23.807825", "frame": 47, "mu": [0.2918867177216079, 1.0005090081314973, 1.3960910879126014], "Sigma": [[0.0029250076030250946, -0.000844208885898857, 0.00100187822056436], [-0.000844208885898857, 0.003424241015312665, -0.002678590156947461], [0.00100187822056436, -0.0026785901569474613, 0.039897451642419715]], "chi2_level": 0.99, "chi2_df": 3, "chi2_threshold": 11.344866730144373, "N_raw": 70, "N_roi": 70, "N_inlier": 67, "refit": true}
{"timestamp": "14:55:23.868033", "frame": 48, "mu": [0.2584866995816545, 1.0425149040879516, 1.389848646028878], "Sigma": [[0.00439426873116187, 0.0003066592494187658, -0.002634444181678599], [0.00030665924941876573, 0.0027909251637590967, -0.003994341858935265], [-0.002634444181678599, -0.003994341858935265, 0.03055997007662086]], "chi2_level": 0.99, "chi2_df": 3, "chi2_threshold": 11.344866730144373, "N_raw": 107, "N_roi": 107, "N_inlier": 103, "refit": true}
{"timestamp": "14:55:23.926397", "frame": 49, "mu": [0.22051436665273064, 0.9902309893872177, 1.2635191709564113], "Sigma": [[0.004489757795832507, -0.0008719667860649519, -0.0058136272950653906], [-0.0008719667860649519, 0.0031336932824901956, 0.003283851448448496], [-0.0058136272950653906, 0.003283851448448496, 0.05282247651716968]], "chi2_level": 0.99, "chi2_df": 3, "chi2_threshold": 11.344866730144373, "N_raw": 123, "N_roi": 122, "N_inlier": 119, "refit": true}
{"timestamp": "14:55:23.970374", "frame": 50, "mu": [0.10229522994182419, 1.0111466089281762, 1.3864287115204426], "Sigma": [[0.002567563571830713, 3.5605066359698385e-05, 0.005899624253655412], [3.560506635969841e-05, 0.003416431538683991, -0.0033104022289017114], [0.005899624253655412, -0.003310402228901711, 0.12274853955193887]], "chi2_level": 0.99, "chi2_df": 3, "chi2_threshold": 11.344866730144373, "N_raw": 45, "N_roi": 45, "N_inlier": 41, "refit": true}
{"timestamp": "14:55:24.021439", "frame": 51, "mu": [0.1114044936983278, 1.0083729827662509, 1.0935897713455693], "Sigma": [[0.030874006797236057, 0.001920098386894504, 0.06190760298111227], [0.0019200983868945035, 0.0011119694278908115, -0.0026274398756398454], [0.06190760298111227, -0.002627439875639845, 0.26776294062052935]], "chi2_level": 0.99, "chi2_df": 3, "chi2_threshold": 11.344866730144373, "N_raw": 27, "N_roi": 26, "N_inlier": 24, "refit": true}
{"timestamp": "14:55:24.085050", "frame": 52, "mu": [0.05803124880115183, 0.9327609308078622, 1.2817176663383871], "Sigma": [[0.008785434424514143, -0.003209789462556763, -0.0016053890884851203], [-0.003209789462556763, 0.00256248691366525, -0.0013093511993512703], [-0.0016053890884851203, -0.0013093511993512703, 0.005704643140905711]], "chi2_level": 0.99, "chi2_df": 3, "chi2_threshold": 11.344866730144373, "N_raw": 92, "N_roi": 92, "N_inlier": 88, "refit": true}
{"timestamp": "14:55:24.140195", "frame": 53, "mu": [0.003877634939956169, 0.9584784634673774, 1.396169003009353], "Sigma": [[0.0039016639977045046, -0.000318813041097479, -0.003832952789740432], [-0.0003188130410974789, 0.0017622184400832503, -0.002249100075785792], [-0.003832952789740432, -0.002249100075785792, 0.013676264773150468]], "chi2_level": 0.99, "chi2_df": 3, "chi2_threshold": 11.344866730144373, "N_raw": 86, "N_roi": 86, "N_inlier": 81, "refit": true}
{"timestamp": "14:55:24.197631", "frame": 54, "mu": [-0.05403837454477365, 0.9686346968462872, 1.352661015264087], "Sigma": [[0.004042079644477978, -0.00041106924559705297, -0.004865998793951567], [-0.000411069245597053, 0.0031462861208503383, -0.002942203464814293], [-0.004865998793951566, -0.0029422034648142934, 0.02103493426187298]], "chi2_level": 0.99, "chi2_df": 3, "chi2_threshold": 11.344866730144373, "N_raw": 104, "N_roi": 104, "N_inlier": 101, "refit": true}
{"timestamp": "14:55:24.244814", "frame": 55, "mu": [-0.08867265554862884, 0.8664235153051585, 1.2091845946532105], "Sigma": [[0.002220209240272648, -3.4880963520555325e-05, -0.001574852811940559], [-3.4880963520555325e-05, 0.00816175269707111, -0.002535966884019658], [-0.001574852811940559, -0.002535966884019658, 0.014615145738888688]], "chi2_level": 0.99, "chi2_df": 3, "chi2_threshold": 11.344866730144373, "N_raw": 46, "N_roi": 46, "N_inlier": 42, "refit": true}
{"timestamp": "14:55:24.298934", "frame": 56, "mu": [-0.19180256113442445, 0.9038018702412178, 1.3971030393916564], "Sigma": [[0.0026189149449823926, -0.0013941058117190777, -0.0061871816915473705], [-0.0013941058117190777, 0.002067715589492043, 0.0028752523234231563], [-0.006187181691547371, 0.0028752523234231568, 0.04025637018053088]], "chi2_level": 0.99, "chi2_df": 3, "chi2_threshold": 11.344866730144373, "N_raw": 45, "N_roi": 45, "N_inlier": 42, "refit": true}
{"timestamp": "14:55:24.367194", "frame": 57, "mu": [-0.23222319503521546, 0.9472683296142212, 1.3492590779111553], "Sigma": [[0.00709147838974353, -0.0007688342805797558, -0.012301438415006465], [-0.0007688342805797559, 0.002553537313399784, -0.0004979295451547778], [-0.012301438415006465, -0.0004979295451547779, 0.03849805370097169]], "chi2_level": 0.99, "chi2_df": 3, "chi2_threshold": 11.344866730144373, "N_raw": 106, "N_roi": 106, "N_inlier": 103, "refit": true}
{"timestamp": "14:55:24.419864", "frame": 58, "mu": [-0.25114421135828585, 0.8817707537729097, 1.3053355420065347], "Sigma": [[0.004871161540183264, -0.003712261483415527, -0.00975230786189945], [-0.003712261483415527, 0.005131247218378429, 0.006044269482576083], [-0.00975230786189945, 0.006044269482576084, 0.039582398379829825]], "chi2_level": 0.99, "chi2_df": 3, "chi2_threshold": 11.344866730144373, "N_raw": 118, "N_roi": 118, "N_inlier": 117, "refit": true}
{"timestamp": "14:55:24.467534", "frame": 59, "mu": [-0.3493276737332665, 0.9212464403083267, 1.487454804523931], "Sigma": [[0.0022621914457927016, -0.0008871969606348972, -0.002158502384788309], [-0.0008871969606348972, 0.0035079080608114983, -0.000700702126343791], [-0.0021585023847883094, -0.000700702126343791, 0.013399165182142379]], "chi2_level": 0.99, "chi2_df": 3, "chi2_threshold": 11.344866730144373, "N_raw": 66, "N_roi": 64, "N_inlier": 61, "refit": true}
{"timestamp": "14:55:24.527755", "frame": 60, "mu": [-0.38322224090103574, 0.9126550704571813, 1.390213890507877], "Sigma": [[0.003622137943690619, -0.0017166862920293562, -0.0017845910390739106], [-0.0017166862920293567, 0.006484369115010936, -0.0017550332322614412], [-0.0017845910390739109, -0.001755033232261441, 0.030302536151197178]], "chi2_level": 0.99, "chi2_df": 3, "chi2_threshold": 11.344866730144373, "N_raw": 103, "N_roi": 102, "N_inlier": 97, "refit": true}
{"timestamp": "14:55:24.578245", "frame": 61, "mu": [-0.45072022740541207, 0.8823806851663076, 1.2917113234987105], "Sigma": [[0.00508464617383043, -0.004060098683903836, -0.016545104086741542], [-0.004060098683903836, 0.005487399140366782, 0.013999556920707808], [-0.016545104086741542, 0.013999556920707808, 0.11779402700775327]], "chi2_level": 0.99, "chi2_df": 3, "chi2_threshold": 11.344866730144373, "N_raw": 70, "N_roi": 70, "N_inlier": 67, "refit": true}
{"timestamp": "14:55:24.640714", "frame": 62, "mu": [-0.4794837266645328, 1.0374685848412932, -0.6331211588903551], "Sigma": [[0.006865540425617698, 0.006273975270390474, -0.021361850688046278], [0.006273975270390474, 0.021398747083842908, -0.039737638745229044], [-0.021361850688046278, -0.039737638745229044, 0.1780789848972062]], "chi2_level": 0.99, "chi2_df": 3, "chi2_threshold": 11.344866730144373, "N_raw": 117, "N_roi": 117, "N_inlier": 113, "refit": true}
{"timestamp": "14:55:24.687670", "frame": 63, "mu": [-0.5719195607054248, 0.9020177533447518, 1.4162405908293656], "Sigma": [[0.003337825833912985, -0.001901677073318292, -0.006650869051237521], [-0.001901677073318292, 0.003622253166204605, 0.00693738023926546], [-0.006650869051237521, 0.006937380239265461, 0.042670374765932495]], "chi2_level": 0.99, "chi2_df": 3, "chi2_threshold": 11.344866730144373, "N_raw": 54, "N_roi": 51, "N_inlier": 48, "refit": true}
{"timestamp": "14:55:24.738899", "frame": 64, "mu": [-0.5589839269836807, 0.8636517826309064, 1.0574066028223772], "Sigma": [[0.002486881750379431, -0.0008271711921059033, -0.006089232739941317], [-0.0008271711921059033, 0.0028323105369986706, 0.010498860780810455], [-0.006089232739941317, 0.010498860780810455, 0.06385656274128465]], "chi2_level": 0.99, "chi2_df": 3, "chi2_threshold": 11.344866730144373, "N_raw": 46, "N_roi": 46, "N_inlier": 41, "refit": true}
{"timestamp": "14:55:24.793203", "frame": 65, "mu": [-0.715694199768794, 0.8861208724610266, 1.2358320790634136], "Sigma": [[0.04523407792677886, 0.024212284307701358, -0.07000480519917075], [0.024212284307701358, 0.018947635576220666, -0.041205409066087384], [-0.07000480519917075, -0.041205409066087384, 0.13985682126272755]], "chi2_level": 0.99, "chi2_df": 3, "chi2_threshold": 11.344866730144373, "N_raw": 41, "N_roi": 40, "N_inlier": 38, "refit": true}
{"timestamp": "14:55:24.849249", "frame": 66, "mu": [-0.9385801737269441, 0.8964547316574987, -0.38821841010394553], "Sigma": [[0.043339847761571224, 0.03447028114627812, -0.0469640176171128], [0.03447028114627811, 0.034728597565770805, -0.04478290128366576], [-0.0469640176171128, -0.04478290128366576, 0.062471433902075914]], "chi2_level": 0.99, "chi2_df": 3, "chi2_threshold": 11.344866730144373, "N_raw": 50, "N_roi": 50, "N_inlier": 47, "refit": true}
{"timestamp": "14:55:24.912675", "frame": 67, "mu": [-0.9085560230825679, 0.9790995591631944, -0.39309250427877196], "Sigma": [[0.041596535408626484, 0.03322869441511951, -0.058040160005121036], [0.03322869441511951, 0.0308992487967171, -0.052260647531371815], [-0.05804016000512104, -0.052260647531371815, 0.10077660176282482]], "chi2_level": 0.99, "chi2_df": 3, "chi2_threshold": 11.344866730144373, "N_raw": 108, "N_roi": 108, "N_inlier": 105, "refit": true}
{"timestamp": "14:55:24.963272", "frame": 68, "mu": [-1.0183281354483622, 0.8488014573276287, -0.26607038416563333], "Sigma": [[0.013789714404565601, 0.008186003757049533, 0.00354158569395229], [0.008186003757049533, 0.009769395611248944, 0.0006411324918611033], [0.003541585693952289, 0.0006411324918611028, 0.04229770534420019]], "chi2_level": 0.99, "chi2_df": 3, "chi2_threshold": 11.344866730144373, "N_raw": 76, "N_roi": 76, "N_inlier": 73, "refit": true}
{"timestamp": "14:55:25.023595", "frame": 69, "mu": [-1.0144932790670462, 0.8838270937508904, 1.2902609610254367], "Sigma": [[0.01701063797070793, -0.001235169574921224, -0.016584038698859757], [-0.001235169574921224, 0.010238652303909385, -0.029459801956569966], [-0.016584038698859757, -0.029459801956569966, 0.18093625438709968]], "chi2_level": 0.99, "chi2_df": 3, "chi2_threshold": 11.344866730144373, "N_raw": 107, "N_roi": 107, "N_inlier": 106, "refit": true}
{"timestamp": "14:55:25.073127", "frame": 70, "mu": [-1.069610442743608, 0.9271158543548984, -0.3353459911184966], "Sigma": [[0.02343578209158311, 0.01728267944792029, -0.0008364734463094003], [0.017282679447920293, 0.01682595056579958, -0.001778189924170192], [-0.0008364734463094008, -0.001778189924170192, 0.011951153799197754]], "chi2_level": 0.99, "chi2_df": 3, "chi2_threshold": 11.344866730144373, "N_raw": 72, "N_roi": 72, "N_inlier": 67, "refit": true}
{"timestamp": "14:55:25.130608", "frame": 71, "mu": [-1.1341978780348854, 0.879873075849454, -0.0017310324063898905], "Sigma": [[0.019165197820295937, 0.0022684863755541946, 0.04022175748211559], [0.002268486375554195, 0.007510080590724974, -0.0018470080554848034], [0.04022175748211559, -0.0018470080554848034, 0.22866691311902584]], "chi2_level": 0.99, "chi2_df": 3, "chi2_threshold": 11.344866730144373, "N_raw": 87, "N_roi": 87, "N_inlier": 86, "refit": true}
{"timestamp": "14:55:25.187114", "frame": 72, "mu": [-1.1950615050910631, 0.7550808688981986, 1.4268117187230698], "Sigma": [[0.018127976282576383, 0.007912222827578636, -0.005669489209425509], [0.007912222827578636, 0.01889780138198459, 0.0005472259486802741], [-0.005669489209425509, 0.000547225948680274, 0.0066698611218602285]], "chi2_level": 0.99, "chi2_df": 3, "chi2_threshold": 11.344866730144373, "N_raw": 101, "N_roi": 101, "N_inlier": 98, "refit": true}
{"timestamp": "14:55:25.241707", "frame": 73, "mu": [-1.221296512252197, 0.9643466086874511, -0.25068073403223373], "Sigma": [[0.014335069694581279, 0.009449127680358816, 0.003734244637665992], [0.009449127680358816, 0.01411622534877499, -0.002078383465400648], [0.0037342446376659923, -0.002078383465400648, 0.009459030352671533]], "chi2_level": 0.99, "chi2_df": 3, "chi2_threshold": 11.344866730144373, "N_raw": 94, "N_roi": 94, "N_inlier": 89, "refit": true}
{"timestamp": "14:55:25.294733", "frame": 74, "mu": [-1.259828016631328, 0.8755901622812909, 1.3986440627289332], "Sigma": [[0.01422439292201043, 0.008488858183245592, -0.021298975716242792], [0.008488858183245592, 0.01016486899924403, -0.019804197000555863], [-0.021298975716242792, -0.019804197000555863, 0.05776132405105719]], "chi2_level": 0.99, "chi2_df": 3, "chi2_threshold": 11.344866730144373, "N_raw": 77, "N_roi": 77, "N_inlier": 75, "refit": true}
{"timestamp": "14:55:25.345067", "frame": 75, "mu": [-1.2444287152786457, 0.9516424583899802, 1.4370878931758713], "Sigma": [[0.0135112770382995, 0.006831795549124058, -0.041262751127922305], [0.006831795549124058, 0.008571898299810305, -0.02465727901991676], [-0.041262751127922305, -0.024657279019916756, 0.17474390235711024]], "chi2_level": 0.99, "chi2_df": 3, "chi2_threshold": 11.344866730144373, "N_raw": 50, "N_roi": 50, "N_inlier": 50, "refit": true}
{"timestamp": "14:55:25.401269", "frame": 76, "mu": [-1.3705014243237967, 0.9271090929086999, 1.568828963728113], "Sigma": [[0.008137044677684236, 0.0038098801491439254, -0.0001477305993007451], [0.0038098801491439254, 0.006240165593804278, -0.0053875395567621635], [-0.00014773059930074488, -0.0053875395567621635, 0.02693506621889393]], "chi2_level": 0.99, "chi2_df": 3, "chi2_threshold": 11.344866730144373, "N_raw": 64, "N_roi": 64, "N_inlier": 60, "refit": true}
{"timestamp": "14:55:25.460196", "frame": 77, "mu": [-1.4365203504599002, 0.8672717624905946, 1.2937868699105417], "Sigma": [[0.013152106637462113, 0.0066622497470014445, -0.005794997785961028], [0.006662249747001445, 0.01768192135186361, -0.00504548322493807], [-0.005794997785961027, -0.005045483224938069, 0.027886037252775414]], "chi2_level": 0.99, "chi2_df": 3, "chi2_threshold": 11.344866730144373, "N_raw": 86, "N_roi": 86, "N_inlier": 83, "refit": true}
{"timestamp": "14:55:25.520712", "frame": 78, "mu": [-1.3427630140378903, 0.9998863844586713, -0.7714586704812966], "Sigma": [[0.02008851523839566, 0.015143013100418951, -0.029826468996484737], [0.015143013100418951, 0.01569225138107215, -0.03174357039251719], [-0.029826468996484737, -0.03174357039251719, 0.13519227923882288]], "chi2_level": 0.99, "chi2_df": 3, "chi2_threshold": 11.344866730144373, "N_raw": 119, "N_roi": 119, "N_inlier": 117, "refit": true}
{"timestamp": "14:55:25.575935", "frame": 79, "mu": [-1.3978975108378418, 1.1966547173677955, -0.4654596397777344], "Sigma": [[0.017171291015519043, 0.01741510441690357, -0.007862856112616739], [0.017415104416903575, 0.06154977650705308, -0.06651081516159707], [-0.007862856112616739, -0.06651081516159707, 0.10334291136720258]], "chi2_level": 0.99, "chi2_df": 3, "chi2_threshold": 11.344866730144373, "N_raw": 127, "N_roi": 127, "N_inlier": 126, "refit": true}
{"timestamp": "14:55:25.630436", "frame": 80, "mu": [-1.4218868131354259, 1.1472788775617258, 1.239993963655397], "Sigma": [[0.014785443611656592, 0.010292302821396407, -0.019267102607531263], [0.010292302821396405, 0.030382742778727337, -0.068084834243621], [-0.019267102607531263, -0.06808483424362098, 0.18058734000587465]], "chi2_level": 0.99, "chi2_df": 3, "chi2_threshold": 11.344866730144373, "N_raw": 125, "N_roi": 125, "N_inlier": 125, "refit": true}
{"timestamp": "14:55:25.680560", "frame": 81, "mu": [-1.4889016224930718, 1.0752488195008958, 1.5184921358798595], "Sigma": [[0.015574683197634645, 0.007000108046832388, -0.0048029124743967306], [0.00700010804683239, 0.0082756058348424, -0.007757123975309883], [-0.0048029124743967306, -0.007757123975309883, 0.015450062682605462]], "chi2_level": 0.99, "chi2_df": 3, "chi2_threshold": 11.344866730144373, "N_raw": 88, "N_roi": 88, "N_inlier": 84, "refit": true}
{"timestamp": "14:55:25.731502", "frame": 82, "mu": [-1.5229051410897692, 1.101987692077345, 1.6085333694857094], "Sigma": [[0.010643247808093547, 0.00511511989856395, -0.008850890638343314], [0.00511511989856395, 0.009070572197199511, -0.0072845226714315725], [-0.008850890638343312, -0.0072845226714315725, 0.010243451681388236]], "chi2_level": 0.99, "chi2_df": 3, "chi2_threshold": 11.344866730144373, "N_raw": 61, "N_roi": 61, "N_inlier": 60, "refit": true}
{"timestamp": "14:55:25.786376", "frame": 83, "mu": [-1.5877850108086808, 1.2304196083080852, -0.1461593612871076], "Sigma": [[0.009652162905005366, 0.0038569537082223156, -0.0006543095908638852], [0.0038569537082223156, 0.009182607542888674, -0.0061729612144951936], [-0.0006543095908638857, -0.0061729612144951936, 0.025263892830232032]], "chi2_level": 0.99, "chi2_df": 3, "chi2_threshold": 11.344866730144373, "N_raw": 59, "N_roi": 59, "N_inlier": 56, "refit": true}
{"timestamp": "14:55:25.845499", "frame": 84, "mu": [-1.6188862790318095, 1.2757247087925765, -0.24925946736171042], "Sigma": [[0.011852085737557383, 0.007480389016861358, -0.0015336627824692989], [0.007480389016861359, 0.016419888667937102, -0.013024117549571747], [-0.0015336627824692984, -0.013024117549571746, 0.029511168771967893]], "chi2_level": 0.99, "chi2_df": 3, "chi2_threshold": 11.344866730144373, "N_raw": 87, "N_roi": 87, "N_inlier": 86, "refit": true}
{"timestamp": "14:55:25.897926", "frame": 85, "mu": [-1.6432136296895177, 1.23589965620837, 1.555637901529511], "Sigma": [[0.015623942058831988, 0.007561017863117428, -0.006213388967575016], [0.007561017863117428, 0.009181804487487564, -0.007215759150908964], [-0.006213388967575016, -0.0072157591509089646, 0.017349622809247893]], "chi2_level": 0.99, "chi2_df": 3, "chi2_threshold": 11.344866730144373, "N_raw": 75, "N_roi": 75, "N_inlier": 73, "refit": true}
{"timestamp": "14:55:25.950521", "frame": 86, "mu": [-1.6870596799670927, 1.2585350630124814, 1.5647522545834702], "Sigma": [[0.01495817202016925, 0.006890864374618575, -0.016148097925464063], [0.006890864374618575, 0.010475357833769771, -0.010343776158644184], [-0.016148097925464063, -0.010343776158644184, 0.025565697302858847]], "chi2_level": 0.99, "chi2_df": 3, "chi2_threshold": 11.344866730144373, "N_raw": 57, "N_roi": 57, "N_inlier": 54, "refit": true}
{"timestamp": "14:55:26.010315", "frame": 87, "mu": [-1.6915220067464247, 1.3333157282901151, 1.5888676925372927], "Sigma": [[0.019805385041147545, 0.013581751382809589, -0.015468963702046513], [0.013581751382809589, 0.016131259476001143, -0.017800230501616148], [-0.015468963702046513, -0.017800230501616148, 0.02526919922731466]], "chi2_level": 0.99, "chi2_df": 3, "chi2_threshold": 11.344866730144373, "N_raw": 89, "N_roi": 89, "N_inlier": 85, "refit": true}
{"timestamp": "14:55:26.062291", "frame": 88, "mu": [-1.7676312303147954, 1.3394401733959724, 1.5672121240178167], "Sigma": [[0.0167850175031461, 0.009985400033350543, -0.005309394280009341], [0.009985400033350543, 0.009628384300702694, -0.007653302498534135], [-0.005309394280009341, -0.007653302498534135, 0.029999968570705315]], "chi2_level": 0.99, "chi2_df": 3, "chi2_threshold": 11.344866730144373, "N_raw": 65, "N_roi": 65, "N_inlier": 61, "refit": true}
{"timestamp": "14:55:26.119626", "frame": 89, "mu": [-1.731533995008015, 1.4882328479139146, 1.4838987143498314], "Sigma": [[0.01608627671543998, 0.011021998741720267, -0.020595043904143122], [0.011021998741720267, 0.015383969625237333, -0.03467505521490945], [-0.020595043904143122, -0.03467505521490945, 0.21584622800592054]], "chi2_level": 0.99, "chi2_df": 3, "chi2_threshold": 11.344866730144373, "N_raw": 91, "N_roi": 91, "N_inlier": 90, "refit": true}
{"timestamp": "14:55:26.174416", "frame": 90, "mu": [-1.7493092455268306, 1.4713934300642426, 1.6875750216597973], "Sigma": [[0.02158018103571272, 0.01281731073206974, -0.01807253484262064], [0.012817310732069744, 0.014306205305671877, -0.013901426999959275], [-0.01807253484262064, -0.013901426999959275, 0.017908850638205576]], "chi2_level": 0.99, "chi2_df": 3, "chi2_threshold": 11.344866730144373, "N_raw": 70, "N_roi": 70, "N_inlier": 67, "refit": true}
{"timestamp": "14:55:26.229041", "frame": 91, "mu": [-1.8124656361567977, 1.4857031512077334, 1.623568905737055], "Sigma": [[0.023076065209789123, 0.01425617808434175, -0.017032959498175113], [0.01425617808434175, 0.020285864351655906, -0.008022538695374705], [-0.017032959498175113, -0.008022538695374705, 0.01499094907352347]], "chi2_level": 0.99, "chi2_df": 3, "chi2_threshold": 11.344866730144373, "N_raw": 79, "N_roi": 79, "N_inlier": 76, "refit": true}
{"timestamp": "14:55:26.278792", "frame": 92, "mu": [-1.8540866560549254, 1.5174978031309827, 1.6695511381903159], "Sigma": [[0.013261140070559419, 0.00872166086291443, -0.013629111008665961], [0.008721660862914428, 0.012403717515857275, -0.018482237370721494], [-0.013629111008665963, -0.018482237370721494, 0.05737580184577039]], "chi2_level": 0.99, "chi2_df": 3, "chi2_threshold": 11.344866730144373, "N_raw": 47, "N_roi": 47, "N_inlier": 46, "refit": true}
{"timestamp": "14:55:26.330164", "frame": 93, "mu": [-1.8468179854105888, 1.667298160222652, 1.4269860423351384], "Sigma": [[0.0282483896667369, 0.020897709357213055, -0.01761731937509803], [0.020897709357213058, 0.016405271418886362, -0.01646507804547505], [-0.01761731937509803, -0.01646507804547505, 0.07118116438137981]], "chi2_level": 0.99, "chi2_df": 3, "chi2_threshold": 11.344866730144373, "N_raw": 29, "N_roi": 29, "N_inlier": 29, "refit": true}
{"timestamp": "14:55:26.388444", "frame": 94, "mu": [-1.6783361159268093, 1.747992735204848, 1.1544604936163738], "Sigma": [[0.01804027502469662, 0.011786205363156124, -0.03264713690905678], [0.011786205363156122, 0.00947511759049755, -0.025374122528802508], [-0.03264713690905678, -0.02537412252880251, 0.10363293173449294]], "chi2_level": 0.99, "chi2_df": 3, "chi2_threshold": 11.344866730144373, "N_raw": 44, "N_roi": 44, "N_inlier": 40, "refit": true}
{"timestamp": "14:55:26.447676", "frame": 95, "mu": [-1.9094517853213084, 1.7676488873472185, 1.5420999209834194], "Sigma": [[0.029704683551898172, 0.023285707844409823, -0.015846012600509454], [0.023285707844409823, 0.02219432401386214, -0.01985490634140155], [-0.015846012600509454, -0.01985490634140155, 0.04755901856714903]], "chi2_level": 0.99, "chi2_df": 3, "chi2_threshold": 11.344866730144373, "N_raw": 71, "N_roi": 71, "N_inlier": 68, "refit": true}
{"timestamp": "14:55:26.504858", "frame": 96, "mu": [-1.8755626342265233, 1.8427219912126045, 1.610194899991251], "Sigma": [[0.028286754863576277, 0.02244010602079021, -0.02503929305500658], [0.02244010602079021, 0.02190049962563558, -0.026610484280257148], [-0.02503929305500658, -0.026610484280257148, 0.06280526361816349]], "chi2_level": 0.99, "chi2_df": 3, "chi2_threshold": 11.344866730144373, "N_raw": 85, "N_roi": 85, "N_inlier": 82, "refit": true}
{"timestamp": "14:55:26.561465", "frame": 97, "mu": [-1.9073757260152373, 1.868126877377451, 1.7702193630638052], "Sigma": [[0.029226661403271494, 0.02012165630419421, -0.022993995457655493], [0.020121656304194213, 0.022812551984110703, -0.02111005335654522], [-0.022993995457655497, -0.02111005335654522, 0.026462243491768407]], "chi2_level": 0.99, "chi2_df": 3, "chi2_threshold": 11.344866730144373, "N_raw": 94, "N_roi": 94, "N_inlier": 90, "refit": true}
{"timestamp": "14:55:26.618983", "frame": 98, "mu": [-1.9883321717526574, 1.8847515171021092, 1.7773395083580228], "Sigma": [[0.04488243847400918, 0.03264193667191283, -0.02125692147795568], [0.03264193667191282, 0.03180110106822718, -0.019457538352727236], [-0.021256921477955677, -0.01945753835272724, 0.018249188349963794]], "chi2_level": 0.99, "chi2_df": 3, "chi2_threshold": 11.344866730144373, "N_raw": 105, "N_roi": 105, "N_inlier": 100, "refit": true}
