{"timestamp": "14:42:55.712103", "frame": 11, "mu": [-1.6808391535854277, 0.6834789736049496, 0.5725786008657018], "Sigma": [[3.206633486223067, 0.017335776969803367, 0.07204107321801564], [0.017335776969803367, 0.005688475027693379, -0.0014080358263006737], [0.07204107321801564, -0.0014080358263006737, 0.0022981259655094847]], "chi2_level": 0.99, "chi2_df": 3, "chi2_threshold": 11.344866730144373, "N_raw": 13, "N_roi": 8, "N_inlier": 8, "refit": true}
{"timestamp": "14:42:55.767605", "frame": 12, "mu": [-1.3004168612635754, 0.6520523866491712, 0.6192971147083416], "Sigma": [[4.109974829786229, -0.012311567481327255, 0.013442782217316903], [-0.012311567481327255, 0.011693576131741256, -0.0019210218841428284], [0.013442782217316901, -0.0019210218841428286, 0.0037299178389260303]], "chi2_level": 0.99, "chi2_df": 3, "chi2_threshold": 11.344866730144373, "N_raw": 19, "N_roi": 17, "N_inlier": 16, "refit": true}
{"timestamp": "14:42:55.821767", "frame": 13, "mu": [-1.5771986715617652, 0.5924927996667002, 0.625687947013169], "Sigma": [[3.193744232399612, 0.055689314129131785, -0.014098622567045815], [0.05568931412913177, 0.011756710237478736, -0.0032416076723164795], [-0.014098622567045816, -0.0032416076723164795, 0.0010788474216032512]], "chi2_level": 0.99, "chi2_df": 3, "chi2_threshold": 11.344866730144373, "N_raw": 14, "N_roi": 14, "N_inlier": 13, "refit": true}
{"timestamp": "14:42:55.880950", "frame": 14, "mu": [-0.7774588935975139, 0.6337764917865565, 0.7219715692210363], "Sigma": [[5.052884572470668, 0.018374169644946654, 0.06984250585710902], [0.018374169644946654, 0.009083585578210176, -0.003994242506043437], [0.06984250585710902, -0.003994242506043437, 0.005374737687318333]], "chi2_level": 0.99, "chi2_df": 3, "chi2_threshold": 11.344866730144373, "N_raw": 35, "N_roi": 34, "N_inlier": 34, "refit": true}
{"timestamp": "14:42:55.935091", "frame": 15, "mu": [-0.7251261961404403, 0.6019512618928444, 0.7430175933884672], "Sigma": [[4.894028250900747, 0.010972373086708844, 0.07342112317551461], [0.010972373086708849, 0.012888406857523347, -0.0036999491217210635], [0.07342112317551461, -0.0036999491217210635, 0.003991089458092218]], "chi2_level": 0.99, "chi2_df": 3, "chi2_threshold": 11.344866730144373, "N_raw": 33, "N_roi": 33, "N_inlier": 32, "refit": true}
{"timestamp": "14:42:55.991135", "frame": 16, "mu": [-0.41793516274035675, 0.9008524044037698, -1.063080739110435], "Sigma": [[5.0402649269469055, 0.010794024050033182, 0.08623458294864979], [0.01079402405003318, 0.012418826211945412, -0.00036924857419382614], [0.08623458294864979, -0.00036924857419382614, 0.0028624194641331422]], "chi2_level": 0.99, "chi2_df": 3, "chi2_threshold": 11.344866730144373, "N_raw": 37, "N_roi": 37, "N_inlier": 36, "refit": true}
{"timestamp": "14:42:56.047479", "frame": 17, "mu": [-0.447510203599733, 0.5780621745499913, 0.7200018141226832], "Sigma": [[5.045503657237387, 0.055399094582733, 0.05562695696949377], [0.05539909458273301, 0.012096848642499757, -0.0023015214315918716], [0.05562695696949378, -0.002301521431591871, 0.00496874800501853]], "chi2_level": 0.99, "chi2_df": 3, "chi2_threshold": 11.344866730144373, "N_raw": 43, "N_roi": 43, "N_inlier": 43, "refit": true}
{"timestamp": "14:42:56.104309", "frame": 18, "mu": [-0.08336143034166715, 0.5570060941433094, 0.7696639165355391], "Sigma": [[4.910419939090512, 0.03325580807866609, 0.08096750203359543], [0.03325580807866609, 0.013565539807488319, -0.001307504565249147], [0.08096750203359544, -0.001307504565249147, 0.004162789786230121]], "chi2_level": 0.99, "chi2_df": 3, "chi2_threshold": 11.344866730144373, "N_raw": 59, "N_roi": 59, "N_inlier": 54, "refit": true}
{"timestamp": "14:42:56.159638", "frame": 19, "mu": [-0.6126535899037954, 0.5528734105380518, 0.7516559325730279], "Sigma": [[4.3198655362589, 0.030170179613639186, 0.010894876220220506], [0.030170179613639186, 0.012085940158946937, -0.0005150701636920928], [0.010894876220220489, -0.0005150701636920932, 0.012874653723880284]], "chi2_level": 0.99, "chi2_df": 3, "chi2_threshold": 11.344866730144373, "N_raw": 61, "N_roi": 61, "N_inlier": 59, "refit": true}
{"timestamp": "14:42:56.211219", "frame": 20, "mu": [-0.5099627868590141, 0.5532901216131492, 0.8795831226285009], "Sigma": [[3.939206910795484, 0.004645627372927442, 0.06188182113422079], [0.00464562737292744, 0.00873273114258683, -0.0029951231901853346], [0.06188182113422079, -0.0029951231901853346, 0.004897551066922198]], "chi2_level": 0.99, "chi2_df": 3, "chi2_threshold": 11.344866730144373, "N_raw": 39, "N_roi": 39, "N_inlier": 39, "refit": true}
{"timestamp": "14:42:56.266690", "frame": 21, "mu": [-0.328946989905528, 0.492666575298327, 0.8586388383637724], "Sigma": [[3.979209806027085, 0.08008393857554735, 0.013448997878353852], [0.08008393857554735, 0.0111101126895386, -7.535910178321629e-05], [0.013448997878353857, -7.535910178321651e-05, 0.009449929978601633]], "chi2_level": 0.99, "chi2_df": 3, "chi2_threshold": 11.344866730144373, "N_raw": 43, "N_roi": 43, "N_inlier": 43, "refit": true}
{"timestamp": "14:42:56.323284", "frame": 22, "mu": [-0.5695597949134159, 0.5039071463968426, 0.8942556323371801], "Sigma": [[3.6379034619380084, 0.006246288216859031, 0.035589804189519535], [0.006246288216859031, 0.008710435749153858, 0.0004291289667881537], [0.035589804189519535, 0.0004291289667881539, 0.009434911170814426]], "chi2_level": 0.99, "chi2_df": 3, "chi2_threshold": 11.344866730144373, "N_raw": 48, "N_roi": 48, "N_inlier": 47, "refit": true}
{"timestamp": "14:42:56.377206", "frame": 23, "mu": [-0.865940879089395, 0.5368697829071636, 1.0050869352397047], "Sigma": [[2.9039160743741466, -0.02631471647392787, -0.03262311770422735], [-0.026314716473927864, 0.01395042404193027, 0.003554952106027777], [-0.03262311770422735, 0.003554952106027777, 0.017486240511105644]], "chi2_level": 0.99, "chi2_df": 3, "chi2_threshold": 11.344866730144373, "N_raw": 52, "N_roi": 52, "N_inlier": 52, "refit": true}
{"timestamp": "14:42:56.435099", "frame": 24, "mu": [-1.0442584139064985, 0.538927061713971, 1.0309759964637368], "Sigma": [[2.459187085616424, -0.05311639817493435, 0.04659624369705422], [-0.05311639817493435, 0.01059600430261179, -0.003929347300450378], [0.04659624369705422, -0.003929347300450378, 0.009942150987422727]], "chi2_level": 0.99, "chi2_df": 3, "chi2_threshold": 11.344866730144373, "N_raw": 62, "N_roi": 62, "N_inlier": 62, "refit": true}
{"timestamp": "14:42:56.491089", "frame": 25, "mu": [-1.8383322146063659, 0.5715089267413207, 1.0485008197252321], "Sigma": [[0.006096174473062116, 0.0066808325251594605, 0.003751259110334043], [0.0066808325251594605, 0.010469339469571709, 0.0003401398569535482], [0.003751259110334043, 0.0003401398569535482, 0.02151653893154266]], "chi2_level": 0.99, "chi2_df": 3, "chi2_threshold": 11.344866730144373, "N_raw": 56, "N_roi": 56, "N_inlier": 51, "refit": true}
{"timestamp": "14:42:56.545721", "frame": 26, "mu": [-1.5652978076236665, 0.5773285985791052, 0.9865439160382472], "Sigma": [[0.8358567600154606, -0.028948609558357492, -0.03703518258479103], [-0.028948609558357485, 0.01281989516224189, 0.004246477635332747], [-0.03703518258479103, 0.004246477635332747, 0.015889263986668463]], "chi2_level": 0.99, "chi2_df": 3, "chi2_threshold": 11.344866730144373, "N_raw": 40, "N_roi": 40, "N_inlier": 38, "refit": true}
{"timestamp": "14:42:56.601829", "frame": 27, "mu": [-1.243600951993819, 0.5227464227378316, 1.1122638553813269], "Sigma": [[1.5934152687638738, -0.034447281218748585, 0.019851331656425407], [-0.034447281218748585, 0.008400256580927351, -0.00411045767864087], [0.019851331656425407, -0.00411045767864087, 0.012399594991861261]], "chi2_level": 0.99, "chi2_df": 3, "chi2_threshold": 11.344866730144373, "N_raw": 67, "N_roi": 67, "N_inlier": 67, "refit": true}
{"timestamp": "14:42:56.658215", "frame": 28, "mu": [-1.1775351748320995, 0.7349315812965151, -0.8289871071009862], "Sigma": [[1.6735953592358948, -0.034738633409114456, -0.05064547518023035], [-0.034738633409114456, 0.011155984220445862, 0.0023080780272334836], [-0.05064547518023035, 0.0023080780272334827, 0.028059196793759282]], "chi2_level": 0.99, "chi2_df": 3, "chi2_threshold": 11.344866730144373, "N_raw": 71, "N_roi": 71, "N_inlier": 69, "refit": true}
{"timestamp": "14:42:56.716138", "frame": 29, "mu": [-1.71404298025416, 0.5798400117771173, 1.125965305173794], "Sigma": [[0.009704824740151339, 0.006790446523396464, 0.0041248223580186705], [0.006790446523396464, 0.012056608079391405, -0.005278816063383963], [0.0041248223580186705, -0.005278816063383963, 0.02324332687391329]], "chi2_level": 0.99, "chi2_df": 3, "chi2_threshold": 11.344866730144373, "N_raw": 89, "N_roi": 89, "N_inlier": 79, "refit": true}
{"timestamp": "14:42:56.772711", "frame": 30, "mu": [-1.2519147155592185, 0.532503787280898, 1.1125557527035834], "Sigma": [[1.2964539472747372, -0.04598764071793862, -0.011109761342183215], [-0.04598764071793862, 0.012318249154856548, -0.0013857823901258256], [-0.011109761342183217, -0.0013857823901258252, 0.031475388225289475]], "chi2_level": 0.99, "chi2_df": 3, "chi2_threshold": 11.344866730144373, "N_raw": 98, "N_roi": 98, "N_inlier": 98, "refit": true}
{"timestamp": "14:42:56.825924", "frame": 31, "mu": [-1.6061481605134733, 0.5809666884428578, 1.0998949849880963], "Sigma": [[0.011291241168172742, 0.005540875366571343, 0.01025279705938152], [0.005540875366571343, 0.010338582986903993, -0.004252670899162712], [0.01025279705938152, -0.004252670899162712, 0.02784887607618887]], "chi2_level": 0.99, "chi2_df": 3, "chi2_threshold": 11.344866730144373, "N_raw": 82, "N_roi": 82, "N_inlier": 81, "refit": true}
{"timestamp": "14:42:56.884820", "frame": 32, "mu": [-1.5556921738797136, 0.6524002070051329, -0.04404395827814786], "Sigma": [[0.01389499519379994, 0.00481006159177008, 0.016340030748664833], [0.00481006159177008, 0.007957355283779962, -0.019870830301965275], [0.016340030748664833, -0.01987083030196527, 0.5911332619835998]], "chi2_level": 0.99, "chi2_df": 3, "chi2_threshold": 11.344866730144373, "N_raw": 110, "N_roi": 110, "N_inlier": 104, "refit": true}
{"timestamp": "14:42:56.938221", "frame": 33, "mu": [-1.4859167882893, 0.5596802358811782, 1.1902280992847896], "Sigma": [[0.01036893864920163, 0.008328276269386311, 0.008688867367811819], [0.008328276269386311, 0.012473405694956674, 0.0015129283456214138], [0.008688867367811819, 0.0015129283456214136, 0.0297390579705999]], "chi2_level": 0.99, "chi2_df": 3, "chi2_threshold": 11.344866730144373, "N_raw": 96, "N_roi": 96, "N_inlier": 88, "refit": true}
{"timestamp": "14:42:56.992514", "frame": 34, "mu": [-1.134016470300378, 0.5043258111197982, 1.2711521646892106], "Sigma": [[0.8011139319447752, -0.03383688688887704, -0.05113131069214162], [-0.03383688688887704, 0.015466489262573288, 0.006236135531876066], [-0.05113131069214162, 0.006236135531876065, 0.026999014468176687]], "chi2_level": 0.99, "chi2_df": 3, "chi2_threshold": 11.344866730144373, "N_raw": 88, "N_roi": 88, "N_inlier": 84, "refit": true}
{"timestamp": "14:42:57.047051", "frame": 35, "mu": [-1.4107021485220657, 0.5241617270761431, 1.187730467391621], "Sigma": [[0.010758413400588989, 0.00781320426369685, 0.005001185197421647], [0.00781320426369685, 0.010489679803251226, -0.0008464407029888732], [0.005001185197421647, -0.0008464407029888732, 0.018063746567017307]], "chi2_level": 0.99, "chi2_df": 3, "chi2_threshold": 11.344866730144373, "N_raw": 89, "N_roi": 89, "N_inlier": 81, "refit": true}
{"timestamp": "14:42:57.103975", "frame": 36, "mu": [-1.3129853606041668, 0.570370599588474, 1.2057824964950672], "Sigma": [[0.008636735000924508, 0.009617449886519639, 0.006928210868638362], [0.009617449886519639, 0.015878493803799566, 0.010119496419225982], [0.006928210868638362, 0.010119496419225982, 0.03948471496670805]], "chi2_level": 0.99, "chi2_df": 3, "chi2_threshold": 11.344866730144373, "N_raw": 104, "N_roi": 104, "N_inlier": 98, "refit": true}
{"timestamp": "14:42:57.156903", "frame": 37, "mu": [-1.2629480831957123, 0.5503206862136606, 1.3052318560470875], "Sigma": [[0.009712072070098264, 0.005698997502389787, 0.0045790512834235535], [0.005698997502389787, 0.008416139866852967, -0.0034702457084860934], [0.004579051283423553, -0.0034702457084860934, 0.015308683982777896]], "chi2_level": 0.99, "chi2_df": 3, "chi2_threshold": 11.344866730144373, "N_raw": 89, "N_roi": 89, "N_inlier": 87, "refit": true}
{"timestamp": "14:42:57.212201", "frame": 38, "mu": [-1.1744451365287398, 0.6391746171363564, 1.3951551566406748], "Sigma": [[0.010587879585048286, 0.002929600111134957, -0.000896112319464543], [0.0029296001111349572, 0.007372763010131262, -0.0055100798869042525], [-0.000896112319464543, -0.0055100798869042525, 0.005745011896939509]], "chi2_level": 0.99, "chi2_df": 3, "chi2_threshold": 11.344866730144373, "N_raw": 92, "N_roi": 92, "N_inlier": 89, "refit": true}
{"timestamp": "14:42:57.265166", "frame": 39, "mu": [-1.1226030679426002, 0.6327428438965431, 1.4108125633204085], "Sigma": [[0.01176730718297762, 0.0054618376058698116, -0.0010128619463549361], [0.005461837605869812, 0.0070784600249055385, -0.003775743385207743], [-0.001012861946354936, -0.003775743385207743, 0.002953723556671599]], "chi2_level": 0.99, "chi2_df": 3, "chi2_threshold": 11.344866730144373, "N_raw": 82, "N_roi": 82, "N_inlier": 80, "refit": true}
{"timestamp": "14:42:57.321001", "frame": 40, "mu": [-1.0660697140961202, 0.6452154248885168, 1.4306026430985903], "Sigma": [[0.010077904593558196, 0.006476499518877474, -0.0005971635085333509], [0.006476499518877474, 0.008303348541758812, -0.0030884113000693826], [-0.0005971635085333506, -0.0030884113000693826, 0.010034382557425768]], "chi2_level": 0.99, "chi2_df": 3, "chi2_threshold": 11.344866730144373, "N_raw": 89, "N_roi": 89, "N_inlier": 85, "refit": true}
{"timestamp": "14:42:57.376269", "frame": 41, "mu": [-1.0007697019017578, 0.7272208056386278, -0.10747131303118884], "Sigma": [[0.009553085616497228, 0.006494325850403729, 0.03527395650697842], [0.00649432585040373, 0.014530616154588715, 0.03176257348420958], [0.03527395650697842, 0.03176257348420958, 0.4658683849065196]], "chi2_level": 0.99, "chi2_df": 3, "chi2_threshold": 11.344866730144373, "N_raw": 88, "N_roi": 88, "N_inlier": 87, "refit": true}
{"timestamp": "14:42:57.430046", "frame": 42, "mu": [-0.9939687078043736, 0.6749491875101474, 1.4466549831146316], "Sigma": [[0.012457151406581123, 0.005130004195340739, -0.005494269351660949], [0.005130004195340739, 0.0059210637295438835, -0.007001126685736586], [-0.005494269351660949, -0.007001126685736586, 0.011723739999317842]], "chi2_level": 0.99, "chi2_df": 3, "chi2_threshold": 11.344866730144373, "N_raw": 75, "N_roi": 75, "N_inlier": 72, "refit": true}
{"timestamp": "14:42:57.480169", "frame": 43, "mu": [-0.9736464185613156, 0.6224143552606092, 1.4080829486656543], "Sigma": [[0.01904445528964816, 0.0163362372833841, 0.005433597874737772], [0.0163362372833841, 0.018075154397235952, 0.003534755237657277], [0.005433597874737772, 0.003534755237657277, 0.010040773756299347]], "chi2_level": 0.99, "chi2_df": 3, "chi2_threshold": 11.344866730144373, "N_raw": 49, "N_roi": 49, "N_inlier": 46, "refit": true}
{"timestamp": "14:42:57.534931", "frame": 44, "mu": [-0.9858679935208494, 0.6782973818335513, 1.5049976587638678], "Sigma": [[0.012469404441286561, 0.006212590894142247, -0.007473937477341382], [0.006212590894142247, 0.006430588032964149, -0.010339322900168117], [-0.0074739374773413825, -0.010339322900168115, 0.022921620388513024]], "chi2_level": 0.99, "chi2_df": 3, "chi2_threshold": 11.344866730144373, "N_raw": 46, "N_roi": 46, "N_inlier": 43, "refit": true}
{"timestamp": "14:42:57.587565", "frame": 45, "mu": [-0.8382314437453532, 0.7297915485661072, 1.1411197103285102], "Sigma": [[0.03885850606305859, 0.01991923190676833, -0.05353244276748325], [0.019919231906768333, 0.019774545945904116, -0.05406995672763165], [-0.05353244276748325, -0.05406995672763165, 0.2747880981601405]], "chi2_level": 0.99, "chi2_df": 3, "chi2_threshold": 11.344866730144373, "N_raw": 30, "N_roi": 28, "N_inlier": 27, "refit": true}
{"timestamp": "14:42:57.648700", "frame": 46, "mu": [-0.7323219617169887, 0.8596617664019003, -0.27595243366625977], "Sigma": [[0.02135338092381118, 0.011217882635145532, -0.008097849508784203], [0.01121788263514553, 0.011921469938197914, -0.009279063149441576], [-0.008097849508784203, -0.009279063149441576, 0.00938469437411027]], "chi2_level": 0.99, "chi2_df": 3, "chi2_threshold": 11.344866730144373, "N_raw": 75, "N_roi": 74, "N_inlier": 69, "refit": true}
{"timestamp": "14:42:57.703605", "frame": 47, "mu": [-0.5941782482671852, 0.8319512890760354, 1.476984861837565], "Sigma": [[0.0038645736856415362, -0.0014019744182573997, 0.001039844065356334], [-0.0014019744182574, 0.00291000558220282, -0.0029628418578916196], [0.0010398440653563337, -0.0029628418578916196, 0.004796157462811615]], "chi2_level": 0.99, "chi2_df": 3, "chi2_threshold": 11.344866730144373, "N_raw": 71, "N_roi": 70, "N_inlier": 67, "refit": true}
{"timestamp": "14:42:57.760904", "frame": 48, "mu": [-0.512835781117874, 0.8295585109424022, 1.352686214130378], "Sigma": [[0.0034039880267361404, -0.000580320037670825, -0.006774387538609073], [-0.0005803200376708248, 0.0023749596029330154, -0.0039382054931459], [-0.006774387538609074, -0.003938205493145899, 0.05521617653137569]], "chi2_level": 0.99, "chi2_df": 3, "chi2_threshold": 11.344866730144373, "N_raw": 81, "N_roi": 80, "N_inlier": 80, "refit": true}
{"timestamp": "14:42:57.814463", "frame": 49, "mu": [-0.47594011188812324, 0.8560459845766298, 1.3733073791575514], "Sigma": [[0.0033535370614067627, 0.00033207294678557793, -0.005171016950722235], [0.000332072946785578, 0.004194681500097367, -0.010236965803393814], [-0.005171016950722235, -0.010236965803393814, 0.03485417856052169]], "chi2_level": 0.99, "chi2_df": 3, "chi2_threshold": 11.344866730144373, "N_raw": 77, "N_roi": 77, "N_inlier": 76, "refit": true}
{"timestamp": "14:42:57.866298", "frame": 50, "mu": [-0.4316085969062048, 0.848690458777014, 1.4722656386220483], "Sigma": [[0.0027158350292251386, -0.0012426646507981932, 0.000680389741449771], [-0.0012426646507981932, 0.0024064709227022943, -0.0018534514440704851], [0.0006803897414497709, -0.0018534514440704851, 0.005035315124315745]], "chi2_level": 0.99, "chi2_df": 3, "chi2_threshold": 11.344866730144373, "N_raw": 53, "N_roi": 53, "N_inlier": 52, "refit": true}
{"timestamp": "14:42:57.923131", "frame": 51, "mu": [-0.33469242641902053, 0.8231325728361772, 1.2037419975182821], "Sigma": [[0.002446264807608749, -0.0008460060261914256, -0.009515793519519202], [-0.0008460060261914256, 0.004546757727083947, 0.02569185524789444], [-0.009515793519519202, 0.02569185524789444, 0.3053087534144245]], "chi2_level": 0.99, "chi2_df": 3, "chi2_threshold": 11.344866730144373, "N_raw": 66, "N_roi": 66, "N_inlier": 66, "refit": true}
{"timestamp": "14:42:57.980048", "frame": 52, "mu": [-0.3047828237771415, 0.8476164375275154, 1.4463713631543065], "Sigma": [[0.00278880066546534, 0.0006334844517160707, -0.0003612099003226474], [0.0006334844517160708, 0.003408683411746342, -0.0026673377927074874], [-0.0003612099003226473, -0.0026673377927074874, 0.004154912165411811]], "chi2_level": 0.99, "chi2_df": 3, "chi2_threshold": 11.344866730144373, "N_raw": 76, "N_roi": 75, "N_inlier": 71, "refit": true}
{"timestamp": "14:42:58.034733", "frame": 53, "mu": [-0.22797163392207162, 0.833234502129174, 1.2020642495435456], "Sigma": [[0.018217866204846986, 0.0007105694427456648, -0.061135864294617065], [0.0007105694427456648, 0.001454505884447872, -0.006155123339704213], [-0.06113586429461706, -0.006155123339704213, 0.23111931334201233]], "chi2_level": 0.99, "chi2_df": 3, "chi2_threshold": 11.344866730144373, "N_raw": 74, "N_roi": 74, "N_inlier": 70, "refit": true}
{"timestamp": "14:42:58.084168", "frame": 54, "mu": [-0.16996876411312856, 0.8297356110003766, 1.179788622217362], "Sigma": [[0.018514846194550367, 0.006973323760829386, -0.046286915276760834], [0.006973323760829384, 0.007181560538006598, -0.006875800938331748], [-0.046286915276760834, -0.006875800938331747, 0.1890411314322166]], "chi2_level": 0.99, "chi2_df": 3, "chi2_threshold": 11.344866730144373, "N_raw": 37, "N_roi": 37, "N_inlier": 35, "refit": true}
{"timestamp": "14:42:58.144647", "frame": 55, "mu": [-0.08133715627260144, 0.90201265249197, 1.2537138684125537], "Sigma": [[0.02272591850473093, 0.018066808782284803, -0.03640689529725903], [0.018066808782284803, 0.019349682450317197, -0.02705573192609209], [-0.03640689529725903, -0.02705573192609209, 0.07875421686035676]], "chi2_level": 0.99, "chi2_df": 3, "chi2_threshold": 11.344866730144373, "N_raw": 81, "N_roi": 81, "N_inlier": 76, "refit": true}
{"timestamp": "14:42:58.206192", "frame": 56, "mu": [-0.04372381997601507, 0.8855139414318672, 1.2244729752757686], "Sigma": [[0.010950189988231133, 0.011151353812650072, -0.01649369638632981], [0.011151353812650072, 0.017342837537904887, -0.015843173249554917], [-0.01649369638632981, -0.01584317324955492, 0.0603692878975719]], "chi2_level": 0.99, "chi2_df": 3, "chi2_threshold": 11.344866730144373, "N_raw": 118, "N_roi": 118, "N_inlier": 118, "refit": true}
{"timestamp": "14:42:58.255436", "frame": 57, "mu": [-0.06499942951304699, 0.9414515341567525, -0.3544615100074707], "Sigma": [[0.003643265325977504, 0.00178675162422824, 0.021539937892003147], [0.00178675162422824, 0.006315967980875043, -0.0005104536720037011], [0.021539937892003147, -0.0005104536720037002, 0.26796181188414103]], "chi2_level": 0.99, "chi2_df": 3, "chi2_threshold": 11.344866730144373, "N_raw": 80, "N_roi": 80, "N_inlier": 76, "refit": true}
{"timestamp": "14:42:58.307418", "frame": 58, "mu": [0.01020988488012694, 0.854396601233497, 1.3735137286731232], "Sigma": [[0.00240972007420281, 9.169176667786429e-05, 0.0010663132171466487], [9.169176667786432e-05, 0.0008827008945503952, -0.0018476854450297415], [0.0010663132171466487, -0.0018476854450297413, 0.00554542145070006]], "chi2_level": 0.99, "chi2_df": 3, "chi2_threshold": 11.344866730144373, "N_raw": 64, "N_roi": 64, "N_inlier": 60, "refit": true}
{"timestamp": "14:42:58.364182", "frame": 59, "mu": [0.07680090063839315, 0.8278257908615748, 1.3151873857140897], "Sigma": [[0.0023285922179644156, -7.521453136163282e-05, -0.0007074450107147606], [-7.521453136163285e-05, 0.0018799012414571499, -0.003273532004077027], [-0.0007074450107147605, -0.0032735320040770273, 0.0070322950157978474]], "chi2_level": 0.99, "chi2_df": 3, "chi2_threshold": 11.344866730144373, "N_raw": 77, "N_roi": 77, "N_inlier": 77, "refit": true}
{"timestamp": "14:42:58.415204", "frame": 60, "mu": [0.16451050001805118, 0.7474932039451196, 1.2125567948429772], "Sigma": [[0.001725823812123427, -0.0003062914964381899, -0.00017408915128375692], [-0.0003062914964381899, 0.004245875823134533, -0.0019778174906647595], [-0.00017408915128375697, -0.0019778174906647595, 0.0012274191819742033]], "chi2_level": 0.99, "chi2_df": 3, "chi2_threshold": 11.344866730144373, "N_raw": 51, "N_roi": 51, "N_inlier": 49, "refit": true}
{"timestamp": "14:42:58.471257", "frame": 61, "mu": [0.19417289143582256, 0.8440111701752371, 1.251653899022166], "Sigma": [[0.002310673798860419, -0.00012382456201567673, 0.0060829201033453205], [-0.00012382456201567678, 0.0010166538647166437, -0.0003448528750067994], [0.0060829201033453205, -0.00034485287500679953, 0.0659702881178039]], "chi2_level": 0.99, "chi2_df": 3, "chi2_threshold": 11.344866730144373, "N_raw": 56, "N_roi": 56, "N_inlier": 55, "refit": true}
{"timestamp": "14:42:58.529570", "frame": 62, "mu": [0.2457688019598683, 0.8258417569928351, 1.2804987334820528], "Sigma": [[0.0019205783558626478, 0.00014771779144576264, 0.0020173626068446743], [0.0001477177914457628, 0.0033074629243761934, 0.00933948953594335], [0.0020173626068446747, 0.00933948953594335, 0.0626551584747901]], "chi2_level": 0.99, "chi2_df": 3, "chi2_threshold": 11.344866730144373, "N_raw": 78, "N_roi": 78, "N_inlier": 74, "refit": true}
{"timestamp": "14:42:58.587798", "frame": 63, "mu": [0.29436251047461237, 0.8599587198142208, 1.183746754455174], "Sigma": [[0.0031733559388093515, -0.00046566101415767625, -0.0034926580602236018], [-0.00046566101415767625, 0.0021931605672648818, 0.0022545008203123185], [-0.0034926580602236018, 0.0022545008203123185, 0.045730432062646445]], "chi2_level": 0.99, "chi2_df": 3, "chi2_threshold": 11.344866730144373, "N_raw": 97, "N_roi": 97, "N_inlier": 93, "refit": true}
{"timestamp": "14:42:58.635936", "frame": 64, "mu": [0.332536926231189, 0.8648582897502872, 1.4205846573983267], "Sigma": [[0.0029407810968427655, 0.0004335557420008329, -0.007861663550979087], [0.00043355574200083335, 0.014227840729811635, -0.0027941059957583506], [-0.007861663550979087, -0.0027941059957583493, 0.06411347258116278]], "chi2_level": 0.99, "chi2_df": 3, "chi2_threshold": 11.344866730144373, "N_raw": 44, "N_roi": 44, "N_inlier": 39, "refit": true}
{"timestamp": "14:42:58.695817", "frame": 65, "mu": [0.38583847501907925, 0.9705731524364016, 1.0887637721861902], "Sigma": [[0.006731141105555098, -0.012179667387986218, 0.023839186538415064], [-0.012179667387986218, 0.03193715932639559, -0.05782905351380392], [0.023839186538415064, -0.05782905351380392, 0.14361038926080613]], "chi2_level": 0.99, "chi2_df": 3, "chi2_threshold": 11.344866730144373, "N_raw": 93, "N_roi": 93, "N_inlier": 89, "refit": true}
{"timestamp": "14:42:58.746865", "frame": 66, "mu": [0.49264174278670364, 0.9039802449050034, 1.4114416837915638], "Sigma": [[0.005509259514455317, -0.004204421970814174, 0.013032669050603227], [-0.004204421970814174, 0.009675501765513917, -0.02597347068341752], [0.013032669050603227, -0.025973470683417522, 0.08596447170893107]], "chi2_level": 0.99, "chi2_df": 3, "chi2_threshold": 11.344866730144373, "N_raw": 56, "N_roi": 56, "N_inlier": 54, "refit": true}
{"timestamp": "14:42:58.803989", "frame": 67, "mu": [0.5548192540222727, 0.8827471297413776, 1.3712755837255624], "Sigma": [[0.0033737042597938, -0.00016108499830143748, 4.9169579770519194e-05], [-0.00016108499830143748, 0.003134788401358502, 0.0013871975431545575], [4.9169579770519086e-05, 0.0013871975431545584, 0.06299254375069155]], "chi2_level": 0.99, "chi2_df": 3, "chi2_threshold": 11.344866730144373, "N_raw": 75, "N_roi": 75, "N_inlier": 72, "refit": true}
{"timestamp": "14:42:58.856141", "frame": 68, "mu": [0.6010911606261812, 0.8295054512089464, 1.2296759866422238], "Sigma": [[0.0017846189158186529, 0.00027039245560053033, -0.0005059804507597743], [0.00027039245560053033, 0.0018525750385678548, -0.005221278851426595], [-0.0005059804507597744, -0.005221278851426595, 0.09620007546354806]], "chi2_level": 0.99, "chi2_df": 3, "chi2_threshold": 11.344866730144373, "N_raw": 53, "N_roi": 50, "N_inlier": 48, "refit": true}
{"timestamp": "14:42:58.905979", "frame": 69, "mu": [0.683465243510831, 0.7953511063196501, 1.3362949089245304], "Sigma": [[0.0012249548305291113, -0.0003657967058696451, -0.002376938522369885], [-0.0003657967058696452, 0.001218541001682248, 0.00029279129357421337], [-0.0023769385223698846, 0.00029279129357421315, 0.0069881445450568494]], "chi2_level": 0.99, "chi2_df": 3, "chi2_threshold": 11.344866730144373, "N_raw": 18, "N_roi": 18, "N_inlier": 15, "refit": true}
{"timestamp": "14:42:58.959012", "frame": 70, "mu": [0.7226760358345878, 0.8939940505856822, 1.223116332925314], "Sigma": [[0.0007826329323324408, 0.00024818527739557433, -0.0036945783506691383], [0.00024818527739557433, 0.0037927708643129164, 0.013220748547827847], [-0.0036945783506691383, 0.013220748547827847, 0.08127768457147372]], "chi2_level": 0.99, "chi2_df": 3, "chi2_threshold": 11.344866730144373, "N_raw": 8, "N_roi": 8, "N_inlier": 8, "refit": true}
{"timestamp": "14:42:59.013812", "frame": 71, "mu": [0.7807054232370388, 0.8296521860635315, 1.2263269085104496], "Sigma": [[0.00320923468983507, -0.0004829435624203733, -0.007632372653746361], [-0.0004829435624203735, 0.0025309670521298016, 0.0018437546451525659], [-0.007632372653746361, 0.0018437546451525663, 0.03789689465013074]], "chi2_level": 0.99, "chi2_df": 3, "chi2_threshold": 11.344866730144373, "N_raw": 7, "N_roi": 7, "N_inlier": 7, "refit": true}
{"timestamp": "14:42:59.074871", "frame": 72, "mu": [0.8247759322159915, 0.9129891358656448, 1.4126502005274026], "Sigma": [[0.004789790826770934, -0.0006520358312238693, -0.0037924737543506776], [-0.0006520358312238694, 0.00223755926092245, -0.0008658867659266368], [-0.0037924737543506776, -0.000865886765926637, 0.004281415943051644]], "chi2_level": 0.99, "chi2_df": 3, "chi2_threshold": 11.344866730144373, "N_raw": 47, "N_roi": 47, "N_inlier": 44, "refit": true}
{"timestamp": "14:42:59.132074", "frame": 73, "mu": [0.8819274812580705, 0.8938675819072398, 1.2469590168310642], "Sigma": [[0.003982292359526123, -0.0014351168103045784, -0.003964256452774697], [-0.0014351168103045784, 0.0033838956848955956, -0.0019562119718030636], [-0.003964256452774697, -0.0019562119718030636, 0.03666960094735462]], "chi2_level": 0.99, "chi2_df": 3, "chi2_threshold": 11.344866730144373, "N_raw": 63, "N_roi": 63, "N_inlier": 63, "refit": true}
{"timestamp": "14:42:59.179117", "frame": 74, "mu": [0.9199709335365664, 0.895688095132679, 1.0910230246220993], "Sigma": [[0.0020889268296520524, 0.00195890720565137, -0.004556420677144513], [0.00195890720565137, 0.002476369571077443, -0.005271166340582618], [-0.004556420677144513, -0.00527116634058262, 0.018028959127340455]], "chi2_level": 0.99, "chi2_df": 3, "chi2_threshold": 11.344866730144373, "N_raw": 7, "N_roi": 7, "N_inlier": 7, "refit": true}
{"timestamp": "14:42:59.291544", "frame": 76, "mu": [1.0425903103745546, 0.9235045407053925, 1.1173711258386851], "Sigma": [[0.0015574838929894, 0.00010668418708497564, -0.0011781037651471334], [0.00010668418708497575, 0.00424133537609504, -0.004810892612984145], [-0.0011781037651471334, -0.004810892612984145, 0.019965348157801023]], "chi2_level": 0.99, "chi2_df": 3, "chi2_threshold": 11.344866730144373, "N_raw": 28, "N_roi": 28, "N_inlier": 27, "refit": true}
{"timestamp": "14:42:59.345059", "frame": 77, "mu": [1.0431384489699886, 1.0215967946707063, 1.123361106115923], "Sigma": [[0.004158523789149404, -0.0019053462209144907, 0.014019851258476611], [-0.0019053462209144907, 0.004292252749950038, -0.017415449209031136], [0.014019851258476615, -0.017415449209031136, 0.18937958131532429]], "chi2_level": 0.99, "chi2_df": 3, "chi2_threshold": 11.344866730144373, "N_raw": 9, "N_roi": 9, "N_inlier": 9, "refit": true}
{"timestamp": "14:42:59.402744", "frame": 78, "mu": [1.1474339638704716, 0.9801644787467021, 1.3218205415554545], "Sigma": [[0.0037939451189063092, -0.00018393155039106966, 0.00509629674624072], [-0.00018393155039106966, 0.0018466704437663935, -0.01235430006417349], [0.00509629674624072, -0.01235430006417349, 0.10931877907704975]], "chi2_level": 0.99, "chi2_df": 3, "chi2_threshold": 11.344866730144373, "N_raw": 30, "N_roi": 30, "N_inlier": 29, "refit": true}
{"timestamp": "14:42:59.455731", "frame": 79, "mu": [1.2187561743881605, 0.9918333932212432, 1.0100555029418814], "Sigma": [[0.003920177977296495, -0.0004113231841224432, -0.004995873702560301], [-0.00041132318412244353, 0.004961004437659882, -0.025972663040184165], [-0.004995873702560301, -0.02597266304018416, 0.27207730865154517]], "chi2_level": 0.99, "chi2_df": 3, "chi2_threshold": 11.344866730144373, "N_raw": 10, "N_roi": 10, "N_inlier": 10, "refit": true}
{"timestamp": "14:42:59.511788", "frame": 80, "mu": [1.2461378857253287, 1.0839497203027113, 0.587695470159336], "Sigma": [[0.0038100970176464704, -0.00307822440161884, 0.00408568301457216], [-0.00307822440161884, 0.008892165154058508, -0.027033234603643867], [0.00408568301457216, -0.027033234603643867, 0.11908676111896756]], "chi2_level": 0.99, "chi2_df": 3, "chi2_threshold": 11.344866730144373, "N_raw": 25, "N_roi": 25, "N_inlier": 24, "refit": true}
{"timestamp": "14:42:59.566838", "frame": 81, "mu": [1.342924920358473, 0.948016479744743, 1.4801864896254826], "Sigma": [[0.003532118139732181, -0.0012667785553896178, -0.0008057857983731576], [-0.0012667785553896178, 0.0031864462442190338, 0.0011714828760375018], [-0.0008057857983731578, 0.0011714828760375023, 0.01474919570738136]], "chi2_level": 0.99, "chi2_df": 3, "chi2_threshold": 11.344866730144373, "N_raw": 26, "N_roi": 26, "N_inlier": 25, "refit": true}
{"timestamp": "14:42:59.839368", "frame": 86, "mu": [1.5961619792185575, 1.00313849851049, 1.471636505968406], "Sigma": [[0.0029695153450741115, -0.0008592889539535452, -0.0016523235511477362], [-0.0008592889539535452, 0.001660732441601773, -0.001069915451782108], [-0.0016523235511477362, -0.001069915451782108, 0.003161337798187981]], "chi2_level": 0.99, "chi2_df": 3, "chi2_threshold": 11.344866730144373, "N_raw": 17, "N_roi": 17, "N_inlier": 16, "refit": true}
{"timestamp": "14:42:59.948619", "frame": 88, "mu": [1.701204832355844, 1.0663785368901941, 1.1328713502760765], "Sigma": [[0.0021194770839797717, -0.0022673755984390755, 0.0012636751898069346], [-0.0022673755984390755, 0.007732002058788615, -0.013553325369508994], [0.0012636751898069366, -0.013553325369508996, 0.07458606318146255]], "chi2_level": 0.99, "chi2_df": 3, "chi2_threshold": 11.344866730144373, "N_raw": 7, "N_roi": 7, "N_inlier": 7, "refit": true}
{"timestamp": "14:43:00.003698", "frame": 89, "mu": [1.7433780833970787, 1.0590589084312136, 1.2081721167161825], "Sigma": [[0.0026523876792144377, -0.002569506783716155, 0.00889061125664603], [-0.002569506783716155, 0.009147999806775118, -0.026355359634775432], [0.00889061125664603, -0.02635535963477543, 0.12317695832226369]], "chi2_level": 0.99, "chi2_df": 3, "chi2_threshold": 11.344866730144373, "N_raw": 12, "N_roi": 12, "N_inlier": 12, "refit": true}
{"timestamp": "14:43:00.225333", "frame": 93, "mu": [1.9361515436872319, 1.1126693316503662, 1.4347318510703237], "Sigma": [[0.0020832715795385025, -0.0010654868742389595, -0.00189589183281139], [-0.0010654868742389595, 0.0030439513709866264, -5.467372718260749e-05], [-0.00189589183281139, -5.467372718260757e-05, 0.003994774841683437]], "chi2_level": 0.99, "chi2_df": 3, "chi2_threshold": 11.344866730144373, "N_raw": 12, "N_roi": 12, "N_inlier": 11, "refit": true}
