{"timestamp": "14:37:59.739076", "frame": 13, "mu": [-2.0962912619157295, 4.960673788930926, 0.5306995311427897], "Sigma": [[0.017470286382798184, 0.0020315444188629067, -0.006914483777760393], [0.0020315444188629067, 0.000519578770977037, -0.0009145040853900917], [-0.006914483777760393, -0.0009145040853900918, 0.01516235000893893]], "chi2_level": 0.99, "chi2_df": 3, "chi2_threshold": 11.344866730144373, "N_raw": 22, "N_roi": 12, "N_inlier": 12, "refit": true}
{"timestamp": "14:37:59.794495", "frame": 14, "mu": [-1.9886642905853325, 4.938126263458136, 0.5477591011624812], "Sigma": [[0.022022781498484363, 0.003700019308458805, -0.011871471693269985], [0.003700019308458804, 0.001483887500586715, -0.002563280355611274], [-0.011871471693269985, -0.002563280355611274, 0.01010974213165953]], "chi2_level": 0.99, "chi2_df": 3, "chi2_threshold": 11.344866730144373, "N_raw": 23, "N_roi": 17, "N_inlier": 16, "refit": true}
{"timestamp": "14:37:59.850518", "frame": 15, "mu": [-1.986113165063219, 4.89136941998271, 0.4610132389402497], "Sigma": [[0.023448471254344024, 0.004887786478989811, -0.007293968882737114], [0.004887786478989812, 0.003112659081119385, -0.004377093437814828], [-0.007293968882737113, -0.004377093437814828, 0.010053495832262333]], "chi2_level": 0.99, "chi2_df": 3, "chi2_threshold": 11.344866730144373, "N_raw": 27, "N_roi": 27, "N_inlier": 27, "refit": true}
{"timestamp": "14:37:59.905489", "frame": 16, "mu": [-1.985839060176733, 4.88490758602674, 0.6570315962689152], "Sigma": [[0.011570442352142862, -0.00033686682856537154, -0.0009704445813611776], [-0.0003368668285653716, 0.0011582056090084364, -0.002088694273407179], [-0.0009704445813611776, -0.002088694273407179, 0.008160527730395876]], "chi2_level": 0.99, "chi2_df": 3, "chi2_threshold": 11.344866730144373, "N_raw": 10, "N_roi": 9, "N_inlier": 9, "refit": true}
{"timestamp": "14:38:00.016801", "frame": 18, "mu": [-1.9408574957931486, 4.832362337146535, 0.7946381459543801], "Sigma": [[0.028027401845257247, 0.006092428453636072, -0.007384360119606113], [0.006092428453636072, 0.0026565902361201594, -0.0032724536506399736], [-0.007384360119606113, -0.0032724536506399736, 0.010458828533028515]], "chi2_level": 0.99, "chi2_df": 3, "chi2_threshold": 11.344866730144373, "N_raw": 23, "N_roi": 23, "N_inlier": 23, "refit": true}
{"timestamp": "14:38:00.073650", "frame": 19, "mu": [-1.9894497835748086, 4.76661361588508, 0.5802156201210406], "Sigma": [[0.031687007873909455, 0.007525977869188941, -0.010291062883114453], [0.007525977869188939, 0.0022359927847259648, -0.004452169135677194], [-0.010291062883114453, -0.004452169135677194, 0.03354087241260337]], "chi2_level": 0.99, "chi2_df": 3, "chi2_threshold": 11.344866730144373, "N_raw": 34, "N_roi": 34, "N_inlier": 34, "refit": true}
{"timestamp": "14:38:00.129621", "frame": 20, "mu": [-2.01560147360448, 4.7228022638112845, 0.8460524780711455], "Sigma": [[0.03357259648006821, 0.007761318473092252, -0.01473241216473772], [0.007761318473092251, 0.0033253238053301453, -0.008426133628021505], [-0.014732412164737719, -0.008426133628021505, 0.0340705670191154]], "chi2_level": 0.99, "chi2_df": 3, "chi2_threshold": 11.344866730144373, "N_raw": 45, "N_roi": 45, "N_inlier": 45, "refit": true}
{"timestamp": "14:38:00.181958", "frame": 21, "mu": [-2.003506651822104, 4.666649640501835, 0.8357160461867456], "Sigma": [[0.025178191392852413, 0.006693929202486885, -0.015749997334127113], [0.006693929202486885, 0.0024438736400828887, -0.005885410098027812], [-0.015749997334127113, -0.005885410098027812, 0.020480184682600308]], "chi2_level": 0.99, "chi2_df": 3, "chi2_threshold": 11.344866730144373, "N_raw": 24, "N_roi": 24, "N_inlier": 23, "refit": true}
{"timestamp": "14:38:00.237842", "frame": 22, "mu": [-2.037262868474012, 4.611306849910897, 0.7787730202300335], "Sigma": [[0.017584398015014026, 0.005001627548180657, -0.012230366560786899], [0.005001627548180657, 0.002322744837304844, -0.0070107889888407675], [-0.012230366560786899, -0.0070107889888407675, 0.029525055689881164]], "chi2_level": 0.99, "chi2_df": 3, "chi2_threshold": 11.344866730144373, "N_raw": 27, "N_roi": 27, "N_inlier": 27, "refit": true}
{"timestamp": "14:38:00.289639", "frame": 23, "mu": [-1.9966383083222614, 4.555650269836364, 0.5749177573932248], "Sigma": [[0.010255857953048909, 0.0018035384402515528, 0.0018486448504537799], [0.0018035384402515528, 0.0010862414599690786, -0.0011026602424628103], [0.0018486448504537803, -0.0011026602424628101, 0.01933441570507191]], "chi2_level": 0.99, "chi2_df": 3, "chi2_threshold": 11.344866730144373, "N_raw": 12, "N_roi": 12, "N_inlier": 12, "refit": true}
{"timestamp": "14:38:00.349707", "frame": 24, "mu": [-2.0021681673076492, 4.551751646687544, 0.801838579373543], "Sigma": [[0.03533884478846988, 0.009647783534495528, -0.00741238391985715], [0.009647783534495528, 0.003992657608008665, -0.005089241957474656], [-0.00741238391985715, -0.005089241957474656, 0.01224395556600763]], "chi2_level": 0.99, "chi2_df": 3, "chi2_threshold": 11.344866730144373, "N_raw": 41, "N_roi": 39, "N_inlier": 38, "refit": true}
{"timestamp": "14:38:00.406669", "frame": 25, "mu": [-1.9999393669108934, 4.498543760847992, 0.7894384474693943], "Sigma": [[0.02766958858206027, 0.00514453238337481, -0.012025965985262344], [0.00514453238337481, 0.0017612803813389173, -0.004453354087304443], [-0.012025965985262344, -0.004453354087304443, 0.0626562741324759]], "chi2_level": 0.99, "chi2_df": 3, "chi2_threshold": 11.344866730144373, "N_raw": 50, "N_roi": 45, "N_inlier": 44, "refit": true}
{"timestamp": "14:38:00.460338", "frame": 26, "mu": [-1.9263192530815374, 4.439839199177113, 0.6947440312697193], "Sigma": [[0.027735672874865745, 0.006563110994191124, -0.009535614147630435], [0.006563110994191124, 0.0030308813277374726, -0.005424900590852488], [-0.009535614147630435, -0.005424900590852488, 0.035811805190260296]], "chi2_level": 0.99, "chi2_df": 3, "chi2_threshold": 11.344866730144373, "N_raw": 46, "N_roi": 45, "N_inlier": 44, "refit": true}
{"timestamp": "14:38:00.571028", "frame": 28, "mu": [-2.028617153051928, 4.312046876713075, 0.6542753635985288], "Sigma": [[0.030147295539614226, 0.009406025563634528, -0.012946773995136015], [0.009406025563634528, 0.006249815665302393, -0.00824704421922429], [-0.012946773995136013, -0.00824704421922429, 0.013296482696046616]], "chi2_level": 0.99, "chi2_df": 3, "chi2_threshold": 11.344866730144373, "N_raw": 51, "N_roi": 50, "N_inlier": 49, "refit": true}
{"timestamp": "14:38:00.625285", "frame": 29, "mu": [-2.009736072578199, 4.275840632998938, 0.8475135038509163], "Sigma": [[0.036899802693456454, 0.009466031370970997, -0.025189254615595652], [0.009466031370970997, 0.0039996190743834, -0.009597033607164124], [-0.025189254615595652, -0.009597033607164126, 0.028899476941989556]], "chi2_level": 0.99, "chi2_df": 3, "chi2_threshold": 11.344866730144373, "N_raw": 43, "N_roi": 43, "N_inlier": 43, "refit": true}
{"timestamp": "14:38:00.675888", "frame": 30, "mu": [-1.8569402261961176, 4.413130493556608, -0.14342812023776297], "Sigma": [[0.009685450835520906, 0.004745632950643586, -0.013694025433522949], [0.004745632950643586, 0.005262786778102387, -0.014397852371883643], [-0.013694025433522949, -0.014397852371883645, 0.04158028208020448]], "chi2_level": 0.99, "chi2_df": 3, "chi2_threshold": 11.344866730144373, "N_raw": 15, "N_roi": 15, "N_inlier": 15, "refit": true}
{"timestamp": "14:38:00.730613", "frame": 31, "mu": [-1.8183593175981474, 4.206425331135212, 0.6954127553088623], "Sigma": [[0.014073712524576105, 0.0007174769422200432, -0.011205535243002851], [0.0007174769422200433, 0.0005650693079007907, -0.001718548007390192], [-0.01120553524300285, -0.001718548007390192, 0.019128835690660095]], "chi2_level": 0.99, "chi2_df": 3, "chi2_threshold": 11.344866730144373, "N_raw": 17, "N_roi": 17, "N_inlier": 17, "refit": true}
{"timestamp": "14:38:00.787264", "frame": 32, "mu": [-1.8962383822105253, 4.126321714832627, 0.6536013550584628], "Sigma": [[0.017541499224268724, -0.0010017482499827886, -0.020573012699829724], [-0.0010017482499827886, 0.0015055486336037333, -0.0009157732344232518], [-0.020573012699829724, -0.0009157732344232517, 0.035682330985779276]], "chi2_level": 0.99, "chi2_df": 3, "chi2_threshold": 11.344866730144373, "N_raw": 32, "N_roi": 32, "N_inlier": 30, "refit": true}
{"timestamp": "14:38:00.843608", "frame": 33, "mu": [-1.9058351912250713, 4.104182431638801, 0.8295156703396642], "Sigma": [[0.02432570464434603, 0.0035878767928257775, -0.019684403129658686], [0.003587876792825778, 0.0031515393169602585, -0.004840867332002303], [-0.019684403129658686, -0.004840867332002303, 0.01991832341031563]], "chi2_level": 0.99, "chi2_df": 3, "chi2_threshold": 11.344866730144373, "N_raw": 39, "N_roi": 39, "N_inlier": 37, "refit": true}
{"timestamp": "14:38:00.895827", "frame": 34, "mu": [-1.9641056382052855, 4.204307885157324, 0.05037525316736276], "Sigma": [[0.027370910793301777, 0.005018756870015151, 0.002944624624585491], [0.005018756870015151, 0.005106072582972166, -0.00917021942796212], [0.0029446246245854917, -0.00917021942796212, 0.025829372323967356]], "chi2_level": 0.99, "chi2_df": 3, "chi2_threshold": 11.344866730144373, "N_raw": 16, "N_roi": 16, "N_inlier": 16, "refit": true}
{"timestamp": "14:38:00.952683", "frame": 35, "mu": [-2.0509464929825887, 3.951536702439098, 0.8947851846509136], "Sigma": [[0.01985197370683921, 0.004518766577654253, -0.02118782994563846], [0.004518766577654253, 0.002559290651071022, -0.006997928213487362], [-0.02118782994563846, -0.006997928213487362, 0.030760931255771694]], "chi2_level": 0.99, "chi2_df": 3, "chi2_threshold": 11.344866730144373, "N_raw": 26, "N_roi": 26, "N_inlier": 25, "refit": true}
{"timestamp": "14:38:01.009029", "frame": 36, "mu": [-1.8278815552746492, 3.96217355077959, 0.6147274159252053], "Sigma": [[0.018254331512622124, 0.002247289328595261, -0.017729659368699344], [0.0022472893285952608, 0.0007260222964709176, -0.004575862406460345], [-0.017729659368699344, -0.0045758624064603445, 0.050048305116902475]], "chi2_level": 0.99, "chi2_df": 3, "chi2_threshold": 11.344866730144373, "N_raw": 36, "N_roi": 36, "N_inlier": 36, "refit": true}
{"timestamp": "14:38:01.062267", "frame": 37, "mu": [-1.9474213678931673, 3.87108207090852, 0.8432862365864029], "Sigma": [[0.016759029361898027, 0.0038689390322178704, -0.015669252990704666], [0.003868939032217871, 0.0019732304594497823, -0.0064797043245970855], [-0.015669252990704666, -0.0064797043245970855, 0.047178281665342985]], "chi2_level": 0.99, "chi2_df": 3, "chi2_threshold": 11.344866730144373, "N_raw": 26, "N_roi": 26, "N_inlier": 25, "refit": true}
{"timestamp": "14:38:01.117566", "frame": 38, "mu": [-1.9081450787462864, 3.822280581326366, 0.5038349890838186], "Sigma": [[0.012372591599906379, 0.0006580609764685298, -0.00288245934410207], [0.0006580609764685295, 0.0004916226564651864, -0.0014479251302762799], [-0.0028824593441020697, -0.0014479251302762799, 0.03467074662007823]], "chi2_level": 0.99, "chi2_df": 3, "chi2_threshold": 11.344866730144373, "N_raw": 28, "N_roi": 28, "N_inlier": 27, "refit": true}
{"timestamp": "14:38:01.171550", "frame": 39, "mu": [-1.8370743075445501, 3.783167317663297, 0.672887338519944], "Sigma": [[0.010726616304052574, 0.00013881008053067374, -0.0029010272366347158], [0.00013881008053067385, 0.0003439141129759747, 0.0007390715277679441], [-0.0029010272366347166, 0.0007390715277679441, 0.037977623996146355]], "chi2_level": 0.99, "chi2_df": 3, "chi2_threshold": 11.344866730144373, "N_raw": 20, "N_roi": 20, "N_inlier": 19, "refit": true}
{"timestamp": "14:38:01.226222", "frame": 40, "mu": [-1.9912336182054207, 3.7432270450931933, 0.72216286262716], "Sigma": [[0.025054758718325423, 0.0027321632977407827, -0.006224601762374727], [0.0027321632977407827, 0.0016646840115251084, -0.0012147792538306835], [-0.006224601762374727, -0.0012147792538306835, 0.003650365473605196]], "chi2_level": 0.99, "chi2_df": 3, "chi2_threshold": 11.344866730144373, "N_raw": 24, "N_roi": 24, "N_inlier": 23, "refit": true}
{"timestamp": "14:38:01.285205", "frame": 41, "mu": [-2.0009063972910757, 3.6841063109834047, 0.8131677924396531], "Sigma": [[0.026106389987329958, 0.007467772447575188, -0.009723336016548248], [0.007467772447575188, 0.005001394599726829, -0.005791286619506373], [-0.009723336016548248, -0.005791286619506373, 0.009783100416768943]], "chi2_level": 0.99, "chi2_df": 3, "chi2_threshold": 11.344866730144373, "N_raw": 43, "N_roi": 43, "N_inlier": 42, "refit": true}
{"timestamp": "14:38:01.337078", "frame": 42, "mu": [-1.8667823616643604, 3.6572768736613286, 0.8083617007820152], "Sigma": [[0.012157570843618062, -0.0007660085836722983, -0.008140165468435238], [-0.0007660085836722982, 0.000784560094578294, -0.0010819512094526916], [-0.008140165468435238, -0.0010819512094526918, 0.01434803685906579]], "chi2_level": 0.99, "chi2_df": 3, "chi2_threshold": 11.344866730144373, "N_raw": 19, "N_roi": 19, "N_inlier": 18, "refit": true}
{"timestamp": "14:38:01.396241", "frame": 43, "mu": [-1.8932689020215496, 3.8056782869139907, -0.2912101449068431], "Sigma": [[0.03349939492371668, 0.008057358303052743, -0.012014728271905], [0.008057358303052743, 0.006072360101312458, -0.00893827449190693], [-0.012014728271905, -0.00893827449190693, 0.018286789504689947]], "chi2_level": 0.99, "chi2_df": 3, "chi2_threshold": 11.344866730144373, "N_raw": 55, "N_roi": 55, "N_inlier": 54, "refit": true}
{"timestamp": "14:38:01.448753", "frame": 44, "mu": [-1.8101638080656137, 3.5849826952055377, 0.8550705648548502], "Sigma": [[0.015227360675151838, 0.0018868724958403752, -0.009467712394281142], [0.0018868724958403754, 0.001390480596498257, -0.00467034269587456], [-0.009467712394281142, -0.00467034269587456, 0.02753214495260868]], "chi2_level": 0.99, "chi2_df": 3, "chi2_threshold": 11.344866730144373, "N_raw": 36, "N_roi": 36, "N_inlier": 34, "refit": true}
{"timestamp": "14:38:01.505732", "frame": 45, "mu": [-1.878439742545135, 3.485185807738671, 0.8255864204885367], "Sigma": [[0.02189771427284778, 0.005929460171380258, -0.009697646368641372], [0.005929460171380258, 0.00347916320689913, -0.00782033062316224], [-0.009697646368641372, -0.00782033062316224, 0.0245638007582345]], "chi2_level": 0.99, "chi2_df": 3, "chi2_threshold": 11.344866730144373, "N_raw": 52, "N_roi": 52, "N_inlier": 50, "refit": true}
{"timestamp": "14:38:01.559552", "frame": 46, "mu": [-1.855175551877963, 3.472474277882613, 0.6894714103035452], "Sigma": [[0.02312318305305501, 0.00416327360687779, -0.002499595995733035], [0.00416327360687779, 0.002326990432182637, -0.0037668704947729104], [-0.002499595995733035, -0.00376687049477291, 0.011981598122648466]], "chi2_level": 0.99, "chi2_df": 3, "chi2_threshold": 11.344866730144373, "N_raw": 40, "N_roi": 40, "N_inlier": 38, "refit": true}
{"timestamp": "14:38:01.613939", "frame": 47, "mu": [-1.975772145598467, 3.42267920702927, 0.6536081469615107], "Sigma": [[0.022548630847092938, -0.001144443717965894, 0.003241180952334395], [-0.0011444437179658944, 0.0023369168972508943, -0.001547561078092708], [0.0032411809523343956, -0.0015475610780927077, 0.025894998042153353]], "chi2_level": 0.99, "chi2_df": 3, "chi2_threshold": 11.344866730144373, "N_raw": 37, "N_roi": 37, "N_inlier": 37, "refit": true}
{"timestamp": "14:38:01.671764", "frame": 48, "mu": [-1.9685758968531493, 3.327943351087973, 0.8637856783247447], "Sigma": [[0.024985501087256085, 0.0033756522090252917, -0.009474375457002148], [0.0033756522090252917, 0.0021585220519100895, -0.005760131834261177], [-0.009474375457002148, -0.005760131834261177, 0.04307640904182755]], "chi2_level": 0.99, "chi2_df": 3, "chi2_threshold": 11.344866730144373, "N_raw": 59, "N_roi": 59, "N_inlier": 58, "refit": true}
{"timestamp": "14:38:01.720978", "frame": 49, "mu": [-1.8136335085024347, 3.248384299002166, 0.8644984136297155], "Sigma": [[0.00653927620228011, 0.0009880540465051317, -0.0065942528375275465], [0.0009880540465051317, 0.001974796803285411, -0.004193025891722591], [-0.006594252837527546, -0.004193025891722591, 0.014562554357589673]], "chi2_level": 0.99, "chi2_df": 3, "chi2_threshold": 11.344866730144373, "N_raw": 17, "N_roi": 17, "N_inlier": 16, "refit": true}
{"timestamp": "14:38:01.781804", "frame": 50, "mu": [-1.9803095067511984, 3.2217945007269755, 1.1011140630549812], "Sigma": [[0.025712696986895087, 0.0039814018390332395, -0.020247367714264053], [0.0039814018390332395, 0.004966379603379984, -0.007767108986628029], [-0.020247367714264053, -0.007767108986628029, 0.026972192344728755]], "chi2_level": 0.99, "chi2_df": 3, "chi2_threshold": 11.344866730144373, "N_raw": 61, "N_roi": 58, "N_inlier": 57, "refit": true}
{"timestamp": "14:38:01.832102", "frame": 51, "mu": [-1.9588428951028738, 3.1645145021149017, 1.1316153225566563], "Sigma": [[0.010813827156831924, 0.003408627156657302, -0.009086421902602514], [0.003408627156657302, 0.0018671052565831351, -0.004755662659778092], [-0.009086421902602514, -0.004755662659778092, 0.015322769116282225]], "chi2_level": 0.99, "chi2_df": 3, "chi2_threshold": 11.344866730144373, "N_raw": 24, "N_roi": 24, "N_inlier": 22, "refit": true}
{"timestamp": "14:38:01.890322", "frame": 52, "mu": [-1.990411678725179, 3.106479575190941, 1.030255122847947], "Sigma": [[0.021861827604365135, 0.006983007870022992, -0.010810814869032416], [0.006983007870022992, 0.0062106107795743895, -0.007719652256399698], [-0.010810814869032416, -0.007719652256399698, 0.01275315171371746]], "chi2_level": 0.99, "chi2_df": 3, "chi2_threshold": 11.344866730144373, "N_raw": 54, "N_roi": 54, "N_inlier": 53, "refit": true}
{"timestamp": "14:38:01.941349", "frame": 53, "mu": [-1.9465534876900095, 3.0446599424371157, 0.941869475265354], "Sigma": [[0.009998895781014695, 0.002541407276842095, -0.014136718509142946], [0.0025414072768420943, 0.0017490063448793813, -0.005974622337108916], [-0.014136718509142946, -0.005974622337108918, 0.029089377008312035]], "chi2_level": 0.99, "chi2_df": 3, "chi2_threshold": 11.344866730144373, "N_raw": 24, "N_roi": 24, "N_inlier": 22, "refit": true}
{"timestamp": "14:38:01.999307", "frame": 54, "mu": [-1.8430648473084856, 3.0428538940794696, 0.8938487388627031], "Sigma": [[0.01302457312951486, 0.0023792379480493423, -0.014026600515107374], [0.002379237948049342, 0.0020534081285092675, -0.005781581280258302], [-0.014026600515107374, -0.005781581280258301, 0.024329738843994864]], "chi2_level": 0.99, "chi2_df": 3, "chi2_threshold": 11.344866730144373, "N_raw": 40, "N_roi": 40, "N_inlier": 35, "refit": true}
{"timestamp": "14:38:02.052183", "frame": 55, "mu": [-2.0358978239246577, 2.9408066932836996, 0.7012764255169327], "Sigma": [[0.08600261417397936, 0.006959953156586544, -0.02725954403168366], [0.006959953156586542, 0.0024031140109383926, -0.0024023810890992413], [-0.02725954403168366, -0.0024023810890992404, 0.09460813087421205]], "chi2_level": 0.99, "chi2_df": 3, "chi2_threshold": 11.344866730144373, "N_raw": 25, "N_roi": 25, "N_inlier": 25, "refit": true}
{"timestamp": "14:38:02.110321", "frame": 56, "mu": [-1.7953725157739857, 2.9236454828054663, 0.8192322128929782], "Sigma": [[0.015778939287096845, 0.00590351611406449, -0.010431498293686992], [0.005903516114064491, 0.0052268275274827145, -0.008242878614235557], [-0.010431498293686992, -0.008242878614235557, 0.015112598346998267]], "chi2_level": 0.99, "chi2_df": 3, "chi2_threshold": 11.344866730144373, "N_raw": 49, "N_roi": 49, "N_inlier": 49, "refit": true}
{"timestamp": "14:38:02.167798", "frame": 57, "mu": [-1.9060006473155129, 2.8926507594892117, 0.9893382700111372], "Sigma": [[0.021864623860045194, 0.006815095239238731, -0.02396543114182513], [0.006815095239238732, 0.005018573269358072, -0.014646417595577312], [-0.02396543114182513, -0.01464641759557731, 0.052283038259979736]], "chi2_level": 0.99, "chi2_df": 3, "chi2_threshold": 11.344866730144373, "N_raw": 65, "N_roi": 65, "N_inlier": 63, "refit": true}
{"timestamp": "14:38:02.216903", "frame": 58, "mu": [-2.0318061375229335, 2.756312889587255, 1.0865401970922934], "Sigma": [[0.013512740090380341, 0.005765971703951874, -0.005485228583909693], [0.005765971703951874, 0.005904982935377184, -0.015057779194760396], [-0.005485228583909693, -0.015057779194760396, 0.06266463450151193]], "chi2_level": 0.99, "chi2_df": 3, "chi2_threshold": 11.344866730144373, "N_raw": 22, "N_roi": 19, "N_inlier": 19, "refit": true}
{"timestamp": "14:38:02.275560", "frame": 59, "mu": [-1.9836312362705857, 2.7236837317688094, 1.018516252714032], "Sigma": [[0.01328023759811455, 0.004406537924295358, -0.008489560471368507], [0.004406537924295358, 0.004040370034258543, -0.009631311844449205], [-0.008489560471368505, -0.009631311844449203, 0.030666477979113642]], "chi2_level": 0.99, "chi2_df": 3, "chi2_threshold": 11.344866730144373, "N_raw": 49, "N_roi": 48, "N_inlier": 48, "refit": true}
{"timestamp": "14:38:02.327805", "frame": 60, "mu": [-1.933594532184272, 2.692339654646191, 1.1826491531734682], "Sigma": [[0.007670886106665153, 0.0011605884961858994, 0.0005765352873566554], [0.0011605884961858994, 0.002651819027167872, -0.006794391146922457], [0.0005765352873566554, -0.006794391146922456, 0.04665140440065648]], "chi2_level": 0.99, "chi2_df": 3, "chi2_threshold": 11.344866730144373, "N_raw": 27, "N_roi": 24, "N_inlier": 24, "refit": true}
{"timestamp": "14:38:02.384321", "frame": 61, "mu": [-1.9495783541265452, 2.744535828098226, -0.41156396564322306], "Sigma": [[0.016589619835143114, 0.009965562278597233, 0.022915648625888702], [0.009965562278597233, 0.01482725192943398, 0.018391572571799682], [0.022915648625888702, 0.018391572571799682, 0.07917400651076695]], "chi2_level": 0.99, "chi2_df": 3, "chi2_threshold": 11.344866730144373, "N_raw": 39, "N_roi": 39, "N_inlier": 38, "refit": true}
{"timestamp": "14:38:02.437321", "frame": 62, "mu": [-1.8922831474990307, 2.525665088581761, 0.7468698536300323], "Sigma": [[0.016811197527629898, 0.0019134205885206145, -0.008761983447119332], [0.0019134205885206147, 0.0041824178615207765, -0.0014527308460809737], [-0.008761983447119332, -0.001452730846080974, 0.006882730044223511]], "chi2_level": 0.99, "chi2_df": 3, "chi2_threshold": 11.344866730144373, "N_raw": 26, "N_roi": 26, "N_inlier": 25, "refit": true}
{"timestamp": "14:38:02.490563", "frame": 63, "mu": [-1.9073677168813317, 2.4828991958278923, 1.1514649849991794], "Sigma": [[0.006516635528701801, 0.004363351580785443, -0.008830418380936317], [0.004363351580785442, 0.004087289753240593, -0.009356466975146117], [-0.008830418380936317, -0.009356466975146117, 0.025448992609036367]], "chi2_level": 0.99, "chi2_df": 3, "chi2_threshold": 11.344866730144373, "N_raw": 13, "N_roi": 13, "N_inlier": 13, "refit": true}
{"timestamp": "14:38:02.548321", "frame": 64, "mu": [-2.0306915070587417, 2.436836333776016, 1.1728899809396942], "Sigma": [[0.026901636480441166, 0.00277468601891489, 0.01551447267332633], [0.00277468601891489, 0.0033012741379437683, -0.0062821961480206264], [0.01551447267332633, -0.0062821961480206264, 0.0461170583243838]], "chi2_level": 0.99, "chi2_df": 3, "chi2_threshold": 11.344866730144373, "N_raw": 38, "N_roi": 29, "N_inlier": 29, "refit": true}
{"timestamp": "14:38:02.612077", "frame": 65, "mu": [-2.086877624043228, 2.3439001052628714, 1.0327244982282549], "Sigma": [[0.03260733190232052, 0.013828562445971103, -0.009802793080252017], [0.013828562445971103, 0.012864584974830588, -0.019572790700127404], [-0.009802793080252017, -0.0195727907001274, 0.04217128133975612]], "chi2_level": 0.99, "chi2_df": 3, "chi2_threshold": 11.344866730144373, "N_raw": 93, "N_roi": 66, "N_inlier": 64, "refit": true}
{"timestamp": "14:38:02.666150", "frame": 66, "mu": [-2.068603456639979, 2.297589418894084, 1.105261230147841], "Sigma": [[0.05229688979896151, 0.03126811551287285, -0.03423410028438345], [0.031268115512872854, 0.02716823947919727, -0.039219108459856766], [-0.03423410028438346, -0.03921910845985678, 0.07643353850284193]], "chi2_level": 0.99, "chi2_df": 3, "chi2_threshold": 11.344866730144373, "N_raw": 77, "N_roi": 62, "N_inlier": 61, "refit": true}
{"timestamp": "14:38:02.720444", "frame": 67, "mu": [-2.011695137762783, 2.2806146503327707, 1.0850733251433045], "Sigma": [[0.02466695373049723, 0.014657842639316245, -0.01355821540334308], [0.014657842639316247, 0.01152398314861616, -0.019023197150042137], [-0.01355821540334308, -0.01902319715004214, 0.08622624014952057]], "chi2_level": 0.99, "chi2_df": 3, "chi2_threshold": 11.344866730144373, "N_raw": 78, "N_roi": 75, "N_inlier": 70, "refit": true}
{"timestamp": "14:38:02.778732", "frame": 68, "mu": [-2.0574529043866367, 2.1448854871895437, 0.9411212633698254], "Sigma": [[0.03393211295218179, 0.021327205923324398, 0.007703977238183778], [0.021327205923324398, 0.01704031011090678, 0.003122314923091385], [0.007703977238183777, 0.0031223149230913856, 0.08635067243475983]], "chi2_level": 0.99, "chi2_df": 3, "chi2_threshold": 11.344866730144373, "N_raw": 93, "N_roi": 87, "N_inlier": 83, "refit": true}
{"timestamp": "14:38:02.828952", "frame": 69, "mu": [-2.1549122542577934, 2.2270358844422775, -0.4230492302433026], "Sigma": [[0.0465570975607343, 0.04203505045744566, -0.05462933727792881], [0.04203505045744566, 0.07334565054392926, -0.09773645634445516], [-0.05462933727792881, -0.09773645634445516, 0.1467957861025969]], "chi2_level": 0.99, "chi2_df": 3, "chi2_threshold": 11.344866730144373, "N_raw": 57, "N_roi": 51, "N_inlier": 50, "refit": true}
{"timestamp": "14:38:02.881732", "frame": 70, "mu": [-2.0450083101164913, 2.0211360184036886, 0.7989979311289448], "Sigma": [[0.038490650531999085, 0.013495554367058215, 0.002992706967324555], [0.013495554367058214, 0.008499992017701128, -0.005313854513623029], [0.0029927069673245555, -0.005313854513623029, 0.037431874797470586]], "chi2_level": 0.99, "chi2_df": 3, "chi2_threshold": 11.344866730144373, "N_raw": 49, "N_roi": 46, "N_inlier": 43, "refit": true}
{"timestamp": "14:38:02.943658", "frame": 71, "mu": [-2.073460338159795, 1.945927251909521, 0.11426648755837805], "Sigma": [[0.0472380517840416, 0.040774739813691285, 0.1018732529343316], [0.040774739813691285, 0.045329965250903874, 0.07317191618457979], [0.10187325293433161, 0.0731719161845798, 0.42242534969541373]], "chi2_level": 0.99, "chi2_df": 3, "chi2_threshold": 11.344866730144373, "N_raw": 98, "N_roi": 97, "N_inlier": 96, "refit": true}
{"timestamp": "14:38:03.001628", "frame": 72, "mu": [-2.076893375571908, 1.8818549558149973, 1.3726003998553464], "Sigma": [[0.03888194860362329, 0.02999889073763301, -0.04355728352418109], [0.02999889073763301, 0.03194373718545192, -0.03773115563224962], [-0.04355728352418109, -0.03773115563224963, 0.07160501553538687]], "chi2_level": 0.99, "chi2_df": 3, "chi2_threshold": 11.344866730144373, "N_raw": 113, "N_roi": 111, "N_inlier": 109, "refit": true}
{"timestamp": "14:38:03.044020", "frame": 73, "mu": [-2.1087596707955525, 1.7417213740451565, 1.5172226926511383], "Sigma": [[0.04735267041218044, 0.04233530894666558, -0.054724352094999734], [0.04233530894666558, 0.04236887333320924, -0.051853138963026776], [-0.054724352094999734, -0.051853138963026776, 0.0674610634669964]], "chi2_level": 0.99, "chi2_df": 3, "chi2_threshold": 11.344866730144373, "N_raw": 32, "N_roi": 32, "N_inlier": 31, "refit": true}
{"timestamp": "14:38:03.106344", "frame": 74, "mu": [-2.0081474370576804, 1.9206131195163187, -0.2061232431123132], "Sigma": [[0.024494632270801907, 0.028495181641646345, -0.026844523754701873], [0.028495181641646345, 0.04556527863443774, -0.04334905747418475], [-0.026844523754701873, -0.04334905747418475, 0.051344161282073295]], "chi2_level": 0.99, "chi2_df": 3, "chi2_threshold": 11.344866730144373, "N_raw": 94, "N_roi": 94, "N_inlier": 90, "refit": true}
{"timestamp": "14:38:03.159155", "frame": 75, "mu": [-2.0307599290868783, 1.7497564284362948, -0.8127639883089938], "Sigma": [[0.02022046736922479, 0.02035339533719127, -0.01211999290374138], [0.02035339533719127, 0.029192537673121764, -0.011381629672330699], [-0.012119992903741378, -0.011381629672330699, 0.050389996807635354]], "chi2_level": 0.99, "chi2_df": 3, "chi2_threshold": 11.344866730144373, "N_raw": 72, "N_roi": 72, "N_inlier": 69, "refit": true}
{"timestamp": "14:38:03.215208", "frame": 76, "mu": [-2.0898873509118197, 1.7438432376457675, -0.2529499306970423], "Sigma": [[0.0181089455250138, 0.022787360993545253, -0.018961850545515684], [0.022787360993545253, 0.04419654600809124, -0.043018091484570656], [-0.018961850545515684, -0.043018091484570656, 0.04687347032690112]], "chi2_level": 0.99, "chi2_df": 3, "chi2_threshold": 11.344866730144373, "N_raw": 79, "N_roi": 79, "N_inlier": 78, "refit": true}
{"timestamp": "14:38:03.269098", "frame": 77, "mu": [-2.0793245689939366, 1.5518008608827374, 1.3191040770660578], "Sigma": [[0.020003547865052384, 0.017806053597267453, -0.018330306720706784], [0.017806053597267453, 0.02525190377862808, -0.026972634390679345], [-0.018330306720706784, -0.026972634390679345, 0.03315999527769479]], "chi2_level": 0.99, "chi2_df": 3, "chi2_threshold": 11.344866730144373, "N_raw": 72, "N_roi": 72, "N_inlier": 70, "refit": true}
{"timestamp": "14:38:03.322104", "frame": 78, "mu": [-2.0810479750667943, 1.5037106480337017, 1.3772201543476292], "Sigma": [[0.0146559669586379, 0.008846902862677426, -0.014343095432191841], [0.008846902862677426, 0.012143676920128065, -0.01824469846125938], [-0.014343095432191841, -0.018244698461259385, 0.03843915088242411]], "chi2_level": 0.99, "chi2_df": 3, "chi2_threshold": 11.344866730144373, "N_raw": 56, "N_roi": 56, "N_inlier": 53, "refit": true}
{"timestamp": "14:38:03.374385", "frame": 79, "mu": [-2.000339991178433, 1.5390575193941232, 1.1523861402640816], "Sigma": [[0.019997871365132473, 0.013840473238510566, -0.024496075297415862], [0.013840473238510566, 0.015252132100839278, -0.02690904988152148], [-0.024496075297415862, -0.026909049881521485, 0.07570035695471747]], "chi2_level": 0.99, "chi2_df": 3, "chi2_threshold": 11.344866730144373, "N_raw": 47, "N_roi": 47, "N_inlier": 47, "refit": true}
{"timestamp": "14:38:03.436464", "frame": 80, "mu": [-1.9785248918283718, 1.43916518985582, 1.1678341720123346], "Sigma": [[0.018672705320284227, 0.01666789178879803, -0.017793806624481958], [0.01666789178879803, 0.023098373035223083, -0.024763427240732674], [-0.017793806624481955, -0.024763427240732674, 0.02848720879867499]], "chi2_level": 0.99, "chi2_df": 3, "chi2_threshold": 11.344866730144373, "N_raw": 90, "N_roi": 90, "N_inlier": 87, "refit": true}
{"timestamp": "14:38:03.493659", "frame": 81, "mu": [-1.9671061274916215, 1.553989277443986, -0.5508743043711947], "Sigma": [[0.020109566965013648, 0.02154868319645103, -0.011818447744214498], [0.02154868319645103, 0.0354797199053898, -0.024869055817910813], [-0.011818447744214497, -0.024869055817910816, 0.022037026284672766]], "chi2_level": 0.99, "chi2_df": 3, "chi2_threshold": 11.344866730144373, "N_raw": 102, "N_roi": 102, "N_inlier": 102, "refit": true}
{"timestamp": "14:38:03.551755", "frame": 82, "mu": [-1.9643399013040947, 1.5429635440800349, -0.6339980186027643], "Sigma": [[0.030701770252249003, 0.018994973649205958, 0.001553579889198214], [0.018994973649205958, 0.02403755087501397, -0.00950783917505359], [0.001553579889198214, -0.00950783917505359, 0.012393988813694868]], "chi2_level": 0.99, "chi2_df": 3, "chi2_threshold": 11.344866730144373, "N_raw": 122, "N_roi": 122, "N_inlier": 122, "refit": true}
{"timestamp": "14:38:03.602661", "frame": 83, "mu": [-1.9868748007912957, 1.4917140301585265, -0.6129453002703337], "Sigma": [[0.024917479208887768, 0.015333490064133485, 0.0013724065484712544], [0.015333490064133485, 0.01777989568220958, -0.009516401486621745], [0.0013724065484712546, -0.009516401486621744, 0.016865727396809277]], "chi2_level": 0.99, "chi2_df": 3, "chi2_threshold": 11.344866730144373, "N_raw": 96, "N_roi": 96, "N_inlier": 94, "refit": true}
{"timestamp": "14:38:03.661144", "frame": 84, "mu": [-1.9957772735808426, 1.2682591121155138, -0.8752873725027709], "Sigma": [[0.03041245631333892, 0.028023537509084873, 0.01889989200868885], [0.02802353750908487, 0.04989364504046938, 0.01854956291594887], [0.01889989200868885, 0.01854956291594887, 0.03117847377100747]], "chi2_level": 0.99, "chi2_df": 3, "chi2_threshold": 11.344866730144373, "N_raw": 118, "N_roi": 118, "N_inlier": 118, "refit": true}
{"timestamp": "14:38:03.708737", "frame": 85, "mu": [-1.9527653084971146, 1.0709448234542993, -0.8987064134107093], "Sigma": [[0.01206053644937695, 0.02364526844968011, 0.014904685174692981], [0.02364526844968011, 0.06293986969426267, 0.03151856606490608], [0.014904685174692981, 0.03151856606490608, 0.03745374299071008]], "chi2_level": 0.99, "chi2_df": 3, "chi2_threshold": 11.344866730144373, "N_raw": 61, "N_roi": 61, "N_inlier": 60, "refit": true}
{"timestamp": "14:38:03.765124", "frame": 86, "mu": [-1.9005086323913516, 1.2432556395683143, -0.6916440917577483], "Sigma": [[0.012916365760007419, 0.014521506986976723, 0.0031673426819417497], [0.014521506986976723, 0.035757745860905375, -0.0007762587393650136], [0.00316734268194175, -0.0007762587393650134, 0.020956677950269054]], "chi2_level": 0.99, "chi2_df": 3, "chi2_threshold": 11.344866730144373, "N_raw": 77, "N_roi": 77, "N_inlier": 77, "refit": true}
{"timestamp": "14:38:03.817006", "frame": 87, "mu": [-1.922602524194137, 1.1952560022807202, -0.6177457326957747], "Sigma": [[0.0074561769609185, 0.007874043212890796, -0.0026903636020932367], [0.007874043212890796, 0.021513375631434684, -0.013135603779105776], [-0.0026903636020932367, -0.013135603779105776, 0.012692794793055663]], "chi2_level": 0.99, "chi2_df": 3, "chi2_threshold": 11.344866730144373, "N_raw": 61, "N_roi": 61, "N_inlier": 61, "refit": true}
{"timestamp": "14:38:03.876374", "frame": 88, "mu": [-1.8779251661616194, 1.2219535802531631, -0.698155349983318], "Sigma": [[0.015352816811879623, 0.01410050142839845, 0.00013999140925389825], [0.014100501428398448, 0.02271834956041455, -0.0084721982592218], [0.00013999140925389798, -0.0084721982592218, 0.009301680829830029]], "chi2_level": 0.99, "chi2_df": 3, "chi2_threshold": 11.344866730144373, "N_raw": 84, "N_roi": 84, "N_inlier": 83, "refit": true}
{"timestamp": "14:38:03.930356", "frame": 89, "mu": [-1.887221760845135, 1.0891889357833, -0.572919774687344], "Sigma": [[0.012892890508530062, 0.009872797814668113, -0.0017905588739042173], [0.009872797814668113, 0.02160334966786952, -0.011388716041939771], [-0.0017905588739042173, -0.011388716041939771, 0.011092713519615301]], "chi2_level": 0.99, "chi2_df": 3, "chi2_threshold": 11.344866730144373, "N_raw": 80, "N_roi": 80, "N_inlier": 80, "refit": true}
{"timestamp": "14:38:03.985412", "frame": 90, "mu": [-1.8531724004703565, 1.0929533038513228, -0.6414950775725852], "Sigma": [[0.012860771592720277, 0.008513763152532005, 0.0018841556186571101], [0.008513763152532005, 0.013047513610274992, -0.008111549522772831], [0.0018841556186571101, -0.008111549522772831, 0.014614402687950329]], "chi2_level": 0.99, "chi2_df": 3, "chi2_threshold": 11.344866730144373, "N_raw": 77, "N_roi": 77, "N_inlier": 76, "refit": true}
{"timestamp": "14:38:04.036519", "frame": 91, "mu": [-1.8115355192657798, 0.8733493344470241, 1.2705660708974447], "Sigma": [[0.007317496479432494, 0.00571559509427861, -0.002985757823746171], [0.0057155950942786105, 0.010784859197102861, -0.009742876888565098], [-0.0029857578237461714, -0.009742876888565096, 0.014370661123500085]], "chi2_level": 0.99, "chi2_df": 3, "chi2_threshold": 11.344866730144373, "N_raw": 50, "N_roi": 50, "N_inlier": 50, "refit": true}
{"timestamp": "14:38:04.090689", "frame": 92, "mu": [-1.8294416962370683, 0.8131284322106639, 1.1419616483978654], "Sigma": [[0.009178478079390559, 0.004628575348441661, 0.001245027855224168], [0.004628575348441661, 0.00804375651973267, -0.00483591222197609], [0.001245027855224168, -0.00483591222197609, 0.00712815578319664]], "chi2_level": 0.99, "chi2_df": 3, "chi2_threshold": 11.344866730144373, "N_raw": 53, "N_roi": 53, "N_inlier": 53, "refit": true}
{"timestamp": "14:38:04.144407", "frame": 93, "mu": [-1.8329698449156684, 0.68597314808827, 0.9994198944193717], "Sigma": [[0.005692635162178042, 0.007313754759430271, 0.0016880245802668428], [0.007313754759430271, 0.01085331602036895, 0.00016421217574555044], [0.0016880245802668426, 0.00016421217574555044, 0.011668811363081432]], "chi2_level": 0.99, "chi2_df": 3, "chi2_threshold": 11.344866730144373, "N_raw": 34, "N_roi": 33, "N_inlier": 32, "refit": true}
{"timestamp": "14:38:04.203509", "frame": 94, "mu": [-1.7994152507710115, 0.915763915277933, -0.5660939242268589], "Sigma": [[0.009712458198123641, 0.00587164860716524, 0.003053844912551001], [0.00587164860716524, 0.01322566616980482, -0.0018127759359967592], [0.003053844912551, -0.0018127759359967601, 0.02935897778382157]], "chi2_level": 0.99, "chi2_df": 3, "chi2_threshold": 11.344866730144373, "N_raw": 63, "N_roi": 63, "N_inlier": 61, "refit": true}
{"timestamp": "14:38:04.256418", "frame": 95, "mu": [-1.7906024510820204, 0.9241954060691295, -0.5171004655468782], "Sigma": [[0.0069151686092523935, 0.0030247754609324237, -0.0005101573201084007], [0.0030247754609324233, 0.013845671128256893, -0.006980148116977331], [-0.0005101573201084003, -0.006980148116977332, 0.0052291260285169845]], "chi2_level": 0.99, "chi2_df": 3, "chi2_threshold": 11.344866730144373, "N_raw": 53, "N_roi": 53, "N_inlier": 50, "refit": true}
{"timestamp": "14:38:04.311727", "frame": 96, "mu": [-1.801967047297854, 0.6405515094056653, 1.163907994186119], "Sigma": [[0.010831474598253512, 0.005730751400735346, -0.0027796109155174276], [0.005730751400735346, 0.010842785289886263, -0.007844107704116832], [-0.0027796109155174276, -0.007844107704116832, 0.007243070703888834]], "chi2_level": 0.99, "chi2_df": 3, "chi2_threshold": 11.344866730144373, "N_raw": 59, "N_roi": 59, "N_inlier": 56, "refit": true}
{"timestamp": "14:38:04.365743", "frame": 97, "mu": [-1.7875499779414028, 0.6193124267403572, 1.1904708449469417], "Sigma": [[0.007183182135587282, 0.005931826726379998, -0.0006753856175301178], [0.005931826726379997, 0.009122525639728608, -0.006108294315711449], [-0.0006753856175301177, -0.0061082943157114485, 0.010916566946578702]], "chi2_level": 0.99, "chi2_df": 3, "chi2_threshold": 11.344866730144373, "N_raw": 50, "N_roi": 50, "N_inlier": 48, "refit": true}
{"timestamp": "14:38:04.424215", "frame": 98, "mu": [-1.741618753138027, 0.680029060819901, -0.7465536105267253], "Sigma": [[0.008028333611950069, 0.009470276547624315, 0.005738991408039608], [0.009470276547624315, 0.036190819866938555, 0.00539236828822944], [0.005738991408039608, 0.005392368288229439, 0.006361015352801009]], "chi2_level": 0.99, "chi2_df": 3, "chi2_threshold": 11.344866730144373, "N_raw": 54, "N_roi": 54, "N_inlier": 50, "refit": true}
{"timestamp": "14:38:04.473177", "frame": 99, "mu": [-1.710124245294786, 0.5714826352151128, 1.214644659547271], "Sigma": [[0.0058977753822356946, 0.004211092586738505, -0.004010285226848206], [0.004211092586738505, 0.009159665516909136, -0.005997237573464806], [-0.004010285226848206, -0.005997237573464806, 0.005178547812477219]], "chi2_level": 0.99, "chi2_df": 3, "chi2_threshold": 11.344866730144373, "N_raw": 33, "N_roi": 33, "N_inlier": 31, "refit": true}
{"timestamp": "14:38:04.872627", "frame": 100, "mu": [-1.3004053312022936, 0.5577230244771321, -0.8439991262769138], "Sigma": [[1.4194025945384263, -0.049812437404413136, 0.013603804269645987], [-0.04981243740441313, 0.021065237172509087, 0.0021619376481930184], [0.013603804269645988, 0.0021619376481930184, 0.010059790235372993]], "chi2_level": 0.99, "chi2_df": 3, "chi2_threshold": 11.344866730144373, "N_raw": 52, "N_roi": 52, "N_inlier": 50, "refit": true}
