{"timestamp": "14:57:04.423231", "frame": 29, "mu": [-2.4213774477457153, 4.271063651688876, 0.8076461632000267], "Sigma": [[0.015729964692772616, 0.00798101060833442, -0.05931405393456772], [0.00798101060833442, 0.009754682531001983, -0.044792988120360935], [-0.05931405393456772, -0.044792988120360935, 0.2780323372255498]], "chi2_level": 0.99, "chi2_df": 3, "chi2_threshold": 11.344866730144373, "N_raw": 20, "N_roi": 10, "N_inlier": 10, "refit": true}
{"timestamp": "14:57:04.479441", "frame": 30, "mu": [-2.333337151373065, 4.320822825962716, 0.8181807448472713], "Sigma": [[0.04270116530189447, 0.011087688345880215, -0.1266406097084749], [0.011087688345880215, 0.008503340954224206, -0.03465756645353252], [-0.12664060970847493, -0.03465756645353252, 0.3964418443080666]], "chi2_level": 0.99, "chi2_df": 3, "chi2_threshold": 11.344866730144373, "N_raw": 28, "N_roi": 12, "N_inlier": 12, "refit": true}
{"timestamp": "14:57:04.536048", "frame": 31, "mu": [-2.346301710075329, 4.30189642916968, 1.027151847350347], "Sigma": [[0.01034312073899168, 0.004825889360571835, -0.006607783375900031], [0.004825889360571835, 0.005483053411098019, -0.008127220789973078], [-0.006607783375900031, -0.008127220789973078, 0.020861576563630586]], "chi2_level": 0.99, "chi2_df": 3, "chi2_threshold": 11.344866730144373, "N_raw": 43, "N_roi": 24, "N_inlier": 23, "refit": true}
{"timestamp": "14:57:04.592469", "frame": 32, "mu": [-2.345885137797135, 4.298916282579871, 1.1305449414626767], "Sigma": [[0.010596830511274611, 0.004253643421970568, -0.0035714380309960093], [0.004253643421970568, 0.003833253107680748, -0.00461519524375705], [-0.003571438030996009, -0.00461519524375705, 0.009430085616813008]], "chi2_level": 0.99, "chi2_df": 3, "chi2_threshold": 11.344866730144373, "N_raw": 37, "N_roi": 22, "N_inlier": 20, "refit": true}
{"timestamp": "14:57:04.648744", "frame": 33, "mu": [-2.2878238742338786, 4.280048167780457, 1.0428495519890388], "Sigma": [[0.017482252118338912, 0.006390570137570996, -0.010503853830236342], [0.006390570137570996, 0.00679472528447238, -0.008353329483185365], [-0.010503853830236342, -0.008353329483185365, 0.017450852869791315]], "chi2_level": 0.99, "chi2_df": 3, "chi2_threshold": 11.344866730144373, "N_raw": 46, "N_roi": 39, "N_inlier": 37, "refit": true}
{"timestamp": "14:57:04.700324", "frame": 34, "mu": [-2.237366047856564, 4.3025629535183185, 1.011988338306098], "Sigma": [[0.028128140768407736, 0.011029648052790903, -0.06979916927680338], [0.011029648052790903, 0.007481594923330607, -0.024989450875772937], [-0.06979916927680338, -0.024989450875772937, 0.20644900084866988]], "chi2_level": 0.99, "chi2_df": 3, "chi2_threshold": 11.344866730144373, "N_raw": 15, "N_roi": 13, "N_inlier": 13, "refit": true}
{"timestamp": "14:57:04.867062", "frame": 37, "mu": [-2.146690914041686, 4.209919277788196, 1.0341394697926698], "Sigma": [[0.02081604405757147, 0.006685766060515753, -0.010515754106251971], [0.006685766060515753, 0.005238174478140202, -0.003570154129853665], [-0.01051575410625197, -0.003570154129853665, 0.00649371323184474]], "chi2_level": 0.99, "chi2_df": 3, "chi2_threshold": 11.344866730144373, "N_raw": 31, "N_roi": 27, "N_inlier": 27, "refit": true}
{"timestamp": "14:57:04.925963", "frame": 38, "mu": [-2.106593955579123, 4.214823330547914, 0.9499965228288101], "Sigma": [[0.02542358554209118, 0.008759269270194396, -0.02933310551926911], [0.008759269270194396, 0.006843972006635051, -0.013836741727407679], [-0.029333105519269112, -0.013836741727407679, 0.04206145076815254]], "chi2_level": 0.99, "chi2_df": 3, "chi2_threshold": 11.344866730144373, "N_raw": 61, "N_roi": 47, "N_inlier": 47, "refit": true}
{"timestamp": "14:57:04.981618", "frame": 39, "mu": [-2.0497627469845683, 4.207960460012943, 0.9012081860540109], "Sigma": [[0.02889967327579191, 0.009583421788547439, -0.03333944895990193], [0.009583421788547439, 0.008254417689869372, -0.01683948790860095], [-0.03333944895990193, -0.016839487908600955, 0.048055991301480736]], "chi2_level": 0.99, "chi2_df": 3, "chi2_threshold": 11.344866730144373, "N_raw": 61, "N_roi": 59, "N_inlier": 57, "refit": true}
{"timestamp": "14:57:05.032862", "frame": 40, "mu": [-2.0332909053571884, 4.199155278172933, 0.9955601060789334], "Sigma": [[0.018058496020246024, 0.004899099822158278, -0.018362770043608912], [0.004899099822158278, 0.004459391442975087, -0.009265434958613502], [-0.018362770043608912, -0.009265434958613502, 0.029872278395174888]], "chi2_level": 0.99, "chi2_df": 3, "chi2_threshold": 11.344866730144373, "N_raw": 38, "N_roi": 38, "N_inlier": 38, "refit": true}
{"timestamp": "14:57:05.089275", "frame": 41, "mu": [-1.863351120797659, 4.304765639338961, 0.7802766649609487], "Sigma": [[0.032857741277030623, 0.004395649419517624, -0.022476115296373236], [0.004395649419517625, 0.005248302422019403, -0.0029953142839577443], [-0.022476115296373236, -0.0029953142839577443, 0.01732862127515772]], "chi2_level": 0.99, "chi2_df": 3, "chi2_threshold": 11.344866730144373, "N_raw": 45, "N_roi": 45, "N_inlier": 42, "refit": true}
{"timestamp": "14:57:05.139457", "frame": 42, "mu": [-1.9395083619106401, 4.276403728198877, 0.8501558997977002], "Sigma": [[0.00332210697087944, 0.0015941524179966429, 0.006287557031066358], [0.0015941524179966429, 0.009278741691386963, -0.0229235979052205], [0.006287557031066359, -0.0229235979052205, 0.11980283694473032]], "chi2_level": 0.99, "chi2_df": 3, "chi2_threshold": 11.344866730144373, "N_raw": 10, "N_roi": 8, "N_inlier": 8, "refit": true}
{"timestamp": "14:57:05.247842", "frame": 44, "mu": [-1.7186263417966263, 4.335816921112169, 0.7242348913553229], "Sigma": [[0.024574489535644575, 0.009795813793691719, -0.06458125293234258], [0.009795813793691715, 0.006885631594692076, -0.02305113441603255], [-0.06458125293234257, -0.02305113441603255, 0.17223944260987445]], "chi2_level": 0.99, "chi2_df": 3, "chi2_threshold": 11.344866730144373, "N_raw": 7, "N_roi": 7, "N_inlier": 7, "refit": true}
{"timestamp": "14:57:05.304277", "frame": 45, "mu": [-1.5729650997769977, 4.364301530691764, 0.4357054792005088], "Sigma": [[0.010501656317950322, 0.00383029820996692, -0.011210558717598127], [0.0038302982099669195, 0.0025883268772443546, -0.008622033149631683], [-0.011210558717598127, -0.008622033149631683, 0.05146334650175344]], "chi2_level": 0.99, "chi2_df": 3, "chi2_threshold": 11.344866730144373, "N_raw": 18, "N_roi": 14, "N_inlier": 14, "refit": true}
{"timestamp": "14:57:05.366681", "frame": 46, "mu": [-1.6636848995892588, 4.365679547010593, 1.155048671520075], "Sigma": [[0.01892736076330431, 0.007081470353726577, -0.013724513273330552], [0.007081470353726577, 0.009668168267242382, 0.005783403212802048], [-0.01372451327333055, 0.005783403212802047, 0.07324215101525255]], "chi2_level": 0.99, "chi2_df": 3, "chi2_threshold": 11.344866730144373, "N_raw": 69, "N_roi": 33, "N_inlier": 32, "refit": true}
{"timestamp": "14:57:05.470091", "frame": 48, "mu": [-1.5140405638004903, 4.379634400777435, 1.108566544934448], "Sigma": [[0.013153515764509677, 0.0031615215869550246, -0.006684210079177327], [0.0031615215869550246, 0.0020072868024160534, -0.0020982671224693402], [-0.006684210079177327, -0.0020982671224693402, 0.00506209104198311]], "chi2_level": 0.99, "chi2_df": 3, "chi2_threshold": 11.344866730144373, "N_raw": 22, "N_roi": 19, "N_inlier": 18, "refit": true}
{"timestamp": "14:57:05.584142", "frame": 50, "mu": [-1.444455911395295, 4.3192390039969695, 1.1843514636601489], "Sigma": [[0.024342720947715946, 0.008504394545470003, -0.004096697907617628], [0.008504394545470004, 0.012543823427401504, 0.011438001129011978], [-0.004096697907617627, 0.011438001129011978, 0.019072433879442872]], "chi2_level": 0.99, "chi2_df": 3, "chi2_threshold": 11.344866730144373, "N_raw": 48, "N_roi": 45, "N_inlier": 45, "refit": true}
{"timestamp": "14:57:05.636811", "frame": 51, "mu": [-1.3384243589339588, 4.334804041334236, 1.0553383761307382], "Sigma": [[0.007707656931136303, 0.002194669306433032, -0.0005368272049559525], [0.002194669306433032, 0.007004336420796086, 0.007222468110918525], [-0.0005368272049559524, 0.007222468110918525, 0.009383024705347465]], "chi2_level": 0.99, "chi2_df": 3, "chi2_threshold": 11.344866730144373, "N_raw": 22, "N_roi": 19, "N_inlier": 18, "refit": true}
{"timestamp": "14:57:05.801691", "frame": 54, "mu": [-1.1777606495583273, 4.3265862480030455, 1.1236111460993499], "Sigma": [[0.015715465595941253, 0.0010041839184874693, -0.007651522429555381], [0.0010041839184874693, 0.003793953573633959, 0.0020806273834497084], [-0.007651522429555381, 0.0020806273834497084, 0.006822657580707635]], "chi2_level": 0.99, "chi2_df": 3, "chi2_threshold": 11.344866730144373, "N_raw": 29, "N_roi": 26, "N_inlier": 26, "refit": true}
{"timestamp": "14:57:05.854778", "frame": 55, "mu": [-1.1688140861022505, 4.260605382799862, 1.0062793854268313], "Sigma": [[0.00989735484479756, -0.0006567704723571283, -0.008849260724117914], [-0.0006567704723571283, 0.003053435562838812, 0.001947522307087729], [-0.008849260724117913, 0.001947522307087729, 0.009668771324612]], "chi2_level": 0.99, "chi2_df": 3, "chi2_threshold": 11.344866730144373, "N_raw": 19, "N_roi": 19, "N_inlier": 19, "refit": true}
{"timestamp": "14:57:05.970114", "frame": 57, "mu": [-1.0707611914493171, 4.314817584956393, 1.2047729745701357], "Sigma": [[0.022547825690930758, 0.0017271205029192238, -0.013903867933432831], [0.0017271205029192242, 0.007839110748071268, 0.005104736822681299], [-0.013903867933432831, 0.005104736822681299, 0.01470870274861116]], "chi2_level": 0.99, "chi2_df": 3, "chi2_threshold": 11.344866730144373, "N_raw": 53, "N_roi": 53, "N_inlier": 50, "refit": true}
{"timestamp": "14:57:06.025225", "frame": 58, "mu": [-0.9310320072974285, 4.330818439625331, 0.9349839935549599], "Sigma": [[0.046825488776316565, 0.006631158272263467, -0.07926784998377294], [0.006631158272263467, 0.006683580212333165, -0.016975949897871948], [-0.07926784998377293, -0.016975949897871948, 0.18887517812552723]], "chi2_level": 0.99, "chi2_df": 3, "chi2_threshold": 11.344866730144373, "N_raw": 55, "N_roi": 55, "N_inlier": 54, "refit": true}
{"timestamp": "14:57:06.079323", "frame": 59, "mu": [-0.9355622251801463, 4.404872656266849, 1.2069479698047003], "Sigma": [[0.02447121938369666, 0.004785770066020699, -0.014860215741717283], [0.004785770066020699, 0.0028483252211370467, -0.010001070709848348], [-0.014860215741717283, -0.010001070709848348, 0.07406331074059284]], "chi2_level": 0.99, "chi2_df": 3, "chi2_threshold": 11.344866730144373, "N_raw": 46, "N_roi": 42, "N_inlier": 38, "refit": true}
{"timestamp": "14:57:06.130180", "frame": 60, "mu": [-0.8439771352311136, 4.402983523698879, 0.6650599778329069], "Sigma": [[0.01513899001141531, 0.0038146266411318154, -0.05839756682426098], [0.0038146266411318154, 0.004383279076504398, -0.03237521949444343], [-0.05839756682426098, -0.032375219494443434, 0.41868071141108787]], "chi2_level": 0.99, "chi2_df": 3, "chi2_threshold": 11.344866730144373, "N_raw": 13, "N_roi": 8, "N_inlier": 8, "refit": true}
{"timestamp": "14:57:06.190562", "frame": 61, "mu": [-0.8335741990473772, 4.400039832538067, 1.2510607156479958], "Sigma": [[0.034395930052051354, 0.002020105685010559, -0.015617176817462844], [0.002020105685010559, 0.0035905971816769253, -0.0017705234555833026], [-0.015617176817462842, -0.0017705234555833026, 0.009718131843645674]], "chi2_level": 0.99, "chi2_df": 3, "chi2_threshold": 11.344866730144373, "N_raw": 51, "N_roi": 46, "N_inlier": 46, "refit": true}
{"timestamp": "14:57:06.239629", "frame": 62, "mu": [-0.8048307235521752, 4.387356368937011, 0.4819385653106978], "Sigma": [[0.002044744176071273, 0.001253549828760269, 0.0018558456619660387], [0.001253549828760269, 0.003953957498020959, 0.008480797550843076], [0.0018558456619660387, 0.008480797550843076, 0.019793743540865025]], "chi2_level": 0.99, "chi2_df": 3, "chi2_threshold": 11.344866730144373, "N_raw": 10, "N_roi": 7, "N_inlier": 7, "refit": true}
{"timestamp": "14:57:06.297590", "frame": 63, "mu": [-0.7412550607572483, 4.298847549126636, 1.0764248843534736], "Sigma": [[0.021494017665147302, 0.0015394373195019245, -0.009286348493663863], [0.0015394373195019248, 0.003528073862266793, 0.001895678526074667], [-0.009286348493663863, 0.0018956785260746672, 0.009285089657358784]], "chi2_level": 0.99, "chi2_df": 3, "chi2_threshold": 11.344866730144373, "N_raw": 31, "N_roi": 27, "N_inlier": 25, "refit": true}
{"timestamp": "14:57:06.356158", "frame": 64, "mu": [-0.6645989484597743, 4.300604032365124, 1.0795108541565175], "Sigma": [[0.033616649738495416, 0.0008084551322148812, -0.016304827193601466], [0.0008084551322148821, 0.009281977104077221, 0.010172464591084673], [-0.016304827193601466, 0.010172464591084673, 0.02135881091148917]], "chi2_level": 0.99, "chi2_df": 3, "chi2_threshold": 11.344866730144373, "N_raw": 58, "N_roi": 54, "N_inlier": 53, "refit": true}
{"timestamp": "14:57:06.410253", "frame": 65, "mu": [-0.6739743711158199, 4.224649777583986, 0.8696532062956837], "Sigma": [[0.02629748190964012, 0.003211704909964054, -0.009012710996975542], [0.003211704909964054, 0.003653784308185507, -0.000876996155937575], [-0.009012710996975542, -0.0008769961559375749, 0.005446909673210552]], "chi2_level": 0.99, "chi2_df": 3, "chi2_threshold": 11.344866730144373, "N_raw": 43, "N_roi": 39, "N_inlier": 36, "refit": true}
{"timestamp": "14:57:06.466998", "frame": 66, "mu": [-0.6253650925330829, 4.405601299669657, 1.2409080329239073], "Sigma": [[0.033991239360573286, 0.003428559552649128, -0.007182087258184426], [0.003428559552649128, 0.005206903304552626, -0.00015037384196551579], [-0.007182087258184425, -0.00015037384196551579, 0.008021369954509635]], "chi2_level": 0.99, "chi2_df": 3, "chi2_threshold": 11.344866730144373, "N_raw": 71, "N_roi": 53, "N_inlier": 51, "refit": true}
{"timestamp": "14:57:06.519548", "frame": 67, "mu": [-0.6024808537576105, 4.339137516781303, 1.2437598294757863], "Sigma": [[0.02637492960912883, 0.00539076796783749, -0.0008266836662731815], [0.005390767967837491, 0.012662098673491889, 0.02028248778270348], [-0.0008266836662731807, 0.02028248778270348, 0.04198285589647481]], "chi2_level": 0.99, "chi2_df": 3, "chi2_threshold": 11.344866730144373, "N_raw": 50, "N_roi": 50, "N_inlier": 47, "refit": true}
{"timestamp": "14:57:06.570095", "frame": 68, "mu": [-0.3826447613450211, 4.438714683621012, 0.5685365275696079], "Sigma": [[0.004540194615255216, 0.0013741174768393057, -0.007798752133083108], [0.0013741174768393057, 0.008183354249512494, -0.003103817497179448], [-0.007798752133083108, -0.0031038174971794487, 0.07674142880190177]], "chi2_level": 0.99, "chi2_df": 3, "chi2_threshold": 11.344866730144373, "N_raw": 17, "N_roi": 11, "N_inlier": 11, "refit": true}
{"timestamp": "14:57:06.628741", "frame": 69, "mu": [-0.46888428633198437, 4.360840841811183, 1.080755173171573], "Sigma": [[0.03127794654598855, 0.00995232624708601, -0.022664668802079426], [0.00995232624708601, 0.011998081876036794, -0.018632132188451507], [-0.022664668802079423, -0.018632132188451507, 0.04091211362163093]], "chi2_level": 0.99, "chi2_df": 3, "chi2_threshold": 11.344866730144373, "N_raw": 48, "N_roi": 48, "N_inlier": 45, "refit": true}
{"timestamp": "14:57:06.682480", "frame": 70, "mu": [-0.3892155031158551, 4.339973717849144, 1.041743518479636], "Sigma": [[0.01719562565122104, 0.009759027062936847, -0.010025121467712915], [0.009759027062936847, 0.011716708219646777, -0.006734274717492862], [-0.010025121467712915, -0.006734274717492862, 0.07333951364636075]], "chi2_level": 0.99, "chi2_df": 3, "chi2_threshold": 11.344866730144373, "N_raw": 31, "N_roi": 31, "N_inlier": 30, "refit": true}
{"timestamp": "14:57:06.737887", "frame": 71, "mu": [-0.3106539836589502, 4.418507517194098, 1.3015279136321867], "Sigma": [[0.0226913154419092, 0.0015550554765056594, 0.0001471451705901492], [0.001555055476505659, 0.004041713916144848, 0.0025366252346597663], [0.0001471451705901492, 0.0025366252346597663, 0.005739104818901347]], "chi2_level": 0.99, "chi2_df": 3, "chi2_threshold": 11.344866730144373, "N_raw": 39, "N_roi": 39, "N_inlier": 36, "refit": true}
{"timestamp": "14:57:06.846851", "frame": 73, "mu": [-0.16423429365720604, 4.344210699647809, 1.17171746510092], "Sigma": [[0.017174908132273504, 0.0005363035160821386, -0.003864355555235997], [0.0005363035160821387, 0.003103874093563838, -0.0007061003570281889], [-0.003864355555235997, -0.0007061003570281889, 0.0026962871366396704]], "chi2_level": 0.99, "chi2_df": 3, "chi2_threshold": 11.344866730144373, "N_raw": 34, "N_roi": 34, "N_inlier": 33, "refit": true}
{"timestamp": "14:57:06.900762", "frame": 74, "mu": [-0.1807319539631205, 4.3598109693271905, 1.5214567900602867], "Sigma": [[0.0284926675936873, -0.000201490297024646, -0.014064879558845422], [-0.00020149029702464611, 0.0019984114685971657, 0.001973043637304348], [-0.014064879558845422, 0.001973043637304348, 0.010890116118466938]], "chi2_level": 0.99, "chi2_df": 3, "chi2_threshold": 11.344866730144373, "N_raw": 30, "N_roi": 30, "N_inlier": 28, "refit": true}
{"timestamp": "14:57:06.958141", "frame": 75, "mu": [-0.08863846920863142, 4.369131323174798, 1.3834514471677597], "Sigma": [[0.024333884631202788, -0.0025047095320269697, -0.02142446135238399], [-0.0025047095320269693, 0.0038155443306601275, 0.002238843220156988], [-0.02142446135238399, 0.002238843220156988, 0.021215541071959717]], "chi2_level": 0.99, "chi2_df": 3, "chi2_threshold": 11.344866730144373, "N_raw": 41, "N_roi": 41, "N_inlier": 40, "refit": true}
{"timestamp": "14:57:07.009749", "frame": 76, "mu": [-0.07700817354051316, 4.387088704384858, 0.48113548578127185], "Sigma": [[0.010359613014039093, -0.0008030813096052624, -0.000389797986495898], [-0.0008030813096052624, 0.001737129048776387, 0.0005866995883511265], [-0.000389797986495898, 0.0005866995883511265, 0.0002538932899232602]], "chi2_level": 0.99, "chi2_df": 3, "chi2_threshold": 11.344866730144373, "N_raw": 15, "N_roi": 13, "N_inlier": 12, "refit": true}
{"timestamp": "14:57:07.286705", "frame": 81, "mu": [0.19997864619688582, 4.313641358715715, 1.1601862558489406], "Sigma": [[0.010839906710374164, -0.0019412413538544959, -0.007812363767959837], [-0.0019412413538544959, 0.0020032632619377596, 0.0010526960301303777], [-0.007812363767959837, 0.0010526960301303775, 0.007213384367992833]], "chi2_level": 0.99, "chi2_df": 3, "chi2_threshold": 11.344866730144373, "N_raw": 36, "N_roi": 18, "N_inlier": 18, "refit": true}
{"timestamp": "14:57:07.342922", "frame": 82, "mu": [0.227042128683736, 4.338948760649336, 1.3784893398934785], "Sigma": [[0.013488075108318363, -0.0025580323431825766, -0.006822743629632255], [-0.0025580323431825766, 0.002980651072762667, 0.0019385030070901005], [-0.006822743629632255, 0.0019385030070901005, 0.005311518096069881]], "chi2_level": 0.99, "chi2_df": 3, "chi2_threshold": 11.344866730144373, "N_raw": 41, "N_roi": 22, "N_inlier": 22, "refit": true}
{"timestamp": "14:57:07.453674", "frame": 84, "mu": [0.3368101656112305, 4.3654218365004285, 1.2982503368098215], "Sigma": [[0.017697183058793278, -0.002650099735373395, -0.012702995774156262], [-0.002650099735373396, 0.0028339913314218493, 0.000797548863714215], [-0.01270299577415626, 0.000797548863714215, 0.013106344165220442]], "chi2_level": 0.99, "chi2_df": 3, "chi2_threshold": 11.344866730144373, "N_raw": 49, "N_roi": 33, "N_inlier": 31, "refit": true}
{"timestamp": "14:57:07.560542", "frame": 86, "mu": [0.36057207958166326, 4.396581813131182, 1.3925844231577564], "Sigma": [[0.009932933983848013, -0.003000466617936479, -0.011501912650063903], [-0.0030004666179364796, 0.00397220570895032, 0.005338524743438925], [-0.011501912650063902, 0.005338524743438925, 0.01778881037954866]], "chi2_level": 0.99, "chi2_df": 3, "chi2_threshold": 11.344866730144373, "N_raw": 25, "N_roi": 20, "N_inlier": 19, "refit": true}
{"timestamp": "14:57:07.616460", "frame": 87, "mu": [0.4310949758224156, 4.375361962948565, 1.2514693683107576], "Sigma": [[0.0162872223262393, -0.003646366207717469, -0.013166315207659684], [-0.003646366207717469, 0.0030016331679096767, 0.0029939867968475737], [-0.013166315207659684, 0.0029939867968475737, 0.01707275473117263]], "chi2_level": 0.99, "chi2_df": 3, "chi2_threshold": 11.344866730144373, "N_raw": 28, "N_roi": 25, "N_inlier": 24, "refit": true}
{"timestamp": "14:57:07.671043", "frame": 88, "mu": [0.5611937049394328, 4.358790603053026, 0.9794750447552222], "Sigma": [[0.014565929915537533, -0.0031535735615759175, -0.006316304613686269], [-0.0031535735615759175, 0.002758343063618094, 0.0003756675584222595], [-0.006316304613686269, 0.00037566755842225954, 0.007689594399746909]], "chi2_level": 0.99, "chi2_df": 3, "chi2_threshold": 11.344866730144373, "N_raw": 25, "N_roi": 24, "N_inlier": 23, "refit": true}
{"timestamp": "14:57:07.784247", "frame": 90, "mu": [0.6677188840895886, 4.23954308249107, 0.948470913442419], "Sigma": [[0.027802779862813855, -0.006499102049931135, -0.0103120823310945], [-0.006499102049931135, 0.0037245401414341232, 0.0009150968675909685], [-0.010312082331094501, 0.0009150968675909686, 0.006814316668347001]], "chi2_level": 0.99, "chi2_df": 3, "chi2_threshold": 11.344866730144373, "N_raw": 46, "N_roi": 43, "N_inlier": 41, "refit": true}
{"timestamp": "14:57:07.836733", "frame": 91, "mu": [0.5887900433246749, 4.492592732313485, 1.5863615209725377], "Sigma": [[0.018036004615609162, -0.00305117595825332, -0.03637375386379018], [-0.0030511759582533206, 0.002385650640133748, 0.007388657364136436], [-0.03637375386379019, 0.007388657364136436, 0.1498513771507811]], "chi2_level": 0.99, "chi2_df": 3, "chi2_threshold": 11.344866730144373, "N_raw": 21, "N_roi": 17, "N_inlier": 16, "refit": true}
{"timestamp": "14:57:07.889898", "frame": 92, "mu": [0.6641840438089884, 4.374966822874311, 1.2368800773024655], "Sigma": [[0.00882011531178287, -0.0011106936789205973, -0.014296406728263841], [-0.0011106936789205975, 0.006160299800643939, 0.003927373528886858], [-0.014296406728263841, 0.003927373528886858, 0.05163025709914443]], "chi2_level": 0.99, "chi2_df": 3, "chi2_threshold": 11.344866730144373, "N_raw": 19, "N_roi": 15, "N_inlier": 14, "refit": true}
{"timestamp": "14:57:07.947828", "frame": 93, "mu": [0.7943191143304593, 4.3055624711872635, 1.0317609758195232], "Sigma": [[0.017472496506489278, -0.005580966193642579, -0.010552641718729452], [-0.005580966193642579, 0.004716101805700133, 0.00200324513485391], [-0.010552641718729452, 0.00200324513485391, 0.009414138198421148]], "chi2_level": 0.99, "chi2_df": 3, "chi2_threshold": 11.344866730144373, "N_raw": 37, "N_roi": 37, "N_inlier": 34, "refit": true}
{"timestamp": "14:57:08.001333", "frame": 94, "mu": [0.798446202185743, 4.345934121821044, 1.0928339210712805], "Sigma": [[0.01374848520977111, -0.004520137036048438, -0.014434876004227187], [-0.004520137036048438, 0.0034884524123566336, 0.003934780264830889], [-0.014434876004227187, 0.003934780264830889, 0.018477238382357097]], "chi2_level": 0.99, "chi2_df": 3, "chi2_threshold": 11.344866730144373, "N_raw": 24, "N_roi": 24, "N_inlier": 22, "refit": true}
{"timestamp": "14:57:08.110373", "frame": 96, "mu": [0.902103923061944, 4.302936934624405, 0.9277480719731709], "Sigma": [[0.008777543079752344, -0.001750832983313641, -0.005383400385804926], [-0.001750832983313641, 0.0016180428978743082, 2.477893239836255e-05], [-0.005383400385804926, 2.4778932398362443e-05, 0.0061306666201114005]], "chi2_level": 0.99, "chi2_df": 3, "chi2_threshold": 11.344866730144373, "N_raw": 17, "N_roi": 16, "N_inlier": 15, "refit": true}
{"timestamp": "14:57:08.166061", "frame": 97, "mu": [0.9654707871616715, 4.415833298453722, 0.04166833107815959], "Sigma": [[0.009109743577957434, -0.003316747058747948, 0.0360712521070025], [-0.0033167470587479484, 0.0054191602444644505, -0.024400050663617993], [0.0360712521070025, -0.024400050663617993, 0.354096333115692]], "chi2_level": 0.99, "chi2_df": 3, "chi2_threshold": 11.344866730144373, "N_raw": 22, "N_roi": 19, "N_inlier": 19, "refit": true}
{"timestamp": "14:57:08.218965", "frame": 98, "mu": [0.9885179261451887, 4.393930537321884, 1.0734377253682519], "Sigma": [[0.008421389626854923, -0.005025252309786144, 0.013502135916903501], [-0.005025252309786144, 0.007022199666131398, -0.015804211892504375], [0.013502135916903501, -0.015804211892504375, 0.04532325766566336]], "chi2_level": 0.99, "chi2_df": 3, "chi2_threshold": 11.344866730144373, "N_raw": 14, "N_roi": 11, "N_inlier": 11, "refit": true}
{"timestamp": "14:57:08.602808", "frame": 105, "mu": [1.3347873951120444, 4.327438444382178, 0.8921216579796257], "Sigma": [[0.0024794707615673445, 0.0003891094232426771, -0.0026778218934521768], [0.0003891094232426771, 0.00341139142933546, -0.013054367057833416], [-0.0026778218934521768, -0.013054367057833416, 0.11458659759992011]], "chi2_level": 0.99, "chi2_df": 3, "chi2_threshold": 11.344866730144373, "N_raw": 7, "N_roi": 7, "N_inlier": 7, "refit": true}
{"timestamp": "14:57:08.879455", "frame": 110, "mu": [1.5417628419780907, 4.358714766272138, 1.21061729331257], "Sigma": [[0.008552624540667929, -0.0031967634779085383, -0.009009498091798991], [-0.0031967634779085374, 0.0045114169479012756, 0.0037184966433371925], [-0.00900949809179899, 0.0037184966433371916, 0.013780471931712885]], "chi2_level": 0.99, "chi2_df": 3, "chi2_threshold": 11.344866730144373, "N_raw": 20, "N_roi": 17, "N_inlier": 15, "refit": true}
{"timestamp": "14:57:08.933400", "frame": 111, "mu": [1.5701439358029128, 4.30335620658245, 1.0572080217444018], "Sigma": [[0.010943076584047732, -0.003619532624335283, -0.008439813972911202], [-0.003619532624335283, 0.002876070718371714, 0.00083692559295378], [-0.008439813972911204, 0.0008369255929537802, 0.012802091822433678]], "chi2_level": 0.99, "chi2_df": 3, "chi2_threshold": 11.344866730144373, "N_raw": 12, "N_roi": 12, "N_inlier": 12, "refit": true}
{"timestamp": "14:57:09.046393", "frame": 113, "mu": [1.7143033808717458, 4.209006506177134, 0.9093414635395015], "Sigma": [[0.011468251754956523, -0.005372681662079711, -0.005610075182967191], [-0.005372681662079711, 0.007643113631857701, 0.005118930374343279], [-0.005610075182967191, 0.005118930374343279, 0.0060010142991556705]], "chi2_level": 0.99, "chi2_df": 3, "chi2_threshold": 11.344866730144373, "N_raw": 25, "N_roi": 25, "N_inlier": 25, "refit": true}
{"timestamp": "14:57:09.157051", "frame": 115, "mu": [1.6815290772162466, 4.290061576715738, 0.9259146232738638], "Sigma": [[0.021098956474563654, -0.008241085950009492, -0.008275984259251239], [-0.008241085950009492, 0.006832618963042975, 0.0029824383652344217], [-0.008275984259251237, 0.0029824383652344217, 0.00543146447246982]], "chi2_level": 0.99, "chi2_df": 3, "chi2_threshold": 11.344866730144373, "N_raw": 33, "N_roi": 33, "N_inlier": 32, "refit": true}
{"timestamp": "14:57:09.211021", "frame": 116, "mu": [1.7627788891392349, 4.349221486405461, -0.1570737305255632], "Sigma": [[0.02339789258964517, -0.0044536755550793955, 0.027475117178747333], [-0.004453675555079395, 0.0038950778892912754, 0.0037222887596938476], [0.027475117178747333, 0.0037222887596938484, 0.11417128316164375]], "chi2_level": 0.99, "chi2_df": 3, "chi2_threshold": 11.344866730144373, "N_raw": 27, "N_roi": 27, "N_inlier": 26, "refit": true}
{"timestamp": "14:57:09.268541", "frame": 117, "mu": [1.7391105459310214, 4.211805641614502, 0.8196654493895836], "Sigma": [[0.026173146150587703, -0.008774399309814345, -0.017119788983063152], [-0.008774399309814345, 0.00488882955697183, 0.002865145581419118], [-0.017119788983063152, 0.002865145581419118, 0.019271105368192994]], "chi2_level": 0.99, "chi2_df": 3, "chi2_threshold": 11.344866730144373, "N_raw": 40, "N_roi": 40, "N_inlier": 40, "refit": true}
{"timestamp": "14:57:09.374748", "frame": 119, "mu": [1.8352232729912479, 4.101729262591499, 0.672572654909563], "Sigma": [[0.011580084568081156, -0.003480918706479324, -0.011336246977138528], [-0.003480918706479324, 0.0021368029651077595, 0.0009110836617874713], [-0.01133624697713853, 0.0009110836617874712, 0.025338880022998687]], "chi2_level": 0.99, "chi2_df": 3, "chi2_threshold": 11.344866730144373, "N_raw": 17, "N_roi": 17, "N_inlier": 17, "refit": true}
{"timestamp": "14:57:09.429080", "frame": 120, "mu": [1.7703574176485142, 4.089426137769018, 0.90343647466988], "Sigma": [[0.011398178900740713, -0.0013858388685733913, -0.015596377283321139], [-0.0013858388685733913, 0.000836917256063202, 0.000685914810676956], [-0.015596377283321139, 0.0006859148106769565, 0.02866246711626326]], "chi2_level": 0.99, "chi2_df": 3, "chi2_threshold": 11.344866730144373, "N_raw": 9, "N_roi": 7, "N_inlier": 7, "refit": true}
{"timestamp": "14:57:09.483685", "frame": 121, "mu": [1.8789363154905427, 3.9931303184071334, 0.691783120197777], "Sigma": [[0.012762244035412698, -0.006106232284494948, -0.006574326027892353], [-0.006106232284494948, 0.004001609820342812, 0.0026799104359266626], [-0.006574326027892353, 0.0026799104359266626, 0.012726137560186057]], "chi2_level": 0.99, "chi2_df": 3, "chi2_threshold": 11.344866730144373, "N_raw": 14, "N_roi": 14, "N_inlier": 12, "refit": true}
{"timestamp": "14:57:09.541819", "frame": 122, "mu": [1.8571030085509799, 3.966250542394964, 0.7858445536708588], "Sigma": [[0.024457280850119154, -0.010391948157281668, -0.007767514146376879], [-0.010391948157281667, 0.006158124220843517, 0.0007693300326019313], [-0.007767514146376878, 0.0007693300326019314, 0.009562826709418897]], "chi2_level": 0.99, "chi2_df": 3, "chi2_threshold": 11.344866730144373, "N_raw": 37, "N_roi": 37, "N_inlier": 36, "refit": true}
{"timestamp": "14:57:09.593792", "frame": 123, "mu": [1.80472553647261, 3.980956078337246, 0.9496984541367803], "Sigma": [[0.020482475672966967, -0.0058414926781721385, -0.02307081736240214], [-0.005841492678172139, 0.002632533126253456, 0.006223832847390394], [-0.02307081736240214, 0.006223832847390394, 0.02825384223432872]], "chi2_level": 0.99, "chi2_df": 3, "chi2_threshold": 11.344866730144373, "N_raw": 12, "N_roi": 12, "N_inlier": 12, "refit": true}
{"timestamp": "14:57:09.650911", "frame": 124, "mu": [1.7984611201463496, 3.9392316244882832, 0.8367067159343394], "Sigma": [[0.01357885532482181, -0.0062343541829532785, -0.009720913322797186], [-0.0062343541829532785, 0.0042707026840606765, 0.0019515565624134861], [-0.009720913322797186, 0.0019515565624134866, 0.018081855790574232]], "chi2_level": 0.99, "chi2_df": 3, "chi2_threshold": 11.344866730144373, "N_raw": 28, "N_roi": 28, "N_inlier": 28, "refit": true}
{"timestamp": "14:57:09.705371", "frame": 125, "mu": [1.6449466612348065, 4.013002516274132, 0.9789571128995007], "Sigma": [[0.008306798727982222, -0.0033225582215471055, -0.005512596317529209], [-0.003322558221547105, 0.0026921663072886812, 0.0010045500814700446], [-0.005512596317529209, 0.0010045500814700446, 0.006767135220146004]], "chi2_level": 0.99, "chi2_df": 3, "chi2_threshold": 11.344866730144373, "N_raw": 19, "N_roi": 16, "N_inlier": 16, "refit": true}
{"timestamp": "14:57:09.759261", "frame": 126, "mu": [1.7322338612266464, 3.8824248078824644, 0.7556497314507291], "Sigma": [[0.0028412420516982016, 0.000540596673672837, -0.0013309065882994822], [0.000540596673672837, 0.0019517099352734685, -0.0024144219959663865], [-0.0013309065882994822, -0.0024144219959663874, 0.01248325316545799]], "chi2_level": 0.99, "chi2_df": 3, "chi2_threshold": 11.344866730144373, "N_raw": 10, "N_roi": 9, "N_inlier": 8, "refit": true}
{"timestamp": "14:57:09.816514", "frame": 127, "mu": [1.7647610690219149, 3.839519512725624, 0.832075658722078], "Sigma": [[0.018677456735184825, -0.011927463916392078, -0.012313176724054723], [-0.011927463916392078, 0.008450133870710827, 0.0059125395530898045], [-0.012313176724054721, 0.005912539553089804, 0.01810961124088159]], "chi2_level": 0.99, "chi2_df": 3, "chi2_threshold": 11.344866730144373, "N_raw": 30, "N_roi": 27, "N_inlier": 26, "refit": true}
{"timestamp": "14:57:09.874062", "frame": 128, "mu": [1.8028507868712431, 3.7974009027185147, 0.757456570352874], "Sigma": [[0.02072824290791494, -0.012245503127078117, -0.0074705025615415645], [-0.012245503127078115, 0.012969083090478025, 0.003433175235194397], [-0.0074705025615415645, 0.003433175235194397, 0.005913891375129392]], "chi2_level": 0.99, "chi2_df": 3, "chi2_threshold": 11.344866730144373, "N_raw": 49, "N_roi": 47, "N_inlier": 46, "refit": true}
{"timestamp": "14:57:09.926776", "frame": 129, "mu": [1.825592738746017, 3.745453946969416, 0.9463084654673771], "Sigma": [[0.016738802907067765, -0.008310250055778436, -0.011248903049011999], [-0.008310250055778436, 0.006205402600041258, 0.00312956423610467], [-0.011248903049011997, 0.0031295642361046706, 0.0126704318276981]], "chi2_level": 0.99, "chi2_df": 3, "chi2_threshold": 11.344866730144373, "N_raw": 32, "N_roi": 30, "N_inlier": 30, "refit": true}
{"timestamp": "14:57:09.986582", "frame": 130, "mu": [1.8216597718259901, 3.79973250593949, -0.5138623895087142], "Sigma": [[0.030482879542628606, -0.0017830032450196606, 0.037031689232445104], [-0.0017830032450196606, 0.005378645105918716, 0.0032859587179808027], [0.037031689232445104, 0.0032859587179808023, 0.1613020874499306]], "chi2_level": 0.99, "chi2_df": 3, "chi2_threshold": 11.344866730144373, "N_raw": 57, "N_roi": 54, "N_inlier": 54, "refit": true}
{"timestamp": "14:57:10.040448", "frame": 131, "mu": [1.7494036487895628, 3.698920675158215, 0.8300223431295731], "Sigma": [[0.025041109358030292, -0.013491806643125645, -0.0144400495611342], [-0.013491806643125649, 0.009762183411801467, 0.003214676934397605], [-0.0144400495611342, 0.003214676934397604, 0.021674350594359963]], "chi2_level": 0.99, "chi2_df": 3, "chi2_threshold": 11.344866730144373, "N_raw": 51, "N_roi": 51, "N_inlier": 51, "refit": true}
{"timestamp": "14:57:10.100492", "frame": 132, "mu": [1.7751407431205544, 3.6617530755776575, -0.9663423551868715], "Sigma": [[0.02843495649368208, 0.002271062793495657, 0.05694215809946253], [0.002271062793495657, 0.00474233100310474, 0.013786455170826828], [0.05694215809946253, 0.013786455170826826, 0.21127916736238175]], "chi2_level": 0.99, "chi2_df": 3, "chi2_threshold": 11.344866730144373, "N_raw": 58, "N_roi": 57, "N_inlier": 56, "refit": true}
{"timestamp": "14:57:10.153428", "frame": 133, "mu": [1.7307342596546167, 3.6022399465564687, 0.7404787285561195], "Sigma": [[0.02682481534361113, -0.01831003636765514, -0.025945433009799374], [-0.01831003636765514, 0.015926737075555128, 0.010304872078654808], [-0.025945433009799374, 0.010304872078654806, 0.07021206571290492]], "chi2_level": 0.99, "chi2_df": 3, "chi2_threshold": 11.344866730144373, "N_raw": 74, "N_roi": 72, "N_inlier": 71, "refit": true}
{"timestamp": "14:57:10.201501", "frame": 134, "mu": [1.6880658373543884, 3.5695581554134876, 1.0060080598333], "Sigma": [[0.01643038288086174, -0.008773582238211636, -0.0061739031143229865], [-0.008773582238211636, 0.005745011913028435, 0.002534337446948829], [-0.0061739031143229865, 0.002534337446948829, 0.009772809432307869]], "chi2_level": 0.99, "chi2_df": 3, "chi2_threshold": 11.344866730144373, "N_raw": 25, "N_roi": 25, "N_inlier": 24, "refit": true}
{"timestamp": "14:57:10.258816", "frame": 135, "mu": [1.6454187952705635, 3.692868954498346, -0.41650747645337194], "Sigma": [[0.02164377068815458, -0.0023760272764563784, 0.015367103917562347], [-0.0023760272764563784, 0.006211300030536289, 0.00658279704928379], [0.015367103917562349, 0.006582797049283792, 0.1033448227864261]], "chi2_level": 0.99, "chi2_df": 3, "chi2_threshold": 11.344866730144373, "N_raw": 48, "N_roi": 48, "N_inlier": 48, "refit": true}
{"timestamp": "14:57:10.314036", "frame": 136, "mu": [1.7099641378865003, 3.429716191132538, 0.7669284126555523], "Sigma": [[0.023861393876871827, -0.016558141507449893, -0.022925759847933838], [-0.016558141507449893, 0.014570750037094278, 0.013082253707874213], [-0.022925759847933838, 0.013082253707874214, 0.031191459263781106]], "chi2_level": 0.99, "chi2_df": 3, "chi2_threshold": 11.344866730144373, "N_raw": 45, "N_roi": 45, "N_inlier": 44, "refit": true}
{"timestamp": "14:57:10.367650", "frame": 137, "mu": [1.541635271976705, 3.5670933914623615, 1.0377707793221198], "Sigma": [[0.00866793866912329, -0.004922335174597449, -0.004833265924297246], [-0.004922335174597449, 0.004202360613210442, -0.0024967529350579613], [-0.004833265924297246, -0.0024967529350579613, 0.034002681064244214]], "chi2_level": 0.99, "chi2_df": 3, "chi2_threshold": 11.344866730144373, "N_raw": 35, "N_roi": 35, "N_inlier": 35, "refit": true}
{"timestamp": "14:57:10.424635", "frame": 138, "mu": [1.5722799558622964, 3.411485107871596, 0.897142244589428], "Sigma": [[0.018936755809602197, -0.015539875346780677, -0.023119118189354748], [-0.015539875346780677, 0.017751625243462844, 0.019733688652395116], [-0.023119118189354748, 0.019733688652395116, 0.030827909119354475]], "chi2_level": 0.99, "chi2_df": 3, "chi2_threshold": 11.344866730144373, "N_raw": 45, "N_roi": 42, "N_inlier": 41, "refit": true}
{"timestamp": "14:57:10.478376", "frame": 139, "mu": [1.46543531627383, 3.658603220909188, -0.24202892198931691], "Sigma": [[0.016076088282618955, -0.0008113000490351451, 0.022207493071006824], [-0.0008113000490351451, 0.00398433790659678, -0.0006451581764683979], [0.022207493071006824, -0.0006451581764683977, 0.1237516050971818]], "chi2_level": 0.99, "chi2_df": 3, "chi2_threshold": 11.344866730144373, "N_raw": 43, "N_roi": 43, "N_inlier": 41, "refit": true}
{"timestamp": "14:57:10.531170", "frame": 140, "mu": [1.4429861778982684, 3.467396426571632, 0.9033585676835515], "Sigma": [[0.007295809953129037, -0.004730573566843207, -0.003981676637700174], [-0.004730573566843207, 0.00823970994950487, -0.002733038210576337], [-0.003981676637700174, -0.0027330382105763373, 0.05497446811058202]], "chi2_level": 0.99, "chi2_df": 3, "chi2_threshold": 11.344866730144373, "N_raw": 25, "N_roi": 25, "N_inlier": 24, "refit": true}
{"timestamp": "14:57:10.589323", "frame": 141, "mu": [1.40988721500959, 3.4094094911747392, 0.9643880830585453], "Sigma": [[0.017242516685186577, -0.01294485978636083, -0.01846286061375296], [-0.01294485978636083, 0.01585858624153738, 0.015785139240214657], [-0.01846286061375296, 0.015785139240214657, 0.02206438384647675]], "chi2_level": 0.99, "chi2_df": 3, "chi2_threshold": 11.344866730144373, "N_raw": 45, "N_roi": 45, "N_inlier": 42, "refit": true}
{"timestamp": "14:57:10.643744", "frame": 142, "mu": [1.3752032403592367, 3.3782564118458493, 0.8773498808926862], "Sigma": [[0.01814294767988645, -0.007830462811018839, -0.011828452163341933], [-0.007830462811018839, 0.009325460031607445, 0.006405961248489973], [-0.011828452163341933, 0.006405961248489973, 0.009376851164090786]], "chi2_level": 0.99, "chi2_df": 3, "chi2_threshold": 11.344866730144373, "N_raw": 49, "N_roi": 49, "N_inlier": 46, "refit": true}
{"timestamp": "14:57:10.695542", "frame": 143, "mu": [1.2445286346085898, 3.4677074023466785, 0.8610111928600406], "Sigma": [[0.009784584532902018, -0.006320390593385039, 0.0203196445452571], [-0.006320390593385039, 0.008689343957233498, -0.01879738554362699], [0.0203196445452571, -0.01879738554362699, 0.1879234295727813]], "chi2_level": 0.99, "chi2_df": 3, "chi2_threshold": 11.344866730144373, "N_raw": 20, "N_roi": 20, "N_inlier": 20, "refit": true}
{"timestamp": "14:57:10.749129", "frame": 144, "mu": [0.9805118470483722, 3.312855004703691, 0.9159842036277788], "Sigma": [[0.09232464204806395, 0.25659978778897746, -0.05233835165676782], [0.25659978778897746, 0.8657723217940437, -0.3525058609675426], [-0.05233835165676779, -0.3525058609675426, 0.3397795567400611]], "chi2_level": 0.99, "chi2_df": 3, "chi2_threshold": 11.344866730144373, "N_raw": 9, "N_roi": 9, "N_inlier": 9, "refit": true}
