{"timestamp": "14:11:36.938974", "frame": 1, "mu": [1.494222622493168, 0.7804777273420032, 1.374152303317647], "Sigma": [[0.0022563242647277576, 0.0010602160340525237, -0.001379951268988915], [0.0010602160340525237, 0.014263785390984956, -0.006244695866787173], [-0.0013799512689889153, -0.006244695866787173, 0.0043446583070973635]], "chi2_level": 0.99, "chi2_df": 3, "chi2_threshold": 11.344866730144373, "N_raw": 20, "N_roi": 20, "N_inlier": 19, "refit": true}
{"timestamp": "14:11:36.993006", "frame": 2, "mu": [1.5099148048494766, 0.7418489177115902, 1.3331297653013359], "Sigma": [[0.0026328160876165005, 0.001897849088565463, -0.002304796151178848], [0.0018978490885654628, 0.010248169731681512, -0.007560301110139949], [-0.002304796151178848, -0.007560301110139949, 0.006075678372370667]], "chi2_level": 0.99, "chi2_df": 3, "chi2_threshold": 11.344866730144373, "N_raw": 16, "N_roi": 16, "N_inlier": 15, "refit": true}
{"timestamp": "14:11:37.212184", "frame": 6, "mu": [1.5983640985780014, 0.6290450917497883, 1.3732215364384894], "Sigma": [[0.0035004148017159587, 0.006481879612743474, -0.004860433324789236], [0.006481879612743474, 0.016941095940343397, -0.012865172263591327], [-0.004860433324789236, -0.012865172263591327, 0.009851765544018174]], "chi2_level": 0.99, "chi2_df": 3, "chi2_threshold": 11.344866730144373, "N_raw": 7, "N_roi": 7, "N_inlier": 7, "refit": true}
{"timestamp": "14:11:37.267276", "frame": 7, "mu": [1.5992140776302113, 0.7076726225080565, 1.402077614466031], "Sigma": [[0.005074874742353483, 0.007093925736806714, -0.005011892833351687], [0.007093925736806714, 0.017965869009629716, -0.009987479587419804], [-0.005011892833351687, -0.009987479587419804, 0.006412274375515409]], "chi2_level": 0.99, "chi2_df": 3, "chi2_threshold": 11.344866730144373, "N_raw": 7, "N_roi": 7, "N_inlier": 7, "refit": true}
{"timestamp": "14:11:37.432005", "frame": 10, "mu": [1.6114474220160375, 0.6690480217676467, 1.3827679697215032], "Sigma": [[0.006101082910224547, 0.006375547662275478, -0.007557691626932515], [0.006375547662275479, 0.026309240094211206, -0.015526204634450648], [-0.007557691626932515, -0.015526204634450647, 0.013491593517995112]], "chi2_level": 0.99, "chi2_df": 3, "chi2_threshold": 11.344866730144373, "N_raw": 7, "N_roi": 7, "N_inlier": 7, "refit": true}
{"timestamp": "14:11:37.491165", "frame": 11, "mu": [1.6469414024352538, 0.9291447583315074, -0.42190951343231825], "Sigma": [[0.004671643013622694, -0.0020720203040769406, -0.0008552862487255727], [-0.0020720203040769406, 0.016957936166979964, -0.0011376475090651807], [-0.0008552862487255727, -0.0011376475090651807, 0.0003229652812219307]], "chi2_level": 0.99, "chi2_df": 3, "chi2_threshold": 11.344866730144373, "N_raw": 33, "N_roi": 33, "N_inlier": 31, "refit": true}
{"timestamp": "14:11:37.544025", "frame": 12, "mu": [1.6127052495046854, 0.6458521796016977, 1.4252049136452645], "Sigma": [[0.0034437564357660162, 0.006390342050340022, -0.0041774095950872945], [0.006390342050340022, 0.015327974751637172, -0.008837980420855701], [-0.0041774095950872945, -0.0088379804208557, 0.005528834778469645]], "chi2_level": 0.99, "chi2_df": 3, "chi2_threshold": 11.344866730144373, "N_raw": 7, "N_roi": 7, "N_inlier": 7, "refit": true}
{"timestamp": "14:11:37.654865", "frame": 14, "mu": [1.6503709548416399, 0.791454223977687, 1.3017860215895571], "Sigma": [[0.0032592318890700854, 0.0036846327389085582, -0.004851456198161981], [0.003684632738908558, 0.009150761467868099, -0.0022509181604344662], [-0.00485145619816198, -0.0022509181604344654, 0.030184091995999505]], "chi2_level": 0.99, "chi2_df": 3, "chi2_threshold": 11.344866730144373, "N_raw": 11, "N_roi": 11, "N_inlier": 11, "refit": true}
{"timestamp": "14:11:37.821081", "frame": 17, "mu": [1.6964579938427473, 0.7645520112568953, 1.2495503910930734], "Sigma": [[0.0029334147090347503, -0.0028194881318857183, -0.0012694584093406677], [-0.0028194881318857183, 0.006174053878346392, -0.0014888221489611066], [-0.0012694584093406675, -0.0014888221489611068, 0.003675265497361143]], "chi2_level": 0.99, "chi2_df": 3, "chi2_threshold": 11.344866730144373, "N_raw": 23, "N_roi": 23, "N_inlier": 22, "refit": true}
{"timestamp": "14:11:37.876468", "frame": 18, "mu": [1.719612399261887, 0.7280185112812954, 1.229914888022817], "Sigma": [[0.004973488550494281, -0.0050552893629912206, -0.0020642591833213452], [-0.005055289362991221, 0.00911757838394121, 1.073072764625285e-05], [-0.0020642591833213457, 1.0730727646252904e-05, 0.0031043714319962485]], "chi2_level": 0.99, "chi2_df": 3, "chi2_threshold": 11.344866730144373, "N_raw": 26, "N_roi": 26, "N_inlier": 25, "refit": true}
{"timestamp": "14:11:37.929878", "frame": 19, "mu": [1.8043826942560273, 0.6052042374266524, 1.1725917791095288], "Sigma": [[0.0013294986862557152, -0.0011512107410500867, 0.00025547946597358705], [-0.0011512107410500865, 0.012343025502880113, -0.011563380309096543], [0.00025547946597358705, -0.011563380309096543, 0.015112374551559924]], "chi2_level": 0.99, "chi2_df": 3, "chi2_threshold": 11.344866730144373, "N_raw": 13, "N_roi": 13, "N_inlier": 11, "refit": true}
{"timestamp": "14:11:37.984649", "frame": 20, "mu": [1.7684107622248537, 0.5555582317434333, 1.2518652528344878], "Sigma": [[0.0032810766742324598, -0.0030107219857815333, -0.0006173875458869533], [-0.0030107219857815337, 0.011588618696220377, -0.001022327430942787], [-0.0006173875458869533, -0.0010223274309427873, 0.0008449157367738453]], "chi2_level": 0.99, "chi2_df": 3, "chi2_threshold": 11.344866730144373, "N_raw": 19, "N_roi": 19, "N_inlier": 18, "refit": true}
{"timestamp": "14:11:38.096705", "frame": 22, "mu": [1.7284747691331568, 0.6657159033684523, 1.226562926235309], "Sigma": [[0.0053173912873811435, -0.005196416450554433, 0.0005006769800825008], [-0.005196416450554433, 0.01592240825447252, -0.0015064947600327019], [0.0005006769800825009, -0.0015064947600327019, 0.0005931987191528383]], "chi2_level": 0.99, "chi2_df": 3, "chi2_threshold": 11.344866730144373, "N_raw": 28, "N_roi": 28, "N_inlier": 28, "refit": true}
{"timestamp": "14:11:38.150629", "frame": 23, "mu": [1.4094958057457259, 0.5582783446489712, 1.2322037372215013], "Sigma": [[1.0012566194157726, 0.05029850493462568, 0.010089381660708614], [0.05029850493462569, 0.01201612311999957, -0.0017602030816278277], [0.010089381660708614, -0.0017602030816278277, 0.0018787120679510732]], "chi2_level": 0.99, "chi2_df": 3, "chi2_threshold": 11.344866730144373, "N_raw": 23, "N_roi": 23, "N_inlier": 23, "refit": true}
{"timestamp": "14:11:38.208574", "frame": 24, "mu": [1.6870097998917806, 0.649046911367141, 1.198578178508108], "Sigma": [[0.005152661692445453, -0.004971502545913156, -0.0026692570791418285], [-0.004971502545913156, 0.01355710341657715, -0.0013497535265990408], [-0.002669257079141828, -0.0013497535265990408, 0.004075803677704511]], "chi2_level": 0.99, "chi2_df": 3, "chi2_threshold": 11.344866730144373, "N_raw": 37, "N_roi": 37, "N_inlier": 35, "refit": true}
{"timestamp": "14:11:38.368692", "frame": 27, "mu": [0.4500418151054141, 0.40339647113191285, 1.3990041018776531], "Sigma": [[2.018247759082623, 0.11223734261278331, 0.08334870798586597], [0.11223734261278334, 0.019635167297021156, 0.0013339101893375597], [0.08334870798586597, 0.0013339101893375593, 0.031805098836751214]], "chi2_level": 0.99, "chi2_df": 3, "chi2_threshold": 11.344866730144373, "N_raw": 7, "N_roi": 7, "N_inlier": 7, "refit": true}
{"timestamp": "14:11:38.533789", "frame": 30, "mu": [1.448475881312361, 0.6753941423169509, -0.5860767006429463], "Sigma": [[0.005627554854047237, -0.00219043963614987, -0.0086508558785367], [-0.00219043963614987, 0.003939946620584347, 0.0038729962509510946], [-0.0086508558785367, 0.003872996250951094, 0.014775915622723521]], "chi2_level": 0.99, "chi2_df": 3, "chi2_threshold": 11.344866730144373, "N_raw": 11, "N_roi": 11, "N_inlier": 11, "refit": true}
{"timestamp": "14:11:38.589313", "frame": 31, "mu": [1.3366776633515869, 0.6438444247764672, 1.40130620738472], "Sigma": [[0.006542745284501357, -0.004119484235410392, -0.008193874753908939], [-0.004119484235410392, 0.004169752171136961, 0.005285186676727983], [-0.008193874753908939, 0.005285186676727983, 0.011603542578956185]], "chi2_level": 0.99, "chi2_df": 3, "chi2_threshold": 11.344866730144373, "N_raw": 17, "N_roi": 17, "N_inlier": 16, "refit": true}
{"timestamp": "14:11:38.643847", "frame": 32, "mu": [1.3004844230299637, 0.6311248181057606, 1.356827026084494], "Sigma": [[0.005611458169702244, -0.004076341144729662, -0.010462101476675959], [-0.004076341144729661, 0.005248912068143495, 0.008050550375111501], [-0.010462101476675959, 0.0080505503751115, 0.01972367225457528]], "chi2_level": 0.99, "chi2_df": 3, "chi2_threshold": 11.344866730144373, "N_raw": 7, "N_roi": 7, "N_inlier": 7, "refit": true}
{"timestamp": "14:11:38.701790", "frame": 33, "mu": [1.2199903934865328, 0.6861190350457679, 1.4450601663604752], "Sigma": [[0.003975581426249371, -0.0031631378831317477, -0.005733615966201004], [-0.003163137883131748, 0.0039916502590613065, 0.004695621945539264], [-0.005733615966201004, 0.004695621945539264, 0.011664858299835087]], "chi2_level": 0.99, "chi2_df": 3, "chi2_threshold": 11.344866730144373, "N_raw": 18, "N_roi": 18, "N_inlier": 17, "refit": true}
{"timestamp": "14:11:38.754887", "frame": 34, "mu": [1.1720282329613168, 0.7309649382332746, 1.434245898232376], "Sigma": [[0.003259126448609767, 0.00014172524529737474, -0.0033865903156747113], [0.00014172524529737466, 0.0029324008206957977, -0.002605055021674706], [-0.0033865903156747113, -0.002605055021674706, 0.0064704006253816]], "chi2_level": 0.99, "chi2_df": 3, "chi2_threshold": 11.344866730144373, "N_raw": 15, "N_roi": 15, "N_inlier": 15, "refit": true}
{"timestamp": "14:11:38.865746", "frame": 36, "mu": [1.1118972619936893, 0.6956794338647483, 1.4538124615882417], "Sigma": [[0.0047905560892029415, -0.0030065036269598007, -0.003724002857779623], [-0.003006503626959801, 0.002977024816374536, 0.0018213770201377338], [-0.003724002857779623, 0.001821377020137734, 0.005695406830611048]], "chi2_level": 0.99, "chi2_df": 3, "chi2_threshold": 11.344866730144373, "N_raw": 22, "N_roi": 22, "N_inlier": 19, "refit": true}
{"timestamp": "14:11:38.924734", "frame": 37, "mu": [1.0022226635744556, 0.760406371129313, 1.4482603240555407], "Sigma": [[0.005848891963650754, -0.003142662324305484, -0.003216331299102322], [-0.003142662324305484, 0.005037908402238765, -0.00013258397858819672], [-0.003216331299102322, -0.00013258397858819667, 0.0032822222653311316]], "chi2_level": 0.99, "chi2_df": 3, "chi2_threshold": 11.344866730144373, "N_raw": 47, "N_roi": 47, "N_inlier": 45, "refit": true}
{"timestamp": "14:11:38.981188", "frame": 38, "mu": [0.9420876180954068, 0.9338768650140978, -0.39544624902534803], "Sigma": [[0.005349876237705502, 0.0011344228214183872, -0.007906812042449932], [0.0011344228214183875, 0.004606261161679759, -0.004491154723131524], [-0.007906812042449932, -0.004491154723131524, 0.014833671331633646]], "chi2_level": 0.99, "chi2_df": 3, "chi2_threshold": 11.344866730144373, "N_raw": 54, "N_roi": 54, "N_inlier": 54, "refit": true}
{"timestamp": "14:11:39.030621", "frame": 39, "mu": [0.8408990135680392, 0.7870310924783805, 1.4858131729073543], "Sigma": [[0.005777115291508112, -0.0029255908807619534, -0.007426623485910893], [-0.0029255908807619534, 0.0038657441929584495, 0.003985743261927369], [-0.007426623485910895, 0.003985743261927369, 0.011114629630501737]], "chi2_level": 0.99, "chi2_df": 3, "chi2_threshold": 11.344866730144373, "N_raw": 22, "N_roi": 22, "N_inlier": 19, "refit": true}
{"timestamp": "14:11:39.084456", "frame": 40, "mu": [0.8555850649161586, 0.5528002861565428, 0.7805630473875648], "Sigma": [[0.011464687667987994, -0.006566234689001343, 0.006281802110766785], [-0.006566234689001344, 0.01814968145918078, 0.04331656096557189], [0.006281802110766785, 0.04331656096557189, 0.4648818931498633]], "chi2_level": 0.99, "chi2_df": 3, "chi2_threshold": 11.344866730144373, "N_raw": 9, "N_roi": 9, "N_inlier": 9, "refit": true}
{"timestamp": "14:11:39.141074", "frame": 41, "mu": [0.8493151850741658, 0.6898193618298354, 1.1608761260526892], "Sigma": [[0.006096296748362815, -0.002034094098790757, -0.020714716168797012], [-0.002034094098790757, 0.0030036395205550494, 0.01608056973184451], [-0.020714716168797012, 0.016080569731844515, 0.16922764922973463]], "chi2_level": 0.99, "chi2_df": 3, "chi2_threshold": 11.344866730144373, "N_raw": 18, "N_roi": 18, "N_inlier": 17, "refit": true}
{"timestamp": "14:11:39.201053", "frame": 42, "mu": [0.7443577220036055, 0.7216985390708651, -0.5735761676856761], "Sigma": [[0.005540707220396581, 0.00035796042256317347, -0.0038940232425552944], [0.00035796042256317347, 0.002313002201660909, 0.00027474606714002984], [-0.0038940232425552944, 0.00027474606714002984, 0.011751410410657241]], "chi2_level": 0.99, "chi2_df": 3, "chi2_threshold": 11.344866730144373, "N_raw": 55, "N_roi": 55, "N_inlier": 54, "refit": true}
{"timestamp": "14:11:39.258345", "frame": 43, "mu": [0.6937204894675707, 0.7179350902648606, 1.438089357112649], "Sigma": [[0.008095994674954173, -0.00128309040065596, -0.007303785865758478], [-0.00128309040065596, 0.002284911371058967, 9.411092077558304e-05], [-0.007303785865758478, 9.411092077558305e-05, 0.009324018841621822]], "chi2_level": 0.99, "chi2_df": 3, "chi2_threshold": 11.344866730144373, "N_raw": 67, "N_roi": 66, "N_inlier": 64, "refit": true}
{"timestamp": "14:11:39.313101", "frame": 44, "mu": [0.6208035467932688, 0.7328281990090049, 1.3337359326639842], "Sigma": [[0.003482788091481762, -0.0003215375189458898, -0.006259583463209905], [-0.0003215375189458898, 0.002720621682651427, -0.005049827909774596], [-0.0062595834632099044, -0.005049827909774596, 0.04375819680253552]], "chi2_level": 0.99, "chi2_df": 3, "chi2_threshold": 11.344866730144373, "N_raw": 65, "N_roi": 65, "N_inlier": 61, "refit": true}
{"timestamp": "14:11:39.365708", "frame": 45, "mu": [0.5601150098888209, 0.7357619310852813, 1.4741804032792105], "Sigma": [[0.0032294015197857394, 0.000531731327332125, -0.0015791764557106548], [0.0005317313273321249, 0.002147417108843131, -0.0015221957909251455], [-0.0015791764557106548, -0.0015221957909251455, 0.0018946181044850357]], "chi2_level": 0.99, "chi2_df": 3, "chi2_threshold": 11.344866730144373, "N_raw": 49, "N_roi": 49, "N_inlier": 46, "refit": true}
{"timestamp": "14:11:39.422899", "frame": 46, "mu": [0.5150011172062922, 0.7346540731783143, 1.4405118157863521], "Sigma": [[0.003129088307659554, 0.000371544730258807, -0.001613589312292679], [0.00037154473025880695, 0.0016388637363304712, -0.0021011442004172545], [-0.001613589312292679, -0.0021011442004172545, 0.010396916950266379]], "chi2_level": 0.99, "chi2_df": 3, "chi2_threshold": 11.344866730144373, "N_raw": 62, "N_roi": 62, "N_inlier": 58, "refit": true}
{"timestamp": "14:11:39.475649", "frame": 47, "mu": [0.4520334064510859, 0.7532301805548431, 1.4737624208271236], "Sigma": [[0.00238525516216998, -0.00028179532979611093, -0.0018920965932087048], [-0.000281795329796111, 0.002033966980990916, -0.0004157068267070344], [-0.001892096593208705, -0.0004157068267070345, 0.009416593697781849]], "chi2_level": 0.99, "chi2_df": 3, "chi2_threshold": 11.344866730144373, "N_raw": 50, "N_roi": 50, "N_inlier": 45, "refit": true}
{"timestamp": "14:11:39.528987", "frame": 48, "mu": [0.3549606105298659, 0.7926524203257926, 1.305463221590171], "Sigma": [[0.001637247102258308, -0.0001939855362765838, -0.009952596605378318], [-0.00019398553627658378, 0.0020066305091589604, -0.006030520358551276], [-0.00995259660537832, -0.0060305203585512765, 0.15831065982720707]], "chi2_level": 0.99, "chi2_df": 3, "chi2_threshold": 11.344866730144373, "N_raw": 40, "N_roi": 40, "N_inlier": 39, "refit": true}
{"timestamp": "14:11:39.590442", "frame": 49, "mu": [0.29556350861887704, 0.7915461668523674, 1.4215403224936647], "Sigma": [[0.002999537034643446, -0.0012604269469493842, -0.001310794524492525], [-0.001260426946949384, 0.003343563922881376, -0.0020027338476267826], [-0.0013107945244925248, -0.0020027338476267826, 0.005331934726507348]], "chi2_level": 0.99, "chi2_df": 3, "chi2_threshold": 11.344866730144373, "N_raw": 81, "N_roi": 81, "N_inlier": 76, "refit": true}
{"timestamp": "14:11:39.642129", "frame": 50, "mu": [0.25175419820518286, 0.7799077515904158, 1.420168239415017], "Sigma": [[0.0021229698219483203, -0.00020793895719130613, 0.0011610434361725745], [-0.0002079389571913061, 0.0016817671157093865, -0.002967063213036878], [0.0011610434361725747, -0.002967063213036878, 0.006834000933420131]], "chi2_level": 0.99, "chi2_df": 3, "chi2_threshold": 11.344866730144373, "N_raw": 63, "N_roi": 63, "N_inlier": 59, "refit": true}
{"timestamp": "14:11:39.696061", "frame": 51, "mu": [0.20288138955239154, 0.8089327616656042, 1.4328701852944814], "Sigma": [[0.0018614687611651513, -0.0003077788730379552, -0.0007992697941033721], [-0.0003077788730379553, 0.002183572070117524, -0.001969723428921079], [-0.0007992697941033721, -0.001969723428921079, 0.002961029727016333]], "chi2_level": 0.99, "chi2_df": 3, "chi2_threshold": 11.344866730144373, "N_raw": 55, "N_roi": 55, "N_inlier": 52, "refit": true}
{"timestamp": "14:11:39.752091", "frame": 52, "mu": [0.11929471853764909, 0.7044631623248574, 1.1899172506391187], "Sigma": [[0.0021352021359076915, 0.0009423143593166672, -0.0008115247994258657], [0.0009423143593166674, 0.006035998732034097, 0.02275306138516792], [-0.0008115247994258652, 0.022753061385167923, 0.19268459411186137]], "chi2_level": 0.99, "chi2_df": 3, "chi2_threshold": 11.344866730144373, "N_raw": 66, "N_roi": 63, "N_inlier": 60, "refit": true}
{"timestamp": "14:11:39.800887", "frame": 53, "mu": [0.11664990027381957, 0.7036215126222478, 1.1575472176366883], "Sigma": [[0.0016767760395518558, 0.0014319379202976908, 0.00045128143657021725], [0.0014319379202976908, 0.0044412755076111065, 0.00045387791886701914], [0.00045128143657021725, 0.00045387791886701914, 0.00020298192759827697]], "chi2_level": 0.99, "chi2_df": 3, "chi2_threshold": 11.344866730144373, "N_raw": 26, "N_roi": 26, "N_inlier": 24, "refit": true}
{"timestamp": "14:11:39.856769", "frame": 54, "mu": [-0.01806470376094207, 0.8336702742020712, 1.5369044596220025], "Sigma": [[0.0015993669113963228, 0.00048482650403452445, -0.0013349959229571459], [0.0004848265040345244, 0.0026411647827952627, -0.0026365880703808995], [-0.0013349959229571457, -0.0026365880703808995, 0.004089847463427388]], "chi2_level": 0.99, "chi2_df": 3, "chi2_threshold": 11.344866730144373, "N_raw": 28, "N_roi": 28, "N_inlier": 25, "refit": true}
{"timestamp": "14:11:39.914060", "frame": 55, "mu": [-0.13296169181869133, 0.8856222177347487, -0.6180273794097887], "Sigma": [[0.0021792408274794012, 0.0015960768907972824, 0.002941534203405675], [0.0015960768907972824, 0.004063388009117873, 0.0015226178727142869], [0.0029415342034056742, 0.001522617872714286, 0.03793780398586879]], "chi2_level": 0.99, "chi2_df": 3, "chi2_threshold": 11.344866730144373, "N_raw": 41, "N_roi": 41, "N_inlier": 38, "refit": true}
{"timestamp": "14:11:39.973355", "frame": 56, "mu": [-0.12092433457223414, 0.7947778959842987, 1.409805985559443], "Sigma": [[0.0031454285032486476, -0.0008716315709112513, 0.0006607929935984523], [-0.0008716315709112511, 0.001024980806832101, -0.0012562014963645566], [0.0006607929935984523, -0.0012562014963645569, 0.006490071960859136]], "chi2_level": 0.99, "chi2_df": 3, "chi2_threshold": 11.344866730144373, "N_raw": 69, "N_roi": 69, "N_inlier": 65, "refit": true}
{"timestamp": "14:11:40.027275", "frame": 57, "mu": [-0.20040816579799509, 0.785044672819563, 1.4216739453593141], "Sigma": [[0.0024293308493300047, -0.000981137213696796, 0.0015438321167962079], [-0.0009811372136967961, 0.0033332558704578636, 0.0011482856457493587], [0.0015438321167962079, 0.0011482856457493587, 0.011737859482202528]], "chi2_level": 0.99, "chi2_df": 3, "chi2_threshold": 11.344866730144373, "N_raw": 59, "N_roi": 58, "N_inlier": 54, "refit": true}
{"timestamp": "14:11:40.084143", "frame": 58, "mu": [-0.23971143967623496, 0.8007275397425744, 1.4490617896115159], "Sigma": [[0.002669707913665034, -0.0005691622054523751, -0.0006866677717873138], [-0.0005691622054523751, 0.002492308050421169, -0.00291779355442283], [-0.0006866677717873137, -0.00291779355442283, 0.004966282312049194]], "chi2_level": 0.99, "chi2_df": 3, "chi2_threshold": 11.344866730144373, "N_raw": 77, "N_roi": 75, "N_inlier": 70, "refit": true}
{"timestamp": "14:11:40.138364", "frame": 59, "mu": [-0.31628186872130876, 0.776075197447242, 1.466618377641617], "Sigma": [[0.00171569647594768, -0.00034755613002981336, -0.0005891759190025178], [-0.00034755613002981326, 0.0023937507845538776, -0.002957136249495636], [-0.0005891759190025178, -0.002957136249495636, 0.006126019065079086]], "chi2_level": 0.99, "chi2_df": 3, "chi2_threshold": 11.344866730144373, "N_raw": 65, "N_roi": 62, "N_inlier": 58, "refit": true}
{"timestamp": "14:11:40.198087", "frame": 60, "mu": [-0.3358371023794601, 0.7574216801086525, 1.3445404971719606], "Sigma": [[0.002578019275561237, 2.6895695680628385e-05, -0.0011517084398609385], [2.68956956806284e-05, 0.0014567919126302527, -0.0040539712626191955], [-0.0011517084398609389, -0.0040539712626191955, 0.014763176396469584]], "chi2_level": 0.99, "chi2_df": 3, "chi2_threshold": 11.344866730144373, "N_raw": 98, "N_roi": 94, "N_inlier": 90, "refit": true}
{"timestamp": "14:11:40.255883", "frame": 61, "mu": [-0.43253130412799645, 0.7433175709529162, 1.393389941580129], "Sigma": [[0.005452835031636652, -0.002801269365380369, -0.006899874512456794], [-0.0028012693653803687, 0.002877739726522896, 0.001646536890178667], [-0.006899874512456794, 0.0016465368901786668, 0.021649929004413454]], "chi2_level": 0.99, "chi2_df": 3, "chi2_threshold": 11.344866730144373, "N_raw": 120, "N_roi": 120, "N_inlier": 107, "refit": true}
{"timestamp": "14:11:40.310695", "frame": 62, "mu": [-0.5586804825166782, 0.7191621578818446, 1.494941023639507], "Sigma": [[0.01821704727249869, 0.0049019417774092645, -0.01845465886272105], [0.004901941777409264, 0.005271148526400826, -0.00476575852566824], [-0.01845465886272105, -0.00476575852566824, 0.032100728187779565]], "chi2_level": 0.99, "chi2_df": 3, "chi2_threshold": 11.344866730144373, "N_raw": 117, "N_roi": 117, "N_inlier": 112, "refit": true}
{"timestamp": "14:11:40.358679", "frame": 63, "mu": [-0.6573617211006403, 0.6076185635892797, 1.425203958118813], "Sigma": [[0.03753461048873172, 0.007438842829615646, -0.046011627882633854], [0.007438842829615646, 0.0036712365543158302, -0.011251453118499368], [-0.04601162788263385, -0.011251453118499368, 0.06600225233599276]], "chi2_level": 0.99, "chi2_df": 3, "chi2_threshold": 11.344866730144373, "N_raw": 66, "N_roi": 66, "N_inlier": 63, "refit": true}
{"timestamp": "14:11:40.412732", "frame": 64, "mu": [-0.7957085157150576, 0.5989775300811692, 1.5783700429734937], "Sigma": [[0.029370465348171282, -0.0019753244469332314, -0.04572251307388779], [-0.001975324446933232, 0.0032813861904336912, 0.002608212196033565], [-0.04572251307388779, 0.0026082121960335656, 0.08828354370552809]], "chi2_level": 0.99, "chi2_df": 3, "chi2_threshold": 11.344866730144373, "N_raw": 67, "N_roi": 67, "N_inlier": 65, "refit": true}
{"timestamp": "14:11:40.462326", "frame": 65, "mu": [-0.8514418775512841, 0.6058404720719105, 1.5706828043126049], "Sigma": [[0.016611590066115983, 0.004967099410830358, -0.025066119739575322], [0.004967099410830358, 0.003032895842154876, -0.009540685987165141], [-0.025066119739575322, -0.009540685987165141, 0.05796848726422882]], "chi2_level": 0.99, "chi2_df": 3, "chi2_threshold": 11.344866730144373, "N_raw": 29, "N_roi": 29, "N_inlier": 29, "refit": true}
{"timestamp": "14:11:40.525373", "frame": 66, "mu": [-0.866304677663283, 0.7545797507848974, -0.3202190781133714], "Sigma": [[0.019611868416070426, 0.01217447344040622, -0.0294325936737753], [0.01217447344040622, 0.012716478139434906, -0.024702554462584708], [-0.0294325936737753, -0.024702554462584708, 0.06499638319906628]], "chi2_level": 0.99, "chi2_df": 3, "chi2_threshold": 11.344866730144373, "N_raw": 87, "N_roi": 87, "N_inlier": 87, "refit": true}
{"timestamp": "14:11:40.582124", "frame": 67, "mu": [-0.8831965708205499, 0.7252219314310068, 0.09694159303842413], "Sigma": [[0.011151476181493767, 0.002659224690076987, 0.04409135363053884], [0.002659224690076987, 0.004824423619121688, -0.002478754379621597], [0.04409135363053884, -0.002478754379621597, 0.4960699371781963]], "chi2_level": 0.99, "chi2_df": 3, "chi2_threshold": 11.344866730144373, "N_raw": 94, "N_roi": 94, "N_inlier": 93, "refit": true}
{"timestamp": "14:11:40.638413", "frame": 68, "mu": [-1.0086646646268236, 0.6250909881826904, 1.4770318811886751], "Sigma": [[0.011694551674975582, 0.004082118394870809, -0.0033460576425932385], [0.004082118394870809, 0.010004867341307374, -0.006162903096148729], [-0.0033460576425932385, -0.006162903096148729, 0.006593180477543704]], "chi2_level": 0.99, "chi2_df": 3, "chi2_threshold": 11.344866730144373, "N_raw": 96, "N_roi": 96, "N_inlier": 93, "refit": true}
{"timestamp": "14:11:40.686552", "frame": 69, "mu": [-0.9810672619004264, 0.5606593613573412, 1.3385006943447548], "Sigma": [[0.012594862366698252, 0.013852840487970766, -0.0037707651356918216], [0.013852840487970766, 0.024681932986301405, -0.012322776429816138], [-0.0037707651356918216, -0.012322776429816138, 0.010315061142860784]], "chi2_level": 0.99, "chi2_df": 3, "chi2_threshold": 11.344866730144373, "N_raw": 53, "N_roi": 53, "N_inlier": 51, "refit": true}
{"timestamp": "14:11:40.744670", "frame": 70, "mu": [-1.0980403498789428, 0.6202946290461473, 1.3947715166856014], "Sigma": [[0.011675510396806968, 0.009266539818958761, -0.0011561901495152913], [0.009266539818958761, 0.012442171648717571, -0.005324646854835208], [-0.0011561901495152909, -0.005324646854835209, 0.012252360423504081]], "chi2_level": 0.99, "chi2_df": 3, "chi2_threshold": 11.344866730144373, "N_raw": 77, "N_roi": 77, "N_inlier": 71, "refit": true}
{"timestamp": "14:11:40.797527", "frame": 71, "mu": [-1.162599648432375, 0.6678388673598563, -0.5141522663495683], "Sigma": [[0.009141589674820082, 0.009393078661663496, -0.003459615435139892], [0.009393078661663497, 0.02078999630838253, -0.011082172631330569], [-0.003459615435139892, -0.011082172631330569, 0.014082550816353361]], "chi2_level": 0.99, "chi2_df": 3, "chi2_threshold": 11.344866730144373, "N_raw": 58, "N_roi": 58, "N_inlier": 55, "refit": true}
{"timestamp": "14:11:40.856162", "frame": 72, "mu": [-1.2049983535616964, 0.5897968011654109, 1.3982721643089353], "Sigma": [[0.013010787078467027, 0.0017624777336006537, -0.00543078957810161], [0.0017624777336006539, 0.009843100544785618, -0.00546424602652743], [-0.00543078957810161, -0.00546424602652743, 0.005760608906235662]], "chi2_level": 0.99, "chi2_df": 3, "chi2_threshold": 11.344866730144373, "N_raw": 85, "N_roi": 85, "N_inlier": 81, "refit": true}
{"timestamp": "14:11:40.907798", "frame": 73, "mu": [-1.2346898295522897, 0.7066015516130725, -0.4737614706297275], "Sigma": [[0.008230452888912032, 0.006923581664478554, 0.0026517592586540652], [0.006923581664478554, 0.011869028095392224, 0.0053730252827015245], [0.0026517592586540657, 0.0053730252827015245, 0.02676822144259945]], "chi2_level": 0.99, "chi2_df": 3, "chi2_threshold": 11.344866730144373, "N_raw": 64, "N_roi": 64, "N_inlier": 59, "refit": true}
{"timestamp": "14:11:40.964292", "frame": 74, "mu": [-1.296825378300415, 0.8148283649918145, -0.3487211574820552], "Sigma": [[0.008965790820068088, 0.0040469391081337435, -0.004273692979530239], [0.0040469391081337435, 0.018571002129576332, -0.002204921888214341], [-0.004273692979530239, -0.002204921888214341, 0.008928786134642831]], "chi2_level": 0.99, "chi2_df": 3, "chi2_threshold": 11.344866730144373, "N_raw": 72, "N_roi": 72, "N_inlier": 70, "refit": true}
{"timestamp": "14:11:41.020462", "frame": 75, "mu": [-1.371491652083575, 0.9071148740902485, -0.525151285738731], "Sigma": [[0.009858443461966059, -0.004009910467679277, 0.013258891784010355], [-0.004009910467679276, 0.033243527020585216, -0.04192505016927762], [0.013258891784010355, -0.04192505016927762, 0.0944044675588293]], "chi2_level": 0.99, "chi2_df": 3, "chi2_threshold": 11.344866730144373, "N_raw": 85, "N_roi": 85, "N_inlier": 82, "refit": true}
{"timestamp": "14:11:41.075842", "frame": 76, "mu": [-1.3919625467633918, 0.8337372624383541, -0.3800722390169388], "Sigma": [[0.010877106431414218, 0.005904328257864112, 0.0020691864928245388], [0.005904328257864112, 0.0190698100089075, -0.0019109000208109603], [0.0020691864928245383, -0.0019109000208109603, 0.002096086013028793]], "chi2_level": 0.99, "chi2_df": 3, "chi2_threshold": 11.344866730144373, "N_raw": 87, "N_roi": 87, "N_inlier": 84, "refit": true}
{"timestamp": "14:11:41.135455", "frame": 77, "mu": [-1.4908276278096657, 0.7088349693068489, 1.3130427448122328], "Sigma": [[0.012950392754353059, 0.011092596636954808, 0.008033627006993484], [0.011092596636954808, 0.019199165738960147, 0.005907077562913141], [0.008033627006993484, 0.005907077562913141, 0.0355007077118064]], "chi2_level": 0.99, "chi2_df": 3, "chi2_threshold": 11.344866730144373, "N_raw": 101, "N_roi": 101, "N_inlier": 101, "refit": true}
{"timestamp": "14:11:41.188207", "frame": 78, "mu": [-1.5655619074668305, 0.7785863134629396, -0.6324897457603642], "Sigma": [[0.014352905313444414, 0.014018642437400662, 0.014790430291549809], [0.014018642437400662, 0.02545282489053353, 0.011973641353760223], [0.01479043029154981, 0.011973641353760221, 0.03938831742772517]], "chi2_level": 0.99, "chi2_df": 3, "chi2_threshold": 11.344866730144373, "N_raw": 97, "N_roi": 97, "N_inlier": 97, "refit": true}
{"timestamp": "14:11:41.242346", "frame": 79, "mu": [-1.5883618970675675, 0.8230496819391752, 1.3352348690849238], "Sigma": [[0.011720669161637578, 0.008524435794139723, 0.008414598726860185], [0.008524435794139725, 0.012178837036631708, -0.0005991117946782824], [0.008414598726860185, -0.0005991117946782823, 0.0348935796623304]], "chi2_level": 0.99, "chi2_df": 3, "chi2_threshold": 11.344866730144373, "N_raw": 94, "N_roi": 94, "N_inlier": 92, "refit": true}
{"timestamp": "14:11:41.296420", "frame": 80, "mu": [-1.6053533129441868, 0.8945318026969481, 1.3565117664367534], "Sigma": [[0.011097886236170766, 0.007157208821002499, 0.004973955838419316], [0.007157208821002499, 0.01114193898384904, 0.0021937087238723015], [0.004973955838419316, 0.0021937087238723015, 0.054328731235424754]], "chi2_level": 0.99, "chi2_df": 3, "chi2_threshold": 11.344866730144373, "N_raw": 95, "N_roi": 95, "N_inlier": 93, "refit": true}
{"timestamp": "14:11:41.353612", "frame": 81, "mu": [-1.6490328920458397, 0.9084045583129207, 1.3226252413418111], "Sigma": [[0.014339949876188902, 0.009208549714448334, -0.0023602438258826107], [0.009208549714448334, 0.012398164891177461, -0.01347368716323467], [-0.002360243825882612, -0.01347368716323467, 0.04763608613293953]], "chi2_level": 0.99, "chi2_df": 3, "chi2_threshold": 11.344866730144373, "N_raw": 107, "N_roi": 107, "N_inlier": 103, "refit": true}
{"timestamp": "14:11:41.404019", "frame": 82, "mu": [-1.6897321908476581, 1.0458162549603784, -0.3861037493931626], "Sigma": [[0.009814242077900387, 0.0070424115277883895, 0.009512821230263641], [0.0070424115277883895, 0.010171866235800136, 0.0007628967898311802], [0.009512821230263643, 0.0007628967898311797, 0.04047181504760617]], "chi2_level": 0.99, "chi2_df": 3, "chi2_threshold": 11.344866730144373, "N_raw": 67, "N_roi": 67, "N_inlier": 63, "refit": true}
{"timestamp": "14:11:41.457920", "frame": 83, "mu": [-1.677846094851968, 1.1546983979613157, -0.34992807325804726], "Sigma": [[0.012245254622040408, 0.005051469265771547, -0.0046829814335893685], [0.005051469265771547, 0.013044115778367471, -0.0037630256291928425], [-0.0046829814335893685, -0.0037630256291928425, 0.0048346799613283075]], "chi2_level": 0.99, "chi2_df": 3, "chi2_threshold": 11.344866730144373, "N_raw": 68, "N_roi": 68, "N_inlier": 66, "refit": true}
{"timestamp": "14:11:41.514051", "frame": 84, "mu": [-1.7768510041421086, 1.1196391873479095, -0.3651413949200799], "Sigma": [[0.012765998116966168, 0.005527349321524813, -0.0019739193201613776], [0.005527349321524813, 0.012403983928866522, -0.007947220064772914], [-0.0019739193201613776, -0.007947220064772916, 0.010992958249937419]], "chi2_level": 0.99, "chi2_df": 3, "chi2_threshold": 11.344866730144373, "N_raw": 73, "N_roi": 73, "N_inlier": 69, "refit": true}
{"timestamp": "14:11:41.567424", "frame": 85, "mu": [-1.8074311325763937, 1.160122559678666, -0.2909564031686122], "Sigma": [[0.008071456558396488, 0.0033128538180716535, -0.0008674664903041351], [0.0033128538180716527, 0.014530987324516348, -0.012081263880394351], [-0.0008674664903041351, -0.012081263880394351, 0.016837038470731494]], "chi2_level": 0.99, "chi2_df": 3, "chi2_threshold": 11.344866730144373, "N_raw": 65, "N_roi": 65, "N_inlier": 63, "refit": true}
{"timestamp": "14:11:41.624134", "frame": 86, "mu": [-1.8216253083474132, 1.114847544444582, -0.6229316594617442], "Sigma": [[0.012088599394140928, 0.010915539737021463, 0.01170379552790094], [0.010915539737021463, 0.03061055928989177, 0.005593381588010787], [0.011703795527900941, 0.005593381588010785, 0.02827139763616702]], "chi2_level": 0.99, "chi2_df": 3, "chi2_threshold": 11.344866730144373, "N_raw": 72, "N_roi": 72, "N_inlier": 69, "refit": true}
{"timestamp": "14:11:41.677756", "frame": 87, "mu": [-1.8794969838833762, 1.169340791084553, -0.4774794677675335], "Sigma": [[0.008202336297251285, 0.005873459736866526, 0.0025197174904223263], [0.005873459736866527, 0.01789126333895872, 0.0011999989863828732], [0.0025197174904223268, 0.0011999989863828735, 0.019888757440084174]], "chi2_level": 0.99, "chi2_df": 3, "chi2_threshold": 11.344866730144373, "N_raw": 59, "N_roi": 59, "N_inlier": 55, "refit": true}
{"timestamp": "14:11:41.731771", "frame": 88, "mu": [-1.8962146632362635, 1.0852577516961193, 1.2097895660958065], "Sigma": [[0.011875860154458651, 0.00801367590499063, 0.0031737898854251392], [0.008013675904990629, 0.016520880802406566, 0.00888006972162289], [0.0031737898854251384, 0.00888006972162289, 0.04456690480855975]], "chi2_level": 0.99, "chi2_df": 3, "chi2_threshold": 11.344866730144373, "N_raw": 61, "N_roi": 61, "N_inlier": 61, "refit": true}
{"timestamp": "14:11:41.785622", "frame": 89, "mu": [-1.9985273051338328, 1.3553580188821326, -0.39694024017854435], "Sigma": [[0.010504061961267854, 0.006934907231500564, 0.001910537247112322], [0.006934907231500564, 0.010141126734826898, -0.007183424827626463], [0.0019105372471123223, -0.007183424827626463, 0.01938690543701106]], "chi2_level": 0.99, "chi2_df": 3, "chi2_threshold": 11.344866730144373, "N_raw": 52, "N_roi": 52, "N_inlier": 51, "refit": true}
{"timestamp": "14:11:41.842084", "frame": 90, "mu": [-1.9376851928954473, 1.286489746977686, 1.3823868911775747], "Sigma": [[0.011369320058963581, 0.005328305874825817, -0.006272674012228387], [0.005328305874825816, 0.012768144000256257, -0.009282344607514014], [-0.006272674012228387, -0.009282344607514014, 0.008613349947510321]], "chi2_level": 0.99, "chi2_df": 3, "chi2_threshold": 11.344866730144373, "N_raw": 65, "N_roi": 65, "N_inlier": 64, "refit": true}
{"timestamp": "14:11:41.901144", "frame": 91, "mu": [-2.0016669054434804, 1.3240068181694808, 1.27800390776718], "Sigma": [[0.011823094494855415, 0.010197992773200855, -0.002511798235611244], [0.010197992773200855, 0.010078948461697103, -0.007297735360689289], [-0.002511798235611244, -0.007297735360689289, 0.041271482953608246]], "chi2_level": 0.99, "chi2_df": 3, "chi2_threshold": 11.344866730144373, "N_raw": 59, "N_roi": 59, "N_inlier": 56, "refit": true}
{"timestamp": "14:11:41.949755", "frame": 92, "mu": [-2.0227724640478364, 1.4842040847039315, -0.10135158506568458], "Sigma": [[0.00844256828120674, 0.006974211420921965, -0.0012695255517602478], [0.006974211420921965, 0.012854817556095193, -0.007404075376100702], [-0.0012695255517602478, -0.007404075376100702, 0.007314570136415568]], "chi2_level": 0.99, "chi2_df": 3, "chi2_threshold": 11.344866730144373, "N_raw": 43, "N_roi": 43, "N_inlier": 40, "refit": true}
{"timestamp": "14:11:42.005746", "frame": 93, "mu": [-2.0141246158067063, 1.52465011792383, -0.5426084000014475], "Sigma": [[0.010923952281582824, 0.013765811055722, 0.009176250585329155], [0.013765811055722, 0.024438850885635556, 0.012731633289374485], [0.009176250585329157, 0.012731633289374485, 0.040675962002609464]], "chi2_level": 0.99, "chi2_df": 3, "chi2_threshold": 11.344866730144373, "N_raw": 50, "N_roi": 50, "N_inlier": 50, "refit": true}
{"timestamp": "14:11:42.061102", "frame": 94, "mu": [-2.05407453747195, 1.549999460726508, 0.03940135992887789], "Sigma": [[0.009960389884322308, 0.006269752604159313, -0.005927353449098562], [0.006269752604159313, 0.016388734892182236, -0.00891649633775575], [-0.005927353449098562, -0.00891649633775575, 0.007843942444874815]], "chi2_level": 0.99, "chi2_df": 3, "chi2_threshold": 11.344866730144373, "N_raw": 52, "N_roi": 52, "N_inlier": 50, "refit": true}
{"timestamp": "14:11:42.115222", "frame": 95, "mu": [-2.0952290363336554, 1.6500832746434144, -0.15195071301113575], "Sigma": [[0.010188305891773114, 0.008457844684045977, -0.0030751374075864463], [0.008457844684045977, 0.013636494166994636, -0.011689087430343685], [-0.003075137407586446, -0.011689087430343685, 0.015435322001708893]], "chi2_level": 0.99, "chi2_df": 3, "chi2_threshold": 11.344866730144373, "N_raw": 44, "N_roi": 44, "N_inlier": 43, "refit": true}
{"timestamp": "14:11:42.169364", "frame": 96, "mu": [-2.116927408342078, 1.5743273081456293, 1.4612189727094433], "Sigma": [[0.012722155024866668, 0.008836887007466493, -0.008289743212262203], [0.008836887007466493, 0.01278636697382545, -0.009950828909223743], [-0.008289743212262203, -0.009950828909223743, 0.009998034156084414]], "chi2_level": 0.99, "chi2_df": 3, "chi2_threshold": 11.344866730144373, "N_raw": 47, "N_roi": 47, "N_inlier": 46, "refit": true}
{"timestamp": "14:11:42.223053", "frame": 97, "mu": [-2.186852850479733, 1.645330686495069, 1.674944670370023], "Sigma": [[0.01280886659913287, 0.011753019900934213, -0.015226620186599853], [0.011753019900934213, 0.017131877279632956, -0.017806350313098438], [-0.015226620186599855, -0.017806350313098435, 0.02506591162492773]], "chi2_level": 0.99, "chi2_df": 3, "chi2_threshold": 11.344866730144373, "N_raw": 39, "N_roi": 39, "N_inlier": 38, "refit": true}
{"timestamp": "14:11:42.279962", "frame": 98, "mu": [-2.192347269316735, 1.7006829733295368, -0.24454816303511442], "Sigma": [[0.014396485756007648, 0.011769483224567352, -0.021834008430007924], [0.01176948322456735, 0.017467269668035364, -0.017779636929170423], [-0.021834008430007924, -0.017779636929170423, 0.06318941698905574]], "chi2_level": 0.99, "chi2_df": 3, "chi2_threshold": 11.344866730144373, "N_raw": 43, "N_roi": 43, "N_inlier": 41, "refit": true}
{"timestamp": "14:11:42.336257", "frame": 99, "mu": [-2.1919217909339888, 1.8095963826087786, 0.06924082926754027], "Sigma": [[0.012598300693407782, 0.011196119468118073, -0.00531726573032383], [0.011196119468118073, 0.020868790051450578, -0.013149583269468476], [-0.00531726573032383, -0.013149583269468476, 0.04573819219098493]], "chi2_level": 0.99, "chi2_df": 3, "chi2_threshold": 11.344866730144373, "N_raw": 48, "N_roi": 48, "N_inlier": 45, "refit": true}
{"timestamp": "14:11:42.724415", "frame": 100, "mu": [-2.276124438115446, 1.8057776778342096, 0.11146600548893972], "Sigma": [[0.019972846275531968, 0.01763714736995442, -0.01064409886889529], [0.01763714736995442, 0.025688416784906715, -0.017947854838846936], [-0.010644098868895288, -0.017947854838846936, 0.0189876567872441]], "chi2_level": 0.99, "chi2_df": 3, "chi2_threshold": 11.344866730144373, "N_raw": 38, "N_roi": 37, "N_inlier": 35, "refit": true}
