{"timestamp": "14:45:41.637779", "frame": 21, "mu": [-1.8640035677174396, 4.942856704737608, 0.914728995206338], "Sigma": [[0.02273974653865042, 0.003205564521864361, -0.011988117654073887], [0.003205564521864361, 0.0017085290210777624, -0.0012332002694043294], [-0.011988117654073887, -0.0012332002694043292, 0.007955607677764976]], "chi2_level": 0.99, "chi2_df": 3, "chi2_threshold": 11.344866730144373, "N_raw": 32, "N_roi": 16, "N_inlier": 16, "refit": true}
{"timestamp": "14:45:41.855116", "frame": 25, "mu": [-1.7149789335926298, 4.844561415563925, 0.683799227064633], "Sigma": [[0.01296473049165499, 0.007840118662998477, -0.022606182999782412], [0.007840118662998477, 0.00706403212837057, -0.019293908747841603], [-0.022606182999782412, -0.0192939087478416, 0.06338515918915646]], "chi2_level": 0.99, "chi2_df": 3, "chi2_threshold": 11.344866730144373, "N_raw": 14, "N_roi": 11, "N_inlier": 11, "refit": true}
{"timestamp": "14:45:41.913256", "frame": 26, "mu": [-1.471305736912294, 4.868151255074865, 0.2011473882433767], "Sigma": [[0.03878105743892588, 0.0035306630268819488, -0.04211791208939279], [0.0035306630268819488, 0.004213547380006178, -0.009257312895872925], [-0.04211791208939279, -0.009257312895872923, 0.06403263607117488]], "chi2_level": 0.99, "chi2_df": 3, "chi2_threshold": 11.344866730144373, "N_raw": 41, "N_roi": 40, "N_inlier": 40, "refit": true}
{"timestamp": "14:45:41.970625", "frame": 27, "mu": [-1.4965984620489923, 4.825868464150384, 0.33750087907812276], "Sigma": [[0.022209290346963707, 0.001480369281988519, -0.012145365900703258], [0.001480369281988519, 0.0012271515948348935, -0.0024619578133089955], [-0.012145365900703257, -0.0024619578133089955, 0.017489795847713055]], "chi2_level": 0.99, "chi2_df": 3, "chi2_threshold": 11.344866730144373, "N_raw": 34, "N_roi": 29, "N_inlier": 27, "refit": true}
{"timestamp": "14:45:42.022900", "frame": 28, "mu": [-1.6333421563654913, 4.913595645624037, -0.05854220967460166], "Sigma": [[0.010260550946877247, -0.004517992316664364, 0.01747914626401101], [-0.004517992316664364, 0.004449941859384586, -0.014682799204623224], [0.017479146264011005, -0.014682799204623224, 0.05279292542939557]], "chi2_level": 0.99, "chi2_df": 3, "chi2_threshold": 11.344866730144373, "N_raw": 14, "N_roi": 9, "N_inlier": 9, "refit": true}
{"timestamp": "14:45:42.077792", "frame": 29, "mu": [-1.5653023185447477, 4.748003393565611, 0.567972936929192], "Sigma": [[0.011968568493446683, 0.0020396756336111123, -0.007050715675532419], [0.0020396756336111123, 0.0022052045071674726, -0.002988402284682149], [-0.007050715675532419, -0.002988402284682149, 0.008519536452081273]], "chi2_level": 0.99, "chi2_df": 3, "chi2_threshold": 11.344866730144373, "N_raw": 21, "N_roi": 20, "N_inlier": 19, "refit": true}
{"timestamp": "14:45:42.131093", "frame": 30, "mu": [-1.4681262691733115, 4.719767733914647, 0.5080692321395305], "Sigma": [[0.0023696855268157454, 0.00048590398891279495, -0.002058393323617172], [0.0004859039889127951, 0.007701407381101159, 0.0005082246209313742], [-0.0020583933236171716, 0.0005082246209313745, 0.003844710252331263]], "chi2_level": 0.99, "chi2_df": 3, "chi2_threshold": 11.344866730144373, "N_raw": 11, "N_roi": 9, "N_inlier": 9, "refit": true}
{"timestamp": "14:45:42.189541", "frame": 31, "mu": [-1.4645125580018665, 4.6133693637104916, 0.4521672844834567], "Sigma": [[0.019737849671062378, 0.0044920352721454886, -0.008063078437439268], [0.004492035272145488, 0.0028252317221934987, -0.0030790228400106433], [-0.00806307843743927, -0.0030790228400106433, 0.008239471073357213]], "chi2_level": 0.99, "chi2_df": 3, "chi2_threshold": 11.344866730144373, "N_raw": 28, "N_roi": 25, "N_inlier": 24, "refit": true}
{"timestamp": "14:45:42.245823", "frame": 32, "mu": [-1.5181082895859173, 4.573207979829425, 0.8780771315968733], "Sigma": [[0.025467542837390306, 0.005922147332847349, -0.00967495766472757], [0.005922147332847349, 0.002896340121424588, -0.006581740087424006], [-0.00967495766472757, -0.006581740087424006, 0.023597797016550758]], "chi2_level": 0.99, "chi2_df": 3, "chi2_threshold": 11.344866730144373, "N_raw": 45, "N_roi": 44, "N_inlier": 40, "refit": true}
{"timestamp": "14:45:42.303072", "frame": 33, "mu": [-1.4180756332370519, 4.561128647566367, 0.6386579195087175], "Sigma": [[0.03413841178788862, 0.005379893169631098, -0.027626973591881612], [0.005379893169631098, 0.004441933353619017, -0.008330771697667192], [-0.027626973591881612, -0.008330771697667192, 0.03858411465833588]], "chi2_level": 0.99, "chi2_df": 3, "chi2_threshold": 11.344866730144373, "N_raw": 60, "N_roi": 60, "N_inlier": 59, "refit": true}
{"timestamp": "14:45:42.353338", "frame": 34, "mu": [-1.440395396520758, 4.504619251368287, 0.7300502031881846], "Sigma": [[0.017273704603616255, 0.0031395424244263625, -0.011511919002354463], [0.0031395424244263625, 0.001217607620503993, -0.003401668128070812], [-0.011511919002354463, -0.0034016681280708114, 0.015360515593719813]], "chi2_level": 0.99, "chi2_df": 3, "chi2_threshold": 11.344866730144373, "N_raw": 24, "N_roi": 24, "N_inlier": 22, "refit": true}
{"timestamp": "14:45:42.410249", "frame": 35, "mu": [-1.2816335417822893, 4.528552835100572, 0.7766141169276605], "Sigma": [[0.030778025905689878, 0.007049719176914191, -0.013814193303299813], [0.007049719176914191, 0.004848208089692648, -0.0036534530111428528], [-0.013814193303299813, -0.0036534530111428523, 0.00782179314048513]], "chi2_level": 0.99, "chi2_df": 3, "chi2_threshold": 11.344866730144373, "N_raw": 42, "N_roi": 42, "N_inlier": 41, "refit": true}
{"timestamp": "14:45:42.463364", "frame": 36, "mu": [-1.2862620422278868, 4.418543143393331, 0.6545196936809761], "Sigma": [[0.014371211141659254, 0.0015594446824506968, -0.0028782830332460506], [0.0015594446824506968, 0.0006794153836837653, -0.002445276983562195], [-0.00287828303324605, -0.002445276983562195, 0.017835299142917906]], "chi2_level": 0.99, "chi2_df": 3, "chi2_threshold": 11.344866730144373, "N_raw": 25, "N_roi": 25, "N_inlier": 24, "refit": true}
{"timestamp": "14:45:42.519252", "frame": 37, "mu": [-1.2401799912549012, 4.39312203672453, 0.5294460783801205], "Sigma": [[0.020956251367548806, -4.8434956460130854e-05, -0.02132180289057501], [-4.84349564601308e-05, 0.0010292734243978572, -0.0018040337860524879], [-0.02132180289057501, -0.0018040337860524877, 0.03588861908786754]], "chi2_level": 0.99, "chi2_df": 3, "chi2_threshold": 11.344866730144373, "N_raw": 35, "N_roi": 34, "N_inlier": 34, "refit": true}
{"timestamp": "14:45:42.578680", "frame": 38, "mu": [-1.1933579597118575, 4.484942880442575, -0.6383565821677968], "Sigma": [[0.028355431594178433, 0.018044437278906707, 0.06872618066489414], [0.018044437278906707, 0.020709461403526717, 0.06130715794838754], [0.06872618066489414, 0.06130715794838754, 0.265922150623999]], "chi2_level": 0.99, "chi2_df": 3, "chi2_threshold": 11.344866730144373, "N_raw": 56, "N_roi": 54, "N_inlier": 53, "refit": true}
{"timestamp": "14:45:42.628773", "frame": 39, "mu": [-1.274393354442977, 4.313761233876767, 0.8565702698860016], "Sigma": [[0.01609550849567385, 0.0021956069158111428, -0.009540923850555908], [0.0021956069158111428, 0.0008982050299833915, -0.002759184340436949], [-0.009540923850555908, -0.002759184340436949, 0.013742695631533476]], "chi2_level": 0.99, "chi2_df": 3, "chi2_threshold": 11.344866730144373, "N_raw": 23, "N_roi": 23, "N_inlier": 22, "refit": true}
{"timestamp": "14:45:42.686200", "frame": 40, "mu": [-1.1368973446806785, 4.259350366069296, 0.6371586182035001], "Sigma": [[0.02984468503885812, 0.0043488142369676915, -0.010198764721012058], [0.0043488142369676915, 0.0034090871189864603, -0.003160983195169958], [-0.010198764721012058, -0.003160983195169958, 0.008918160673304532]], "chi2_level": 0.99, "chi2_df": 3, "chi2_threshold": 11.344866730144373, "N_raw": 45, "N_roi": 45, "N_inlier": 44, "refit": true}
{"timestamp": "14:45:42.739312", "frame": 41, "mu": [-1.0718395086898262, 4.333909217415223, 0.6902506701681359], "Sigma": [[0.014982827738675866, 0.0030640981683163595, -0.006532930754698671], [0.0030640981683163595, 0.0020867345150289776, -0.003914729474317742], [-0.006532930754698671, -0.003914729474317742, 0.01021061911861651]], "chi2_level": 0.99, "chi2_df": 3, "chi2_threshold": 11.344866730144373, "N_raw": 28, "N_roi": 27, "N_inlier": 26, "refit": true}
{"timestamp": "14:45:42.802348", "frame": 42, "mu": [-1.0294970370687966, 4.264153265989081, 0.7143096689033679], "Sigma": [[0.027491061537730163, 0.0077937416124884695, -0.01260861527130107], [0.00779374161248847, 0.007487426947494106, -0.012348201743775917], [-0.01260861527130107, -0.012348201743775917, 0.0268362055659689]], "chi2_level": 0.99, "chi2_df": 3, "chi2_threshold": 11.344866730144373, "N_raw": 77, "N_roi": 75, "N_inlier": 75, "refit": true}
{"timestamp": "14:45:42.856796", "frame": 43, "mu": [-1.0460989919590404, 4.227210159974441, 0.8382693409461904], "Sigma": [[0.03389733730735302, 0.011774163531113577, -0.01823547698354018], [0.011774163531113577, 0.00973784618827705, -0.01618844648751704], [-0.018235476983540177, -0.01618844648751704, 0.03910489238745367]], "chi2_level": 0.99, "chi2_df": 3, "chi2_threshold": 11.344866730144373, "N_raw": 72, "N_roi": 69, "N_inlier": 69, "refit": true}
{"timestamp": "14:45:42.909456", "frame": 44, "mu": [-0.9757933029044992, 4.23107766541565, 0.8134621837021575], "Sigma": [[0.025402887329192533, 0.012642124730467608, -0.011346142134324218], [0.01264212473046761, 0.015413544798632352, -0.011372067787012144], [-0.011346142134324218, -0.011372067787012144, 0.02018558319874604]], "chi2_level": 0.99, "chi2_df": 3, "chi2_threshold": 11.344866730144373, "N_raw": 57, "N_roi": 54, "N_inlier": 52, "refit": true}
{"timestamp": "14:45:42.962647", "frame": 45, "mu": [-1.094189100625209, 4.070302614787488, 0.7890609390348524], "Sigma": [[0.024916288974562016, 0.005403314390476276, -0.009440249759027746], [0.005403314390476276, 0.006159128292414866, -0.003981347849675444], [-0.009440249759027746, -0.003981347849675444, 0.007956273781387744]], "chi2_level": 0.99, "chi2_df": 3, "chi2_threshold": 11.344866730144373, "N_raw": 54, "N_roi": 54, "N_inlier": 53, "refit": true}
{"timestamp": "14:45:43.018903", "frame": 46, "mu": [-0.9890194377100698, 4.110277183678566, 0.6433769740930415], "Sigma": [[0.029920708368617974, 0.018989382862917556, -0.007158167772457688], [0.018989382862917552, 0.023040591579172216, 0.0023342649297748825], [-0.007158167772457688, 0.002334264929774883, 0.009101465824791493]], "chi2_level": 0.99, "chi2_df": 3, "chi2_threshold": 11.344866730144373, "N_raw": 61, "N_roi": 61, "N_inlier": 59, "refit": true}
{"timestamp": "14:45:43.073488", "frame": 47, "mu": [-0.9658332492482038, 4.039599631779986, 0.8121029329717242], "Sigma": [[0.021160277265580767, 0.0036019193718895646, -0.011125812668952219], [0.0036019193718895646, 0.0024380329109132642, -0.00853777591626571], [-0.011125812668952219, -0.00853777591626571, 0.040994830348090976]], "chi2_level": 0.99, "chi2_df": 3, "chi2_threshold": 11.344866730144373, "N_raw": 55, "N_roi": 55, "N_inlier": 54, "refit": true}
{"timestamp": "14:45:43.129551", "frame": 48, "mu": [-0.9157717762332931, 3.9746802418818157, 0.6645564654825248], "Sigma": [[0.030408207709840915, 0.008906062874227367, -0.03370688368959602], [0.008906062874227367, 0.008362551841433526, -0.014955812551213941], [-0.033706883689596026, -0.014955812551213941, 0.051599373220519135]], "chi2_level": 0.99, "chi2_df": 3, "chi2_threshold": 11.344866730144373, "N_raw": 61, "N_roi": 59, "N_inlier": 57, "refit": true}
{"timestamp": "14:45:43.180385", "frame": 49, "mu": [-0.9100864071338646, 3.868014151195281, 0.7360666239008702], "Sigma": [[0.014492707657704846, 0.004469789457869566, -0.00290450362880931], [0.004469789457869566, 0.0042572836867273865, -0.0028603753816836483], [-0.00290450362880931, -0.0028603753816836483, 0.003377705474644787]], "chi2_level": 0.99, "chi2_df": 3, "chi2_threshold": 11.344866730144373, "N_raw": 35, "N_roi": 33, "N_inlier": 31, "refit": true}
{"timestamp": "14:45:43.238593", "frame": 50, "mu": [-0.7871549464988633, 3.9368699252282644, 0.7239740906353139], "Sigma": [[0.017537071470179137, 0.0038595704451140763, -0.01401963603082803], [0.0038595704451140763, 0.002284152741255054, -0.00864331887905575], [-0.01401963603082803, -0.00864331887905575, 0.07052957704725223]], "chi2_level": 0.99, "chi2_df": 3, "chi2_threshold": 11.344866730144373, "N_raw": 55, "N_roi": 55, "N_inlier": 55, "refit": true}
{"timestamp": "14:45:43.290710", "frame": 51, "mu": [-0.8290441932587329, 3.882312021667026, 0.9645192406289766], "Sigma": [[0.023170444595416964, 0.0044016656985708495, -0.0034833924859548697], [0.0044016656985708495, 0.0024153064849525892, -0.003365553291048796], [-0.00348339248595487, -0.0033655532910487965, 0.008060417362338715]], "chi2_level": 0.99, "chi2_df": 3, "chi2_threshold": 11.344866730144373, "N_raw": 42, "N_roi": 42, "N_inlier": 40, "refit": true}
{"timestamp": "14:45:43.343235", "frame": 52, "mu": [-0.6974161750142397, 3.8763841084782955, 0.9644039081883946], "Sigma": [[0.019157280761092896, 0.00412000249808914, 0.004803820277182679], [0.00412000249808914, 0.0019192479190171955, -4.170808478994262e-05], [0.004803820277182679, -4.170808478994254e-05, 0.005001005774333132]], "chi2_level": 0.99, "chi2_df": 3, "chi2_threshold": 11.344866730144373, "N_raw": 25, "N_roi": 25, "N_inlier": 24, "refit": true}
{"timestamp": "14:45:43.407158", "frame": 53, "mu": [-0.6198213405076218, 3.8592306361785984, 0.7698319281891117], "Sigma": [[0.03152404012189274, 0.0031878522212133087, -0.0066592476372175245], [0.003187852221213309, 0.003338492484913213, -0.0047835072375198556], [-0.0066592476372175245, -0.0047835072375198556, 0.04834905426803938]], "chi2_level": 0.99, "chi2_df": 3, "chi2_threshold": 11.344866730144373, "N_raw": 82, "N_roi": 77, "N_inlier": 71, "refit": true}
{"timestamp": "14:45:43.460189", "frame": 54, "mu": [-0.7036266348396019, 3.7944785669841297, 0.9205473267838098], "Sigma": [[0.027247682309516096, -0.00013055012181837622, -0.017408000509929696], [-0.0001305501218183763, 0.0013520223159119657, -0.004520185842355529], [-0.0174080005099297, -0.004520185842355529, 0.0588303746420071]], "chi2_level": 0.99, "chi2_df": 3, "chi2_threshold": 11.344866730144373, "N_raw": 63, "N_roi": 63, "N_inlier": 57, "refit": true}
{"timestamp": "14:45:43.517140", "frame": 55, "mu": [-0.46164667872470866, 3.8217884691762802, 0.7888915927012143], "Sigma": [[0.028967265508887338, 0.002287541249231191, -0.016980767007253258], [0.002287541249231191, 0.007229194398432756, -0.004429846698652046], [-0.01698076700725326, -0.004429846698652046, 0.06199174190015123]], "chi2_level": 0.99, "chi2_df": 3, "chi2_threshold": 11.344866730144373, "N_raw": 80, "N_roi": 77, "N_inlier": 73, "refit": true}
{"timestamp": "14:45:43.574519", "frame": 56, "mu": [-0.43578292367508287, 3.7952546231228252, 0.7890458723792714], "Sigma": [[0.034289290272575136, 0.009322893304735676, -0.022324827172277677], [0.00932289330473568, 0.012864064094132209, -0.008573353034541122], [-0.022324827172277673, -0.008573353034541122, 0.020029001393077703]], "chi2_level": 0.99, "chi2_df": 3, "chi2_threshold": 11.344866730144373, "N_raw": 94, "N_roi": 94, "N_inlier": 87, "refit": true}
{"timestamp": "14:45:43.633759", "frame": 57, "mu": [-0.4582822174200008, 3.7766346248942098, 0.8706208872928797], "Sigma": [[0.043615603264757816, 0.014571345864315874, -0.021857598191747648], [0.014571345864315874, 0.011808748032510476, -0.014633703180014883], [-0.021857598191747648, -0.014633703180014883, 0.02504756414717645]], "chi2_level": 0.99, "chi2_df": 3, "chi2_threshold": 11.344866730144373, "N_raw": 100, "N_roi": 95, "N_inlier": 93, "refit": true}
{"timestamp": "14:45:43.682892", "frame": 58, "mu": [-0.35924312422032634, 3.6999196349363324, 0.8517152118619222], "Sigma": [[0.03227755306672227, 0.008797011930727138, -0.023818094915482903], [0.008797011930727138, 0.005525308272770836, -0.013747933817304197], [-0.023818094915482903, -0.013747933817304197, 0.04188958661959166]], "chi2_level": 0.99, "chi2_df": 3, "chi2_threshold": 11.344866730144373, "N_raw": 84, "N_roi": 84, "N_inlier": 79, "refit": true}
{"timestamp": "14:45:43.735247", "frame": 59, "mu": [-0.4192315614275993, 3.6241127922643575, 0.7921976617870404], "Sigma": [[0.0245563371921897, -0.0019480340630454605, -0.011783287657918995], [-0.00194803406304546, 0.0033080627955703193, -0.003305504013208384], [-0.011783287657918994, -0.003305504013208384, 0.026683280532575602]], "chi2_level": 0.99, "chi2_df": 3, "chi2_threshold": 11.344866730144373, "N_raw": 66, "N_roi": 64, "N_inlier": 62, "refit": true}
{"timestamp": "14:45:43.792831", "frame": 60, "mu": [-0.3375943294632583, 3.6066950952106134, 0.8312965551474646], "Sigma": [[0.03008569200244403, 0.005365284871797594, -0.014535533285937664], [0.005365284871797593, 0.005373141466090639, -0.009902828839034131], [-0.014535533285937664, -0.009902828839034131, 0.024232703602473808]], "chi2_level": 0.99, "chi2_df": 3, "chi2_threshold": 11.344866730144373, "N_raw": 84, "N_roi": 84, "N_inlier": 83, "refit": true}
{"timestamp": "14:45:43.847971", "frame": 61, "mu": [-0.24250351674712933, 3.726251815595641, -0.08067013197495881], "Sigma": [[0.025435264555285695, 0.004745967909369418, -0.0046598183040471785], [0.004745967909369417, 0.00979598643420397, -0.01803689639099182], [-0.0046598183040471785, -0.01803689639099182, 0.037197256859774874]], "chi2_level": 0.99, "chi2_df": 3, "chi2_threshold": 11.344866730144373, "N_raw": 82, "N_roi": 81, "N_inlier": 79, "refit": true}
{"timestamp": "14:45:43.904922", "frame": 62, "mu": [-0.19505755689098872, 3.550127122012741, 0.9967844290848595], "Sigma": [[0.02581440248877883, 0.006470087833238302, -0.005628244007756394], [0.006470087833238304, 0.007022275069810231, -0.011838890613453244], [-0.0056282440077563955, -0.011838890613453243, 0.033626830795175644]], "chi2_level": 0.99, "chi2_df": 3, "chi2_threshold": 11.344866730144373, "N_raw": 99, "N_roi": 96, "N_inlier": 93, "refit": true}
{"timestamp": "14:45:43.957005", "frame": 63, "mu": [-0.2552701582157772, 3.466652808776049, 0.9514066237225162], "Sigma": [[0.022187310787883337, 0.0003306089931164307, -0.0002836600520168312], [0.00033060899311643086, 0.005099600650834263, -0.007390703663855076], [-0.0002836600520168312, -0.007390703663855075, 0.015225868925501167]], "chi2_level": 0.99, "chi2_df": 3, "chi2_threshold": 11.344866730144373, "N_raw": 81, "N_roi": 81, "N_inlier": 79, "refit": true}
{"timestamp": "14:45:44.011084", "frame": 64, "mu": [-0.1953885538150623, 3.454727007142919, 1.008302395019147], "Sigma": [[0.021196769692141914, 0.003769656049800288, 0.004258858898401573], [0.003769656049800288, 0.005368976086335645, -0.007791490335796704], [0.004258858898401572, -0.007791490335796704, 0.043964250786270746]], "chi2_level": 0.99, "chi2_df": 3, "chi2_threshold": 11.344866730144373, "N_raw": 75, "N_roi": 75, "N_inlier": 71, "refit": true}
{"timestamp": "14:45:44.067191", "frame": 65, "mu": [-0.20707626980032873, 3.3917068600915057, 1.0868334454722381], "Sigma": [[0.02468415381599743, 0.0035956254941861745, 0.005187881111255474], [0.0035956254941861745, 0.005389807747391039, -0.004680873774127145], [0.005187881111255474, -0.004680873774127145, 0.012454087675689252]], "chi2_level": 0.99, "chi2_df": 3, "chi2_threshold": 11.344866730144373, "N_raw": 76, "N_roi": 76, "N_inlier": 72, "refit": true}
{"timestamp": "14:45:44.124130", "frame": 66, "mu": [-0.09769713242684826, 3.353420943843758, 0.5636823319785189], "Sigma": [[0.024027412194293288, 0.004340676383547326, -0.0058863727619917535], [0.004340676383547326, 0.009039538794542981, -0.0353989321663174], [-0.005886372761991752, -0.03539893216631739, 0.2357177348028934]], "chi2_level": 0.99, "chi2_df": 3, "chi2_threshold": 11.344866730144373, "N_raw": 93, "N_roi": 93, "N_inlier": 93, "refit": true}
{"timestamp": "14:45:44.180089", "frame": 67, "mu": [-0.06243830103885867, 3.334977392570029, 0.8858920626833733], "Sigma": [[0.027387749971052, 0.003636216341651468, -0.019998246859669423], [0.003636216341651468, 0.010924173783319727, -0.0024443964497908944], [-0.019998246859669423, -0.002444396449790894, 0.0223561629010192]], "chi2_level": 0.99, "chi2_df": 3, "chi2_threshold": 11.344866730144373, "N_raw": 101, "N_roi": 101, "N_inlier": 96, "refit": true}
{"timestamp": "14:45:44.237034", "frame": 68, "mu": [-0.014341632538687737, 3.393017902524023, -0.05301526923358223], "Sigma": [[0.025688964217533056, 0.00037137797707639233, 0.08954523957211737], [0.00037137797707639217, 0.025093505116631023, 0.0027055562100496413], [0.08954523957211738, 0.0027055562100496413, 0.4123572833840929]], "chi2_level": 0.99, "chi2_df": 3, "chi2_threshold": 11.344866730144373, "N_raw": 114, "N_roi": 114, "N_inlier": 113, "refit": true}
{"timestamp": "14:45:44.288289", "frame": 69, "mu": [0.021730287224945164, 3.253427828137177, 0.834090312225427], "Sigma": [[0.021956465341326885, 0.002392582066666965, -0.020475027143517437], [0.002392582066666965, 0.007494506848610389, -0.00913028782703693], [-0.020475027143517434, -0.00913028782703693, 0.03133382128862168]], "chi2_level": 0.99, "chi2_df": 3, "chi2_threshold": 11.344866730144373, "N_raw": 82, "N_roi": 82, "N_inlier": 76, "refit": true}
{"timestamp": "14:45:44.345161", "frame": 70, "mu": [0.020474114543126438, 3.202619914512724, 0.951921263287956], "Sigma": [[0.014803585024683034, 0.0009951469523617406, -0.0069937365122845555], [0.0009951469523617404, 0.006677625421217044, -0.00439255295626333], [-0.0069937365122845555, -0.00439255295626333, 0.008611788591878737]], "chi2_level": 0.99, "chi2_df": 3, "chi2_threshold": 11.344866730144373, "N_raw": 71, "N_roi": 71, "N_inlier": 68, "refit": true}
{"timestamp": "14:45:44.396738", "frame": 71, "mu": [-0.01338288416965477, 3.125922155790292, 0.9930793859252309], "Sigma": [[0.018932327221155926, -0.0005720452199790073, -0.008474287286897786], [-0.0005720452199790073, 0.0069039065448766946, -0.0014137500515980206], [-0.008474287286897786, -0.0014137500515980206, 0.005560664975729982]], "chi2_level": 0.99, "chi2_df": 3, "chi2_threshold": 11.344866730144373, "N_raw": 78, "N_roi": 75, "N_inlier": 71, "refit": true}
{"timestamp": "14:45:44.454563", "frame": 72, "mu": [0.11480497435803161, 3.1524242739314037, 0.9959875831041176], "Sigma": [[0.023299614002294994, 0.004444665238234699, -0.0074070202707678745], [0.0044446652382347, 0.007851035787644123, 0.0006807265701227871], [-0.007407020270767875, 0.0006807265701227875, 0.08431953397514233]], "chi2_level": 0.99, "chi2_df": 3, "chi2_threshold": 11.344866730144373, "N_raw": 89, "N_roi": 89, "N_inlier": 86, "refit": true}
{"timestamp": "14:45:44.512854", "frame": 73, "mu": [0.15707714900883996, 3.1463761374590975, 0.8282813009866156], "Sigma": [[0.025581493873947866, -0.0025829939941138186, 0.014646886888584041], [-0.0025829939941138186, 0.010526155273028512, -0.03407145004670435], [0.014646886888584041, -0.03407145004670435, 0.2409460104817675]], "chi2_level": 0.99, "chi2_df": 3, "chi2_threshold": 11.344866730144373, "N_raw": 114, "N_roi": 114, "N_inlier": 113, "refit": true}
{"timestamp": "14:45:44.562305", "frame": 74, "mu": [0.20161624643195655, 3.0388970792772594, 0.9524048463650787], "Sigma": [[0.01947753149909381, -0.00043180684865477543, -0.016906892007683583], [-0.00043180684865477543, 0.0032600003604128635, -0.004705109236734634], [-0.016906892007683583, -0.004705109236734634, 0.03855081432573959]], "chi2_level": 0.99, "chi2_df": 3, "chi2_threshold": 11.344866730144373, "N_raw": 76, "N_roi": 76, "N_inlier": 71, "refit": true}
{"timestamp": "14:45:44.613878", "frame": 75, "mu": [0.23203340310798443, 3.033974609877846, 0.9891651001784831], "Sigma": [[0.013896066157289578, -0.0030473586629139915, -0.008287833401098597], [-0.0030473586629139915, 0.004005376465059482, -0.00294603929456408], [-0.008287833401098597, -0.00294603929456408, 0.04414406906264329]], "chi2_level": 0.99, "chi2_df": 3, "chi2_threshold": 11.344866730144373, "N_raw": 59, "N_roi": 58, "N_inlier": 54, "refit": true}
{"timestamp": "14:45:44.675475", "frame": 76, "mu": [0.3585220798747228, 3.1512562118444207, -0.3832404626191264], "Sigma": [[0.020807309721686155, 0.008521790114032285, 0.026933887735782105], [0.008521790114032283, 0.021587032954565228, -0.025807713053145692], [0.026933887735782105, -0.025807713053145692, 0.21102810158274443]], "chi2_level": 0.99, "chi2_df": 3, "chi2_threshold": 11.344866730144373, "N_raw": 96, "N_roi": 93, "N_inlier": 89, "refit": true}
{"timestamp": "14:45:44.728103", "frame": 77, "mu": [0.34041232572524693, 2.9779127546941266, -0.7551012581935057], "Sigma": [[0.016602740224566974, 0.0033623303445677287, 0.07923962438902474], [0.0033623303445677283, 0.00611645750112083, 0.01809022340017909], [0.07923962438902474, 0.01809022340017909, 0.8879897757338481]], "chi2_level": 0.99, "chi2_df": 3, "chi2_threshold": 11.344866730144373, "N_raw": 84, "N_roi": 84, "N_inlier": 83, "refit": true}
{"timestamp": "14:45:44.783111", "frame": 78, "mu": [0.36494076419601035, 3.1034258008131665, -0.33008182837199623], "Sigma": [[0.01601352728939202, -0.005497446369542888, 0.023288464254121025], [-0.005497446369542889, 0.012464167566426427, -0.03561164060408243], [0.023288464254121025, -0.03561164060408242, 0.17609193511082452]], "chi2_level": 0.99, "chi2_df": 3, "chi2_threshold": 11.344866730144373, "N_raw": 79, "N_roi": 77, "N_inlier": 74, "refit": true}
{"timestamp": "14:45:44.837952", "frame": 79, "mu": [0.44138463497428, 2.9171324927297606, 0.7159059720712879], "Sigma": [[0.018298826131562754, 6.065334972550076e-05, 0.012065414043949136], [6.065334972550087e-05, 0.0029034016972349, -0.0019048919132283817], [0.012065414043949133, -0.0019048919132283817, 0.22710859201047154]], "chi2_level": 0.99, "chi2_df": 3, "chi2_threshold": 11.344866730144373, "N_raw": 79, "N_roi": 79, "N_inlier": 77, "refit": true}
{"timestamp": "14:45:44.891047", "frame": 80, "mu": [0.5858337393356452, 2.85215048967395, 0.7757204364204114], "Sigma": [[0.036799763468626095, 0.004910814719530289, -0.007317162055283545], [0.004910814719530289, 0.005687662789501892, -0.0023745574947193677], [-0.007317162055283545, -0.0023745574947193677, 0.004050560295386234]], "chi2_level": 0.99, "chi2_df": 3, "chi2_threshold": 11.344866730144373, "N_raw": 74, "N_roi": 73, "N_inlier": 66, "refit": true}
{"timestamp": "14:45:44.947421", "frame": 81, "mu": [0.6373986620256912, 3.030302742607917, -0.37005269148315006], "Sigma": [[0.0286054195528447, 0.0034155229575865706, -0.01360063611710141], [0.0034155229575865706, 0.005563522145706335, -0.006655401612512421], [-0.01360063611710141, -0.006655401612512421, 0.01370002749013083]], "chi2_level": 0.99, "chi2_df": 3, "chi2_threshold": 11.344866730144373, "N_raw": 82, "N_roi": 82, "N_inlier": 77, "refit": true}
{"timestamp": "14:45:45.005854", "frame": 82, "mu": [0.6040182940785367, 2.790682679323897, 0.9004450712886333], "Sigma": [[0.032537650842577946, 0.0041015816568367724, -0.014002438426985375], [0.0041015816568367724, 0.003564069929572019, -0.009091650091563179], [-0.014002438426985375, -0.009091650091563179, 0.028273832732584755]], "chi2_level": 0.99, "chi2_df": 3, "chi2_threshold": 11.344866730144373, "N_raw": 101, "N_roi": 100, "N_inlier": 95, "refit": true}
{"timestamp": "14:45:45.059178", "frame": 83, "mu": [0.6519766478311108, 2.727469089550735, 0.7937025722729967], "Sigma": [[0.03279035290257668, 0.006728651263489869, -0.0016548275035923794], [0.006728651263489869, 0.006795640015606253, -0.002610613617012875], [-0.0016548275035923794, -0.002610613617012875, 0.006263092861477832]], "chi2_level": 0.99, "chi2_df": 3, "chi2_threshold": 11.344866730144373, "N_raw": 91, "N_roi": 88, "N_inlier": 85, "refit": true}
{"timestamp": "14:45:45.112687", "frame": 84, "mu": [0.6459542665882863, 2.646491944999619, 0.7912422117368211], "Sigma": [[0.02602261110844111, 0.005545536517546009, -0.000729074079608214], [0.005545536517546008, 0.006358696812187008, -0.00345978432643763], [-0.0007290740796082141, -0.003459784326437629, 0.007341105457562595]], "chi2_level": 0.99, "chi2_df": 3, "chi2_threshold": 11.344866730144373, "N_raw": 75, "N_roi": 75, "N_inlier": 70, "refit": true}
{"timestamp": "14:45:45.157755", "frame": 85, "mu": [0.6487923090427882, 2.597335189699732, 0.5969549942599112], "Sigma": [[0.005926046172916589, -0.0022986743401077177, -0.0251367044021828], [-0.0022986743401077177, 0.0025761646638135854, 0.008076311449177968], [-0.0251367044021828, 0.008076311449177968, 0.28248666287749263]], "chi2_level": 0.99, "chi2_df": 3, "chi2_threshold": 11.344866730144373, "N_raw": 16, "N_roi": 16, "N_inlier": 16, "refit": true}
{"timestamp": "14:45:45.217153", "frame": 86, "mu": [0.6589504208620486, 2.7126886414567064, -0.7822573388349725], "Sigma": [[0.015763154720660356, 0.01099640936102218, 0.023742245493057174], [0.01099640936102218, 0.023988843483069407, 0.0106461480734838], [0.023742245493057174, 0.0106461480734838, 0.137825920770615]], "chi2_level": 0.99, "chi2_df": 3, "chi2_threshold": 11.344866730144373, "N_raw": 53, "N_roi": 53, "N_inlier": 52, "refit": true}
{"timestamp": "14:45:45.273478", "frame": 87, "mu": [0.6726059965099095, 2.5023549909551193, 1.1060326245831027], "Sigma": [[0.011457701799831443, -0.0008843383186393, 0.001914041594403844], [-0.0008843383186393, 0.0017613404600803286, -0.0028318700069606562], [0.0019140415944038443, -0.0028318700069606562, 0.018332444790890072]], "chi2_level": 0.99, "chi2_df": 3, "chi2_threshold": 11.344866730144373, "N_raw": 60, "N_roi": 60, "N_inlier": 57, "refit": true}
{"timestamp": "14:45:45.330654", "frame": 88, "mu": [0.6665448123144531, 2.4281739920525283, 0.9702513237941692], "Sigma": [[0.010317904499173131, -0.00033268714399234476, -0.000471175242352689], [-0.00033268714399234476, 0.0010804920208430005, -0.003320691456162669], [-0.0004711752423526897, -0.0033206914561626695, 0.03157637911057752]], "chi2_level": 0.99, "chi2_df": 3, "chi2_threshold": 11.344866730144373, "N_raw": 70, "N_roi": 70, "N_inlier": 66, "refit": true}
{"timestamp": "14:45:45.383886", "frame": 89, "mu": [0.7514281318437916, 2.3808670104251783, 0.96990378635646], "Sigma": [[0.012405957583983272, 0.0010504131037945722, -0.0026577981311273835], [0.0010504131037945722, 0.0033436411704529352, -0.003352245791890367], [-0.0026577981311273835, -0.003352245791890367, 0.011920332280867965]], "chi2_level": 0.99, "chi2_df": 3, "chi2_threshold": 11.344866730144373, "N_raw": 60, "N_roi": 60, "N_inlier": 57, "refit": true}
{"timestamp": "14:45:45.438769", "frame": 90, "mu": [0.8455262824026594, 2.31795556635074, 0.9430675462110152], "Sigma": [[0.011420005535117026, -0.00016870033615770885, -0.0048331914695503905], [-0.00016870033615770875, 0.003239919237123509, 0.014842397919539133], [-0.004833191469550389, 0.014842397919539133, 0.12260234253996039]], "chi2_level": 0.99, "chi2_df": 3, "chi2_threshold": 11.344866730144373, "N_raw": 54, "N_roi": 54, "N_inlier": 52, "refit": true}
{"timestamp": "14:45:45.495437", "frame": 91, "mu": [0.7711099366571252, 2.2584849275400094, 0.9299116068071346], "Sigma": [[0.013719152536730466, -0.005174468712483338, -0.005133369677745747], [-0.005174468712483338, 0.003815889773252535, -0.001013418967747991], [-0.005133369677745747, -0.001013418967747991, 0.009607444743331132]], "chi2_level": 0.99, "chi2_df": 3, "chi2_threshold": 11.344866730144373, "N_raw": 67, "N_roi": 65, "N_inlier": 60, "refit": true}
{"timestamp": "14:45:45.550745", "frame": 92, "mu": [0.8523418905273751, 2.270353521759586, 1.0151445582822332], "Sigma": [[0.010726273791025394, -0.0038037953226120825, -0.00927252290141618], [-0.0038037953226120825, 0.004272276026169356, -0.0036852370713985555], [-0.00927252290141618, -0.0036852370713985555, 0.03341673993087908]], "chi2_level": 0.99, "chi2_df": 3, "chi2_threshold": 11.344866730144373, "N_raw": 68, "N_roi": 67, "N_inlier": 61, "refit": true}
{"timestamp": "14:45:45.604505", "frame": 93, "mu": [0.9035184490043137, 2.2546139833698096, 0.9498578319401337], "Sigma": [[0.011355866751868756, 0.0014461045065942738, 0.007810721105867649], [0.0014461045065942738, 0.002150870403612108, -0.0010997267398249932], [0.007810721105867649, -0.001099726739824993, 0.010712805504387768]], "chi2_level": 0.99, "chi2_df": 3, "chi2_threshold": 11.344866730144373, "N_raw": 50, "N_roi": 50, "N_inlier": 46, "refit": true}
{"timestamp": "14:45:45.655544", "frame": 94, "mu": [1.0265074127118528, 2.2247482004686314, 1.0786680997633753], "Sigma": [[0.011855604213905099, -0.003902666300577744, -0.01251746073733103], [-0.003902666300577743, 0.0035652239964174895, 0.005236673212754289], [-0.012517460737331027, 0.005236673212754287, 0.21799777251532307]], "chi2_level": 0.99, "chi2_df": 3, "chi2_threshold": 11.344866730144373, "N_raw": 35, "N_roi": 34, "N_inlier": 32, "refit": true}
{"timestamp": "14:45:45.714491", "frame": 95, "mu": [0.975686680100473, 2.3581422458701553, -1.1130602261602431], "Sigma": [[0.009770573741149294, -1.290234527214168e-05, 0.03709188700916028], [-1.2902345272141925e-05, 0.00771185237989437, 0.021817139300716167], [0.03709188700916029, 0.021817139300716167, 0.7268531606493834]], "chi2_level": 0.99, "chi2_df": 3, "chi2_threshold": 11.344866730144373, "N_raw": 61, "N_roi": 61, "N_inlier": 59, "refit": true}
{"timestamp": "14:45:45.769962", "frame": 96, "mu": [1.0479709535251835, 2.150900207717499, 1.1567523205497756], "Sigma": [[0.00857160083558933, -0.002487204895706887, -0.00046915070154971355], [-0.002487204895706887, 0.005147068686605945, -0.003702862189010855], [-0.0004691507015497136, -0.003702862189010855, 0.0068617178841715466]], "chi2_level": 0.99, "chi2_df": 3, "chi2_threshold": 11.344866730144373, "N_raw": 61, "N_roi": 61, "N_inlier": 56, "refit": true}
{"timestamp": "14:45:45.824387", "frame": 97, "mu": [1.0386365535735305, 2.1313896967195296, -0.7624921723736577], "Sigma": [[0.010692162786140812, -0.0007169139569008688, 0.00819954863927619], [-0.0007169139569008691, 0.00576693483525002, 0.0037270029150809148], [0.00819954863927619, 0.0037270029150809148, 0.07307138431787932]], "chi2_level": 0.99, "chi2_df": 3, "chi2_threshold": 11.344866730144373, "N_raw": 63, "N_roi": 63, "N_inlier": 59, "refit": true}
{"timestamp": "14:45:45.879576", "frame": 98, "mu": [1.1018808063110987, 2.1996507217046717, -0.18185602249942837], "Sigma": [[0.013265410417768, -0.0006572351483574252, 0.0016152007458499693], [-0.0006572351483574252, 0.005915597133660342, -0.0006271504319052729], [0.0016152007458499693, -0.0006271504319052728, 0.001898896461681751]], "chi2_level": 0.99, "chi2_df": 3, "chi2_threshold": 11.344866730144373, "N_raw": 68, "N_roi": 68, "N_inlier": 63, "refit": true}
{"timestamp": "14:45:45.932584", "frame": 99, "mu": [1.0959484372327848, 2.0576272894203496, 1.2875415200526048], "Sigma": [[0.008836545077494906, -0.0007689758463696383, 0.003750438581233012], [-0.0007689758463696384, 0.007795188502482336, 0.005866386410154979], [0.0037504385812330123, 0.005866386410154979, 0.045459883871918516]], "chi2_level": 0.99, "chi2_df": 3, "chi2_threshold": 11.344866730144373, "N_raw": 54, "N_roi": 54, "N_inlier": 51, "refit": true}
{"timestamp": "14:45:46.101195", "frame": 100, "mu": [1.1029366001759542, 1.9847218638553321, 1.2079934586995011], "Sigma": [[0.008431899056056987, -0.002759844544621308, -0.0016952402771890631], [-0.002759844544621308, 0.003746186922854464, -0.0013106552714823678], [-0.0016952402771890631, -0.0013106552714823676, 0.004240985712065904]], "chi2_level": 0.99, "chi2_df": 3, "chi2_threshold": 11.344866730144373, "N_raw": 44, "N_roi": 44, "N_inlier": 40, "refit": true}
{"timestamp": "14:45:46.126552", "frame": 101, "mu": [1.1746558103787752, 1.8805354565378234, 0.7374461497849407], "Sigma": [[0.008834695370114746, -0.002788846845550519, -0.012789753141704446], [-0.0027888468455505187, 0.001643647040598856, 0.006099264877288144], [-0.012789753141704446, 0.006099264877288145, 0.07027246713407692]], "chi2_level": 0.99, "chi2_df": 3, "chi2_threshold": 11.344866730144373, "N_raw": 40, "N_roi": 39, "N_inlier": 37, "refit": true}
{"timestamp": "14:45:46.158584", "frame": 102, "mu": [1.197247687980513, 2.0194443172913075, 1.3702890388551472], "Sigma": [[0.006357655501775256, -0.002461534530508694, 0.0009603758875832218], [-0.002461534530508694, 0.006318666524403364, -0.0028100802439106733], [0.0009603758875832218, -0.0028100802439106733, 0.014444014368726997]], "chi2_level": 0.99, "chi2_df": 3, "chi2_threshold": 11.344866730144373, "N_raw": 52, "N_roi": 51, "N_inlier": 46, "refit": true}
{"timestamp": "14:45:46.198655", "frame": 103, "mu": [1.2638500649396367, 1.8794218709363488, 0.8042614497912313], "Sigma": [[0.012211426484272593, -0.008784076023534981, -0.024490707894217534], [-0.008784076023534981, 0.014579810452948318, 0.03374919808235147], [-0.024490707894217534, 0.033749198082351474, 0.14849195683257152]], "chi2_level": 0.99, "chi2_df": 3, "chi2_threshold": 11.344866730144373, "N_raw": 46, "N_roi": 46, "N_inlier": 45, "refit": true}
{"timestamp": "14:45:46.230547", "frame": 104, "mu": [1.2113708059717447, 1.8757621696535476, 1.2134503192325463], "Sigma": [[0.009406851126023071, -0.0025721772799248816, -0.004815409260026696], [-0.002572177279924882, 0.00252005590089534, -0.0011128178272512318], [-0.004815409260026696, -0.0011128178272512318, 0.016966684171515388]], "chi2_level": 0.99, "chi2_df": 3, "chi2_threshold": 11.344866730144373, "N_raw": 53, "N_roi": 53, "N_inlier": 47, "refit": true}
{"timestamp": "14:45:46.260231", "frame": 105, "mu": [1.222579977508743, 1.8963759700302396, 1.368583014634203], "Sigma": [[0.006687155654567139, -0.0021201896841565528, 0.0003388550187290268], [-0.0021201896841565528, 0.004667676271506916, -0.001669791944753129], [0.00033885501872902673, -0.001669791944753129, 0.0008092388252908662]], "chi2_level": 0.99, "chi2_df": 3, "chi2_threshold": 11.344866730144373, "N_raw": 40, "N_roi": 38, "N_inlier": 37, "refit": true}
{"timestamp": "14:45:46.313823", "frame": 106, "mu": [1.3013184176035275, 1.8502951909206138, 0.9459470502518449], "Sigma": [[0.012269227707732385, -0.008837837654608924, -0.06097814701197158], [-0.008837837654608924, 0.01259141764511189, 0.03387016262220366], [-0.06097814701197158, 0.033870162622203666, 0.46866539138560936]], "chi2_level": 0.99, "chi2_df": 3, "chi2_threshold": 11.344866730144373, "N_raw": 21, "N_roi": 18, "N_inlier": 17, "refit": true}
{"timestamp": "14:45:46.371737", "frame": 107, "mu": [1.3355951673531783, 1.749191042883705, 1.13985780490198], "Sigma": [[0.010414407946644796, -0.007074774237442931, -0.011394522120299337], [-0.007074774237442931, 0.006336371045504433, 0.0055917546131936955], [-0.011394522120299335, 0.005591754613193696, 0.019920512358343162]], "chi2_level": 0.99, "chi2_df": 3, "chi2_threshold": 11.344866730144373, "N_raw": 52, "N_roi": 49, "N_inlier": 46, "refit": true}
{"timestamp": "14:45:46.420829", "frame": 108, "mu": [1.3333715414387721, 1.7322884917092394, 0.8188967909596769], "Sigma": [[0.007379033427091179, -0.003034982864316009, -0.03977149450740559], [-0.003034982864316009, 0.0034458219097722536, 0.03540938765863209], [-0.03977149450740558, 0.03540938765863209, 0.41242416199295]], "chi2_level": 0.99, "chi2_df": 3, "chi2_threshold": 11.344866730144373, "N_raw": 9, "N_roi": 9, "N_inlier": 8, "refit": true}
{"timestamp": "14:45:46.476969", "frame": 109, "mu": [1.3142908869276377, 1.868653140409384, -0.4384187854735067], "Sigma": [[0.015682410083255743, 0.009016764813354793, -0.051241865774115485], [0.009016764813354793, 0.013414096883799216, -0.051849765916050436], [-0.051241865774115485, -0.051849765916050436, 0.2502028384171076]], "chi2_level": 0.99, "chi2_df": 3, "chi2_threshold": 11.344866730144373, "N_raw": 14, "N_roi": 14, "N_inlier": 14, "refit": true}
