{"timestamp": "12:56:59.504806", "frame": 1, "mu": [1.1479305368737749, 2.166477218026734, -0.291415387950012], "Sigma": [[0.007314846470907338, -0.0034850913028159998, -0.00495096499793965], [-0.0034850913028159998, 0.007591122678457594, -0.008952764957837542], [-0.00495096499793965, -0.008952764957837544, 0.02591929940051566]], "chi2_level": 0.997, "chi2_df": 3, "chi2_threshold": 13.931422665512084, "N_raw": 57, "N_roi": 57, "N_inlier": 55, "refit": true}
{"timestamp": "12:56:59.552956", "frame": 2, "mu": [1.2048922499485188, 2.04292732677363, 1.1241713297353897], "Sigma": [[0.010594317315897309, 0.002603258460524874, -0.01481305454956653], [0.002603258460524874, 0.0012216591195548313, -0.004168449675243186], [-0.01481305454956653, -0.004168449675243187, 0.02777874924505818]], "chi2_level": 0.997, "chi2_df": 3, "chi2_threshold": 13.931422665512084, "N_raw": 15, "N_roi": 15, "N_inlier": 14, "refit": true}
{"timestamp": "12:56:59.772344", "frame": 6, "mu": [1.226936758259098, 1.9492626713081977, 1.000170567214651], "Sigma": [[0.006960676870365783, -0.0002973164627631912, -0.006968228695948299], [-0.00029731646276319126, 0.0011196949124178863, -0.00104324392300592], [-0.006968228695948299, -0.00104324392300592, 0.014277658779488583]], "chi2_level": 0.997, "chi2_df": 3, "chi2_threshold": 13.931422665512084, "N_raw": 17, "N_roi": 17, "N_inlier": 16, "refit": true}
{"timestamp": "12:56:59.830038", "frame": 7, "mu": [1.1344547944899657, 2.031581293072522, 1.178094349624766], "Sigma": [[0.004985915960366103, -0.0028722146082633265, -0.0012615552869196399], [-0.0028722146082633265, 0.003612375270028143, -0.0031996127705756425], [-0.0012615552869196399, -0.0031996127705756425, 0.009549069855569654]], "chi2_level": 0.997, "chi2_df": 3, "chi2_threshold": 13.931422665512084, "N_raw": 33, "N_roi": 33, "N_inlier": 33, "refit": true}
{"timestamp": "12:56:59.882365", "frame": 8, "mu": [1.247831660790259, 1.9841995033863982, 1.0608841533686164], "Sigma": [[0.019487644334554313, 0.001706751922595744, -0.02131240395573691], [0.001706751922595744, 0.0012163023929871709, -0.00293883212873922], [-0.02131240395573691, -0.00293883212873922, 0.035642486076182645]], "chi2_level": 0.997, "chi2_df": 3, "chi2_threshold": 13.931422665512084, "N_raw": 15, "N_roi": 15, "N_inlier": 15, "refit": true}
{"timestamp": "12:56:59.939236", "frame": 9, "mu": [1.1672616988386422, 2.004872447543864, 1.1587105403474238], "Sigma": [[0.01355777917117852, -0.0027135979351268357, -0.013922344767303786], [-0.0027135979351268352, 0.002236235079902768, 0.0007175792484202085], [-0.013922344767303786, 0.0007175792484202088, 0.021003602554075254]], "chi2_level": 0.997, "chi2_df": 3, "chi2_threshold": 13.931422665512084, "N_raw": 26, "N_roi": 26, "N_inlier": 26, "refit": true}
{"timestamp": "12:57:00.047152", "frame": 11, "mu": [1.0412763635446995, 2.0276889708060173, 0.8338222889554309], "Sigma": [[0.022915916684434913, 0.007740859524506098, 0.011154176174955887], [0.007740859524506098, 0.004389640125764814, 0.004737120220208219], [0.011154176174955887, 0.004737120220208219, 0.007889711957803828]], "chi2_level": 0.997, "chi2_df": 3, "chi2_threshold": 13.931422665512084, "N_raw": 12, "N_roi": 12, "N_inlier": 11, "refit": true}
{"timestamp": "12:57:00.106347", "frame": 12, "mu": [1.383748561442029, 1.9972563294073342, 0.9138181376206758], "Sigma": [[0.030765219267767072, -0.005554130367822638, -0.022452794170628138], [-0.005554130367822639, 0.004973216536010287, 0.0031120595845114682], [-0.022452794170628138, 0.0031120595845114682, 0.023742393097635102]], "chi2_level": 0.997, "chi2_df": 3, "chi2_threshold": 13.931422665512084, "N_raw": 35, "N_roi": 35, "N_inlier": 35, "refit": true}
{"timestamp": "12:57:00.213846", "frame": 14, "mu": [1.1979916076211758, 1.9896600223092218, 0.9814516124158508], "Sigma": [[0.012729624847821001, 0.0011137442362955821, -0.0045202466506593965], [0.001113744236295582, 0.002637180662479157, -0.0075002889283830275], [-0.004520246650659395, -0.007500288928383028, 0.05323578437233995]], "chi2_level": 0.997, "chi2_df": 3, "chi2_threshold": 13.931422665512084, "N_raw": 24, "N_roi": 24, "N_inlier": 24, "refit": true}
{"timestamp": "12:57:00.274124", "frame": 15, "mu": [1.1447392415803677, 2.0168671847531146, 1.0377291737376304], "Sigma": [[0.00723173817065066, -0.003908506959220553, -0.002894553125319166], [-0.003908506959220553, 0.0027684746324801025, -0.0014706939578008407], [-0.002894553125319166, -0.0014706939578008407, 0.04291687032172359]], "chi2_level": 0.997, "chi2_df": 3, "chi2_threshold": 13.931422665512084, "N_raw": 58, "N_roi": 58, "N_inlier": 57, "refit": true}
{"timestamp": "12:57:00.327030", "frame": 16, "mu": [1.1953111631506976, 1.9642788349721614, 1.1641635405200144], "Sigma": [[0.008026187609444731, -0.003566809599264523, -0.0002145748366644473], [-0.0035668095992645228, 0.005479287754403392, -0.008235854406945988], [-0.00021457483666444707, -0.008235854406945988, 0.03832826202771128]], "chi2_level": 0.997, "chi2_df": 3, "chi2_threshold": 13.931422665512084, "N_raw": 40, "N_roi": 40, "N_inlier": 40, "refit": true}
{"timestamp": "12:57:00.385032", "frame": 17, "mu": [1.187738527178958, 1.9652169996061013, 0.9945286815085974], "Sigma": [[0.00839670551629112, -0.003190616527100641, -0.008259458304309918], [-0.003190616527100641, 0.004599637347783147, -0.0021144187038535096], [-0.008259458304309917, -0.002114418703853509, 0.054665392680341554]], "chi2_level": 0.997, "chi2_df": 3, "chi2_threshold": 13.931422665512084, "N_raw": 60, "N_roi": 60, "N_inlier": 59, "refit": true}
{"timestamp": "12:57:00.437780", "frame": 18, "mu": [1.1743119037689767, 1.9723898326750788, 1.3339872626538742], "Sigma": [[0.005657138966696494, -0.0021286208567076704, -0.004796102057172412], [-0.0021286208567076704, 0.003929286493276408, -0.0039448465786755815], [-0.004796102057172412, -0.003944846578675582, 0.016428643779833017]], "chi2_level": 0.997, "chi2_df": 3, "chi2_threshold": 13.931422665512084, "N_raw": 48, "N_roi": 48, "N_inlier": 46, "refit": true}
{"timestamp": "12:57:00.497305", "frame": 19, "mu": [1.1589646461677596, 1.9162891146575054, 1.0697311409958592], "Sigma": [[0.007685983490797692, -0.004218939352896713, -0.005804992815286512], [-0.004218939352896713, 0.005204152939000024, 0.005394300409648422], [-0.005804992815286512, 0.005394300409648422, 0.05881982960779077]], "chi2_level": 0.997, "chi2_df": 3, "chi2_threshold": 13.931422665512084, "N_raw": 65, "N_roi": 65, "N_inlier": 62, "refit": true}
{"timestamp": "12:57:00.553137", "frame": 20, "mu": [1.1841532038740443, 1.8802177356295158, 0.9410433954340025], "Sigma": [[0.008827048978262603, -0.0030690917394713274, -0.0065534888963602106], [-0.0030690917394713274, 0.0024767471181755384, 0.0005066851949861794], [-0.00655348889636021, 0.0005066851949861793, 0.0524118656878709]], "chi2_level": 0.997, "chi2_df": 3, "chi2_threshold": 13.931422665512084, "N_raw": 72, "N_roi": 72, "N_inlier": 72, "refit": true}
{"timestamp": "12:57:00.606417", "frame": 21, "mu": [1.2253102050957367, 1.8701487027743278, 0.8878835812212047], "Sigma": [[0.010724693622099908, -0.003968005926314145, -0.009557925040717567], [-0.003968005926314145, 0.00289954638496644, 0.0013306361965782574], [-0.009557925040717567, 0.0013306361965782576, 0.039033744980573146]], "chi2_level": 0.997, "chi2_df": 3, "chi2_threshold": 13.931422665512084, "N_raw": 53, "N_roi": 53, "N_inlier": 52, "refit": true}
{"timestamp": "12:57:00.665220", "frame": 22, "mu": [1.155114249672382, 1.853139388874842, 1.0236589642036629], "Sigma": [[0.009622140482327337, -0.003948268909792392, -0.004906337137943143], [-0.003948268909792392, 0.004844966085805358, 0.0007660245349860068], [-0.004906337137943143, 0.0007660245349860069, 0.05199261031571865]], "chi2_level": 0.997, "chi2_df": 3, "chi2_threshold": 13.931422665512084, "N_raw": 81, "N_roi": 81, "N_inlier": 78, "refit": true}
{"timestamp": "12:57:00.714396", "frame": 23, "mu": [1.1407752897445773, 1.8441631588443155, 1.2197279758323223], "Sigma": [[0.0067144486093142445, -0.001890470998152477, -0.004679254999140512], [-0.001890470998152477, 0.004508663906928577, -0.002278523893329178], [-0.004679254999140512, -0.002278523893329178, 0.008611154011857018]], "chi2_level": 0.997, "chi2_df": 3, "chi2_threshold": 13.931422665512084, "N_raw": 43, "N_roi": 43, "N_inlier": 40, "refit": true}
{"timestamp": "12:57:00.770872", "frame": 24, "mu": [1.1400198696539865, 1.9698647317189735, -0.33088963665113363], "Sigma": [[0.007823616253408409, -0.002925005665139443, -0.0032216733768584195], [-0.002925005665139443, 0.006509682089086695, -0.004508402960870592], [-0.0032216733768584195, -0.004508402960870592, 0.009993740348809147]], "chi2_level": 0.997, "chi2_df": 3, "chi2_threshold": 13.931422665512084, "N_raw": 58, "N_roi": 58, "N_inlier": 55, "refit": true}
{"timestamp": "12:57:00.829991", "frame": 25, "mu": [1.1248382896912248, 1.7696675102040151, 1.1186033857841302], "Sigma": [[0.011866254066765726, -0.004327874103976908, -0.005619510537761545], [-0.004327874103976907, 0.007588781274062906, -0.0022776277188307293], [-0.005619510537761546, -0.0022776277188307293, 0.012082837755438202]], "chi2_level": 0.997, "chi2_df": 3, "chi2_threshold": 13.931422665512084, "N_raw": 80, "N_roi": 79, "N_inlier": 78, "refit": true}
{"timestamp": "12:57:00.887282", "frame": 26, "mu": [1.0882755299276143, 1.7324478009349218, 1.1555024908010483], "Sigma": [[0.010954632452485208, -0.0036054725102132763, -0.010769772428903953], [-0.0036054725102132763, 0.0031995628661757444, -0.0001644127584555935], [-0.010769772428903953, -0.0001644127584555935, 0.04379318700839001]], "chi2_level": 0.997, "chi2_df": 3, "chi2_threshold": 13.931422665512084, "N_raw": 86, "N_roi": 85, "N_inlier": 81, "refit": true}
{"timestamp": "12:57:00.942531", "frame": 27, "mu": [1.0463760267994338, 1.6964344024978912, 1.195779161023117], "Sigma": [[0.01030171667187904, -0.003489941860928049, -0.00907573399632632], [-0.003489941860928049, 0.00470161727483297, -0.00610595840970296], [-0.00907573399632632, -0.006105958409702959, 0.04149462086256397]], "chi2_level": 0.997, "chi2_df": 3, "chi2_threshold": 13.931422665512084, "N_raw": 98, "N_roi": 98, "N_inlier": 94, "refit": true}
{"timestamp": "12:57:00.999711", "frame": 28, "mu": [1.058600687186729, 1.6928707036592805, 1.117709838721472], "Sigma": [[0.01354622700506169, -0.006023730061302513, -0.008626288675782159], [-0.006023730061302513, 0.00573547537929501, -0.0022582098912103596], [-0.008626288675782157, -0.0022582098912103596, 0.03618335725755569]], "chi2_level": 0.997, "chi2_df": 3, "chi2_threshold": 13.931422665512084, "N_raw": 104, "N_roi": 104, "N_inlier": 99, "refit": true}
{"timestamp": "12:57:01.054971", "frame": 29, "mu": [0.948759214681774, 1.6755367087801103, 1.0325025445839844], "Sigma": [[0.01505246545666331, -0.0063740337167349625, 0.007597871857165301], [-0.006374033716734961, 0.003489047707907659, -0.004149760005392847], [0.007597871857165302, -0.004149760005392847, 0.07957746614204605]], "chi2_level": 0.997, "chi2_df": 3, "chi2_threshold": 13.931422665512084, "N_raw": 101, "N_roi": 101, "N_inlier": 98, "refit": true}
{"timestamp": "12:57:01.103033", "frame": 30, "mu": [1.0614855089971158, 1.6299407658216856, 1.14479438186137], "Sigma": [[0.010735639991705388, -0.004462726599156164, -0.006569543163881187], [-0.004462726599156164, 0.0033966566202818273, 0.00040667655349485696], [-0.006569543163881187, 0.00040667655349485685, 0.024707131947701452]], "chi2_level": 0.997, "chi2_df": 3, "chi2_threshold": 13.931422665512084, "N_raw": 62, "N_roi": 62, "N_inlier": 60, "refit": true}
{"timestamp": "12:57:01.158138", "frame": 31, "mu": [0.9493617192283016, 1.6452337780543378, 1.001011308678851], "Sigma": [[0.013040989110414665, -0.006125918410323331, 0.01117297568171953], [-0.00612591841032333, 0.0033486932709984214, -0.007075160459129931], [0.011172975681719531, -0.007075160459129932, 0.04485268660391745]], "chi2_level": 0.997, "chi2_df": 3, "chi2_threshold": 13.931422665512084, "N_raw": 72, "N_roi": 72, "N_inlier": 68, "refit": true}
{"timestamp": "12:57:01.221356", "frame": 32, "mu": [0.9355612877685979, 1.760429654880115, -0.54514322818949], "Sigma": [[0.03202828439176687, -0.006150805164070312, 0.039816253514682556], [-0.006150805164070312, 0.009188639271424293, -0.011297714697300044], [0.039816253514682556, -0.011297714697300044, 0.13220447623155154]], "chi2_level": 0.997, "chi2_df": 3, "chi2_threshold": 13.931422665512084, "N_raw": 122, "N_roi": 122, "N_inlier": 121, "refit": true}
{"timestamp": "12:57:01.272022", "frame": 33, "mu": [0.9907242974341929, 1.639942158881344, -0.07329897000106292], "Sigma": [[0.01462151257887927, -0.000856049547275665, 0.06569113336748073], [-0.000856049547275665, 0.008207648770371195, -0.03713319153895708], [0.06569113336748073, -0.03713319153895708, 0.5854284580961499]], "chi2_level": 0.997, "chi2_df": 3, "chi2_threshold": 13.931422665512084, "N_raw": 92, "N_roi": 92, "N_inlier": 89, "refit": true}
{"timestamp": "12:57:01.324597", "frame": 34, "mu": [0.9203109734374851, 1.6150542173178821, 1.2079166821198495], "Sigma": [[0.01540565037252043, -0.011797859862262158, 0.006987094696131209], [-0.011797859862262158, 0.013953468708303848, -0.01794643501214032], [0.00698709469613121, -0.01794643501214032, 0.05420339630438902]], "chi2_level": 0.997, "chi2_df": 3, "chi2_threshold": 13.931422665512084, "N_raw": 78, "N_roi": 78, "N_inlier": 77, "refit": true}
{"timestamp": "12:57:01.380940", "frame": 35, "mu": [0.9896468330890889, 1.5208793990743985, 1.239455341711782], "Sigma": [[0.011031399920265571, -0.004438616071444774, -0.007355746724650104], [-0.004438616071444774, 0.005233830668756988, -0.003469101591338548], [-0.007355746724650104, -0.003469101591338547, 0.023925717896077288]], "chi2_level": 0.997, "chi2_df": 3, "chi2_threshold": 13.931422665512084, "N_raw": 81, "N_roi": 81, "N_inlier": 79, "refit": true}
{"timestamp": "12:57:01.430636", "frame": 36, "mu": [0.8726686983145995, 1.5043454901752276, 1.4027122722150343], "Sigma": [[0.007716988579778111, -0.00242876369982868, -0.004427386407278845], [-0.00242876369982868, 0.0038902311481263164, -1.2911690314156043e-05], [-0.004427386407278845, -1.2911690314155989e-05, 0.004296665122535184]], "chi2_level": 0.997, "chi2_df": 3, "chi2_threshold": 13.931422665512084, "N_raw": 51, "N_roi": 51, "N_inlier": 46, "refit": true}
{"timestamp": "12:57:01.488137", "frame": 37, "mu": [0.9168007240885161, 1.4410816526805807, 1.35169474440597], "Sigma": [[0.015483930195787877, -0.006782701214926221, -0.023242491499111364], [-0.006782701214926221, 0.0072601939131777945, 0.013032881933874745], [-0.02324249149911136, 0.013032881933874745, 0.05157951815837765]], "chi2_level": 0.997, "chi2_df": 3, "chi2_threshold": 13.931422665512084, "N_raw": 68, "N_roi": 67, "N_inlier": 65, "refit": true}
{"timestamp": "12:57:01.543195", "frame": 38, "mu": [0.9311869487676286, 1.3988601531047304, 1.2774299592933949], "Sigma": [[0.013440877125226403, -0.005446576603638143, -0.018876710799271803], [-0.005446576603638143, 0.004758995702073905, 0.008421897921387287], [-0.018876710799271803, 0.008421897921387287, 0.04716585245293552]], "chi2_level": 0.997, "chi2_df": 3, "chi2_threshold": 13.931422665512084, "N_raw": 69, "N_roi": 69, "N_inlier": 66, "refit": true}
{"timestamp": "12:57:01.601583", "frame": 39, "mu": [0.9300238080653811, 1.3478267904717247, 1.2812571870890692], "Sigma": [[0.013304575075768554, -0.004918873904609341, -0.013718078512849115], [-0.004918873904609341, 0.006477525124801065, 0.002310764713905162], [-0.013718078512849115, 0.002310764713905162, 0.017706228497291976]], "chi2_level": 0.997, "chi2_df": 3, "chi2_threshold": 13.931422665512084, "N_raw": 90, "N_roi": 90, "N_inlier": 86, "refit": true}
{"timestamp": "12:57:01.657639", "frame": 40, "mu": [0.9149727944397019, 1.325792484317066, 1.2020040027217074], "Sigma": [[0.013919304075241576, -0.006736818422738792, -0.02341086667677044], [-0.006736818422738792, 0.005050670881254812, 0.01203255722330303], [-0.02341086667677044, 0.01203255722330303, 0.06195330689578795]], "chi2_level": 0.997, "chi2_df": 3, "chi2_threshold": 13.931422665512084, "N_raw": 91, "N_roi": 91, "N_inlier": 88, "refit": true}
{"timestamp": "12:57:01.708909", "frame": 41, "mu": [0.8759443606756544, 1.2888989493220027, 1.2612578493780267], "Sigma": [[0.011646309872055742, -0.005652628430713265, -0.023105973799065968], [-0.005652628430713265, 0.006422966554110584, 0.021924460181862677], [-0.023105973799065968, 0.021924460181862677, 0.13701908770194385]], "chi2_level": 0.997, "chi2_df": 3, "chi2_threshold": 13.931422665512084, "N_raw": 68, "N_roi": 68, "N_inlier": 66, "refit": true}
{"timestamp": "12:57:01.763407", "frame": 42, "mu": [0.8629131240997482, 1.287366429863097, 1.3202229108143788], "Sigma": [[0.010793303731677379, -0.0032974271383739906, -0.011082396419820846], [-0.0032974271383739906, 0.004844025174283349, 0.0025157473149156856], [-0.011082396419820846, 0.002515747314915685, 0.013735697631763733]], "chi2_level": 0.997, "chi2_df": 3, "chi2_threshold": 13.931422665512084, "N_raw": 69, "N_roi": 69, "N_inlier": 67, "refit": true}
{"timestamp": "12:57:01.820473", "frame": 43, "mu": [0.8264022121846528, 1.2663902896592574, 1.3122885342483326], "Sigma": [[0.01442429702635303, -0.004798317867589845, -0.015428001740675067], [-0.004798317867589845, 0.004437322175111272, 0.0032285479871887873], [-0.015428001740675067, 0.0032285479871887873, 0.019184160587715788]], "chi2_level": 0.997, "chi2_df": 3, "chi2_threshold": 13.931422665512084, "N_raw": 80, "N_roi": 80, "N_inlier": 76, "refit": true}
{"timestamp": "12:57:01.872555", "frame": 44, "mu": [0.7103274687243868, 1.2962345150147119, 1.3357147472123734], "Sigma": [[0.010558662912926637, -0.007286656640751538, -0.0281715815389601], [-0.007286656640751538, 0.009710257588680342, 0.030442070461874755], [-0.0281715815389601, 0.030442070461874755, 0.17415227792902385]], "chi2_level": 0.997, "chi2_df": 3, "chi2_threshold": 13.931422665512084, "N_raw": 60, "N_roi": 60, "N_inlier": 58, "refit": true}
{"timestamp": "12:57:01.929141", "frame": 45, "mu": [0.6805781415718459, 1.2955173010931442, 1.4421195720544098], "Sigma": [[0.008046701159757136, -0.0035434157606633624, -0.008397686987315509], [-0.0035434157606633633, 0.006562643803644088, 0.004676320620949803], [-0.008397686987315509, 0.004676320620949803, 0.01830728201099767]], "chi2_level": 0.997, "chi2_df": 3, "chi2_threshold": 13.931422665512084, "N_raw": 69, "N_roi": 69, "N_inlier": 66, "refit": true}
{"timestamp": "12:57:01.979881", "frame": 46, "mu": [0.7058146006634815, 1.2548788461076117, 1.2168825088514992], "Sigma": [[0.011099280404097214, -0.0031003107258720315, -0.010762550664872734], [-0.003100310725872032, 0.00469553111334252, 0.02157093339037107], [-0.010762550664872734, 0.02157093339037107, 0.19088694954412114]], "chi2_level": 0.997, "chi2_df": 3, "chi2_threshold": 13.931422665512084, "N_raw": 45, "N_roi": 45, "N_inlier": 45, "refit": true}
{"timestamp": "12:57:02.035068", "frame": 47, "mu": [0.7609782067620356, 1.1701141851394719, 1.2735731946887041], "Sigma": [[0.007514585580126038, -0.004804691494157918, -0.007807034410101223], [-0.004804691494157919, 0.005495431337518785, 0.0016194810911701833], [-0.007807034410101223, 0.0016194810911701833, 0.03127293581056742]], "chi2_level": 0.997, "chi2_df": 3, "chi2_threshold": 13.931422665512084, "N_raw": 49, "N_roi": 49, "N_inlier": 45, "refit": true}
{"timestamp": "12:57:02.087954", "frame": 48, "mu": [0.6944113491132822, 1.1689429956989832, 1.2682262524426422], "Sigma": [[0.005092408879416473, -0.0002783164508537105, 0.003569536685339115], [-0.00027831645085371035, 0.001873699713477184, 0.0016675800126887876], [0.003569536685339115, 0.0016675800126887878, 0.10386356691055314]], "chi2_level": 0.997, "chi2_df": 3, "chi2_threshold": 13.931422665512084, "N_raw": 32, "N_roi": 32, "N_inlier": 29, "refit": true}
{"timestamp": "12:57:02.200504", "frame": 50, "mu": [0.45982453524325767, 1.3162546523293281, 1.4547961235692957], "Sigma": [[0.0032499268676675, -0.0005444512045214627, -0.003454686485007801], [-0.0005444512045214627, 0.0040743734774664935, -0.000570581849436699], [-0.003454686485007801, -0.000570581849436699, 0.006453605145478883]], "chi2_level": 0.997, "chi2_df": 3, "chi2_threshold": 13.931422665512084, "N_raw": 46, "N_roi": 46, "N_inlier": 42, "refit": true}
{"timestamp": "12:57:02.252383", "frame": 51, "mu": [0.627586242573342, 1.093479136020256, 1.0546103808869904], "Sigma": [[0.0047950938277346285, -0.005021632865816389, 0.0016161913927381184], [-0.005021632865816389, 0.008824464579386529, -0.018972606309673415], [0.001616191392738118, -0.018972606309673415, 0.14396646819114078]], "chi2_level": 0.997, "chi2_df": 3, "chi2_threshold": 13.931422665512084, "N_raw": 29, "N_roi": 29, "N_inlier": 28, "refit": true}
{"timestamp": "12:57:02.313792", "frame": 52, "mu": [0.4772015635952449, 1.2395603904575907, 1.3655581708271216], "Sigma": [[0.011211869168285047, -0.0055996839739014224, -0.0115382633371247], [-0.0055996839739014224, 0.004924828173916423, 0.004823283225389533], [-0.0115382633371247, 0.004823283225389533, 0.012870028903448657]], "chi2_level": 0.997, "chi2_df": 3, "chi2_threshold": 13.931422665512084, "N_raw": 70, "N_roi": 70, "N_inlier": 65, "refit": true}
{"timestamp": "12:57:02.366315", "frame": 53, "mu": [0.4279722442941127, 1.2706216680121807, 1.3728685391512754], "Sigma": [[0.005633152899896459, -0.001499043913936003, -0.006437692066118667], [-0.0014990439139360026, 0.0036851992952884917, 0.0004807529526728834], [-0.006437692066118667, 0.0004807529526728834, 0.008120055682998135]], "chi2_level": 0.997, "chi2_df": 3, "chi2_threshold": 13.931422665512084, "N_raw": 60, "N_roi": 60, "N_inlier": 57, "refit": true}
{"timestamp": "12:57:02.422227", "frame": 54, "mu": [0.41197505129815204, 1.2658979119558231, 1.3080313737492895], "Sigma": [[0.003269770042320548, -0.0013720673753713976, -0.0037098750790989787], [-0.0013720673753713976, 0.0034079592486157342, -0.001509966297401747], [-0.0037098750790989787, -0.001509966297401747, 0.014298509187318302]], "chi2_level": 0.997, "chi2_df": 3, "chi2_threshold": 13.931422665512084, "N_raw": 65, "N_roi": 65, "N_inlier": 60, "refit": true}
{"timestamp": "12:57:02.481200", "frame": 55, "mu": [0.3901096888112608, 1.2247803849452754, -0.21714737798497752], "Sigma": [[0.004140091479791418, -0.0027386516626995054, 0.029859032646297516], [-0.0027386516626995054, 0.013854244449464035, -0.01399485996107698], [0.029859032646297516, -0.013994859961076979, 0.754846643376495]], "chi2_level": 0.997, "chi2_df": 3, "chi2_threshold": 13.931422665512084, "N_raw": 90, "N_roi": 90, "N_inlier": 90, "refit": true}
{"timestamp": "12:57:02.532637", "frame": 56, "mu": [0.22394568833016554, 1.2956202667943726, 1.5097151393216357], "Sigma": [[0.0036550377640297534, -0.002327392938819405, -0.0024348676365022635], [-0.002327392938819405, 0.0061725908750002835, 0.0004981245624446559], [-0.0024348676365022635, 0.0004981245624446559, 0.002018830386024035]], "chi2_level": 0.997, "chi2_df": 3, "chi2_threshold": 13.931422665512084, "N_raw": 63, "N_roi": 63, "N_inlier": 60, "refit": true}
{"timestamp": "12:57:02.584619", "frame": 57, "mu": [0.16267786667924564, 1.293243773349868, 1.4264282953842595], "Sigma": [[0.004936391669642595, -0.0019758447585469345, -0.007263275036948553], [-0.0019758447585469345, 0.005806168573001529, 0.00915703382238701], [-0.007263275036948555, 0.009157033822387011, 0.0497408794074839]], "chi2_level": 0.997, "chi2_df": 3, "chi2_threshold": 13.931422665512084, "N_raw": 43, "N_roi": 43, "N_inlier": 39, "refit": true}
{"timestamp": "12:57:02.646957", "frame": 58, "mu": [0.18561919469882743, 1.33165006766791, -0.32441966398986516], "Sigma": [[0.005671497744548836, 0.0015616407515676302, 0.0045609957692720575], [0.0015616407515676302, 0.006817507378103936, 0.002025204232560304], [0.0045609957692720575, 0.002025204232560304, 0.014192239910396769]], "chi2_level": 0.997, "chi2_df": 3, "chi2_threshold": 13.931422665512084, "N_raw": 93, "N_roi": 93, "N_inlier": 87, "refit": true}
{"timestamp": "12:57:02.701626", "frame": 59, "mu": [0.09982057676041164, 1.2728631784384856, 1.5028547222700852], "Sigma": [[0.005567999535652036, -0.0012559543398268653, -0.004329769199313771], [-0.0012559543398268655, 0.008263644822944711, 0.0004283151738469713], [-0.004329769199313771, 0.0004283151738469714, 0.00390597956631411]], "chi2_level": 0.997, "chi2_df": 3, "chi2_threshold": 13.931422665512084, "N_raw": 91, "N_roi": 91, "N_inlier": 85, "refit": true}
{"timestamp": "12:57:02.752122", "frame": 60, "mu": [0.05376822375269251, 1.2938321662439323, 1.4529806759484425], "Sigma": [[0.0041200669322299, -0.0013650497596215958, -0.009405380671249375], [-0.001365049759621596, 0.004291149865478053, 0.01090286161229644], [-0.009405380671249375, 0.01090286161229644, 0.11007476750030717]], "chi2_level": 0.997, "chi2_df": 3, "chi2_threshold": 13.931422665512084, "N_raw": 53, "N_roi": 53, "N_inlier": 50, "refit": true}
{"timestamp": "12:57:02.800166", "frame": 61, "mu": [0.1147098144576621, 1.4138077881834155, -0.9034108864943835], "Sigma": [[0.0015835781299052695, -0.004330137791960881, 0.01551266958006603], [-0.004330137791960881, 0.03164790949549158, -0.1072313285853049], [0.015512669580066028, -0.1072313285853049, 0.5122784738503793]], "chi2_level": 0.997, "chi2_df": 3, "chi2_threshold": 13.931422665512084, "N_raw": 11, "N_roi": 11, "N_inlier": 11, "refit": true}
{"timestamp": "12:57:02.861053", "frame": 62, "mu": [0.019295184576621667, 1.1642715016495975, 1.4445377032925772], "Sigma": [[0.002391219562627604, -0.001903624343754357, -0.0018493123853881189], [-0.001903624343754357, 0.006638811143130418, 0.0008537085302376525], [-0.0018493123853881186, 0.0008537085302376526, 0.0016773179366113124]], "chi2_level": 0.997, "chi2_df": 3, "chi2_threshold": 13.931422665512084, "N_raw": 55, "N_roi": 55, "N_inlier": 52, "refit": true}
{"timestamp": "12:57:02.918171", "frame": 63, "mu": [-0.028869337573886298, 1.1874135168194924, 1.4868048564466152], "Sigma": [[0.003327894183822435, -0.0007112170108311314, -0.0022554457244460023], [-0.0007112170108311314, 0.005378608600738366, -0.000614925457025449], [-0.0022554457244460023, -0.0006149254570254488, 0.002333857261835516]], "chi2_level": 0.997, "chi2_df": 3, "chi2_threshold": 13.931422665512084, "N_raw": 69, "N_roi": 69, "N_inlier": 64, "refit": true}
{"timestamp": "12:57:02.974233", "frame": 64, "mu": [-0.03239931600869323, 1.1390158928776808, 1.3933016140076915], "Sigma": [[0.0043207797509528315, -0.0025034288431640952, -0.0039268942009438035], [-0.0025034288431640952, 0.007181094786501133, 0.0016860156616330733], [-0.003926894200943804, 0.0016860156616330733, 0.004540978859587666]], "chi2_level": 0.997, "chi2_df": 3, "chi2_threshold": 13.931422665512084, "N_raw": 70, "N_roi": 70, "N_inlier": 68, "refit": true}
{"timestamp": "12:57:03.029229", "frame": 65, "mu": [-0.017853727370002858, 1.1055177343247753, 1.1616194487174438], "Sigma": [[0.002268813417424785, -0.0011930199945161272, -0.0009022004134994269], [-0.0011930199945161272, 0.007214032132152622, 0.007154646313003533], [-0.000902200413499427, 0.007154646313003533, 0.03322280008274118]], "chi2_level": 0.997, "chi2_df": 3, "chi2_threshold": 13.931422665512084, "N_raw": 66, "N_roi": 66, "N_inlier": 62, "refit": true}
{"timestamp": "12:57:03.084205", "frame": 66, "mu": [-0.15628350707831726, 1.1556466510316412, 1.4618729520172327], "Sigma": [[0.0039375078719958686, -0.0018135994373015044, -0.0036913976469307745], [-0.0018135994373015044, 0.006479681299246768, 0.001479776711174381], [-0.0036913976469307745, 0.0014797767111743808, 0.01038659446467743]], "chi2_level": 0.997, "chi2_df": 3, "chi2_threshold": 13.931422665512084, "N_raw": 74, "N_roi": 74, "N_inlier": 70, "refit": true}
{"timestamp": "12:57:03.136329", "frame": 67, "mu": [-0.2211727810368389, 1.1788088914365118, 1.5102920530530053], "Sigma": [[0.003017573813356625, -0.0007078859806820283, -0.001446084825227371], [-0.0007078859806820283, 0.0036748941582422845, -0.0021454463157023753], [-0.0014460848252273713, -0.0021454463157023753, 0.002653747798115126]], "chi2_level": 0.997, "chi2_df": 3, "chi2_threshold": 13.931422665512084, "N_raw": 60, "N_roi": 60, "N_inlier": 59, "refit": true}
{"timestamp": "12:57:03.188132", "frame": 68, "mu": [-0.22069318028746465, 1.1396873688135767, 1.5122871538044749], "Sigma": [[0.0014914318584674739, -0.0009192729495705479, -0.0012942475127304892], [-0.0009192729495705477, 0.0036191591213157754, 7.581522959394191e-05], [-0.0012942475127304892, 7.5815229593942e-05, 0.0016492153758262344]], "chi2_level": 0.997, "chi2_df": 3, "chi2_threshold": 13.931422665512084, "N_raw": 35, "N_roi": 35, "N_inlier": 32, "refit": true}
{"timestamp": "12:57:03.247483", "frame": 69, "mu": [-0.2939569225637112, 1.1627641439867542, 1.5201805425805386], "Sigma": [[0.0034034239023714215, -0.0025150968528315464, -0.0017012123058342903], [-0.0025150968528315464, 0.005157588151926746, 0.0009841800753164177], [-0.0017012123058342903, 0.0009841800753164177, 0.007790692086479722]], "chi2_level": 0.997, "chi2_df": 3, "chi2_threshold": 13.931422665512084, "N_raw": 59, "N_roi": 59, "N_inlier": 56, "refit": true}
{"timestamp": "12:57:03.302198", "frame": 70, "mu": [-0.30872869443394646, 1.1487072794831252, 1.5034075257366935], "Sigma": [[0.003279874430099545, -0.001766608230338347, -0.00238388642733036], [-0.0017666082303383472, 0.005944153339054295, 0.0012446114972559904], [-0.0023838864273303595, 0.0012446114972559906, 0.0059087761581217485]], "chi2_level": 0.997, "chi2_df": 3, "chi2_threshold": 13.931422665512084, "N_raw": 62, "N_roi": 62, "N_inlier": 58, "refit": true}
{"timestamp": "12:57:03.359145", "frame": 71, "mu": [-0.3520562398976033, 1.1484898688439773, 1.5062038989800408], "Sigma": [[0.0042694595579149406, -0.0017338869041014931, -0.0017103807844096562], [-0.0017338869041014931, 0.004835984927869933, -9.79542444668151e-05], [-0.0017103807844096562, -9.795424446681504e-05, 0.005271572919009863]], "chi2_level": 0.997, "chi2_df": 3, "chi2_threshold": 13.931422665512084, "N_raw": 70, "N_roi": 70, "N_inlier": 66, "refit": true}
{"timestamp": "12:57:03.417054", "frame": 72, "mu": [-0.34956994684060255, 1.125655151248275, 1.3502820167690701], "Sigma": [[0.00459935609429603, -0.004437787388704488, -0.007813402524258724], [-0.004437787388704489, 0.014894605251187196, 0.01302661024716498], [-0.007813402524258724, 0.01302661024716498, 0.05644908786166507]], "chi2_level": 0.997, "chi2_df": 3, "chi2_threshold": 13.931422665512084, "N_raw": 88, "N_roi": 88, "N_inlier": 86, "refit": true}
{"timestamp": "12:57:03.471560", "frame": 73, "mu": [-0.4141667521554632, 1.1894346602066825, 1.416203417753754], "Sigma": [[0.005778168160830459, -0.0028153220730824727, -0.004511484579877122], [-0.0028153220730824727, 0.009568686141823459, 0.0037438973755356273], [-0.004511484579877122, 0.0037438973755356273, 0.015219406191660987]], "chi2_level": 0.997, "chi2_df": 3, "chi2_threshold": 13.931422665512084, "N_raw": 87, "N_roi": 87, "N_inlier": 85, "refit": true}
{"timestamp": "12:57:03.527583", "frame": 74, "mu": [-0.4565157816758706, 1.205406447359126, 1.4228068933496443], "Sigma": [[0.004713715091897421, -0.002247244089034021, -0.002025049519501195], [-0.002247244089034021, 0.009068803793963626, -0.003555187284476221], [-0.002025049519501195, -0.003555187284476221, 0.0051406526491334795]], "chi2_level": 0.997, "chi2_df": 3, "chi2_threshold": 13.931422665512084, "N_raw": 95, "N_roi": 95, "N_inlier": 91, "refit": true}
{"timestamp": "12:57:03.581080", "frame": 75, "mu": [-0.49049549952570587, 1.1838243850859915, 1.447107372258962], "Sigma": [[0.00489740843342274, -0.002224221090332333, -0.0052189688300341205], [-0.0022242210903323325, 0.010609321597758395, 0.0016172376060095046], [-0.0052189688300341205, 0.0016172376060095044, 0.007175090024528209]], "chi2_level": 0.997, "chi2_df": 3, "chi2_threshold": 13.931422665512084, "N_raw": 85, "N_roi": 85, "N_inlier": 84, "refit": true}
{"timestamp": "12:57:03.638202", "frame": 76, "mu": [-0.5271585015948115, 1.1791997235811675, 1.3999356863331944], "Sigma": [[0.005043554039828919, -0.0034368112568114347, -0.0037395610401821057], [-0.0034368112568114347, 0.015279486328146291, 0.0010890267390861194], [-0.0037395610401821057, 0.0010890267390861197, 0.004572037040898935]], "chi2_level": 0.997, "chi2_df": 3, "chi2_threshold": 13.931422665512084, "N_raw": 99, "N_roi": 99, "N_inlier": 96, "refit": true}
{"timestamp": "12:57:03.694556", "frame": 77, "mu": [-0.5665807239906137, 1.1957499665647815, 1.3426647967258707], "Sigma": [[0.008256103911148085, -0.0029666801013687543, -0.012886286052029468], [-0.0029666801013687543, 0.011094678717467442, 0.005760140325279291], [-0.012886286052029468, 0.005760140325279291, 0.03758649105147421]], "chi2_level": 0.997, "chi2_df": 3, "chi2_threshold": 13.931422665512084, "N_raw": 106, "N_roi": 106, "N_inlier": 105, "refit": true}
{"timestamp": "12:57:03.747669", "frame": 78, "mu": [-0.6193659137784765, 1.298053910146958, -0.36772888870505804], "Sigma": [[0.005217962345354967, -0.0014776764514571703, 0.0010876795648035575], [-0.0014776764514571705, 0.01813799663132948, 0.00604139633032384], [0.0010876795648035575, 0.00604139633032384, 0.05581399766725627]], "chi2_level": 0.997, "chi2_df": 3, "chi2_threshold": 13.931422665512084, "N_raw": 95, "N_roi": 95, "N_inlier": 92, "refit": true}
{"timestamp": "12:57:03.803375", "frame": 79, "mu": [-0.6467542338691695, 1.2190904046449487, 1.4196731576986084], "Sigma": [[0.006907151943138577, -0.004125485230762879, -0.006862113231039208], [-0.004125485230762879, 0.018029600053537084, 0.0032433894236862503], [-0.006862113231039208, 0.0032433894236862494, 0.008661096265754164]], "chi2_level": 0.997, "chi2_df": 3, "chi2_threshold": 13.931422665512084, "N_raw": 106, "N_roi": 106, "N_inlier": 104, "refit": true}
{"timestamp": "12:57:03.857154", "frame": 80, "mu": [-0.6698986918348825, 1.2006651199113465, 1.4140096370304511], "Sigma": [[0.004144270868733879, -0.0009173913673039127, -0.0019925507359763355], [-0.0009173913673039127, 0.02041369316681258, 0.004730017862255079], [-0.001992550735976335, 0.004730017862255079, 0.0036266031551778367]], "chi2_level": 0.997, "chi2_df": 3, "chi2_threshold": 13.931422665512084, "N_raw": 83, "N_roi": 83, "N_inlier": 81, "refit": true}
{"timestamp": "12:57:03.910410", "frame": 81, "mu": [-0.751371361464344, 1.2032448055997185, 1.4343341485792012], "Sigma": [[0.006161703390407338, -0.0029214754473489714, -0.005455904734030442], [-0.002921475447348971, 0.01930178340620573, 0.007184478864413649], [-0.005455904734030442, 0.007184478864413649, 0.008122061148806767]], "chi2_level": 0.997, "chi2_df": 3, "chi2_threshold": 13.931422665512084, "N_raw": 86, "N_roi": 86, "N_inlier": 84, "refit": true}
{"timestamp": "12:57:03.961038", "frame": 82, "mu": [-0.7874873442317283, 1.2354108569138336, 1.523108575662675], "Sigma": [[0.003675842955529091, -0.001254207061294432, -0.003025293039874984], [-0.001254207061294432, 0.00997181164747837, 0.00462688144297518], [-0.003025293039874984, 0.00462688144297518, 0.00541063626894108]], "chi2_level": 0.997, "chi2_df": 3, "chi2_threshold": 13.931422665512084, "N_raw": 50, "N_roi": 50, "N_inlier": 48, "refit": true}
{"timestamp": "12:57:04.019511", "frame": 83, "mu": [-0.8628509861154802, 1.2843509243067854, -0.1440481715791251], "Sigma": [[0.029880513506678398, 0.022016442834694804, -0.009706837358579957], [0.022016442834694804, 0.025481213384260154, -0.002557324276699143], [-0.009706837358579957, -0.002557324276699143, 0.008265875503120138]], "chi2_level": 0.997, "chi2_df": 3, "chi2_threshold": 13.931422665512084, "N_raw": 75, "N_roi": 75, "N_inlier": 71, "refit": true}
{"timestamp": "12:57:04.071269", "frame": 84, "mu": [-0.7921845517429017, 1.1875916141085174, 1.2850259922737057], "Sigma": [[0.009988969360495169, -0.0065300273592017125, -0.03329214852316338], [-0.0065300273592017125, 0.012973204311380498, 0.03588863674863833], [-0.03329214852316338, 0.03588863674863833, 0.1582723867013319]], "chi2_level": 0.997, "chi2_df": 3, "chi2_threshold": 13.931422665512084, "N_raw": 60, "N_roi": 60, "N_inlier": 59, "refit": true}
{"timestamp": "12:57:04.129186", "frame": 85, "mu": [-0.896675996936003, 1.2469628398011765, 1.450684981779195], "Sigma": [[0.029432114956573573, 0.008109994120678324, -0.046096171957160925], [0.008109994120678326, 0.01598763967643822, 0.0016192137924831837], [-0.046096171957160925, 0.0016192137924831837, 0.1293178088262629]], "chi2_level": 0.997, "chi2_df": 3, "chi2_threshold": 13.931422665512084, "N_raw": 78, "N_roi": 78, "N_inlier": 78, "refit": true}
{"timestamp": "12:57:04.186404", "frame": 86, "mu": [-1.0243693690737252, 1.247785573920854, 1.5540376453894065], "Sigma": [[0.05656793887779889, 0.04529296131190577, -0.04765757918949724], [0.04529296131190577, 0.044579316123421725, -0.03835538275434483], [-0.04765757918949724, -0.03835538275434483, 0.06442999075469485]], "chi2_level": 0.997, "chi2_df": 3, "chi2_threshold": 13.931422665512084, "N_raw": 89, "N_roi": 89, "N_inlier": 82, "refit": true}
{"timestamp": "12:57:04.238753", "frame": 87, "mu": [-1.0937304214868726, 1.260155578809775, 1.6950459848999848], "Sigma": [[0.04958065134463233, 0.03375650333715913, -0.0414621226816732], [0.03375650333715913, 0.028619312377192466, -0.027457142462283174], [-0.0414621226816732, -0.027457142462283174, 0.05169305327639581]], "chi2_level": 0.997, "chi2_df": 3, "chi2_threshold": 13.931422665512084, "N_raw": 70, "N_roi": 70, "N_inlier": 67, "refit": true}
{"timestamp": "12:57:04.296196", "frame": 88, "mu": [-0.9709615263764222, 1.386460071649112, -0.05971698637489922], "Sigma": [[0.06519985393525704, 0.037639049021207474, -0.015253546870777863], [0.03763904902120747, 0.05032138396180641, -0.08158967419065935], [-0.015253546870777866, -0.08158967419065935, 0.2682022377287301]], "chi2_level": 0.997, "chi2_df": 3, "chi2_threshold": 13.931422665512084, "N_raw": 90, "N_roi": 90, "N_inlier": 90, "refit": true}
{"timestamp": "12:57:04.360644", "frame": 89, "mu": [-1.0138517770597246, 1.314571456713661, 1.4002764314511353], "Sigma": [[0.08125261990654102, 0.039583511096269314, -0.11153372991039648], [0.039583511096269314, 0.02757690997247908, -0.04330598369173319], [-0.11153372991039648, -0.04330598369173319, 0.2512117501061798]], "chi2_level": 0.997, "chi2_df": 3, "chi2_threshold": 13.931422665512084, "N_raw": 147, "N_roi": 147, "N_inlier": 145, "refit": true}
{"timestamp": "12:57:04.410278", "frame": 90, "mu": [-1.0664250213037112, 1.2855961221216774, 1.164798379593286], "Sigma": [[0.08444435942684667, 0.05298831105365106, -0.09356115722619406], [0.05298831105365106, 0.03936554464609682, -0.053957217431450565], [-0.09356115722619407, -0.05395721743145056, 0.24038033957414004]], "chi2_level": 0.997, "chi2_df": 3, "chi2_threshold": 13.931422665512084, "N_raw": 104, "N_roi": 104, "N_inlier": 103, "refit": true}
{"timestamp": "12:57:04.471080", "frame": 91, "mu": [-1.0441980215482658, 1.357027279172696, 1.1108543322423974], "Sigma": [[0.054919440482679965, 0.03729176375922631, -0.06594927419499898], [0.03729176375922631, 0.03469942655670562, -0.06152854920517139], [-0.06594927419499896, -0.06152854920517139, 0.22596246800170297]], "chi2_level": 0.997, "chi2_df": 3, "chi2_threshold": 13.931422665512084, "N_raw": 150, "N_roi": 150, "N_inlier": 150, "refit": true}
{"timestamp": "12:57:04.526403", "frame": 92, "mu": [-1.1560783520261693, 1.3294721451860148, 1.5040920153549093], "Sigma": [[0.08133065969889698, 0.05145728898502959, -0.050481537587633324], [0.05145728898502959, 0.0448708306946433, -0.028883201281475444], [-0.050481537587633324, -0.028883201281475444, 0.0331444048414497]], "chi2_level": 0.997, "chi2_df": 3, "chi2_threshold": 13.931422665512084, "N_raw": 150, "N_roi": 150, "N_inlier": 141, "refit": true}
