{"timestamp": "12:10:33.672316", "frame": 1, "mu": [1.8466408931613605, 1.8998070128660758, 1.3678482095474331], "Sigma": [[0.007562832477224181, -0.003777910792870866, -0.007017741212070017], [-0.003777910792870866, 0.00460611961500807, 0.00017207229076209355], [-0.007017741212070018, 0.00017207229076209333, 0.0124660762924441]], "chi2_level": 0.997, "chi2_df": 3, "chi2_threshold": 13.931422665512084, "N_raw": 28, "N_roi": 28, "N_inlier": 27, "refit": true}
{"timestamp": "12:10:33.728016", "frame": 2, "mu": [1.8604778559800481, 1.908023467570206, 1.3007860878941708], "Sigma": [[0.00518471565834089, -0.002766815018570997, 0.0006008553015603886], [-0.002766815018570997, 0.004059485038272931, -0.004816903242971473], [0.0006008553015603886, -0.004816903242971473, 0.026318863740781812]], "chi2_level": 0.997, "chi2_df": 3, "chi2_threshold": 13.931422665512084, "N_raw": 21, "N_roi": 21, "N_inlier": 21, "refit": true}
{"timestamp": "12:10:33.786499", "frame": 3, "mu": [1.8164331121446826, 1.928395833706189, 1.309576928453117], "Sigma": [[0.010682432445543065, -0.006915910851200346, -0.002033078087898785], [-0.006915910851200347, 0.012224752128256898, 0.0003111198752285208], [-0.002033078087898785, 0.0003111198752285208, 0.0010974245486571387]], "chi2_level": 0.997, "chi2_df": 3, "chi2_threshold": 13.931422665512084, "N_raw": 48, "N_roi": 48, "N_inlier": 48, "refit": true}
{"timestamp": "12:10:33.842037", "frame": 4, "mu": [1.7937902435289268, 1.9589413304439394, 1.3174078675555745], "Sigma": [[0.009453335988627047, -0.005626909221265637, -0.001764507943541314], [-0.005626909221265638, 0.011035393324986842, 0.0004494737772545048], [-0.0017645079435413143, 0.0004494737772545048, 0.000862202334259899]], "chi2_level": 0.997, "chi2_df": 3, "chi2_threshold": 13.931422665512084, "N_raw": 47, "N_roi": 47, "N_inlier": 45, "refit": true}
{"timestamp": "12:10:33.892487", "frame": 5, "mu": [1.8217392253343254, 1.8451364161150214, 1.2806400091706904], "Sigma": [[0.0016941000151747974, 7.91392862973794e-05, -0.0026897313607745113], [7.913928629737935e-05, 0.0022299544486452166, -0.006136903853145634], [-0.002689731360774511, -0.006136903853145634, 0.04068043644944685]], "chi2_level": 0.997, "chi2_df": 3, "chi2_threshold": 13.931422665512084, "N_raw": 14, "N_roi": 14, "N_inlier": 13, "refit": true}
{"timestamp": "12:10:33.946803", "frame": 6, "mu": [1.8500741124351352, 1.8115385955795236, 1.0889670945894117], "Sigma": [[0.0074892475410981325, -0.00391367326594081, -0.024070546148380112], [-0.00391367326594081, 0.007719255711542629, 0.0056130908574087545], [-0.02407054614838011, 0.0056130908574087545, 0.09547709608505664]], "chi2_level": 0.997, "chi2_df": 3, "chi2_threshold": 13.931422665512084, "N_raw": 13, "N_roi": 13, "N_inlier": 12, "refit": true}
{"timestamp": "12:10:34.003859", "frame": 7, "mu": [1.8114198088411972, 1.9469624478243515, -0.23374085039854808], "Sigma": [[0.0052391589707735334, -0.00044335757091755354, -0.007975147495390352], [-0.00044335757091755354, 0.00815598186298426, -0.011337464451700722], [-0.007975147495390352, -0.011337464451700722, 0.04374892009094109]], "chi2_level": 0.997, "chi2_df": 3, "chi2_threshold": 13.931422665512084, "N_raw": 34, "N_roi": 34, "N_inlier": 33, "refit": true}
{"timestamp": "12:10:34.063894", "frame": 8, "mu": [1.781758338474812, 1.8291409704617587, 1.2482259330195973], "Sigma": [[0.008707623141696387, -0.006732446539063565, -0.007179835128456049], [-0.006732446539063564, 0.010387074672618337, -0.00012451500420319027], [-0.007179835128456048, -0.00012451500420318962, 0.05272271901364773]], "chi2_level": 0.997, "chi2_df": 3, "chi2_threshold": 13.931422665512084, "N_raw": 61, "N_roi": 61, "N_inlier": 60, "refit": true}
{"timestamp": "12:10:34.172327", "frame": 10, "mu": [1.8171987386518764, 1.7521784037730934, 1.313605155991534], "Sigma": [[0.01023427907407953, -0.007482304329912046, -0.0019018219511371271], [-0.007482304329912046, 0.011682208698958816, -0.0033351163710634985], [-0.0019018219511371275, -0.0033351163710634985, 0.0068488690098125775]], "chi2_level": 0.997, "chi2_df": 3, "chi2_threshold": 13.931422665512084, "N_raw": 53, "N_roi": 53, "N_inlier": 51, "refit": true}
{"timestamp": "12:10:34.228250", "frame": 11, "mu": [1.8105148672532632, 1.714915997558369, 1.1348806715481974], "Sigma": [[0.008126042454720626, -0.0059712924886453295, -0.002091215529378572], [-0.00597129248864533, 0.008234327367558672, -0.0007281433959895667], [-0.002091215529378572, -0.0007281433959895667, 0.06043311195959008]], "chi2_level": 0.997, "chi2_df": 3, "chi2_threshold": 13.931422665512084, "N_raw": 61, "N_roi": 61, "N_inlier": 60, "refit": true}
{"timestamp": "12:10:34.281236", "frame": 12, "mu": [1.8037202664655005, 1.7009860012476892, 1.2467329451101934], "Sigma": [[0.007779911822915097, -0.006415706042834689, -0.0013603878507245269], [-0.006415706042834689, 0.010614714356201907, -0.00010138467022168906], [-0.001360387850724527, -0.00010138467022168906, 0.001976298379968648]], "chi2_level": 0.997, "chi2_df": 3, "chi2_threshold": 13.931422665512084, "N_raw": 36, "N_roi": 36, "N_inlier": 35, "refit": true}
{"timestamp": "12:10:34.388818", "frame": 14, "mu": [1.8003185460314393, 1.6394427419994382, 0.7753942361900656], "Sigma": [[0.005888135404229369, -0.005504786226789794, 0.004047452805745974], [-0.005504786226789794, 0.008674646495980723, -0.0054005999249936475], [0.004047452805745973, -0.0054005999249936475, 0.018162950124758492]], "chi2_level": 0.997, "chi2_df": 3, "chi2_threshold": 13.931422665512084, "N_raw": 22, "N_roi": 22, "N_inlier": 22, "refit": true}
{"timestamp": "12:10:34.441994", "frame": 15, "mu": [1.7880083676438094, 1.57972158452763, 0.8188905636222203], "Sigma": [[0.003996590694827954, -0.002724583182200778, 0.00462088549697425], [-0.002724583182200778, 0.0037867730849048212, -0.004595862574898129], [0.00462088549697425, -0.004595862574898128, 0.03258146708626542]], "chi2_level": 0.997, "chi2_df": 3, "chi2_threshold": 13.931422665512084, "N_raw": 19, "N_roi": 19, "N_inlier": 19, "refit": true}
{"timestamp": "12:10:34.552448", "frame": 17, "mu": [1.7539305084912455, 1.4521168818264147, 0.9752516757504399], "Sigma": [[0.007790523763516054, -0.006415731584504161, -0.02076013130725808], [-0.006415731584504162, 0.011780606560678517, 0.003705313776921165], [-0.020760131307258078, 0.0037053137769211646, 0.13536763286584913]], "chi2_level": 0.997, "chi2_df": 3, "chi2_threshold": 13.931422665512084, "N_raw": 12, "N_roi": 12, "N_inlier": 12, "refit": true}
{"timestamp": "12:10:34.667537", "frame": 19, "mu": [1.7418460049401225, 1.4199190919416627, 1.1158688491327398], "Sigma": [[0.007418177863194229, -0.005586841440003388, 0.0009545846569518979], [-0.005586841440003388, 0.01238884097762988, 0.0026119638920112783], [0.0009545846569518979, 0.0026119638920112783, 0.05224613353925283]], "chi2_level": 0.997, "chi2_df": 3, "chi2_threshold": 13.931422665512084, "N_raw": 61, "N_roi": 61, "N_inlier": 61, "refit": true}
{"timestamp": "12:10:34.723773", "frame": 20, "mu": [1.6655563898716477, 1.3568194564508373, 1.2569795694143477], "Sigma": [[0.01062051772414997, -0.006875205629472254, -0.008956063745602486], [-0.006875205629472253, 0.010731723342270754, 0.00035201015803031045], [-0.008956063745602486, 0.00035201015803031023, 0.023086515220450573]], "chi2_level": 0.997, "chi2_df": 3, "chi2_threshold": 13.931422665512084, "N_raw": 56, "N_roi": 56, "N_inlier": 54, "refit": true}
{"timestamp": "12:10:34.772415", "frame": 21, "mu": [1.6968492386333338, 1.2357987276064615, 1.1251198152221267], "Sigma": [[0.017707533296303948, -0.019121131434230103, -0.025999759834964085], [-0.019121131434230103, 0.025159261303404214, 0.02265837220767727], [-0.025999759834964085, 0.022658372207677267, 0.08426278935844195]], "chi2_level": 0.997, "chi2_df": 3, "chi2_threshold": 13.931422665512084, "N_raw": 12, "N_roi": 12, "N_inlier": 12, "refit": true}
{"timestamp": "12:10:34.827822", "frame": 22, "mu": [1.6555011386454954, 1.2481716311245068, 1.1783612010713167], "Sigma": [[0.014451978368415221, -0.012499805717473444, -0.015010264217281773], [-0.012499805717473444, 0.013062912451139247, 0.010180425325851856], [-0.015010264217281773, 0.010180425325851856, 0.04454817233152687]], "chi2_level": 0.997, "chi2_df": 3, "chi2_threshold": 13.931422665512084, "N_raw": 20, "N_roi": 20, "N_inlier": 20, "refit": true}
{"timestamp": "12:10:34.888276", "frame": 23, "mu": [1.563620948304194, 1.3399957211732936, 1.062451332194598], "Sigma": [[0.006325295908263588, -0.0053791479757762765, -0.0021064890114276544], [-0.0053791479757762765, 0.006659090425448508, -0.0006378940574502574], [-0.0021064890114276544, -0.0006378940574502578, 0.05485106474480268]], "chi2_level": 0.997, "chi2_df": 3, "chi2_threshold": 13.931422665512084, "N_raw": 60, "N_roi": 60, "N_inlier": 59, "refit": true}
{"timestamp": "12:10:34.944804", "frame": 24, "mu": [1.55026989754714, 1.3332994985068176, 1.0687499965383866], "Sigma": [[0.008526163172293702, -0.0077095424489862065, 0.004120413221437205], [-0.007709542448986207, 0.010587292967242921, -0.007644165854007434], [0.004120413221437205, -0.007644165854007434, 0.06149679441115324]], "chi2_level": 0.997, "chi2_df": 3, "chi2_threshold": 13.931422665512084, "N_raw": 72, "N_roi": 72, "N_inlier": 69, "refit": true}
{"timestamp": "12:10:35.002142", "frame": 25, "mu": [1.4954548306506912, 1.3174043798406034, 1.249336692806799], "Sigma": [[0.01981076511794541, -0.011739159492554154, -0.012304891440316669], [-0.011739159492554156, 0.011407548775541726, 0.002563834511795715], [-0.012304891440316667, 0.0025638345117957144, 0.06970457218656939]], "chi2_level": 0.997, "chi2_df": 3, "chi2_threshold": 13.931422665512084, "N_raw": 78, "N_roi": 78, "N_inlier": 77, "refit": true}
{"timestamp": "12:10:35.054411", "frame": 26, "mu": [1.3936025864227166, 1.345216419498337, 1.0392422694030308], "Sigma": [[0.006806743981367945, -0.004042151548486026, -0.006586280238645155], [-0.004042151548486026, 0.004208165753573732, 0.002555659098098926], [-0.006586280238645156, 0.0025556590980989257, 0.11234132743549209]], "chi2_level": 0.997, "chi2_df": 3, "chi2_threshold": 13.931422665512084, "N_raw": 68, "N_roi": 68, "N_inlier": 66, "refit": true}
{"timestamp": "12:10:35.101933", "frame": 27, "mu": [1.3763872249834554, 1.3094476294840456, 1.1701047313369681], "Sigma": [[0.004312520180581745, -0.0013451795564798988, -0.008126883491754102], [-0.0013451795564798988, 0.005858102406337422, -0.004843662925565894], [-0.0081268834917541, -0.004843662925565894, 0.05706488257161051]], "chi2_level": 0.997, "chi2_df": 3, "chi2_threshold": 13.931422665512084, "N_raw": 17, "N_roi": 17, "N_inlier": 17, "refit": true}
{"timestamp": "12:10:35.168693", "frame": 28, "mu": [1.328067839344072, 1.3383373950268451, 1.1738515570389774], "Sigma": [[0.011373588980086427, -0.00735409675920555, -0.011962752926267299], [-0.00735409675920555, 0.015434007359010802, -0.01396488605508364], [-0.011962752926267299, -0.01396488605508364, 0.06961978914496603]], "chi2_level": 0.997, "chi2_df": 3, "chi2_threshold": 13.931422665512084, "N_raw": 91, "N_roi": 91, "N_inlier": 91, "refit": true}
{"timestamp": "12:10:35.214687", "frame": 29, "mu": [1.2699313328948179, 1.2627666828554363, 1.2952680468956308], "Sigma": [[0.006703327410670131, -0.0028339005062443428, -0.007182525682393651], [-0.0028339005062443428, 0.00266293456530051, 0.00034789102080891527], [-0.007182525682393651, 0.0003478910208089157, 0.01953414829241932]], "chi2_level": 0.997, "chi2_df": 3, "chi2_threshold": 13.931422665512084, "N_raw": 32, "N_roi": 32, "N_inlier": 30, "refit": true}
{"timestamp": "12:10:35.273409", "frame": 30, "mu": [1.2312579846806952, 1.2316352059458198, 1.2092792620292656], "Sigma": [[0.01240258371045754, -0.007252647341319519, -0.015369908008084663], [-0.007252647341319519, 0.008532094449431494, 0.0016801493942412784], [-0.015369908008084663, 0.0016801493942412782, 0.03921167243223817]], "chi2_level": 0.997, "chi2_df": 3, "chi2_threshold": 13.931422665512084, "N_raw": 55, "N_roi": 55, "N_inlier": 54, "refit": true}
{"timestamp": "12:10:35.326305", "frame": 31, "mu": [1.195873699357394, 1.259361093895322, 1.207733246159379], "Sigma": [[0.006058276220314061, -0.00276600893862946, -0.006083704676282615], [-0.00276600893862946, 0.010987196674393367, -0.014155126983833758], [-0.006083704676282615, -0.014155126983833758, 0.048145765851945445]], "chi2_level": 0.997, "chi2_df": 3, "chi2_threshold": 13.931422665512084, "N_raw": 45, "N_roi": 45, "N_inlier": 45, "refit": true}
{"timestamp": "12:10:35.386483", "frame": 32, "mu": [1.2140359215790708, 1.2263173500670448, 1.0667023408623675], "Sigma": [[0.007080412757488694, -0.0015348093537779495, -0.008297513621192076], [-0.00153480935377795, 0.017352763697116816, -0.020893156673072392], [-0.008297513621192075, -0.020893156673072392, 0.04511083582922216]], "chi2_level": 0.997, "chi2_df": 3, "chi2_threshold": 13.931422665512084, "N_raw": 77, "N_roi": 77, "N_inlier": 77, "refit": true}
{"timestamp": "12:10:35.434262", "frame": 33, "mu": [1.0577603906781279, 1.1713665602478405, 1.2980846268875843], "Sigma": [[0.01123278061889874, -0.006624455186287891, -0.016388555671222688], [-0.006624455186287891, 0.01126773312036773, 0.002307262120307356], [-0.016388555671222688, 0.002307262120307357, 0.03650169240930134]], "chi2_level": 0.997, "chi2_df": 3, "chi2_threshold": 13.931422665512084, "N_raw": 23, "N_roi": 23, "N_inlier": 22, "refit": true}
{"timestamp": "12:10:35.498655", "frame": 34, "mu": [1.0593019163492199, 1.0843752377124753, 1.2221159370970163], "Sigma": [[0.019788818231343715, -0.013494021588046403, -0.028723005253006896], [-0.013494021588046403, 0.012848317092719587, 0.019843181263400365], [-0.028723005253006896, 0.019843181263400365, 0.04952088993417103]], "chi2_level": 0.997, "chi2_df": 3, "chi2_threshold": 13.931422665512084, "N_raw": 92, "N_roi": 92, "N_inlier": 92, "refit": true}
{"timestamp": "12:10:35.543356", "frame": 35, "mu": [0.9396668512158177, 1.1171707080955864, 1.418638861185836], "Sigma": [[0.010027195039377287, -0.006588729739645905, -0.013746918267954813], [-0.006588729739645905, 0.005771411543818672, 0.008858745411924598], [-0.013746918267954813, 0.008858745411924598, 0.02014088309899659]], "chi2_level": 0.997, "chi2_df": 3, "chi2_threshold": 13.931422665512084, "N_raw": 25, "N_roi": 25, "N_inlier": 24, "refit": true}
{"timestamp": "12:10:35.599420", "frame": 36, "mu": [0.8304035035835217, 1.1503517492717414, 1.505662731122628], "Sigma": [[0.00469568723748955, -0.0006199633386446423, -0.003375459495006748], [-0.0006199633386446421, 0.0025235436018468667, -0.0002925539409920647], [-0.0033754594950067486, -0.0002925539409920647, 0.003010116014040216]], "chi2_level": 0.997, "chi2_df": 3, "chi2_threshold": 13.931422665512084, "N_raw": 30, "N_roi": 30, "N_inlier": 29, "refit": true}
{"timestamp": "12:10:35.659636", "frame": 37, "mu": [0.8327891093520899, 1.1511334626677894, 1.4870970934475591], "Sigma": [[0.00656744129841954, -0.0003793829536481757, -0.0048921017568654005], [-0.0003793829536481758, 0.004405703011339883, -0.0008822376474230586], [-0.0048921017568654005, -0.0008822376474230586, 0.004747325068780918]], "chi2_level": 0.997, "chi2_df": 3, "chi2_threshold": 13.931422665512084, "N_raw": 65, "N_roi": 65, "N_inlier": 61, "refit": true}
{"timestamp": "12:10:35.711586", "frame": 38, "mu": [0.7932172660163428, 1.1029292242083348, 1.4394597838018295], "Sigma": [[0.004703493209844184, -0.003444107477474096, -0.011030323630078234], [-0.003444107477474096, 0.007154168581392285, 0.008718677236502497], [-0.011030323630078234, 0.008718677236502496, 0.044164865265531435]], "chi2_level": 0.997, "chi2_df": 3, "chi2_threshold": 13.931422665512084, "N_raw": 41, "N_roi": 41, "N_inlier": 40, "refit": true}
{"timestamp": "12:10:35.767964", "frame": 39, "mu": [0.7151458791875038, 0.7862336920825724, 0.9989096799464399], "Sigma": [[0.017298443109191382, 0.007089267383134766, 0.021218410621614208], [0.007089267383134766, 0.025784835183313037, 0.04426410282990996], [0.021218410621614205, 0.04426410282990996, 0.09050320884013809]], "chi2_level": 0.997, "chi2_df": 3, "chi2_threshold": 13.931422665512084, "N_raw": 58, "N_roi": 58, "N_inlier": 56, "refit": true}
{"timestamp": "12:10:35.816557", "frame": 40, "mu": [0.6572294228356815, 0.8458169834390477, 0.764148539264672], "Sigma": [[0.0064063396756976546, 0.006244144557390326, -0.01057104748257524], [0.006244144557390326, 0.019468094276020705, 0.01116426695267083], [-0.01057104748257524, 0.01116426695267083, 0.28096641941612743]], "chi2_level": 0.997, "chi2_df": 3, "chi2_threshold": 13.931422665512084, "N_raw": 10, "N_roi": 10, "N_inlier": 10, "refit": true}
{"timestamp": "12:10:35.934109", "frame": 42, "mu": [0.49879167263551877, 0.9045470330158155, 1.1022508565305622], "Sigma": [[0.04254301721182882, 0.01673017385223951, 0.05245365914251651], [0.01673017385223951, 0.009491686424696284, 0.023211036084431844], [0.05245365914251652, 0.023211036084431844, 0.0752599453199195]], "chi2_level": 0.997, "chi2_df": 3, "chi2_threshold": 13.931422665512084, "N_raw": 67, "N_roi": 67, "N_inlier": 64, "refit": true}
{"timestamp": "12:10:35.985604", "frame": 43, "mu": [0.6900564615058554, 0.99675692058352, 1.1714947582690347], "Sigma": [[0.006274654737510214, -0.004293347333546194, -0.01603692429710292], [-0.004293347333546194, 0.0052257697191386504, 0.014463200143517967], [-0.01603692429710292, 0.014463200143517967, 0.22439305072144108]], "chi2_level": 0.997, "chi2_df": 3, "chi2_threshold": 13.931422665512084, "N_raw": 35, "N_roi": 35, "N_inlier": 33, "refit": true}
{"timestamp": "12:10:36.038752", "frame": 44, "mu": [0.6001744554931114, 0.9444505443982766, 1.2515900908966675], "Sigma": [[0.0029518815994336476, -0.0003066917827059066, -0.004336902626915067], [-0.0003066917827059066, 0.00124377153983179, -0.00424291352012198], [-0.004336902626915065, -0.00424291352012198, 0.0799020142840777]], "chi2_level": 0.997, "chi2_df": 3, "chi2_threshold": 13.931422665512084, "N_raw": 24, "N_roi": 24, "N_inlier": 22, "refit": true}
{"timestamp": "12:10:36.095773", "frame": 45, "mu": [0.5701116178959548, 1.0021213986767572, 1.3547857993571817], "Sigma": [[0.005574968004397684, -0.0018476451651092598, -0.003787423881595203], [-0.0018476451651092598, 0.0033851223304852433, 0.0033149918701110576], [-0.003787423881595203, 0.003314991870111058, 0.01285843771306669]], "chi2_level": 0.997, "chi2_df": 3, "chi2_threshold": 13.931422665512084, "N_raw": 37, "N_roi": 37, "N_inlier": 34, "refit": true}
{"timestamp": "12:10:36.149790", "frame": 46, "mu": [0.41331905236091243, 1.0924127831747596, 1.490046432959353], "Sigma": [[0.002550101885248357, -0.00024863236217021687, -0.000990432094313839], [-0.00024863236217021676, 0.0025016839009858642, -0.0014883463399976036], [-0.0009904320943138391, -0.0014883463399976036, 0.0021666908331952252]], "chi2_level": 0.997, "chi2_df": 3, "chi2_threshold": 13.931422665512084, "N_raw": 40, "N_roi": 40, "N_inlier": 39, "refit": true}
{"timestamp": "12:10:36.204828", "frame": 47, "mu": [0.3735253236729165, 1.077539527673325, 1.4687255562935133], "Sigma": [[0.0020578708069214037, -0.0016148155269733405, -0.0021395866458766696], [-0.0016148155269733405, 0.005742033339644352, 0.00011642603476434644], [-0.0021395866458766696, 0.00011642603476434623, 0.00321056993745141]], "chi2_level": 0.997, "chi2_df": 3, "chi2_threshold": 13.931422665512084, "N_raw": 34, "N_roi": 34, "N_inlier": 33, "refit": true}
{"timestamp": "12:10:36.263232", "frame": 48, "mu": [0.4197331051055888, 1.056415963499647, 1.3562459364138004], "Sigma": [[0.002903055558830143, -0.0005312603182819022, -0.0027935861086680427], [-0.0005312603182819023, 0.004712994415131654, -0.0015579405818958627], [-0.0027935861086680427, -0.0015579405818958627, 0.004058232175470863]], "chi2_level": 0.997, "chi2_df": 3, "chi2_threshold": 13.931422665512084, "N_raw": 57, "N_roi": 57, "N_inlier": 57, "refit": true}
{"timestamp": "12:10:36.324923", "frame": 49, "mu": [0.3656439539764983, 1.0310537743132644, 1.1917964737567406], "Sigma": [[0.0029051752579811706, -0.0009734133286969705, -0.0021688171066903683], [-0.0009734133286969707, 0.008011824575147748, 0.012933510239361418], [-0.0021688171066903683, 0.012933510239361418, 0.06177636261007659]], "chi2_level": 0.997, "chi2_df": 3, "chi2_threshold": 13.931422665512084, "N_raw": 101, "N_roi": 101, "N_inlier": 98, "refit": true}
{"timestamp": "12:10:36.373878", "frame": 50, "mu": [0.291860439438559, 1.1068762484681882, 1.1457812239597358], "Sigma": [[0.013879212532219862, -0.017840750777324308, 0.027309544289917158], [-0.017840750777324308, 0.024905547232955315, -0.03948707594840291], [0.02730954428991716, -0.03948707594840291, 0.08748218953965]], "chi2_level": 0.997, "chi2_df": 3, "chi2_threshold": 13.931422665512084, "N_raw": 57, "N_roi": 57, "N_inlier": 53, "refit": true}
{"timestamp": "12:10:36.433674", "frame": 51, "mu": [0.15764000383472979, 1.1840991876006526, 1.184843655954992], "Sigma": [[0.010552673723612148, -0.011983790086500433, 0.026911358711081895], [-0.011983790086500433, 0.019147990781902352, -0.04342249650572044], [0.02691135871108189, -0.04342249650572044, 0.16480565339471412]], "chi2_level": 0.997, "chi2_df": 3, "chi2_threshold": 13.931422665512084, "N_raw": 94, "N_roi": 94, "N_inlier": 91, "refit": true}
{"timestamp": "12:10:36.485629", "frame": 52, "mu": [0.13766285109688903, 1.0782075474545265, 1.338950951325243], "Sigma": [[0.00599304456062327, -0.006136869559657436, -0.02002829630722687], [-0.006136869559657436, 0.01025823455747404, 0.024344095337643944], [-0.02002829630722687, 0.02434409533764395, 0.09287961394262971]], "chi2_level": 0.997, "chi2_df": 3, "chi2_threshold": 13.931422665512084, "N_raw": 76, "N_roi": 76, "N_inlier": 74, "refit": true}
{"timestamp": "12:10:36.542201", "frame": 53, "mu": [0.059341644934541, 1.1161178604026782, 1.45368516877075], "Sigma": [[0.0034480371783780807, -0.0018484158005401268, -0.007964658416919936], [-0.001848415800540127, 0.006255959124007284, 0.00934236389669362], [-0.007964658416919936, 0.009342363896693618, 0.04917982109259439]], "chi2_level": 0.997, "chi2_df": 3, "chi2_threshold": 13.931422665512084, "N_raw": 75, "N_roi": 75, "N_inlier": 71, "refit": true}
{"timestamp": "12:10:36.598171", "frame": 54, "mu": [0.12402298741187488, 1.0037276900014016, 1.3326440780188944], "Sigma": [[0.003400929761390237, -0.002506024614498491, -0.0027582552634539312], [-0.0025060246144984915, 0.007652254280841641, 7.470536477737996e-05], [-0.0027582552634539317, 7.470536477737974e-05, 0.006856240508903685]], "chi2_level": 0.997, "chi2_df": 3, "chi2_threshold": 13.931422665512084, "N_raw": 85, "N_roi": 85, "N_inlier": 79, "refit": true}
{"timestamp": "12:10:36.704937", "frame": 56, "mu": [-0.0046450197565322164, 1.0521262459675444, 1.3939718592511046], "Sigma": [[0.0023214317387284995, -0.0009453884081826191, -0.0008600426051081246], [-0.000945388408182619, 0.00389411100560998, -0.0017539734572676676], [-0.0008600426051081244, -0.0017539734572676676, 0.013094554944410882]], "chi2_level": 0.997, "chi2_df": 3, "chi2_threshold": 13.931422665512084, "N_raw": 71, "N_roi": 71, "N_inlier": 68, "refit": true}
{"timestamp": "12:10:36.760915", "frame": 57, "mu": [-0.09033288843227716, 1.06244949720992, 1.477690415820455], "Sigma": [[0.0029302181924286547, -0.0011831613027955404, -0.002686217675734578], [-0.0011831613027955404, 0.005942148620552193, -0.0015549985926476676], [-0.002686217675734578, -0.0015549985926476676, 0.007124924395998191]], "chi2_level": 0.997, "chi2_df": 3, "chi2_threshold": 13.931422665512084, "N_raw": 75, "N_roi": 75, "N_inlier": 72, "refit": true}
{"timestamp": "12:10:36.814051", "frame": 58, "mu": [-0.12389855500259514, 0.9439961142092677, 1.3312337622222599], "Sigma": [[0.0033193958307619386, -0.004768026511996136, -0.004326410067540743], [-0.004768026511996136, 0.011919758422357582, 0.005647551439559799], [-0.004326410067540743, 0.005647551439559799, 0.006841245600223574]], "chi2_level": 0.997, "chi2_df": 3, "chi2_threshold": 13.931422665512084, "N_raw": 63, "N_roi": 63, "N_inlier": 62, "refit": true}
{"timestamp": "12:10:36.869447", "frame": 59, "mu": [-0.21982423881492247, 1.0383269054815443, 1.4986349878259697], "Sigma": [[0.002820085645580175, -0.0011385299687883734, -0.002002641877924778], [-0.0011385299687883734, 0.003996461395362574, -0.0014303740447077645], [-0.002002641877924778, -0.0014303740447077645, 0.007026574222041404]], "chi2_level": 0.997, "chi2_df": 3, "chi2_threshold": 13.931422665512084, "N_raw": 66, "N_roi": 66, "N_inlier": 63, "refit": true}
{"timestamp": "12:10:36.924738", "frame": 60, "mu": [-0.22954388194974829, 1.1798978091810055, -0.25798651359649993], "Sigma": [[0.002658511312083112, 0.0010906970510333974, -0.003000832153573797], [0.001090697051033397, 0.0037736398477648536, -0.004705012309765671], [-0.003000832153573797, -0.004705012309765671, 0.008833664462938338]], "chi2_level": 0.997, "chi2_df": 3, "chi2_threshold": 13.931422665512084, "N_raw": 63, "N_roi": 63, "N_inlier": 57, "refit": true}
{"timestamp": "12:10:36.982043", "frame": 61, "mu": [-0.282776241643033, 1.0523901360383514, 1.4886137523014598], "Sigma": [[0.0029533943325666034, -0.001645381166147875, -0.002253890023622031], [-0.001645381166147875, 0.005698884911253638, 0.0004472307154681544], [-0.0022538900236220316, 0.0004472307154681544, 0.016208930871176044]], "chi2_level": 0.997, "chi2_df": 3, "chi2_threshold": 13.931422665512084, "N_raw": 78, "N_roi": 78, "N_inlier": 74, "refit": true}
{"timestamp": "12:10:37.039762", "frame": 62, "mu": [-0.3195732071888867, 1.0409507832434992, 1.4475121843320988], "Sigma": [[0.005979512754942184, -0.004122182173320603, -0.010652608645931391], [-0.004122182173320603, 0.006385838891043741, 0.005810645726617222], [-0.010652608645931391, 0.005810645726617222, 0.0359474265469102]], "chi2_level": 0.997, "chi2_df": 3, "chi2_threshold": 13.931422665512084, "N_raw": 96, "N_roi": 96, "N_inlier": 92, "refit": true}
{"timestamp": "12:10:37.091101", "frame": 63, "mu": [-0.3399188423372022, 1.039850855822622, 1.4972534944364324], "Sigma": [[0.002659577119007386, -0.001531977851562648, -0.0024272109723798793], [-0.0015319778515626484, 0.008988631633333138, 0.0004174315130732057], [-0.0024272109723798793, 0.0004174315130732057, 0.004547218235421055]], "chi2_level": 0.997, "chi2_df": 3, "chi2_threshold": 13.931422665512084, "N_raw": 73, "N_roi": 72, "N_inlier": 69, "refit": true}
{"timestamp": "12:10:37.147912", "frame": 64, "mu": [-0.4131815386299366, 1.049067156272923, 1.4398973330036517], "Sigma": [[0.003931879371688738, -0.002485351432993439, -0.003252393109690869], [-0.002485351432993439, 0.0051720396159392465, 0.00042604001577034123], [-0.003252393109690869, 0.00042604001577034134, 0.018894116894272745]], "chi2_level": 0.997, "chi2_df": 3, "chi2_threshold": 13.931422665512084, "N_raw": 83, "N_roi": 83, "N_inlier": 81, "refit": true}
{"timestamp": "12:10:37.203752", "frame": 65, "mu": [-0.456309520096839, 1.014682424514892, 1.3904099619388828], "Sigma": [[0.004583592689659089, -0.004797367180841376, -0.0078448530449769], [-0.004797367180841375, 0.012954045626403789, 0.008151290992198407], [-0.0078448530449769, 0.008151290992198407, 0.022546626284536297]], "chi2_level": 0.997, "chi2_df": 3, "chi2_threshold": 13.931422665512084, "N_raw": 85, "N_roi": 85, "N_inlier": 83, "refit": true}
{"timestamp": "12:10:37.258568", "frame": 66, "mu": [-0.5147103861249006, 1.082820803352529, 1.4424679227157537], "Sigma": [[0.004471931397879099, -0.0018041121304367628, -0.0017494331419531854], [-0.0018041121304367628, 0.00789574685699749, -0.0016375086694633148], [-0.0017494331419531854, -0.0016375086694633148, 0.0017826629221717365]], "chi2_level": 0.997, "chi2_df": 3, "chi2_threshold": 13.931422665512084, "N_raw": 83, "N_roi": 83, "N_inlier": 79, "refit": true}
{"timestamp": "12:10:37.307639", "frame": 67, "mu": [-0.5445125146930913, 1.0821478309513903, 1.421985675662009], "Sigma": [[0.0028890542761380623, 0.0004415684893757808, -0.0066384505119945], [0.0004415684893757808, 0.006740594276341332, -0.0015612514415475473], [-0.0066384505119945, -0.0015612514415475477, 0.04465684669424899]], "chi2_level": 0.997, "chi2_df": 3, "chi2_threshold": 13.931422665512084, "N_raw": 42, "N_roi": 41, "N_inlier": 40, "refit": true}
{"timestamp": "12:10:37.363571", "frame": 68, "mu": [-0.6152326744229671, 1.107713092011381, 1.5152894829171195], "Sigma": [[0.004343940304031815, -0.002525146551699175, -0.004074660121126525], [-0.002525146551699175, 0.008269595729399176, 0.003135467407631946], [-0.004074660121126525, 0.003135467407631946, 0.006149090628831741]], "chi2_level": 0.997, "chi2_df": 3, "chi2_threshold": 13.931422665512084, "N_raw": 61, "N_roi": 61, "N_inlier": 59, "refit": true}
{"timestamp": "12:10:37.420527", "frame": 69, "mu": [-0.6605381214516813, 1.1349117692556494, 1.459514020684903], "Sigma": [[0.006554276171090978, -0.0034556786917861473, -0.013807557711393921], [-0.0034556786917861473, 0.00854113991289563, 0.013741401859267196], [-0.013807557711393921, 0.013741401859267196, 0.09783462647461205]], "chi2_level": 0.997, "chi2_df": 3, "chi2_threshold": 13.931422665512084, "N_raw": 70, "N_roi": 70, "N_inlier": 68, "refit": true}
{"timestamp": "12:10:37.475503", "frame": 70, "mu": [-0.7082533717529057, 1.1580308400698298, 1.5046871788910736], "Sigma": [[0.004539713957690995, -0.0031885013150088834, -0.004596772262581759], [-0.0031885013150088834, 0.012297908074770327, 0.004903161912492032], [-0.004596772262581759, 0.004903161912492032, 0.006933598081982581]], "chi2_level": 0.997, "chi2_df": 3, "chi2_threshold": 13.931422665512084, "N_raw": 68, "N_roi": 68, "N_inlier": 66, "refit": true}
{"timestamp": "12:10:37.528627", "frame": 71, "mu": [-0.7714948924548881, 1.1608098579415171, 1.4991030952856361], "Sigma": [[0.0042208889754089506, -0.0003214141717646855, -0.002287024118406949], [-0.0003214141717646856, 0.00814517687378422, 0.000503278240074363], [-0.002287024118406949, 0.0005032782400743629, 0.0025766760709495817]], "chi2_level": 0.997, "chi2_df": 3, "chi2_threshold": 13.931422665512084, "N_raw": 61, "N_roi": 61, "N_inlier": 59, "refit": true}
{"timestamp": "12:10:37.578441", "frame": 72, "mu": [-0.9805876464101593, 1.003444842957083, 1.56934214691698], "Sigma": [[0.052237778786442104, 0.023305466203391627, -0.05718127902239322], [0.023305466203391627, 0.0361654670928296, -0.004373731788759962], [-0.05718127902239323, -0.004373731788759962, 0.10381086699635854]], "chi2_level": 0.997, "chi2_df": 3, "chi2_threshold": 13.931422665512084, "N_raw": 23, "N_roi": 23, "N_inlier": 22, "refit": true}
{"timestamp": "12:10:37.637143", "frame": 73, "mu": [-0.8901305393370109, 1.1778857419882902, 1.630268718207756], "Sigma": [[0.017618806689353863, 0.009926980226253851, -0.011792196440207212], [0.009926980226253851, 0.012849683470685679, -0.007301029104667108], [-0.011792196440207212, -0.007301029104667108, 0.01117962092571349]], "chi2_level": 0.997, "chi2_df": 3, "chi2_threshold": 13.931422665512084, "N_raw": 52, "N_roi": 52, "N_inlier": 49, "refit": true}
{"timestamp": "12:10:37.688677", "frame": 74, "mu": [-0.878676668669276, 1.2748292624704218, 1.342750312618566], "Sigma": [[0.0026799088208350787, -0.0008303736338232566, -0.014172161043561678], [-0.0008303736338232566, 0.009588451633089908, 0.0008483755806609596], [-0.014172161043561676, 0.0008483755806609587, 0.2520986418363503]], "chi2_level": 0.997, "chi2_df": 3, "chi2_threshold": 13.931422665512084, "N_raw": 22, "N_roi": 20, "N_inlier": 19, "refit": true}
{"timestamp": "12:10:37.747158", "frame": 75, "mu": [-1.1273894767756019, 1.0438476583835654, 1.6010771025912658], "Sigma": [[0.04553446449216171, 0.014197365166410514, -0.03058391292709308], [0.014197365166410514, 0.016957458099874624, -0.005015853684762348], [-0.03058391292709308, -0.005015853684762348, 0.02627082774446229]], "chi2_level": 0.997, "chi2_df": 3, "chi2_threshold": 13.931422665512084, "N_raw": 55, "N_roi": 55, "N_inlier": 53, "refit": true}
{"timestamp": "12:10:37.804456", "frame": 76, "mu": [-1.0978601684752625, 1.0554930481191114, 1.5164992438062799], "Sigma": [[0.03739130897813696, 0.017069871046764884, -0.02779632735494131], [0.017069871046764887, 0.018959824732219313, -0.009092394397948813], [-0.02779632735494131, -0.009092394397948811, 0.028145748503868105]], "chi2_level": 0.997, "chi2_df": 3, "chi2_threshold": 13.931422665512084, "N_raw": 65, "N_roi": 65, "N_inlier": 62, "refit": true}
{"timestamp": "12:10:37.861961", "frame": 77, "mu": [-1.129281455065498, 1.1050974429970508, 1.4342220486740747], "Sigma": [[0.05477192546306337, 0.04787311325361758, -0.0385072096216931], [0.04787311325361758, 0.05544536919604025, -0.036012518631157335], [-0.0385072096216931, -0.036012518631157335, 0.03280029803811961]], "chi2_level": 0.997, "chi2_df": 3, "chi2_threshold": 13.931422665512084, "N_raw": 84, "N_roi": 84, "N_inlier": 82, "refit": true}
{"timestamp": "12:10:37.913279", "frame": 78, "mu": [-1.3550282805462754, 1.0703242742653838, -0.16615826580519696], "Sigma": [[0.021595966633805558, 0.017617155867709275, -0.0033746001670478384], [0.01761715586770927, 0.02911671191615567, 0.004555109404170204], [-0.0033746001670478384, 0.004555109404170203, 0.006671798396279767]], "chi2_level": 0.997, "chi2_df": 3, "chi2_threshold": 13.931422665512084, "N_raw": 54, "N_roi": 54, "N_inlier": 53, "refit": true}
{"timestamp": "12:10:37.969876", "frame": 79, "mu": [-1.2759490880055908, 1.123205562211568, 1.5705268983462166], "Sigma": [[0.03995991296235223, 0.03497914437088581, -0.018904332137662593], [0.03497914437088581, 0.04577223210723076, -0.008029936980410452], [-0.018904332137662593, -0.00802993698041045, 0.01726676837891204]], "chi2_level": 0.997, "chi2_df": 3, "chi2_threshold": 13.931422665512084, "N_raw": 67, "N_roi": 67, "N_inlier": 66, "refit": true}
{"timestamp": "12:10:38.026571", "frame": 80, "mu": [-1.3496156541474427, 1.1940859795011902, 0.026011314277384123], "Sigma": [[0.028173529626687687, 0.02197063141442923, -0.011305449909723085], [0.02197063141442923, 0.024908214703696252, -0.004298101524869442], [-0.011305449909723087, -0.00429810152486944, 0.038079138122104506]], "chi2_level": 0.997, "chi2_df": 3, "chi2_threshold": 13.931422665512084, "N_raw": 80, "N_roi": 80, "N_inlier": 78, "refit": true}
{"timestamp": "12:10:38.155388", "frame": 81, "mu": [-1.2618777072946261, 1.3430006650761457, -0.13738167919792021], "Sigma": [[0.07451881475282979, 0.06331877079872873, -0.08887289291098145], [0.06331877079872873, 0.062184321231768876, -0.06670467106515982], [-0.08887289291098145, -0.06670467106515982, 0.20486123861232783]], "chi2_level": 0.997, "chi2_df": 3, "chi2_threshold": 13.931422665512084, "N_raw": 106, "N_roi": 106, "N_inlier": 103, "refit": true}
{"timestamp": "12:10:38.169555", "frame": 82, "mu": [-1.285009888872884, 1.3573618341984375, -0.12606346185357079], "Sigma": [[0.07522974513172734, 0.06528311532124281, -0.086896091813162], [0.06528311532124281, 0.06188985087566191, -0.0716308530043679], [-0.08689609181316199, -0.0716308530043679, 0.16121448696131446]], "chi2_level": 0.997, "chi2_df": 3, "chi2_threshold": 13.931422665512084, "N_raw": 109, "N_roi": 109, "N_inlier": 106, "refit": true}
{"timestamp": "12:10:38.202616", "frame": 83, "mu": [-1.2231296631890207, 1.4866705762732613, -0.38053639880914275], "Sigma": [[0.08174019514442071, 0.07960520805548585, -0.09415245288041013], [0.07960520805548585, 0.08652374437878216, -0.09196199841976334], [-0.09415245288041013, -0.09196199841976335, 0.3188795631758139]], "chi2_level": 0.997, "chi2_df": 3, "chi2_threshold": 13.931422665512084, "N_raw": 75, "N_roi": 75, "N_inlier": 73, "refit": true}
{"timestamp": "12:10:38.250166", "frame": 84, "mu": [-1.2411836594342176, 1.4453949357158815, 1.3447488823277827], "Sigma": [[0.049353017171336, 0.021422963003943814, -0.09568171455137883], [0.021422963003943814, 0.019130645083273584, -0.033895340220517156], [-0.09568171455137883, -0.033895340220517156, 0.2852858470091943]], "chi2_level": 0.997, "chi2_df": 3, "chi2_threshold": 13.931422665512084, "N_raw": 101, "N_roi": 100, "N_inlier": 98, "refit": true}
{"timestamp": "12:10:38.302113", "frame": 85, "mu": [-1.3588590249494246, 1.2802174748231079, 1.006648806143916], "Sigma": [[0.06838173660190947, 0.06552424195261906, -0.08761544207503037], [0.06552424195261906, 0.06896983337688233, -0.08934632889799268], [-0.08761544207503037, -0.08934632889799268, 0.23940303627374063]], "chi2_level": 0.997, "chi2_df": 3, "chi2_threshold": 13.931422665512084, "N_raw": 79, "N_roi": 79, "N_inlier": 78, "refit": true}
{"timestamp": "12:10:38.354269", "frame": 86, "mu": [-1.5897465702678828, 1.2754249618243423, 1.8077806649472716], "Sigma": [[0.043832411862120293, 0.02492564934418138, -0.04364483255413451], [0.02492564934418138, 0.024232297490952782, -0.024279622504290693], [-0.04364483255413451, -0.024279622504290693, 0.04476997135682545]], "chi2_level": 0.997, "chi2_df": 3, "chi2_threshold": 13.931422665512084, "N_raw": 58, "N_roi": 58, "N_inlier": 56, "refit": true}
{"timestamp": "12:10:38.409568", "frame": 87, "mu": [-1.3317897374494985, 1.5766207855452739, 1.281941318082739], "Sigma": [[0.0630881045424445, 0.03413254566190707, -0.08253456686849867], [0.03413254566190707, 0.0280091058484738, -0.07824653251954898], [-0.0825345668684987, -0.07824653251954898, 0.3668020446926641]], "chi2_level": 0.997, "chi2_df": 3, "chi2_threshold": 13.931422665512084, "N_raw": 68, "N_roi": 68, "N_inlier": 67, "refit": true}
{"timestamp": "12:10:38.463328", "frame": 88, "mu": [-1.2954612695378287, 1.6204117321375708, 1.4014223328717097], "Sigma": [[0.028631742806884034, 0.014868993287718651, -0.02683701684083336], [0.014868993287718651, 0.0123221798117232, -0.0168956411807134], [-0.02683701684083336, -0.0168956411807134, 0.03318622493198849]], "chi2_level": 0.997, "chi2_df": 3, "chi2_threshold": 13.931422665512084, "N_raw": 54, "N_roi": 54, "N_inlier": 51, "refit": true}
{"timestamp": "12:10:38.512948", "frame": 89, "mu": [-1.6251391319397837, 1.4409389610616568, 1.567168516352321], "Sigma": [[0.10830381085275653, 0.04864982805238677, -0.12784570709498325], [0.04864982805238677, 0.02397894772665832, -0.059109564507696895], [-0.12784570709498325, -0.059109564507696895, 0.17937749272035844]], "chi2_level": 0.997, "chi2_df": 3, "chi2_threshold": 13.931422665512084, "N_raw": 20, "N_roi": 20, "N_inlier": 20, "refit": true}
{"timestamp": "12:10:38.567624", "frame": 90, "mu": [-1.201290182971279, 1.7694124359036592, 1.3917237438040586], "Sigma": [[0.006436517859244746, -0.0011050788115413905, -0.005113378024489285], [-0.0011050788115413905, 0.002891993520117428, 0.0020469336227000564], [-0.005113378024489285, 0.0020469336227000564, 0.010602653754670696]], "chi2_level": 0.997, "chi2_df": 3, "chi2_threshold": 13.931422665512084, "N_raw": 29, "N_roi": 29, "N_inlier": 27, "refit": true}
{"timestamp": "12:10:38.628896", "frame": 91, "mu": [-1.524981901291036, 1.745956560826862, 1.5108112425825544], "Sigma": [[0.050456837142364055, 0.02085369739418253, -0.03488027758250867], [0.02085369739418253, 0.018753921069849244, -0.021290066311671824], [-0.03488027758250867, -0.021290066311671824, 0.08428399585029521]], "chi2_level": 0.997, "chi2_df": 3, "chi2_threshold": 13.931422665512084, "N_raw": 71, "N_roi": 71, "N_inlier": 71, "refit": true}
{"timestamp": "12:10:38.684180", "frame": 92, "mu": [-1.37750420136454, 1.8707685953768503, 1.455052435163653], "Sigma": [[0.014040620892873659, -0.0005601040241709795, -0.0021677602334038296], [-0.0005601040241709795, 0.004475567107644193, 0.009600439856868977], [-0.0021677602334038296, 0.009600439856868979, 0.05861543836772051]], "chi2_level": 0.997, "chi2_df": 3, "chi2_threshold": 13.931422665512084, "N_raw": 58, "N_roi": 58, "N_inlier": 52, "refit": true}
