{"timestamp": "12:39:27.664948", "frame": 21, "mu": [-2.2617340607035405, 4.755650178198767, 0.9845665230870044], "Sigma": [[0.009671692537155259, 0.003163582088061452, -0.008200682962777438], [0.003163582088061452, 0.0023326093240711734, -0.005823455837778332], [-0.008200682962777438, -0.005823455837778332, 0.01959075074476944]], "chi2_level": 0.997, "chi2_df": 3, "chi2_threshold": 13.931422665512084, "N_raw": 13, "N_roi": 13, "N_inlier": 13, "refit": true}
{"timestamp": "12:39:27.782298", "frame": 23, "mu": [-2.134576907855131, 4.6732973644957765, 0.6260263472181956], "Sigma": [[0.03759815958159372, 0.006901640473183779, -0.005631329379877156], [0.006901640473183779, 0.00254535635676435, -0.005904957370735279], [-0.005631329379877156, -0.005904957370735278, 0.037674803052433564]], "chi2_level": 0.997, "chi2_df": 3, "chi2_threshold": 13.931422665512084, "N_raw": 55, "N_roi": 52, "N_inlier": 52, "refit": true}
{"timestamp": "12:39:28.051319", "frame": 28, "mu": [-2.3313407051267174, 4.2617396807975, 0.8615087923665318], "Sigma": [[0.004432804429031118, 0.0016710655453571633, -0.012766830462269532], [0.0016710655453571633, 0.0013989499859148385, -0.009243066659979409], [-0.012766830462269532, -0.009243066659979409, 0.13329536153571792]], "chi2_level": 0.997, "chi2_df": 3, "chi2_threshold": 13.931422665512084, "N_raw": 10, "N_roi": 10, "N_inlier": 10, "refit": true}
{"timestamp": "12:39:28.218931", "frame": 31, "mu": [-2.245933759107024, 4.134578149660422, 0.9021882327079459], "Sigma": [[0.02033915358214599, 0.008704122776943858, -0.0068462747362053435], [0.008704122776943858, 0.004224752139745667, -0.0046133434786938335], [-0.006846274736205344, -0.0046133434786938335, 0.015049963262865009]], "chi2_level": 0.997, "chi2_df": 3, "chi2_threshold": 13.931422665512084, "N_raw": 24, "N_roi": 24, "N_inlier": 23, "refit": true}
{"timestamp": "12:39:28.273826", "frame": 32, "mu": [-2.274260024929499, 4.0617081238048955, 0.8018063065650557], "Sigma": [[0.012190296110471373, 0.004590518980460746, -0.007211253519622259], [0.004590518980460746, 0.00268884030893154, -0.006231639123521976], [-0.007211253519622259, -0.006231639123521976, 0.026490452798892106]], "chi2_level": 0.997, "chi2_df": 3, "chi2_threshold": 13.931422665512084, "N_raw": 26, "N_roi": 23, "N_inlier": 23, "refit": true}
{"timestamp": "12:39:28.661262", "frame": 39, "mu": [-2.100414650999929, 3.485486890263004, 0.5587993085691533], "Sigma": [[0.017009329908438304, 0.0025428929578884176, -0.020914308581853204], [0.0025428929578884176, 0.0016717653699221664, -0.005290748515981216], [-0.020914308581853204, -0.005290748515981216, 0.061272863651819075]], "chi2_level": 0.997, "chi2_df": 3, "chi2_threshold": 13.931422665512084, "N_raw": 45, "N_roi": 43, "N_inlier": 42, "refit": true}
{"timestamp": "12:39:28.713863", "frame": 40, "mu": [-2.2600919936412245, 3.4165500256006887, 0.9932121018236417], "Sigma": [[0.015247579756062153, 0.005203592327646109, -0.010376046233943712], [0.005203592327646109, 0.0036177282518578663, -0.006245952054248421], [-0.010376046233943712, -0.006245952054248421, 0.016675702329479604]], "chi2_level": 0.997, "chi2_df": 3, "chi2_threshold": 13.931422665512084, "N_raw": 27, "N_roi": 27, "N_inlier": 27, "refit": true}
{"timestamp": "12:39:28.879331", "frame": 43, "mu": [-2.3155060244012815, 3.112817128468674, 0.512380869809581], "Sigma": [[0.015748804705649648, 0.002386341185429634, 0.0011756798017254566], [0.0023863411854296336, 0.005299619605498548, 0.0031995849035790285], [0.001175679801725457, 0.003199584903579028, 0.05862787945750864]], "chi2_level": 0.997, "chi2_df": 3, "chi2_threshold": 13.931422665512084, "N_raw": 28, "N_roi": 24, "N_inlier": 23, "refit": true}
{"timestamp": "12:39:28.934595", "frame": 44, "mu": [-2.353602746775636, 3.0949039456240346, 0.636689924254843], "Sigma": [[0.006389689443222826, 0.0019102927317838192, 0.0020890957309836226], [0.0019102927317838192, 0.002460714558131733, -0.004543993325846456], [0.0020890957309836226, -0.004543993325846457, 0.04269899922369265]], "chi2_level": 0.997, "chi2_df": 3, "chi2_threshold": 13.931422665512084, "N_raw": 31, "N_roi": 22, "N_inlier": 22, "refit": true}
{"timestamp": "12:39:28.993668", "frame": 45, "mu": [-2.35023592936315, 3.035048838276729, 0.5885496941629268], "Sigma": [[0.0073184408345245205, 0.0035299972758105914, -0.0019302293577881462], [0.003529997275810591, 0.0033049848411797066, -0.004817129280036809], [-0.0019302293577881462, -0.004817129280036809, 0.027698845582461714]], "chi2_level": 0.997, "chi2_df": 3, "chi2_threshold": 13.931422665512084, "N_raw": 48, "N_roi": 26, "N_inlier": 25, "refit": true}
{"timestamp": "12:39:29.048520", "frame": 46, "mu": [-2.295160186616579, 2.917513539449703, 0.4332123323319877], "Sigma": [[0.011565417568400968, 0.0037980936582437336, -0.0007194618130655519], [0.0037980936582437336, 0.003910037404978307, 0.0010686877806345217], [-0.0007194618130655527, 0.0010686877806345219, 0.0704313732884432]], "chi2_level": 0.997, "chi2_df": 3, "chi2_threshold": 13.931422665512084, "N_raw": 51, "N_roi": 39, "N_inlier": 38, "refit": true}
{"timestamp": "12:39:29.098188", "frame": 47, "mu": [-2.353721146292637, 2.822947077498134, 0.4467831564841473], "Sigma": [[0.006049199296371803, 0.0031947637002381502, 0.005154728212886247], [0.0031947637002381502, 0.002444747197876021, 0.004276044915194079], [0.005154728212886248, 0.004276044915194079, 0.04476478175561424]], "chi2_level": 0.997, "chi2_df": 3, "chi2_threshold": 13.931422665512084, "N_raw": 14, "N_roi": 13, "N_inlier": 13, "refit": true}
{"timestamp": "12:39:29.152625", "frame": 48, "mu": [-2.3542743335851863, 2.772450277541555, 0.7247933454506892], "Sigma": [[0.007436616261607908, 0.0019344957098811086, 0.00884583916989497], [0.0019344957098811086, 0.0016888143145596705, -0.0012542103531447877], [0.008845839169894973, -0.0012542103531447881, 0.045246469734299785]], "chi2_level": 0.997, "chi2_df": 3, "chi2_threshold": 13.931422665512084, "N_raw": 25, "N_roi": 20, "N_inlier": 20, "refit": true}
{"timestamp": "12:39:29.264125", "frame": 50, "mu": [-2.293305673723635, 2.6995852769552258, 1.2106884810120166], "Sigma": [[0.011371758313420272, 0.0058574256036262665, -0.01053776799673059], [0.0058574256036262665, 0.005568341005720412, -0.007428981990546987], [-0.01053776799673059, -0.007428981990546986, 0.013530899006068669]], "chi2_level": 0.997, "chi2_df": 3, "chi2_threshold": 13.931422665512084, "N_raw": 27, "N_roi": 26, "N_inlier": 24, "refit": true}
{"timestamp": "12:39:29.323057", "frame": 51, "mu": [-2.2817372690785995, 2.643010020625902, 1.051929596879979], "Sigma": [[0.01460096880567374, 0.007226897556178681, -0.007126697344151703], [0.007226897556178681, 0.006756703144306235, -0.009134568394358146], [-0.007126697344151703, -0.009134568394358146, 0.016522917315636182]], "chi2_level": 0.997, "chi2_df": 3, "chi2_threshold": 13.931422665512084, "N_raw": 53, "N_roi": 44, "N_inlier": 44, "refit": true}
{"timestamp": "12:39:29.430726", "frame": 53, "mu": [-2.249072956624583, 2.472973939078723, 0.8368260909099952], "Sigma": [[0.01121483093188586, 0.003713382718278909, -0.00943118217019751], [0.003713382718278909, 0.0034240760871593044, -0.00686063590153445], [-0.00943118217019751, -0.00686063590153445, 0.01795571731307059]], "chi2_level": 0.997, "chi2_df": 3, "chi2_threshold": 13.931422665512084, "N_raw": 36, "N_roi": 31, "N_inlier": 31, "refit": true}
{"timestamp": "12:39:29.485832", "frame": 54, "mu": [-2.2822615650956886, 2.377133456037339, 0.8130876804573202], "Sigma": [[0.013456311820261722, 0.00627172365657634, -0.008384743438434695], [0.00627172365657634, 0.003933052694697786, -0.006160691515581703], [-0.008384743438434695, -0.006160691515581703, 0.013900359697633211]], "chi2_level": 0.997, "chi2_df": 3, "chi2_threshold": 13.931422665512084, "N_raw": 36, "N_roi": 28, "N_inlier": 27, "refit": true}
{"timestamp": "12:39:29.537660", "frame": 55, "mu": [-2.2354969311989876, 2.321793633159195, 0.7614789653262057], "Sigma": [[0.007072133217171847, 0.0022775485913417055, -0.0015855130379315214], [0.002277548591341705, 0.001574691778631502, -0.0020113854406343767], [-0.0015855130379315208, -0.0020113854406343767, 0.01468272907603862]], "chi2_level": 0.997, "chi2_df": 3, "chi2_threshold": 13.931422665512084, "N_raw": 17, "N_roi": 17, "N_inlier": 16, "refit": true}
{"timestamp": "12:39:29.653858", "frame": 57, "mu": [-2.2555462468612717, 2.0700285799502596, 0.9622552728992599], "Sigma": [[0.016448506379851045, 0.012469810469039458, -0.0312606767648816], [0.012469810469039458, 0.014550885785226024, -0.032215544227765784], [-0.0312606767648816, -0.032215544227765784, 0.12424720332283819]], "chi2_level": 0.997, "chi2_df": 3, "chi2_threshold": 13.931422665512084, "N_raw": 58, "N_roi": 49, "N_inlier": 48, "refit": true}
{"timestamp": "12:39:29.708131", "frame": 58, "mu": [-2.3506500644265547, 1.8761826719608596, 1.1506516739683257], "Sigma": [[0.011395668300283142, 0.010975255664645302, -0.014766287029405079], [0.010975255664645304, 0.016954030604103137, -0.018607854045767244], [-0.014766287029405079, -0.018607854045767244, 0.02889914520871046]], "chi2_level": 0.997, "chi2_df": 3, "chi2_threshold": 13.931422665512084, "N_raw": 59, "N_roi": 27, "N_inlier": 27, "refit": true}
{"timestamp": "12:39:29.760964", "frame": 59, "mu": [-2.3505111104648355, 1.817279250775272, 1.086589194221088], "Sigma": [[0.016094631822764917, 0.012795307207804939, -0.010758216014458786], [0.012795307207804939, 0.014430582002829614, -0.016629217550403738], [-0.010758216014458786, -0.016629217550403738, 0.02984041008586972]], "chi2_level": 0.997, "chi2_df": 3, "chi2_threshold": 13.931422665512084, "N_raw": 37, "N_roi": 21, "N_inlier": 21, "refit": true}
{"timestamp": "12:39:29.813209", "frame": 60, "mu": [-2.25693958000113, 1.880042302869421, 1.0381057185286073], "Sigma": [[0.039824426292047375, 0.021155924359004843, -0.042999345984443854], [0.021155924359004843, 0.012794616442866533, -0.027026498415577783], [-0.042999345984443854, -0.027026498415577783, 0.06391517978478715]], "chi2_level": 0.997, "chi2_df": 3, "chi2_threshold": 13.931422665512084, "N_raw": 20, "N_roi": 12, "N_inlier": 12, "refit": true}
{"timestamp": "12:39:29.868684", "frame": 61, "mu": [-2.2792079347232206, 1.7652705516845173, 1.179893743241262], "Sigma": [[0.039797884776157845, 0.01513811822860477, -0.054420859279911624], [0.01513811822860477, 0.010541228651443486, -0.025273679167931867], [-0.054420859279911624, -0.025273679167931867, 0.08719799013672906]], "chi2_level": 0.997, "chi2_df": 3, "chi2_threshold": 13.931422665512084, "N_raw": 25, "N_roi": 22, "N_inlier": 22, "refit": true}
{"timestamp": "12:39:29.927022", "frame": 62, "mu": [-2.206523219911023, 1.649610646539267, 1.1150613027786334], "Sigma": [[0.016774795148875157, 0.008130818515278162, -0.01684565008433988], [0.008130818515278162, 0.013755194529039954, -0.00953565517839188], [-0.01684565008433988, -0.00953565517839188, 0.033253354740964886]], "chi2_level": 0.997, "chi2_df": 3, "chi2_threshold": 13.931422665512084, "N_raw": 45, "N_roi": 45, "N_inlier": 45, "refit": true}
{"timestamp": "12:39:29.987801", "frame": 63, "mu": [-2.2806396947092615, 1.7214667662397063, -0.4647823367839606], "Sigma": [[0.013098765598711879, 0.006604028153991284, 0.00319686121352888], [0.006604028153991283, 0.022544503224804953, -0.013447132887953276], [0.0031968612135288804, -0.013447132887953274, 0.08171467211519748]], "chi2_level": 0.997, "chi2_df": 3, "chi2_threshold": 13.931422665512084, "N_raw": 76, "N_roi": 71, "N_inlier": 70, "refit": true}
{"timestamp": "12:39:30.043019", "frame": 64, "mu": [-2.300207171000762, 1.4062131507552156, 1.048247262726696], "Sigma": [[0.014196853137655644, 0.0025794003746637036, 0.004307861841985334], [0.002579400374663704, 0.02168054168032705, -0.0030565323274213364], [0.004307861841985334, -0.003056532327421338, 0.0958530981169435]], "chi2_level": 0.997, "chi2_df": 3, "chi2_threshold": 13.931422665512084, "N_raw": 90, "N_roi": 74, "N_inlier": 74, "refit": true}
{"timestamp": "12:39:30.092186", "frame": 65, "mu": [-2.213426746937184, 1.270808722933197, 1.0765442016049482], "Sigma": [[0.0090739602165573, 0.0005710475115627922, -0.008893831256263498], [0.0005710475115627929, 0.02128986804930117, 0.0023339944826409123], [-0.008893831256263498, 0.0023339944826409127, 0.009873700229669562]], "chi2_level": 0.997, "chi2_df": 3, "chi2_threshold": 13.931422665512084, "N_raw": 48, "N_roi": 48, "N_inlier": 46, "refit": true}
{"timestamp": "12:39:30.148932", "frame": 66, "mu": [-2.209673183435524, 1.2056179716983921, -0.7564112372099994], "Sigma": [[0.010255592337278388, 0.007821843886285866, -0.0003915933019506331], [0.007821843886285866, 0.08184907083811356, 0.05177040232389381], [-0.0003915933019506331, 0.05177040232389381, 0.04024693357040704]], "chi2_level": 0.997, "chi2_df": 3, "chi2_threshold": 13.931422665512084, "N_raw": 56, "N_roi": 56, "N_inlier": 54, "refit": true}
{"timestamp": "12:39:30.203056", "frame": 67, "mu": [-2.196436181840074, 1.1869855050356874, 1.0624985592009826], "Sigma": [[0.010223784284766575, -3.5805321685468275e-05, -0.00863318518884857], [-3.5805321685468275e-05, 0.02495472751630002, 0.0008093270720196929], [-0.00863318518884857, 0.000809327072019693, 0.009851651478157272]], "chi2_level": 0.997, "chi2_df": 3, "chi2_threshold": 13.931422665512084, "N_raw": 53, "N_roi": 53, "N_inlier": 52, "refit": true}
{"timestamp": "12:39:30.259948", "frame": 68, "mu": [-2.162270853686973, 1.2060792739013153, 1.092180602343983], "Sigma": [[0.01389721743693184, 0.0084770801181026, -0.009551577762319366], [0.008477080118102602, 0.02709591215469692, -0.007339515423424121], [-0.009551577762319366, -0.007339515423424121, 0.007636122083901828]], "chi2_level": 0.997, "chi2_df": 3, "chi2_threshold": 13.931422665512084, "N_raw": 65, "N_roi": 65, "N_inlier": 65, "refit": true}
{"timestamp": "12:39:30.316155", "frame": 69, "mu": [-2.120753890000037, 1.1737210451728848, 1.080458581630732], "Sigma": [[0.01743266804020325, 0.015623301502640855, -0.007690720145587924], [0.015623301502640855, 0.021157226337109182, -0.015036257270837365], [-0.007690720145587924, -0.015036257270837365, 0.01618729693379007]], "chi2_level": 0.997, "chi2_df": 3, "chi2_threshold": 13.931422665512084, "N_raw": 76, "N_roi": 76, "N_inlier": 76, "refit": true}
{"timestamp": "12:39:30.369009", "frame": 70, "mu": [-2.1599165008953625, 1.0876660492099883, 0.9978304126982342], "Sigma": [[0.008532222270220262, 0.007927663169269456, 8.525613059242004e-05], [0.007927663169269456, 0.010238568728839263, -0.0037946598402050415], [8.525613059241961e-05, -0.003794659840205041, 0.031177087575660574]], "chi2_level": 0.997, "chi2_df": 3, "chi2_threshold": 13.931422665512084, "N_raw": 59, "N_roi": 59, "N_inlier": 59, "refit": true}
{"timestamp": "12:39:30.424550", "frame": 71, "mu": [-2.1442001903374015, 1.0610614206430489, 1.1340160347774257], "Sigma": [[0.006844339310744047, 0.0060189365951702125, -0.0002491807080986885], [0.0060189365951702125, 0.009478552471551684, -0.003924366707868464], [-0.0002491807080986883, -0.003924366707868465, 0.05005777588386259]], "chi2_level": 0.997, "chi2_df": 3, "chi2_threshold": 13.931422665512084, "N_raw": 58, "N_roi": 58, "N_inlier": 57, "refit": true}
{"timestamp": "12:39:30.479044", "frame": 72, "mu": [-2.135982175552975, 0.9715955347102261, 1.0333702001403122], "Sigma": [[0.007994918274471388, 0.007532045605679317, -9.964337144339303e-05], [0.007532045605679317, 0.012315934072419195, -0.00822846731376138], [-9.964337144339292e-05, -0.008228467313761378, 0.018776638456212087]], "chi2_level": 0.997, "chi2_df": 3, "chi2_threshold": 13.931422665512084, "N_raw": 54, "N_roi": 54, "N_inlier": 54, "refit": true}
{"timestamp": "12:39:30.532024", "frame": 73, "mu": [-2.142602633617757, 1.212854530768341, -0.5927061618068018], "Sigma": [[0.012503797335018725, 0.010272383239414606, 0.005986313987020271], [0.01027238323941461, 0.017734062183876166, 0.003111058605310805], [0.005986313987020271, 0.003111058605310804, 0.019096885390132205]], "chi2_level": 0.997, "chi2_df": 3, "chi2_threshold": 13.931422665512084, "N_raw": 46, "N_roi": 45, "N_inlier": 45, "refit": true}
{"timestamp": "12:39:30.586118", "frame": 74, "mu": [-2.1166186635855357, 0.9455058347327372, 1.0867018984519936], "Sigma": [[0.009411777112463866, 0.010360177995749707, -0.0027889449041139935], [0.010360177995749708, 0.012851530306351184, -0.004271894192520377], [-0.0027889449041139944, -0.004271894192520376, 0.016111356580149342]], "chi2_level": 0.997, "chi2_df": 3, "chi2_threshold": 13.931422665512084, "N_raw": 41, "N_roi": 41, "N_inlier": 41, "refit": true}
{"timestamp": "12:39:30.640914", "frame": 75, "mu": [-2.0269006377459533, 0.8858022910596355, 1.0472160651629188], "Sigma": [[0.006782007082729723, 0.0061840027773354175, 0.0019187692794725916], [0.0061840027773354175, 0.008860976535009802, -0.003020477959382949], [0.0019187692794725916, -0.003020477959382949, 0.012600018479852143]], "chi2_level": 0.997, "chi2_df": 3, "chi2_threshold": 13.931422665512084, "N_raw": 41, "N_roi": 41, "N_inlier": 41, "refit": true}
{"timestamp": "12:39:30.699064", "frame": 76, "mu": [-2.0290302368575355, 0.7136620631039158, 0.9003438906829975], "Sigma": [[0.009575588257441483, 0.01139802369318148, 0.008213821968674987], [0.011398023693181481, 0.018792465807196304, 0.007316783987911735], [0.008213821968674987, 0.007316783987911735, 0.02853568549132196]], "chi2_level": 0.997, "chi2_df": 3, "chi2_threshold": 13.931422665512084, "N_raw": 62, "N_roi": 62, "N_inlier": 59, "refit": true}
{"timestamp": "12:39:30.751185", "frame": 77, "mu": [-1.99744531093131, 0.7868729492213373, 0.9660420338032619], "Sigma": [[0.013756488539249318, 0.007724679665029485, 0.00969890186055988], [0.007724679665029485, 0.012315166878977494, 0.0012063539364678669], [0.00969890186055988, 0.0012063539364678666, 0.01889244813005754]], "chi2_level": 0.997, "chi2_df": 3, "chi2_threshold": 13.931422665512084, "N_raw": 39, "N_roi": 39, "N_inlier": 38, "refit": true}
{"timestamp": "12:39:30.807985", "frame": 78, "mu": [-1.9423940491215836, 0.6706588844590473, 1.0363936262339277], "Sigma": [[0.008368499271595343, 0.008881810997832222, 0.0017190287281191627], [0.008881810997832222, 0.015398727115249667, -0.004469239212611576], [0.0017190287281191629, -0.004469239212611576, 0.009652785484850329]], "chi2_level": 0.997, "chi2_df": 3, "chi2_threshold": 13.931422665512084, "N_raw": 49, "N_roi": 49, "N_inlier": 49, "refit": true}
{"timestamp": "12:39:30.862364", "frame": 79, "mu": [-1.9320644944233705, 0.8411343367596206, -0.8638627775748201], "Sigma": [[0.0057557471307464105, 0.006325845569555632, 0.0027177902994039486], [0.006325845569555632, 0.011896256323424191, -0.001543234467713523], [0.0027177902994039486, -0.0015432344677135227, 0.019175524402725422]], "chi2_level": 0.997, "chi2_df": 3, "chi2_threshold": 13.931422665512084, "N_raw": 48, "N_roi": 48, "N_inlier": 44, "refit": true}
{"timestamp": "12:39:30.918096", "frame": 80, "mu": [-1.8855814330407685, 0.6115885776278625, 1.0553367549864898], "Sigma": [[0.006231058429196071, 0.005260842805241505, 1.1901202505706031e-05], [0.005260842805241507, 0.008270189382951086, -0.0036723060106418474], [1.1901202505706248e-05, -0.003672306010641848, 0.01682918376070421]], "chi2_level": 0.997, "chi2_df": 3, "chi2_threshold": 13.931422665512084, "N_raw": 51, "N_roi": 51, "N_inlier": 48, "refit": true}
{"timestamp": "12:39:30.972330", "frame": 81, "mu": [-1.4400351746479287, 0.47022726213621735, 0.9650000708093925], "Sigma": [[1.3453309144129422, -0.019962460073895214, 0.03479468798753908], [-0.019962460073895218, 0.005230065141704374, -0.00348036007003639], [0.03479468798753908, -0.00348036007003639, 0.012559710090833067]], "chi2_level": 0.997, "chi2_df": 3, "chi2_threshold": 13.931422665512084, "N_raw": 47, "N_roi": 47, "N_inlier": 46, "refit": true}
{"timestamp": "12:39:31.026741", "frame": 82, "mu": [-1.345440812326856, 0.5003100447961408, 1.0561581680747583], "Sigma": [[1.5055443891852134, -0.014279202483516523, 0.03351496265117178], [-0.014279202483516523, 0.005105056515388589, -0.00546925529602316], [0.03351496265117178, -0.00546925529602316, 0.008827985264264907]], "chi2_level": 0.997, "chi2_df": 3, "chi2_threshold": 13.931422665512084, "N_raw": 49, "N_roi": 49, "N_inlier": 48, "refit": true}
{"timestamp": "12:39:31.085461", "frame": 83, "mu": [-1.0045647068611623, 0.47752142927076513, 1.0324361913686482], "Sigma": [[2.0461967389664473, -0.041184825211403014, 0.028658582470254292], [-0.041184825211403014, 0.015410521116889628, 0.00010107853710761408], [0.02865858247025429, 0.00010107853710761419, 0.011368818599428562]], "chi2_level": 0.997, "chi2_df": 3, "chi2_threshold": 13.931422665512084, "N_raw": 63, "N_roi": 63, "N_inlier": 62, "refit": true}
{"timestamp": "12:39:31.139177", "frame": 84, "mu": [-0.8765097250409603, 0.6897672315256995, -0.7324168565941254], "Sigma": [[2.1315017430856344, -0.059434031602308465, 0.028024005929625964], [-0.05943403160230845, 0.01394265767409763, -0.0007444150399937496], [0.028024005929625964, -0.0007444150399937496, 0.0022283050580271064]], "chi2_level": 0.997, "chi2_df": 3, "chi2_threshold": 13.931422665512084, "N_raw": 52, "N_roi": 52, "N_inlier": 52, "refit": true}
{"timestamp": "12:39:31.193699", "frame": 85, "mu": [-0.980820411344276, 0.6895314442458707, -0.7395946059467123], "Sigma": [[1.9630269676629808, -0.037219782591653275, 0.03305281678843175], [-0.03721978259165328, 0.011802862048399107, -0.0023645827812284245], [0.03305281678843175, -0.0023645827812284236, 0.0018648193098844692]], "chi2_level": 0.997, "chi2_df": 3, "chi2_threshold": 13.931422665512084, "N_raw": 51, "N_roi": 51, "N_inlier": 49, "refit": true}
{"timestamp": "12:39:31.248483", "frame": 86, "mu": [-0.3647470189928755, 0.42611858223637333, 1.0443028894571569], "Sigma": [[2.697665174557984, -0.008341643231861966, 0.027231872231191973], [-0.008341643231861963, 0.012277977988332975, 0.0009670148213661036], [0.027231872231191976, 0.0009670148213661038, 0.007198199541611615]], "chi2_level": 0.997, "chi2_df": 3, "chi2_threshold": 13.931422665512084, "N_raw": 50, "N_roi": 50, "N_inlier": 50, "refit": true}
{"timestamp": "12:39:31.303867", "frame": 87, "mu": [-0.2756073136520568, 0.4132385803545299, 1.017520038014927], "Sigma": [[2.6970600707319075, 0.020477823295710684, 0.018187015448728184], [0.020477823295710688, 0.009210120142249681, 0.0017012440227338874], [0.018187015448728187, 0.0017012440227338879, 0.018021459297003946]], "chi2_level": 0.997, "chi2_df": 3, "chi2_threshold": 13.931422665512084, "N_raw": 60, "N_roi": 60, "N_inlier": 59, "refit": true}
{"timestamp": "12:39:31.358752", "frame": 88, "mu": [-0.5218698324360656, 0.4454594146338101, 1.0724045484909666], "Sigma": [[2.47520441410307, -0.02280489063286514, 0.0397490477400175], [-0.02280489063286514, 0.007559414651219398, 0.00015240824006921509], [0.0397490477400175, 0.00015240824006921552, 0.008356327319607861]], "chi2_level": 0.997, "chi2_df": 3, "chi2_threshold": 13.931422665512084, "N_raw": 55, "N_roi": 55, "N_inlier": 52, "refit": true}
{"timestamp": "12:39:31.412916", "frame": 89, "mu": [-0.14478704714617302, 0.6328608795452674, -0.8797534649588021], "Sigma": [[2.6051692296215685, 0.08955860230560568, 0.012588666499176292], [0.0895586023056057, 0.012677268030021135, 0.000773954797076552], [0.012588666499176289, 0.0007739547970765517, 0.010714859493012298]], "chi2_level": 0.997, "chi2_df": 3, "chi2_threshold": 13.931422665512084, "N_raw": 52, "N_roi": 52, "N_inlier": 50, "refit": true}
{"timestamp": "12:39:31.470011", "frame": 90, "mu": [-0.00664649700616992, 0.4557192097824213, -0.934623068115476], "Sigma": [[2.4340445959059815, -0.011309256280259458, -0.04862728709425871], [-0.011309256280259469, 0.01911393329990769, -0.004657824939639628], [-0.04862728709425872, -0.004657824939639628, 0.013234835034153151]], "chi2_level": 0.997, "chi2_df": 3, "chi2_threshold": 13.931422665512084, "N_raw": 59, "N_roi": 59, "N_inlier": 59, "refit": true}
{"timestamp": "12:39:31.525042", "frame": 91, "mu": [-0.22253683778135214, 0.3752226853243892, 1.0345086998204647], "Sigma": [[2.3363193537059646, 0.069800905468342, -0.018121697282356602], [0.06980090546834199, 0.011555540097728039, 0.0012347355169785687], [-0.018121697282356596, 0.001234735516978569, 0.016841052154690023]], "chi2_level": 0.997, "chi2_df": 3, "chi2_threshold": 13.931422665512084, "N_raw": 62, "N_roi": 62, "N_inlier": 61, "refit": true}
{"timestamp": "12:39:31.581047", "frame": 92, "mu": [0.27977261948762283, 0.584304716372176, -0.7959667757194431], "Sigma": [[2.024425275746971, 0.03690873057052, -0.07553896642368793], [0.03690873057052001, 0.008250674008137752, 0.0005164614591421015], [-0.07553896642368793, 0.0005164614591421017, 0.02415468056072506]], "chi2_level": 0.997, "chi2_df": 3, "chi2_threshold": 13.931422665512084, "N_raw": 58, "N_roi": 58, "N_inlier": 58, "refit": true}
{"timestamp": "12:39:31.635907", "frame": 93, "mu": [-0.14394674926873285, 0.33730951142873267, 1.0373855510631935], "Sigma": [[2.187023747632097, 0.04347526659306601, 0.003456909367994015], [0.04347526659306601, 0.007845807546897204, 0.004847925043849519], [0.003456909367994012, 0.00484792504384952, 0.02249840503332048]], "chi2_level": 0.997, "chi2_df": 3, "chi2_threshold": 13.931422665512084, "N_raw": 72, "N_roi": 72, "N_inlier": 70, "refit": true}
{"timestamp": "12:39:31.691127", "frame": 94, "mu": [-0.05667980915013434, 0.35245824766266826, 1.1822229446520307], "Sigma": [[1.9009160649126289, -0.018820774547337674, -0.13034608784015655], [-0.018820774547337674, 0.008032317285957642, 0.006325780815064946], [-0.13034608784015655, 0.006325780815064946, 0.03612306368721345]], "chi2_level": 0.997, "chi2_df": 3, "chi2_threshold": 13.931422665512084, "N_raw": 68, "N_roi": 68, "N_inlier": 68, "refit": true}
{"timestamp": "12:39:31.745170", "frame": 95, "mu": [-0.47131073634034104, 0.5543470890779734, -0.6257865404063294], "Sigma": [[1.6155119913000386, 0.008638711912981007, -0.06921615088135977], [0.00863871191298101, 0.007504733510374442, 0.00025478371781527723], [-0.06921615088135977, 0.0002547837178152769, 0.023747214241826957]], "chi2_level": 0.997, "chi2_df": 3, "chi2_threshold": 13.931422665512084, "N_raw": 65, "N_roi": 65, "N_inlier": 64, "refit": true}
{"timestamp": "12:39:31.801080", "frame": 96, "mu": [-0.5519136343714416, 0.37922173641242035, 1.277492877640818], "Sigma": [[1.4923372559851311, -0.017652605964079807, -0.05598108014993515], [-0.01765260596407981, 0.009191676022026628, 0.004202513180946434], [-0.05598108014993515, 0.004202513180946433, 0.02239111792646041]], "chi2_level": 0.997, "chi2_df": 3, "chi2_threshold": 13.931422665512084, "N_raw": 61, "N_roi": 61, "N_inlier": 60, "refit": true}
{"timestamp": "12:39:31.857245", "frame": 97, "mu": [-0.5327301464884485, 0.5614755628657344, -0.7655382530858929], "Sigma": [[1.6503875115167066, 0.0013137175332523761, 0.013265111157886273], [0.0013137175332523779, 0.007897823203914517, -0.0012004942968870272], [0.013265111157886273, -0.001200494296887027, 0.01674066930324919]], "chi2_level": 0.997, "chi2_df": 3, "chi2_threshold": 13.931422665512084, "N_raw": 75, "N_roi": 75, "N_inlier": 75, "refit": true}
{"timestamp": "12:39:31.912163", "frame": 98, "mu": [-0.742485586397306, 0.39053596111051936, 1.2342185304626587], "Sigma": [[1.2360871271414602, -0.019865284380766596, -0.01099703343339124], [-0.019865284380766603, 0.008315118739705907, 0.0037021922044344928], [-0.010997033433391238, 0.0037021922044344928, 0.02363483554505423]], "chi2_level": 0.997, "chi2_df": 3, "chi2_threshold": 13.931422665512084, "N_raw": 77, "N_roi": 77, "N_inlier": 77, "refit": true}
{"timestamp": "12:39:31.971702", "frame": 99, "mu": [-0.9802194098126549, 0.4049405580793567, 1.1824029884561782], "Sigma": [[1.0100581057577758, -0.03087474697340229, 0.05667604862658772], [-0.030874746973402284, 0.006815112238181869, -0.008220326924606119], [0.05667604862658772, -0.00822032692460612, 0.021089279703496645]], "chi2_level": 0.997, "chi2_df": 3, "chi2_threshold": 13.931422665512084, "N_raw": 106, "N_roi": 106, "N_inlier": 105, "refit": true}
{"timestamp": "12:39:32.106192", "frame": 100, "mu": [-1.3293828045218645, 0.44008325263735626, 1.2689284455610377], "Sigma": [[0.00932667981485332, 0.004828833276143335, 0.007282234135625826], [0.004828833276143334, 0.007569542895134268, -0.00026890976732510565], [0.007282234135625826, -0.00026890976732510554, 0.033040179720027624]], "chi2_level": 0.997, "chi2_df": 3, "chi2_threshold": 13.931422665512084, "N_raw": 89, "N_roi": 89, "N_inlier": 82, "refit": true}
{"timestamp": "12:39:32.114546", "frame": 101, "mu": [-1.2642616992291167, 0.6292654133955925, -0.5004431558988095], "Sigma": [[0.00734709755093633, 0.0028604089228724287, 0.004212332523725013], [0.0028604089228724287, 0.009830459073669083, -0.005866938340539175], [0.004212332523725013, -0.005866938340539175, 0.030934167841808448]], "chi2_level": 0.997, "chi2_df": 3, "chi2_threshold": 13.931422665512084, "N_raw": 71, "N_roi": 71, "N_inlier": 69, "refit": true}
{"timestamp": "12:39:32.148108", "frame": 102, "mu": [-1.2359663923563151, 0.5500188745050543, -0.536290400115578], "Sigma": [[0.006720512797476535, 0.004765966194471877, 0.0020800248653861917], [0.004765966194471877, 0.023418488659441954, -0.00021704421049060455], [0.0020800248653861917, -0.00021704421049060433, 0.01031414074749205]], "chi2_level": 0.997, "chi2_df": 3, "chi2_threshold": 13.931422665512084, "N_raw": 62, "N_roi": 62, "N_inlier": 58, "refit": true}
{"timestamp": "12:39:32.180180", "frame": 103, "mu": [-1.289935958671901, 0.4791868129458913, 1.207978653552968], "Sigma": [[0.006531369574907476, 0.0071659098296592595, -0.008530419442420188], [0.0071659098296592595, 0.012882627963696564, -0.013364213364641437], [-0.008530419442420188, -0.013364213364641435, 0.019355457050360257]], "chi2_level": 0.997, "chi2_df": 3, "chi2_threshold": 13.931422665512084, "N_raw": 32, "N_roi": 32, "N_inlier": 29, "refit": true}
{"timestamp": "12:39:32.240070", "frame": 104, "mu": [-1.2544572399206027, 0.6603812974819425, -0.5661513239570326], "Sigma": [[0.010220606730760832, 0.01060052144646822, -0.000799151900273599], [0.010600521446468222, 0.01700262065895363, -0.008677815505978879], [-0.0007991519002735986, -0.008677815505978879, 0.018354995380462855]], "chi2_level": 0.997, "chi2_df": 3, "chi2_threshold": 13.931422665512084, "N_raw": 56, "N_roi": 56, "N_inlier": 55, "refit": true}
{"timestamp": "12:39:32.295193", "frame": 105, "mu": [-1.1982857453849527, 0.6023258341990017, 1.3665388637168823], "Sigma": [[0.0072840829148291585, 0.0050157885076377254, 0.0004882877554175562], [0.0050157885076377254, 0.009319341520515908, -0.008597668072382835], [0.0004882877554175564, -0.008597668072382835, 0.015151369482593711]], "chi2_level": 0.997, "chi2_df": 3, "chi2_threshold": 13.931422665512084, "N_raw": 65, "N_roi": 65, "N_inlier": 62, "refit": true}
{"timestamp": "12:39:32.350320", "frame": 106, "mu": [-1.1938489687207514, 0.7809551344444263, -0.35717203262827657], "Sigma": [[0.00745089454883073, 0.0031836875146462537, 0.003665430327431183], [0.0031836875146462537, 0.00895315671045373, -0.0009823114350777254], [0.003665430327431183, -0.0009823114350777254, 0.005246048380335744]], "chi2_level": 0.997, "chi2_df": 3, "chi2_threshold": 13.931422665512084, "N_raw": 60, "N_roi": 60, "N_inlier": 58, "refit": true}
{"timestamp": "12:39:32.404016", "frame": 107, "mu": [-1.1677352045169624, 0.70641505515285, 1.5141995139575424], "Sigma": [[0.009337070765297993, 0.004797984924516255, 0.003219327284157047], [0.004797984924516256, 0.005814661402793837, -0.001293209545861521], [0.003219327284157047, -0.001293209545861521, 0.0059604787503018085]], "chi2_level": 0.997, "chi2_df": 3, "chi2_threshold": 13.931422665512084, "N_raw": 62, "N_roi": 62, "N_inlier": 62, "refit": true}
{"timestamp": "12:39:32.461183", "frame": 108, "mu": [-1.108329980312383, 0.7954020223816028, 1.541131513382777], "Sigma": [[0.009401095346442668, 0.0039024015087373008, -0.00026870184785326604], [0.0039024015087373008, 0.005670300579430419, -0.0030085459224036106], [-0.00026870184785326626, -0.0030085459224036106, 0.009060851354669256]], "chi2_level": 0.997, "chi2_df": 3, "chi2_threshold": 13.931422665512084, "N_raw": 74, "N_roi": 74, "N_inlier": 74, "refit": true}
{"timestamp": "12:39:32.523221", "frame": 109, "mu": [-1.1211734197537533, 0.8659054221562289, 1.2612098230255024], "Sigma": [[0.009725329489046086, 0.0026707722783981566, -0.009882450004526666], [0.0026707722783981566, 0.0066708504117931194, -0.017170650690113684], [-0.009882450004526666, -0.017170650690113684, 0.3164975635857576]], "chi2_level": 0.997, "chi2_df": 3, "chi2_threshold": 13.931422665512084, "N_raw": 114, "N_roi": 114, "N_inlier": 114, "refit": true}
{"timestamp": "12:39:32.571032", "frame": 110, "mu": [-1.2243148191779787, 0.8394823620879878, 1.6849243776448466], "Sigma": [[0.011869661062970549, 0.004448335360184859, -0.0007938887483602611], [0.004448335360184859, 0.005436292378195204, -0.004976226610470153], [-0.0007938887483602618, -0.004976226610470153, 0.01563094683643532]], "chi2_level": 0.997, "chi2_df": 3, "chi2_threshold": 13.931422665512084, "N_raw": 64, "N_roi": 64, "N_inlier": 61, "refit": true}
{"timestamp": "12:39:32.628362", "frame": 111, "mu": [-1.1703728448189832, 0.8938971095041722, 1.6026088692675802], "Sigma": [[0.018931703297755724, 0.007025013954739976, -0.021044507534782885], [0.007025013954739976, 0.007360887332164197, -0.008337179905395342], [-0.021044507534782885, -0.00833717990539534, 0.059458857452289224]], "chi2_level": 0.997, "chi2_df": 3, "chi2_threshold": 13.931422665512084, "N_raw": 83, "N_roi": 83, "N_inlier": 82, "refit": true}
{"timestamp": "12:39:32.681914", "frame": 112, "mu": [-1.2854469441969352, 0.8629098214497594, 1.6544310689208477], "Sigma": [[0.019566685111246127, 0.009190023020164606, 0.0018372691384430505], [0.009190023020164606, 0.009678981169818373, -0.0013326128795919962], [0.0018372691384430514, -0.0013326128795919964, 0.019681672588655823]], "chi2_level": 0.997, "chi2_df": 3, "chi2_threshold": 13.931422665512084, "N_raw": 69, "N_roi": 69, "N_inlier": 66, "refit": true}
{"timestamp": "12:39:32.737318", "frame": 113, "mu": [-1.2330506137156436, 0.9257703501232902, 1.6083836135003833], "Sigma": [[0.03151948552194049, 0.019780950705873233, -0.008561772850516548], [0.019780950705873237, 0.024840267502025296, 0.008836566673238278], [-0.008561772850516548, 0.008836566673238278, 0.05476861256513345]], "chi2_level": 0.997, "chi2_df": 3, "chi2_threshold": 13.931422665512084, "N_raw": 77, "N_roi": 77, "N_inlier": 77, "refit": true}
{"timestamp": "12:39:32.789752", "frame": 114, "mu": [-1.3871441244818368, 0.8905662221525661, 1.5700263857594783], "Sigma": [[0.022643905476752636, 0.015243460211060527, 0.006337916511871453], [0.015243460211060525, 0.01307058810122791, 0.0057414305641409966], [0.006337916511871453, 0.0057414305641409966, 0.0478820321179161]], "chi2_level": 0.997, "chi2_df": 3, "chi2_threshold": 13.931422665512084, "N_raw": 59, "N_roi": 59, "N_inlier": 57, "refit": true}
{"timestamp": "12:39:32.846865", "frame": 115, "mu": [-1.3020245393579568, 0.9855214786675548, 1.3805002391181647], "Sigma": [[0.06371882539241548, 0.04140527834689728, 0.004985958977486446], [0.04140527834689728, 0.030990760776058335, 0.004056201696470403], [0.004985958977486446, 0.004056201696470403, 0.017322812454848947]], "chi2_level": 0.997, "chi2_df": 3, "chi2_threshold": 13.931422665512084, "N_raw": 79, "N_roi": 79, "N_inlier": 77, "refit": true}
{"timestamp": "12:39:32.908095", "frame": 116, "mu": [-1.247807782503653, 1.1559787014231857, 1.4625898158010997], "Sigma": [[0.05608354352201565, 0.02208973761064069, -0.018946746272274134], [0.02208973761064069, 0.013568731122149185, -0.006621281580981365], [-0.018946746272274134, -0.006621281580981365, 0.02622566589429548]], "chi2_level": 0.997, "chi2_df": 3, "chi2_threshold": 13.931422665512084, "N_raw": 120, "N_roi": 120, "N_inlier": 110, "refit": true}
{"timestamp": "12:39:32.963065", "frame": 117, "mu": [-1.3996525249058114, 1.1499826352396467, 1.6675959019377842], "Sigma": [[0.05167676321721078, 0.029283665393428346, 0.0037273735795482358], [0.029283665393428346, 0.02163641441371251, -0.003164534707871293], [0.0037273735795482366, -0.0031645347078712925, 0.044846710549975126]], "chi2_level": 0.997, "chi2_df": 3, "chi2_threshold": 13.931422665512084, "N_raw": 110, "N_roi": 110, "N_inlier": 107, "refit": true}
{"timestamp": "12:39:33.008762", "frame": 118, "mu": [-1.4274388819807657, 1.1819768229533414, 1.5004997971690903], "Sigma": [[0.09176685304873905, 0.03336387565364352, -0.1120869674515365], [0.03336387565364352, 0.020616237097294803, -0.050112459005110126], [-0.1120869674515365, -0.050112459005110126, 0.2216160694388282]], "chi2_level": 0.997, "chi2_df": 3, "chi2_threshold": 13.931422665512084, "N_raw": 44, "N_roi": 43, "N_inlier": 42, "refit": true}
{"timestamp": "12:39:33.066897", "frame": 119, "mu": [-1.132569446291348, 1.3651782597416706, 1.4366557336385812], "Sigma": [[0.07553541616376538, 0.033532449200638366, -0.12193243089720547], [0.03353244920063836, 0.025483931433263066, -0.03318474444504366], [-0.12193243089720548, -0.03318474444504366, 0.3627500296027117]], "chi2_level": 0.997, "chi2_df": 3, "chi2_threshold": 13.931422665512084, "N_raw": 73, "N_roi": 71, "N_inlier": 70, "refit": true}
{"timestamp": "12:39:33.127287", "frame": 120, "mu": [-1.1417351631412664, 1.4378520912033068, -0.09436726685987849], "Sigma": [[0.053376031452084624, 0.028618818990505307, 0.0018523724089090886], [0.028618818990505307, 0.021728664925279605, -0.009896557861817104], [0.0018523724089090886, -0.009896557861817104, 0.21750052621321334]], "chi2_level": 0.997, "chi2_df": 3, "chi2_threshold": 13.931422665512084, "N_raw": 104, "N_roi": 104, "N_inlier": 104, "refit": true}
{"timestamp": "12:39:33.183578", "frame": 121, "mu": [-0.9909136615128822, 1.6352863043462431, -0.37528256469202315], "Sigma": [[0.010725453734839695, -0.003401981935523229, 0.015268882800000404], [-0.0034019819355232284, 0.02562310105901012, -0.03132534440992478], [0.015268882800000404, -0.03132534440992477, 0.2220754765852089]], "chi2_level": 0.997, "chi2_df": 3, "chi2_threshold": 13.931422665512084, "N_raw": 86, "N_roi": 86, "N_inlier": 80, "refit": true}
{"timestamp": "12:39:33.232270", "frame": 122, "mu": [-0.9681411405354249, 1.6613641232432603, 1.0053687058173395], "Sigma": [[0.008166020208831247, -0.003759033744270369, 0.025455118787789593], [-0.0037590337442703686, 0.006889647001575349, -0.01884176641644612], [0.025455118787789593, -0.01884176641644612, 0.22548416208983627]], "chi2_level": 0.997, "chi2_df": 3, "chi2_threshold": 13.931422665512084, "N_raw": 75, "N_roi": 75, "N_inlier": 69, "refit": true}
{"timestamp": "12:39:33.286087", "frame": 123, "mu": [-1.1000295170962724, 1.5492819983507333, -0.5494133537620375], "Sigma": [[0.1218539402690522, 0.054189388648391235, -0.10928249655851816], [0.054189388648391235, 0.03510701997685571, -0.06871686594371557], [-0.10928249655851816, -0.06871686594371558, 0.16226252089724905]], "chi2_level": 0.997, "chi2_df": 3, "chi2_threshold": 13.931422665512084, "N_raw": 73, "N_roi": 72, "N_inlier": 66, "refit": true}
{"timestamp": "12:39:33.344585", "frame": 124, "mu": [-1.0762446063613471, 1.7148062728287818, 1.5365031234610371], "Sigma": [[0.056124942989645724, 0.0177157273115956, -0.05211007929828322], [0.017715727311595597, 0.02170168188838389, -0.01780685303968117], [-0.052110079298283214, -0.01780685303968117, 0.05067830977896742]], "chi2_level": 0.997, "chi2_df": 3, "chi2_threshold": 13.931422665512084, "N_raw": 95, "N_roi": 95, "N_inlier": 93, "refit": true}
