{"timestamp": "12:32:33.239793", "frame": 1, "mu": [1.7095401682579288, 1.8266351470436217, 1.225702185306801], "Sigma": [[0.010500445645906348, -0.003477913553946191, 0.0006990231417548334], [-0.0034779135539461914, 0.00401736950491007, -0.0022293791211720213], [0.000699023141754833, -0.0022293791211720213, 0.003907740916539848]], "chi2_level": 0.997, "chi2_df": 3, "chi2_threshold": 13.931422665512084, "N_raw": 27, "N_roi": 27, "N_inlier": 26, "refit": true}
{"timestamp": "12:32:33.295338", "frame": 2, "mu": [1.672422948138219, 1.879386318553829, 1.3051530762439016], "Sigma": [[0.006759477957243359, -0.0037356657419165317, -0.001169814658294903], [-0.0037356657419165317, 0.006227768273351962, 0.001402183254565843], [-0.0011698146582949033, 0.001402183254565843, 0.0007384647862359738]], "chi2_level": 0.997, "chi2_df": 3, "chi2_threshold": 13.931422665512084, "N_raw": 24, "N_roi": 24, "N_inlier": 23, "refit": true}
{"timestamp": "12:32:33.406136", "frame": 4, "mu": [1.6796393725761591, 1.8248895544937878, 1.2193645349951538], "Sigma": [[0.006371258394533691, -0.003560294020116847, -0.003007788528106546], [-0.003560294020116847, 0.004137744306689243, -0.0010920275863838384], [-0.0030077885281065463, -0.001092027586383838, 0.02100938011507274]], "chi2_level": 0.997, "chi2_df": 3, "chi2_threshold": 13.931422665512084, "N_raw": 36, "N_roi": 36, "N_inlier": 35, "refit": true}
{"timestamp": "12:32:33.459150", "frame": 5, "mu": [1.5940034145723474, 1.6057137165837434, 1.1118210257661978], "Sigma": [[0.17389218574163715, 0.15780592877784527, -0.10452084285421923], [0.15780592877784527, 0.17044099116708084, -0.05905672585929062], [-0.10452084285421921, -0.05905672585929062, 0.2631887067671955]], "chi2_level": 0.997, "chi2_df": 3, "chi2_threshold": 13.931422665512084, "N_raw": 10, "N_roi": 10, "N_inlier": 10, "refit": true}
{"timestamp": "12:32:33.516815", "frame": 6, "mu": [1.700123032919821, 1.7246210083097568, 1.1019756444267685], "Sigma": [[0.00620455369481511, -0.005775930938592263, -0.010705296030661891], [-0.005775930938592263, 0.008498423577917894, 0.007883426614553404], [-0.010705296030661891, 0.007883426614553404, 0.07736744305840454]], "chi2_level": 0.997, "chi2_df": 3, "chi2_threshold": 13.931422665512084, "N_raw": 32, "N_roi": 32, "N_inlier": 31, "refit": true}
{"timestamp": "12:32:33.572071", "frame": 7, "mu": [1.7012843417727561, 1.7269176198577478, 1.1323806327531207], "Sigma": [[0.005651653615395632, -0.005174868507552194, -0.0042230819828528565], [-0.005174868507552194, 0.006649605206785189, -0.001259404387591436], [-0.0042230819828528565, -0.001259404387591436, 0.01954464358903582]], "chi2_level": 0.997, "chi2_df": 3, "chi2_threshold": 13.931422665512084, "N_raw": 34, "N_roi": 34, "N_inlier": 33, "refit": true}
{"timestamp": "12:32:33.627173", "frame": 8, "mu": [1.6584777405533084, 1.873138287473135, -0.18757883537302128], "Sigma": [[0.00411324243620121, -0.0018163768779800565, -0.001956931556934092], [-0.001816376877980057, 0.010215496398362202, -0.0027724346987697147], [-0.001956931556934092, -0.0027724346987697147, 0.003135964882066862]], "chi2_level": 0.997, "chi2_df": 3, "chi2_threshold": 13.931422665512084, "N_raw": 29, "N_roi": 29, "N_inlier": 27, "refit": true}
{"timestamp": "12:32:33.684867", "frame": 9, "mu": [1.6498208220208277, 1.7438295335066731, 1.1408146139661386], "Sigma": [[0.007907204040880864, -0.006958301405951068, -0.00758547257913068], [-0.006958301405951068, 0.009372383427849315, 0.0020626733612588736], [-0.00758547257913068, 0.002062673361258874, 0.03278223452469617]], "chi2_level": 0.997, "chi2_df": 3, "chi2_threshold": 13.931422665512084, "N_raw": 49, "N_roi": 49, "N_inlier": 48, "refit": true}
{"timestamp": "12:32:33.738567", "frame": 10, "mu": [1.6766882956577611, 1.6337824321769137, 1.2186434105544497], "Sigma": [[0.007760176971405834, -0.005442331159301141, -0.002701692392588105], [-0.00544233115930114, 0.007560531254386591, -0.0014579799730968191], [-0.0027016923925881056, -0.0014579799730968196, 0.00779100237644064]], "chi2_level": 0.997, "chi2_df": 3, "chi2_threshold": 13.931422665512084, "N_raw": 40, "N_roi": 40, "N_inlier": 39, "refit": true}
{"timestamp": "12:32:33.794915", "frame": 11, "mu": [1.6551096865577046, 1.6996683000071182, 1.2707162459533308], "Sigma": [[0.009740199256773054, -0.006160697850751205, -0.0016288311008687121], [-0.006160697850751205, 0.011393489550140556, 3.998171944486869e-05], [-0.0016288311008687121, 3.998171944486865e-05, 0.0007225663653846722]], "chi2_level": 0.997, "chi2_df": 3, "chi2_threshold": 13.931422665512084, "N_raw": 50, "N_roi": 50, "N_inlier": 48, "refit": true}
{"timestamp": "12:32:33.848626", "frame": 12, "mu": [1.6255203587007505, 1.5419575474170328, 0.8011292179216289], "Sigma": [[0.004928660027981874, -0.0017292624466070379, -0.003280279259022418], [-0.0017292624466070377, 0.007825943406246101, -0.006003312003156215], [-0.0032802792590224186, -0.006003312003156214, 0.06139423270981839]], "chi2_level": 0.997, "chi2_df": 3, "chi2_threshold": 13.931422665512084, "N_raw": 38, "N_roi": 38, "N_inlier": 37, "refit": true}
{"timestamp": "12:32:33.906381", "frame": 13, "mu": [1.6200395178385487, 1.5492184493259844, 1.1090609982963604], "Sigma": [[0.005704194596893017, -0.0025499249892278553, -0.00593349401814533], [-0.0025499249892278553, 0.0075195212946287315, 0.002984036849691938], [-0.005933494018145329, 0.002984036849691938, 0.08009879893776853]], "chi2_level": 0.997, "chi2_df": 3, "chi2_threshold": 13.931422665512084, "N_raw": 57, "N_roi": 57, "N_inlier": 56, "refit": true}
{"timestamp": "12:32:33.956515", "frame": 14, "mu": [1.5993423970213443, 1.6584230357555074, -0.37461754384658685], "Sigma": [[0.006626720304725339, 0.002577355435758873, -0.01946027858052065], [0.0025773554357588734, 0.009003651731737538, -0.008036079702373767], [-0.01946027858052065, -0.008036079702373767, 0.0742706496449326]], "chi2_level": 0.997, "chi2_df": 3, "chi2_threshold": 13.931422665512084, "N_raw": 21, "N_roi": 21, "N_inlier": 20, "refit": true}
{"timestamp": "12:32:34.012520", "frame": 15, "mu": [1.6641718953195754, 1.3515439081822027, 0.7636185044321383], "Sigma": [[0.013757860481462344, -0.01462572360567553, -0.00017341784151612082], [-0.01462572360567553, 0.019172356877520287, -0.01000900688285421], [-0.0001734178415161204, -0.01000900688285421, 0.06262880640508775]], "chi2_level": 0.997, "chi2_df": 3, "chi2_threshold": 13.931422665512084, "N_raw": 30, "N_roi": 30, "N_inlier": 30, "refit": true}
{"timestamp": "12:32:34.073162", "frame": 16, "mu": [1.5225527077947358, 1.660369548699432, -0.6712925245129566], "Sigma": [[0.008847807602258324, -0.0043770487042425555, -0.008854648578054763], [-0.0043770487042425555, 0.006632571030666436, -0.005888958310209764], [-0.008854648578054762, -0.005888958310209764, 0.05920563701404928]], "chi2_level": 0.997, "chi2_df": 3, "chi2_threshold": 13.931422665512084, "N_raw": 75, "N_roi": 75, "N_inlier": 74, "refit": true}
{"timestamp": "12:32:34.121643", "frame": 17, "mu": [1.519190317789415, 1.343964075025028, 0.9633156088048516], "Sigma": [[0.0038168457989241093, -0.0022932080056551124, -1.0326114116589614e-05], [-0.0022932080056551124, 0.0027730168434179497, -0.002074407070225048], [-1.0326114116590047e-05, -0.002074407070225048, 0.06409177881421695]], "chi2_level": 0.997, "chi2_df": 3, "chi2_threshold": 13.931422665512084, "N_raw": 22, "N_roi": 22, "N_inlier": 22, "refit": true}
{"timestamp": "12:32:34.181839", "frame": 18, "mu": [1.4464482574361657, 1.384285795412394, 1.0290257809658363], "Sigma": [[0.005147278119773227, -0.003148635837622137, -0.005724793027297934], [-0.003148635837622137, 0.004631436043925563, 0.0018772244042293935], [-0.0057247930272979345, 0.0018772244042293937, 0.05376987081705094]], "chi2_level": 0.997, "chi2_df": 3, "chi2_threshold": 13.931422665512084, "N_raw": 63, "N_roi": 63, "N_inlier": 62, "refit": true}
{"timestamp": "12:32:34.240029", "frame": 19, "mu": [1.422620045652605, 1.3297286823816041, 1.0504594369313753], "Sigma": [[0.008357066566014855, -0.004926481105930072, -0.003268997321691662], [-0.004926481105930072, 0.005162472271936354, -0.00044115219998417375], [-0.003268997321691662, -0.00044115219998417364, 0.04185896513674062]], "chi2_level": 0.997, "chi2_df": 3, "chi2_threshold": 13.931422665512084, "N_raw": 78, "N_roi": 78, "N_inlier": 78, "refit": true}
{"timestamp": "12:32:34.292087", "frame": 20, "mu": [1.2738834666244419, 1.375272386688068, 1.379901370459544], "Sigma": [[0.011031709272900458, -0.0035300787804853767, -0.014413243322306632], [-0.0035300787804853767, 0.004660247174464875, 0.0034359876305431586], [-0.014413243322306632, 0.0034359876305431586, 0.0379370935327764]], "chi2_level": 0.997, "chi2_df": 3, "chi2_threshold": 13.931422665512084, "N_raw": 68, "N_roi": 68, "N_inlier": 67, "refit": true}
{"timestamp": "12:32:34.347506", "frame": 21, "mu": [1.2238809965599795, 1.4640747013294824, -0.2702051594747894], "Sigma": [[0.009416839729428327, -0.0007169141804923261, -0.014491932196009926], [-0.0007169141804923259, 0.006169079997663683, -0.005857288139302303], [-0.014491932196009926, -0.005857288139302303, 0.04065447298878444]], "chi2_level": 0.997, "chi2_df": 3, "chi2_threshold": 13.931422665512084, "N_raw": 61, "N_roi": 61, "N_inlier": 59, "refit": true}
{"timestamp": "12:32:34.399029", "frame": 22, "mu": [1.3197858908687523, 1.2758877572568246, 1.1799411228384455], "Sigma": [[0.007169579425929308, -0.004245727167455958, -0.005413684231465302], [-0.004245727167455958, 0.0041720016108057435, 0.0008102529860814613], [-0.005413684231465302, 0.0008102529860814613, 0.014599856004788124]], "chi2_level": 0.997, "chi2_df": 3, "chi2_threshold": 13.931422665512084, "N_raw": 34, "N_roi": 34, "N_inlier": 34, "refit": true}
{"timestamp": "12:32:34.454973", "frame": 23, "mu": [1.181320611508555, 1.2719188581454, 1.3057285420816025], "Sigma": [[0.015845482304230326, -0.007480615677207046, -0.015084382200967425], [-0.007480615677207046, 0.005445533096181116, 0.0058843740041632335], [-0.015084382200967425, 0.0058843740041632335, 0.01700245584711123]], "chi2_level": 0.997, "chi2_df": 3, "chi2_threshold": 13.931422665512084, "N_raw": 52, "N_roi": 52, "N_inlier": 49, "refit": true}
{"timestamp": "12:32:34.511315", "frame": 24, "mu": [1.1798367938618797, 1.1902390353518593, 1.2510731953871852], "Sigma": [[0.016125823580584536, -0.009614162757479935, -0.01640159409673091], [-0.009614162757479935, 0.008605399252506883, 0.006463209138326875], [-0.01640159409673091, 0.006463209138326875, 0.025867729842843988]], "chi2_level": 0.997, "chi2_df": 3, "chi2_threshold": 13.931422665512084, "N_raw": 56, "N_roi": 56, "N_inlier": 54, "refit": true}
{"timestamp": "12:32:34.564875", "frame": 25, "mu": [1.0586703273617084, 1.345892848019509, -0.35747763290280066], "Sigma": [[0.014827857584705574, -0.0011770100555628512, -0.016916399679157396], [-0.001177010055562851, 0.007070183571239604, -0.006723238951650168], [-0.016916399679157396, -0.006723238951650168, 0.03041326159099108]], "chi2_level": 0.997, "chi2_df": 3, "chi2_threshold": 13.931422665512084, "N_raw": 45, "N_roi": 45, "N_inlier": 43, "refit": true}
{"timestamp": "12:32:34.623975", "frame": 26, "mu": [1.068923946846255, 1.1166189081316074, 1.2210450446954233], "Sigma": [[0.015783660372461025, -0.007949269518807641, -0.0176765171212359], [-0.00794926951880764, 0.008199902010666496, 0.006137283261889134], [-0.0176765171212359, 0.006137283261889134, 0.02616418566396088]], "chi2_level": 0.997, "chi2_df": 3, "chi2_threshold": 13.931422665512084, "N_raw": 79, "N_roi": 79, "N_inlier": 76, "refit": true}
{"timestamp": "12:32:34.675028", "frame": 27, "mu": [0.9695607950733455, 1.1159128536895644, 1.3029957658556774], "Sigma": [[0.01745406413009017, -0.008692432703633058, -0.01846684217370627], [-0.008692432703633058, 0.00652441846034343, 0.008383854406808331], [-0.01846684217370627, 0.008383854406808331, 0.02172001256760176]], "chi2_level": 0.997, "chi2_df": 3, "chi2_threshold": 13.931422665512084, "N_raw": 55, "N_roi": 55, "N_inlier": 52, "refit": true}
{"timestamp": "12:32:34.731163", "frame": 28, "mu": [0.8621988983129112, 1.1227540531351017, 1.305323710114099], "Sigma": [[0.008110555572266897, -0.004172745106171309, -0.014469388182865625], [-0.004172745106171309, 0.005475584287600529, 0.011580999551427645], [-0.014469388182865623, 0.011580999551427645, 0.05761908048024934]], "chi2_level": 0.997, "chi2_df": 3, "chi2_threshold": 13.931422665512084, "N_raw": 62, "N_roi": 62, "N_inlier": 62, "refit": true}
{"timestamp": "12:32:34.787239", "frame": 29, "mu": [0.8328607871144585, 1.0750494481800152, 1.3533951388360699], "Sigma": [[0.013049720587880226, -0.00860686883326919, -0.015033045018229661], [-0.00860686883326919, 0.00840141403657472, 0.009376191437883496], [-0.015033045018229661, 0.009376191437883496, 0.020092473090845102]], "chi2_level": 0.997, "chi2_df": 3, "chi2_threshold": 13.931422665512084, "N_raw": 65, "N_roi": 65, "N_inlier": 63, "refit": true}
{"timestamp": "12:32:34.838548", "frame": 30, "mu": [0.7898961071628589, 1.220952641905985, -0.34226268875839777], "Sigma": [[0.005341975744182259, -0.0008843282077136884, -0.0076126705878791865], [-0.0008843282077136884, 0.002290379521559827, 0.0002836810307558972], [-0.0076126705878791865, 0.0002836810307558972, 0.019978152045349022]], "chi2_level": 0.997, "chi2_df": 3, "chi2_threshold": 13.931422665512084, "N_raw": 39, "N_roi": 39, "N_inlier": 37, "refit": true}
{"timestamp": "12:32:34.893188", "frame": 31, "mu": [0.7703766746484669, 1.0298882736151127, 1.336974122891609], "Sigma": [[0.006178086066703905, -0.0043405646890316745, -0.01220987339382308], [-0.004340564689031675, 0.003957946296491075, 0.008779947268913905], [-0.01220987339382308, 0.008779947268913905, 0.034852411506109196]], "chi2_level": 0.997, "chi2_df": 3, "chi2_threshold": 13.931422665512084, "N_raw": 33, "N_roi": 33, "N_inlier": 30, "refit": true}
{"timestamp": "12:32:34.955261", "frame": 32, "mu": [0.6961237044234921, 1.0710122030865368, 1.3592876465472934], "Sigma": [[0.008428429540806052, -0.006127809746231213, -0.008299966598856668], [-0.006127809746231213, 0.009412483412867201, 0.0038270564346954777], [-0.008299966598856668, 0.0038270564346954777, 0.010353020333848236]], "chi2_level": 0.997, "chi2_df": 3, "chi2_threshold": 13.931422665512084, "N_raw": 85, "N_roi": 85, "N_inlier": 82, "refit": true}
{"timestamp": "12:32:35.017459", "frame": 33, "mu": [0.5940437574456563, 1.0134940507110113, -0.6606506709303837], "Sigma": [[0.025267809375614472, 0.011617088037422497, 0.03155365394855594], [0.011617088037422497, 0.016678175030033, 0.03812740576576157], [0.03155365394855594, 0.03812740576576157, 0.11420715065091884]], "chi2_level": 0.997, "chi2_df": 3, "chi2_threshold": 13.931422665512084, "N_raw": 135, "N_roi": 135, "N_inlier": 132, "refit": true}
{"timestamp": "12:32:35.064819", "frame": 34, "mu": [0.313244669614788, 0.6608929433155573, 0.858655775377467], "Sigma": [[0.0041209046456064, 0.00042159873684596117, 0.0004137868428843504], [0.0004215987368459612, 0.0012623619914766565, -0.0017865219631729775], [0.0004137868428843507, -0.0017865219631729775, 0.004405530940427431]], "chi2_level": 0.997, "chi2_df": 3, "chi2_threshold": 13.931422665512084, "N_raw": 67, "N_roi": 67, "N_inlier": 62, "refit": true}
{"timestamp": "12:32:35.117292", "frame": 35, "mu": [0.30684617027715144, 0.7676573498777058, 0.9769138152731732], "Sigma": [[0.02969442860747272, 0.004076357666326008, 0.01022468746002829], [0.004076357666326008, 0.003163489327232493, -0.00048784203897229137], [0.01022468746002829, -0.00048784203897229137, 0.00809802215302082]], "chi2_level": 0.997, "chi2_df": 3, "chi2_threshold": 13.931422665512084, "N_raw": 64, "N_roi": 64, "N_inlier": 58, "refit": true}
{"timestamp": "12:32:35.170773", "frame": 36, "mu": [0.1956051134317125, 0.9116615524547507, 1.1058431026867517], "Sigma": [[0.0389985332411004, 0.021087795107928645, 0.024282673446778882], [0.021087795107928645, 0.014199071800387429, 0.01442045966811143], [0.024282673446778882, 0.01442045966811143, 0.0200287212502792]], "chi2_level": 0.997, "chi2_df": 3, "chi2_threshold": 13.931422665512084, "N_raw": 48, "N_roi": 48, "N_inlier": 45, "refit": true}
{"timestamp": "12:32:35.226992", "frame": 37, "mu": [0.17619198475098355, 0.897331715007093, 1.0262821871985697], "Sigma": [[0.03419902664412795, 0.01145413238120832, 0.012222696770352303], [0.01145413238120832, 0.007387871516393259, 0.0018234284712872247], [0.012222696770352301, 0.0018234284712872243, 0.015167607754976518]], "chi2_level": 0.997, "chi2_df": 3, "chi2_threshold": 13.931422665512084, "N_raw": 55, "N_roi": 55, "N_inlier": 52, "refit": true}
{"timestamp": "12:32:35.285308", "frame": 38, "mu": [0.14765471589299664, 0.9673064431329932, 1.1478984770666316], "Sigma": [[0.05509735866730198, 0.007354790764655095, 0.03888629479342963], [0.007354790764655095, 0.006992551872916967, 0.005079260903578776], [0.03888629479342963, 0.005079260903578775, 0.03210058428086042]], "chi2_level": 0.997, "chi2_df": 3, "chi2_threshold": 13.931422665512084, "N_raw": 76, "N_roi": 76, "N_inlier": 74, "refit": true}
{"timestamp": "12:32:35.336931", "frame": 39, "mu": [0.229370039196677, 1.0631853303327743, 1.3995675731650485], "Sigma": [[0.016493623487248473, -0.008840650023048732, -0.015522945032611382], [-0.008840650023048732, 0.0070947208099040445, 0.009892445394455994], [-0.015522945032611382, 0.009892445394455994, 0.021554938001950755]], "chi2_level": 0.997, "chi2_df": 3, "chi2_threshold": 13.931422665512084, "N_raw": 59, "N_roi": 59, "N_inlier": 55, "refit": true}
{"timestamp": "12:32:35.391405", "frame": 40, "mu": [0.1260898070582324, 1.1045348567049225, 1.4839520433661264], "Sigma": [[0.003658577146613108, -0.0009985706176922637, -0.004553401583327387], [-0.000998570617692264, 0.0033326142783974364, -1.6042935722087183e-06], [-0.004553401583327387, -1.6042935722086911e-06, 0.007848703107483842]], "chi2_level": 0.997, "chi2_df": 3, "chi2_threshold": 13.931422665512084, "N_raw": 59, "N_roi": 59, "N_inlier": 58, "refit": true}
{"timestamp": "12:32:35.450369", "frame": 41, "mu": [0.09214785743581067, 1.0858052753394096, 1.450381850341732], "Sigma": [[0.012651423279387312, -0.0085862991000102, -0.015132858613080186], [-0.0085862991000102, 0.00940308870850528, 0.009165500606097438], [-0.015132858613080185, 0.009165500606097438, 0.01991093093479931]], "chi2_level": 0.997, "chi2_df": 3, "chi2_threshold": 13.931422665512084, "N_raw": 92, "N_roi": 92, "N_inlier": 91, "refit": true}
{"timestamp": "12:32:35.510381", "frame": 42, "mu": [0.0495369267973091, 1.1569152811614287, -0.39871989905492156], "Sigma": [[0.012156063771186483, -0.0017500482540248228, -0.003502456044660936], [-0.0017500482540248226, 0.006508029707762813, 0.0016971251222559296], [-0.0035024560446609366, 0.0016971251222559296, 0.0219130064535659]], "chi2_level": 0.997, "chi2_df": 3, "chi2_threshold": 13.931422665512084, "N_raw": 116, "N_roi": 116, "N_inlier": 116, "refit": true}
{"timestamp": "12:32:35.559283", "frame": 43, "mu": [0.007227203715827719, 1.0510170033772193, 1.0817069898166998], "Sigma": [[0.01814194436916326, -0.024223406881213563, 0.031036432561562594], [-0.024223406881213563, 0.04006846753292053, -0.04900574702345274], [0.03103643256156259, -0.04900574702345274, 0.08137909035069135]], "chi2_level": 0.997, "chi2_df": 3, "chi2_threshold": 13.931422665512084, "N_raw": 75, "N_roi": 75, "N_inlier": 71, "refit": true}
{"timestamp": "12:32:35.607828", "frame": 44, "mu": [-0.15363259750893352, 1.1856785815695223, 0.7076284352538562], "Sigma": [[0.02683894938535309, -0.030764017378298144, 0.0010123286939307616], [-0.030764017378298144, 0.04540411134293254, -0.027528338627940508], [0.0010123286939307625, -0.027528338627940508, 0.2049904454037804]], "chi2_level": 0.997, "chi2_df": 3, "chi2_threshold": 13.931422665512084, "N_raw": 29, "N_roi": 29, "N_inlier": 29, "refit": true}
{"timestamp": "12:32:35.670482", "frame": 45, "mu": [-0.09757731791956148, 0.9714826680912756, 1.355931468251085], "Sigma": [[0.004623115813303832, -0.00569303821078682, -0.007742501939826972], [-0.00569303821078682, 0.010154494887379956, 0.007565121864473658], [-0.007742501939826972, 0.007565121864473658, 0.0170340490642514]], "chi2_level": 0.997, "chi2_df": 3, "chi2_threshold": 13.931422665512084, "N_raw": 81, "N_roi": 81, "N_inlier": 76, "refit": true}
{"timestamp": "12:32:35.721104", "frame": 46, "mu": [-0.29349019431481904, 1.064965727105234, 1.531802455650961], "Sigma": [[0.00448629790840032, -0.0022406217486930827, -0.005070067302053898], [-0.0022406217486930827, 0.0033045305375769248, 0.001780917788705694], [-0.005070067302053898, 0.0017809177887056942, 0.009246218399963802]], "chi2_level": 0.997, "chi2_df": 3, "chi2_threshold": 13.931422665512084, "N_raw": 50, "N_roi": 50, "N_inlier": 47, "refit": true}
{"timestamp": "12:32:35.779451", "frame": 47, "mu": [-0.2886743239498403, 0.9993275376571855, 1.4357142273692045], "Sigma": [[0.005247256229994363, -0.004500083666660182, -0.003449623091321975], [-0.004500083666660182, 0.0075722964988492675, 0.0011545165646003417], [-0.003449623091321975, 0.0011545165646003417, 0.004527302354889664]], "chi2_level": 0.997, "chi2_df": 3, "chi2_threshold": 13.931422665512084, "N_raw": 81, "N_roi": 81, "N_inlier": 77, "refit": true}
{"timestamp": "12:32:35.834689", "frame": 48, "mu": [-0.3735602391658967, 1.0291953772310196, 1.446770567774901], "Sigma": [[0.00877311722798498, -0.00576684285398189, -0.008892381240691152], [-0.00576684285398189, 0.007012546896134036, 0.00499550439908045], [-0.008892381240691152, 0.00499550439908045, 0.010717046533756781]], "chi2_level": 0.997, "chi2_df": 3, "chi2_threshold": 13.931422665512084, "N_raw": 78, "N_roi": 78, "N_inlier": 75, "refit": true}
{"timestamp": "12:32:35.897607", "frame": 49, "mu": [-0.4325664225185005, 1.0886029775581616, -0.3007449993763467], "Sigma": [[0.011742550235806637, -0.007283041908060221, -0.014166132703125486], [-0.007283041908060221, 0.011739030897069621, 0.009195913139035197], [-0.014166132703125486, 0.009195913139035195, 0.021086732786522715]], "chi2_level": 0.997, "chi2_df": 3, "chi2_threshold": 13.931422665512084, "N_raw": 128, "N_roi": 128, "N_inlier": 126, "refit": true}
{"timestamp": "12:32:35.948295", "frame": 50, "mu": [-0.49261861589063904, 0.9695776726545173, 1.4232335670554768], "Sigma": [[0.009561886493354512, -0.00895309712232768, -0.010305649233948975], [-0.00895309712232768, 0.01388131248840801, 0.007121937108007662], [-0.010305649233948975, 0.007121937108007662, 0.028394332261973774]], "chi2_level": 0.997, "chi2_df": 3, "chi2_threshold": 13.931422665512084, "N_raw": 102, "N_roi": 102, "N_inlier": 97, "refit": true}
{"timestamp": "12:32:35.999982", "frame": 51, "mu": [-0.5595174983378999, 0.9868389742709812, 1.4536190236084132], "Sigma": [[0.007354836005637239, -0.007270513824738017, -0.007485273848166708], [-0.007270513824738017, 0.012648524858195913, 0.007392020825775468], [-0.007485273848166708, 0.007392020825775468, 0.013136986707426019]], "chi2_level": 0.997, "chi2_df": 3, "chi2_threshold": 13.931422665512084, "N_raw": 77, "N_roi": 77, "N_inlier": 74, "refit": true}
{"timestamp": "12:32:36.057990", "frame": 52, "mu": [-0.5897403985889146, 1.0602980710885108, 1.3154819911271673], "Sigma": [[0.020070083440195383, 0.0029137571739207705, -0.045644414901965184], [0.0029137571739207705, 0.022076330229909662, -0.02166511374507664], [-0.045644414901965184, -0.021665113745076636, 0.13758160259869232]], "chi2_level": 0.997, "chi2_df": 3, "chi2_threshold": 13.931422665512084, "N_raw": 100, "N_roi": 100, "N_inlier": 95, "refit": true}
{"timestamp": "12:32:36.111054", "frame": 53, "mu": [-0.7495764704883542, 0.977797246105642, 1.5436408507466097], "Sigma": [[0.03787576803455812, 0.016890448363362467, -0.026346195881667932], [0.016890448363362467, 0.015309323967207217, -0.013348000459934718], [-0.026346195881667932, -0.013348000459934718, 0.026208401976777027]], "chi2_level": 0.997, "chi2_df": 3, "chi2_threshold": 13.931422665512084, "N_raw": 85, "N_roi": 85, "N_inlier": 82, "refit": true}
{"timestamp": "12:32:36.161491", "frame": 54, "mu": [-0.8015343731557093, 0.9832692677061571, 1.5799391601011243], "Sigma": [[0.04826129022552969, 0.024015157786568757, -0.05424257442270369], [0.024015157786568753, 0.019697296819249283, -0.02155901830671772], [-0.05424257442270369, -0.02155901830671772, 0.10694695993736093]], "chi2_level": 0.997, "chi2_df": 3, "chi2_threshold": 13.931422665512084, "N_raw": 56, "N_roi": 56, "N_inlier": 52, "refit": true}
{"timestamp": "12:32:36.217615", "frame": 55, "mu": [-0.842949066561995, 1.0070127479947646, 1.3485054923458282], "Sigma": [[0.0739564082210113, 0.031037075754479816, -0.09818413246645108], [0.031037075754479816, 0.023424304619262544, -0.04021691322741992], [-0.09818413246645108, -0.04021691322741992, 0.14583469599115864]], "chi2_level": 0.997, "chi2_df": 3, "chi2_threshold": 13.931422665512084, "N_raw": 66, "N_roi": 66, "N_inlier": 65, "refit": true}
{"timestamp": "12:32:36.284185", "frame": 56, "mu": [-1.0786678746808902, 0.8837564025313265, 1.4123158612953608], "Sigma": [[0.09449659874281474, 0.06524022627581111, 0.0005036009336313908], [0.06524022627581111, 0.059506892590429364, 0.01863550385987796], [0.0005036009336313874, 0.018635503859877965, 0.10723939177042197]], "chi2_level": 0.997, "chi2_df": 3, "chi2_threshold": 13.931422665512084, "N_raw": 145, "N_roi": 145, "N_inlier": 142, "refit": true}
{"timestamp": "12:32:36.336538", "frame": 57, "mu": [-1.0931239695220378, 1.0290711392251801, -0.3332228651290987], "Sigma": [[0.05689678866454756, 0.02455704464661418, -0.01706386059947103], [0.02455704464661418, 0.018851403956231097, -0.014892667706822543], [-0.01706386059947103, -0.014892667706822543, 0.062375845919673746]], "chi2_level": 0.997, "chi2_df": 3, "chi2_threshold": 13.931422665512084, "N_raw": 119, "N_roi": 119, "N_inlier": 119, "refit": true}
{"timestamp": "12:32:36.388227", "frame": 58, "mu": [-1.1801696406265627, 0.9472882525000764, 1.536535070620748], "Sigma": [[0.051038848146738085, 0.02118935654165441, -0.025480795449509645], [0.021189356541654415, 0.017363567073228454, 0.0001235752960343999], [-0.02548079544950965, 0.00012357529603440024, 0.10203949664429082]], "chi2_level": 0.997, "chi2_df": 3, "chi2_threshold": 13.931422665512084, "N_raw": 103, "N_roi": 103, "N_inlier": 103, "refit": true}
{"timestamp": "12:32:36.445051", "frame": 59, "mu": [-1.2035617760227946, 1.0370116076563747, 1.7324102508556325], "Sigma": [[0.019765604920404554, 0.0076624140781440895, -0.011744641935450132], [0.0076624140781440895, 0.012370352782394175, -0.006450596116720447], [-0.011744641935450132, -0.006450596116720447, 0.011127150234342562]], "chi2_level": 0.997, "chi2_df": 3, "chi2_threshold": 13.931422665512084, "N_raw": 113, "N_roi": 113, "N_inlier": 107, "refit": true}
{"timestamp": "12:32:36.500433", "frame": 60, "mu": [-1.2489320207111876, 1.0819667048052055, 1.6546605119131912], "Sigma": [[0.030419710529816683, 0.014154162099878062, -0.043305570441925706], [0.014154162099878064, 0.012678253454899344, -0.026747202407931277], [-0.0433055704419257, -0.026747202407931277, 0.13157140949680254]], "chi2_level": 0.997, "chi2_df": 3, "chi2_threshold": 13.931422665512084, "N_raw": 118, "N_roi": 118, "N_inlier": 118, "refit": true}
{"timestamp": "12:32:36.554859", "frame": 61, "mu": [-1.2415579310565275, 1.0775010734684103, 1.481644094292204], "Sigma": [[0.019340804745998006, 0.011142758635780604, -0.0373309423313349], [0.011142758635780604, 0.01867935769784796, -0.03471870900161968], [-0.0373309423313349, -0.03471870900161968, 0.15276119741370822]], "chi2_level": 0.997, "chi2_df": 3, "chi2_threshold": 13.931422665512084, "N_raw": 119, "N_roi": 119, "N_inlier": 119, "refit": true}
{"timestamp": "12:32:36.605886", "frame": 62, "mu": [-1.3644511834163433, 1.0646062496856386, 1.7461227762338642], "Sigma": [[0.014911700177966216, 0.007475137013144024, -0.01126791105619088], [0.007475137013144024, 0.012822540158401141, -0.007218632868096904], [-0.01126791105619088, -0.007218632868096904, 0.010426180485567123]], "chi2_level": 0.997, "chi2_df": 3, "chi2_threshold": 13.931422665512084, "N_raw": 82, "N_roi": 82, "N_inlier": 78, "refit": true}
{"timestamp": "12:32:36.658573", "frame": 63, "mu": [-1.3940805466350943, 1.028951870146, 1.4823720488414116], "Sigma": [[0.0183514852056659, 0.011178681428145147, -0.014914248466009822], [0.011178681428145147, 0.022241555718095028, -0.016438646629083304], [-0.014914248466009822, -0.016438646629083304, 0.12078965964962246]], "chi2_level": 0.997, "chi2_df": 3, "chi2_threshold": 13.931422665512084, "N_raw": 76, "N_roi": 76, "N_inlier": 74, "refit": true}
{"timestamp": "12:32:36.718854", "frame": 64, "mu": [-1.4258508810925155, 1.1081805575062318, 1.6167838930944627], "Sigma": [[0.02283898895242986, 0.009701952299428544, -0.017816270236077163], [0.009701952299428546, 0.015682552452000335, -0.008166366212981044], [-0.017816270236077163, -0.008166366212981044, 0.022245382040400906]], "chi2_level": 0.997, "chi2_df": 3, "chi2_threshold": 13.931422665512084, "N_raw": 109, "N_roi": 109, "N_inlier": 107, "refit": true}
{"timestamp": "12:32:36.775981", "frame": 65, "mu": [-1.4905786097394254, 1.1386379708709766, 1.6040973508063712], "Sigma": [[0.024609869257652434, 0.010836543506229849, -0.02105985427574177], [0.010836543506229849, 0.02276525125656173, -0.00741142723299494], [-0.02105985427574177, -0.007411427232994939, 0.021936638609146998]], "chi2_level": 0.997, "chi2_df": 3, "chi2_threshold": 13.931422665512084, "N_raw": 120, "N_roi": 120, "N_inlier": 120, "refit": true}
{"timestamp": "12:32:36.829628", "frame": 66, "mu": [-1.556323484085654, 1.1187668324986255, 0.216843131645587], "Sigma": [[0.015673879404478584, 0.01001979687000332, 0.05891476516542174], [0.01001979687000332, 0.02620982351098662, 0.06917019070031777], [0.05891476516542174, 0.06917019070031777, 0.6116080164525851]], "chi2_level": 0.997, "chi2_df": 3, "chi2_threshold": 13.931422665512084, "N_raw": 107, "N_roi": 107, "N_inlier": 106, "refit": true}
{"timestamp": "12:32:36.880096", "frame": 67, "mu": [-1.59802392043029, 1.2425796862050413, 0.12091277349980532], "Sigma": [[0.012395858481857947, 0.010659605530363415, 0.032554877357311315], [0.010659605530363415, 0.02702447863211386, 0.07147424619091239], [0.03255487735731132, 0.07147424619091239, 0.3928772175757156]], "chi2_level": 0.997, "chi2_df": 3, "chi2_threshold": 13.931422665512084, "N_raw": 84, "N_roi": 84, "N_inlier": 83, "refit": true}
{"timestamp": "12:32:36.936327", "frame": 68, "mu": [-1.672555908547332, 1.1453448569567874, 1.4551452828884124], "Sigma": [[0.023341228307481882, 0.02423321356859761, 0.0048798312501016055], [0.024233213568597606, 0.04540410373675233, 0.023291138212256264], [0.004879831250101606, 0.023291138212256264, 0.04777978317466982]], "chi2_level": 0.997, "chi2_df": 3, "chi2_threshold": 13.931422665512084, "N_raw": 97, "N_roi": 97, "N_inlier": 95, "refit": true}
{"timestamp": "12:32:36.992834", "frame": 69, "mu": [-1.6665093755786162, 1.3203783665073903, 0.4554784828832678], "Sigma": [[0.024054281858980814, 0.01203603706564486, 0.06103483665879529], [0.01203603706564486, 0.017884629580222224, 0.05707205653409118], [0.06103483665879529, 0.05707205653409118, 0.5090111745586515]], "chi2_level": 0.997, "chi2_df": 3, "chi2_threshold": 13.931422665512084, "N_raw": 101, "N_roi": 101, "N_inlier": 100, "refit": true}
{"timestamp": "12:32:37.052469", "frame": 70, "mu": [-1.610989184842318, 1.3743335556625433, 1.3672572026324745], "Sigma": [[0.06097854923995284, 0.020514084208516695, -0.10138463760021278], [0.020514084208516695, 0.016630063153214105, -0.02765486803563795], [-0.10138463760021281, -0.02765486803563795, 0.27576085988517685]], "chi2_level": 0.997, "chi2_df": 3, "chi2_threshold": 13.931422665512084, "N_raw": 132, "N_roi": 132, "N_inlier": 131, "refit": true}
{"timestamp": "12:32:37.101627", "frame": 71, "mu": [-1.636190077894052, 1.4828096058474296, 1.7201180067375932], "Sigma": [[0.030942452069854652, 0.01710460398097577, -0.027914373424603373], [0.01710460398097577, 0.018650617454451082, -0.01402642465215878], [-0.027914373424603373, -0.014026424652158781, 0.037959504499776184]], "chi2_level": 0.997, "chi2_df": 3, "chi2_threshold": 13.931422665512084, "N_raw": 92, "N_roi": 92, "N_inlier": 90, "refit": true}
{"timestamp": "12:32:37.153991", "frame": 72, "mu": [-1.8226109760221452, 1.4313776830777571, 1.86112666069792], "Sigma": [[0.020838487466815613, 0.015253388466205733, -0.01231204802536371], [0.015253388466205733, 0.020631579615084713, -0.016255364503291334], [-0.01231204802536371, -0.016255364503291334, 0.01916360461575551]], "chi2_level": 0.997, "chi2_df": 3, "chi2_threshold": 13.931422665512084, "N_raw": 76, "N_roi": 76, "N_inlier": 71, "refit": true}
{"timestamp": "12:32:37.208683", "frame": 73, "mu": [-1.846354016069427, 1.4561401211323284, 1.8976975305451431], "Sigma": [[0.027826396279563376, 0.021285669301701348, -0.018115475068118655], [0.02128566930170135, 0.024038829230087655, -0.017117788744811277], [-0.018115475068118655, -0.017117788744811277, 0.02553036723763819]], "chi2_level": 0.997, "chi2_df": 3, "chi2_threshold": 13.931422665512084, "N_raw": 72, "N_roi": 72, "N_inlier": 69, "refit": true}
{"timestamp": "12:32:37.265916", "frame": 74, "mu": [-1.8130185773850154, 1.564745371702839, 1.8392334567512894], "Sigma": [[0.030540374037535047, 0.02287959084471207, -0.021471927191434263], [0.02287959084471207, 0.023427306293000456, -0.018799287462898915], [-0.021471927191434263, -0.018799287462898915, 0.018596134599102608]], "chi2_level": 0.997, "chi2_df": 3, "chi2_threshold": 13.931422665512084, "N_raw": 79, "N_roi": 79, "N_inlier": 74, "refit": true}
{"timestamp": "12:32:37.317291", "frame": 75, "mu": [-1.843287886108101, 1.6204258846914494, 1.9334948072897122], "Sigma": [[0.041827007078279244, 0.03215588205710652, -0.03310075747239185], [0.03215588205710652, 0.03080885552505326, -0.028830298634254327], [-0.03310075747239185, -0.028830298634254323, 0.03187370639142467]], "chi2_level": 0.997, "chi2_df": 3, "chi2_threshold": 13.931422665512084, "N_raw": 60, "N_roi": 60, "N_inlier": 58, "refit": true}
{"timestamp": "12:32:37.371494", "frame": 76, "mu": [-1.966731063527687, 1.6071612251966207, 1.9420310950187707], "Sigma": [[0.023797344021553216, 0.02836935785487651, -0.01739431716291305], [0.028369357854876515, 0.04523463382713827, -0.025257693394859414], [-0.01739431716291305, -0.025257693394859414, 0.015754543069430492]], "chi2_level": 0.997, "chi2_df": 3, "chi2_threshold": 13.931422665512084, "N_raw": 63, "N_roi": 63, "N_inlier": 61, "refit": true}
{"timestamp": "12:32:37.429676", "frame": 77, "mu": [-1.7456922461431237, 1.8644338421152276, 1.662726032335057], "Sigma": [[0.04388075906552995, 0.021013268252063476, -0.03790727447439633], [0.021013268252063476, 0.01849489761828186, -0.019309706521524327], [-0.03790727447439633, -0.019309706521524327, 0.035023459423069905]], "chi2_level": 0.997, "chi2_df": 3, "chi2_threshold": 13.931422665512084, "N_raw": 80, "N_roi": 80, "N_inlier": 79, "refit": true}
{"timestamp": "12:32:37.484086", "frame": 78, "mu": [-1.7114484185582028, 1.9489333362552348, 1.5189173360219812], "Sigma": [[0.04380356182081529, 0.024295319955647536, -0.028545745687655208], [0.02429531995564754, 0.02658835529111763, -0.015899539330802025], [-0.028545745687655208, -0.01589953933080203, 0.02357629809965619]], "chi2_level": 0.997, "chi2_df": 3, "chi2_threshold": 13.931422665512084, "N_raw": 72, "N_roi": 72, "N_inlier": 70, "refit": true}
{"timestamp": "12:32:37.531417", "frame": 79, "mu": [-1.8741186363420737, 1.9238453467071142, 1.7094616267215816], "Sigma": [[0.07812695027654526, 0.062005977662252285, -0.06727581119692091], [0.062005977662252285, 0.06080742805174651, -0.05420922123789432], [-0.06727581119692091, -0.054209221237894324, 0.08070138091039125]], "chi2_level": 0.997, "chi2_df": 3, "chi2_threshold": 13.931422665512084, "N_raw": 26, "N_roi": 26, "N_inlier": 25, "refit": true}
{"timestamp": "12:32:37.593280", "frame": 80, "mu": [-1.8567912613877213, 2.045891553970228, 1.6835703466341332], "Sigma": [[0.04649996171233094, 0.038932428608176146, -0.03749023640071839], [0.03893242860817615, 0.04148867444096246, -0.033721475007092494], [-0.03749023640071839, -0.0337214750070925, 0.03222455215358809]], "chi2_level": 0.997, "chi2_df": 3, "chi2_threshold": 13.931422665512084, "N_raw": 77, "N_roi": 75, "N_inlier": 74, "refit": true}
{"timestamp": "12:32:37.643190", "frame": 81, "mu": [-1.9036018056602866, 2.1168839105323873, -0.31619823536523595], "Sigma": [[0.08733483580619594, 0.08607822927702302, -0.0706271293426193], [0.08607822927702302, 0.098322362329271, -0.0823434211757324], [-0.0706271293426193, -0.0823434211757324, 0.11323616793686254]], "chi2_level": 0.997, "chi2_df": 3, "chi2_threshold": 13.931422665512084, "N_raw": 28, "N_roi": 25, "N_inlier": 24, "refit": true}
{"timestamp": "12:32:37.697175", "frame": 82, "mu": [-1.6912291706360176, 2.25426950413196, 1.4143468254789229], "Sigma": [[0.013248191063645455, -0.00014654150506650336, 0.006389203723904973], [-0.0001465415050665033, 0.004409569648559242, -0.012065317092599904], [0.006389203723904975, -0.012065317092599904, 0.14400524629192032]], "chi2_level": 0.997, "chi2_df": 3, "chi2_threshold": 13.931422665512084, "N_raw": 34, "N_roi": 34, "N_inlier": 33, "refit": true}
{"timestamp": "12:32:37.751882", "frame": 83, "mu": [-1.8185736113178408, 2.2845680004108866, 1.106599459074127], "Sigma": [[0.0321072284087404, 0.020165179402982646, -0.012192223493097447], [0.020165179402982646, 0.020667079728904508, -0.01274405873672842], [-0.012192223493097442, -0.012744058736728422, 0.4972213026557586]], "chi2_level": 0.997, "chi2_df": 3, "chi2_threshold": 13.931422665512084, "N_raw": 20, "N_roi": 20, "N_inlier": 19, "refit": true}
{"timestamp": "12:32:37.806253", "frame": 84, "mu": [-2.0644999539510365, 2.174269110663691, 1.4656946371022452], "Sigma": [[0.07924879379672954, 0.0804461316548478, -0.15564486646731934], [0.08044613165484782, 0.09053021157660518, -0.17873138795658194], [-0.15564486646731934, -0.17873138795658194, 0.5748680980155346]], "chi2_level": 0.997, "chi2_df": 3, "chi2_threshold": 13.931422665512084, "N_raw": 22, "N_roi": 22, "N_inlier": 22, "refit": true}
{"timestamp": "12:32:37.861244", "frame": 85, "mu": [-1.8134407311754073, 2.4695638820550587, -0.16533534486569115], "Sigma": [[0.07435710712348081, 0.062343615684527634, -0.04050107329464393], [0.062343615684527634, 0.09021612464971378, -0.10181799202652543], [-0.04050107329464393, -0.10181799202652544, 0.16054454695926873]], "chi2_level": 0.997, "chi2_df": 3, "chi2_threshold": 13.931422665512084, "N_raw": 26, "N_roi": 17, "N_inlier": 16, "refit": true}
{"timestamp": "12:32:37.916802", "frame": 86, "mu": [-1.7015214860838817, 2.491987237485324, 1.6135878091613942], "Sigma": [[0.00599672523149986, 0.002241419667028927, -0.0075023633164935915], [0.0022414196670289266, 0.008214235899600497, 0.00038113797995445616], [-0.0075023633164935915, 0.00038113797995445616, 0.012683693721787799]], "chi2_level": 0.997, "chi2_df": 3, "chi2_threshold": 13.931422665512084, "N_raw": 32, "N_roi": 32, "N_inlier": 29, "refit": true}
{"timestamp": "12:32:37.970635", "frame": 87, "mu": [-1.6305305741686056, 2.5390007191094734, 1.1598780415472463], "Sigma": [[0.008346167071883891, -6.559862784764263e-05, 0.0018428370893327996], [-6.559862784764252e-05, 0.0034363613662297225, -0.0021997932342593253], [0.0018428370893327996, -0.0021997932342593257, 0.0032930977944256134]], "chi2_level": 0.997, "chi2_df": 3, "chi2_threshold": 13.931422665512084, "N_raw": 17, "N_roi": 14, "N_inlier": 14, "refit": true}
