{"timestamp": "12:23:29.396378", "frame": 19, "mu": [-0.9020414868800045, 0.6381764542306033, 0.7149621162726543], "Sigma": [[4.687800332930241, -0.03949323702501049, 0.08744676266784504], [-0.03949323702501049, 0.010744151893212687, -0.004846546210345765], [0.08744676266784504, -0.004846546210345765, 0.0049591371766621204]], "chi2_level": 0.997, "chi2_df": 3, "chi2_threshold": 13.931422665512084, "N_raw": 34, "N_roi": 33, "N_inlier": 33, "refit": true}
{"timestamp": "12:23:29.447941", "frame": 20, "mu": [-1.5885343131378142, 0.5487003057579435, 0.6791184177305423], "Sigma": [[2.761508278736783, -0.05694857064046818, 0.021647124338195416], [-0.05694857064046818, 0.014720284884066856, -0.0023948120152298353], [0.02164712433819542, -0.0023948120152298353, 0.00226087419424284]], "chi2_level": 0.997, "chi2_df": 3, "chi2_threshold": 13.931422665512084, "N_raw": 14, "N_roi": 14, "N_inlier": 14, "refit": true}
{"timestamp": "12:23:29.505162", "frame": 21, "mu": [-1.5525331259120256, 0.6435231350036774, 0.9463059171002697], "Sigma": [[2.4118727256920316, -0.06492868771140958, 0.039397348514000216], [-0.06492868771140958, 0.018548717627375564, -0.00530952188487655], [0.039397348514000216, -0.00530952188487655, 0.0075530733427731376]], "chi2_level": 0.997, "chi2_df": 3, "chi2_threshold": 13.931422665512084, "N_raw": 32, "N_roi": 32, "N_inlier": 32, "refit": true}
{"timestamp": "12:23:29.615013", "frame": 23, "mu": [-0.4162639949656145, 0.5668182282918987, 0.8554192011256612], "Sigma": [[3.9299140799429777, 0.044658060750007625, -0.09887940478250223], [0.04465806075000765, 0.030117879741126764, 0.010283956898194467], [-0.09887940478250225, 0.010283956898194467, 0.01848612538106685]], "chi2_level": 0.997, "chi2_df": 3, "chi2_threshold": 13.931422665512084, "N_raw": 32, "N_roi": 32, "N_inlier": 32, "refit": true}
{"timestamp": "12:23:29.669586", "frame": 24, "mu": [-1.0179812946684414, 0.5472556297227456, 0.983382296107811], "Sigma": [[3.388927656481882, -0.021688873583833944, 0.049178418095272736], [-0.02168887358383394, 0.0077523869295164525, -0.0039929718628725665], [0.049178418095272736, -0.0039929718628725665, 0.004469032174226242]], "chi2_level": 0.997, "chi2_df": 3, "chi2_threshold": 13.931422665512084, "N_raw": 29, "N_roi": 29, "N_inlier": 29, "refit": true}
{"timestamp": "12:23:29.786580", "frame": 26, "mu": [-1.3363114549808939, 0.5551816706822852, 0.9909503851792573], "Sigma": [[2.0791761355077627, -0.019951222290223947, -0.004881365434561004], [-0.019951222290223943, 0.01352992124460427, 0.0022897582235762047], [-0.004881365434561002, 0.0022897582235762042, 0.031093672326257607]], "chi2_level": 0.997, "chi2_df": 3, "chi2_threshold": 13.931422665512084, "N_raw": 68, "N_roi": 68, "N_inlier": 68, "refit": true}
{"timestamp": "12:23:29.898395", "frame": 28, "mu": [-0.9597787923531271, 0.48298480035923697, 0.8875481169506207], "Sigma": [[2.5715840718187946, 0.0018650565550503463, 0.000304444480905797], [0.001865056555050348, 0.013306897139801363, 0.006342190673973567], [0.00030444448090580223, 0.006342190673973567, 0.035595013471556455]], "chi2_level": 0.997, "chi2_df": 3, "chi2_threshold": 13.931422665512084, "N_raw": 81, "N_roi": 81, "N_inlier": 81, "refit": true}
{"timestamp": "12:23:29.951623", "frame": 29, "mu": [-0.9413583235846676, 0.48756441194829386, 0.8848543262379105], "Sigma": [[2.516621776812592, -0.01230461370780548, 0.10675967316808961], [-0.012304613707805482, 0.009060869042421572, -0.004111050906762694], [0.10675967316808961, -0.004111050906762694, 0.025827376233676792]], "chi2_level": 0.997, "chi2_df": 3, "chi2_threshold": 13.931422665512084, "N_raw": 72, "N_roi": 72, "N_inlier": 72, "refit": true}
{"timestamp": "12:23:30.003959", "frame": 30, "mu": [-0.649073673512438, 0.48199885048009833, 1.0266315393960888], "Sigma": [[2.7130746989721386, -0.023684885361143482, -0.00301235404056041], [-0.023684885361143482, 0.008081377343165361, 0.0011946457461693128], [-0.0030123540405604067, 0.0011946457461693121, 0.012158979739345956]], "chi2_level": 0.997, "chi2_df": 3, "chi2_threshold": 13.931422665512084, "N_raw": 57, "N_roi": 57, "N_inlier": 57, "refit": true}
{"timestamp": "12:23:30.061002", "frame": 31, "mu": [-1.1937653096786798, 0.5093328443934229, 1.088126044372458], "Sigma": [[1.5383637392023173, -0.03725378192762071, 0.012087780755903742], [-0.037253781927620716, 0.012809503885496586, 0.003956165809040919], [0.012087780755903738, 0.003956165809040919, 0.019935197105725846]], "chi2_level": 0.997, "chi2_df": 3, "chi2_threshold": 13.931422665512084, "N_raw": 69, "N_roi": 69, "N_inlier": 69, "refit": true}
{"timestamp": "12:23:30.115010", "frame": 32, "mu": [-1.2854666867914553, 0.5395736118840204, 1.1703292011042405], "Sigma": [[1.0295541267325057, -0.03216246180024042, 0.01655067744941063], [-0.03216246180024042, 0.010995946277627164, -0.0028320136722699008], [0.016550677449410633, -0.0028320136722699016, 0.015827016454588644]], "chi2_level": 0.997, "chi2_df": 3, "chi2_threshold": 13.931422665512084, "N_raw": 63, "N_roi": 63, "N_inlier": 62, "refit": true}
{"timestamp": "12:23:30.174989", "frame": 33, "mu": [-1.5758212534581864, 0.7588454126939197, -0.526852194369054], "Sigma": [[0.0077411822760961166, 0.0058334442611210555, 0.006148240290169806], [0.0058334442611210555, 0.014569701197820249, -0.012676281417264887], [0.006148240290169805, -0.012676281417264883, 0.11234373409521584]], "chi2_level": 0.997, "chi2_df": 3, "chi2_threshold": 13.931422665512084, "N_raw": 75, "N_roi": 75, "N_inlier": 73, "refit": true}
{"timestamp": "12:23:30.230118", "frame": 34, "mu": [-1.2275228132715599, 0.5528867992843292, 1.1679188333172796], "Sigma": [[0.9629983482279464, -0.04606136987234741, 0.02754941793741464], [-0.046061369872347394, 0.015772959675889958, -0.001684156680811731], [0.027549417937414642, -0.0016841566808117304, 0.030034835852546293]], "chi2_level": 0.997, "chi2_df": 3, "chi2_threshold": 13.931422665512084, "N_raw": 86, "N_roi": 86, "N_inlier": 85, "refit": true}
{"timestamp": "12:23:30.288815", "frame": 35, "mu": [-1.5230451623970753, 0.5705911455130221, 1.2180559704400784], "Sigma": [[0.013579342381403623, 0.009853152942886616, 0.011028482740975868], [0.009853152942886616, 0.012795757522269123, -0.0024432136833260902], [0.011028482740975868, -0.002443213683326091, 0.0315855425257372]], "chi2_level": 0.997, "chi2_df": 3, "chi2_threshold": 13.931422665512084, "N_raw": 107, "N_roi": 107, "N_inlier": 102, "refit": true}
{"timestamp": "12:23:30.344942", "frame": 36, "mu": [-1.4763274342597823, 0.7302691576272307, 0.06398971288903899], "Sigma": [[0.0141833569135571, 0.002591787047420172, 0.03073429110463726], [0.002591787047420172, 0.006574035451359689, -0.0004402579022789936], [0.03073429110463726, -0.00044025790227899316, 0.6436865154773984]], "chi2_level": 0.997, "chi2_df": 3, "chi2_threshold": 13.931422665512084, "N_raw": 108, "N_roi": 108, "N_inlier": 104, "refit": true}
{"timestamp": "12:23:30.397864", "frame": 37, "mu": [-1.416164860254933, 0.6473028573885962, 1.2528783108263397], "Sigma": [[0.016661272129180674, 0.005429385631953717, 0.014870601362199967], [0.005429385631953717, 0.013932573669270847, -0.004325112109917803], [0.014870601362199967, -0.004325112109917803, 0.03474632605892933]], "chi2_level": 0.997, "chi2_df": 3, "chi2_threshold": 13.931422665512084, "N_raw": 96, "N_roi": 96, "N_inlier": 95, "refit": true}
{"timestamp": "12:23:30.448275", "frame": 38, "mu": [-1.31449862587448, 0.6082365548509122, 1.32848194195871], "Sigma": [[0.009242034706771457, 0.009328067431574345, 0.0032220173459526513], [0.009328067431574345, 0.01709345727991511, -0.003963401779864703], [0.003222017345952651, -0.003963401779864703, 0.018995764347507868]], "chi2_level": 0.997, "chi2_df": 3, "chi2_threshold": 13.931422665512084, "N_raw": 62, "N_roi": 62, "N_inlier": 62, "refit": true}
{"timestamp": "12:23:30.508332", "frame": 39, "mu": [-1.19349265581381, 0.6573071369362785, 1.3206482679040297], "Sigma": [[0.012193972731429603, 0.008431728299149673, 0.0013282094895220291], [0.008431728299149673, 0.011407219284285177, -0.005794594107921378], [0.0013282094895220291, -0.005794594107921377, 0.010159204959955351]], "chi2_level": 0.997, "chi2_df": 3, "chi2_threshold": 13.931422665512084, "N_raw": 95, "N_roi": 95, "N_inlier": 93, "refit": true}
{"timestamp": "12:23:30.560969", "frame": 40, "mu": [-1.1679817434051285, 0.60923060500754, 1.3594877529471379], "Sigma": [[0.010282460586474211, 0.008391347799575666, 0.002721498467491977], [0.008391347799575668, 0.010548938401532752, -0.0024230337539557236], [0.002721498467491977, -0.0024230337539557236, 0.012596977190070593]], "chi2_level": 0.997, "chi2_df": 3, "chi2_threshold": 13.931422665512084, "N_raw": 83, "N_roi": 83, "N_inlier": 80, "refit": true}
{"timestamp": "12:23:30.619994", "frame": 41, "mu": [-1.107121871327214, 0.6087556919522242, 1.370072654226112], "Sigma": [[0.016031174944606014, 0.014489064096256794, 0.005892280607682465], [0.014489064096256794, 0.01759578624396258, 0.0017696908116420656], [0.005892280607682465, 0.0017696908116420656, 0.01257440824680225]], "chi2_level": 0.997, "chi2_df": 3, "chi2_threshold": 13.931422665512084, "N_raw": 102, "N_roi": 102, "N_inlier": 98, "refit": true}
{"timestamp": "12:23:30.668378", "frame": 42, "mu": [-1.0757283954786898, 0.5679416202583649, 1.3451874219311228], "Sigma": [[0.011414739866084003, 0.014103765563092799, -0.002346171907387488], [0.014103765563092799, 0.020793488038746706, -0.008202607252896532], [-0.0023461719073874865, -0.008202607252896532, 0.03827009636098491]], "chi2_level": 0.997, "chi2_df": 3, "chi2_threshold": 13.931422665512084, "N_raw": 62, "N_roi": 62, "N_inlier": 61, "refit": true}
{"timestamp": "12:23:30.729345", "frame": 43, "mu": [-0.9789582330905773, 0.564394591471131, 1.3706417605065009], "Sigma": [[0.014129523584459599, 0.019097294061567148, 0.009539145642384138], [0.019097294061567148, 0.03602194298092687, 0.017679856864387753], [0.00953914564238414, 0.017679856864387753, 0.028715352562375993]], "chi2_level": 0.997, "chi2_df": 3, "chi2_threshold": 13.931422665512084, "N_raw": 101, "N_roi": 101, "N_inlier": 91, "refit": true}
{"timestamp": "12:23:30.782664", "frame": 44, "mu": [-0.9254585836417295, 0.6712657626595456, 1.4997898549570214], "Sigma": [[0.012421746392712733, 0.008069786670713792, -0.0017434133126333056], [0.008069786670713792, 0.008531514862043446, -0.004919019264100233], [-0.0017434133126333056, -0.004919019264100233, 0.0054232873777712645]], "chi2_level": 0.997, "chi2_df": 3, "chi2_threshold": 13.931422665512084, "N_raw": 88, "N_roi": 88, "N_inlier": 82, "refit": true}
{"timestamp": "12:23:30.830919", "frame": 45, "mu": [-0.9157260331846023, 0.6435079239704616, 1.4948112953436086], "Sigma": [[0.016330494086824424, 0.01206562766481646, -0.005612998559015925], [0.012065627664816458, 0.01514396847882656, -0.0102465344090748], [-0.005612998559015925, -0.0102465344090748, 0.008669438784665124]], "chi2_level": 0.997, "chi2_df": 3, "chi2_threshold": 13.931422665512084, "N_raw": 51, "N_roi": 51, "N_inlier": 51, "refit": true}
{"timestamp": "12:23:30.892419", "frame": 46, "mu": [-0.5790945574291205, 0.7307571002718651, 1.0918639059756439], "Sigma": [[0.21137146660068348, -0.056361279229245276, -0.003721293290966614], [-0.056361279229245276, 0.05137843419881606, -0.029558053844499235], [-0.0037212932909666116, -0.029558053844499235, 0.15809809717517295]], "chi2_level": 0.997, "chi2_df": 3, "chi2_threshold": 13.931422665512084, "N_raw": 92, "N_roi": 92, "N_inlier": 91, "refit": true}
{"timestamp": "12:23:30.943692", "frame": 47, "mu": [-0.7655782770046289, 0.7316787620656867, 1.50628457961644], "Sigma": [[0.032008645506124284, 0.01291808150511864, -0.03792558847518443], [0.012918081505118638, 0.007433451374411162, -0.02165592222703178], [-0.03792558847518443, -0.02165592222703178, 0.1039227830380458]], "chi2_level": 0.997, "chi2_df": 3, "chi2_threshold": 13.931422665512084, "N_raw": 64, "N_roi": 63, "N_inlier": 61, "refit": true}
{"timestamp": "12:23:31.001352", "frame": 48, "mu": [-0.5924313885833427, 0.7904348781215367, 1.4516255289103197], "Sigma": [[0.012786663805611645, 0.007874572915851002, -0.004192339395670458], [0.007874572915851, 0.009375852562990514, -0.007342054878766704], [-0.004192339395670458, -0.007342054878766705, 0.007068114853085579]], "chi2_level": 0.997, "chi2_df": 3, "chi2_threshold": 13.931422665512084, "N_raw": 79, "N_roi": 76, "N_inlier": 75, "refit": true}
{"timestamp": "12:23:31.053031", "frame": 49, "mu": [-0.4639045065385224, 0.8247190701219371, 1.4285962455755992], "Sigma": [[0.0024559793659236972, 3.870945957213005e-05, 0.0002340720619842631], [3.870945957213008e-05, 0.0022949698215270426, -0.002551123754836059], [0.0002340720619842631, -0.002551123754836059, 0.005173089780010216]], "chi2_level": 0.997, "chi2_df": 3, "chi2_threshold": 13.931422665512084, "N_raw": 63, "N_roi": 63, "N_inlier": 60, "refit": true}
{"timestamp": "12:23:31.102810", "frame": 50, "mu": [-0.43557026695476986, 0.7486908284153685, 1.4773463509311668], "Sigma": [[0.01497231133944271, 0.008498706328868061, -0.002701305416559392], [0.00849870632886806, 0.0071494751414407035, -0.003117136253920169], [-0.002701305416559392, -0.0031171362539201683, 0.01006226770815465]], "chi2_level": 0.997, "chi2_df": 3, "chi2_threshold": 13.931422665512084, "N_raw": 29, "N_roi": 29, "N_inlier": 27, "refit": true}
{"timestamp": "12:23:31.165267", "frame": 51, "mu": [-0.3207495102189259, 0.8528517940668564, 1.4281787969717672], "Sigma": [[0.00342266106990611, 0.0008190398224749409, 0.000981057184744127], [0.0008190398224749409, 0.003164293390069457, -0.002439556017147788], [0.000981057184744127, -0.002439556017147788, 0.003041912635760786]], "chi2_level": 0.997, "chi2_df": 3, "chi2_threshold": 13.931422665512084, "N_raw": 76, "N_roi": 76, "N_inlier": 75, "refit": true}
{"timestamp": "12:23:31.213673", "frame": 52, "mu": [-0.318573199767017, 0.8033313847487468, 1.4817634691166186], "Sigma": [[0.0017637227139376012, -0.0008241999003953945, 0.0002045008076309161], [-0.0008241999003953946, 0.0026228102098486135, -0.0015526162123119577], [0.00020450080763091607, -0.0015526162123119577, 0.0013161687548123504]], "chi2_level": 0.997, "chi2_df": 3, "chi2_threshold": 13.931422665512084, "N_raw": 33, "N_roi": 33, "N_inlier": 30, "refit": true}
{"timestamp": "12:23:31.273579", "frame": 53, "mu": [-0.19127959335692715, 0.8641829739990999, 1.4130108288181487], "Sigma": [[0.0031296709402652946, 0.0003732638823102705, 0.0004756888820777738], [0.0003732638823102706, 0.002480089065923106, -0.000941930709021495], [0.0004756888820777737, -0.000941930709021495, 0.015771216581636202]], "chi2_level": 0.997, "chi2_df": 3, "chi2_threshold": 13.931422665512084, "N_raw": 78, "N_roi": 78, "N_inlier": 78, "refit": true}
{"timestamp": "12:23:31.327323", "frame": 54, "mu": [-0.12330605047035055, 0.8892895837784794, 1.47802266605425], "Sigma": [[0.011553362298957823, 0.0024754725548324485, -0.0022578634071116293], [0.0024754725548324485, 0.002066381194164379, -0.0016017101744674883], [-0.0022578634071116293, -0.0016017101744674883, 0.0016275730111419975]], "chi2_level": 0.997, "chi2_df": 3, "chi2_threshold": 13.931422665512084, "N_raw": 57, "N_roi": 57, "N_inlier": 56, "refit": true}
{"timestamp": "12:23:31.386894", "frame": 55, "mu": [-0.07123207362956412, 0.9051149017425726, 1.3496332888871643], "Sigma": [[0.014423927375426502, 0.008585058766265297, -0.03289375696232682], [0.008585058766265297, 0.010633908659408655, -0.027663886689738], [-0.03289375696232682, -0.027663886689738, 0.09064892797350199]], "chi2_level": 0.997, "chi2_df": 3, "chi2_threshold": 13.931422665512084, "N_raw": 87, "N_roi": 87, "N_inlier": 86, "refit": true}
{"timestamp": "12:23:31.438530", "frame": 56, "mu": [0.048085803959184506, 0.9696007654584037, 1.2036020971524968], "Sigma": [[0.03585353764154547, 0.01565774351895676, -0.0575503688295044], [0.01565774351895676, 0.00789123117250776, -0.02645158452570954], [-0.0575503688295044, -0.02645158452570954, 0.10473091306167423]], "chi2_level": 0.997, "chi2_df": 3, "chi2_threshold": 13.931422665512084, "N_raw": 64, "N_roi": 64, "N_inlier": 62, "refit": true}
{"timestamp": "12:23:31.496476", "frame": 57, "mu": [-0.027510933392226235, 0.8020467451282959, 1.4101976964246885], "Sigma": [[0.004055741561160785, 0.0003617342915718823, 0.0042423858259802135], [0.0003617342915718823, 0.0008416163838949848, -0.0011883295109972674], [0.0042423858259802135, -0.0011883295109972672, 0.010573209417615895]], "chi2_level": 0.997, "chi2_df": 3, "chi2_threshold": 13.931422665512084, "N_raw": 87, "N_roi": 87, "N_inlier": 81, "refit": true}
{"timestamp": "12:23:31.599620", "frame": 59, "mu": [0.14397179814083996, 0.8268981321857322, 1.4048849360243747], "Sigma": [[0.01456614940156623, 0.004884820908111558, -0.013442054160922175], [0.004884820908111558, 0.003949945736048012, -0.0069279526716849085], [-0.013442054160922175, -0.0069279526716849085, 0.018418618810550784]], "chi2_level": 0.997, "chi2_df": 3, "chi2_threshold": 13.931422665512084, "N_raw": 46, "N_roi": 46, "N_inlier": 42, "refit": true}
{"timestamp": "12:23:31.657751", "frame": 60, "mu": [0.2309155875913998, 0.8176227403922779, 1.4209376305551253], "Sigma": [[0.0018006331490215213, -0.00018939580698868253, 0.0003962166151993663], [-0.00018939580698868253, 0.0008857159907956647, -0.0018503780897600203], [0.0003962166151993662, -0.0018503780897600203, 0.00992213535239035]], "chi2_level": 0.997, "chi2_df": 3, "chi2_threshold": 13.931422665512084, "N_raw": 61, "N_roi": 61, "N_inlier": 61, "refit": true}
{"timestamp": "12:23:31.714951", "frame": 61, "mu": [0.27442288685188176, 0.8511878411986513, 1.445746587349513], "Sigma": [[0.002689600161325933, -0.00047440923722174904, -0.002202668886831461], [-0.00047440923722174904, 0.003297361283715102, -0.0021254144144396605], [-0.0022026688868314616, -0.0021254144144396605, 0.005845818403280053]], "chi2_level": 0.997, "chi2_df": 3, "chi2_threshold": 13.931422665512084, "N_raw": 78, "N_roi": 78, "N_inlier": 73, "refit": true}
{"timestamp": "12:23:31.767275", "frame": 62, "mu": [0.39200906980872874, 0.7836255217398609, 1.3006861684258488], "Sigma": [[0.0027612459111133235, 0.0010715042898263522, -0.0015283713327331255], [0.001071504289826352, 0.0025621664175799553, -0.0024395193887452337], [-0.0015283713327331255, -0.0024395193887452337, 0.005069820469603939]], "chi2_level": 0.997, "chi2_df": 3, "chi2_threshold": 13.931422665512084, "N_raw": 61, "N_roi": 61, "N_inlier": 60, "refit": true}
{"timestamp": "12:23:31.821579", "frame": 63, "mu": [0.4480311865567719, 0.7416916841127024, 1.1597325020129319], "Sigma": [[0.0029050009740782833, 0.0018975555639379159, -0.004701105502437456], [0.0018975555639379159, 0.004532719791965056, -0.0014427002060676047], [-0.004701105502437456, -0.001442700206067605, 0.06336518717736396]], "chi2_level": 0.997, "chi2_df": 3, "chi2_threshold": 13.931422665512084, "N_raw": 49, "N_roi": 48, "N_inlier": 45, "refit": true}
{"timestamp": "12:23:31.873557", "frame": 64, "mu": [0.5200575848598761, 0.8185010823187623, 1.3072739207226625], "Sigma": [[0.0023594549772748726, 0.0012390523518098504, -0.003080549471988624], [0.0012390523518098504, 0.001592973136965382, -0.0014979169697749489], [-0.003080549471988624, -0.0014979169697749487, 0.19943542828903374]], "chi2_level": 0.997, "chi2_df": 3, "chi2_threshold": 13.931422665512084, "N_raw": 31, "N_roi": 30, "N_inlier": 29, "refit": true}
{"timestamp": "12:23:31.927428", "frame": 65, "mu": [0.506779011684187, 0.7333416137576904, 1.4256541585435165], "Sigma": [[0.0020306705976402854, -0.0002663097934009412, -0.0018211008702595977], [-0.0002663097934009411, 0.00364222199528439, 0.004094431020193249], [-0.0018211008702595977, 0.004094431020193249, 0.015075207309756752]], "chi2_level": 0.997, "chi2_df": 3, "chi2_threshold": 13.931422665512084, "N_raw": 30, "N_roi": 30, "N_inlier": 29, "refit": true}
{"timestamp": "12:23:31.983380", "frame": 66, "mu": [0.6079699260386998, 0.6886692517288817, 1.2976853631368561], "Sigma": [[0.0025221242045570507, 0.0015822879204967144, -0.0002640780859570176], [0.0015822879204967144, 0.005321032613924275, -0.0017756054349811034], [-0.0002640780859570176, -0.0017756054349811034, 0.001052758901118265]], "chi2_level": 0.997, "chi2_df": 3, "chi2_threshold": 13.931422665512084, "N_raw": 35, "N_roi": 35, "N_inlier": 32, "refit": true}
{"timestamp": "12:23:32.038382", "frame": 67, "mu": [0.676724780923987, 0.7179186209537957, 1.3033905969441375], "Sigma": [[0.0027191566044282123, 0.0017434696434081248, -0.0008129670306443707], [0.0017434696434081246, 0.0029524783668432386, -0.0011068693086343138], [-0.0008129670306443707, -0.0011068693086343138, 0.0010083621205780981]], "chi2_level": 0.997, "chi2_df": 3, "chi2_threshold": 13.931422665512084, "N_raw": 29, "N_roi": 29, "N_inlier": 26, "refit": true}
{"timestamp": "12:23:32.090301", "frame": 68, "mu": [0.7283719590180715, 0.8246663420808344, 1.1576355064153525], "Sigma": [[0.0026550733595605666, -0.0031478052592652807, 0.0025827966022043862], [-0.0031478052592652803, 0.028385470514597565, -0.00744298223028314], [0.0025827966022043862, -0.007442982230283142, 0.03780418236390727]], "chi2_level": 0.997, "chi2_df": 3, "chi2_threshold": 13.931422665512084, "N_raw": 10, "N_roi": 10, "N_inlier": 10, "refit": true}
{"timestamp": "12:23:32.146068", "frame": 69, "mu": [0.8062498642099467, 0.8180926784823711, 1.2351631084657317], "Sigma": [[0.004671925021942075, -0.005182636177521989, 0.007981019054676568], [-0.005182636177521989, 0.025992161033311346, -0.021602282238222782], [0.007981019054676568, -0.021602282238222782, 0.0317607949832367]], "chi2_level": 0.997, "chi2_df": 3, "chi2_threshold": 13.931422665512084, "N_raw": 20, "N_roi": 20, "N_inlier": 20, "refit": true}
{"timestamp": "12:23:32.202752", "frame": 70, "mu": [0.8247963660694755, 0.8766599845596851, 0.9214447884838466], "Sigma": [[0.00984342337118553, 0.003336877639724659, 0.0430579272486101], [0.003336877639724659, 0.02956695498249784, 0.024484571224111133], [0.0430579272486101, 0.02448457122411113, 0.26762072583731933]], "chi2_level": 0.997, "chi2_df": 3, "chi2_threshold": 13.931422665512084, "N_raw": 14, "N_roi": 14, "N_inlier": 13, "refit": true}
{"timestamp": "12:23:32.255168", "frame": 71, "mu": [0.9157692124013848, 1.0927594576991624, -0.5865227213942825], "Sigma": [[0.0021670395757143277, -0.00040772432489370736, 0.010155620017126853], [-0.0004077243248937069, 0.027467715288752963, -0.008859738271193152], [0.010155620017126853, -0.008859738271193154, 0.10276695012501787]], "chi2_level": 0.997, "chi2_df": 3, "chi2_threshold": 13.931422665512084, "N_raw": 12, "N_roi": 12, "N_inlier": 11, "refit": true}
{"timestamp": "12:23:32.364828", "frame": 73, "mu": [1.068671995298507, 1.0762193856882656, -0.6940626456142241], "Sigma": [[0.0030393875383365513, 0.0004021298288941276, 0.015063883912660198], [0.0004021298288941276, 0.015847778773217934, -0.02961976375161927], [0.015063883912660198, -0.029619763751619267, 0.1767947010645742]], "chi2_level": 0.997, "chi2_df": 3, "chi2_threshold": 13.931422665512084, "N_raw": 10, "N_roi": 10, "N_inlier": 10, "refit": true}
{"timestamp": "12:23:32.421372", "frame": 74, "mu": [1.2320317941898196, 0.9024314497462883, 1.5779522951407676], "Sigma": [[0.004313380234145151, 0.00379114390729986, 0.007652084829524997], [0.00379114390729986, 0.010149465756104018, 0.01194370123220611], [0.007652084829524998, 0.01194370123220611, 0.028751907168692407]], "chi2_level": 0.997, "chi2_df": 3, "chi2_threshold": 13.931422665512084, "N_raw": 20, "N_roi": 20, "N_inlier": 19, "refit": true}
{"timestamp": "12:23:32.476142", "frame": 75, "mu": [1.231553664029427, 0.7324039454607585, 1.3293939105325439], "Sigma": [[0.003540907637072595, -0.0011836630982150005, -0.001830312450759636], [-0.0011836630982150005, 0.0024925242876739397, -0.000592338758171787], [-0.001830312450759636, -0.000592338758171787, 0.0021975762603140218]], "chi2_level": 0.997, "chi2_df": 3, "chi2_threshold": 13.931422665512084, "N_raw": 24, "N_roi": 24, "N_inlier": 23, "refit": true}
{"timestamp": "12:23:32.586881", "frame": 77, "mu": [1.3797529857529687, 0.9195056154102283, 1.5857323947391995], "Sigma": [[0.004153877844277375, 0.0020219671745953438, 0.004630887313590033], [0.0020219671745953438, 0.005975467957822964, 0.0036025319741054378], [0.004630887313590033, 0.003602531974105437, 0.006386508268992472]], "chi2_level": 0.997, "chi2_df": 3, "chi2_threshold": 13.931422665512084, "N_raw": 23, "N_roi": 23, "N_inlier": 22, "refit": true}
{"timestamp": "12:23:32.639952", "frame": 78, "mu": [1.402430671953269, 0.8608243409416955, 1.4101398128745026], "Sigma": [[0.0019096465717151677, 0.0022894678102939, 0.0012133801706092418], [0.0022894678102939, 0.009146229420834786, 0.004247452734299486], [0.0012133801706092416, 0.004247452734299486, 0.002168530876670797]], "chi2_level": 0.997, "chi2_df": 3, "chi2_threshold": 13.931422665512084, "N_raw": 12, "N_roi": 12, "N_inlier": 12, "refit": true}
{"timestamp": "12:23:32.695411", "frame": 79, "mu": [1.438544894938821, 0.8739422777884112, 1.3022651931525508], "Sigma": [[0.0016319030392461084, -0.0001645195143348024, 0.001166452594509163], [-0.0001645195143348024, 0.002346749558449303, -0.0050500881453932585], [0.001166452594509163, -0.005050088145393259, 0.018524858768051263]], "chi2_level": 0.997, "chi2_df": 3, "chi2_threshold": 13.931422665512084, "N_raw": 12, "N_roi": 12, "N_inlier": 12, "refit": true}
