{"timestamp": "11:55:03.987170", "frame": 12, "mu": [0.6873119948041129, 4.923478526477245, 0.6730072111651307], "Sigma": [[0.03479568942976576, -0.007194239592686554, -0.04274138340679949], [-0.007194239592686554, 0.0032042118745520447, 0.013805452440073997], [-0.04274138340679949, 0.013805452440073996, 0.16244181304529046]], "chi2_level": 0.997, "chi2_df": 3, "chi2_threshold": 13.931422665512084, "N_raw": 77, "N_roi": 46, "N_inlier": 46, "refit": true}
{"timestamp": "11:55:04.046343", "frame": 13, "mu": [0.7364027899071868, 4.880460395883469, 0.4425079392128664], "Sigma": [[0.045239583647876905, -0.013918098700832984, -0.04669277827079675], [-0.013918098700832984, 0.006497853981986156, 0.01462950301096222], [-0.04669277827079675, 0.01462950301096222, 0.13006161469056307]], "chi2_level": 0.997, "chi2_df": 3, "chi2_threshold": 13.931422665512084, "N_raw": 78, "N_roi": 65, "N_inlier": 65, "refit": true}
{"timestamp": "11:55:04.102312", "frame": 14, "mu": [0.6828601407471749, 4.909797345914755, 0.8368432804687985], "Sigma": [[0.039138048013049986, -0.005767192897914631, -0.041373880558568846], [-0.005767192897914631, 0.0029198050132720576, 0.0028768967248768936], [-0.041373880558568846, 0.0028768967248768936, 0.08300855362117421]], "chi2_level": 0.997, "chi2_df": 3, "chi2_threshold": 13.931422665512084, "N_raw": 85, "N_roi": 55, "N_inlier": 55, "refit": true}
{"timestamp": "11:55:04.149539", "frame": 15, "mu": [0.6696775541912565, 4.893898140877449, 0.9305784524560529], "Sigma": [[0.022041508674337018, -0.0038503466265104045, -0.0028165031486768973], [-0.0038503466265104045, 0.0019068297040049757, -0.0026711842513622063], [-0.0028165031486768978, -0.0026711842513622063, 0.01458780824452204]], "chi2_level": 0.997, "chi2_df": 3, "chi2_threshold": 13.931422665512084, "N_raw": 34, "N_roi": 33, "N_inlier": 33, "refit": true}
{"timestamp": "11:55:04.209166", "frame": 16, "mu": [0.6740325198723043, 4.8530734815989165, 0.877592914528935], "Sigma": [[0.03549722756581013, -0.005242560141171973, -0.011836844229929207], [-0.005242560141171973, 0.0054896817807326545, -0.006896096932326162], [-0.011836844229929207, -0.0068960969323261625, 0.024755377244171886]], "chi2_level": 0.997, "chi2_df": 3, "chi2_threshold": 13.931422665512084, "N_raw": 71, "N_roi": 68, "N_inlier": 68, "refit": true}
{"timestamp": "11:55:04.264248", "frame": 17, "mu": [0.6347865795192729, 4.849815724298533, -0.8634158094803327], "Sigma": [[0.033597014704901236, -0.002608001967855309, 0.029762101447880097], [-0.002608001967855309, 0.005408208773338343, -0.003991841683359558], [0.029762101447880097, -0.003991841683359558, 0.16217369955447056]], "chi2_level": 0.997, "chi2_df": 3, "chi2_threshold": 13.931422665512084, "N_raw": 68, "N_roi": 65, "N_inlier": 65, "refit": true}
{"timestamp": "11:55:04.319351", "frame": 18, "mu": [0.7070929648605335, 4.758388321401276, 0.9454587951617753], "Sigma": [[0.0325789020543769, -0.005096711228207906, -0.009878757420842724], [-0.005096711228207906, 0.004712235738596864, -0.006082252864203852], [-0.009878757420842724, -0.006082252864203852, 0.023955689000152096]], "chi2_level": 0.997, "chi2_df": 3, "chi2_threshold": 13.931422665512084, "N_raw": 67, "N_roi": 65, "N_inlier": 65, "refit": true}
{"timestamp": "11:55:04.371981", "frame": 19, "mu": [0.6329325766674754, 4.761314155543219, 0.9710145928846593], "Sigma": [[0.021515365958879012, -0.004374497564072209, -0.0033647135912611608], [-0.004374497564072209, 0.004136028325431496, -0.005671864680921966], [-0.0033647135912611603, -0.005671864680921966, 0.02165829717789213]], "chi2_level": 0.997, "chi2_df": 3, "chi2_threshold": 13.931422665512084, "N_raw": 53, "N_roi": 47, "N_inlier": 47, "refit": true}
{"timestamp": "11:55:04.426529", "frame": 20, "mu": [0.6598301067168885, 4.68705455761864, 0.9759605786817657], "Sigma": [[0.03146903088559655, -0.006480194212096996, -0.0222642141324527], [-0.006480194212096996, 0.0041379739579881746, -0.0006140347868558792], [-0.022264214132452692, -0.0006140347868558797, 0.035434728769776894]], "chi2_level": 0.997, "chi2_df": 3, "chi2_threshold": 13.931422665512084, "N_raw": 56, "N_roi": 56, "N_inlier": 55, "refit": true}
{"timestamp": "11:55:04.481505", "frame": 21, "mu": [0.7520013921800444, 4.6815436686826155, 0.7533946235859993], "Sigma": [[0.026732003868824315, -0.010629534369233282, -0.014697530584211544], [-0.010629534369233282, 0.00847296954465873, 0.005146042573379658], [-0.014697530584211544, 0.005146042573379658, 0.009815780345147311]], "chi2_level": 0.997, "chi2_df": 3, "chi2_threshold": 13.931422665512084, "N_raw": 48, "N_roi": 45, "N_inlier": 43, "refit": true}
{"timestamp": "11:55:04.532313", "frame": 22, "mu": [0.7202435998212556, 4.611330857798095, 0.5713897520555852], "Sigma": [[0.013283489031208717, -0.0056437406874251675, 0.010502873335498621], [-0.005643740687425168, 0.008380239302385307, -0.009056482653703995], [0.01050287333549862, -0.009056482653703995, 0.0642956385517677]], "chi2_level": 0.997, "chi2_df": 3, "chi2_threshold": 13.931422665512084, "N_raw": 24, "N_roi": 22, "N_inlier": 22, "refit": true}
{"timestamp": "11:55:04.589785", "frame": 23, "mu": [0.655424765342356, 4.545896206516692, 0.8354928616319888], "Sigma": [[0.028300222686034097, -0.0035130863203085604, -0.008050258827706741], [-0.0035130863203085604, 0.0023834313683942358, -0.0006197177894442196], [-0.008050258827706741, -0.0006197177894442195, 0.008213002412342423]], "chi2_level": 0.997, "chi2_df": 3, "chi2_threshold": 13.931422665512084, "N_raw": 40, "N_roi": 39, "N_inlier": 38, "refit": true}
{"timestamp": "11:55:04.647913", "frame": 24, "mu": [0.7168830926829833, 4.516951128844283, 0.8830014927059697], "Sigma": [[0.0369023192181699, -0.005844574915983469, -0.017246662924740024], [-0.00584457491598347, 0.004062825499112372, -0.0016923382504127349], [-0.017246662924740024, -0.001692338250412735, 0.019185667298229285]], "chi2_level": 0.997, "chi2_df": 3, "chi2_threshold": 13.931422665512084, "N_raw": 59, "N_roi": 59, "N_inlier": 59, "refit": true}
{"timestamp": "11:55:04.702925", "frame": 25, "mu": [0.7127584103578958, 4.460978329082206, 0.8455427145894744], "Sigma": [[0.03426478049525695, -0.004836463952805006, -0.013144579060592382], [-0.004836463952805006, 0.0035853442476367174, -0.0026107629810455148], [-0.013144579060592382, -0.0026107629810455148, 0.01948993475120768]], "chi2_level": 0.997, "chi2_df": 3, "chi2_threshold": 13.931422665512084, "N_raw": 60, "N_roi": 60, "N_inlier": 60, "refit": true}
{"timestamp": "11:55:04.758669", "frame": 26, "mu": [0.7275432788921651, 4.3497710270472645, 0.6104084368487434], "Sigma": [[0.028998420504940094, -0.005711425589060323, -0.010869347664946113], [-0.005711425589060324, 0.0018880903219254093, 0.00891329341218507], [-0.01086934766494611, 0.00891329341218507, 0.1067404631243061]], "chi2_level": 0.997, "chi2_df": 3, "chi2_threshold": 13.931422665512084, "N_raw": 58, "N_roi": 55, "N_inlier": 53, "refit": true}
{"timestamp": "11:55:04.814034", "frame": 27, "mu": [0.6826732481426908, 4.355960303059212, 0.8525712992640019], "Sigma": [[0.03385006482961542, -0.007897018361234012, -0.018757782608576093], [-0.007897018361234014, 0.0036380055696880334, -0.0024866172046402167], [-0.018757782608576093, -0.0024866172046402162, 0.04870679525165618]], "chi2_level": 0.997, "chi2_df": 3, "chi2_threshold": 13.931422665512084, "N_raw": 70, "N_roi": 69, "N_inlier": 69, "refit": true}
{"timestamp": "11:55:04.870063", "frame": 28, "mu": [0.7670674818993576, 4.315014900221829, 0.771926285751975], "Sigma": [[0.03796185586637551, -0.002002890346968385, -0.008426494240697439], [-0.0020028903469683844, 0.0029584497121468373, -0.0037585738618080263], [-0.008426494240697437, -0.0037585738618080263, 0.016871207182267]], "chi2_level": 0.997, "chi2_df": 3, "chi2_threshold": 13.931422665512084, "N_raw": 71, "N_roi": 68, "N_inlier": 66, "refit": true}
{"timestamp": "11:55:04.924510", "frame": 29, "mu": [0.7299798206985106, 4.256721540653377, 0.8024963918830623], "Sigma": [[0.030192468231186487, -0.005399616753859454, -0.012392277574570414], [-0.0053996167538594535, 0.005891940806376175, -0.002397106493226604], [-0.012392277574570416, -0.002397106493226605, 0.011725123613834479]], "chi2_level": 0.997, "chi2_df": 3, "chi2_threshold": 13.931422665512084, "N_raw": 67, "N_roi": 67, "N_inlier": 67, "refit": true}
{"timestamp": "11:55:04.975427", "frame": 30, "mu": [0.7038066634404444, 4.236490150359584, 0.8984176680505523], "Sigma": [[0.02223955474057425, -0.004948602985751962, -0.003202486987156579], [-0.004948602985751962, 0.0037080955763054715, -0.00275848247840604], [-0.0032024869871565796, -0.0027584824784060405, 0.008345969412156625]], "chi2_level": 0.997, "chi2_df": 3, "chi2_threshold": 13.931422665512084, "N_raw": 44, "N_roi": 42, "N_inlier": 42, "refit": true}
{"timestamp": "11:55:05.031543", "frame": 31, "mu": [0.7086746439041784, 4.203866375650653, 0.7209255728047054], "Sigma": [[0.027330109845962257, 0.00042183760340012305, -0.0014320750814682344], [0.00042183760340012305, 0.004282874292824983, -0.0009494876184875912], [-0.0014320750814682344, -0.0009494876184875912, 0.01033428403446828]], "chi2_level": 0.997, "chi2_df": 3, "chi2_threshold": 13.931422665512084, "N_raw": 55, "N_roi": 55, "N_inlier": 51, "refit": true}
{"timestamp": "11:55:05.090155", "frame": 32, "mu": [0.6471359710510505, 4.1437334411892115, 0.8545558944922524], "Sigma": [[0.03285385842589591, -0.004631662807730074, -0.008317875701524338], [-0.004631662807730074, 0.0026397499642376947, -0.005705953430612554], [-0.008317875701524338, -0.005705953430612554, 0.03389121159350445]], "chi2_level": 0.997, "chi2_df": 3, "chi2_threshold": 13.931422665512084, "N_raw": 73, "N_roi": 73, "N_inlier": 72, "refit": true}
{"timestamp": "11:55:05.142847", "frame": 33, "mu": [0.6412308238668161, 4.104316689073039, 0.8833418563209855], "Sigma": [[0.024071597302003186, -0.003455147380102625, -0.006069109941070133], [-0.003455147380102625, 0.0025707327669421886, -0.005105020344130259], [-0.006069109941070134, -0.005105020344130259, 0.027518433488510335]], "chi2_level": 0.997, "chi2_df": 3, "chi2_threshold": 13.931422665512084, "N_raw": 62, "N_roi": 61, "N_inlier": 58, "refit": true}
{"timestamp": "11:55:05.196640", "frame": 34, "mu": [0.7545874782623889, 4.003284290004657, 0.8031465433450319], "Sigma": [[0.03470429065273389, -0.009274548267368107, -0.02694051247115287], [-0.009274548267368107, 0.0037536645351218326, 0.004257431915981778], [-0.026940512471152873, 0.004257431915981778, 0.03588218621164876]], "chi2_level": 0.997, "chi2_df": 3, "chi2_threshold": 13.931422665512084, "N_raw": 55, "N_roi": 55, "N_inlier": 54, "refit": true}
{"timestamp": "11:55:05.254177", "frame": 35, "mu": [0.6656376139251305, 4.01137193645174, 0.8579395146023415], "Sigma": [[0.03218608739872461, -0.005060480042778193, -0.01236017746084866], [-0.0050604800427781925, 0.004777143069941077, -0.0036311477055085656], [-0.01236017746084866, -0.0036311477055085656, 0.01549291776387271]], "chi2_level": 0.997, "chi2_df": 3, "chi2_threshold": 13.931422665512084, "N_raw": 73, "N_roi": 73, "N_inlier": 73, "refit": true}
{"timestamp": "11:55:05.310575", "frame": 36, "mu": [0.6278788880171386, 3.966871470699522, 0.9022461138444644], "Sigma": [[0.028721607462405728, -0.008435698330866923, -0.02575634741674844], [-0.008435698330866923, 0.006641721696826788, 0.0013254593157943214], [-0.02575634741674844, 0.0013254593157943217, 0.045546622074915076]], "chi2_level": 0.997, "chi2_df": 3, "chi2_threshold": 13.931422665512084, "N_raw": 73, "N_roi": 73, "N_inlier": 73, "refit": true}
{"timestamp": "11:55:05.359462", "frame": 37, "mu": [0.6627873071560971, 3.906429622332413, 0.8138179463916314], "Sigma": [[0.019499764980988564, -0.005475340110237859, -0.028808321784722656], [-0.005475340110237859, 0.00357490477520605, 0.00230885278929692], [-0.028808321784722656, 0.0023088527892969205, 0.07113843786795594]], "chi2_level": 0.997, "chi2_df": 3, "chi2_threshold": 13.931422665512084, "N_raw": 38, "N_roi": 38, "N_inlier": 38, "refit": true}
{"timestamp": "11:55:05.420722", "frame": 38, "mu": [0.742590436505539, 3.8329100427809606, 0.7715246643563071], "Sigma": [[0.032161128734037016, -0.008158027506435793, -0.025897989329696135], [-0.008158027506435793, 0.0063875869650001724, 0.0015136395137910273], [-0.025897989329696135, 0.0015136395137910262, 0.03702400928577251]], "chi2_level": 0.997, "chi2_df": 3, "chi2_threshold": 13.931422665512084, "N_raw": 78, "N_roi": 78, "N_inlier": 77, "refit": true}
{"timestamp": "11:55:05.475450", "frame": 39, "mu": [0.7253521476821028, 3.9351827054073754, -0.2245365877783716], "Sigma": [[0.026203849066471052, 0.002115947583824608, -0.012269277564260862], [0.0021159475838246075, 0.009688347114728168, -0.00964081953514975], [-0.012269277564260862, -0.00964081953514975, 0.08515116135397216]], "chi2_level": 0.997, "chi2_df": 3, "chi2_threshold": 13.931422665512084, "N_raw": 81, "N_roi": 81, "N_inlier": 77, "refit": true}
{"timestamp": "11:55:05.531002", "frame": 40, "mu": [0.6862371785616143, 3.712456939986628, 0.9474934885451067], "Sigma": [[0.02614818823818655, -0.006735445676298019, -0.006543979954191252], [-0.006735445676298019, 0.007661715802696469, -0.0037211046103521467], [-0.006543979954191252, -0.0037211046103521462, 0.010925103003567383]], "chi2_level": 0.997, "chi2_df": 3, "chi2_threshold": 13.931422665512084, "N_raw": 78, "N_roi": 78, "N_inlier": 76, "refit": true}
{"timestamp": "11:55:05.587027", "frame": 41, "mu": [0.6935299349728123, 3.670930486032476, 0.8623364652875802], "Sigma": [[0.030155409460418815, -0.006582204965140309, -0.015717654496181267], [-0.006582204965140309, 0.004472268578525612, -0.005145859473806367], [-0.015717654496181264, -0.005145859473806367, 0.04023648809093303]], "chi2_level": 0.997, "chi2_df": 3, "chi2_threshold": 13.931422665512084, "N_raw": 85, "N_roi": 85, "N_inlier": 85, "refit": true}
{"timestamp": "11:55:05.637885", "frame": 42, "mu": [0.7299773652606565, 3.6096707068337697, 0.8437639168206983], "Sigma": [[0.02503401487238277, -0.008792332974689636, -0.008681024626210003], [-0.008792332974689634, 0.0060673701421959285, -0.002553614508587857], [-0.008681024626210003, -0.0025536145085878568, 0.021833389563137757]], "chi2_level": 0.997, "chi2_df": 3, "chi2_threshold": 13.931422665512084, "N_raw": 56, "N_roi": 56, "N_inlier": 54, "refit": true}
{"timestamp": "11:55:05.697066", "frame": 43, "mu": [0.7109690681817671, 3.567195562007414, 0.8718859684712823], "Sigma": [[0.0255277084600445, -0.007111384241959659, -0.018195147441828697], [-0.00711138424195966, 0.005828098267620879, -0.003890896242207057], [-0.018195147441828697, -0.003890896242207057, 0.04353044275646206]], "chi2_level": 0.997, "chi2_df": 3, "chi2_threshold": 13.931422665512084, "N_raw": 89, "N_roi": 89, "N_inlier": 87, "refit": true}
{"timestamp": "11:55:05.751541", "frame": 44, "mu": [0.751595397189943, 3.497264568323981, 1.0134309394138916], "Sigma": [[0.026424110545657832, -0.005229350749597323, -0.030629250860542266], [-0.005229350749597323, 0.004479621158017123, -0.0033691351649432835], [-0.030629250860542266, -0.0033691351649432827, 0.0683699062104661]], "chi2_level": 0.997, "chi2_df": 3, "chi2_threshold": 13.931422665512084, "N_raw": 88, "N_roi": 88, "N_inlier": 85, "refit": true}
{"timestamp": "11:55:05.807546", "frame": 45, "mu": [0.694292190526891, 3.479550976595589, 1.0830294340909177], "Sigma": [[0.020776305030202093, -0.004388517677209218, -0.015126426418832634], [-0.004388517677209218, 0.006369510025859494, -0.007894245870342107], [-0.015126426418832634, -0.007894245870342109, 0.046597822674039675]], "chi2_level": 0.997, "chi2_df": 3, "chi2_threshold": 13.931422665512084, "N_raw": 86, "N_roi": 86, "N_inlier": 84, "refit": true}
{"timestamp": "11:55:05.863610", "frame": 46, "mu": [0.6655780590146735, 3.5136360926966317, -0.5334208005628189], "Sigma": [[0.02310356178122106, -0.0014591733371665458, 0.013401003613284853], [-0.0014591733371665462, 0.015559227907866064, 0.01614911134297888], [0.013401003613284852, 0.016149111342978882, 0.22874991811229692]], "chi2_level": 0.997, "chi2_df": 3, "chi2_threshold": 13.931422665512084, "N_raw": 100, "N_roi": 100, "N_inlier": 99, "refit": true}
{"timestamp": "11:55:05.921277", "frame": 47, "mu": [0.7157249497337177, 3.427582340198126, -0.2577760392935053], "Sigma": [[0.024050554232730934, -0.008015591647892943, 0.11562126099068387], [-0.008015591647892943, 0.04037326264782855, -0.0331085047716969], [0.11562126099068386, -0.0331085047716969, 1.089821735309316]], "chi2_level": 0.997, "chi2_df": 3, "chi2_threshold": 13.931422665512084, "N_raw": 116, "N_roi": 116, "N_inlier": 115, "refit": true}
{"timestamp": "11:55:05.971203", "frame": 48, "mu": [0.6995531993980247, 3.30611558092256, 1.0773719232059884], "Sigma": [[0.018925056796217928, -0.0037876076259032547, -0.003554950368720427], [-0.003787607625903254, 0.0037925348878649805, -0.009162336099182636], [-0.0035549503687204265, -0.009162336099182636, 0.04043509888503087]], "chi2_level": 0.997, "chi2_df": 3, "chi2_threshold": 13.931422665512084, "N_raw": 82, "N_roi": 82, "N_inlier": 79, "refit": true}
{"timestamp": "11:55:06.028875", "frame": 49, "mu": [0.690182909279374, 3.243654256896647, 0.9570279678569509], "Sigma": [[0.018402936584485476, -0.004770161880268403, -0.009796631346451777], [-0.004770161880268403, 0.0036687734119897524, -0.007926269535540056], [-0.009796631346451777, -0.007926269535540056, 0.07768148858194303]], "chi2_level": 0.997, "chi2_df": 3, "chi2_threshold": 13.931422665512084, "N_raw": 100, "N_roi": 100, "N_inlier": 98, "refit": true}
{"timestamp": "11:55:06.079890", "frame": 50, "mu": [0.7398456406819852, 3.1805108357629024, 0.8233003581890518], "Sigma": [[0.020324512501945478, -0.0030580832373459715, 0.0027908162665093543], [-0.003058083237345972, 0.0030725662193607822, -0.006095726086503096], [0.0027908162665093543, -0.006095726086503096, 0.02716193755717109]], "chi2_level": 0.997, "chi2_df": 3, "chi2_threshold": 13.931422665512084, "N_raw": 75, "N_roi": 75, "N_inlier": 74, "refit": true}
{"timestamp": "11:55:06.135418", "frame": 51, "mu": [0.7314039636063272, 3.138928237223881, -1.0050333257844069], "Sigma": [[0.01923184304397295, -0.0009016802220757996, -0.0013982444000588447], [-0.0009016802220757997, 0.004855177399635316, -0.00021729039349569716], [-0.0013982444000588442, -0.00021729039349569737, 0.04294502374668063]], "chi2_level": 0.997, "chi2_df": 3, "chi2_threshold": 13.931422665512084, "N_raw": 78, "N_roi": 78, "N_inlier": 76, "refit": true}
{"timestamp": "11:55:06.189554", "frame": 52, "mu": [0.7791141182104768, 3.0603110749006075, 0.9044438292096019], "Sigma": [[0.02029202553312904, -0.004411390708383997, -0.010707964971381686], [-0.004411390708383997, 0.0047407028247993975, -0.002044055067726779], [-0.010707964971381684, -0.0020440550677267785, 0.016919345890862005]], "chi2_level": 0.997, "chi2_df": 3, "chi2_threshold": 13.931422665512084, "N_raw": 73, "N_roi": 73, "N_inlier": 71, "refit": true}
{"timestamp": "11:55:06.245029", "frame": 53, "mu": [0.712536529386496, 3.024939011988241, 0.8779405562415326], "Sigma": [[0.020376021061431535, -0.004704751228254825, -0.002742784831438862], [-0.004704751228254825, 0.0034483841251712454, -0.004315417507669359], [-0.002742784831438862, -0.00431541750766936, 0.019004285856152478]], "chi2_level": 0.997, "chi2_df": 3, "chi2_threshold": 13.931422665512084, "N_raw": 72, "N_roi": 72, "N_inlier": 69, "refit": true}
{"timestamp": "11:55:06.296821", "frame": 54, "mu": [0.6700862386567332, 2.9581552886850178, 0.8191118915541795], "Sigma": [[0.012066002268085007, -0.0003794310539822315, 0.0008879675676790761], [-0.00037943105398223167, 0.0012254013057182718, -0.0048710012508271314], [0.0008879675676790761, -0.004871001250827132, 0.03554213742451208]], "chi2_level": 0.997, "chi2_df": 3, "chi2_threshold": 13.931422665512084, "N_raw": 49, "N_roi": 49, "N_inlier": 47, "refit": true}
{"timestamp": "11:55:06.356712", "frame": 55, "mu": [0.6402370581488412, 2.9111935721589903, 0.9988079460071769], "Sigma": [[0.015463187578069734, -0.002469135326988973, 0.006251656682585869], [-0.002469135326988973, 0.0029210962957599462, -0.008143386602152317], [0.006251656682585869, -0.008143386602152317, 0.05315984444338212]], "chi2_level": 0.997, "chi2_df": 3, "chi2_threshold": 13.931422665512084, "N_raw": 89, "N_roi": 89, "N_inlier": 86, "refit": true}
{"timestamp": "11:55:06.413446", "frame": 56, "mu": [0.6031724971624116, 2.8643478044014707, 0.9222664854265469], "Sigma": [[0.01764599560964654, -0.0037845062636484702, 0.0005420664738733289], [-0.0037845062636484702, 0.002777847707411335, -0.007465176097651435], [0.0005420664738733285, -0.007465176097651436, 0.043409175930477994]], "chi2_level": 0.997, "chi2_df": 3, "chi2_threshold": 13.931422665512084, "N_raw": 93, "N_roi": 93, "N_inlier": 90, "refit": true}
{"timestamp": "11:55:06.466901", "frame": 57, "mu": [0.632757683017801, 2.791844438149634, 0.8934794995276246], "Sigma": [[0.017990436802307355, -0.0045434879647337275, -0.002490455857420096], [-0.0045434879647337275, 0.0027333500036206128, -0.0052318831225890445], [-0.0024904558574200954, -0.0052318831225890445, 0.03804845940999242]], "chi2_level": 0.997, "chi2_df": 3, "chi2_threshold": 13.931422665512084, "N_raw": 87, "N_roi": 87, "N_inlier": 84, "refit": true}
{"timestamp": "11:55:06.526667", "frame": 58, "mu": [0.650220382071306, 2.7540183031177645, 0.9128464725008183], "Sigma": [[0.03034035118453872, -0.008465663529479273, -0.029944990733448452], [-0.008465663529479273, 0.006783361135921329, 0.003106486135614022], [-0.029944990733448452, 0.003106486135614022, 0.05359749570619567]], "chi2_level": 0.997, "chi2_df": 3, "chi2_threshold": 13.931422665512084, "N_raw": 112, "N_roi": 112, "N_inlier": 109, "refit": true}
{"timestamp": "11:55:06.579220", "frame": 59, "mu": [0.5633374438102703, 2.6959690285745905, 0.9494945665358039], "Sigma": [[0.021076456183038203, -0.0033117386526187852, 0.011675719304752644], [-0.0033117386526187852, 0.00394081356110164, -0.009583851079545758], [0.011675719304752644, -0.009583851079545758, 0.04305434261837229]], "chi2_level": 0.997, "chi2_df": 3, "chi2_threshold": 13.931422665512084, "N_raw": 98, "N_roi": 98, "N_inlier": 95, "refit": true}
{"timestamp": "11:55:06.632773", "frame": 60, "mu": [0.6366153819706641, 2.6511976952922223, -0.6833628416035841], "Sigma": [[0.017196897708459932, -0.004155763017610999, 0.06234820825094798], [-0.004155763017611, 0.0038825407612937965, -0.026987029286002457], [0.06234820825094799, -0.026987029286002457, 0.617656117109325]], "chi2_level": 0.997, "chi2_df": 3, "chi2_threshold": 13.931422665512084, "N_raw": 93, "N_roi": 93, "N_inlier": 91, "refit": true}
{"timestamp": "11:55:06.688936", "frame": 61, "mu": [0.6036737963804258, 2.7364939436400233, -0.24520559238204587], "Sigma": [[0.01775332300825286, -0.004918035189477108, 0.008084024371652074], [-0.004918035189477108, 0.010875426767594598, -0.0097702038414284], [0.008084024371652074, -0.0097702038414284, 0.014309764738179865]], "chi2_level": 0.997, "chi2_df": 3, "chi2_threshold": 13.931422665512084, "N_raw": 99, "N_roi": 98, "N_inlier": 93, "refit": true}
{"timestamp": "11:55:06.747670", "frame": 62, "mu": [0.6152379346341514, 2.521149511832502, 0.9767454457785371], "Sigma": [[0.029722983354453576, -0.009217705018054623, 0.0046518128352569885], [-0.009217705018054623, 0.006888420583471188, -0.009706969403281192], [0.0046518128352569885, -0.009706969403281192, 0.024803554607406568]], "chi2_level": 0.997, "chi2_df": 3, "chi2_threshold": 13.931422665512084, "N_raw": 125, "N_roi": 125, "N_inlier": 122, "refit": true}
{"timestamp": "11:55:06.804972", "frame": 63, "mu": [0.6399204927080135, 2.4604447237214124, 0.8989314167223552], "Sigma": [[0.030329577097031254, -0.007897969908197461, 0.002841108592045462], [-0.007897969908197463, 0.006706496040624358, -0.00935142872490743], [0.0028411085920454614, -0.00935142872490743, 0.021551655159377146]], "chi2_level": 0.997, "chi2_df": 3, "chi2_threshold": 13.931422665512084, "N_raw": 140, "N_roi": 140, "N_inlier": 137, "refit": true}
{"timestamp": "11:55:06.859297", "frame": 64, "mu": [0.7008209962275549, 2.5060180150724163, 0.14053473342410905], "Sigma": [[0.017366815837659734, -0.011532740986162273, 0.0562313302175386], [-0.011532740986162275, 0.04146837853028949, -0.16965996455942034], [0.05623133021753861, -0.16965996455942034, 0.7960634437084451]], "chi2_level": 0.997, "chi2_df": 3, "chi2_threshold": 13.931422665512084, "N_raw": 131, "N_roi": 131, "N_inlier": 127, "refit": true}
{"timestamp": "11:55:06.908347", "frame": 65, "mu": [0.6826924463208783, 2.3461051404976168, 0.9686272211465727], "Sigma": [[0.018899853122498714, -0.0062768786484748585, -0.014506954794051456], [-0.006276878648474858, 0.005450857376546832, 0.0021089839529699855], [-0.014506954794051456, 0.002108983952969986, 0.031136687902553216]], "chi2_level": 0.997, "chi2_df": 3, "chi2_threshold": 13.931422665512084, "N_raw": 94, "N_roi": 94, "N_inlier": 88, "refit": true}
{"timestamp": "11:55:06.963260", "frame": 66, "mu": [0.6777573390321372, 2.2656654195592894, 0.9371668229738961], "Sigma": [[0.012614935949327393, -0.005093049952796596, -0.002981298507524137], [-0.005093049952796596, 0.004767397262099261, -0.0044674981387493274], [-0.002981298507524137, -0.0044674981387493274, 0.03196081715747093]], "chi2_level": 0.997, "chi2_df": 3, "chi2_threshold": 13.931422665512084, "N_raw": 91, "N_roi": 91, "N_inlier": 87, "refit": true}
{"timestamp": "11:55:07.017014", "frame": 67, "mu": [0.738894971614664, 2.2024086945664436, 0.9996824322190576], "Sigma": [[0.015045953463206493, -0.00422946644487898, -0.020123577817628236], [-0.00422946644487898, 0.0038684873539381664, 0.001862183837961168], [-0.020123577817628236, 0.001862183837961168, 0.0649754947358963]], "chi2_level": 0.997, "chi2_df": 3, "chi2_threshold": 13.931422665512084, "N_raw": 92, "N_roi": 92, "N_inlier": 88, "refit": true}
{"timestamp": "11:55:07.075926", "frame": 68, "mu": [0.6563475669242965, 2.1952887922397384, 0.8247395806671168], "Sigma": [[0.013379835772556433, -0.006716119636218971, -0.024031655406250817], [-0.006716119636218971, 0.007351153485050533, 0.017986424413678283], [-0.024031655406250817, 0.017986424413678283, 0.25694926828839654]], "chi2_level": 0.997, "chi2_df": 3, "chi2_threshold": 13.931422665512084, "N_raw": 111, "N_roi": 111, "N_inlier": 111, "refit": true}
{"timestamp": "11:55:07.134437", "frame": 69, "mu": [0.7372692394813629, 2.0971605351910405, 0.6361994197096197], "Sigma": [[0.015031522766365704, -0.006114399488920291, -0.021459065054712415], [-0.006114399488920292, 0.005834446398832541, 0.01514784886984677], [-0.021459065054712415, 0.015147848869846768, 0.2829973363559665]], "chi2_level": 0.997, "chi2_df": 3, "chi2_threshold": 13.931422665512084, "N_raw": 131, "N_roi": 131, "N_inlier": 130, "refit": true}
{"timestamp": "11:55:07.181334", "frame": 70, "mu": [0.5489922511149284, 2.300736133719899, -0.3325866537777373], "Sigma": [[0.011144525364651327, -0.005609568889893488, -0.009972562928857863], [-0.005609568889893489, 0.00893992949009115, -0.007690955672424088], [-0.009972562928857863, -0.007690955672424088, 0.05187116878965653]], "chi2_level": 0.997, "chi2_df": 3, "chi2_threshold": 13.931422665512084, "N_raw": 64, "N_roi": 64, "N_inlier": 61, "refit": true}
{"timestamp": "11:55:07.240249", "frame": 71, "mu": [0.6394950893852575, 2.0231232867587234, 0.8984142931568068], "Sigma": [[0.014341554911842483, -0.005448099731802804, 0.006800404829577047], [-0.005448099731802804, 0.004404296601512265, -0.00810507920045597], [0.006800404829577047, -0.00810507920045597, 0.06298450737310674]], "chi2_level": 0.997, "chi2_df": 3, "chi2_threshold": 13.931422665512084, "N_raw": 113, "N_roi": 113, "N_inlier": 110, "refit": true}
{"timestamp": "11:55:07.288884", "frame": 72, "mu": [0.6236777585164345, 1.9876358165429813, 0.8539818997518419], "Sigma": [[0.00750437069055892, -0.003046656255927264, -0.005677764920192764], [-0.003046656255927264, 0.003190626339027278, 0.003280783805955433], [-0.005677764920192764, 0.003280783805955433, 0.05931382651653026]], "chi2_level": 0.997, "chi2_df": 3, "chi2_threshold": 13.931422665512084, "N_raw": 66, "N_roi": 66, "N_inlier": 63, "refit": true}
{"timestamp": "11:55:07.346512", "frame": 73, "mu": [0.6829878441986245, 1.9365431074838144, 1.0215053552418336], "Sigma": [[0.01369030091198179, -0.006436528255523513, -0.0009540591837127947], [-0.006436528255523513, 0.007157848419394142, -0.005470742576709169], [-0.000954059183712795, -0.005470742576709169, 0.032436236907893906]], "chi2_level": 0.997, "chi2_df": 3, "chi2_threshold": 13.931422665512084, "N_raw": 84, "N_roi": 84, "N_inlier": 82, "refit": true}
{"timestamp": "11:55:07.408025", "frame": 74, "mu": [0.6598834496888912, 1.8405441562895017, -0.06778114539448028], "Sigma": [[0.011546391294697698, -0.00631276626845215, 0.08781839453158466], [-0.00631276626845215, 0.006943118839913538, -0.06834486578894301], [0.08781839453158466, -0.06834486578894301, 1.20725428031136]], "chi2_level": 0.997, "chi2_df": 3, "chi2_threshold": 13.931422665512084, "N_raw": 126, "N_roi": 126, "N_inlier": 124, "refit": true}
{"timestamp": "11:55:07.462716", "frame": 75, "mu": [0.627779736462234, 1.7996101751254383, -0.8657189531778395], "Sigma": [[0.013278265303657997, -0.0005445979685693542, 0.027504288818173815], [-0.0005445979685693547, 0.00655982818185633, -0.0032153105922032997], [0.027504288818173815, -0.0032153105922032993, 0.14117968959439645]], "chi2_level": 0.997, "chi2_df": 3, "chi2_threshold": 13.931422665512084, "N_raw": 120, "N_roi": 120, "N_inlier": 115, "refit": true}
{"timestamp": "11:55:07.514921", "frame": 76, "mu": [0.5976233426837027, 1.726678863034964, 1.1458825346967287], "Sigma": [[0.012536563234082044, -0.006853772724615938, 0.00769078040518856], [-0.006853772724615936, 0.008699365793568052, -0.011723703955120443], [0.00769078040518856, -0.011723703955120443, 0.02290063422513815]], "chi2_level": 0.997, "chi2_df": 3, "chi2_threshold": 13.931422665512084, "N_raw": 108, "N_roi": 108, "N_inlier": 102, "refit": true}
{"timestamp": "11:55:07.570992", "frame": 77, "mu": [0.5717386028185131, 1.6891518177766114, 0.975228985704835], "Sigma": [[0.01019936150279484, -0.006098409688288814, 0.00833502472878879], [-0.006098409688288814, 0.007263958682147534, -0.009498695794999287], [0.00833502472878879, -0.009498695794999287, 0.0865411491779965]], "chi2_level": 0.997, "chi2_df": 3, "chi2_threshold": 13.931422665512084, "N_raw": 110, "N_roi": 110, "N_inlier": 105, "refit": true}
{"timestamp": "11:55:07.629124", "frame": 78, "mu": [0.5997121077423266, 1.6014210907128776, 1.0707157403444685], "Sigma": [[0.009556771608531413, -0.00500370255268053, 0.010687780528421844], [-0.00500370255268053, 0.006881485914219539, -0.014119115366750456], [0.010687780528421845, -0.014119115366750456, 0.060969457456596564]], "chi2_level": 0.997, "chi2_df": 3, "chi2_threshold": 13.931422665512084, "N_raw": 125, "N_roi": 125, "N_inlier": 121, "refit": true}
{"timestamp": "11:55:07.681638", "frame": 79, "mu": [0.5600363543175562, 1.5726722498988044, 1.1043993379369854], "Sigma": [[0.009744819981678943, -0.0048098028689247865, 0.008871827168515655], [-0.0048098028689247865, 0.004361183789147737, -0.0083456026829222], [0.008871827168515655, -0.008345602682922202, 0.048129062284436516]], "chi2_level": 0.997, "chi2_df": 3, "chi2_threshold": 13.931422665512084, "N_raw": 115, "N_roi": 115, "N_inlier": 112, "refit": true}
{"timestamp": "11:55:07.732010", "frame": 80, "mu": [0.573531735740853, 1.5021714559051143, 1.1192243166689124], "Sigma": [[0.01123334478685375, -0.004529264009463602, 0.011714340878560447], [-0.004529264009463602, 0.004625563246089526, -0.012310553464493845], [0.011714340878560447, -0.012310553464493845, 0.05918782826592053]], "chi2_level": 0.997, "chi2_df": 3, "chi2_threshold": 13.931422665512084, "N_raw": 80, "N_roi": 80, "N_inlier": 76, "refit": true}
{"timestamp": "11:55:07.792646", "frame": 81, "mu": [0.5239560909992027, 1.4642516788295834, 0.9690606825935153], "Sigma": [[0.010314813489730939, 0.0009486640489333477, 0.008310123911002625], [0.0009486640489333477, 0.002085630762505034, 0.0002655350881280624], [0.008310123911002625, 0.00026553508812806226, 0.05223019159945794]], "chi2_level": 0.997, "chi2_df": 3, "chi2_threshold": 13.931422665512084, "N_raw": 116, "N_roi": 116, "N_inlier": 110, "refit": true}
{"timestamp": "11:55:07.847901", "frame": 82, "mu": [0.5423977859239429, 1.5193216241082927, -0.6750275584155576], "Sigma": [[0.01227476542665111, 0.0002053982297155368, 0.024645878012279958], [0.0002053982297155364, 0.012256564154086425, -0.010721549635857287], [0.024645878012279958, -0.010721549635857287, 0.10688632823366896]], "chi2_level": 0.997, "chi2_df": 3, "chi2_threshold": 13.931422665512084, "N_raw": 122, "N_roi": 122, "N_inlier": 117, "refit": true}
{"timestamp": "11:55:07.904680", "frame": 83, "mu": [0.6126393381701873, 1.3914346342809016, -0.09034110666539236], "Sigma": [[0.017268145425765533, -0.008042433926661891, 0.06669457154260036], [-0.008042433926661891, 0.009112441577405428, -0.06101037282889304], [0.06669457154260036, -0.06101037282889304, 0.9338423625352894]], "chi2_level": 0.997, "chi2_df": 3, "chi2_threshold": 13.931422665512084, "N_raw": 133, "N_roi": 133, "N_inlier": 131, "refit": true}
{"timestamp": "11:55:07.955684", "frame": 84, "mu": [0.5290024368767179, 1.305508480193019, 1.0525999954745686], "Sigma": [[0.011416664430369561, -0.005743257607338485, 0.016237286311201304], [-0.005743257607338485, 0.005496885359224994, -0.014012279362084476], [0.016237286311201304, -0.014012279362084476, 0.061610616228702425]], "chi2_level": 0.997, "chi2_df": 3, "chi2_threshold": 13.931422665512084, "N_raw": 96, "N_roi": 96, "N_inlier": 91, "refit": true}
{"timestamp": "11:55:08.003806", "frame": 85, "mu": [0.5075336446169085, 1.2992417087063073, 1.0663537016840927], "Sigma": [[0.007477553160877651, -0.001757253987181883, 0.003354926692982409], [-0.001757253987181883, 0.004631918366455943, -0.008392723348029266], [0.0033549266929824096, -0.008392723348029268, 0.03618182341063961]], "chi2_level": 0.997, "chi2_df": 3, "chi2_threshold": 13.931422665512084, "N_raw": 66, "N_roi": 66, "N_inlier": 61, "refit": true}
{"timestamp": "11:55:08.063121", "frame": 86, "mu": [0.5978337178737169, 1.1490512553002425, 1.1737164413289072], "Sigma": [[0.008829848425113234, -0.007416067065250672, 0.00886119525986242], [-0.007416067065250672, 0.009866731222874231, -0.013549844121564302], [0.00886119525986242, -0.013549844121564304, 0.02538504590039009]], "chi2_level": 0.997, "chi2_df": 3, "chi2_threshold": 13.931422665512084, "N_raw": 93, "N_roi": 93, "N_inlier": 89, "refit": true}
{"timestamp": "11:55:08.115623", "frame": 87, "mu": [0.5897750734875539, 1.195039054048766, 1.1067856246456087], "Sigma": [[0.007898641388097706, -0.0007427149454151356, 0.0017738787302601026], [-0.0007427149454151356, 0.0046357205502200495, -0.001500535869738624], [0.0017738787302601028, -0.0015005358697386237, 0.012731718043122007]], "chi2_level": 0.997, "chi2_df": 3, "chi2_threshold": 13.931422665512084, "N_raw": 78, "N_roi": 78, "N_inlier": 74, "refit": true}
{"timestamp": "11:55:08.174553", "frame": 88, "mu": [0.6691558278848349, 1.0886049575264305, 1.2234345917643068], "Sigma": [[0.008512242261389392, -0.0034864202097521922, 0.0009290129749499247], [-0.0034864202097521922, 0.012058360423259126, -0.009266923020601465], [0.0009290129749499249, -0.009266923020601465, 0.01816053724268893]], "chi2_level": 0.997, "chi2_df": 3, "chi2_threshold": 13.931422665512084, "N_raw": 97, "N_roi": 97, "N_inlier": 95, "refit": true}
{"timestamp": "11:55:08.228665", "frame": 89, "mu": [0.6286228998689428, 1.0122052429013775, 1.2402581541170274], "Sigma": [[0.005796333768458874, -0.004245765702970788, 0.0045442182509957876], [-0.004245765702970788, 0.007280987540376284, -0.008887603884796785], [0.0045442182509957876, -0.008887603884796785, 0.018976367918944102]], "chi2_level": 0.997, "chi2_df": 3, "chi2_threshold": 13.931422665512084, "N_raw": 92, "N_roi": 92, "N_inlier": 87, "refit": true}
{"timestamp": "11:55:08.280640", "frame": 90, "mu": [0.6165737403485144, 1.0225877920577098, 1.2224417633914249], "Sigma": [[0.004932134458103684, -0.0018190915310520718, 0.0012932326118521734], [-0.0018190915310520718, 0.007996030710375577, -0.008418152866120188], [0.0012932326118521736, -0.008418152866120188, 0.013138852015158898]], "chi2_level": 0.997, "chi2_df": 3, "chi2_threshold": 13.931422665512084, "N_raw": 73, "N_roi": 73, "N_inlier": 69, "refit": true}
{"timestamp": "11:55:08.333093", "frame": 91, "mu": [0.6204324075212799, 0.9388341772610506, 1.1641134644652582], "Sigma": [[0.005572422778472094, -0.004117412461649069, -0.0004972589334820128], [-0.004117412461649069, 0.007663533775235784, -0.0017026212230364418], [-0.0004972589334820129, -0.0017026212230364418, 0.035990647699055384]], "chi2_level": 0.997, "chi2_df": 3, "chi2_threshold": 13.931422665512084, "N_raw": 60, "N_roi": 60, "N_inlier": 60, "refit": true}
{"timestamp": "11:55:08.389316", "frame": 92, "mu": [0.6642433021525019, 0.8693625624356337, 1.362116187690038], "Sigma": [[0.00867736368401714, -0.009873523557637497, 0.006429175987286897], [-0.009873523557637497, 0.021775159146986797, -0.017236022845337668], [0.006429175987286897, -0.017236022845337668, 0.015245322408000238]], "chi2_level": 0.997, "chi2_df": 3, "chi2_threshold": 13.931422665512084, "N_raw": 68, "N_roi": 68, "N_inlier": 65, "refit": true}
{"timestamp": "11:55:08.447199", "frame": 93, "mu": [0.7392804505155659, 0.7887050098594635, 1.3274645478277585], "Sigma": [[0.013009677022238644, -0.0042124553355996335, -0.01253759545117939], [-0.0042124553355996335, 0.010006800265273374, -0.005614470239227118], [-0.012537595451179391, -0.005614470239227118, 0.025618639689925123]], "chi2_level": 0.997, "chi2_df": 3, "chi2_threshold": 13.931422665512084, "N_raw": 83, "N_roi": 83, "N_inlier": 76, "refit": true}
{"timestamp": "11:55:08.499524", "frame": 94, "mu": [0.6672832662184262, 0.819163230473124, 1.3417066319743611], "Sigma": [[0.003509089960737656, -0.0022878776094741116, 0.00021802877763785937], [-0.002287877609474111, 0.010588171187543254, -0.009802172107874426], [0.00021802877763785943, -0.009802172107874426, 0.012426071856729353]], "chi2_level": 0.997, "chi2_df": 3, "chi2_threshold": 13.931422665512084, "N_raw": 73, "N_roi": 73, "N_inlier": 70, "refit": true}
{"timestamp": "11:55:08.548532", "frame": 95, "mu": [0.7129741900043123, 0.8180503595988295, 1.2181653831734613], "Sigma": [[0.001879739410763449, 0.00022008740481109854, -0.0009090711323105019], [0.0002200874048110985, 0.00742436934090048, 0.001608788016119014], [-0.0009090711323105019, 0.0016087880161190136, 0.032887146399192844]], "chi2_level": 0.997, "chi2_df": 3, "chi2_threshold": 13.931422665512084, "N_raw": 29, "N_roi": 29, "N_inlier": 29, "refit": true}
{"timestamp": "11:55:08.607244", "frame": 96, "mu": [0.6489463650654592, 0.7237138039378637, 1.224024009595526], "Sigma": [[0.00378000262706437, -0.0014588161624157687, -0.00043737708824828745], [-0.0014588161624157687, 0.007765506987940546, -0.003817760204072157], [-0.00043737708824828745, -0.003817760204072157, 0.038784398157469216]], "chi2_level": 0.997, "chi2_df": 3, "chi2_threshold": 13.931422665512084, "N_raw": 60, "N_roi": 60, "N_inlier": 59, "refit": true}
{"timestamp": "11:55:08.665921", "frame": 97, "mu": [0.6848563877710007, 0.6249793427058331, 1.332519574064312], "Sigma": [[0.0026063803030408903, -3.4819331245136416e-05, -0.0021519034508072805], [-3.481933124513647e-05, 0.00875067318275674, -0.007785968777348964], [-0.0021519034508072805, -0.007785968777348964, 0.010011312454748603]], "chi2_level": 0.997, "chi2_df": 3, "chi2_threshold": 13.931422665512084, "N_raw": 81, "N_roi": 80, "N_inlier": 76, "refit": true}
