{"timestamp": "12:45:32.932623", "frame": 38, "mu": [-1.7845582465254408, 0.6258125827419124, 0.7139638046753255], "Sigma": [[2.3239894581616722, -0.06531841747359524, 0.0418439263708256], [-0.06531841747359524, 0.015288136477801247, -0.007190420127900093], [0.0418439263708256, -0.007190420127900093, 0.005229455583878064]], "chi2_level": 0.997, "chi2_df": 3, "chi2_threshold": 13.931422665512084, "N_raw": 19, "N_roi": 19, "N_inlier": 19, "refit": true}
{"timestamp": "12:45:33.043362", "frame": 40, "mu": [-0.85280304068602, 0.6079770669985706, 0.8953751294422785], "Sigma": [[4.445672509273324, -0.08989310771140151, 0.05927336773274687], [-0.08989310771140151, 0.01179985386660943, -0.003765933446970995], [0.05927336773274687, -0.003765933446970994, 0.004634028110048456]], "chi2_level": 0.997, "chi2_df": 3, "chi2_threshold": 13.931422665512084, "N_raw": 29, "N_roi": 29, "N_inlier": 28, "refit": true}
{"timestamp": "12:45:33.099149", "frame": 41, "mu": [-1.5209372270412134, 0.6528571348961358, 0.7729415713735003], "Sigma": [[3.142886759470497, -0.07601424000334189, 0.06885202208309567], [-0.07601424000334188, 0.01841115087530706, -0.007480656490613034], [0.06885202208309565, -0.007480656490613034, 0.0043749959487209495]], "chi2_level": 0.997, "chi2_df": 3, "chi2_threshold": 13.931422665512084, "N_raw": 28, "N_roi": 28, "N_inlier": 28, "refit": true}
{"timestamp": "12:45:33.157322", "frame": 42, "mu": [-0.9442104825887725, 0.5799431050834767, 0.7717577809719447], "Sigma": [[3.8440468489342434, -0.01950106763046879, 0.04449792922444399], [-0.019501067630468803, 0.021679940472098293, -0.006180935631330904], [0.04449792922444398, -0.006180935631330903, 0.004089122734156183]], "chi2_level": 0.997, "chi2_df": 3, "chi2_threshold": 13.931422665512084, "N_raw": 54, "N_roi": 54, "N_inlier": 54, "refit": true}
{"timestamp": "12:45:33.212281", "frame": 43, "mu": [-0.05836611833869049, 0.511912613617192, 0.8166600484228526], "Sigma": [[4.30622152883056, 0.07350475455671125, 0.06618184272971138], [0.07350475455671125, 0.014429301376079822, -0.002188320780164267], [0.06618184272971138, -0.0021883207801642675, 0.0056945196606062965]], "chi2_level": 0.997, "chi2_df": 3, "chi2_threshold": 13.931422665512084, "N_raw": 48, "N_roi": 48, "N_inlier": 48, "refit": true}
{"timestamp": "12:45:33.268113", "frame": 44, "mu": [-0.21448546876448596, 0.5206983907670292, 0.8352106876857942], "Sigma": [[4.352498508208067, 0.023844301222745494, 0.045377880212160396], [0.02384430122274549, 0.013097607415246132, -0.003793547727497954], [0.045377880212160396, -0.0037935477274979542, 0.006091368068636372]], "chi2_level": 0.997, "chi2_df": 3, "chi2_threshold": 13.931422665512084, "N_raw": 62, "N_roi": 62, "N_inlier": 62, "refit": true}
{"timestamp": "12:45:33.320285", "frame": 45, "mu": [-0.1566740665871868, 0.5092923126823306, 0.8322251952213329], "Sigma": [[3.9681279304313137, 0.12165890176936504, 0.01550918160524843], [0.12165890176936503, 0.019169631042053686, -0.004453988012152318], [0.015509181605248428, -0.004453988012152318, 0.004531250387896186]], "chi2_level": 0.997, "chi2_df": 3, "chi2_threshold": 13.931422665512084, "N_raw": 41, "N_roi": 41, "N_inlier": 41, "refit": true}
{"timestamp": "12:45:33.372407", "frame": 46, "mu": [-1.345836003125628, 0.5342431994586418, 0.8981877124351474], "Sigma": [[2.1730432933058315, 0.07033746032721268, 0.00491849718936163], [0.07033746032721268, 0.007852054100533702, -0.0020126408919815815], [0.004918497189361628, -0.002012640891981581, 0.0052556605132465725]], "chi2_level": 0.997, "chi2_df": 3, "chi2_threshold": 13.931422665512084, "N_raw": 16, "N_roi": 16, "N_inlier": 15, "refit": true}
{"timestamp": "12:45:33.430282", "frame": 47, "mu": [-1.3652404743746909, 0.5560802274402983, 1.0450061837580074], "Sigma": [[1.9187699380540375, -0.030124833888219554, -0.008325080797700363], [-0.03012483388821955, 0.011550994305408636, -0.0025052626354206695], [-0.00832508079770036, -0.0025052626354206695, 0.011433216654631368]], "chi2_level": 0.997, "chi2_df": 3, "chi2_threshold": 13.931422665512084, "N_raw": 41, "N_roi": 41, "N_inlier": 41, "refit": true}
{"timestamp": "12:45:33.486868", "frame": 48, "mu": [-1.2351364801457119, 0.5588012728617596, 1.034166978104847], "Sigma": [[2.3080822147577806, -0.04614752062903495, 0.02344140113024814], [-0.04614752062903495, 0.00942026615443125, -0.0037681793425782067], [0.023441401130248136, -0.0037681793425782067, 0.0093608684086464]], "chi2_level": 0.997, "chi2_df": 3, "chi2_threshold": 13.931422665512084, "N_raw": 50, "N_roi": 50, "N_inlier": 50, "refit": true}
{"timestamp": "12:45:33.539213", "frame": 49, "mu": [-1.6111293488137135, 0.6226278777075022, 1.1031157984931421], "Sigma": [[0.9996136565790535, -0.04464090288303643, 0.02901065607146992], [-0.04464090288303643, 0.011732959701618735, -0.00659282528421651], [0.02901065607146992, -0.00659282528421651, 0.00736329984936331]], "chi2_level": 0.997, "chi2_df": 3, "chi2_threshold": 13.931422665512084, "N_raw": 34, "N_roi": 34, "N_inlier": 34, "refit": true}
{"timestamp": "12:45:33.594957", "frame": 50, "mu": [-1.4311680427851368, 0.8088358119782219, -0.9057566409554901], "Sigma": [[1.579548207582609, -0.038416788132310184, 0.0022867819431264917], [-0.03841678813231018, 0.01239671793046552, 0.009093340299455775], [0.0022867819431264882, 0.009093340299455775, 0.032653569570124594]], "chi2_level": 0.997, "chi2_df": 3, "chi2_threshold": 13.931422665512084, "N_raw": 35, "N_roi": 35, "N_inlier": 35, "refit": true}
{"timestamp": "12:45:33.654264", "frame": 51, "mu": [-1.5257524937238252, 0.5966250224620407, 1.0971203344363027], "Sigma": [[1.2173350968822547, -0.04938700998957217, 0.0398357557868451], [-0.049387009989572156, 0.012888894947586651, -0.0076856476345030615], [0.0398357557868451, -0.0076856476345030615, 0.012738665918526654]], "chi2_level": 0.997, "chi2_df": 3, "chi2_threshold": 13.931422665512084, "N_raw": 68, "N_roi": 68, "N_inlier": 68, "refit": true}
{"timestamp": "12:45:33.710628", "frame": 52, "mu": [-1.4571627199497985, 0.7945817118894145, -0.8206420432828222], "Sigma": [[1.3543976331888743, -0.03264168853666241, -0.008247410440092131], [-0.03264168853666241, 0.013711498089176372, 0.0006915180354933882], [-0.00824741044009213, 0.0006915180354933878, 0.017793318721533443]], "chi2_level": 0.997, "chi2_df": 3, "chi2_threshold": 13.931422665512084, "N_raw": 59, "N_roi": 59, "N_inlier": 59, "refit": true}
{"timestamp": "12:45:33.766182", "frame": 53, "mu": [-1.2867623581406038, 0.540182093744888, 1.0573964074788087], "Sigma": [[1.6468159380953271, -0.03841732757150893, 0.03723480550882782], [-0.03841732757150894, 0.009726139169745783, -0.00567167116520808], [0.03723480550882782, -0.00567167116520808, 0.010377272431588721]], "chi2_level": 0.997, "chi2_df": 3, "chi2_threshold": 13.931422665512084, "N_raw": 62, "N_roi": 62, "N_inlier": 61, "refit": true}
{"timestamp": "12:45:33.821727", "frame": 54, "mu": [-1.1427722113006507, 0.49140728115206217, 1.0215804144257472], "Sigma": [[1.9204717661456796, -0.03832796742977637, 0.05035125506017247], [-0.03832796742977638, 0.008537055206294953, -0.005765306014756973], [0.050351255060172476, -0.005765306014756973, 0.014765888418110438]], "chi2_level": 0.997, "chi2_df": 3, "chi2_threshold": 13.931422665512084, "N_raw": 67, "N_roi": 67, "N_inlier": 66, "refit": true}
{"timestamp": "12:45:33.880272", "frame": 55, "mu": [-1.0206173201822388, 0.5040041532870444, 1.0465084972344634], "Sigma": [[1.9773640160368335, -0.05208062888404488, -0.000219620315663411], [-0.05208062888404489, 0.010549554549511756, 0.0015669063064505117], [-0.00021962031566341318, 0.0015669063064505115, 0.028245074354667082]], "chi2_level": 0.997, "chi2_df": 3, "chi2_threshold": 13.931422665512084, "N_raw": 91, "N_roi": 91, "N_inlier": 89, "refit": true}
{"timestamp": "12:45:33.937379", "frame": 56, "mu": [-1.3501932121966747, 0.593312387164421, 1.1201557993795008], "Sigma": [[0.9634471223096029, -0.05047521498059288, 0.020562717391537047], [-0.05047521498059288, 0.01832139614207349, -0.007058747190043974], [0.020562717391537057, -0.007058747190043974, 0.032481975318001934]], "chi2_level": 0.997, "chi2_df": 3, "chi2_threshold": 13.931422665512084, "N_raw": 103, "N_roi": 103, "N_inlier": 103, "refit": true}
{"timestamp": "12:45:33.986191", "frame": 57, "mu": [-1.5725467708075733, 0.5794714222575372, 1.1352524808463018], "Sigma": [[0.007344278732513378, 0.007597195327880725, 0.00931703413752659], [0.007597195327880725, 0.017490525923703842, 0.0011156130201767315], [0.00931703413752659, 0.001115613020176731, 0.0359904865280452]], "chi2_level": 0.997, "chi2_df": 3, "chi2_threshold": 13.931422665512084, "N_raw": 51, "N_roi": 51, "N_inlier": 50, "refit": true}
{"timestamp": "12:45:34.046730", "frame": 58, "mu": [-1.2341367516627353, 0.5273259915122996, 1.1756069328343033], "Sigma": [[0.9063442679637181, -0.02742174024008148, -0.008682209105507443], [-0.027421740240081476, 0.015428898641668557, 0.007438494873967574], [-0.008682209105507441, 0.007438494873967573, 0.04296739308832288]], "chi2_level": 0.997, "chi2_df": 3, "chi2_threshold": 13.931422665512084, "N_raw": 103, "N_roi": 103, "N_inlier": 103, "refit": true}
{"timestamp": "12:45:34.102355", "frame": 59, "mu": [-1.551102727556357, 0.6122023344537632, 1.1553766041627294], "Sigma": [[0.011205345597398005, -0.002321964319615204, 0.005233267169345662], [-0.0023219643196152034, 0.025705031904261967, -0.012345486117162564], [0.005233267169345662, -0.012345486117162564, 0.014352793707288298]], "chi2_level": 0.997, "chi2_df": 3, "chi2_threshold": 13.931422665512084, "N_raw": 102, "N_roi": 102, "N_inlier": 97, "refit": true}
{"timestamp": "12:45:34.158417", "frame": 60, "mu": [-1.2451668352112772, 0.5745585526492683, 1.229311885460209], "Sigma": [[0.6472790828707902, -0.04352801104079551, 0.02345897167357456], [-0.04352801104079551, 0.021151929512150856, -0.012225688891032524], [0.02345897167357456, -0.012225688891032524, 0.018370620871180954]], "chi2_level": 0.997, "chi2_df": 3, "chi2_threshold": 13.931422665512084, "N_raw": 101, "N_roi": 101, "N_inlier": 100, "refit": true}
{"timestamp": "12:45:34.209042", "frame": 61, "mu": [-1.18606189553362, 0.6977868020741681, -0.6206917032529543], "Sigma": [[0.6339471676927013, -0.03465977742534966, 0.004893416900695693], [-0.034659777425349654, 0.01816493120769763, -0.004105167311506372], [0.004893416900695693, -0.004105167311506372, 0.021567095278560173]], "chi2_level": 0.997, "chi2_df": 3, "chi2_threshold": 13.931422665512084, "N_raw": 71, "N_roi": 71, "N_inlier": 70, "refit": true}
{"timestamp": "12:45:34.262681", "frame": 62, "mu": [-1.386830022363861, 0.5844841406598209, 1.2402837878977047], "Sigma": [[0.008679858423252728, 0.004945181151202731, 0.006249228456795659], [0.00494518115120273, 0.008468875492660972, -0.0023880292195941058], [0.006249228456795659, -0.002388029219594106, 0.018870395152624397]], "chi2_level": 0.997, "chi2_df": 3, "chi2_threshold": 13.931422665512084, "N_raw": 74, "N_roi": 74, "N_inlier": 72, "refit": true}
{"timestamp": "12:45:34.318301", "frame": 63, "mu": [-1.3355894357045088, 0.5649447108478508, 1.336742493654415], "Sigma": [[0.009195072394965502, 0.007552247561200631, 0.004347180435063019], [0.007552247561200631, 0.008491370081590151, 0.0005244495673491672], [0.004347180435063019, 0.0005244495673491674, 0.01615496064405046]], "chi2_level": 0.997, "chi2_df": 3, "chi2_threshold": 13.931422665512084, "N_raw": 72, "N_roi": 72, "N_inlier": 71, "refit": true}
{"timestamp": "12:45:34.372769", "frame": 64, "mu": [-1.3686856471113797, 0.5197277265591564, 1.2744654271117457], "Sigma": [[0.008343658031445432, 0.0036250574980588425, -0.0014871285276890189], [0.0036250574980588425, 0.013485840650671344, -0.007366247075405627], [-0.0014871285276890189, -0.007366247075405628, 0.004849595165043356]], "chi2_level": 0.997, "chi2_df": 3, "chi2_threshold": 13.931422665512084, "N_raw": 71, "N_roi": 71, "N_inlier": 68, "refit": true}
{"timestamp": "12:45:34.428153", "frame": 65, "mu": [-1.2674492829645543, 0.5758025571770328, 1.3997278222137806], "Sigma": [[0.013291817025336933, 0.009453001732906611, 0.00033228040630672796], [0.009453001732906611, 0.009938791818914642, -0.0035464669523148397], [0.0003322804063067283, -0.0035464669523148397, 0.008306267021402863]], "chi2_level": 0.997, "chi2_df": 3, "chi2_threshold": 13.931422665512084, "N_raw": 73, "N_roi": 73, "N_inlier": 70, "refit": true}
{"timestamp": "12:45:34.479958", "frame": 66, "mu": [-1.2373836255702326, 0.4977433445299719, 1.2435416979866283], "Sigma": [[0.01191438654851164, 0.010855814248073626, -0.0008221391075608582], [0.010855814248073626, 0.019269957335725976, 0.005623973692738697], [-0.0008221391075608586, 0.005623973692738697, 0.027646710991590558]], "chi2_level": 0.997, "chi2_df": 3, "chi2_threshold": 13.931422665512084, "N_raw": 52, "N_roi": 52, "N_inlier": 49, "refit": true}
{"timestamp": "12:45:34.540284", "frame": 67, "mu": [-1.1777201024073167, 0.7738602981333746, -0.39888981133725604], "Sigma": [[0.013636574592579968, 0.006548479949765161, 0.0022491679155437682], [0.006548479949765161, 0.009584743658289025, -0.004314191618585088], [0.0022491679155437682, -0.004314191618585088, 0.00766566545834465]], "chi2_level": 0.997, "chi2_df": 3, "chi2_threshold": 13.931422665512084, "N_raw": 90, "N_roi": 90, "N_inlier": 88, "refit": true}
{"timestamp": "12:45:34.593280", "frame": 68, "mu": [-0.9616398982463612, 0.5521489587366517, 1.3512113269123156], "Sigma": [[0.3954309715203402, -0.031820411163884336, -0.008846643918434057], [-0.03182041116388434, 0.02322815174297644, 0.004615544985644968], [-0.00884664391843406, 0.004615544985644967, 0.00517865038668058]], "chi2_level": 0.997, "chi2_df": 3, "chi2_threshold": 13.931422665512084, "N_raw": 75, "N_roi": 75, "N_inlier": 75, "refit": true}
{"timestamp": "12:45:34.652375", "frame": 69, "mu": [-1.0406949390600928, 0.6913351351367679, 1.4263171719663825], "Sigma": [[0.015244748219448599, 0.01296887479974672, 0.0022082277230304065], [0.01296887479974672, 0.01753082590385833, -0.0009516395907668121], [0.0022082277230304065, -0.0009516395907668122, 0.007885071037188182]], "chi2_level": 0.997, "chi2_df": 3, "chi2_threshold": 13.931422665512084, "N_raw": 110, "N_roi": 110, "N_inlier": 105, "refit": true}
{"timestamp": "12:45:34.706849", "frame": 70, "mu": [-1.0323949605440945, 0.6879421546413628, 1.440466106760791], "Sigma": [[0.012802759140774287, 0.008399742442972574, 0.004123556028355124], [0.008399742442972574, 0.009790739631665024, -0.0006487581561368748], [0.004123556028355124, -0.0006487581561368748, 0.006776361986453383]], "chi2_level": 0.997, "chi2_df": 3, "chi2_threshold": 13.931422665512084, "N_raw": 97, "N_roi": 97, "N_inlier": 95, "refit": true}
{"timestamp": "12:45:34.762731", "frame": 71, "mu": [-0.949625185363892, 0.6615367945348084, 1.4272483496183404], "Sigma": [[0.010279189670208634, 0.014019908783844001, 0.00454973266963901], [0.014019908783844, 0.028713145400180225, 0.010502173538869132], [0.00454973266963901, 0.010502173538869133, 0.017289569290706422]], "chi2_level": 0.997, "chi2_df": 3, "chi2_threshold": 13.931422665512084, "N_raw": 101, "N_roi": 101, "N_inlier": 99, "refit": true}
{"timestamp": "12:45:34.816425", "frame": 72, "mu": [-0.9558669533016457, 0.6659752112032771, 1.358872074955845], "Sigma": [[0.009440186038869524, 0.015238348828061837, 0.00281880409644958], [0.015238348828061837, 0.03189431080192523, 0.0006749228607130908], [0.00281880409644958, 0.0006749228607130905, 0.006527801765748811]], "chi2_level": 0.997, "chi2_df": 3, "chi2_threshold": 13.931422665512084, "N_raw": 98, "N_roi": 98, "N_inlier": 94, "refit": true}
{"timestamp": "12:45:34.864427", "frame": 73, "mu": [-0.9796060113923141, 0.6607082498227078, 1.4023433467696171], "Sigma": [[0.015119009960528182, 0.01591567794257039, -0.011139237406354993], [0.01591567794257039, 0.018996844718103596, -0.013655670794094105], [-0.011139237406354993, -0.013655670794094103, 0.026152030823041364]], "chi2_level": 0.997, "chi2_df": 3, "chi2_threshold": 13.931422665512084, "N_raw": 39, "N_roi": 39, "N_inlier": 38, "refit": true}
{"timestamp": "12:45:34.925127", "frame": 74, "mu": [-0.7613084277558634, 0.8519489702355185, 1.4144191728491935], "Sigma": [[0.012679277379523358, 0.00408176672988971, -0.0033395834359512054], [0.004081766729889711, 0.008779832741518745, 0.007315435927388994], [-0.0033395834359512067, 0.007315435927388994, 0.05422301553287484]], "chi2_level": 0.997, "chi2_df": 3, "chi2_threshold": 13.931422665512084, "N_raw": 91, "N_roi": 91, "N_inlier": 91, "refit": true}
{"timestamp": "12:45:34.983314", "frame": 75, "mu": [-0.7387792389372602, 0.8201493945943302, 1.4377531337293088], "Sigma": [[0.015785047552585033, 0.011415189001138807, -0.002808744280745298], [0.011415189001138807, 0.014663627658089103, 0.0009540655559718551], [-0.002808744280745298, 0.0009540655559718551, 0.03695276548392023]], "chi2_level": 0.997, "chi2_df": 3, "chi2_threshold": 13.931422665512084, "N_raw": 81, "N_roi": 81, "N_inlier": 78, "refit": true}
{"timestamp": "12:45:35.032795", "frame": 76, "mu": [-0.6276076629557046, 0.8764656125869049, 1.5296593439050508], "Sigma": [[0.01045823097248053, 0.002433712426941308, -0.003191874816042161], [0.0024337124269413076, 0.006236095250322953, -0.0028944461209691463], [-0.003191874816042161, -0.0028944461209691463, 0.0038591357353437196]], "chi2_level": 0.997, "chi2_df": 3, "chi2_threshold": 13.931422665512084, "N_raw": 73, "N_roi": 73, "N_inlier": 68, "refit": true}
{"timestamp": "12:45:35.086471", "frame": 77, "mu": [-0.5700911092517107, 0.9755847671615978, -0.2635938312096978], "Sigma": [[0.0033597323700411672, -0.0006421430426364299, 0.00012202232156869204], [-0.0006421430426364299, 0.003423578479244009, -0.0022945457070783163], [0.00012202232156869204, -0.0022945457070783163, 0.0020057662807551144]], "chi2_level": 0.997, "chi2_df": 3, "chi2_threshold": 13.931422665512084, "N_raw": 60, "N_roi": 60, "N_inlier": 58, "refit": true}
{"timestamp": "12:45:35.143163", "frame": 78, "mu": [-0.5229769594243803, 0.8761014552715065, 1.4913076999350185], "Sigma": [[0.004434991685111251, -0.0005905494046492872, 0.0016643077297647441], [-0.0005905494046492871, 0.0036870473123448867, -0.00317958416150796], [0.001664307729764744, -0.00317958416150796, 0.01395929526889266]], "chi2_level": 0.997, "chi2_df": 3, "chi2_threshold": 13.931422665512084, "N_raw": 72, "N_roi": 72, "N_inlier": 67, "refit": true}
{"timestamp": "12:45:35.198519", "frame": 79, "mu": [-0.454958572911956, 0.8875418887056753, 1.4429696544074104], "Sigma": [[0.002933738952759349, 0.0005038672487237086, -0.003969970975195714], [0.0005038672487237083, 0.0049349127048732904, -0.00919583076837593], [-0.003969970975195714, -0.00919583076837593, 0.03053198954407164]], "chi2_level": 0.997, "chi2_df": 3, "chi2_threshold": 13.931422665512084, "N_raw": 72, "N_roi": 72, "N_inlier": 67, "refit": true}
{"timestamp": "12:45:35.254593", "frame": 80, "mu": [-0.3766930616530837, 1.0744476427855656, -0.5092112219023586], "Sigma": [[0.010170447027979002, 0.013352859531721068, -0.02404425728623283], [0.013352859531721068, 0.03272332945199424, -0.06236098216294081], [-0.02404425728623283, -0.062360982162940816, 0.13156608652153973]], "chi2_level": 0.997, "chi2_df": 3, "chi2_threshold": 13.931422665512084, "N_raw": 75, "N_roi": 75, "N_inlier": 71, "refit": true}
{"timestamp": "12:45:35.308918", "frame": 81, "mu": [-0.31918717681046976, 0.9644971379530205, 0.9389874316131477], "Sigma": [[0.006479135886678177, 0.004308259831266789, -0.015716049155444087], [0.004308259831266789, 0.0049844496102757156, -0.014463238050301992], [-0.015716049155444084, -0.014463238050301992, 0.07147275450845438]], "chi2_level": 0.997, "chi2_df": 3, "chi2_threshold": 13.931422665512084, "N_raw": 77, "N_roi": 76, "N_inlier": 73, "refit": true}
{"timestamp": "12:45:35.360124", "frame": 82, "mu": [-0.32119007398771404, 0.86536275917203, 1.4277228404861098], "Sigma": [[0.002256917672336984, 0.00011029009906764664, 0.0005404452442320726], [0.00011029009906764668, 0.002398501666050402, -0.0018821116664800687], [0.0005404452442320726, -0.001882111666480069, 0.002692878432188861]], "chi2_level": 0.997, "chi2_df": 3, "chi2_threshold": 13.931422665512084, "N_raw": 55, "N_roi": 55, "N_inlier": 52, "refit": true}
{"timestamp": "12:45:35.419678", "frame": 83, "mu": [-0.26069809004355404, 0.8333152680661728, 1.4022690457201945], "Sigma": [[0.00328099502340669, 0.0011753700960078573, -0.0024615793922269334], [0.0011753700960078573, 0.002586513870616311, -0.0038636967270899696], [-0.0024615793922269334, -0.0038636967270899696, 0.006354082944858944]], "chi2_level": 0.997, "chi2_df": 3, "chi2_threshold": 13.931422665512084, "N_raw": 83, "N_roi": 83, "N_inlier": 78, "refit": true}
{"timestamp": "12:45:35.479047", "frame": 84, "mu": [-0.2565305894361822, 0.8631919040593166, 1.1621184244242024], "Sigma": [[0.006152951056031765, 0.010323339648396632, -0.01041454710692375], [0.01032333964839663, 0.032641624410583235, -0.03429060080444438], [-0.01041454710692375, -0.03429060080444438, 0.08471025024925319]], "chi2_level": 0.997, "chi2_df": 3, "chi2_threshold": 13.931422665512084, "N_raw": 114, "N_roi": 114, "N_inlier": 113, "refit": true}
{"timestamp": "12:45:35.531418", "frame": 85, "mu": [-0.22797910260732485, 0.7801934619860559, -0.11148157952862697], "Sigma": [[0.004089665700633535, 0.0017891588564875596, 0.047660193042913204], [0.0017891588564875596, 0.0027047680648693375, 0.024014752460200836], [0.047660193042913204, 0.024014752460200836, 0.8839046353347473]], "chi2_level": 0.997, "chi2_df": 3, "chi2_threshold": 13.931422665512084, "N_raw": 96, "N_roi": 96, "N_inlier": 95, "refit": true}
{"timestamp": "12:45:35.584188", "frame": 86, "mu": [-0.1731059585949024, 0.8251531290789449, 1.4483144992784627], "Sigma": [[0.002435716688545533, -0.0003405853124591602, 0.0011171101057001432], [-0.0003405853124591601, 0.002450366873474056, -0.0037361735749412996], [0.0011171101057001432, -0.0037361735749413, 0.006561503880906902]], "chi2_level": 0.997, "chi2_df": 3, "chi2_threshold": 13.931422665512084, "N_raw": 81, "N_roi": 81, "N_inlier": 80, "refit": true}
{"timestamp": "12:45:35.639457", "frame": 87, "mu": [-0.17633622781977634, 0.7702617195384008, 1.3411765192098304], "Sigma": [[0.003653303058367965, 0.0012948396556295904, 0.006508454837990448], [0.0012948396556295904, 0.003876591869487336, 0.0014318349835248647], [0.006508454837990448, 0.0014318349835248647, 0.01872361382157136]], "chi2_level": 0.997, "chi2_df": 3, "chi2_threshold": 13.931422665512084, "N_raw": 83, "N_roi": 83, "N_inlier": 83, "refit": true}
{"timestamp": "12:45:35.689428", "frame": 88, "mu": [-0.16631988170492126, 0.7257459010459899, 1.312275067895621], "Sigma": [[0.0017373353662096375, 0.0011219750358184512, 0.001123940947610356], [0.001121975035818451, 0.0013929179014262308, 0.0011710264184256127], [0.001123940947610356, 0.0011710264184256127, 0.008892166618411504]], "chi2_level": 0.997, "chi2_df": 3, "chi2_threshold": 13.931422665512084, "N_raw": 47, "N_roi": 47, "N_inlier": 45, "refit": true}
{"timestamp": "12:45:35.749148", "frame": 89, "mu": [-0.058324044137633334, 0.7566868301318928, 1.3652437145941863], "Sigma": [[0.0021714537223065907, 0.0033791929393887326, 0.0037185694416140783], [0.0033791929393887326, 0.007273133403174726, 0.00662923821043415], [0.0037185694416140788, 0.00662923821043415, 0.014295194541848358]], "chi2_level": 0.997, "chi2_df": 3, "chi2_threshold": 13.931422665512084, "N_raw": 56, "N_roi": 56, "N_inlier": 55, "refit": true}
{"timestamp": "12:45:35.800342", "frame": 90, "mu": [-0.02554718875248876, 0.8301001864849424, 1.4869960412913028], "Sigma": [[0.002073399787258832, -0.000555855858353025, 0.000584273336906644], [-0.0005558558583530249, 0.002536699911815603, -0.0019550818730535513], [0.000584273336906644, -0.0019550818730535513, 0.0017961048787607803]], "chi2_level": 0.997, "chi2_df": 3, "chi2_threshold": 13.931422665512084, "N_raw": 53, "N_roi": 53, "N_inlier": 51, "refit": true}
{"timestamp": "12:45:35.859840", "frame": 91, "mu": [-0.007860077820232084, 0.812625840781195, 1.3726469978771698], "Sigma": [[0.005053151808358401, 0.001259592026095678, 0.00662766997114525], [0.001259592026095678, 0.0036036905190733126, -0.0003551017791585309], [0.006627669971145249, -0.00035510177915853075, 0.012703182008380595]], "chi2_level": 0.997, "chi2_df": 3, "chi2_threshold": 13.931422665512084, "N_raw": 92, "N_roi": 92, "N_inlier": 92, "refit": true}
{"timestamp": "12:45:35.910640", "frame": 92, "mu": [-0.0062065236183050125, 0.851253040486958, -0.5438977945628299], "Sigma": [[0.007386741054788576, 0.004877811434125417, 0.004712467725623894], [0.004877811434125417, 0.012140677787367904, -0.005749612496807891], [0.004712467725623894, -0.005749612496807892, 0.016165444440665103]], "chi2_level": 0.997, "chi2_df": 3, "chi2_threshold": 13.931422665512084, "N_raw": 47, "N_roi": 46, "N_inlier": 42, "refit": true}
{"timestamp": "12:45:35.963772", "frame": 93, "mu": [0.03171680971938872, 0.7200936348342853, 1.218930690309521], "Sigma": [[0.0016891098083002978, 0.00027701140614208255, 0.00044297935590028323], [0.0002770114061420826, 0.0011147084604128674, -0.0004966952074593121], [0.00044297935590028334, -0.0004966952074593121, 0.0036316278777761206]], "chi2_level": 0.997, "chi2_df": 3, "chi2_threshold": 13.931422665512084, "N_raw": 44, "N_roi": 41, "N_inlier": 37, "refit": true}
{"timestamp": "12:45:36.017700", "frame": 94, "mu": [0.2229685788563627, 0.9680772015755297, -0.2818453034590049], "Sigma": [[0.0009839444346957473, -4.865599525397735e-05, 0.00034825244177634355], [-4.865599525397739e-05, 0.0022184596890807567, -0.002671191631086038], [0.00034825244177634376, -0.002671191631086038, 0.008320614618968747]], "chi2_level": 0.997, "chi2_df": 3, "chi2_threshold": 13.931422665512084, "N_raw": 33, "N_roi": 33, "N_inlier": 33, "refit": true}
{"timestamp": "12:45:36.071319", "frame": 95, "mu": [0.24133886194933338, 0.8430958937003201, 1.3395362225709884], "Sigma": [[0.0029113548306955585, 0.0016451692542557247, 0.02305554506812984], [0.0016451692542557247, 0.00317399961266877, 0.013034445318665903], [0.02305554506812984, 0.013034445318665903, 0.2532585623689327]], "chi2_level": 0.997, "chi2_df": 3, "chi2_threshold": 13.931422665512084, "N_raw": 30, "N_roi": 30, "N_inlier": 29, "refit": true}
{"timestamp": "12:45:36.132200", "frame": 96, "mu": [0.279563803417143, 0.8585550613269652, 1.2627269404188888], "Sigma": [[0.004396004300391283, 0.004707277326270184, 0.0023444050637767937], [0.004707277326270184, 0.009312704553160649, 0.002039055699787573], [0.0023444050637767937, 0.002039055699787573, 0.0027424272647786135]], "chi2_level": 0.997, "chi2_df": 3, "chi2_threshold": 13.931422665512084, "N_raw": 63, "N_roi": 62, "N_inlier": 59, "refit": true}
{"timestamp": "12:45:36.182778", "frame": 97, "mu": [0.2694319547207021, 0.7639980163167082, 1.146377538440083], "Sigma": [[0.0012931584320942347, 0.0013158296424276132, 0.0012780635327750453], [0.001315829642427613, 0.004476947761014133, 0.0020164454806607173], [0.001278063532775045, 0.002016445480660717, 0.11553367789964207]], "chi2_level": 0.997, "chi2_df": 3, "chi2_threshold": 13.931422665512084, "N_raw": 38, "N_roi": 38, "N_inlier": 37, "refit": true}
{"timestamp": "12:45:36.233683", "frame": 98, "mu": [0.36628831057152667, 0.8325669424930187, 0.9817773906459579], "Sigma": [[0.0036833020658608075, 0.005252999462020253, 0.013848532034657043], [0.005252999462020253, 0.011274475586794503, 0.002717026038651581], [0.013848532034657043, 0.0027170260386515845, 0.31855582924775977]], "chi2_level": 0.997, "chi2_df": 3, "chi2_threshold": 13.931422665512084, "N_raw": 10, "N_roi": 10, "N_inlier": 10, "refit": true}
{"timestamp": "12:45:36.291467", "frame": 99, "mu": [0.4127089026042357, 0.8783046323355485, 1.354341006832693], "Sigma": [[0.0009392692576432012, 0.0011622044399642545, -0.0005411945939634604], [0.0011622044399642545, 0.005628973957311642, -0.003016568982717735], [-0.0005411945939634604, -0.0030165689827177356, 0.0018564334038149355]], "chi2_level": 0.997, "chi2_df": 3, "chi2_threshold": 13.931422665512084, "N_raw": 29, "N_roi": 29, "N_inlier": 27, "refit": true}
{"timestamp": "12:45:36.474843", "frame": 101, "mu": [0.545538114915573, 0.80942777684946, 1.1233236505007946], "Sigma": [[0.03543297576818, 0.036301239649757344, -0.05557404048920638], [0.036301239649757344, 0.04409067622803961, -0.05344993242475352], [-0.05557404048920638, -0.05344993242475353, 0.32996629285831014]], "chi2_level": 0.997, "chi2_df": 3, "chi2_threshold": 13.931422665512084, "N_raw": 12, "N_roi": 11, "N_inlier": 11, "refit": true}
{"timestamp": "12:45:36.508757", "frame": 102, "mu": [0.5305908036393429, 0.8373452951281073, 1.4138680030497426], "Sigma": [[0.004049471675685618, 0.0021909406436614134, -0.00038051955699532276], [0.0021909406436614134, 0.0044422521516580315, 0.00014814019798386213], [-0.00038051955699532276, 0.00014814019798386213, 0.0001689582335356451]], "chi2_level": 0.997, "chi2_df": 3, "chi2_threshold": 13.931422665512084, "N_raw": 43, "N_roi": 43, "N_inlier": 40, "refit": true}
{"timestamp": "12:45:36.537807", "frame": 103, "mu": [0.5803984576467791, 0.8717891280994444, 1.3682932237062724], "Sigma": [[0.003290433869301387, 0.0017317009312671889, 2.3117271214075303e-06], [0.0017317009312671889, 0.005612253561781998, 0.0015388634428763132], [2.3117271214075845e-06, 0.0015388634428763134, 0.008641797506433664]], "chi2_level": 0.997, "chi2_df": 3, "chi2_threshold": 13.931422665512084, "N_raw": 52, "N_roi": 51, "N_inlier": 48, "refit": true}
{"timestamp": "12:45:36.568102", "frame": 104, "mu": [0.5839710897822905, 0.8292366704513041, 1.3635607664537355], "Sigma": [[0.003137804956033535, 0.002618106910671616, 0.0013573773406323087], [0.0026181069106716165, 0.0043608222836836194, 0.00028611118250288127], [0.0013573773406323087, 0.00028611118250288127, 0.0016829903648884973]], "chi2_level": 0.997, "chi2_df": 3, "chi2_threshold": 13.931422665512084, "N_raw": 35, "N_roi": 35, "N_inlier": 35, "refit": true}
{"timestamp": "12:45:36.622176", "frame": 105, "mu": [0.7022346645978326, 1.0139331903463322, -0.35813769357204883], "Sigma": [[0.00453927733496394, 7.788665194741816e-05, 0.00323199005635701], [7.788665194741799e-05, 0.003700221638920029, -0.004275456298038955], [0.00323199005635701, -0.004275456298038955, 0.013564981104155277]], "chi2_level": 0.997, "chi2_df": 3, "chi2_threshold": 13.931422665512084, "N_raw": 42, "N_roi": 42, "N_inlier": 40, "refit": true}
{"timestamp": "12:45:36.677571", "frame": 106, "mu": [0.7233383495013307, 0.8388867205769859, 1.3681995675382173], "Sigma": [[0.0033733635607847996, 0.0011127777309722147, -0.0012234990475639305], [0.0011127777309722147, 0.0019929616973972768, -0.0017117040607004877], [-0.0012234990475639305, -0.0017117040607004877, 0.0022043312204052664]], "chi2_level": 0.997, "chi2_df": 3, "chi2_threshold": 13.931422665512084, "N_raw": 38, "N_roi": 38, "N_inlier": 37, "refit": true}
{"timestamp": "12:45:36.784454", "frame": 108, "mu": [0.7660811623846024, 0.8193552631601693, 0.958174617907774], "Sigma": [[0.004784765196271479, -0.0001867437464660288, 0.025164027595159566], [-0.0001867437464660288, 0.011576418634479885, -0.026803031341866776], [0.02516402759515957, -0.026803031341866776, 0.2882616656177752]], "chi2_level": 0.997, "chi2_df": 3, "chi2_threshold": 13.931422665512084, "N_raw": 16, "N_roi": 16, "N_inlier": 15, "refit": true}
{"timestamp": "12:45:36.858081", "frame": 109, "mu": [0.8356114829451523, 0.8854311922194765, -0.7366398554685663], "Sigma": [[0.003217228211347207, 0.0008222129407490109, 0.008922043017965587], [0.0008222129407490109, 0.007633641375648858, -0.01921239250762974], [0.008922043017965587, -0.01921239250762974, 0.16404073871713595]], "chi2_level": 0.997, "chi2_df": 3, "chi2_threshold": 13.931422665512084, "N_raw": 50, "N_roi": 50, "N_inlier": 46, "refit": true}
{"timestamp": "12:45:36.896437", "frame": 110, "mu": [0.8716532113297161, 0.9419926094059162, 0.7789920600809042], "Sigma": [[0.0031645363486647905, 0.0001713938985326187, -0.0020737457523814532], [0.0001713938985326187, 0.024820123819868693, -0.06028049297933294], [-0.0020737457523814537, -0.06028049297933295, 0.15993024232374078]], "chi2_level": 0.997, "chi2_df": 3, "chi2_threshold": 13.931422665512084, "N_raw": 33, "N_roi": 33, "N_inlier": 32, "refit": true}
{"timestamp": "12:45:36.951551", "frame": 111, "mu": [0.9081862976215976, 0.8131728951806406, 1.2401997164491831], "Sigma": [[0.0026234193391537876, 0.001116756751393535, 0.0021786952716386443], [0.001116756751393535, 0.005637725968395802, -0.009706150194542526], [0.0021786952716386443, -0.009706150194542528, 0.04400547775672628]], "chi2_level": 0.997, "chi2_df": 3, "chi2_threshold": 13.931422665512084, "N_raw": 31, "N_roi": 31, "N_inlier": 28, "refit": true}
{"timestamp": "12:45:37.061669", "frame": 113, "mu": [0.9465646245115603, 1.0300499562715202, -0.4103551396098065], "Sigma": [[0.002795263055270432, 0.0004809584809231685, -0.0007536714411021018], [0.00048095848092316845, 0.003880601501995554, -0.0011833566415788781], [-0.0007536714411021018, -0.0011833566415788781, 0.007448710650419471]], "chi2_level": 0.997, "chi2_df": 3, "chi2_threshold": 13.931422665512084, "N_raw": 31, "N_roi": 31, "N_inlier": 29, "refit": true}
{"timestamp": "12:45:37.171493", "frame": 115, "mu": [1.052832546343806, 0.9212189325699052, 1.4125746498193912], "Sigma": [[0.0035990774140031885, 0.0007947711768075557, 0.0014056886912463128], [0.0007947711768075557, 0.005715436873021278, 0.0009883057234551316], [0.0014056886912463128, 0.0009883057234551316, 0.0007000627543262654]], "chi2_level": 0.997, "chi2_df": 3, "chi2_threshold": 13.931422665512084, "N_raw": 33, "N_roi": 33, "N_inlier": 32, "refit": true}
{"timestamp": "12:45:37.227209", "frame": 116, "mu": [1.1857825630057799, 0.9019616525604048, 1.4759528878277757], "Sigma": [[0.0062840446243794595, -0.0006791177491914811, 0.002933201088968609], [-0.0006791177491914809, 0.006178347656125938, 0.000830955191016389], [0.002933201088968609, 0.0008309551910163889, 0.0016686264325076045]], "chi2_level": 0.997, "chi2_df": 3, "chi2_threshold": 13.931422665512084, "N_raw": 33, "N_roi": 33, "N_inlier": 32, "refit": true}
{"timestamp": "12:45:37.333694", "frame": 118, "mu": [1.2215420474774967, 0.8133715748765381, 1.236932119846797], "Sigma": [[0.003009702350881909, -0.0018177978400393505, -0.002284554362652124], [-0.0018177978400393505, 0.0027974096470886074, 0.003541087200785257], [-0.002284554362652124, 0.003541087200785257, 0.022352279519313484]], "chi2_level": 0.997, "chi2_df": 3, "chi2_threshold": 13.931422665512084, "N_raw": 12, "N_roi": 12, "N_inlier": 11, "refit": true}
{"timestamp": "12:45:37.390827", "frame": 119, "mu": [1.3438534527069963, 1.0082820895146165, -0.288835910536943], "Sigma": [[0.00401985199941014, 0.0006779634037794857, 0.002257713873590735], [0.0006779634037794857, 0.004656556011857499, 0.0026522907208578936], [0.002257713873590735, 0.0026522907208578936, 0.0030717746234689702]], "chi2_level": 0.997, "chi2_df": 3, "chi2_threshold": 13.931422665512084, "N_raw": 23, "N_roi": 23, "N_inlier": 22, "refit": true}
{"timestamp": "12:45:37.555191", "frame": 122, "mu": [1.4614358250446138, 0.9238371446280855, 1.5027875696658126], "Sigma": [[0.004111386297571589, 0.0032362095485242467, 0.0033537668093968813], [0.0032362095485242463, 0.009010574862105582, 0.0025016630234239124], [0.0033537668093968813, 0.0025016630234239124, 0.0040218884805828916]], "chi2_level": 0.997, "chi2_df": 3, "chi2_threshold": 13.931422665512084, "N_raw": 22, "N_roi": 22, "N_inlier": 20, "refit": true}
{"timestamp": "12:45:37.610292", "frame": 123, "mu": [1.4638731541032188, 0.860246513604229, 1.3702672464190706], "Sigma": [[0.003626775216536467, 0.003507928467795412, 0.003102902399715544], [0.0035079284677954127, 0.011686564895050997, -0.0011983298656978638], [0.003102902399715544, -0.0011983298656978647, 0.06662464555242131]], "chi2_level": 0.997, "chi2_df": 3, "chi2_threshold": 13.931422665512084, "N_raw": 20, "N_roi": 20, "N_inlier": 20, "refit": true}
{"timestamp": "12:45:37.663990", "frame": 124, "mu": [1.5201088420659237, 0.8342460928160624, 1.457975496837074], "Sigma": [[0.006089447537656232, 0.001490005044940308, 0.005526978117757473], [0.001490005044940308, 0.004367649148665235, 0.002080611450432878], [0.005526978117757473, 0.002080611450432879, 0.005741477825516085]], "chi2_level": 0.997, "chi2_df": 3, "chi2_threshold": 13.931422665512084, "N_raw": 20, "N_roi": 20, "N_inlier": 19, "refit": true}
{"timestamp": "12:45:37.721237", "frame": 125, "mu": [1.580953530262308, 0.8612082505430715, 1.4628894828562267], "Sigma": [[0.006540085358596143, 0.0005650543227190582, 0.0027873732810546363], [0.0005650543227190582, 0.006471199713751372, 0.00048795047338016657], [0.002787373281054636, 0.00048795047338016657, 0.0015059404221873722]], "chi2_level": 0.997, "chi2_df": 3, "chi2_threshold": 13.931422665512084, "N_raw": 28, "N_roi": 28, "N_inlier": 28, "refit": true}
{"timestamp": "12:45:37.774712", "frame": 126, "mu": [1.6316665525834526, 1.000999640441238, -0.31562934612576027], "Sigma": [[0.007878370517973014, 0.0033998644722740543, 0.0061897152803995735], [0.0033998644722740543, 0.0065784645231631396, 0.002492577804092843], [0.0061897152803995735, 0.002492577804092843, 0.010798949575106003]], "chi2_level": 0.997, "chi2_df": 3, "chi2_threshold": 13.931422665512084, "N_raw": 17, "N_roi": 17, "N_inlier": 17, "refit": true}
