{"timestamp": "12:04:29.957533", "frame": 3, "mu": [1.6503253318295041, 1.0179981244024312, 1.475588078474036], "Sigma": [[0.006020186784006534, -0.0049311810134600245, -0.005720189772721871], [-0.0049311810134600245, 0.0056578325091784015, 0.004120553243073436], [-0.005720189772721871, 0.004120553243073437, 0.008180201105148801]], "chi2_level": 0.997, "chi2_df": 3, "chi2_threshold": 13.931422665512084, "N_raw": 20, "N_roi": 20, "N_inlier": 20, "refit": true}
{"timestamp": "12:04:30.397073", "frame": 11, "mu": [1.5884174534280742, 1.0987499460542896, 1.5116661680309176], "Sigma": [[0.0027565066909235993, -0.0014976629311339766, -4.9254835187943476e-05], [-0.0014976629311339766, 0.004191193024793643, -0.0007026970173865832], [-4.925483518794349e-05, -0.0007026970173865832, 0.00018590283903232254]], "chi2_level": 0.997, "chi2_df": 3, "chi2_threshold": 13.931422665512084, "N_raw": 17, "N_roi": 17, "N_inlier": 17, "refit": true}
{"timestamp": "12:04:30.454315", "frame": 12, "mu": [1.6097481907127582, 1.112305431001869, 1.4682659084093619], "Sigma": [[0.0051771444170748675, -0.0032252550655662553, -0.0020544660377081066], [-0.0032252550655662553, 0.006437308114901329, -0.0003030702506791872], [-0.002054466037708106, -0.0003030702506791872, 0.0016699424750478105]], "chi2_level": 0.997, "chi2_df": 3, "chi2_threshold": 13.931422665512084, "N_raw": 29, "N_roi": 29, "N_inlier": 28, "refit": true}
{"timestamp": "12:04:30.509431", "frame": 13, "mu": [1.690163688227948, 0.9111140214729405, 1.2597352362871095], "Sigma": [[0.003307936307051194, -0.0028383041399372847, -0.0016395935133391424], [-0.0028383041399372847, 0.00837639290609398, 0.0015086488023886007], [-0.0016395935133391424, 0.001508648802388601, 0.001404501523027945]], "chi2_level": 0.997, "chi2_df": 3, "chi2_threshold": 13.931422665512084, "N_raw": 19, "N_roi": 19, "N_inlier": 17, "refit": true}
{"timestamp": "12:04:30.564706", "frame": 14, "mu": [1.6845186804509003, 1.0936405963787232, -0.5051917122439722], "Sigma": [[0.0022415849246090803, -0.0012914166033052682, -0.0028870434394149083], [-0.0012914166033052682, 0.004935205562553794, -0.0005802198226303987], [-0.0028870434394149083, -0.0005802198226303988, 0.00664383653874991]], "chi2_level": 0.997, "chi2_df": 3, "chi2_threshold": 13.931422665512084, "N_raw": 16, "N_roi": 16, "N_inlier": 16, "refit": true}
{"timestamp": "12:04:30.620308", "frame": 15, "mu": [1.5863744527113537, 1.080404954456716, 1.4439230836983556], "Sigma": [[0.005505293658239614, -0.0032186066483261095, -0.0068899856553077485], [-0.0032186066483261095, 0.005260369998413784, 0.0076675229841161605], [-0.0068899856553077485, 0.0076675229841161605, 0.031190436052444398]], "chi2_level": 0.997, "chi2_df": 3, "chi2_threshold": 13.931422665512084, "N_raw": 20, "N_roi": 19, "N_inlier": 19, "refit": true}
{"timestamp": "12:04:30.675289", "frame": 16, "mu": [1.537148895398973, 1.0752196291409521, 1.441984709438731], "Sigma": [[0.004194515943806882, -0.002959087829776254, -0.003589288050124922], [-0.002959087829776254, 0.005101230447967493, 0.0004826426783560067], [-0.003589288050124922, 0.0004826426783560067, 0.0055586324173470154]], "chi2_level": 0.997, "chi2_df": 3, "chi2_threshold": 13.931422665512084, "N_raw": 27, "N_roi": 27, "N_inlier": 27, "refit": true}
{"timestamp": "12:04:30.731806", "frame": 17, "mu": [1.52835460628531, 1.0397285977442476, 1.4456645320341854], "Sigma": [[0.006174647372294166, -0.002502032833199997, -0.0035158828471544075], [-0.002502032833199997, 0.004700485036968195, -2.9404831654152085e-05], [-0.0035158828471544075, -2.940483165415203e-05, 0.0030126988296663476]], "chi2_level": 0.997, "chi2_df": 3, "chi2_threshold": 13.931422665512084, "N_raw": 33, "N_roi": 33, "N_inlier": 32, "refit": true}
{"timestamp": "12:04:30.783952", "frame": 18, "mu": [1.5256750555847443, 1.0003304319392967, 1.3206551944013214], "Sigma": [[0.005267384398099687, -0.0031187465795085656, -0.011843664920623862], [-0.0031187465795085656, 0.003604802841390661, 0.010452089174514748], [-0.011843664920623862, 0.010452089174514748, 0.0560569024466921]], "chi2_level": 0.997, "chi2_df": 3, "chi2_threshold": 13.931422665512084, "N_raw": 16, "N_roi": 16, "N_inlier": 16, "refit": true}
{"timestamp": "12:04:30.948918", "frame": 21, "mu": [1.4059339817375722, 0.9978763909581084, 1.479323576755687], "Sigma": [[0.00236848021256633, -0.0006111187024992191, -0.0001715924724352502], [-0.0006111187024992191, 0.002728617677267825, -0.0004931597760356049], [-0.0001715924724352502, -0.0004931597760356049, 0.000148417241414134]], "chi2_level": 0.997, "chi2_df": 3, "chi2_threshold": 13.931422665512084, "N_raw": 17, "N_roi": 17, "N_inlier": 16, "refit": true}
{"timestamp": "12:04:31.003201", "frame": 22, "mu": [1.3854650552515335, 0.991906990465794, 1.4512511834752322], "Sigma": [[0.003998847786321708, 0.00013067048615786976, -0.0012955238472966894], [0.00013067048615786965, 0.002287387317819799, 0.0003332064083305638], [-0.0012955238472966894, 0.00033320640833056376, 0.0006417788469806836]], "chi2_level": 0.997, "chi2_df": 3, "chi2_threshold": 13.931422665512084, "N_raw": 13, "N_roi": 13, "N_inlier": 13, "refit": true}
{"timestamp": "12:04:31.114359", "frame": 24, "mu": [1.3166967160153362, 0.9349625287516066, 1.2816987522749994], "Sigma": [[0.01713401742214053, -0.012900871063131647, -0.030426592659014068], [-0.012900871063131649, 0.014132927777087726, 0.02739146481677581], [-0.030426592659014068, 0.027391464816775804, 0.08372024610299458]], "chi2_level": 0.997, "chi2_df": 3, "chi2_threshold": 13.931422665512084, "N_raw": 13, "N_roi": 13, "N_inlier": 13, "refit": true}
{"timestamp": "12:04:31.169116", "frame": 25, "mu": [1.3320211924738685, 0.8623671616842004, 1.3083213954607527], "Sigma": [[0.0062370378914149505, -0.0035586334241174563, -0.006832216454728454], [-0.0035586334241174563, 0.004269530637096493, 0.0015077427209549453], [-0.006832216454728454, 0.0015077427209549453, 0.026130028100236704]], "chi2_level": 0.997, "chi2_df": 3, "chi2_threshold": 13.931422665512084, "N_raw": 21, "N_roi": 21, "N_inlier": 20, "refit": true}
{"timestamp": "12:04:31.229582", "frame": 26, "mu": [1.1480282133570467, 1.0084079530548227, 1.4965285488266349], "Sigma": [[0.008186511943725208, -0.005422740928802812, -0.0073663013118227625], [-0.005422740928802812, 0.008705464427975462, 0.0048495755892444545], [-0.007366301311822762, 0.004849575589244455, 0.008248078116740424]], "chi2_level": 0.997, "chi2_df": 3, "chi2_threshold": 13.931422665512084, "N_raw": 51, "N_roi": 51, "N_inlier": 49, "refit": true}
{"timestamp": "12:04:31.279342", "frame": 27, "mu": [1.088943193130183, 1.1236515970581742, -0.28659440011543896], "Sigma": [[0.0046145537223335415, 0.002760708612640376, -0.014130586023249632], [0.002760708612640376, 0.012236946644645674, -0.0034881126280170913], [-0.014130586023249632, -0.0034881126280170913, 0.084934469139953]], "chi2_level": 0.997, "chi2_df": 3, "chi2_threshold": 13.931422665512084, "N_raw": 16, "N_roi": 16, "N_inlier": 16, "refit": true}
{"timestamp": "12:04:31.337383", "frame": 28, "mu": [1.1771430857639815, 0.7879865349214251, 1.2480632262792166], "Sigma": [[0.012198173691962905, -0.007706246197965458, 0.0025883633887298194], [-0.007706246197965458, 0.0181576385684303, -0.0023398692518421765], [0.002588363388729819, -0.002339869251842176, 0.03310658167755078]], "chi2_level": 0.997, "chi2_df": 3, "chi2_threshold": 13.931422665512084, "N_raw": 34, "N_roi": 34, "N_inlier": 33, "refit": true}
{"timestamp": "12:04:31.392766", "frame": 29, "mu": [1.0282677178634483, 0.8995096743214546, 1.3637007658997276], "Sigma": [[0.004687767510554961, -0.0024539857911104095, -0.003268460999083801], [-0.0024539857911104095, 0.006993241454832814, 0.011899967654607657], [-0.003268460999083801, 0.011899967654607657, 0.02953870557058074]], "chi2_level": 0.997, "chi2_df": 3, "chi2_threshold": 13.931422665512084, "N_raw": 37, "N_roi": 37, "N_inlier": 34, "refit": true}
{"timestamp": "12:04:31.444950", "frame": 30, "mu": [1.037821538634032, 1.0709553027264451, 1.0220803241076741], "Sigma": [[0.013140824071711061, 0.004990781425448814, -0.03355556346707698], [0.004990781425448813, 0.017501784701784408, -0.025519076805973484], [-0.033555563467076985, -0.025519076805973484, 0.10154363934227585]], "chi2_level": 0.997, "chi2_df": 3, "chi2_threshold": 13.931422665512084, "N_raw": 15, "N_roi": 15, "N_inlier": 14, "refit": true}
{"timestamp": "12:04:31.499112", "frame": 31, "mu": [0.88552653342847, 0.9806360204024752, 1.4709879722884849], "Sigma": [[0.004869997348207497, -0.001783208798017536, -0.007442262776222118], [-0.001783208798017536, 0.0010877219939479815, 0.001979614737248995], [-0.007442262776222117, 0.001979614737248995, 0.017113233062790875]], "chi2_level": 0.997, "chi2_df": 3, "chi2_threshold": 13.931422665512084, "N_raw": 16, "N_roi": 16, "N_inlier": 15, "refit": true}
{"timestamp": "12:04:31.554111", "frame": 32, "mu": [0.8803800425135788, 1.0758991301258016, -0.3175100916935579], "Sigma": [[0.005687545502963335, -0.00037598392335850634, -0.008254925264038539], [-0.0003759839233585063, 0.0007481316379795201, 0.000531216394472791], [-0.008254925264038539, 0.000531216394472791, 0.026367206236738897]], "chi2_level": 0.997, "chi2_df": 3, "chi2_threshold": 13.931422665512084, "N_raw": 13, "N_roi": 13, "N_inlier": 13, "refit": true}
{"timestamp": "12:04:31.666056", "frame": 34, "mu": [0.7650323285307288, 1.0023426124667902, 1.3269140943523925], "Sigma": [[0.004441758667663656, -0.0013548620164162083, 0.019997739160138358], [-0.0013548620164162083, 0.0028242281548784406, -0.0003449507414104722], [0.019997739160138358, -0.0003449507414104722, 0.19712896435254876]], "chi2_level": 0.997, "chi2_df": 3, "chi2_threshold": 13.931422665512084, "N_raw": 25, "N_roi": 25, "N_inlier": 24, "refit": true}
{"timestamp": "12:04:31.720147", "frame": 35, "mu": [0.8025964843214258, 0.9470990588745722, 1.273456134162887], "Sigma": [[0.0040399334805086016, -0.0020992930416224905, -0.0013897689583089276], [-0.00209929304162249, 0.0025823195250738295, 0.003201926317443239], [-0.0013897689583089268, 0.003201926317443239, 0.12723854892100292]], "chi2_level": 0.997, "chi2_df": 3, "chi2_threshold": 13.931422665512084, "N_raw": 24, "N_roi": 24, "N_inlier": 23, "refit": true}
{"timestamp": "12:04:31.776114", "frame": 36, "mu": [0.7049684179326171, 0.9707840894279216, 1.456013169196421], "Sigma": [[0.00321377579734272, -0.0017278002735977445, -0.00601606048686285], [-0.0017278002735977448, 0.002618298913892897, 0.0032871608700308966], [-0.0060160604868628505, 0.003287160870030897, 0.015620995718582562]], "chi2_level": 0.997, "chi2_df": 3, "chi2_threshold": 13.931422665512084, "N_raw": 27, "N_roi": 27, "N_inlier": 25, "refit": true}
{"timestamp": "12:04:31.886550", "frame": 38, "mu": [0.6003592538088972, 0.9770166188972534, 1.4723328910708904], "Sigma": [[0.003224657533009037, -0.0010147149447427785, -0.005747678728499889], [-0.0010147149447427785, 0.0024418512263762707, 0.0040087062158492585], [-0.005747678728499889, 0.004008706215849258, 0.03084618125997328]], "chi2_level": 0.997, "chi2_df": 3, "chi2_threshold": 13.931422665512084, "N_raw": 30, "N_roi": 30, "N_inlier": 29, "refit": true}
{"timestamp": "12:04:31.944289", "frame": 39, "mu": [0.5823806205426703, 0.9860173655370479, 1.4593433175751926], "Sigma": [[0.0030659173539825443, -0.0007062993152980878, -0.0026629204756806416], [-0.0007062993152980878, 0.0023316028883365505, -0.00046224840614830987], [-0.0026629204756806416, -0.00046224840614830987, 0.007139824223144222]], "chi2_level": 0.997, "chi2_df": 3, "chi2_threshold": 13.931422665512084, "N_raw": 44, "N_roi": 44, "N_inlier": 42, "refit": true}
{"timestamp": "12:04:31.996263", "frame": 40, "mu": [0.47628518525208563, 1.03324884070646, 1.4924317555540596], "Sigma": [[0.004544917870685501, -0.0017857510335439677, -0.006427152788440847], [-0.0017857510335439677, 0.0018058859126832386, 0.0016519400907437248], [-0.006427152788440847, 0.0016519400907437246, 0.010759635426461247]], "chi2_level": 0.997, "chi2_df": 3, "chi2_threshold": 13.931422665512084, "N_raw": 23, "N_roi": 23, "N_inlier": 21, "refit": true}
{"timestamp": "12:04:32.054107", "frame": 41, "mu": [0.5069229828044752, 1.1142269516874757, -0.394587655678261], "Sigma": [[0.005172844606524954, 0.0005411519695605317, -0.009420708047545915], [0.0005411519695605317, 0.0032458309133778325, -0.001903465247143069], [-0.009420708047545915, -0.001903465247143069, 0.021972680156325183]], "chi2_level": 0.997, "chi2_df": 3, "chi2_threshold": 13.931422665512084, "N_raw": 52, "N_roi": 52, "N_inlier": 48, "refit": true}
{"timestamp": "12:04:32.112901", "frame": 42, "mu": [0.40836973053899245, 0.9399512240708313, 1.304293262724823], "Sigma": [[0.0036038291905617424, -0.001881670300203718, -0.012301802003727876], [-0.0018816703002037178, 0.007081223596696056, 0.01839949817000542], [-0.012301802003727876, 0.01839949817000542, 0.14292397042797156]], "chi2_level": 0.997, "chi2_df": 3, "chi2_threshold": 13.931422665512084, "N_raw": 71, "N_roi": 71, "N_inlier": 68, "refit": true}
{"timestamp": "12:04:32.168186", "frame": 43, "mu": [0.38977042514613747, 0.94982322748514, 1.396325736875224], "Sigma": [[0.004073426827343489, 0.0007536390303384149, -0.003374324288284049], [0.0007536390303384149, 0.002586152359980151, -0.0029809402407275573], [-0.003374324288284049, -0.0029809402407275573, 0.00546840810693048]], "chi2_level": 0.997, "chi2_df": 3, "chi2_threshold": 13.931422665512084, "N_raw": 77, "N_roi": 77, "N_inlier": 68, "refit": true}
{"timestamp": "12:04:32.220414", "frame": 44, "mu": [0.3809403810993118, 0.9279383023789531, 1.1811671319999817], "Sigma": [[0.006843790752130514, -0.0012256504660451686, 0.0003714794032012121], [-0.0012256504660451686, 0.002742509385504935, 0.0017429179744149032], [0.0003714794032012121, 0.0017429179744149032, 0.11495373728544968]], "chi2_level": 0.997, "chi2_df": 3, "chi2_threshold": 13.931422665512084, "N_raw": 49, "N_roi": 49, "N_inlier": 45, "refit": true}
{"timestamp": "12:04:32.278446", "frame": 45, "mu": [0.23671839095948352, 0.9330475534345093, 1.3484755354774958], "Sigma": [[0.0036831946416202707, -0.002391983431066284, -0.011288379950160764], [-0.002391983431066284, 0.007552277062582286, 0.017084086440369073], [-0.011288379950160764, 0.017084086440369073, 0.092101739187715]], "chi2_level": 0.997, "chi2_df": 3, "chi2_threshold": 13.931422665512084, "N_raw": 79, "N_roi": 79, "N_inlier": 75, "refit": true}
{"timestamp": "12:04:32.331619", "frame": 46, "mu": [0.2198837682978174, 0.9099330430606769, 1.356229124732029], "Sigma": [[0.0053803762115216675, -0.0025690187494102302, -0.009153866704727422], [-0.0025690187494102302, 0.003271378750482656, 0.003369002886065153], [-0.00915386670472742, 0.003369002886065153, 0.017565441504260922]], "chi2_level": 0.997, "chi2_df": 3, "chi2_threshold": 13.931422665512084, "N_raw": 64, "N_roi": 64, "N_inlier": 60, "refit": true}
{"timestamp": "12:04:32.389006", "frame": 47, "mu": [0.1821582994723437, 0.8824569804874572, 1.355087142731434], "Sigma": [[0.005357576714847905, -0.003642499333079346, -0.009140242121898099], [-0.003642499333079346, 0.00618485749632465, 0.00536492152594545], [-0.009140242121898099, 0.00536492152594545, 0.01992655618454694]], "chi2_level": 0.997, "chi2_df": 3, "chi2_threshold": 13.931422665512084, "N_raw": 79, "N_roi": 79, "N_inlier": 75, "refit": true}
{"timestamp": "12:04:32.449365", "frame": 48, "mu": [0.0726454058828257, 0.9514922499700633, 1.431828552474009], "Sigma": [[0.00937189045207801, -0.004954603529957228, -0.0120142400557299], [-0.004954603529957228, 0.008013907908677067, 0.005537732032472219], [-0.0120142400557299, 0.005537732032472219, 0.01655292081297841]], "chi2_level": 0.997, "chi2_df": 3, "chi2_threshold": 13.931422665512084, "N_raw": 117, "N_roi": 117, "N_inlier": 115, "refit": true}
{"timestamp": "12:04:32.501682", "frame": 49, "mu": [0.007113725252369921, 0.926770761480265, 1.4756563036101806], "Sigma": [[0.006147886561241843, -0.004148357506009606, -0.008283669524803645], [-0.004148357506009606, 0.005446009647118146, 0.004643195256328718], [-0.008283669524803645, 0.004643195256328718, 0.0144401103544301]], "chi2_level": 0.997, "chi2_df": 3, "chi2_threshold": 13.931422665512084, "N_raw": 89, "N_roi": 89, "N_inlier": 85, "refit": true}
{"timestamp": "12:04:32.550539", "frame": 50, "mu": [0.03875532885656456, 0.8209562675595274, 1.2851781491258982], "Sigma": [[0.0019168716787818748, -0.00199408692561613, -0.0024542005889895625], [-0.00199408692561613, 0.005954028763494437, 0.0010105092288811503], [-0.002454200588989563, 0.0010105092288811503, 0.004671649621141865]], "chi2_level": 0.997, "chi2_df": 3, "chi2_threshold": 13.931422665512084, "N_raw": 56, "N_roi": 56, "N_inlier": 52, "refit": true}
{"timestamp": "12:04:32.608523", "frame": 51, "mu": [-0.12136055143496649, 0.9477068170553631, 1.4570334666139828], "Sigma": [[0.0030186386716127877, -0.0016765768867316126, -0.0023298807184529537], [-0.0016765768867316126, 0.0035679461932881934, -0.0015236351624415977], [-0.0023298807184529537, -0.0015236351624415977, 0.005490511733256696]], "chi2_level": 0.997, "chi2_df": 3, "chi2_threshold": 13.931422665512084, "N_raw": 76, "N_roi": 76, "N_inlier": 73, "refit": true}
{"timestamp": "12:04:32.664751", "frame": 52, "mu": [-0.17052498020176132, 0.9648787814149493, 1.4775402150474195], "Sigma": [[0.0038768670238854388, -0.0018656890394249345, -0.0044162357056301855], [-0.0018656890394249345, 0.004258051504078397, 0.0013881769608690797], [-0.0044162357056301855, 0.0013881769608690795, 0.015654661809799193]], "chi2_level": 0.997, "chi2_df": 3, "chi2_threshold": 13.931422665512084, "N_raw": 79, "N_roi": 79, "N_inlier": 76, "refit": true}
{"timestamp": "12:04:32.718056", "frame": 53, "mu": [-0.1771010277111305, 0.9022316355262343, 1.4374871940328398], "Sigma": [[0.005637655369434243, -0.003587355486111632, -0.0046780515217269], [-0.0035873554861116314, 0.005874976750289985, 0.005343698115036681], [-0.0046780515217269, 0.005343698115036681, 0.014242180908226652]], "chi2_level": 0.997, "chi2_df": 3, "chi2_threshold": 13.931422665512084, "N_raw": 74, "N_roi": 74, "N_inlier": 69, "refit": true}
{"timestamp": "12:04:32.774733", "frame": 54, "mu": [-0.2400226167387135, 0.9022808085594023, 1.4163720187467328], "Sigma": [[0.006594823479038847, -0.003008227259832988, -0.005188731523507719], [-0.003008227259832988, 0.005397325912840274, 0.004496353895293481], [-0.005188731523507718, 0.004496353895293481, 0.019311611211642266]], "chi2_level": 0.997, "chi2_df": 3, "chi2_threshold": 13.931422665512084, "N_raw": 86, "N_roi": 84, "N_inlier": 81, "refit": true}
{"timestamp": "12:04:32.836775", "frame": 55, "mu": [-0.32465019321655164, 0.9596485770376064, -0.5192774945614848], "Sigma": [[0.008137687819027592, -0.0010296514713079943, -0.004933259580042574], [-0.0010296514713079943, 0.0052732823602636035, -0.001080724392809991], [-0.004933259580042574, -0.001080724392809991, 0.008557367100991534]], "chi2_level": 0.997, "chi2_df": 3, "chi2_threshold": 13.931422665512084, "N_raw": 127, "N_roi": 127, "N_inlier": 121, "refit": true}
{"timestamp": "12:04:32.889149", "frame": 56, "mu": [-0.36518292782633566, 0.9771006914085665, 1.4577424553038951], "Sigma": [[0.006564803363548701, -0.0020453746493274767, -0.00777182488593008], [-0.0020453746493274767, 0.004219089277079595, -0.0008746036212189192], [-0.007771824885930079, -0.0008746036212189197, 0.013567117537305497]], "chi2_level": 0.997, "chi2_df": 3, "chi2_threshold": 13.931422665512084, "N_raw": 109, "N_roi": 109, "N_inlier": 103, "refit": true}
{"timestamp": "12:04:32.941406", "frame": 57, "mu": [-0.38392842771879127, 1.0331940391754495, 0.046716314607967976], "Sigma": [[0.0058781844537569685, -0.003201231958443427, 0.027518004255005654], [-0.003201231958443427, 0.0070315292782652744, -0.034464200023035796], [0.027518004255005654, -0.034464200023035796, 0.3657756379876797]], "chi2_level": 0.997, "chi2_df": 3, "chi2_threshold": 13.931422665512084, "N_raw": 92, "N_roi": 92, "N_inlier": 91, "refit": true}
{"timestamp": "12:04:32.993177", "frame": 58, "mu": [-0.4018924805016768, 0.9010526058962062, 1.331390214771435], "Sigma": [[0.00435953268243912, -0.005984715611469603, -0.004059297678247756], [-0.005984715611469603, 0.011901126629409035, 0.0038936310102465335], [-0.004059297678247756, 0.0038936310102465335, 0.006604531154287057]], "chi2_level": 0.997, "chi2_df": 3, "chi2_threshold": 13.931422665512084, "N_raw": 73, "N_roi": 73, "N_inlier": 70, "refit": true}
{"timestamp": "12:04:33.046259", "frame": 59, "mu": [-0.4362424607336016, 0.881007219497523, 1.3267056600668232], "Sigma": [[0.0031403675546574574, -0.004303573105568021, -0.0022241973771626577], [-0.004303573105568021, 0.009036801384608537, 0.0009202409517191242], [-0.0022241973771626577, 0.0009202409517191244, 0.004296347686207478]], "chi2_level": 0.997, "chi2_df": 3, "chi2_threshold": 13.931422665512084, "N_raw": 61, "N_roi": 61, "N_inlier": 60, "refit": true}
{"timestamp": "12:04:33.099845", "frame": 60, "mu": [-0.5283292039905134, 0.9414879568548752, 1.4219777795099129], "Sigma": [[0.0042401587087756275, -0.005203860722715471, -0.006242506201941868], [-0.005203860722715471, 0.010410904712922506, 0.006836785000506087], [-0.006242506201941868, 0.006836785000506087, 0.013220945869212757]], "chi2_level": 0.997, "chi2_df": 3, "chi2_threshold": 13.931422665512084, "N_raw": 52, "N_roi": 52, "N_inlier": 49, "refit": true}
{"timestamp": "12:04:33.158745", "frame": 61, "mu": [-0.6205793834002622, 1.0582426561048086, -0.29324966662177265], "Sigma": [[0.01652587895751099, 0.002968698129358982, -0.024425722093378007], [0.0029686981293589815, 0.012659214448856244, -0.0019371428580440791], [-0.024425722093378007, -0.0019371428580440791, 0.05895893176025314]], "chi2_level": 0.997, "chi2_df": 3, "chi2_threshold": 13.931422665512084, "N_raw": 83, "N_roi": 83, "N_inlier": 81, "refit": true}
{"timestamp": "12:04:33.213943", "frame": 62, "mu": [-0.6370953734541451, 0.956444739699851, 1.4490821388524924], "Sigma": [[0.006708737235140099, -0.005668031487112495, -0.005290128293157296], [-0.005668031487112495, 0.009852750826196736, 0.0032069268755386383], [-0.005290128293157296, 0.0032069268755386383, 0.00680721369101703]], "chi2_level": 0.997, "chi2_df": 3, "chi2_threshold": 13.931422665512084, "N_raw": 75, "N_roi": 75, "N_inlier": 72, "refit": true}
{"timestamp": "12:04:33.272786", "frame": 63, "mu": [-0.7782444117240465, 0.8972937471274095, 1.5026879442521066], "Sigma": [[0.036620465726446304, 0.006696605003521993, -0.025144543829380427], [0.006696605003521993, 0.015326547858427079, -0.008618217613628756], [-0.025144543829380424, -0.008618217613628756, 0.022804858114107714]], "chi2_level": 0.997, "chi2_df": 3, "chi2_threshold": 13.931422665512084, "N_raw": 107, "N_roi": 107, "N_inlier": 106, "refit": true}
{"timestamp": "12:04:33.324397", "frame": 64, "mu": [-0.7980428538540195, 0.9007589818966796, 1.393870157930733], "Sigma": [[0.02837795315882921, 0.007063695367626674, -0.020949051675629986], [0.007063695367626674, 0.011131380036034417, -0.007882010953952513], [-0.020949051675629993, -0.007882010953952513, 0.01686057188944842]], "chi2_level": 0.997, "chi2_df": 3, "chi2_threshold": 13.931422665512084, "N_raw": 79, "N_roi": 78, "N_inlier": 76, "refit": true}
{"timestamp": "12:04:33.382855", "frame": 65, "mu": [-0.9746904861627537, 0.8949774444600219, 1.645138921278039], "Sigma": [[0.017691423025438205, 0.00949333620318309, -0.011130840490865237], [0.00949333620318309, 0.011955251454602269, -0.011975012423780712], [-0.011130840490865237, -0.01197501242378071, 0.013073342110545135]], "chi2_level": 0.997, "chi2_df": 3, "chi2_threshold": 13.931422665512084, "N_raw": 103, "N_roi": 101, "N_inlier": 99, "refit": true}
{"timestamp": "12:04:33.425996", "frame": 66, "mu": [-1.0774089307137413, 0.8265267703523304, 1.611504140246288], "Sigma": [[0.037206285714443094, 0.003387784318471862, -0.028991454045304628], [0.0033877843184718618, 0.005853014795768806, -0.004829257512769894], [-0.028991454045304628, -0.004829257512769894, 0.02699214443083657]], "chi2_level": 0.997, "chi2_df": 3, "chi2_threshold": 13.931422665512084, "N_raw": 26, "N_roi": 26, "N_inlier": 25, "refit": true}
{"timestamp": "12:04:33.488993", "frame": 67, "mu": [-1.0266966340334047, 0.9115910547663546, -0.1522211178888599], "Sigma": [[0.013533749639575482, 0.009700848957823378, 0.022546642704827043], [0.009700848957823378, 0.01251170966928808, 0.02388414630695764], [0.022546642704827043, 0.02388414630695764, 0.3239294682568269]], "chi2_level": 0.997, "chi2_df": 3, "chi2_threshold": 13.931422665512084, "N_raw": 82, "N_roi": 82, "N_inlier": 80, "refit": true}
{"timestamp": "12:04:33.547935", "frame": 68, "mu": [-1.0323826082519387, 0.8531607222551683, 1.5271012928188663], "Sigma": [[0.021924704484371525, 0.0023969511648162228, -0.014837632625701612], [0.002396951164816223, 0.007394831111635177, -0.0042597701485651215], [-0.014837632625701612, -0.004259770148565121, 0.012725775154662585]], "chi2_level": 0.997, "chi2_df": 3, "chi2_threshold": 13.931422665512084, "N_raw": 111, "N_roi": 111, "N_inlier": 109, "refit": true}
{"timestamp": "12:04:33.602230", "frame": 69, "mu": [-1.078653718546692, 0.8313732531310433, 0.17864661793018097], "Sigma": [[0.01453812125734372, -0.0003882490277780769, 0.06390823673814873], [-0.00038824902777807657, 0.012770938936033907, 0.03723177711886758], [0.06390823673814873, 0.03723177711886758, 0.7416536328997966]], "chi2_level": 0.997, "chi2_df": 3, "chi2_threshold": 13.931422665512084, "N_raw": 104, "N_roi": 104, "N_inlier": 104, "refit": true}
{"timestamp": "12:04:33.658254", "frame": 70, "mu": [-1.1323234095320711, 0.8105312915739795, 1.5642358849969291], "Sigma": [[0.013094675779566597, -0.0006293391133114017, -0.011046812215380016], [-0.0006293391133114017, 0.020292304678719453, 0.006450534264601408], [-0.011046812215380016, 0.006450534264601408, 0.016030151935237758]], "chi2_level": 0.997, "chi2_df": 3, "chi2_threshold": 13.931422665512084, "N_raw": 103, "N_roi": 103, "N_inlier": 101, "refit": true}
{"timestamp": "12:04:33.714136", "frame": 71, "mu": [-1.1820737307452616, 0.8674327696975561, 0.3717701444957481], "Sigma": [[0.014844285773589856, 5.793185459262252e-05, 0.05727343118335955], [5.7931854592622306e-05, 0.011029616945036175, 0.026117850113977145], [0.05727343118335955, 0.026117850113977145, 0.6421079812945593]], "chi2_level": 0.997, "chi2_df": 3, "chi2_threshold": 13.931422665512084, "N_raw": 107, "N_roi": 107, "N_inlier": 107, "refit": true}
{"timestamp": "12:04:33.774372", "frame": 72, "mu": [-1.147460312460232, 0.846297195985276, 1.3058759156879163], "Sigma": [[0.029933015283299558, 0.016231164542957685, -0.06132685904031064], [0.016231164542957685, 0.02695241235331812, -0.044126115450814504], [-0.06132685904031064, -0.044126115450814504, 0.16800700074751276]], "chi2_level": 0.997, "chi2_df": 3, "chi2_threshold": 13.931422665512084, "N_raw": 140, "N_roi": 140, "N_inlier": 140, "refit": true}
{"timestamp": "12:04:33.825647", "frame": 73, "mu": [-1.1651438806743903, 0.8161032674327192, 1.2443343795630455], "Sigma": [[0.025147764406140492, 0.016423594125498715, -0.050199299032097466], [0.016423594125498715, 0.02911810795672659, -0.04992217000688443], [-0.05019929903209746, -0.04992217000688444, 0.14652452565324595]], "chi2_level": 0.997, "chi2_df": 3, "chi2_threshold": 13.931422665512084, "N_raw": 124, "N_roi": 124, "N_inlier": 124, "refit": true}
{"timestamp": "12:04:33.879863", "frame": 74, "mu": [-1.244426458635252, 0.7517567046667097, 1.3900834238554953], "Sigma": [[0.01480202869341625, 0.006100862162937808, -0.005930429669751077], [0.006100862162937808, 0.02140574647979626, -0.004728715401117609], [-0.005930429669751078, -0.004728715401117609, 0.0037610294259263007]], "chi2_level": 0.997, "chi2_df": 3, "chi2_threshold": 13.931422665512084, "N_raw": 111, "N_roi": 111, "N_inlier": 108, "refit": true}
{"timestamp": "12:04:33.934951", "frame": 75, "mu": [-1.2918306323845334, 0.7536951344136309, 1.4382909875586112], "Sigma": [[0.01703729638248965, 0.004600711455689494, -0.010768646925698077], [0.004600711455689494, 0.01972810688670742, -0.0054346445725544715], [-0.010768646925698077, -0.0054346445725544715, 0.00875343875623658]], "chi2_level": 0.997, "chi2_df": 3, "chi2_threshold": 13.931422665512084, "N_raw": 114, "N_roi": 114, "N_inlier": 110, "refit": true}
{"timestamp": "12:04:33.982317", "frame": 76, "mu": [-1.3346500359468232, 0.7952316007035075, 1.4723699273611297], "Sigma": [[0.010857584269826151, 0.0026546706464746737, -0.0045192914419138214], [0.0026546706464746737, 0.008899494484676107, -0.004049530252514651], [-0.0045192914419138214, -0.004049530252514651, 0.003460393910535205]], "chi2_level": 0.997, "chi2_df": 3, "chi2_threshold": 13.931422665512084, "N_raw": 67, "N_roi": 67, "N_inlier": 64, "refit": true}
{"timestamp": "12:04:34.038892", "frame": 77, "mu": [-1.2788530635023156, 0.8392518721581446, 1.424059774807557], "Sigma": [[0.014524815591596267, 0.002561444652134125, -0.008847621561058845], [0.002561444652134125, 0.007902876894031659, -0.004353423311983922], [-0.008847621561058845, -0.004353423311983922, 0.007488326849797412]], "chi2_level": 0.997, "chi2_df": 3, "chi2_threshold": 13.931422665512084, "N_raw": 80, "N_roi": 80, "N_inlier": 78, "refit": true}
{"timestamp": "12:04:34.094933", "frame": 78, "mu": [-1.2988344922649737, 0.8748619629913472, 1.391355311964043], "Sigma": [[0.014736779437716303, 0.006155630375648317, -0.004148825410417962], [0.006155630375648317, 0.00825942447717106, -0.004408257519241369], [-0.004148825410417962, -0.004408257519241369, 0.006905935110977669]], "chi2_level": 0.997, "chi2_df": 3, "chi2_threshold": 13.931422665512084, "N_raw": 82, "N_roi": 82, "N_inlier": 80, "refit": true}
{"timestamp": "12:04:34.148738", "frame": 79, "mu": [-1.302249594732457, 1.015503669963644, -0.28301220721169995], "Sigma": [[0.015104573179898384, 0.0052704792765267666, -0.01165576222719598], [0.0052704792765267666, 0.01003847726429941, -0.00251840357423153], [-0.01165576222719598, -0.0025184035742315297, 0.010497839700171837]], "chi2_level": 0.997, "chi2_df": 3, "chi2_threshold": 13.931422665512084, "N_raw": 79, "N_roi": 79, "N_inlier": 77, "refit": true}
{"timestamp": "12:04:34.205523", "frame": 80, "mu": [-1.3002731051208618, 0.8671396411471691, 1.3552482574787965], "Sigma": [[0.011336093412575512, 0.007951579708533815, -0.005401168537039165], [0.007951579708533815, 0.02783975106486824, 0.01919276745831843], [-0.005401168537039166, 0.01919276745831843, 0.05442915313819156]], "chi2_level": 0.997, "chi2_df": 3, "chi2_threshold": 13.931422665512084, "N_raw": 97, "N_roi": 97, "N_inlier": 97, "refit": true}
{"timestamp": "12:04:34.251878", "frame": 81, "mu": [-1.4485291898376493, 0.9859453229267107, 1.5072129405803953], "Sigma": [[0.008479189470366372, 0.0032644169310173114, -0.0025003799361435373], [0.0032644169310173114, 0.010045958117381836, 0.006285575476192916], [-0.0025003799361435377, 0.006285575476192916, 0.028965966591371267]], "chi2_level": 0.997, "chi2_df": 3, "chi2_threshold": 13.931422665512084, "N_raw": 34, "N_roi": 34, "N_inlier": 33, "refit": true}
{"timestamp": "12:04:34.314355", "frame": 82, "mu": [-1.362242782157984, 0.8874974849502191, 1.1480105132200484], "Sigma": [[0.010793034146539685, 0.007825717953663922, -0.008743377077228621], [0.007825717953663922, 0.00807216307101726, -0.010556992901071458], [-0.008743377077228623, -0.010556992901071458, 0.024998477024033766]], "chi2_level": 0.997, "chi2_df": 3, "chi2_threshold": 13.931422665512084, "N_raw": 88, "N_roi": 88, "N_inlier": 88, "refit": true}
{"timestamp": "12:04:34.371410", "frame": 83, "mu": [-1.4222468305205807, 0.9251942145205698, 1.2992373448621386], "Sigma": [[0.013315574569496872, 0.006141236224708041, -0.006185867555753696], [0.006141236224708041, 0.008468258619543005, 0.005537203831654741], [-0.006185867555753696, 0.005537203831654741, 0.06164119710793537]], "chi2_level": 0.997, "chi2_df": 3, "chi2_threshold": 13.931422665512084, "N_raw": 96, "N_roi": 96, "N_inlier": 96, "refit": true}
{"timestamp": "12:04:34.424650", "frame": 84, "mu": [-1.442596423790017, 1.101584872477397, -0.19508800928883402], "Sigma": [[0.013571371783880916, 0.0052574921850399225, -0.010702678766584369], [0.0052574921850399225, 0.014324613195722999, -0.003490742493573961], [-0.010702678766584369, -0.003490742493573961, 0.013989556076073047]], "chi2_level": 0.997, "chi2_df": 3, "chi2_threshold": 13.931422665512084, "N_raw": 81, "N_roi": 81, "N_inlier": 80, "refit": true}
{"timestamp": "12:04:34.476747", "frame": 85, "mu": [-1.483426704043623, 0.8262089187243974, 1.1921928357390261], "Sigma": [[0.015100078148142989, 0.01607818451620585, 0.004378703357462583], [0.01607818451620585, 0.022705200367166608, 0.0038991766880929046], [0.004378703357462583, 0.0038991766880929046, 0.008757185412483366]], "chi2_level": 0.997, "chi2_df": 3, "chi2_threshold": 13.931422665512084, "N_raw": 71, "N_roi": 71, "N_inlier": 70, "refit": true}
{"timestamp": "12:04:34.535709", "frame": 86, "mu": [-1.4549397258716796, 1.1438510644207502, 1.5571268187354894], "Sigma": [[0.019079319211481285, 0.006660232725475112, -0.012914087755781362], [0.006660232725475113, 0.012272764085856596, -0.006052675477914765], [-0.012914087755781362, -0.006052675477914764, 0.013590146846123616]], "chi2_level": 0.997, "chi2_df": 3, "chi2_threshold": 13.931422665512084, "N_raw": 91, "N_roi": 91, "N_inlier": 89, "refit": true}
{"timestamp": "12:04:34.591773", "frame": 87, "mu": [-1.5065571956170016, 1.219329627116598, -0.3339682967315614], "Sigma": [[0.01820516001649588, 0.016132629355876536, 0.005661626090628017], [0.016132629355876536, 0.02794342527521121, 0.008940403088119487], [0.005661626090628017, 0.008940403088119487, 0.011536699031110135]], "chi2_level": 0.997, "chi2_df": 3, "chi2_threshold": 13.931422665512084, "N_raw": 93, "N_roi": 93, "N_inlier": 90, "refit": true}
{"timestamp": "12:04:34.642284", "frame": 88, "mu": [-1.428074380801358, 1.1755117383269233, 1.5225800147386988], "Sigma": [[0.013428756568296008, 0.005307157302279745, -0.01368806335557253], [0.0053071573022797445, 0.011571876090276463, -0.002979268429374426], [-0.01368806335557253, -0.0029792684293744264, 0.015175019608333585]], "chi2_level": 0.997, "chi2_df": 3, "chi2_threshold": 13.931422665512084, "N_raw": 69, "N_roi": 69, "N_inlier": 66, "refit": true}
{"timestamp": "12:04:34.700468", "frame": 89, "mu": [-1.4870026682323298, 1.2165815649930687, -0.046235183899473065], "Sigma": [[0.029343816589151944, 0.006567231451897859, 0.050857433971462834], [0.006567231451897859, 0.015857620038947695, 0.018884754526108206], [0.050857433971462834, 0.018884754526108206, 0.299257391880892]], "chi2_level": 0.997, "chi2_df": 3, "chi2_threshold": 13.931422665512084, "N_raw": 92, "N_roi": 92, "N_inlier": 92, "refit": true}
{"timestamp": "12:04:34.752980", "frame": 90, "mu": [-1.5412709740948285, 1.2070155722439169, 1.604852695637484], "Sigma": [[0.02518054667104485, 0.007398968127150716, -0.023479533956974705], [0.007398968127150716, 0.010622902249004407, -0.006458174079745867], [-0.023479533956974705, -0.006458174079745867, 0.023867322711265702]], "chi2_level": 0.997, "chi2_df": 3, "chi2_threshold": 13.931422665512084, "N_raw": 77, "N_roi": 77, "N_inlier": 74, "refit": true}
{"timestamp": "12:04:34.813055", "frame": 91, "mu": [-1.5489228862255617, 1.289336484483456, -0.2523515151376077], "Sigma": [[0.02152752139759639, 0.014704834061690042, -0.0019459999282296732], [0.014704834061690042, 0.027162567774163485, 0.008342521731808192], [-0.0019459999282296727, 0.008342521731808192, 0.019358972307970203]], "chi2_level": 0.997, "chi2_df": 3, "chi2_threshold": 13.931422665512084, "N_raw": 111, "N_roi": 111, "N_inlier": 107, "refit": true}
{"timestamp": "12:04:34.868838", "frame": 92, "mu": [-1.5328879022040425, 1.3068294939505427, 1.5094201249746864], "Sigma": [[0.025885346265210663, 0.009623923120600108, -0.019896395656912362], [0.009623923120600106, 0.015011133497524202, -0.01851424574082385], [-0.019896395656912362, -0.01851424574082385, 0.08088775644044735]], "chi2_level": 0.997, "chi2_df": 3, "chi2_threshold": 13.931422665512084, "N_raw": 103, "N_roi": 103, "N_inlier": 101, "refit": true}
{"timestamp": "12:04:34.917403", "frame": 93, "mu": [-1.492272793488247, 1.3031732462325365, 1.404956968351707], "Sigma": [[0.02066615618743429, 0.007563765896534617, -0.017963272347694285], [0.007563765896534616, 0.009029936796305028, -0.006101971583642882], [-0.017963272347694285, -0.006101971583642882, 0.02220151345186992]], "chi2_level": 0.997, "chi2_df": 3, "chi2_threshold": 13.931422665512084, "N_raw": 59, "N_roi": 59, "N_inlier": 58, "refit": true}
{"timestamp": "12:04:34.966867", "frame": 94, "mu": [-1.5949557191366874, 1.3472744283748161, 1.2900069972701969], "Sigma": [[0.03641399733598466, 0.013098836861562064, -0.02449656933061054], [0.013098836861562064, 0.007010738110778649, -0.011828120276047412], [-0.02449656933061054, -0.011828120276047412, 0.04528981252746053]], "chi2_level": 0.997, "chi2_df": 3, "chi2_threshold": 13.931422665512084, "N_raw": 23, "N_roi": 23, "N_inlier": 23, "refit": true}
{"timestamp": "12:04:35.037581", "frame": 95, "mu": [-1.64837083709853, 1.3728013826117225, 1.673809802422502], "Sigma": [[0.033910389202116545, 0.016209738893632447, -0.031703378258913645], [0.016209738893632447, 0.018413987520402603, -0.0129235826477441], [-0.031703378258913645, -0.0129235826477441, 0.03147763415550853]], "chi2_level": 0.997, "chi2_df": 3, "chi2_threshold": 13.931422665512084, "N_raw": 99, "N_roi": 99, "N_inlier": 99, "refit": true}
{"timestamp": "12:04:35.077103", "frame": 96, "mu": [-1.577409870121272, 1.4120260072427213, 1.6047094570743035], "Sigma": [[0.019544305678420245, 0.013000142553339783, -0.023026732700306286], [0.013000142553339783, 0.01329736522196868, -0.010504607801126126], [-0.023026732700306283, -0.010504607801126126, 0.04529842819665846]], "chi2_level": 0.997, "chi2_df": 3, "chi2_threshold": 13.931422665512084, "N_raw": 36, "N_roi": 36, "N_inlier": 35, "refit": true}
{"timestamp": "12:04:35.135968", "frame": 97, "mu": [-1.6717243101020758, 1.4441797399762943, 1.5456268143572334], "Sigma": [[0.07736754557254352, 0.037420442024692364, -0.03449147861558264], [0.03742044202469237, 0.024388282360665148, -0.008060326518153839], [-0.03449147861558263, -0.008060326518153837, 0.1526935270724851]], "chi2_level": 0.997, "chi2_df": 3, "chi2_threshold": 13.931422665512084, "N_raw": 67, "N_roi": 67, "N_inlier": 67, "refit": true}
{"timestamp": "12:04:35.191620", "frame": 98, "mu": [-1.6423210888300421, 1.5478577621483594, 1.693014996357446], "Sigma": [[0.033263171840335615, 0.01643872312319907, -0.033740864637647805], [0.01643872312319907, 0.013769597632786755, -0.0154987377437166], [-0.033740864637647805, -0.0154987377437166, 0.03596995461277999]], "chi2_level": 0.997, "chi2_df": 3, "chi2_threshold": 13.931422665512084, "N_raw": 68, "N_roi": 68, "N_inlier": 63, "refit": true}
{"timestamp": "12:04:35.245576", "frame": 99, "mu": [-1.6671411655138635, 1.722530535878785, 1.6973380766162467], "Sigma": [[0.028352165820005864, 0.021836230248800582, -0.03170977921957747], [0.021836230248800582, 0.027198407826888045, -0.026489473077248867], [-0.03170977921957746, -0.026489473077248867, 0.045507311179976195]], "chi2_level": 0.997, "chi2_df": 3, "chi2_threshold": 13.931422665512084, "N_raw": 57, "N_roi": 57, "N_inlier": 55, "refit": true}
{"timestamp": "12:04:35.433071", "frame": 100, "mu": [-1.6147808898762301, 1.7436927221631267, 1.6126151085993832], "Sigma": [[0.034973033880204465, 0.02558778653585936, -0.04892922699257736], [0.02558778653585936, 0.029343115817005945, -0.03706927008549958], [-0.04892922699257736, -0.03706927008549958, 0.09872179958876792]], "chi2_level": 0.997, "chi2_df": 3, "chi2_threshold": 13.931422665512084, "N_raw": 77, "N_roi": 77, "N_inlier": 75, "refit": true}
