{"timestamp": "12:25:35.920453", "frame": 31, "mu": [-1.8103313243032684, 4.96134228765263, 0.9359267302495169], "Sigma": [[0.04621557677381403, 0.004853159859345065, -0.044692418893340136], [0.004853159859345065, 0.0007730585746331026, -0.0044351386662523406], [-0.04469241889334014, -0.0044351386662523406, 0.06550919805426977]], "chi2_level": 0.997, "chi2_df": 3, "chi2_threshold": 13.931422665512084, "N_raw": 68, "N_roi": 13, "N_inlier": 12, "refit": true}
{"timestamp": "12:25:35.974904", "frame": 32, "mu": [-1.6398003792750062, 4.983322308623769, 0.6849200922502183], "Sigma": [[0.037436970737225295, 0.0016499310614341513, -0.05809752632277416], [0.0016499310614341515, 0.0002219335943456388, -0.003171746325229072], [-0.05809752632277416, -0.003171746325229072, 0.11832045264380775]], "chi2_level": 0.997, "chi2_df": 3, "chi2_threshold": 13.931422665512084, "N_raw": 57, "N_roi": 17, "N_inlier": 17, "refit": true}
{"timestamp": "12:25:36.081854", "frame": 34, "mu": [-1.5841420420023864, 4.968029677929736, 0.516839899257343], "Sigma": [[0.02155967888121833, 8.962776863366713e-05, -0.007623682155540841], [8.962776863366713e-05, 0.0007523355679324974, -0.00201157914283731], [-0.007623682155540841, -0.00201157914283731, 0.013648203400083775]], "chi2_level": 0.997, "chi2_df": 3, "chi2_threshold": 13.931422665512084, "N_raw": 38, "N_roi": 20, "N_inlier": 18, "refit": true}
{"timestamp": "12:25:36.192350", "frame": 36, "mu": [-1.4665967756929377, 4.889120646511285, 0.9202315820287185], "Sigma": [[0.031546010396432296, 0.003987057235389576, -0.01121200552385007], [0.003987057235389576, 0.0034350998620912097, -0.004505943617268778], [-0.011212005523850072, -0.004505943617268777, 0.010745716892731643]], "chi2_level": 0.997, "chi2_df": 3, "chi2_threshold": 13.931422665512084, "N_raw": 47, "N_roi": 45, "N_inlier": 44, "refit": true}
{"timestamp": "12:25:36.249929", "frame": 37, "mu": [-1.5071331320718864, 4.842653790697365, 0.9533756000334764], "Sigma": [[0.03081971361100412, 0.005463435667137473, -0.012307597421921895], [0.005463435667137473, 0.0028601844624217563, -0.00506391835855584], [-0.012307597421921895, -0.00506391835855584, 0.013625646083919777]], "chi2_level": 0.997, "chi2_df": 3, "chi2_threshold": 13.931422665512084, "N_raw": 43, "N_roi": 39, "N_inlier": 39, "refit": true}
{"timestamp": "12:25:36.302466", "frame": 38, "mu": [-1.4260276731240942, 4.842058991454428, 0.9953754788611731], "Sigma": [[0.023034594935038906, 0.005086560830704994, -0.01117376999337023], [0.005086560830704995, 0.002717260101698678, -0.002230586933093905], [-0.01117376999337023, -0.0022305869330939048, 0.012626134110242963]], "chi2_level": 0.997, "chi2_df": 3, "chi2_threshold": 13.931422665512084, "N_raw": 29, "N_roi": 25, "N_inlier": 24, "refit": true}
{"timestamp": "12:25:36.355152", "frame": 39, "mu": [-1.4139660671412906, 4.79098242915055, 0.818016556916987], "Sigma": [[0.026188375093464732, 0.008864024635869458, -0.02499906946255269], [0.008864024635869458, 0.004183268971330246, -0.010920776324256472], [-0.02499906946255269, -0.010920776324256472, 0.03790815392398546]], "chi2_level": 0.997, "chi2_df": 3, "chi2_threshold": 13.931422665512084, "N_raw": 16, "N_roi": 13, "N_inlier": 13, "refit": true}
{"timestamp": "12:25:36.414912", "frame": 40, "mu": [-1.3427234058944453, 4.734196658610521, 0.8249245790769343], "Sigma": [[0.034405748717467946, 0.008000051324023275, -0.018482898800986067], [0.008000051324023275, 0.004849852969829631, -0.005823745439893672], [-0.018482898800986067, -0.005823745439893672, 0.013202674171127688]], "chi2_level": 0.997, "chi2_df": 3, "chi2_threshold": 13.931422665512084, "N_raw": 46, "N_roi": 41, "N_inlier": 41, "refit": true}
{"timestamp": "12:25:36.473235", "frame": 41, "mu": [-1.3145429032723144, 4.710168592711405, -0.9974876921864513], "Sigma": [[0.03874322271093192, 0.004752684784833009, 0.06115067757082865], [0.004752684784833009, 0.003627047500270408, 0.010664701902000459], [0.06115067757082865, 0.010664701902000457, 0.23740409926079536]], "chi2_level": 0.997, "chi2_df": 3, "chi2_threshold": 13.931422665512084, "N_raw": 69, "N_roi": 66, "N_inlier": 65, "refit": true}
{"timestamp": "12:25:36.522887", "frame": 42, "mu": [-1.3154353788432054, 4.672220750770408, 0.700253133171109], "Sigma": [[0.02162431904662556, 0.00419351245511192, -0.005750439695184636], [0.00419351245511192, 0.0029897489963202654, -0.00161326594582956], [-0.005750439695184637, -0.00161326594582956, 0.00303485441436307]], "chi2_level": 0.997, "chi2_df": 3, "chi2_threshold": 13.931422665512084, "N_raw": 32, "N_roi": 26, "N_inlier": 25, "refit": true}
{"timestamp": "12:25:36.578030", "frame": 43, "mu": [-1.17530160592757, 4.642803344977699, 0.6883418080902814], "Sigma": [[0.02086990728575064, 0.004556195428735432, -0.002951589262106931], [0.004556195428735432, 0.0028159295937358535, -0.0017166703741201379], [-0.002951589262106931, -0.0017166703741201379, 0.0029961953496362025]], "chi2_level": 0.997, "chi2_df": 3, "chi2_threshold": 13.931422665512084, "N_raw": 29, "N_roi": 26, "N_inlier": 25, "refit": true}
{"timestamp": "12:25:36.634651", "frame": 44, "mu": [-1.105149683543828, 4.553795579701162, 0.589491638071618], "Sigma": [[0.022038515763415048, -0.0006840462095698645, -0.019130518103271807], [-0.0006840462095698645, 0.000807870895793257, -0.0023068675378267707], [-0.019130518103271807, -0.0023068675378267707, 0.05060435332296697]], "chi2_level": 0.997, "chi2_df": 3, "chi2_threshold": 13.931422665512084, "N_raw": 47, "N_roi": 44, "N_inlier": 44, "refit": true}
{"timestamp": "12:25:36.689744", "frame": 45, "mu": [-1.087879007049974, 4.518746318828175, 0.7889490386555811], "Sigma": [[0.02681376597346622, 0.0034173086742870775, -0.015636787151267782], [0.0034173086742870775, 0.0019555136354578915, -0.0050827877910386374], [-0.015636787151267782, -0.0050827877910386374, 0.020919084448507652]], "chi2_level": 0.997, "chi2_df": 3, "chi2_threshold": 13.931422665512084, "N_raw": 42, "N_roi": 40, "N_inlier": 40, "refit": true}
{"timestamp": "12:25:36.744892", "frame": 46, "mu": [-0.9943254603292246, 4.57001956828093, -0.17412946101268745], "Sigma": [[0.025958515278919708, 0.009714290689249724, 0.052457843600416686], [0.009714290689249722, 0.012001280782226747, 0.027036716661518984], [0.05245784360041668, 0.027036716661518984, 0.22574136263914457]], "chi2_level": 0.997, "chi2_df": 3, "chi2_threshold": 13.931422665512084, "N_raw": 49, "N_roi": 48, "N_inlier": 48, "refit": true}
{"timestamp": "12:25:36.798475", "frame": 47, "mu": [-1.0086246780774801, 4.417464184283311, 0.6396648017607667], "Sigma": [[0.019092699756706855, 0.00238065443363731, -0.009025290247955155], [0.00238065443363731, 0.00255283646849306, -0.0026183438984024947], [-0.009025290247955155, -0.0026183438984024947, 0.009431669695737053]], "chi2_level": 0.997, "chi2_df": 3, "chi2_threshold": 13.931422665512084, "N_raw": 37, "N_roi": 34, "N_inlier": 32, "refit": true}
{"timestamp": "12:25:36.853272", "frame": 48, "mu": [-0.945679377164562, 4.390364176790317, 0.8899756131306258], "Sigma": [[0.023014858165938314, 0.004096903635677593, -0.0015848717168152877], [0.004096903635677593, 0.0036460661535144857, -0.004337619660692002], [-0.0015848717168152877, -0.004337619660692002, 0.012910314066149434]], "chi2_level": 0.997, "chi2_df": 3, "chi2_threshold": 13.931422665512084, "N_raw": 40, "N_roi": 40, "N_inlier": 39, "refit": true}
{"timestamp": "12:25:36.908576", "frame": 49, "mu": [-0.9306548459135862, 4.334834390812161, 0.7658635460710006], "Sigma": [[0.02160631826618661, 0.003161262630773307, 0.0015419300892745738], [0.003161262630773307, 0.0030107000914569044, -0.0031682139444081563], [0.0015419300892745738, -0.0031682139444081563, 0.013840324098214762]], "chi2_level": 0.997, "chi2_df": 3, "chi2_threshold": 13.931422665512084, "N_raw": 40, "N_roi": 40, "N_inlier": 38, "refit": true}
{"timestamp": "12:25:36.965079", "frame": 50, "mu": [-0.9119643343417847, 4.420355915076301, -0.07619677966755055], "Sigma": [[0.02380918777555953, 0.005713077504772215, -0.0017738618047375416], [0.005713077504772215, 0.006711461290257687, -0.003880053220329003], [-0.0017738618047375416, -0.003880053220329003, 0.004873096510105285]], "chi2_level": 0.997, "chi2_df": 3, "chi2_threshold": 13.931422665512084, "N_raw": 45, "N_roi": 42, "N_inlier": 41, "refit": true}
{"timestamp": "12:25:37.081662", "frame": 52, "mu": [-0.7085513590749724, 4.237784080592471, 0.7933813289852049], "Sigma": [[0.03891780609138374, 0.0066755638495514715, -0.021085778374223683], [0.00667556384955147, 0.005294025119937396, -0.014229818493432987], [-0.021085778374223686, -0.014229818493432987, 0.0880920694222298]], "chi2_level": 0.997, "chi2_df": 3, "chi2_threshold": 13.931422665512084, "N_raw": 96, "N_roi": 96, "N_inlier": 95, "refit": true}
{"timestamp": "12:25:37.130382", "frame": 53, "mu": [-0.6741954517388618, 4.178702656885392, 0.6195767779259643], "Sigma": [[0.03261659824367356, 0.007323411413398164, -0.03955978117056799], [0.007323411413398165, 0.0068321263786561715, -0.01647277795838395], [-0.03955978117056799, -0.01647277795838395, 0.06829318135101295]], "chi2_level": 0.997, "chi2_df": 3, "chi2_threshold": 13.931422665512084, "N_raw": 45, "N_roi": 45, "N_inlier": 44, "refit": true}
{"timestamp": "12:25:37.181782", "frame": 54, "mu": [-0.6507010001775172, 4.113891150350261, 0.9990352004881041], "Sigma": [[0.021753081257135515, 0.002736594427673051, -0.024555254519378636], [0.002736594427673051, 0.0008177436774095378, -0.006267998269888875], [-0.024555254519378643, -0.0062679982698888755, 0.08624102466588679]], "chi2_level": 0.997, "chi2_df": 3, "chi2_threshold": 13.931422665512084, "N_raw": 25, "N_roi": 23, "N_inlier": 23, "refit": true}
{"timestamp": "12:25:37.238406", "frame": 55, "mu": [-0.619619349343122, 4.066035429645311, 0.9258294764505298], "Sigma": [[0.021328552980825585, 0.0030789394046432505, -0.008717524200460222], [0.00307893940464325, 0.00199432175085411, -0.004434275099587141], [-0.008717524200460222, -0.004434275099587141, 0.023055554948322017]], "chi2_level": 0.997, "chi2_df": 3, "chi2_threshold": 13.931422665512084, "N_raw": 38, "N_roi": 36, "N_inlier": 34, "refit": true}
{"timestamp": "12:25:37.297441", "frame": 56, "mu": [-0.4577595750082376, 4.009841835199089, 1.0096714467232342], "Sigma": [[0.013322952076559433, 0.0018349918137978288, -0.0007428504263050409], [0.0018349918137978288, 0.0015825361391078572, -0.0015607757605974805], [-0.0007428504263050409, -0.0015607757605974808, 0.01617749193845338]], "chi2_level": 0.997, "chi2_df": 3, "chi2_threshold": 13.931422665512084, "N_raw": 29, "N_roi": 25, "N_inlier": 22, "refit": true}
{"timestamp": "12:25:37.349360", "frame": 57, "mu": [-0.4352984195410352, 3.973087050635876, 1.0631446208201734], "Sigma": [[0.028263985523056957, 0.0035187577114475944, 0.014968424235613134], [0.0035187577114475952, 0.0025401811306262644, -0.0009178400070181175], [0.014968424235613134, -0.0009178400070181175, 0.016493822776542173]], "chi2_level": 0.997, "chi2_df": 3, "chi2_threshold": 13.931422665512084, "N_raw": 43, "N_roi": 43, "N_inlier": 41, "refit": true}
{"timestamp": "12:25:37.401963", "frame": 58, "mu": [-0.43412680126855235, 3.964863174158875, 0.7851522790190782], "Sigma": [[0.03263854703421386, 0.011718764608200599, -0.004183427691107667], [0.011718764608200597, 0.007724176392706652, -0.01366810302340073], [-0.004183427691107667, -0.01366810302340073, 0.051153546039037656]], "chi2_level": 0.997, "chi2_df": 3, "chi2_threshold": 13.931422665512084, "N_raw": 21, "N_roi": 17, "N_inlier": 17, "refit": true}
{"timestamp": "12:25:37.460250", "frame": 59, "mu": [-0.38957641120906816, 3.9225112891757954, 0.8774937952704314], "Sigma": [[0.0321311680262506, 0.005896229902348064, -0.02597403801348215], [0.005896229902348064, 0.002295372969322862, -0.0076136065586213915], [-0.02597403801348215, -0.0076136065586213915, 0.07831895211771653]], "chi2_level": 0.997, "chi2_df": 3, "chi2_threshold": 13.931422665512084, "N_raw": 48, "N_roi": 29, "N_inlier": 27, "refit": true}
{"timestamp": "12:25:37.513163", "frame": 60, "mu": [-0.3431769413183298, 3.8783846557983472, 1.0068773331557501], "Sigma": [[0.020360061367104436, -0.001345188775433811, 0.014847507349914758], [-0.001345188775433811, 0.0035331810326135957, -0.02060228454892314], [0.014847507349914756, -0.020602284548923138, 0.18516871646744792]], "chi2_level": 0.997, "chi2_df": 3, "chi2_threshold": 13.931422665512084, "N_raw": 31, "N_roi": 28, "N_inlier": 26, "refit": true}
{"timestamp": "12:25:37.568502", "frame": 61, "mu": [-0.15802007412779714, 3.8738324064816565, 1.0784296139885832], "Sigma": [[0.02462613319234539, 0.009968504683350343, -0.018920249332817926], [0.009968504683350343, 0.007996183684451551, -0.01270397672742111], [-0.018920249332817926, -0.01270397672742111, 0.027491343430697368]], "chi2_level": 0.997, "chi2_df": 3, "chi2_threshold": 13.931422665512084, "N_raw": 40, "N_roi": 40, "N_inlier": 39, "refit": true}
{"timestamp": "12:25:37.627283", "frame": 62, "mu": [-0.17005926115667397, 3.7744216066588714, 0.9415773850296846], "Sigma": [[0.02273197293014976, 0.0013885172941374307, 0.0021774756706992478], [0.0013885172941374307, 0.0029105294630217848, -0.0075833801477365], [0.002177475670699247, -0.0075833801477365, 0.034250245668430296]], "chi2_level": 0.997, "chi2_df": 3, "chi2_threshold": 13.931422665512084, "N_raw": 65, "N_roi": 65, "N_inlier": 64, "refit": true}
{"timestamp": "12:25:37.675678", "frame": 63, "mu": [-0.09330172789677292, 3.9336704426639684, -0.4013850631393118], "Sigma": [[0.01775353061050912, 0.00642391536713291, -0.002806317713833074], [0.00642391536713291, 0.003801438031943173, -0.003734468975904788], [-0.0028063177138330734, -0.003734468975904788, 0.016326332533721268]], "chi2_level": 0.997, "chi2_df": 3, "chi2_threshold": 13.931422665512084, "N_raw": 20, "N_roi": 20, "N_inlier": 18, "refit": true}
{"timestamp": "12:25:37.737193", "frame": 64, "mu": [0.10420539065937016, 3.733693508065985, -0.9086654418996295], "Sigma": [[0.018241623383842158, 0.008099278899133238, 0.022402578413216648], [0.008099278899133238, 0.016526598173746722, 0.0038906545401290907], [0.022402578413216648, 0.003890654540129092, 0.1545791461967627]], "chi2_level": 0.997, "chi2_df": 3, "chi2_threshold": 13.931422665512084, "N_raw": 64, "N_roi": 64, "N_inlier": 64, "refit": true}
{"timestamp": "12:25:37.787932", "frame": 65, "mu": [0.015490988756585198, 3.5717098590191103, 1.1768520287179296], "Sigma": [[0.011481876619944773, -0.0022061004051705012, 0.002909728310690422], [-0.0022061004051705017, 0.0026530321881849317, -0.008729111737177787], [0.002909728310690422, -0.008729111737177787, 0.09776370633637349]], "chi2_level": 0.997, "chi2_df": 3, "chi2_threshold": 13.931422665512084, "N_raw": 28, "N_roi": 28, "N_inlier": 26, "refit": true}
{"timestamp": "12:25:37.844792", "frame": 66, "mu": [0.010909605458313843, 3.621155627451758, 0.07194363466299111], "Sigma": [[0.0144936088649946, -0.002573494410005107, 0.00725718182542372], [-0.0025734944100051075, 0.004922152145809023, -0.009424359184622203], [0.007257181825423721, -0.009424359184622203, 0.023611109052621922]], "chi2_level": 0.997, "chi2_df": 3, "chi2_threshold": 13.931422665512084, "N_raw": 46, "N_roi": 46, "N_inlier": 43, "refit": true}
{"timestamp": "12:25:37.899768", "frame": 67, "mu": [0.013970961440875692, 3.4546181823328697, 0.8533653875426805], "Sigma": [[0.011982206348155085, -0.00015768697717139315, -0.0025411220716370173], [-0.00015768697717139315, 0.001807959274462734, -0.0001927686383813112], [-0.002541122071637018, -0.0001927686383813113, 0.05526861041180962]], "chi2_level": 0.997, "chi2_df": 3, "chi2_threshold": 13.931422665512084, "N_raw": 46, "N_roi": 46, "N_inlier": 45, "refit": true}
{"timestamp": "12:25:37.959930", "frame": 68, "mu": [0.11661098405778869, 3.6496540605377725, -0.09194003775593346], "Sigma": [[0.03249651088277693, 0.0173933013272845, -9.503959740921031e-05], [0.017393301327284498, 0.023201440623379355, -0.005376596646841109], [-9.503959740921031e-05, -0.005376596646841109, 0.008981827087809124]], "chi2_level": 0.997, "chi2_df": 3, "chi2_threshold": 13.931422665512084, "N_raw": 81, "N_roi": 81, "N_inlier": 78, "refit": true}
{"timestamp": "12:25:38.011937", "frame": 69, "mu": [0.1145105775298427, 3.3611070121447266, 1.0298552965391619], "Sigma": [[0.017063614909549572, 0.0014833317367589592, 0.013185875337026304], [0.0014833317367589592, 0.0029883109523973425, -0.002044543265904024], [0.013185875337026306, -0.002044543265904024, 0.024556338392280358]], "chi2_level": 0.997, "chi2_df": 3, "chi2_threshold": 13.931422665512084, "N_raw": 56, "N_roi": 56, "N_inlier": 54, "refit": true}
{"timestamp": "12:25:38.067739", "frame": 70, "mu": [0.2513443276532842, 3.3453144005981312, 1.072439248139696], "Sigma": [[0.01877611075384235, 0.0027928377314704288, -0.0045011936895983234], [0.002792837731470429, 0.0055916166940444675, -0.016717313255914266], [-0.0045011936895983234, -0.016717313255914266, 0.10147157376411778]], "chi2_level": 0.997, "chi2_df": 3, "chi2_threshold": 13.931422665512084, "N_raw": 66, "N_roi": 64, "N_inlier": 62, "refit": true}
{"timestamp": "12:25:38.122785", "frame": 71, "mu": [0.19466135338534712, 3.2545578779650945, 1.095363288209428], "Sigma": [[0.02055205971028055, 0.0028572464075662836, 0.00879759495681776], [0.0028572464075662845, 0.005344769245764289, -0.0003799497069374736], [0.00879759495681776, -0.00037994970693747365, 0.009982999580343344]], "chi2_level": 0.997, "chi2_df": 3, "chi2_threshold": 13.931422665512084, "N_raw": 63, "N_roi": 63, "N_inlier": 60, "refit": true}
{"timestamp": "12:25:38.176882", "frame": 72, "mu": [0.2592066308318886, 3.305341012383732, -0.16154749399288368], "Sigma": [[0.01760013034424354, 0.0028786145227862334, 0.009971951566498969], [0.0028786145227862334, 0.009599586190422832, 0.005053557107906642], [0.009971951566498969, 0.005053557107906642, 0.0719938112109736]], "chi2_level": 0.997, "chi2_df": 3, "chi2_threshold": 13.931422665512084, "N_raw": 59, "N_roi": 56, "N_inlier": 54, "refit": true}
{"timestamp": "12:25:38.230845", "frame": 73, "mu": [0.43838231984207743, 3.1965679107439073, 0.9454823290062097], "Sigma": [[0.025408005020627168, 0.004990306850191594, -0.04383001229100171], [0.004990306850191594, 0.006706836781350286, -0.01576411736223803], [-0.04383001229100171, -0.015764117362238032, 0.11422820896844972]], "chi2_level": 0.997, "chi2_df": 3, "chi2_threshold": 13.931422665512084, "N_raw": 53, "N_roi": 53, "N_inlier": 51, "refit": true}
{"timestamp": "12:25:38.287283", "frame": 74, "mu": [0.3896119386196938, 3.1188866382412144, 1.1396583461079495], "Sigma": [[0.01975195956885348, 0.000591476140288716, 0.002722995155146804], [0.0005914761402887159, 0.0050493231387548606, -0.0016319915552536197], [0.002722995155146804, -0.0016319915552536197, 0.01172190042214064]], "chi2_level": 0.997, "chi2_df": 3, "chi2_threshold": 13.931422665512084, "N_raw": 66, "N_roi": 65, "N_inlier": 63, "refit": true}
{"timestamp": "12:25:38.338835", "frame": 75, "mu": [0.4283411890445045, 3.1755868526441704, -0.15468184462827567], "Sigma": [[0.013972243750745112, 0.0018952583003584691, 0.0236969935226796], [0.0018952583003584691, 0.005515876301883553, 0.01079115468078549], [0.0236969935226796, 0.01079115468078549, 0.07943281377544141]], "chi2_level": 0.997, "chi2_df": 3, "chi2_threshold": 13.931422665512084, "N_raw": 41, "N_roi": 41, "N_inlier": 41, "refit": true}
{"timestamp": "12:25:38.393846", "frame": 76, "mu": [0.4837724870595778, 3.214063204866143, -0.34063379683181255], "Sigma": [[0.01728735294493084, 0.011301012644124, -0.02046167713184432], [0.011301012644124, 0.018918871395295397, -0.0420378457976022], [-0.02046167713184432, -0.0420378457976022, 0.14508260187463382]], "chi2_level": 0.997, "chi2_df": 3, "chi2_threshold": 13.931422665512084, "N_raw": 37, "N_roi": 37, "N_inlier": 36, "refit": true}
{"timestamp": "12:25:38.452471", "frame": 77, "mu": [0.530576025092646, 3.0115019473729583, -0.72565334170131], "Sigma": [[0.015253134179751241, 0.003755471068138657, 0.03246000252636975], [0.003755471068138657, 0.005972620040209534, 0.012466020368420441], [0.03246000252636975, 0.012466020368420443, 0.13410397681056396]], "chi2_level": 0.997, "chi2_df": 3, "chi2_threshold": 13.931422665512084, "N_raw": 64, "N_roi": 64, "N_inlier": 61, "refit": true}
{"timestamp": "12:25:38.508959", "frame": 78, "mu": [0.6231780039738825, 2.9618212145073257, 1.0673027129395953], "Sigma": [[0.017753824080285148, -0.0022950425857987664, -0.0069471486223613545], [-0.0022950425857987664, 0.003449531903269175, -0.006554661018376149], [-0.0069471486223613545, -0.006554661018376149, 0.027646226955651484]], "chi2_level": 0.997, "chi2_df": 3, "chi2_threshold": 13.931422665512084, "N_raw": 70, "N_roi": 70, "N_inlier": 68, "refit": true}
{"timestamp": "12:25:38.563484", "frame": 79, "mu": [0.6342712482775835, 2.906819119866943, 0.7633615110219839], "Sigma": [[0.06230362410646943, 0.0030190752485299358, -0.005798320541767753], [0.003019075248529935, 0.004190402967488342, -0.004626549638947271], [-0.005798320541767752, -0.004626549638947271, 0.017491300829508595]], "chi2_level": 0.997, "chi2_df": 3, "chi2_threshold": 13.931422665512084, "N_raw": 73, "N_roi": 73, "N_inlier": 70, "refit": true}
{"timestamp": "12:25:38.619568", "frame": 80, "mu": [0.7114581872293311, 2.8370584991218304, 0.9732944480680367], "Sigma": [[0.016519154894753724, -0.003936881248396872, -0.001937513202679933], [-0.003936881248396872, 0.002451934061826864, -0.005479026078430227], [-0.0019375132026799337, -0.005479026078430227, 0.05809780393747789]], "chi2_level": 0.997, "chi2_df": 3, "chi2_threshold": 13.931422665512084, "N_raw": 76, "N_roi": 76, "N_inlier": 71, "refit": true}
{"timestamp": "12:25:38.670937", "frame": 81, "mu": [0.6822724077919516, 2.7892507553407992, 0.7547552058383461], "Sigma": [[0.013494813730494588, -0.0024630855746808197, 0.003867907077794399], [-0.00246308557468082, 0.0017491167930101489, -0.0029294749031987073], [0.0038679070777943993, -0.0029294749031987073, 0.018120086974597927]], "chi2_level": 0.997, "chi2_df": 3, "chi2_threshold": 13.931422665512084, "N_raw": 52, "N_roi": 49, "N_inlier": 47, "refit": true}
{"timestamp": "12:25:38.720825", "frame": 82, "mu": [0.7476016065259683, 2.7258417479496653, 0.8214289857872566], "Sigma": [[0.005872106580159049, -0.0004773852486163543, -0.007665834681146672], [-0.00047738524861635427, 0.0006236316435669488, -8.703393949961572e-05], [-0.00766583468114667, -8.703393949961572e-05, 0.16481592804640696]], "chi2_level": 0.997, "chi2_df": 3, "chi2_threshold": 13.931422665512084, "N_raw": 15, "N_roi": 12, "N_inlier": 11, "refit": true}
{"timestamp": "12:25:38.778795", "frame": 83, "mu": [0.846810475884691, 2.6732648759724924, 1.0103268859739594], "Sigma": [[0.010871568863857537, -0.002886537699162242, 0.018997582531025327], [-0.002886537699162242, 0.0018461671558174066, -0.002992985397469277], [0.018997582531025327, -0.002992985397469277, 0.13748813911600266]], "chi2_level": 0.997, "chi2_df": 3, "chi2_threshold": 13.931422665512084, "N_raw": 39, "N_roi": 39, "N_inlier": 37, "refit": true}
{"timestamp": "12:25:38.831848", "frame": 84, "mu": [1.0579874087763186, 2.576119353336053, 0.9033678903900974], "Sigma": [[0.007035308392447593, -0.004684016558676104, 0.01606657446661246], [-0.004684016558676104, 0.012942018930306552, -0.022246444839855495], [0.01606657446661246, -0.022246444839855502, 0.4016106755537961]], "chi2_level": 0.997, "chi2_df": 3, "chi2_threshold": 13.931422665512084, "N_raw": 20, "N_roi": 20, "N_inlier": 20, "refit": true}
{"timestamp": "12:25:38.888202", "frame": 85, "mu": [1.0517494919113763, 2.52454330024465, 1.2252818239286514], "Sigma": [[0.009953099216456209, -0.0014453577898476768, 0.00459086666584677], [-0.0014453577898476768, 0.002068065715907496, -0.002568151639541905], [0.00459086666584677, -0.0025681516395419054, 0.006693828887016649]], "chi2_level": 0.997, "chi2_df": 3, "chi2_threshold": 13.931422665512084, "N_raw": 41, "N_roi": 41, "N_inlier": 38, "refit": true}
{"timestamp": "12:25:38.941551", "frame": 86, "mu": [1.0606687337788268, 2.46729567963803, 0.7245335909049516], "Sigma": [[0.013706185536722747, 0.0034146993268277595, 0.0015050711729503534], [0.0034146993268277586, 0.004028135453863551, 0.0010211470417799012], [0.0015050711729503539, 0.0010211470417799007, 0.11002014701602954]], "chi2_level": 0.997, "chi2_df": 3, "chi2_threshold": 13.931422665512084, "N_raw": 22, "N_roi": 19, "N_inlier": 19, "refit": true}
{"timestamp": "12:25:38.995919", "frame": 87, "mu": [1.0645620015604471, 2.398206166886404, 0.9479319091970186], "Sigma": [[0.003379069472311773, -2.8192275976260498e-05, 0.002139862655738393], [-2.819227597626047e-05, 0.0003854899098223882, -0.002097197341647233], [0.002139862655738393, -0.002097197341647233, 0.024319934594138615]], "chi2_level": 0.997, "chi2_df": 3, "chi2_threshold": 13.931422665512084, "N_raw": 15, "N_roi": 14, "N_inlier": 13, "refit": true}
{"timestamp": "12:25:39.055811", "frame": 88, "mu": [1.1076778323696959, 2.327120304099067, 1.0514767958845666], "Sigma": [[0.01059028378497494, -0.0008139247889428147, 0.006555435924662121], [-0.0008139247889428148, 0.0023483328767235335, -0.004131470789966887], [0.00655543592466212, -0.004131470789966887, 0.015880458844491484]], "chi2_level": 0.997, "chi2_df": 3, "chi2_threshold": 13.931422665512084, "N_raw": 55, "N_roi": 55, "N_inlier": 51, "refit": true}
{"timestamp": "12:25:39.111831", "frame": 89, "mu": [1.153514743138377, 2.1330414099645467, 0.8249004410543059], "Sigma": [[0.0140815237298754, -0.0023883354098100835, 0.0020014086705369485], [-0.0023883354098100835, 0.004167895571269372, 0.005851223190548725], [0.0020014086705369494, 0.005851223190548724, 0.03435076820472045]], "chi2_level": 0.997, "chi2_df": 3, "chi2_threshold": 13.931422665512084, "N_raw": 57, "N_roi": 57, "N_inlier": 54, "refit": true}
{"timestamp": "12:25:39.164744", "frame": 90, "mu": [1.1766578721888055, 2.1394027207917437, 0.9185859100844217], "Sigma": [[0.015283145956103495, -0.011115680857953779, -0.025516377370333725], [-0.011115680857953779, 0.012318244135251377, 0.009344266508035298], [-0.025516377370333725, 0.009344266508035298, 0.0721696687203634]], "chi2_level": 0.997, "chi2_df": 3, "chi2_threshold": 13.931422665512084, "N_raw": 48, "N_roi": 48, "N_inlier": 46, "refit": true}
{"timestamp": "12:25:39.222785", "frame": 91, "mu": [1.2084402665548393, 2.173830900350894, 1.1004175907323772], "Sigma": [[0.012166028149290218, -0.0035267895089108195, -0.0018788950822594464], [-0.0035267895089108195, 0.01415378516476035, 0.006845662004332946], [-0.0018788950822594464, 0.006845662004332947, 0.005755346080156332]], "chi2_level": 0.997, "chi2_df": 3, "chi2_threshold": 13.931422665512084, "N_raw": 66, "N_roi": 66, "N_inlier": 64, "refit": true}
{"timestamp": "12:25:39.278183", "frame": 92, "mu": [1.2015530088992907, 2.143077221320463, 1.0939498355656307], "Sigma": [[0.014479647924533278, -0.00606936648814475, -0.004377780493372627], [-0.00606936648814475, 0.011430728497609023, 0.004293564542624565], [-0.004377780493372627, 0.004293564542624565, 0.0027167883684817754]], "chi2_level": 0.997, "chi2_df": 3, "chi2_threshold": 13.931422665512084, "N_raw": 64, "N_roi": 64, "N_inlier": 61, "refit": true}
{"timestamp": "12:25:39.330784", "frame": 93, "mu": [1.2519110104663198, 2.0494579621208544, 1.0216193090938268], "Sigma": [[0.011425266024207233, -0.005711710617820142, -0.0030123151734250428], [-0.005711710617820143, 0.006563903028350045, 0.0002482266589866874], [-0.0030123151734250428, 0.00024822665898668753, 0.0020002885396285357]], "chi2_level": 0.997, "chi2_df": 3, "chi2_threshold": 13.931422665512084, "N_raw": 49, "N_roi": 49, "N_inlier": 45, "refit": true}
{"timestamp": "12:25:39.384065", "frame": 94, "mu": [1.3117813110588283, 2.0518403085106494, 1.1118295231423763], "Sigma": [[0.011259790119259863, -0.00647120864923737, -0.005901141376513465], [-0.00647120864923737, 0.007759597181244423, 0.0023150144597024764], [-0.005901141376513465, 0.0023150144597024764, 0.004156019633379846]], "chi2_level": 0.997, "chi2_df": 3, "chi2_threshold": 13.931422665512084, "N_raw": 45, "N_roi": 45, "N_inlier": 43, "refit": true}
{"timestamp": "12:25:39.436436", "frame": 95, "mu": [1.4201559922051608, 2.0837083256163713, 1.0407442767686734], "Sigma": [[0.0201982181196772, -0.0036815267884082042, -0.04959211100889052], [-0.0036815267884082042, 0.0075835167526698355, 0.02262599578349049], [-0.04959211100889052, 0.02262599578349049, 0.19481275692585734]], "chi2_level": 0.997, "chi2_df": 3, "chi2_threshold": 13.931422665512084, "N_raw": 24, "N_roi": 24, "N_inlier": 23, "refit": true}
{"timestamp": "12:25:39.492488", "frame": 96, "mu": [1.4470849783681572, 1.8830891279631403, 0.8174121238244354], "Sigma": [[0.00798517064082166, -0.00482113930402114, -0.002566678968218814], [-0.00482113930402114, 0.005682887057643526, 0.00037886109510572015], [-0.0025666789682188135, 0.00037886109510572, 0.002331679102150073]], "chi2_level": 0.997, "chi2_df": 3, "chi2_threshold": 13.931422665512084, "N_raw": 34, "N_roi": 34, "N_inlier": 33, "refit": true}
{"timestamp": "12:25:39.839332", "frame": 102, "mu": [1.8626671162414548, 1.7973105004923011, 0.8218804207015689], "Sigma": [[0.04392080265419464, -0.007121934184166519, -0.04433416720800376], [-0.0071219341841665205, 0.009685516330267551, 0.02461364548765433], [-0.04433416720800376, 0.02461364548765433, 0.21520231163854128]], "chi2_level": 0.997, "chi2_df": 3, "chi2_threshold": 13.931422665512084, "N_raw": 11, "N_roi": 11, "N_inlier": 11, "refit": true}
{"timestamp": "12:25:40.315350", "frame": 111, "mu": [2.115769645023179, 1.4073663274430812, -0.32831556033241893], "Sigma": [[0.00596752227001683, -0.0027968747135928684, 0.0008537443754066975], [-0.0027968747135928684, 0.0053110874150842785, 0.0008461398346630022], [0.0008537443754066974, 0.0008461398346630022, 0.0009450544259400774]], "chi2_level": 0.997, "chi2_df": 3, "chi2_threshold": 13.931422665512084, "N_raw": 16, "N_roi": 16, "N_inlier": 16, "refit": true}
