{"timestamp": "11:59:24.616533", "frame": 13, "mu": [-2.3719335986331407, 3.5774163496577245, 0.13190261230129913], "Sigma": [[0.005052911199170131, 8.451978186643097e-05, -0.006218204234687741], [8.451978186643106e-05, 0.0012276528253147513, -0.0016397252967110295], [-0.006218204234687741, -0.0016397252967110297, 0.012519292737943636]], "chi2_level": 0.997, "chi2_df": 3, "chi2_threshold": 13.931422665512084, "N_raw": 101, "N_roi": 15, "N_inlier": 15, "refit": true}
{"timestamp": "11:59:24.669076", "frame": 14, "mu": [-2.3696895326312233, 3.6022386654963414, 0.23711291818210017], "Sigma": [[0.0061681557238668465, 0.0018314280920857197, -0.004426596686521401], [0.0018314280920857197, 0.0026643592279980144, -0.004164734074577355], [-0.0044265966865214, -0.004164734074577355, 0.00899336306503177]], "chi2_level": 0.997, "chi2_df": 3, "chi2_threshold": 13.931422665512084, "N_raw": 89, "N_roi": 20, "N_inlier": 20, "refit": true}
{"timestamp": "11:59:25.046957", "frame": 21, "mu": [-2.405649681132111, 3.253488024644035, 1.1971762885378598], "Sigma": [[0.004070775518712479, 0.0021882008039080317, 0.0007253847737857639], [0.0021882008039080317, 0.0016616112965071185, -0.0017677221425582306], [0.0007253847737857639, -0.0017677221425582306, 0.01106147977290207]], "chi2_level": 0.997, "chi2_df": 3, "chi2_threshold": 13.931422665512084, "N_raw": 26, "N_roi": 12, "N_inlier": 11, "refit": true}
{"timestamp": "11:59:25.107780", "frame": 22, "mu": [-2.3539035759054956, 3.2643741553291443, 1.0283218447858704], "Sigma": [[0.008606745420859447, 0.0023621382885873204, -0.0005706598562053945], [0.0023621382885873204, 0.004330203738098983, -0.007882750687496892], [-0.0005706598562053944, -0.007882750687496892, 0.02034586966009779]], "chi2_level": 0.997, "chi2_df": 3, "chi2_threshold": 13.931422665512084, "N_raw": 59, "N_roi": 34, "N_inlier": 34, "refit": true}
{"timestamp": "11:59:25.325753", "frame": 26, "mu": [-2.240962865862593, 3.122037323550063, 1.1125336405620616], "Sigma": [[0.01424818811599105, 0.0061477588530908945, -0.007823449046618611], [0.006147758853090894, 0.005309658618643479, -0.011264591852543249], [-0.007823449046618613, -0.011264591852543247, 0.03329589271544276]], "chi2_level": 0.997, "chi2_df": 3, "chi2_threshold": 13.931422665512084, "N_raw": 44, "N_roi": 43, "N_inlier": 43, "refit": true}
{"timestamp": "11:59:25.377673", "frame": 27, "mu": [-2.161173940247437, 3.2232064322035643, 0.8798673688036217], "Sigma": [[0.005826627144278989, 0.002002485869005164, -0.0023989492532016446], [0.002002485869005164, 0.004311893236650199, -0.008712826188947236], [-0.0023989492532016446, -0.008712826188947236, 0.02381870087638929]], "chi2_level": 0.997, "chi2_df": 3, "chi2_threshold": 13.931422665512084, "N_raw": 19, "N_roi": 19, "N_inlier": 18, "refit": true}
{"timestamp": "11:59:25.493784", "frame": 29, "mu": [-2.1424060262977966, 2.986773088528374, 1.083902916153394], "Sigma": [[0.020332116415002932, 0.00803516456451932, -0.007474020051009238], [0.00803516456451932, 0.007500755582674719, -0.01181827605759627], [-0.007474020051009239, -0.011818276057596267, 0.024562964381320468]], "chi2_level": 0.997, "chi2_df": 3, "chi2_threshold": 13.931422665512084, "N_raw": 63, "N_roi": 63, "N_inlier": 62, "refit": true}
{"timestamp": "11:59:25.545242", "frame": 30, "mu": [-2.098656806416603, 2.9642128039519746, 1.0898200624576233], "Sigma": [[0.01751254978628755, 0.009705063270081625, -0.010507560535374175], [0.009705063270081625, 0.010720397619102203, -0.009110606795786017], [-0.010507560535374173, -0.009110606795786017, 0.00963855108712077]], "chi2_level": 0.997, "chi2_df": 3, "chi2_threshold": 13.931422665512084, "N_raw": 40, "N_roi": 40, "N_inlier": 38, "refit": true}
{"timestamp": "11:59:25.602153", "frame": 31, "mu": [-2.05107004963702, 2.892686836779621, 1.1440693907107764], "Sigma": [[0.019318246419516013, 0.007882978034388036, -0.008347650940067257], [0.007882978034388036, 0.007348139237615045, -0.009139684085218647], [-0.008347650940067257, -0.009139684085218647, 0.014182101677141288]], "chi2_level": 0.997, "chi2_df": 3, "chi2_threshold": 13.931422665512084, "N_raw": 50, "N_roi": 50, "N_inlier": 48, "refit": true}
{"timestamp": "11:59:25.656412", "frame": 32, "mu": [-2.126083249489348, 2.906622223072291, -0.05119949888422527], "Sigma": [[0.023934065347341597, 0.011595721853164827, -0.011670828717764682], [0.011595721853164827, 0.008999598035037467, -0.007079093794224427], [-0.011670828717764682, -0.007079093794224427, 0.008151915680449711]], "chi2_level": 0.997, "chi2_df": 3, "chi2_threshold": 13.931422665512084, "N_raw": 47, "N_roi": 43, "N_inlier": 40, "refit": true}
{"timestamp": "11:59:25.711515", "frame": 33, "mu": [-2.0539447675055698, 2.799024477967702, 1.1648763081964595], "Sigma": [[0.021003767527569536, 0.00609771945853598, -0.013088771156598275], [0.00609771945853598, 0.005919822660740458, -0.006234245781732687], [-0.013088771156598275, -0.006234245781732687, 0.01193393087144574]], "chi2_level": 0.997, "chi2_df": 3, "chi2_threshold": 13.931422665512084, "N_raw": 50, "N_roi": 50, "N_inlier": 49, "refit": true}
{"timestamp": "11:59:25.766885", "frame": 34, "mu": [-1.939686771512515, 2.781104269294406, 1.117106845400994], "Sigma": [[0.018451161870954844, 0.006986496729680825, -0.004104917997337892], [0.006986496729680825, 0.005258570706587934, -0.006835785905740079], [-0.004104917997337892, -0.006835785905740078, 0.014867564274298178]], "chi2_level": 0.997, "chi2_df": 3, "chi2_threshold": 13.931422665512084, "N_raw": 53, "N_roi": 53, "N_inlier": 51, "refit": true}
{"timestamp": "11:59:25.817526", "frame": 35, "mu": [-1.7620581478392179, 2.908186536156984, 0.6385447631090426], "Sigma": [[0.015021958647191821, 0.008181958890383458, -0.015311415434065254], [0.008181958890383458, 0.007087263490295643, -0.01316411393038013], [-0.015311415434065253, -0.01316411393038013, 0.027115142688836733]], "chi2_level": 0.997, "chi2_df": 3, "chi2_threshold": 13.931422665512084, "N_raw": 26, "N_roi": 26, "N_inlier": 25, "refit": true}
{"timestamp": "11:59:25.877933", "frame": 36, "mu": [-1.8017780978856968, 2.911161646526552, -0.13219983306356467], "Sigma": [[0.011508823069770564, 0.00652909208125814, -0.006836048113794149], [0.00652909208125814, 0.017613013195454302, -0.02982553071097812], [-0.00683604811379415, -0.02982553071097812, 0.05560811645422208]], "chi2_level": 0.997, "chi2_df": 3, "chi2_threshold": 13.931422665512084, "N_raw": 58, "N_roi": 58, "N_inlier": 58, "refit": true}
{"timestamp": "11:59:25.931505", "frame": 37, "mu": [-1.7851966705138582, 2.7277214076515457, 1.1809438738975406], "Sigma": [[0.015443333585341416, 0.0065102942610750425, -0.010718660080794438], [0.006510294261075042, 0.006076704953378497, -0.012437711038020285], [-0.010718660080794438, -0.012437711038020285, 0.03383082786575969]], "chi2_level": 0.997, "chi2_df": 3, "chi2_threshold": 13.931422665512084, "N_raw": 41, "N_roi": 41, "N_inlier": 39, "refit": true}
{"timestamp": "11:59:26.037528", "frame": 39, "mu": [-1.709026963847154, 2.634064373185337, 1.1260835420613222], "Sigma": [[0.010446229025716914, 0.004607211375011276, -0.005651838603019637], [0.004607211375011277, 0.003852844324443126, -0.004314777495339084], [-0.005651838603019637, -0.004314777495339084, 0.009047039781253244]], "chi2_level": 0.997, "chi2_df": 3, "chi2_threshold": 13.931422665512084, "N_raw": 26, "N_roi": 26, "N_inlier": 25, "refit": true}
{"timestamp": "11:59:26.097078", "frame": 40, "mu": [-1.6380638975977124, 2.596856561044644, 1.1562931157468126], "Sigma": [[0.01673746672693593, 0.004695579017958062, -0.0015397470059790163], [0.004695579017958062, 0.0029558355329698267, -0.005726109905089776], [-0.0015397470059790163, -0.005726109905089776, 0.019997958862251537]], "chi2_level": 0.997, "chi2_df": 3, "chi2_threshold": 13.931422665512084, "N_raw": 53, "N_roi": 53, "N_inlier": 50, "refit": true}
{"timestamp": "11:59:26.151494", "frame": 41, "mu": [-1.5271301146924467, 2.5998599364452466, 1.1507413524756895], "Sigma": [[0.015237806549642819, 0.0029086500925289737, -0.00138275685638847], [0.0029086500925289737, 0.0018656363553114104, -0.004809427554956508], [-0.00138275685638847, -0.004809427554956508, 0.01979748362222257]], "chi2_level": 0.997, "chi2_df": 3, "chi2_threshold": 13.931422665512084, "N_raw": 49, "N_roi": 49, "N_inlier": 49, "refit": true}
{"timestamp": "11:59:26.208994", "frame": 42, "mu": [-1.523433180947042, 2.5952664658572084, 0.9964476130936505], "Sigma": [[0.017733146203809017, 0.00755144298447594, -0.02321337821208825], [0.0075514429844759385, 0.006861358692945561, -0.02015161888336419], [-0.023213378212088256, -0.02015161888336419, 0.07932167049179456]], "chi2_level": 0.997, "chi2_df": 3, "chi2_threshold": 13.931422665512084, "N_raw": 68, "N_roi": 68, "N_inlier": 66, "refit": true}
{"timestamp": "11:59:26.264080", "frame": 43, "mu": [-1.44584569578718, 2.583642655859703, 0.9086644687491332], "Sigma": [[0.016862375748700864, 0.0045056568051920634, -0.019748036702494996], [0.004505656805192063, 0.004508679730055964, -0.012454097378885842], [-0.019748036702494996, -0.01245409737888584, 0.05010148790126491]], "chi2_level": 0.997, "chi2_df": 3, "chi2_threshold": 13.931422665512084, "N_raw": 67, "N_roi": 67, "N_inlier": 65, "refit": true}
{"timestamp": "11:59:26.316711", "frame": 44, "mu": [-1.435671078331024, 2.6597205967693647, -0.22789810428414364], "Sigma": [[0.016534309445579105, 0.006990521289090237, -0.010445525707904918], [0.006990521289090237, 0.00826030835307314, -0.00917027628994217], [-0.010445525707904918, -0.009170276289942169, 0.013899839642078549]], "chi2_level": 0.997, "chi2_df": 3, "chi2_threshold": 13.931422665512084, "N_raw": 42, "N_roi": 42, "N_inlier": 40, "refit": true}
{"timestamp": "11:59:26.373079", "frame": 45, "mu": [-1.350219212781329, 2.51042307489741, 1.1274173584727158], "Sigma": [[0.016370955852740246, 0.0037558071037304434, -0.010161169450510757], [0.0037558071037304434, 0.004687927459145453, -0.006980985858918832], [-0.010161169450510757, -0.0069809858589188305, 0.014525061144124895]], "chi2_level": 0.997, "chi2_df": 3, "chi2_threshold": 13.931422665512084, "N_raw": 55, "N_roi": 55, "N_inlier": 51, "refit": true}
{"timestamp": "11:59:26.429650", "frame": 46, "mu": [-1.3736251009914293, 2.6767168718790644, -0.3477730874263929], "Sigma": [[0.011754008076534926, 0.003791533217640811, -0.0016547495213170605], [0.003791533217640811, 0.009047767963136616, -0.012092600802506317], [-0.0016547495213170608, -0.012092600802506319, 0.02086026346369947]], "chi2_level": 0.997, "chi2_df": 3, "chi2_threshold": 13.931422665512084, "N_raw": 64, "N_roi": 64, "N_inlier": 62, "refit": true}
{"timestamp": "11:59:26.482032", "frame": 47, "mu": [-1.238365725794028, 2.5306925125043698, 0.858146069719345], "Sigma": [[0.012904692588151039, 0.0002391952614476398, -0.0005682155015852766], [0.00023919526144763954, 0.003724672772081273, -0.005088600873057205], [-0.0005682155015852764, -0.005088600873057206, 0.01658178729076446]], "chi2_level": 0.997, "chi2_df": 3, "chi2_threshold": 13.931422665512084, "N_raw": 49, "N_roi": 49, "N_inlier": 48, "refit": true}
{"timestamp": "11:59:26.538476", "frame": 48, "mu": [-1.2160159044001284, 2.4687453291568096, 0.8856569966582701], "Sigma": [[0.01174196244744142, 0.0035024752033169584, -0.008087190149401015], [0.0035024752033169584, 0.003523260731897458, -0.010034400748463521], [-0.008087190149401015, -0.01003440074846352, 0.03626585832579354]], "chi2_level": 0.997, "chi2_df": 3, "chi2_threshold": 13.931422665512084, "N_raw": 61, "N_roi": 61, "N_inlier": 60, "refit": true}
{"timestamp": "11:59:26.587150", "frame": 49, "mu": [-1.126950216015, 2.448732191262638, 0.9050485307778386], "Sigma": [[0.010966397796144873, -0.007274107156227191, 0.015688273027293476], [-0.007274107156227191, 0.007530064444321372, -0.015602688255911133], [0.015688273027293476, -0.015602688255911133, 0.03781460318127172]], "chi2_level": 0.997, "chi2_df": 3, "chi2_threshold": 13.931422665512084, "N_raw": 14, "N_roi": 14, "N_inlier": 13, "refit": true}
{"timestamp": "11:59:26.645072", "frame": 50, "mu": [-1.029116293202811, 2.4178964477441705, 0.9101660129122988], "Sigma": [[0.018099783685227248, 0.014045600956053547, -0.008871323437552266], [0.014045600956053547, 0.013830752523065789, -0.011983510703157625], [-0.008871323437552266, -0.011983510703157625, 0.0188831932985538]], "chi2_level": 0.997, "chi2_df": 3, "chi2_threshold": 13.931422665512084, "N_raw": 42, "N_roi": 42, "N_inlier": 39, "refit": true}
{"timestamp": "11:59:26.756711", "frame": 52, "mu": [-0.9167450264412572, 2.338452167063935, 0.9256270067541683], "Sigma": [[0.023704224441710234, 0.016701962373142455, -0.017348791835570483], [0.016701962373142455, 0.015620048524410094, -0.015043145435790094], [-0.017348791835570487, -0.015043145435790094, 0.01898474001694004]], "chi2_level": 0.997, "chi2_df": 3, "chi2_threshold": 13.931422665512084, "N_raw": 58, "N_roi": 58, "N_inlier": 56, "refit": true}
{"timestamp": "11:59:26.817807", "frame": 53, "mu": [-0.9177091733121433, 2.2544966274459104, 0.9392144877193221], "Sigma": [[0.014548120841819927, 0.007673617720388975, -0.00561989969158799], [0.0076736177203889765, 0.0124475279391693, -0.013469007581322717], [-0.00561989969158799, -0.013469007581322716, 0.02578252829366924]], "chi2_level": 0.997, "chi2_df": 3, "chi2_threshold": 13.931422665512084, "N_raw": 95, "N_roi": 95, "N_inlier": 91, "refit": true}
{"timestamp": "11:59:26.869583", "frame": 54, "mu": [-0.977422420723281, 2.171509337751895, 1.1551029469507006], "Sigma": [[0.011057271817700555, -0.00019779315910825214, -0.001018124620098666], [-0.00019779315910825224, 0.0029973048919773367, -0.0055325155728708055], [-0.0010181246200986658, -0.005532515572870806, 0.019329693304499046]], "chi2_level": 0.997, "chi2_df": 3, "chi2_threshold": 13.931422665512084, "N_raw": 68, "N_roi": 68, "N_inlier": 65, "refit": true}
{"timestamp": "11:59:26.922062", "frame": 55, "mu": [-0.9854037544361188, 2.121759001739375, 1.0575114982973939], "Sigma": [[0.010144970111914982, 0.0028221246788904105, -0.003468750080163778], [0.0028221246788904105, 0.0018124542273164341, -0.005369741420813593], [-0.003468750080163778, -0.005369741420813593, 0.039613916021704366]], "chi2_level": 0.997, "chi2_df": 3, "chi2_threshold": 13.931422665512084, "N_raw": 53, "N_roi": 53, "N_inlier": 51, "refit": true}
{"timestamp": "11:59:26.977465", "frame": 56, "mu": [-0.89233702255015, 2.0888621153572524, 0.8187935785153996], "Sigma": [[0.008710140242213544, 0.0034273495252313477, 0.00044517304629727514], [0.0034273495252313477, 0.0027878179823552823, -0.0030945975836572256], [0.0004451730462972749, -0.0030945975836572256, 0.06697090757306359]], "chi2_level": 0.997, "chi2_df": 3, "chi2_threshold": 13.931422665512084, "N_raw": 57, "N_roi": 57, "N_inlier": 54, "refit": true}
{"timestamp": "11:59:27.038895", "frame": 57, "mu": [-0.8219304118068127, 2.0901078432708626, 1.0050689326638587], "Sigma": [[0.024550009016666617, 0.006845590449424709, -0.02895964387900718], [0.006845590449424709, 0.004695926044962599, -0.0177330452665363], [-0.02895964387900718, -0.0177330452665363, 0.07578044838825795]], "chi2_level": 0.997, "chi2_df": 3, "chi2_threshold": 13.931422665512084, "N_raw": 99, "N_roi": 99, "N_inlier": 96, "refit": true}
{"timestamp": "11:59:27.092698", "frame": 58, "mu": [-0.7884140872850236, 1.9778888370907164, 0.9585341009313433], "Sigma": [[0.012787301737808227, -0.00012884187621110468, 0.0021388139537874083], [-0.0001288418762111048, 0.012609919004719803, 0.004676404752789135], [0.0021388139537874083, 0.004676404752789136, 0.06107048023477729]], "chi2_level": 0.997, "chi2_df": 3, "chi2_threshold": 13.931422665512084, "N_raw": 84, "N_roi": 82, "N_inlier": 78, "refit": true}
{"timestamp": "11:59:27.150813", "frame": 59, "mu": [-0.7108897725565153, 1.9375609914420906, 0.8472504880712471], "Sigma": [[0.010570413157321797, 0.003508808943245215, 0.0006742107030673562], [0.0035088089432452146, 0.007928770749886349, -0.007226970781399839], [0.0006742107030673562, -0.007226970781399838, 0.057631668317650896]], "chi2_level": 0.997, "chi2_df": 3, "chi2_threshold": 13.931422665512084, "N_raw": 115, "N_roi": 113, "N_inlier": 111, "refit": true}
{"timestamp": "11:59:27.204792", "frame": 60, "mu": [-0.697881087105175, 1.948909723932666, 0.967572698759148], "Sigma": [[0.011588115258853346, 0.0004865484549514944, -0.0015194293334220492], [0.0004865484549514942, 0.004552780677852687, -0.007689947136958598], [-0.0015194293334220492, -0.007689947136958598, 0.025181404204885363]], "chi2_level": 0.997, "chi2_df": 3, "chi2_threshold": 13.931422665512084, "N_raw": 102, "N_roi": 102, "N_inlier": 97, "refit": true}
{"timestamp": "11:59:27.258627", "frame": 61, "mu": [-0.6661994606357937, 1.8882541543240319, 1.0105213224016725], "Sigma": [[0.014591023700004958, 0.0018030712803390775, 0.012107713803887931], [0.0018030712803390775, 0.0010162882992627647, 0.00037616736414729744], [0.012107713803887931, 0.00037616736414729744, 0.03790695683440248]], "chi2_level": 0.997, "chi2_df": 3, "chi2_threshold": 13.931422665512084, "N_raw": 90, "N_roi": 89, "N_inlier": 83, "refit": true}
{"timestamp": "11:59:27.316926", "frame": 62, "mu": [-0.56304870853615, 1.92750057456414, 1.1545162144858154], "Sigma": [[0.018343658026468104, 0.00021101492386997852, 0.017994760464351868], [0.0002110149238699784, 0.0014858810506728178, -0.0001706009578516072], [0.01799476046435187, -0.0001706009578516072, 0.0772233922057855]], "chi2_level": 0.997, "chi2_df": 3, "chi2_threshold": 13.931422665512084, "N_raw": 90, "N_roi": 90, "N_inlier": 86, "refit": true}
{"timestamp": "11:59:27.370463", "frame": 63, "mu": [-0.5378344031889354, 1.8789032453143677, 1.0501920658777035], "Sigma": [[0.017679103723693884, 0.0033516168674239065, 0.023240182573920937], [0.003351616867423907, 0.0017119191908880169, 0.004619363583477984], [0.023240182573920933, 0.004619363583477984, 0.09154206473359844]], "chi2_level": 0.997, "chi2_df": 3, "chi2_threshold": 13.931422665512084, "N_raw": 98, "N_roi": 98, "N_inlier": 92, "refit": true}
{"timestamp": "11:59:27.427752", "frame": 64, "mu": [-0.44352411561417016, 1.8731220596701752, 0.9942889388042939], "Sigma": [[0.009257462640207227, 0.0011148154896028946, 0.008164310192588207], [0.0011148154896028944, 0.0019447619758742028, -0.0012429529880496528], [0.008164310192588207, -0.0012429529880496528, 0.09983736580301301]], "chi2_level": 0.997, "chi2_df": 3, "chi2_threshold": 13.931422665512084, "N_raw": 121, "N_roi": 121, "N_inlier": 119, "refit": true}
{"timestamp": "11:59:27.480145", "frame": 65, "mu": [-0.37963676566931154, 1.9060664671953682, 1.0620932019471756], "Sigma": [[0.02085543630602582, 0.008185721296978195, -0.02207187532985337], [0.008185721296978195, 0.008023695222575717, -0.021138712783260145], [-0.02207187532985337, -0.021138712783260148, 0.07066398952490416]], "chi2_level": 0.997, "chi2_df": 3, "chi2_threshold": 13.931422665512084, "N_raw": 90, "N_roi": 90, "N_inlier": 86, "refit": true}
{"timestamp": "11:59:27.533644", "frame": 66, "mu": [-0.37981965823834907, 1.8584945077293533, 0.9411893832025058], "Sigma": [[0.029458476455248427, 0.009030021391653407, -0.011514437603974857], [0.009030021391653407, 0.004165841415800566, -0.0041946521115415], [-0.011514437603974857, -0.0041946521115415, 0.03676890575381056]], "chi2_level": 0.997, "chi2_df": 3, "chi2_threshold": 13.931422665512084, "N_raw": 90, "N_roi": 90, "N_inlier": 87, "refit": true}
{"timestamp": "11:59:27.591251", "frame": 67, "mu": [-0.2480590181248903, 1.8209873217761394, 0.8954350120770356], "Sigma": [[0.090299342080573, 0.018097198312911164, -0.022139113755049344], [0.01809719831291116, 0.005923815153849528, -0.0070060669043093965], [-0.022139113755049344, -0.0070060669043093965, 0.036362844709046854]], "chi2_level": 0.997, "chi2_df": 3, "chi2_threshold": 13.931422665512084, "N_raw": 112, "N_roi": 112, "N_inlier": 108, "refit": true}
{"timestamp": "11:59:27.650327", "frame": 68, "mu": [-0.19007642533729918, 1.8476402314682918, -1.0946570082990648], "Sigma": [[0.06468040716865886, 0.028706842115057495, 0.022678947608008822], [0.028706842115057495, 0.0345281120071677, 0.05493098634092869], [0.022678947608008822, 0.054930986340928696, 0.19020343041674584]], "chi2_level": 0.997, "chi2_df": 3, "chi2_threshold": 13.931422665512084, "N_raw": 130, "N_roi": 130, "N_inlier": 128, "refit": true}
{"timestamp": "11:59:27.699201", "frame": 69, "mu": [-0.3135500230939118, 1.7008605856326573, 0.9997185045905478], "Sigma": [[0.016645872187686876, 0.003426656319760249, 0.03547433365282684], [0.003426656319760249, 0.0044804978921866, 0.014317209905731362], [0.03547433365282684, 0.014317209905731362, 0.15169380106937072]], "chi2_level": 0.997, "chi2_df": 3, "chi2_threshold": 13.931422665512084, "N_raw": 86, "N_roi": 86, "N_inlier": 83, "refit": true}
{"timestamp": "11:59:27.749204", "frame": 70, "mu": [-0.17713931182827278, 1.7645815327341732, 0.7231092750055871], "Sigma": [[0.024652178539848288, 0.010975827382012132, 0.05672043146397631], [0.010975827382012132, 0.014568602166479388, 0.03248371262577822], [0.05672043146397631, 0.032483712625778226, 0.49664488505176224]], "chi2_level": 0.997, "chi2_df": 3, "chi2_threshold": 13.931422665512084, "N_raw": 58, "N_roi": 58, "N_inlier": 58, "refit": true}
{"timestamp": "11:59:27.807917", "frame": 71, "mu": [-0.04569868632084848, 1.7080388889540168, 1.0038366631982154], "Sigma": [[0.02855857976647212, 0.015114157535734538, 0.021163506551842834], [0.015114157535734536, 0.016615771596024807, -0.007114116877630865], [0.021163506551842834, -0.007114116877630865, 0.15601703809258843]], "chi2_level": 0.997, "chi2_df": 3, "chi2_threshold": 13.931422665512084, "N_raw": 87, "N_roi": 87, "N_inlier": 87, "refit": true}
{"timestamp": "11:59:27.872358", "frame": 72, "mu": [-0.11626618910773114, 1.862754011910957, -0.6323741358384896], "Sigma": [[0.009412255711414063, -0.00045708681227239295, 0.017598977596170913], [-0.000457086812272393, 0.024373434322545212, -0.030239521533034254], [0.017598977596170916, -0.030239521533034257, 0.3278309784619898]], "chi2_level": 0.997, "chi2_df": 3, "chi2_threshold": 13.931422665512084, "N_raw": 150, "N_roi": 150, "N_inlier": 147, "refit": true}
{"timestamp": "11:59:27.922758", "frame": 73, "mu": [-0.019733934055849806, 1.6250834439515052, 1.0295797405293403], "Sigma": [[0.030635885669074735, 0.0070629969285903385, 0.012080633386188856], [0.0070629969285903385, 0.004631908809280763, -2.9923325114521247e-05], [0.012080633386188854, -2.9923325114521735e-05, 0.10673719268397122]], "chi2_level": 0.997, "chi2_df": 3, "chi2_threshold": 13.931422665512084, "N_raw": 110, "N_roi": 108, "N_inlier": 105, "refit": true}
{"timestamp": "11:59:27.983203", "frame": 74, "mu": [-0.05153573501903091, 1.5069146309542787, -0.2133034857353095], "Sigma": [[0.01083838974605744, 0.003545680184123156, 0.10276343136939263], [0.0035456801841231562, 0.006816729789553491, 0.04276879646613842], [0.10276343136939263, 0.042768796466138424, 1.5611336194041237]], "chi2_level": 0.997, "chi2_df": 3, "chi2_threshold": 13.931422665512084, "N_raw": 150, "N_roi": 150, "N_inlier": 149, "refit": true}
{"timestamp": "11:59:28.034337", "frame": 75, "mu": [0.037962588599819096, 1.5370008051585586, -0.02669531703558873], "Sigma": [[0.02077199579435608, 0.005373021320939907, 0.14072730374440212], [0.005373021320939907, 0.010498190097084565, 0.004614995571717902], [0.14072730374440212, 0.004614995571717902, 1.3092838031640828]], "chi2_level": 0.997, "chi2_df": 3, "chi2_threshold": 13.931422665512084, "N_raw": 117, "N_roi": 117, "N_inlier": 114, "refit": true}
{"timestamp": "11:59:28.081688", "frame": 76, "mu": [0.0888949136461289, 1.567368057894848, -0.26339658129599175], "Sigma": [[0.00853288247557186, -0.0028683143368723237, 0.015794083958885825], [-0.002868314336872323, 0.004888250552853557, -0.01117041417102757], [0.015794083958885825, -0.011170414171027572, 0.04991794227594458]], "chi2_level": 0.997, "chi2_df": 3, "chi2_threshold": 13.931422665512084, "N_raw": 72, "N_roi": 72, "N_inlier": 68, "refit": true}
{"timestamp": "11:59:28.139726", "frame": 77, "mu": [0.15851946527206287, 1.4181190104416392, 1.3665574443145183], "Sigma": [[0.005556299626815867, 0.0008965862850110005, 0.0034796945264090025], [0.0008965862850110007, 0.004093200565515746, -0.0017943821836338147], [0.0034796945264090025, -0.0017943821836338147, 0.04404650682524082]], "chi2_level": 0.997, "chi2_df": 3, "chi2_threshold": 13.931422665512084, "N_raw": 100, "N_roi": 100, "N_inlier": 97, "refit": true}
{"timestamp": "11:59:28.199474", "frame": 78, "mu": [0.11770410167804041, 1.3997242643559622, 1.2166830184861928], "Sigma": [[0.009427358309875745, 0.00011977536841752552, 0.01303021598894202], [0.00011977536841752562, 0.0058449188901019645, 0.007988008733701491], [0.013030215988942018, 0.007988008733701491, 0.0728931742541093]], "chi2_level": 0.997, "chi2_df": 3, "chi2_threshold": 13.931422665512084, "N_raw": 125, "N_roi": 124, "N_inlier": 120, "refit": true}
{"timestamp": "11:59:28.245306", "frame": 79, "mu": [0.18906146619351544, 1.427784563074627, 1.4058269851099954], "Sigma": [[0.0032404079883637145, -0.0014886409841790955, 0.0010921173631398956], [-0.0014886409841790955, 0.003694952331456788, -0.004907097713301585], [0.0010921173631398956, -0.004907097713301585, 0.007649221906888211]], "chi2_level": 0.997, "chi2_df": 3, "chi2_threshold": 13.931422665512084, "N_raw": 64, "N_roi": 63, "N_inlier": 59, "refit": true}
{"timestamp": "11:59:28.301550", "frame": 80, "mu": [0.22226548893102674, 1.5343952970769574, -0.29615071755871275], "Sigma": [[0.006883512992749391, -0.004878279266687555, 0.007814233275575264], [-0.004878279266687555, 0.019041780083694032, -0.05226915828126806], [0.007814233275575263, -0.05226915828126806, 0.27104435355152195]], "chi2_level": 0.997, "chi2_df": 3, "chi2_threshold": 13.931422665512084, "N_raw": 75, "N_roi": 75, "N_inlier": 73, "refit": true}
{"timestamp": "11:59:28.358832", "frame": 81, "mu": [0.1903464037572671, 1.4025583661647283, -0.04829052433063008], "Sigma": [[0.005549911119453194, 0.0002207299288264696, 0.04616760081876871], [0.0002207299288264696, 0.01971435451272345, -0.0674162125434471], [0.04616760081876871, -0.06741621254344711, 0.7865897121577642]], "chi2_level": 0.997, "chi2_df": 3, "chi2_threshold": 13.931422665512084, "N_raw": 94, "N_roi": 94, "N_inlier": 92, "refit": true}
{"timestamp": "11:59:28.410217", "frame": 82, "mu": [0.2567310577132556, 1.400454429661701, -0.30414157084022403], "Sigma": [[0.016657808012732665, -0.005599859219570102, 0.01239304307101586], [-0.005599859219570101, 0.004927427809766926, -0.0059108501247740405], [0.01239304307101586, -0.0059108501247740405, 0.011015526231085385]], "chi2_level": 0.997, "chi2_df": 3, "chi2_threshold": 13.931422665512084, "N_raw": 61, "N_roi": 60, "N_inlier": 54, "refit": true}
{"timestamp": "11:59:28.464976", "frame": 83, "mu": [0.28389388572804336, 1.2843495369216085, 1.2314452031777445], "Sigma": [[0.004506455150067506, 0.0018490331939972527, 5.134410547757249e-05], [0.0018490331939972527, 0.007572332957206604, -0.0016299665510638298], [5.1344105477572425e-05, -0.0016299665510638298, 0.006434491272183087]], "chi2_level": 0.997, "chi2_df": 3, "chi2_threshold": 13.931422665512084, "N_raw": 67, "N_roi": 67, "N_inlier": 63, "refit": true}
{"timestamp": "11:59:28.520570", "frame": 84, "mu": [0.3386835700375581, 1.4233267972697077, -0.42717470308671074], "Sigma": [[0.008068851958225714, -0.002649838536803904, 0.004411700440274097], [-0.002649838536803905, 0.011908771834954316, -0.012644607689519756], [0.004411700440274097, -0.012644607689519756, 0.030793840552283222]], "chi2_level": 0.997, "chi2_df": 3, "chi2_threshold": 13.931422665512084, "N_raw": 67, "N_roi": 67, "N_inlier": 61, "refit": true}
{"timestamp": "11:59:28.659266", "frame": 85, "mu": [0.44433764855259616, 1.4092833521210306, -0.6144696034542888], "Sigma": [[0.002596438111508217, -0.00044368760820502433, -0.004870980377399196], [-0.00044368760820502455, 0.00651947652137085, -0.01625515158630214], [-0.004870980377399195, -0.01625515158630214, 0.1158200625485787]], "chi2_level": 0.997, "chi2_df": 3, "chi2_threshold": 13.931422665512084, "N_raw": 67, "N_roi": 67, "N_inlier": 65, "refit": true}
{"timestamp": "11:59:28.683636", "frame": 86, "mu": [0.38750674215757863, 1.160808418796523, 1.2285215714041957], "Sigma": [[0.00190057311092694, -0.0007086496601194218, 0.001484745638329851], [-0.000708649660119422, 0.00426086089856732, -0.0018343667393337516], [0.001484745638329851, -0.0018343667393337518, 0.002685755316254822]], "chi2_level": 0.997, "chi2_df": 3, "chi2_threshold": 13.931422665512084, "N_raw": 36, "N_roi": 35, "N_inlier": 32, "refit": true}
{"timestamp": "11:59:28.714097", "frame": 87, "mu": [0.5698605348235016, 1.1585307702862804, 1.2741147914017714], "Sigma": [[0.004112590461514179, -0.0024659784915363725, 0.003915174906808603], [-0.002465978491536372, 0.005165575910821763, -0.007284005832053746], [0.003915174906808603, -0.007284005832053747, 0.019665655183302107]], "chi2_level": 0.997, "chi2_df": 3, "chi2_threshold": 13.931422665512084, "N_raw": 60, "N_roi": 60, "N_inlier": 57, "refit": true}
{"timestamp": "11:59:28.746134", "frame": 88, "mu": [0.5353270359730312, 1.0491584248505743, 1.0434140957013127], "Sigma": [[0.015262050542861132, -0.004593307374846424, 0.004466756538713619], [-0.004593307374846424, 0.006277062688352157, 0.019268303926222786], [0.004466756538713619, 0.019268303926222786, 0.12464661062346569]], "chi2_level": 0.997, "chi2_df": 3, "chi2_threshold": 13.931422665512084, "N_raw": 69, "N_roi": 69, "N_inlier": 67, "refit": true}
{"timestamp": "11:59:28.795110", "frame": 89, "mu": [0.5352674520011445, 1.1350064902580557, 1.266680664740021], "Sigma": [[0.008874431700240616, 0.003953229726428251, -0.0002749417816919768], [0.003953229726428251, 0.005639357658210211, -0.0006407414771871101], [-0.00027494178169197673, -0.0006407414771871101, 0.0004080708481690851]], "chi2_level": 0.997, "chi2_df": 3, "chi2_threshold": 13.931422665512084, "N_raw": 70, "N_roi": 70, "N_inlier": 65, "refit": true}
{"timestamp": "11:59:28.844653", "frame": 90, "mu": [0.77319688363757, 1.2588619450122551, -0.35287837871352634], "Sigma": [[0.018370631319197167, 0.003941339217532397, -0.019402040742343], [0.003941339217532397, 0.005890078221570466, -0.005210587623840343], [-0.019402040742343, -0.005210587623840343, 0.03372075090827804]], "chi2_level": 0.997, "chi2_df": 3, "chi2_threshold": 13.931422665512084, "N_raw": 28, "N_roi": 28, "N_inlier": 27, "refit": true}
{"timestamp": "11:59:28.899784", "frame": 91, "mu": [0.5788679724888179, 0.9993411303937427, 1.2417516028898428], "Sigma": [[0.0037241963184000823, -0.0006320578549418704, -0.0010011576366623645], [-0.0006320578549418704, 0.0025700033764107398, -0.0006760840182509927], [-0.0010011576366623645, -0.0006760840182509927, 0.0007837464175183647]], "chi2_level": 0.997, "chi2_df": 3, "chi2_threshold": 13.931422665512084, "N_raw": 42, "N_roi": 42, "N_inlier": 40, "refit": true}
{"timestamp": "11:59:28.956764", "frame": 92, "mu": [0.6702303241797933, 1.0323844250968017, 1.2997433778430922], "Sigma": [[0.007390867329736866, 0.002956175146639544, 0.00011223976099331207], [0.0029561751466395435, 0.005932525770302249, 0.0010766765100748258], [0.00011223976099331229, 0.0010766765100748256, 0.0017992116811488884]], "chi2_level": 0.997, "chi2_df": 3, "chi2_threshold": 13.931422665512084, "N_raw": 53, "N_roi": 53, "N_inlier": 49, "refit": true}
{"timestamp": "11:59:29.007249", "frame": 93, "mu": [0.7961116838377233, 0.955205233403422, 1.1667554441181016], "Sigma": [[0.009097201072497082, -0.009795469930531962, -0.022783913649479508], [-0.009795469930531958, 0.017606057448660697, 0.04365901153539908], [-0.022783913649479504, 0.04365901153539908, 0.13783164999210148]], "chi2_level": 0.997, "chi2_df": 3, "chi2_threshold": 13.931422665512084, "N_raw": 19, "N_roi": 19, "N_inlier": 19, "refit": true}
{"timestamp": "11:59:29.060760", "frame": 94, "mu": [0.8280995435291094, 0.8993367407330639, 0.7970145178662333], "Sigma": [[0.03007948895836888, -0.0024001362405980144, -0.04360594254186482], [-0.0024001362405980144, 0.007935839653180071, 0.029869919444382418], [-0.04360594254186482, 0.029869919444382415, 0.26439209083641274]], "chi2_level": 0.997, "chi2_df": 3, "chi2_threshold": 13.931422665512084, "N_raw": 10, "N_roi": 10, "N_inlier": 10, "refit": true}
{"timestamp": "11:59:29.173442", "frame": 96, "mu": [0.8467958014726508, 0.8284503652663595, 1.3453874651391322], "Sigma": [[0.002796027419472303, 0.0013909540975726644, 6.305593158385865e-05], [0.0013909540975726642, 0.004006715561012084, -0.0010368883574781362], [6.305593158385862e-05, -0.001036888357478136, 0.0005573280085574105]], "chi2_level": 0.997, "chi2_df": 3, "chi2_threshold": 13.931422665512084, "N_raw": 34, "N_roi": 34, "N_inlier": 33, "refit": true}
{"timestamp": "11:59:29.227999", "frame": 97, "mu": [0.8650055889156448, 0.7624365665843661, 1.2898298046930188], "Sigma": [[0.002783204937288435, 0.0010671402632941832, -0.005593080653974879], [0.0010671402632941832, 0.0012153034348095224, -0.003600583602686895], [-0.005593080653974879, -0.003600583602686895, 0.06539789400467219]], "chi2_level": 0.997, "chi2_df": 3, "chi2_threshold": 13.931422665512084, "N_raw": 25, "N_roi": 25, "N_inlier": 23, "refit": true}
{"timestamp": "11:59:29.283935", "frame": 98, "mu": [0.8988836848367163, 0.7836327245725989, 1.3010281194100877], "Sigma": [[0.00209110420198712, 0.0010791524598052268, 6.172515442591835e-05], [0.0010791524598052268, 0.0052105443974255925, -0.00020504112287491713], [6.172515442591836e-05, -0.0002050411228749171, 0.00018442700437081255]], "chi2_level": 0.997, "chi2_df": 3, "chi2_threshold": 13.931422665512084, "N_raw": 28, "N_roi": 28, "N_inlier": 26, "refit": true}
{"timestamp": "11:59:29.336913", "frame": 99, "mu": [1.0746410490548293, 0.7903330424954055, -0.30386942928040106], "Sigma": [[0.001063319397138848, 0.0002171707443866337, -0.00015562542106423963], [0.00021717074438663375, 0.007233924423932007, -0.002187842979971406], [-0.0001556254210642396, -0.002187842979971406, 0.0007840920124378546]], "chi2_level": 0.997, "chi2_df": 3, "chi2_threshold": 13.931422665512084, "N_raw": 13, "N_roi": 13, "N_inlier": 12, "refit": true}
{"timestamp": "11:59:29.560709", "frame": 101, "mu": [1.1451185423863772, 0.6203753108137083, 1.4398253390436668], "Sigma": [[0.007118621676004139, -0.0017912212611248895, 0.012274929499320072], [-0.0017912212611248892, 0.005281279856597676, -0.003757219023287932], [0.012274929499320072, -0.003757219023287933, 0.04325154387122042]], "chi2_level": 0.997, "chi2_df": 3, "chi2_threshold": 13.931422665512084, "N_raw": 17, "N_roi": 17, "N_inlier": 16, "refit": true}
{"timestamp": "11:59:29.588159", "frame": 102, "mu": [1.1307107187025716, 0.6281379578810375, 1.3693134511212115], "Sigma": [[0.007376431498790148, -0.0038314988681190194, 0.014970063523053193], [-0.0038314988681190194, 0.005411866485912451, -0.016484079183731043], [0.014970063523053193, -0.016484079183731043, 0.059908733545004714]], "chi2_level": 0.997, "chi2_df": 3, "chi2_threshold": 13.931422665512084, "N_raw": 33, "N_roi": 33, "N_inlier": 31, "refit": true}
{"timestamp": "11:59:29.624060", "frame": 103, "mu": [1.20382119393499, 0.538423770008045, 1.482705237802791], "Sigma": [[0.005285775546931979, -0.00024339866524468652, 0.0021149842805811723], [-0.0002433986652446864, 0.001726818885796314, -0.0013510129027587544], [0.002114984280581172, -0.0013510129027587542, 0.003071749257044897]], "chi2_level": 0.997, "chi2_df": 3, "chi2_threshold": 13.931422665512084, "N_raw": 23, "N_roi": 23, "N_inlier": 21, "refit": true}
{"timestamp": "11:59:29.650445", "frame": 104, "mu": [1.2443160781785807, 0.5726398238110012, 1.5006685978891687], "Sigma": [[0.0040928738268469645, 0.001080395783024283, 0.0036652932318529076], [0.0010803957830242828, 0.002950940921147469, -0.003465467174589695], [0.0036652932318529076, -0.003465467174589695, 0.01877746121439096]], "chi2_level": 0.997, "chi2_df": 3, "chi2_threshold": 13.931422665512084, "N_raw": 10, "N_roi": 10, "N_inlier": 10, "refit": true}
{"timestamp": "11:59:29.681091", "frame": 105, "mu": [1.2563419963324052, 0.5661647618265377, 1.421908691399031], "Sigma": [[0.006015766831775717, -0.0016555722289974804, 0.009820432787055963], [-0.0016555722289974804, 0.0033397858767964753, -0.007662584062092105], [0.009820432787055963, -0.007662584062092105, 0.04415181624917073]], "chi2_level": 0.997, "chi2_df": 3, "chi2_threshold": 13.931422665512084, "N_raw": 16, "N_roi": 16, "N_inlier": 16, "refit": true}
