{"timestamp": "17:49:43.344709", "frame": 1, "mu": [1.1384799971674995, 1.1069149626996928, 0.9305890619859192], "Sigma": [[0.0025358939946443946, -0.002748632627287333, -0.010039076323617412], [-0.002748632627287333, 0.009596252250517369, 0.031162896942385485], [-0.010039076323617412, 0.03116289694238549, 0.1357487922849234]], "chi2_level": 0.99, "chi2_df": 3, "chi2_threshold": 11.344866730144373, "N_raw": 19, "N_roi": 19, "N_inlier": 19, "refit": true}
{"timestamp": "17:49:43.399816", "frame": 2, "mu": [1.1038815991313224, 1.1192146287586477, 0.8906522663773351], "Sigma": [[0.0032227120477808105, -0.0025298099459950974, -0.006536000830362092], [-0.0025298099459950974, 0.008297389147268781, 0.025225525986776687], [-0.006536000830362092, 0.025225525986776687, 0.11154083725619143]], "chi2_level": 0.99, "chi2_df": 3, "chi2_threshold": 11.344866730144373, "N_raw": 24, "N_roi": 24, "N_inlier": 23, "refit": true}
{"timestamp": "17:49:43.454027", "frame": 3, "mu": [1.1237826867230822, 1.2365446762913506, 1.3943705317879633], "Sigma": [[0.0015687727224479987, 0.00021064617100879175, 0.002698886555760224], [0.0002106461710087917, 0.0023160324123517933, 0.010897402836539751], [0.002698886555760224, 0.010897402836539753, 0.13860876060804153]], "chi2_level": 0.99, "chi2_df": 3, "chi2_threshold": 11.344866730144373, "N_raw": 19, "N_roi": 19, "N_inlier": 18, "refit": true}
{"timestamp": "17:49:43.510118", "frame": 4, "mu": [1.1206218546287525, 1.2740768245332394, 1.5277236043114386], "Sigma": [[0.0050114249850798775, -0.003882809584939233, -0.013594522174359426], [-0.0038828095849392334, 0.005693831644761005, 0.015085959042855226], [-0.013594522174359426, 0.015085959042855226, 0.07994625376385206]], "chi2_level": 0.99, "chi2_df": 3, "chi2_threshold": 11.344866730144373, "N_raw": 28, "N_roi": 28, "N_inlier": 28, "refit": true}
{"timestamp": "17:49:43.562493", "frame": 5, "mu": [1.148495779967948, 1.2872926995707386, 1.4237511645035468], "Sigma": [[0.0025403041288540994, 0.001007940556846384, -0.011612798629891516], [0.0010079405568463842, 0.005675633441912389, 0.0043712323794665945], [-0.011612798629891516, 0.0043712323794665945, 0.16176476055221536]], "chi2_level": 0.99, "chi2_df": 3, "chi2_threshold": 11.344866730144373, "N_raw": 7, "N_roi": 7, "N_inlier": 7, "refit": true}
{"timestamp": "17:49:43.617173", "frame": 6, "mu": [1.1471892540863595, 1.3356379268229313, 1.42256285377099], "Sigma": [[0.002312150569383298, 0.0030060263768165764, -0.0108445034236927], [0.0030060263768165764, 0.004271055593600464, -0.016344374941036296], [-0.0108445034236927, -0.016344374941036296, 0.1303569862462964]], "chi2_level": 0.99, "chi2_df": 3, "chi2_threshold": 11.344866730144373, "N_raw": 7, "N_roi": 7, "N_inlier": 7, "refit": true}
{"timestamp": "17:49:43.837547", "frame": 10, "mu": [1.031968940426133, 1.1375071562939754, 1.1657532840158633], "Sigma": [[0.11730708500546849, 0.11175232688480083, -0.14387483128246106], [0.11175232688480084, 0.13697348599137538, -0.0958610260172361], [-0.14387483128246106, -0.0958610260172361, 0.2530685062094333]], "chi2_level": 0.99, "chi2_df": 3, "chi2_threshold": 11.344866730144373, "N_raw": 8, "N_roi": 8, "N_inlier": 8, "refit": true}
{"timestamp": "17:49:44.443522", "frame": 21, "mu": [1.231872859884679, 1.1929266581730107, 1.014714078878882], "Sigma": [[0.0032028800963973753, -0.0006242731716101719, -0.0032076668639041696], [-0.0006242731716101719, 0.0009657722210842874, 0.0006352829205969584], [-0.0032076668639041696, 0.0006352829205969585, 0.0048062296626825525]], "chi2_level": 0.99, "chi2_df": 3, "chi2_threshold": 11.344866730144373, "N_raw": 11, "N_roi": 11, "N_inlier": 10, "refit": true}
{"timestamp": "17:49:44.560948", "frame": 23, "mu": [1.1116249818009778, 1.4245653039150958, -0.2842555932640525], "Sigma": [[0.0031471500451906785, -0.001116235548680042, -0.004309920737615278], [-0.001116235548680042, 0.002725402827932599, -0.0033187958603376746], [-0.004309920737615278, -0.0033187958603376746, 0.018458522126429608]], "chi2_level": 0.99, "chi2_df": 3, "chi2_threshold": 11.344866730144373, "N_raw": 35, "N_roi": 35, "N_inlier": 31, "refit": true}
{"timestamp": "17:49:44.607320", "frame": 24, "mu": [1.1433230679092876, 1.214894775591052, 0.7508108313982816], "Sigma": [[0.00817117447172233, -0.010763652872622686, -0.03747889721133413], [-0.010763652872622684, 0.024194870742553356, 0.08509164519128577], [-0.03747889721133413, 0.08509164519128577, 0.38878119369207476]], "chi2_level": 0.99, "chi2_df": 3, "chi2_threshold": 11.344866730144373, "N_raw": 10, "N_roi": 10, "N_inlier": 10, "refit": true}
{"timestamp": "17:49:44.661620", "frame": 25, "mu": [1.0584981775511024, 1.35820764532121, 1.3984856500524434], "Sigma": [[0.006632587986537106, -0.0014153011976078427, -0.01952688712463597], [-0.0014153011976078427, 0.0017292825888024414, 0.004963817850514244], [-0.019526887124635975, 0.004963817850514245, 0.06074337569281444]], "chi2_level": 0.99, "chi2_df": 3, "chi2_threshold": 11.344866730144373, "N_raw": 7, "N_roi": 7, "N_inlier": 7, "refit": true}
{"timestamp": "17:49:44.776026", "frame": 27, "mu": [0.9760399933683868, 1.2920475520199708, 1.3716053768066419], "Sigma": [[0.005420500875165479, 0.0035517155108404476, 0.028060333048251278], [0.0035517155108404476, 0.008652286024691256, 0.03899021592094365], [0.028060333048251278, 0.03899021592094365, 0.30269947695742894]], "chi2_level": 0.99, "chi2_df": 3, "chi2_threshold": 11.344866730144373, "N_raw": 35, "N_roi": 35, "N_inlier": 34, "refit": true}
{"timestamp": "17:49:44.829014", "frame": 28, "mu": [1.040074273532519, 1.227301312731635, 1.1722617016164785], "Sigma": [[0.010524082113141231, -0.01663398219019086, -0.05130825917365319], [-0.01663398219019086, 0.047398663216972836, 0.11436553751875726], [-0.051308259173653184, 0.11436553751875725, 0.31218908724828476]], "chi2_level": 0.99, "chi2_df": 3, "chi2_threshold": 11.344866730144373, "N_raw": 7, "N_roi": 7, "N_inlier": 7, "refit": true}
{"timestamp": "17:49:44.885442", "frame": 29, "mu": [1.0556272520923018, 1.16755005600934, 1.002445927056582], "Sigma": [[0.004061574746624834, -0.005477022957657859, -0.028812668081735715], [-0.005477022957657857, 0.03741113648710264, 0.12176702923752107], [-0.028812668081735715, 0.12176702923752107, 0.4384252773828013]], "chi2_level": 0.99, "chi2_df": 3, "chi2_threshold": 11.344866730144373, "N_raw": 11, "N_roi": 11, "N_inlier": 10, "refit": true}
{"timestamp": "17:49:44.939076", "frame": 30, "mu": [0.8856179444169042, 1.4329267965318346, -0.2929578637846718], "Sigma": [[0.006372614577583717, -0.001353363931024429, 0.015532598938454496], [-0.001353363931024429, 0.014015268973285148, -0.04191587719746216], [0.015532598938454496, -0.041915877197462155, 0.1491861460392105]], "chi2_level": 0.99, "chi2_df": 3, "chi2_threshold": 11.344866730144373, "N_raw": 7, "N_roi": 7, "N_inlier": 7, "refit": true}
{"timestamp": "17:49:44.998831", "frame": 31, "mu": [0.8788260853140717, 1.264072548423304, 1.5141936996097833], "Sigma": [[0.0037886550878567698, -0.0007751095658926975, -0.004308766479581708], [-0.0007751095658926977, 0.003873916458280358, 0.00022301649861103466], [-0.004308766479581708, 0.00022301649861103466, 0.009539137686842192]], "chi2_level": 0.99, "chi2_df": 3, "chi2_threshold": 11.344866730144373, "N_raw": 40, "N_roi": 40, "N_inlier": 38, "refit": true}
{"timestamp": "17:49:45.052789", "frame": 32, "mu": [0.8037795887376225, 1.3646822981492899, -0.3520729925939289], "Sigma": [[0.011307531247111252, -0.0039919777321801705, 0.01613886834381348], [-0.0039919777321801705, 0.01590539172631691, -0.05920543183448573], [0.01613886834381348, -0.05920543183448573, 0.24794338509679592]], "chi2_level": 0.99, "chi2_df": 3, "chi2_threshold": 11.344866730144373, "N_raw": 23, "N_roi": 23, "N_inlier": 22, "refit": true}
{"timestamp": "17:49:45.166714", "frame": 34, "mu": [0.8221828671004889, 1.2957076240281309, -0.28418746818196394], "Sigma": [[0.004813141349270405, 0.0008257051838024403, -0.01002089945810472], [0.0008257051838024403, 0.004995649904267756, -0.005307560823999752], [-0.01002089945810472, -0.005307560823999752, 0.02764551021654102]], "chi2_level": 0.99, "chi2_df": 3, "chi2_threshold": 11.344866730144373, "N_raw": 55, "N_roi": 55, "N_inlier": 51, "refit": true}
{"timestamp": "17:49:45.220271", "frame": 35, "mu": [0.7529351428926946, 1.2634310510199909, -0.16548821879059103], "Sigma": [[0.006926830260965479, -2.225980717734803e-05, -0.006192698489229937], [-2.225980717734807e-05, 0.0030366898747072536, 0.0008968306390760734], [-0.006192698489229937, 0.0008968306390760732, 0.006092363991538514]], "chi2_level": 0.99, "chi2_df": 3, "chi2_threshold": 11.344866730144373, "N_raw": 51, "N_roi": 51, "N_inlier": 50, "refit": true}
{"timestamp": "17:49:45.276111", "frame": 36, "mu": [0.7211473870972233, 1.2685121610586194, -0.17986578274428955], "Sigma": [[0.004865665291299659, 0.00013624540140886845, -0.005602081308905276], [0.00013624540140886847, 0.003116465832581514, -0.0018210680119475479], [-0.005602081308905276, -0.0018210680119475479, 0.009626383447152253]], "chi2_level": 0.99, "chi2_df": 3, "chi2_threshold": 11.344866730144373, "N_raw": 52, "N_roi": 52, "N_inlier": 50, "refit": true}
{"timestamp": "17:49:45.327180", "frame": 37, "mu": [0.6991984236988049, 1.1068301176069772, 1.4445225359492744], "Sigma": [[0.0015696899145020103, -0.0013689954793706812, -0.0018851517013848205], [-0.001368995479370681, 0.0027341163516103823, 0.0007290894934138631], [-0.0018851517013848203, 0.000729089493413863, 0.003101682718471882]], "chi2_level": 0.99, "chi2_df": 3, "chi2_threshold": 11.344866730144373, "N_raw": 24, "N_roi": 24, "N_inlier": 21, "refit": true}
{"timestamp": "17:49:45.381996", "frame": 38, "mu": [0.6796983403517048, 1.1149319921054894, 1.3059414056730945], "Sigma": [[0.0037564875914265937, -0.0005335976963998257, -0.011442233774441417], [-0.0005335976963998257, 0.0019513229135632707, 0.0004012911668302001], [-0.011442233774441417, 0.0004012911668302003, 0.19639818304329837]], "chi2_level": 0.99, "chi2_df": 3, "chi2_threshold": 11.344866730144373, "N_raw": 29, "N_roi": 29, "N_inlier": 29, "refit": true}
{"timestamp": "17:49:45.443200", "frame": 39, "mu": [0.5967004679208183, 1.1894471214567195, 1.510346870829858], "Sigma": [[0.004133527999261534, -0.0009479262119837353, -0.003163701191730344], [-0.0009479262119837354, 0.0034752628448489744, -0.0022037469329523624], [-0.003163701191730344, -0.0022037469329523624, 0.005561921569186965]], "chi2_level": 0.99, "chi2_df": 3, "chi2_threshold": 11.344866730144373, "N_raw": 65, "N_roi": 65, "N_inlier": 59, "refit": true}
{"timestamp": "17:49:45.496417", "frame": 40, "mu": [0.5611532393300273, 1.2169664719873832, -0.13818892655245102], "Sigma": [[0.002990540785370422, 0.00021824598317346023, -0.001185817822607339], [0.00021824598317346023, 0.004051162911531543, -0.003105984886464169], [-0.001185817822607339, -0.003105984886464169, 0.007512189254245442]], "chi2_level": 0.99, "chi2_df": 3, "chi2_threshold": 11.344866730144373, "N_raw": 45, "N_roi": 45, "N_inlier": 42, "refit": true}
{"timestamp": "17:49:45.550202", "frame": 41, "mu": [0.47938538932903185, 1.08094428254456, 1.0664551366897164], "Sigma": [[0.006898576220547821, 0.0006528986065069734, 0.030428995262270265], [0.0006528986065069734, 0.015528474545072182, 0.013615374283940187], [0.030428995262270265, 0.013615374283940187, 0.1847475557490559]], "chi2_level": 0.99, "chi2_df": 3, "chi2_threshold": 11.344866730144373, "N_raw": 48, "N_roi": 48, "N_inlier": 47, "refit": true}
{"timestamp": "17:49:45.607254", "frame": 42, "mu": [0.48205119914077144, 1.086826993631359, 1.3336732017702209], "Sigma": [[0.0029763860397317558, -0.0017254610284657527, -0.002847274476143178], [-0.0017254610284657525, 0.008106692243892414, 0.00497545301247021], [-0.002847274476143178, 0.00497545301247021, 0.022712595604252612]], "chi2_level": 0.99, "chi2_df": 3, "chi2_threshold": 11.344866730144373, "N_raw": 60, "N_roi": 60, "N_inlier": 57, "refit": true}
{"timestamp": "17:49:45.662968", "frame": 43, "mu": [0.4488474136281813, 1.2663246185017605, -0.250154753470495], "Sigma": [[0.0038688148422404795, -0.0007836284329531782, -0.0021798129816233795], [-0.000783628432953178, 0.00792181472892381, -0.0030040858869403784], [-0.0021798129816233795, -0.0030040858869403784, 0.027519841688191733]], "chi2_level": 0.99, "chi2_df": 3, "chi2_threshold": 11.344866730144373, "N_raw": 64, "N_roi": 64, "N_inlier": 60, "refit": true}
{"timestamp": "17:49:45.716394", "frame": 44, "mu": [0.40680027844498245, 1.0737171636046432, 1.2844475206962338], "Sigma": [[0.0031185151520388226, -0.0008370491383278011, -0.0020349098171360837], [-0.000837049138327801, 0.003795471741125842, -0.0016250402227746786], [-0.0020349098171360837, -0.0016250402227746788, 0.0030302388364055284]], "chi2_level": 0.99, "chi2_df": 3, "chi2_threshold": 11.344866730144373, "N_raw": 57, "N_roi": 57, "N_inlier": 54, "refit": true}
{"timestamp": "17:49:45.772289", "frame": 45, "mu": [0.35087494583162643, 1.222144786610682, -0.24895075643794887], "Sigma": [[0.004031732911653724, -0.0005590958340170453, -0.0049871240539018005], [-0.0005590958340170453, 0.004176516996608397, -0.0011507697154111512], [-0.0049871240539018, -0.0011507697154111512, 0.021514344381036846]], "chi2_level": 0.99, "chi2_df": 3, "chi2_threshold": 11.344866730144373, "N_raw": 59, "N_roi": 58, "N_inlier": 53, "refit": true}
{"timestamp": "17:49:45.828051", "frame": 46, "mu": [0.2602337048791294, 1.1965123186513358, 1.5925827642568766], "Sigma": [[0.0023881484141179674, -0.00018580858187181872, -0.0018828615251725968], [-0.00018580858187181872, 0.004889615755047912, -0.0015194669404573775], [-0.0018828615251725968, -0.0015194669404573775, 0.002233444493406362]], "chi2_level": 0.99, "chi2_df": 3, "chi2_threshold": 11.344866730144373, "N_raw": 60, "N_roi": 60, "N_inlier": 55, "refit": true}
{"timestamp": "17:49:45.887123", "frame": 47, "mu": [0.21245015720339339, 1.2483956512572187, 1.6050933565841556], "Sigma": [[0.00466825690127379, 0.0007335030613193721, -0.004990292986917737], [0.000733503061319372, 0.004043284987432369, -0.003815327003317717], [-0.004990292986917737, -0.003815327003317716, 0.017691093538502532]], "chi2_level": 0.99, "chi2_df": 3, "chi2_threshold": 11.344866730144373, "N_raw": 89, "N_roi": 89, "N_inlier": 86, "refit": true}
{"timestamp": "17:49:45.939285", "frame": 48, "mu": [0.17324397867850394, 1.1990643162293504, 1.5982399065195376], "Sigma": [[0.0029376675155576536, -0.0004861540924182498, -0.0024116797960172884], [-0.0004861540924182498, 0.00628755358850575, -0.0010265956017877424], [-0.0024116797960172884, -0.0010265956017877424, 0.002609087312840132]], "chi2_level": 0.99, "chi2_df": 3, "chi2_threshold": 11.344866730144373, "N_raw": 69, "N_roi": 69, "N_inlier": 68, "refit": true}
{"timestamp": "17:49:45.992827", "frame": 49, "mu": [0.13288960669696637, 1.27918667021688, -0.07163402173487747], "Sigma": [[0.0033116243833313107, 0.00039685674199944757, -0.0021659840318492235], [0.00039685674199944757, 0.004935946301581155, 0.0001242006744066702], [-0.0021659840318492235, 0.0001242006744066702, 0.001719610090957467]], "chi2_level": 0.99, "chi2_df": 3, "chi2_threshold": 11.344866730144373, "N_raw": 64, "N_roi": 64, "N_inlier": 62, "refit": true}
{"timestamp": "17:49:46.048404", "frame": 50, "mu": [0.09372681751586391, 1.2271467079799885, 1.554279270177266], "Sigma": [[0.002687136240307764, 0.0005779903930309033, -0.0007869670595941583], [0.0005779903930309032, 0.004355431053741517, -0.004110687608968361], [-0.0007869670595941582, -0.004110687608968361, 0.005927561374019075]], "chi2_level": 0.99, "chi2_df": 3, "chi2_threshold": 11.344866730144373, "N_raw": 70, "N_roi": 70, "N_inlier": 66, "refit": true}
{"timestamp": "17:49:46.101342", "frame": 51, "mu": [0.05952536114847926, 1.2728592520855513, -0.08019054755105659], "Sigma": [[0.0034420821037173576, 0.001343185809185671, -0.0004973133732683867], [0.001343185809185671, 0.004183570013431071, 0.00012830220369407637], [-0.0004973133732683867, 0.00012830220369407626, 0.0028768600986385662]], "chi2_level": 0.99, "chi2_df": 3, "chi2_threshold": 11.344866730144373, "N_raw": 54, "N_roi": 54, "N_inlier": 52, "refit": true}
{"timestamp": "17:49:46.152761", "frame": 52, "mu": [-0.019192504399435574, 1.3312983163380623, -0.6380228250640252], "Sigma": [[0.00534978386966531, -0.004464906105254615, 0.017469256236009312], [-0.004464906105254615, 0.0057271849602897095, -0.01552504745960309], [0.01746925623600931, -0.015525047459603092, 0.08946149669717038]], "chi2_level": 0.99, "chi2_df": 3, "chi2_threshold": 11.344866730144373, "N_raw": 28, "N_roi": 28, "N_inlier": 26, "refit": true}
{"timestamp": "17:49:46.210705", "frame": 53, "mu": [-0.04471846015341016, 1.1908402826333422, 1.4705028699447378], "Sigma": [[0.0024304689724821754, 0.0006444130595135094, -0.0006700444398499753], [0.0006444130595135094, 0.0029196573050971775, -0.0030545275244357375], [-0.0006700444398499753, -0.0030545275244357375, 0.0034234088050693274]], "chi2_level": 0.99, "chi2_df": 3, "chi2_threshold": 11.344866730144373, "N_raw": 53, "N_roi": 53, "N_inlier": 50, "refit": true}
{"timestamp": "17:49:46.261394", "frame": 54, "mu": [-0.02942083485020511, 1.0852505983169523, 0.9578275392187903], "Sigma": [[0.0013749129456096115, -0.0006140426440243921, -0.003702483974017298], [-0.0006140426440243921, 0.00209503872631904, -0.0010442968801880502], [-0.0037024839740172977, -0.0010442968801880502, 0.03428658946184521]], "chi2_level": 0.99, "chi2_df": 3, "chi2_threshold": 11.344866730144373, "N_raw": 16, "N_roi": 16, "N_inlier": 15, "refit": true}
{"timestamp": "17:49:46.322738", "frame": 55, "mu": [-0.09961225947705842, 1.1092848162588356, 1.2035984454452082], "Sigma": [[0.002066225969723754, -0.0010439763507983433, -0.005289650470500675], [-0.0010439763507983436, 0.009600197420026463, 0.02839902139622211], [-0.005289650470500675, 0.02839902139622211, 0.14009205832456303]], "chi2_level": 0.99, "chi2_df": 3, "chi2_threshold": 11.344866730144373, "N_raw": 64, "N_roi": 64, "N_inlier": 64, "refit": true}
{"timestamp": "17:49:46.377412", "frame": 56, "mu": [-0.17508529553958652, 1.1259317219555616, 1.3654729723872263], "Sigma": [[0.00602154389910213, -0.00562767901913316, -0.023980161210195496], [-0.00562767901913316, 0.010654181152870073, 0.033802511974050896], [-0.0239801612101955, 0.033802511974050896, 0.15099565006044482]], "chi2_level": 0.99, "chi2_df": 3, "chi2_threshold": 11.344866730144373, "N_raw": 63, "N_roi": 63, "N_inlier": 63, "refit": true}
{"timestamp": "17:49:46.436305", "frame": 57, "mu": [-0.24367678934453227, 1.0683191218406731, 1.2298117322009288], "Sigma": [[0.004103856548162684, -0.0024995766170268557, -0.012569037172277267], [-0.0024995766170268557, 0.0044243007868305295, 0.010293416524263407], [-0.012569037172277267, 0.010293416524263407, 0.07378711805997076]], "chi2_level": 0.99, "chi2_df": 3, "chi2_threshold": 11.344866730144373, "N_raw": 79, "N_roi": 79, "N_inlier": 76, "refit": true}
{"timestamp": "17:49:46.494759", "frame": 58, "mu": [-0.29721913544788714, 1.123521661081575, 1.3013085889879479], "Sigma": [[0.0036146670720198547, -0.003938364628485844, -0.012962880207247878], [-0.003938364628485845, 0.011439847039890627, 0.027198089737852548], [-0.012962880207247878, 0.027198089737852548, 0.11483342903390316]], "chi2_level": 0.99, "chi2_df": 3, "chi2_threshold": 11.344866730144373, "N_raw": 99, "N_roi": 99, "N_inlier": 96, "refit": true}
{"timestamp": "17:49:46.542318", "frame": 59, "mu": [-0.4041073168070562, 1.1569321496742124, 1.592076206878001], "Sigma": [[0.002813788325794193, -0.0004985417727799105, -0.0018412091132400667], [-0.0004985417727799105, 0.003959956544718031, -0.0017212182956978027], [-0.001841209113240067, -0.0017212182956978027, 0.009571465513327092]], "chi2_level": 0.99, "chi2_df": 3, "chi2_threshold": 11.344866730144373, "N_raw": 62, "N_roi": 59, "N_inlier": 56, "refit": true}
{"timestamp": "17:49:46.596444", "frame": 60, "mu": [-0.4654874147904779, 1.1295719317591926, 1.640031769697267], "Sigma": [[0.003448994155838863, -0.00033460137760065725, -0.0023721435052189545], [-0.00033460137760065714, 0.003529128299101448, -0.001999847035015826], [-0.0023721435052189545, -0.001999847035015826, 0.005113321262514251]], "chi2_level": 0.99, "chi2_df": 3, "chi2_threshold": 11.344866730144373, "N_raw": 50, "N_roi": 50, "N_inlier": 47, "refit": true}
{"timestamp": "17:49:46.654076", "frame": 61, "mu": [-0.4875329840783508, 1.181957215265741, -0.2576987386149246], "Sigma": [[0.003830855414385273, 0.0019305351086264637, 0.0032219120178386875], [0.0019305351086264637, 0.011016180997796806, 0.002485911986305949], [0.0032219120178386875, 0.002485911986305949, 0.016810574456382843]], "chi2_level": 0.99, "chi2_df": 3, "chi2_threshold": 11.344866730144373, "N_raw": 64, "N_roi": 64, "N_inlier": 63, "refit": true}
{"timestamp": "17:49:46.707341", "frame": 62, "mu": [-0.43575982471973124, 1.1225209738362567, 1.1364479830923857], "Sigma": [[0.00480575500009721, -0.0011520688520220256, -0.011031806299447538], [-0.0011520688520220254, 0.0037025407593173788, 0.01321011210377925], [-0.011031806299447538, 0.01321011210377925, 0.09153193161787176]], "chi2_level": 0.99, "chi2_df": 3, "chi2_threshold": 11.344866730144373, "N_raw": 63, "N_roi": 63, "N_inlier": 61, "refit": true}
{"timestamp": "17:49:46.765446", "frame": 63, "mu": [-0.570062957632182, 1.146451247552326, 1.5215339523555398], "Sigma": [[0.004298188930520494, 0.000259969734095517, -0.002384005553992423], [0.00025996973409551704, 0.004907184271359609, -0.0016224211102053015], [-0.002384005553992423, -0.0016224211102053012, 0.012186314803298707]], "chi2_level": 0.99, "chi2_df": 3, "chi2_threshold": 11.344866730144373, "N_raw": 72, "N_roi": 72, "N_inlier": 68, "refit": true}
{"timestamp": "17:49:46.812377", "frame": 64, "mu": [-0.675776810419731, 1.1215164995474647, 1.6328663729946957], "Sigma": [[0.0035688403741084627, -3.126457227205638e-06, -0.0072726605732645186], [-3.126457227205665e-06, 0.001228981584202367, -0.0002823742494079712], [-0.0072726605732645186, -0.0002823742494079711, 0.03567113090714401]], "chi2_level": 0.99, "chi2_df": 3, "chi2_threshold": 11.344866730144373, "N_raw": 25, "N_roi": 25, "N_inlier": 24, "refit": true}
{"timestamp": "17:49:46.876418", "frame": 65, "mu": [-0.6971669180433531, 1.188146243443525, 1.5260364010802976], "Sigma": [[0.00492502920505448, 0.0013535536867928166, -0.0017877072339395413], [0.0013535536867928164, 0.003774903666353898, -0.008231852075216383], [-0.0017877072339395415, -0.008231852075216383, 0.024894654707690193]], "chi2_level": 0.99, "chi2_df": 3, "chi2_threshold": 11.344866730144373, "N_raw": 90, "N_roi": 90, "N_inlier": 85, "refit": true}
{"timestamp": "17:49:46.926999", "frame": 66, "mu": [-0.7124630985026803, 1.2140944537058915, 1.590417404660293], "Sigma": [[0.0035015255645923352, 0.0002945103525369547, -0.00814578810843209], [0.0002945103525369548, 0.005394604424516484, 0.002572647852523507], [-0.008145788108432092, 0.002572647852523507, 0.04699475094283443]], "chi2_level": 0.99, "chi2_df": 3, "chi2_threshold": 11.344866730144373, "N_raw": 56, "N_roi": 56, "N_inlier": 52, "refit": true}
{"timestamp": "17:49:46.979363", "frame": 67, "mu": [-0.790521734925563, 1.1737578417729204, 1.5310682429503801], "Sigma": [[0.0035557406085623047, -0.0009448034617450382, -0.012220678660054085], [-0.0009448034617450382, 0.0021913605903047793, 0.00618191907183118], [-0.012220678660054086, 0.00618191907183118, 0.10271406072326891]], "chi2_level": 0.99, "chi2_df": 3, "chi2_threshold": 11.344866730144373, "N_raw": 40, "N_roi": 40, "N_inlier": 38, "refit": true}
{"timestamp": "17:49:47.033177", "frame": 68, "mu": [-0.8774518785260859, 1.1747135218430445, 1.7389530743083255], "Sigma": [[0.03672116539854546, 0.023611963844296403, -0.025225302256496607], [0.023611963844296403, 0.018103791963884664, -0.019963634307764988], [-0.025225302256496607, -0.019963634307764988, 0.024887025842689217]], "chi2_level": 0.99, "chi2_df": 3, "chi2_threshold": 11.344866730144373, "N_raw": 28, "N_roi": 28, "N_inlier": 26, "refit": true}
{"timestamp": "17:49:47.087040", "frame": 69, "mu": [-1.1355197659806247, 1.0327645015669966, 1.7867928117476903], "Sigma": [[0.038071832113437565, 0.026838173618350638, -0.050406182147364496], [0.02683817361835064, 0.02495140989786894, -0.03660278629023883], [-0.05040618214736449, -0.03660278629023883, 0.20444322520455493]], "chi2_level": 0.99, "chi2_df": 3, "chi2_threshold": 11.344866730144373, "N_raw": 27, "N_roi": 27, "N_inlier": 25, "refit": true}
{"timestamp": "17:49:47.150234", "frame": 70, "mu": [-1.0507139127956344, 1.285519289144631, -0.44189109924735664], "Sigma": [[0.025960657835191803, 0.03359090641788204, -0.06535545506920103], [0.03359090641788204, 0.06102627427861393, -0.13496678401766782], [-0.06535545506920103, -0.13496678401766782, 0.3489835884804741]], "chi2_level": 0.99, "chi2_df": 3, "chi2_threshold": 11.344866730144373, "N_raw": 86, "N_roi": 86, "N_inlier": 86, "refit": true}
{"timestamp": "17:49:47.202659", "frame": 71, "mu": [-1.0627490954337946, 1.2111355860516504, 0.9957882159412935], "Sigma": [[0.01889612589388384, 0.014195578147604512, -0.029333654252484194], [0.014195578147604512, 0.01624879905279616, -0.057184133896141576], [-0.02933365425248419, -0.057184133896141576, 0.35952782429602287]], "chi2_level": 0.99, "chi2_df": 3, "chi2_threshold": 11.344866730144373, "N_raw": 61, "N_roi": 61, "N_inlier": 59, "refit": true}
{"timestamp": "17:49:47.252349", "frame": 72, "mu": [-1.2133275982661378, 1.0637973910711986, 1.7805343388947295], "Sigma": [[0.036231767777524196, 0.030162641439480192, -0.03098953630037619], [0.030162641439480192, 0.030286254881802997, -0.029815503179615184], [-0.030989536300376187, -0.029815503179615184, 0.03312603181106369]], "chi2_level": 0.99, "chi2_df": 3, "chi2_threshold": 11.344866730144373, "N_raw": 26, "N_roi": 26, "N_inlier": 25, "refit": true}
{"timestamp": "17:49:47.310858", "frame": 73, "mu": [-1.2909550560175573, 1.001164050162894, 1.6269665887323606], "Sigma": [[0.04787811528811435, 0.028521982675997842, -0.018575608385466486], [0.028521982675997842, 0.028905394464739106, -0.007267586493969904], [-0.018575608385466486, -0.007267586493969904, 0.011507840446052358]], "chi2_level": 0.99, "chi2_df": 3, "chi2_threshold": 11.344866730144373, "N_raw": 49, "N_roi": 49, "N_inlier": 45, "refit": true}
{"timestamp": "17:49:47.367124", "frame": 74, "mu": [-1.2732351963712403, 1.0414530253248455, 1.6522770708443035], "Sigma": [[0.043013735838452485, 0.026064160239438895, -0.014659481765313986], [0.026064160239438895, 0.023221722919736464, -0.009647121323380376], [-0.014659481765313986, -0.009647121323380376, 0.020597916970913607]], "chi2_level": 0.99, "chi2_df": 3, "chi2_threshold": 11.344866730144373, "N_raw": 56, "N_roi": 56, "N_inlier": 53, "refit": true}
{"timestamp": "17:49:47.424453", "frame": 75, "mu": [-1.3496263061131943, 1.1043155495785109, -0.13978090347151528], "Sigma": [[0.014344536116524937, 0.015441993489311287, 0.01896632518751075], [0.015441993489311287, 0.02955666955869949, 0.03106491759818399], [0.01896632518751075, 0.03106491759818399, 0.08071825420074981]], "chi2_level": 0.99, "chi2_df": 3, "chi2_threshold": 11.344866730144373, "N_raw": 77, "N_roi": 77, "N_inlier": 73, "refit": true}
{"timestamp": "17:49:47.470743", "frame": 76, "mu": [-1.1802770997130254, 1.2736374422499537, 1.540915462058844], "Sigma": [[0.045155592217193063, 0.028425785250000925, -0.038037188346942634], [0.028425785250000925, 0.02233523051321524, -0.03207994316381027], [-0.038037188346942634, -0.03207994316381027, 0.07601229346330574]], "chi2_level": 0.99, "chi2_df": 3, "chi2_threshold": 11.344866730144373, "N_raw": 14, "N_roi": 14, "N_inlier": 14, "refit": true}
{"timestamp": "17:49:47.524790", "frame": 77, "mu": [-1.0236467739044703, 1.3879574778355777, 1.4223052283853634], "Sigma": [[0.000721033345062322, -0.00012468558165169884, 0.000585708959323118], [-0.00012468558165169884, 0.003184449061857178, -0.0027039416061481213], [0.0005857089593231182, -0.0027039416061481213, 0.03262519162638442]], "chi2_level": 0.99, "chi2_df": 3, "chi2_threshold": 11.344866730144373, "N_raw": 10, "N_roi": 10, "N_inlier": 9, "refit": true}
{"timestamp": "17:49:47.582715", "frame": 78, "mu": [-1.2577579898469897, 1.362450605399441, -0.16344081908436822], "Sigma": [[0.032572179895771367, 0.03405069220400377, -0.027282545979420956], [0.03405069220400377, 0.041624481291720306, -0.04852441164482091], [-0.02728254597942096, -0.04852441164482091, 0.16610269774350897]], "chi2_level": 0.99, "chi2_df": 3, "chi2_threshold": 11.344866730144373, "N_raw": 30, "N_roi": 30, "N_inlier": 29, "refit": true}
{"timestamp": "17:49:47.638218", "frame": 79, "mu": [-1.1447246821184032, 1.3971809671213735, 0.9881824657192202], "Sigma": [[0.00713710627882402, 0.0021220685497861805, -0.015916576736382082], [0.0021220685497861805, 0.0025132289742727963, 0.001716595925007712], [-0.015916576736382082, 0.0017165959250077128, 0.11436252294872193]], "chi2_level": 0.99, "chi2_df": 3, "chi2_threshold": 11.344866730144373, "N_raw": 29, "N_roi": 29, "N_inlier": 27, "refit": true}
{"timestamp": "17:49:47.698789", "frame": 80, "mu": [-1.1057734209892724, 1.5171851332952904, 1.170678809776172], "Sigma": [[0.010776191357229441, -0.00031775587716383047, -0.04227495344199314], [-0.00031775587716383047, 0.00341163508261786, -0.00164426097482341], [-0.04227495344199314, -0.00164426097482341, 0.3028195332512457]], "chi2_level": 0.99, "chi2_df": 3, "chi2_threshold": 11.344866730144373, "N_raw": 67, "N_roi": 67, "N_inlier": 62, "refit": true}
{"timestamp": "17:49:47.753704", "frame": 81, "mu": [-1.2740422588403102, 1.5505519140826336, -0.29156787149347657], "Sigma": [[0.06103825112720596, 0.07745220715569454, -0.142896474816197], [0.07745220715569454, 0.11504304027918194, -0.22164878398097065], [-0.142896474816197, -0.22164878398097065, 0.48845609999756373]], "chi2_level": 0.99, "chi2_df": 3, "chi2_threshold": 11.344866730144373, "N_raw": 66, "N_roi": 66, "N_inlier": 65, "refit": true}
{"timestamp": "17:49:47.808570", "frame": 82, "mu": [-1.3295035785578202, 1.4732762007723863, 1.5188546695037426], "Sigma": [[0.030350172808551908, 0.022679797694024784, -0.0747745724626894], [0.022679797694024784, 0.022797836981443786, -0.06980971614653012], [-0.07477457246268941, -0.06980971614653012, 0.42594573658405493]], "chi2_level": 0.99, "chi2_df": 3, "chi2_threshold": 11.344866730144373, "N_raw": 64, "N_roi": 64, "N_inlier": 62, "refit": true}
{"timestamp": "17:49:47.863570", "frame": 83, "mu": [-1.3665518479238548, 1.6298997218923292, -0.12845071235272357], "Sigma": [[0.027005418776932084, 0.03955456946780928, -0.060483364470754954], [0.039554569467809275, 0.09621532200887327, -0.1805290321578654], [-0.060483364470754954, -0.1805290321578654, 0.39591386360840936]], "chi2_level": 0.99, "chi2_df": 3, "chi2_threshold": 11.344866730144373, "N_raw": 59, "N_roi": 59, "N_inlier": 58, "refit": true}
{"timestamp": "17:49:47.914266", "frame": 84, "mu": [-1.2156092144980337, 1.6175059872339548, 1.3781163573349542], "Sigma": [[0.006053689733058011, -0.0028222596583746522, 0.018979197608677695], [-0.0028222596583746522, 0.008146251375892031, -0.028105126047155184], [0.018979197608677695, -0.028105126047155184, 0.25629097502341347]], "chi2_level": 0.99, "chi2_df": 3, "chi2_threshold": 11.344866730144373, "N_raw": 39, "N_roi": 39, "N_inlier": 39, "refit": true}
{"timestamp": "17:49:47.971468", "frame": 85, "mu": [-1.333768015516833, 1.6176951212844486, 0.056730604053290196], "Sigma": [[0.03346654239819791, 0.025607759030548835, -0.015045221623336852], [0.025607759030548835, 0.02920234424338962, -0.012095047959383064], [-0.015045221623336848, -0.012095047959383064, 0.007261158245577343]], "chi2_level": 0.99, "chi2_df": 3, "chi2_threshold": 11.344866730144373, "N_raw": 56, "N_roi": 56, "N_inlier": 52, "refit": true}
{"timestamp": "17:49:48.027239", "frame": 86, "mu": [-1.322917887043469, 1.6418612640939598, 1.6211788484044365], "Sigma": [[0.010148379658233139, -0.0010638280261850565, -0.004986119377499609], [-0.0010638280261850565, 0.003609824338444824, -0.003241471603795883], [-0.004986119377499609, -0.0032414716037958828, 0.019009482777668524]], "chi2_level": 0.99, "chi2_df": 3, "chi2_threshold": 11.344866730144373, "N_raw": 59, "N_roi": 59, "N_inlier": 52, "refit": true}
{"timestamp": "17:49:48.083208", "frame": 87, "mu": [-1.2753384276998647, 1.741023288363707, 1.5646923886791482], "Sigma": [[0.01084243311130656, -0.000872937497845555, -0.0038009705739408305], [-0.000872937497845555, 0.0057615983606587595, -0.0022453098581989633], [-0.003800970573940831, -0.0022453098581989637, 0.0038797053417444537]], "chi2_level": 0.99, "chi2_df": 3, "chi2_threshold": 11.344866730144373, "N_raw": 64, "N_roi": 64, "N_inlier": 61, "refit": true}
{"timestamp": "17:49:48.136449", "frame": 88, "mu": [-1.3204845637442277, 1.8430937346799516, -0.13719166363941038], "Sigma": [[0.007768290952406043, -0.0010924536791190665, 0.0075802021456570405], [-0.0010924536791190665, 0.008943221707474169, 0.011059341970865423], [0.007580202145657041, 0.011059341970865423, 0.04166720286926848]], "chi2_level": 0.99, "chi2_df": 3, "chi2_threshold": 11.344866730144373, "N_raw": 51, "N_roi": 51, "N_inlier": 47, "refit": true}
{"timestamp": "17:49:48.189739", "frame": 89, "mu": [-1.3110498165209155, 1.8227987783716326, 1.6140899198178782], "Sigma": [[0.007530610827717475, 0.001667142170483951, -0.008301169699869437], [0.001667142170483951, 0.004044208208965524, -0.004383421545274737], [-0.008301169699869437, -0.004383421545274737, 0.0262603991643114]], "chi2_level": 0.99, "chi2_df": 3, "chi2_threshold": 11.344866730144373, "N_raw": 44, "N_roi": 44, "N_inlier": 40, "refit": true}
{"timestamp": "17:49:48.243077", "frame": 90, "mu": [-1.4180765326788671, 1.8158165947960951, 1.3008724754224166], "Sigma": [[0.09832110419093656, 0.07409432373359195, -0.15823930320187707], [0.07409432373359195, 0.059391439996789655, -0.13359222127364268], [-0.1582393032018771, -0.13359222127364268, 0.4049172929720601]], "chi2_level": 0.99, "chi2_df": 3, "chi2_threshold": 11.344866730144373, "N_raw": 32, "N_roi": 32, "N_inlier": 32, "refit": true}
{"timestamp": "17:49:48.295358", "frame": 91, "mu": [-1.2730779826092111, 1.9752278411860809, 1.0152308318499121], "Sigma": [[0.013794542103424115, 0.006896155450222825, 0.0480772273483094], [0.006896155450222825, 0.0072582201840978074, 0.02034203368278646], [0.04807722734830941, 0.02034203368278646, 0.32818409530313125]], "chi2_level": 0.99, "chi2_df": 3, "chi2_threshold": 11.344866730144373, "N_raw": 11, "N_roi": 11, "N_inlier": 11, "refit": true}
{"timestamp": "17:49:48.362800", "frame": 92, "mu": [-1.2724533828686373, 2.0520948278630233, 0.0388584094033989], "Sigma": [[0.012086688094647425, 0.00890855599785292, -0.016808691325329618], [0.00890855599785292, 0.02081828982520871, -0.02564357657182874], [-0.016808691325329618, -0.025643576571828735, 0.04279944800243236]], "chi2_level": 0.99, "chi2_df": 3, "chi2_threshold": 11.344866730144373, "N_raw": 94, "N_roi": 94, "N_inlier": 86, "refit": true}
{"timestamp": "17:49:48.415136", "frame": 93, "mu": [-1.2988702617473626, 2.042375820717088, 1.5366049548252938], "Sigma": [[0.009354632073744906, 0.002610678512686546, -0.011453499678314886], [0.002610678512686546, 0.007020584298466438, -0.011549273346757507], [-0.011453499678314886, -0.011549273346757507, 0.03918817113522564]], "chi2_level": 0.99, "chi2_df": 3, "chi2_threshold": 11.344866730144373, "N_raw": 74, "N_roi": 74, "N_inlier": 69, "refit": true}
{"timestamp": "17:49:48.474339", "frame": 94, "mu": [-1.3658385942791869, 2.0987115200368995, 1.2158515370979524], "Sigma": [[0.02093938612671454, -0.004050149916190013, 0.039127547652604906], [-0.004050149916190013, 0.00859753927140242, -0.029922049309294263], [0.039127547652604906, -0.02992204930929426, 0.2209453899420464]], "chi2_level": 0.99, "chi2_df": 3, "chi2_threshold": 11.344866730144373, "N_raw": 97, "N_roi": 97, "N_inlier": 96, "refit": true}
{"timestamp": "17:49:48.524265", "frame": 95, "mu": [-1.2600921279672073, 2.118631219750317, 1.4787300205908376], "Sigma": [[0.009752288874128755, 0.002625745078671287, -0.010475149752897225], [0.002625745078671287, 0.0070240273007324576, -0.009801166940445982], [-0.010475149752897225, -0.009801166940445982, 0.024207958132703787]], "chi2_level": 0.99, "chi2_df": 3, "chi2_threshold": 11.344866730144373, "N_raw": 70, "N_roi": 70, "N_inlier": 66, "refit": true}
{"timestamp": "17:49:48.577631", "frame": 96, "mu": [-1.324654782958517, 2.1384436333169785, 1.5788298721683258], "Sigma": [[0.010299940859475049, 0.003988698400660601, -0.011664686951921318], [0.003988698400660601, 0.007231108451690264, -0.008052260592308976], [-0.01166468695192132, -0.008052260592308976, 0.019839452620512118]], "chi2_level": 0.99, "chi2_df": 3, "chi2_threshold": 11.344866730144373, "N_raw": 60, "N_roi": 60, "N_inlier": 57, "refit": true}
{"timestamp": "17:49:48.631087", "frame": 97, "mu": [-1.3322453891144193, 2.182646958308474, 1.428333190477862], "Sigma": [[0.008105002573396634, 0.0022737880557248203, -0.006221415172877194], [0.0022737880557248203, 0.003860741263299973, -0.008355137877001744], [-0.006221415172877194, -0.008355137877001746, 0.021310229057813466]], "chi2_level": 0.99, "chi2_df": 3, "chi2_threshold": 11.344866730144373, "N_raw": 51, "N_roi": 51, "N_inlier": 49, "refit": true}
{"timestamp": "17:49:48.680086", "frame": 98, "mu": [-1.317929666987324, 2.1874604176736674, 1.0445603976494051], "Sigma": [[0.0028498039502142993, 0.0015003005600218462, 0.013086555428599699], [0.0015003005600218466, 0.015983979600327436, 0.06642359034916832], [0.013086555428599697, 0.06642359034916831, 0.4060578553848982]], "chi2_level": 0.99, "chi2_df": 3, "chi2_threshold": 11.344866730144373, "N_raw": 12, "N_roi": 11, "N_inlier": 11, "refit": true}
{"timestamp": "17:49:48.743630", "frame": 99, "mu": [-1.3255574313800187, 2.3094523950746972, 1.5059034532137048], "Sigma": [[0.01087403652546816, 0.003644760489599867, -0.007444940056273733], [0.003644760489599867, 0.00697172667708061, -0.010867803596921046], [-0.007444940056273733, -0.010867803596921046, 0.022559846817130996]], "chi2_level": 0.99, "chi2_df": 3, "chi2_threshold": 11.344866730144373, "N_raw": 68, "N_roi": 68, "N_inlier": 66, "refit": true}
{"timestamp": "17:49:48.893875", "frame": 100, "mu": [-1.3035569852988145, 2.343047232742984, 1.2476900507634132], "Sigma": [[0.005723527446962809, 0.00015414157672819217, 0.008905930753775748], [0.00015414157672819233, 0.0037084252639634037, -0.009753940301707842], [0.008905930753775746, -0.009753940301707842, 0.11609342381242041]], "chi2_level": 0.99, "chi2_df": 3, "chi2_threshold": 11.344866730144373, "N_raw": 41, "N_roi": 41, "N_inlier": 38, "refit": true}
{"timestamp": "17:49:48.940372", "frame": 101, "mu": [-1.4031964782412922, 2.606719773258981, -0.3509805681198347], "Sigma": [[0.016720526197816, -0.013007105574454794, 0.04965872566008921], [-0.013007105574454792, 0.0320663854072689, -0.09264166520867709], [0.04965872566008922, -0.09264166520867709, 0.3534393158132682]], "chi2_level": 0.99, "chi2_df": 3, "chi2_threshold": 11.344866730144373, "N_raw": 61, "N_roi": 61, "N_inlier": 61, "refit": true}
{"timestamp": "17:49:48.971789", "frame": 102, "mu": [-1.3775745234386942, 2.476273673921043, 1.1329495508018144], "Sigma": [[0.012329209510557578, 0.0002993832724344846, 0.010574849320125338], [0.0002993832724344845, 0.006704585982757251, -0.024631671340275864], [0.010574849320125335, -0.024631671340275864, 0.42092563448081727]], "chi2_level": 0.99, "chi2_df": 3, "chi2_threshold": 11.344866730144373, "N_raw": 107, "N_roi": 107, "N_inlier": 107, "refit": true}
