{"timestamp": "17:45:20.537477", "frame": 23, "mu": [2.385781406650186, 4.933670185220251, 0.958842280827591], "Sigma": [[0.005276303448329394, -0.0027054681884335395, -0.00417563764283437], [-0.0027054681884335395, 0.0023693860386743786, 0.000237595185272463], [-0.004175637642834371, 0.000237595185272463, 0.011354236481326167]], "chi2_level": 0.99, "chi2_df": 3, "chi2_threshold": 11.344866730144373, "N_raw": 47, "N_roi": 8, "N_inlier": 8, "refit": true}
{"timestamp": "17:45:20.596815", "frame": 24, "mu": [2.3596593349655355, 4.902849353615784, 0.9661677604361514], "Sigma": [[0.008407192620712255, -0.004115277831873371, -0.007471194364772811], [-0.004115277831873371, 0.0034581122927492837, 0.00019013929959112662], [-0.007471194364772811, 0.00019013929959112706, 0.027780676668868742]], "chi2_level": 0.99, "chi2_df": 3, "chi2_threshold": 11.344866730144373, "N_raw": 76, "N_roi": 14, "N_inlier": 14, "refit": true}
{"timestamp": "17:45:20.700444", "frame": 26, "mu": [2.3234312961655172, 4.897658179428193, 0.9421744831274678], "Sigma": [[0.01071988297234139, -0.0047826173751864326, -0.007348131729611225], [-0.004782617375186433, 0.0037794542631733835, 0.0017905233950445748], [-0.007348131729611224, 0.0017905233950445746, 0.009775935081768406]], "chi2_level": 0.99, "chi2_df": 3, "chi2_threshold": 11.344866730144373, "N_raw": 35, "N_roi": 13, "N_inlier": 13, "refit": true}
{"timestamp": "17:45:20.755381", "frame": 27, "mu": [2.3026091829353788, 4.875405059971429, -0.8469871571665664], "Sigma": [[0.01272137314519886, -0.0007676633568708265, 0.05841063475598854], [-0.0007676633568708265, 0.003161924112644511, 0.00208347103734415], [0.058410634755988546, 0.0020834710373441494, 0.41993726824328437]], "chi2_level": 0.99, "chi2_df": 3, "chi2_threshold": 11.344866730144373, "N_raw": 32, "N_roi": 19, "N_inlier": 19, "refit": true}
{"timestamp": "17:45:20.975853", "frame": 31, "mu": [2.217645756497326, 4.740050757179542, 0.9129361051785934], "Sigma": [[0.012165494821331856, -0.005732349281676695, -0.00017168051763302402], [-0.005732349281676695, 0.0044461758637777795, -0.0012759766763166792], [-0.00017168051763302413, -0.0012759766763166792, 0.003534552422777308]], "chi2_level": 0.99, "chi2_df": 3, "chi2_threshold": 11.344866730144373, "N_raw": 17, "N_roi": 16, "N_inlier": 16, "refit": true}
{"timestamp": "17:45:21.029180", "frame": 32, "mu": [2.3311636804752847, 4.7822849919666695, 0.0929421269264566], "Sigma": [[0.005844734580142195, -0.005576513726232512, -0.004579293522099778], [-0.005576513726232511, 0.0106859609089886, -0.002959027149849818], [-0.004579293522099777, -0.002959027149849818, 0.01643091343244161]], "chi2_level": 0.99, "chi2_df": 3, "chi2_threshold": 11.344866730144373, "N_raw": 12, "N_roi": 9, "N_inlier": 9, "refit": true}
{"timestamp": "17:45:21.141281", "frame": 34, "mu": [2.146124688158083, 4.593034164985285, 1.1079368700166574], "Sigma": [[0.01655980913573523, -0.010312543039810003, -0.0017131680642585075], [-0.010312543039810003, 0.007926369048657487, -0.0032795912946508203], [-0.0017131680642585062, -0.0032795912946508203, 0.031067429761412357]], "chi2_level": 0.99, "chi2_df": 3, "chi2_threshold": 11.344866730144373, "N_raw": 24, "N_roi": 22, "N_inlier": 21, "refit": true}
{"timestamp": "17:45:21.199301", "frame": 35, "mu": [2.126495765421521, 4.567080241901098, 1.1967886433455066], "Sigma": [[0.02657351395330146, -0.015149203032328907, -0.011498795107026581], [-0.015149203032328907, 0.011504198863492906, 0.0011245802911208917], [-0.011498795107026581, 0.0011245802911208917, 0.020709122823509996]], "chi2_level": 0.99, "chi2_df": 3, "chi2_threshold": 11.344866730144373, "N_raw": 39, "N_roi": 39, "N_inlier": 38, "refit": true}
{"timestamp": "17:45:21.304351", "frame": 37, "mu": [2.038158166798584, 4.4805343210721364, 0.8889963054521606], "Sigma": [[0.0042140605431564395, -0.0024128389507156326, -0.00934553331402724], [-0.002412838950715632, 0.0019908114959951966, 0.0015494409922615347], [-0.00934553331402724, 0.0015494409922615342, 0.053035231895299184]], "chi2_level": 0.99, "chi2_df": 3, "chi2_threshold": 11.344866730144373, "N_raw": 9, "N_roi": 9, "N_inlier": 9, "refit": true}
{"timestamp": "17:45:21.421233", "frame": 39, "mu": [1.9838572174504348, 4.493150087665724, 0.15563210633958494], "Sigma": [[0.026466226847927043, -0.009671269303042147, -0.011925049031419279], [-0.009671269303042147, 0.015066895603155946, -0.025808173490077378], [-0.011925049031419279, -0.025808173490077378, 0.09005790060350387]], "chi2_level": 0.99, "chi2_df": 3, "chi2_threshold": 11.344866730144373, "N_raw": 59, "N_roi": 58, "N_inlier": 57, "refit": true}
{"timestamp": "17:45:21.474750", "frame": 40, "mu": [1.9321973175818101, 4.362460333177925, 0.9330870806758534], "Sigma": [[0.019678834293512866, -0.00924915433430689, -0.008794738828376671], [-0.009249154334306888, 0.00471569808537898, 0.0014850078908167147], [-0.00879473882837667, 0.0014850078908167147, 0.08015163106201749]], "chi2_level": 0.99, "chi2_df": 3, "chi2_threshold": 11.344866730144373, "N_raw": 42, "N_roi": 42, "N_inlier": 41, "refit": true}
{"timestamp": "17:45:21.580717", "frame": 42, "mu": [1.8322748310695474, 4.345724912851903, -0.6172839428885699], "Sigma": [[0.008772080462038917, -0.0013134780009171224, 0.03103552212504488], [-0.0013134780009171224, 0.0022295303062950687, -0.0034405690038314244], [0.03103552212504488, -0.003440569003831424, 0.2336285387043013]], "chi2_level": 0.99, "chi2_df": 3, "chi2_threshold": 11.344866730144373, "N_raw": 19, "N_roi": 19, "N_inlier": 19, "refit": true}
{"timestamp": "17:45:21.634327", "frame": 43, "mu": [1.7727899511483907, 4.292731539055504, 1.0957117354601542], "Sigma": [[0.00208471657276777, -9.303365046267148e-05, -0.0023979900032987363], [-9.303365046267148e-05, 0.00434543582497639, -0.007165900877529985], [-0.0023979900032987363, -0.007165900877529985, 0.01759553136724938]], "chi2_level": 0.99, "chi2_df": 3, "chi2_threshold": 11.344866730144373, "N_raw": 10, "N_roi": 10, "N_inlier": 10, "refit": true}
{"timestamp": "17:45:21.691530", "frame": 44, "mu": [1.7831469310416663, 4.239090758136529, 1.172262854266292], "Sigma": [[0.01548570846434078, -0.008392730409905898, -0.01377721443833915], [-0.008392730409905898, 0.005992744968138249, 0.0020756241415793176], [-0.01377721443833915, 0.0020756241415793167, 0.04619746418618356]], "chi2_level": 0.99, "chi2_df": 3, "chi2_threshold": 11.344866730144373, "N_raw": 32, "N_roi": 32, "N_inlier": 32, "refit": true}
{"timestamp": "17:45:21.750099", "frame": 45, "mu": [1.766452252541145, 4.286880118552994, -0.130113300651176], "Sigma": [[0.025634732166138898, -0.005056134106467347, 0.036402665268235386], [-0.005056134106467347, 0.008842169607561878, -0.003054297141929936], [0.036402665268235386, -0.003054297141929935, 0.16405156136418717]], "chi2_level": 0.99, "chi2_df": 3, "chi2_threshold": 11.344866730144373, "N_raw": 55, "N_roi": 55, "N_inlier": 55, "refit": true}
{"timestamp": "17:45:21.803521", "frame": 46, "mu": [1.7727996943998225, 4.142166774781273, 0.96716835889063], "Sigma": [[0.02065268493388156, -0.009632930449818267, -0.006335281905690117], [-0.009632930449818267, 0.008844868936956808, 0.0012845144916546858], [-0.0063352819056901166, 0.0012845144916546853, 0.005073435642912706]], "chi2_level": 0.99, "chi2_df": 3, "chi2_threshold": 11.344866730144373, "N_raw": 40, "N_roi": 40, "N_inlier": 40, "refit": true}
{"timestamp": "17:45:21.855691", "frame": 47, "mu": [1.7016465608311284, 4.1030800112032075, 0.8274560170369255], "Sigma": [[0.009071476951520012, -0.002603161652081367, -0.0010062306060077703], [-0.002603161652081367, 0.002705424554451147, -0.00165600079050956], [-0.0010062306060077703, -0.0016560007905095603, 0.004334180835844938]], "chi2_level": 0.99, "chi2_df": 3, "chi2_threshold": 11.344866730144373, "N_raw": 19, "N_roi": 19, "N_inlier": 19, "refit": true}
{"timestamp": "17:45:21.915883", "frame": 48, "mu": [1.6603765344003925, 4.213509412434044, -0.2899495100226485], "Sigma": [[0.022442231155173867, -0.008014929841433267, -0.010682042859327388], [-0.008014929841433266, 0.006139879663727753, -0.0041266042427834625], [-0.010682042859327386, -0.004126604242783464, 0.032643875732060686]], "chi2_level": 0.99, "chi2_df": 3, "chi2_threshold": 11.344866730144373, "N_raw": 46, "N_roi": 39, "N_inlier": 38, "refit": true}
{"timestamp": "17:45:21.965740", "frame": 49, "mu": [1.6833837575803634, 3.921481166972864, 0.7503793111611724], "Sigma": [[0.01345379427813019, -0.006782924267430088, -0.005191237201573596], [-0.006782924267430088, 0.00417157325568276, 0.00835093289215761], [-0.005191237201573595, 0.008350932892157612, 0.05342088396634471]], "chi2_level": 0.99, "chi2_df": 3, "chi2_threshold": 11.344866730144373, "N_raw": 23, "N_roi": 23, "N_inlier": 22, "refit": true}
{"timestamp": "17:45:22.024316", "frame": 50, "mu": [1.6670110697990022, 3.883972411126557, 0.8197259537568462], "Sigma": [[0.022288445905037105, -0.012466071317245711, -0.02551533263255778], [-0.012466071317245711, 0.007719794236419453, 0.012841783612059884], [-0.02551533263255778, 0.012841783612059881, 0.08010505271375742]], "chi2_level": 0.99, "chi2_df": 3, "chi2_threshold": 11.344866730144373, "N_raw": 46, "N_roi": 46, "N_inlier": 45, "refit": true}
{"timestamp": "17:45:22.074553", "frame": 51, "mu": [1.5383753588174098, 3.9119601838979774, 0.7580584647685282], "Sigma": [[0.00653311464094145, -0.006166778396107244, 0.002195375848303124], [-0.006166778396107245, 0.007595999658106382, -0.004119060815838534], [0.002195375848303124, -0.004119060815838534, 0.00569785340995694]], "chi2_level": 0.99, "chi2_df": 3, "chi2_threshold": 11.344866730144373, "N_raw": 13, "N_roi": 13, "N_inlier": 12, "refit": true}
{"timestamp": "17:45:22.131731", "frame": 52, "mu": [1.5848072587037643, 3.963879242809326, 0.0009098021716148555], "Sigma": [[0.011483670573976947, -0.00593499809647852, -0.0038335846486256117], [-0.00593499809647852, 0.006126371061449932, -0.0035364230624854117], [-0.0038335846486256117, -0.0035364230624854117, 0.01456127318932285]], "chi2_level": 0.99, "chi2_df": 3, "chi2_threshold": 11.344866730144373, "N_raw": 23, "N_roi": 23, "N_inlier": 21, "refit": true}
{"timestamp": "17:45:22.188242", "frame": 53, "mu": [1.5188045914272532, 3.7941916339422628, 1.021876936616517], "Sigma": [[0.01792341869736077, -0.008338345245539901, -0.01626520841120825], [-0.008338345245539901, 0.004942851109936359, 0.0034895203650500196], [-0.01626520841120825, 0.0034895203650500196, 0.03680955474396942]], "chi2_level": 0.99, "chi2_df": 3, "chi2_threshold": 11.344866730144373, "N_raw": 39, "N_roi": 39, "N_inlier": 37, "refit": true}
{"timestamp": "17:45:22.241421", "frame": 54, "mu": [1.4262146609102322, 3.8369622913269277, 0.9845527101231665], "Sigma": [[0.01777252079674483, -0.013104443967328142, 0.0005104788778800434], [-0.013104443967328142, 0.012416045359791269, -0.004529331278741021], [0.000510478877880043, -0.004529331278741021, 0.013428826378705074]], "chi2_level": 0.99, "chi2_df": 3, "chi2_threshold": 11.344866730144373, "N_raw": 25, "N_roi": 25, "N_inlier": 22, "refit": true}
{"timestamp": "17:45:22.298315", "frame": 55, "mu": [1.6132683543952893, 3.5629368143533946, 0.7049707826312153], "Sigma": [[0.017321638025319733, -0.012864781267327012, -0.006947934687923983], [-0.012864781267327012, 0.012467120282961765, 0.002525956560807013], [-0.006947934687923983, 0.0025259565608070134, 0.009866484504074667]], "chi2_level": 0.99, "chi2_df": 3, "chi2_threshold": 11.344866730144373, "N_raw": 38, "N_roi": 38, "N_inlier": 35, "refit": true}
{"timestamp": "17:45:22.352372", "frame": 56, "mu": [1.484530964838367, 3.6100898353177557, 0.8996644231765977], "Sigma": [[0.01725391043627427, -0.01597612659617965, -0.004624773000602072], [-0.01597612659617965, 0.018665955166440915, -0.00051483430302257], [-0.004624773000602073, -0.0005148343030225695, 0.02244544088695285]], "chi2_level": 0.99, "chi2_df": 3, "chi2_threshold": 11.344866730144373, "N_raw": 34, "N_roi": 34, "N_inlier": 31, "refit": true}
{"timestamp": "17:45:22.409848", "frame": 57, "mu": [1.345108932810642, 3.754168926241509, -0.3846190856234059], "Sigma": [[0.01922999756302828, -0.0009493955835852587, 0.053550267731873526], [-0.0009493955835852587, 0.0060182042748525, 0.00229172620446921], [0.053550267731873526, 0.0022917262044692107, 0.2616438916012729]], "chi2_level": 0.99, "chi2_df": 3, "chi2_threshold": 11.344866730144373, "N_raw": 40, "N_roi": 40, "N_inlier": 39, "refit": true}
{"timestamp": "17:45:22.469736", "frame": 58, "mu": [1.297835850314727, 3.598821422935697, 0.964030109360004], "Sigma": [[0.02456888219273485, -0.010925325173021937, 0.019173722143664702], [-0.010925325173021937, 0.006361233680162822, -0.012724803181882165], [0.019173722143664702, -0.012724803181882165, 0.06311530822872971]], "chi2_level": 0.99, "chi2_df": 3, "chi2_threshold": 11.344866730144373, "N_raw": 59, "N_roi": 59, "N_inlier": 57, "refit": true}
{"timestamp": "17:45:22.521236", "frame": 59, "mu": [1.2874411265816397, 3.6627905426169898, 0.10177634121752666], "Sigma": [[0.022502289915462582, -0.009119565317903429, -0.0071308575631884], [-0.009119565317903429, 0.009232514342257471, -0.0011075520528559851], [-0.0071308575631884, -0.0011075520528559851, 0.00867281659329895]], "chi2_level": 0.99, "chi2_df": 3, "chi2_threshold": 11.344866730144373, "N_raw": 53, "N_roi": 53, "N_inlier": 50, "refit": true}
{"timestamp": "17:45:22.575091", "frame": 60, "mu": [1.1911012694132754, 3.5200605005129915, 0.7359879602089705], "Sigma": [[0.019811349213557938, -0.00678371222625817, 0.015077709036438895], [-0.006783712226258169, 0.003950737035526934, -0.00407121560922844], [0.015077709036438899, -0.00407121560922844, 0.1037068919455962]], "chi2_level": 0.99, "chi2_df": 3, "chi2_threshold": 11.344866730144373, "N_raw": 48, "N_roi": 48, "N_inlier": 48, "refit": true}
{"timestamp": "17:45:22.625487", "frame": 61, "mu": [1.1223903768281884, 3.4501518406403044, 0.8619801183249469], "Sigma": [[0.002031856977811073, 0.0023378839537963464, 0.0031943068786800025], [0.0023378839537963455, 0.018669970107182104, -0.026115937950060245], [0.0031943068786800025, -0.026115937950060245, 0.07869394530203021]], "chi2_level": 0.99, "chi2_df": 3, "chi2_threshold": 11.344866730144373, "N_raw": 9, "N_roi": 7, "N_inlier": 7, "refit": true}
{"timestamp": "17:45:22.689127", "frame": 62, "mu": [1.0853347689726545, 3.5300852740438025, -0.4036606416036191], "Sigma": [[0.018956672823108634, 0.005175610990750047, 0.04204554032508454], [0.005175610990750047, 0.011304190719728465, 0.015822171569199992], [0.04204554032508454, 0.01582217156919999, 0.1831988976218137]], "chi2_level": 0.99, "chi2_df": 3, "chi2_threshold": 11.344866730144373, "N_raw": 72, "N_roi": 70, "N_inlier": 68, "refit": true}
{"timestamp": "17:45:22.734685", "frame": 63, "mu": [1.0914131153514364, 3.539348701416975, 0.8696250344131387], "Sigma": [[0.0005534571151937932, -0.0034171980578035182, 0.007432018527723495], [-0.0034171980578035182, 0.0466933011631534, -0.07734782730935674], [0.007432018527723495, -0.07734782730935674, 0.21589881134705766]], "chi2_level": 0.99, "chi2_df": 3, "chi2_threshold": 11.344866730144373, "N_raw": 9, "N_roi": 9, "N_inlier": 9, "refit": true}
{"timestamp": "17:45:22.791985", "frame": 64, "mu": [1.0168334904298115, 3.378309554632336, 1.0172533442177272], "Sigma": [[0.01201524614871955, -0.005839711890255124, -0.005994291550899334], [-0.005839711890255124, 0.005221246784065257, 0.0010140623056185591], [-0.005994291550899334, 0.0010140623056185591, 0.00742279158399493]], "chi2_level": 0.99, "chi2_df": 3, "chi2_threshold": 11.344866730144373, "N_raw": 33, "N_roi": 33, "N_inlier": 33, "refit": true}
{"timestamp": "17:45:22.850423", "frame": 65, "mu": [1.05456185918025, 3.2906877436176414, 0.945198708956424], "Sigma": [[0.022567738953366688, -0.007171953129683236, -0.01682964390524687], [-0.007171953129683236, 0.004501378577760432, 0.0009748182566246757], [-0.01682964390524687, 0.0009748182566246758, 0.026600483233937815]], "chi2_level": 0.99, "chi2_df": 3, "chi2_threshold": 11.344866730144373, "N_raw": 57, "N_roi": 57, "N_inlier": 57, "refit": true}
{"timestamp": "17:45:22.908777", "frame": 66, "mu": [0.9364498474474914, 3.3368982721802563, 0.9628012493190461], "Sigma": [[0.020163888238824305, -0.011329808787673059, -0.005021815585491444], [-0.011329808787673059, 0.0120332579994757, -0.0030316511064250847], [-0.005021815585491444, -0.0030316511064250847, 0.01155918162640261]], "chi2_level": 0.99, "chi2_df": 3, "chi2_threshold": 11.344866730144373, "N_raw": 74, "N_roi": 74, "N_inlier": 72, "refit": true}
{"timestamp": "17:45:22.958608", "frame": 67, "mu": [0.8427221222687081, 3.346565743702314, -1.0656697443086869], "Sigma": [[0.02213988634207025, -0.0041832750597658175, 0.034809209407418384], [-0.0041832750597658175, 0.007396000565395071, 0.005597259407964449], [0.034809209407418384, 0.005597259407964449, 0.10603344649243482]], "chi2_level": 0.99, "chi2_df": 3, "chi2_threshold": 11.344866730144373, "N_raw": 44, "N_roi": 44, "N_inlier": 44, "refit": true}
{"timestamp": "17:45:23.018607", "frame": 68, "mu": [0.7833624956910492, 3.2517691504345447, 0.9802252149982251], "Sigma": [[0.01913220120741515, -0.010475909735185302, -0.0027877448786324584], [-0.010475909735185304, 0.009725222941056154, -0.006283329835982334], [-0.002787744878632459, -0.006283329835982334, 0.04209322786885611]], "chi2_level": 0.99, "chi2_df": 3, "chi2_threshold": 11.344866730144373, "N_raw": 75, "N_roi": 75, "N_inlier": 74, "refit": true}
{"timestamp": "17:45:23.072054", "frame": 69, "mu": [0.7743677672164492, 3.2412922570110245, 0.6676125750879741], "Sigma": [[0.026857525442476313, -0.004588390370121445, -0.05064878336927752], [-0.004588390370121446, 0.008697461144123722, -0.006697378205147493], [-0.05064878336927753, -0.006697378205147493, 0.17123679306471995]], "chi2_level": 0.99, "chi2_df": 3, "chi2_threshold": 11.344866730144373, "N_raw": 59, "N_roi": 57, "N_inlier": 55, "refit": true}
{"timestamp": "17:45:23.133755", "frame": 70, "mu": [0.7402147830240956, 3.2235617999413706, -0.2766441105293201], "Sigma": [[0.02140118105635709, -0.024173308129869057, -0.042434597947605596], [-0.024173308129869057, 0.14868687085624624, 0.2843478918904826], [-0.042434597947605596, 0.2843478918904826, 0.7278731564411826]], "chi2_level": 0.99, "chi2_df": 3, "chi2_threshold": 11.344866730144373, "N_raw": 101, "N_roi": 101, "N_inlier": 97, "refit": true}
{"timestamp": "17:45:23.182250", "frame": 71, "mu": [0.7763680959076003, 3.0540369953421678, 0.9390967087808246], "Sigma": [[0.016436337178441028, -0.004554332432102539, -0.0059887209776575126], [-0.004554332432102539, 0.005370389870092266, -0.0057609690265492], [-0.0059887209776575126, -0.0057609690265492, 0.018675836368264205]], "chi2_level": 0.99, "chi2_df": 3, "chi2_threshold": 11.344866730144373, "N_raw": 62, "N_roi": 62, "N_inlier": 58, "refit": true}
{"timestamp": "17:45:23.235787", "frame": 72, "mu": [0.6510629678682732, 3.077298443261908, 0.98111239564856], "Sigma": [[0.010902227544143413, -0.005167480442517091, -0.006346173967594872], [-0.005167480442517091, 0.006791085056093718, -7.650366268503262e-05], [-0.006346173967594872, -7.65036626850324e-05, 0.010767145092193174]], "chi2_level": 0.99, "chi2_df": 3, "chi2_threshold": 11.344866730144373, "N_raw": 51, "N_roi": 51, "N_inlier": 47, "refit": true}
{"timestamp": "17:45:23.295931", "frame": 73, "mu": [0.5832725481644173, 3.0431121676684807, 1.0232547207513665], "Sigma": [[0.024058545416745784, -0.014324046449317361, -0.0022092105354159803], [-0.014324046449317361, 0.014931087629781452, -0.0030554240730728214], [-0.0022092105354159807, -0.0030554240730728214, 0.007784086995693972]], "chi2_level": 0.99, "chi2_df": 3, "chi2_threshold": 11.344866730144373, "N_raw": 90, "N_roi": 87, "N_inlier": 86, "refit": true}
{"timestamp": "17:45:23.352636", "frame": 74, "mu": [0.5979532343845099, 2.9819299789124605, 1.0250102101671077], "Sigma": [[0.02023958863782431, -0.012331721047316505, -0.00016617529905311275], [-0.012331721047316507, 0.012889654598707482, -0.0074062464753176654], [-0.00016617529905311275, -0.007406246475317665, 0.01699253558618056]], "chi2_level": 0.99, "chi2_df": 3, "chi2_threshold": 11.344866730144373, "N_raw": 92, "N_roi": 92, "N_inlier": 88, "refit": true}
{"timestamp": "17:45:23.410210", "frame": 75, "mu": [0.5418109796720192, 2.9451791634029965, 1.00493241022395], "Sigma": [[0.023169216854754673, -0.01679041262945248, -0.00863463192867267], [-0.01679041262945248, 0.018638038294590837, -0.0011575558722071988], [-0.00863463192867267, -0.0011575558722071988, 0.019787371543894844]], "chi2_level": 0.99, "chi2_df": 3, "chi2_threshold": 11.344866730144373, "N_raw": 106, "N_roi": 104, "N_inlier": 102, "refit": true}
{"timestamp": "17:45:23.465966", "frame": 76, "mu": [0.5875282753966717, 2.794254941679261, 0.8996359628689926], "Sigma": [[0.03360407499951516, -0.01812259149052003, 0.004851624557766252], [-0.01812259149052003, 0.014468349029609275, -0.002230700224377528], [0.004851624557766252, -0.002230700224377528, 0.049429922388684745]], "chi2_level": 0.99, "chi2_df": 3, "chi2_threshold": 11.344866730144373, "N_raw": 114, "N_roi": 111, "N_inlier": 108, "refit": true}
{"timestamp": "17:45:23.516415", "frame": 77, "mu": [0.5529630693978886, 2.750586624746825, 0.998631616125495], "Sigma": [[0.022224731148368204, -0.011514326434459158, 0.0030220218099870065], [-0.011514326434459158, 0.010592528544759153, -0.0028673244860457775], [0.0030220218099870065, -0.0028673244860457775, 0.030848182864019368]], "chi2_level": 0.99, "chi2_df": 3, "chi2_threshold": 11.344866730144373, "N_raw": 84, "N_roi": 84, "N_inlier": 80, "refit": true}
{"timestamp": "17:45:23.571288", "frame": 78, "mu": [0.4440977114303421, 2.731485100801005, 1.0211125790637805], "Sigma": [[0.022679157048937887, -0.010703236935899137, 0.012653725096706779], [-0.010703236935899136, 0.009187676907534371, -0.00882810709618866], [0.012653725096706779, -0.00882810709618866, 0.04987547071011539]], "chi2_level": 0.99, "chi2_df": 3, "chi2_threshold": 11.344866730144373, "N_raw": 89, "N_roi": 89, "N_inlier": 86, "refit": true}
{"timestamp": "17:45:23.628978", "frame": 79, "mu": [0.41932678783437766, 2.722429508850294, -0.16613713605290686], "Sigma": [[0.02215116556127112, -0.010214186480433955, 0.1317251780124887], [-0.010214186480433953, 0.011753947791041277, -0.06683297808213709], [0.1317251780124887, -0.06683297808213709, 1.0696343610433408]], "chi2_level": 0.99, "chi2_df": 3, "chi2_threshold": 11.344866730144373, "N_raw": 110, "N_roi": 110, "N_inlier": 107, "refit": true}
{"timestamp": "17:45:23.677434", "frame": 80, "mu": [0.4431112222806102, 2.6568985240822767, 1.1815299606773721], "Sigma": [[0.024782575332391293, -0.007544363116394207, 0.02628932431932934], [-0.007544363116394206, 0.006825676927226509, -0.00776731621521612], [0.02628932431932934, -0.007767316215216119, 0.06975978865053586]], "chi2_level": 0.99, "chi2_df": 3, "chi2_threshold": 11.344866730144373, "N_raw": 58, "N_roi": 58, "N_inlier": 54, "refit": true}
{"timestamp": "17:45:23.734695", "frame": 81, "mu": [0.36371167813913047, 2.64750630240029, -0.5024562015709162], "Sigma": [[0.016262295278832047, 0.0024473450887459083, 0.06490778126529648], [0.0024473450887459083, 0.010439051932697277, -0.0035639121431189726], [0.06490778126529648, -0.0035639121431189726, 0.46753332798506236]], "chi2_level": 0.99, "chi2_df": 3, "chi2_threshold": 11.344866730144373, "N_raw": 80, "N_roi": 78, "N_inlier": 75, "refit": true}
{"timestamp": "17:45:23.791223", "frame": 82, "mu": [0.2911306880963311, 2.569425481799726, 1.1614923717350205], "Sigma": [[0.015193140034757963, -0.0009754203881070872, -0.0002355381392794861], [-0.0009754203881070874, 0.007547131982936498, -0.001357205154705416], [-0.00023553813927948593, -0.0013572051547054158, 0.0015288387150126852]], "chi2_level": 0.99, "chi2_df": 3, "chi2_threshold": 11.344866730144373, "N_raw": 83, "N_roi": 82, "N_inlier": 77, "refit": true}
{"timestamp": "17:45:23.840821", "frame": 83, "mu": [0.29380235207735794, 2.5006367181795057, 1.1641096584399897], "Sigma": [[0.0113111212604688, -0.000308924788090356, 0.0012406966949080843], [-0.0003089247880903559, 0.0029488706607147877, -0.0014828572598271162], [0.001240696694908084, -0.0014828572598271162, 0.0030261655579586063]], "chi2_level": 0.99, "chi2_df": 3, "chi2_threshold": 11.344866730144373, "N_raw": 49, "N_roi": 46, "N_inlier": 44, "refit": true}
{"timestamp": "17:45:23.899466", "frame": 84, "mu": [0.18869101345418746, 2.4854799983967926, 1.1344193885566227], "Sigma": [[0.014839809398754488, -0.0008693712270553914, 0.002207755118394781], [-0.0008693712270553913, 0.003732626531365042, -0.005080107491517142], [0.002207755118394781, -0.005080107491517142, 0.00977305556387295]], "chi2_level": 0.99, "chi2_df": 3, "chi2_threshold": 11.344866730144373, "N_raw": 81, "N_roi": 79, "N_inlier": 79, "refit": true}
{"timestamp": "17:45:23.953551", "frame": 85, "mu": [0.12962135578961406, 2.5186477871468735, 1.2205128385745267], "Sigma": [[0.012359164736970346, -0.0038919558314396796, -0.004595723495582619], [-0.00389195583143968, 0.005321590154812056, -0.0037651243044113302], [-0.004595723495582618, -0.0037651243044113302, 0.011286310514699896]], "chi2_level": 0.99, "chi2_df": 3, "chi2_threshold": 11.344866730144373, "N_raw": 76, "N_roi": 76, "N_inlier": 73, "refit": true}
{"timestamp": "17:45:24.010902", "frame": 86, "mu": [0.0976279125604343, 2.4670508946786844, 1.3109601816189556], "Sigma": [[0.012440230494612617, -0.0009027728055726075, -0.008241886176297656], [-0.0009027728055726076, 0.002360442446556362, -0.00551391553144277], [-0.008241886176297656, -0.00551391553144277, 0.05540832043905839]], "chi2_level": 0.99, "chi2_df": 3, "chi2_threshold": 11.344866730144373, "N_raw": 85, "N_roi": 85, "N_inlier": 81, "refit": true}
{"timestamp": "17:45:24.067489", "frame": 87, "mu": [0.07448723713881059, 2.5738560614486823, -0.282520886490708], "Sigma": [[0.011623879824496997, -0.002117619641473085, -0.005821154644402036], [-0.002117619641473085, 0.0065289045417522, -0.013551453558965264], [-0.005821154644402037, -0.013551453558965264, 0.04690019889129932]], "chi2_level": 0.99, "chi2_df": 3, "chi2_threshold": 11.344866730144373, "N_raw": 86, "N_roi": 86, "N_inlier": 82, "refit": true}
{"timestamp": "17:45:24.126277", "frame": 88, "mu": [0.009768922459433862, 2.372933221743256, 1.1503726774978629], "Sigma": [[0.014815969303380448, -0.004350594942638784, -0.012890573472722672], [-0.004350594942638784, 0.005540765449387767, -0.0030945614726876148], [-0.012890573472722672, -0.0030945614726876148, 0.12096598166789443]], "chi2_level": 0.99, "chi2_df": 3, "chi2_threshold": 11.344866730144373, "N_raw": 113, "N_roi": 113, "N_inlier": 109, "refit": true}
{"timestamp": "17:45:24.183877", "frame": 89, "mu": [-0.10014261636183575, 2.371788481454728, 1.0797752738054416], "Sigma": [[0.01717951161999913, -0.005980444215941499, 0.007833882099555031], [-0.005980444215941499, 0.008309266706708151, -0.016776393319731263], [0.007833882099555031, -0.016776393319731263, 0.34749502567380325]], "chi2_level": 0.99, "chi2_df": 3, "chi2_threshold": 11.344866730144373, "N_raw": 137, "N_roi": 137, "N_inlier": 135, "refit": true}
{"timestamp": "17:45:24.237896", "frame": 90, "mu": [-0.13780535804035832, 2.313355857359818, 1.2663130569350567], "Sigma": [[0.01598457234313516, -0.0049259987284740216, 0.006511021403177537], [-0.0049259987284740216, 0.005928634819493446, -0.015583735960020509], [0.006511021403177537, -0.015583735960020509, 0.06378393089466103]], "chi2_level": 0.99, "chi2_df": 3, "chi2_threshold": 11.344866730144373, "N_raw": 123, "N_roi": 123, "N_inlier": 118, "refit": true}
{"timestamp": "17:45:24.293471", "frame": 91, "mu": [-0.22242997093975655, 2.278039548308973, 1.193332277601085], "Sigma": [[0.03324347347574677, -0.009096010599180538, 0.022701195239714787], [-0.009096010599180538, 0.006522685077971821, -0.015644867850064456], [0.02270119523971479, -0.015644867850064456, 0.0672151654013322]], "chi2_level": 0.99, "chi2_df": 3, "chi2_threshold": 11.344866730144373, "N_raw": 130, "N_roi": 130, "N_inlier": 126, "refit": true}
{"timestamp": "17:45:24.351266", "frame": 92, "mu": [-0.3243223461671211, 2.396540179602816, -0.3631404277389928], "Sigma": [[0.02973357761277272, -0.014190197827921294, 0.024070054708080692], [-0.014190197827921294, 0.02027119904114762, -0.037718059537328194], [0.02407005470808069, -0.037718059537328194, 0.1291605745744441]], "chi2_level": 0.99, "chi2_df": 3, "chi2_threshold": 11.344866730144373, "N_raw": 150, "N_roi": 150, "N_inlier": 145, "refit": true}
{"timestamp": "17:45:24.467719", "frame": 93, "mu": [-0.22375288570766416, 2.2805521324805316, -0.2473883501888532], "Sigma": [[0.023422649763519064, -0.006779118866272357, -0.00521252175445181], [-0.0067791188662723574, 0.016628244493336178, -0.03189679739083216], [-0.0052125217544518095, -0.03189679739083216, 0.10662587332455259]], "chi2_level": 0.99, "chi2_df": 3, "chi2_threshold": 11.344866730144373, "N_raw": 136, "N_roi": 136, "N_inlier": 133, "refit": true}
{"timestamp": "17:45:24.480142", "frame": 94, "mu": [-0.22611876490081181, 2.1834942609216075, -0.14470113786272443], "Sigma": [[0.011396644451407605, 0.003970505911478442, -0.01559088949683702], [0.003970505911478442, 0.012193551183545996, -0.024185039293896926], [-0.01559088949683702, -0.024185039293896926, 0.06506908570693459]], "chi2_level": 0.99, "chi2_df": 3, "chi2_threshold": 11.344866730144373, "N_raw": 103, "N_roi": 103, "N_inlier": 98, "refit": true}
{"timestamp": "17:45:24.512148", "frame": 95, "mu": [-0.26945754549809275, 2.0298236639917846, 1.3783125415462791], "Sigma": [[0.00878274280599164, -0.0009428148405258188, -0.010867205041919542], [-0.0009428148405258186, 0.0028431319814535604, -0.00405782161926899], [-0.010867205041919542, -0.00405782161926899, 0.031462186069679654]], "chi2_level": 0.99, "chi2_df": 3, "chi2_threshold": 11.344866730144373, "N_raw": 74, "N_roi": 74, "N_inlier": 69, "refit": true}
{"timestamp": "17:45:24.558930", "frame": 96, "mu": [-0.2844080443763344, 1.9967533097400585, 1.266973254994168], "Sigma": [[0.008300373247485513, -0.00247274355954619, -0.004158120838950463], [-0.0024727435595461905, 0.002870175854709358, -0.004744780404242013], [-0.004158120838950463, -0.004744780404242012, 0.02466936194785846]], "chi2_level": 0.99, "chi2_df": 3, "chi2_threshold": 11.344866730144373, "N_raw": 72, "N_roi": 72, "N_inlier": 67, "refit": true}
{"timestamp": "17:45:24.608904", "frame": 97, "mu": [-0.314298964783301, 2.0377127743965535, -0.1885516509842557], "Sigma": [[0.004884174062884278, -0.0017372135708051402, 0.0028152082725112814], [-0.0017372135708051406, 0.01156362003936841, -0.033835326568960156], [0.0028152082725112814, -0.033835326568960156, 0.12765239194447867]], "chi2_level": 0.99, "chi2_df": 3, "chi2_threshold": 11.344866730144373, "N_raw": 37, "N_roi": 37, "N_inlier": 33, "refit": true}
{"timestamp": "17:45:24.670311", "frame": 98, "mu": [-0.3806079970277387, 1.8984157834968771, 1.3953018510794306], "Sigma": [[0.009535705493466466, -0.0031348045490763175, -0.005681421338156142], [-0.003134804549076317, 0.006227953691323947, -0.00154488628030238], [-0.005681421338156143, -0.0015448862803023797, 0.026470770730491026]], "chi2_level": 0.99, "chi2_df": 3, "chi2_threshold": 11.344866730144373, "N_raw": 86, "N_roi": 86, "N_inlier": 81, "refit": true}
{"timestamp": "17:45:24.718252", "frame": 99, "mu": [-0.3807002050918531, 1.7965365440601104, 1.2370619592826606], "Sigma": [[0.005943441502783756, -0.0017116808811491985, 0.011076076296238434], [-0.0017116808811491985, 0.0028353328128793353, -0.003593397206072282], [0.011076076296238434, -0.003593397206072282, 0.14426271009028577]], "chi2_level": 0.99, "chi2_df": 3, "chi2_threshold": 11.344866730144373, "N_raw": 33, "N_roi": 33, "N_inlier": 31, "refit": true}
{"timestamp": "17:45:24.879136", "frame": 100, "mu": [-0.4957579078093254, 1.8148801110688286, 1.4543782488153616], "Sigma": [[0.01350715117008154, -0.0020472686405338817, -0.01362448360994461], [-0.0020472686405338817, 0.0025034273849849505, 0.000665389122049083], [-0.01362448360994461, 0.000665389122049083, 0.01528632568666433]], "chi2_level": 0.99, "chi2_df": 3, "chi2_threshold": 11.344866730144373, "N_raw": 66, "N_roi": 66, "N_inlier": 62, "refit": true}
{"timestamp": "17:45:24.916577", "frame": 101, "mu": [-0.41045938358240697, 1.7511603896741177, 1.2601792698267198], "Sigma": [[0.0030524461928927026, -0.0009953211100653088, -0.0020542946782205985], [-0.0009953211100653086, 0.006661792796958939, -0.002795309430203856], [-0.0020542946782205985, -0.002795309430203856, 0.004535765663347653]], "chi2_level": 0.99, "chi2_df": 3, "chi2_threshold": 11.344866730144373, "N_raw": 55, "N_roi": 55, "N_inlier": 50, "refit": true}
{"timestamp": "17:45:24.948036", "frame": 102, "mu": [-0.5255927503903424, 1.7183644615873062, 1.3034475404835022], "Sigma": [[0.006886738806297325, 0.0008881926025182082, -0.009457334025977624], [0.0008881926025182082, 0.005235852145439331, -0.007409889624396529], [-0.009457334025977624, -0.007409889624396529, 0.03366180317945139]], "chi2_level": 0.99, "chi2_df": 3, "chi2_threshold": 11.344866730144373, "N_raw": 91, "N_roi": 91, "N_inlier": 86, "refit": true}
{"timestamp": "17:45:24.979390", "frame": 103, "mu": [-0.7035670919941217, 1.7104738342390287, 1.5393349793675213], "Sigma": [[0.006064125923780735, -0.0003122714079788568, -0.006155904433177466], [-0.0003122714079788567, 0.003043827216923904, -0.0030222412866593032], [-0.006155904433177466, -0.0030222412866593037, 0.012331814254116592]], "chi2_level": 0.99, "chi2_df": 3, "chi2_threshold": 11.344866730144373, "N_raw": 51, "N_roi": 51, "N_inlier": 47, "refit": true}
{"timestamp": "17:45:25.010120", "frame": 104, "mu": [-0.6524669909353094, 1.651169069272149, 1.1459433162358086], "Sigma": [[0.009837272370928333, -0.0006553960245445627, -0.03490128376982157], [-0.0006553960245445628, 0.0028177852864146305, -0.011253805678604362], [-0.03490128376982157, -0.011253805678604362, 0.2915138147456735]], "chi2_level": 0.99, "chi2_df": 3, "chi2_threshold": 11.344866730144373, "N_raw": 24, "N_roi": 24, "N_inlier": 22, "refit": true}
{"timestamp": "17:45:25.047558", "frame": 105, "mu": [-0.659606791292737, 1.599977505787846, 0.9648850695505362], "Sigma": [[0.007997544140142736, -0.003081532850431599, -0.004993406786396966], [-0.0030815328504315985, 0.0024044341453017034, -0.0019779776909511796], [-0.004993406786396966, -0.001977977690951179, 0.02825349626114166]], "chi2_level": 0.99, "chi2_df": 3, "chi2_threshold": 11.344866730144373, "N_raw": 29, "N_roi": 29, "N_inlier": 26, "refit": true}
{"timestamp": "17:45:25.105547", "frame": 106, "mu": [-0.6888253953918038, 1.5497480935341785, 1.3763441725059888], "Sigma": [[0.006156556422663628, -0.002081656322420364, -0.005078024408002066], [-0.002081656322420364, 0.0028967823524340113, -0.0010860874306554788], [-0.005078024408002067, -0.001086087430655479, 0.008422153140112002]], "chi2_level": 0.99, "chi2_df": 3, "chi2_threshold": 11.344866730144373, "N_raw": 57, "N_roi": 57, "N_inlier": 55, "refit": true}
{"timestamp": "17:45:25.160924", "frame": 107, "mu": [-0.8326136513388155, 1.5810324616816795, -0.02461621180479487], "Sigma": [[0.0054127379527157725, 0.0015816945590347387, -0.004423316395672139], [0.0015816945590347387, 0.005188014629435683, -0.0045140917557028775], [-0.004423316395672139, -0.0045140917557028775, 0.008281806840378604]], "chi2_level": 0.99, "chi2_df": 3, "chi2_threshold": 11.344866730144373, "N_raw": 45, "N_roi": 45, "N_inlier": 42, "refit": true}
{"timestamp": "17:45:25.213174", "frame": 108, "mu": [-0.7711666378197832, 1.481444242825407, 1.3967166578479704], "Sigma": [[0.0039660881521154726, -0.0012436598291110821, -0.0021052180495865517], [-0.0012436598291110821, 0.002787197396883334, -0.0008696013787126087], [-0.0021052180495865517, -0.0008696013787126086, 0.0033369574048922384]], "chi2_level": 0.99, "chi2_df": 3, "chi2_threshold": 11.344866730144373, "N_raw": 34, "N_roi": 34, "N_inlier": 32, "refit": true}
{"timestamp": "17:45:25.268418", "frame": 109, "mu": [-0.9405290051411994, 1.4452820683035097, 1.4533086661946202], "Sigma": [[0.0030918865298040616, 0.0013734475181863648, -0.009450025806153376], [0.0013734475181863652, 0.0065472448943356834, -0.031435599069612886], [-0.009450025806153376, -0.031435599069612886, 0.24470053213222517]], "chi2_level": 0.99, "chi2_df": 3, "chi2_threshold": 11.344866730144373, "N_raw": 33, "N_roi": 33, "N_inlier": 31, "refit": true}
{"timestamp": "17:45:25.320094", "frame": 110, "mu": [-1.0165779796328511, 1.394134162844525, 0.9519180646407146], "Sigma": [[0.018159891346121275, 0.012703572947430412, -0.05321606200140766], [0.012703572947430412, 0.017393976189115094, -0.05643082722942647], [-0.05321606200140766, -0.05643082722942646, 0.6243416081696371]], "chi2_level": 0.99, "chi2_df": 3, "chi2_threshold": 11.344866730144373, "N_raw": 15, "N_roi": 15, "N_inlier": 14, "refit": true}
{"timestamp": "17:45:25.378503", "frame": 111, "mu": [-1.027071762517042, 1.3764463182421853, 1.5936037749001941], "Sigma": [[0.0032230346878016685, 0.000387172712065409, -0.0008953339938228605], [0.000387172712065409, 0.0033633380958616424, -0.0017870250597226511], [-0.0008953339938228606, -0.001787025059722651, 0.00613044453079817]], "chi2_level": 0.99, "chi2_df": 3, "chi2_threshold": 11.344866730144373, "N_raw": 38, "N_roi": 38, "N_inlier": 33, "refit": true}
{"timestamp": "17:45:25.440759", "frame": 112, "mu": [-1.2189676668426863, 1.2049310839797602, 1.6914144281521035], "Sigma": [[0.02408065997291793, 0.011835628710986784, -0.013487519891302814], [0.011835628710986784, 0.010744674109236711, -0.008517569199907687], [-0.013487519891302814, -0.008517569199907687, 0.0132400670869475]], "chi2_level": 0.99, "chi2_df": 3, "chi2_threshold": 11.344866730144373, "N_raw": 90, "N_roi": 90, "N_inlier": 86, "refit": true}
{"timestamp": "17:45:25.494360", "frame": 113, "mu": [-1.216462546998354, 1.1394625839805068, 1.612471500961879], "Sigma": [[0.020510060890546425, 0.012197955790445265, -0.013241308906498106], [0.012197955790445265, 0.010526109409023007, -0.010955650870303726], [-0.013241308906498106, -0.010955650870303726, 0.02053355996745136]], "chi2_level": 0.99, "chi2_df": 3, "chi2_threshold": 11.344866730144373, "N_raw": 77, "N_roi": 77, "N_inlier": 73, "refit": true}
{"timestamp": "17:45:25.545369", "frame": 114, "mu": [-1.2469033280503252, 1.082664799761995, 1.6995798255734358], "Sigma": [[0.010885036544973027, 0.00626350944122925, -0.012992516024396097], [0.006263509441229251, 0.006967365279780373, -0.011170428215064157], [-0.012992516024396099, -0.011170428215064157, 0.03832335063421022]], "chi2_level": 0.99, "chi2_df": 3, "chi2_threshold": 11.344866730144373, "N_raw": 46, "N_roi": 46, "N_inlier": 44, "refit": true}
{"timestamp": "17:45:25.605992", "frame": 115, "mu": [-1.3154384065385378, 1.0257358019521656, 1.5524894718688813], "Sigma": [[0.02632442944017443, 0.005592670041926529, 0.019351393719272622], [0.005592670041926529, 0.008837774955543368, -0.010422931679448078], [0.01935139371927262, -0.010422931679448078, 0.06184148620330606]], "chi2_level": 0.99, "chi2_df": 3, "chi2_threshold": 11.344866730144373, "N_raw": 83, "N_roi": 83, "N_inlier": 80, "refit": true}
{"timestamp": "17:45:25.655206", "frame": 116, "mu": [-1.3415512276756232, 0.968402046015795, 1.7344189272992927], "Sigma": [[0.005890503736042666, 0.0021431377587695023, -0.0028411150770544014], [0.0021431377587695023, 0.006673215893984747, -0.0046498927063980695], [-0.0028411150770544014, -0.0046498927063980695, 0.004688647780971775]], "chi2_level": 0.99, "chi2_df": 3, "chi2_threshold": 11.344866730144373, "N_raw": 46, "N_roi": 46, "N_inlier": 45, "refit": true}
