{"timestamp": "17:42:14.749781", "frame": 2, "mu": [2.3461047352153663, 2.3106202577838637, -0.04544166628423412], "Sigma": [[0.006456389673517737, -0.0011329600328453633, -0.00042548765883247425], [-0.0011329600328453633, 0.005455983102441327, 0.0005649806686195617], [-0.00042548765883247425, 0.0005649806686195617, 0.00025260846759403823]], "chi2_level": 0.99, "chi2_df": 3, "chi2_threshold": 11.344866730144373, "N_raw": 7, "N_roi": 7, "N_inlier": 7, "refit": true}
{"timestamp": "17:42:14.918963", "frame": 5, "mu": [2.351352085334401, 2.2445842867764365, 1.3642559193252857], "Sigma": [[0.006683823923609031, -0.004514741461412376, 0.0011948154829140663], [-0.004514741461412376, 0.0075848009962378405, -0.002056345499777841], [0.0011948154829140665, -0.002056345499777841, 0.0005587934398611972]], "chi2_level": 0.99, "chi2_df": 3, "chi2_threshold": 11.344866730144373, "N_raw": 26, "N_roi": 18, "N_inlier": 17, "refit": true}
{"timestamp": "17:42:15.249976", "frame": 11, "mu": [2.198934611870418, 2.1617486749476575, 1.3746554015128745], "Sigma": [[0.008175615766305848, -0.005959676089730489, -0.008070399225783583], [-0.005959676089730489, 0.008524629487621279, -0.004194623580895278], [-0.008070399225783585, -0.004194623580895279, 0.05122754211440077]], "chi2_level": 0.99, "chi2_df": 3, "chi2_threshold": 11.344866730144373, "N_raw": 40, "N_roi": 40, "N_inlier": 40, "refit": true}
{"timestamp": "17:42:15.302515", "frame": 12, "mu": [2.1550711034530483, 2.111326794356045, 1.4421867710270186], "Sigma": [[0.005751535977180164, -0.0030062039078062224, -0.010262195231392261], [-0.0030062039078062224, 0.004143259674548499, 0.0025659362183418763], [-0.010262195231392261, 0.002565936218341877, 0.03500919264557454]], "chi2_level": 0.99, "chi2_df": 3, "chi2_threshold": 11.344866730144373, "N_raw": 9, "N_roi": 9, "N_inlier": 8, "refit": true}
{"timestamp": "17:42:15.358122", "frame": 13, "mu": [2.0411592443985387, 2.1462843933701037, 1.4614927138735911], "Sigma": [[0.004708221569184691, -0.0016230681412520332, -0.007881817972426555], [-0.0016230681412520332, 0.002345352352682324, 0.0022720820313821095], [-0.007881817972426555, 0.00227208203138211, 0.017748111012203353]], "chi2_level": 0.99, "chi2_df": 3, "chi2_threshold": 11.344866730144373, "N_raw": 14, "N_roi": 12, "N_inlier": 12, "refit": true}
{"timestamp": "17:42:15.413850", "frame": 14, "mu": [1.993419656326554, 2.1292319802080018, 1.540867148098171], "Sigma": [[0.0058583012018768536, -0.0032259478062171346, -0.01011146947334185], [-0.0032259478062171346, 0.003967025668385513, 0.0035860353718328297], [-0.01011146947334185, 0.00358603537183283, 0.038415549509872804]], "chi2_level": 0.99, "chi2_df": 3, "chi2_threshold": 11.344866730144373, "N_raw": 19, "N_roi": 19, "N_inlier": 18, "refit": true}
{"timestamp": "17:42:15.469195", "frame": 15, "mu": [1.9211052315418988, 2.1472110466754444, 1.656316232155528], "Sigma": [[0.0055414717181095415, -0.0026969604388706213, -0.0005615651863908875], [-0.0026969604388706213, 0.005905146589005166, 0.0009215501510241763], [-0.0005615651863908875, 0.0009215501510241762, 0.0009902951344607613]], "chi2_level": 0.99, "chi2_df": 3, "chi2_threshold": 11.344866730144373, "N_raw": 25, "N_roi": 25, "N_inlier": 24, "refit": true}
{"timestamp": "17:42:15.633540", "frame": 18, "mu": [1.852447288042295, 2.069878622966963, -0.362798762456291], "Sigma": [[0.0034160680286429834, -0.003669678117354118, -0.005776522060303503], [-0.003669678117354118, 0.00941874333989298, 0.007543277433648179], [-0.005776522060303503, 0.00754327743364818, 0.15682407899753892]], "chi2_level": 0.99, "chi2_df": 3, "chi2_threshold": 11.344866730144373, "N_raw": 20, "N_roi": 20, "N_inlier": 19, "refit": true}
{"timestamp": "17:42:15.693239", "frame": 19, "mu": [1.7841336017370162, 1.9706952351455072, 0.9542560179543234], "Sigma": [[0.008366841204421311, 0.0010812838180974322, 0.0026094119062379795], [0.0010812838180974322, 0.018049424961533125, -0.015949803722960405], [0.0026094119062379795, -0.015949803722960405, 0.023559696451246875]], "chi2_level": 0.99, "chi2_df": 3, "chi2_threshold": 11.344866730144373, "N_raw": 53, "N_roi": 53, "N_inlier": 52, "refit": true}
{"timestamp": "17:42:15.747020", "frame": 20, "mu": [1.6451954466294108, 2.0820567648211057, -0.6037446236069862], "Sigma": [[0.008108722432669071, -0.0027390943907226193, 0.005860918420526001], [-0.0027390943907226193, 0.004807271995108324, -0.004114006182096831], [0.005860918420526001, -0.004114006182096831, 0.01307976284935262]], "chi2_level": 0.99, "chi2_df": 3, "chi2_threshold": 11.344866730144373, "N_raw": 37, "N_roi": 37, "N_inlier": 36, "refit": true}
{"timestamp": "17:42:15.800853", "frame": 21, "mu": [1.5479580139446703, 1.9021881287175586, 0.8655137284997417], "Sigma": [[0.007349377216369602, -0.0044233520840716795, -0.00026751380530895124], [-0.0044233520840716795, 0.00728991057918908, -0.0002344970325034993], [-0.0002675138053089513, -0.00023449703250349953, 0.0007215606295719591]], "chi2_level": 0.99, "chi2_df": 3, "chi2_threshold": 11.344866730144373, "N_raw": 34, "N_roi": 34, "N_inlier": 31, "refit": true}
{"timestamp": "17:42:15.852700", "frame": 22, "mu": [1.5731873059254695, 2.0023973450780166, 0.8155403359341679], "Sigma": [[0.007637072440374936, 0.004942803786473242, 0.0027303039439406296], [0.004942803786473242, 0.010233168287018797, -0.023938096430140686], [0.002730303943940628, -0.023938096430140686, 0.10655218520493301]], "chi2_level": 0.99, "chi2_df": 3, "chi2_threshold": 11.344866730144373, "N_raw": 8, "N_roi": 7, "N_inlier": 7, "refit": true}
{"timestamp": "17:42:15.910552", "frame": 23, "mu": [1.4624584905086828, 1.9954460724523362, 0.9456466964276857], "Sigma": [[0.00726190973004446, -0.0013822387386662157, -0.0022129497575582675], [-0.0013822387386662155, 0.006853621029447248, -0.005697274534875859], [-0.002212949757558267, -0.0056972745348758584, 0.06889329919646056]], "chi2_level": 0.99, "chi2_df": 3, "chi2_threshold": 11.344866730144373, "N_raw": 36, "N_roi": 36, "N_inlier": 35, "refit": true}
{"timestamp": "17:42:15.968185", "frame": 24, "mu": [1.4602237282986952, 2.036889095272799, 1.24206862937374], "Sigma": [[0.010873909818246095, -0.003408746249516686, 0.0017346334415345678], [-0.003408746249516686, 0.0050880311053967935, -0.0034819293568740155], [0.0017346334415345682, -0.003481929356874015, 0.0046951153308931225]], "chi2_level": 0.99, "chi2_df": 3, "chi2_threshold": 11.344866730144373, "N_raw": 51, "N_roi": 51, "N_inlier": 50, "refit": true}
{"timestamp": "17:42:16.022517", "frame": 25, "mu": [1.404989590551659, 2.1302770942113045, 1.4679491307604788], "Sigma": [[0.007575633917104156, -0.004326641063205377, -0.002635648839949301], [-0.004326641063205377, 0.008271734431902886, -0.0005522308762219634], [-0.002635648839949301, -0.0005522308762219634, 0.003286216334614595]], "chi2_level": 0.99, "chi2_df": 3, "chi2_threshold": 11.344866730144373, "N_raw": 45, "N_roi": 45, "N_inlier": 44, "refit": true}
{"timestamp": "17:42:16.076235", "frame": 26, "mu": [1.331785462368343, 2.157810271115714, 1.4856755232567986], "Sigma": [[0.008685986764321913, -0.006837804642107629, -0.008959000089078536], [-0.006837804642107629, 0.009904301465673313, 0.006742806260938887], [-0.008959000089078534, 0.006742806260938887, 0.010128574459715134]], "chi2_level": 0.99, "chi2_df": 3, "chi2_threshold": 11.344866730144373, "N_raw": 40, "N_roi": 40, "N_inlier": 39, "refit": true}
{"timestamp": "17:42:16.130147", "frame": 27, "mu": [1.296516112030086, 2.1070277512520352, 1.512311591828602], "Sigma": [[0.00663125281827671, -0.0038176924778129152, -0.0045994334861840964], [-0.0038176924778129152, 0.006212376652800952, 0.0036301587833436834], [-0.0045994334861840964, 0.0036301587833436834, 0.00408471770569679]], "chi2_level": 0.99, "chi2_df": 3, "chi2_threshold": 11.344866730144373, "N_raw": 33, "N_roi": 33, "N_inlier": 32, "refit": true}
{"timestamp": "17:42:16.185042", "frame": 28, "mu": [1.2586645696627774, 2.1103490108941987, 1.5344817785474385], "Sigma": [[0.005663210861218286, -0.0034271631258333576, -0.00551629957092808], [-0.003427163125833358, 0.004570095066650001, 0.002748303314197959], [-0.00551629957092808, 0.0027483033141979586, 0.008584406547318103]], "chi2_level": 0.99, "chi2_df": 3, "chi2_threshold": 11.344866730144373, "N_raw": 27, "N_roi": 27, "N_inlier": 24, "refit": true}
{"timestamp": "17:42:16.241133", "frame": 29, "mu": [1.194111777073297, 2.1449909018185647, 1.5964672292253574], "Sigma": [[0.008275479211933808, -0.0048813457368250095, -0.009223444388008747], [-0.0048813457368250095, 0.005945468426155897, 0.008507108876154548], [-0.009223444388008747, 0.008507108876154548, 0.025273404486932268]], "chi2_level": 0.99, "chi2_df": 3, "chi2_threshold": 11.344866730144373, "N_raw": 34, "N_roi": 34, "N_inlier": 30, "refit": true}
{"timestamp": "17:42:16.296165", "frame": 30, "mu": [1.1983963871005083, 2.1095536050610333, -0.5319907810816948], "Sigma": [[0.009163133540984377, -0.0044176085163092245, -0.0245852270290529], [-0.0044176085163092245, 0.007927806045808984, 0.02883989577041454], [-0.0245852270290529, 0.028839895770414535, 0.27519661822041924]], "chi2_level": 0.99, "chi2_df": 3, "chi2_threshold": 11.344866730144373, "N_raw": 38, "N_roi": 38, "N_inlier": 36, "refit": true}
{"timestamp": "17:42:16.349265", "frame": 31, "mu": [1.1368100506076944, 2.0897354114481796, 1.5010487135837645], "Sigma": [[0.006905776017006748, -0.0031086743091741672, -0.001535981335753518], [-0.0031086743091741672, 0.002899195515656086, -0.00014506775386340087], [-0.001535981335753518, -0.00014506775386340087, 0.002408221144055876]], "chi2_level": 0.99, "chi2_df": 3, "chi2_threshold": 11.344866730144373, "N_raw": 27, "N_roi": 27, "N_inlier": 25, "refit": true}
{"timestamp": "17:42:16.413040", "frame": 32, "mu": [1.1569004079985314, 2.183408984536949, 0.9700689154307401], "Sigma": [[0.01078280258997522, -0.009414070897766469, 0.001413442877991544], [-0.009414070897766467, 0.019801462500271108, -0.0035699267460420963], [0.0014134428779915436, -0.0035699267460420963, 0.008217166576491323]], "chi2_level": 0.99, "chi2_df": 3, "chi2_threshold": 11.344866730144373, "N_raw": 78, "N_roi": 78, "N_inlier": 74, "refit": true}
{"timestamp": "17:42:16.463772", "frame": 33, "mu": [1.0736774386753718, 2.0568839593263544, 1.2787111599014935], "Sigma": [[0.009615658699986521, -0.0048403815534105174, -0.02349714775037073], [-0.0048403815534105174, 0.005609259599681188, 0.009792793316134881], [-0.02349714775037073, 0.00979279331613488, 0.13532921235868903]], "chi2_level": 0.99, "chi2_df": 3, "chi2_threshold": 11.344866730144373, "N_raw": 47, "N_roi": 47, "N_inlier": 44, "refit": true}
{"timestamp": "17:42:16.519204", "frame": 34, "mu": [1.0238165698150714, 2.074151086243214, 1.0287727242719376], "Sigma": [[0.008234686556897753, -0.008327549768362644, -0.0013928504068237285], [-0.008327549768362644, 0.016226000905628233, -0.0051964135825257815], [-0.001392850406823729, -0.0051964135825257815, 0.023365601771456468]], "chi2_level": 0.99, "chi2_df": 3, "chi2_threshold": 11.344866730144373, "N_raw": 57, "N_roi": 57, "N_inlier": 52, "refit": true}
{"timestamp": "17:42:16.574267", "frame": 35, "mu": [0.9891958011537485, 1.9967044561266547, 1.0323192423014116], "Sigma": [[0.007491449846547599, -0.005577947747138164, 0.00126203623596769], [-0.0055779477471381645, 0.0065585986697118724, -0.004988455261483655], [0.00126203623596769, -0.004988455261483655, 0.012223191130913956]], "chi2_level": 0.99, "chi2_df": 3, "chi2_threshold": 11.344866730144373, "N_raw": 54, "N_roi": 54, "N_inlier": 48, "refit": true}
{"timestamp": "17:42:16.627291", "frame": 36, "mu": [0.8580511382158053, 2.0472863878360563, 1.1958766280081923], "Sigma": [[0.008542349458711159, -0.005202894120187655, -0.015188313673032104], [-0.0052028941201876545, 0.003946899212723149, 0.01227958010511189], [-0.015188313673032104, 0.01227958010511189, 0.07392208632745692]], "chi2_level": 0.99, "chi2_df": 3, "chi2_threshold": 11.344866730144373, "N_raw": 47, "N_roi": 47, "N_inlier": 44, "refit": true}
{"timestamp": "17:42:16.684335", "frame": 37, "mu": [0.7977401550368521, 2.047984904599025, 1.4122121474337481], "Sigma": [[0.0053473089485495, -0.0037799639822829758, -0.009178257194488646], [-0.0037799639822829753, 0.006259456475642365, 0.012305802935551757], [-0.009178257194488646, 0.012305802935551757, 0.0741943309367572]], "chi2_level": 0.99, "chi2_df": 3, "chi2_threshold": 11.344866730144373, "N_raw": 51, "N_roi": 51, "N_inlier": 49, "refit": true}
{"timestamp": "17:42:16.737168", "frame": 38, "mu": [0.7605198651303261, 2.008229213911113, 1.3970960180183285], "Sigma": [[0.00821145718961479, -0.0028779779699505924, -0.021788924673502193], [-0.0028779779699505924, 0.005219504658955324, 0.006175209662549554], [-0.0217889246735022, 0.006175209662549554, 0.13456114425971993]], "chi2_level": 0.99, "chi2_df": 3, "chi2_threshold": 11.344866730144373, "N_raw": 44, "N_roi": 42, "N_inlier": 39, "refit": true}
{"timestamp": "17:42:16.796256", "frame": 39, "mu": [0.7112940107540519, 1.9214187739479853, 1.1745177896473433], "Sigma": [[0.007016841304322178, -0.0019598496889837555, -0.0013644007841762812], [-0.0019598496889837555, 0.005081034855666425, 0.001708892380439038], [-0.001364400784176281, 0.001708892380439038, 0.08601861214578733]], "chi2_level": 0.99, "chi2_df": 3, "chi2_threshold": 11.344866730144373, "N_raw": 69, "N_roi": 69, "N_inlier": 65, "refit": true}
{"timestamp": "17:42:16.850501", "frame": 40, "mu": [0.6803632367730118, 2.057717883505313, -0.12396374889204217], "Sigma": [[0.007084963044365814, -0.001021517286871787, -0.0053903209103940575], [-0.001021517286871787, 0.005564980017354201, 0.0012669546871937809], [-0.0053903209103940575, 0.0012669546871937809, 0.00533381696699725]], "chi2_level": 0.99, "chi2_df": 3, "chi2_threshold": 11.344866730144373, "N_raw": 56, "N_roi": 54, "N_inlier": 50, "refit": true}
{"timestamp": "17:42:16.906999", "frame": 41, "mu": [0.5717603395604525, 2.1302058109191995, -0.3028053240972618], "Sigma": [[0.006800099205068436, -0.001225209205569279, -0.006125368195707255], [-0.0012252092055692792, 0.007841159145362847, -0.00680940118817737], [-0.006125368195707255, -0.00680940118817737, 0.019242475073684213]], "chi2_level": 0.99, "chi2_df": 3, "chi2_threshold": 11.344866730144373, "N_raw": 72, "N_roi": 72, "N_inlier": 68, "refit": true}
{"timestamp": "17:42:16.964795", "frame": 42, "mu": [0.5391402658879783, 2.170879916559328, -0.4720381922941989], "Sigma": [[0.00429190507586586, -0.0026309684739182163, 0.0028122124594961023], [-0.0026309684739182163, 0.020490587184357947, -0.03594565767678608], [0.0028122124594961023, -0.03594565767678608, 0.09471620702297762]], "chi2_level": 0.99, "chi2_df": 3, "chi2_threshold": 11.344866730144373, "N_raw": 46, "N_roi": 43, "N_inlier": 42, "refit": true}
{"timestamp": "17:42:17.015154", "frame": 43, "mu": [0.44767859899687223, 1.9805665008532265, 1.3177910609429964], "Sigma": [[0.006120123397634711, -0.001618603872189799, -0.00734783139428744], [-0.001618603872189799, 0.004580313356851319, -0.0028337226760445804], [-0.00734783139428744, -0.00283372267604458, 0.03188599461100717]], "chi2_level": 0.99, "chi2_df": 3, "chi2_threshold": 11.344866730144373, "N_raw": 56, "N_roi": 52, "N_inlier": 48, "refit": true}
{"timestamp": "17:42:17.070312", "frame": 44, "mu": [0.37625988705175045, 2.004167962515475, 1.233415086543368], "Sigma": [[0.00791366691166197, -0.0005487569126740558, -0.013561727837060902], [-0.0005487569126740558, 0.003984803594740963, -0.00376722163558136], [-0.013561727837060902, -0.0037672216355813604, 0.13486049428281788]], "chi2_level": 0.99, "chi2_df": 3, "chi2_threshold": 11.344866730144373, "N_raw": 63, "N_roi": 61, "N_inlier": 59, "refit": true}
{"timestamp": "17:42:17.127760", "frame": 45, "mu": [0.2972725125310787, 2.0569245500076896, 1.498370665188996], "Sigma": [[0.008106226255142806, -0.0016829087238082944, -0.005391352890012993], [-0.0016829087238082942, 0.008370924220826406, 0.0017340737717162205], [-0.005391352890012993, 0.0017340737717162205, 0.005215125630113685]], "chi2_level": 0.99, "chi2_df": 3, "chi2_threshold": 11.344866730144373, "N_raw": 77, "N_roi": 76, "N_inlier": 72, "refit": true}
{"timestamp": "17:42:17.183538", "frame": 46, "mu": [0.19971301303875916, 2.072631057971219, 1.5414773884477198], "Sigma": [[0.007279545951254311, -0.0018351881801565925, -0.005135111918550013], [-0.0018351881801565925, 0.006181563922069139, 0.0038213408813631096], [-0.005135111918550015, 0.0038213408813631096, 0.04412260608303363]], "chi2_level": 0.99, "chi2_df": 3, "chi2_threshold": 11.344866730144373, "N_raw": 76, "N_roi": 76, "N_inlier": 70, "refit": true}
{"timestamp": "17:42:17.237172", "frame": 47, "mu": [0.15272953057690156, 2.083665614709558, 1.5465633872842626], "Sigma": [[0.007448353217215239, -0.0011274995777647194, -0.005588374603887762], [-0.0011274995777647192, 0.005784181405276377, -0.0005640497472372143], [-0.005588374603887763, -0.0005640497472372141, 0.033054716825145825]], "chi2_level": 0.99, "chi2_df": 3, "chi2_threshold": 11.344866730144373, "N_raw": 76, "N_roi": 76, "N_inlier": 74, "refit": true}
{"timestamp": "17:42:17.292759", "frame": 48, "mu": [0.0812590018397687, 2.112326016136672, 1.6729819871331197], "Sigma": [[0.00757898853249177, -0.0010794982299919557, -0.005382426996802804], [-0.0010794982299919557, 0.007622116576332809, 0.0002768110457674346], [-0.005382426996802804, 0.0002768110457674346, 0.0044906936906295575]], "chi2_level": 0.99, "chi2_df": 3, "chi2_threshold": 11.344866730144373, "N_raw": 75, "N_roi": 73, "N_inlier": 70, "refit": true}
{"timestamp": "17:42:17.347292", "frame": 49, "mu": [0.01720996628108745, 2.1127395759990018, 1.6759493434574584], "Sigma": [[0.006874048257576964, -0.0008752140505602271, -0.004985695600115643], [-0.0008752140505602271, 0.005544303646201123, -0.0015696315588356533], [-0.004985695600115643, -0.0015696315588356528, 0.01770523497215369]], "chi2_level": 0.99, "chi2_df": 3, "chi2_threshold": 11.344866730144373, "N_raw": 71, "N_roi": 69, "N_inlier": 65, "refit": true}
{"timestamp": "17:42:17.400553", "frame": 50, "mu": [-0.06579511030244813, 2.0691059531502027, 1.3856762143089567], "Sigma": [[0.009545362828220898, -0.0003228080919926659, 0.022369920158422228], [-0.0003228080919926662, 0.0038761114696962418, 0.0029321789089816596], [0.022369920158422228, 0.0029321789089816605, 0.45446062661358627]], "chi2_level": 0.99, "chi2_df": 3, "chi2_threshold": 11.344866730144373, "N_raw": 55, "N_roi": 55, "N_inlier": 54, "refit": true}
{"timestamp": "17:42:17.461613", "frame": 51, "mu": [-0.1965330150075097, 2.12943309029246, 0.9033054151266368], "Sigma": [[0.01996049759966763, 0.00026089605113849545, 0.07364924397736405], [0.00026089605113849566, 0.01768638336764471, 0.023855105044584667], [0.07364924397736407, 0.02385510504458467, 0.5525479472381428]], "chi2_level": 0.99, "chi2_df": 3, "chi2_threshold": 11.344866730144373, "N_raw": 97, "N_roi": 97, "N_inlier": 97, "refit": true}
{"timestamp": "17:42:17.507998", "frame": 52, "mu": [-0.43517136929515815, 1.9645684161704347, 0.15856856219325033], "Sigma": [[0.018253795209584985, 0.003115838659206135, 0.043742337319473884], [0.003115838659206135, 0.005336891976501878, 0.01754194336396905], [0.043742337319473884, 0.017541943363969047, 0.22392084816510835]], "chi2_level": 0.99, "chi2_df": 3, "chi2_threshold": 11.344866730144373, "N_raw": 44, "N_roi": 44, "N_inlier": 43, "refit": true}
{"timestamp": "17:42:17.561342", "frame": 53, "mu": [-0.5138500542146347, 1.9819976419914698, 0.24140483589081718], "Sigma": [[0.029748288394740672, 0.00585972925674886, 0.05913210262770995], [0.00585972925674886, 0.0031405255131447345, 0.004128963301431965], [0.05913210262770995, 0.004128963301431964, 0.20930435879098278]], "chi2_level": 0.99, "chi2_df": 3, "chi2_threshold": 11.344866730144373, "N_raw": 32, "N_roi": 28, "N_inlier": 27, "refit": true}
{"timestamp": "17:42:17.617061", "frame": 54, "mu": [-0.21554990055943568, 2.0100692662814, 0.8467657911586248], "Sigma": [[0.006010128129418495, 0.0011576841285400915, -0.009385595661707755], [0.0011576841285400917, 0.0041826472157170105, -0.012802839725370017], [-0.009385595661707755, -0.012802839725370014, 0.10970290804978652]], "chi2_level": 0.99, "chi2_df": 3, "chi2_threshold": 11.344866730144373, "N_raw": 39, "N_roi": 38, "N_inlier": 36, "refit": true}
{"timestamp": "17:42:17.676528", "frame": 55, "mu": [-0.3024016576688936, 2.1224345559712616, -0.06530202949728828], "Sigma": [[0.007441751254293401, 0.0003439367882347984, -0.004768748511381643], [0.00034393678823479843, 0.007688454276001857, -0.001520109232241799], [-0.004768748511381643, -0.001520109232241799, 0.006189475707736738]], "chi2_level": 0.99, "chi2_df": 3, "chi2_threshold": 11.344866730144373, "N_raw": 68, "N_roi": 68, "N_inlier": 63, "refit": true}
{"timestamp": "17:42:17.723830", "frame": 56, "mu": [-0.28846583394706193, 2.067119865365596, 0.871336399188686], "Sigma": [[0.008997126883689475, 0.0022811710545421935, -0.07656139751714333], [0.0022811710545421935, 0.004092684296168902, -0.014521426985759367], [-0.07656139751714333, -0.01452142698575937, 0.690335612687495]], "chi2_level": 0.99, "chi2_df": 3, "chi2_threshold": 11.344866730144373, "N_raw": 9, "N_roi": 9, "N_inlier": 9, "refit": true}
{"timestamp": "17:42:17.791052", "frame": 57, "mu": [-0.45967566309407004, 1.9614424801233752, 1.4478219261059095], "Sigma": [[0.006318953275775091, -2.0977523648648246e-05, -0.0033365335419568696], [-2.0977523648648246e-05, 0.008427524953569925, 0.002375363757440274], [-0.00333653354195687, 0.002375363757440274, 0.003082955292883923]], "chi2_level": 0.99, "chi2_df": 3, "chi2_threshold": 11.344866730144373, "N_raw": 67, "N_roi": 67, "N_inlier": 62, "refit": true}
{"timestamp": "17:42:17.843323", "frame": 58, "mu": [-0.50500316811149, 1.9583600469435378, 1.4165748353337329], "Sigma": [[0.007709384619402738, -0.00318848652757247, -0.013828655549397327], [-0.00318848652757247, 0.008262821153473756, 0.0028607998515287614], [-0.013828655549397327, 0.0028607998515287614, 0.0325288217733985]], "chi2_level": 0.99, "chi2_df": 3, "chi2_threshold": 11.344866730144373, "N_raw": 77, "N_roi": 72, "N_inlier": 71, "refit": true}
{"timestamp": "17:42:17.898564", "frame": 59, "mu": [-0.5330023966042153, 1.9869485434840044, 1.4021998180699535], "Sigma": [[0.0075176678907300796, -0.001772111299917389, -0.014696065830098467], [-0.001772111299917389, 0.007572220618289232, 0.00024951588864208414], [-0.014696065830098467, 0.0002495158886420837, 0.03473131467754517]], "chi2_level": 0.99, "chi2_df": 3, "chi2_threshold": 11.344866730144373, "N_raw": 84, "N_roi": 81, "N_inlier": 77, "refit": true}
{"timestamp": "17:42:17.951561", "frame": 60, "mu": [-0.6340214261831879, 1.9949672968587715, 1.4881185301952742], "Sigma": [[0.005782244573731288, -0.0010956927849962235, -0.009309087519191109], [-0.0010956927849962235, 0.007771533268826646, 0.0020525276796475368], [-0.009309087519191107, 0.0020525276796475363, 0.03874796905387423]], "chi2_level": 0.99, "chi2_df": 3, "chi2_threshold": 11.344866730144373, "N_raw": 69, "N_roi": 69, "N_inlier": 66, "refit": true}
{"timestamp": "17:42:18.010119", "frame": 61, "mu": [-0.6529631842531161, 1.979934421513771, -0.2169220292957068], "Sigma": [[0.009196631293433942, 0.003422895835988916, 0.041925622768828705], [0.003422895835988916, 0.01275881649074956, 0.021100780115515725], [0.0419256227688287, 0.02110078011551572, 0.4137373342647485]], "chi2_level": 0.99, "chi2_df": 3, "chi2_threshold": 11.344866730144373, "N_raw": 88, "N_roi": 88, "N_inlier": 87, "refit": true}
{"timestamp": "17:42:18.060835", "frame": 62, "mu": [-0.7480892386556623, 2.0834425699204138, -0.1345650682785953], "Sigma": [[0.006094678475262612, -0.00010276136148214092, -0.002038394530066526], [-0.00010276136148214092, 0.018359658896966037, -0.014640761464247613], [-0.002038394530066526, -0.01464076146424761, 0.08918825122899468]], "chi2_level": 0.99, "chi2_df": 3, "chi2_threshold": 11.344866730144373, "N_raw": 53, "N_roi": 52, "N_inlier": 50, "refit": true}
{"timestamp": "17:42:18.110557", "frame": 63, "mu": [-0.8151638102425315, 1.9095755889561037, 1.5217337231258494], "Sigma": [[0.004935931638143762, -0.001836224135399439, -0.008550835291164408], [-0.0018362241353994386, 0.00570138278935898, 0.005244932723436875], [-0.008550835291164408, 0.005244932723436875, 0.016713241618699394]], "chi2_level": 0.99, "chi2_df": 3, "chi2_threshold": 11.344866730144373, "N_raw": 29, "N_roi": 29, "N_inlier": 26, "refit": true}
{"timestamp": "17:42:18.174205", "frame": 64, "mu": [-0.8830282484618336, 2.0280145433336614, 1.4213423095487496], "Sigma": [[0.009906718605148456, 0.00157350072723133, -0.015858488122471648], [0.00157350072723133, 0.004582782440940475, -0.004482448463370345], [-0.015858488122471648, -0.004482448463370345, 0.12873087482216575]], "chi2_level": 0.99, "chi2_df": 3, "chi2_threshold": 11.344866730144373, "N_raw": 93, "N_roi": 93, "N_inlier": 89, "refit": true}
{"timestamp": "17:42:18.231332", "frame": 65, "mu": [-0.9347703794759706, 2.0096725411261893, 1.4764234630716768], "Sigma": [[0.008202382210075578, 0.0014927744222311063, -0.014864521159264385], [0.001492774422231106, 0.007423058690202895, -0.005849124378688131], [-0.014864521159264382, -0.005849124378688131, 0.08112263917067691]], "chi2_level": 0.99, "chi2_df": 3, "chi2_threshold": 11.344866730144373, "N_raw": 82, "N_roi": 82, "N_inlier": 78, "refit": true}
{"timestamp": "17:42:18.279828", "frame": 66, "mu": [-1.0606995836645676, 2.005947656563099, 1.5974692346444268], "Sigma": [[0.0066218178292997655, 0.0019791368356549366, -0.007195892117158022], [0.001979136835654936, 0.008155809253827985, -0.003740764308051289], [-0.007195892117158022, -0.003740764308051289, 0.021960271557277453]], "chi2_level": 0.99, "chi2_df": 3, "chi2_threshold": 11.344866730144373, "N_raw": 58, "N_roi": 58, "N_inlier": 56, "refit": true}
{"timestamp": "17:42:18.342398", "frame": 67, "mu": [-1.111956989521875, 2.128495985743629, -0.0777086445201901], "Sigma": [[0.010367095561593891, 0.008211589376505395, -0.0217161095907133], [0.008211589376505395, 0.017256723800787993, -0.04029631334463503], [-0.0217161095907133, -0.04029631334463503, 0.12396163254807502]], "chi2_level": 0.99, "chi2_df": 3, "chi2_threshold": 11.344866730144373, "N_raw": 83, "N_roi": 82, "N_inlier": 80, "refit": true}
{"timestamp": "17:42:18.385548", "frame": 68, "mu": [-1.1195198008990026, 2.026138396219473, 1.132445291843807], "Sigma": [[0.006536178524842543, -0.0009784570785378545, -0.00975320284049558], [-0.0009784570785378545, 0.0049663733102489485, 0.0011760000701160666], [-0.00975320284049558, 0.0011760000701160666, 0.060873194426973525]], "chi2_level": 0.99, "chi2_df": 3, "chi2_threshold": 11.344866730144373, "N_raw": 32, "N_roi": 32, "N_inlier": 30, "refit": true}
{"timestamp": "17:42:18.442821", "frame": 69, "mu": [-1.2518388662143105, 2.0157909840738744, 0.9033352301527408], "Sigma": [[0.014130042960752853, 0.0025642580948277123, 0.02112656682753914], [0.0025642580948277123, 0.0028305241236006107, -0.0019088832233942247], [0.02112656682753914, -0.0019088832233942247, 0.07423716972934585]], "chi2_level": 0.99, "chi2_df": 3, "chi2_threshold": 11.344866730144373, "N_raw": 52, "N_roi": 52, "N_inlier": 51, "refit": true}
{"timestamp": "17:42:18.503092", "frame": 70, "mu": [-1.2757640535260202, 1.9065308158102554, 1.3601583620852893], "Sigma": [[0.00774775118618055, 0.004188193961757255, -0.009851866014283003], [0.004188193961757255, 0.010228958496479467, -0.018313110150326502], [-0.009851866014283003, -0.018313110150326502, 0.05244128608093303]], "chi2_level": 0.99, "chi2_df": 3, "chi2_threshold": 11.344866730144373, "N_raw": 76, "N_roi": 76, "N_inlier": 74, "refit": true}
{"timestamp": "17:42:18.547602", "frame": 71, "mu": [-1.32894103641573, 1.9355745196319853, 1.141200135400898], "Sigma": [[0.0014301755995987607, -0.0015421673598188077, -0.005909930756073175], [-0.0015421673598188077, 0.011886210401875508, -0.0278574187910404], [-0.005909930756073175, -0.0278574187910404, 0.274223724684864]], "chi2_level": 0.99, "chi2_df": 3, "chi2_threshold": 11.344866730144373, "N_raw": 8, "N_roi": 8, "N_inlier": 8, "refit": true}
{"timestamp": "17:42:18.607782", "frame": 72, "mu": [-1.4928280922896673, 1.8600353317087597, 1.7266749162627268], "Sigma": [[0.01908293232141597, 0.010265026708253149, -0.020748525507850897], [0.010265026708253147, 0.011022192072700164, -0.009540307297820868], [-0.020748525507850904, -0.009540307297820868, 0.02976575608319846]], "chi2_level": 0.99, "chi2_df": 3, "chi2_threshold": 11.344866730144373, "N_raw": 49, "N_roi": 49, "N_inlier": 45, "refit": true}
{"timestamp": "17:42:18.659611", "frame": 73, "mu": [-1.4953071729205492, 1.9226680282603361, 1.7071987635074133], "Sigma": [[0.0028602848103600853, 0.002703541246044577, -0.0059529825241047985], [0.0027035412460445765, 0.009435541580530194, -0.005791587089378941], [-0.0059529825241047985, -0.005791587089378941, 0.02057992880241888]], "chi2_level": 0.99, "chi2_df": 3, "chi2_threshold": 11.344866730144373, "N_raw": 19, "N_roi": 16, "N_inlier": 15, "refit": true}
{"timestamp": "17:42:18.713484", "frame": 74, "mu": [-1.5981390532741764, 1.869476664518286, 1.4561901423960062], "Sigma": [[0.013875941156715822, 0.010553696346450507, -0.044073800135127045], [0.010553696346450507, 0.013319430355223764, -0.023755272256371262], [-0.044073800135127045, -0.023755272256371262, 0.576738830833756]], "chi2_level": 0.99, "chi2_df": 3, "chi2_threshold": 11.344866730144373, "N_raw": 14, "N_roi": 14, "N_inlier": 14, "refit": true}
{"timestamp": "17:42:18.777709", "frame": 75, "mu": [-1.7572646479783938, 1.7491406446356659, 0.1483657649636991], "Sigma": [[0.0300237238267319, 0.022920543536594565, -0.019220480985739165], [0.022920543536594565, 0.02404246121685496, -0.011251782521936234], [-0.019220480985739165, -0.011251782521936236, 0.015153960174944055]], "chi2_level": 0.99, "chi2_df": 3, "chi2_threshold": 11.344866730144373, "N_raw": 84, "N_roi": 84, "N_inlier": 83, "refit": true}
{"timestamp": "17:42:18.839346", "frame": 76, "mu": [-1.7964088428845477, 1.7923736764923914, 0.16066263545192938], "Sigma": [[0.027067183110513034, 0.027023158337799176, -0.014703976192658738], [0.027023158337799176, 0.036472240170204305, -0.01299549376426697], [-0.014703976192658737, -0.012995493764266968, 0.01062385022133682]], "chi2_level": 0.99, "chi2_df": 3, "chi2_threshold": 11.344866730144373, "N_raw": 91, "N_roi": 91, "N_inlier": 88, "refit": true}
{"timestamp": "17:42:18.881462", "frame": 77, "mu": [-1.8007555670056836, 1.8843127386469032, 1.2849564413890007], "Sigma": [[0.024298684290482014, 0.020734402312390696, -0.04169612604335961], [0.020734402312390696, 0.022329526882516285, -0.048153237970643435], [-0.041696126043359615, -0.04815323797064343, 0.12457196765567188]], "chi2_level": 0.99, "chi2_df": 3, "chi2_threshold": 11.344866730144373, "N_raw": 32, "N_roi": 32, "N_inlier": 32, "refit": true}
{"timestamp": "17:42:18.948216", "frame": 78, "mu": [-1.956427296105184, 1.7009914786219236, 1.631727421553117], "Sigma": [[0.02224544123205853, 0.019417921401036743, -0.02213765649242974], [0.019417921401036743, 0.03168791163832892, -0.02566174643511706], [-0.02213765649242974, -0.02566174643511706, 0.039444638873397386]], "chi2_level": 0.99, "chi2_df": 3, "chi2_threshold": 11.344866730144373, "N_raw": 110, "N_roi": 110, "N_inlier": 106, "refit": true}
{"timestamp": "17:42:18.998742", "frame": 79, "mu": [-2.008928053685206, 1.7997878407962065, -0.006898763273903269], "Sigma": [[0.01763840168311486, 0.016991061546473653, -0.008246874189381817], [0.016991061546473653, 0.029566792379610594, -0.009013581766654306], [-0.008246874189381817, -0.009013581766654306, 0.028094919121527277]], "chi2_level": 0.99, "chi2_df": 3, "chi2_threshold": 11.344866730144373, "N_raw": 77, "N_roi": 77, "N_inlier": 74, "refit": true}
{"timestamp": "17:42:19.052857", "frame": 80, "mu": [-2.0340138246730306, 1.6889818253329603, 1.677971159120156], "Sigma": [[0.020335660264187327, 0.016216462966952443, -0.020276089868416933], [0.016216462966952443, 0.024502954617273597, -0.020039198642787803], [-0.020276089868416933, -0.020039198642787803, 0.025281524801905667]], "chi2_level": 0.99, "chi2_df": 3, "chi2_threshold": 11.344866730144373, "N_raw": 83, "N_roi": 83, "N_inlier": 82, "refit": true}
{"timestamp": "17:42:19.109409", "frame": 81, "mu": [-2.1060933601543597, 1.6089548887695144, 1.666847581064808], "Sigma": [[0.021178160796898226, 0.01572647600258846, -0.019905623224520382], [0.015726476002588467, 0.031027638248235987, -0.017949837652753542], [-0.019905623224520382, -0.017949837652753542, 0.02181635186670639]], "chi2_level": 0.99, "chi2_df": 3, "chi2_threshold": 11.344866730144373, "N_raw": 96, "N_roi": 96, "N_inlier": 95, "refit": true}
{"timestamp": "17:42:19.164789", "frame": 82, "mu": [-2.1829443276833973, 1.6277606537225213, 0.3388409569281232], "Sigma": [[0.01893560571415827, 0.016116034275585014, 0.04634730939666695], [0.01611603427558501, 0.0321290787219992, 0.07213938177372164], [0.04634730939666695, 0.07213938177372164, 0.3758082894043078]], "chi2_level": 0.99, "chi2_df": 3, "chi2_threshold": 11.344866730144373, "N_raw": 88, "N_roi": 87, "N_inlier": 86, "refit": true}
{"timestamp": "17:42:19.213548", "frame": 83, "mu": [-2.1815807103806493, 1.8515517929125234, -0.20288087618144054], "Sigma": [[0.011753307424037785, 0.013003609187361358, -0.009104467348243139], [0.013003609187361358, 0.020942049966251, -0.017247780756932105], [-0.009104467348243139, -0.017247780756932105, 0.01678959767519228]], "chi2_level": 0.99, "chi2_df": 3, "chi2_threshold": 11.344866730144373, "N_raw": 43, "N_roi": 43, "N_inlier": 42, "refit": true}
{"timestamp": "17:42:19.271183", "frame": 84, "mu": [-2.2555698155687693, 1.6846848845520102, 1.668270736382734], "Sigma": [[0.014646605951816041, 0.013910559453916772, -0.015016261375488654], [0.013910559453916772, 0.02805045959218945, -0.02315713258533723], [-0.015016261375488655, -0.02315713258533723, 0.029569668136323717]], "chi2_level": 0.99, "chi2_df": 3, "chi2_threshold": 11.344866730144373, "N_raw": 74, "N_roi": 73, "N_inlier": 72, "refit": true}
{"timestamp": "17:42:19.326674", "frame": 85, "mu": [-2.312042373522554, 1.6535548786888077, 0.14335174868219575], "Sigma": [[0.012280554767273686, 0.012744143878151658, -0.009525851391875248], [0.01274414387815166, 0.029378427326845306, -0.008482165427687156], [-0.00952585139187525, -0.008482165427687156, 0.01217576423529315]], "chi2_level": 0.99, "chi2_df": 3, "chi2_threshold": 11.344866730144373, "N_raw": 71, "N_roi": 61, "N_inlier": 57, "refit": true}
{"timestamp": "17:42:19.385984", "frame": 86, "mu": [-2.3096293199935527, 1.7308864399296242, 1.4508431810990512], "Sigma": [[0.012886475549902932, 0.01249332713662424, -0.009951997417911498], [0.01249332713662424, 0.029951654102054664, -0.02447170875889903], [-0.009951997417911498, -0.024471708758899032, 0.02714288241611717]], "chi2_level": 0.99, "chi2_df": 3, "chi2_threshold": 11.344866730144373, "N_raw": 95, "N_roi": 79, "N_inlier": 75, "refit": true}
{"timestamp": "17:42:19.435810", "frame": 87, "mu": [-2.361595578790602, 1.7411296373084066, -0.05206143024107278], "Sigma": [[0.008185702249666324, 0.010033266811264516, -0.009489798224466923], [0.010033266811264516, 0.035783881378225565, -0.028881016221208283], [-0.009489798224466923, -0.028881016221208283, 0.030360561175193482]], "chi2_level": 0.99, "chi2_df": 3, "chi2_threshold": 11.344866730144373, "N_raw": 61, "N_roi": 47, "N_inlier": 45, "refit": true}
{"timestamp": "17:42:19.490527", "frame": 88, "mu": [-2.385736051907062, 1.7825208120068046, 1.4216770105946863], "Sigma": [[0.004251041270146265, 0.002189711259033665, -0.008352144897678463], [0.002189711259033665, 0.013958110088098262, -0.013730630260563793], [-0.008352144897678465, -0.013730630260563793, 0.06607518926647848]], "chi2_level": 0.99, "chi2_df": 3, "chi2_threshold": 11.344866730144373, "N_raw": 62, "N_roi": 34, "N_inlier": 33, "refit": true}
{"timestamp": "17:42:19.549898", "frame": 89, "mu": [-2.4196825625084486, 1.9110669017725104, -0.373989783477491], "Sigma": [[0.0028533341801700455, -0.00011926599758197288, 0.001961268376584939], [-0.0001192659975819731, 0.0491574061536391, -0.06397792091795006], [0.001961268376584939, -0.06397792091795006, 0.1013161996812325]], "chi2_level": 0.99, "chi2_df": 3, "chi2_threshold": 11.344866730144373, "N_raw": 90, "N_roi": 37, "N_inlier": 37, "refit": true}
{"timestamp": "17:42:19.602096", "frame": 90, "mu": [-2.425831454208454, 1.7592206560294361, 1.4223826891315698], "Sigma": [[0.001937726760071738, 0.00016294844969199577, -0.00130959977086344], [0.000162948449691996, 0.00827850056476794, -0.004536361192404164], [-0.0013095997708634398, -0.004536361192404164, 0.005073634303811758]], "chi2_level": 0.99, "chi2_df": 3, "chi2_threshold": 11.344866730144373, "N_raw": 73, "N_roi": 18, "N_inlier": 17, "refit": true}
{"timestamp": "17:42:19.653548", "frame": 91, "mu": [-2.4542848521459786, 1.8093501162920183, -0.036300230542426086], "Sigma": [[0.0010676201009087029, -0.0007916480907101927, 3.7330400491416245e-05], [-0.0007916480907101924, 0.0065504561463074805, -0.0004936697922579234], [3.7330400491416245e-05, -0.0004936697922579234, 0.00015326919721572721]], "chi2_level": 0.99, "chi2_df": 3, "chi2_threshold": 11.344866730144373, "N_raw": 50, "N_roi": 10, "N_inlier": 10, "refit": true}
{"timestamp": "17:42:19.873205", "frame": 95, "mu": [-2.2622355090614445, 1.673948426458788, -0.3627395537450174], "Sigma": [[0.4923839577061177, -0.3206817307035474, 0.11532281395722836], [-0.3206817307035474, 0.2122237365574285, -0.07611896189189742], [0.11532281395722836, -0.07611896189189742, 0.027368382546911978]], "chi2_level": 0.99, "chi2_df": 3, "chi2_threshold": 11.344866730144373, "N_raw": 67, "N_roi": 8, "N_inlier": 8, "refit": true}
