{"timestamp": "18:49:08.485714", "frame": 1, "mu": [1.8871109346051236, 3.053575887522994, 1.519707668928304], "Sigma": [[0.01666509601775621, -0.01045988443903935, 0.003948975520087342], [-0.010459884439039351, 0.012429527781144126, -0.006347474792269603], [0.003948975520087341, -0.006347474792269603, 0.01193525034293341]], "chi2_level": 0.99, "chi2_df": 3, "chi2_threshold": 11.344866730144373, "N_raw": 49, "N_roi": 49, "N_inlier": 49, "refit": true}
{"timestamp": "18:49:08.538294", "frame": 2, "mu": [1.9451519009153664, 3.013698724968235, 1.4319201514333209], "Sigma": [[0.00611054032725256, -0.0036669889279312604, -0.0017722440900587505], [-0.00366698892793126, 0.005099749452588508, -0.003428247455256427], [-0.0017722440900587505, -0.003428247455256427, 0.012612357512537505]], "chi2_level": 0.99, "chi2_df": 3, "chi2_threshold": 11.344866730144373, "N_raw": 20, "N_roi": 20, "N_inlier": 20, "refit": true}
{"timestamp": "18:49:08.648386", "frame": 4, "mu": [1.9608921879949417, 3.024578461554329, 1.5714037218152068], "Sigma": [[0.008550039612952988, -0.003451719659913069, -0.0029481548333505124], [-0.0034517196599130684, 0.0042836372861330295, -0.0016720378434052132], [-0.0029481548333505116, -0.0016720378434052136, 0.01072914346601952]], "chi2_level": 0.99, "chi2_df": 3, "chi2_threshold": 11.344866730144373, "N_raw": 25, "N_roi": 23, "N_inlier": 22, "refit": true}
{"timestamp": "18:49:08.706627", "frame": 5, "mu": [1.9703152670798605, 2.9819084449854496, 1.5893695188072403], "Sigma": [[0.012965602286090549, -0.0077566184725341054, -0.0008605863737664551], [-0.0077566184725341054, 0.00877848132652906, -0.00019347505962567262], [-0.0008605863737664551, -0.00019347505962567267, 0.0007797836293933943]], "chi2_level": 0.99, "chi2_df": 3, "chi2_threshold": 11.344866730144373, "N_raw": 36, "N_roi": 36, "N_inlier": 34, "refit": true}
{"timestamp": "18:49:08.760083", "frame": 6, "mu": [1.9018241372781206, 3.0322579891472894, 1.5452483135142012], "Sigma": [[0.007484274508435294, -0.003812414336608852, -0.0018108554938925004], [-0.003812414336608852, 0.00525701138615544, -0.002359913453733785], [-0.0018108554938925004, -0.002359913453733785, 0.006346888357252284]], "chi2_level": 0.99, "chi2_df": 3, "chi2_threshold": 11.344866730144373, "N_raw": 28, "N_roi": 28, "N_inlier": 27, "refit": true}
{"timestamp": "18:49:08.817031", "frame": 7, "mu": [1.9133639537663418, 2.9804558829533034, 1.5253565923625199], "Sigma": [[0.013860905906507558, -0.007757525607529694, -0.00563699099137803], [-0.007757525607529694, 0.010126946490769591, 0.001787130752970329], [-0.00563699099137803, 0.001787130752970329, 0.003962999689570913]], "chi2_level": 0.99, "chi2_df": 3, "chi2_threshold": 11.344866730144373, "N_raw": 47, "N_roi": 45, "N_inlier": 44, "refit": true}
{"timestamp": "18:49:08.871424", "frame": 8, "mu": [1.9415107642023541, 2.972547811797767, 1.5888974080730531], "Sigma": [[0.014506735537872876, -0.007426779793663279, -0.0017193696291866018], [-0.007426779793663279, 0.009934798580020375, -4.764453130746895e-05], [-0.0017193696291866018, -4.764453130746895e-05, 0.001777608398586129]], "chi2_level": 0.99, "chi2_df": 3, "chi2_threshold": 11.344866730144373, "N_raw": 47, "N_roi": 47, "N_inlier": 45, "refit": true}
{"timestamp": "18:49:08.925433", "frame": 9, "mu": [1.9865091504865067, 2.99124664521388, 0.2391421541664069], "Sigma": [[0.014706050536478237, -0.005398816831050717, -0.008757730567881762], [-0.005398816831050717, 0.005554036345711363, 0.002309478033370832], [-0.008757730567881762, 0.002309478033370832, 0.00681147442795412]], "chi2_level": 0.99, "chi2_df": 3, "chi2_threshold": 11.344866730144373, "N_raw": 35, "N_roi": 35, "N_inlier": 33, "refit": true}
{"timestamp": "18:49:08.984056", "frame": 10, "mu": [1.9063759107525877, 2.9550699730935457, 1.4938602776594212], "Sigma": [[0.01844340969786011, -0.009320432205170311, -0.012825487530226751], [-0.009320432205170311, 0.012230764829052694, 0.0021952198579404036], [-0.012825487530226751, 0.0021952198579404045, 0.019756990627490516]], "chi2_level": 0.99, "chi2_df": 3, "chi2_threshold": 11.344866730144373, "N_raw": 67, "N_roi": 65, "N_inlier": 62, "refit": true}
{"timestamp": "18:49:09.040065", "frame": 11, "mu": [1.9396590333456953, 2.9228707751536076, 1.4548584725202363], "Sigma": [[0.019222138870540487, -0.010802446956915443, -0.004013127580364597], [-0.010802446956915443, 0.01335442613608458, -0.001660195370550151], [-0.004013127580364596, -0.0016601953705501513, 0.005355163786976158]], "chi2_level": 0.99, "chi2_df": 3, "chi2_threshold": 11.344866730144373, "N_raw": 63, "N_roi": 61, "N_inlier": 60, "refit": true}
{"timestamp": "18:49:09.096066", "frame": 12, "mu": [1.9299995243085712, 2.938029792110601, 0.18002659215933292], "Sigma": [[0.01938214859793758, -0.008196962578546768, -0.01275853200749143], [-0.008196962578546768, 0.013299643693851225, -0.00372507144783834], [-0.01275853200749143, -0.00372507144783834, 0.031489041923164686]], "chi2_level": 0.99, "chi2_df": 3, "chi2_threshold": 11.344866730144373, "N_raw": 68, "N_roi": 65, "N_inlier": 64, "refit": true}
{"timestamp": "18:49:09.149731", "frame": 13, "mu": [1.9643995038200055, 2.8077905045682443, 1.2203985412800429], "Sigma": [[0.01919938195908598, -0.013591318762059422, -0.016344955181973504], [-0.01359131876205942, 0.012400140137562443, 0.006822659098218005], [-0.016344955181973504, 0.006822659098218005, 0.05754038241548444]], "chi2_level": 0.99, "chi2_df": 3, "chi2_threshold": 11.344866730144373, "N_raw": 61, "N_roi": 61, "N_inlier": 60, "refit": true}
{"timestamp": "18:49:09.202925", "frame": 14, "mu": [1.8442594590107897, 2.8228505708549667, 1.1800885077777257], "Sigma": [[0.012535455872771875, -0.00883367212856264, -0.003317931451579024], [-0.008833672128562644, 0.007677285028674827, -0.003036831355577201], [-0.003317931451579024, -0.003036831355577201, 0.05759551624171278]], "chi2_level": 0.99, "chi2_df": 3, "chi2_threshold": 11.344866730144373, "N_raw": 49, "N_roi": 49, "N_inlier": 48, "refit": true}
{"timestamp": "18:49:09.260867", "frame": 15, "mu": [1.9128342433533827, 2.8593264558794234, -0.11084010470429573], "Sigma": [[0.017863926693561637, -0.009080350477173184, 0.003581397879634218], [-0.009080350477173184, 0.014070816932393157, -0.018890037325939885], [0.0035813978796342175, -0.018890037325939885, 0.03854874493917633]], "chi2_level": 0.99, "chi2_df": 3, "chi2_threshold": 11.344866730144373, "N_raw": 70, "N_roi": 67, "N_inlier": 67, "refit": true}
{"timestamp": "18:49:09.315391", "frame": 16, "mu": [1.8771242944176059, 2.6681685813919165, 1.0493425053045426], "Sigma": [[0.018646865733367823, -0.007662057597944435, 0.00597203822253078], [-0.007662057597944437, 0.006212236532844932, -0.008440353846203355], [0.005972038222530779, -0.008440353846203355, 0.022828101236515824]], "chi2_level": 0.99, "chi2_df": 3, "chi2_threshold": 11.344866730144373, "N_raw": 62, "N_roi": 62, "N_inlier": 62, "refit": true}
{"timestamp": "18:49:09.371311", "frame": 17, "mu": [1.8430306099536629, 2.6416763727387926, 1.1568791289031881], "Sigma": [[0.0210633954324389, -0.017029769628304877, -0.02829744542484567], [-0.017029769628304877, 0.018579301504348583, 0.025145907696188286], [-0.02829744542484567, 0.025145907696188286, 0.10224603691846848]], "chi2_level": 0.99, "chi2_df": 3, "chi2_threshold": 11.344866730144373, "N_raw": 72, "N_roi": 72, "N_inlier": 71, "refit": true}
{"timestamp": "18:49:09.424219", "frame": 18, "mu": [1.8316439003647287, 2.6424050993790718, -0.6208062079900095], "Sigma": [[0.020151320370115154, -0.004407334875110592, 0.0272892229722889], [-0.004407334875110592, 0.007909536648057451, -0.009105971528943824], [0.0272892229722889, -0.009105971528943824, 0.09038221714720238]], "chi2_level": 0.99, "chi2_df": 3, "chi2_threshold": 11.344866730144373, "N_raw": 69, "N_roi": 69, "N_inlier": 69, "refit": true}
{"timestamp": "18:49:09.482278", "frame": 19, "mu": [1.7830505386580175, 2.54530682694896, 1.1702883179777506], "Sigma": [[0.020898520297114143, -0.00924709301452923, 0.0037890061980872056], [-0.00924709301452923, 0.009077386116475565, -0.009505860599857726], [0.0037890061980872056, -0.009505860599857726, 0.016438152445280123]], "chi2_level": 0.99, "chi2_df": 3, "chi2_threshold": 11.344866730144373, "N_raw": 75, "N_roi": 75, "N_inlier": 75, "refit": true}
{"timestamp": "18:49:09.533824", "frame": 20, "mu": [1.75407623479765, 2.507746617170413, 1.1595797796668867], "Sigma": [[0.014208818483573029, -0.005401000181473932, 0.01074477514785806], [-0.005401000181473932, 0.0051704896891445985, -0.008326163258579305], [0.010744775147858057, -0.008326163258579305, 0.018246625314821165]], "chi2_level": 0.99, "chi2_df": 3, "chi2_threshold": 11.344866730144373, "N_raw": 52, "N_roi": 50, "N_inlier": 49, "refit": true}
{"timestamp": "18:49:09.592600", "frame": 21, "mu": [1.7373249350196749, 2.450141653216757, 1.126949858546713], "Sigma": [[0.015392292168539618, -0.007881098457494136, -0.0035054480085374385], [-0.007881098457494136, 0.006859174391356154, -0.006121676248358192], [-0.0035054480085374385, -0.006121676248358192, 0.062041598645229866]], "chi2_level": 0.99, "chi2_df": 3, "chi2_threshold": 11.344866730144373, "N_raw": 85, "N_roi": 83, "N_inlier": 81, "refit": true}
{"timestamp": "18:49:09.642113", "frame": 22, "mu": [1.6958743471039062, 2.4417712591903253, 1.3136859945287098], "Sigma": [[0.01057029118809347, -0.005605425403864328, -0.005415969335377971], [-0.005605425403864328, 0.005661087734627305, 0.0023295719004185382], [-0.005415969335377972, 0.0023295719004185382, 0.0480618107403446]], "chi2_level": 0.99, "chi2_df": 3, "chi2_threshold": 11.344866730144373, "N_raw": 43, "N_roi": 43, "N_inlier": 43, "refit": true}
{"timestamp": "18:49:09.699369", "frame": 23, "mu": [1.7336081268205046, 2.2832943854598056, 0.9111970520929522], "Sigma": [[0.01218540004148626, -0.009315871462196888, -0.008612686557697391], [-0.009315871462196887, 0.015210512657718734, 0.027284491022280893], [-0.00861268655769739, 0.027284491022280897, 0.15639797442706746]], "chi2_level": 0.99, "chi2_df": 3, "chi2_threshold": 11.344866730144373, "N_raw": 66, "N_roi": 66, "N_inlier": 64, "refit": true}
{"timestamp": "18:49:09.754211", "frame": 24, "mu": [1.6797562224201446, 2.2613759756635083, 0.9096462542990562], "Sigma": [[0.010102954321365813, -0.005872031801076885, 0.0004463889979914326], [-0.005872031801076885, 0.006057567558870912, 0.004653693309010583], [0.00044638899799143226, 0.004653693309010583, 0.07815404858704704]], "chi2_level": 0.99, "chi2_df": 3, "chi2_threshold": 11.344866730144373, "N_raw": 57, "N_roi": 57, "N_inlier": 56, "refit": true}
{"timestamp": "18:49:09.811184", "frame": 25, "mu": [1.6675327925404544, 2.201467980106412, 1.0276749156652485], "Sigma": [[0.012031756845793858, -0.010275703599564062, -0.008677966497341056], [-0.010275703599564062, 0.012348486363688327, 0.01613720092425642], [-0.008677966497341054, 0.016137200924256422, 0.11452231386872673]], "chi2_level": 0.99, "chi2_df": 3, "chi2_threshold": 11.344866730144373, "N_raw": 73, "N_roi": 73, "N_inlier": 71, "refit": true}
{"timestamp": "18:49:09.865806", "frame": 26, "mu": [1.6186408008288498, 2.1627090218424483, 0.9724530403600088], "Sigma": [[0.012516158627562569, -0.011503559476822021, -0.01108150343830085], [-0.011503559476822021, 0.012135523648104043, 0.009983941646513466], [-0.01108150343830085, 0.009983941646513467, 0.06323014671279271]], "chi2_level": 0.99, "chi2_df": 3, "chi2_threshold": 11.344866730144373, "N_raw": 68, "N_roi": 68, "N_inlier": 68, "refit": true}
{"timestamp": "18:49:09.920396", "frame": 27, "mu": [1.6093341950850129, 2.0443609404409964, 0.8600524802794798], "Sigma": [[0.009369104234416009, -0.008075919531534475, -0.004483841745176502], [-0.008075919531534475, 0.008669076432020193, 0.009799149363205261], [-0.004483841745176502, 0.009799149363205261, 0.08417399939787538]], "chi2_level": 0.99, "chi2_df": 3, "chi2_threshold": 11.344866730144373, "N_raw": 69, "N_roi": 69, "N_inlier": 68, "refit": true}
{"timestamp": "18:49:09.972053", "frame": 28, "mu": [1.542181387582203, 2.00839267162188, 0.977330794417133], "Sigma": [[0.00901781860871166, -0.005896123127961864, 0.001025573948463933], [-0.005896123127961865, 0.006080853213037875, 0.0036127290942115416], [0.0010255739484639327, 0.00361272909421154, 0.12628176717796863]], "chi2_level": 0.99, "chi2_df": 3, "chi2_threshold": 11.344866730144373, "N_raw": 52, "N_roi": 52, "N_inlier": 52, "refit": true}
{"timestamp": "18:49:10.032438", "frame": 29, "mu": [1.501064003849603, 1.997474941711745, 1.0635437569654238], "Sigma": [[0.012223975363406492, -0.007676148749262438, -0.0021316419714339503], [-0.007676148749262438, 0.00814660994293461, -0.00457225256966686], [-0.0021316419714339507, -0.00457225256966686, 0.04170842730123779]], "chi2_level": 0.99, "chi2_df": 3, "chi2_threshold": 11.344866730144373, "N_raw": 84, "N_roi": 84, "N_inlier": 84, "refit": true}
{"timestamp": "18:49:10.087099", "frame": 30, "mu": [1.4984637728094778, 1.9533090992498587, 1.232383226675647], "Sigma": [[0.012657043514844445, -0.008541295021578712, -0.010333067294289391], [-0.008541295021578712, 0.009547701544140494, 0.0034944602924736794], [-0.010333067294289393, 0.00349446029247368, 0.03566425198720785]], "chi2_level": 0.99, "chi2_df": 3, "chi2_threshold": 11.344866730144373, "N_raw": 74, "N_roi": 74, "N_inlier": 71, "refit": true}
{"timestamp": "18:49:10.143011", "frame": 31, "mu": [1.448329667800277, 1.8907578900224593, 1.1463414187482692], "Sigma": [[0.015551832737871972, -0.012047183073126463, -0.02123557336870128], [-0.012047183073126463, 0.01397227313094345, 0.018046147533472612], [-0.021235573368701282, 0.018046147533472612, 0.06548477164468436]], "chi2_level": 0.99, "chi2_df": 3, "chi2_threshold": 11.344866730144373, "N_raw": 83, "N_roi": 83, "N_inlier": 80, "refit": true}
{"timestamp": "18:49:10.198669", "frame": 32, "mu": [1.3842600877659013, 1.8645351183909864, 1.192022794360611], "Sigma": [[0.016482823448751877, -0.011657183195630754, -0.016594391104288307], [-0.011657183195630754, 0.013378950588365598, 0.015273387350067523], [-0.016594391104288307, 0.015273387350067526, 0.05874762821806192]], "chi2_level": 0.99, "chi2_df": 3, "chi2_threshold": 11.344866730144373, "N_raw": 89, "N_roi": 89, "N_inlier": 85, "refit": true}
{"timestamp": "18:49:10.255700", "frame": 33, "mu": [1.3367437000385747, 1.7530642994527208, 0.9883921169328128], "Sigma": [[0.014241735761186038, -0.004539365035408374, 0.008761719963893029], [-0.004539365035408374, 0.004313019845036591, 0.0026796777344487736], [0.008761719963893029, 0.002679677734448774, 0.0813708849858211]], "chi2_level": 0.99, "chi2_df": 3, "chi2_threshold": 11.344866730144373, "N_raw": 97, "N_roi": 97, "N_inlier": 95, "refit": true}
{"timestamp": "18:49:10.309301", "frame": 34, "mu": [1.35737179220887, 1.6901892424273044, 0.9655615433829201], "Sigma": [[0.017672082559547088, -0.011042562217545869, -0.013776148548192702], [-0.011042562217545869, 0.010671395329443757, 0.015203258109484741], [-0.013776148548192702, 0.015203258109484741, 0.060487495323112164]], "chi2_level": 0.99, "chi2_df": 3, "chi2_threshold": 11.344866730144373, "N_raw": 89, "N_roi": 89, "N_inlier": 87, "refit": true}
{"timestamp": "18:49:10.364182", "frame": 35, "mu": [1.3347581301587175, 1.6830501872159942, 1.15316407445637], "Sigma": [[0.013681292353238032, -0.008062853955453125, -0.013821284713571025], [-0.008062853955453125, 0.009108831760238323, 0.002212680597032256], [-0.013821284713571025, 0.002212680597032256, 0.032420081940549184]], "chi2_level": 0.99, "chi2_df": 3, "chi2_threshold": 11.344866730144373, "N_raw": 93, "N_roi": 93, "N_inlier": 92, "refit": true}
{"timestamp": "18:49:10.413192", "frame": 36, "mu": [1.1473654553334816, 1.731103528833407, 1.1038930404683736], "Sigma": [[0.010928120709093886, -0.005664911557285227, -0.005148958781940734], [-0.0056649115572852266, 0.0054387971955766655, 0.0008217100416005534], [-0.005148958781940733, 0.0008217100416005533, 0.014415472670700128]], "chi2_level": 0.99, "chi2_df": 3, "chi2_threshold": 11.344866730144373, "N_raw": 49, "N_roi": 49, "N_inlier": 46, "refit": true}
{"timestamp": "18:49:10.468292", "frame": 37, "mu": [1.1771306737584106, 1.6052219565643597, 1.2514502541769437], "Sigma": [[0.0064106179241698105, -0.002379924379705873, -0.0020467276894580444], [-0.002379924379705873, 0.0020833238390668123, -0.0016324610910491725], [-0.002046727689458044, -0.0016324610910491723, 0.025814953876040193]], "chi2_level": 0.99, "chi2_df": 3, "chi2_threshold": 11.344866730144373, "N_raw": 53, "N_roi": 53, "N_inlier": 49, "refit": true}
{"timestamp": "18:49:10.527618", "frame": 38, "mu": [1.1749906449198502, 1.479881349026852, 1.2391054576018272], "Sigma": [[0.013813797639985496, -0.008001117935857841, -0.020288750750878506], [-0.008001117935857841, 0.007101994741109991, 0.013155209651897006], [-0.02028875075087851, 0.013155209651897006, 0.06378941898813219]], "chi2_level": 0.99, "chi2_df": 3, "chi2_threshold": 11.344866730144373, "N_raw": 83, "N_roi": 83, "N_inlier": 81, "refit": true}
{"timestamp": "18:49:10.583308", "frame": 39, "mu": [1.102495938916623, 1.4809613238887827, 1.2484845991482494], "Sigma": [[0.010506461845973184, -0.004092372091285832, -0.006461464324417321], [-0.004092372091285832, 0.0043858085739654695, -0.002433890538874634], [-0.006461464324417321, -0.002433890538874634, 0.023691497787364207]], "chi2_level": 0.99, "chi2_df": 3, "chi2_threshold": 11.344866730144373, "N_raw": 85, "N_roi": 85, "N_inlier": 81, "refit": true}
{"timestamp": "18:49:10.638001", "frame": 40, "mu": [1.0059181049030939, 1.6140175186999688, -0.2351090767445979], "Sigma": [[0.01316015570822488, -0.014366036687481742, 0.031542004442938976], [-0.014366036687481744, 0.02606903702120534, -0.0650527221344666], [0.03154200444293898, -0.0650527221344666, 0.2939647491784732]], "chi2_level": 0.99, "chi2_df": 3, "chi2_threshold": 11.344866730144373, "N_raw": 80, "N_roi": 80, "N_inlier": 77, "refit": true}
{"timestamp": "18:49:10.697911", "frame": 41, "mu": [1.044719495334947, 1.3363733906602904, 0.9512025070421858], "Sigma": [[0.008772681339758887, -0.0039030498817282343, 0.00219825628622153], [-0.0039030498817282343, 0.004946742332010799, 0.003196087175833787], [0.00219825628622153, 0.003196087175833787, 0.06811237412782745]], "chi2_level": 0.99, "chi2_df": 3, "chi2_threshold": 11.344866730144373, "N_raw": 115, "N_roi": 115, "N_inlier": 111, "refit": true}
{"timestamp": "18:49:10.754307", "frame": 42, "mu": [0.9729041387005299, 1.4265781020211799, 0.08965979123399573], "Sigma": [[0.01175646560766904, -0.00785543055951285, 0.02130759275619233], [-0.00785543055951285, 0.024984651757121883, -0.13713429477435568], [0.021307592756192324, -0.13713429477435568, 0.9928914367169442]], "chi2_level": 0.99, "chi2_df": 3, "chi2_threshold": 11.344866730144373, "N_raw": 116, "N_roi": 116, "N_inlier": 115, "refit": true}
{"timestamp": "18:49:10.809602", "frame": 43, "mu": [0.904104472958058, 1.2048174637046767, 0.9348722109011507], "Sigma": [[0.01241208793261809, -0.007670705424361278, 0.0014817662311258132], [-0.007670705424361279, 0.03150351107464996, 0.07023800637502767], [0.0014817662311258119, 0.07023800637502767, 0.3022327671413717]], "chi2_level": 0.99, "chi2_df": 3, "chi2_threshold": 11.344866730144373, "N_raw": 125, "N_roi": 125, "N_inlier": 122, "refit": true}
{"timestamp": "18:49:10.857379", "frame": 44, "mu": [0.9013483239801973, 1.1651206001257324, 1.095707397447449], "Sigma": [[0.014290568961631984, -0.015140342797294006, -0.0040160416462727], [-0.015140342797294006, 0.020271497445660362, 0.0048078921969564115], [-0.0040160416462727, 0.0048078921969564115, 0.08353470500637594]], "chi2_level": 0.99, "chi2_df": 3, "chi2_threshold": 11.344866730144373, "N_raw": 70, "N_roi": 70, "N_inlier": 67, "refit": true}
{"timestamp": "18:49:10.921083", "frame": 45, "mu": [0.8510901479285345, 1.1809838574650116, 1.2254066771548962], "Sigma": [[0.010409036495239563, -0.004731227653441516, -0.012806922594470423], [-0.004731227653441516, 0.0064399379308279275, 0.0039807742178094244], [-0.012806922594470426, 0.0039807742178094244, 0.05749814513007802]], "chi2_level": 0.99, "chi2_df": 3, "chi2_threshold": 11.344866730144373, "N_raw": 131, "N_roi": 131, "N_inlier": 128, "refit": true}
{"timestamp": "18:49:10.967414", "frame": 46, "mu": [0.8035122029127316, 1.1201928062834408, 1.255997041233685], "Sigma": [[0.009217202824317967, -0.007298847148182708, -0.01364246570078935], [-0.007298847148182708, 0.009980274231897382, 0.013716704255384436], [-0.01364246570078935, 0.013716704255384436, 0.041522742532390355]], "chi2_level": 0.99, "chi2_df": 3, "chi2_threshold": 11.344866730144373, "N_raw": 78, "N_roi": 78, "N_inlier": 75, "refit": true}
{"timestamp": "18:49:11.024212", "frame": 47, "mu": [0.7668906667214261, 1.2505130393111228, -0.42831119268989], "Sigma": [[0.008394700805113807, -0.0006585813346574501, -0.007378488799800556], [-0.0006585813346574503, 0.006471615791367047, -0.0021811550300509814], [-0.007378488799800556, -0.002181155030050982, 0.01688552371478328]], "chi2_level": 0.99, "chi2_df": 3, "chi2_threshold": 11.344866730144373, "N_raw": 86, "N_roi": 86, "N_inlier": 85, "refit": true}
{"timestamp": "18:49:11.076952", "frame": 48, "mu": [0.6736194652952379, 1.100580889239611, 1.3965500061183584], "Sigma": [[0.006881354306212661, -0.003533317349218042, -0.007386372166738913], [-0.0035333173492180414, 0.005483788384889182, 0.0015639515228644374], [-0.007386372166738913, 0.0015639515228644374, 0.01277698260927169]], "chi2_level": 0.99, "chi2_df": 3, "chi2_threshold": 11.344866730144373, "N_raw": 72, "N_roi": 72, "N_inlier": 68, "refit": true}
{"timestamp": "18:49:11.123383", "frame": 49, "mu": [0.6723730823918749, 1.0359822671605703, 1.3535433724105705], "Sigma": [[0.0033509438266365937, -0.0017388161781952383, -0.002129155269265612], [-0.0017388161781952383, 0.004938827540837187, -0.001258078319053313], [-0.0021291552692656117, -0.001258078319053313, 0.003514673201867404]], "chi2_level": 0.99, "chi2_df": 3, "chi2_threshold": 11.344866730144373, "N_raw": 24, "N_roi": 24, "N_inlier": 23, "refit": true}
{"timestamp": "18:49:11.188228", "frame": 50, "mu": [0.535735659876144, 1.1118513658039766, 1.432679027146388], "Sigma": [[0.006148807100406345, -0.0008525714614072939, -0.0069373528806883225], [-0.0008525714614072937, 0.004444025041574192, -0.0029523473791641464], [-0.0069373528806883225, -0.002952347379164146, 0.016658176721687158]], "chi2_level": 0.99, "chi2_df": 3, "chi2_threshold": 11.344866730144373, "N_raw": 92, "N_roi": 92, "N_inlier": 88, "refit": true}
{"timestamp": "18:49:11.240310", "frame": 51, "mu": [0.46995345060134347, 1.0912315429114785, 1.496798025568553], "Sigma": [[0.003912496838968132, -5.501099515599653e-05, -0.001562862547550449], [-5.501099515599662e-05, 0.003795003865296572, -0.0017670887888179862], [-0.001562862547550449, -0.001767088788817986, 0.001932622048983889]], "chi2_level": 0.99, "chi2_df": 3, "chi2_threshold": 11.344866730144373, "N_raw": 65, "N_roi": 65, "N_inlier": 62, "refit": true}
{"timestamp": "18:49:11.295547", "frame": 52, "mu": [0.3970082307574422, 1.0921039210870076, 1.3511446203464534], "Sigma": [[0.007245693221949737, -0.004095079159178782, 0.013807226522658075], [-0.004095079159178782, 0.005814429482776567, -0.016123916267754907], [0.013807226522658075, -0.016123916267754907, 0.060660792915390394]], "chi2_level": 0.99, "chi2_df": 3, "chi2_threshold": 11.344866730144373, "N_raw": 73, "N_roi": 73, "N_inlier": 68, "refit": true}
{"timestamp": "18:49:11.357114", "frame": 53, "mu": [0.2965054101151291, 1.1110797249390731, 1.2306869005214596], "Sigma": [[0.013358314966164875, -0.009743590782915687, 0.022492382784468745], [-0.009743590782915687, 0.011972472633475681, -0.029167080759023436], [0.02249238278446874, -0.029167080759023436, 0.08019523240856684]], "chi2_level": 0.99, "chi2_df": 3, "chi2_threshold": 11.344866730144373, "N_raw": 108, "N_roi": 108, "N_inlier": 105, "refit": true}
{"timestamp": "18:49:11.411301", "frame": 54, "mu": [0.22405466118709122, 1.107991148480493, 1.372256415777319], "Sigma": [[0.015232710419900257, -0.010232304700716698, 0.024500764656533003], [-0.010232304700716698, 0.014918300359706333, -0.029325674272050538], [0.024500764656533003, -0.029325674272050538, 0.06553030138556556]], "chi2_level": 0.99, "chi2_df": 3, "chi2_threshold": 11.344866730144373, "N_raw": 108, "N_roi": 108, "N_inlier": 103, "refit": true}
{"timestamp": "18:49:11.469163", "frame": 55, "mu": [0.11865009291133957, 1.121281569497649, 1.2829072239013886], "Sigma": [[0.032635217263458104, -0.01867349225949541, 0.04352535044442585], [-0.018673492259495408, 0.016625297027058575, -0.03144332920525633], [0.04352535044442585, -0.031443329205256325, 0.08743546772552159]], "chi2_level": 0.99, "chi2_df": 3, "chi2_threshold": 11.344866730144373, "N_raw": 127, "N_roi": 127, "N_inlier": 124, "refit": true}
{"timestamp": "18:49:11.523080", "frame": 56, "mu": [0.08435241583336454, 1.078853743034287, 1.4315331663261561], "Sigma": [[0.016017169575814387, -0.008674481447308448, 0.022744673353475315], [-0.008674481447308448, 0.011361163629740975, -0.019959101395437627], [0.02274467335347531, -0.019959101395437627, 0.058324719763485855]], "chi2_level": 0.99, "chi2_df": 3, "chi2_threshold": 11.344866730144373, "N_raw": 111, "N_roi": 111, "N_inlier": 107, "refit": true}
{"timestamp": "18:49:11.572536", "frame": 57, "mu": [0.044986906724432424, 1.0446303904123744, 1.5429141962518507], "Sigma": [[0.002312249267131805, 0.00031478468637123077, -0.0007374115752903171], [0.000314784686371231, 0.006535891492507834, -0.0021671513717182607], [-0.0007374115752903171, -0.0021671513717182603, 0.001523768059871508]], "chi2_level": 0.99, "chi2_df": 3, "chi2_threshold": 11.344866730144373, "N_raw": 77, "N_roi": 77, "N_inlier": 72, "refit": true}
{"timestamp": "18:49:11.625796", "frame": 58, "mu": [0.01052559435798687, 0.9983716508307336, 1.4505516891977581], "Sigma": [[0.0023424333456532635, -0.0008438271629733493, -0.0037356096334154837], [-0.0008438271629733496, 0.0042717586232517485, -0.0014351999371960411], [-0.0037356096334154837, -0.0014351999371960411, 0.011180264283315042]], "chi2_level": 0.99, "chi2_df": 3, "chi2_threshold": 11.344866730144373, "N_raw": 72, "N_roi": 72, "N_inlier": 70, "refit": true}
{"timestamp": "18:49:11.680586", "frame": 59, "mu": [-0.0482884578397333, 1.0581417212207216, 1.506184444739059], "Sigma": [[0.0025927211919545136, -0.0003982031227027415, -0.0013528557457392159], [-0.00039820312270274144, 0.0018409759758001277, -0.0031439462300892848], [-0.001352855745739216, -0.0031439462300892848, 0.008083702761936554]], "chi2_level": 0.99, "chi2_df": 3, "chi2_threshold": 11.344866730144373, "N_raw": 62, "N_roi": 62, "N_inlier": 60, "refit": true}
{"timestamp": "18:49:11.739689", "frame": 60, "mu": [-0.14024596244086784, 1.0486089411522537, 1.5294721750323856], "Sigma": [[0.003597870120404238, -0.00038066083680347125, -0.0051081793335863174], [-0.00038066083680347125, 0.004314729876256656, -0.004414063781323361], [-0.0051081793335863174, -0.004414063781323361, 0.017949407479342757]], "chi2_level": 0.99, "chi2_df": 3, "chi2_threshold": 11.344866730144373, "N_raw": 100, "N_roi": 98, "N_inlier": 96, "refit": true}
{"timestamp": "18:49:11.795681", "frame": 61, "mu": [-0.20653442438124403, 1.035827012506756, 1.5576490106843268], "Sigma": [[0.005263227237182965, 0.00019218619200848697, -0.0017830708652773171], [0.00019218619200848694, 0.0049437760976199134, -0.0028512927228490103], [-0.0017830708652773171, -0.0028512927228490103, 0.003306407720702887]], "chi2_level": 0.99, "chi2_df": 3, "chi2_threshold": 11.344866730144373, "N_raw": 102, "N_roi": 102, "N_inlier": 100, "refit": true}
{"timestamp": "18:49:11.848151", "frame": 62, "mu": [-0.29374410105040005, 1.0236296866026164, 1.5029336092949146], "Sigma": [[0.004734373796416394, -0.0006802607203686374, -0.0022852265013889026], [-0.0006802607203686374, 0.0020692952404199358, -0.0028246630131206632], [-0.0022852265013889026, -0.0028246630131206632, 0.009537730534671494]], "chi2_level": 0.99, "chi2_df": 3, "chi2_threshold": 11.344866730144373, "N_raw": 82, "N_roi": 82, "N_inlier": 77, "refit": true}
{"timestamp": "18:49:11.903440", "frame": 63, "mu": [-0.3619402067197, 1.1238202300790512, -0.2154234200834306], "Sigma": [[0.0035242100582039797, 0.0005695288032965676, 0.0005772587587242559], [0.0005695288032965675, 0.006814985361288103, -0.00268023391422037], [0.0005772587587242565, -0.00268023391422037, 0.01587075090665698]], "chi2_level": 0.99, "chi2_df": 3, "chi2_threshold": 11.344866730144373, "N_raw": 84, "N_roi": 84, "N_inlier": 79, "refit": true}
{"timestamp": "18:49:11.961728", "frame": 64, "mu": [-0.3947029498602527, 1.1174408883878306, -0.5131395397566648], "Sigma": [[0.003956353065468176, 0.0026560014535555124, -0.001662077821570913], [0.0026560014535555133, 0.008619141849333356, -0.003278268077647056], [-0.001662077821570913, -0.0032782680776470554, 0.03946639727907282]], "chi2_level": 0.99, "chi2_df": 3, "chi2_threshold": 11.344866730144373, "N_raw": 104, "N_roi": 104, "N_inlier": 99, "refit": true}
{"timestamp": "18:49:12.017294", "frame": 65, "mu": [-0.4678931412130073, 0.9961587755234059, -0.1785373938198909], "Sigma": [[0.003977057943306001, -0.001101194811484804, 0.02790206635694736], [-0.0011011948114848043, 0.006744192900699063, 0.005168599683163098], [0.02790206635694736, 0.005168599683163099, 0.6191378968958577]], "chi2_level": 0.99, "chi2_df": 3, "chi2_threshold": 11.344866730144373, "N_raw": 103, "N_roi": 103, "N_inlier": 102, "refit": true}
{"timestamp": "18:49:12.065208", "frame": 66, "mu": [-0.5307238965191963, 1.1719647934598632, -0.1845187455717619], "Sigma": [[0.003919174374648118, -0.00028185714198546467, -0.0010124116924261819], [-0.0002818571419854646, 0.005575274061877615, -0.002497313305081761], [-0.0010124116924261819, -0.002497313305081761, 0.0016620907593178442]], "chi2_level": 0.99, "chi2_df": 3, "chi2_threshold": 11.344866730144373, "N_raw": 66, "N_roi": 66, "N_inlier": 64, "refit": true}
{"timestamp": "18:49:12.121288", "frame": 67, "mu": [-0.49188452838339475, 1.1668494713826996, 1.194319440749034], "Sigma": [[0.002992513146790996, 0.00012138697841263045, -0.0035150278176208664], [0.00012138697841263048, 0.00099506361983735, -0.002111387607917599], [-0.003515027817620866, -0.002111387607917599, 0.01760459149684676]], "chi2_level": 0.99, "chi2_df": 3, "chi2_threshold": 11.344866730144373, "N_raw": 44, "N_roi": 44, "N_inlier": 39, "refit": true}
{"timestamp": "18:49:12.172315", "frame": 68, "mu": [-0.714497283833949, 1.096989893082701, 1.5071073365256253], "Sigma": [[0.004743772356879026, -0.00014181117529567906, -0.007473189668225682], [-0.0001418111752956791, 0.0029180246170702976, 0.00044004138813852833], [-0.00747318966822568, 0.0004400413881385282, 0.05394972549003342]], "chi2_level": 0.99, "chi2_df": 3, "chi2_threshold": 11.344866730144373, "N_raw": 49, "N_roi": 49, "N_inlier": 45, "refit": true}
{"timestamp": "18:49:12.230719", "frame": 69, "mu": [-0.7962670628727258, 1.0724321443975335, 1.4907673466690523], "Sigma": [[0.009128762054562931, 0.0027889467457663532, -0.003197778017178388], [0.0027889467457663532, 0.0061350235770048075, -0.004334167455745287], [-0.003197778017178388, -0.004334167455745287, 0.02232979197313567]], "chi2_level": 0.99, "chi2_df": 3, "chi2_threshold": 11.344866730144373, "N_raw": 69, "N_roi": 69, "N_inlier": 61, "refit": true}
{"timestamp": "18:49:12.285676", "frame": 70, "mu": [-0.795198628416628, 1.1813244544540498, 1.5630248546582295], "Sigma": [[0.004452484797626363, -0.0003324210121831057, -0.004562762566957684], [-0.0003324210121831058, 0.0023369021644977883, -0.003338399602681428], [-0.004562762566957684, -0.003338399602681428, 0.02260530367659965]], "chi2_level": 0.99, "chi2_df": 3, "chi2_threshold": 11.344866730144373, "N_raw": 63, "N_roi": 62, "N_inlier": 57, "refit": true}
{"timestamp": "18:49:12.344337", "frame": 71, "mu": [-0.8639050151069291, 1.2415428315567167, -0.27981619972204735], "Sigma": [[0.004197642770502359, 0.002183390425101971, 0.002067142542654204], [0.002183390425101971, 0.008717621018005267, 0.0012552061783142443], [0.002067142542654204, 0.0012552061783142443, 0.014076409119241682]], "chi2_level": 0.99, "chi2_df": 3, "chi2_threshold": 11.344866730144373, "N_raw": 60, "N_roi": 60, "N_inlier": 55, "refit": true}
{"timestamp": "18:49:12.393412", "frame": 72, "mu": [-1.0391516236935392, 1.1486822637705363, -0.31997182353073483], "Sigma": [[0.0427166014570402, 0.027824253321041645, -0.03297190056000943], [0.027824253321041645, 0.02195512609122381, -0.02697305895913214], [-0.03297190056000943, -0.02697305895913214, 0.05087549826180895]], "chi2_level": 0.99, "chi2_df": 3, "chi2_threshold": 11.344866730144373, "N_raw": 54, "N_roi": 54, "N_inlier": 52, "refit": true}
{"timestamp": "18:49:12.447004", "frame": 73, "mu": [-1.1137098103594842, 1.1202013798408947, 1.5983297472737086], "Sigma": [[0.027275901327183234, 0.014913684553713311, -0.025606510119499905], [0.014913684553713311, 0.01001373053386751, -0.015255650445279092], [-0.025606510119499905, -0.015255650445279092, 0.04075693010411284]], "chi2_level": 0.99, "chi2_df": 3, "chi2_threshold": 11.344866730144373, "N_raw": 46, "N_roi": 46, "N_inlier": 44, "refit": true}
{"timestamp": "18:49:12.504799", "frame": 74, "mu": [-1.0562948476206586, 1.1964132347194174, 1.0935773088870828], "Sigma": [[0.07203477379983922, 0.040362330194730206, -0.16630770354675306], [0.040362330194730206, 0.026297731974367793, -0.09294203165532636], [-0.16630770354675306, -0.09294203165532636, 0.4091921538338556]], "chi2_level": 0.99, "chi2_df": 3, "chi2_threshold": 11.344866730144373, "N_raw": 60, "N_roi": 60, "N_inlier": 58, "refit": true}
{"timestamp": "18:49:12.566287", "frame": 75, "mu": [-1.1994902973566488, 1.2016804323911776, 1.3781347755033864], "Sigma": [[0.05576300502819729, 0.03546021440463559, -0.1274391509393707], [0.03546021440463559, 0.02861827140311602, -0.0850897179214434], [-0.1274391509393707, -0.08508971792144342, 0.341143748383451]], "chi2_level": 0.99, "chi2_df": 3, "chi2_threshold": 11.344866730144373, "N_raw": 103, "N_roi": 103, "N_inlier": 103, "refit": true}
{"timestamp": "18:49:12.620079", "frame": 76, "mu": [-1.110900030481048, 1.291134674965323, 0.9400429815610124], "Sigma": [[0.081693148203122, 0.04353060292000002, -0.18443598835112496], [0.04353060292000002, 0.02787850480835561, -0.10583564126056116], [-0.18443598835112496, -0.10583564126056116, 0.450496016224689]], "chi2_level": 0.99, "chi2_df": 3, "chi2_threshold": 11.344866730144373, "N_raw": 98, "N_roi": 98, "N_inlier": 94, "refit": true}
{"timestamp": "18:49:12.673989", "frame": 77, "mu": [-1.2848238860795327, 1.298289902527106, 1.1644383545966472], "Sigma": [[0.06525569735604961, 0.041168955003407615, -0.170052368015533], [0.041168955003407615, 0.03163982756240631, -0.11559460237970365], [-0.170052368015533, -0.11559460237970365, 0.5035601709021021]], "chi2_level": 0.99, "chi2_df": 3, "chi2_threshold": 11.344866730144373, "N_raw": 88, "N_roi": 88, "N_inlier": 88, "refit": true}
{"timestamp": "18:49:12.732272", "frame": 78, "mu": [-1.4830146806054763, 1.232435315701417, 1.4990770992598148], "Sigma": [[0.03226852660690625, 0.031210893935392996, -0.07215103608082543], [0.031210893935392996, 0.04372699980731307, -0.08309621472979706], [-0.07215103608082543, -0.08309621472979706, 0.23322161479415945]], "chi2_level": 0.99, "chi2_df": 3, "chi2_threshold": 11.344866730144373, "N_raw": 113, "N_roi": 113, "N_inlier": 111, "refit": true}
{"timestamp": "18:49:12.786852", "frame": 79, "mu": [-1.4949568271154257, 1.294124177073716, 1.6929352001639675], "Sigma": [[0.021740613340165887, 0.016521925266753085, -0.014219068537372443], [0.016521925266753085, 0.027362983965737563, -0.009446297466124636], [-0.014219068537372443, -0.009446297466124635, 0.010980527326461273]], "chi2_level": 0.99, "chi2_df": 3, "chi2_threshold": 11.344866730144373, "N_raw": 108, "N_roi": 108, "N_inlier": 103, "refit": true}
{"timestamp": "18:49:12.837231", "frame": 80, "mu": [-1.597938549221845, 1.2227953965072755, 1.6588375233195116], "Sigma": [[0.01818494431609413, 0.012336207563632656, -0.010697894925628313], [0.012336207563632656, 0.01919637709822077, -0.008582487872693344], [-0.010697894925628313, -0.008582487872693344, 0.007825657735683915]], "chi2_level": 0.99, "chi2_df": 3, "chi2_threshold": 11.344866730144373, "N_raw": 77, "N_roi": 77, "N_inlier": 73, "refit": true}
{"timestamp": "18:49:12.895584", "frame": 81, "mu": [-1.607888839025978, 1.3786794463204206, 1.7199743803215508], "Sigma": [[0.018875786984052192, 0.013328469097079085, -0.01164933095125446], [0.013328469097079085, 0.020285950657347916, -0.011496876779191464], [-0.01164933095125446, -0.011496876779191464, 0.013655255172900336]], "chi2_level": 0.99, "chi2_df": 3, "chi2_threshold": 11.344866730144373, "N_raw": 99, "N_roi": 99, "N_inlier": 95, "refit": true}
{"timestamp": "18:49:12.949348", "frame": 82, "mu": [-1.741444393865323, 1.3871461741019857, -0.0837090545780137], "Sigma": [[0.025290912146492126, 0.02111287801697672, 0.028396173968077677], [0.02111287801697672, 0.026481385655903612, 0.01771663830012587], [0.028396173968077677, 0.01771663830012587, 0.07071357107093984]], "chi2_level": 0.99, "chi2_df": 3, "chi2_threshold": 11.344866730144373, "N_raw": 86, "N_roi": 86, "N_inlier": 85, "refit": true}
{"timestamp": "18:49:13.003074", "frame": 83, "mu": [-1.817407288020512, 1.3775037622612905, 1.6618495509536348], "Sigma": [[0.025174932282533858, 0.01985479785800343, 0.00508082162606589], [0.01985479785800343, 0.020930925722282872, -0.006266092609397195], [0.005080821626065891, -0.006266092609397195, 0.04333273206603722]], "chi2_level": 0.99, "chi2_df": 3, "chi2_threshold": 11.344866730144373, "N_raw": 85, "N_roi": 85, "N_inlier": 83, "refit": true}
{"timestamp": "18:49:13.059154", "frame": 84, "mu": [-1.709771629646002, 1.5193565044214237, 1.7617478498373855], "Sigma": [[0.032967713492049334, 0.021344839521571415, -0.017683285417233883], [0.021344839521571415, 0.01973896582136511, -0.015215489341033051], [-0.017683285417233883, -0.015215489341033051, 0.020598209617405674]], "chi2_level": 0.99, "chi2_df": 3, "chi2_threshold": 11.344866730144373, "N_raw": 91, "N_roi": 91, "N_inlier": 87, "refit": true}
{"timestamp": "18:49:13.109051", "frame": 85, "mu": [-1.8682806880302485, 1.4451341270458753, 1.6978543838905586], "Sigma": [[0.033976134679451236, 0.02664246007499332, -0.020521054864606838], [0.026642460074993324, 0.024848831011468724, -0.02362311439662996], [-0.02052105486460684, -0.023623114396629962, 0.04546446732639882]], "chi2_level": 0.99, "chi2_df": 3, "chi2_threshold": 11.344866730144373, "N_raw": 58, "N_roi": 58, "N_inlier": 55, "refit": true}
{"timestamp": "18:49:13.159566", "frame": 86, "mu": [-1.897795876299403, 1.560991742944325, 1.6244300962163665], "Sigma": [[0.03605942791636109, 0.029459518905599242, -0.012944322897519563], [0.029459518905599245, 0.02744838530857817, -0.017105800979441088], [-0.012944322897519563, -0.01710580097944109, 0.058932068838935696]], "chi2_level": 0.99, "chi2_df": 3, "chi2_threshold": 11.344866730144373, "N_raw": 31, "N_roi": 31, "N_inlier": 31, "refit": true}
{"timestamp": "18:49:13.213939", "frame": 87, "mu": [-1.9582996330502758, 1.6317688439916922, -0.01873857668639937], "Sigma": [[0.0464098846501765, 0.044704616216946234, -0.010890305821803004], [0.04470461621694624, 0.051916022499846254, -0.027426023092763922], [-0.010890305821803004, -0.027426023092763922, 0.038207008587884464]], "chi2_level": 0.99, "chi2_df": 3, "chi2_threshold": 11.344866730144373, "N_raw": 30, "N_roi": 30, "N_inlier": 30, "refit": true}
