{"timestamp": "17:02:50.860295", "frame": 4, "mu": [2.3680288001527554, 2.085166810443522, 1.053336888671301], "Sigma": [[0.000576798682277768, -0.0006398825601235485, 0.0018318447896914273], [-0.0006398825601235486, 0.023557268323014347, -0.012568574199125932], [0.0018318447896914273, -0.012568574199125932, 0.01755719710151632]], "chi2_level": 0.997, "chi2_df": 3, "chi2_threshold": 13.931422665512084, "N_raw": 11, "N_roi": 7, "N_inlier": 7, "refit": true}
{"timestamp": "17:02:50.921908", "frame": 5, "mu": [2.294795246234284, 2.00569699006107, 0.9075755079371294], "Sigma": [[0.003889834591276141, 0.00018621534693675753, 0.022126829343853967], [0.00018621534693675753, 0.013663670206557546, -0.014844987873339233], [0.022126829343853967, -0.014844987873339236, 0.22775921618643138]], "chi2_level": 0.997, "chi2_df": 3, "chi2_threshold": 13.931422665512084, "N_raw": 8, "N_roi": 7, "N_inlier": 7, "refit": true}
{"timestamp": "17:02:50.953895", "frame": 6, "mu": [2.2090406639329094, 1.9473825914433713, 1.0116643132274672], "Sigma": [[0.00768569977051764, -0.004175085580364668, 0.0064957826298299125], [-0.004175085580364668, 0.005548563542480049, -0.0058188541765968205], [0.0064957826298299125, -0.0058188541765968205, 0.00809531349706557]], "chi2_level": 0.997, "chi2_df": 3, "chi2_threshold": 13.931422665512084, "N_raw": 19, "N_roi": 16, "N_inlier": 16, "refit": true}
{"timestamp": "17:02:50.987291", "frame": 7, "mu": [2.099218238001797, 2.0381600900104506, 1.096405981941254], "Sigma": [[0.009552661352579553, -0.0053281922404538485, 0.005340153659741949], [-0.0053281922404538485, 0.006369635420866849, -0.002824532271045782], [0.005340153659741949, -0.002824532271045782, 0.003495014644820111]], "chi2_level": 0.997, "chi2_df": 3, "chi2_threshold": 13.931422665512084, "N_raw": 26, "N_roi": 23, "N_inlier": 23, "refit": true}
{"timestamp": "17:02:51.041909", "frame": 8, "mu": [1.8007842628712762, 1.7895331231328726, 1.248572794711376], "Sigma": [[0.4566995425235645, 0.398701302976118, -0.21413191636019477], [0.398701302976118, 0.3510832749492994, -0.19083997727391316], [-0.21413191636019477, -0.1908399772739131, 0.10927613248026424]], "chi2_level": 0.997, "chi2_df": 3, "chi2_threshold": 13.931422665512084, "N_raw": 5, "N_roi": 5, "N_inlier": 5, "refit": true}
{"timestamp": "17:02:51.095950", "frame": 9, "mu": [2.0375453428830097, 2.0852776511060704, 1.2038161895965571], "Sigma": [[0.0011510711751088702, 0.001432226240183466, -0.003002004081904489], [0.001432226240183466, 0.006926936188871216, 0.0017700204055218775], [-0.003002004081904489, 0.0017700204055218771, 0.015371417127749476]], "chi2_level": 0.997, "chi2_df": 3, "chi2_threshold": 13.931422665512084, "N_raw": 5, "N_roi": 5, "N_inlier": 5, "refit": true}
{"timestamp": "17:02:51.206418", "frame": 11, "mu": [1.864460529655347, 2.124722034788317, 1.129212684790619], "Sigma": [[0.003032716548092215, -0.003758351607812793, -0.02187685367369278], [-0.003758351607812793, 0.007845078400280111, 0.03507165502160433], [-0.02187685367369278, 0.03507165502160434, 0.18876381227909356]], "chi2_level": 0.997, "chi2_df": 3, "chi2_threshold": 13.931422665512084, "N_raw": 5, "N_roi": 5, "N_inlier": 5, "refit": true}
{"timestamp": "17:02:51.267577", "frame": 12, "mu": [1.7579706089800178, 2.3466145747347955, 0.9791678094115271], "Sigma": [[0.009612973120464505, -0.003777075924452036, -0.00020328691113743395], [-0.003777075924452036, 0.03595284107584238, 0.02216205995689558], [-0.00020328691113743374, 0.02216205995689558, 0.017570951286692713]], "chi2_level": 0.997, "chi2_df": 3, "chi2_threshold": 13.931422665512084, "N_raw": 44, "N_roi": 44, "N_inlier": 42, "refit": true}
{"timestamp": "17:02:51.320408", "frame": 13, "mu": [1.6955891196194668, 2.4588830831198027, -0.5475949692359349], "Sigma": [[0.0051288693153233025, -0.007430637382440248, -0.0031411371297470313], [-0.007430637382440248, 0.019415463740255927, 0.005937107781386916], [-0.003141137129747031, 0.005937107781386917, 0.00814781531802169]], "chi2_level": 0.997, "chi2_df": 3, "chi2_threshold": 13.931422665512084, "N_raw": 30, "N_roi": 30, "N_inlier": 28, "refit": true}
{"timestamp": "17:02:51.378576", "frame": 14, "mu": [1.6197910045925517, 2.231600445268127, 0.885393036094411], "Sigma": [[0.010616811007392079, -0.010747737941895597, -0.002196873427479482], [-0.010747737941895597, 0.02017640140316128, -0.0006430904855212385], [-0.0021968734274794817, -0.0006430904855212385, 0.011988990444283563]], "chi2_level": 0.997, "chi2_df": 3, "chi2_threshold": 13.931422665512084, "N_raw": 57, "N_roi": 57, "N_inlier": 55, "refit": true}
{"timestamp": "17:02:51.432764", "frame": 15, "mu": [1.5358186898243404, 2.367960278516184, 0.9900481244230469], "Sigma": [[0.012732781294956195, -0.007205620238887961, -0.001644991892379587], [-0.007205620238887961, 0.00935174749190531, -0.006952567760598627], [-0.001644991892379587, -0.006952567760598627, 0.017516813500355166]], "chi2_level": 0.997, "chi2_df": 3, "chi2_threshold": 13.931422665512084, "N_raw": 44, "N_roi": 44, "N_inlier": 43, "refit": true}
{"timestamp": "17:02:51.490640", "frame": 16, "mu": [1.5220890249619727, 2.141587370107032, 0.8443675733699799], "Sigma": [[0.011975254013872552, -0.018618110686413936, -0.005664517080860226], [-0.018618110686413936, 0.04889745256887877, 0.012201698721318285], [-0.005664517080860226, 0.012201698721318283, 0.004368806181927805]], "chi2_level": 0.997, "chi2_df": 3, "chi2_threshold": 13.931422665512084, "N_raw": 64, "N_roi": 64, "N_inlier": 61, "refit": true}
{"timestamp": "17:02:51.542698", "frame": 17, "mu": [1.461638995288377, 2.079097449378338, 0.8744737639821917], "Sigma": [[0.009121683128842518, -0.01199248156005175, -0.0050990006328357354], [-0.01199248156005175, 0.03167519888481589, 0.007274141401423144], [-0.005099000632835735, 0.007274141401423143, 0.00604501662498901]], "chi2_level": 0.997, "chi2_df": 3, "chi2_threshold": 13.931422665512084, "N_raw": 42, "N_roi": 39, "N_inlier": 38, "refit": true}
{"timestamp": "17:02:51.595448", "frame": 18, "mu": [1.425178852284495, 1.9586086052064822, 0.8802796184574242], "Sigma": [[0.007446498942058692, -0.004869493995502768, -0.00534382081037965], [-0.004869493995502768, 0.005894327928527058, 0.00023134428237038264], [-0.00534382081037965, 0.00023134428237038264, 0.02189560633143727]], "chi2_level": 0.997, "chi2_df": 3, "chi2_threshold": 13.931422665512084, "N_raw": 34, "N_roi": 31, "N_inlier": 31, "refit": true}
{"timestamp": "17:02:51.653978", "frame": 19, "mu": [1.3109314687805231, 2.027906765282698, 1.3829586562400364], "Sigma": [[0.008448682136144293, -0.003966057181041164, -0.003199371769811275], [-0.003966057181041164, 0.011660296147304959, 0.0060583494950320945], [-0.003199371769811275, 0.0060583494950320945, 0.003869494585591968]], "chi2_level": 0.997, "chi2_df": 3, "chi2_threshold": 13.931422665512084, "N_raw": 51, "N_roi": 51, "N_inlier": 50, "refit": true}
{"timestamp": "17:02:51.709260", "frame": 20, "mu": [1.222480276828797, 2.055339695511318, 1.4128150488200866], "Sigma": [[0.008895274065932797, -0.0013785744039772458, -0.003198211329901078], [-0.0013785744039772458, 0.01245353055865859, 0.008525589054243244], [-0.003198211329901078, 0.008525589054243242, 0.008171989224033342]], "chi2_level": 0.997, "chi2_df": 3, "chi2_threshold": 13.931422665512084, "N_raw": 60, "N_roi": 59, "N_inlier": 58, "refit": true}
{"timestamp": "17:02:51.763507", "frame": 21, "mu": [1.1704821280231645, 1.9199506874321697, 1.2897448595255159], "Sigma": [[0.008343285043267049, -0.0031440130743530673, -0.003849316764953189], [-0.0031440130743530673, 0.004976182760629075, -4.358868869329592e-05], [-0.003849316764953189, -4.358868869329581e-05, 0.0062849466514052375]], "chi2_level": 0.997, "chi2_df": 3, "chi2_threshold": 13.931422665512084, "N_raw": 51, "N_roi": 49, "N_inlier": 46, "refit": true}
{"timestamp": "17:02:51.822327", "frame": 22, "mu": [1.041467490887241, 1.9806117319554786, 1.2090197969021914], "Sigma": [[0.009572481741348367, 0.0002205560414659185, 0.0020609053761812706], [0.00022055604146591892, 0.015285385845532455, 0.004503162337740026], [0.0020609053761812706, 0.004503162337740026, 0.0036361779815436562]], "chi2_level": 0.997, "chi2_df": 3, "chi2_threshold": 13.931422665512084, "N_raw": 80, "N_roi": 80, "N_inlier": 76, "refit": true}
{"timestamp": "17:02:51.876208", "frame": 23, "mu": [0.9639610472282634, 1.9025556428331176, 1.2209321353823779], "Sigma": [[0.01093396931048929, -0.00017458644323767422, -0.001966359463765932], [-0.0001745864432376739, 0.005697879222358002, -0.0008731386479677607], [-0.001966359463765932, -0.0008731386479677607, 0.0018357776502969153]], "chi2_level": 0.997, "chi2_df": 3, "chi2_threshold": 13.931422665512084, "N_raw": 66, "N_roi": 66, "N_inlier": 62, "refit": true}
{"timestamp": "17:02:51.939450", "frame": 24, "mu": [0.8593109130287219, 1.9914108549584884, 1.1727827936955708], "Sigma": [[0.01405278851286265, -0.00037643858858012294, 2.354310165465995e-05], [-0.00037643858858012294, 0.007798615647518385, -0.007327896852711112], [2.354310165465995e-05, -0.007327896852711112, 0.01986144039603323]], "chi2_level": 0.997, "chi2_df": 3, "chi2_threshold": 13.931422665512084, "N_raw": 118, "N_roi": 118, "N_inlier": 112, "refit": true}
{"timestamp": "17:02:51.984461", "frame": 25, "mu": [0.7779291769911776, 2.053112779294579, 1.0957473697981075], "Sigma": [[0.008276390633350212, 0.0019581326235156254, 0.0010874746642406266], [0.0019581326235156254, 0.0048553067344553925, -0.007287370293551345], [0.0010874746642406266, -0.007287370293551345, 0.1671112686801464]], "chi2_level": 0.997, "chi2_df": 3, "chi2_threshold": 13.931422665512084, "N_raw": 49, "N_roi": 49, "N_inlier": 48, "refit": true}
{"timestamp": "17:02:52.032718", "frame": 26, "mu": [0.5218546583763045, 2.0514112599005867, 1.0183997648523553], "Sigma": [[0.028267002844846248, -0.008892335780573517, 0.0028231878203533334], [-0.008892335780573517, 0.009303174291890141, -0.011590645185281115], [0.0028231878203533343, -0.011590645185281113, 0.12651345286499208]], "chi2_level": 0.997, "chi2_df": 3, "chi2_threshold": 13.931422665512084, "N_raw": 7, "N_roi": 7, "N_inlier": 7, "refit": true}
{"timestamp": "17:02:52.087331", "frame": 27, "mu": [0.7061883165221097, 2.01727993872366, 0.9759460878085745], "Sigma": [[0.009474270132865864, -0.007511925138120695, -0.04999398628668446], [-0.007511925138120695, 0.010442463010196062, 0.037976071535936115], [-0.04999398628668446, 0.037976071535936115, 0.33097414049000423]], "chi2_level": 0.997, "chi2_df": 3, "chi2_threshold": 13.931422665512084, "N_raw": 9, "N_roi": 8, "N_inlier": 8, "refit": true}
{"timestamp": "17:02:52.148948", "frame": 28, "mu": [0.5909362276494468, 2.1342366604956506, 1.1617855749402766], "Sigma": [[0.014366029135681664, -0.00775161777872976, -0.03384403882433604], [-0.00775161777872976, 0.006733779306896799, 0.03318856088703509], [-0.03384403882433604, 0.03318856088703509, 0.21294772197117798]], "chi2_level": 0.997, "chi2_df": 3, "chi2_threshold": 13.931422665512084, "N_raw": 54, "N_roi": 54, "N_inlier": 52, "refit": true}
{"timestamp": "17:02:52.204033", "frame": 29, "mu": [0.5062395021584203, 2.071350227604311, 1.1902835621907983], "Sigma": [[0.00956021719200344, -0.010108052812452563, 0.010415795215550208], [-0.010108052812452563, 0.020674863480046844, -0.03871865236399494], [0.010415795215550206, -0.03871865236399493, 0.1456602582995737]], "chi2_level": 0.997, "chi2_df": 3, "chi2_threshold": 13.931422665512084, "N_raw": 48, "N_roi": 47, "N_inlier": 45, "refit": true}
{"timestamp": "17:02:52.262599", "frame": 30, "mu": [0.42826115669651876, 2.0540693090542885, 1.2881945936975294], "Sigma": [[0.006545489265265944, -0.003276725637895665, 0.003347190535305974], [-0.003276725637895665, 0.005481065974442238, -0.0060477546002844], [0.003347190535305974, -0.0060477546002844, 0.02975666752006284]], "chi2_level": 0.997, "chi2_df": 3, "chi2_threshold": 13.931422665512084, "N_raw": 75, "N_roi": 73, "N_inlier": 71, "refit": true}
{"timestamp": "17:02:52.328342", "frame": 31, "mu": [0.27853114555568875, 2.1274380117459586, 1.034888039420197], "Sigma": [[0.015097642461527422, -0.013334314997873492, 0.01942214035739835], [-0.013334314997873492, 0.02520257409592149, 0.0026238408158981343], [0.01942214035739835, 0.0026238408158981326, 0.2620572855784474]], "chi2_level": 0.997, "chi2_df": 3, "chi2_threshold": 13.931422665512084, "N_raw": 141, "N_roi": 137, "N_inlier": 137, "refit": true}
{"timestamp": "17:02:52.380285", "frame": 32, "mu": [0.18399974355616425, 2.2588615923778503, -0.005626731958083761], "Sigma": [[0.022418013311281765, -0.02091931259900351, 0.020811101272982076], [-0.02091931259900351, 0.03547514826571065, -0.039298129137972836], [0.02081110127298208, -0.039298129137972836, 0.09532767121281019]], "chi2_level": 0.997, "chi2_df": 3, "chi2_threshold": 13.931422665512084, "N_raw": 118, "N_roi": 118, "N_inlier": 113, "refit": true}
{"timestamp": "17:02:52.430044", "frame": 33, "mu": [-0.01696925175948823, 2.2517530799044834, 1.0046514601958985], "Sigma": [[0.034708583786874615, -0.022008787998562283, 0.043108906143375196], [-0.022008787998562283, 0.04365208271706164, 0.015918478843597733], [0.043108906143375196, 0.015918478843597733, 0.18143450574005995]], "chi2_level": 0.997, "chi2_df": 3, "chi2_threshold": 13.931422665512084, "N_raw": 88, "N_roi": 84, "N_inlier": 82, "refit": true}
{"timestamp": "17:02:52.486571", "frame": 34, "mu": [-0.0643873346346638, 2.084969974817245, 1.0850573600939615], "Sigma": [[0.05321381664265915, -0.0037673015296844775, 0.14253059716577773], [-0.0037673015296844766, 0.013692069709011672, 0.013607743830096521], [0.14253059716577773, 0.013607743830096521, 0.5022587341962246]], "chi2_level": 0.997, "chi2_df": 3, "chi2_threshold": 13.931422665512084, "N_raw": 95, "N_roi": 92, "N_inlier": 90, "refit": true}
{"timestamp": "17:02:52.545076", "frame": 35, "mu": [-0.03582296943541345, 2.1048267949059944, 1.345853131895581], "Sigma": [[0.026966957178427342, -0.007536700683339677, 0.0512048973826158], [-0.007536700683339677, 0.015536028935229335, 0.007616613812045819], [0.051204897382615806, 0.007616613812045817, 0.2973739680324165]], "chi2_level": 0.997, "chi2_df": 3, "chi2_threshold": 13.931422665512084, "N_raw": 127, "N_roi": 125, "N_inlier": 123, "refit": true}
{"timestamp": "17:02:52.595024", "frame": 36, "mu": [-0.04359464505624163, 2.0668115916758163, 1.589321140321419], "Sigma": [[0.007707178325638481, -0.00024891313090600047, -0.003818632866284817], [-0.00024891313090600047, 0.012573102437334683, 0.007525664845089843], [-0.003818632866284817, 0.007525664845089842, 0.007384151582369678]], "chi2_level": 0.997, "chi2_df": 3, "chi2_threshold": 13.931422665512084, "N_raw": 87, "N_roi": 87, "N_inlier": 80, "refit": true}
{"timestamp": "17:02:52.647645", "frame": 37, "mu": [-0.11949790947357579, 2.0507086790171583, 1.6221891655172738], "Sigma": [[0.008209166839387784, 0.00018887064775457242, -0.002239637718671893], [0.00018887064775457285, 0.010660149157646607, 0.009520054532149935], [-0.002239637718671893, 0.009520054532149935, 0.009555328965100782]], "chi2_level": 0.997, "chi2_df": 3, "chi2_threshold": 13.931422665512084, "N_raw": 73, "N_roi": 73, "N_inlier": 70, "refit": true}
{"timestamp": "17:02:52.701089", "frame": 38, "mu": [-0.18894331839019618, 2.062010626776317, 1.4663379633390876], "Sigma": [[0.005134482523125491, 0.001014857053910238, 0.00011724423686405307], [0.0010148570539102381, 0.0051291222107468495, 0.008921951843745503], [0.00011724423686405329, 0.008921951843745503, 0.14571758222277645]], "chi2_level": 0.997, "chi2_df": 3, "chi2_threshold": 13.931422665512084, "N_raw": 61, "N_roi": 57, "N_inlier": 54, "refit": true}
{"timestamp": "17:02:52.764620", "frame": 39, "mu": [-0.3432224221736399, 2.0716031890619155, -0.9272522951336243], "Sigma": [[0.013564645196213582, 0.0046688089247283685, 0.0621574614995122], [0.0046688089247283685, 0.021967688186852387, 0.007388962074398091], [0.0621574614995122, 0.007388962074398092, 0.7375343733082836]], "chi2_level": 0.997, "chi2_df": 3, "chi2_threshold": 13.931422665512084, "N_raw": 118, "N_roi": 115, "N_inlier": 114, "refit": true}
{"timestamp": "17:02:52.816726", "frame": 40, "mu": [-0.4129228583466086, 2.0188785803077605, 1.00930950643325], "Sigma": [[0.01235368344995461, 0.00030510311220835267, 0.04807198563337495], [0.00030510311220835294, 0.006828439242914152, -0.00042278652210520507], [0.04807198563337495, -0.00042278652210520594, 0.6105367976061811]], "chi2_level": 0.997, "chi2_df": 3, "chi2_threshold": 13.931422665512084, "N_raw": 101, "N_roi": 101, "N_inlier": 100, "refit": true}
{"timestamp": "17:02:52.871821", "frame": 41, "mu": [-0.433265300335566, 2.0668972718766505, 1.4940028907901823], "Sigma": [[0.008171244237824461, 0.0013286415122257542, -0.007211819703462383], [0.0013286415122257542, 0.008477122970560831, -0.0030986512110550103], [-0.007211819703462383, -0.0030986512110550103, 0.054054385288191925]], "chi2_level": 0.997, "chi2_df": 3, "chi2_threshold": 13.931422665512084, "N_raw": 96, "N_roi": 91, "N_inlier": 86, "refit": true}
{"timestamp": "17:02:52.922305", "frame": 42, "mu": [-0.5530778613853795, 2.0798294438862444, 1.5501590844066875], "Sigma": [[0.0059512907868760285, 0.0013722562094355792, 0.00021291190447858283], [0.0013722562094355792, 0.009178606676477458, -0.007377337710539609], [0.00021291190447858327, -0.007377337710539609, 0.10528584929108147]], "chi2_level": 0.997, "chi2_df": 3, "chi2_threshold": 13.931422665512084, "N_raw": 73, "N_roi": 72, "N_inlier": 69, "refit": true}
{"timestamp": "17:02:52.976339", "frame": 43, "mu": [-0.6383413386139655, 2.0572030200352582, 1.531485668899966], "Sigma": [[0.010301706313892644, 0.00044185671011009954, -0.014666928105199619], [0.0004418567101100995, 0.006799867847916711, -0.0008810803578950402], [-0.014666928105199619, -0.0008810803578950402, 0.11670441789663769]], "chi2_level": 0.997, "chi2_df": 3, "chi2_threshold": 13.931422665512084, "N_raw": 70, "N_roi": 68, "N_inlier": 65, "refit": true}
{"timestamp": "17:02:53.030612", "frame": 44, "mu": [-0.6969630342136119, 2.2536797584964816, -0.17322157236977975], "Sigma": [[0.008122329989097591, 0.0009130014416946994, -0.005952880380046597], [0.0009130014416946996, 0.00986217631510876, -0.02661827022647498], [-0.005952880380046596, -0.026618270226474984, 0.08464910327894892]], "chi2_level": 0.997, "chi2_df": 3, "chi2_threshold": 13.931422665512084, "N_raw": 62, "N_roi": 62, "N_inlier": 57, "refit": true}
{"timestamp": "17:02:53.090193", "frame": 45, "mu": [-0.7640853575403158, 2.0729043725932206, 1.2309600682138822], "Sigma": [[0.008600374893050476, 0.0011101312458448945, -0.023283534922983337], [0.001110131245844894, 0.0056817705859927665, -0.006771614974181001], [-0.023283534922983337, -0.006771614974181001, 0.18107516705025367]], "chi2_level": 0.997, "chi2_df": 3, "chi2_threshold": 13.931422665512084, "N_raw": 94, "N_roi": 94, "N_inlier": 93, "refit": true}
{"timestamp": "17:02:53.141042", "frame": 46, "mu": [-0.7809026698633819, 2.0477702686849706, 1.2945171040629782], "Sigma": [[0.022315300808439718, -8.056869073650504e-05, -0.0744955810722153], [-8.056869073650526e-05, 0.005681681629732145, 0.0005074553395293048], [-0.07449558107221531, 0.0005074553395293048, 0.3259160885080796]], "chi2_level": 0.997, "chi2_df": 3, "chi2_threshold": 13.931422665512084, "N_raw": 64, "N_roi": 64, "N_inlier": 62, "refit": true}
{"timestamp": "17:02:53.198078", "frame": 47, "mu": [-0.9013660601093101, 2.1600012046280552, 0.06398313092028592], "Sigma": [[0.008717851714342813, 0.0032747248250681316, -0.014157786207371924], [0.0032747248250681316, 0.01265166673848125, -0.01724161315565441], [-0.014157786207371926, -0.01724161315565441, 0.06091971386708708]], "chi2_level": 0.997, "chi2_df": 3, "chi2_threshold": 13.931422665512084, "N_raw": 75, "N_roi": 71, "N_inlier": 68, "refit": true}
{"timestamp": "17:02:53.255424", "frame": 48, "mu": [-0.9563483445009862, 2.2411087880123515, -0.5485516722022002], "Sigma": [[0.009536066265423384, 0.00957105296373661, -0.014270247470568705], [0.009571052963736611, 0.040901418116459254, -0.06982895485097068], [-0.014270247470568705, -0.06982895485097067, 0.1881663023066959]], "chi2_level": 0.997, "chi2_df": 3, "chi2_threshold": 13.931422665512084, "N_raw": 91, "N_roi": 89, "N_inlier": 88, "refit": true}
{"timestamp": "17:02:53.305105", "frame": 49, "mu": [-1.0861882095027116, 2.0851142833808938, 1.3115766986444515], "Sigma": [[0.00507153092662775, -0.00017842020535163927, -0.0004635405151152657], [-0.00017842020535163927, 0.012650262334442096, -0.041926713984474805], [-0.00046354051511526546, -0.041926713984474805, 0.2547195956453105]], "chi2_level": 0.997, "chi2_df": 3, "chi2_threshold": 13.931422665512084, "N_raw": 59, "N_roi": 58, "N_inlier": 57, "refit": true}
{"timestamp": "17:02:53.358048", "frame": 50, "mu": [-1.0627332300823735, 1.9783335696543072, 1.2740283586306327], "Sigma": [[0.00980427030509354, 0.00034716567182735295, 0.010103248562353843], [0.00034716567182735295, 0.0031864385398948283, -0.009015083571826815], [0.010103248562353843, -0.009015083571826815, 0.09927264705192057]], "chi2_level": 0.997, "chi2_df": 3, "chi2_threshold": 13.931422665512084, "N_raw": 42, "N_roi": 41, "N_inlier": 39, "refit": true}
{"timestamp": "17:02:53.412172", "frame": 51, "mu": [-1.1545436404673082, 1.9877774092659517, 1.3002981015000523], "Sigma": [[0.005627260895460726, -0.0028459369133430183, 0.013952726983952198], [-0.0028459369133430183, 0.009275618649977455, -0.015180762753166073], [0.013952726983952196, -0.015180762753166072, 0.2158582634461944]], "chi2_level": 0.997, "chi2_df": 3, "chi2_threshold": 13.931422665512084, "N_raw": 39, "N_roi": 35, "N_inlier": 35, "refit": true}
{"timestamp": "17:02:53.470427", "frame": 52, "mu": [-1.1423238664851114, 2.0720843769242148, -0.23159222289375025], "Sigma": [[0.012292721986854395, 0.0073266135592012826, -0.02786484376144826], [0.0073266135592012826, 0.016125623767904808, -0.024794212729050094], [-0.02786484376144826, -0.024794212729050094, 0.08766574669958066]], "chi2_level": 0.997, "chi2_df": 3, "chi2_threshold": 13.931422665512084, "N_raw": 67, "N_roi": 67, "N_inlier": 65, "refit": true}
{"timestamp": "17:02:53.524808", "frame": 53, "mu": [-1.4745756866626067, 1.7899503448771052, 1.4063129479014793], "Sigma": [[0.16794614340072955, 0.12356664871517033, -0.23474964607941873], [0.12356664871517035, 0.11359328352369985, -0.2053819129393521], [-0.23474964607941873, -0.20538191293935212, 0.38896164796253846]], "chi2_level": 0.997, "chi2_df": 3, "chi2_threshold": 13.931422665512084, "N_raw": 56, "N_roi": 56, "N_inlier": 55, "refit": true}
{"timestamp": "17:02:53.579020", "frame": 54, "mu": [-1.4912600470395327, 1.9641709517226145, 0.006275785453366415], "Sigma": [[0.011453436990913031, 0.0024348802643062626, 0.01143881790838873], [0.0024348802643062626, 0.008082816627259848, 0.014784862205688613], [0.01143881790838873, 0.014784862205688613, 0.05282468762114799]], "chi2_level": 0.997, "chi2_df": 3, "chi2_threshold": 13.931422665512084, "N_raw": 60, "N_roi": 60, "N_inlier": 57, "refit": true}
{"timestamp": "17:02:53.638704", "frame": 55, "mu": [-1.6317537391476904, 1.8381269882338764, 0.05513949798769865], "Sigma": [[0.024913367327783383, 0.0192775379071363, 0.008285466472515806], [0.0192775379071363, 0.028859974156561233, 0.01508514412380469], [0.008285466472515806, 0.015085144123804689, 0.05905942607796326]], "chi2_level": 0.997, "chi2_df": 3, "chi2_threshold": 13.931422665512084, "N_raw": 89, "N_roi": 89, "N_inlier": 85, "refit": true}
{"timestamp": "17:02:53.695899", "frame": 56, "mu": [-1.7178456445652077, 1.8305915706250968, 1.59539302443894], "Sigma": [[0.016248963711085834, 0.018829987832647395, -0.020853887452284593], [0.018829987832647395, 0.04411891327633739, -0.048039857975430415], [-0.020853887452284593, -0.04803985797543041, 0.16452985323392294]], "chi2_level": 0.997, "chi2_df": 3, "chi2_threshold": 13.931422665512084, "N_raw": 99, "N_roi": 99, "N_inlier": 99, "refit": true}
{"timestamp": "17:02:53.752289", "frame": 57, "mu": [-1.8346729848732228, 1.724261163675771, 1.7391800228357521], "Sigma": [[0.020721967265647474, 0.01751431362925941, -0.014927290918539551], [0.017514313629259405, 0.033913365691579656, -0.00962097742313324], [-0.014927290918539551, -0.00962097742313324, 0.016774348092980722]], "chi2_level": 0.997, "chi2_df": 3, "chi2_threshold": 13.931422665512084, "N_raw": 112, "N_roi": 112, "N_inlier": 108, "refit": true}
{"timestamp": "17:02:53.808817", "frame": 58, "mu": [-1.924863735510223, 1.6864517851362322, 0.8066067829937811], "Sigma": [[0.0254661510227766, 0.026332124189765733, 0.08940671641830429], [0.026332124189765733, 0.044999133431143326, 0.13820911034282574], [0.08940671641830429, 0.13820911034282574, 0.5925277256553436]], "chi2_level": 0.997, "chi2_df": 3, "chi2_threshold": 13.931422665512084, "N_raw": 115, "N_roi": 115, "N_inlier": 115, "refit": true}
{"timestamp": "17:02:53.858749", "frame": 59, "mu": [-2.014216083101827, 1.7070533113553368, 1.7669117672861596], "Sigma": [[0.016445944466439287, 0.016532420360172093, -0.015050571865472151], [0.016532420360172093, 0.031401288011575684, -0.020198896012189733], [-0.01505057186547215, -0.020198896012189736, 0.020382296598771568]], "chi2_level": 0.997, "chi2_df": 3, "chi2_threshold": 13.931422665512084, "N_raw": 83, "N_roi": 83, "N_inlier": 83, "refit": true}
{"timestamp": "17:02:53.914994", "frame": 60, "mu": [-2.035873195417502, 1.7286920048775025, 1.6967572989723878], "Sigma": [[0.01834576330147899, 0.019551835697610875, -0.01886841088665636], [0.019551835697610875, 0.03924687164411063, -0.02324447748400218], [-0.01886841088665636, -0.02324447748400218, 0.029295249723722706]], "chi2_level": 0.997, "chi2_df": 3, "chi2_threshold": 13.931422665512084, "N_raw": 98, "N_roi": 98, "N_inlier": 96, "refit": true}
{"timestamp": "17:02:53.968005", "frame": 61, "mu": [-2.123005487894779, 1.6301479610886696, 1.644394283862367], "Sigma": [[0.014911903007919324, 0.014526360980464816, -0.01099044233131367], [0.014526360980464816, 0.028245900836439547, -0.015890634347975656], [-0.01099044233131367, -0.015890634347975656, 0.01249804369824827]], "chi2_level": 0.997, "chi2_df": 3, "chi2_threshold": 13.931422665512084, "N_raw": 75, "N_roi": 75, "N_inlier": 72, "refit": true}
{"timestamp": "17:02:54.020431", "frame": 62, "mu": [-2.177932433419573, 1.6421948035830398, 1.7094804904673826], "Sigma": [[0.023740543347497107, 0.025873119839988162, -0.03962676713312036], [0.025873119839988162, 0.04111515835916619, -0.039919740663359446], [-0.03962676713312036, -0.03991974066335944, 0.0941545018591341]], "chi2_level": 0.997, "chi2_df": 3, "chi2_threshold": 13.931422665512084, "N_raw": 63, "N_roi": 63, "N_inlier": 62, "refit": true}
{"timestamp": "17:02:54.075804", "frame": 63, "mu": [-2.266018117369116, 1.7658491452805407, 0.1160379228056242], "Sigma": [[0.016425019003265262, 0.018740944583005868, -0.012114566992095316], [0.018740944583005868, 0.0349595555715552, -0.02012110366273235], [-0.012114566992095314, -0.02012110366273235, 0.015207214690007133]], "chi2_level": 0.997, "chi2_df": 3, "chi2_threshold": 13.931422665512084, "N_raw": 66, "N_roi": 63, "N_inlier": 61, "refit": true}
{"timestamp": "17:02:54.130372", "frame": 64, "mu": [-2.3022170078562185, 1.7801043770520704, 0.059094977483562273], "Sigma": [[0.011299161080726308, 0.011992222509334068, -0.006028869603902657], [0.011992222509334068, 0.029073692675494544, -0.002697601303293911], [-0.006028869603902657, -0.002697601303293911, 0.009434721488626178]], "chi2_level": 0.997, "chi2_df": 3, "chi2_threshold": 13.931422665512084, "N_raw": 71, "N_roi": 60, "N_inlier": 57, "refit": true}
{"timestamp": "17:02:54.186388", "frame": 65, "mu": [-2.3596577131613765, 1.7202209663094992, 1.5193945971211291], "Sigma": [[0.008541373348494377, 0.009100972906119983, -0.008155213903707832], [0.009100972906119983, 0.02990041122346316, -0.01729064746253832], [-0.00815521390370783, -0.01729064746253832, 0.015432218567719593]], "chi2_level": 0.997, "chi2_df": 3, "chi2_threshold": 13.931422665512084, "N_raw": 65, "N_roi": 51, "N_inlier": 50, "refit": true}
{"timestamp": "17:02:54.237823", "frame": 66, "mu": [-2.402773296212957, 1.7500299996051685, 1.4251460441641826], "Sigma": [[0.004939704003781305, 0.0051868783475136435, -0.0053362383183019665], [0.005186878347513643, 0.01754370968088629, -0.024064773011108893], [-0.0053362383183019665, -0.02406477301110889, 0.04453686939857754]], "chi2_level": 0.997, "chi2_df": 3, "chi2_threshold": 13.931422665512084, "N_raw": 49, "N_roi": 33, "N_inlier": 33, "refit": true}
{"timestamp": "17:02:54.296503", "frame": 67, "mu": [-2.4313942672876196, 1.8110345129014085, 1.3868701745264718], "Sigma": [[0.002238014070798837, 0.0010538774026411612, 0.0032571050973994363], [0.0010538774026411612, 0.009464990305260247, -0.011088479910478405], [0.003257105097399437, -0.011088479910478406, 0.11131966496382198]], "chi2_level": 0.997, "chi2_df": 3, "chi2_threshold": 13.931422665512084, "N_raw": 68, "N_roi": 26, "N_inlier": 26, "refit": true}
{"timestamp": "17:02:54.347164", "frame": 68, "mu": [-2.439649044444324, 1.7954126374854145, 1.3447940985270608], "Sigma": [[0.0014551596037037195, 0.0003370878850403425, -0.0001512967603949973], [0.0003370878850403425, 0.006302599586468825, -0.0032617783533002934], [-0.0001512967603949973, -0.0032617783533002934, 0.0024949267380693064]], "chi2_level": 0.997, "chi2_df": 3, "chi2_threshold": 13.931422665512084, "N_raw": 42, "N_roi": 13, "N_inlier": 12, "refit": true}
{"timestamp": "17:02:54.404331", "frame": 69, "mu": [-2.4415115783938806, 1.7400361197455363, 1.405182656507632], "Sigma": [[0.0012701941581143954, -0.0002926971340544162, -0.0007741702323694488], [-0.0002926971340544165, 0.0073726473550892015, -0.003637934261582458], [-0.0007741702323694488, -0.0036379342615824586, 0.003403561466838319]], "chi2_level": 0.997, "chi2_df": 3, "chi2_threshold": 13.931422665512084, "N_raw": 54, "N_roi": 13, "N_inlier": 13, "refit": true}
{"timestamp": "17:02:54.458651", "frame": 70, "mu": [-2.464242222014346, 1.6763825371233223, 1.179772253224167], "Sigma": [[0.0005934597152939014, 0.0003919499910972689, 0.0001342641825540855], [0.000391949991097269, 0.0033492589126057014, -0.004108806434328209], [0.00013426418255408555, -0.004108806434328208, 0.007195021028805406]], "chi2_level": 0.997, "chi2_df": 3, "chi2_threshold": 13.931422665512084, "N_raw": 47, "N_roi": 7, "N_inlier": 7, "refit": true}
