{"timestamp": "17:05:47.662445", "frame": 17, "mu": [-2.1380612211697074, 1.1923879784613003, -0.4867436044927622], "Sigma": [[0.006553596023024612, 0.004936455324797624, -0.0012115404763506656], [0.004936455324797624, 0.013064739047141468, -0.0033705293423502937], [-0.0012115404763506656, -0.0033705293423502932, 0.002509013778032477]], "chi2_level": 0.997, "chi2_df": 3, "chi2_threshold": 13.931422665512084, "N_raw": 33, "N_roi": 33, "N_inlier": 33, "refit": true}
{"timestamp": "17:05:47.720345", "frame": 18, "mu": [-2.1273608494444294, 0.9625005204192515, 1.26876296113661], "Sigma": [[0.011601849942489586, 0.004639518149924816, -0.008060356165220606], [0.004639518149924816, 0.02312741545029738, -0.004403941438186546], [-0.008060356165220606, -0.004403941438186546, 0.00711643204573707]], "chi2_level": 0.997, "chi2_df": 3, "chi2_threshold": 13.931422665512084, "N_raw": 62, "N_roi": 53, "N_inlier": 52, "refit": true}
{"timestamp": "17:05:47.775763", "frame": 19, "mu": [-2.11115861074544, 1.1411892848879148, -0.6153196392287814], "Sigma": [[0.006839543130116474, 0.008083681548742854, 0.004696306505262477], [0.008083681548742856, 0.03346166536339859, 0.0064862891549370884], [0.004696306505262477, 0.0064862891549370884, 0.006511524619666504]], "chi2_level": 0.997, "chi2_df": 3, "chi2_threshold": 13.931422665512084, "N_raw": 41, "N_roi": 41, "N_inlier": 40, "refit": true}
{"timestamp": "17:05:47.833338", "frame": 20, "mu": [-2.1560583314726665, 1.128853126731239, -0.560841071924573], "Sigma": [[0.014658835108686494, 0.01466415064340915, 0.008456386675440495], [0.014664150643409153, 0.042567659504587955, 0.014855125640010694], [0.008456386675440493, 0.014855125640010694, 0.012548587614005608]], "chi2_level": 0.997, "chi2_df": 3, "chi2_threshold": 13.931422665512084, "N_raw": 66, "N_roi": 66, "N_inlier": 66, "refit": true}
{"timestamp": "17:05:47.887518", "frame": 21, "mu": [-2.133087140542495, 1.038538052712818, 1.2780054911538927], "Sigma": [[0.01232155102737106, 0.00826313445295808, -0.005355894228351065], [0.00826313445295808, 0.01633706094930923, -0.009684882717290576], [-0.005355894228351065, -0.009684882717290576, 0.007259753121496807]], "chi2_level": 0.997, "chi2_df": 3, "chi2_threshold": 13.931422665512084, "N_raw": 54, "N_roi": 54, "N_inlier": 54, "refit": true}
{"timestamp": "17:05:47.936673", "frame": 22, "mu": [-2.1147532520876196, 1.1626755628578884, 0.9827746359467154], "Sigma": [[0.004052049432396613, 0.00398566056502923, -0.003445331709910044], [0.00398566056502923, 0.004485030525678109, -0.0038972743741845627], [-0.0034453317099100438, -0.0038972743741845627, 0.007722570136875182]], "chi2_level": 0.997, "chi2_df": 3, "chi2_threshold": 13.931422665512084, "N_raw": 18, "N_roi": 18, "N_inlier": 17, "refit": true}
{"timestamp": "17:05:47.996036", "frame": 23, "mu": [-2.1574783895822476, 1.0892282285092, 1.2330880665324644], "Sigma": [[0.019842190539635554, 0.015786163791914838, 0.04917354795808137], [0.015786163791914838, 0.022512801330274633, 0.03591943393594491], [0.049173547958081376, 0.03591943393594491, 0.2639457819497422]], "chi2_level": 0.997, "chi2_df": 3, "chi2_threshold": 13.931422665512084, "N_raw": 48, "N_roi": 47, "N_inlier": 47, "refit": true}
{"timestamp": "17:05:48.052482", "frame": 24, "mu": [-2.0451015898494647, 1.2210859313066968, 1.4624683227003263], "Sigma": [[0.010561639266852075, 0.0051935126102722485, -0.007954875530572295], [0.005193512610272248, 0.013787524843084325, -0.00801607169610308], [-0.007954875530572295, -0.008016071696103078, 0.012359376901876645]], "chi2_level": 0.997, "chi2_df": 3, "chi2_threshold": 13.931422665512084, "N_raw": 55, "N_roi": 55, "N_inlier": 54, "refit": true}
{"timestamp": "17:05:48.109690", "frame": 25, "mu": [-1.9939863415176788, 1.2972549423057285, 1.452225213438529], "Sigma": [[0.009441948551030843, 0.004627785669499325, -0.00542677245038052], [0.004627785669499325, 0.01142033747375633, -0.008517264907420385], [-0.005426772450380519, -0.008517264907420385, 0.01485261428240451]], "chi2_level": 0.997, "chi2_df": 3, "chi2_threshold": 13.931422665512084, "N_raw": 58, "N_roi": 58, "N_inlier": 55, "refit": true}
{"timestamp": "17:05:48.163932", "frame": 26, "mu": [-1.9693500111021471, 1.306900596611949, 1.5323168896258794], "Sigma": [[0.011556259763877788, 0.0038831751050530335, -0.009893622311570668], [0.0038831751050530335, 0.011558007735386637, -0.006580839518738401], [-0.00989362231157067, -0.006580839518738401, 0.0105689383965422]], "chi2_level": 0.997, "chi2_df": 3, "chi2_threshold": 13.931422665512084, "N_raw": 58, "N_roi": 58, "N_inlier": 56, "refit": true}
{"timestamp": "17:05:48.217465", "frame": 27, "mu": [-1.8759647640839168, 1.336253004951283, 1.2854819927706338], "Sigma": [[0.010403635954065347, 0.005171204857724146, -0.003998384114284683], [0.005171204857724146, 0.009557986077915139, -0.007574093406423777], [-0.003998384114284683, -0.007574093406423777, 0.008356538278575468]], "chi2_level": 0.997, "chi2_df": 3, "chi2_threshold": 13.931422665512084, "N_raw": 53, "N_roi": 53, "N_inlier": 53, "refit": true}
{"timestamp": "17:05:48.267307", "frame": 28, "mu": [-1.8362508897700722, 1.5791018875795777, 1.3086828362746286], "Sigma": [[0.026242631118574507, 0.024747800042730063, -0.07125728241217225], [0.024747800042730063, 0.03487033088825739, -0.09188820028588049], [-0.07125728241217225, -0.09188820028588049, 0.260887259370804]], "chi2_level": 0.997, "chi2_df": 3, "chi2_threshold": 13.931422665512084, "N_raw": 20, "N_roi": 20, "N_inlier": 20, "refit": true}
{"timestamp": "17:05:48.329811", "frame": 29, "mu": [-1.8439305592873714, 1.4567140674662287, 1.5139218515493322], "Sigma": [[0.013315022249621047, 0.007860201698319384, -0.010578557399714741], [0.007860201698319384, 0.012631300761684233, -0.012341561139209898], [-0.010578557399714743, -0.012341561139209898, 0.022757741769517816]], "chi2_level": 0.997, "chi2_df": 3, "chi2_threshold": 13.931422665512084, "N_raw": 69, "N_roi": 69, "N_inlier": 66, "refit": true}
{"timestamp": "17:05:48.384162", "frame": 30, "mu": [-1.7314810280076651, 1.5919275426041803, 1.4948153111450269], "Sigma": [[0.02732425445935686, 0.012925903878444481, -0.03521005426277494], [0.012925903878444481, 0.011763222032787736, -0.01764423078434233], [-0.035210054262774945, -0.01764423078434233, 0.04786995754064676]], "chi2_level": 0.997, "chi2_df": 3, "chi2_threshold": 13.931422665512084, "N_raw": 64, "N_roi": 64, "N_inlier": 63, "refit": true}
{"timestamp": "17:05:48.436386", "frame": 31, "mu": [-1.638160716949072, 1.7292501173498156, 1.3371090591838652], "Sigma": [[0.021558154441359757, 0.005335538722628737, 0.013438562110739996], [0.005335538722628737, 0.01889811854259449, -0.04804903011575734], [0.01343856211074, -0.048049030115757334, 0.17242865689370487]], "chi2_level": 0.997, "chi2_df": 3, "chi2_threshold": 13.931422665512084, "N_raw": 47, "N_roi": 47, "N_inlier": 46, "refit": true}
{"timestamp": "17:05:48.489751", "frame": 32, "mu": [-1.546969111295033, 1.920414737361733, 0.008816885448602693], "Sigma": [[0.006465355230104421, 0.002285206128327393, -0.005887737069678855], [0.002285206128327393, 0.006667117903136397, -0.00526244548208531], [-0.005887737069678855, -0.00526244548208531, 0.008496260866561781]], "chi2_level": 0.997, "chi2_df": 3, "chi2_threshold": 13.931422665512084, "N_raw": 41, "N_roi": 38, "N_inlier": 35, "refit": true}
{"timestamp": "17:05:48.543196", "frame": 33, "mu": [-1.4341016994042273, 1.8500059528622292, -0.4257907170247832], "Sigma": [[0.009095164664125464, -0.005088772738369194, 0.021404983526837174], [-0.005088772738369195, 0.019169901753038933, -0.024107840951704314], [0.021404983526837177, -0.02410784095170431, 0.10508243251441285]], "chi2_level": 0.997, "chi2_df": 3, "chi2_threshold": 13.931422665512084, "N_raw": 25, "N_roi": 25, "N_inlier": 24, "refit": true}
{"timestamp": "17:05:48.605797", "frame": 34, "mu": [-1.4021161728998341, 1.9235457599182646, 1.5551907706399835], "Sigma": [[0.009949271851102231, 0.0010492635872774354, -0.009222707863631132], [0.0010492635872774354, 0.011386419725403463, -0.006001444172294813], [-0.009222707863631132, -0.006001444172294812, 0.01500785480818024]], "chi2_level": 0.997, "chi2_df": 3, "chi2_threshold": 13.931422665512084, "N_raw": 80, "N_roi": 80, "N_inlier": 75, "refit": true}
{"timestamp": "17:05:48.655988", "frame": 35, "mu": [-1.3698196080542653, 1.9450292561119897, 1.5978115929057068], "Sigma": [[0.007877400032968373, -1.65634768435792e-05, -0.0053253923138458035], [-1.656347684357931e-05, 0.0044945209496033015, -0.0005807825319812329], [-0.0053253923138458035, -0.0005807825319812329, 0.004203866965903851]], "chi2_level": 0.997, "chi2_df": 3, "chi2_threshold": 13.931422665512084, "N_raw": 42, "N_roi": 42, "N_inlier": 39, "refit": true}
{"timestamp": "17:05:48.714602", "frame": 36, "mu": [-1.330417898197572, 2.037840885681165, 1.597247126309004], "Sigma": [[0.009530336051057376, 0.0011079354495529615, -0.006954710932936745], [0.001107935449552961, 0.0093974660746014, -0.0009282742730592377], [-0.006954710932936745, -0.0009282742730592377, 0.0061547797535154835]], "chi2_level": 0.997, "chi2_df": 3, "chi2_threshold": 13.931422665512084, "N_raw": 66, "N_roi": 66, "N_inlier": 64, "refit": true}
{"timestamp": "17:05:48.769695", "frame": 37, "mu": [-1.3197336178684838, 2.1109679838255406, 1.484604483776652], "Sigma": [[0.010460681229582639, 0.0003359418626029924, -0.004098842178375221], [0.00033594186260299226, 0.005099387511882487, -0.008017290899287323], [-0.004098842178375221, -0.008017290899287323, 0.026428744916769713]], "chi2_level": 0.997, "chi2_df": 3, "chi2_threshold": 13.931422665512084, "N_raw": 66, "N_roi": 66, "N_inlier": 61, "refit": true}
{"timestamp": "17:05:48.822853", "frame": 38, "mu": [-1.2716492362208491, 2.1795305241062692, 0.9887361034597464], "Sigma": [[0.006717320720567793, 0.0025475252138360193, 0.004605786510693866], [0.0025475252138360193, 0.00710215502310289, 0.028730535449565726], [0.004605786510693867, 0.028730535449565726, 0.17014650836713566]], "chi2_level": 0.997, "chi2_df": 3, "chi2_threshold": 13.931422665512084, "N_raw": 52, "N_roi": 52, "N_inlier": 50, "refit": true}
{"timestamp": "17:05:48.879876", "frame": 39, "mu": [-1.1705009106325102, 2.2471381606807976, 1.485845888438852], "Sigma": [[0.010961227848007989, -0.0004984876621774309, -0.00173767022297057], [-0.0004984876621774309, 0.006515240133364256, -0.005154919741430171], [-0.00173767022297057, -0.005154919741430172, 0.009730627325464668]], "chi2_level": 0.997, "chi2_df": 3, "chi2_threshold": 13.931422665512084, "N_raw": 67, "N_roi": 67, "N_inlier": 63, "refit": true}
{"timestamp": "17:05:48.938174", "frame": 40, "mu": [-1.169477694902661, 2.253938742659235, 1.0835893791244113], "Sigma": [[0.015043252376121941, 0.008386191605568114, 0.029339873412775098], [0.008386191605568116, 0.014068282178208704, 0.03138164997776454], [0.029339873412775094, 0.03138164997776454, 0.3251859528987969]], "chi2_level": 0.997, "chi2_df": 3, "chi2_threshold": 13.931422665512084, "N_raw": 86, "N_roi": 86, "N_inlier": 85, "refit": true}
{"timestamp": "17:05:48.992128", "frame": 41, "mu": [-1.1347172023199852, 2.324547861659852, 1.035782766373287], "Sigma": [[0.014953601479248664, 0.0019339533395635613, 0.04181423913887586], [0.0019339533395635613, 0.006058990215611257, -0.008861332249961315], [0.04181423913887586, -0.008861332249961315, 0.3238223490723708]], "chi2_level": 0.997, "chi2_df": 3, "chi2_threshold": 13.931422665512084, "N_raw": 77, "N_roi": 76, "N_inlier": 76, "refit": true}
{"timestamp": "17:05:49.041409", "frame": 42, "mu": [-1.1066965769918935, 2.4215071840639975, 0.5437228560891489], "Sigma": [[0.009771188771293326, 0.0003126552288476841, 0.03665130371718379], [0.00031265522884768387, 0.00331676246860164, -0.00038734595942991387], [0.03665130371718378, -0.00038734595942991387, 0.30506463103313575]], "chi2_level": 0.997, "chi2_df": 3, "chi2_threshold": 13.931422665512084, "N_raw": 32, "N_roi": 30, "N_inlier": 29, "refit": true}
{"timestamp": "17:05:49.105852", "frame": 43, "mu": [-1.0346995395767729, 2.535306858938515, 0.8896569361667431], "Sigma": [[0.02198373819393432, -0.006905263194399474, 0.027218058224745843], [-0.006905263194399474, 0.009707177806996762, -0.021529820882530016], [0.027218058224745843, -0.021529820882530016, 0.14049701738054496]], "chi2_level": 0.997, "chi2_df": 3, "chi2_threshold": 13.931422665512084, "N_raw": 105, "N_roi": 103, "N_inlier": 103, "refit": true}
{"timestamp": "17:05:49.298408", "frame": 44, "mu": [-0.8727542697034657, 2.4585563318948696, 1.1025049080024687], "Sigma": [[0.013548308022093525, -0.004145124640846704, -0.007149285431926333], [-0.004145124640846704, 0.006355918487783029, -0.00412893643700595], [-0.007149285431926333, -0.00412893643700595, 0.03852215915601505]], "chi2_level": 0.997, "chi2_df": 3, "chi2_threshold": 13.931422665512084, "N_raw": 59, "N_roi": 58, "N_inlier": 55, "refit": true}
{"timestamp": "17:05:49.304001", "frame": 45, "mu": [-0.8058068226784465, 2.5878995732771584, -0.10741451670407379], "Sigma": [[0.008182022071561957, 0.00018577286292539795, -0.012649169609609235], [0.00018577286292539768, 0.0032210874205537256, -0.002625579145563872], [-0.012649169609609235, -0.0026255791455638716, 0.022600569240900474]], "chi2_level": 0.997, "chi2_df": 3, "chi2_threshold": 13.931422665512084, "N_raw": 38, "N_roi": 38, "N_inlier": 36, "refit": true}
{"timestamp": "17:05:49.345157", "frame": 46, "mu": [-0.8247318127129543, 2.5366359818182485, 1.3151743036377403], "Sigma": [[0.012506994263770612, -0.005191829889965076, -0.020078415736826862], [-0.005191829889965075, 0.01623510164368576, 0.007570379785753589], [-0.02007841573682686, 0.007570379785753589, 0.03498713152637893]], "chi2_level": 0.997, "chi2_df": 3, "chi2_threshold": 13.931422665512084, "N_raw": 63, "N_roi": 63, "N_inlier": 59, "refit": true}
{"timestamp": "17:05:49.362087", "frame": 47, "mu": [-0.8288692459807603, 2.568424890438514, 1.179869610418744], "Sigma": [[0.021110698235225135, -0.004466053962422349, 0.022382190354875826], [-0.004466053962422349, 0.008520596771126458, -0.013716196393785414], [0.022382190354875826, -0.013716196393785414, 0.111391918247605]], "chi2_level": 0.997, "chi2_df": 3, "chi2_threshold": 13.931422665512084, "N_raw": 81, "N_roi": 79, "N_inlier": 76, "refit": true}
{"timestamp": "17:05:49.424897", "frame": 48, "mu": [-0.8402429771707011, 2.659325571602151, 1.2031747969959368], "Sigma": [[0.036237674222330096, -0.003220246004473925, 0.054917789078593675], [-0.003220246004473925, 0.006001094057032958, -0.006756000375667162], [0.05491778907859367, -0.006756000375667162, 0.17943947560481868]], "chi2_level": 0.997, "chi2_df": 3, "chi2_threshold": 13.931422665512084, "N_raw": 84, "N_roi": 84, "N_inlier": 82, "refit": true}
{"timestamp": "17:05:49.470278", "frame": 49, "mu": [-0.7975673971227648, 2.736565391709946, 1.2488198936719943], "Sigma": [[0.03652037472602706, 0.004900700622997769, 0.07332995667384196], [0.00490070062299777, 0.005894214022336443, 0.008443875192121225], [0.07332995667384196, 0.008443875192121225, 0.2378522945612061]], "chi2_level": 0.997, "chi2_df": 3, "chi2_threshold": 13.931422665512084, "N_raw": 78, "N_roi": 78, "N_inlier": 76, "refit": true}
{"timestamp": "17:05:49.502257", "frame": 50, "mu": [-0.7519183266155257, 2.8432756848116356, 1.118385149145231], "Sigma": [[0.03450187928887305, -0.00339316782241185, 0.05798974231323512], [-0.0033931678224118494, 0.005242535328028761, -0.017292463489656133], [0.05798974231323512, -0.01729246348965613, 0.16529111570084007]], "chi2_level": 0.997, "chi2_df": 3, "chi2_threshold": 13.931422665512084, "N_raw": 85, "N_roi": 85, "N_inlier": 84, "refit": true}
{"timestamp": "17:05:49.548361", "frame": 51, "mu": [-0.7598955875882349, 2.9189991519024856, 0.9584916621687123], "Sigma": [[0.03602130862823055, -0.0003531650482222856, 0.058346011027404346], [-0.0003531650482222856, 0.0027395649280726043, -0.01696846801983245], [0.05834601102740436, -0.01696846801983245, 0.2517787596393456]], "chi2_level": 0.997, "chi2_df": 3, "chi2_threshold": 13.931422665512084, "N_raw": 118, "N_roi": 117, "N_inlier": 116, "refit": true}
{"timestamp": "17:05:49.604834", "frame": 52, "mu": [-0.6407574508564023, 2.98353898166069, 0.9140352032534236], "Sigma": [[0.021827564636840033, -0.005925084390161234, 0.023017857930499576], [-0.005925084390161234, 0.006952404543914545, -0.03651133743665719], [0.023017857930499576, -0.03651133743665719, 0.3156670367957107]], "chi2_level": 0.997, "chi2_df": 3, "chi2_threshold": 13.931422665512084, "N_raw": 123, "N_roi": 119, "N_inlier": 118, "refit": true}
{"timestamp": "17:05:49.656098", "frame": 53, "mu": [-0.541217863570864, 3.0079459101194725, 1.1715338374836652], "Sigma": [[0.015294532067028051, -0.0016138888987597395, 0.014671723263428405], [-0.0016138888987597395, 0.008109299087355077, -0.04836546915292381], [0.014671723263428405, -0.04836546915292381, 0.4232001995591478]], "chi2_level": 0.997, "chi2_df": 3, "chi2_threshold": 13.931422665512084, "N_raw": 89, "N_roi": 86, "N_inlier": 85, "refit": true}
{"timestamp": "17:05:49.703559", "frame": 54, "mu": [-0.5209362453514215, 2.98509700413039, 0.722325326974974], "Sigma": [[0.015191922189534362, 0.000246333972720089, 0.053473762979216896], [0.000246333972720089, 0.0033353861579427787, 0.017060013068729278], [0.053473762979216896, 0.017060013068729275, 0.5815219172107369]], "chi2_level": 0.997, "chi2_df": 3, "chi2_threshold": 13.931422665512084, "N_raw": 51, "N_roi": 36, "N_inlier": 34, "refit": true}
{"timestamp": "17:05:49.762539", "frame": 55, "mu": [-0.4876567169508532, 3.0980245655434295, 1.4176407095887964], "Sigma": [[0.017457835252259583, -0.003679925418464771, 0.021485819809545725], [-0.003679925418464771, 0.009033639353749979, -0.027746300766410728], [0.021485819809545725, -0.027746300766410728, 0.18072914423905487]], "chi2_level": 0.997, "chi2_df": 3, "chi2_threshold": 13.931422665512084, "N_raw": 82, "N_roi": 78, "N_inlier": 77, "refit": true}
{"timestamp": "17:05:49.817258", "frame": 56, "mu": [-0.4596718726683281, 3.1381266477147536, 1.5587056891138347], "Sigma": [[0.015665579616571428, 0.0009916387853217926, 0.002493687690985685], [0.0009916387853217926, 0.00401558163856021, 0.004200158062386554], [0.002493687690985686, 0.004200158062386554, 0.1641050078716742]], "chi2_level": 0.997, "chi2_df": 3, "chi2_threshold": 13.931422665512084, "N_raw": 77, "N_roi": 77, "N_inlier": 74, "refit": true}
{"timestamp": "17:05:49.876024", "frame": 57, "mu": [-0.42357481905579153, 3.254903155607933, 1.1889194420015607], "Sigma": [[0.019498213735614098, -0.00027372382135079274, 0.032235800490467745], [-0.00027372382135079274, 0.01620882235089541, -0.03828763337541665], [0.032235800490467745, -0.03828763337541665, 0.4015972364791501]], "chi2_level": 0.997, "chi2_df": 3, "chi2_threshold": 13.931422665512084, "N_raw": 101, "N_roi": 101, "N_inlier": 100, "refit": true}
{"timestamp": "17:05:49.926535", "frame": 58, "mu": [-0.37410574800522195, 3.279669957896547, 1.3749861345022338], "Sigma": [[0.017086990547990608, 0.0016684698033716497, 0.014154134536887929], [0.00166846980337165, 0.009763021795295389, 2.5202360798715767e-07], [0.014154134536887929, 2.5202360798715767e-07, 0.2046465369883799]], "chi2_level": 0.997, "chi2_df": 3, "chi2_threshold": 13.931422665512084, "N_raw": 71, "N_roi": 71, "N_inlier": 70, "refit": true}
{"timestamp": "17:05:49.981741", "frame": 59, "mu": [-0.29160384433161923, 3.3542509953543416, 1.3214131010670669], "Sigma": [[0.020046707720386164, -0.0025427860865209345, 0.022838338407205463], [-0.002542786086520934, 0.005305268707847695, -0.027101854624775684], [0.022838338407205463, -0.027101854624775684, 0.31581609270720634]], "chi2_level": 0.997, "chi2_df": 3, "chi2_threshold": 13.931422665512084, "N_raw": 77, "N_roi": 77, "N_inlier": 77, "refit": true}
{"timestamp": "17:05:50.037684", "frame": 60, "mu": [-0.3094119564677828, 3.4584341951482362, 1.0295378594907525], "Sigma": [[0.018336605511949745, -0.003685119929026687, 0.012851516637122896], [-0.003685119929026687, 0.0061900369728516945, -0.04078210025232055], [0.012851516637122898, -0.04078210025232055, 0.3663175658309266]], "chi2_level": 0.997, "chi2_df": 3, "chi2_threshold": 13.931422665512084, "N_raw": 89, "N_roi": 89, "N_inlier": 87, "refit": true}
{"timestamp": "17:05:50.089725", "frame": 61, "mu": [-0.17824007412068446, 3.4838198363933666, 1.3665908390635142], "Sigma": [[0.01806329001773634, -0.0007484498688746582, -0.012400760717932821], [-0.0007484498688746582, 0.004977974873907898, -0.023978578153850287], [-0.012400760717932823, -0.023978578153850284, 0.23566087225771645]], "chi2_level": 0.997, "chi2_df": 3, "chi2_threshold": 13.931422665512084, "N_raw": 62, "N_roi": 62, "N_inlier": 62, "refit": true}
{"timestamp": "17:05:50.140547", "frame": 62, "mu": [-0.18521408319609267, 3.5928481489074726, 1.1365536777138894], "Sigma": [[0.008055774831116368, -0.0021825518546946623, 0.006040201111568078], [-0.0021825518546946623, 0.004340117365593205, -0.021421735188042766], [0.006040201111568078, -0.021421735188042766, 0.1717777957299032]], "chi2_level": 0.997, "chi2_df": 3, "chi2_threshold": 13.931422665512084, "N_raw": 35, "N_roi": 35, "N_inlier": 34, "refit": true}
{"timestamp": "17:05:50.198234", "frame": 63, "mu": [-0.12981787530804562, 3.547213064861208, 1.2922906945529582], "Sigma": [[0.011923396640071257, -0.002836409405883389, -0.0038056049381462727], [-0.002836409405883389, 0.005218424214746509, -0.019125369707693525], [-0.0038056049381462722, -0.019125369707693525, 0.11859366173451515]], "chi2_level": 0.997, "chi2_df": 3, "chi2_threshold": 13.931422665512084, "N_raw": 59, "N_roi": 59, "N_inlier": 57, "refit": true}
{"timestamp": "17:05:50.253280", "frame": 64, "mu": [-0.0005760825349851232, 3.551924967012492, 1.2639838103957723], "Sigma": [[0.01789050616077489, -0.006844667076594502, 0.01080767752759295], [-0.006844667076594502, 0.008680070342829674, -0.028580910980659582], [0.01080767752759295, -0.028580910980659582, 0.1638929894707208]], "chi2_level": 0.997, "chi2_df": 3, "chi2_threshold": 13.931422665512084, "N_raw": 53, "N_roi": 53, "N_inlier": 53, "refit": true}
{"timestamp": "17:05:50.312533", "frame": 65, "mu": [-0.043155565841676305, 3.6015377257046493, 1.271505324862657], "Sigma": [[0.023518904428601814, -0.0069950917413896625, 0.020379504670287187], [-0.006995091741389663, 0.007735979319142941, -0.006640133311252069], [0.020379504670287187, -0.006640133311252068, 0.1691962713591694]], "chi2_level": 0.997, "chi2_df": 3, "chi2_threshold": 13.931422665512084, "N_raw": 87, "N_roi": 87, "N_inlier": 87, "refit": true}
{"timestamp": "17:05:50.365423", "frame": 66, "mu": [0.04460091424505332, 3.63543418108674, 0.46402026385230044], "Sigma": [[0.014467852292807814, -0.0009424423145982842, -0.015769914083274876], [-0.0009424423145982842, 0.009367775474636958, 0.004292850948854291], [-0.015769914083274876, 0.004292850948854291, 0.036326788778469024]], "chi2_level": 0.997, "chi2_df": 3, "chi2_threshold": 13.931422665512084, "N_raw": 64, "N_roi": 64, "N_inlier": 62, "refit": true}
{"timestamp": "17:05:50.418949", "frame": 67, "mu": [-0.0044504200287218566, 3.7951555947211117, 1.5003125449918038], "Sigma": [[0.01873406211745297, -0.0023971782134156678, 0.0013165290749168365], [-0.0023971782134156678, 0.0034106428728567294, -0.008655515411054693], [0.0013165290749168363, -0.008655515411054693, 0.05449555766620627]], "chi2_level": 0.997, "chi2_df": 3, "chi2_threshold": 13.931422665512084, "N_raw": 61, "N_roi": 58, "N_inlier": 56, "refit": true}
{"timestamp": "17:05:50.475718", "frame": 68, "mu": [-0.043104845568769104, 3.801963984459786, 1.2041362875798312], "Sigma": [[0.04923469074074692, -0.008615118829718563, 0.07834093353619144], [-0.008615118829718563, 0.0038585604911369354, -0.02068875690800577], [0.07834093353619144, -0.02068875690800577, 0.18684729793096969]], "chi2_level": 0.997, "chi2_df": 3, "chi2_threshold": 13.931422665512084, "N_raw": 69, "N_roi": 63, "N_inlier": 62, "refit": true}
{"timestamp": "17:05:50.524767", "frame": 69, "mu": [0.13213526669176662, 3.833198598921775, 1.6326544399252156], "Sigma": [[0.013162529644819483, -0.0009611236832779387, -0.006633273878699221], [-0.0009611236832779385, 0.0023314436122717727, -0.004209935559845308], [-0.006633273878699221, -0.004209935559845308, 0.016511595454840662]], "chi2_level": 0.997, "chi2_df": 3, "chi2_threshold": 13.931422665512084, "N_raw": 34, "N_roi": 34, "N_inlier": 34, "refit": true}
{"timestamp": "17:05:50.577260", "frame": 70, "mu": [0.2508063458012719, 3.9142842356404297, 1.3810043106015815], "Sigma": [[0.00579530133844017, -0.0019925908002188875, -0.0010901903041568267], [-0.0019925908002188875, 0.006492688031008561, -0.014343059828745097], [-0.0010901903041568269, -0.014343059828745095, 0.04701665068838838]], "chi2_level": 0.997, "chi2_df": 3, "chi2_threshold": 13.931422665512084, "N_raw": 18, "N_roi": 18, "N_inlier": 18, "refit": true}
{"timestamp": "17:05:50.634944", "frame": 71, "mu": [0.2069252180457073, 3.979189081743441, 1.5831924211003965], "Sigma": [[0.011867033632914668, -0.002086277281932357, -0.011341656148801548], [-0.002086277281932357, 0.006791643151461678, -0.024882179442857703], [-0.01134165614880155, -0.024882179442857706, 0.16701803287253994]], "chi2_level": 0.997, "chi2_df": 3, "chi2_threshold": 13.931422665512084, "N_raw": 37, "N_roi": 37, "N_inlier": 36, "refit": true}
{"timestamp": "17:05:50.693142", "frame": 72, "mu": [0.257316680028951, 4.04153549723366, 1.4424467219073989], "Sigma": [[0.014918875753993059, -0.0035329024229424724, -0.013131602726712325], [-0.0035329024229424724, 0.007113128461647377, -0.020046567487118184], [-0.013131602726712325, -0.020046567487118184, 0.2024544553081644]], "chi2_level": 0.997, "chi2_df": 3, "chi2_threshold": 13.931422665512084, "N_raw": 47, "N_roi": 47, "N_inlier": 46, "refit": true}
{"timestamp": "17:05:50.741582", "frame": 73, "mu": [0.2495293157098305, 3.877243445545972, 1.269853599730516], "Sigma": [[0.0028146549044425857, -0.01318399455561296, -0.04121499902264196], [-0.013183994555612961, 0.28482294948018533, 0.4906246411599363], [-0.04121499902264195, 0.4906246411599363, 1.2557207504044952]], "chi2_level": 0.997, "chi2_df": 3, "chi2_threshold": 13.931422665512084, "N_raw": 12, "N_roi": 12, "N_inlier": 12, "refit": true}
{"timestamp": "17:05:50.796093", "frame": 74, "mu": [0.30150985157778276, 3.302457571074676, 0.6991138787354552], "Sigma": [[0.0077086734348777546, 0.07023722546951792, -0.03998873409723169], [0.07023722546951792, 1.6144172660330083, 1.15131342423631], [-0.0399887340972317, 1.15131342423631, 2.6181134589949844]], "chi2_level": 0.997, "chi2_df": 3, "chi2_threshold": 13.931422665512084, "N_raw": 12, "N_roi": 9, "N_inlier": 9, "refit": true}
{"timestamp": "17:05:50.852800", "frame": 75, "mu": [0.34811282569315377, 3.9698141594073935, 1.5044504008722412], "Sigma": [[0.009496759369501085, -0.006280519026826745, -0.021688250912989128], [-0.006280519026826747, 0.2824705032662356, 0.5659914207492827], [-0.02168825091298912, 0.5659914207492827, 1.2059215179885214]], "chi2_level": 0.997, "chi2_df": 3, "chi2_threshold": 13.931422665512084, "N_raw": 26, "N_roi": 24, "N_inlier": 23, "refit": true}
{"timestamp": "17:05:50.912000", "frame": 76, "mu": [0.35382920734665374, 4.213816706599127, 1.4501849843944061], "Sigma": [[0.01939190145303315, -0.0010630443367274885, -0.005603559637966233], [-0.0010630443367274885, 0.003703250263053486, -0.014969390640158198], [-0.005603559637966233, -0.0149693906401582, 0.09340562785128617]], "chi2_level": 0.997, "chi2_df": 3, "chi2_threshold": 13.931422665512084, "N_raw": 53, "N_roi": 53, "N_inlier": 51, "refit": true}
{"timestamp": "17:05:50.968471", "frame": 77, "mu": [0.4004786639493309, 4.164202196990265, 0.9848707046858161], "Sigma": [[0.02061958634728791, 0.0002708978751999354, 0.011050655809046815], [0.0002708978751999354, 0.0017564237225654647, 0.010348912142710318], [0.011050655809046817, 0.010348912142710318, 0.21408728044337613]], "chi2_level": 0.997, "chi2_df": 3, "chi2_threshold": 13.931422665512084, "N_raw": 56, "N_roi": 53, "N_inlier": 49, "refit": true}
{"timestamp": "17:05:51.021134", "frame": 78, "mu": [0.388752451103582, 4.318841305797464, 1.1167004786602763], "Sigma": [[0.01812186111477382, 0.0002710544928065451, 0.0034268641333885836], [0.000271054492806545, 0.004310825632646095, -0.008636804603824794], [0.0034268641333885827, -0.008636804603824794, 0.13351606849414088]], "chi2_level": 0.997, "chi2_df": 3, "chi2_threshold": 13.931422665512084, "N_raw": 40, "N_roi": 40, "N_inlier": 38, "refit": true}
{"timestamp": "17:05:51.071360", "frame": 79, "mu": [0.5495741590708144, 4.475824030535701, 0.43472921298070377], "Sigma": [[0.0022257616974337997, 0.009081524002152008, -0.013597767533057314], [0.009081524002152007, 0.06266530458543723, -0.10501385268496377], [-0.013597767533057314, -0.10501385268496378, 0.18379734556672453]], "chi2_level": 0.997, "chi2_df": 3, "chi2_threshold": 13.931422665512084, "N_raw": 8, "N_roi": 8, "N_inlier": 8, "refit": true}
{"timestamp": "17:05:51.131287", "frame": 80, "mu": [0.6196133071723212, 4.563574133913525, 0.7612254965137393], "Sigma": [[0.02385088378229471, -0.0026176106305204156, -0.024321736313333675], [-0.002617610630520415, 0.0038841031077966673, -0.008605144570172215], [-0.024321736313333668, -0.008605144570172215, 0.09964269822965727]], "chi2_level": 0.997, "chi2_df": 3, "chi2_threshold": 13.931422665512084, "N_raw": 41, "N_roi": 38, "N_inlier": 38, "refit": true}
{"timestamp": "17:05:51.183885", "frame": 81, "mu": [0.5805484193064057, 4.541237511142041, 1.3294566656468234], "Sigma": [[0.002325482151959996, 0.0018531961790093946, -0.017393925597669824], [0.0018531961790093944, 0.004812763481478475, -0.030257202684492033], [-0.017393925597669824, -0.030257202684492033, 0.2566731881461148]], "chi2_level": 0.997, "chi2_df": 3, "chi2_threshold": 13.931422665512084, "N_raw": 10, "N_roi": 8, "N_inlier": 8, "refit": true}
{"timestamp": "17:05:51.239205", "frame": 82, "mu": [0.6923430449779421, 4.594244519487888, 0.8312814195890587], "Sigma": [[0.015093216883629782, -0.0025566458839240214, -0.006269395214671212], [-0.0025566458839240214, 0.0036254244834216945, -0.008355381768342739], [-0.006269395214671212, -0.008355381768342737, 0.09866831768367412]], "chi2_level": 0.997, "chi2_df": 3, "chi2_threshold": 13.931422665512084, "N_raw": 30, "N_roi": 27, "N_inlier": 26, "refit": true}
{"timestamp": "17:05:51.292013", "frame": 83, "mu": [0.7174499955595877, 4.6049970309629105, 0.8905403015411855], "Sigma": [[0.008585818633918425, -0.006899487329738101, 0.014706435427901239], [-0.006899487329738101, 0.012970566230388093, -0.02095746821884662], [0.014706435427901239, -0.02095746821884662, 0.0792279579866329]], "chi2_level": 0.997, "chi2_df": 3, "chi2_threshold": 13.931422665512084, "N_raw": 16, "N_roi": 16, "N_inlier": 16, "refit": true}
{"timestamp": "17:05:51.345743", "frame": 84, "mu": [0.7656182524078013, 4.562551791853649, 1.3683883150462295], "Sigma": [[0.013719145833892157, -0.009740139100806827, 0.020828415540671295], [-0.009740139100806827, 0.010563591501024218, -0.01941605551136546], [0.02082841554067129, -0.01941605551136546, 0.0803400277535325]], "chi2_level": 0.997, "chi2_df": 3, "chi2_threshold": 13.931422665512084, "N_raw": 12, "N_roi": 11, "N_inlier": 11, "refit": true}
{"timestamp": "17:05:51.403597", "frame": 85, "mu": [0.8277514572513047, 4.620628980339289, 0.3645553154010568], "Sigma": [[0.022842290624971985, -0.0225134151467178, 0.00016668469889365026], [-0.0225134151467178, 0.027115861866564145, -0.012597195275612674], [0.00016668469889365048, -0.012597195275612672, 0.04811494817124927]], "chi2_level": 0.997, "chi2_df": 3, "chi2_threshold": 13.931422665512084, "N_raw": 23, "N_roi": 8, "N_inlier": 8, "refit": true}
{"timestamp": "17:05:51.455237", "frame": 86, "mu": [0.6678964092890874, 4.1789477618398525, 1.188718889651466], "Sigma": [[0.04181781440047092, 0.3003589085763401, -0.04232603735721344], [0.30035890857634007, 2.1614700538880873, -0.3228331710601517], [-0.042326037357213436, -0.3228331710601517, 0.18040919908124753]], "chi2_level": 0.997, "chi2_df": 3, "chi2_threshold": 13.931422665512084, "N_raw": 6, "N_roi": 6, "N_inlier": 6, "refit": true}
{"timestamp": "17:05:51.510591", "frame": 87, "mu": [0.6183729333105437, 4.234908096713304, 0.9244357780680345], "Sigma": [[0.04250197656232573, 0.2946941895090653, -0.08227520563522633], [0.29469418950906534, 2.0908779537098026, -0.5977487402652202], [-0.08227520563522635, -0.5977487402652202, 0.1802889941894463]], "chi2_level": 0.997, "chi2_df": 3, "chi2_threshold": 13.931422665512084, "N_raw": 12, "N_roi": 5, "N_inlier": 5, "refit": true}
{"timestamp": "17:05:51.565631", "frame": 88, "mu": [0.8870165573159273, 4.780438746725981, 1.60473058499488], "Sigma": [[0.0052419863962958144, -0.006092275935019185, 0.009262273673387849], [-0.006092275935019185, 0.010430697951610812, -0.010918359977676291], [0.009262273673387849, -0.010918359977676291, 0.019015311584045614]], "chi2_level": 0.997, "chi2_df": 3, "chi2_threshold": 13.931422665512084, "N_raw": 9, "N_roi": 6, "N_inlier": 6, "refit": true}
{"timestamp": "17:05:51.675526", "frame": 90, "mu": [1.0105166840816868, 4.890336331041077, 1.7928380181260055], "Sigma": [[0.012488632049405004, 0.002798946629569132, -0.04941174472017886], [0.002798946629569132, 0.004491070100194008, -0.010648037873484272], [-0.04941174472017886, -0.010648037873484272, 0.19735179309914175]], "chi2_level": 0.997, "chi2_df": 3, "chi2_threshold": 13.931422665512084, "N_raw": 6, "N_roi": 6, "N_inlier": 6, "refit": true}
{"timestamp": "17:05:51.729802", "frame": 91, "mu": [1.1070446563695868, 4.906772911594569, 1.6762041979254136], "Sigma": [[0.000846339391512708, 0.0004438206474440415, -0.006305664994341642], [0.00044382064744404157, 0.004468985431849562, -0.01042237138194147], [-0.006305664994341641, -0.010422371381941468, 0.06890023164841647]], "chi2_level": 0.997, "chi2_df": 3, "chi2_threshold": 13.931422665512084, "N_raw": 5, "N_roi": 5, "N_inlier": 5, "refit": true}
