{"timestamp": "17:11:30.704291", "frame": 1, "mu": [1.365444176480287, 1.7952033080503662, -0.4300108262297242], "Sigma": [[0.009139623887927327, -0.01275825190714903, 0.003824848056758501], [-0.01275825190714903, 0.031773733072580995, -0.02247604388033215], [0.003824848056758501, -0.022476043880332145, 0.03342761393049081]], "chi2_level": 0.997, "chi2_df": 3, "chi2_threshold": 13.931422665512084, "N_raw": 74, "N_roi": 74, "N_inlier": 71, "refit": true}
{"timestamp": "17:11:30.761466", "frame": 2, "mu": [1.3258189798987454, 1.5561134934825147, 1.3120752272070193], "Sigma": [[0.01158938274305178, -0.009445940201238507, -0.015268392977210566], [-0.009445940201238508, 0.013967026197330703, 0.004625228874516199], [-0.015268392977210566, 0.004625228874516199, 0.08026809050379696]], "chi2_level": 0.997, "chi2_df": 3, "chi2_threshold": 13.931422665512084, "N_raw": 76, "N_roi": 76, "N_inlier": 76, "refit": true}
{"timestamp": "17:11:30.811868", "frame": 3, "mu": [1.3837542250825414, 1.427244627833421, 0.8692046645164461], "Sigma": [[0.007878812639023023, -0.0052438316603346065, -0.012790036927858503], [-0.0052438316603346065, 0.011792224669573024, 0.010818538504471197], [-0.012790036927858503, 0.010818538504471197, 0.07038575762099167]], "chi2_level": 0.997, "chi2_df": 3, "chi2_threshold": 13.931422665512084, "N_raw": 43, "N_roi": 43, "N_inlier": 41, "refit": true}
{"timestamp": "17:11:30.866121", "frame": 4, "mu": [1.3007828439600104, 1.4403715509980795, 1.3253608062687168], "Sigma": [[0.00668914938687069, -0.0031367890447495826, -0.009890495453559975], [-0.0031367890447495826, 0.004588224502615997, 0.003043434575107779], [-0.009890495453559975, 0.0030434345751077794, 0.0518295111064116]], "chi2_level": 0.997, "chi2_df": 3, "chi2_threshold": 13.931422665512084, "N_raw": 44, "N_roi": 44, "N_inlier": 41, "refit": true}
{"timestamp": "17:11:30.921786", "frame": 5, "mu": [1.2355890986510831, 1.3428198855928424, 1.2122132696483467], "Sigma": [[0.00800359477925996, -0.006372789548156929, -0.010594003259410099], [-0.006372789548156929, 0.010306337029992906, 0.01965567607282382], [-0.010594003259410099, 0.01965567607282382, 0.05416044373580318]], "chi2_level": 0.997, "chi2_df": 3, "chi2_threshold": 13.931422665512084, "N_raw": 47, "N_roi": 47, "N_inlier": 47, "refit": true}
{"timestamp": "17:11:30.981191", "frame": 6, "mu": [1.2054323931129212, 1.3818508082236771, 1.1484692562233418], "Sigma": [[0.007994178592706017, -0.008574957259954625, -0.015070508016246842], [-0.008574957259954623, 0.013272954894268605, 0.020852214172145726], [-0.015070508016246842, 0.02085221417214573, 0.0715835759335638]], "chi2_level": 0.997, "chi2_df": 3, "chi2_threshold": 13.931422665512084, "N_raw": 78, "N_roi": 78, "N_inlier": 77, "refit": true}
{"timestamp": "17:11:31.034362", "frame": 7, "mu": [1.0634238925102764, 1.4404941161937883, 1.412045412491245], "Sigma": [[0.00513214881296643, -0.0024646506242100076, -0.005535455237856924], [-0.0024646506242100076, 0.0052937328480946845, -0.002029799545481624], [-0.005535455237856924, -0.002029799545481624, 0.02160170068320281]], "chi2_level": 0.997, "chi2_df": 3, "chi2_threshold": 13.931422665512084, "N_raw": 61, "N_roi": 61, "N_inlier": 60, "refit": true}
{"timestamp": "17:11:31.086069", "frame": 8, "mu": [1.0452658003780002, 1.499870837797363, -0.2863688601521587], "Sigma": [[0.0038779030165871347, -0.002331587621562048, -0.0030714635842359656], [-0.0023315876215620475, 0.0053508991077963865, 0.002216513279886864], [-0.0030714635842359656, 0.002216513279886864, 0.009367214843523862]], "chi2_level": 0.997, "chi2_df": 3, "chi2_threshold": 13.931422665512084, "N_raw": 35, "N_roi": 35, "N_inlier": 33, "refit": true}
{"timestamp": "17:11:31.140456", "frame": 9, "mu": [0.9561770050932679, 1.382876538273241, 1.36108106533626], "Sigma": [[0.007729947316816028, -0.006116823706042959, -0.030349347461861985], [-0.006116823706042959, 0.007923839940729975, 0.02827714590609362], [-0.030349347461861978, 0.02827714590609362, 0.17785844129073822]], "chi2_level": 0.997, "chi2_df": 3, "chi2_threshold": 13.931422665512084, "N_raw": 37, "N_roi": 37, "N_inlier": 36, "refit": true}
{"timestamp": "17:11:31.201894", "frame": 10, "mu": [1.0411451206333642, 1.2159236890906244, 1.140135811483905], "Sigma": [[0.007259508190546692, -0.006262969097791152, -0.009818415543647634], [-0.006262969097791152, 0.01185685220063343, 0.018749019424343663], [-0.009818415543647634, 0.018749019424343663, 0.059858881657423126]], "chi2_level": 0.997, "chi2_df": 3, "chi2_threshold": 13.931422665512084, "N_raw": 75, "N_roi": 75, "N_inlier": 75, "refit": true}
{"timestamp": "17:11:31.257523", "frame": 11, "mu": [0.9382533619680093, 1.3043129170205305, -0.2919242771655779], "Sigma": [[0.007591994291839178, -0.002488222295281482, 0.011111603964777127], [-0.0024882222952814824, 0.01197685651184513, -0.014690595040880567], [0.01111160396477713, -0.014690595040880567, 0.7066701533947085]], "chi2_level": 0.997, "chi2_df": 3, "chi2_threshold": 13.931422665512084, "N_raw": 86, "N_roi": 86, "N_inlier": 85, "refit": true}
{"timestamp": "17:11:31.314081", "frame": 12, "mu": [0.8609909249921086, 1.455480272772473, -0.4859377142631518], "Sigma": [[0.00439548932284669, -0.0014315552779228017, -0.006122042751351745], [-0.0014315552779228017, 0.01069448956740878, -0.012074984375772146], [-0.006122042751351746, -0.012074984375772146, 0.033921655083745575]], "chi2_level": 0.997, "chi2_df": 3, "chi2_threshold": 13.931422665512084, "N_raw": 94, "N_roi": 94, "N_inlier": 87, "refit": true}
{"timestamp": "17:11:31.365740", "frame": 13, "mu": [0.708390783479582, 1.3391596009888562, 1.084571329865527], "Sigma": [[0.010645058807020076, -0.005587998347148362, 0.020907802622037883], [-0.005587998347148363, 0.004350401890230969, -0.015014072798096105], [0.020907802622037883, -0.015014072798096105, 0.07189279956596283]], "chi2_level": 0.997, "chi2_df": 3, "chi2_threshold": 13.931422665512084, "N_raw": 72, "N_roi": 72, "N_inlier": 67, "refit": true}
{"timestamp": "17:11:31.426680", "frame": 14, "mu": [0.6744153488610108, 1.266151993643111, 1.1000674394959524], "Sigma": [[0.012685991440447643, -0.005478205687084101, 0.024070376765217328], [-0.005478205687084101, 0.0061302762846560275, -0.01714968510652152], [0.02407037676521733, -0.01714968510652152, 0.09601782111842529]], "chi2_level": 0.997, "chi2_df": 3, "chi2_threshold": 13.931422665512084, "N_raw": 115, "N_roi": 115, "N_inlier": 115, "refit": true}
{"timestamp": "17:11:31.482966", "frame": 15, "mu": [0.5956402548291517, 1.2492428965808173, 1.257327732229468], "Sigma": [[0.014686876957770018, -0.012605905456896663, 0.015907781287390628], [-0.012605905456896663, 0.017652374933423844, -0.02776130638948736], [0.015907781287390628, -0.02776130638948736, 0.06516671635080167]], "chi2_level": 0.997, "chi2_df": 3, "chi2_threshold": 13.931422665512084, "N_raw": 116, "N_roi": 116, "N_inlier": 111, "refit": true}
{"timestamp": "17:11:31.537521", "frame": 16, "mu": [0.5637415621366002, 1.2251994702300089, 1.2005133606296894], "Sigma": [[0.014659116279213074, -0.017576787807315735, 0.014074757921443925], [-0.01757678780731573, 0.03181655777643815, -0.027300673868713838], [0.014074757921443925, -0.027300673868713838, 0.04473747413336766]], "chi2_level": 0.997, "chi2_df": 3, "chi2_threshold": 13.931422665512084, "N_raw": 115, "N_roi": 115, "N_inlier": 115, "refit": true}
{"timestamp": "17:11:31.590489", "frame": 17, "mu": [0.4942399581484974, 1.2242080858210664, 1.4010561863591064], "Sigma": [[0.005950547999803875, -0.004891758397459457, 0.006791523316442456], [-0.004891758397459457, 0.012387844292367126, -0.020692909838940118], [0.006791523316442456, -0.020692909838940118, 0.04168958078735134]], "chi2_level": 0.997, "chi2_df": 3, "chi2_threshold": 13.931422665512084, "N_raw": 101, "N_roi": 101, "N_inlier": 98, "refit": true}
{"timestamp": "17:11:31.646105", "frame": 18, "mu": [0.46257535867942756, 1.2162242169057358, 0.413085006034124], "Sigma": [[0.007552603405262037, -0.003029917525166479, 0.052689024791424684], [-0.003029917525166479, 0.010285814143933134, -0.05195431971911875], [0.052689024791424684, -0.05195431971911875, 0.6495987785726625]], "chi2_level": 0.997, "chi2_df": 3, "chi2_threshold": 13.931422665512084, "N_raw": 103, "N_roi": 103, "N_inlier": 101, "refit": true}
{"timestamp": "17:11:31.702349", "frame": 19, "mu": [0.38334122638965046, 1.1845157755889908, 1.4604488991865434], "Sigma": [[0.00975700906480985, -0.004661898291176602, 0.012684797101190092], [-0.004661898291176602, 0.013273832500988694, -0.015955687651065534], [0.012684797101190092, -0.015955687651065534, 0.05110057298021379]], "chi2_level": 0.997, "chi2_df": 3, "chi2_threshold": 13.931422665512084, "N_raw": 109, "N_roi": 109, "N_inlier": 104, "refit": true}
{"timestamp": "17:11:31.753242", "frame": 20, "mu": [0.3321756925954961, 1.1371813364159573, 1.5531615954532743], "Sigma": [[0.0038374932810446177, 0.0008199289909851424, -0.0015516961887721194], [0.0008199289909851425, 0.012312107534027903, 0.004901894404322269], [-0.0015516961887721194, 0.004901894404322269, 0.01317468361635241]], "chi2_level": 0.997, "chi2_df": 3, "chi2_threshold": 13.931422665512084, "N_raw": 86, "N_roi": 86, "N_inlier": 82, "refit": true}
{"timestamp": "17:11:31.809710", "frame": 21, "mu": [0.2420862554504974, 1.244060466349572, 0.32580295511352253], "Sigma": [[0.003783461501423914, -0.0028701007279674125, 0.0382407007713775], [-0.0028701007279674133, 0.022682927343647047, -0.06334411553366598], [0.0382407007713775, -0.06334411553366598, 0.7091997654327429]], "chi2_level": 0.997, "chi2_df": 3, "chi2_threshold": 13.931422665512084, "N_raw": 99, "N_roi": 99, "N_inlier": 98, "refit": true}
{"timestamp": "17:11:31.861549", "frame": 22, "mu": [0.19351118415028937, 1.1752540967309562, 1.5918027872380716], "Sigma": [[0.0029094295558792106, 0.0020331069056577352, 0.00240094967922424], [0.0020331069056577357, 0.011285581274265318, 0.002463031907569307], [0.00240094967922424, 0.002463031907569307, 0.008336512050820461]], "chi2_level": 0.997, "chi2_df": 3, "chi2_threshold": 13.931422665512084, "N_raw": 79, "N_roi": 79, "N_inlier": 74, "refit": true}
{"timestamp": "17:11:31.917994", "frame": 23, "mu": [0.1383355505273279, 1.2036122116546064, 0.03355554614757425], "Sigma": [[0.0037741358701184535, 0.0025224778851568484, 0.03586149737730192], [0.0025224778851568484, 0.010559695621371185, 0.0079054346362584], [0.03586149737730191, 0.007905434636258401, 0.53679924816528]], "chi2_level": 0.997, "chi2_df": 3, "chi2_threshold": 13.931422665512084, "N_raw": 83, "N_roi": 83, "N_inlier": 80, "refit": true}
{"timestamp": "17:11:31.969388", "frame": 24, "mu": [0.05022184399907494, 1.2134511103392978, -0.11335615945823269], "Sigma": [[0.002832013531973371, 0.0016531250169865945, 0.0034099021342636473], [0.0016531250169865945, 0.0075124394391850235, 0.008609276220991245], [0.0034099021342636473, 0.008609276220991245, 0.018592657723334856]], "chi2_level": 0.997, "chi2_df": 3, "chi2_threshold": 13.931422665512084, "N_raw": 62, "N_roi": 60, "N_inlier": 56, "refit": true}
{"timestamp": "17:11:32.023993", "frame": 25, "mu": [-0.015894024999908253, 1.1698509506908157, 1.3257140883427971], "Sigma": [[0.0031322006722119848, -0.0006959222454770723, 0.014602319205639178], [-0.0006959222454770723, 0.009193835003874553, 0.014361081408034646], [0.014602319205639178, 0.014361081408034644, 0.22508213955624765]], "chi2_level": 0.997, "chi2_df": 3, "chi2_threshold": 13.931422665512084, "N_raw": 53, "N_roi": 50, "N_inlier": 50, "refit": true}
{"timestamp": "17:11:32.077054", "frame": 26, "mu": [-0.09657292143859962, 1.1106648038814804, 1.4618790826067871], "Sigma": [[0.00261015089013556, 0.0034501689740667535, 0.006486875263021506], [0.0034501689740667535, 0.013862909924663441, 0.0072370869268042395], [0.006486875263021506, 0.0072370869268042395, 0.10037451588990254]], "chi2_level": 0.997, "chi2_df": 3, "chi2_threshold": 13.931422665512084, "N_raw": 52, "N_roi": 52, "N_inlier": 50, "refit": true}
{"timestamp": "17:11:32.138545", "frame": 27, "mu": [-0.16992470545123994, 1.148802108934237, 1.4825456002122344], "Sigma": [[0.002681621823970767, -0.0007808991106802613, -0.0009692857109106018], [-0.0007808991106802613, 0.008385048274179066, 0.01911908717919417], [-0.0009692857109106019, 0.01911908717919417, 0.11230118747377764]], "chi2_level": 0.997, "chi2_df": 3, "chi2_threshold": 13.931422665512084, "N_raw": 90, "N_roi": 90, "N_inlier": 86, "refit": true}
{"timestamp": "17:11:32.195409", "frame": 28, "mu": [-0.22548824566543058, 1.2040257542380315, 1.6025989225644062], "Sigma": [[0.0035717384812372437, -0.0007552507680489406, -0.0018144382959526353], [-0.0007552507680489405, 0.007409781579787605, 0.00020042328346247244], [-0.0018144382959526353, 0.0002004232834624722, 0.02930038974320933]], "chi2_level": 0.997, "chi2_df": 3, "chi2_threshold": 13.931422665512084, "N_raw": 98, "N_roi": 98, "N_inlier": 95, "refit": true}
{"timestamp": "17:11:32.331454", "frame": 29, "mu": [-0.292654915820074, 1.2855135015069807, -0.23496225310635024], "Sigma": [[0.0035041641297729746, 0.0004023311092576502, -0.007485027038310215], [0.0004023311092576502, 0.006616313250832009, -0.013111403236066828], [-0.007485027038310214, -0.013111403236066828, 0.10936987807402697]], "chi2_level": 0.997, "chi2_df": 3, "chi2_threshold": 13.931422665512084, "N_raw": 105, "N_roi": 105, "N_inlier": 102, "refit": true}
{"timestamp": "17:11:32.360709", "frame": 30, "mu": [-0.37023222186588534, 1.135248919495097, 1.3523321517613458], "Sigma": [[0.004792264288023529, -0.0024836008070559614, 0.007172556570076181], [-0.0024836008070559614, 0.005060008162228721, 0.006275483832587962], [0.007172556570076182, 0.006275483832587964, 0.2383295389978058]], "chi2_level": 0.997, "chi2_df": 3, "chi2_threshold": 13.931422665512084, "N_raw": 59, "N_roi": 59, "N_inlier": 58, "refit": true}
{"timestamp": "17:11:32.391597", "frame": 31, "mu": [-0.47621776431691254, 1.1510251889161247, 0.4223533607852935], "Sigma": [[0.008703740247103619, -0.006657107537634423, 0.03412244993009283], [-0.006657107537634423, 0.016371345029324996, -0.02945345325096877], [0.03412244993009283, -0.029453453250968768, 0.3159893610317539]], "chi2_level": 0.997, "chi2_df": 3, "chi2_threshold": 13.931422665512084, "N_raw": 133, "N_roi": 133, "N_inlier": 133, "refit": true}
{"timestamp": "17:11:32.422915", "frame": 32, "mu": [-0.5470407464952656, 1.1538616465426157, 1.4794877874226557], "Sigma": [[0.007305815759265592, -0.0015395402204739267, -0.013310758614390052], [-0.0015395402204739267, 0.0096931531401142, 0.01953800491067161], [-0.013310758614390052, 0.01953800491067161, 0.11748898999655741]], "chi2_level": 0.997, "chi2_df": 3, "chi2_threshold": 13.931422665512084, "N_raw": 108, "N_roi": 106, "N_inlier": 103, "refit": true}
{"timestamp": "17:11:32.474006", "frame": 33, "mu": [-0.624670652104289, 1.1805421641175486, 0.1268867325853429], "Sigma": [[0.008241572574404504, -0.0016658341048804252, 0.035999144307808865], [-0.0016658341048804252, 0.006013364757770072, -0.0010241539318703702], [0.03599914430780887, -0.0010241539318703698, 0.476483689625042]], "chi2_level": 0.997, "chi2_df": 3, "chi2_threshold": 13.931422665512084, "N_raw": 128, "N_roi": 128, "N_inlier": 123, "refit": true}
{"timestamp": "17:11:32.527413", "frame": 34, "mu": [-0.7857549214122681, 1.1793961115815432, 1.7085301703439455], "Sigma": [[0.019766740250886147, 0.00971226467249917, -0.0135634653481639], [0.00971226467249917, 0.01573733946650329, -0.007936465504838165], [-0.013563465348163899, -0.007936465504838165, 0.016147249941140397]], "chi2_level": 0.997, "chi2_df": 3, "chi2_threshold": 13.931422665512084, "N_raw": 109, "N_roi": 109, "N_inlier": 106, "refit": true}
{"timestamp": "17:11:32.585613", "frame": 35, "mu": [-0.7944162241955722, 1.2922600378119753, -0.3771407689073785], "Sigma": [[0.03194267301296016, 0.02963644095546513, -0.04733416258646781], [0.02963644095546513, 0.0589676129521433, -0.11400136805180254], [-0.04733416258646781, -0.11400136805180253, 0.28724507045092357]], "chi2_level": 0.997, "chi2_df": 3, "chi2_threshold": 13.931422665512084, "N_raw": 131, "N_roi": 128, "N_inlier": 126, "refit": true}
{"timestamp": "17:11:32.642194", "frame": 36, "mu": [-0.8463252312471348, 1.231523877802502, 1.199427530962609], "Sigma": [[0.01453139144637866, 0.005978175731080932, -0.03504996368059668], [0.005978175731080932, 0.013663583499727211, -0.049260901279746694], [-0.03504996368059667, -0.04926090127974668, 0.3589014806332775]], "chi2_level": 0.997, "chi2_df": 3, "chi2_threshold": 13.931422665512084, "N_raw": 137, "N_roi": 137, "N_inlier": 133, "refit": true}
{"timestamp": "17:11:32.692406", "frame": 37, "mu": [-1.041352175327115, 1.1514419023397526, 1.6035236326940896], "Sigma": [[0.03646636597272565, 0.02721591423048901, -0.057720264763533084], [0.02721591423048901, 0.030109074276747215, -0.07739008160941277], [-0.057720264763533084, -0.07739008160941277, 0.3441571770509361]], "chi2_level": 0.997, "chi2_df": 3, "chi2_threshold": 13.931422665512084, "N_raw": 115, "N_roi": 115, "N_inlier": 114, "refit": true}
{"timestamp": "17:11:32.747275", "frame": 38, "mu": [-1.137208442743033, 1.0915738073366705, 0.47096191621761274], "Sigma": [[0.04748445929773652, 0.026586666421249978, 0.12236799194458156], [0.026586666421249978, 0.024269781246921134, 0.07627495228064213], [0.12236799194458156, 0.07627495228064213, 0.69857472241918]], "chi2_level": 0.997, "chi2_df": 3, "chi2_threshold": 13.931422665512084, "N_raw": 103, "N_roi": 103, "N_inlier": 100, "refit": true}
{"timestamp": "17:11:32.793969", "frame": 39, "mu": [-1.231338451628808, 1.1201341408294279, 1.7907163605757814], "Sigma": [[0.034369519140687574, 0.027489753502607035, -0.029918803735329944], [0.02748975350260703, 0.03132927381954016, -0.0367504260621843], [-0.029918803735329944, -0.03675042606218431, 0.08605679492711145]], "chi2_level": 0.997, "chi2_df": 3, "chi2_threshold": 13.931422665512084, "N_raw": 47, "N_roi": 47, "N_inlier": 44, "refit": true}
{"timestamp": "17:11:32.852318", "frame": 40, "mu": [-1.2104674956806878, 1.2144882985366692, 1.8648069592893328], "Sigma": [[0.025627250623013798, 0.02011075768197595, -0.01796628756592147], [0.02011075768197595, 0.023100150518936137, -0.01882217340732621], [-0.017966287565921467, -0.01882217340732621, 0.01678301074515607]], "chi2_level": 0.997, "chi2_df": 3, "chi2_threshold": 13.931422665512084, "N_raw": 84, "N_roi": 84, "N_inlier": 79, "refit": true}
{"timestamp": "17:11:32.905455", "frame": 41, "mu": [-1.2288284266169869, 1.2750750140152574, -0.07910815746726511], "Sigma": [[0.04427325627767069, 0.042984997875411955, -0.08236121864670348], [0.04298499787541196, 0.04980566584892708, -0.10667935743317444], [-0.08236121864670348, -0.10667935743317444, 0.31611510910375434]], "chi2_level": 0.997, "chi2_df": 3, "chi2_threshold": 13.931422665512084, "N_raw": 72, "N_roi": 72, "N_inlier": 71, "refit": true}
{"timestamp": "17:11:32.962549", "frame": 42, "mu": [-1.1611281774487323, 1.2883673464179126, 1.3596083776439056], "Sigma": [[0.031641438608869074, 0.003553156914620257, -0.08997991031049055], [0.003553156914620258, 0.020247220359623647, 0.04178688882408749], [-0.08997991031049056, 0.04178688882408749, 0.4783720298913458]], "chi2_level": 0.997, "chi2_df": 3, "chi2_threshold": 13.931422665512084, "N_raw": 84, "N_roi": 84, "N_inlier": 84, "refit": true}
{"timestamp": "17:11:33.023486", "frame": 43, "mu": [-1.304843613455175, 1.392208999974784, -0.018603005262509405], "Sigma": [[0.041029919804873013, 0.03722221563685255, -0.044476353371023916], [0.03722221563685255, 0.048742098420172464, -0.06280508204322538], [-0.044476353371023916, -0.06280508204322538, 0.16557189260177083]], "chi2_level": 0.997, "chi2_df": 3, "chi2_threshold": 13.931422665512084, "N_raw": 125, "N_roi": 125, "N_inlier": 122, "refit": true}
{"timestamp": "17:11:33.079147", "frame": 44, "mu": [-1.4170073516906894, 1.2919475719713205, 1.669113514276797], "Sigma": [[0.046288884935168695, 0.030089440095316503, -0.06812107525662678], [0.030089440095316503, 0.027034683883519945, -0.04721313456021852], [-0.06812107525662678, -0.047213134560218514, 0.2283610828060379]], "chi2_level": 0.997, "chi2_df": 3, "chi2_threshold": 13.931422665512084, "N_raw": 120, "N_roi": 120, "N_inlier": 120, "refit": true}
{"timestamp": "17:11:33.131033", "frame": 45, "mu": [-1.5129722591995458, 1.3355687047658846, 1.8579676880939162], "Sigma": [[0.034206855797247526, 0.023492809806577974, -0.011896606407199778], [0.023492809806577974, 0.03141459705581699, -0.020401585549716217], [-0.011896606407199778, -0.020401585549716217, 0.016635717774787555]], "chi2_level": 0.997, "chi2_df": 3, "chi2_threshold": 13.931422665512084, "N_raw": 99, "N_roi": 99, "N_inlier": 95, "refit": true}
{"timestamp": "17:11:33.189446", "frame": 46, "mu": [-1.511869504513001, 1.4238777944174674, 0.06416972198169942], "Sigma": [[0.03926671877896515, 0.036363216308127375, 0.007377882655541685], [0.03636321630812737, 0.052246765393086564, -0.007657275316676069], [0.007377882655541685, -0.007657275316676071, 0.036669824235517644]], "chi2_level": 0.997, "chi2_df": 3, "chi2_threshold": 13.931422665512084, "N_raw": 127, "N_roi": 127, "N_inlier": 122, "refit": true}
{"timestamp": "17:11:33.240921", "frame": 47, "mu": [-1.5306654994216058, 1.4704791728707274, 1.8343127866678577], "Sigma": [[0.0307711649853614, 0.0247682450440741, -0.02668691881657452], [0.024768245044074096, 0.035626594403263045, -0.05861633611276137], [-0.02668691881657452, -0.05861633611276137, 0.15582224675872178]], "chi2_level": 0.997, "chi2_df": 3, "chi2_threshold": 13.931422665512084, "N_raw": 98, "N_roi": 98, "N_inlier": 96, "refit": true}
{"timestamp": "17:11:33.289255", "frame": 48, "mu": [-1.5267576121124653, 1.5346952627955894, 1.8486346153068616], "Sigma": [[0.052265454978160444, 0.039865425997684674, -0.03309201798850746], [0.039865425997684674, 0.04463260599499205, -0.0602880606656392], [-0.03309201798850746, -0.060288060665639194, 0.13161171370531746]], "chi2_level": 0.997, "chi2_df": 3, "chi2_threshold": 13.931422665512084, "N_raw": 58, "N_roi": 58, "N_inlier": 56, "refit": true}
{"timestamp": "17:11:33.349421", "frame": 49, "mu": [-1.5687198975659873, 1.6084126526218936, 0.5577356112278649], "Sigma": [[0.036038616462948925, 0.040870472083050634, 0.028035913929255685], [0.040870472083050634, 0.06005385849284507, 0.02272342882340612], [0.028035913929255682, 0.022723428823406125, 0.18139209951148114]], "chi2_level": 0.997, "chi2_df": 3, "chi2_threshold": 13.931422665512084, "N_raw": 94, "N_roi": 94, "N_inlier": 94, "refit": true}
{"timestamp": "17:11:33.398880", "frame": 50, "mu": [-1.6189318952680094, 1.7061267516830882, 1.7133658520699504], "Sigma": [[0.05295078149759856, 0.060209085167715864, -0.07690956617768455], [0.06020908516771586, 0.0750141359731571, -0.09334812803809148], [-0.07690956617768455, -0.09334812803809148, 0.15746016675388186]], "chi2_level": 0.997, "chi2_df": 3, "chi2_threshold": 13.931422665512084, "N_raw": 55, "N_roi": 55, "N_inlier": 52, "refit": true}
{"timestamp": "17:11:33.456760", "frame": 51, "mu": [-1.4231899798505334, 1.9321034443197953, 0.1402193161460218], "Sigma": [[0.006877084329066123, 0.003011979439546701, -0.0020311376291623257], [0.0030119794395467017, 0.016434448963610737, -0.009687872450396404], [-0.0020311376291623252, -0.009687872450396404, 0.0157441542987187]], "chi2_level": 0.997, "chi2_df": 3, "chi2_threshold": 13.931422665512084, "N_raw": 67, "N_roi": 67, "N_inlier": 64, "refit": true}
{"timestamp": "17:11:33.505124", "frame": 52, "mu": [-1.4667269280395208, 1.9463848811771913, 1.3755951149007943], "Sigma": [[0.0042151475247314526, 0.00014262098281655764, 0.00893612282580599], [0.00014262098281655778, 0.00650964003438679, -0.028471739638568142], [0.008936122825805993, -0.02847173963856814, 0.2555855056091018]], "chi2_level": 0.997, "chi2_df": 3, "chi2_threshold": 13.931422665512084, "N_raw": 31, "N_roi": 29, "N_inlier": 28, "refit": true}
{"timestamp": "17:11:33.564183", "frame": 53, "mu": [-1.480006904496306, 1.9927327650220292, 1.5925202658665418], "Sigma": [[0.008383532627326412, 0.00199493373692808, -0.000997889339373905], [0.00199493373692808, 0.007963969112960887, -0.010219925723452112], [-0.000997889339373905, -0.010219925723452112, 0.033546660475593015]], "chi2_level": 0.997, "chi2_df": 3, "chi2_threshold": 13.931422665512084, "N_raw": 63, "N_roi": 62, "N_inlier": 57, "refit": true}
{"timestamp": "17:11:33.620114", "frame": 54, "mu": [-1.5230716958963297, 2.0719448754716203, 1.5101022537092934], "Sigma": [[0.012076070389539187, -0.00022726772973503153, 0.003545103508827958], [-0.0002272677297350312, 0.011336050430843304, -0.03562965315430501], [0.003545103508827958, -0.03562965315430501, 0.1643114265927672]], "chi2_level": 0.997, "chi2_df": 3, "chi2_threshold": 13.931422665512084, "N_raw": 70, "N_roi": 70, "N_inlier": 69, "refit": true}
{"timestamp": "17:11:33.678099", "frame": 55, "mu": [-1.5583927070220196, 2.109922224533722, 1.3375174276668353], "Sigma": [[0.017643216841092414, -0.0008314986124990945, 0.03205157651261113], [-0.0008314986124990942, 0.010912973067321486, -0.033705341878137986], [0.03205157651261113, -0.033705341878137986, 0.23354839208692946]], "chi2_level": 0.997, "chi2_df": 3, "chi2_threshold": 13.931422665512084, "N_raw": 86, "N_roi": 86, "N_inlier": 85, "refit": true}
{"timestamp": "17:11:33.729564", "frame": 56, "mu": [-1.57739777727935, 2.237833889219773, 1.207175255260977], "Sigma": [[0.015735865146498593, -0.006261079799585265, 0.03412181929812316], [-0.0062610797995852644, 0.015016034672527297, -0.048677763840509605], [0.03412181929812316, -0.0486777638405096, 0.20489631477335132]], "chi2_level": 0.997, "chi2_df": 3, "chi2_threshold": 13.931422665512084, "N_raw": 62, "N_roi": 62, "N_inlier": 62, "refit": true}
{"timestamp": "17:11:33.780200", "frame": 57, "mu": [-1.541901709599245, 2.2153012237425926, 1.5106265367711786], "Sigma": [[0.0099081037746878, -0.0010200868226464968, 0.011448238258730623], [-0.0010200868226464973, 0.011400365490984785, -0.04058198587997777], [0.011448238258730623, -0.04058198587997777, 0.1709820748147123]], "chi2_level": 0.997, "chi2_df": 3, "chi2_threshold": 13.931422665512084, "N_raw": 29, "N_roi": 29, "N_inlier": 28, "refit": true}
{"timestamp": "17:11:33.832665", "frame": 58, "mu": [-1.5367017293220793, 2.3916364248577278, 1.006857650495291], "Sigma": [[0.010544122938297434, -0.012436358318992077, 0.033494384566248335], [-0.012436358318992077, 0.029443651354040867, -0.06589687802234698], [0.03349438456624834, -0.06589687802234699, 0.19456584232811372]], "chi2_level": 0.997, "chi2_df": 3, "chi2_threshold": 13.931422665512084, "N_raw": 10, "N_roi": 10, "N_inlier": 10, "refit": true}
{"timestamp": "17:11:33.887622", "frame": 59, "mu": [-1.4762584285146314, 2.338682398950434, 1.2369587736499266], "Sigma": [[0.036324315369162787, 0.01028119302840556, 0.06048099400082109], [0.01028119302840556, 0.007403139777093683, 0.002783761764801651], [0.06048099400082109, 0.002783761764801648, 0.1796410415525628]], "chi2_level": 0.997, "chi2_df": 3, "chi2_threshold": 13.931422665512084, "N_raw": 20, "N_roi": 19, "N_inlier": 18, "refit": true}
{"timestamp": "17:11:33.949608", "frame": 60, "mu": [-1.4666278989571646, 2.440183937656622, 1.3937930948839221], "Sigma": [[0.024580828651431165, 0.00390947487566953, 0.02213249614672029], [0.00390947487566953, 0.005531826231464741, -0.013766272233139504], [0.022132496146720294, -0.013766272233139506, 0.139642483108352]], "chi2_level": 0.997, "chi2_df": 3, "chi2_threshold": 13.931422665512084, "N_raw": 62, "N_roi": 61, "N_inlier": 60, "refit": true}
{"timestamp": "17:11:34.005365", "frame": 61, "mu": [-1.5894749416170564, 2.4894796059111135, 1.1645864243337771], "Sigma": [[0.04917065659688867, 0.0055968523913038325, 0.061073390725402375], [0.0055968523913038325, 0.006577224649615676, -0.005651038710309747], [0.06107339072540238, -0.005651038710309748, 0.1503010087035135]], "chi2_level": 0.997, "chi2_df": 3, "chi2_threshold": 13.931422665512084, "N_raw": 65, "N_roi": 64, "N_inlier": 64, "refit": true}
{"timestamp": "17:11:34.056110", "frame": 62, "mu": [-1.66781127515376, 2.5941039564780195, 0.9000517537070629], "Sigma": [[0.041481256707076725, 0.0048296051132485016, 0.041636406967310954], [0.0048296051132485016, 0.004155538744948571, -0.008126253969336958], [0.041636406967310954, -0.008126253969336958, 0.12205984038030113]], "chi2_level": 0.997, "chi2_df": 3, "chi2_threshold": 13.931422665512084, "N_raw": 33, "N_roi": 33, "N_inlier": 33, "refit": true}
{"timestamp": "17:11:34.113516", "frame": 63, "mu": [-1.6274703013451666, 2.8212721261805935, -0.246650954167163], "Sigma": [[0.042319228578020326, -0.01175970939331761, 0.0492004451028641], [-0.011759709393317611, 0.020374868696651307, -0.04280423767006447], [0.0492004451028641, -0.04280423767006447, 0.1138082004195119]], "chi2_level": 0.997, "chi2_df": 3, "chi2_threshold": 13.931422665512084, "N_raw": 55, "N_roi": 55, "N_inlier": 54, "refit": true}
{"timestamp": "17:11:34.166070", "frame": 64, "mu": [-1.4137918790325292, 2.765015976754877, -0.5502538867333615], "Sigma": [[0.013887190316104846, 0.00023537514458089968, 0.0299177201362331], [0.0002353751445808999, 0.01912859303013723, -0.011147568281220495], [0.029917720136233096, -0.011147568281220495, 0.12047580906628444]], "chi2_level": 0.997, "chi2_df": 3, "chi2_threshold": 13.931422665512084, "N_raw": 33, "N_roi": 33, "N_inlier": 32, "refit": true}
{"timestamp": "17:11:34.221173", "frame": 65, "mu": [-1.4238282044448893, 2.773964527888966, 1.059985680994067], "Sigma": [[0.007370255856271382, 0.00215890011830405, 0.00031882022560606686], [0.00215890011830405, 0.005047269919362097, -0.017163748267540073], [0.0003188202256060686, -0.017163748267540073, 0.3040853762198264]], "chi2_level": 0.997, "chi2_df": 3, "chi2_threshold": 13.931422665512084, "N_raw": 32, "N_roi": 32, "N_inlier": 30, "refit": true}
{"timestamp": "17:11:34.274803", "frame": 66, "mu": [-1.3628511222315771, 2.9416699035366145, 0.46466018221553307], "Sigma": [[0.009079349006674415, -0.004377324435505484, 0.01099231424245977], [-0.004377324435505484, 0.008893880701204674, -0.034917299894256515], [0.01099231424245977, -0.034917299894256515, 0.3456711529294038]], "chi2_level": 0.997, "chi2_df": 3, "chi2_threshold": 13.931422665512084, "N_raw": 26, "N_roi": 26, "N_inlier": 26, "refit": true}
{"timestamp": "17:11:34.331477", "frame": 67, "mu": [-1.3906315934313436, 2.864901169889007, 0.8307589148199496], "Sigma": [[0.012853464295639033, 0.0050648203548110775, 0.015158498986643391], [0.0050648203548110775, 0.0043782814005075615, 0.014222642554403007], [0.015158498986643393, 0.014222642554403007, 0.12003005466376072]], "chi2_level": 0.997, "chi2_df": 3, "chi2_threshold": 13.931422665512084, "N_raw": 42, "N_roi": 40, "N_inlier": 39, "refit": true}
{"timestamp": "17:11:34.386144", "frame": 68, "mu": [-1.3861243752731056, 2.943612561288672, 1.326446537771298], "Sigma": [[0.017258359061069033, -0.0038190352469229605, 0.009569362352846132], [-0.003819035246922961, 0.009306838319138236, -0.014041456720452145], [0.009569362352846134, -0.014041456720452147, 0.048987874090678146]], "chi2_level": 0.997, "chi2_df": 3, "chi2_threshold": 13.931422665512084, "N_raw": 44, "N_roi": 44, "N_inlier": 43, "refit": true}
{"timestamp": "17:11:34.440803", "frame": 69, "mu": [-1.361548161013892, 3.022117830449943, 1.2952963724120754], "Sigma": [[0.008507594951726295, -0.0015050586872667364, 0.017421674583957034], [-0.0015050586872667367, 0.01031981925991511, -0.023559418126716455], [0.017421674583957034, -0.02355941812671646, 0.15159726443845933]], "chi2_level": 0.997, "chi2_df": 3, "chi2_threshold": 13.931422665512084, "N_raw": 39, "N_roi": 39, "N_inlier": 38, "refit": true}
{"timestamp": "17:11:34.497402", "frame": 70, "mu": [-1.3737723074886965, 3.0740292393364124, 0.9961896260498276], "Sigma": [[0.013350495979793365, 0.00543313370538324, 0.01714132539309454], [0.00543313370538324, 0.010507904212883378, 0.0007946769058672718], [0.01714132539309454, 0.0007946769058672723, 0.14579037036353099]], "chi2_level": 0.997, "chi2_df": 3, "chi2_threshold": 13.931422665512084, "N_raw": 48, "N_roi": 46, "N_inlier": 46, "refit": true}
{"timestamp": "17:11:34.555239", "frame": 71, "mu": [-1.2645198810781346, 3.15287328697899, 1.2534850952704792], "Sigma": [[0.011894479917134186, -1.6786340691117053e-05, 0.0009164588115378632], [-1.678634069111716e-05, 0.012648805161204072, -0.04827784126632759], [0.0009164588115378627, -0.04827784126632759, 0.20490185915729883]], "chi2_level": 0.997, "chi2_df": 3, "chi2_threshold": 13.931422665512084, "N_raw": 65, "N_roi": 65, "N_inlier": 65, "refit": true}
{"timestamp": "17:11:34.601448", "frame": 72, "mu": [-1.2335468076824048, 3.2072675707329705, 1.1728331481830314], "Sigma": [[0.010102608200558904, -0.006488096429916913, 0.031502660063802874], [-0.006488096429916913, 0.006154198891957774, -0.023975474227581756], [0.031502660063802874, -0.023975474227581756, 0.1136731770300309]], "chi2_level": 0.997, "chi2_df": 3, "chi2_threshold": 13.931422665512084, "N_raw": 9, "N_roi": 9, "N_inlier": 9, "refit": true}
{"timestamp": "17:11:34.656720", "frame": 73, "mu": [-1.2610809078712533, 3.2666108017842843, 0.8295464648321871], "Sigma": [[0.017993402282323132, -0.007063620464668588, 0.054579006582470335], [-0.007063620464668588, 0.006412524544869961, -0.0269799563263174], [0.054579006582470335, -0.026979956326317403, 0.31189054800789495]], "chi2_level": 0.997, "chi2_df": 3, "chi2_threshold": 13.931422665512084, "N_raw": 13, "N_roi": 13, "N_inlier": 13, "refit": true}
{"timestamp": "17:11:34.712016", "frame": 74, "mu": [-1.245768302419832, 3.376147349125705, 0.6690789216167278], "Sigma": [[0.01612190074592197, -0.009504765145427333, 0.05259676826184857], [-0.009504765145427333, 0.011393482234882943, -0.051117384614639216], [0.05259676826184857, -0.051117384614639216, 0.25030970279005016]], "chi2_level": 0.997, "chi2_df": 3, "chi2_threshold": 13.931422665512084, "N_raw": 15, "N_roi": 15, "N_inlier": 15, "refit": true}
{"timestamp": "17:11:34.769971", "frame": 75, "mu": [-1.1543948453520847, 3.5224222560663856, 0.7680709618114112], "Sigma": [[0.008533651617337212, -0.002853294249538514, 0.01237756712837307], [-0.0028532942495385146, 0.039063572367990865, -0.06303230444189414], [0.012377567128373072, -0.06303230444189414, 0.12900574813864968]], "chi2_level": 0.997, "chi2_df": 3, "chi2_threshold": 13.931422665512084, "N_raw": 34, "N_roi": 34, "N_inlier": 34, "refit": true}
{"timestamp": "17:11:34.824642", "frame": 76, "mu": [-1.0741799651380026, 3.4336312323447986, 0.24827573797221836], "Sigma": [[0.011003629054934794, 0.003304364005594173, -0.009614240751644555], [0.0033043640055941733, 0.03125518217946239, -0.06959144813052165], [-0.009614240751644555, -0.06959144813052165, 0.16336974055486694]], "chi2_level": 0.997, "chi2_df": 3, "chi2_threshold": 13.931422665512084, "N_raw": 28, "N_roi": 28, "N_inlier": 28, "refit": true}
{"timestamp": "17:11:34.890803", "frame": 77, "mu": [-1.0669503799862239, 3.4308113252808425, -0.08349796338022972], "Sigma": [[0.03285177908153783, -0.007066533372187031, 0.1638356946989387], [-0.007066533372187031, 0.02020863607161689, -0.039908849129295806], [0.1638356946989387, -0.039908849129295806, 1.0575122634588172]], "chi2_level": 0.997, "chi2_df": 3, "chi2_threshold": 13.931422665512084, "N_raw": 107, "N_roi": 107, "N_inlier": 107, "refit": true}
{"timestamp": "17:11:34.938045", "frame": 78, "mu": [-0.8862487958796218, 3.429237167083619, 1.4033838028206829], "Sigma": [[0.01862197560934025, -0.0029871580334916857, 0.01361728998669048], [-0.002987158033491686, 0.008922798299551678, -0.01974078382961931], [0.01361728998669048, -0.01974078382961931, 0.1010706809495342]], "chi2_level": 0.997, "chi2_df": 3, "chi2_threshold": 13.931422665512084, "N_raw": 49, "N_roi": 47, "N_inlier": 46, "refit": true}
{"timestamp": "17:11:34.993291", "frame": 79, "mu": [-0.9160426395812321, 3.5102473434177788, 1.0739417970243712], "Sigma": [[0.018736028467714813, -0.01065648229121535, 0.043270233731237416], [-0.010656482291215352, 0.01823040287431129, -0.06487188738610095], [0.043270233731237416, -0.06487188738610095, 0.25030562813260493]], "chi2_level": 0.997, "chi2_df": 3, "chi2_threshold": 13.931422665512084, "N_raw": 56, "N_roi": 53, "N_inlier": 53, "refit": true}
{"timestamp": "17:11:35.050053", "frame": 80, "mu": [-0.8490989490648765, 3.555416884451213, 1.027875907287655], "Sigma": [[0.026660418181843802, -0.012145671299410812, 0.05731337030265021], [-0.012145671299410812, 0.015286943698089509, -0.06490188727174306], [0.05731337030265021, -0.06490188727174306, 0.32217037691273304]], "chi2_level": 0.997, "chi2_df": 3, "chi2_threshold": 13.931422665512084, "N_raw": 71, "N_roi": 66, "N_inlier": 66, "refit": true}
{"timestamp": "17:11:35.100195", "frame": 81, "mu": [-0.7536488002060233, 3.52304285228566, 1.2787508512791266], "Sigma": [[0.009762071604505944, -0.005494964795068309, 0.010732972333556386], [-0.005494964795068308, 0.013635719950403519, -0.04028667967639103], [0.010732972333556386, -0.040286679676391025, 0.158894759099547]], "chi2_level": 0.997, "chi2_df": 3, "chi2_threshold": 13.931422665512084, "N_raw": 37, "N_roi": 35, "N_inlier": 35, "refit": true}
{"timestamp": "17:11:35.155859", "frame": 82, "mu": [-0.6843367377236744, 3.6314237328815846, 1.089345322981487], "Sigma": [[0.006360333683114363, -0.0023470119597219135, 0.005631131882197703], [-0.0023470119597219135, 0.029574897753856758, -0.08151053504026429], [0.005631131882197703, -0.08151053504026429, 0.23830762412914047]], "chi2_level": 0.997, "chi2_df": 3, "chi2_threshold": 13.931422665512084, "N_raw": 44, "N_roi": 41, "N_inlier": 41, "refit": true}
{"timestamp": "17:11:35.207845", "frame": 83, "mu": [-0.6582179951841751, 3.607632102579789, 1.2117213954721784], "Sigma": [[0.006331447199569986, -0.007314503254613393, 0.032213368372731796], [-0.007314503254613393, 0.021987667093871975, -0.07814279193193421], [0.032213368372731796, -0.07814279193193421, 0.4357177264739994]], "chi2_level": 0.997, "chi2_df": 3, "chi2_threshold": 13.931422665512084, "N_raw": 18, "N_roi": 18, "N_inlier": 17, "refit": true}
{"timestamp": "17:11:35.267981", "frame": 84, "mu": [-0.6324906459083414, 3.6102209603324393, 1.5002504464607684], "Sigma": [[0.020038746153773674, 0.0016101073909334854, 0.008926834165401428], [0.0016101073909334854, 0.003625194696029813, -0.005659764232579606], [0.008926834165401427, -0.005659764232579606, 0.027791922277677416]], "chi2_level": 0.997, "chi2_df": 3, "chi2_threshold": 13.931422665512084, "N_raw": 60, "N_roi": 60, "N_inlier": 57, "refit": true}
{"timestamp": "17:11:35.328070", "frame": 85, "mu": [-0.5510768640807139, 3.6202017854741384, 1.3407925386385022], "Sigma": [[0.01641532282566106, -0.00023542440687723354, 0.008660346399969907], [-0.0002354244068772336, 0.010775954921639292, -0.011856420968489862], [0.008660346399969905, -0.011856420968489864, 0.3832227841362071]], "chi2_level": 0.997, "chi2_df": 3, "chi2_threshold": 13.931422665512084, "N_raw": 94, "N_roi": 73, "N_inlier": 73, "refit": true}
{"timestamp": "17:11:35.380673", "frame": 86, "mu": [-0.49387769851636754, 3.709082309036879, 1.3323195701024257], "Sigma": [[0.02144981997720951, -0.0006823182666395586, 3.0121079443899516e-05], [-0.0006823182666395591, 0.006337907187710316, -0.010650788234769165], [3.0121079443899516e-05, -0.010650788234769165, 0.03291379860547114]], "chi2_level": 0.997, "chi2_df": 3, "chi2_threshold": 13.931422665512084, "N_raw": 66, "N_roi": 58, "N_inlier": 54, "refit": true}
