{"timestamp": "16:51:20.374070", "frame": 1, "mu": [0.9801916953990077, 1.30032105824896, -0.33942150422941647], "Sigma": [[0.0062006676458591465, 0.0017845034514447802, 0.004042527850818786], [0.0017845034514447802, 0.003869612700721568, 0.0007140393316928324], [0.004042527850818786, 0.0007140393316928325, 0.014546713145784708]], "chi2_level": 0.997, "chi2_df": 3, "chi2_threshold": 13.931422665512084, "N_raw": 48, "N_roi": 48, "N_inlier": 45, "refit": true}
{"timestamp": "16:51:20.428831", "frame": 2, "mu": [0.9125526303992727, 1.275926284530145, 1.6086585828195576], "Sigma": [[0.0028517412467760767, 8.9715050193359e-07, -0.0005178458868139982], [8.971505019336984e-07, 0.0035244357717351136, 0.0013277227229079134], [-0.0005178458868139982, 0.0013277227229079134, 0.0007737775210544555]], "chi2_level": 0.997, "chi2_df": 3, "chi2_threshold": 13.931422665512084, "N_raw": 24, "N_roi": 24, "N_inlier": 22, "refit": true}
{"timestamp": "16:51:20.483528", "frame": 3, "mu": [0.9271594986999913, 1.2414795944729282, 1.3520774062901788], "Sigma": [[0.006183407479203201, -0.004498800907502673, -0.03405866272897151], [-0.004498800907502673, 0.007757010392831505, 0.044415396225277334], [-0.03405866272897152, 0.044415396225277334, 0.3362016087253736]], "chi2_level": 0.997, "chi2_df": 3, "chi2_threshold": 13.931422665512084, "N_raw": 24, "N_roi": 24, "N_inlier": 22, "refit": true}
{"timestamp": "16:51:20.541424", "frame": 4, "mu": [0.8948119407112649, 1.2890659152235973, 1.602537243634774], "Sigma": [[0.003961580376378964, 0.0006824308446974136, -0.000662037821849171], [0.0006824308446974136, 0.00598840190955494, 0.0010623100961416648], [-0.000662037821849171, 0.0010623100961416648, 0.0007222520821290523]], "chi2_level": 0.997, "chi2_df": 3, "chi2_threshold": 13.931422665512084, "N_raw": 45, "N_roi": 45, "N_inlier": 43, "refit": true}
{"timestamp": "16:51:20.597912", "frame": 5, "mu": [0.8721779891870545, 1.266681596105684, 1.5160912599589556], "Sigma": [[0.004162537857377131, -0.0009574337071094449, -0.003306758241358534], [-0.0009574337071094449, 0.007520307158279558, 0.0018709992155139829], [-0.0033067582413585346, 0.001870999215513983, 0.003276241812533744]], "chi2_level": 0.997, "chi2_df": 3, "chi2_threshold": 13.931422665512084, "N_raw": 52, "N_roi": 52, "N_inlier": 48, "refit": true}
{"timestamp": "16:51:20.651763", "frame": 6, "mu": [0.8732409059516828, 1.366269698022954, -0.39202830272057015], "Sigma": [[0.004576866015058939, 0.001462585290137203, -0.01666592249124276], [0.001462585290137203, 0.008547259255565312, -0.022512639268543112], [-0.01666592249124276, -0.022512639268543112, 0.1290521604295761]], "chi2_level": 0.997, "chi2_df": 3, "chi2_threshold": 13.931422665512084, "N_raw": 56, "N_roi": 56, "N_inlier": 55, "refit": true}
{"timestamp": "16:51:20.703486", "frame": 7, "mu": [0.8366044030843114, 1.2680834656524955, 1.10935096606363], "Sigma": [[0.0032625537134288816, 0.0006187181516845084, 0.003637605510791959], [0.0006187181516845083, 0.004923243605629865, 0.01601959249765568], [0.0036376055107919586, 0.01601959249765568, 0.21214212823634018]], "chi2_level": 0.997, "chi2_df": 3, "chi2_threshold": 13.931422665512084, "N_raw": 26, "N_roi": 26, "N_inlier": 26, "refit": true}
{"timestamp": "16:51:20.762557", "frame": 8, "mu": [0.7838642738475448, 1.2903939407338425, 1.5232036329978873], "Sigma": [[0.004913271343319225, -0.0033456195763943756, -0.004740055755014504], [-0.003345619576394376, 0.0089753597419315, 0.004878470306550919], [-0.004740055755014504, 0.004878470306550919, 0.005371127133968164]], "chi2_level": 0.997, "chi2_df": 3, "chi2_threshold": 13.931422665512084, "N_raw": 53, "N_roi": 53, "N_inlier": 51, "refit": true}
{"timestamp": "16:51:20.819358", "frame": 9, "mu": [0.7345785262363497, 1.2702955061571988, 1.501624723179453], "Sigma": [[0.005762805160351765, -0.0026555510369003577, -0.005393709265287092], [-0.0026555510369003577, 0.006228357702063988, 0.0012295526243666006], [-0.005393709265287092, 0.0012295526243666006, 0.005865473950923302]], "chi2_level": 0.997, "chi2_df": 3, "chi2_threshold": 13.931422665512084, "N_raw": 63, "N_roi": 63, "N_inlier": 61, "refit": true}
{"timestamp": "16:51:20.875277", "frame": 10, "mu": [0.7225367575764201, 1.2674385610423407, 1.5144740313700793], "Sigma": [[0.00754971456426451, -0.001195214895434913, -0.006574616328005922], [-0.001195214895434913, 0.00561321596103891, 0.0006640883397890378], [-0.006574616328005922, 0.0006640883397890377, 0.006770816462829811]], "chi2_level": 0.997, "chi2_df": 3, "chi2_threshold": 13.931422665512084, "N_raw": 74, "N_roi": 74, "N_inlier": 71, "refit": true}
{"timestamp": "16:51:20.930820", "frame": 11, "mu": [0.6654003488383526, 1.2589453417501706, 1.39336603026576], "Sigma": [[0.006183513580893707, -0.002768982859440417, 0.003667191542081354], [-0.002768982859440417, 0.00893630333832286, -0.017324514217516802], [0.003667191542081354, -0.017324514217516802, 0.11749910964052362]], "chi2_level": 0.997, "chi2_df": 3, "chi2_threshold": 13.931422665512084, "N_raw": 80, "N_roi": 80, "N_inlier": 80, "refit": true}
{"timestamp": "16:51:20.993252", "frame": 12, "mu": [0.6371433547434432, 1.2431207607441705, 0.12080807673230604], "Sigma": [[0.009244476391792242, -0.00700883860338168, 0.07485906578397003], [-0.0070088386033816796, 0.012316070632474386, -0.05605703528143813], [0.07485906578397003, -0.05605703528143813, 1.4362182602719402]], "chi2_level": 0.997, "chi2_df": 3, "chi2_threshold": 13.931422665512084, "N_raw": 133, "N_roi": 133, "N_inlier": 132, "refit": true}
{"timestamp": "16:51:21.043888", "frame": 13, "mu": [0.5581828180443378, 1.2038836314929622, 0.9226330593652167], "Sigma": [[0.012255994164251365, -0.007639691687443724, 0.023367265551704958], [-0.007639691687443724, 0.0144942960630301, 0.0062254831508537275], [0.023367265551704958, 0.006225483150853726, 0.2818312646321105]], "chi2_level": 0.997, "chi2_df": 3, "chi2_threshold": 13.931422665512084, "N_raw": 93, "N_roi": 93, "N_inlier": 93, "refit": true}
{"timestamp": "16:51:21.095284", "frame": 14, "mu": [0.5620685144666009, 1.4812616761367197, -1.3850453879433415], "Sigma": [[0.03439029834230334, 0.007200300621243492, -0.021661197675141304], [0.007200300621243493, 0.019186326334575756, -0.08283022789592634], [-0.02166119767514131, -0.08283022789592634, 0.46332509860035703]], "chi2_level": 0.997, "chi2_df": 3, "chi2_threshold": 13.931422665512084, "N_raw": 64, "N_roi": 64, "N_inlier": 63, "refit": true}
{"timestamp": "16:51:21.150920", "frame": 15, "mu": [0.5627544747712655, 1.2045054591075957, 1.3231658362862566], "Sigma": [[0.009459047576228568, -0.004036004440567713, 0.002610839879278493], [-0.004036004440567712, 0.006993365683688591, -0.00824159707144443], [0.002610839879278493, -0.00824159707144443, 0.13656575198652668]], "chi2_level": 0.997, "chi2_df": 3, "chi2_threshold": 13.931422665512084, "N_raw": 71, "N_roi": 71, "N_inlier": 68, "refit": true}
{"timestamp": "16:51:21.208508", "frame": 16, "mu": [0.47757456663679404, 1.1992135686294263, 1.3846983997906737], "Sigma": [[0.004211186128364008, -0.0003849990284510232, -0.008188877882255464], [-0.0003849990284510233, 0.007940121107541368, -0.001769483207000282], [-0.008188877882255464, -0.0017694832070002822, 0.03970674148787046]], "chi2_level": 0.997, "chi2_df": 3, "chi2_threshold": 13.931422665512084, "N_raw": 94, "N_roi": 94, "N_inlier": 87, "refit": true}
{"timestamp": "16:51:21.265614", "frame": 17, "mu": [0.4537104987395161, 1.2014639180306805, 1.3943042548981968], "Sigma": [[0.0047032254536463385, -0.0017826373135906178, 0.00022063653476662548], [-0.0017826373135906178, 0.005582215997676109, -0.008597216063546685], [0.0002206365347666259, -0.008597216063546685, 0.02198652166787163]], "chi2_level": 0.997, "chi2_df": 3, "chi2_threshold": 13.931422665512084, "N_raw": 107, "N_roi": 107, "N_inlier": 99, "refit": true}
{"timestamp": "16:51:21.317808", "frame": 18, "mu": [0.38164950075302845, 1.2773160280135556, -0.48218460646026723], "Sigma": [[0.0038509238819180902, 0.0009292024057453567, -0.007668026672055602], [0.0009292024057453565, 0.005992779504051718, -0.020921194061441092], [-0.007668026672055601, -0.020921194061441092, 0.13595566968654582]], "chi2_level": 0.997, "chi2_df": 3, "chi2_threshold": 13.931422665512084, "N_raw": 86, "N_roi": 86, "N_inlier": 84, "refit": true}
{"timestamp": "16:51:21.375237", "frame": 19, "mu": [0.3415032635119857, 1.16095633981941, 1.421965938363877], "Sigma": [[0.00435776416778741, -0.0032261293997368165, -0.002714721205586661], [-0.003226129399736817, 0.008771031587470718, -0.0034839989646755125], [-0.002714721205586661, -0.0034839989646755125, 0.017727615743152014]], "chi2_level": 0.997, "chi2_df": 3, "chi2_threshold": 13.931422665512084, "N_raw": 103, "N_roi": 103, "N_inlier": 97, "refit": true}
{"timestamp": "16:51:21.428808", "frame": 20, "mu": [0.31442795626538583, 1.1385615153538375, 1.489239972944781], "Sigma": [[0.004333315412374829, 0.0004274045542736587, -0.0032542115700688323], [0.0004274045542736587, 0.0037337196576343263, -0.005132517943242954], [-0.003254211570068832, -0.005132517943242952, 0.013039821755438684]], "chi2_level": 0.997, "chi2_df": 3, "chi2_threshold": 13.931422665512084, "N_raw": 94, "N_roi": 94, "N_inlier": 90, "refit": true}
{"timestamp": "16:51:21.480376", "frame": 21, "mu": [0.25125089543287127, 1.1238694595865515, 1.5610018143491278], "Sigma": [[0.0028684168891057503, 2.8520298879551484e-05, 0.0006868639810186678], [2.8520298879551646e-05, 0.0034398966205056477, -0.0026669591622276944], [0.0006868639810186679, -0.0026669591622276944, 0.003847045712451421]], "chi2_level": 0.997, "chi2_df": 3, "chi2_threshold": 13.931422665512084, "N_raw": 64, "N_roi": 62, "N_inlier": 60, "refit": true}
{"timestamp": "16:51:21.539498", "frame": 22, "mu": [0.20202605102024554, 1.157886090225475, 1.5307689606858437], "Sigma": [[0.005697841334430269, -0.0011612701408485631, -0.0038517570090151063], [-0.0011612701408485631, 0.005185789183266791, -0.002298730045660998], [-0.0038517570090151067, -0.0022987300456609986, 0.005315106497322906]], "chi2_level": 0.997, "chi2_df": 3, "chi2_threshold": 13.931422665512084, "N_raw": 103, "N_roi": 101, "N_inlier": 98, "refit": true}
{"timestamp": "16:51:21.586569", "frame": 23, "mu": [0.17794649568994572, 1.1656040723044292, 1.5790817496416991], "Sigma": [[0.0016656959638152375, 0.0001666232161509903, -0.0003302554928435236], [0.0001666232161509902, 0.0038366677411265622, 0.0011310334724999706], [-0.0003302554928435236, 0.0011310334724999706, 0.006454484503667212]], "chi2_level": 0.997, "chi2_df": 3, "chi2_threshold": 13.931422665512084, "N_raw": 41, "N_roi": 38, "N_inlier": 35, "refit": true}
{"timestamp": "16:51:21.637767", "frame": 24, "mu": [0.04728274640979814, 1.1223738729337083, 0.5147399547472953], "Sigma": [[0.004502404107311316, -0.0033041139611203374, 0.03422155410133927], [-0.0033041139611203383, 0.01182332696290771, -0.013887282785084054], [0.03422155410133927, -0.013887282785084052, 0.5805440450694962]], "chi2_level": 0.997, "chi2_df": 3, "chi2_threshold": 13.931422665512084, "N_raw": 15, "N_roi": 15, "N_inlier": 15, "refit": true}
{"timestamp": "16:51:21.695968", "frame": 25, "mu": [0.07087226156409138, 1.230449628554101, 1.530595940637713], "Sigma": [[0.002280302997167201, 4.80961269221577e-05, -0.001537819223329586], [4.809612692215774e-05, 0.0009597027674770536, -0.001882910903375672], [-0.001537819223329586, -0.0018829109033756718, 0.004967213634656623]], "chi2_level": 0.997, "chi2_df": 3, "chi2_threshold": 13.931422665512084, "N_raw": 46, "N_roi": 44, "N_inlier": 37, "refit": true}
{"timestamp": "16:51:21.747362", "frame": 26, "mu": [0.02926457375133904, 1.1246918024411827, 1.0694055127597284], "Sigma": [[0.0036681472500933415, -0.00601157589925632, -0.0359959755157116], [-0.00601157589925632, 0.025468789804359807, 0.0436270814814837], [-0.0359959755157116, 0.0436270814814837, 0.4902037564599809]], "chi2_level": 0.997, "chi2_df": 3, "chi2_threshold": 13.931422665512084, "N_raw": 15, "N_roi": 15, "N_inlier": 14, "refit": true}
{"timestamp": "16:51:21.809621", "frame": 27, "mu": [0.0009111201428202019, 1.158620433183986, 1.5109261839337533], "Sigma": [[0.0025228892902303818, 0.00044365514992599175, -0.0005668938106105487], [0.0004436551499259916, 0.018619163834975368, 0.010224332084872409], [-0.0005668938106105487, 0.01022433208487241, 0.01377465118041808]], "chi2_level": 0.997, "chi2_df": 3, "chi2_threshold": 13.931422665512084, "N_raw": 73, "N_roi": 73, "N_inlier": 70, "refit": true}
{"timestamp": "16:51:21.864218", "frame": 28, "mu": [-0.10259563157996751, 1.1896127033219825, 1.577671982787692], "Sigma": [[0.0028886619583871898, -0.001502596318137385, -0.0009977077932180256], [-0.001502596318137385, 0.004863107871819399, -0.002747315837488689], [-0.0009977077932180256, -0.0027473158374886884, 0.006024213681400384]], "chi2_level": 0.997, "chi2_df": 3, "chi2_threshold": 13.931422665512084, "N_raw": 68, "N_roi": 68, "N_inlier": 65, "refit": true}
{"timestamp": "16:51:21.921813", "frame": 29, "mu": [-0.12350193094746763, 1.2023675679018064, 1.5326511319460805], "Sigma": [[0.00298095303539742, -0.0005656366435666343, -0.0012026510257910478], [-0.0005656366435666343, 0.006619930194319699, -0.00408523420887191], [-0.0012026510257910478, -0.00408523420887191, 0.007908754515742408]], "chi2_level": 0.997, "chi2_df": 3, "chi2_threshold": 13.931422665512084, "N_raw": 81, "N_roi": 81, "N_inlier": 76, "refit": true}
{"timestamp": "16:51:21.979463", "frame": 30, "mu": [-0.16155499728438932, 1.11959256078093, 1.3286407057522718], "Sigma": [[0.00263031527232159, -0.0006549452714074416, 0.0011830146705349984], [-0.0006549452714074418, 0.009921430091515996, 0.00941079115329882], [0.0011830146705349984, 0.00941079115329882, 0.06392960524882613]], "chi2_level": 0.997, "chi2_df": 3, "chi2_threshold": 13.931422665512084, "N_raw": 104, "N_roi": 104, "N_inlier": 103, "refit": true}
{"timestamp": "16:51:22.030002", "frame": 31, "mu": [-0.20338808708723202, 1.1561591289415207, 1.4207418819325737], "Sigma": [[0.0029541478110680784, -0.003013630188475827, -0.0028707328864286535], [-0.0030136301884758276, 0.008646299163573774, 0.0009392179936257288], [-0.0028707328864286535, 0.0009392179936257288, 0.009203506101783046]], "chi2_level": 0.997, "chi2_df": 3, "chi2_threshold": 13.931422665512084, "N_raw": 68, "N_roi": 68, "N_inlier": 65, "refit": true}
{"timestamp": "16:51:22.082424", "frame": 32, "mu": [-0.24756122419000762, 1.1188884747976744, 1.5283908829118362], "Sigma": [[0.004007119676791842, -0.0038880256495097878, -0.003572028741566309], [-0.0038880256495097878, 0.0074892674011733185, 0.004380986392162171], [-0.003572028741566309, 0.004380986392162171, 0.0056276098456294055]], "chi2_level": 0.997, "chi2_df": 3, "chi2_threshold": 13.931422665512084, "N_raw": 53, "N_roi": 53, "N_inlier": 50, "refit": true}
{"timestamp": "16:51:22.140166", "frame": 33, "mu": [-0.28270073378588506, 1.250569768671801, -0.3763780749861838], "Sigma": [[0.004550900984305171, -0.0036134003471981636, 0.006819952918764953], [-0.003613400347198164, 0.01132307393889743, -0.010156422316952976], [0.006819952918764953, -0.010156422316952978, 0.05539647072877779]], "chi2_level": 0.997, "chi2_df": 3, "chi2_threshold": 13.931422665512084, "N_raw": 73, "N_roi": 73, "N_inlier": 69, "refit": true}
{"timestamp": "16:51:22.195418", "frame": 34, "mu": [-0.3304599863199924, 1.1551230069786658, 1.4571936492265851], "Sigma": [[0.004335504285803165, -0.0026899635957722823, -0.0007597648139253397], [-0.002689963595772282, 0.004650462612996637, -0.0027027245098171543], [-0.0007597648139253397, -0.0027027245098171543, 0.007401644752347229]], "chi2_level": 0.997, "chi2_df": 3, "chi2_threshold": 13.931422665512084, "N_raw": 74, "N_roi": 74, "N_inlier": 72, "refit": true}
{"timestamp": "16:51:22.250890", "frame": 35, "mu": [-0.3583356430792194, 1.093427803660276, 1.3536635248461821], "Sigma": [[0.003721439322507615, -0.0021360250481947136, -0.0005216612825841462], [-0.0021360250481947136, 0.006818530067812562, -0.0017514376327460246], [-0.0005216612825841461, -0.0017514376327460246, 0.0016908554485496907]], "chi2_level": 0.997, "chi2_df": 3, "chi2_threshold": 13.931422665512084, "N_raw": 73, "N_roi": 73, "N_inlier": 71, "refit": true}
{"timestamp": "16:51:22.305307", "frame": 36, "mu": [-0.41326261642077344, 1.1045864859520802, 1.2489200518262595], "Sigma": [[0.013674215316513394, -0.003737314122240548, 0.03527912084959922], [-0.003737314122240548, 0.008206228696477606, 0.0007199572534567567], [0.03527912084959922, 0.0007199572534567558, 0.1498657382511994]], "chi2_level": 0.997, "chi2_df": 3, "chi2_threshold": 13.931422665512084, "N_raw": 73, "N_roi": 73, "N_inlier": 72, "refit": true}
{"timestamp": "16:51:22.362460", "frame": 37, "mu": [-0.46170455027403023, 1.1037842945777376, 1.421587400443658], "Sigma": [[0.004682980454132224, -0.0018287252638514132, -0.002874964587930643], [-0.0018287252638514132, 0.006816050595259151, -0.002764012287790948], [-0.002874964587930643, -0.002764012287790948, 0.004528322331510288]], "chi2_level": 0.997, "chi2_df": 3, "chi2_threshold": 13.931422665512084, "N_raw": 88, "N_roi": 88, "N_inlier": 85, "refit": true}
{"timestamp": "16:51:22.412800", "frame": 38, "mu": [-0.5281644821988505, 1.1289162661134151, 1.545126296823602], "Sigma": [[0.0023528825746920294, -0.0006997189117824464, -0.0014760802355117163], [-0.0006997189117824464, 0.0024430715618661875, -0.0010310727826636531], [-0.0014760802355117163, -0.0010310727826636534, 0.00503936836287918]], "chi2_level": 0.997, "chi2_df": 3, "chi2_threshold": 13.931422665512084, "N_raw": 47, "N_roi": 43, "N_inlier": 40, "refit": true}
{"timestamp": "16:51:22.467006", "frame": 39, "mu": [-0.5986721387571469, 1.105460273159474, 1.5086773293825935], "Sigma": [[0.004516505232955406, -0.00013278552599591865, -0.015667311432800164], [-0.00013278552599591887, 0.004559083242714575, -0.002546791943185465], [-0.015667311432800164, -0.002546791943185467, 0.11272975521157517]], "chi2_level": 0.997, "chi2_df": 3, "chi2_threshold": 13.931422665512084, "N_raw": 49, "N_roi": 49, "N_inlier": 47, "refit": true}
{"timestamp": "16:51:22.531279", "frame": 40, "mu": [-0.6096687162025292, 1.1074513098221497, 1.321329880062014], "Sigma": [[0.005570246332746954, -0.0013603537229773073, -0.020278600002730823], [-0.0013603537229773073, 0.0056122819956719696, -0.0037472556509089263], [-0.020278600002730823, -0.0037472556509089263, 0.24369170216265915]], "chi2_level": 0.997, "chi2_df": 3, "chi2_threshold": 13.931422665512084, "N_raw": 98, "N_roi": 98, "N_inlier": 98, "refit": true}
{"timestamp": "16:51:22.581092", "frame": 41, "mu": [-0.697176450205745, 1.0738912808393821, 1.5077582811146202], "Sigma": [[0.005854839999622171, -0.004107690320999095, -0.017380421262025502], [-0.004107690320999095, 0.008091725610132204, 0.01948636078203706], [-0.017380421262025506, 0.01948636078203706, 0.10610636500211947]], "chi2_level": 0.997, "chi2_df": 3, "chi2_threshold": 13.931422665512084, "N_raw": 76, "N_roi": 76, "N_inlier": 69, "refit": true}
{"timestamp": "16:51:22.636567", "frame": 42, "mu": [-0.7647233012635448, 1.04001277764277, 1.593785664987011], "Sigma": [[0.01495203507320589, 0.006335868852888626, -0.01607284302350423], [0.006335868852888626, 0.012664121846828384, -0.004282954719972426], [-0.016072843023504226, -0.004282954719972426, 0.028709815769890595]], "chi2_level": 0.997, "chi2_df": 3, "chi2_threshold": 13.931422665512084, "N_raw": 73, "N_roi": 73, "N_inlier": 69, "refit": true}
{"timestamp": "16:51:22.695315", "frame": 43, "mu": [-0.8675147744477829, 0.9584516222103509, 1.5904561773813317], "Sigma": [[0.02148316346722861, 0.01358900361924284, -0.006065306817853833], [0.01358900361924284, 0.023617713591848298, 0.0033778384795520987], [-0.006065306817853833, 0.0033778384795520987, 0.012125736358894077]], "chi2_level": 0.997, "chi2_df": 3, "chi2_threshold": 13.931422665512084, "N_raw": 82, "N_roi": 80, "N_inlier": 79, "refit": true}
{"timestamp": "16:51:22.750149", "frame": 44, "mu": [-0.8392263621191702, 0.9799266865373375, 1.4109255804452667], "Sigma": [[0.019694802643799296, 0.00814359650450783, -0.03149127596502717], [0.00814359650450783, 0.026003430242996332, 0.0015229006139452213], [-0.03149127596502717, 0.0015229006139452213, 0.09198538965321977]], "chi2_level": 0.997, "chi2_df": 3, "chi2_threshold": 13.931422665512084, "N_raw": 100, "N_roi": 98, "N_inlier": 98, "refit": true}
{"timestamp": "16:51:22.805475", "frame": 45, "mu": [-0.9963190116214204, 0.9900181620046138, 1.6726199567321605], "Sigma": [[0.03145905612118774, 0.013357294610763144, -0.021623413394333237], [0.013357294610763144, 0.014716177724706457, -0.010294409945368638], [-0.021623413394333237, -0.010294409945368638, 0.019950722928269674]], "chi2_level": 0.997, "chi2_df": 3, "chi2_threshold": 13.931422665512084, "N_raw": 106, "N_roi": 106, "N_inlier": 103, "refit": true}
{"timestamp": "16:51:22.860046", "frame": 46, "mu": [-0.9970159009440259, 0.9888280606935095, 1.6344039142123727], "Sigma": [[0.018927853295518562, 0.009118751079667815, -0.014294320845168854], [0.009118751079667815, 0.018521568385127418, -0.00835069908638695], [-0.014294320845168853, -0.00835069908638695, 0.014497502773374442]], "chi2_level": 0.997, "chi2_df": 3, "chi2_threshold": 13.931422665512084, "N_raw": 105, "N_roi": 105, "N_inlier": 102, "refit": true}
{"timestamp": "16:51:22.918203", "frame": 47, "mu": [-1.014717479062913, 0.9899388956032975, 1.5411869536443359], "Sigma": [[0.02676759641227625, 0.01333314252241051, -0.039990788058015994], [0.01333314252241051, 0.020498804462816753, -0.017343353177959202], [-0.039990788058015994, -0.017343353177959202, 0.08531476294955875]], "chi2_level": 0.997, "chi2_df": 3, "chi2_threshold": 13.931422665512084, "N_raw": 120, "N_roi": 120, "N_inlier": 117, "refit": true}
{"timestamp": "16:51:22.975628", "frame": 48, "mu": [-1.1495903429589542, 0.9880521835629638, 1.7423113824583683], "Sigma": [[0.021428321868280226, 0.011158821887717543, -0.006995147215069179], [0.011158821887717543, 0.014081210019044155, -0.005426462792178637], [-0.00699514721506918, -0.005426462792178637, 0.0076436600440020815]], "chi2_level": 0.997, "chi2_df": 3, "chi2_threshold": 13.931422665512084, "N_raw": 112, "N_roi": 112, "N_inlier": 110, "refit": true}
{"timestamp": "16:51:23.031198", "frame": 49, "mu": [-1.1305450247856466, 1.0271681075182375, 1.6028775935937938], "Sigma": [[0.026304994891558454, 0.011430419330504912, -0.03395851156923162], [0.011430419330504912, 0.013122818443949802, -0.013058814279748178], [-0.03395851156923162, -0.013058814279748178, 0.12337811877187199]], "chi2_level": 0.997, "chi2_df": 3, "chi2_threshold": 13.931422665512084, "N_raw": 136, "N_roi": 136, "N_inlier": 136, "refit": true}
{"timestamp": "16:51:23.081990", "frame": 50, "mu": [-1.1940496416904816, 1.0343803015927993, 1.6624557027128464], "Sigma": [[0.021742071955812313, 0.012503273114501397, -0.010628902054830625], [0.012503273114501397, 0.014060424594863018, -0.008845233592057446], [-0.010628902054830625, -0.008845233592057446, 0.02861823155785407]], "chi2_level": 0.997, "chi2_df": 3, "chi2_threshold": 13.931422665512084, "N_raw": 112, "N_roi": 112, "N_inlier": 106, "refit": true}
{"timestamp": "16:51:23.136619", "frame": 51, "mu": [-1.198299338975638, 1.086308339413092, 1.5371551089748359], "Sigma": [[0.026622689994201785, 0.013594838398467018, -0.0655807984142582], [0.013594838398467016, 0.012315803844651986, -0.03217584950416073], [-0.0655807984142582, -0.03217584950416073, 0.32144168527968064]], "chi2_level": 0.997, "chi2_df": 3, "chi2_threshold": 13.931422665512084, "N_raw": 112, "N_roi": 112, "N_inlier": 110, "refit": true}
{"timestamp": "16:51:23.191507", "frame": 52, "mu": [-1.2464853304680172, 1.1005241305123143, 1.7221133719134736], "Sigma": [[0.02284240241773727, 0.010959733256974637, -0.01557753562923692], [0.010959733256974639, 0.012248850514268113, -0.01077772035881107], [-0.01557753562923692, -0.010777720358811072, 0.03396128931363242]], "chi2_level": 0.997, "chi2_df": 3, "chi2_threshold": 13.931422665512084, "N_raw": 111, "N_roi": 111, "N_inlier": 106, "refit": true}
{"timestamp": "16:51:23.245649", "frame": 53, "mu": [-1.2478328941024477, 1.0932370266987645, 1.591449063698323], "Sigma": [[0.056330175782970004, 0.0426342867495462, -0.040324270525212855], [0.042634286749546196, 0.03953897774524423, -0.03545824504879143], [-0.040324270525212855, -0.03545824504879143, 0.03351399262101562]], "chi2_level": 0.997, "chi2_df": 3, "chi2_threshold": 13.931422665512084, "N_raw": 99, "N_roi": 99, "N_inlier": 93, "refit": true}
{"timestamp": "16:51:23.302302", "frame": 54, "mu": [-1.3503821268211147, 1.0869886056426075, 1.5314885675593188], "Sigma": [[0.021383842634206937, 0.013771407510305807, -0.03329094091263123], [0.013771407510305807, 0.024298287614572332, -0.060124444964490674], [-0.033290940912631226, -0.060124444964490674, 0.24379898275658826]], "chi2_level": 0.997, "chi2_df": 3, "chi2_threshold": 13.931422665512084, "N_raw": 118, "N_roi": 118, "N_inlier": 115, "refit": true}
{"timestamp": "16:51:23.355964", "frame": 55, "mu": [-1.3494795222012665, 1.1110092598280252, 1.8224751880934376], "Sigma": [[0.03050079706127251, 0.018462075620624768, -0.009349153295827355], [0.018462075620624768, 0.018487752363751594, -0.01263516996927358], [-0.009349153295827355, -0.012635169969273578, 0.01605396226566541]], "chi2_level": 0.997, "chi2_df": 3, "chi2_threshold": 13.931422665512084, "N_raw": 105, "N_roi": 105, "N_inlier": 100, "refit": true}
{"timestamp": "16:51:23.405408", "frame": 56, "mu": [-1.4116604877358119, 1.1410741537739004, 0.018961020412209845], "Sigma": [[0.026649662970692253, 0.020661558232443908, -0.015061141770927343], [0.020661558232443908, 0.024947009379089523, -0.014604484793153861], [-0.015061141770927341, -0.014604484793153861, 0.013421048745553547]], "chi2_level": 0.997, "chi2_df": 3, "chi2_threshold": 13.931422665512084, "N_raw": 67, "N_roi": 67, "N_inlier": 64, "refit": true}
{"timestamp": "16:51:23.462999", "frame": 57, "mu": [-1.4056651041756811, 1.1650997638977794, 0.0678085742726076], "Sigma": [[0.02088502503033935, 0.014804062524902087, 0.00026948434743328826], [0.014804062524902085, 0.019484096993087556, -0.007444722913341336], [0.00026948434743328826, -0.007444722913341336, 0.01194700537589431]], "chi2_level": 0.997, "chi2_df": 3, "chi2_threshold": 13.931422665512084, "N_raw": 89, "N_roi": 89, "N_inlier": 85, "refit": true}
{"timestamp": "16:51:23.552317", "frame": 58, "mu": [-1.3393014851382514, 1.3025239842657472, -0.04253264839776321], "Sigma": [[0.027217854838499332, 0.020002151576412306, -0.013176736551688245], [0.020002151576412306, 0.022616836796664555, -0.0147656362708347], [-0.013176736551688245, -0.0147656362708347, 0.010979197471996653]], "chi2_level": 0.997, "chi2_df": 3, "chi2_threshold": 13.931422665512084, "N_raw": 102, "N_roi": 102, "N_inlier": 101, "refit": true}
{"timestamp": "16:51:23.577973", "frame": 59, "mu": [-1.2339521736518626, 1.3808466188172859, 1.3973647169223797], "Sigma": [[0.04311450957452326, 0.021420144366979556, -0.03650000175233381], [0.021420144366979556, 0.015330895552580307, -0.03301833671817725], [-0.03650000175233381, -0.03301833671817725, 0.09100441907965115]], "chi2_level": 0.997, "chi2_df": 3, "chi2_threshold": 13.931422665512084, "N_raw": 42, "N_roi": 42, "N_inlier": 40, "refit": true}
{"timestamp": "16:51:23.623795", "frame": 60, "mu": [-1.3376869024956313, 1.3537989419470473, 1.5612814409858968], "Sigma": [[0.04377807335282409, 0.02912516465003879, -0.058958926255228875], [0.02912516465003879, 0.025437776474182487, -0.047432568685204866], [-0.05895892625522887, -0.047432568685204866, 0.16519739532435027]], "chi2_level": 0.997, "chi2_df": 3, "chi2_threshold": 13.931422665512084, "N_raw": 70, "N_roi": 70, "N_inlier": 67, "refit": true}
{"timestamp": "16:51:23.680492", "frame": 61, "mu": [-1.3100840820455344, 1.4006131042112908, 1.5100814748453828], "Sigma": [[0.023346959291122973, 0.013623667942853607, -0.028977475608789466], [0.013623667942853607, 0.01582782643614171, -0.01690853152571596], [-0.028977475608789466, -0.01690853152571596, 0.07516575732963762]], "chi2_level": 0.997, "chi2_df": 3, "chi2_threshold": 13.931422665512084, "N_raw": 74, "N_roi": 74, "N_inlier": 73, "refit": true}
{"timestamp": "16:51:23.737778", "frame": 62, "mu": [-1.328114026991614, 1.451095846823958, 1.358894775583245], "Sigma": [[0.03930858547448185, 0.022116189600714643, -0.06279460633954617], [0.02211618960071464, 0.018961039259975172, -0.03340526545346635], [-0.06279460633954617, -0.03340526545346635, 0.19039178286543443]], "chi2_level": 0.997, "chi2_df": 3, "chi2_threshold": 13.931422665512084, "N_raw": 90, "N_roi": 90, "N_inlier": 88, "refit": true}
{"timestamp": "16:51:23.792981", "frame": 63, "mu": [-1.3371715411586702, 1.5253289768188236, 1.2875186893258002], "Sigma": [[0.028302005195963285, 0.01745503398754388, -0.07735068002773426], [0.017455033987543882, 0.016759444365527978, -0.04752027602757967], [-0.07735068002773426, -0.04752027602757966, 0.3716477257586295]], "chi2_level": 0.997, "chi2_df": 3, "chi2_threshold": 13.931422665512084, "N_raw": 92, "N_roi": 92, "N_inlier": 91, "refit": true}
{"timestamp": "16:51:23.846900", "frame": 64, "mu": [-1.5171195099119723, 1.4099493790280557, 1.6630039529179652], "Sigma": [[0.04925427143447879, 0.03787564320478845, -0.07849009357610146], [0.03787564320478845, 0.04022462599600124, -0.08242777460362152], [-0.07849009357610146, -0.08242777460362151, 0.21349644627144196]], "chi2_level": 0.997, "chi2_df": 3, "chi2_threshold": 13.931422665512084, "N_raw": 73, "N_roi": 73, "N_inlier": 71, "refit": true}
{"timestamp": "16:51:23.903182", "frame": 65, "mu": [-1.4501063789872128, 1.6741303697880845, -0.24518593803161376], "Sigma": [[0.047836143704254284, 0.0660741278213505, -0.10441047061517952], [0.0660741278213505, 0.11733267594144894, -0.20512508628215773], [-0.10441047061517952, -0.20512508628215773, 0.4115937916405301]], "chi2_level": 0.997, "chi2_df": 3, "chi2_threshold": 13.931422665512084, "N_raw": 91, "N_roi": 91, "N_inlier": 91, "refit": true}
{"timestamp": "16:51:23.954060", "frame": 66, "mu": [-1.4748932697305452, 1.537421152528737, 1.5821928145743318], "Sigma": [[0.05560488129112613, 0.031729419024982136, -0.04641837914132457], [0.031729419024982136, 0.02270569734400602, -0.03395714367670048], [-0.04641837914132457, -0.03395714367670048, 0.08111211307802757]], "chi2_level": 0.997, "chi2_df": 3, "chi2_threshold": 13.931422665512084, "N_raw": 62, "N_roi": 62, "N_inlier": 59, "refit": true}
{"timestamp": "16:51:24.002594", "frame": 67, "mu": [-1.5329697410129617, 1.5835854283715967, 1.4406933492048706], "Sigma": [[0.03495795941925489, 0.03628184338081193, -0.10364352866242359], [0.03628184338081193, 0.040078191692640625, -0.11206250236407564], [-0.1036435286624236, -0.11206250236407564, 0.5400444006871761]], "chi2_level": 0.997, "chi2_df": 3, "chi2_threshold": 13.931422665512084, "N_raw": 16, "N_roi": 16, "N_inlier": 16, "refit": true}
{"timestamp": "16:51:24.058181", "frame": 68, "mu": [-1.474948466536808, 1.654150585325981, 1.5091157144959944], "Sigma": [[0.04111778711857218, 0.02646410325993309, -0.03295656093100435], [0.02646410325993309, 0.022552403318830475, -0.04208328027545976], [-0.03295656093100435, -0.04208328027545976, 0.17037924429551293]], "chi2_level": 0.997, "chi2_df": 3, "chi2_threshold": 13.931422665512084, "N_raw": 30, "N_roi": 30, "N_inlier": 29, "refit": true}
{"timestamp": "16:51:24.115363", "frame": 69, "mu": [-1.7176717657419553, 1.5250192202686987, 1.7148892282007995], "Sigma": [[0.06678682722199845, 0.0629491668634686, -0.11680662132590688], [0.0629491668634686, 0.07236735241975864, -0.14821827530444803], [-0.11680662132590688, -0.14821827530444803, 0.395169011887344]], "chi2_level": 0.997, "chi2_df": 3, "chi2_threshold": 13.931422665512084, "N_raw": 40, "N_roi": 40, "N_inlier": 40, "refit": true}
{"timestamp": "16:51:24.171220", "frame": 70, "mu": [-1.3189403315688628, 1.7832894977960345, 1.2242890090635734], "Sigma": [[0.04477112640136002, 0.022894521104985625, -0.022158444794531516], [0.02289452110498563, 0.016621279830600653, -0.04134593442888628], [-0.022158444794531516, -0.04134593442888628, 0.4181624029791192]], "chi2_level": 0.997, "chi2_df": 3, "chi2_threshold": 13.931422665512084, "N_raw": 39, "N_roi": 37, "N_inlier": 37, "refit": true}
{"timestamp": "16:51:24.225582", "frame": 71, "mu": [-1.326637523229331, 2.098489965517006, -0.4222464636028946], "Sigma": [[0.009118196199994235, 0.0009070881717374185, 0.00014882873126573562], [0.0009070881717374185, 0.007335742205153859, -0.01719666481951778], [0.00014882873126573497, -0.01719666481951778, 0.0462819489793103]], "chi2_level": 0.997, "chi2_df": 3, "chi2_threshold": 13.931422665512084, "N_raw": 42, "N_roi": 42, "N_inlier": 39, "refit": true}
{"timestamp": "16:51:24.277456", "frame": 72, "mu": [-1.311452557528447, 2.0174382476840953, 1.016974300731126], "Sigma": [[0.0038526159026387383, -0.002244159962465967, 0.00778842639302307], [-0.002244159962465967, 0.005628763323404092, -0.024047716950260978], [0.00778842639302307, -0.024047716950260978, 0.32458643678995064]], "chi2_level": 0.997, "chi2_df": 3, "chi2_threshold": 13.931422665512084, "N_raw": 17, "N_roi": 17, "N_inlier": 17, "refit": true}
{"timestamp": "16:51:24.341285", "frame": 73, "mu": [-1.2375595240236015, 2.0176496197370692, 1.2430471695483516], "Sigma": [[0.010938042688155857, 0.0009439726634372589, 0.004010556639122678], [0.0009439726634372589, 0.002772915132761811, -0.005558057019615084], [0.004010556639122679, -0.005558057019615084, 0.06798485515422648]], "chi2_level": 0.997, "chi2_df": 3, "chi2_threshold": 13.931422665512084, "N_raw": 80, "N_roi": 80, "N_inlier": 77, "refit": true}
{"timestamp": "16:51:24.393132", "frame": 74, "mu": [-1.1931948524757294, 2.029949340248983, 1.2793171000268222], "Sigma": [[0.011907827893820909, -0.00105330699312527, 0.011236322457774804], [-0.00105330699312527, 0.004941945777081525, -0.005926491113335299], [0.011236322457774804, -0.005926491113335299, 0.03810042096250432]], "chi2_level": 0.997, "chi2_df": 3, "chi2_threshold": 13.931422665512084, "N_raw": 52, "N_roi": 52, "N_inlier": 48, "refit": true}
{"timestamp": "16:51:24.452329", "frame": 75, "mu": [-1.2884008715853432, 2.0943856861151517, 1.06960221430333], "Sigma": [[0.02055957249811364, -0.001977592290749393, 0.03383890179008234], [-0.001977592290749393, 0.0035767992450124395, -0.015581191590232149], [0.03383890179008234, -0.015581191590232149, 0.15152887967128856]], "chi2_level": 0.997, "chi2_df": 3, "chi2_threshold": 13.931422665512084, "N_raw": 79, "N_roi": 79, "N_inlier": 78, "refit": true}
{"timestamp": "16:51:24.503764", "frame": 76, "mu": [-1.2837758669726047, 2.3118430670563686, -0.33948976791679636], "Sigma": [[0.021032272029834972, -0.014257617044527705, 0.039367136170784224], [-0.014257617044527705, 0.0293508632685984, -0.06773160307263056], [0.039367136170784224, -0.06773160307263057, 0.17007496658612212]], "chi2_level": 0.997, "chi2_df": 3, "chi2_threshold": 13.931422665512084, "N_raw": 59, "N_roi": 59, "N_inlier": 58, "refit": true}
{"timestamp": "16:51:24.562832", "frame": 77, "mu": [-1.304014850527918, 2.16541918205388, 1.4871418675327581], "Sigma": [[0.023058566799442813, 0.008509255470314626, -0.02402408504309366], [0.008509255470314626, 0.010111810758539735, -0.015730453992117262], [-0.02402408504309366, -0.015730453992117262, 0.06951871214975808]], "chi2_level": 0.997, "chi2_df": 3, "chi2_threshold": 13.931422665512084, "N_raw": 90, "N_roi": 90, "N_inlier": 81, "refit": true}
{"timestamp": "16:51:24.614054", "frame": 78, "mu": [-1.2795165343763406, 2.2300668012440945, 1.2970045188169559], "Sigma": [[0.012195595389530486, 0.0004376839589413824, -0.0025943148798924253], [0.0004376839589413825, 0.005835131845554504, -0.004021171800157786], [-0.002594314879892425, -0.004021171800157786, 0.00449354073516844]], "chi2_level": 0.997, "chi2_df": 3, "chi2_threshold": 13.931422665512084, "N_raw": 58, "N_roi": 58, "N_inlier": 55, "refit": true}
{"timestamp": "16:51:24.669358", "frame": 79, "mu": [-1.3353461854331454, 2.2451867450715985, 1.5631621182507958], "Sigma": [[0.011072700077190243, 0.0028451221215123655, -0.012748995599960344], [0.0028451221215123655, 0.010610493379448083, -0.012186152980691357], [-0.012748995599960344, -0.012186152980691357, 0.040781884957356636]], "chi2_level": 0.997, "chi2_df": 3, "chi2_threshold": 13.931422665512084, "N_raw": 69, "N_roi": 69, "N_inlier": 65, "refit": true}
{"timestamp": "16:51:24.717896", "frame": 80, "mu": [-1.3055168334380973, 2.2185945537768537, 1.1930024008601898], "Sigma": [[0.0034987918186544027, -0.0018687498235557731, -0.023322219116962715], [-0.0018687498235557731, 0.006611801175216846, 0.01658501767917313], [-0.023322219116962715, 0.016585017679173128, 0.2909783864687618]], "chi2_level": 0.997, "chi2_df": 3, "chi2_threshold": 13.931422665512084, "N_raw": 20, "N_roi": 20, "N_inlier": 17, "refit": true}
{"timestamp": "16:51:24.779573", "frame": 81, "mu": [-1.296802843736686, 2.349030259205803, 1.4202239001319397], "Sigma": [[0.013207480592420115, 0.004679770488043338, -0.013002462158287077], [0.004679770488043338, 0.006258562080477649, -0.0070698053045362], [-0.013002462158287077, -0.0070698053045362, 0.04133721882482993]], "chi2_level": 0.997, "chi2_df": 3, "chi2_threshold": 13.931422665512084, "N_raw": 67, "N_roi": 67, "N_inlier": 63, "refit": true}
{"timestamp": "16:51:24.835198", "frame": 82, "mu": [-1.3241202642445915, 2.4320475139691617, 1.2690092477737562], "Sigma": [[0.01259942630536393, 0.001474619035648735, -0.007940188887750494], [0.0014746190356487352, 0.003842470459861405, -0.0115849793141413], [-0.007940188887750494, -0.0115849793141413, 0.06809822404400309]], "chi2_level": 0.997, "chi2_df": 3, "chi2_threshold": 13.931422665512084, "N_raw": 64, "N_roi": 64, "N_inlier": 62, "refit": true}
{"timestamp": "16:51:24.895496", "frame": 83, "mu": [-1.3569185978388694, 2.4430694837675113, 1.1729818649980555], "Sigma": [[0.014452722923261893, -0.0005818204944041996, -0.017162368926784105], [-0.0005818204944041996, 0.007304964960402984, -0.0030908690728998272], [-0.017162368926784105, -0.0030908690728998272, 0.34445087754551224]], "chi2_level": 0.997, "chi2_df": 3, "chi2_threshold": 13.931422665512084, "N_raw": 100, "N_roi": 100, "N_inlier": 98, "refit": true}
{"timestamp": "16:51:24.951009", "frame": 84, "mu": [-1.387971358904832, 2.5289144606896303, 1.2548227654194688], "Sigma": [[0.012950026835417164, 0.004978716781532563, -0.02523105818636176], [0.004978716781532563, 0.009146379413615251, -0.028922540564404763], [-0.025231058186361757, -0.028922540564404763, 0.25539945335726905]], "chi2_level": 0.997, "chi2_df": 3, "chi2_threshold": 13.931422665512084, "N_raw": 109, "N_roi": 109, "N_inlier": 109, "refit": true}
{"timestamp": "16:51:25.005420", "frame": 85, "mu": [-1.3725264052300623, 2.616812317225514, 0.2007873865297937], "Sigma": [[0.013341847301448603, 0.0010320080860904389, 0.014054151526912601], [0.0010320080860904397, 0.025606356974907436, -0.04057868551390045], [0.014054151526912601, -0.04057868551390045, 0.18317668390346412]], "chi2_level": 0.997, "chi2_df": 3, "chi2_threshold": 13.931422665512084, "N_raw": 101, "N_roi": 101, "N_inlier": 101, "refit": true}
{"timestamp": "16:51:25.058877", "frame": 86, "mu": [-1.4112918508109478, 2.5840035400411945, 1.1996703415295054], "Sigma": [[0.014753180580750156, 0.0007330482897584847, -0.012723122019565122], [0.0007330482897584846, 0.009322941755624243, -0.03871078120987014], [-0.01272312201956512, -0.038710781209870135, 0.4049751880735574]], "chi2_level": 0.997, "chi2_df": 3, "chi2_threshold": 13.931422665512084, "N_raw": 91, "N_roi": 91, "N_inlier": 90, "refit": true}
