{"timestamp": "17:23:48.576128", "frame": 1, "mu": [1.8403714234667687, 0.9598947482831721, -0.5245976173969592], "Sigma": [[0.0036006908904456453, -0.0024961916947105734, -0.00029894544640105187], [-0.0024961916947105734, 0.006992214769734871, -0.0011472507862844215], [-0.00029894544640105144, -0.0011472507862844217, 0.03909751546820534]], "chi2_level": 0.997, "chi2_df": 3, "chi2_threshold": 13.931422665512084, "N_raw": 28, "N_roi": 28, "N_inlier": 28, "refit": true}
{"timestamp": "17:23:48.634271", "frame": 2, "mu": [1.7925048128167005, 0.8368152336262668, 1.2687346634120382], "Sigma": [[0.005985197125699309, -0.00582679058313192, -0.0044370427064540155], [-0.005826790583131919, 0.009345243547070057, 0.00039869817079880637], [-0.0044370427064540155, 0.00039869817079880637, 0.010326469771433191]], "chi2_level": 0.997, "chi2_df": 3, "chi2_threshold": 13.931422665512084, "N_raw": 35, "N_roi": 35, "N_inlier": 35, "refit": true}
{"timestamp": "17:23:48.691795", "frame": 3, "mu": [1.764476144309175, 0.8177994939986339, 1.2560041640386903], "Sigma": [[0.006327477007624136, -0.007721091974230545, -0.00864765915064581], [-0.007721091974230546, 0.013715555767479017, 0.002935681136938083], [-0.008647659150645812, 0.002935681136938083, 0.03714045783526128]], "chi2_level": 0.997, "chi2_df": 3, "chi2_threshold": 13.931422665512084, "N_raw": 48, "N_roi": 48, "N_inlier": 47, "refit": true}
{"timestamp": "17:23:48.744997", "frame": 4, "mu": [1.747168151576815, 0.6971541245064763, 1.2102063319679406], "Sigma": [[0.005138159768555978, -0.005049751850774922, -0.001528316198808763], [-0.005049751850774921, 0.016860494617272327, -0.0022262175279483434], [-0.001528316198808763, -0.0022262175279483434, 0.0027663081622364112]], "chi2_level": 0.997, "chi2_df": 3, "chi2_threshold": 13.931422665512084, "N_raw": 36, "N_roi": 36, "N_inlier": 35, "refit": true}
{"timestamp": "17:23:48.798459", "frame": 5, "mu": [1.6624332574692502, 0.8093537789142167, 1.275026314089545], "Sigma": [[0.00315893597842318, -0.004062355863714869, -0.006046193624572698], [-0.004062355863714869, 0.006362470396043305, 0.0077953418596480965], [-0.006046193624572698, 0.0077953418596480965, 0.02884130889113834]], "chi2_level": 0.997, "chi2_df": 3, "chi2_threshold": 13.931422665512084, "N_raw": 25, "N_roi": 25, "N_inlier": 25, "refit": true}
{"timestamp": "17:23:48.853669", "frame": 6, "mu": [1.6531543921116771, 0.7357911727657098, 1.2875091975242063], "Sigma": [[0.003368728729011377, -0.0026268295624061007, -8.136573510466683e-05], [-0.0026268295624061007, 0.008300792269011249, -0.0026838826869999906], [-8.136573510466693e-05, -0.0026838826869999906, 0.0014350293217656404]], "chi2_level": 0.997, "chi2_df": 3, "chi2_threshold": 13.931422665512084, "N_raw": 26, "N_roi": 26, "N_inlier": 25, "refit": true}
{"timestamp": "17:23:48.907976", "frame": 7, "mu": [1.5788246258770533, 0.8561656721673173, 1.3579809711781146], "Sigma": [[0.0019971863492036757, 0.0006877146628300974, -0.0004524580252269504], [0.0006877146628300974, 0.006582712508580157, 0.0007265979740861808], [-0.0004524580252269504, 0.0007265979740861809, 0.020868482656135535]], "chi2_level": 0.997, "chi2_df": 3, "chi2_threshold": 13.931422665512084, "N_raw": 18, "N_roi": 18, "N_inlier": 18, "refit": true}
{"timestamp": "17:23:48.959423", "frame": 8, "mu": [1.5523050843752064, 0.8083528040744424, 1.1830124788289753], "Sigma": [[0.0012271110841667694, 0.0002662349007725632, 0.002602224495407995], [0.00026623490077256316, 0.0019567004363532222, -0.0027800345702231025], [0.002602224495407995, -0.002780034570223102, 0.05079254623046993]], "chi2_level": 0.997, "chi2_df": 3, "chi2_threshold": 13.931422665512084, "N_raw": 6, "N_roi": 6, "N_inlier": 6, "refit": true}
{"timestamp": "17:23:49.019374", "frame": 9, "mu": [1.4751961548818495, 0.8670174034238932, 1.4288001768352594], "Sigma": [[0.0033448316922559456, -0.001166472107576759, -0.00314428286300525], [-0.001166472107576759, 0.004045162484660769, -0.003607832340914635], [-0.0031442828630052497, -0.003607832340914635, 0.016855314577192918]], "chi2_level": 0.997, "chi2_df": 3, "chi2_threshold": 13.931422665512084, "N_raw": 32, "N_roi": 32, "N_inlier": 30, "refit": true}
{"timestamp": "17:23:49.070177", "frame": 10, "mu": [1.4339841233099484, 0.8912909075658688, 1.2398905499877304], "Sigma": [[0.0008367053485714395, -0.0006202237931383248, -0.0011402304828032781], [-0.0006202237931383248, 0.004428073820039197, 0.005842522613405562], [-0.0011402304828032786, 0.005842522613405562, 0.06339453387847896]], "chi2_level": 0.997, "chi2_df": 3, "chi2_threshold": 13.931422665512084, "N_raw": 11, "N_roi": 11, "N_inlier": 10, "refit": true}
{"timestamp": "17:23:49.132942", "frame": 11, "mu": [1.3857554468057691, 0.8841048627845324, 1.2426951502650223], "Sigma": [[0.004498852407500853, -0.0035114877227253784, 0.004961957733029185], [-0.003511487722725379, 0.009488040479157097, -0.014127702410531677], [0.004961957733029185, -0.014127702410531677, 0.042500118689437566]], "chi2_level": 0.997, "chi2_df": 3, "chi2_threshold": 13.931422665512084, "N_raw": 59, "N_roi": 59, "N_inlier": 59, "refit": true}
{"timestamp": "17:23:49.183023", "frame": 12, "mu": [1.3334526228770445, 0.9009418996931698, 1.2131587041137855], "Sigma": [[0.006412594504999379, -0.007522647032718655, 0.016246372235457315], [-0.007522647032718655, 0.01232100280061617, -0.026080234904329203], [0.016246372235457315, -0.026080234904329203, 0.06419964182629827]], "chi2_level": 0.997, "chi2_df": 3, "chi2_threshold": 13.931422665512084, "N_raw": 18, "N_roi": 18, "N_inlier": 18, "refit": true}
{"timestamp": "17:23:49.243272", "frame": 13, "mu": [1.2486099177924832, 0.9501859575749613, 1.198674460446655], "Sigma": [[0.004454399521059922, -0.004738457660085952, 0.005744984969213456], [-0.004738457660085951, 0.008867642932033008, -0.018076559219349905], [0.005744984969213456, -0.018076559219349902, 0.06582577470711441]], "chi2_level": 0.997, "chi2_df": 3, "chi2_threshold": 13.931422665512084, "N_raw": 61, "N_roi": 61, "N_inlier": 60, "refit": true}
{"timestamp": "17:23:49.293476", "frame": 14, "mu": [1.209793625436988, 1.1132036848903104, -0.6423848687436491], "Sigma": [[0.0018359384116752532, -0.001404576526359158, -0.0008759359993056424], [-0.001404576526359158, 0.02017575005016579, -0.010120671425903581], [-0.0008759359993056424, -0.010120671425903581, 0.009805717366620635]], "chi2_level": 0.997, "chi2_df": 3, "chi2_threshold": 13.931422665512084, "N_raw": 17, "N_roi": 17, "N_inlier": 16, "refit": true}
{"timestamp": "17:23:49.345840", "frame": 15, "mu": [1.1401035264223276, 0.9385459506333813, 1.123622840467799], "Sigma": [[0.0017102087688307193, -0.0036989978022501173, 0.0062953403801223285], [-0.0036989978022501178, 0.02134214154774531, -0.03082127277010346], [0.0062953403801223285, -0.03082127277010346, 0.05602226839715174]], "chi2_level": 0.997, "chi2_df": 3, "chi2_threshold": 13.931422665512084, "N_raw": 10, "N_roi": 10, "N_inlier": 10, "refit": true}
{"timestamp": "17:23:49.406474", "frame": 16, "mu": [1.0936938535882634, 1.0236252840523652, 1.054196944726881], "Sigma": [[0.0038782330940956176, -0.0012379133945415132, -0.002753284101916687], [-0.0012379133945415132, 0.004941133621472243, -0.009352097149584493], [-0.002753284101916687, -0.009352097149584493, 0.03995098467115637]], "chi2_level": 0.997, "chi2_df": 3, "chi2_threshold": 13.931422665512084, "N_raw": 43, "N_roi": 43, "N_inlier": 39, "refit": true}
{"timestamp": "17:23:49.462234", "frame": 17, "mu": [1.0516833629164657, 0.9806485266376547, -0.4687423187633489], "Sigma": [[0.0035759529378495644, -0.0029532483796829855, -0.0025332007109200947], [-0.0029532483796829855, 0.014563133570682474, -0.0006886480259684267], [-0.0025332007109200947, -0.0006886480259684267, 0.008351727246002099]], "chi2_level": 0.997, "chi2_df": 3, "chi2_threshold": 13.931422665512084, "N_raw": 44, "N_roi": 44, "N_inlier": 41, "refit": true}
{"timestamp": "17:23:49.512387", "frame": 18, "mu": [0.9687864535627478, 0.9961603107377819, -0.2945373532600229], "Sigma": [[0.0017140057082179832, 0.0006372675545980747, -0.0012414017419503246], [0.0006372675545980747, 0.011127076099989548, -0.002177085089255702], [-0.0012414017419503246, -0.002177085089255702, 0.0019054132271515147]], "chi2_level": 0.997, "chi2_df": 3, "chi2_threshold": 13.931422665512084, "N_raw": 11, "N_roi": 11, "N_inlier": 11, "refit": true}
{"timestamp": "17:23:49.566093", "frame": 19, "mu": [0.9426728505340617, 0.8441390441082788, 1.5301855933084658], "Sigma": [[0.0022948894617862998, -0.0011580776905820102, -0.004197657082175478], [-0.00115807769058201, 0.006812864819741328, 0.0024702924248139095], [-0.004197657082175478, 0.0024702924248139095, 0.02434498465990998]], "chi2_level": 0.997, "chi2_df": 3, "chi2_threshold": 13.931422665512084, "N_raw": 14, "N_roi": 14, "N_inlier": 13, "refit": true}
{"timestamp": "17:23:49.624825", "frame": 20, "mu": [0.8818972129544232, 0.8857928422763166, 1.5824704860552354], "Sigma": [[0.0028303572611189662, -0.00043282559431580465, -0.0007175488197080146], [-0.00043282559431580476, 0.0031767956954432018, -0.0017530257842823102], [-0.0007175488197080147, -0.0017530257842823102, 0.0022472495345189363]], "chi2_level": 0.997, "chi2_df": 3, "chi2_threshold": 13.931422665512084, "N_raw": 34, "N_roi": 34, "N_inlier": 32, "refit": true}
{"timestamp": "17:23:49.679965", "frame": 21, "mu": [0.8114184399112692, 0.9175841711591365, 1.5316879825143908], "Sigma": [[0.001435449405759395, -0.0002630162204764339, -0.0006703683929240136], [-0.00026301622047643385, 0.003945736115018568, -0.002671723394174961], [-0.0006703683929240136, -0.0026717233941749613, 0.0028164282833265906]], "chi2_level": 0.997, "chi2_df": 3, "chi2_threshold": 13.931422665512084, "N_raw": 35, "N_roi": 35, "N_inlier": 34, "refit": true}
{"timestamp": "17:23:49.736039", "frame": 22, "mu": [0.7580774618017151, 0.8421883733513852, 1.4519657359637568], "Sigma": [[0.002157484524807349, 0.0005465369199480576, -0.0022818461377591883], [0.0005465369199480576, 0.009492883287978747, 0.0002570223892930575], [-0.0022818461377591883, 0.0002570223892930572, 0.1063297037842087]], "chi2_level": 0.997, "chi2_df": 3, "chi2_threshold": 13.931422665512084, "N_raw": 44, "N_roi": 44, "N_inlier": 43, "refit": true}
{"timestamp": "17:23:49.795074", "frame": 23, "mu": [0.7113435421900227, 0.8488005314842669, 1.484548617963243], "Sigma": [[0.0034979889996479352, 0.0008341996801812019, 0.0004717766333939928], [0.0008341996801812021, 0.008165918295951976, -0.004902706314649247], [0.00047177663339399256, -0.004902706314649247, 0.10321269047570272]], "chi2_level": 0.997, "chi2_df": 3, "chi2_threshold": 13.931422665512084, "N_raw": 64, "N_roi": 64, "N_inlier": 61, "refit": true}
{"timestamp": "17:23:49.851412", "frame": 24, "mu": [0.6500735626873181, 0.8737734343161447, 1.5104996163423747], "Sigma": [[0.003585638754064698, -0.00020354717635651822, -0.0028636739988482512], [-0.00020354717635651828, 0.006173750978394813, -0.003119449328417237], [-0.002863673998848251, -0.003119449328417237, 0.005403478798538221]], "chi2_level": 0.997, "chi2_df": 3, "chi2_threshold": 13.931422665512084, "N_raw": 76, "N_roi": 76, "N_inlier": 72, "refit": true}
{"timestamp": "17:23:49.906364", "frame": 25, "mu": [0.5876571125608776, 0.8724149429617334, 1.5483933834338182], "Sigma": [[0.004514838408378948, 0.0010732896368485885, 2.9312092086855997e-05], [0.0010732896368485885, 0.0063864058643152396, -0.0024610000133528367], [2.931209208685605e-05, -0.0024610000133528363, 0.011995139106647455]], "chi2_level": 0.997, "chi2_df": 3, "chi2_threshold": 13.931422665512084, "N_raw": 79, "N_roi": 79, "N_inlier": 77, "refit": true}
{"timestamp": "17:23:49.963936", "frame": 26, "mu": [0.5635032270991627, 0.9034137534777851, 1.5415965657580841], "Sigma": [[0.00575531117254353, 0.0010901471083432403, -0.004366772314673332], [0.0010901471083432403, 0.005235137773699237, -0.0031598165958085477], [-0.004366772314673332, -0.0031598165958085477, 0.0047055746102973054]], "chi2_level": 0.997, "chi2_df": 3, "chi2_threshold": 13.931422665512084, "N_raw": 91, "N_roi": 91, "N_inlier": 88, "refit": true}
{"timestamp": "17:23:50.015622", "frame": 27, "mu": [0.5259845333418676, 0.9495761280195215, -0.2254378928653403], "Sigma": [[0.0053374330716179285, 0.0007296683797066261, -0.0018977980894324814], [0.0007296683797066261, 0.0042992918697637795, 0.00047882073592782034], [-0.0018977980894324814, 0.0004788207359278204, 0.0009011972497173344]], "chi2_level": 0.997, "chi2_df": 3, "chi2_threshold": 13.931422665512084, "N_raw": 71, "N_roi": 71, "N_inlier": 68, "refit": true}
{"timestamp": "17:23:50.070830", "frame": 28, "mu": [0.48177664028387635, 0.9116193766740138, 1.546914792938375], "Sigma": [[0.002939140268058824, 0.0003629336469990872, -0.0013765189424710088], [0.0003629336469990875, 0.006858376726890541, -0.0021436576112397734], [-0.0013765189424710088, -0.0021436576112397734, 0.001444385732113665]], "chi2_level": 0.997, "chi2_df": 3, "chi2_threshold": 13.931422665512084, "N_raw": 72, "N_roi": 72, "N_inlier": 69, "refit": true}
{"timestamp": "17:23:50.121326", "frame": 29, "mu": [0.4112589839349894, 0.8998425800689126, 1.5879968128377007], "Sigma": [[0.002500573708704926, 0.00019978103925814977, -0.0014958871836726945], [0.0001997810392581497, 0.0022915220599849678, -0.0011372437874338347], [-0.0014958871836726945, -0.0011372437874338347, 0.001533652652871726]], "chi2_level": 0.997, "chi2_df": 3, "chi2_threshold": 13.931422665512084, "N_raw": 39, "N_roi": 39, "N_inlier": 35, "refit": true}
{"timestamp": "17:23:50.178061", "frame": 30, "mu": [0.36340768639553483, 0.8942270474026646, 1.5803729994556044], "Sigma": [[0.003157866817275936, 0.001364109656174429, -0.00041427213750233296], [0.001364109656174429, 0.002999084498907269, -0.0017344837322804106], [-0.00041427213750233296, -0.0017344837322804106, 0.0012266667480348606]], "chi2_level": 0.997, "chi2_df": 3, "chi2_threshold": 13.931422665512084, "N_raw": 59, "N_roi": 59, "N_inlier": 58, "refit": true}
{"timestamp": "17:23:50.229141", "frame": 31, "mu": [0.2673853372132914, 0.8753406467258857, 1.49529896156381], "Sigma": [[0.0017624762634348844, 0.0006731806409441064, 0.003958101822150325], [0.0006731806409441063, 0.00414664894193507, 0.011154385350684965], [0.003958101822150324, 0.011154385350684965, 0.1860945996248101]], "chi2_level": 0.997, "chi2_df": 3, "chi2_threshold": 13.931422665512084, "N_raw": 31, "N_roi": 31, "N_inlier": 29, "refit": true}
{"timestamp": "17:23:50.292008", "frame": 32, "mu": [0.2499474240783351, 0.9565037373239627, 1.595646067271602], "Sigma": [[0.0033356924378788906, 0.0006198417381331372, -0.0007074012605265308], [0.0006198417381331372, 0.00579064292327523, -0.0027164680796131642], [-0.0007074012605265308, -0.0027164680796131642, 0.0013902192838695336]], "chi2_level": 0.997, "chi2_df": 3, "chi2_threshold": 13.931422665512084, "N_raw": 86, "N_roi": 86, "N_inlier": 85, "refit": true}
{"timestamp": "17:23:50.346657", "frame": 33, "mu": [0.21146817357957592, 0.9586314982048817, 1.5655462437401595], "Sigma": [[0.002992856426633468, 0.0003369595228888237, -0.0023621306902831475], [0.0003369595228888238, 0.002806344773883975, -0.0034001596258084544], [-0.0023621306902831475, -0.0034001596258084544, 0.008595411433124018]], "chi2_level": 0.997, "chi2_df": 3, "chi2_threshold": 13.931422665512084, "N_raw": 81, "N_roi": 81, "N_inlier": 77, "refit": true}
{"timestamp": "17:23:50.396493", "frame": 34, "mu": [0.14693260872939523, 1.0360063688848973, -0.19652282354732814], "Sigma": [[0.0038826652250373763, -0.002792259038813627, 0.016711330363157705], [-0.002792259038813627, 0.009254579903582147, -0.02820462677889076], [0.016711330363157702, -0.02820462677889076, 0.1219634937915221]], "chi2_level": 0.997, "chi2_df": 3, "chi2_threshold": 13.931422665512084, "N_raw": 42, "N_roi": 42, "N_inlier": 40, "refit": true}
{"timestamp": "17:23:50.453766", "frame": 35, "mu": [0.07695092121786773, 0.9507069071301865, 1.581294640571691], "Sigma": [[0.001875786729342303, 3.7631619068427915e-05, -0.00040999066823093754], [3.7631619068427976e-05, 0.0034254328033914393, -0.002246350363773262], [-0.00040999066823093743, -0.002246350363773262, 0.0016774308013471006]], "chi2_level": 0.997, "chi2_df": 3, "chi2_threshold": 13.931422665512084, "N_raw": 62, "N_roi": 62, "N_inlier": 59, "refit": true}
{"timestamp": "17:23:50.504111", "frame": 36, "mu": [0.042662902462196374, 0.9593853330264501, 1.4791996341650278], "Sigma": [[0.0020178496728532314, 0.00030415301854857103, 0.009939171097801744], [0.0003041530185485709, 0.0026037033562118783, -0.003698529856028059], [0.009939171097801744, -0.0036985298560280595, 0.07924376586536652]], "chi2_level": 0.997, "chi2_df": 3, "chi2_threshold": 13.931422665512084, "N_raw": 30, "N_roi": 30, "N_inlier": 28, "refit": true}
{"timestamp": "17:23:50.566596", "frame": 37, "mu": [-0.10287853571246425, 0.9191263512759511, 1.4492359199563283], "Sigma": [[0.005674146433468179, -0.00017508218817098543, 0.009493056566084495], [-0.00017508218817098543, 0.010275262991954264, 0.0032010608973283934], [0.009493056566084495, 0.0032010608973283934, 0.089704214250025]], "chi2_level": 0.997, "chi2_df": 3, "chi2_threshold": 13.931422665512084, "N_raw": 89, "N_roi": 89, "N_inlier": 88, "refit": true}
{"timestamp": "17:23:50.619606", "frame": 38, "mu": [-0.20630864582252478, 1.0161664554551446, -0.27819024535584225], "Sigma": [[0.004715169572537846, -0.005911601920162259, -0.0069101833565028015], [-0.005911601920162259, 0.011893062228235171, 0.009792681133433852], [-0.0069101833565028015, 0.00979268113343385, 0.046466233434488524]], "chi2_level": 0.997, "chi2_df": 3, "chi2_threshold": 13.931422665512084, "N_raw": 60, "N_roi": 60, "N_inlier": 60, "refit": true}
{"timestamp": "17:23:50.753334", "frame": 39, "mu": [-0.17745658026522085, 1.0522792645846772, -0.37871121464505625], "Sigma": [[0.003167869654950076, -1.3460298248713903e-06, 0.007857377632284172], [-1.3460298248713564e-06, 0.0028308891490144337, 0.00026222290548932534], [0.007857377632284173, 0.0002622229054893253, 0.0665489198639822]], "chi2_level": 0.997, "chi2_df": 3, "chi2_threshold": 13.931422665512084, "N_raw": 70, "N_roi": 70, "N_inlier": 70, "refit": true}
{"timestamp": "17:23:50.775357", "frame": 40, "mu": [-0.24381739234599667, 0.9466968853291238, 1.4406919604623247], "Sigma": [[0.00283467825499356, -0.0005417108601115915, 0.0005427724468669437], [-0.0005417108601115917, 0.008034971930111984, 0.016346778563753533], [0.0005427724468669435, 0.01634677856375353, 0.061674081232061015]], "chi2_level": 0.997, "chi2_df": 3, "chi2_threshold": 13.931422665512084, "N_raw": 82, "N_roi": 82, "N_inlier": 81, "refit": true}
{"timestamp": "17:23:50.805646", "frame": 41, "mu": [-0.28100147513887974, 0.952927508036459, 1.4532592897980954], "Sigma": [[0.0027776518259307994, -0.00028123137830328275, 0.0020165705678183076], [-0.00028123137830328275, 0.006418921156519076, 0.014587271084871576], [0.002016570567818307, 0.014587271084871576, 0.05346156252334211]], "chi2_level": 0.997, "chi2_df": 3, "chi2_threshold": 13.931422665512084, "N_raw": 39, "N_roi": 39, "N_inlier": 37, "refit": true}
{"timestamp": "17:23:50.838003", "frame": 42, "mu": [-0.35073020125963494, 0.9988715113542984, 1.4172759609490309], "Sigma": [[0.0017814790311092728, -0.0035877687344431372, 0.014760648480519216], [-0.0035877687344431372, 0.016003560292600888, -0.041955890366575446], [0.014760648480519216, -0.041955890366575446, 0.222745730286358]], "chi2_level": 0.997, "chi2_df": 3, "chi2_threshold": 13.931422665512084, "N_raw": 35, "N_roi": 32, "N_inlier": 31, "refit": true}
{"timestamp": "17:23:50.890410", "frame": 43, "mu": [-0.4682711122904199, 1.0586948468451283, -0.3484263168194638], "Sigma": [[0.002321076348721786, -0.0005314324851695747, 0.010072529927973608], [-0.0005314324851695745, 0.013336651626932755, -0.01935672244008078], [0.010072529927973608, -0.019356722440080777, 0.09872193977717755]], "chi2_level": 0.997, "chi2_df": 3, "chi2_threshold": 13.931422665512084, "N_raw": 39, "N_roi": 39, "N_inlier": 38, "refit": true}
{"timestamp": "17:23:50.953962", "frame": 44, "mu": [-0.5240804844825975, 0.9041056895208628, 1.3836607530054712], "Sigma": [[0.004407334855680816, 0.0009188748059727511, -0.01090605620133932], [0.0009188748059727512, 0.009607001623253666, 0.009765995531064222], [-0.010906056201339318, 0.009765995531064222, 0.09529105719825862]], "chi2_level": 0.997, "chi2_df": 3, "chi2_threshold": 13.931422665512084, "N_raw": 94, "N_roi": 94, "N_inlier": 88, "refit": true}
{"timestamp": "17:23:51.013986", "frame": 45, "mu": [-0.6711396976175619, 0.8791417149750487, 1.5304321289400935], "Sigma": [[0.02660858518652856, 0.012488255781099983, -0.022212459304359528], [0.012488255781099983, 0.01441722497912075, -0.003405595688995655], [-0.022212459304359528, -0.003405595688995655, 0.08447542433832922]], "chi2_level": 0.997, "chi2_df": 3, "chi2_threshold": 13.931422665512084, "N_raw": 120, "N_roi": 120, "N_inlier": 116, "refit": true}
{"timestamp": "17:23:51.063001", "frame": 46, "mu": [-0.7342529065222247, 0.8142464536559202, 1.3658248469664684], "Sigma": [[0.03216570945090871, 0.01723640554223612, -0.03464926815037826], [0.01723640554223612, 0.016575178790497948, -0.005187037813246834], [-0.03464926815037826, -0.005187037813246834, 0.1420356640323994]], "chi2_level": 0.997, "chi2_df": 3, "chi2_threshold": 13.931422665512084, "N_raw": 82, "N_roi": 81, "N_inlier": 81, "refit": true}
{"timestamp": "17:23:51.119635", "frame": 47, "mu": [-0.6783850671748828, 0.9323338094564312, 1.2429407476189374], "Sigma": [[0.004583230464103237, -0.0021143979533912137, -0.010164194038430148], [-0.0021143979533912137, 0.008331412009904515, 0.020473212941429654], [-0.010164194038430146, 0.020473212941429654, 0.11633788190031669]], "chi2_level": 0.997, "chi2_df": 3, "chi2_threshold": 13.931422665512084, "N_raw": 97, "N_roi": 97, "N_inlier": 95, "refit": true}
{"timestamp": "17:23:51.172066", "frame": 48, "mu": [-0.7337948526145368, 1.0594817120950786, 1.6063187235724397], "Sigma": [[0.0034323426903587716, 0.0005696512836274682, -0.0037155174581063725], [0.0005696512836274682, 0.004325246511052514, -0.00902672015338755], [-0.003715517458106372, -0.009026720153387548, 0.0306272138859835]], "chi2_level": 0.997, "chi2_df": 3, "chi2_threshold": 13.931422665512084, "N_raw": 75, "N_roi": 75, "N_inlier": 69, "refit": true}
{"timestamp": "17:23:51.225036", "frame": 49, "mu": [-0.8038939746469634, 1.0882416633522365, -0.2677819611780858], "Sigma": [[0.022089481192862824, 0.011854217147795698, -0.006261323918945313], [0.011854217147795698, 0.029199654830721955, -0.03667138778077818], [-0.006261323918945312, -0.03667138778077818, 0.08772975255580553]], "chi2_level": 0.997, "chi2_df": 3, "chi2_threshold": 13.931422665512084, "N_raw": 70, "N_roi": 69, "N_inlier": 65, "refit": true}
{"timestamp": "17:23:51.284898", "frame": 50, "mu": [-0.9311991715302734, 1.0382171495805026, 1.4145793161832227], "Sigma": [[0.014280371345257186, 0.012144614356648046, -0.020330798403909604], [0.012144614356648046, 0.017356759777962312, -0.039343957584940484], [-0.020330798403909604, -0.03934395758494049, 0.30560347835784923]], "chi2_level": 0.997, "chi2_df": 3, "chi2_threshold": 13.931422665512084, "N_raw": 105, "N_roi": 105, "N_inlier": 105, "refit": true}
{"timestamp": "17:23:51.346991", "frame": 51, "mu": [-1.0344976161547106, 0.9926839261733242, 1.54510335662119], "Sigma": [[0.014235299124622543, 0.010329581373252761, -0.006304124371726356], [0.010329581373252761, 0.018782972004448815, -0.03544679349302836], [-0.006304124371726356, -0.03544679349302835, 0.19681830696787492]], "chi2_level": 0.997, "chi2_df": 3, "chi2_threshold": 13.931422665512084, "N_raw": 150, "N_roi": 150, "N_inlier": 150, "refit": true}
{"timestamp": "17:23:51.396024", "frame": 52, "mu": [-1.1247631961907898, 0.9238969677813623, 1.7328194512605506], "Sigma": [[0.020440954291158133, 0.012146522313182286, -0.004355571332401598], [0.012146522313182286, 0.016376698569499828, -0.0008820803917500282], [-0.004355571332401597, -0.0008820803917500276, 0.02056768733664653]], "chi2_level": 0.997, "chi2_df": 3, "chi2_threshold": 13.931422665512084, "N_raw": 105, "N_roi": 105, "N_inlier": 100, "refit": true}
{"timestamp": "17:23:51.452745", "frame": 53, "mu": [-1.1659211767407793, 0.9671057218205882, 1.864232808164016], "Sigma": [[0.01833015362199416, 0.009458068166843837, -0.0013974838148492377], [0.009458068166843837, 0.013329754096319152, -0.005861899891811131], [-0.0013974838148492373, -0.005861899891811131, 0.01828444406226499]], "chi2_level": 0.997, "chi2_df": 3, "chi2_threshold": 13.931422665512084, "N_raw": 118, "N_roi": 118, "N_inlier": 113, "refit": true}
{"timestamp": "17:23:51.504147", "frame": 54, "mu": [-1.2155501563485056, 1.0137606170610387, 0.5272092196196657], "Sigma": [[0.015260855123640267, 0.00868775023368531, 0.06808864567433642], [0.008687750233685312, 0.016096084848073886, 0.06359222869224954], [0.06808864567433642, 0.06359222869224954, 0.6106931522793663]], "chi2_level": 0.997, "chi2_df": 3, "chi2_threshold": 13.931422665512084, "N_raw": 100, "N_roi": 100, "N_inlier": 99, "refit": true}
{"timestamp": "17:23:51.561572", "frame": 55, "mu": [-1.2496695376753402, 1.0176628348784962, 0.45278062729802415], "Sigma": [[0.01977342273331504, 0.013224135475644506, 0.09680565962279042], [0.013224135475644506, 0.015601704442593506, 0.07917866911392551], [0.09680565962279042, 0.07917866911392553, 0.8521467811520277]], "chi2_level": 0.997, "chi2_df": 3, "chi2_threshold": 13.931422665512084, "N_raw": 108, "N_roi": 108, "N_inlier": 107, "refit": true}
{"timestamp": "17:23:51.613285", "frame": 56, "mu": [-1.3029445822536938, 1.049782194129997, 1.6664248375079842], "Sigma": [[0.014655740642332821, 0.01106578295509493, -0.004694167221632065], [0.01106578295509493, 0.01977552750204961, -0.006896316419844469], [-0.004694167221632065, -0.006896316419844468, 0.00576238379929977]], "chi2_level": 0.997, "chi2_df": 3, "chi2_threshold": 13.931422665512084, "N_raw": 95, "N_roi": 95, "N_inlier": 93, "refit": true}
{"timestamp": "17:23:51.673684", "frame": 57, "mu": [-1.236197371258133, 1.1161102434950505, 1.3466863438371486], "Sigma": [[0.054064936415433903, 0.02538096060472545, -0.12845373802525095], [0.02538096060472545, 0.01870661045749581, -0.06437672229700774], [-0.12845373802525092, -0.06437672229700772, 0.39368097456994017]], "chi2_level": 0.997, "chi2_df": 3, "chi2_threshold": 13.931422665512084, "N_raw": 128, "N_roi": 128, "N_inlier": 125, "refit": true}
{"timestamp": "17:23:51.727256", "frame": 58, "mu": [-1.3872456187628535, 1.1225124001486095, 1.6347783436331502], "Sigma": [[0.010679984657810306, 0.0065305355407273315, -0.008022243284698638], [0.00653053554072733, 0.018715258894030116, -0.02382930376150949], [-0.008022243284698638, -0.023829303761509494, 0.041031732123430045]], "chi2_level": 0.997, "chi2_df": 3, "chi2_threshold": 13.931422665512084, "N_raw": 112, "N_roi": 112, "N_inlier": 107, "refit": true}
{"timestamp": "17:23:51.788212", "frame": 59, "mu": [-1.3605981696639304, 1.2002212981704965, 1.607520602613092], "Sigma": [[0.03151155956301865, 0.016083106417445946, -0.06937791459677131], [0.016083106417445946, 0.021225460583992658, -0.049501138350048726], [-0.06937791459677131, -0.04950113835004872, 0.2407567587251578]], "chi2_level": 0.997, "chi2_df": 3, "chi2_threshold": 13.931422665512084, "N_raw": 148, "N_roi": 148, "N_inlier": 146, "refit": true}
{"timestamp": "17:23:51.831298", "frame": 60, "mu": [-1.5052912382605843, 1.1617840889219035, 1.7077597153606545], "Sigma": [[0.015256623377675775, 0.010814138154839212, -0.024136645508989564], [0.010814138154839212, 0.018039757710618116, -0.033544705279331774], [-0.024136645508989564, -0.033544705279331774, 0.09628169285045735]], "chi2_level": 0.997, "chi2_df": 3, "chi2_threshold": 13.931422665512084, "N_raw": 77, "N_roi": 77, "N_inlier": 74, "refit": true}
{"timestamp": "17:23:51.888765", "frame": 61, "mu": [-1.4877850809060256, 1.2419978996578842, 1.7473963025771728], "Sigma": [[0.01734514726846563, 0.010609253777549054, -0.011890662010188423], [0.010609253777549052, 0.01570393329010485, -0.01588142385464615], [-0.011890662010188423, -0.01588142385464615, 0.020417983249639223]], "chi2_level": 0.997, "chi2_df": 3, "chi2_threshold": 13.931422665512084, "N_raw": 99, "N_roi": 99, "N_inlier": 94, "refit": true}
{"timestamp": "17:23:51.943843", "frame": 62, "mu": [-1.5615095507500634, 1.2227197312281504, 0.34227927750699527], "Sigma": [[0.018233635979584373, 0.013027844338074253, 0.06718939674198711], [0.013027844338074253, 0.021351117361366266, 0.06109124994260941], [0.06718939674198712, 0.06109124994260941, 0.5528876900380254]], "chi2_level": 0.997, "chi2_df": 3, "chi2_threshold": 13.931422665512084, "N_raw": 97, "N_roi": 97, "N_inlier": 94, "refit": true}
{"timestamp": "17:23:52.002184", "frame": 63, "mu": [-1.5157190999325618, 1.3447151646403117, 1.5634577228955944], "Sigma": [[0.015864564988153425, 0.008728128011075408, -0.007773541093386069], [0.008728128011075408, 0.01368445565248467, -0.012162157161373382], [-0.007773541093386069, -0.012162157161373382, 0.0454859818631658]], "chi2_level": 0.997, "chi2_df": 3, "chi2_threshold": 13.931422665512084, "N_raw": 121, "N_roi": 121, "N_inlier": 117, "refit": true}
{"timestamp": "17:23:52.052488", "frame": 64, "mu": [-1.582762962873142, 1.347498858562625, 1.666593895762196], "Sigma": [[0.023066755538948568, 0.012791525824367878, -0.012822001116480488], [0.012791525824367878, 0.014831197890583523, -0.009127713652481353], [-0.012822001116480488, -0.009127713652481353, 0.011527234045653938]], "chi2_level": 0.997, "chi2_df": 3, "chi2_threshold": 13.931422665512084, "N_raw": 89, "N_roi": 89, "N_inlier": 87, "refit": true}
{"timestamp": "17:23:52.105842", "frame": 65, "mu": [-1.5873073165013962, 1.3742716563255428, 1.6677475492129854], "Sigma": [[0.020637124788655203, 0.014154067103510077, -0.010337972777128496], [0.014154067103510075, 0.016496747879071766, -0.009345835783366566], [-0.010337972777128496, -0.009345835783366568, 0.023064081511980288]], "chi2_level": 0.997, "chi2_df": 3, "chi2_threshold": 13.931422665512084, "N_raw": 79, "N_roi": 79, "N_inlier": 77, "refit": true}
{"timestamp": "17:23:52.163838", "frame": 66, "mu": [-1.6177129238042602, 1.4576263424546334, 0.07568600497664968], "Sigma": [[0.03250676522415086, 0.023670968597196647, -0.011548988634653284], [0.023670968597196647, 0.027496633046760283, -0.016014554929571254], [-0.011548988634653283, -0.016014554929571254, 0.016270287943047565]], "chi2_level": 0.997, "chi2_df": 3, "chi2_threshold": 13.931422665512084, "N_raw": 96, "N_roi": 96, "N_inlier": 92, "refit": true}
{"timestamp": "17:23:52.217876", "frame": 67, "mu": [-1.6513833797181938, 1.4565867992811705, 1.7380405512448007], "Sigma": [[0.03225879150122577, 0.022740146781561783, -0.019992533822292217], [0.022740146781561783, 0.023046063669997202, -0.01899399371299567], [-0.019992533822292217, -0.018993993712995667, 0.01976400939420182]], "chi2_level": 0.997, "chi2_df": 3, "chi2_threshold": 13.931422665512084, "N_raw": 94, "N_roi": 94, "N_inlier": 91, "refit": true}
{"timestamp": "17:23:52.276152", "frame": 68, "mu": [-1.644396249642814, 1.5291733028698271, 1.7166879374779687], "Sigma": [[0.024650059078999153, 0.01516752573241801, -0.01651819593774167], [0.015167525732418008, 0.02027466470887563, -0.01583066094204576], [-0.01651819593774167, -0.01583066094204576, 0.015955766623701132]], "chi2_level": 0.997, "chi2_df": 3, "chi2_threshold": 13.931422665512084, "N_raw": 115, "N_roi": 115, "N_inlier": 110, "refit": true}
{"timestamp": "17:23:52.326109", "frame": 69, "mu": [-1.7356310953569647, 1.5426684784796472, 0.23726413826846482], "Sigma": [[0.04151400318919715, 0.031243214343056415, 0.022934341916619035], [0.031243214343056415, 0.03157810926964776, 0.01125282229716959], [0.022934341916619035, 0.01125282229716959, 0.06641464131152969]], "chi2_level": 0.997, "chi2_df": 3, "chi2_threshold": 13.931422665512084, "N_raw": 77, "N_roi": 77, "N_inlier": 75, "refit": true}
{"timestamp": "17:23:52.373864", "frame": 70, "mu": [-1.7564634505800565, 1.5592967522296635, 1.6416142829924067], "Sigma": [[0.021463015919223664, 0.020008587367048844, -0.01527941803332383], [0.020008587367048844, 0.034058977417583576, -0.06539137355233825], [-0.015279418033323828, -0.06539137355233825, 0.23418828082046067]], "chi2_level": 0.997, "chi2_df": 3, "chi2_threshold": 13.931422665512084, "N_raw": 25, "N_roi": 25, "N_inlier": 25, "refit": true}
{"timestamp": "17:23:52.435842", "frame": 71, "mu": [-1.7405711309601306, 1.7204870992448185, 1.7524035817877912], "Sigma": [[0.02206496330139949, 0.019168593806770058, -0.02082106054765418], [0.019168593806770058, 0.023960721456100578, -0.023885070611390294], [-0.02082106054765418, -0.023885070611390294, 0.04520936564821923]], "chi2_level": 0.997, "chi2_df": 3, "chi2_threshold": 13.931422665512084, "N_raw": 88, "N_roi": 88, "N_inlier": 85, "refit": true}
{"timestamp": "17:23:52.495842", "frame": 72, "mu": [-1.6992149076337455, 1.7571840086372619, 1.7516239238078581], "Sigma": [[0.023066021044860302, 0.015171621416210784, -0.014566721658189721], [0.015171621416210784, 0.024839003412902384, -0.025238961939230746], [-0.01456672165818972, -0.025238961939230746, 0.049388407520150675]], "chi2_level": 0.997, "chi2_df": 3, "chi2_threshold": 13.931422665512084, "N_raw": 112, "N_roi": 112, "N_inlier": 108, "refit": true}
{"timestamp": "17:23:52.549287", "frame": 73, "mu": [-1.7352464391869702, 1.7752556386436595, 1.8382256191024235], "Sigma": [[0.028681560700559196, 0.02154050209441389, -0.02074120781898609], [0.021540502094413896, 0.03221289712169444, -0.041355916686548824], [-0.02074120781898609, -0.041355916686548824, 0.07423538545378842]], "chi2_level": 0.997, "chi2_df": 3, "chi2_threshold": 13.931422665512084, "N_raw": 94, "N_roi": 94, "N_inlier": 90, "refit": true}
{"timestamp": "17:23:52.596328", "frame": 74, "mu": [-1.8871864380962098, 1.739551983468165, 1.7216537873439948], "Sigma": [[0.02998219355646089, 0.0256107061463635, -0.026849227381429377], [0.0256107061463635, 0.0415758104786323, -0.0851289176495599], [-0.02684922738142937, -0.0851289176495599, 0.2518443678229318]], "chi2_level": 0.997, "chi2_df": 3, "chi2_threshold": 13.931422665512084, "N_raw": 35, "N_roi": 35, "N_inlier": 34, "refit": true}
{"timestamp": "17:23:52.650894", "frame": 75, "mu": [-1.6987905578749671, 1.9142700544883964, 1.766511302425544], "Sigma": [[0.02041474688737229, 0.014064921277517278, -0.010294935926634045], [0.014064921277517278, 0.017410960976705542, -0.023647041972155374], [-0.010294935926634044, -0.02364704197215537, 0.06460251763324767]], "chi2_level": 0.997, "chi2_df": 3, "chi2_threshold": 13.931422665512084, "N_raw": 40, "N_roi": 40, "N_inlier": 37, "refit": true}
{"timestamp": "17:23:52.710849", "frame": 76, "mu": [-1.7679126467825657, 1.9000726059286543, 1.757678926516479], "Sigma": [[0.03131311229801621, 0.02312550807708027, -0.025975169798708904], [0.02312550807708027, 0.023558863401049755, -0.02321015579227402], [-0.025975169798708897, -0.023210155792274017, 0.02780517755161588]], "chi2_level": 0.997, "chi2_df": 3, "chi2_threshold": 13.931422665512084, "N_raw": 82, "N_roi": 82, "N_inlier": 79, "refit": true}
{"timestamp": "17:23:52.760229", "frame": 77, "mu": [-1.7353694211046617, 1.970634135854818, 1.810494733160652], "Sigma": [[0.034036683101973414, 0.02494671440532975, -0.0038802981786575305], [0.02494671440532975, 0.02182700094251924, -0.004873030932434668], [-0.0038802981786575305, -0.004873030932434666, 0.008448951608866813]], "chi2_level": 0.997, "chi2_df": 3, "chi2_threshold": 13.931422665512084, "N_raw": 35, "N_roi": 35, "N_inlier": 35, "refit": true}
{"timestamp": "17:23:52.823032", "frame": 78, "mu": [-1.7310297281715639, 2.0176477747197024, 1.510910748956733], "Sigma": [[0.021199012076021442, 0.01391447814248515, -0.02807822240267287], [0.01391447814248515, 0.02064361769838377, 0.0012193750563587367], [-0.028078222402672867, 0.0012193750563587375, 0.2726775152906472]], "chi2_level": 0.997, "chi2_df": 3, "chi2_threshold": 13.931422665512084, "N_raw": 92, "N_roi": 92, "N_inlier": 92, "refit": true}
{"timestamp": "17:23:52.877162", "frame": 79, "mu": [-1.8114880749227429, 2.0444867266322277, 1.6275719343665325], "Sigma": [[0.028496288194043817, 0.02276569719821179, -0.030020745158291964], [0.022765697198211785, 0.02427919940738611, -0.03666665530513285], [-0.030020745158291964, -0.03666665530513285, 0.07461572197352084]], "chi2_level": 0.997, "chi2_df": 3, "chi2_threshold": 13.931422665512084, "N_raw": 85, "N_roi": 85, "N_inlier": 84, "refit": true}
{"timestamp": "17:23:52.923841", "frame": 80, "mu": [-1.843627716319832, 2.1355709329883554, 1.6563220791016953], "Sigma": [[0.028182008714175963, 0.02850181371566253, -0.03335014651944413], [0.02850181371566253, 0.0327418272251719, -0.039551367875328036], [-0.03335014651944414, -0.039551367875328036, 0.06600895039546088]], "chi2_level": 0.997, "chi2_df": 3, "chi2_threshold": 13.931422665512084, "N_raw": 28, "N_roi": 28, "N_inlier": 27, "refit": true}
{"timestamp": "17:23:52.983422", "frame": 81, "mu": [-1.7797194398622596, 2.245085126563969, 1.494441950094223], "Sigma": [[0.008938997876499927, 0.004425218859756049, -0.00563139760106721], [0.00442521885975605, 0.010672941259170543, -0.019824808037009416], [-0.00563139760106721, -0.019824808037009416, 0.0476968551803684]], "chi2_level": 0.997, "chi2_df": 3, "chi2_threshold": 13.931422665512084, "N_raw": 65, "N_roi": 65, "N_inlier": 64, "refit": true}
{"timestamp": "17:23:53.041842", "frame": 82, "mu": [-1.787773430059414, 2.2838896622929323, 0.3063290466245984], "Sigma": [[0.012630207645720063, 0.007163431768924932, 0.015196457768976063], [0.007163431768924933, 0.020825475687975492, -0.000559127848123875], [0.015196457768976063, -0.0005591278481238767, 0.15498881919903473]], "chi2_level": 0.997, "chi2_df": 3, "chi2_threshold": 13.931422665512084, "N_raw": 87, "N_roi": 87, "N_inlier": 84, "refit": true}
{"timestamp": "17:23:53.092694", "frame": 83, "mu": [-1.819174348443572, 2.27320496508971, 1.6584712032770734], "Sigma": [[0.010626240336730989, 0.005832528813045874, -0.01027875522040545], [0.005832528813045874, 0.010843497957377374, -0.01771471367157152], [-0.010278755220405451, -0.01771471367157152, 0.03983385440659304]], "chi2_level": 0.997, "chi2_df": 3, "chi2_threshold": 13.931422665512084, "N_raw": 54, "N_roi": 54, "N_inlier": 50, "refit": true}
{"timestamp": "17:23:53.149366", "frame": 84, "mu": [-1.7960150310323841, 2.3399454955314227, 1.4390750604829698], "Sigma": [[0.010673811464742776, 0.002737033655811458, -0.004195664396677613], [0.002737033655811458, 0.01087425301478624, -0.033288146275897476], [-0.004195664396677613, -0.033288146275897476, 0.13135717568731448]], "chi2_level": 0.997, "chi2_df": 3, "chi2_threshold": 13.931422665512084, "N_raw": 67, "N_roi": 67, "N_inlier": 66, "refit": true}
{"timestamp": "17:23:53.205511", "frame": 85, "mu": [-1.7717007281477886, 2.3629744368765926, 1.5049102053097627], "Sigma": [[0.011756537672930101, 0.0023345695008991684, -0.0019254412688018596], [0.0023345695008991684, 0.009960659959095853, -0.025576610212748756], [-0.0019254412688018588, -0.025576610212748756, 0.09313187435491402]], "chi2_level": 0.997, "chi2_df": 3, "chi2_threshold": 13.931422665512084, "N_raw": 66, "N_roi": 66, "N_inlier": 65, "refit": true}
{"timestamp": "17:23:53.257775", "frame": 86, "mu": [-1.879176997063011, 2.3786924416045054, 1.4914433128285869], "Sigma": [[0.03459082307940524, 0.026131266798089272, -0.018541730422692984], [0.026131266798089272, 0.03010335000181711, -0.04447528743592735], [-0.018541730422692984, -0.04447528743592735, 0.11754187094761205]], "chi2_level": 0.997, "chi2_df": 3, "chi2_threshold": 13.931422665512084, "N_raw": 55, "N_roi": 51, "N_inlier": 49, "refit": true}
