{"timestamp": "17:25:01.357763", "frame": 1, "mu": [1.292841521546857, 1.4152164692264975, 1.3501865362494074], "Sigma": [[0.008128100662784696, -0.003561503229200259, 0.0006005229680510778], [-0.003561503229200259, 0.00664586164236828, -0.0031069935924768833], [0.0006005229680510779, -0.0031069935924768833, 0.003539858390112155]], "chi2_level": 0.997, "chi2_df": 3, "chi2_threshold": 13.931422665512084, "N_raw": 56, "N_roi": 55, "N_inlier": 50, "refit": true}
{"timestamp": "17:25:01.414873", "frame": 2, "mu": [1.2884538412297168, 1.3987451904034913, 1.304087805973208], "Sigma": [[0.009448252029074315, -0.0029989832754829795, -0.006869003988586584], [-0.002998983275482979, 0.007029677715625628, 0.0011493057048451605], [-0.006869003988586585, 0.0011493057048451605, 0.011510605534985929]], "chi2_level": 0.997, "chi2_df": 3, "chi2_threshold": 13.931422665512084, "N_raw": 64, "N_roi": 64, "N_inlier": 62, "refit": true}
{"timestamp": "17:25:01.461979", "frame": 3, "mu": [1.3451985209231525, 1.3187853309701896, 1.3616571498952204], "Sigma": [[0.014088725764424602, -0.002145233931263299, -0.0021853939296486375], [-0.0021452339312632985, 0.009396331376407394, 0.03636633321407752], [-0.0021853939296486383, 0.03636633321407752, 0.18574401718324765]], "chi2_level": 0.997, "chi2_df": 3, "chi2_threshold": 13.931422665512084, "N_raw": 8, "N_roi": 8, "N_inlier": 8, "refit": true}
{"timestamp": "17:25:01.524123", "frame": 4, "mu": [1.2135829037941235, 1.3494033325552626, 1.1994778165884195], "Sigma": [[0.007783463303658057, -0.004648012241911973, -0.0038528254726038205], [-0.004648012241911975, 0.007285204244399885, 0.0002314290560794594], [-0.0038528254726038205, 0.00023142905607945928, 0.006982071843854093]], "chi2_level": 0.997, "chi2_df": 3, "chi2_threshold": 13.931422665512084, "N_raw": 59, "N_roi": 59, "N_inlier": 56, "refit": true}
{"timestamp": "17:25:01.579110", "frame": 5, "mu": [1.1444156873656526, 1.4109143294472197, 1.4329466288254131], "Sigma": [[0.006393122381294411, -0.0012909796438784651, 0.0002647070695509235], [-0.0012909796438784651, 0.00209000931547305, -0.0029469340642215014], [0.0002647070695509234, -0.0029469340642215014, 0.014037428217153378]], "chi2_level": 0.997, "chi2_df": 3, "chi2_threshold": 13.931422665512084, "N_raw": 48, "N_roi": 48, "N_inlier": 46, "refit": true}
{"timestamp": "17:25:01.633413", "frame": 6, "mu": [1.0814423363505006, 1.3489667702964827, 1.2184158101989155], "Sigma": [[0.007951652306374625, -0.003177815180798022, -0.01115861729263324], [-0.003177815180798022, 0.0028580069626303146, 0.003272170247306089], [-0.01115861729263324, 0.003272170247306089, 0.03647217474184503]], "chi2_level": 0.997, "chi2_df": 3, "chi2_threshold": 13.931422665512084, "N_raw": 53, "N_roi": 53, "N_inlier": 52, "refit": true}
{"timestamp": "17:25:01.685117", "frame": 7, "mu": [1.1537154864237595, 1.269097513984684, 1.0571856481879442], "Sigma": [[0.023806195125012822, -0.019032542666510693, -0.06729128804567892], [-0.019032542666510693, 0.018055806261689768, 0.06060237155896797], [-0.06729128804567894, 0.060602371558967964, 0.2400803106003947]], "chi2_level": 0.997, "chi2_df": 3, "chi2_threshold": 13.931422665512084, "N_raw": 27, "N_roi": 27, "N_inlier": 26, "refit": true}
{"timestamp": "17:25:01.745112", "frame": 8, "mu": [1.0557908146938781, 1.3023063137143265, 1.291445418671453], "Sigma": [[0.007038350933191725, -0.0035153642589112167, -0.013990161521777459], [-0.003515364258911217, 0.002380887085615355, 0.00568105961005968], [-0.013990161521777457, 0.00568105961005968, 0.07330637555717831]], "chi2_level": 0.997, "chi2_df": 3, "chi2_threshold": 13.931422665512084, "N_raw": 59, "N_roi": 59, "N_inlier": 56, "refit": true}
{"timestamp": "17:25:01.802073", "frame": 9, "mu": [0.9832622268905615, 1.3153330748075205, 1.2888040835236336], "Sigma": [[0.004811878433414363, -0.0024000838150584464, -0.0023532800461217203], [-0.002400083815058446, 0.002961106588959677, 0.00027353765923608355], [-0.0023532800461217203, 0.0002735376592360835, 0.0583177362333787]], "chi2_level": 0.997, "chi2_df": 3, "chi2_threshold": 13.931422665512084, "N_raw": 79, "N_roi": 79, "N_inlier": 75, "refit": true}
{"timestamp": "17:25:01.857913", "frame": 10, "mu": [0.8766614537701879, 1.3542563745129101, 1.2121449368277488], "Sigma": [[0.013852266057836854, -0.005135973167151808, 0.025902454147737], [-0.005135973167151808, 0.004340900908437794, -0.01251028964113974], [0.025902454147737, -0.01251028964113974, 0.12545760586536805]], "chi2_level": 0.997, "chi2_df": 3, "chi2_threshold": 13.931422665512084, "N_raw": 83, "N_roi": 83, "N_inlier": 83, "refit": true}
{"timestamp": "17:25:01.909189", "frame": 11, "mu": [0.9581194776044663, 1.2411268416959873, 1.1377712907489987], "Sigma": [[0.022494452442265306, -0.018328911165247576, 0.023582843563090917], [-0.018328911165247576, 0.019188686466390138, -0.020835624176051983], [0.023582843563090913, -0.020835624176051983, 0.03516622913322112]], "chi2_level": 0.997, "chi2_df": 3, "chi2_threshold": 13.931422665512084, "N_raw": 56, "N_roi": 56, "N_inlier": 53, "refit": true}
{"timestamp": "17:25:01.969274", "frame": 12, "mu": [0.8177263736467841, 1.4268394483650022, 0.06768803176300363], "Sigma": [[0.010566482889461881, -0.009578186757571713, 0.0796495366076431], [-0.009578186757571713, 0.02427155282453195, -0.11977104462566787], [0.0796495366076431, -0.11977104462566787, 0.9133693183288979]], "chi2_level": 0.997, "chi2_df": 3, "chi2_threshold": 13.931422665512084, "N_raw": 95, "N_roi": 95, "N_inlier": 94, "refit": true}
{"timestamp": "17:25:02.020812", "frame": 13, "mu": [0.8840909464964517, 1.2378001465181983, 1.4255555006921625], "Sigma": [[0.0052706684834932715, -0.002710297195948081, -0.004677634331194783], [-0.0027102971959480815, 0.006371553948493016, -0.003513844354332448], [-0.0046776343311947825, -0.003513844354332448, 0.02359986525031468]], "chi2_level": 0.997, "chi2_df": 3, "chi2_threshold": 13.931422665512084, "N_raw": 63, "N_roi": 63, "N_inlier": 61, "refit": true}
{"timestamp": "17:25:02.073432", "frame": 14, "mu": [0.9245721056073942, 1.1977848432470974, 1.2800935879134514], "Sigma": [[0.003781993232758728, -0.0034755601665657845, 0.0014098017416501452], [-0.0034755601665657845, 0.009267513126757776, -0.005095462826060949], [0.001409801741650145, -0.005095462826060949, 0.008748889034431828]], "chi2_level": 0.997, "chi2_df": 3, "chi2_threshold": 13.931422665512084, "N_raw": 53, "N_roi": 53, "N_inlier": 51, "refit": true}
{"timestamp": "17:25:02.126990", "frame": 15, "mu": [0.8316690911683734, 1.1734844201698726, 1.2651923482043899], "Sigma": [[0.0105599591740766, -0.008672913933925785, 0.011827348944097635], [-0.008672913933925785, 0.010431526552425891, -0.014477083833316523], [0.011827348944097635, -0.014477083833316522, 0.09646478444355132]], "chi2_level": 0.997, "chi2_df": 3, "chi2_threshold": 13.931422665512084, "N_raw": 44, "N_roi": 43, "N_inlier": 41, "refit": true}
{"timestamp": "17:25:02.186078", "frame": 16, "mu": [0.834996262390683, 1.1321661783045043, 1.2754716783352613], "Sigma": [[0.004469261026198154, -0.0022328542295520807, -0.005418609203037716], [-0.0022328542295520807, 0.006485901690657446, 0.005122520861567581], [-0.005418609203037716, 0.005122520861567581, 0.04941298561561993]], "chi2_level": 0.997, "chi2_df": 3, "chi2_threshold": 13.931422665512084, "N_raw": 75, "N_roi": 75, "N_inlier": 75, "refit": true}
{"timestamp": "17:25:02.237681", "frame": 17, "mu": [0.8218816298329817, 1.098185599325102, 1.3339812533170634], "Sigma": [[0.0033376060126251656, -0.004122417473472406, -0.006557964557859718], [-0.004122417473472406, 0.0130479937873726, 0.011231316580546276], [-0.006557964557859716, 0.011231316580546276, 0.020573608557038513]], "chi2_level": 0.997, "chi2_df": 3, "chi2_threshold": 13.931422665512084, "N_raw": 40, "N_roi": 40, "N_inlier": 36, "refit": true}
{"timestamp": "17:25:02.287799", "frame": 18, "mu": [0.782059925413089, 1.0626265168533247, 1.0151665922981803], "Sigma": [[0.0008542562314982849, -0.0003573802774138262, 0.0010558921612543945], [-0.0003573802774138262, 0.005678740751296541, -0.014776891678778048], [0.0010558921612543947, -0.014776891678778048, 0.14405227885314256]], "chi2_level": 0.997, "chi2_df": 3, "chi2_threshold": 13.931422665512084, "N_raw": 12, "N_roi": 12, "N_inlier": 12, "refit": true}
{"timestamp": "17:25:02.350866", "frame": 19, "mu": [0.7332168187900774, 1.1168049306793482, 1.3295851948616606], "Sigma": [[0.005969258427251698, -0.0028333699806669596, 0.003999796000976987], [-0.002833369980666959, 0.005202848126152828, -0.0017245332259208338], [0.0039997960009769875, -0.0017245332259208342, 0.23909353007086293]], "chi2_level": 0.997, "chi2_df": 3, "chi2_threshold": 13.931422665512084, "N_raw": 69, "N_roi": 69, "N_inlier": 67, "refit": true}
{"timestamp": "17:25:02.408244", "frame": 20, "mu": [0.662808072067046, 1.1277336733847287, -0.1466325340510412], "Sigma": [[0.005366896460428613, 0.0023407521179124842, 0.038839011977906936], [0.0023407521179124842, 0.026456594026583242, 0.012374470624719745], [0.038839011977906936, 0.012374470624719747, 0.7367890626859251]], "chi2_level": 0.997, "chi2_df": 3, "chi2_threshold": 13.931422665512084, "N_raw": 84, "N_roi": 84, "N_inlier": 84, "refit": true}
{"timestamp": "17:25:02.456646", "frame": 21, "mu": [0.6794358819849632, 1.0497801934648463, 1.3058172165815132], "Sigma": [[0.00688526196346956, -0.0016001205288318449, 0.021418166087388023], [-0.0016001205288318449, 0.0071871634658167835, -0.0036482055472018644], [0.021418166087388023, -0.0036482055472018627, 0.11295457661397146]], "chi2_level": 0.997, "chi2_df": 3, "chi2_threshold": 13.931422665512084, "N_raw": 41, "N_roi": 41, "N_inlier": 39, "refit": true}
{"timestamp": "17:25:02.516859", "frame": 22, "mu": [0.596352368104212, 1.075189664027064, 1.294270161614654], "Sigma": [[0.008264731036123974, -0.0035604699079982887, 0.024658533029653172], [-0.003560469907998288, 0.0056768352493048015, -0.0065103222585733535], [0.024658533029653172, -0.006510322258573353, 0.20420218043440916]], "chi2_level": 0.997, "chi2_df": 3, "chi2_threshold": 13.931422665512084, "N_raw": 76, "N_roi": 76, "N_inlier": 73, "refit": true}
{"timestamp": "17:25:02.575153", "frame": 23, "mu": [0.5595122518208633, 1.073057559382805, 1.134997623646236], "Sigma": [[0.008542939420385838, -0.0027678628305163565, 0.03751282824934579], [-0.0027678628305163565, 0.007977375921541473, -0.015654707293233636], [0.03751282824934579, -0.01565470729323364, 0.4344664175153522]], "chi2_level": 0.997, "chi2_df": 3, "chi2_threshold": 13.931422665512084, "N_raw": 100, "N_roi": 100, "N_inlier": 99, "refit": true}
{"timestamp": "17:25:02.628135", "frame": 24, "mu": [0.5602361109972193, 1.0424136836990159, 1.4438209049066204], "Sigma": [[0.005487319965765231, -0.0012518414340645756, -0.006114177463701943], [-0.0012518414340645756, 0.009571666067836255, 0.00287692313822523], [-0.006114177463701943, 0.00287692313822523, 0.008076474987936047]], "chi2_level": 0.997, "chi2_df": 3, "chi2_threshold": 13.931422665512084, "N_raw": 77, "N_roi": 77, "N_inlier": 71, "refit": true}
{"timestamp": "17:25:02.685700", "frame": 25, "mu": [0.3988838023185499, 1.0377059128838277, 1.3076172812687905], "Sigma": [[0.028227767059100746, 0.010121558627461308, 0.05801941616138685], [0.010121558627461308, 0.00784095382151892, 0.022847927845010736], [0.05801941616138685, 0.022847927845010736, 0.15195865083037283]], "chi2_level": 0.997, "chi2_df": 3, "chi2_threshold": 13.931422665512084, "N_raw": 105, "N_roi": 105, "N_inlier": 102, "refit": true}
{"timestamp": "17:25:02.739206", "frame": 26, "mu": [0.44175461346973877, 1.135030445205126, 1.559244596286809], "Sigma": [[0.004225171667942344, 0.0008070352479142178, -0.0033901819417455257], [0.0008070352479142178, 0.0076909970580075655, -0.0035269398604061146], [-0.003390181941745526, -0.0035269398604061146, 0.004637622992198615]], "chi2_level": 0.997, "chi2_df": 3, "chi2_threshold": 13.931422665512084, "N_raw": 88, "N_roi": 88, "N_inlier": 85, "refit": true}
{"timestamp": "17:25:02.793752", "frame": 27, "mu": [0.39487884303683973, 1.1332936466882644, 1.5419963430046795], "Sigma": [[0.003126555659478708, 0.00021696065370385386, -0.0003282664777781432], [0.00021696065370385378, 0.006863491887510914, -0.004405134964252098], [-0.0003282664777781432, -0.004405134964252098, 0.012414833578077959]], "chi2_level": 0.997, "chi2_df": 3, "chi2_threshold": 13.931422665512084, "N_raw": 83, "N_roi": 83, "N_inlier": 78, "refit": true}
{"timestamp": "17:25:02.845350", "frame": 28, "mu": [0.362462032170083, 1.1254407107497435, 1.4907380776416723], "Sigma": [[0.002890061494441703, 0.0004342657611134275, 0.0007328617736899919], [0.00043426576111342763, 0.003651370130328839, -0.003319919949974017], [0.0007328617736899916, -0.003319919949974017, 0.00401294481211592]], "chi2_level": 0.997, "chi2_df": 3, "chi2_threshold": 13.931422665512084, "N_raw": 62, "N_roi": 62, "N_inlier": 59, "refit": true}
{"timestamp": "17:25:02.911051", "frame": 29, "mu": [0.257587974998451, 1.168425884444078, 1.3469259756252205], "Sigma": [[0.006580299767478977, -0.0035083902129277836, 0.01792474465524698], [-0.0035083902129277836, 0.011487200411698692, -0.00739305811437686], [0.01792474465524698, -0.00739305811437686, 0.13503142851346914]], "chi2_level": 0.997, "chi2_df": 3, "chi2_threshold": 13.931422665512084, "N_raw": 138, "N_roi": 136, "N_inlier": 134, "refit": true}
{"timestamp": "17:25:02.962676", "frame": 30, "mu": [0.20621944059669176, 1.1826013066240537, 1.389298124664595], "Sigma": [[0.016002954516698475, -0.006440472164547309, 0.03812188191162123], [-0.006440472164547309, 0.008851512577638347, -0.02247082388504578], [0.03812188191162123, -0.02247082388504578, 0.11672929778877866]], "chi2_level": 0.997, "chi2_df": 3, "chi2_threshold": 13.931422665512084, "N_raw": 107, "N_roi": 107, "N_inlier": 104, "refit": true}
{"timestamp": "17:25:03.015602", "frame": 31, "mu": [0.1516823153393868, 1.1465022616049965, 1.0510126075709953], "Sigma": [[0.01967415876095898, -0.007802217539997587, 0.026991924736454974], [-0.007802217539997587, 0.013737621761739727, 0.00358538216126922], [0.026991924736454974, 0.0035853821612692196, 0.07749413062767266]], "chi2_level": 0.997, "chi2_df": 3, "chi2_threshold": 13.931422665512084, "N_raw": 101, "N_roi": 101, "N_inlier": 100, "refit": true}
{"timestamp": "17:25:03.078052", "frame": 32, "mu": [0.1535979083801941, 1.1522536882415757, 1.260609396150606], "Sigma": [[0.021543840058844375, -0.010369847310877058, 0.029465239137735473], [-0.010369847310877058, 0.014007454501988648, -0.006163832611226727], [0.02946523913773548, -0.006163832611226727, 0.09088684061438729]], "chi2_level": 0.997, "chi2_df": 3, "chi2_threshold": 13.931422665512084, "N_raw": 150, "N_roi": 150, "N_inlier": 143, "refit": true}
{"timestamp": "17:25:03.123105", "frame": 33, "mu": [0.1640786588348254, 1.1291855936410444, 1.3653836038927705], "Sigma": [[0.008087771708331215, 0.004545754958989616, 0.037290995953309834], [0.004545754958989616, 0.009564852359050654, 0.03567266468587618], [0.03729099595330984, 0.03567266468587618, 0.27749304412817094]], "chi2_level": 0.997, "chi2_df": 3, "chi2_threshold": 13.931422665512084, "N_raw": 78, "N_roi": 78, "N_inlier": 77, "refit": true}
{"timestamp": "17:25:03.177902", "frame": 34, "mu": [-0.08841747604661314, 1.213780077361179, 1.203292342616761], "Sigma": [[0.03290126819641432, -0.012875172982241195, 0.06489787689400357], [-0.012875172982241195, 0.00645749966945369, -0.02784682256262838], [0.06489787689400357, -0.02784682256262838, 0.15375267220774877]], "chi2_level": 0.997, "chi2_df": 3, "chi2_threshold": 13.931422665512084, "N_raw": 75, "N_roi": 75, "N_inlier": 71, "refit": true}
{"timestamp": "17:25:03.238060", "frame": 35, "mu": [0.0598195021749069, 1.1662112013431405, 1.560945364497156], "Sigma": [[0.012653074100925787, -0.0030901575624700263, 0.017951914846785936], [-0.0030901575624700268, 0.008690738016908782, -0.010189020611136898], [0.01795191484678594, -0.010189020611136898, 0.04088387971003929]], "chi2_level": 0.997, "chi2_df": 3, "chi2_threshold": 13.931422665512084, "N_raw": 121, "N_roi": 121, "N_inlier": 116, "refit": true}
{"timestamp": "17:25:03.296478", "frame": 36, "mu": [-0.03510673986930368, 1.1784093396858482, 1.4178212154479912], "Sigma": [[0.02166148449032119, -0.0099880053595422, 0.035179527176033655], [-0.0099880053595422, 0.008806234103278405, -0.019042079294019687], [0.035179527176033655, -0.019042079294019687, 0.07987350303973835]], "chi2_level": 0.997, "chi2_df": 3, "chi2_threshold": 13.931422665512084, "N_raw": 143, "N_roi": 143, "N_inlier": 138, "refit": true}
{"timestamp": "17:25:03.345029", "frame": 37, "mu": [-0.0184812391317978, 1.184405532313252, 0.36494644239356194], "Sigma": [[0.00549682227723615, -0.0026388311643021117, 0.04203363062554943], [-0.0026388311643021113, 0.007044791943204923, -0.025376884501855247], [0.04203363062554942, -0.025376884501855247, 0.5774071524535486]], "chi2_level": 0.997, "chi2_df": 3, "chi2_threshold": 13.931422665512084, "N_raw": 97, "N_roi": 97, "N_inlier": 96, "refit": true}
{"timestamp": "17:25:03.397666", "frame": 38, "mu": [-0.0412355283174303, 1.102339294702987, 1.5830447297949584], "Sigma": [[0.0030671678030127075, 0.0002918022812016194, -0.0005413481041652794], [0.00029180228120161947, 0.003611879846122227, -0.0031130524432577216], [-0.0005413481041652794, -0.003113052443257721, 0.0032010777719172234]], "chi2_level": 0.997, "chi2_df": 3, "chi2_threshold": 13.931422665512084, "N_raw": 73, "N_roi": 73, "N_inlier": 69, "refit": true}
{"timestamp": "17:25:03.452145", "frame": 39, "mu": [-0.12186277084667632, 1.043199101521301, 1.4704934723266732], "Sigma": [[0.0029651776962272398, 0.002193900563985109, 0.0058435850036304225], [0.002193900563985109, 0.00894064492142914, 0.004097781010714443], [0.0058435850036304225, 0.004097781010714443, 0.01975362322060335]], "chi2_level": 0.997, "chi2_df": 3, "chi2_threshold": 13.931422665512084, "N_raw": 78, "N_roi": 78, "N_inlier": 74, "refit": true}
{"timestamp": "17:25:03.502186", "frame": 40, "mu": [-0.12765082042064194, 1.0818392982451588, 1.6399088692744037], "Sigma": [[0.002061349189763679, 0.0001711720945187412, -0.001099353921886625], [0.00017117209451874126, 0.0027602260743642072, -0.0024891255857140615], [-0.001099353921886625, -0.0024891255857140615, 0.0032843623658775946]], "chi2_level": 0.997, "chi2_df": 3, "chi2_threshold": 13.931422665512084, "N_raw": 49, "N_roi": 49, "N_inlier": 46, "refit": true}
{"timestamp": "17:25:03.567011", "frame": 41, "mu": [-0.2563749351173539, 1.0294688359947861, 1.3484502316951328], "Sigma": [[0.004269140359249443, -0.004246997122375591, -0.00868317756221055], [-0.00424699712237559, 0.0128668174368137, 0.021996259299229236], [-0.00868317756221055, 0.021996259299229236, 0.10748468914892496]], "chi2_level": 0.997, "chi2_df": 3, "chi2_threshold": 13.931422665512084, "N_raw": 111, "N_roi": 111, "N_inlier": 107, "refit": true}
{"timestamp": "17:25:03.619182", "frame": 42, "mu": [-0.28701427065191515, 1.0528577066103157, 1.489235355659686], "Sigma": [[0.003206660435760608, -0.0020346648652115927, -0.003392091173671896], [-0.0020346648652115927, 0.009631035875591916, 0.007468324152103819], [-0.003392091173671896, 0.007468324152103822, 0.037385491062807516]], "chi2_level": 0.997, "chi2_df": 3, "chi2_threshold": 13.931422665512084, "N_raw": 93, "N_roi": 93, "N_inlier": 89, "refit": true}
{"timestamp": "17:25:03.674847", "frame": 43, "mu": [-0.30069072418124226, 1.044855905228042, 1.3626325904245975], "Sigma": [[0.002892351678129369, -0.00023881512530163712, -0.0012517384744539586], [-0.00023881512530163723, 0.009917264549252307, -0.004792046104164941], [-0.001251738474453959, -0.004792046104164941, 0.20968936660493775]], "chi2_level": 0.997, "chi2_df": 3, "chi2_threshold": 13.931422665512084, "N_raw": 93, "N_roi": 93, "N_inlier": 93, "refit": true}
{"timestamp": "17:25:03.728092", "frame": 44, "mu": [-0.3097874025562017, 1.2013258295890439, -0.4314236667802757], "Sigma": [[0.002913467616048053, -0.0013945790252386345, 0.0013570686307836006], [-0.0013945790252386345, 0.006274853804422714, -0.006538873649948478], [0.0013570686307836, -0.006538873649948478, 0.14401919193358756]], "chi2_level": 0.997, "chi2_df": 3, "chi2_threshold": 13.931422665512084, "N_raw": 79, "N_roi": 79, "N_inlier": 76, "refit": true}
{"timestamp": "17:25:03.783242", "frame": 45, "mu": [-0.39732219450271256, 1.0735202864666684, 1.6045324774220737], "Sigma": [[0.003490958452295311, -9.557577237622581e-05, -0.0010777465213226774], [-9.557577237622584e-05, 0.003480740084626061, -0.004802371396386894], [-0.0010777465213226772, -0.004802371396386895, 0.0077360617592538835]], "chi2_level": 0.997, "chi2_df": 3, "chi2_threshold": 13.931422665512084, "N_raw": 84, "N_roi": 84, "N_inlier": 75, "refit": true}
{"timestamp": "17:25:03.833189", "frame": 46, "mu": [-0.34474660110970745, 1.1537263414817844, 1.128722893668065], "Sigma": [[0.010049648411436688, 0.010445635038016338, -0.02168456793190352], [0.01044563503801634, 0.02013469682218282, -0.0523869137086337], [-0.02168456793190352, -0.0523869137086337, 0.29419422537561707]], "chi2_level": 0.997, "chi2_df": 3, "chi2_threshold": 13.931422665512084, "N_raw": 52, "N_roi": 52, "N_inlier": 51, "refit": true}
{"timestamp": "17:25:03.885760", "frame": 47, "mu": [-0.5428721417908572, 1.0403990673037669, 1.5650172342597273], "Sigma": [[0.0035498203309112775, -0.0015414509512040632, -0.006408182715302363], [-0.0015414509512040628, 0.002565097970675629, 0.009763528848884383], [-0.006408182715302364, 0.009763528848884383, 0.08272749567035179]], "chi2_level": 0.997, "chi2_df": 3, "chi2_threshold": 13.931422665512084, "N_raw": 32, "N_roi": 32, "N_inlier": 32, "refit": true}
{"timestamp": "17:25:03.951981", "frame": 48, "mu": [-0.5005175961119397, 1.041762014165485, 1.3637446069062849], "Sigma": [[0.008493345133723027, -0.0018338000184241407, -0.019727033238468798], [-0.0018338000184241407, 0.004052405719203552, -0.0015951644064133986], [-0.0197270332384688, -0.0015951644064133989, 0.09130037320538018]], "chi2_level": 0.997, "chi2_df": 3, "chi2_threshold": 13.931422665512084, "N_raw": 109, "N_roi": 109, "N_inlier": 107, "refit": true}
{"timestamp": "17:25:04.009006", "frame": 49, "mu": [-0.5479295679394781, 1.0753757658828835, 0.19926744113420436], "Sigma": [[0.008536570912386418, -0.005230673364474664, 0.02884900389465892], [-0.005230673364474666, 0.010429170305008362, -0.029560717120145096], [0.02884900389465892, -0.029560717120145096, 0.2170719420284271]], "chi2_level": 0.997, "chi2_df": 3, "chi2_threshold": 13.931422665512084, "N_raw": 112, "N_roi": 112, "N_inlier": 112, "refit": true}
{"timestamp": "17:25:04.063754", "frame": 50, "mu": [-0.6278093545225161, 1.0949957616093788, 1.4288988689851652], "Sigma": [[0.010772451508440294, 0.0053902016720944485, -0.02239034326504077], [0.0053902016720944485, 0.008858692694568371, -0.023504856736487646], [-0.02239034326504077, -0.023504856736487646, 0.1747143825591175]], "chi2_level": 0.997, "chi2_df": 3, "chi2_threshold": 13.931422665512084, "N_raw": 108, "N_roi": 107, "N_inlier": 103, "refit": true}
{"timestamp": "17:25:04.119046", "frame": 51, "mu": [-0.6154999873625724, 1.1072766717499805, 1.3579217596929436], "Sigma": [[0.004360442634919044, -0.0015488551808585354, -0.017127230643489682], [-0.0015488551808585354, 0.006700942434894897, 0.017803561213606163], [-0.017127230643489682, 0.017803561213606163, 0.19008734086587306]], "chi2_level": 0.997, "chi2_df": 3, "chi2_threshold": 13.931422665512084, "N_raw": 111, "N_roi": 109, "N_inlier": 100, "refit": true}
{"timestamp": "17:25:04.167149", "frame": 52, "mu": [-0.698184515620126, 1.1788053824755953, 1.4941037397146626], "Sigma": [[0.0035493528230860884, -0.0004204804137625088, -0.005471529511277062], [-0.00042048041376250883, 0.0054222848023216365, 0.007531639763741417], [-0.005471529511277061, 0.007531639763741417, 0.1610950391087542]], "chi2_level": 0.997, "chi2_df": 3, "chi2_threshold": 13.931422665512084, "N_raw": 70, "N_roi": 70, "N_inlier": 68, "refit": true}
{"timestamp": "17:25:04.220952", "frame": 53, "mu": [-0.7503874154912431, 1.1855797339159537, 1.580780769617163], "Sigma": [[0.004317935087234694, -0.0009858876146687913, 0.007323471268339493], [-0.000985887614668791, 0.0077319230417130244, -0.027277389734121138], [0.007323471268339491, -0.027277389734121138, 0.17896573430306267]], "chi2_level": 0.997, "chi2_df": 3, "chi2_threshold": 13.931422665512084, "N_raw": 67, "N_roi": 67, "N_inlier": 65, "refit": true}
{"timestamp": "17:25:04.284385", "frame": 54, "mu": [-0.8138981576589194, 1.0879866430554026, 1.4587022712297537], "Sigma": [[0.0177524636247573, 0.007143105383414845, -0.02193889259246687], [0.007143105383414845, 0.021660420475846473, -0.009842882867172187], [-0.02193889259246687, -0.009842882867172189, 0.09618455020970831]], "chi2_level": 0.997, "chi2_df": 3, "chi2_threshold": 13.931422665512084, "N_raw": 126, "N_roi": 126, "N_inlier": 124, "refit": true}
{"timestamp": "17:25:04.336919", "frame": 55, "mu": [-0.9115134218755887, 1.1039302721480673, 1.7228611237789395], "Sigma": [[0.029178705745255662, 0.012707764059737767, -0.018065318090300382], [0.012707764059737767, 0.01313177260545057, -0.006816054817108254], [-0.018065318090300382, -0.006816054817108254, 0.05102284568356864]], "chi2_level": 0.997, "chi2_df": 3, "chi2_threshold": 13.931422665512084, "N_raw": 97, "N_roi": 97, "N_inlier": 94, "refit": true}
{"timestamp": "17:25:04.387102", "frame": 56, "mu": [-0.9795223572601909, 1.0457425992718792, 1.607000136701318], "Sigma": [[0.03606269942284743, 0.025144032506920433, -0.03249882720772506], [0.025144032506920433, 0.030476684907369343, -0.042466205749833605], [-0.03249882720772506, -0.04246620574983361, 0.19188683223760908]], "chi2_level": 0.997, "chi2_df": 3, "chi2_threshold": 13.931422665512084, "N_raw": 51, "N_roi": 51, "N_inlier": 50, "refit": true}
{"timestamp": "17:25:04.440490", "frame": 57, "mu": [-1.102505505845173, 1.0242668460885587, -0.12632287018329896], "Sigma": [[0.03310506258196313, 0.02792625965497153, -0.006987832008705534], [0.02792625965497153, 0.03158968646547733, -0.002593225237411097], [-0.006987832008705534, -0.0025932252374110953, 0.01861846621595793]], "chi2_level": 0.997, "chi2_df": 3, "chi2_threshold": 13.931422665512084, "N_raw": 66, "N_roi": 66, "N_inlier": 62, "refit": true}
{"timestamp": "17:25:04.501344", "frame": 58, "mu": [-1.1067640176304658, 1.0530356158851157, 1.5885777602859095], "Sigma": [[0.03647623028210081, 0.02531667889820491, -0.029922956532013135], [0.02531667889820491, 0.023635244212622877, -0.025082522000710414], [-0.029922956532013135, -0.025082522000710414, 0.042705247001263144]], "chi2_level": 0.997, "chi2_df": 3, "chi2_threshold": 13.931422665512084, "N_raw": 111, "N_roi": 111, "N_inlier": 111, "refit": true}
{"timestamp": "17:25:04.559751", "frame": 59, "mu": [-1.1903895800240243, 1.061280631874288, 1.7877574803399474], "Sigma": [[0.026019992744653934, 0.01788598531029475, -0.0017800615974166267], [0.01788598531029475, 0.01910837190280567, -0.008662660421015147], [-0.001780061597416627, -0.008662660421015149, 0.014898718696659057]], "chi2_level": 0.997, "chi2_df": 3, "chi2_threshold": 13.931422665512084, "N_raw": 119, "N_roi": 119, "N_inlier": 115, "refit": true}
{"timestamp": "17:25:04.613817", "frame": 60, "mu": [-1.1555934383103164, 1.1541747764622075, 1.8359584908786608], "Sigma": [[0.025932795476013418, 0.018360702831618794, -0.014458769084864773], [0.018360702831618794, 0.02248005617404062, -0.0126355982512929], [-0.014458769084864773, -0.012635598251292901, 0.009324363077243186]], "chi2_level": 0.997, "chi2_df": 3, "chi2_threshold": 13.931422665512084, "N_raw": 119, "N_roi": 119, "N_inlier": 115, "refit": true}
{"timestamp": "17:25:04.672107", "frame": 61, "mu": [-1.2341119634941529, 1.1416966923915612, 1.6901173879126947], "Sigma": [[0.02972266652361509, 0.022271633815899135, -0.0271416352940651], [0.022271633815899135, 0.026750137076235147, -0.036596232714083264], [-0.0271416352940651, -0.036596232714083264, 0.0752981598771934]], "chi2_level": 0.997, "chi2_df": 3, "chi2_threshold": 13.931422665512084, "N_raw": 139, "N_roi": 139, "N_inlier": 136, "refit": true}
{"timestamp": "17:25:04.724973", "frame": 62, "mu": [-1.1912261991130013, 1.17755285708156, 1.5581435037768592], "Sigma": [[0.049793678985277284, 0.030716281793005958, -0.1092223639985413], [0.030716281793005958, 0.02588926428648425, -0.07084915954984448], [-0.1092223639985413, -0.07084915954984448, 0.35713155556393206]], "chi2_level": 0.997, "chi2_df": 3, "chi2_threshold": 13.931422665512084, "N_raw": 121, "N_roi": 121, "N_inlier": 121, "refit": true}
{"timestamp": "17:25:04.780899", "frame": 63, "mu": [-1.3547654328434677, 1.093995092839674, 1.7555738863680321], "Sigma": [[0.022965886556397263, 0.015737069836847525, -0.0004004928549796996], [0.015737069836847525, 0.021755426020577326, -0.007094875219230601], [-0.0004004928549796994, -0.007094875219230601, 0.007582888960155444]], "chi2_level": 0.997, "chi2_df": 3, "chi2_threshold": 13.931422665512084, "N_raw": 125, "N_roi": 125, "N_inlier": 115, "refit": true}
{"timestamp": "17:25:04.836242", "frame": 64, "mu": [-1.2488952233090334, 1.2488287341751365, 1.4841052314107535], "Sigma": [[0.045543843140160786, 0.039247398149339585, -0.10510062900632386], [0.03924739814933959, 0.04178886698109596, -0.10962312478710061], [-0.10510062900632386, -0.10962312478710061, 0.3811443477550125]], "chi2_level": 0.997, "chi2_df": 3, "chi2_threshold": 13.931422665512084, "N_raw": 126, "N_roi": 126, "N_inlier": 125, "refit": true}
{"timestamp": "17:25:04.891040", "frame": 65, "mu": [-1.2971018710453195, 1.2349760138781478, 1.5924362157522438], "Sigma": [[0.03337915641578592, 0.02830533500559377, -0.08480122673926892], [0.02830533500559377, 0.033847243289854806, -0.09343596310354375], [-0.08480122673926892, -0.09343596310354375, 0.3618994363777262]], "chi2_level": 0.997, "chi2_df": 3, "chi2_threshold": 13.931422665512084, "N_raw": 129, "N_roi": 129, "N_inlier": 127, "refit": true}
{"timestamp": "17:25:04.940989", "frame": 66, "mu": [-1.2710935130120937, 1.30883115288261, 1.6337446523538013], "Sigma": [[0.025333535675037665, 0.018968866021107658, -0.02512332988365866], [0.018968866021107658, 0.021682289291723316, -0.03456447402788916], [-0.02512332988365866, -0.03456447402788916, 0.08170141866766426]], "chi2_level": 0.997, "chi2_df": 3, "chi2_threshold": 13.931422665512084, "N_raw": 95, "N_roi": 95, "N_inlier": 90, "refit": true}
{"timestamp": "17:25:04.990232", "frame": 67, "mu": [-1.3598177399324973, 1.30909160052138, -0.1931395474624034], "Sigma": [[0.028632611067676113, 0.03297911628887897, -0.02133939808358362], [0.03297911628887897, 0.07664705965048724, -0.09029792850577581], [-0.021339398083583625, -0.09029792850577581, 0.15795324364177973]], "chi2_level": 0.997, "chi2_df": 3, "chi2_threshold": 13.931422665512084, "N_raw": 58, "N_roi": 58, "N_inlier": 58, "refit": true}
{"timestamp": "17:25:05.051895", "frame": 68, "mu": [-1.352194324883293, 1.3148685478395306, 0.1339117951832533], "Sigma": [[0.030044357522512437, 0.03330924747221867, -0.021329647854161624], [0.03330924747221867, 0.051773336692400154, -0.041429711121888285], [-0.021329647854161624, -0.041429711121888285, 0.056923083007187694]], "chi2_level": 0.997, "chi2_df": 3, "chi2_threshold": 13.931422665512084, "N_raw": 108, "N_roi": 108, "N_inlier": 105, "refit": true}
{"timestamp": "17:25:05.101836", "frame": 69, "mu": [-1.4229582677357315, 1.270670770598395, 0.13439980580495514], "Sigma": [[0.038835576547234275, 0.030836478330222225, -0.011417555045316292], [0.030836478330222218, 0.040307877210554816, -0.011853993277330287], [-0.011417555045316293, -0.01185399327733029, 0.01582875595157497]], "chi2_level": 0.997, "chi2_df": 3, "chi2_threshold": 13.931422665512084, "N_raw": 76, "N_roi": 76, "N_inlier": 73, "refit": true}
{"timestamp": "17:25:05.153184", "frame": 70, "mu": [-1.5818122810404092, 1.2198095283596384, 1.8411159156627603], "Sigma": [[0.029053404824313796, 0.017996939300006298, -0.010067328292507317], [0.017996939300006294, 0.01955238024841594, -0.024297836338225628], [-0.010067328292507317, -0.024297836338225628, 0.05792557886525507]], "chi2_level": 0.997, "chi2_df": 3, "chi2_threshold": 13.931422665512084, "N_raw": 52, "N_roi": 52, "N_inlier": 49, "refit": true}
{"timestamp": "17:25:05.205163", "frame": 71, "mu": [-1.4830188936320832, 1.4151569336839358, 1.606509366086206], "Sigma": [[0.06304690592429044, 0.04816454663525527, -0.07012812484506457], [0.04816454663525527, 0.04842498607896133, -0.09339246580819788], [-0.07012812484506457, -0.09339246580819788, 0.28290052942251415]], "chi2_level": 0.997, "chi2_df": 3, "chi2_threshold": 13.931422665512084, "N_raw": 31, "N_roi": 31, "N_inlier": 31, "refit": true}
{"timestamp": "17:25:05.264694", "frame": 72, "mu": [-1.6001715614430208, 1.279523034795364, 0.20154654671912314], "Sigma": [[0.03958510585789567, 0.028869236806894523, -0.004251883364040169], [0.028869236806894523, 0.03651779637921038, -0.01864528756158635], [-0.004251883364040169, -0.01864528756158635, 0.023267878217548006]], "chi2_level": 0.997, "chi2_df": 3, "chi2_threshold": 13.931422665512084, "N_raw": 58, "N_roi": 58, "N_inlier": 58, "refit": true}
{"timestamp": "17:25:05.322148", "frame": 73, "mu": [-1.492990138762055, 1.5362936427612197, -0.05947768788826553], "Sigma": [[0.04520988914911172, 0.04519778774882262, -0.03391523219984545], [0.04519778774882262, 0.08449954039689452, -0.1143477873063451], [-0.03391523219984545, -0.1143477873063451, 0.20797173577584144]], "chi2_level": 0.997, "chi2_df": 3, "chi2_threshold": 13.931422665512084, "N_raw": 80, "N_roi": 80, "N_inlier": 80, "refit": true}
{"timestamp": "17:25:05.372325", "frame": 74, "mu": [-1.320387299908281, 1.5693962066342018, 1.7599564990143977], "Sigma": [[0.049668840917590634, 0.03355462628045248, -0.04661334878551056], [0.03355462628045248, 0.02612477758729055, -0.03604483807264031], [-0.04661334878551056, -0.03604483807264031, 0.0685503478943886]], "chi2_level": 0.997, "chi2_df": 3, "chi2_threshold": 13.931422665512084, "N_raw": 40, "N_roi": 40, "N_inlier": 37, "refit": true}
{"timestamp": "17:25:05.433953", "frame": 75, "mu": [-1.2604773759853276, 1.7840781099395404, 0.2991223778934852], "Sigma": [[0.009200192434814672, -0.000910736027517867, 0.034547216994130166], [-0.000910736027517867, 0.011731746179725515, -0.0007347620894874599], [0.03454721699413016, -0.0007347620894874582, 0.339425371514355]], "chi2_level": 0.997, "chi2_df": 3, "chi2_threshold": 13.931422665512084, "N_raw": 93, "N_roi": 93, "N_inlier": 92, "refit": true}
{"timestamp": "17:25:05.486829", "frame": 76, "mu": [-1.3074436283509139, 1.8388430125293915, -0.43161563432728156], "Sigma": [[0.032859152897160515, 0.0397429641015469, -0.01635277329819951], [0.0397429641015469, 0.062359609160137455, -0.04616053540353109], [-0.01635277329819951, -0.04616053540353109, 0.15505653836271946]], "chi2_level": 0.997, "chi2_df": 3, "chi2_threshold": 13.931422665512084, "N_raw": 65, "N_roi": 65, "N_inlier": 64, "refit": true}
{"timestamp": "17:25:05.539420", "frame": 77, "mu": [-1.2226661163102754, 1.8425163528347381, 1.4520473127634843], "Sigma": [[0.009222629003208511, -0.002069769208552345, 0.015696221227498416], [-0.002069769208552345, 0.00529510163780363, -0.022578448866662947], [0.015696221227498412, -0.022578448866662944, 0.15061613405074267]], "chi2_level": 0.997, "chi2_df": 3, "chi2_threshold": 13.931422665512084, "N_raw": 52, "N_roi": 52, "N_inlier": 50, "refit": true}
{"timestamp": "17:25:05.596119", "frame": 78, "mu": [-1.2415885721596092, 1.8605294766293075, 1.5554543056604884], "Sigma": [[0.0072633249361850885, 7.203366740083573e-05, -0.0005348033882593029], [7.203366740083595e-05, 0.009277692024639973, -0.01838076874012085], [-0.0005348033882593033, -0.01838076874012085, 0.06543831201293847]], "chi2_level": 0.997, "chi2_df": 3, "chi2_threshold": 13.931422665512084, "N_raw": 67, "N_roi": 67, "N_inlier": 64, "refit": true}
{"timestamp": "17:25:05.657952", "frame": 79, "mu": [-1.310092760631678, 1.9952856521888627, 0.3932032632955621], "Sigma": [[0.031168695673324025, -0.019228588261486195, 0.09939791119449037], [-0.01922858826148619, 0.026959548719731562, -0.04815704358815459], [0.09939791119449037, -0.04815704358815459, 0.5485251530032805]], "chi2_level": 0.997, "chi2_df": 3, "chi2_threshold": 13.931422665512084, "N_raw": 113, "N_roi": 113, "N_inlier": 112, "refit": true}
{"timestamp": "17:25:05.707854", "frame": 80, "mu": [-1.2467139983047222, 2.049105248383985, -0.0426293967854986], "Sigma": [[0.009155895151467119, 0.006975259233665588, -0.00906756717047542], [0.006975259233665588, 0.015199384890011691, -0.016879661154130542], [-0.009067567170475419, -0.01687966115413054, 0.043175751011291216]], "chi2_level": 0.997, "chi2_df": 3, "chi2_threshold": 13.931422665512084, "N_raw": 73, "N_roi": 73, "N_inlier": 64, "refit": true}
{"timestamp": "17:25:05.763271", "frame": 81, "mu": [-1.2764914222608086, 1.9948048756318495, 0.15254779085290995], "Sigma": [[0.006378862262947504, 0.0018578888739151582, -0.0012519131323436804], [0.0018578888739151582, 0.01654196975617915, -0.022882995692545264], [-0.0012519131323436806, -0.022882995692545264, 0.045066414014439414]], "chi2_level": 0.997, "chi2_df": 3, "chi2_threshold": 13.931422665512084, "N_raw": 52, "N_roi": 52, "N_inlier": 48, "refit": true}
{"timestamp": "17:25:05.812062", "frame": 82, "mu": [-1.3987931118503634, 1.9284447848459905, 1.7701606526985665], "Sigma": [[0.04433245418333216, 0.026414640735099484, -0.03212613777940278], [0.026414640735099484, 0.02047605912759171, -0.021829108874620647], [-0.03212613777940278, -0.021829108874620647, 0.05195519877248131]], "chi2_level": 0.997, "chi2_df": 3, "chi2_threshold": 13.931422665512084, "N_raw": 49, "N_roi": 49, "N_inlier": 46, "refit": true}
{"timestamp": "17:25:05.868061", "frame": 83, "mu": [-1.3835470028396404, 2.0645307447695176, 0.1327434106210167], "Sigma": [[0.010053981175521276, 0.012195541318438172, -0.02283735557528993], [0.012195541318438172, 0.02761712805936901, -0.05342249201002601], [-0.02283735557528993, -0.05342249201002601, 0.1352485306098974]], "chi2_level": 0.997, "chi2_df": 3, "chi2_threshold": 13.931422665512084, "N_raw": 48, "N_roi": 48, "N_inlier": 47, "refit": true}
{"timestamp": "17:25:05.923951", "frame": 84, "mu": [-1.417544019204226, 2.082521917833797, 1.316147363664594], "Sigma": [[0.18205162288005738, 0.1091003261222184, -0.030885629177336282], [0.1091003261222184, 0.07557343515612162, -0.019728453478382854], [-0.03088562917733628, -0.019728453478382854, 0.010303920323843032]], "chi2_level": 0.997, "chi2_df": 3, "chi2_threshold": 13.931422665512084, "N_raw": 57, "N_roi": 57, "N_inlier": 55, "refit": true}
{"timestamp": "17:25:05.986780", "frame": 85, "mu": [-1.316258509825064, 2.165866544979828, 1.5028123314459954], "Sigma": [[0.010816235434518677, 0.003946820560922113, -0.00912484900808518], [0.003946820560922113, 0.012628831117681151, -0.018574202561498665], [-0.00912484900808518, -0.018574202561498665, 0.0699204110837929]], "chi2_level": 0.997, "chi2_df": 3, "chi2_threshold": 13.931422665512084, "N_raw": 104, "N_roi": 103, "N_inlier": 100, "refit": true}
{"timestamp": "17:25:06.039685", "frame": 86, "mu": [-1.3337966529402556, 2.176328818050904, 1.3574617133262505], "Sigma": [[0.012575090409291452, 0.00197934171266178, -0.017178733030521004], [0.00197934171266178, 0.008462782445220725, -0.018925243521419], [-0.017178733030521, -0.018925243521419003, 0.2789992789910674]], "chi2_level": 0.997, "chi2_df": 3, "chi2_threshold": 13.931422665512084, "N_raw": 84, "N_roi": 84, "N_inlier": 83, "refit": true}
