{"timestamp": "16:54:25.086672", "frame": 1, "mu": [2.0469444938339554, 1.2201361205105004, 1.3474470245939898], "Sigma": [[0.00897028674407995, -0.004839407383664429, -0.0016529614454571066], [-0.004839407383664429, 0.012154278030424768, -0.0035509316167869663], [-0.0016529614454571064, -0.0035509316167869663, 0.0031198335831433745]], "chi2_level": 0.997, "chi2_df": 3, "chi2_threshold": 13.931422665512084, "N_raw": 47, "N_roi": 47, "N_inlier": 45, "refit": true}
{"timestamp": "16:54:25.142458", "frame": 2, "mu": [2.1175246600792326, 1.0953675442076325, 1.210209611654388], "Sigma": [[0.006832080650119715, -0.003538207792598349, 0.0006840113330515513], [-0.003538207792598349, 0.0127047866940672, -0.0014141026566028296], [0.0006840113330515512, -0.0014141026566028287, 0.02227724728282203]], "chi2_level": 0.997, "chi2_df": 3, "chi2_threshold": 13.931422665512084, "N_raw": 44, "N_roi": 44, "N_inlier": 44, "refit": true}
{"timestamp": "16:54:25.196446", "frame": 3, "mu": [2.1189295918223325, 1.0614328474542962, 1.253158055973067], "Sigma": [[0.005563896141739963, -0.006986705987644424, -0.0010856636804973691], [-0.006986705987644424, 0.01591357995427019, -0.008577025239735452], [-0.0010856636804973693, -0.008577025239735452, 0.021868460583123604]], "chi2_level": 0.997, "chi2_df": 3, "chi2_threshold": 13.931422665512084, "N_raw": 42, "N_roi": 42, "N_inlier": 41, "refit": true}
{"timestamp": "16:54:25.246705", "frame": 4, "mu": [1.9981270539576546, 1.2855771071716995, 1.021376788578428], "Sigma": [[0.002423009709303391, -0.0011708663956582258, -0.003474120734400549], [-0.0011708663956582258, 0.0014356914394886714, 0.0010134382568163032], [-0.0034741207344005497, 0.0010134382568163032, 0.007675398347904881]], "chi2_level": 0.997, "chi2_df": 3, "chi2_threshold": 13.931422665512084, "N_raw": 6, "N_roi": 6, "N_inlier": 6, "refit": true}
{"timestamp": "16:54:25.304044", "frame": 5, "mu": [2.0480950009310948, 1.064416668582749, 1.1844559449707146], "Sigma": [[0.003102661160535351, -0.0027915324996348736, -0.004903122630058856], [-0.0027915324996348736, 0.0036425873792559895, 0.0010801075158641854], [-0.004903122630058856, 0.0010801075158641856, 0.017845254924785236]], "chi2_level": 0.997, "chi2_df": 3, "chi2_threshold": 13.931422665512084, "N_raw": 19, "N_roi": 19, "N_inlier": 19, "refit": true}
{"timestamp": "16:54:25.357005", "frame": 6, "mu": [2.071641703241089, 1.007829011670536, 1.222670675550693], "Sigma": [[0.0004787618817023536, 0.00038439051492440934, -0.0012768467500586312], [0.00038439051492440923, 0.005059426236928654, -0.01226668433103442], [-0.0012768467500586312, -0.012266684331034422, 0.052405766787604946]], "chi2_level": 0.997, "chi2_df": 3, "chi2_threshold": 13.931422665512084, "N_raw": 6, "N_roi": 6, "N_inlier": 6, "refit": true}
{"timestamp": "16:54:25.415599", "frame": 7, "mu": [2.037781431195592, 1.0020034949091812, 1.1751214592444394], "Sigma": [[0.0050897305368785865, -0.005075145450186426, -0.0011364682794698167], [-0.005075145450186426, 0.013674723730525683, -0.003664891135339887], [-0.001136468279469817, -0.003664891135339886, 0.0044312734666979055]], "chi2_level": 0.997, "chi2_df": 3, "chi2_threshold": 13.931422665512084, "N_raw": 34, "N_roi": 34, "N_inlier": 33, "refit": true}
{"timestamp": "16:54:25.468179", "frame": 8, "mu": [2.032074011683768, 0.9315010268267744, 1.1871635918990564], "Sigma": [[0.0024485502706591495, -0.0023378959198718545, 0.0020086967772492107], [-0.0023378959198718545, 0.008374803685052409, -0.007184782944076359], [0.0020086967772492102, -0.007184782944076359, 0.019996352703168466]], "chi2_level": 0.997, "chi2_df": 3, "chi2_threshold": 13.931422665512084, "N_raw": 15, "N_roi": 15, "N_inlier": 15, "refit": true}
{"timestamp": "16:54:25.522596", "frame": 9, "mu": [2.0160666491973114, 0.9083358535920465, 1.3311167425289159], "Sigma": [[0.0035032481946889824, -0.002571581182528723, -0.005747274096890091], [-0.002571581182528723, 0.004199236689117996, 0.0014496072408429854], [-0.005747274096890091, 0.0014496072408429856, 0.036898157160949824]], "chi2_level": 0.997, "chi2_df": 3, "chi2_threshold": 13.931422665512084, "N_raw": 13, "N_roi": 13, "N_inlier": 12, "refit": true}
{"timestamp": "16:54:25.576966", "frame": 10, "mu": [2.0202934913250603, 0.7762627471635011, 1.362381504048309], "Sigma": [[0.004854709674764675, -0.005878846207229709, -0.01020901443998702], [-0.005878846207229709, 0.007826614248173254, 0.015125238451224677], [-0.010209014439987021, 0.015125238451224678, 0.04444368707982238]], "chi2_level": 0.997, "chi2_df": 3, "chi2_threshold": 13.931422665512084, "N_raw": 5, "N_roi": 5, "N_inlier": 5, "refit": true}
{"timestamp": "16:54:25.635458", "frame": 11, "mu": [1.9470830840224103, 0.935161145769653, 1.167136088420468], "Sigma": [[0.004417242985957685, -0.005862479593770103, -0.01023409502318235], [-0.005862479593770103, 0.013947176490958528, 0.0163090157754772], [-0.01023409502318235, 0.0163090157754772, 0.04516861024769524]], "chi2_level": 0.997, "chi2_df": 3, "chi2_threshold": 13.931422665512084, "N_raw": 31, "N_roi": 31, "N_inlier": 31, "refit": true}
{"timestamp": "16:54:25.686069", "frame": 12, "mu": [1.8875895338207906, 0.8451134204452135, 1.3442623876627826], "Sigma": [[0.0045657163652928975, -0.005154732121960935, -0.014326107676363374], [-0.005154732121960936, 0.01802267382305219, 0.03446628723251028], [-0.014326107676363374, 0.03446628723251028, 0.07289819284915175]], "chi2_level": 0.997, "chi2_df": 3, "chi2_threshold": 13.931422665512084, "N_raw": 6, "N_roi": 6, "N_inlier": 6, "refit": true}
{"timestamp": "16:54:25.745475", "frame": 13, "mu": [1.896812059277077, 0.7759610455173493, 1.2322845088298116], "Sigma": [[0.006914790897102484, -0.007581921302210769, -0.002361800095086195], [-0.0075819213022107704, 0.016443618535505855, -0.0012303566664373005], [-0.002361800095086195, -0.0012303566664373007, 0.005200206223659596]], "chi2_level": 0.997, "chi2_df": 3, "chi2_threshold": 13.931422665512084, "N_raw": 36, "N_roi": 36, "N_inlier": 34, "refit": true}
{"timestamp": "16:54:25.799309", "frame": 14, "mu": [1.858244857478711, 0.7457501239019118, 1.2452017205533177], "Sigma": [[0.004748765829784511, -0.004552027817315863, -0.004451428281571912], [-0.004552027817315863, 0.006501365989838121, 0.000760468085237282], [-0.004451428281571912, 0.0007604680852372817, 0.015221705652943026]], "chi2_level": 0.997, "chi2_df": 3, "chi2_threshold": 13.931422665512084, "N_raw": 26, "N_roi": 26, "N_inlier": 25, "refit": true}
{"timestamp": "16:54:25.856510", "frame": 15, "mu": [1.770158368805655, 0.8601258563904003, 1.3412957389687519], "Sigma": [[0.005572833850469081, -0.006016415460520508, -0.008425985608072943], [-0.006016415460520508, 0.00887073221559886, 0.005315920024965351], [-0.008425985608072943, 0.005315920024965351, 0.02364934658352932]], "chi2_level": 0.997, "chi2_df": 3, "chi2_threshold": 13.931422665512084, "N_raw": 37, "N_roi": 37, "N_inlier": 35, "refit": true}
{"timestamp": "16:54:25.909618", "frame": 16, "mu": [1.7352037243627496, 0.8240756953351471, 1.2108404676811895], "Sigma": [[0.003937796444834758, -0.0043382461847337765, -0.004490778796223029], [-0.004338246184733777, 0.010334511846580097, 0.0017785170750723458], [-0.004490778796223028, 0.0017785170750723456, 0.018497494780664717]], "chi2_level": 0.997, "chi2_df": 3, "chi2_threshold": 13.931422665512084, "N_raw": 27, "N_roi": 27, "N_inlier": 27, "refit": true}
{"timestamp": "16:54:25.966265", "frame": 17, "mu": [1.683970978680467, 0.8127178356438459, 1.272004741759094], "Sigma": [[0.007093235212570483, -0.006919157526000342, -0.005682561173383843], [-0.006919157526000342, 0.013204129248665491, 0.003022229306204291], [-0.005682561173383844, 0.003022229306204291, 0.01088780860869794]], "chi2_level": 0.997, "chi2_df": 3, "chi2_threshold": 13.931422665512084, "N_raw": 39, "N_roi": 39, "N_inlier": 39, "refit": true}
{"timestamp": "16:54:26.022730", "frame": 18, "mu": [1.6726656010613126, 0.8168054984346076, 1.2980941829160226], "Sigma": [[0.0058811580728474954, -0.005528614134327205, -0.0029671620949719042], [-0.005528614134327205, 0.00946085451643877, -0.0021226877787584872], [-0.0029671620949719042, -0.0021226877787584864, 0.013602996801210679]], "chi2_level": 0.997, "chi2_df": 3, "chi2_threshold": 13.931422665512084, "N_raw": 43, "N_roi": 43, "N_inlier": 42, "refit": true}
{"timestamp": "16:54:26.075494", "frame": 19, "mu": [1.5831387865457247, 0.8595984437868017, 1.248844716141185], "Sigma": [[0.003113879660225154, -0.002420612288611038, -0.0005141603177390636], [-0.002420612288611038, 0.00824792438478311, -0.005202102839456209], [-0.0005141603177390635, -0.005202102839456208, 0.011207418044718956]], "chi2_level": 0.997, "chi2_df": 3, "chi2_threshold": 13.931422665512084, "N_raw": 29, "N_roi": 29, "N_inlier": 28, "refit": true}
{"timestamp": "16:54:26.132231", "frame": 20, "mu": [1.543171699705331, 1.0030190474783904, -0.3711015590250461], "Sigma": [[0.00540695886992878, -0.002566829442021195, -0.007628896236599129], [-0.0025668294420211953, 0.008356048231017972, -0.0038774659601487726], [-0.007628896236599129, -0.0038774659601487726, 0.025070286533878758]], "chi2_level": 0.997, "chi2_df": 3, "chi2_threshold": 13.931422665512084, "N_raw": 41, "N_roi": 41, "N_inlier": 40, "refit": true}
{"timestamp": "16:54:26.184434", "frame": 21, "mu": [1.4018121000319654, 0.9678152160307546, 1.0800195923751703], "Sigma": [[0.00496780276506409, -0.004886249826379127, 0.01301082477499624], [-0.004886249826379127, 0.008708933336674185, -0.018263419354986803], [0.013010824774996238, -0.0182634193549868, 0.07817452764677496]], "chi2_level": 0.997, "chi2_df": 3, "chi2_threshold": 13.931422665512084, "N_raw": 29, "N_roi": 29, "N_inlier": 29, "refit": true}
{"timestamp": "16:54:26.238114", "frame": 22, "mu": [1.5011161114383764, 0.844084235050597, 1.3238285581925875], "Sigma": [[0.004134318304264493, -0.0029254727741581076, -0.0008596648432627762], [-0.0029254727741581076, 0.007236171194009835, -0.0043712278772084145], [-0.0008596648432627762, -0.0043712278772084145, 0.030522360335554565]], "chi2_level": 0.997, "chi2_df": 3, "chi2_threshold": 13.931422665512084, "N_raw": 19, "N_roi": 19, "N_inlier": 19, "refit": true}
{"timestamp": "16:54:26.299123", "frame": 23, "mu": [1.4164604420456177, 0.8043069571929864, 1.2235442077431413], "Sigma": [[0.005068779782274915, -0.0024487107811396016, 0.0007614964655439072], [-0.002448710781139602, 0.00667871522410246, -0.00752213787413317], [0.0007614964655439072, -0.00752213787413317, 0.0482859669805924]], "chi2_level": 0.997, "chi2_df": 3, "chi2_threshold": 13.931422665512084, "N_raw": 61, "N_roi": 61, "N_inlier": 61, "refit": true}
{"timestamp": "16:54:26.354273", "frame": 24, "mu": [1.368865302471417, 0.7489601963141946, 1.3099934563551612], "Sigma": [[0.008026113263401137, -0.007380507678784747, -0.007750586575081852], [-0.007380507678784747, 0.011099796656554818, 0.0023842005621683812], [-0.007750586575081852, 0.0023842005621683812, 0.020254319518522364]], "chi2_level": 0.997, "chi2_df": 3, "chi2_threshold": 13.931422665512084, "N_raw": 50, "N_roi": 50, "N_inlier": 49, "refit": true}
{"timestamp": "16:54:26.402641", "frame": 25, "mu": [1.2590003589658458, 0.8551847148139702, 1.2543707239826147], "Sigma": [[0.004663289207585831, -0.004898228284358949, 0.005222784401649105], [-0.004898228284358949, 0.009246961373780957, -0.015785576784159823], [0.005222784401649105, -0.015785576784159823, 0.05058206135650825]], "chi2_level": 0.997, "chi2_df": 3, "chi2_threshold": 13.931422665512084, "N_raw": 12, "N_roi": 12, "N_inlier": 12, "refit": true}
{"timestamp": "16:54:26.459195", "frame": 26, "mu": [1.2290087772894307, 0.8469928570320919, 1.340646665151714], "Sigma": [[0.005883679791287761, -0.006925352314811022, 0.005947008557082605], [-0.006925352314811022, 0.01276414242592432, -0.016550584315541867], [0.005947008557082604, -0.016550584315541867, 0.0367192802276086]], "chi2_level": 0.997, "chi2_df": 3, "chi2_threshold": 13.931422665512084, "N_raw": 22, "N_roi": 22, "N_inlier": 22, "refit": true}
{"timestamp": "16:54:26.514339", "frame": 27, "mu": [1.2025926524654158, 0.8082561801987949, 1.3157010034536005], "Sigma": [[0.0037968458799099982, -0.008126578860384415, 0.0061525999940434525], [-0.008126578860384414, 0.020556111410483545, -0.018554583383633323], [0.006152599994043452, -0.018554583383633326, 0.05822178263605233]], "chi2_level": 0.997, "chi2_df": 3, "chi2_threshold": 13.931422665512084, "N_raw": 20, "N_roi": 20, "N_inlier": 19, "refit": true}
{"timestamp": "16:54:26.570196", "frame": 28, "mu": [1.1166387491490712, 0.8429201601096828, 1.501350917708416], "Sigma": [[0.003093712336839966, -0.0009946054329215193, -0.0010479471904637464], [-0.0009946054329215193, 0.004351755436239398, -0.0011503658401065524], [-0.0010479471904637464, -0.0011503658401065524, 0.03066561348756394]], "chi2_level": 0.997, "chi2_df": 3, "chi2_threshold": 13.931422665512084, "N_raw": 29, "N_roi": 29, "N_inlier": 28, "refit": true}
{"timestamp": "16:54:26.622497", "frame": 29, "mu": [1.0228346781569697, 0.9402882133961428, 1.4873716250473723], "Sigma": [[0.0027954567578317713, 0.0006183986253597712, -0.0036262755350741915], [0.0006183986253597712, 0.00205271287722992, -0.0003626033687065471], [-0.0036262755350741915, -0.0003626033687065471, 0.007746803340811902]], "chi2_level": 0.997, "chi2_df": 3, "chi2_threshold": 13.931422665512084, "N_raw": 12, "N_roi": 12, "N_inlier": 12, "refit": true}
{"timestamp": "16:54:26.677285", "frame": 30, "mu": [1.0107451212654033, 1.0237452306072996, -0.6458802474791078], "Sigma": [[0.0019431683471428094, 0.001106253593264332, -0.013149192722470726], [0.001106253593264332, 0.0119726580785926, -0.02734191550687598], [-0.013149192722470728, -0.02734191550687598, 0.3021387384469726]], "chi2_level": 0.997, "chi2_df": 3, "chi2_threshold": 13.931422665512084, "N_raw": 12, "N_roi": 12, "N_inlier": 12, "refit": true}
{"timestamp": "16:54:26.734977", "frame": 31, "mu": [0.974934203222224, 0.7876441369901842, 1.4594969418678096], "Sigma": [[0.002612643037120227, -0.0019146379953540022, -0.00036443014715169914], [-0.001914637995354002, 0.006725709262288494, -0.002060643145099554], [-0.00036443014715169925, -0.002060643145099554, 0.0036155178217681344]], "chi2_level": 0.997, "chi2_df": 3, "chi2_threshold": 13.931422665512084, "N_raw": 31, "N_roi": 31, "N_inlier": 29, "refit": true}
{"timestamp": "16:54:26.791296", "frame": 32, "mu": [0.9519797582164553, 0.8612079391898587, 1.4774544717561342], "Sigma": [[0.002815064087150736, -0.0008454314740662979, 0.0012570855865775047], [-0.0008454314740662979, 0.0021823283369100032, -0.0017009886713911832], [0.0012570855865775045, -0.0017009886713911834, 0.023319166368506575]], "chi2_level": 0.997, "chi2_df": 3, "chi2_threshold": 13.931422665512084, "N_raw": 35, "N_roi": 35, "N_inlier": 33, "refit": true}
{"timestamp": "16:54:26.846513", "frame": 33, "mu": [0.7996066741024269, 0.9696475797802743, -0.3070523106715375], "Sigma": [[0.0052408258582007355, 0.0011277200637368782, -0.00017643978591007272], [0.001127720063736878, 0.0025433507240758104, 0.0026515519928517394], [-0.0001764397859100723, 0.0026515519928517394, 0.18572135053005526]], "chi2_level": 0.997, "chi2_df": 3, "chi2_threshold": 13.931422665512084, "N_raw": 38, "N_roi": 38, "N_inlier": 37, "refit": true}
{"timestamp": "16:54:26.901323", "frame": 34, "mu": [0.8167752920802007, 0.9378803706566765, -0.3324737040289521], "Sigma": [[0.00572320053940207, -0.0005183674134899492, 0.002144200246957601], [-0.0005183674134899492, 0.0019632688800086664, -0.0027072366595992294], [0.002144200246957599, -0.0027072366595992294, 0.02181419006280778]], "chi2_level": 0.997, "chi2_df": 3, "chi2_threshold": 13.931422665512084, "N_raw": 38, "N_roi": 38, "N_inlier": 35, "refit": true}
{"timestamp": "16:54:26.958415", "frame": 35, "mu": [0.7130202273843639, 0.8588208802998037, 1.4922712439860926], "Sigma": [[0.0042503371615597325, 0.00044683142369374254, 0.0016384353553928954], [0.00044683142369374254, 0.0035741581367288297, -8.878254182592726e-05], [0.0016384353553928954, -8.87825418259272e-05, 0.023713795567335126]], "chi2_level": 0.997, "chi2_df": 3, "chi2_threshold": 13.931422665512084, "N_raw": 54, "N_roi": 54, "N_inlier": 51, "refit": true}
{"timestamp": "16:54:27.015943", "frame": 36, "mu": [0.6517073497585016, 0.8743095058197694, 1.5265126588022508], "Sigma": [[0.0039497501119803045, 0.0011446658838642836, -0.002846789830799042], [0.0011446658838642839, 0.004953963138531012, -0.002752726568095994], [-0.002846789830799042, -0.0027527265680959943, 0.0031825515701179806]], "chi2_level": 0.997, "chi2_df": 3, "chi2_threshold": 13.931422665512084, "N_raw": 66, "N_roi": 66, "N_inlier": 62, "refit": true}
{"timestamp": "16:54:27.071063", "frame": 37, "mu": [0.5870426348402629, 0.8828382393843335, 1.5538300894217665], "Sigma": [[0.0033626273899012753, 0.0010760049802613894, -0.0035375036086282372], [0.0010760049802613894, 0.006791263151588778, -0.0032853461748576294], [-0.0035375036086282372, -0.0032853461748576294, 0.00548189611055683]], "chi2_level": 0.997, "chi2_df": 3, "chi2_threshold": 13.931422665512084, "N_raw": 70, "N_roi": 70, "N_inlier": 68, "refit": true}
{"timestamp": "16:54:27.125562", "frame": 38, "mu": [0.5570383585028024, 0.8732153106513609, 1.5726237478005984], "Sigma": [[0.002772383401847983, 0.00037471598608742614, -0.001121021760844744], [0.00037471598608742614, 0.005442164695575169, -0.0016420303077542987], [-0.001121021760844744, -0.0016420303077542987, 0.0027382671049867254]], "chi2_level": 0.997, "chi2_df": 3, "chi2_threshold": 13.931422665512084, "N_raw": 60, "N_roi": 59, "N_inlier": 58, "refit": true}
{"timestamp": "16:54:27.186525", "frame": 39, "mu": [0.520442954448996, 0.8513736632274027, 0.05385353955136766], "Sigma": [[0.002912264543900308, -0.0008256750046220273, 0.02216682424702518], [-0.0008256750046220275, 0.0220134714382021, 0.03420854471176382], [0.02216682424702518, 0.03420854471176382, 1.212251361088796]], "chi2_level": 0.997, "chi2_df": 3, "chi2_threshold": 13.931422665512084, "N_raw": 106, "N_roi": 106, "N_inlier": 105, "refit": true}
{"timestamp": "16:54:27.238586", "frame": 40, "mu": [0.5259355371660638, 0.8633075717271115, 1.474801431001533], "Sigma": [[0.004228789530027848, -0.00024158944453878426, -0.003633354171805993], [-0.00024158944453878424, 0.003026866068242161, -0.0031020976691773774], [-0.003633354171805993, -0.0031020976691773774, 0.007224381794976844]], "chi2_level": 0.997, "chi2_df": 3, "chi2_threshold": 13.931422665512084, "N_raw": 79, "N_roi": 79, "N_inlier": 77, "refit": true}
{"timestamp": "16:54:27.296042", "frame": 41, "mu": [0.4745475449394505, 0.9227774346352265, -0.008776802724051288], "Sigma": [[0.010928166439840412, -0.003689719501336179, 0.0693029190473369], [-0.0036897195013361793, 0.009737047187563746, -0.06263991320053316], [0.0693029190473369, -0.06263991320053316, 0.9403179494008003]], "chi2_level": 0.997, "chi2_df": 3, "chi2_threshold": 13.931422665512084, "N_raw": 93, "N_roi": 93, "N_inlier": 90, "refit": true}
{"timestamp": "16:54:27.347039", "frame": 42, "mu": [0.37621520024856164, 0.8690449368089053, 1.3030158756557335], "Sigma": [[0.003645705109720782, 0.0007934290160651564, 0.013983447917205594], [0.0007934290160651566, 0.007525817823698354, 0.011273842583027474], [0.013983447917205594, 0.011273842583027474, 0.10861379532467234]], "chi2_level": 0.997, "chi2_df": 3, "chi2_threshold": 13.931422665512084, "N_raw": 68, "N_roi": 68, "N_inlier": 65, "refit": true}
{"timestamp": "16:54:27.407125", "frame": 43, "mu": [0.2260875456032121, 0.96790819530514, 1.1812169720821875], "Sigma": [[0.04586374624317584, -0.018694924748359414, 0.06660030246759308], [-0.018694924748359414, 0.009650027905034672, -0.030626711033484043], [0.06660030246759308, -0.030626711033484043, 0.1081721323881934]], "chi2_level": 0.997, "chi2_df": 3, "chi2_threshold": 13.931422665512084, "N_raw": 100, "N_roi": 100, "N_inlier": 96, "refit": true}
{"timestamp": "16:54:27.453059", "frame": 44, "mu": [-0.05714569163250021, 1.0607253074453833, 0.8104271971121462], "Sigma": [[0.016840038912202135, -0.00992673662294383, 0.0035558023685695194], [-0.009926736622943829, 0.010484792660249874, 0.0170794153264265], [0.0035558023685695194, 0.0170794153264265, 0.14684056328958708]], "chi2_level": 0.997, "chi2_df": 3, "chi2_threshold": 13.931422665512084, "N_raw": 46, "N_roi": 46, "N_inlier": 45, "refit": true}
{"timestamp": "16:54:27.511318", "frame": 45, "mu": [-0.09472607849683269, 1.1086413333931118, 0.9624920096359288], "Sigma": [[0.021758343580831476, -0.012098058102760175, 0.028650619193062474], [-0.012098058102760175, 0.01018894238953273, -0.021706827533706483], [0.028650619193062474, -0.021706827533706483, 0.05245274913587209]], "chi2_level": 0.997, "chi2_df": 3, "chi2_threshold": 13.931422665512084, "N_raw": 67, "N_roi": 66, "N_inlier": 63, "refit": true}
{"timestamp": "16:54:27.570109", "frame": 46, "mu": [0.05371986190872266, 0.9758527557505372, 1.2435712579369056], "Sigma": [[0.03047855183069905, -0.02416972553415324, 0.04741839185253846], [-0.02416972553415324, 0.023749132956539565, -0.04243038001123481], [0.04741839185253846, -0.04243038001123481, 0.08400005447499378]], "chi2_level": 0.997, "chi2_df": 3, "chi2_threshold": 13.931422665512084, "N_raw": 96, "N_roi": 96, "N_inlier": 94, "refit": true}
{"timestamp": "16:54:27.624079", "frame": 47, "mu": [0.11143926089657653, 0.8373243410579998, 1.356831343588885], "Sigma": [[0.0027606296288656077, 0.0007941675349536833, -0.001299782725974499], [0.0007941675349536833, 0.012461262397204883, 0.0014787336997565989], [-0.001299782725974499, 0.0014787336997565989, 0.0010462569726618104]], "chi2_level": 0.997, "chi2_df": 3, "chi2_threshold": 13.931422665512084, "N_raw": 81, "N_roi": 80, "N_inlier": 77, "refit": true}
{"timestamp": "16:54:27.675231", "frame": 48, "mu": [0.03373015374721446, 0.9735357625603512, -0.5067555348919323], "Sigma": [[0.0025472066455185893, 0.002507965898952215, 0.0033393758796344706], [0.002507965898952215, 0.008769342325272348, 0.007187623654248256], [0.0033393758796344706, 0.007187623654248257, 0.013210586551196122]], "chi2_level": 0.997, "chi2_df": 3, "chi2_threshold": 13.931422665512084, "N_raw": 57, "N_roi": 54, "N_inlier": 51, "refit": true}
{"timestamp": "16:54:27.731014", "frame": 49, "mu": [-0.07805934236520433, 0.8806984956459685, 1.4401616651762819], "Sigma": [[0.0027859288565055115, -0.004409214934463698, -0.0033189135641366833], [-0.004409214934463698, 0.019644981044859445, 0.010297925961506046], [-0.0033189135641366833, 0.010297925961506046, 0.007260097020935936]], "chi2_level": 0.997, "chi2_df": 3, "chi2_threshold": 13.931422665512084, "N_raw": 69, "N_roi": 69, "N_inlier": 68, "refit": true}
{"timestamp": "16:54:27.785103", "frame": 50, "mu": [-0.1116411891354961, 0.908155593061566, -0.4497643838064453], "Sigma": [[0.001970015028563586, 0.0026289962486685534, 0.005719965763394982], [0.002628996248668554, 0.012922104525446738, 0.00997100626453111], [0.005719965763394982, 0.00997100626453111, 0.040053607651893405]], "chi2_level": 0.997, "chi2_df": 3, "chi2_threshold": 13.931422665512084, "N_raw": 55, "N_roi": 55, "N_inlier": 52, "refit": true}
{"timestamp": "16:54:27.932413", "frame": 51, "mu": [-0.1639215822669524, 0.8468903032959834, 1.3370188425452134], "Sigma": [[0.0020395717490323565, 0.0011431393413615244, 0.0012331745989214746], [0.0011431393413615244, 0.004801629478998043, 0.002737594950365813], [0.0012331745989214746, 0.002737594950365813, 0.03570386397013841]], "chi2_level": 0.997, "chi2_df": 3, "chi2_threshold": 13.931422665512084, "N_raw": 89, "N_roi": 89, "N_inlier": 85, "refit": true}
{"timestamp": "16:54:27.945434", "frame": 52, "mu": [-0.1775379719406735, 1.033907095635972, -0.2306297757246761], "Sigma": [[0.002193155250245122, 0.0008636914429426014, -0.0006252932702523206], [0.0008636914429426014, 0.005636736886867927, -0.0035241273372179425], [-0.0006252932702523206, -0.0035241273372179425, 0.002487584608106215]], "chi2_level": 0.997, "chi2_df": 3, "chi2_threshold": 13.931422665512084, "N_raw": 75, "N_roi": 75, "N_inlier": 73, "refit": true}
{"timestamp": "16:54:27.978430", "frame": 53, "mu": [-0.27144069241282825, 1.004872990253318, -0.2974334574411723], "Sigma": [[0.003423601252828208, 0.0021392078668602114, 0.003483096688874582], [0.0021392078668602114, 0.010513756563998606, 0.0028249064869777843], [0.003483096688874582, 0.0028249064869777843, 0.014442946580314352]], "chi2_level": 0.997, "chi2_df": 3, "chi2_threshold": 13.931422665512084, "N_raw": 95, "N_roi": 95, "N_inlier": 91, "refit": true}
{"timestamp": "16:54:28.008333", "frame": 54, "mu": [-0.3359833041123399, 0.8645230785562686, 1.4295624718636575], "Sigma": [[0.0039289972951157956, 0.005380225514788354, 0.007336439918384319], [0.005380225514788355, 0.012605907978814194, 0.011117771228733926], [0.007336439918384318, 0.011117771228733926, 0.020706968014240285]], "chi2_level": 0.997, "chi2_df": 3, "chi2_threshold": 13.931422665512084, "N_raw": 73, "N_roi": 73, "N_inlier": 69, "refit": true}
{"timestamp": "16:54:28.061404", "frame": 55, "mu": [-0.38812559883570763, 1.1117812258840787, -0.3368950511695181], "Sigma": [[0.009442275077578942, 0.012194790986055071, -0.022627590595546705], [0.012194790986055071, 0.027939972196604962, -0.03884639307634775], [-0.022627590595546705, -0.03884639307634775, 0.06978573830390247]], "chi2_level": 0.997, "chi2_df": 3, "chi2_threshold": 13.931422665512084, "N_raw": 63, "N_roi": 63, "N_inlier": 63, "refit": true}
{"timestamp": "16:54:28.117791", "frame": 56, "mu": [-0.4541267642236544, 1.0020848749876476, 1.5334407982638052], "Sigma": [[0.002990138296356186, -0.0012375718709494632, -0.0002202753662034549], [-0.001237571870949463, 0.005666305687234765, -0.0023737309620581433], [-0.0002202753662034548, -0.0023737309620581433, 0.008262278185721905]], "chi2_level": 0.997, "chi2_df": 3, "chi2_threshold": 13.931422665512084, "N_raw": 76, "N_roi": 76, "N_inlier": 72, "refit": true}
{"timestamp": "16:54:28.178689", "frame": 57, "mu": [-0.5008542806372523, 1.0496562830344385, -0.4799575402122908], "Sigma": [[0.0055870543879308395, 0.0013629004263794012, -0.00703100737044619], [0.0013629004263794014, 0.008549300012279354, -0.01113456748120725], [-0.007031007370446189, -0.011134567481207253, 0.050871140073876324]], "chi2_level": 0.997, "chi2_df": 3, "chi2_threshold": 13.931422665512084, "N_raw": 110, "N_roi": 110, "N_inlier": 106, "refit": true}
{"timestamp": "16:54:28.233601", "frame": 58, "mu": [-0.5745768703093674, 0.9532487340731526, 0.14109815158627154], "Sigma": [[0.007997441301054847, -0.0006138842522813378, 0.035426211980355456], [-0.0006138842522813379, 0.017546938898602583, -0.02158664645607277], [0.03542621198035545, -0.021586646456072767, 0.5130009577401654]], "chi2_level": 0.997, "chi2_df": 3, "chi2_threshold": 13.931422665512084, "N_raw": 118, "N_roi": 118, "N_inlier": 112, "refit": true}
{"timestamp": "16:54:28.288602", "frame": 59, "mu": [-0.711342800009223, 0.9160461588374375, 0.007926207504268007], "Sigma": [[0.04123431336785037, 0.01091715519127441, 0.0511091365598777], [0.01091715519127441, 0.013824035964477078, -0.011134936781531695], [0.0511091365598777, -0.011134936781531695, 0.24364369585782383]], "chi2_level": 0.997, "chi2_df": 3, "chi2_threshold": 13.931422665512084, "N_raw": 108, "N_roi": 108, "N_inlier": 106, "refit": true}
{"timestamp": "16:54:28.340327", "frame": 60, "mu": [-0.8020137121178691, 0.9129754416026534, 1.447367097867699], "Sigma": [[0.02903081643466263, 0.00916056256692964, -0.027737451603955993], [0.009160562566929641, 0.01667490766025749, -0.005831292660417701], [-0.027737451603955993, -0.0058312926604177015, 0.05446649090803567]], "chi2_level": 0.997, "chi2_df": 3, "chi2_threshold": 13.931422665512084, "N_raw": 96, "N_roi": 96, "N_inlier": 94, "refit": true}
{"timestamp": "16:54:28.398138", "frame": 61, "mu": [-0.836315255894779, 1.044020912849076, -0.22758700331196333], "Sigma": [[0.022628347017219136, 0.008099598031909766, -0.015105993716486287], [0.008099598031909766, 0.018230168566022987, -0.0029519406936198804], [-0.015105993716486287, -0.002951940693619881, 0.03465900367482235]], "chi2_level": 0.997, "chi2_df": 3, "chi2_threshold": 13.931422665512084, "N_raw": 102, "N_roi": 102, "N_inlier": 98, "refit": true}
{"timestamp": "16:54:28.449448", "frame": 62, "mu": [-0.9264513089381669, 0.9902174429873072, 1.6760739877682558], "Sigma": [[0.02351764892975789, 0.011295452579844274, -0.010945659255453766], [0.011295452579844274, 0.014333741862926111, -0.00953186179517557], [-0.010945659255453764, -0.00953186179517557, 0.008929584038196022]], "chi2_level": 0.997, "chi2_df": 3, "chi2_threshold": 13.931422665512084, "N_raw": 91, "N_roi": 91, "N_inlier": 87, "refit": true}
{"timestamp": "16:54:28.507416", "frame": 63, "mu": [-0.998830165951826, 0.9687647932967808, 1.6059887250989116], "Sigma": [[0.024013780591405513, 0.01795570290262341, 0.0025420099230933366], [0.01795570290262341, 0.0230390955342904, -0.002186001378683745], [0.002542009923093337, -0.002186001378683745, 0.00539880707774635]], "chi2_level": 0.997, "chi2_df": 3, "chi2_threshold": 13.931422665512084, "N_raw": 112, "N_roi": 112, "N_inlier": 109, "refit": true}
{"timestamp": "16:54:28.567440", "frame": 64, "mu": [-1.0572810701720858, 0.9985073020464685, 1.6500501321008045], "Sigma": [[0.026130366968677404, 0.012693501412250573, -0.025817414778468727], [0.012693501412250573, 0.014907961886628912, -0.010709419692148852], [-0.025817414778468727, -0.01070941969214885, 0.06423772769809233]], "chi2_level": 0.997, "chi2_df": 3, "chi2_threshold": 13.931422665512084, "N_raw": 139, "N_roi": 139, "N_inlier": 136, "refit": true}
{"timestamp": "16:54:28.620614", "frame": 65, "mu": [-1.1380374048515944, 0.997458118012623, 1.662422226544856], "Sigma": [[0.025587669503777485, 0.01364752240459459, -0.014388698095569107], [0.01364752240459459, 0.01201788355534798, -0.010726983461791774], [-0.014388698095569107, -0.010726983461791774, 0.051307536459741114]], "chi2_level": 0.997, "chi2_df": 3, "chi2_threshold": 13.931422665512084, "N_raw": 120, "N_roi": 120, "N_inlier": 117, "refit": true}
{"timestamp": "16:54:28.663445", "frame": 66, "mu": [-1.2643919495130926, 0.9767571215996879, 0.05105849228269579], "Sigma": [[0.014907229353554406, 0.010147447845020963, -0.0014790435967356927], [0.010147447845020963, 0.015559045941874827, -0.0035907826697827686], [-0.0014790435967356919, -0.0035907826697827686, 0.01217697366032272]], "chi2_level": 0.997, "chi2_df": 3, "chi2_threshold": 13.931422665512084, "N_raw": 48, "N_roi": 48, "N_inlier": 46, "refit": true}
{"timestamp": "16:54:28.729452", "frame": 67, "mu": [-1.2068837439384703, 1.0030116976355943, 1.4394403832678533], "Sigma": [[0.04040792503704569, 0.02495728033844992, -0.07381521848137548], [0.02495728033844992, 0.024152681958637644, -0.04644756413342328], [-0.07381521848137547, -0.04644756413342328, 0.20871464741327878]], "chi2_level": 0.997, "chi2_df": 3, "chi2_threshold": 13.931422665512084, "N_raw": 122, "N_roi": 122, "N_inlier": 122, "refit": true}
{"timestamp": "16:54:28.787075", "frame": 68, "mu": [-1.2098291778629326, 1.0962394332621055, 1.4835687393437125], "Sigma": [[0.030686605770286944, 0.020282480399053636, -0.07924728874981832], [0.020282480399053636, 0.024493971464410156, -0.06844255298638514], [-0.07924728874981832, -0.06844255298638514, 0.3175364906996375]], "chi2_level": 0.997, "chi2_df": 3, "chi2_threshold": 13.931422665512084, "N_raw": 139, "N_roi": 139, "N_inlier": 136, "refit": true}
{"timestamp": "16:54:28.843941", "frame": 69, "mu": [-1.248521085824305, 1.11163028388335, 1.2146536016217087], "Sigma": [[0.029450535483110753, 0.024245608198762227, -0.06955608091667712], [0.02424560819876223, 0.03412180867939122, -0.08361094243468928], [-0.06955608091667712, -0.08361094243468926, 0.27921687731240613]], "chi2_level": 0.997, "chi2_df": 3, "chi2_threshold": 13.931422665512084, "N_raw": 146, "N_roi": 146, "N_inlier": 145, "refit": true}
{"timestamp": "16:54:28.898729", "frame": 70, "mu": [-1.294856367127558, 1.1498229370149877, 1.1697277611044927], "Sigma": [[0.024655463253928957, 0.025184396098265505, -0.04886420661582521], [0.025184396098265505, 0.04451510106252503, -0.07992662943047424], [-0.048864206615825204, -0.07992662943047424, 0.20423776106472724]], "chi2_level": 0.997, "chi2_df": 3, "chi2_threshold": 13.931422665512084, "N_raw": 144, "N_roi": 144, "N_inlier": 142, "refit": true}
{"timestamp": "16:54:28.947083", "frame": 71, "mu": [-1.4287250684241684, 1.1091518138242673, 1.6400143703237287], "Sigma": [[0.015885002405778493, 0.013674040213922, -0.023493588198553607], [0.013674040213922, 0.02670098931643831, -0.045322943253956915], [-0.023493588198553607, -0.045322943253956915, 0.11844244264162897]], "chi2_level": 0.997, "chi2_df": 3, "chi2_threshold": 13.931422665512084, "N_raw": 102, "N_roi": 102, "N_inlier": 101, "refit": true}
{"timestamp": "16:54:29.003644", "frame": 72, "mu": [-1.430811914217655, 1.1821860725801745, 1.7107951303446014], "Sigma": [[0.016629577987427934, 0.009455161859538982, -0.009537004082591779], [0.009455161859538982, 0.01522526705140514, -0.01644544142080037], [-0.009537004082591779, -0.01644544142080037, 0.02119794065528379]], "chi2_level": 0.997, "chi2_df": 3, "chi2_threshold": 13.931422665512084, "N_raw": 116, "N_roi": 116, "N_inlier": 110, "refit": true}
{"timestamp": "16:54:29.053066", "frame": 73, "mu": [-1.5120564045644014, 1.1489081937086532, 0.23413384485212874], "Sigma": [[0.013312259795035144, 0.008331226565133045, 0.01798865474021554], [0.008331226565133045, 0.018689189876883772, 0.013118433064485242], [0.01798865474021554, 0.013118433064485242, 0.17159928278460906]], "chi2_level": 0.997, "chi2_df": 3, "chi2_threshold": 13.931422665512084, "N_raw": 80, "N_roi": 80, "N_inlier": 80, "refit": true}
{"timestamp": "16:54:29.106277", "frame": 74, "mu": [-1.5718142380586104, 1.1338158838473613, 1.5007103611277226], "Sigma": [[0.010937873904031212, 0.006000809658944348, -0.008245896247916256], [0.006000809658944349, 0.01081595617529319, 0.0011637412112705612], [-0.008245896247916256, 0.0011637412112705612, 0.07931285496657889]], "chi2_level": 0.997, "chi2_df": 3, "chi2_threshold": 13.931422665512084, "N_raw": 77, "N_roi": 77, "N_inlier": 76, "refit": true}
{"timestamp": "16:54:29.165599", "frame": 75, "mu": [-1.5506153285648525, 1.2358206797933005, 1.6600474472460718], "Sigma": [[0.019080709587143384, 0.011905730989084826, -0.012029604079577559], [0.011905730989084826, 0.015448822757748155, -0.01444605413786793], [-0.012029604079577559, -0.01444605413786793, 0.01606910941752943]], "chi2_level": 0.997, "chi2_df": 3, "chi2_threshold": 13.931422665512084, "N_raw": 95, "N_roi": 95, "N_inlier": 91, "refit": true}
{"timestamp": "16:54:29.218794", "frame": 76, "mu": [-1.641666398727763, 1.26213386330889, 1.754379657396669], "Sigma": [[0.01290710481067577, 0.00813756390189257, -0.008863810142758322], [0.00813756390189257, 0.015889415626991265, -0.01300843251160774], [-0.008863810142758322, -0.01300843251160774, 0.012680284975969498]], "chi2_level": 0.997, "chi2_df": 3, "chi2_threshold": 13.931422665512084, "N_raw": 79, "N_roi": 79, "N_inlier": 79, "refit": true}
{"timestamp": "16:54:29.275351", "frame": 77, "mu": [-1.6499808021552376, 1.3673148087338245, 0.35404390000252345], "Sigma": [[0.03628929807773462, 0.02004183258228428, 0.10645983341348178], [0.02004183258228428, 0.017102718846188768, 0.056466742620622096], [0.10645983341348178, 0.056466742620622096, 0.5035529781841451]], "chi2_level": 0.997, "chi2_df": 3, "chi2_threshold": 13.931422665512084, "N_raw": 99, "N_roi": 99, "N_inlier": 99, "refit": true}
{"timestamp": "16:54:29.333628", "frame": 78, "mu": [-1.6312861274156658, 1.3693442414636785, 1.5601039518505377], "Sigma": [[0.02132377867724727, 0.011066755868055472, -0.01113888301177388], [0.011066755868055472, 0.018729871465633752, -0.013487057534281291], [-0.01113888301177388, -0.01348705753428129, 0.012928341542395002]], "chi2_level": 0.997, "chi2_df": 3, "chi2_threshold": 13.931422665512084, "N_raw": 121, "N_roi": 121, "N_inlier": 117, "refit": true}
{"timestamp": "16:54:29.392266", "frame": 79, "mu": [-1.6417654594403888, 1.4565140883030074, 0.6899942964217005], "Sigma": [[0.024159885207260704, 0.01235591444146452, 0.08393058793189237], [0.01235591444146452, 0.016197611323967222, 0.05216347191426634], [0.08393058793189237, 0.05216347191426634, 0.5073836929435575]], "chi2_level": 0.997, "chi2_df": 3, "chi2_threshold": 13.931422665512084, "N_raw": 133, "N_roi": 133, "N_inlier": 132, "refit": true}
{"timestamp": "16:54:29.443528", "frame": 80, "mu": [-1.6766012571515356, 1.4963857754965668, 1.6214912753006534], "Sigma": [[0.020169095154137673, 0.012876541780619453, -0.018023149542453504], [0.012876541780619453, 0.020327274919998632, -0.020835227488148193], [-0.018023149542453504, -0.02083522748814819, 0.028640339259820013]], "chi2_level": 0.997, "chi2_df": 3, "chi2_threshold": 13.931422665512084, "N_raw": 113, "N_roi": 113, "N_inlier": 111, "refit": true}
{"timestamp": "16:54:29.491452", "frame": 81, "mu": [-1.754519762796422, 1.4902149512597112, 1.723492416395814], "Sigma": [[0.016881467038368247, 0.012684272691767126, -0.010268175033724205], [0.012684272691767126, 0.01756581740798345, -0.022435128290561334], [-0.010268175033724207, -0.022435128290561338, 0.05734761877655127]], "chi2_level": 0.997, "chi2_df": 3, "chi2_threshold": 13.931422665512084, "N_raw": 67, "N_roi": 67, "N_inlier": 63, "refit": true}
{"timestamp": "16:54:29.550171", "frame": 82, "mu": [-1.7452221798650867, 1.5433165931589674, 1.62621869044141], "Sigma": [[0.02691868231263069, 0.017457971102368918, -0.021253556440816123], [0.017457971102368918, 0.019453476602193705, -0.019247289092805625], [-0.021253556440816123, -0.019247289092805625, 0.02396796804685251]], "chi2_level": 0.997, "chi2_df": 3, "chi2_threshold": 13.931422665512084, "N_raw": 99, "N_roi": 99, "N_inlier": 96, "refit": true}
{"timestamp": "16:54:29.595626", "frame": 83, "mu": [-1.8218079623065906, 1.528926432168004, 1.6961918082828384], "Sigma": [[0.015792667782061703, 0.012455819855849742, -0.020513840729748732], [0.012455819855849742, 0.013890593211071858, -0.02022867519832793], [-0.020513840729748732, -0.02022867519832793, 0.04593761111349131]], "chi2_level": 0.997, "chi2_df": 3, "chi2_threshold": 13.931422665512084, "N_raw": 30, "N_roi": 30, "N_inlier": 30, "refit": true}
{"timestamp": "16:54:29.659476", "frame": 84, "mu": [-1.8302020190764579, 1.6262847943352043, 1.6332997869894352], "Sigma": [[0.023060934847500977, 0.020547227058677328, -0.02783007870390157], [0.020547227058677328, 0.026672836916654064, -0.0350881550206525], [-0.02783007870390157, -0.0350881550206525, 0.0687492842863986]], "chi2_level": 0.997, "chi2_df": 3, "chi2_threshold": 13.931422665512084, "N_raw": 95, "N_roi": 95, "N_inlier": 93, "refit": true}
{"timestamp": "16:54:29.714355", "frame": 85, "mu": [-1.8203498949077093, 1.683799250969119, 1.6634680202682444], "Sigma": [[0.02352294345487111, 0.013916210815481419, -0.018174886901735042], [0.013916210815481419, 0.01824301384214542, -0.01466617310946568], [-0.018174886901735042, -0.014666173109465682, 0.017281521120335423]], "chi2_level": 0.997, "chi2_df": 3, "chi2_threshold": 13.931422665512084, "N_raw": 91, "N_roi": 91, "N_inlier": 90, "refit": true}
{"timestamp": "16:54:29.768565", "frame": 86, "mu": [-1.8457466682020265, 1.9195224926673728, 0.013707231044510057], "Sigma": [[0.03567950981897305, 0.022994763488609155, 0.02981172382467843], [0.022994763488609155, 0.024414592316035898, -0.008620766746722722], [0.029811723824678428, -0.008620766746722722, 0.20262423916709085]], "chi2_level": 0.997, "chi2_df": 3, "chi2_threshold": 13.931422665512084, "N_raw": 81, "N_roi": 81, "N_inlier": 81, "refit": true}
