{"timestamp": "16:18:51.535511", "frame": 10, "mu": [2.2375617780669033, 3.894100555722664, 1.042371620914457], "Sigma": [[0.013392139460626467, -0.0075639941615526715, -0.0023224178011119257], [-0.0075639941615526715, 0.0073641362615496425, 0.002907021179680342], [-0.0023224178011119257, 0.002907021179680342, 0.0019055537287516024]], "chi2_level": 0.99, "chi2_df": 3, "chi2_threshold": 11.344866730144373, "N_raw": 19, "N_roi": 17, "N_inlier": 17, "refit": true}
{"timestamp": "16:18:51.644951", "frame": 12, "mu": [2.2290634442450874, 3.919965236943945, 1.0830300619161488], "Sigma": [[0.006439212160119326, -0.004616500195466846, 0.0002203294115426245], [-0.004616500195466846, 0.005873872669177137, -0.0010004019604852694], [0.00022032941154262443, -0.0010004019604852694, 0.000475200795102126]], "chi2_level": 0.99, "chi2_df": 3, "chi2_threshold": 11.344866730144373, "N_raw": 11, "N_roi": 11, "N_inlier": 10, "refit": true}
{"timestamp": "16:18:51.755757", "frame": 14, "mu": [2.328768086342859, 3.7790034027161425, 1.1131819805531473], "Sigma": [[0.009745716758681834, -0.0052065818438360185, -0.00022084613735168097], [-0.0052065818438360185, 0.006629611816046258, -0.0004956156590940016], [-0.00022084613735168094, -0.0004956156590940016, 0.0002745895203902735]], "chi2_level": 0.99, "chi2_df": 3, "chi2_threshold": 11.344866730144373, "N_raw": 19, "N_roi": 19, "N_inlier": 19, "refit": true}
{"timestamp": "16:18:51.810257", "frame": 15, "mu": [2.3498868882887356, 3.7947046977799834, 1.2900169543527145], "Sigma": [[0.00719956393764866, -0.003888599763656295, -0.0004553297222279864], [-0.003888599763656295, 0.004537416821955141, -0.0006173392393810549], [-0.0004553297222279864, -0.0006173392393810549, 0.0004905764123185626]], "chi2_level": 0.99, "chi2_df": 3, "chi2_threshold": 11.344866730144373, "N_raw": 20, "N_roi": 16, "N_inlier": 16, "refit": true}
{"timestamp": "16:18:51.865321", "frame": 16, "mu": [2.2959496984846743, 3.776813303542017, 1.3007252792184256], "Sigma": [[0.014250029621477612, -0.006285697611287602, -0.010143278919517343], [-0.006285697611287602, 0.004889476619927568, 0.0020414847604885342], [-0.010143278919517341, 0.0020414847604885342, 0.01587246025319844]], "chi2_level": 0.99, "chi2_df": 3, "chi2_threshold": 11.344866730144373, "N_raw": 26, "N_roi": 25, "N_inlier": 24, "refit": true}
{"timestamp": "16:18:51.923245", "frame": 17, "mu": [2.3021226137352797, 3.7675431598736515, 1.3770319057155365], "Sigma": [[0.012087995313933581, -0.007372750772477555, -0.005779155784489719], [-0.007372750772477555, 0.007240893863790202, 0.002091053477957925], [-0.005779155784489719, 0.002091053477957925, 0.005117356782455377]], "chi2_level": 0.99, "chi2_df": 3, "chi2_threshold": 11.344866730144373, "N_raw": 25, "N_roi": 22, "N_inlier": 21, "refit": true}
{"timestamp": "16:18:51.976390", "frame": 18, "mu": [2.288684582282815, 3.768941695775934, 1.3503451450883683], "Sigma": [[0.008793723139114818, -0.00607586870580501, -0.0038812594838069704], [-0.00607586870580501, 0.008075198301279576, -0.004093913612972214], [-0.003881259483806971, -0.004093913612972214, 0.017668298412122693]], "chi2_level": 0.99, "chi2_df": 3, "chi2_threshold": 11.344866730144373, "N_raw": 20, "N_roi": 20, "N_inlier": 20, "refit": true}
{"timestamp": "16:18:52.035272", "frame": 19, "mu": [2.3229122790399774, 3.752542955783413, 1.1182089650539275], "Sigma": [[0.011542115937380762, -0.0070714508423432715, -0.0016435322874388068], [-0.007071450842343271, 0.00848628447751132, -0.004114527984896763], [-0.001643532287438807, -0.004114527984896765, 0.012409548488314758]], "chi2_level": 0.99, "chi2_df": 3, "chi2_threshold": 11.344866730144373, "N_raw": 42, "N_roi": 31, "N_inlier": 30, "refit": true}
{"timestamp": "16:18:52.087022", "frame": 20, "mu": [2.2921517328555034, 3.7997869417119685, 1.1873473330533029], "Sigma": [[0.015648178176796968, -0.009868234669467481, -0.00644725410187773], [-0.009868234669467481, 0.008066021659397245, 0.004130160998061114], [-0.00644725410187773, 0.004130160998061114, 0.0038106915003812986]], "chi2_level": 0.99, "chi2_df": 3, "chi2_threshold": 11.344866730144373, "N_raw": 24, "N_roi": 22, "N_inlier": 20, "refit": true}
{"timestamp": "16:18:52.143001", "frame": 21, "mu": [2.304847075647931, 3.775266623898538, 1.0947958170173302], "Sigma": [[0.01600753600983741, -0.009700342986469247, -0.004154891822159658], [-0.009700342986469247, 0.0086090603435156, 0.0033558901572547676], [-0.004154891822159659, 0.0033558901572547676, 0.002819918626064166]], "chi2_level": 0.99, "chi2_df": 3, "chi2_threshold": 11.344866730144373, "N_raw": 26, "N_roi": 22, "N_inlier": 22, "refit": true}
{"timestamp": "16:18:52.202935", "frame": 22, "mu": [2.2703347501990323, 3.7651822880725168, 1.3375113303984019], "Sigma": [[0.018495913039250904, -0.011704358310189594, -0.008614972395625572], [-0.011704358310189594, 0.01237630477689324, -0.0006777246523884748], [-0.008614972395625572, -0.0006777246523884746, 0.014481276339575471]], "chi2_level": 0.99, "chi2_df": 3, "chi2_threshold": 11.344866730144373, "N_raw": 52, "N_roi": 45, "N_inlier": 43, "refit": true}
{"timestamp": "16:18:52.253012", "frame": 23, "mu": [2.2919696649615613, 3.7082818597227085, 1.1248482022949964], "Sigma": [[0.015362037873674782, -0.00887555768426089, -0.003828301561735835], [-0.00887555768426089, 0.007205649111879958, -0.00040185018837939497], [-0.003828301561735835, -0.0004018501883793951, 0.009304578210609286]], "chi2_level": 0.99, "chi2_df": 3, "chi2_threshold": 11.344866730144373, "N_raw": 28, "N_roi": 25, "N_inlier": 23, "refit": true}
{"timestamp": "16:18:52.309265", "frame": 24, "mu": [2.252316834463259, 3.7194259833446726, 1.239702044270155], "Sigma": [[0.018650870132026112, -0.010816540736694698, -0.006202164280550143], [-0.010816540736694698, 0.008981703506955662, 0.0009704788552974442], [-0.0062021642805501435, 0.0009704788552974442, 0.00835684729796398]], "chi2_level": 0.99, "chi2_df": 3, "chi2_threshold": 11.344866730144373, "N_raw": 35, "N_roi": 34, "N_inlier": 32, "refit": true}
{"timestamp": "16:18:52.418837", "frame": 26, "mu": [2.2816020699909743, 3.668421762201347, 1.128485724813998], "Sigma": [[0.012899440379379458, -0.009567926883325476, -0.0012822044004057005], [-0.009567926883325478, 0.009802297711830738, -0.0021687953456550123], [-0.0012822044004057002, -0.0021687953456550127, 0.006420625332431919]], "chi2_level": 0.99, "chi2_df": 3, "chi2_threshold": 11.344866730144373, "N_raw": 31, "N_roi": 27, "N_inlier": 25, "refit": true}
{"timestamp": "16:18:52.475306", "frame": 27, "mu": [2.2276745952953108, 3.6651093961631607, 1.22636543955614], "Sigma": [[0.024092029143432926, -0.015182782840935029, -0.006503146491013926], [-0.015182782840935029, 0.014143634017865179, 0.004228369463932255], [-0.006503146491013925, 0.004228369463932255, 0.003829342282286578]], "chi2_level": 0.99, "chi2_df": 3, "chi2_threshold": 11.344866730144373, "N_raw": 43, "N_roi": 39, "N_inlier": 39, "refit": true}
{"timestamp": "16:18:52.530464", "frame": 28, "mu": [2.2483464280889853, 3.7185632696043647, 0.11247826001377545], "Sigma": [[0.016128546152034746, -0.007395088403751372, -0.009312659495777954], [-0.007395088403751372, 0.007427744623587804, 0.0020597297842736887], [-0.009312659495777954, 0.0020597297842736887, 0.008556607816666537]], "chi2_level": 0.99, "chi2_df": 3, "chi2_threshold": 11.344866730144373, "N_raw": 40, "N_roi": 29, "N_inlier": 28, "refit": true}
{"timestamp": "16:18:52.587543", "frame": 29, "mu": [2.2617841201653324, 3.566610957627291, 1.0156478274750003], "Sigma": [[0.019156320994897003, -0.012916513599134274, -0.006259067504618328], [-0.012916513599134274, 0.013499440747718342, 0.0015374950797110167], [-0.006259067504618328, 0.0015374950797110171, 0.00650042186042736]], "chi2_level": 0.99, "chi2_df": 3, "chi2_threshold": 11.344866730144373, "N_raw": 54, "N_roi": 44, "N_inlier": 42, "refit": true}
{"timestamp": "16:18:52.642178", "frame": 30, "mu": [2.2174599847292584, 3.545578145218683, 1.1880477462833245], "Sigma": [[0.02375920986467376, -0.014565959182187161, -0.011768911811603822], [-0.014565959182187161, 0.015526169149090765, 0.007064342580763879], [-0.011768911811603822, 0.007064342580763879, 0.008477257680253142]], "chi2_level": 0.99, "chi2_df": 3, "chi2_threshold": 11.344866730144373, "N_raw": 53, "N_roi": 50, "N_inlier": 49, "refit": true}
{"timestamp": "16:18:52.694403", "frame": 31, "mu": [2.2474881375602513, 3.603387585599694, -0.10448528285735145], "Sigma": [[0.02058704985191535, -0.01080034981432993, -0.009322295557858618], [-0.01080034981432993, 0.009056813382281566, 0.002826523197259127], [-0.009322295557858618, 0.002826523197259127, 0.0071468028886925005]], "chi2_level": 0.99, "chi2_df": 3, "chi2_threshold": 11.344866730144373, "N_raw": 35, "N_roi": 32, "N_inlier": 30, "refit": true}
{"timestamp": "16:18:52.753163", "frame": 32, "mu": [2.19347253442401, 3.4824948175284645, 1.1606035375163208], "Sigma": [[0.02856557052309596, -0.017877406536330034, -0.006295472302944482], [-0.017877406536330034, 0.01733196665554701, 0.0019761785487409827], [-0.006295472302944482, 0.0019761785487409827, 0.003941728052533484]], "chi2_level": 0.99, "chi2_df": 3, "chi2_threshold": 11.344866730144373, "N_raw": 59, "N_roi": 57, "N_inlier": 56, "refit": true}
{"timestamp": "16:18:52.805266", "frame": 33, "mu": [2.228778156113947, 3.40648486978271, 0.9735855424191671], "Sigma": [[0.016336136538950663, -0.010935082301400563, -0.005264560068260104], [-0.010935082301400563, 0.010983319439821424, -0.0012439272583754221], [-0.005264560068260104, -0.0012439272583754223, 0.011160805165718752]], "chi2_level": 0.99, "chi2_df": 3, "chi2_threshold": 11.344866730144373, "N_raw": 42, "N_roi": 42, "N_inlier": 41, "refit": true}
{"timestamp": "16:18:52.919423", "frame": 35, "mu": [2.097316086638168, 3.417681589555665, 0.9462073748014098], "Sigma": [[0.009970013923199935, -0.008707468712532536, 0.009777211794092472], [-0.008707468712532534, 0.01110358939173023, -0.019734639028806095], [0.009777211794092472, -0.019734639028806095, 0.11043184701691064]], "chi2_level": 0.99, "chi2_df": 3, "chi2_threshold": 11.344866730144373, "N_raw": 12, "N_roi": 12, "N_inlier": 12, "refit": true}
{"timestamp": "16:18:52.970778", "frame": 36, "mu": [2.130658438116022, 3.347767927423888, 1.114730698538428], "Sigma": [[0.016826390330924364, -0.008616398269649174, -0.006549571934597062], [-0.008616398269649174, 0.00644988228667645, -0.0016974712967793991], [-0.006549571934597062, -0.001697471296779399, 0.02204263339890887]], "chi2_level": 0.99, "chi2_df": 3, "chi2_threshold": 11.344866730144373, "N_raw": 41, "N_roi": 41, "N_inlier": 39, "refit": true}
{"timestamp": "16:18:53.024593", "frame": 37, "mu": [2.1041380960501344, 3.3262146179521057, 1.0981629869857379], "Sigma": [[0.016983834834974725, -0.01297553029794172, -0.006466126924778973], [-0.01297553029794172, 0.012053496076716816, 0.002058662476136247], [-0.006466126924778973, 0.002058662476136247, 0.014668697818890067]], "chi2_level": 0.99, "chi2_df": 3, "chi2_threshold": 11.344866730144373, "N_raw": 37, "N_roi": 36, "N_inlier": 35, "refit": true}
{"timestamp": "16:18:53.133685", "frame": 39, "mu": [2.1047546044536456, 3.2498375677595024, 1.1082092593768054], "Sigma": [[0.013682740570794551, -0.009911827599458741, -0.004992369681023435], [-0.009911827599458741, 0.00899105478816938, 0.0003210762280419552], [-0.004992369681023435, 0.0003210762280419552, 0.011089852912670681]], "chi2_level": 0.99, "chi2_df": 3, "chi2_threshold": 11.344866730144373, "N_raw": 34, "N_roi": 32, "N_inlier": 31, "refit": true}
{"timestamp": "16:18:53.187047", "frame": 40, "mu": [2.067044114728642, 3.229117132819008, 1.0655747819407135], "Sigma": [[0.011548383864856614, -0.008352444004704931, -0.00522780680586238], [-0.00835244400470493, 0.0065956999989577195, 0.0020300586236879246], [-0.005227806805862382, 0.0020300586236879246, 0.01404145570469438]], "chi2_level": 0.99, "chi2_df": 3, "chi2_threshold": 11.344866730144373, "N_raw": 22, "N_roi": 22, "N_inlier": 21, "refit": true}
{"timestamp": "16:18:53.246933", "frame": 41, "mu": [2.006403675357669, 3.2221967933805784, 1.1486486537451006], "Sigma": [[0.01969384680252937, -0.01257866369337662, -0.008244055415772176], [-0.01257866369337662, 0.011362415183520491, -0.002461238610887811], [-0.008244055415772174, -0.0024612386108878114, 0.02563284487689483]], "chi2_level": 0.99, "chi2_df": 3, "chi2_threshold": 11.344866730144373, "N_raw": 56, "N_roi": 55, "N_inlier": 54, "refit": true}
{"timestamp": "16:18:53.300336", "frame": 42, "mu": [1.9828736077034743, 3.2224246707231283, 1.045033157596744], "Sigma": [[0.016611446434334966, -0.010672874834379455, -0.012038039291196245], [-0.010672874834379457, 0.00854539906238603, 0.0025357534801378097], [-0.012038039291196246, 0.002535753480137809, 0.03501354386758368]], "chi2_level": 0.99, "chi2_df": 3, "chi2_threshold": 11.344866730144373, "N_raw": 43, "N_roi": 43, "N_inlier": 43, "refit": true}
{"timestamp": "16:18:53.357080", "frame": 43, "mu": [1.9672124394210277, 3.1720367814203736, 1.1398602314287278], "Sigma": [[0.02256428554518502, -0.014075807843025014, -0.007597670551914684], [-0.014075807843025012, 0.01311103249505773, 0.00229290297290562], [-0.007597670551914684, 0.00229290297290562, 0.006108942429304287]], "chi2_level": 0.99, "chi2_df": 3, "chi2_threshold": 11.344866730144373, "N_raw": 51, "N_roi": 51, "N_inlier": 50, "refit": true}
{"timestamp": "16:18:53.407291", "frame": 44, "mu": [1.9373323527089326, 3.0925803280473683, 0.8581824019565191], "Sigma": [[0.0077804119956648736, -0.005407963525666458, -0.0028175429172801396], [-0.005407963525666458, 0.00432001705309895, 0.00018111825813987522], [-0.0028175429172801396, 0.00018111825813987522, 0.016425237733055008]], "chi2_level": 0.99, "chi2_df": 3, "chi2_threshold": 11.344866730144373, "N_raw": 19, "N_roi": 19, "N_inlier": 19, "refit": true}
{"timestamp": "16:18:53.577226", "frame": 47, "mu": [1.8799999139458736, 3.0914239699456454, -0.8435009482330034], "Sigma": [[0.021230874355690134, -0.00027412967955008365, 0.021114266334138335], [-0.0002741296795500836, 0.004368915357263725, 0.009120990546520762], [0.021114266334138335, 0.009120990546520763, 0.10854812235005024]], "chi2_level": 0.99, "chi2_df": 3, "chi2_threshold": 11.344866730144373, "N_raw": 53, "N_roi": 51, "N_inlier": 50, "refit": true}
{"timestamp": "16:18:53.635159", "frame": 48, "mu": [1.8861425577014648, 2.9689506520443305, 0.8824837466656658], "Sigma": [[0.017790510725744703, -0.01338992691262659, -0.015071763946148259], [-0.01338992691262659, 0.012584796730639775, 0.007528095010011861], [-0.015071763946148259, 0.007528095010011861, 0.027339333519226502]], "chi2_level": 0.99, "chi2_df": 3, "chi2_threshold": 11.344866730144373, "N_raw": 53, "N_roi": 51, "N_inlier": 50, "refit": true}
{"timestamp": "16:18:53.689855", "frame": 49, "mu": [1.7988759953411702, 3.1159237204783286, -0.3338736187470464], "Sigma": [[0.02257599688500541, -0.0050089771284242135, 0.018911621596203947], [-0.0050089771284242135, 0.009900588213872298, -0.0036962677280966074], [0.01891162159620395, -0.0036962677280966082, 0.10399046563832991]], "chi2_level": 0.99, "chi2_df": 3, "chi2_threshold": 11.344866730144373, "N_raw": 72, "N_roi": 69, "N_inlier": 69, "refit": true}
{"timestamp": "16:18:53.745618", "frame": 50, "mu": [1.7832644710805958, 2.939801659743706, 0.9679105126402073], "Sigma": [[0.02186521986083191, -0.013836782381424962, -0.017122457554754136], [-0.013836782381424962, 0.011730270548664887, 0.0034957451899729655], [-0.017122457554754132, 0.003495745189972965, 0.046651972524217995]], "chi2_level": 0.99, "chi2_df": 3, "chi2_threshold": 11.344866730144373, "N_raw": 76, "N_roi": 74, "N_inlier": 73, "refit": true}
{"timestamp": "16:18:53.801261", "frame": 51, "mu": [1.7781957978341287, 2.947283317925739, 0.9840073180622014], "Sigma": [[0.022562117186495367, -0.014545628183632949, -0.015438757442173452], [-0.014545628183632949, 0.013767038358169817, 0.0020209325431708846], [-0.015438757442173452, 0.0020209325431708846, 0.03337565692958416]], "chi2_level": 0.99, "chi2_df": 3, "chi2_threshold": 11.344866730144373, "N_raw": 76, "N_roi": 76, "N_inlier": 73, "refit": true}
{"timestamp": "16:18:53.857706", "frame": 52, "mu": [1.7137280547096005, 2.927871632873408, 1.0253314386332193], "Sigma": [[0.02095267313558212, -0.011779437824339958, -0.011024152955452664], [-0.01177943782433996, 0.01234870586608337, -0.007596474631657715], [-0.01102415295545266, -0.007596474631657715, 0.04808358819090462]], "chi2_level": 0.99, "chi2_df": 3, "chi2_threshold": 11.344866730144373, "N_raw": 91, "N_roi": 89, "N_inlier": 89, "refit": true}
{"timestamp": "16:18:53.913509", "frame": 53, "mu": [1.7033288206443138, 2.9387269211199696, 0.9595348681400728], "Sigma": [[0.024076114750919454, -0.015294994222874381, -0.014340472764554139], [-0.015294994222874381, 0.018431787107630725, -0.000713399103451493], [-0.014340472764554139, -0.0007133991034514931, 0.02849215932402098]], "chi2_level": 0.99, "chi2_df": 3, "chi2_threshold": 11.344866730144373, "N_raw": 96, "N_roi": 94, "N_inlier": 92, "refit": true}
{"timestamp": "16:18:53.964803", "frame": 54, "mu": [1.7060022125114935, 2.9367029289710858, 0.8344953993386741], "Sigma": [[0.022366360467778228, -0.01318523993012495, -0.007192071171650826], [-0.01318523993012495, 0.015385585922489507, 0.001702860316298189], [-0.007192071171650826, 0.001702860316298189, 0.005451255431843415]], "chi2_level": 0.99, "chi2_df": 3, "chi2_threshold": 11.344866730144373, "N_raw": 69, "N_roi": 69, "N_inlier": 67, "refit": true}
{"timestamp": "16:18:54.021258", "frame": 55, "mu": [1.7299322126377201, 2.8330147075017194, 0.8509462967721652], "Sigma": [[0.018518077834895966, -0.012217759593293001, -0.005118481215118556], [-0.012217759593293001, 0.014668276042791294, -0.004006050516851446], [-0.005118481215118556, -0.004006050516851446, 0.017640123023981005]], "chi2_level": 0.99, "chi2_df": 3, "chi2_threshold": 11.344866730144373, "N_raw": 78, "N_roi": 78, "N_inlier": 77, "refit": true}
{"timestamp": "16:18:54.074952", "frame": 56, "mu": [1.6798729232377885, 2.734743671872693, 0.9493657032020172], "Sigma": [[0.017492152711356037, -0.009388821835935018, -0.02046666990821993], [-0.009388821835935018, 0.006367215483563814, 0.006020872313557607], [-0.02046666990821993, 0.006020872313557607, 0.08446322559924449]], "chi2_level": 0.99, "chi2_df": 3, "chi2_threshold": 11.344866730144373, "N_raw": 70, "N_roi": 70, "N_inlier": 70, "refit": true}
{"timestamp": "16:18:54.124434", "frame": 57, "mu": [1.6030732040064062, 2.710522689603597, 1.1858940220727971], "Sigma": [[0.013363685576193727, -0.006342059527870472, -0.03382504570179874], [-0.006342059527870472, 0.004851903496070876, 0.012690082254289187], [-0.03382504570179875, 0.012690082254289185, 0.1309621439568782]], "chi2_level": 0.99, "chi2_df": 3, "chi2_threshold": 11.344866730144373, "N_raw": 33, "N_roi": 33, "N_inlier": 33, "refit": true}
{"timestamp": "16:18:54.185348", "frame": 58, "mu": [1.617970355054225, 2.64760713245123, 1.022884783577266], "Sigma": [[0.02068996672374402, -0.011601513869059698, -0.02662206384641215], [-0.011601513869059698, 0.007885517928049923, 0.008965504207772364], [-0.02662206384641215, 0.008965504207772364, 0.08479110009439797]], "chi2_level": 0.99, "chi2_df": 3, "chi2_threshold": 11.344866730144373, "N_raw": 76, "N_roi": 76, "N_inlier": 74, "refit": true}
{"timestamp": "16:18:54.238028", "frame": 59, "mu": [1.5757680507817404, 2.5882805674040132, 1.0642968288446255], "Sigma": [[0.019037627363713026, -0.011080541122116566, -0.02270867876553544], [-0.011080541122116566, 0.009135396770857602, 0.012236336529585456], [-0.022708678765535444, 0.012236336529585456, 0.0685571935553888]], "chi2_level": 0.99, "chi2_df": 3, "chi2_threshold": 11.344866730144373, "N_raw": 57, "N_roi": 57, "N_inlier": 57, "refit": true}
{"timestamp": "16:18:54.293390", "frame": 60, "mu": [1.6052111696260865, 2.566432504044802, 0.8113610826355745], "Sigma": [[0.02070450204734815, -0.01390481746092307, -0.011546070843369302], [-0.013904817460923069, 0.013355347958905599, 0.004678402388498579], [-0.0115460708433693, 0.0046784023884985804, 0.010056429944904627]], "chi2_level": 0.99, "chi2_df": 3, "chi2_threshold": 11.344866730144373, "N_raw": 60, "N_roi": 60, "N_inlier": 60, "refit": true}
{"timestamp": "16:18:54.345311", "frame": 61, "mu": [1.552447098666216, 2.712322386799631, -0.37932972715703417], "Sigma": [[0.012550433093556043, -0.0019625920189686513, 0.01748405452291104], [-0.0019625920189686513, 0.003641055754292257, -0.0014276621659363618], [0.01748405452291104, -0.0014276621659363624, 0.09983211281015672]], "chi2_level": 0.99, "chi2_df": 3, "chi2_threshold": 11.344866730144373, "N_raw": 40, "N_roi": 40, "N_inlier": 39, "refit": true}
{"timestamp": "16:18:54.406836", "frame": 62, "mu": [1.520537697937073, 2.5280721082973074, 0.8832389864013861], "Sigma": [[0.016090473492828775, -0.008622939319750058, -0.005372308824933496], [-0.008622939319750058, 0.007024023288061958, -0.0004566987867273782], [-0.005372308824933496, -0.0004566987867273782, 0.03752165403200329]], "chi2_level": 0.99, "chi2_df": 3, "chi2_threshold": 11.344866730144373, "N_raw": 70, "N_roi": 70, "N_inlier": 67, "refit": true}
{"timestamp": "16:18:54.457037", "frame": 63, "mu": [1.4579120398015066, 2.5082913231421675, 0.6601508616274032], "Sigma": [[0.013732957466708044, -0.007685958851589724, -0.001899664027943136], [-0.007685958851589724, 0.007876317120520658, 9.578933642545768e-05], [-0.0018996640279431362, 9.578933642545768e-05, 0.03145710655494982]], "chi2_level": 0.99, "chi2_df": 3, "chi2_threshold": 11.344866730144373, "N_raw": 46, "N_roi": 46, "N_inlier": 43, "refit": true}
{"timestamp": "16:18:54.510161", "frame": 64, "mu": [1.48347897107894, 2.4378715320034092, 0.7412566888793424], "Sigma": [[0.010950900316429736, -0.01024252970978579, -0.009340825374052533], [-0.01024252970978579, 0.010770826375158199, 0.006060429138392513], [-0.009340825374052533, 0.006060429138392513, 0.11765054369998208]], "chi2_level": 0.99, "chi2_df": 3, "chi2_threshold": 11.344866730144373, "N_raw": 32, "N_roi": 32, "N_inlier": 30, "refit": true}
{"timestamp": "16:18:54.567894", "frame": 65, "mu": [1.4370821632194648, 2.433051231663764, 1.1182799921825215], "Sigma": [[0.014098308237348233, -0.011763476260269266, -0.025079746626162934], [-0.011763476260269266, 0.013237645021477102, 0.01700127417682756], [-0.025079746626162934, 0.01700127417682756, 0.06239969279955778]], "chi2_level": 0.99, "chi2_df": 3, "chi2_threshold": 11.344866730144373, "N_raw": 59, "N_roi": 59, "N_inlier": 58, "refit": true}
{"timestamp": "16:18:54.624421", "frame": 66, "mu": [1.4097903384608417, 2.623778763777758, -0.5329793497225048], "Sigma": [[0.009951932144704174, -0.0076963208854086695, -0.007956815658000316], [-0.0076963208854086695, 0.01397739309372428, -0.01102281750395771], [-0.007956815658000316, -0.01102281750395771, 0.06407368235112414]], "chi2_level": 0.99, "chi2_df": 3, "chi2_threshold": 11.344866730144373, "N_raw": 65, "N_roi": 65, "N_inlier": 61, "refit": true}
{"timestamp": "16:18:54.684532", "frame": 67, "mu": [1.377543937531763, 2.3814217534209052, 0.7482041745360442], "Sigma": [[0.015001483974392618, -0.011422636999342777, -0.0018436617394620848], [-0.011422636999342775, 0.017716546938613215, -0.008065770731254822], [-0.0018436617394620852, -0.008065770731254822, 0.01745370286588932]], "chi2_level": 0.99, "chi2_df": 3, "chi2_threshold": 11.344866730144373, "N_raw": 93, "N_roi": 93, "N_inlier": 91, "refit": true}
{"timestamp": "16:18:54.726161", "frame": 68, "mu": [1.3363139844669494, 2.4322252518091902, 1.2356719435533454], "Sigma": [[0.0037608876094267648, -0.0013777061223538877, -0.008351703817317306], [-0.0013777061223538883, 0.005491771384191113, -0.0010321581270805688], [-0.008351703817317308, -0.001032158127080569, 0.025303002486930196]], "chi2_level": 0.99, "chi2_df": 3, "chi2_threshold": 11.344866730144373, "N_raw": 9, "N_roi": 9, "N_inlier": 9, "refit": true}
{"timestamp": "16:18:54.787934", "frame": 69, "mu": [1.3218511880430295, 2.328683799646378, 1.0763282785244226], "Sigma": [[0.017281189093614133, -0.008951012998558362, -0.0029049392373192056], [-0.008951012998558364, 0.006385866216529828, -0.004616716297749016], [-0.0029049392373192056, -0.004616716297749016, 0.03640756998061252]], "chi2_level": 0.99, "chi2_df": 3, "chi2_threshold": 11.344866730144373, "N_raw": 63, "N_roi": 63, "N_inlier": 61, "refit": true}
{"timestamp": "16:18:54.846699", "frame": 70, "mu": [1.2852331350932817, 2.3064038682160297, -1.1035014070419504], "Sigma": [[0.012751551756391472, -0.005006924414066317, 0.0022782980656211684], [-0.005006924414066319, 0.004397318533334583, 0.0013968857551872366], [0.002278298065621169, 0.0013968857551872366, 0.08468173852130557]], "chi2_level": 0.99, "chi2_df": 3, "chi2_threshold": 11.344866730144373, "N_raw": 79, "N_roi": 79, "N_inlier": 78, "refit": true}
{"timestamp": "16:18:54.901595", "frame": 71, "mu": [1.3016441201467854, 2.2861966043582864, 0.8177781768723706], "Sigma": [[0.016469046973381633, -0.007795621895512353, -0.019332542454797052], [-0.007795621895512353, 0.011125054867986416, -0.01841199040862211], [-0.01933254245479705, -0.01841199040862211, 0.14600548487795842]], "chi2_level": 0.99, "chi2_df": 3, "chi2_threshold": 11.344866730144373, "N_raw": 79, "N_roi": 79, "N_inlier": 79, "refit": true}
{"timestamp": "16:18:54.953383", "frame": 72, "mu": [1.2133374724050587, 2.2644717990066363, 1.2163935773169483], "Sigma": [[0.01618767930067551, -0.006037303085711889, -0.020982623499051733], [-0.006037303085711889, 0.005810540802727479, 0.0006355468332722388], [-0.020982623499051733, 0.0006355468332722375, 0.056810647116820906]], "chi2_level": 0.99, "chi2_df": 3, "chi2_threshold": 11.344866730144373, "N_raw": 55, "N_roi": 55, "N_inlier": 51, "refit": true}
{"timestamp": "16:18:55.007595", "frame": 73, "mu": [1.1321365530490213, 2.29107145726532, 1.1557674328079905], "Sigma": [[0.011313615418429155, -0.005950658423515437, 0.009113952297793004], [-0.005950658423515437, 0.005216501611128689, -0.01118260044404838], [0.009113952297793004, -0.01118260044404838, 0.07636256384520282]], "chi2_level": 0.99, "chi2_df": 3, "chi2_threshold": 11.344866730144373, "N_raw": 52, "N_roi": 52, "N_inlier": 49, "refit": true}
{"timestamp": "16:18:55.064799", "frame": 74, "mu": [1.213851453629853, 2.174132896222208, 0.97539584035519], "Sigma": [[0.012720678002152855, -0.006338541690920539, -0.00815151049449824], [-0.006338541690920539, 0.003820377464832, 0.002710847397612486], [-0.00815151049449824, 0.002710847397612486, 0.03795150356358924]], "chi2_level": 0.99, "chi2_df": 3, "chi2_threshold": 11.344866730144373, "N_raw": 66, "N_roi": 66, "N_inlier": 62, "refit": true}
{"timestamp": "16:18:55.122877", "frame": 75, "mu": [1.1642065516281033, 2.1543902707989715, 0.8195201165163207], "Sigma": [[0.012720786259643143, -0.007125908217408617, -0.02637605710005573], [-0.0071259082174086165, 0.00510969074413277, 0.018873047594391845], [-0.02637605710005573, 0.018873047594391845, 0.3227632610349496]], "chi2_level": 0.99, "chi2_df": 3, "chi2_threshold": 11.344866730144373, "N_raw": 84, "N_roi": 84, "N_inlier": 83, "refit": true}
{"timestamp": "16:18:55.181815", "frame": 76, "mu": [1.0876743483961542, 2.1646411872842344, 0.7928156853482468], "Sigma": [[0.02112755474589907, -0.010579005600422381, -0.03171660904099737], [-0.010579005600422381, 0.007983072331843043, 0.016634031937216708], [-0.03171660904099737, 0.01663403193721671, 0.3973182687171449]], "chi2_level": 0.99, "chi2_df": 3, "chi2_threshold": 11.344866730144373, "N_raw": 116, "N_roi": 116, "N_inlier": 115, "refit": true}
{"timestamp": "16:18:55.237283", "frame": 77, "mu": [1.074053631427477, 2.1436534915005696, 0.5660715884666054], "Sigma": [[0.016309681339191806, -0.009095005329017667, -0.015753835007657556], [-0.009095005329017667, 0.0076104518738377095, -0.008399216743269995], [-0.015753835007657556, -0.008399216743269995, 0.3035541033224039]], "chi2_level": 0.99, "chi2_df": 3, "chi2_threshold": 11.344866730144373, "N_raw": 117, "N_roi": 117, "N_inlier": 116, "refit": true}
{"timestamp": "16:18:55.288816", "frame": 78, "mu": [1.0825783273169594, 2.106097157479938, 1.0296418890373995], "Sigma": [[0.011757397458104465, -0.004572431036725217, 0.0004464936760071799], [-0.004572431036725216, 0.0037792205641358845, -0.004719241243251437], [0.0004464936760071805, -0.004719241243251437, 0.04506351743368314]], "chi2_level": 0.99, "chi2_df": 3, "chi2_threshold": 11.344866730144373, "N_raw": 89, "N_roi": 89, "N_inlier": 85, "refit": true}
{"timestamp": "16:18:55.341961", "frame": 79, "mu": [1.0111231723586016, 2.0800670550922105, 1.1288468984536892], "Sigma": [[0.013953591320664113, -0.005927577775746677, -0.008407005285358362], [-0.005927577775746677, 0.004279445640174445, -0.002288557655806648], [-0.00840700528535836, -0.002288557655806648, 0.034605073588556724]], "chi2_level": 0.99, "chi2_df": 3, "chi2_threshold": 11.344866730144373, "N_raw": 73, "N_roi": 73, "N_inlier": 70, "refit": true}
{"timestamp": "16:18:55.397654", "frame": 80, "mu": [1.0168552132065911, 2.045618631931477, -0.48429509224611883], "Sigma": [[0.015611637545881947, -0.003702725211979726, 0.0561396852447829], [-0.003702725211979726, 0.005424855695488896, -0.03292187874616934], [0.0561396852447829, -0.032921878746169336, 0.673906839692612]], "chi2_level": 0.99, "chi2_df": 3, "chi2_threshold": 11.344866730144373, "N_raw": 87, "N_roi": 87, "N_inlier": 86, "refit": true}
{"timestamp": "16:18:55.457063", "frame": 81, "mu": [0.9376826294301356, 2.0463058512710997, -0.21430959959738885], "Sigma": [[0.011842979222813016, -0.003360328376333504, 0.07080488022136866], [-0.0033603283763335044, 0.003989727140374177, -0.04686242029295541], [0.07080488022136866, -0.04686242029295541, 0.9809261367396654]], "chi2_level": 0.99, "chi2_df": 3, "chi2_threshold": 11.344866730144373, "N_raw": 109, "N_roi": 109, "N_inlier": 108, "refit": true}
{"timestamp": "16:18:55.504883", "frame": 82, "mu": [0.9468823867452507, 1.9799534113005934, 1.1390911671311044], "Sigma": [[0.011451547540175492, -0.0024713042856664815, -0.00886924989259655], [-0.0024713042856664815, 0.002773404083563636, -0.0041813875916385836], [-0.00886924989259655, -0.0041813875916385836, 0.08046343116910894]], "chi2_level": 0.99, "chi2_df": 3, "chi2_threshold": 11.344866730144373, "N_raw": 57, "N_roi": 56, "N_inlier": 55, "refit": true}
{"timestamp": "16:18:55.565064", "frame": 83, "mu": [0.8416822656436244, 1.9899328912117487, -0.26003067883267633], "Sigma": [[0.023063445067858103, -0.01338948920626256, 0.13345407824609373], [-0.01338948920626256, 0.010567778025838059, -0.0905370588381211], [0.13345407824609373, -0.0905370588381211, 1.2356974985377491]], "chi2_level": 0.99, "chi2_df": 3, "chi2_threshold": 11.344866730144373, "N_raw": 112, "N_roi": 112, "N_inlier": 112, "refit": true}
{"timestamp": "16:18:55.612995", "frame": 84, "mu": [0.9097021933812306, 1.88790212674228, 1.2174395090645806], "Sigma": [[0.01908863147048462, -0.009736023675390478, -0.0003811564827456138], [-0.00973602367539048, 0.008152653493144903, -0.00781307072757091], [-0.0003811564827456142, -0.007813070727570912, 0.034151551637085144]], "chi2_level": 0.99, "chi2_df": 3, "chi2_threshold": 11.344866730144373, "N_raw": 57, "N_roi": 56, "N_inlier": 54, "refit": true}
{"timestamp": "16:18:55.671056", "frame": 85, "mu": [0.8645674962867694, 1.8457450363528274, 1.2378809375795705], "Sigma": [[0.015291519898774827, -0.004372289562024143, -0.021724063152086262], [-0.004372289562024143, 0.004087885176270542, 0.004042456014324076], [-0.021724063152086262, 0.004042456014324076, 0.04267561590268604]], "chi2_level": 0.99, "chi2_df": 3, "chi2_threshold": 11.344866730144373, "N_raw": 81, "N_roi": 81, "N_inlier": 77, "refit": true}
{"timestamp": "16:18:55.729634", "frame": 86, "mu": [0.8383308414248144, 1.8408390454954509, 1.1619392797409431], "Sigma": [[0.010976418888227686, -0.0021972532300173243, -0.009965462981750755], [-0.0021972532300173243, 0.0024441118072884935, -0.004141821767136774], [-0.009965462981750755, -0.004141821767136774, 0.05011112740786476]], "chi2_level": 0.99, "chi2_df": 3, "chi2_threshold": 11.344866730144373, "N_raw": 103, "N_roi": 103, "N_inlier": 100, "refit": true}
{"timestamp": "16:18:55.782055", "frame": 87, "mu": [0.73985835367425, 1.8690084489927807, 1.206377956725239], "Sigma": [[0.006728348717642412, -0.003598960269086616, -0.0028638867840041307], [-0.0035989602690866154, 0.004428143011906634, -0.006429990800246914], [-0.0028638867840041307, -0.006429990800246914, 0.040004453050149005]], "chi2_level": 0.99, "chi2_df": 3, "chi2_threshold": 11.344866730144373, "N_raw": 83, "N_roi": 83, "N_inlier": 79, "refit": true}
{"timestamp": "16:18:55.843947", "frame": 88, "mu": [0.7459202937428852, 1.8145210863761845, 0.9581471445337781], "Sigma": [[0.014444631600222088, -0.006596418608968267, 0.012968206299095474], [-0.006596418608968268, 0.00580065570618101, -0.00867038023440017], [0.012968206299095474, -0.008670380234400168, 0.10754416549685963]], "chi2_level": 0.99, "chi2_df": 3, "chi2_threshold": 11.344866730144373, "N_raw": 126, "N_roi": 125, "N_inlier": 121, "refit": true}
{"timestamp": "16:18:55.891163", "frame": 89, "mu": [0.7177920413088488, 2.0231756753786896, -0.630509575115468], "Sigma": [[0.005931517950997659, -0.001179052096178055, 0.0008831197182726479], [-0.0011790520961780554, 0.018806937501700163, -0.07661375347515922], [0.0008831197182726487, -0.07661375347515922, 0.35969535608845726]], "chi2_level": 0.99, "chi2_df": 3, "chi2_threshold": 11.344866730144373, "N_raw": 75, "N_roi": 75, "N_inlier": 74, "refit": true}
{"timestamp": "16:18:55.942301", "frame": 90, "mu": [0.6840416866056357, 1.7613088061585427, 0.9376963032814967], "Sigma": [[0.005733681737892252, -0.006358936414548372, -0.02205261915985599], [-0.006358936414548372, 0.011950349458128616, 0.045977748025145385], [-0.02205261915985599, 0.045977748025145385, 0.26596969835547307]], "chi2_level": 0.99, "chi2_df": 3, "chi2_threshold": 11.344866730144373, "N_raw": 54, "N_roi": 54, "N_inlier": 52, "refit": true}
{"timestamp": "16:18:55.992166", "frame": 91, "mu": [0.6589516091178746, 1.7001880107438245, 0.5437817435903127], "Sigma": [[0.004588944112926203, 0.0011229313905093074, -0.021407170686354216], [0.001122931390509306, 0.023496852900908242, 0.021545962889342424], [-0.021407170686354213, 0.021545962889342414, 0.5280889031510374]], "chi2_level": 0.99, "chi2_df": 3, "chi2_threshold": 11.344866730144373, "N_raw": 14, "N_roi": 14, "N_inlier": 14, "refit": true}
{"timestamp": "16:18:56.052065", "frame": 92, "mu": [0.6040800854109231, 1.6115239866827422, 0.8487358897608339], "Sigma": [[0.0094169581562997, -0.009001539084517828, -0.008740985688503284], [-0.009001539084517828, 0.013622319817024048, 0.013597243429917102], [-0.008740985688503284, 0.013597243429917102, 0.25510550221444545]], "chi2_level": 0.99, "chi2_df": 3, "chi2_threshold": 11.344866730144373, "N_raw": 54, "N_roi": 54, "N_inlier": 52, "refit": true}
{"timestamp": "16:18:56.112056", "frame": 93, "mu": [0.5873061305945794, 1.6541902597619476, 1.127714799655372], "Sigma": [[0.00952979835978751, -0.0006561138097146791, 0.0012064132889446496], [-0.0006561138097146788, 0.004147955332271037, 0.014460475771782538], [0.0012064132889446518, 0.01446047577178254, 0.22596185750972916]], "chi2_level": 0.99, "chi2_df": 3, "chi2_threshold": 11.344866730144373, "N_raw": 85, "N_roi": 85, "N_inlier": 82, "refit": true}
{"timestamp": "16:18:56.166635", "frame": 94, "mu": [0.5722139732911687, 1.6368058629594047, 0.6919725371551286], "Sigma": [[0.00695167350164965, -0.004073381629885508, -0.034883166016453374], [-0.004073381629885508, 0.004887675641775009, 0.02157874614668895], [-0.034883166016453374, 0.021578746146688955, 0.38643417797353735]], "chi2_level": 0.99, "chi2_df": 3, "chi2_threshold": 11.344866730144373, "N_raw": 79, "N_roi": 79, "N_inlier": 78, "refit": true}
{"timestamp": "16:18:56.218517", "frame": 95, "mu": [0.5278446793557751, 1.6456296021399093, 1.2971039001399338], "Sigma": [[0.00854746416460435, -0.0008570454848628836, -0.012553707508281234], [-0.0008570454848628836, 0.003106742450182261, 0.0005878839114816784], [-0.012553707508281236, 0.0005878839114816784, 0.04467333668534657]], "chi2_level": 0.99, "chi2_df": 3, "chi2_threshold": 11.344866730144373, "N_raw": 69, "N_roi": 69, "N_inlier": 66, "refit": true}
{"timestamp": "16:18:56.277068", "frame": 96, "mu": [0.5709650903674063, 1.6615303846027039, -0.5151081870233005], "Sigma": [[0.007134959603064712, -7.255753664444514e-05, 0.03883188974844641], [-7.255753664444509e-05, 0.008045146005588047, -0.01674827028555064], [0.03883188974844641, -0.01674827028555064, 0.6332274491590192]], "chi2_level": 0.99, "chi2_df": 3, "chi2_threshold": 11.344866730144373, "N_raw": 85, "N_roi": 85, "N_inlier": 83, "refit": true}
{"timestamp": "16:18:56.332251", "frame": 97, "mu": [0.5108745020896476, 1.7446379625037063, -0.399303853016792], "Sigma": [[0.00865956402051216, 0.001047254817495817, -0.016697720110416706], [0.001047254817495817, 0.004051454842797674, -0.0055664613239027], [-0.01669772011041671, -0.0055664613239027, 0.05648132898731]], "chi2_level": 0.99, "chi2_df": 3, "chi2_threshold": 11.344866730144373, "N_raw": 82, "N_roi": 82, "N_inlier": 77, "refit": true}
{"timestamp": "16:18:56.385435", "frame": 98, "mu": [0.469105943496894, 1.7076386261312135, -0.46983328782193673], "Sigma": [[0.005657310751635055, 0.0013443481244985477, 0.0013956035241439186], [0.0013443481244985477, 0.005952380245754879, 0.0009251090414128683], [0.0013956035241439182, 0.0009251090414128681, 0.06348089398097026]], "chi2_level": 0.99, "chi2_df": 3, "chi2_threshold": 11.344866730144373, "N_raw": 73, "N_roi": 73, "N_inlier": 68, "refit": true}
{"timestamp": "16:18:56.438075", "frame": 99, "mu": [0.42258217388981195, 1.6018879954064125, -0.598646434353687], "Sigma": [[0.006294630896257358, 0.0023272699284973995, 0.007658126716702974], [0.0023272699284973995, 0.005345728028755904, 0.008173044653036074], [0.007658126716702974, 0.008173044653036074, 0.04240935905431705]], "chi2_level": 0.99, "chi2_df": 3, "chi2_threshold": 11.344866730144373, "N_raw": 53, "N_roi": 53, "N_inlier": 50, "refit": true}
{"timestamp": "16:18:56.611083", "frame": 100, "mu": [0.3077813113471444, 1.5054082904157582, 1.264210991994152], "Sigma": [[0.009914159908948735, -0.004363320776309822, -0.034255860720214824], [-0.004363320776309822, 0.005687883098084929, 0.018302348780572034], [-0.03425586072021483, 0.018302348780572037, 0.17477423210184206]], "chi2_level": 0.99, "chi2_df": 3, "chi2_threshold": 11.344866730144373, "N_raw": 50, "N_roi": 50, "N_inlier": 47, "refit": true}
{"timestamp": "16:18:56.640598", "frame": 101, "mu": [0.33392255120123815, 1.5542063939860633, -0.6383123217185686], "Sigma": [[0.012170482611369318, 0.007794285909927819, -0.005961649916765081], [0.007794285909927819, 0.00904162732318381, 0.001650499146025951], [-0.00596164991676508, 0.0016504991460259512, 0.05017813861580796]], "chi2_level": 0.99, "chi2_df": 3, "chi2_threshold": 11.344866730144373, "N_raw": 111, "N_roi": 111, "N_inlier": 104, "refit": true}
{"timestamp": "16:18:56.671436", "frame": 102, "mu": [0.28007780856701137, 1.4998989249454655, 0.0554436367785123], "Sigma": [[0.010717083614646157, 0.0021510309853852243, 0.06241134196502691], [0.0021510309853852243, 0.007293750792875218, -0.01563262042876652], [0.06241134196502691, -0.015632620428766522, 0.9338299797619168]], "chi2_level": 0.99, "chi2_df": 3, "chi2_threshold": 11.344866730144373, "N_raw": 106, "N_roi": 104, "N_inlier": 102, "refit": true}
