{"timestamp": "16:13:56.076635", "frame": 19, "mu": [2.2378234983843552, 3.149206975526904, 1.081257892082329], "Sigma": [[0.004837375124868881, -0.003242007621508265, -0.0016645732124384504], [-0.0032420076215082657, 0.004368875074583058, 7.06975161170883e-05], [-0.0016645732124384509, 7.069751611708873e-05, 0.004153070727032094]], "chi2_level": 0.99, "chi2_df": 3, "chi2_threshold": 11.344866730144373, "N_raw": 10, "N_roi": 10, "N_inlier": 10, "refit": true}
{"timestamp": "16:13:56.189242", "frame": 21, "mu": [2.3013471382300805, 3.1128448731610217, 1.2365604514192348], "Sigma": [[0.011218477506644434, -0.008127913367860288, -0.0029640061029445157], [-0.008127913367860288, 0.0064104560388354185, -0.0001992865873852417], [-0.002964006102944516, -0.0001992865873852416, 0.018734124525864124]], "chi2_level": 0.99, "chi2_df": 3, "chi2_threshold": 11.344866730144373, "N_raw": 24, "N_roi": 22, "N_inlier": 21, "refit": true}
{"timestamp": "16:13:56.301653", "frame": 23, "mu": [2.194333287579285, 3.2285475911018886, 0.15742211608272438], "Sigma": [[0.012164573696254765, -0.006851981074396625, -0.007246226646760668], [-0.006851981074396625, 0.008482472542562678, -0.002956717734522484], [-0.007246226646760667, -0.0029567177345224843, 0.019173972367466426]], "chi2_level": 0.99, "chi2_df": 3, "chi2_threshold": 11.344866730144373, "N_raw": 31, "N_roi": 31, "N_inlier": 30, "refit": true}
{"timestamp": "16:13:56.354439", "frame": 24, "mu": [2.154771577201748, 3.1492061359787638, 1.3362306906798749], "Sigma": [[0.004072627518137259, -0.0025556534238060104, 0.0004882671687980504], [-0.0025556534238060104, 0.002449974186834925, -0.0036875931614368004], [0.0004882671687980504, -0.0036875931614368013, 0.043078863784434186]], "chi2_level": 0.99, "chi2_df": 3, "chi2_threshold": 11.344866730144373, "N_raw": 13, "N_roi": 11, "N_inlier": 11, "refit": true}
{"timestamp": "16:13:57.014287", "frame": 36, "mu": [1.703907864595231, 2.9454996588981524, 0.7819349888278891], "Sigma": [[0.004035271451482092, 0.003010038191605859, -0.0008800528661160698], [0.003010038191605859, 0.0028919958269107322, 0.0023148436910687404], [-0.0008800528661160694, 0.00231484369106874, 0.17768660781102813]], "chi2_level": 0.99, "chi2_df": 3, "chi2_threshold": 11.344866730144373, "N_raw": 9, "N_roi": 9, "N_inlier": 9, "refit": true}
{"timestamp": "16:13:57.069870", "frame": 37, "mu": [1.683060554486771, 3.0350559001726305, 1.2967659433910863], "Sigma": [[0.008545349968459792, -0.0032017645022756965, 0.0008935808879886811], [-0.003201764502275697, 0.0039030761840798496, -0.0009832486711931771], [0.000893580887988681, -0.0009832486711931771, 0.000250036478172013]], "chi2_level": 0.99, "chi2_df": 3, "chi2_threshold": 11.344866730144373, "N_raw": 16, "N_roi": 14, "N_inlier": 14, "refit": true}
{"timestamp": "16:13:57.236724", "frame": 40, "mu": [1.5406849905040612, 3.076162953177367, -0.06256500901795374], "Sigma": [[0.009428510100232166, -0.003372474065013408, -0.010161472617183667], [-0.003372474065013408, 0.00317302638539745, 0.004142789175995386], [-0.010161472617183667, 0.004142789175995386, 0.012437476683919995]], "chi2_level": 0.99, "chi2_df": 3, "chi2_threshold": 11.344866730144373, "N_raw": 22, "N_roi": 22, "N_inlier": 21, "refit": true}
{"timestamp": "16:13:57.289953", "frame": 41, "mu": [1.5852743046487747, 2.9709376555352343, 1.1209518496841149], "Sigma": [[0.004813277937661633, -0.002288295760170438, -0.002603080186460722], [-0.002288295760170438, 0.003808787086157525, -0.00019669444426096766], [-0.002603080186460722, -0.00019669444426096777, 0.0034805481868585785]], "chi2_level": 0.99, "chi2_df": 3, "chi2_threshold": 11.344866730144373, "N_raw": 13, "N_roi": 13, "N_inlier": 12, "refit": true}
{"timestamp": "16:13:57.345358", "frame": 42, "mu": [1.501895249312645, 2.8796028721111564, 0.9523786821294921], "Sigma": [[0.006888595599709976, -0.004447128344791973, -0.002992920935021676], [-0.004447128344791973, 0.003785738470651151, 0.0018843390914216854], [-0.002992920935021676, 0.0018843390914216854, 0.001847744226940978]], "chi2_level": 0.99, "chi2_df": 3, "chi2_threshold": 11.344866730144373, "N_raw": 14, "N_roi": 11, "N_inlier": 11, "refit": true}
{"timestamp": "16:13:57.405283", "frame": 43, "mu": [1.4183175762551838, 3.1189830918182104, -0.20845307561355858], "Sigma": [[0.013107571365490669, -0.002978163726529817, 0.01945290052921417], [-0.002978163726529818, 0.005569399881838097, -0.004681064184515116], [0.01945290052921417, -0.004681064184515115, 0.09595991033218362]], "chi2_level": 0.99, "chi2_df": 3, "chi2_threshold": 11.344866730144373, "N_raw": 49, "N_roi": 46, "N_inlier": 46, "refit": true}
{"timestamp": "16:13:57.454818", "frame": 44, "mu": [1.4434039104114218, 2.904242699121194, 0.9448380444209169], "Sigma": [[0.005394128385825457, -0.003605266736925704, -0.007334443183193155], [-0.0036052667369257047, 0.0043382081087777235, 0.003917724164658222], [-0.007334443183193155, 0.003917724164658222, 0.013924482815056394]], "chi2_level": 0.99, "chi2_df": 3, "chi2_threshold": 11.344866730144373, "N_raw": 15, "N_roi": 12, "N_inlier": 12, "refit": true}
{"timestamp": "16:13:57.509803", "frame": 45, "mu": [1.4007587496381202, 2.928294406702182, 0.7866401813573315], "Sigma": [[0.003293730920932643, -0.001733506190160338, -0.01566316260042359], [-0.001733506190160338, 0.002859719543433827, 0.0031982833823416407], [-0.01566316260042359, 0.0031982833823416407, 0.1482363299120494]], "chi2_level": 0.99, "chi2_df": 3, "chi2_threshold": 11.344866730144373, "N_raw": 14, "N_roi": 12, "N_inlier": 12, "refit": true}
{"timestamp": "16:13:57.567594", "frame": 46, "mu": [1.300169874016234, 2.931931202371888, 0.7670579987098914], "Sigma": [[0.012125668059523866, -0.006106182675820859, -0.0042553061825079674], [-0.006106182675820859, 0.00392180280132625, 0.0006458904529172231], [-0.0042553061825079674, 0.0006458904529172231, 0.007823347880426683]], "chi2_level": 0.99, "chi2_df": 3, "chi2_threshold": 11.344866730144373, "N_raw": 29, "N_roi": 29, "N_inlier": 26, "refit": true}
{"timestamp": "16:13:57.620276", "frame": 47, "mu": [1.2733163853590608, 2.982320536175651, 0.5744163746902367], "Sigma": [[0.00435177796043969, -0.006127362520242536, 0.0070902472262192266], [-0.006127362520242536, 0.013791361979388307, -0.03566884123399716], [0.0070902472262192266, -0.03566884123399716, 0.17165413504112478]], "chi2_level": 0.99, "chi2_df": 3, "chi2_threshold": 11.344866730144373, "N_raw": 12, "N_roi": 12, "N_inlier": 11, "refit": true}
{"timestamp": "16:13:57.675062", "frame": 48, "mu": [1.2574078241852407, 2.910474951304529, 0.2826683784707643], "Sigma": [[0.002815823741809191, -0.000272481844327901, 0.0017800024167036533], [-0.000272481844327901, 0.004293475452711411, -0.018644423252215547], [0.0017800024167036533, -0.018644423252215547, 0.1822722948250947]], "chi2_level": 0.99, "chi2_df": 3, "chi2_threshold": 11.344866730144373, "N_raw": 9, "N_roi": 9, "N_inlier": 9, "refit": true}
{"timestamp": "16:13:57.735055", "frame": 49, "mu": [1.1334040755450705, 2.9795040110869584, 1.0038754741216993], "Sigma": [[0.01483466704853093, -0.009512790580213412, -0.01935490459684061], [-0.009512790580213412, 0.007436294673221082, 0.009858849298497271], [-0.01935490459684061, 0.009858849298497271, 0.03861197823866172]], "chi2_level": 0.99, "chi2_df": 3, "chi2_threshold": 11.344866730144373, "N_raw": 45, "N_roi": 45, "N_inlier": 40, "refit": true}
{"timestamp": "16:13:57.785502", "frame": 50, "mu": [1.0664627896631698, 2.9422890206786216, 0.5511251232373395], "Sigma": [[0.009218888765533182, -0.0011206161672058029, -0.028772961152954815], [-0.0011206161672058029, 0.0036340446979074444, -0.002693594432880174], [-0.028772961152954815, -0.002693594432880176, 0.30018049666767294]], "chi2_level": 0.99, "chi2_df": 3, "chi2_threshold": 11.344866730144373, "N_raw": 10, "N_roi": 10, "N_inlier": 10, "refit": true}
{"timestamp": "16:13:57.842115", "frame": 51, "mu": [1.1204877881707287, 2.9480848504169206, 0.9397411486294125], "Sigma": [[0.010541951876933905, -0.003630623617218569, -0.0070522719719773325], [-0.003630623617218569, 0.0026578637517851917, -0.001058762600036448], [-0.007052271971977331, -0.001058762600036448, 0.0494893656614248]], "chi2_level": 0.99, "chi2_df": 3, "chi2_threshold": 11.344866730144373, "N_raw": 27, "N_roi": 27, "N_inlier": 24, "refit": true}
{"timestamp": "16:13:57.900227", "frame": 52, "mu": [0.9243529203607052, 2.9833297297142423, 0.9290911079128157], "Sigma": [[0.011679446614548903, -0.004643032608077141, -0.014343733468348906], [-0.004643032608077141, 0.00214122385694493, 0.00595137354129578], [-0.014343733468348906, 0.00595137354129578, 0.12150291117353987]], "chi2_level": 0.99, "chi2_df": 3, "chi2_threshold": 11.344866730144373, "N_raw": 41, "N_roi": 38, "N_inlier": 36, "refit": true}
{"timestamp": "16:13:57.954534", "frame": 53, "mu": [0.8749174512483806, 2.9620114208307866, 1.0024158069277895], "Sigma": [[0.009392704728914228, -0.00304406134294754, -0.004343417485964509], [-0.00304406134294754, 0.007013345003474276, -0.009698695577077789], [-0.004343417485964509, -0.009698695577077789, 0.029929464498451634]], "chi2_level": 0.99, "chi2_df": 3, "chi2_threshold": 11.344866730144373, "N_raw": 38, "N_roi": 38, "N_inlier": 35, "refit": true}
{"timestamp": "16:13:58.007592", "frame": 54, "mu": [0.7972069629192424, 3.0235713646072764, 1.3662112939015187], "Sigma": [[0.010556671277338416, -0.003828500793156397, -0.01013307891994258], [-0.003828500793156397, 0.002598903255240827, 0.0026768694169651934], [-0.01013307891994258, 0.0026768694169651934, 0.011806502232753023]], "chi2_level": 0.99, "chi2_df": 3, "chi2_threshold": 11.344866730144373, "N_raw": 29, "N_roi": 28, "N_inlier": 25, "refit": true}
{"timestamp": "16:13:58.059686", "frame": 55, "mu": [0.7717236229355648, 2.928676146760993, 1.110462234772863], "Sigma": [[0.0022656802851147117, -0.0003055821652322145, -0.006209377426818384], [-0.0003055821652322146, 0.0008459488126217379, -0.0014259815930770113], [-0.006209377426818384, -0.0014259815930770113, 0.027801863726530925]], "chi2_level": 0.99, "chi2_df": 3, "chi2_threshold": 11.344866730144373, "N_raw": 8, "N_roi": 8, "N_inlier": 8, "refit": true}
{"timestamp": "16:13:58.117305", "frame": 56, "mu": [0.7278384722672686, 2.9189005145821105, 1.2519844092333736], "Sigma": [[0.008482188441065084, -0.0032801683976235356, -0.007821710003850322], [-0.0032801683976235356, 0.004676652895782553, 0.0018880800866620659], [-0.007821710003850322, 0.0018880800866620659, 0.011459976155985336]], "chi2_level": 0.99, "chi2_df": 3, "chi2_threshold": 11.344866730144373, "N_raw": 38, "N_roi": 37, "N_inlier": 37, "refit": true}
{"timestamp": "16:13:58.174160", "frame": 57, "mu": [0.648514315311755, 3.004838322607143, -0.11377580066046736], "Sigma": [[0.00885828747314847, -0.0023229867297882368, -0.010095438525188877], [-0.0023229867297882368, 0.003523996939291201, 0.0025849472212156237], [-0.010095438525188877, 0.002584947221215624, 0.02200760817722614]], "chi2_level": 0.99, "chi2_df": 3, "chi2_threshold": 11.344866730144373, "N_raw": 33, "N_roi": 31, "N_inlier": 30, "refit": true}
{"timestamp": "16:13:58.233485", "frame": 58, "mu": [0.5939353395097279, 2.9284998092031387, 1.1817779880505888], "Sigma": [[0.013546311885178913, -0.002182321197353578, -0.00421106357813222], [-0.0021823211973535784, 0.007770118068172949, -0.00043937533391753613], [-0.00421106357813222, -0.00043937533391753624, 0.0024000489764532187]], "chi2_level": 0.99, "chi2_df": 3, "chi2_threshold": 11.344866730144373, "N_raw": 68, "N_roi": 67, "N_inlier": 65, "refit": true}
{"timestamp": "16:13:58.287160", "frame": 59, "mu": [0.5337754149370807, 2.9500737841247173, 1.2034006010025657], "Sigma": [[0.010999005351844953, -0.007277683768591116, -0.011629517286743756], [-0.007277683768591116, 0.019225931406935626, 0.018298284392875196], [-0.011629517286743756, 0.018298284392875196, 0.05912964693324137]], "chi2_level": 0.99, "chi2_df": 3, "chi2_threshold": 11.344866730144373, "N_raw": 51, "N_roi": 49, "N_inlier": 46, "refit": true}
{"timestamp": "16:13:58.339522", "frame": 60, "mu": [0.4980512561448814, 2.918561816282068, 1.1386952492760856], "Sigma": [[0.008154414517603759, -0.001457368576123694, -0.016224914128702562], [-0.001457368576123694, 0.003243579049858357, -0.004265203105986915], [-0.016224914128702562, -0.004265203105986915, 0.19175439292689425]], "chi2_level": 0.99, "chi2_df": 3, "chi2_threshold": 11.344866730144373, "N_raw": 38, "N_roi": 38, "N_inlier": 37, "refit": true}
{"timestamp": "16:13:58.394109", "frame": 61, "mu": [0.3439745385185433, 2.9866814769757215, 1.0301684524332453], "Sigma": [[0.0023889808977105137, -0.001788528167752106, 0.02163580776003509], [-0.0017885281677521064, 0.006125132750271769, 0.01560789261115846], [0.02163580776003509, 0.01560789261115846, 0.4505647180972766]], "chi2_level": 0.99, "chi2_df": 3, "chi2_threshold": 11.344866730144373, "N_raw": 10, "N_roi": 7, "N_inlier": 7, "refit": true}
{"timestamp": "16:13:58.445175", "frame": 62, "mu": [0.24276465252754814, 3.1847404983506857, -0.021107847839221955], "Sigma": [[0.000759873148626368, 0.00011936116431632271, 0.0009845308511866042], [0.00011936116431632271, 0.023076008584047788, -0.11554555207642762], [0.0009845308511866042, -0.11554555207642761, 0.6418724753585109]], "chi2_level": 0.99, "chi2_df": 3, "chi2_threshold": 11.344866730144373, "N_raw": 10, "N_roi": 10, "N_inlier": 10, "refit": true}
{"timestamp": "16:13:58.500918", "frame": 63, "mu": [0.2676957090758583, 2.989565883117492, 1.3776664569390342], "Sigma": [[0.001980012176788862, -0.0011501066972329026, -0.003263897075901647], [-0.0011501066972329026, 0.003894863861708918, -0.0007407003852865635], [-0.003263897075901647, -0.0007407003852865635, 0.017461315606159565]], "chi2_level": 0.99, "chi2_df": 3, "chi2_threshold": 11.344866730144373, "N_raw": 13, "N_roi": 10, "N_inlier": 9, "refit": true}
{"timestamp": "16:13:58.610161", "frame": 65, "mu": [0.318710365108094, 2.949128461288799, 0.6848312760999183], "Sigma": [[0.01865986094997501, -0.0011537274666570704, -0.07866103511584167], [-0.0011537274666570708, 0.001961506076342007, 0.0025102680666564984], [-0.07866103511584167, 0.0025102680666564976, 0.34401143052874644]], "chi2_level": 0.99, "chi2_df": 3, "chi2_threshold": 11.344866730144373, "N_raw": 10, "N_roi": 7, "N_inlier": 7, "refit": true}
{"timestamp": "16:13:58.669535", "frame": 66, "mu": [0.12925592820639292, 2.981632181085944, 1.3718548393876717], "Sigma": [[0.010313962370392636, -0.0014448130868143256, -0.0063604902760496275], [-0.0014448130868143256, 0.005375015098269214, 0.0034848853390189423], [-0.0063604902760496275, 0.0034848853390189423, 0.006232017454202823]], "chi2_level": 0.99, "chi2_df": 3, "chi2_threshold": 11.344866730144373, "N_raw": 44, "N_roi": 42, "N_inlier": 42, "refit": true}
{"timestamp": "16:13:58.719345", "frame": 67, "mu": [0.05997415318240506, 2.9763496398894747, 0.9178619188919098], "Sigma": [[0.004872482030465853, -0.006236119222991872, -0.03185235759266433], [-0.006236119222991872, 0.008734768129870488, 0.028214718973414297], [-0.03185235759266433, 0.028214718973414293, 0.46610719223186176]], "chi2_level": 0.99, "chi2_df": 3, "chi2_threshold": 11.344866730144373, "N_raw": 9, "N_roi": 7, "N_inlier": 7, "refit": true}
{"timestamp": "16:13:58.783578", "frame": 68, "mu": [0.03959778753994689, 3.163025240890491, -0.23914013731272396], "Sigma": [[0.01316975950396774, -0.0053244993082736955, 0.004026952958858673], [-0.0053244993082736955, 0.03139516087736661, -0.07709270476187427], [0.004026952958858672, -0.07709270476187427, 0.24195527777350553]], "chi2_level": 0.99, "chi2_df": 3, "chi2_threshold": 11.344866730144373, "N_raw": 77, "N_roi": 77, "N_inlier": 76, "refit": true}
{"timestamp": "16:13:58.834582", "frame": 69, "mu": [-0.0690683205431897, 3.0801424247235016, 0.051515125934990864], "Sigma": [[0.008396411020915226, -0.0018104474213289092, -0.0032507722747785292], [-0.0018104474213289092, 0.006957591068059504, -0.009780116671293965], [-0.00325077227477853, -0.009780116671293965, 0.06408788893692334]], "chi2_level": 0.99, "chi2_df": 3, "chi2_threshold": 11.344866730144373, "N_raw": 42, "N_roi": 42, "N_inlier": 40, "refit": true}
{"timestamp": "16:13:58.888380", "frame": 70, "mu": [-0.3459015315498034, 2.939087382823483, 0.1345587737892377], "Sigma": [[0.01922976691508857, 0.0014218680413304995, 0.03508039723509876], [0.0014218680413304995, 0.0019004248263721699, 0.004402426172718481], [0.03508039723509876, 0.004402426172718479, 0.1728122571901656]], "chi2_level": 0.99, "chi2_df": 3, "chi2_threshold": 11.344866730144373, "N_raw": 35, "N_roi": 35, "N_inlier": 33, "refit": true}
{"timestamp": "16:13:58.946763", "frame": 71, "mu": [-0.19026020064877563, 2.9907977169785576, 1.391787656601807], "Sigma": [[0.012331127178546694, -0.0023892044717121483, -0.007953606465098125], [-0.002389204471712149, 0.006215164794215861, 0.003426181115674419], [-0.007953606465098125, 0.003426181115674419, 0.006578823764995866]], "chi2_level": 0.99, "chi2_df": 3, "chi2_threshold": 11.344866730144373, "N_raw": 52, "N_roi": 52, "N_inlier": 48, "refit": true}
{"timestamp": "16:13:58.998244", "frame": 72, "mu": [-0.24813945179813132, 2.976162104713869, 1.2648132019426763], "Sigma": [[0.01145778251489324, -0.00125028330808647, 0.018343489491836923], [-0.00125028330808647, 0.0036858910615022228, 0.002221359686716041], [0.018343489491836923, 0.002221359686716041, 0.22526502384365565]], "chi2_level": 0.99, "chi2_df": 3, "chi2_threshold": 11.344866730144373, "N_raw": 36, "N_roi": 35, "N_inlier": 35, "refit": true}
{"timestamp": "16:13:59.056811", "frame": 73, "mu": [-0.33869094113714404, 2.958653315350655, 1.2022132026757406], "Sigma": [[0.019845261565199213, -0.0021262110321477855, 0.033324097736568664], [-0.0021262110321477855, 0.004521373024224467, 0.003060617597150583], [0.033324097736568664, 0.003060617597150583, 0.2710334179897528]], "chi2_level": 0.99, "chi2_df": 3, "chi2_threshold": 11.344866730144373, "N_raw": 52, "N_roi": 48, "N_inlier": 48, "refit": true}
{"timestamp": "16:13:59.108485", "frame": 74, "mu": [-0.3899658732834875, 2.9697735541736483, 1.4722708668812543], "Sigma": [[0.012758574354294389, -0.0010957493500530398, -0.007828880262057556], [-0.0010957493500530398, 0.004109007023392512, 0.0034178926671635723], [-0.007828880262057556, 0.0034178926671635723, 0.007927467365501522]], "chi2_level": 0.99, "chi2_df": 3, "chi2_threshold": 11.344866730144373, "N_raw": 38, "N_roi": 37, "N_inlier": 35, "refit": true}
{"timestamp": "16:13:59.160403", "frame": 75, "mu": [-0.3206586369156102, 2.9748525572974525, 0.6943599610478647], "Sigma": [[0.013572813046843135, 0.0014455649611557337, -0.08036700376618043], [0.0014455649611557337, 0.004087965964188196, -0.007372013199495026], [-0.08036700376618043, -0.007372013199495025, 0.4900300498084143]], "chi2_level": 0.99, "chi2_df": 3, "chi2_threshold": 11.344866730144373, "N_raw": 10, "N_roi": 8, "N_inlier": 8, "refit": true}
{"timestamp": "16:13:59.222115", "frame": 76, "mu": [-0.5101168720378515, 2.9702852496521697, 1.5596337098372095], "Sigma": [[0.01576931926402916, 0.0007537295193463512, -0.00675577287750394], [0.0007537295193463512, 0.004227172843968394, -3.6498996596679356e-06], [-0.00675577287750394, -3.649899659668044e-06, 0.0035290865431355503]], "chi2_level": 0.99, "chi2_df": 3, "chi2_threshold": 11.344866730144373, "N_raw": 57, "N_roi": 53, "N_inlier": 49, "refit": true}
{"timestamp": "16:13:59.276921", "frame": 77, "mu": [-0.5495081058885934, 2.951895022496318, 1.4034737210204207], "Sigma": [[0.01770319383729818, 0.0015964803931196973, -0.010347614105911378], [0.0015964803931196973, 0.005094493115118866, -0.002034552212740619], [-0.010347614105911378, -0.002034552212740619, 0.007576186826431542]], "chi2_level": 0.99, "chi2_df": 3, "chi2_threshold": 11.344866730144373, "N_raw": 59, "N_roi": 59, "N_inlier": 58, "refit": true}
{"timestamp": "16:13:59.333570", "frame": 78, "mu": [-0.5864732210857448, 2.919290410216144, 1.384557560869687], "Sigma": [[0.015411083780809177, 0.0018092739117638954, -0.010671821725817892], [0.0018092739117638954, 0.0065436160283903755, -0.0031027529646906467], [-0.010671821725817892, -0.0031027529646906462, 0.01062716907736566]], "chi2_level": 0.99, "chi2_df": 3, "chi2_threshold": 11.344866730144373, "N_raw": 69, "N_roi": 65, "N_inlier": 64, "refit": true}
{"timestamp": "16:13:59.389705", "frame": 79, "mu": [-0.6687126976362241, 2.917317406969691, 1.3183994069555836], "Sigma": [[0.01354871894563807, -0.0011236843218796865, -0.016952007830593592], [-0.0011236843218796863, 0.007056253305078026, -0.0026752376999523847], [-0.01695200783059359, -0.0026752376999523843, 0.03746591461474262]], "chi2_level": 0.99, "chi2_df": 3, "chi2_threshold": 11.344866730144373, "N_raw": 77, "N_roi": 77, "N_inlier": 75, "refit": true}
{"timestamp": "16:13:59.445238", "frame": 80, "mu": [-0.7354930978351539, 2.8962426002720982, 1.4347996335681545], "Sigma": [[0.01346592039301126, -0.0002739627639295352, -0.008571564962537383], [-0.0002739627639295353, 0.008352715177195406, 0.003198835847622874], [-0.008571564962537383, 0.0031988358476228744, 0.007117216620926791]], "chi2_level": 0.99, "chi2_df": 3, "chi2_threshold": 11.344866730144373, "N_raw": 73, "N_roi": 69, "N_inlier": 64, "refit": true}
{"timestamp": "16:13:59.496303", "frame": 81, "mu": [-0.7802898794980478, 2.8657055838545604, 1.2361068800489758], "Sigma": [[0.010499209909350148, -0.001984381199302326, 0.0001664728916767732], [-0.0019843811993023254, 0.006670635577697791, 0.003548079490845414], [0.00016647289167677276, 0.0035480794908454138, 0.24582961976262147]], "chi2_level": 0.99, "chi2_df": 3, "chi2_threshold": 11.344866730144373, "N_raw": 48, "N_roi": 44, "N_inlier": 43, "refit": true}
{"timestamp": "16:13:59.554417", "frame": 82, "mu": [-0.8154188001037189, 2.912910663864702, 1.3721107620233424], "Sigma": [[0.013583057553225164, -0.00046721400098121996, -0.010103059629030485], [-0.00046721400098122007, 0.00862305200243495, 0.0014313177551875857], [-0.010103059629030485, 0.0014313177551875853, 0.010261977403861372]], "chi2_level": 0.99, "chi2_df": 3, "chi2_threshold": 11.344866730144373, "N_raw": 75, "N_roi": 72, "N_inlier": 67, "refit": true}
{"timestamp": "16:13:59.605653", "frame": 83, "mu": [-0.9138712817715373, 3.0055378934920327, -0.14721937041273978], "Sigma": [[0.011651100199105925, 0.006198861440206484, 0.013765925420361085], [0.006198861440206484, 0.007574366101293926, 0.009864070066298566], [0.013765925420361083, 0.009864070066298566, 0.08794597021601683]], "chi2_level": 0.99, "chi2_df": 3, "chi2_threshold": 11.344866730144373, "N_raw": 42, "N_roi": 41, "N_inlier": 37, "refit": true}
{"timestamp": "16:13:59.663127", "frame": 84, "mu": [-0.9595958361950543, 2.9289493280039856, 1.3605878594355358], "Sigma": [[0.011735910003718162, 0.001249635490054498, -0.015425351101490861], [0.001249635490054498, 0.008179414573701754, -0.0018823437018989945], [-0.01542535110149086, -0.0018823437018989945, 0.02557746546266273]], "chi2_level": 0.99, "chi2_df": 3, "chi2_threshold": 11.344866730144373, "N_raw": 66, "N_roi": 64, "N_inlier": 60, "refit": true}
{"timestamp": "16:13:59.714902", "frame": 85, "mu": [-1.0030100171540468, 2.929153312421458, 1.2683814848327433], "Sigma": [[0.010807716481636713, -0.0005295682427568207, -0.029941234551845886], [-0.0005295682427568207, 0.0038495574274292456, 0.009298459184739271], [-0.029941234551845886, 0.009298459184739271, 0.23935022751034782]], "chi2_level": 0.99, "chi2_df": 3, "chi2_threshold": 11.344866730144373, "N_raw": 38, "N_roi": 38, "N_inlier": 37, "refit": true}
{"timestamp": "16:13:59.769067", "frame": 86, "mu": [-1.0156297766004738, 2.8600165417282035, 1.2146749930803074], "Sigma": [[0.010226693276025631, 1.269716647857614e-05, -0.007915139947953693], [1.269716647857614e-05, 0.004362247939711774, -0.0012068671229461725], [-0.007915139947953693, -0.0012068671229461723, 0.014139367442596132]], "chi2_level": 0.99, "chi2_df": 3, "chi2_threshold": 11.344866730144373, "N_raw": 44, "N_roi": 44, "N_inlier": 42, "refit": true}
{"timestamp": "16:13:59.829605", "frame": 87, "mu": [-1.08400134365698, 2.964403061232274, -0.5865724090008065], "Sigma": [[0.015586245028642576, 0.006556986311618901, 0.015129401944705745], [0.006556986311618901, 0.014794480430529089, 0.016752420767130908], [0.015129401944705745, 0.016752420767130908, 0.07219549851371061]], "chi2_level": 0.99, "chi2_df": 3, "chi2_threshold": 11.344866730144373, "N_raw": 73, "N_roi": 69, "N_inlier": 68, "refit": true}
{"timestamp": "16:13:59.881524", "frame": 88, "mu": [-1.0932255037615843, 2.918566350272712, 1.0703205124519102], "Sigma": [[0.015480112183309132, -0.0011564188422171398, -0.04935508595705566], [-0.0011564188422171402, 0.010094557633483742, 0.007144643704156431], [-0.049355085957055664, 0.007144643704156429, 0.21117958848501364]], "chi2_level": 0.99, "chi2_df": 3, "chi2_threshold": 11.344866730144373, "N_raw": 54, "N_roi": 54, "N_inlier": 52, "refit": true}
{"timestamp": "16:13:59.936974", "frame": 89, "mu": [-1.113440686348493, 2.8755847954371223, 0.983061308164534], "Sigma": [[0.011350571308653792, 0.0004619707018080855, -0.014137908781350728], [0.0004619707018080856, 0.0030113665866681174, -0.004429728285447854], [-0.01413790878135073, -0.004429728285447854, 0.026421851026958258]], "chi2_level": 0.99, "chi2_df": 3, "chi2_threshold": 11.344866730144373, "N_raw": 46, "N_roi": 43, "N_inlier": 43, "refit": true}
{"timestamp": "16:13:59.988489", "frame": 90, "mu": [-1.222810279161727, 2.8329374830837293, 0.9707659832532985], "Sigma": [[0.009534600985368727, -0.0016030418661388598, 0.004477894522010379], [-0.0016030418661388598, 0.003247029588923789, -0.012279832615082888], [0.004477894522010379, -0.012279832615082888, 0.12500614990984082]], "chi2_level": 0.99, "chi2_df": 3, "chi2_threshold": 11.344866730144373, "N_raw": 30, "N_roi": 28, "N_inlier": 27, "refit": true}
{"timestamp": "16:14:00.047566", "frame": 91, "mu": [-1.2859476559376397, 2.896398271162795, 1.1286381551469562], "Sigma": [[0.019059220604461774, -0.0027897996091844927, -0.018658748726758136], [-0.002789799609184493, 0.009553997094880843, 0.005796591504779751], [-0.018658748726758136, 0.005796591504779752, 0.02147903496110429]], "chi2_level": 0.99, "chi2_df": 3, "chi2_threshold": 11.344866730144373, "N_raw": 62, "N_roi": 62, "N_inlier": 61, "refit": true}
{"timestamp": "16:14:00.100407", "frame": 92, "mu": [-1.2421843813661464, 2.825920474618569, 1.003391020527274], "Sigma": [[0.014010391642617035, 0.004561464734459281, -0.010859750548844074], [0.004561464734459281, 0.003262953839173138, -0.007591652743748735], [-0.010859750548844072, -0.007591652743748735, 0.02033396967356539]], "chi2_level": 0.99, "chi2_df": 3, "chi2_threshold": 11.344866730144373, "N_raw": 49, "N_roi": 49, "N_inlier": 48, "refit": true}
{"timestamp": "16:14:00.149466", "frame": 93, "mu": [-1.490299931486185, 2.8908295709422345, 1.5213396153198295], "Sigma": [[0.007468309716454467, -0.004360606384872586, -0.008087709082393557], [-0.004360606384872586, 0.004453355099849089, 0.006677997008324058], [-0.008087709082393557, 0.006677997008324058, 0.013836570339879265]], "chi2_level": 0.99, "chi2_df": 3, "chi2_threshold": 11.344866730144373, "N_raw": 7, "N_roi": 7, "N_inlier": 7, "refit": true}
{"timestamp": "16:14:00.209138", "frame": 94, "mu": [-1.6262281214460865, 2.8823477573562233, 1.5707434163518381], "Sigma": [[0.015384005632608843, 0.004242918214972685, -0.01594284200154729], [0.004242918214972685, 0.004234523130228189, -0.005671842213217915], [-0.015942842001547285, -0.005671842213217916, 0.0224931318545731]], "chi2_level": 0.99, "chi2_df": 3, "chi2_threshold": 11.344866730144373, "N_raw": 43, "N_roi": 39, "N_inlier": 36, "refit": true}
{"timestamp": "16:14:00.269205", "frame": 95, "mu": [-1.616995586011859, 2.877848435648178, 1.4390193424402902], "Sigma": [[0.022698583240904915, 0.004705781383274937, -0.039403594557101934], [0.004705781383274937, 0.00443022202247493, -0.008912984450045852], [-0.039403594557101934, -0.008912984450045852, 0.09498364655791894]], "chi2_level": 0.99, "chi2_df": 3, "chi2_threshold": 11.344866730144373, "N_raw": 45, "N_roi": 45, "N_inlier": 42, "refit": true}
{"timestamp": "16:14:00.318242", "frame": 96, "mu": [-1.4887445063066431, 2.877596616576972, 0.9683387261582126], "Sigma": [[0.03872765801596763, 0.01903302855792955, -0.09666452236261028], [0.01903302855792955, 0.01266400766429795, -0.050174467312645125], [-0.09666452236261028, -0.05017446731264513, 0.25772672826015575]], "chi2_level": 0.99, "chi2_df": 3, "chi2_threshold": 11.344866730144373, "N_raw": 30, "N_roi": 28, "N_inlier": 27, "refit": true}
{"timestamp": "16:14:00.373307", "frame": 97, "mu": [-1.621963815835903, 2.8982997384774, 1.12571139887516], "Sigma": [[0.013033431297103633, 0.005242939588593596, -0.035798891581641144], [0.005242939588593596, 0.003934477026415975, -0.01976093058575963], [-0.03579889158164115, -0.01976093058575963, 0.12447981004786828]], "chi2_level": 0.99, "chi2_df": 3, "chi2_threshold": 11.344866730144373, "N_raw": 31, "N_roi": 30, "N_inlier": 28, "refit": true}
{"timestamp": "16:14:00.433369", "frame": 98, "mu": [-1.6126070826416936, 2.907472265258605, 0.7269148272593325], "Sigma": [[0.03724974928121959, 0.02254265994834328, -0.10038606817727232], [0.022542659948343282, 0.01999953555006491, -0.08232373783781327], [-0.10038606817727232, -0.08232373783781327, 0.3837035901431524]], "chi2_level": 0.99, "chi2_df": 3, "chi2_threshold": 11.344866730144373, "N_raw": 65, "N_roi": 62, "N_inlier": 61, "refit": true}
{"timestamp": "16:14:00.491983", "frame": 99, "mu": [-1.7694236204092406, 2.8637565026637053, 0.957681810089183], "Sigma": [[0.027271302411207975, 0.015589354686263603, -0.06265706982741207], [0.015589354686263603, 0.01788986649700063, -0.06678491416018786], [-0.06265706982741207, -0.06678491416018786, 0.3246403127712891]], "chi2_level": 0.99, "chi2_df": 3, "chi2_threshold": 11.344866730144373, "N_raw": 93, "N_roi": 93, "N_inlier": 92, "refit": true}
{"timestamp": "16:14:00.604132", "frame": 100, "mu": [-1.9097627574705112, 2.7678222693707104, 1.2907748746236785], "Sigma": [[0.015574748003059788, 0.00857443602360815, -0.03799952857325946], [0.00857443602360815, 0.015420395498507261, -0.04517436624926163], [-0.03799952857325946, -0.04517436624926163, 0.25426003008232795]], "chi2_level": 0.99, "chi2_df": 3, "chi2_threshold": 11.344866730144373, "N_raw": 53, "N_roi": 53, "N_inlier": 53, "refit": true}
{"timestamp": "16:14:00.646995", "frame": 101, "mu": [-1.9564249590824134, 2.721403153293199, 1.4232411857615461], "Sigma": [[0.011867181987772849, 0.006627296793196562, -0.011746114295694155], [0.006627296793196561, 0.00850744562977957, -0.007732254106810497], [-0.011746114295694155, -0.007732254106810498, 0.01412877041790203]], "chi2_level": 0.99, "chi2_df": 3, "chi2_threshold": 11.344866730144373, "N_raw": 38, "N_roi": 38, "N_inlier": 36, "refit": true}
{"timestamp": "16:14:00.821063", "frame": 103, "mu": [-2.0624168612719687, 2.760753143379062, 1.427593828137511], "Sigma": [[0.013415952893694336, 0.007665974972638226, -0.02049057376531849], [0.007665974972638226, 0.009832421504030638, -0.01601293802891935], [-0.02049057376531849, -0.01601293802891935, 0.038578635383166845]], "chi2_level": 0.99, "chi2_df": 3, "chi2_threshold": 11.344866730144373, "N_raw": 48, "N_roi": 45, "N_inlier": 45, "refit": true}
{"timestamp": "16:14:00.867338", "frame": 104, "mu": [-2.1976768346620266, 2.667997448729909, 1.6622093417888257], "Sigma": [[0.01262704436306899, 0.00586100691843059, -0.012661035336271578], [0.00586100691843059, 0.008254509599382209, -0.003061422185914693], [-0.012661035336271578, -0.0030614221859146928, 0.01600096111213498]], "chi2_level": 0.99, "chi2_df": 3, "chi2_threshold": 11.344866730144373, "N_raw": 37, "N_roi": 32, "N_inlier": 32, "refit": true}
{"timestamp": "16:14:00.896061", "frame": 105, "mu": [-2.2005935819657187, 2.732257233657511, 1.5953387137155766], "Sigma": [[0.012124246438445268, 0.006383841672820061, -0.015085022514030407], [0.006383841672820061, 0.009104514057589221, -0.006929491827022972], [-0.015085022514030405, -0.006929491827022972, 0.021040765570253812]], "chi2_level": 0.99, "chi2_df": 3, "chi2_threshold": 11.344866730144373, "N_raw": 35, "N_roi": 35, "N_inlier": 34, "refit": true}
{"timestamp": "16:14:00.933752", "frame": 106, "mu": [-2.2079905915250224, 2.692971947164338, 1.4365359530193398], "Sigma": [[0.007720828802053508, 0.0051929894588312545, -0.00729111714839056], [0.0051929894588312545, 0.007573005949863228, -0.007826441350859428], [-0.007291117148390561, -0.007826441350859428, 0.011285468786987211]], "chi2_level": 0.99, "chi2_df": 3, "chi2_threshold": 11.344866730144373, "N_raw": 33, "N_roi": 27, "N_inlier": 26, "refit": true}
{"timestamp": "16:14:00.980649", "frame": 107, "mu": [-2.22097593841443, 2.6899784988536513, 1.34985428990786], "Sigma": [[0.001123193675138436, 0.0005840097725873013, -0.0020316899584993803], [0.0005840097725873011, 0.01192759678255889, -0.012253916792350616], [-0.0020316899584993803, -0.012253916792350618, 0.015073750842034633]], "chi2_level": 0.99, "chi2_df": 3, "chi2_threshold": 11.344866730144373, "N_raw": 12, "N_roi": 10, "N_inlier": 8, "refit": true}
{"timestamp": "16:14:01.005406", "frame": 108, "mu": [-2.302311457691404, 2.791698504443928, 1.38900237005279], "Sigma": [[0.00880576358331235, 0.005822063663433545, -0.0232828581553874], [0.005822063663433545, 0.007580219034551141, -0.013876866271819659], [-0.0232828581553874, -0.013876866271819659, 0.08883422389491873]], "chi2_level": 0.99, "chi2_df": 3, "chi2_threshold": 11.344866730144373, "N_raw": 15, "N_roi": 12, "N_inlier": 12, "refit": true}
{"timestamp": "16:14:01.031065", "frame": 109, "mu": [-2.3342606709114766, 2.7683511911663694, 1.306015816057348], "Sigma": [[0.009281470109715093, 0.0034396973716769945, -0.016674351169827697], [0.0034396973716769945, 0.004552362547537984, -0.00523617439236489], [-0.0166743511698277, -0.00523617439236489, 0.056532106099790806]], "chi2_level": 0.99, "chi2_df": 3, "chi2_threshold": 11.344866730144373, "N_raw": 24, "N_roi": 22, "N_inlier": 21, "refit": true}
{"timestamp": "16:14:01.087721", "frame": 110, "mu": [-2.398481887433573, 2.8028947821047634, 1.3741814099150518], "Sigma": [[0.004182465290722937, 0.0005520270318078297, -0.017313336368496954], [0.0005520270318078298, 0.003974587304059079, 0.0009962872966732574], [-0.017313336368496954, 0.0009962872966732556, 0.12011501197671318]], "chi2_level": 0.99, "chi2_df": 3, "chi2_threshold": 11.344866730144373, "N_raw": 32, "N_roi": 8, "N_inlier": 8, "refit": true}
{"timestamp": "16:14:01.148550", "frame": 111, "mu": [-2.406276843993174, 2.778016264195565, 1.3873919449424301], "Sigma": [[0.0035218747290182133, 0.002269586565017595, -0.003201980599003511], [0.002269586565017595, 0.007925593038667581, -0.0034539980003828368], [-0.003201980599003511, -0.0034539980003828368, 0.018567566810661306]], "chi2_level": 0.99, "chi2_df": 3, "chi2_threshold": 11.344866730144373, "N_raw": 73, "N_roi": 21, "N_inlier": 19, "refit": true}
{"timestamp": "16:14:01.310813", "frame": 114, "mu": [-2.4300595947124983, 2.7429500050006217, 1.2262469903864623], "Sigma": [[0.0015332033597856474, 0.0021653158791734516, -0.0005874876247149293], [0.002165315879173451, 0.00537419440148474, -0.001468819635634412], [-0.0005874876247149293, -0.001468819635634412, 0.0004025471249615016]], "chi2_level": 0.99, "chi2_df": 3, "chi2_threshold": 11.344866730144373, "N_raw": 49, "N_roi": 8, "N_inlier": 8, "refit": true}
{"timestamp": "16:14:01.533624", "frame": 118, "mu": [-2.4185491838418787, 2.9557300534583706, 0.497466506384596], "Sigma": [[0.0028774921494095357, 0.0011883987888879838, -0.001999868562693159], [0.0011883987888879838, 0.0020827731881675467, -0.0026972166496486713], [-0.001999868562693159, -0.0026972166496486713, 0.007199458722895755]], "chi2_level": 0.99, "chi2_df": 3, "chi2_threshold": 11.344866730144373, "N_raw": 85, "N_roi": 14, "N_inlier": 14, "refit": true}
