{"timestamp": "15:59:01.865859", "frame": 3, "mu": [0.3342639531805457, 1.3884491704783397, 1.3998597904739207], "Sigma": [[0.0038446954353334095, 0.00043211419544823945, -0.001620457141458636], [0.00043211419544823945, 0.0051818137596250065, -0.0005555596860104203], [-0.0016204571414586363, -0.0005555596860104202, 0.0008446882864300486]], "chi2_level": 0.99, "chi2_df": 3, "chi2_threshold": 11.344866730144373, "N_raw": 52, "N_roi": 52, "N_inlier": 52, "refit": true}
{"timestamp": "15:59:01.917773", "frame": 4, "mu": [0.3331238868805584, 1.4300272601915465, 1.4190214901939755], "Sigma": [[0.002597567966845164, -0.00013562975984230928, -0.00096211800200429], [-0.00013562975984230942, 0.003733292613632164, 0.0002835041896556167], [-0.0009621180020042898, 0.0002835041896556167, 0.0005267055274231091]], "chi2_level": 0.99, "chi2_df": 3, "chi2_threshold": 11.344866730144373, "N_raw": 38, "N_roi": 38, "N_inlier": 35, "refit": true}
{"timestamp": "15:59:01.974171", "frame": 5, "mu": [0.37982952089396776, 1.3795361105427468, 0.4203386426786098], "Sigma": [[0.00822762674481083, -0.0045177755038991185, -0.044459606795930404], [-0.0045177755038991185, 0.00365734705039596, 0.01661118610842016], [-0.044459606795930404, 0.01661118610842016, 0.48988086143547194]], "chi2_level": 0.99, "chi2_df": 3, "chi2_threshold": 11.344866730144373, "N_raw": 43, "N_roi": 43, "N_inlier": 43, "refit": true}
{"timestamp": "15:59:02.033985", "frame": 6, "mu": [0.35232030928340435, 1.3247580101652334, 0.685926622326328], "Sigma": [[0.006949202995319912, -0.005578529714536382, -0.04074882996654545], [-0.005578529714536382, 0.008358236280214254, 0.05837402724508829], [-0.04074882996654545, 0.058374027245088285, 0.6207538922947423]], "chi2_level": 0.99, "chi2_df": 3, "chi2_threshold": 11.344866730144373, "N_raw": 72, "N_roi": 72, "N_inlier": 71, "refit": true}
{"timestamp": "15:59:02.091501", "frame": 7, "mu": [0.3337024488947711, 1.4063852529773841, -0.8502388417438247], "Sigma": [[0.0037981540275786926, 0.0016517024723018622, 0.00214994390148506], [0.0016517024723018622, 0.009495885559860093, 0.05005150598610596], [0.00214994390148506, 0.05005150598610594, 0.5808203074658017]], "chi2_level": 0.99, "chi2_df": 3, "chi2_threshold": 11.344866730144373, "N_raw": 72, "N_roi": 72, "N_inlier": 71, "refit": true}
{"timestamp": "15:59:02.136546", "frame": 8, "mu": [0.4013812069164699, 1.292594305631685, 0.9806524398929392], "Sigma": [[0.007959012028470538, -0.007266361680750288, -0.024069342308233842], [-0.007266361680750288, 0.013803641305455226, 0.040668442847865346], [-0.024069342308233842, 0.040668442847865346, 0.13106650806542383]], "chi2_level": 0.99, "chi2_df": 3, "chi2_threshold": 11.344866730144373, "N_raw": 11, "N_roi": 11, "N_inlier": 10, "refit": true}
{"timestamp": "15:59:02.194680", "frame": 9, "mu": [0.3066895132675922, 1.469874864559447, -0.256804996488312], "Sigma": [[0.0028269647828180824, 0.0003005999184240313, -0.005541221036334951], [0.0003005999184240313, 0.007503243888091979, -0.014547757176744242], [-0.005541221036334952, -0.014547757176744242, 0.0802913797499376]], "chi2_level": 0.99, "chi2_df": 3, "chi2_threshold": 11.344866730144373, "N_raw": 41, "N_roi": 41, "N_inlier": 38, "refit": true}
{"timestamp": "15:59:02.253749", "frame": 10, "mu": [0.3144767689147983, 1.3239762263768753, 1.4084546602014638], "Sigma": [[0.003920076223190309, 0.0001492794213999651, -0.001165347052976867], [0.00014927942139996515, 0.005736513771292531, 5.4939909827724686e-05], [-0.001165347052976867, 5.493990982772474e-05, 0.0005128915309890251]], "chi2_level": 0.99, "chi2_df": 3, "chi2_threshold": 11.344866730144373, "N_raw": 58, "N_roi": 58, "N_inlier": 55, "refit": true}
{"timestamp": "15:59:02.310001", "frame": 11, "mu": [0.3312036162237665, 1.3379731308708633, 1.3910569719034578], "Sigma": [[0.0053521784361415465, 0.0015619041395200472, -0.0028970005185528173], [0.0015619041395200472, 0.005408498668699869, -0.002218538407093188], [-0.0028970005185528173, -0.002218538407093188, 0.0023105148765086344]], "chi2_level": 0.99, "chi2_df": 3, "chi2_threshold": 11.344866730144373, "N_raw": 67, "N_roi": 67, "N_inlier": 65, "refit": true}
{"timestamp": "15:59:02.365778", "frame": 12, "mu": [0.32962983773394267, 1.3411048203912366, 1.396542567750932], "Sigma": [[0.004537746101230819, 0.0005509598352881359, -0.002998888842956745], [0.0005509598352881359, 0.00585001962431508, -0.002241506482927146], [-0.002998888842956745, -0.0022415064829271456, 0.0029592597602448047]], "chi2_level": 0.99, "chi2_df": 3, "chi2_threshold": 11.344866730144373, "N_raw": 71, "N_roi": 71, "N_inlier": 67, "refit": true}
{"timestamp": "15:59:02.416361", "frame": 13, "mu": [0.2857250439338935, 1.3202556500729061, 1.4734130483803505], "Sigma": [[0.0030781848336775192, -0.0012482792836602762, -0.002849715670153626], [-0.001248279283660276, 0.005272106186014212, 0.0025898383755734635], [-0.0028497156701536254, 0.0025898383755734635, 0.0032516089726982965]], "chi2_level": 0.99, "chi2_df": 3, "chi2_threshold": 11.344866730144373, "N_raw": 46, "N_roi": 46, "N_inlier": 42, "refit": true}
{"timestamp": "15:59:02.471498", "frame": 14, "mu": [0.26486476926744995, 1.333173319634195, 1.4726276749808873], "Sigma": [[0.00254844981305588, -0.0004668617448610838, -0.0011378925342967116], [-0.00046686174486108395, 0.0041549652778441444, -7.244535193733252e-05], [-0.0011378925342967116, -7.244535193733252e-05, 0.0009846259436617274]], "chi2_level": 0.99, "chi2_df": 3, "chi2_threshold": 11.344866730144373, "N_raw": 44, "N_roi": 44, "N_inlier": 40, "refit": true}
{"timestamp": "15:59:02.581103", "frame": 16, "mu": [0.3146888635262448, 1.283463749387162, 1.345782158715615], "Sigma": [[0.0027860220986435083, -0.00016469391706301937, -0.002339004040875938], [-0.00016469391706301943, 0.004024787922430711, -0.0011398084703004084], [-0.002339004040875938, -0.0011398084703004084, 0.0028573555126547487]], "chi2_level": 0.99, "chi2_df": 3, "chi2_threshold": 11.344866730144373, "N_raw": 45, "N_roi": 45, "N_inlier": 44, "refit": true}
{"timestamp": "15:59:02.637066", "frame": 17, "mu": [0.3542996998858514, 1.2656208383124221, 1.2945780986709658], "Sigma": [[0.002587362856831102, -0.0006655493806425047, -0.0010907434595471954], [-0.0006655493806425045, 0.009308624020820973, 0.002463898552213281], [-0.0010907434595471954, 0.002463898552213281, 0.001145496615889704]], "chi2_level": 0.99, "chi2_df": 3, "chi2_threshold": 11.344866730144373, "N_raw": 48, "N_roi": 48, "N_inlier": 46, "refit": true}
{"timestamp": "15:59:02.694325", "frame": 18, "mu": [0.2978997190833008, 1.353409663049561, 1.4331259638238176], "Sigma": [[0.003338295004620264, -2.5711175378280757e-05, -0.004839339082891434], [-2.571117537828084e-05, 0.004426961068914658, -0.001363931142808301], [-0.004839339082891434, -0.0013639311428083006, 0.00882059769734326]], "chi2_level": 0.99, "chi2_df": 3, "chi2_threshold": 11.344866730144373, "N_raw": 56, "N_roi": 56, "N_inlier": 52, "refit": true}
{"timestamp": "15:59:02.748430", "frame": 19, "mu": [0.2088109608194391, 1.4058275642772147, 1.5666082427072834], "Sigma": [[0.003184173430651565, -0.0005362505369685559, -0.0013976967951728077], [-0.0005362505369685557, 0.004896789699159681, -0.0010957385963262427], [-0.0013976967951728077, -0.0010957385963262427, 0.0011023447851394661]], "chi2_level": 0.99, "chi2_df": 3, "chi2_threshold": 11.344866730144373, "N_raw": 59, "N_roi": 59, "N_inlier": 55, "refit": true}
{"timestamp": "15:59:02.801750", "frame": 20, "mu": [0.3139145587083673, 1.2661201644720124, 1.231060348632492], "Sigma": [[0.0018875783762101349, 0.000180459282592205, 0.003469101176982703], [0.00018045928259220517, 0.00856329738480478, 0.005917068930733984], [0.003469101176982703, 0.005917068930733985, 0.08308447339339675]], "chi2_level": 0.99, "chi2_df": 3, "chi2_threshold": 11.344866730144373, "N_raw": 44, "N_roi": 44, "N_inlier": 42, "refit": true}
{"timestamp": "15:59:02.850632", "frame": 21, "mu": [0.2703652506505976, 1.3044025879330727, 0.6686147643337904], "Sigma": [[0.0003815612855839207, 0.0003357278520997384, -0.006886348621138356], [0.0003357278520997384, 0.008009148098666565, 0.018107988812477868], [-0.006886348621138356, 0.018107988812477868, 0.4970766637739357]], "chi2_level": 0.99, "chi2_df": 3, "chi2_threshold": 11.344866730144373, "N_raw": 10, "N_roi": 10, "N_inlier": 10, "refit": true}
{"timestamp": "15:59:02.914807", "frame": 22, "mu": [0.20060541776130422, 1.373524118944785, 1.409905199597743], "Sigma": [[0.0033942838270733765, 8.466963902668061e-05, -0.0013335032351281177], [8.466963902668053e-05, 0.008256868248476065, -0.0012017430681674408], [-0.0013335032351281175, -0.0012017430681674408, 0.0008400924026576305]], "chi2_level": 0.99, "chi2_df": 3, "chi2_threshold": 11.344866730144373, "N_raw": 74, "N_roi": 74, "N_inlier": 69, "refit": true}
{"timestamp": "15:59:02.963910", "frame": 23, "mu": [0.09778645251364197, 1.2941233645739891, 0.34308207900036786], "Sigma": [[0.011226584062594335, 0.002211471655333504, 0.01625508447672054], [0.002211471655333504, 0.007410079928249825, 0.035497062893729316], [0.01625508447672054, 0.035497062893729316, 0.40794687633253596]], "chi2_level": 0.99, "chi2_df": 3, "chi2_threshold": 11.344866730144373, "N_raw": 21, "N_roi": 21, "N_inlier": 20, "refit": true}
{"timestamp": "15:59:03.016365", "frame": 24, "mu": [0.08300491483832034, 1.5648343327618597, -0.6788118322882124], "Sigma": [[0.00694352924060121, -0.004285074662006498, 0.03333805521122072], [-0.004285074662006498, 0.029054975635133186, -0.09744475712381606], [0.03333805521122072, -0.09744475712381608, 0.5123421989233067]], "chi2_level": 0.99, "chi2_df": 3, "chi2_threshold": 11.344866730144373, "N_raw": 10, "N_roi": 10, "N_inlier": 10, "refit": true}
{"timestamp": "15:59:03.077114", "frame": 25, "mu": [0.0963562971854858, 1.3383328008817288, 1.3796863057425364], "Sigma": [[0.0024778183165097556, -0.0003092532682576875, -0.0020401405967941802], [-0.0003092532682576875, 0.006166762131320602, 0.0001358955391745143], [-0.0020401405967941802, 0.0001358955391745143, 0.0021082576067465776]], "chi2_level": 0.99, "chi2_df": 3, "chi2_threshold": 11.344866730144373, "N_raw": 53, "N_roi": 53, "N_inlier": 49, "refit": true}
{"timestamp": "15:59:03.136461", "frame": 26, "mu": [-0.06947216342675434, 1.2508312080490152, 0.8655878332861502], "Sigma": [[0.033582332422693914, -0.0002814678820320435, 0.10448119601173048], [-0.00028146788203204314, 0.004685865984525654, -0.000823390434499562], [0.10448119601173048, -0.0008233904344995616, 0.37368116741909335]], "chi2_level": 0.99, "chi2_df": 3, "chi2_threshold": 11.344866730144373, "N_raw": 73, "N_roi": 73, "N_inlier": 71, "refit": true}
{"timestamp": "15:59:03.181436", "frame": 27, "mu": [-0.02951660769681457, 1.2653715127322351, 1.1127886126058617], "Sigma": [[0.008480697515445007, 0.0004421896930669724, 0.0445036346700728], [0.00044218969306697247, 0.01685759145314054, 0.027891080704099788], [0.0445036346700728, 0.027891080704099788, 0.31564697526201413]], "chi2_level": 0.99, "chi2_df": 3, "chi2_threshold": 11.344866730144373, "N_raw": 9, "N_roi": 9, "N_inlier": 9, "refit": true}
{"timestamp": "15:59:03.245934", "frame": 28, "mu": [-0.04969872131870433, 1.4340077716922992, -0.2345735202536684], "Sigma": [[0.004004681427505345, 5.457379996661035e-05, -0.0019893735085856354], [5.4573799966610404e-05, 0.008266416778569355, 0.0007549020740250695], [-0.0019893735085856354, 0.0007549020740250696, 0.0014590190424093026]], "chi2_level": 0.99, "chi2_df": 3, "chi2_threshold": 11.344866730144373, "N_raw": 75, "N_roi": 75, "N_inlier": 74, "refit": true}
{"timestamp": "15:59:03.297432", "frame": 29, "mu": [-0.018814617017645273, 1.255834520067097, 1.339765346198604], "Sigma": [[0.002447523253622311, -0.002114435444279078, -0.0034020560592549487], [-0.002114435444279078, 0.0072527200471474975, 0.001976266930054177], [-0.0034020560592549487, 0.0019762669300541764, 0.005941436010086097]], "chi2_level": 0.99, "chi2_df": 3, "chi2_threshold": 11.344866730144373, "N_raw": 54, "N_roi": 54, "N_inlier": 50, "refit": true}
{"timestamp": "15:59:03.350688", "frame": 30, "mu": [-0.15186139859932, 1.3406819198504256, 1.3981228046144079], "Sigma": [[0.0020909703435159754, 0.0007423131917097979, -0.001372433660803273], [0.0007423131917097978, 0.0050154127290147335, -0.0017596526958528922], [-0.001372433660803273, -0.0017596526958528922, 0.002757952845890261]], "chi2_level": 0.99, "chi2_df": 3, "chi2_threshold": 11.344866730144373, "N_raw": 38, "N_roi": 38, "N_inlier": 36, "refit": true}
{"timestamp": "15:59:03.404764", "frame": 31, "mu": [-0.20936454867626192, 1.2252303168579983, 1.4309685667877141], "Sigma": [[0.0033781957132048165, -0.0034651676790372534, -0.005068013088877083], [-0.0034651676790372534, 0.0057439329097444085, 0.0049016780966238144], [-0.005068013088877083, 0.004901678096623814, 0.008248306304684781]], "chi2_level": 0.99, "chi2_df": 3, "chi2_threshold": 11.344866730144373, "N_raw": 35, "N_roi": 35, "N_inlier": 34, "refit": true}
{"timestamp": "15:59:03.462963", "frame": 32, "mu": [-0.2324450152886171, 1.406953355602119, -0.522927225187817], "Sigma": [[0.004452566203424422, 0.001107824770438084, -0.011762003684816114], [0.001107824770438084, 0.006036962860740355, 0.003958711864825482], [-0.011762003684816114, 0.003958711864825483, 0.11009953323909655]], "chi2_level": 0.99, "chi2_df": 3, "chi2_threshold": 11.344866730144373, "N_raw": 55, "N_roi": 55, "N_inlier": 53, "refit": true}
{"timestamp": "15:59:03.525078", "frame": 33, "mu": [-0.3193179884950225, 1.4082777010424796, -0.3153113065515059], "Sigma": [[0.006694501647713837, 0.0018848192901484706, -0.018760159481054292], [0.0018848192901484706, 0.006057513411921691, -0.010188763913157237], [-0.018760159481054292, -0.010188763913157237, 0.09451946226650636]], "chi2_level": 0.99, "chi2_df": 3, "chi2_threshold": 11.344866730144373, "N_raw": 99, "N_roi": 99, "N_inlier": 98, "refit": true}
{"timestamp": "15:59:03.577334", "frame": 34, "mu": [-0.3727386366185985, 1.375750101185262, 0.03859091982158188], "Sigma": [[0.0048245487208676925, -0.0010623948805766285, 0.022281696548745504], [-0.001062394880576628, 0.007826876107678977, -0.00940150284953618], [0.022281696548745504, -0.00940150284953618, 0.30591433796927653]], "chi2_level": 0.99, "chi2_df": 3, "chi2_threshold": 11.344866730144373, "N_raw": 84, "N_roi": 84, "N_inlier": 84, "refit": true}
{"timestamp": "15:59:03.632440", "frame": 35, "mu": [-0.40487008126871216, 1.3373573205729514, 1.253236526439127], "Sigma": [[0.005381008300800916, -0.0004386422333365029, 0.010550736542323158], [-0.00043864223333650284, 0.004838009698544997, 0.0011530593143373766], [0.010550736542323157, 0.0011530593143373766, 0.182807941838701]], "chi2_level": 0.99, "chi2_df": 3, "chi2_threshold": 11.344866730144373, "N_raw": 85, "N_roi": 85, "N_inlier": 83, "refit": true}
{"timestamp": "15:59:03.689700", "frame": 36, "mu": [-0.4702504680057285, 1.3521942421268232, 1.4355739077573972], "Sigma": [[0.006285710709884885, 0.0017068417884886192, -0.005016922611024321], [0.0017068417884886192, 0.006611013128167882, -0.006958245891438402], [-0.005016922611024321, -0.006958245891438403, 0.009464668661258795]], "chi2_level": 0.99, "chi2_df": 3, "chi2_threshold": 11.344866730144373, "N_raw": 98, "N_roi": 98, "N_inlier": 92, "refit": true}
{"timestamp": "15:59:03.747479", "frame": 37, "mu": [-0.48679322630444244, 1.3066876965774303, 1.271952041316086], "Sigma": [[0.008053781408170849, -0.002191894676222156, -0.015745237467846767], [-0.002191894676222157, 0.009392153737101823, 0.0072110770641007176], [-0.015745237467846764, 0.0072110770641007176, 0.06234128066120427]], "chi2_level": 0.99, "chi2_df": 3, "chi2_threshold": 11.344866730144373, "N_raw": 119, "N_roi": 119, "N_inlier": 119, "refit": true}
{"timestamp": "15:59:03.796869", "frame": 38, "mu": [-0.5810337290731103, 1.3126454636778915, 1.3666994535110093], "Sigma": [[0.007505186125773537, -0.003543659498586856, -0.01594896624184893], [-0.003543659498586856, 0.006568836460374727, 0.01168211773206458], [-0.01594896624184893, 0.01168211773206458, 0.06321332440295714]], "chi2_level": 0.99, "chi2_df": 3, "chi2_threshold": 11.344866730144373, "N_raw": 76, "N_roi": 76, "N_inlier": 72, "refit": true}
{"timestamp": "15:59:03.852218", "frame": 39, "mu": [-0.6526126421376741, 1.3625239478134477, 1.3219733299201442], "Sigma": [[0.004075064503595955, -0.0009566554463090293, -0.00879652541067443], [-0.0009566554463090293, 0.010948937902767892, 0.016987479565180996], [-0.00879652541067443, 0.016987479565180996, 0.08409833433751507]], "chi2_level": 0.99, "chi2_df": 3, "chi2_threshold": 11.344866730144373, "N_raw": 81, "N_roi": 81, "N_inlier": 77, "refit": true}
{"timestamp": "15:59:03.904212", "frame": 40, "mu": [-0.7430880581915111, 1.288524371456541, 1.3024190925965309], "Sigma": [[0.005188129584907534, -0.002384733545086219, -0.01827179561532538], [-0.002384733545086219, 0.011830287082815845, 0.02423969851673452], [-0.01827179561532538, 0.02423969851673452, 0.1464229815479667]], "chi2_level": 0.99, "chi2_df": 3, "chi2_threshold": 11.344866730144373, "N_raw": 63, "N_roi": 63, "N_inlier": 63, "refit": true}
{"timestamp": "15:59:03.961139", "frame": 41, "mu": [-0.7894267922341881, 1.2773251952633682, 1.259943954355069], "Sigma": [[0.005632889048922258, -0.0009583254217293516, -0.01206394034660057], [-0.0009583254217293515, 0.009924037033262268, 0.008736613532458748], [-0.01206394034660057, 0.00873661353245875, 0.15285493072390918]], "chi2_level": 0.99, "chi2_df": 3, "chi2_threshold": 11.344866730144373, "N_raw": 82, "N_roi": 82, "N_inlier": 82, "refit": true}
{"timestamp": "15:59:04.015524", "frame": 42, "mu": [-0.8733813964710611, 1.3075125911623484, 1.5370373892423854], "Sigma": [[0.00673558712424636, -0.0031142727771157302, -0.008665949793834163], [-0.0031142727771157302, 0.010714909706170736, 0.007342133395589421], [-0.008665949793834163, 0.00734213339558942, 0.01791891023606188]], "chi2_level": 0.99, "chi2_df": 3, "chi2_threshold": 11.344866730144373, "N_raw": 69, "N_roi": 69, "N_inlier": 65, "refit": true}
{"timestamp": "15:59:04.070190", "frame": 43, "mu": [-0.8903278471571694, 1.3194460778404007, 1.421400774163653], "Sigma": [[0.004620579240256784, 0.0002495902986912025, -0.0023719490705776383], [0.00024959029869120236, 0.012961089107036002, 0.0007877575919525104], [-0.0023719490705776383, 0.0007877575919525105, 0.0036894661453841975]], "chi2_level": 0.99, "chi2_df": 3, "chi2_threshold": 11.344866730144373, "N_raw": 68, "N_roi": 68, "N_inlier": 67, "refit": true}
{"timestamp": "15:59:04.126698", "frame": 44, "mu": [-1.0121609528261692, 1.3457820403539955, 1.5621038581491322], "Sigma": [[0.029039599631584263, 0.016649487989656472, -0.010519018477416094], [0.016649487989656472, 0.019810126746428663, -0.003424561836030286], [-0.010519018477416094, -0.0034245618360302854, 0.006977992855896495]], "chi2_level": 0.99, "chi2_df": 3, "chi2_threshold": 11.344866730144373, "N_raw": 72, "N_roi": 72, "N_inlier": 70, "refit": true}
{"timestamp": "15:59:04.178813", "frame": 45, "mu": [-1.084400675708935, 1.3810387543935865, 1.73389587417973], "Sigma": [[0.026548101535401367, 0.015251426798231067, -0.014016066186386861], [0.015251426798231067, 0.013427046183434875, -0.009937232157142666], [-0.014016066186386863, -0.009937232157142664, 0.009803750238036115]], "chi2_level": 0.99, "chi2_df": 3, "chi2_threshold": 11.344866730144373, "N_raw": 51, "N_roi": 51, "N_inlier": 50, "refit": true}
{"timestamp": "15:59:04.228554", "frame": 46, "mu": [-1.4346085417228773, 1.2119789219538115, 1.8679361213709997], "Sigma": [[0.04601207605205837, 0.03691201105790067, -0.03143300871410998], [0.03691201105790067, 0.035512399917843454, -0.025629677148869663], [-0.03143300871410998, -0.025629677148869663, 0.02234900588299576]], "chi2_level": 0.99, "chi2_df": 3, "chi2_threshold": 11.344866730144373, "N_raw": 27, "N_roi": 27, "N_inlier": 26, "refit": true}
{"timestamp": "15:59:04.290419", "frame": 47, "mu": [-1.1476311696836232, 1.5133586797687004, -0.5371695880086318], "Sigma": [[0.05562963091298786, 0.0493709411409734, -0.07976022790795911], [0.0493709411409734, 0.05736200524481783, -0.1007832811036362], [-0.07976022790795913, -0.1007832811036362, 0.20828871952955327]], "chi2_level": 0.99, "chi2_df": 3, "chi2_threshold": 11.344866730144373, "N_raw": 73, "N_roi": 73, "N_inlier": 71, "refit": true}
{"timestamp": "15:59:04.347823", "frame": 48, "mu": [-1.1331349149040042, 1.3555586336508438, 0.9724183688617647], "Sigma": [[0.11693933660137731, 0.044492217151540864, -0.24748651472567554], [0.044492217151540864, 0.02419604699486816, -0.09206406992562552], [-0.24748651472567554, -0.09206406992562552, 0.6187613462809866]], "chi2_level": 0.99, "chi2_df": 3, "chi2_threshold": 11.344866730144373, "N_raw": 81, "N_roi": 81, "N_inlier": 79, "refit": true}
{"timestamp": "15:59:04.408831", "frame": 49, "mu": [-1.2850603059270695, 1.382148779286543, 0.13542155058579222], "Sigma": [[0.0666434835861905, 0.04032387221787344, 0.08335278108521152], [0.04032387221787344, 0.03680646478748193, 0.06172399435524542], [0.08335278108521152, 0.06172399435524542, 0.4272121146339769]], "chi2_level": 0.99, "chi2_df": 3, "chi2_threshold": 11.344866730144373, "N_raw": 127, "N_roi": 127, "N_inlier": 126, "refit": true}
{"timestamp": "15:59:04.453300", "frame": 50, "mu": [-1.1168824064240253, 1.5983773081953627, 0.6370105615478536], "Sigma": [[0.020872324926870363, 0.007792170531398579, -0.03916470946294778], [0.007792170531398579, 0.006999328767756058, -0.011616507002808682], [-0.03916470946294778, -0.011616507002808682, 0.24381535081697253]], "chi2_level": 0.99, "chi2_df": 3, "chi2_threshold": 11.344866730144373, "N_raw": 47, "N_roi": 47, "N_inlier": 42, "refit": true}
{"timestamp": "15:59:04.505315", "frame": 51, "mu": [-1.4269599115462799, 1.4655026049869972, 1.483589394678984], "Sigma": [[0.08032122952674359, 0.05685720908682693, -0.11227458706214834], [0.056857209086826926, 0.046499315470923716, -0.09094785220921495], [-0.11227458706214834, -0.09094785220921495, 0.2837328327502386]], "chi2_level": 0.99, "chi2_df": 3, "chi2_threshold": 11.344866730144373, "N_raw": 32, "N_roi": 32, "N_inlier": 32, "refit": true}
{"timestamp": "15:59:04.558238", "frame": 52, "mu": [-1.130814667315859, 1.7033213353099792, -0.2151617712581174], "Sigma": [[0.005898903307236359, 0.0015574453626088294, 0.004282140136533658], [0.0015574453626088299, 0.006554122190410276, 0.011644243981485865], [0.004282140136533658, 0.011644243981485865, 0.0354149928419247]], "chi2_level": 0.99, "chi2_df": 3, "chi2_threshold": 11.344866730144373, "N_raw": 28, "N_roi": 28, "N_inlier": 25, "refit": true}
{"timestamp": "15:59:04.616838", "frame": 53, "mu": [-1.187668025239241, 1.7215070913166277, 1.3080814344220306], "Sigma": [[0.010040038193520595, 7.996700781296256e-06, 0.0023966226234713095], [7.996700781296107e-06, 0.003589047876944953, 0.004165557741247946], [0.0023966226234713086, 0.004165557741247947, 0.03497232980085759]], "chi2_level": 0.99, "chi2_df": 3, "chi2_threshold": 11.344866730144373, "N_raw": 56, "N_roi": 56, "N_inlier": 54, "refit": true}
{"timestamp": "15:59:04.674294", "frame": 54, "mu": [-1.1656830792333552, 1.7417712592466263, 1.4191130459125103], "Sigma": [[0.008837470159741359, -0.0005707616792466516, -0.004703739246803586], [-0.0005707616792466516, 0.006175645309130678, 0.0024695964225472733], [-0.004703739246803586, 0.0024695964225472733, 0.01322712954735119]], "chi2_level": 0.99, "chi2_df": 3, "chi2_threshold": 11.344866730144373, "N_raw": 56, "N_roi": 55, "N_inlier": 52, "refit": true}
{"timestamp": "15:59:04.729664", "frame": 55, "mu": [-1.2293105056897733, 1.8374970046300967, 1.4920063174670088], "Sigma": [[0.009919532117061796, -0.0026140553667446955, -0.008172461218123208], [-0.0026140553667446955, 0.008943922626290594, 0.003096265125915205], [-0.008172461218123208, 0.003096265125915205, 0.0075812103916712]], "chi2_level": 0.99, "chi2_df": 3, "chi2_threshold": 11.344866730144373, "N_raw": 63, "N_roi": 63, "N_inlier": 61, "refit": true}
{"timestamp": "15:59:04.784407", "frame": 56, "mu": [-1.2044584957152933, 1.8686424270342061, 1.3192449956587866], "Sigma": [[0.00869081134356053, 0.003069570399603507, 0.004400053726036441], [0.003069570399603507, 0.008443715160029163, 0.01283888555477446], [0.004400053726036441, 0.012838885554774464, 0.06518171417555245]], "chi2_level": 0.99, "chi2_df": 3, "chi2_threshold": 11.344866730144373, "N_raw": 64, "N_roi": 64, "N_inlier": 62, "refit": true}
{"timestamp": "15:59:04.833876", "frame": 57, "mu": [-1.1897946755780178, 1.8698992789695354, 1.137519162684141], "Sigma": [[0.004046960500858105, 0.0020867919686572596, 0.015278978961044853], [0.0020867919686572596, 0.014342060486839054, 0.0465330103543129], [0.015278978961044853, 0.0465330103543129, 0.2135091038715316]], "chi2_level": 0.99, "chi2_df": 3, "chi2_threshold": 11.344866730144373, "N_raw": 22, "N_roi": 22, "N_inlier": 21, "refit": true}
{"timestamp": "15:59:04.890015", "frame": 58, "mu": [-1.2768874132203187, 2.0769302775387675, 1.5329076338032803], "Sigma": [[0.00522346300158891, 0.0016370135857982648, -0.004526160591234587], [0.0016370135857982648, 0.00506825707197651, -0.004806687981458544], [-0.004526160591234587, -0.004806687981458543, 0.008307145359592146]], "chi2_level": 0.99, "chi2_df": 3, "chi2_threshold": 11.344866730144373, "N_raw": 42, "N_roi": 42, "N_inlier": 39, "refit": true}
{"timestamp": "15:59:04.950344", "frame": 59, "mu": [-1.2323066682887065, 2.073837385318128, 1.3348182534713553], "Sigma": [[0.009342482672805423, 0.001086926850663446, -0.00854321352801535], [0.001086926850663446, 0.005361215287491395, -0.005025624833756699], [-0.00854321352801535, -0.0050256248337566985, 0.031532995692088006]], "chi2_level": 0.99, "chi2_df": 3, "chi2_threshold": 11.344866730144373, "N_raw": 67, "N_roi": 67, "N_inlier": 64, "refit": true}
{"timestamp": "15:59:05.003434", "frame": 60, "mu": [-1.244716538940128, 2.1210026683584915, 1.210111803128191], "Sigma": [[0.012957262690565805, 0.0026111455591497834, 0.01445426557131219], [0.0026111455591497834, 0.003114658474049319, 0.0010868885492152324], [0.01445426557131219, 0.0010868885492152326, 0.1296525684005677]], "chi2_level": 0.99, "chi2_df": 3, "chi2_threshold": 11.344866730144373, "N_raw": 58, "N_roi": 58, "N_inlier": 56, "refit": true}
{"timestamp": "15:59:05.059450", "frame": 61, "mu": [-1.3878875168373794, 2.192137338455507, 1.1287118574201351], "Sigma": [[0.014869619019484248, -0.0017626111157738034, 0.03825433041905234], [-0.0017626111157738032, 0.005786240832516177, -0.01903036253353936], [0.03825433041905234, -0.01903036253353936, 0.2729275997083133]], "chi2_level": 0.99, "chi2_df": 3, "chi2_threshold": 11.344866730144373, "N_raw": 58, "N_roi": 58, "N_inlier": 57, "refit": true}
{"timestamp": "15:59:05.110259", "frame": 62, "mu": [-1.2930065038056613, 2.218955822191513, 0.9967717392734504], "Sigma": [[0.005531212695760149, -0.0032961598264178026, -0.004824478604804794], [-0.0032961598264178026, 0.004098555823398961, -0.003122955807246899], [-0.004824478604804794, -0.0031229558072468993, 0.2092081840421334]], "chi2_level": 0.99, "chi2_df": 3, "chi2_threshold": 11.344866730144373, "N_raw": 28, "N_roi": 28, "N_inlier": 27, "refit": true}
{"timestamp": "15:59:05.172802", "frame": 63, "mu": [-1.2814689315835153, 2.228051940727054, 1.0047617586155597], "Sigma": [[0.013210895846897061, -0.0004851417350585938, -0.013992199704891189], [-0.0004851417350585938, 0.004299300495392485, 0.002323247121020257], [-0.013992199704891187, 0.002323247121020257, 0.0983871952771587]], "chi2_level": 0.99, "chi2_df": 3, "chi2_threshold": 11.344866730144373, "N_raw": 92, "N_roi": 92, "N_inlier": 92, "refit": true}
{"timestamp": "15:59:05.223823", "frame": 64, "mu": [-1.2921048458049142, 2.2751154409751675, 1.289580591211496], "Sigma": [[0.00858564894430468, -0.00046987433011266117, -0.0067914589023267274], [-0.0004698743301126613, 0.005757317093381308, 0.015515409809662263], [-0.006791458902326728, 0.015515409809662265, 0.16443562563537262]], "chi2_level": 0.99, "chi2_df": 3, "chi2_threshold": 11.344866730144373, "N_raw": 55, "N_roi": 55, "N_inlier": 52, "refit": true}
{"timestamp": "15:59:05.278018", "frame": 65, "mu": [-1.3175690037730774, 2.340865865656048, 1.3647352879418655], "Sigma": [[0.00986366550445803, -0.0007128309943960311, -0.013955493082792318], [-0.0007128309943960309, 0.0050913878338409374, 0.005048366462875748], [-0.013955493082792318, 0.005048366462875748, 0.1413278568032264]], "chi2_level": 0.99, "chi2_df": 3, "chi2_threshold": 11.344866730144373, "N_raw": 50, "N_roi": 49, "N_inlier": 47, "refit": true}
{"timestamp": "15:59:05.338537", "frame": 66, "mu": [-1.3121806609168682, 2.493216158822366, -0.11434857174319425], "Sigma": [[0.011921724477339515, -0.00018265676418211066, 0.037723700793339185], [-0.00018265676418211045, 0.015404643155352378, -0.0006898426699002208], [0.037723700793339185, -0.0006898426699002215, 0.24469254992992404]], "chi2_level": 0.99, "chi2_df": 3, "chi2_threshold": 11.344866730144373, "N_raw": 93, "N_roi": 93, "N_inlier": 93, "refit": true}
{"timestamp": "15:59:05.393329", "frame": 67, "mu": [-1.3387238125103704, 2.585875256045549, -0.15877298633542092], "Sigma": [[0.010775962709542833, 0.004152381292803464, 0.013651291761115392], [0.004152381292803464, 0.01560285716903568, 0.004130053042658857], [0.013651291761115396, 0.004130053042658857, 0.0863071581438768]], "chi2_level": 0.99, "chi2_df": 3, "chi2_threshold": 11.344866730144373, "N_raw": 80, "N_roi": 80, "N_inlier": 77, "refit": true}
{"timestamp": "15:59:05.440626", "frame": 68, "mu": [-1.3362729367438588, 2.55344129854436, 1.3033717070258368], "Sigma": [[0.017517353910914146, -0.00812831861267269, 0.026534861132484967], [-0.00812831861267269, 0.007858908499533147, -0.02873988491927666], [0.026534861132484967, -0.02873988491927666, 0.16160830245363003]], "chi2_level": 0.99, "chi2_df": 3, "chi2_threshold": 11.344866730144373, "N_raw": 29, "N_roi": 29, "N_inlier": 29, "refit": true}
{"timestamp": "15:59:05.497068", "frame": 69, "mu": [-1.29302647181176, 2.5677034178161087, 1.2370860254960414], "Sigma": [[0.010328367157370049, -0.0004559355636286782, -0.0009304108155946478], [-0.0004559355636286781, 0.00533640757134076, -0.015574776621768874], [-0.0009304108155946478, -0.015574776621768874, 0.15511119598034137]], "chi2_level": 0.99, "chi2_df": 3, "chi2_threshold": 11.344866730144373, "N_raw": 45, "N_roi": 45, "N_inlier": 43, "refit": true}
{"timestamp": "15:59:05.552086", "frame": 70, "mu": [-1.4156171610486803, 2.7018903856525585, 0.5540169734969557], "Sigma": [[0.013489890825482279, 0.003653796198068187, -0.002307539481738196], [0.003653796198068187, 0.0021926230117854913, -0.006144216046195592], [-0.0023075394817381953, -0.006144216046195592, 0.07985192490990595]], "chi2_level": 0.99, "chi2_df": 3, "chi2_threshold": 11.344866730144373, "N_raw": 45, "N_roi": 45, "N_inlier": 43, "refit": true}
{"timestamp": "15:59:05.612302", "frame": 71, "mu": [-1.349281922645256, 2.7397259011395136, 1.204969933846882], "Sigma": [[0.013841683669160538, 0.0011268822113584334, 0.0008085233077912142], [0.0011268822113584332, 0.006918243440237404, -0.0235578188623621], [0.0008085233077912155, -0.0235578188623621, 0.26778019732590014]], "chi2_level": 0.99, "chi2_df": 3, "chi2_threshold": 11.344866730144373, "N_raw": 80, "N_roi": 80, "N_inlier": 79, "refit": true}
{"timestamp": "15:59:05.657479", "frame": 72, "mu": [-1.3138935343098126, 2.828901448378193, 0.7330009064774916], "Sigma": [[0.003371811156204964, -0.0025557967289827196, 0.008136884723165642], [-0.0025557967289827196, 0.006778571102024001, -0.03418425178433643], [0.008136884723165642, -0.03418425178433643, 0.3493280319749686]], "chi2_level": 0.99, "chi2_df": 3, "chi2_threshold": 11.344866730144373, "N_raw": 13, "N_roi": 13, "N_inlier": 13, "refit": true}
{"timestamp": "15:59:05.713915", "frame": 73, "mu": [-1.3439209223907318, 2.8038870320116813, 1.0089185475498044], "Sigma": [[0.007456442959784561, 0.0035998332500339946, 0.02382651438102098], [0.0035998332500339954, 0.00568150797443875, 0.03464228828674103], [0.02382651438102098, 0.03464228828674102, 0.2840177056791215]], "chi2_level": 0.99, "chi2_df": 3, "chi2_threshold": 11.344866730144373, "N_raw": 34, "N_roi": 34, "N_inlier": 32, "refit": true}
{"timestamp": "15:59:05.770940", "frame": 74, "mu": [-1.3300488073564742, 2.8200854247997085, 1.3110849915800094], "Sigma": [[0.01273767041896972, 0.0010622471320406175, 0.004036503685095715], [0.0010622471320406168, 0.004783872626907786, 0.017488100947848063], [0.004036503685095715, 0.017488100947848067, 0.19277772383461164]], "chi2_level": 0.99, "chi2_df": 3, "chi2_threshold": 11.344866730144373, "N_raw": 47, "N_roi": 47, "N_inlier": 47, "refit": true}
{"timestamp": "15:59:05.829495", "frame": 75, "mu": [-1.3503133310656643, 2.8203285660360655, -1.1334988522721976], "Sigma": [[0.02892586379799189, 0.013766753747913729, 0.08877694592595795], [0.01376675374791373, 0.011484601067464838, 0.05412044085184878], [0.08877694592595795, 0.05412044085184878, 0.41950092631687413]], "chi2_level": 0.99, "chi2_df": 3, "chi2_threshold": 11.344866730144373, "N_raw": 63, "N_roi": 62, "N_inlier": 59, "refit": true}
{"timestamp": "15:59:05.881935", "frame": 76, "mu": [-1.113744300970254, 2.8819832383042105, 1.229596542908273], "Sigma": [[0.013185485342735875, 0.0020854881324515475, -0.0074948086433269355], [0.0020854881324515475, 0.004511790708187008, -0.003583627023745871], [-0.0074948086433269355, -0.003583627023745871, 0.006513417716171754]], "chi2_level": 0.99, "chi2_df": 3, "chi2_threshold": 11.344866730144373, "N_raw": 49, "N_roi": 49, "N_inlier": 46, "refit": true}
{"timestamp": "15:59:05.933143", "frame": 77, "mu": [-1.1963224862850204, 2.966061570261265, 1.2097897899721572], "Sigma": [[0.009805166016455376, -0.0011875489596278768, 0.006527645317918057], [-0.0011875489596278766, 0.0032098174028603087, -0.013804940924521156], [0.006527645317918057, -0.013804940924521156, 0.11845418568007973]], "chi2_level": 0.99, "chi2_df": 3, "chi2_threshold": 11.344866730144373, "N_raw": 26, "N_roi": 26, "N_inlier": 26, "refit": true}
{"timestamp": "15:59:05.989396", "frame": 78, "mu": [-1.139204913500965, 3.0013585103912823, 1.075604862854184], "Sigma": [[0.01609127817498955, -0.0014271062099100165, 0.02078767155408153], [-0.0014271062099100165, 0.004962171576463301, -0.02432142931089932], [0.020787671554081524, -0.02432142931089932, 0.1993944335163895]], "chi2_level": 0.99, "chi2_df": 3, "chi2_threshold": 11.344866730144373, "N_raw": 34, "N_roi": 34, "N_inlier": 33, "refit": true}
{"timestamp": "15:59:06.040843", "frame": 79, "mu": [-1.2155200223938005, 3.0352684929834686, 0.7290589963023678], "Sigma": [[0.01800023365473285, -0.004779211158642835, 0.07809197369263746], [-0.004779211158642834, 0.003430586691749141, -0.01558825400658689], [0.07809197369263746, -0.01558825400658689, 0.3984161648156797]], "chi2_level": 0.99, "chi2_df": 3, "chi2_threshold": 11.344866730144373, "N_raw": 9, "N_roi": 9, "N_inlier": 9, "refit": true}
{"timestamp": "15:59:06.095444", "frame": 80, "mu": [-1.1214728205779951, 3.053951107927894, 0.9362380541597679], "Sigma": [[0.005513192446303299, 0.000401496422879538, 0.039057345701199786], [0.000401496422879538, 0.00320838427082856, 0.0019758366243506392], [0.03905734570119978, 0.0019758366243506392, 0.28608223445054703]], "chi2_level": 0.99, "chi2_df": 3, "chi2_threshold": 11.344866730144373, "N_raw": 7, "N_roi": 7, "N_inlier": 7, "refit": true}
{"timestamp": "15:59:06.150635", "frame": 81, "mu": [-1.0415640499682708, 3.1079983580853807, 1.3194380675262916], "Sigma": [[0.0036527989767471706, 0.00036379789182918126, -0.0021964378743739633], [0.00036379789182918126, 0.002624164016745884, -0.0017807393927131222], [-0.0021964378743739637, -0.0017807393927131224, 0.006665175332844115]], "chi2_level": 0.99, "chi2_df": 3, "chi2_threshold": 11.344866730144373, "N_raw": 12, "N_roi": 12, "N_inlier": 12, "refit": true}
{"timestamp": "15:59:06.207492", "frame": 82, "mu": [-1.0365848072919077, 3.1156804458404683, 1.4330843668975088], "Sigma": [[0.008316519610004207, 0.0015082004682982696, -0.005136196049379093], [0.0015082004682982696, 0.00500033158666717, 0.002326112872353375], [-0.005136196049379093, 0.002326112872353375, 0.006029664731355983]], "chi2_level": 0.99, "chi2_df": 3, "chi2_threshold": 11.344866730144373, "N_raw": 27, "N_roi": 27, "N_inlier": 27, "refit": true}
{"timestamp": "15:59:06.260684", "frame": 83, "mu": [-0.9795063292765488, 3.147095024432631, 0.8307071056500972], "Sigma": [[0.003341412654097377, 0.0019217782862530467, -0.008801380493472052], [0.0019217782862530467, 0.0036195915401702806, -0.009492087678367733], [-0.008801380493472052, -0.009492087678367733, 0.2665405439163318]], "chi2_level": 0.99, "chi2_df": 3, "chi2_threshold": 11.344866730144373, "N_raw": 14, "N_roi": 12, "N_inlier": 12, "refit": true}
{"timestamp": "15:59:06.315289", "frame": 84, "mu": [-0.8883813727580505, 3.246791570742845, 0.543709911868784], "Sigma": [[0.010526994473753092, 0.006919231433388387, -0.07476683664873555], [0.006919231433388387, 0.011416509558450218, -0.05666163369624401], [-0.07476683664873554, -0.05666163369624401, 0.6347405241166744]], "chi2_level": 0.99, "chi2_df": 3, "chi2_threshold": 11.344866730144373, "N_raw": 9, "N_roi": 9, "N_inlier": 9, "refit": true}
{"timestamp": "15:59:06.372623", "frame": 85, "mu": [-0.8853528290115834, 3.1870755896344276, 1.0065681859931568], "Sigma": [[0.0034226178414644304, 0.00046743023865189974, -0.006080920326432204], [0.00046743023865189974, 0.0019523751320189716, -0.004232192157502532], [-0.006080920326432204, -0.004232192157502531, 0.2850867958405628]], "chi2_level": 0.99, "chi2_df": 3, "chi2_threshold": 11.344866730144373, "N_raw": 25, "N_roi": 25, "N_inlier": 23, "refit": true}
{"timestamp": "15:59:06.429980", "frame": 86, "mu": [-0.8989582254159693, 3.26372412413909, 0.9243132895443334], "Sigma": [[0.014346460037904818, 0.005078977775665616, 0.023931214038762076], [0.005078977775665616, 0.004821681071082369, 0.026615970449630558], [0.023931214038762076, 0.026615970449630558, 0.2540098731933594]], "chi2_level": 0.99, "chi2_df": 3, "chi2_threshold": 11.344866730144373, "N_raw": 41, "N_roi": 41, "N_inlier": 39, "refit": true}
{"timestamp": "15:59:06.488051", "frame": 87, "mu": [-0.8222284698799381, 3.2500268738320846, 0.9995618000116866], "Sigma": [[0.00996077312007151, 0.0014551058267694194, 0.009911787583628212], [0.0014551058267694194, 0.003200739256072019, 0.009500153645180037], [0.009911787583628212, 0.009500153645180039, 0.1747130921257124]], "chi2_level": 0.99, "chi2_df": 3, "chi2_threshold": 11.344866730144373, "N_raw": 61, "N_roi": 56, "N_inlier": 56, "refit": true}
{"timestamp": "15:59:06.535762", "frame": 88, "mu": [-0.7902302226832064, 3.3143832059160063, 0.6130571417058062], "Sigma": [[0.0013435405245360765, 0.00075941794504039, 0.011429757999465245], [0.00075941794504039, 0.007916449025064262, -0.002166995956138945], [0.011429757999465245, -0.0021669959561389476, 0.3500286579464252]], "chi2_level": 0.99, "chi2_df": 3, "chi2_threshold": 11.344866730144373, "N_raw": 12, "N_roi": 10, "N_inlier": 10, "refit": true}
{"timestamp": "15:59:06.592508", "frame": 89, "mu": [-0.7785575137605194, 3.2249666993838515, 1.0375415131404921], "Sigma": [[0.006266669000259188, -0.00020551203336340718, 0.012333544883191744], [-0.00020551203336340701, 0.004249157476649001, -0.013182526440560689], [0.012333544883191742, -0.013182526440560689, 0.23899372571327696]], "chi2_level": 0.99, "chi2_df": 3, "chi2_threshold": 11.344866730144373, "N_raw": 21, "N_roi": 20, "N_inlier": 20, "refit": true}
