{"timestamp": "16:16:44.647142", "frame": 31, "mu": [-2.4240117451355365, 3.497726309503623, 0.688906983741542], "Sigma": [[0.0024991988851574103, 0.0007542256345808487, -0.0019928508158955143], [0.0007542256345808487, 0.0006535291649617815, -0.0013814348882783371], [-0.0019928508158955143, -0.001381434888278337, 0.005831572689522404]], "chi2_level": 0.99, "chi2_df": 3, "chi2_threshold": 11.344866730144373, "N_raw": 25, "N_roi": 9, "N_inlier": 9, "refit": true}
{"timestamp": "16:16:44.815981", "frame": 34, "mu": [-2.394870061634512, 3.3927069271426746, 0.8452460875504396], "Sigma": [[0.003593194542363039, 0.0016425073200624588, -0.00396555962942341], [0.001642507320062459, 0.005199304627263406, -0.009371155797713946], [-0.00396555962942341, -0.009371155797713946, 0.020627937055302834]], "chi2_level": 0.99, "chi2_df": 3, "chi2_threshold": 11.344866730144373, "N_raw": 46, "N_roi": 24, "N_inlier": 23, "refit": true}
{"timestamp": "16:16:44.982540", "frame": 37, "mu": [-2.3938563236417365, 3.2543626924056137, 1.0341592365007026], "Sigma": [[0.005657772900632351, 0.003235870923388438, -0.0007451833062038183], [0.003235870923388438, 0.004560297887769083, -0.0030890825241357512], [-0.0007451833062038181, -0.0030890825241357512, 0.006141776183627831]], "chi2_level": 0.99, "chi2_df": 3, "chi2_threshold": 11.344866730144373, "N_raw": 44, "N_roi": 19, "N_inlier": 18, "refit": true}
{"timestamp": "16:16:45.035983", "frame": 38, "mu": [-2.3977387771323846, 3.2429937450868285, 0.9818739879567218], "Sigma": [[0.006280623760852202, 0.002133003660354884, -0.0020790938165576537], [0.002133003660354884, 0.0038775849105328543, -0.005880152374183996], [-0.0020790938165576537, -0.005880152374183996, 0.011443504764968674]], "chi2_level": 0.99, "chi2_df": 3, "chi2_threshold": 11.344866730144373, "N_raw": 35, "N_roi": 19, "N_inlier": 18, "refit": true}
{"timestamp": "16:16:45.089066", "frame": 39, "mu": [-2.411450072176018, 3.2007254636120157, 1.0670884560319516], "Sigma": [[0.004335411573131228, 0.000593525905728848, -0.0001922126722977409], [0.0005935259057288482, 0.003339530574035969, -0.0060486296003054146], [-0.00019221267229774133, -0.0060486296003054146, 0.020339549239877044]], "chi2_level": 0.99, "chi2_df": 3, "chi2_threshold": 11.344866730144373, "N_raw": 22, "N_roi": 14, "N_inlier": 13, "refit": true}
{"timestamp": "16:16:45.145978", "frame": 40, "mu": [-2.3613352972026447, 3.222886051977474, 1.0960307090176786], "Sigma": [[0.006036514794549869, 0.0022542911907224095, -0.004393680587394896], [0.0022542911907224095, 0.0057234757644747955, -0.006772462482199303], [-0.004393680587394896, -0.006772462482199303, 0.011156368067455584]], "chi2_level": 0.99, "chi2_df": 3, "chi2_threshold": 11.344866730144373, "N_raw": 33, "N_roi": 18, "N_inlier": 18, "refit": true}
{"timestamp": "16:16:45.198464", "frame": 41, "mu": [-2.3317876385462206, 3.1774300192627645, 1.153667046908999], "Sigma": [[0.0059904756515282214, 0.0036655497632488597, -0.005144791336061777], [0.0036655497632488597, 0.0042332258936047815, -0.009386809123542051], [-0.005144791336061777, -0.009386809123542051, 0.03040697999315627]], "chi2_level": 0.99, "chi2_df": 3, "chi2_threshold": 11.344866730144373, "N_raw": 22, "N_roi": 18, "N_inlier": 18, "refit": true}
{"timestamp": "16:16:45.255873", "frame": 42, "mu": [-2.346295194673918, 3.137249653961107, 1.0412473408017653], "Sigma": [[0.008962600071256379, 0.0038851415091070256, 0.0008201694568753231], [0.0038851415091070256, 0.0037848485659805722, -0.008253396545712048], [0.0008201694568753232, -0.008253396545712048, 0.05247490213184173]], "chi2_level": 0.99, "chi2_df": 3, "chi2_threshold": 11.344866730144373, "N_raw": 34, "N_roi": 22, "N_inlier": 20, "refit": true}
{"timestamp": "16:16:45.313089", "frame": 43, "mu": [-2.2951581601214794, 3.149185509600758, 1.0638745767116913], "Sigma": [[0.014678362908181595, 0.005077130488507079, -0.008947180551517655], [0.0050771304885070785, 0.008542486656593627, -0.00457441197083731], [-0.008947180551517655, -0.00457441197083731, 0.0071005459383013825]], "chi2_level": 0.99, "chi2_df": 3, "chi2_threshold": 11.344866730144373, "N_raw": 50, "N_roi": 39, "N_inlier": 39, "refit": true}
{"timestamp": "16:16:45.366991", "frame": 44, "mu": [-2.295165199964527, 3.1398320190398796, 1.1731631729001661], "Sigma": [[0.013034354893239926, 0.006086294258065788, -0.007483377398656583], [0.006086294258065788, 0.007623536332673655, -0.006521718635738307], [-0.007483377398656583, -0.006521718635738307, 0.007474284139868814]], "chi2_level": 0.99, "chi2_df": 3, "chi2_threshold": 11.344866730144373, "N_raw": 42, "N_roi": 33, "N_inlier": 33, "refit": true}
{"timestamp": "16:16:45.422068", "frame": 45, "mu": [-2.213271895820188, 3.129479565558166, 1.0646935694169806], "Sigma": [[0.0210598346748012, 0.017763473440059987, -0.02282472327537546], [0.017763473440059987, 0.021315759310238082, -0.0277646888037824], [-0.022824723275375457, -0.027764688803782397, 0.03904152121242938]], "chi2_level": 0.99, "chi2_df": 3, "chi2_threshold": 11.344866730144373, "N_raw": 41, "N_roi": 37, "N_inlier": 37, "refit": true}
{"timestamp": "16:16:45.475724", "frame": 46, "mu": [-2.228707056282073, 3.150732108253358, -0.03188694006291484], "Sigma": [[0.01638009436994347, 0.008571021419479886, -0.00206602327188782], [0.008571021419479886, 0.009608160790242248, -0.003862253886918884], [-0.0020660232718878206, -0.0038622538869188846, 0.0028861768620359577]], "chi2_level": 0.99, "chi2_df": 3, "chi2_threshold": 11.344866730144373, "N_raw": 35, "N_roi": 34, "N_inlier": 32, "refit": true}
{"timestamp": "16:16:45.527590", "frame": 47, "mu": [-2.1910234576035994, 3.0995816898356, 0.9611726698699516], "Sigma": [[0.005913918405327601, 0.0032975554685054477, -0.00836846350043173], [0.0032975554685054473, 0.004104207293690805, -0.007725070290780686], [-0.00836846350043173, -0.007725070290780686, 0.02547369170858948]], "chi2_level": 0.99, "chi2_df": 3, "chi2_threshold": 11.344866730144373, "N_raw": 14, "N_roi": 14, "N_inlier": 13, "refit": true}
{"timestamp": "16:16:45.639211", "frame": 49, "mu": [-2.1627164777692625, 2.966454843613756, 0.9266412210428097], "Sigma": [[0.007540382007728262, 0.004437746919408208, -0.006143375930548246], [0.004437746919408208, 0.0028277541504696134, -0.0045835995401084266], [-0.006143375930548246, -0.004583599540108426, 0.02069283433165612]], "chi2_level": 0.99, "chi2_df": 3, "chi2_threshold": 11.344866730144373, "N_raw": 19, "N_roi": 19, "N_inlier": 18, "refit": true}
{"timestamp": "16:16:45.695868", "frame": 50, "mu": [-2.092497679353386, 2.982116910135224, 0.9601663119980928], "Sigma": [[0.01508532185100661, 0.007213385618464871, -0.0068263039729949005], [0.007213385618464871, 0.004597626972129021, -0.006549657703815681], [-0.0068263039729949005, -0.0065496577038156815, 0.018491898089839056]], "chi2_level": 0.99, "chi2_df": 3, "chi2_threshold": 11.344866730144373, "N_raw": 37, "N_roi": 37, "N_inlier": 36, "refit": true}
{"timestamp": "16:16:45.752984", "frame": 51, "mu": [-2.114432028890984, 2.9059433906223435, 1.1314934340852896], "Sigma": [[0.015730886892294366, 0.00611260682687533, -0.01598761011188807], [0.00611260682687533, 0.006704368560543648, -0.009634440852924085], [-0.01598761011188807, -0.009634440852924083, 0.024676698241399772]], "chi2_level": 0.99, "chi2_df": 3, "chi2_threshold": 11.344866730144373, "N_raw": 47, "N_roi": 47, "N_inlier": 46, "refit": true}
{"timestamp": "16:16:45.809589", "frame": 52, "mu": [-2.0565005175655378, 2.924807505223699, 1.120245379419963], "Sigma": [[0.018885413818366312, 0.008822919598385298, -0.014254809519062727], [0.008822919598385298, 0.009186637257457754, -0.010155699348989872], [-0.014254809519062727, -0.010155699348989872, 0.01589793721685334]], "chi2_level": 0.99, "chi2_df": 3, "chi2_threshold": 11.344866730144373, "N_raw": 51, "N_roi": 51, "N_inlier": 50, "refit": true}
{"timestamp": "16:16:45.858060", "frame": 53, "mu": [-1.9278627960354693, 2.9516014141787403, 0.8170975689785882], "Sigma": [[0.009221608115740512, 0.004815515862086297, -0.017689337801987143], [0.0048155158620862976, 0.009473040418464453, -0.04237544779919893], [-0.017689337801987143, -0.04237544779919893, 0.2811808871835187]], "chi2_level": 0.99, "chi2_df": 3, "chi2_threshold": 11.344866730144373, "N_raw": 9, "N_roi": 9, "N_inlier": 9, "refit": true}
{"timestamp": "16:16:45.920721", "frame": 54, "mu": [-1.9597664155301504, 2.8296215963264864, 1.1775572918125874], "Sigma": [[0.020209126058570816, 0.010152597959576853, -0.017418570321262476], [0.010152597959576853, 0.009344300415153406, -0.020530840765153456], [-0.017418570321262476, -0.020530840765153456, 0.07495339185676803]], "chi2_level": 0.99, "chi2_df": 3, "chi2_threshold": 11.344866730144373, "N_raw": 66, "N_roi": 64, "N_inlier": 63, "refit": true}
{"timestamp": "16:16:45.974212", "frame": 55, "mu": [-1.9167037017474013, 2.8281790270571685, 1.077355082327043], "Sigma": [[0.014874300337707052, 0.009377405506354302, -0.020465176458800582], [0.009377405506354302, 0.009837872196714528, -0.030156219935989884], [-0.020465176458800582, -0.030156219935989884, 0.13638150351419723]], "chi2_level": 0.99, "chi2_df": 3, "chi2_threshold": 11.344866730144373, "N_raw": 49, "N_roi": 49, "N_inlier": 47, "refit": true}
{"timestamp": "16:16:46.027810", "frame": 56, "mu": [-1.8898324024669768, 2.784844394425868, 1.213296737644611], "Sigma": [[0.012017521810918216, 0.004419275874876824, -0.011299649022520813], [0.004419275874876824, 0.004542116322391278, -0.012086557219732815], [-0.011299649022520813, -0.012086557219732815, 0.04635085801971546]], "chi2_level": 0.99, "chi2_df": 3, "chi2_threshold": 11.344866730144373, "N_raw": 48, "N_roi": 45, "N_inlier": 44, "refit": true}
{"timestamp": "16:16:46.077543", "frame": 57, "mu": [-1.859660759609424, 2.786414755026577, 0.830205816662747], "Sigma": [[0.008293890957125644, -0.0031191126694143758, 0.011440016827701849], [-0.0031191126694143766, 0.014195617156577795, -0.044054044400802184], [0.01144001682770185, -0.0440540444008022, 0.21341499783768422]], "chi2_level": 0.99, "chi2_df": 3, "chi2_threshold": 11.344866730144373, "N_raw": 9, "N_roi": 9, "N_inlier": 9, "refit": true}
{"timestamp": "16:16:46.140023", "frame": 58, "mu": [-1.6512758106148389, 2.8388295540045716, 0.5450570761498906], "Sigma": [[0.017764877343799865, 0.01032656073614636, -0.011393870917658014], [0.01032656073614636, 0.013636815043202648, -0.007766401899803314], [-0.011393870917658014, -0.007766401899803314, 0.010063739650466306]], "chi2_level": 0.99, "chi2_df": 3, "chi2_threshold": 11.344866730144373, "N_raw": 63, "N_roi": 63, "N_inlier": 58, "refit": true}
{"timestamp": "16:16:46.190023", "frame": 59, "mu": [-1.8058576785158147, 2.750369018625972, 1.0079234440066425], "Sigma": [[0.009517779616263688, 0.0034146632126616488, -0.008782189793673883], [0.0034146632126616488, 0.00315646315881896, -0.0076144365206447665], [-0.008782189793673883, -0.0076144365206447665, 0.022581595379399366]], "chi2_level": 0.99, "chi2_df": 3, "chi2_threshold": 11.344866730144373, "N_raw": 25, "N_roi": 25, "N_inlier": 24, "refit": true}
{"timestamp": "16:16:46.244863", "frame": 60, "mu": [-1.6739038562216908, 2.7552345457142637, 0.8098049920249889], "Sigma": [[0.016719530568472023, 0.005703292769518795, -0.031381581116910175], [0.005703292769518795, 0.0024618710122833137, -0.013186705824994687], [-0.031381581116910175, -0.013186705824994687, 0.08572743368991598]], "chi2_level": 0.99, "chi2_df": 3, "chi2_threshold": 11.344866730144373, "N_raw": 27, "N_roi": 27, "N_inlier": 26, "refit": true}
{"timestamp": "16:16:46.305785", "frame": 61, "mu": [-1.631489423720212, 2.7252322079000018, 0.8981431088449854], "Sigma": [[0.017154390698824733, 0.0066132558882705025, -0.027516548958934618], [0.0066132558882705025, 0.005134356114590755, -0.016416247924840144], [-0.027516548958934618, -0.016416247924840144, 0.07264212263747714]], "chi2_level": 0.99, "chi2_df": 3, "chi2_threshold": 11.344866730144373, "N_raw": 71, "N_roi": 71, "N_inlier": 69, "refit": true}
{"timestamp": "16:16:46.359593", "frame": 62, "mu": [-1.6507504294838604, 2.682026139483458, 1.1051345903533618], "Sigma": [[0.009360541398228317, 0.003918935876856905, -0.011134799775496057], [0.003918935876856905, 0.004730369376190831, -0.020036691169435496], [-0.011134799775496057, -0.020036691169435496, 0.10535084616964929]], "chi2_level": 0.99, "chi2_df": 3, "chi2_threshold": 11.344866730144373, "N_raw": 53, "N_roi": 53, "N_inlier": 50, "refit": true}
{"timestamp": "16:16:46.419669", "frame": 63, "mu": [-1.5400012578007418, 2.6724988017465927, 0.9741542494754567], "Sigma": [[0.01451961644759491, 0.004460562869498032, -0.01893241762905618], [0.004460562869498031, 0.00375194277939325, -0.014757084282798108], [-0.01893241762905618, -0.014757084282798108, 0.0897392506985736]], "chi2_level": 0.99, "chi2_df": 3, "chi2_threshold": 11.344866730144373, "N_raw": 88, "N_roi": 88, "N_inlier": 84, "refit": true}
{"timestamp": "16:16:46.470674", "frame": 64, "mu": [-1.5747196471197416, 2.5951620608946415, 1.002427646878378], "Sigma": [[0.010635973697625417, 0.00438567400916084, -0.013546517229890639], [0.00438567400916084, 0.005524809369463993, -0.01691292309917044], [-0.013546517229890639, -0.01691292309917044, 0.19504246018245042]], "chi2_level": 0.99, "chi2_df": 3, "chi2_threshold": 11.344866730144373, "N_raw": 58, "N_roi": 55, "N_inlier": 54, "refit": true}
{"timestamp": "16:16:46.522291", "frame": 65, "mu": [-1.5576083884338556, 2.5671780984309, 1.1837952757087031], "Sigma": [[0.01284057411719604, 0.004332447077506022, -0.024313841036829636], [0.004332447077506022, 0.002791027641554933, -0.00832404935335282], [-0.024313841036829632, -0.00832404935335282, 0.15371983034776446]], "chi2_level": 0.99, "chi2_df": 3, "chi2_threshold": 11.344866730144373, "N_raw": 38, "N_roi": 38, "N_inlier": 36, "refit": true}
{"timestamp": "16:16:46.576856", "frame": 66, "mu": [-1.5262467733325014, 2.5435414235497635, 1.207611343694742], "Sigma": [[0.008177680899524977, 0.002610179541911832, 0.00027829157787369286], [0.002610179541911832, 0.0044791630273031055, 0.017313793982411802], [0.00027829157787369286, 0.017313793982411802, 0.3165498334371891]], "chi2_level": 0.99, "chi2_df": 3, "chi2_threshold": 11.344866730144373, "N_raw": 37, "N_roi": 37, "N_inlier": 37, "refit": true}
{"timestamp": "16:16:46.629970", "frame": 67, "mu": [-1.50690508008694, 2.6923860498618644, -0.2507069067268876], "Sigma": [[0.010320594980213428, 0.010254235403643812, -0.020160505380817307], [0.010254235403643813, 0.013778399108629515, -0.026636509041873993], [-0.02016050538081731, -0.026636509041873993, 0.05554885471960245]], "chi2_level": 0.99, "chi2_df": 3, "chi2_threshold": 11.344866730144373, "N_raw": 26, "N_roi": 25, "N_inlier": 25, "refit": true}
{"timestamp": "16:16:46.687865", "frame": 68, "mu": [-1.4872486941456495, 2.4920103434793375, 1.2977960110525681], "Sigma": [[0.016105147745637025, 0.006336782655996411, -0.013349442788720056], [0.006336782655996411, 0.005176870055023886, -0.011732375427271489], [-0.013349442788720056, -0.011732375427271489, 0.03141498843140063]], "chi2_level": 0.99, "chi2_df": 3, "chi2_threshold": 11.344866730144373, "N_raw": 47, "N_roi": 47, "N_inlier": 44, "refit": true}
{"timestamp": "16:16:46.747899", "frame": 69, "mu": [-1.4110085919517799, 2.5099909421581716, 1.12692176462201], "Sigma": [[0.013509640758018698, 0.004224881013314291, -0.013316595750568056], [0.00422488101331429, 0.004695962816606394, -0.016905403543090496], [-0.013316595750568053, -0.016905403543090492, 0.08096479068294676]], "chi2_level": 0.99, "chi2_df": 3, "chi2_threshold": 11.344866730144373, "N_raw": 80, "N_roi": 80, "N_inlier": 77, "refit": true}
{"timestamp": "16:16:46.803971", "frame": 70, "mu": [-1.3069594607707316, 2.4699056054778605, 1.073446228250809], "Sigma": [[0.028018160484444887, 0.013062392901591939, -0.03942164414551265], [0.01306239290159194, 0.008316055518811647, -0.025365740520927847], [-0.03942164414551265, -0.025365740520927844, 0.09180023557637393]], "chi2_level": 0.99, "chi2_df": 3, "chi2_threshold": 11.344866730144373, "N_raw": 84, "N_roi": 84, "N_inlier": 82, "refit": true}
{"timestamp": "16:16:46.856123", "frame": 71, "mu": [-1.413762855664118, 2.4203234897277324, 1.2230898281362272], "Sigma": [[0.014905265690299338, 0.0028725086565907173, 0.0006381865905415273], [0.0028725086565907173, 0.004621282887088253, -0.012226251097704033], [0.0006381865905415275, -0.012226251097704033, 0.04796048105707633]], "chi2_level": 0.99, "chi2_df": 3, "chi2_threshold": 11.344866730144373, "N_raw": 68, "N_roi": 68, "N_inlier": 66, "refit": true}
{"timestamp": "16:16:46.911738", "frame": 72, "mu": [-1.287946596908337, 2.39161915994251, 1.130697190239258], "Sigma": [[0.02011044346227033, 0.009181834725806942, -0.02614031320278061], [0.009181834725806942, 0.007044493288427399, -0.01984569920340652], [-0.02614031320278061, -0.01984569920340652, 0.06400775019554289]], "chi2_level": 0.99, "chi2_df": 3, "chi2_threshold": 11.344866730144373, "N_raw": 66, "N_roi": 66, "N_inlier": 65, "refit": true}
{"timestamp": "16:16:46.969837", "frame": 73, "mu": [-1.2329636037421143, 2.3763081076501567, 1.0835059671554532], "Sigma": [[0.019305677814030038, 0.008823082622360342, -0.03239341521905331], [0.008823082622360342, 0.007523778460546824, -0.025346381735734565], [-0.03239341521905332, -0.025346381735734565, 0.11068556932456423]], "chi2_level": 0.99, "chi2_df": 3, "chi2_threshold": 11.344866730144373, "N_raw": 84, "N_roi": 84, "N_inlier": 81, "refit": true}
{"timestamp": "16:16:47.021564", "frame": 74, "mu": [-1.2490274868564801, 2.341717541543684, 1.1789168306331808], "Sigma": [[0.012475595179080128, 0.004240024116492406, -0.013465931584228924], [0.004240024116492406, 0.00428100734282954, -0.012958487969323158], [-0.013465931584228924, -0.012958487969323158, 0.051543254645222414]], "chi2_level": 0.99, "chi2_df": 3, "chi2_threshold": 11.344866730144373, "N_raw": 70, "N_roi": 70, "N_inlier": 69, "refit": true}
{"timestamp": "16:16:47.075130", "frame": 75, "mu": [-1.2408524332274335, 2.3214725708147297, 1.1918216762117988], "Sigma": [[0.010401920042978229, 0.0033251107421498533, -0.01204154441736955], [0.0033251107421498533, 0.0032146244377524056, -0.009750574016617832], [-0.012041544417369552, -0.009750574016617832, 0.03900496469298039]], "chi2_level": 0.99, "chi2_df": 3, "chi2_threshold": 11.344866730144373, "N_raw": 56, "N_roi": 56, "N_inlier": 53, "refit": true}
{"timestamp": "16:16:47.135476", "frame": 76, "mu": [-1.1447602958591865, 2.312855217263905, 1.0477408117079454], "Sigma": [[0.010190024599180126, 0.003491379181509084, -0.012183756385793812], [0.003491379181509084, 0.004520850308777786, -0.014629080552749606], [-0.012183756385793812, -0.014629080552749606, 0.0707393795008357]], "chi2_level": 0.99, "chi2_df": 3, "chi2_threshold": 11.344866730144373, "N_raw": 91, "N_roi": 91, "N_inlier": 86, "refit": true}
{"timestamp": "16:16:47.185831", "frame": 77, "mu": [-1.1650377580528701, 2.2333781726889668, 1.1653902973510726], "Sigma": [[0.010464095183243677, 0.004384534782990147, -0.011865411968764247], [0.004384534782990146, 0.005852255588891018, -0.012552467236263305], [-0.011865411968764247, -0.012552467236263304, 0.032779752189346645]], "chi2_level": 0.99, "chi2_df": 3, "chi2_threshold": 11.344866730144373, "N_raw": 68, "N_roi": 68, "N_inlier": 66, "refit": true}
{"timestamp": "16:16:47.236054", "frame": 78, "mu": [-1.062965831177259, 2.511071208774331, -0.7092991886218538], "Sigma": [[0.012086102057122567, 0.012918244101121915, -0.025119629022503163], [0.012918244101121914, 0.021791682556322838, -0.051366736296535445], [-0.025119629022503163, -0.051366736296535445, 0.14484813843772715]], "chi2_level": 0.99, "chi2_df": 3, "chi2_threshold": 11.344866730144373, "N_raw": 30, "N_roi": 30, "N_inlier": 28, "refit": true}
{"timestamp": "16:16:47.298225", "frame": 79, "mu": [-1.0888928742415327, 2.2010500860646767, 1.077589937912269], "Sigma": [[0.012945223524712062, 0.004283679556685808, -0.02044327348368378], [0.004283679556685809, 0.004600396849329676, -0.01479192049797451], [-0.02044327348368378, -0.014791920497974509, 0.06671795060241734]], "chi2_level": 0.99, "chi2_df": 3, "chi2_threshold": 11.344866730144373, "N_raw": 79, "N_roi": 79, "N_inlier": 74, "refit": true}
{"timestamp": "16:16:47.355794", "frame": 80, "mu": [-1.083329546061967, 2.137415001975891, 1.0484692373757707], "Sigma": [[0.013299487624377956, 0.006110636179632149, -0.014949520760056909], [0.006110636179632149, 0.005807010949391163, -0.01567994146667035], [-0.014949520760056907, -0.01567994146667035, 0.0868357818099894]], "chi2_level": 0.99, "chi2_df": 3, "chi2_threshold": 11.344866730144373, "N_raw": 93, "N_roi": 93, "N_inlier": 88, "refit": true}
{"timestamp": "16:16:47.404419", "frame": 81, "mu": [-1.081987374762151, 2.1117390038202686, 0.8919499197412608], "Sigma": [[0.016084540909092504, 0.00879685729002858, -0.02334439782159948], [0.00879685729002858, 0.0077404621638459395, -0.013680051549450963], [-0.02334439782159948, -0.013680051549450963, 0.08851391673417025]], "chi2_level": 0.99, "chi2_df": 3, "chi2_threshold": 11.344866730144373, "N_raw": 48, "N_roi": 48, "N_inlier": 45, "refit": true}
{"timestamp": "16:16:47.458793", "frame": 82, "mu": [-0.8969017260180573, 2.2035785958291334, 0.6256978849537553], "Sigma": [[0.015438300224187271, 0.008146170641100955, -0.0071358094492970595], [0.008146170641100955, 0.010869918378393099, -0.01749786043759992], [-0.007135809449297059, -0.01749786043759992, 0.08377519800517415]], "chi2_level": 0.99, "chi2_df": 3, "chi2_threshold": 11.344866730144373, "N_raw": 53, "N_roi": 53, "N_inlier": 52, "refit": true}
{"timestamp": "16:16:47.521415", "frame": 83, "mu": [-0.9827243550259052, 2.2673866174750112, -0.4434924274881785], "Sigma": [[0.015305180219106103, 0.010269965859534587, -0.019207352820421523], [0.010269965859534587, 0.01746835906546382, -0.03292043531267872], [-0.019207352820421523, -0.03292043531267872, 0.0676737319073091]], "chi2_level": 0.99, "chi2_df": 3, "chi2_threshold": 11.344866730144373, "N_raw": 95, "N_roi": 95, "N_inlier": 92, "refit": true}
{"timestamp": "16:16:47.572879", "frame": 84, "mu": [-0.951824169842879, 2.0474839719437803, 1.2367334586692118], "Sigma": [[0.012020298433993793, 0.0009402824722629928, 0.005707146417800503], [0.0009402824722629928, 0.003159764836512752, -0.005524197105405183], [0.005707146417800503, -0.005524197105405183, 0.017118149759476238]], "chi2_level": 0.99, "chi2_df": 3, "chi2_threshold": 11.344866730144373, "N_raw": 77, "N_roi": 77, "N_inlier": 75, "refit": true}
{"timestamp": "16:16:47.632065", "frame": 85, "mu": [-0.8657021772726636, 2.0320086453042445, 1.0217474586384008], "Sigma": [[0.012990936203818703, 0.005291943524186987, -0.017159100314269912], [0.005291943524186986, 0.0044027676436357, -0.01762348392443424], [-0.017159100314269912, -0.01762348392443424, 0.09620060187046253]], "chi2_level": 0.99, "chi2_df": 3, "chi2_threshold": 11.344866730144373, "N_raw": 102, "N_roi": 102, "N_inlier": 98, "refit": true}
{"timestamp": "16:16:47.689104", "frame": 86, "mu": [-0.8195837868593597, 1.9995141323460723, 1.0533137870369267], "Sigma": [[0.009508497197220253, 0.0020051744890909017, -0.010850208378255406], [0.0020051744890909017, 0.0027462213078512077, -0.012007811639594829], [-0.010850208378255406, -0.012007811639594829, 0.07514189698412471]], "chi2_level": 0.99, "chi2_df": 3, "chi2_threshold": 11.344866730144373, "N_raw": 111, "N_roi": 111, "N_inlier": 106, "refit": true}
{"timestamp": "16:16:47.740315", "frame": 87, "mu": [-0.803317737692167, 1.9763320035685403, 0.9800869450722203], "Sigma": [[0.012124747115877849, -0.0004772699140559346, 0.03317876575314288], [-0.00047726991405593457, 0.0026698387908328843, -0.014316447025979152], [0.03317876575314288, -0.014316447025979152, 0.37592194185125877]], "chi2_level": 0.99, "chi2_df": 3, "chi2_threshold": 11.344866730144373, "N_raw": 86, "N_roi": 86, "N_inlier": 85, "refit": true}
{"timestamp": "16:16:47.800027", "frame": 88, "mu": [-0.7445935279637803, 1.9554435816018412, 1.220328312109308], "Sigma": [[0.009375376396719261, 0.001993845194763263, -0.006950395974734453], [0.0019938451947632625, 0.0034308343320757976, -0.01003729733919436], [-0.006950395974734453, -0.010037297339194359, 0.052070556753019165]], "chi2_level": 0.99, "chi2_df": 3, "chi2_threshold": 11.344866730144373, "N_raw": 96, "N_roi": 96, "N_inlier": 91, "refit": true}
{"timestamp": "16:16:47.851664", "frame": 89, "mu": [-0.7386762552793755, 1.9334037341205015, 1.1603497076805576], "Sigma": [[0.010571490528688823, 0.0024436504734667948, -0.012490735522998309], [0.0024436504734667948, 0.0025064269351481824, -0.006521807075666012], [-0.01249073552299831, -0.006521807075666013, 0.07663022162243222]], "chi2_level": 0.99, "chi2_df": 3, "chi2_threshold": 11.344866730144373, "N_raw": 95, "N_roi": 95, "N_inlier": 91, "refit": true}
{"timestamp": "16:16:47.905682", "frame": 90, "mu": [-0.7366077518725977, 1.8841452047277163, 1.2195741370650273], "Sigma": [[0.010893671576355212, 0.0005893333060242256, 0.004609210507186101], [0.0005893333060242256, 0.0018310488357810135, -0.003904214302001222], [0.0046092105071861, -0.003904214302001222, 0.0423731306183352]], "chi2_level": 0.99, "chi2_df": 3, "chi2_threshold": 11.344866730144373, "N_raw": 89, "N_roi": 89, "N_inlier": 85, "refit": true}
{"timestamp": "16:16:47.964731", "frame": 91, "mu": [-0.6809396652969911, 1.8495755985384976, 1.020838135550672], "Sigma": [[0.00807181307407188, 0.00032692821028958895, -0.0038410085939704166], [0.00032692821028958895, 0.002051683456567083, 0.0010579709429315483], [-0.0038410085939704175, 0.0010579709429315487, 0.25946072746563076]], "chi2_level": 0.99, "chi2_df": 3, "chi2_threshold": 11.344866730144373, "N_raw": 118, "N_roi": 118, "N_inlier": 117, "refit": true}
{"timestamp": "16:16:48.016131", "frame": 92, "mu": [-0.7010917520756701, 1.810890028480229, 0.8999378399011908], "Sigma": [[0.0114070967526514, -0.00032601191319161165, -0.015182831265305266], [-0.00032601191319161176, 0.008979394627508519, 0.021559634818739258], [-0.015182831265305266, 0.021559634818739258, 0.17176291222985104]], "chi2_level": 0.99, "chi2_df": 3, "chi2_threshold": 11.344866730144373, "N_raw": 82, "N_roi": 82, "N_inlier": 80, "refit": true}
{"timestamp": "16:16:48.067240", "frame": 93, "mu": [-0.6661220984505571, 1.7737295809766667, 0.8808976788646885], "Sigma": [[0.010286959433550109, 0.003957790949014837, 0.012481028601763967], [0.003957790949014838, 0.0022529079868078223, 0.005149460058001239], [0.012481028601763967, 0.005149460058001239, 0.04652175283985484]], "chi2_level": 0.99, "chi2_df": 3, "chi2_threshold": 11.344866730144373, "N_raw": 69, "N_roi": 69, "N_inlier": 65, "refit": true}
{"timestamp": "16:16:48.122662", "frame": 94, "mu": [-0.5998277090562119, 1.7316522485157433, 0.9895444857980416], "Sigma": [[0.00760403062598615, 0.004361714186722796, 0.01684602146677441], [0.004361714186722796, 0.006967973442013746, 0.015107018690921233], [0.016846021466774407, 0.015107018690921233, 0.11474379904338734]], "chi2_level": 0.99, "chi2_df": 3, "chi2_threshold": 11.344866730144373, "N_raw": 63, "N_roi": 63, "N_inlier": 60, "refit": true}
{"timestamp": "16:16:48.173072", "frame": 95, "mu": [-0.5027041777051111, 1.7461188345088823, 1.3170857770298805], "Sigma": [[0.005327563469665093, 0.0005903221831503295, 0.003821200607151516], [0.0005903221831503295, 0.0028239108454076022, -0.0046758414777161375], [0.0038212006071515156, -0.0046758414777161375, 0.08823111505552028]], "chi2_level": 0.99, "chi2_df": 3, "chi2_threshold": 11.344866730144373, "N_raw": 46, "N_roi": 46, "N_inlier": 43, "refit": true}
{"timestamp": "16:16:48.232949", "frame": 96, "mu": [-0.5348294057349627, 1.7199990186279217, 1.276508825301811], "Sigma": [[0.007633501922488011, -0.00027585661826700974, 0.001248365473674501], [-0.00027585661826700963, 0.001414631323721012, -0.004291518830468795], [0.0012483654736745009, -0.004291518830468795, 0.021796712582839484]], "chi2_level": 0.99, "chi2_df": 3, "chi2_threshold": 11.344866730144373, "N_raw": 72, "N_roi": 72, "N_inlier": 67, "refit": true}
{"timestamp": "16:16:48.286978", "frame": 97, "mu": [-0.5075241693965882, 1.675107627026695, 1.3083564241433263], "Sigma": [[0.007617984117895396, -0.001476234845388499, 0.002295182723767932], [-0.001476234845388499, 0.0021014754635754404, -0.004159461582626311], [0.002295182723767932, -0.004159461582626311, 0.010019448090720152]], "chi2_level": 0.99, "chi2_df": 3, "chi2_threshold": 11.344866730144373, "N_raw": 75, "N_roi": 75, "N_inlier": 66, "refit": true}
{"timestamp": "16:16:48.346910", "frame": 98, "mu": [-0.49230345033894507, 1.6768817237261175, 1.0692347521474665], "Sigma": [[0.007030232468004309, -0.0021569890566084963, 0.014271178045645178], [-0.0021569890566084963, 0.013853657469570162, -0.05189419506572253], [0.014271178045645176, -0.051894195065722536, 0.22875325266949015]], "chi2_level": 0.99, "chi2_df": 3, "chi2_threshold": 11.344866730144373, "N_raw": 95, "N_roi": 95, "N_inlier": 88, "refit": true}
{"timestamp": "16:16:48.395957", "frame": 99, "mu": [-0.3710415415351909, 1.6367147196554255, 0.9440787121830022], "Sigma": [[0.004642144161901816, 0.0001665588698698211, -0.0071678800674177335], [0.00016655886986982114, 0.0023931945776979385, 0.0017016916620561271], [-0.007167880067417733, 0.0017016916620561273, 0.05007948249862258]], "chi2_level": 0.99, "chi2_df": 3, "chi2_threshold": 11.344866730144373, "N_raw": 65, "N_roi": 65, "N_inlier": 60, "refit": true}
{"timestamp": "16:16:48.550876", "frame": 100, "mu": [-0.45581036501478606, 1.5626267120513628, 0.9646564919531638], "Sigma": [[0.006691730984569083, 0.0019232400114072468, 0.007399363068907163], [0.0019232400114072468, 0.004554342714231688, -0.006380112373493141], [0.007399363068907163, -0.006380112373493144, 0.14761915921093932]], "chi2_level": 0.99, "chi2_df": 3, "chi2_threshold": 11.344866730144373, "N_raw": 107, "N_roi": 107, "N_inlier": 105, "refit": true}
{"timestamp": "16:16:48.573194", "frame": 101, "mu": [-0.40140365486719864, 1.5123412672224676, 1.2457488938354186], "Sigma": [[0.005346042235608621, -0.0010223914090353463, 0.010375898279831748], [-0.0010223914090353463, 0.0013585222979541523, -0.003637628721554], [0.010375898279831748, -0.0036376287215540005, 0.12273198332838622]], "chi2_level": 0.99, "chi2_df": 3, "chi2_threshold": 11.344866730144373, "N_raw": 48, "N_roi": 48, "N_inlier": 45, "refit": true}
{"timestamp": "16:16:48.605011", "frame": 102, "mu": [-0.35540642737015904, 1.4984591584338558, 1.2035666344452256], "Sigma": [[0.005725652299114312, 0.0007418121807413751, 0.0072675433116838484], [0.0007418121807413751, 0.0040303483242051874, -0.004501806091964856], [0.0072675433116838484, -0.0045018060919648556, 0.10346921416794183]], "chi2_level": 0.99, "chi2_df": 3, "chi2_threshold": 11.344866730144373, "N_raw": 121, "N_roi": 121, "N_inlier": 117, "refit": true}
{"timestamp": "16:16:48.635852", "frame": 103, "mu": [-0.3112649118780312, 1.4687100774654693, 1.254861319264894], "Sigma": [[0.007577907643897912, 0.001290544925505269, -0.014592265475040713], [0.0012905449255052688, 0.006410432665273449, -0.017552606300250663], [-0.014592265475040713, -0.017552606300250663, 0.12732957189970065]], "chi2_level": 0.99, "chi2_df": 3, "chi2_threshold": 11.344866730144373, "N_raw": 100, "N_roi": 100, "N_inlier": 95, "refit": true}
{"timestamp": "16:16:48.678428", "frame": 104, "mu": [-0.3389023393796437, 1.442793872896892, 1.2210541880276586], "Sigma": [[0.009839629792451373, 3.697513181691141e-06, -0.007041203928169452], [3.697513181691168e-06, 0.0031103970290167456, -0.015988819829491702], [-0.007041203928169452, -0.015988819829491702, 0.12158899242632482]], "chi2_level": 0.99, "chi2_df": 3, "chi2_threshold": 11.344866730144373, "N_raw": 108, "N_roi": 108, "N_inlier": 102, "refit": true}
{"timestamp": "16:16:48.730426", "frame": 105, "mu": [-0.33697904096736647, 1.4350357339568613, 1.2751588874621724], "Sigma": [[0.0065839087585548425, -0.0022038221698765527, 0.000856757019062472], [-0.0022038221698765527, 0.003550112845714095, -0.013437055027730373], [0.0008567570190624714, -0.013437055027730373, 0.12068594044479954]], "chi2_level": 0.99, "chi2_df": 3, "chi2_threshold": 11.344866730144373, "N_raw": 97, "N_roi": 97, "N_inlier": 94, "refit": true}
{"timestamp": "16:16:48.789785", "frame": 106, "mu": [-0.3078457094225601, 1.3945125775853147, 1.207702622106189], "Sigma": [[0.01001370750882376, 4.621056078817469e-05, -0.0007721471788702395], [4.621056078817464e-05, 0.00402370523239371, -0.010907805884234872], [-0.0007721471788702402, -0.010907805884234872, 0.09077850504460286]], "chi2_level": 0.99, "chi2_df": 3, "chi2_threshold": 11.344866730144373, "N_raw": 117, "N_roi": 117, "N_inlier": 112, "refit": true}
{"timestamp": "16:16:48.841882", "frame": 107, "mu": [-0.297606523574539, 1.368211397552202, 1.1599167005819717], "Sigma": [[0.0076487450756897975, -0.0005550236555405503, -0.0008219473741542267], [-0.0005550236555405502, 0.002170739934900171, -0.018717719341876726], [-0.0008219473741542262, -0.018717719341876726, 0.2845184920405558]], "chi2_level": 0.99, "chi2_df": 3, "chi2_threshold": 11.344866730144373, "N_raw": 100, "N_roi": 100, "N_inlier": 94, "refit": true}
{"timestamp": "16:16:48.895796", "frame": 108, "mu": [-0.2313087039090165, 1.3104727760494141, 1.3335970702585294], "Sigma": [[0.006233511234044839, -0.0014234875933527241, 0.0072831049706404034], [-0.0014234875933527243, 0.0013284803698939127, -0.004193606164857097], [0.007283104970640402, -0.004193606164857097, 0.028194324292678673]], "chi2_level": 0.99, "chi2_df": 3, "chi2_threshold": 11.344866730144373, "N_raw": 91, "N_roi": 91, "N_inlier": 87, "refit": true}
{"timestamp": "16:16:48.949636", "frame": 109, "mu": [-0.2191733186937711, 1.3340018156787055, 0.837583548563872], "Sigma": [[0.011949581898980372, -0.0035151633966898944, 0.058171667760104295], [-0.0035151633966898944, 0.0037082309124328817, -0.03557923339929271], [0.0581716677601043, -0.03557923339929271, 0.5626631711832902]], "chi2_level": 0.99, "chi2_df": 3, "chi2_threshold": 11.344866730144373, "N_raw": 86, "N_roi": 86, "N_inlier": 85, "refit": true}
{"timestamp": "16:16:49.008521", "frame": 110, "mu": [-0.16866197213694917, 1.3081580482840132, 1.362611576518923], "Sigma": [[0.007617586957553411, -0.0008459739509156029, 0.010427592753819765], [-0.0008459739509156026, 0.005301528912778632, -0.00497561419786038], [0.010427592753819765, -0.004975614197860381, 0.03098905251833718]], "chi2_level": 0.99, "chi2_df": 3, "chi2_threshold": 11.344866730144373, "N_raw": 115, "N_roi": 115, "N_inlier": 110, "refit": true}
{"timestamp": "16:16:49.061116", "frame": 111, "mu": [-0.070412204746197, 1.2954851503601734, 1.2760970758319274], "Sigma": [[0.006170711594554274, -0.001252042263365794, 0.020868901655277265], [-0.001252042263365794, 0.005207206917577274, -0.016824467558997944], [0.020868901655277265, -0.016824467558997948, 0.30153169606330316]], "chi2_level": 0.99, "chi2_df": 3, "chi2_threshold": 11.344866730144373, "N_raw": 92, "N_roi": 92, "N_inlier": 91, "refit": true}
{"timestamp": "16:16:49.119850", "frame": 112, "mu": [-0.07174344026639494, 1.2541829972292369, 1.3765999721001427], "Sigma": [[0.00709278414773212, 0.0006458504320264149, 0.007371060054666969], [0.000645850432026415, 0.004618428007906401, -0.004304555431687588], [0.007371060054666969, -0.004304555431687588, 0.020142216542800274]], "chi2_level": 0.99, "chi2_df": 3, "chi2_threshold": 11.344866730144373, "N_raw": 119, "N_roi": 119, "N_inlier": 111, "refit": true}
{"timestamp": "16:16:49.176334", "frame": 113, "mu": [-0.054612252188335104, 1.2305557002478098, 1.0750920458906015], "Sigma": [[0.006750473252016563, -0.001813787782451321, 0.023481555697666658], [-0.0018137877824513208, 0.004919079780093744, 0.0018677596340330714], [0.023481555697666655, 0.00186775963403307, 0.43227754246791883]], "chi2_level": 0.99, "chi2_df": 3, "chi2_threshold": 11.344866730144373, "N_raw": 128, "N_roi": 128, "N_inlier": 126, "refit": true}
{"timestamp": "16:16:49.228771", "frame": 114, "mu": [-0.01343163710481986, 1.2347905107449992, 1.1726559131864442], "Sigma": [[0.006221497902513155, -0.0037326274484720053, -0.006627715201303246], [-0.0037326274484720053, 0.005923561083119921, -0.0015045911367163232], [-0.006627715201303245, -0.001504591136716325, 0.3496915584916131]], "chi2_level": 0.99, "chi2_df": 3, "chi2_threshold": 11.344866730144373, "N_raw": 110, "N_roi": 110, "N_inlier": 109, "refit": true}
{"timestamp": "16:16:49.284630", "frame": 115, "mu": [0.01064682359112053, 1.1976269371060506, 1.2871277812698658], "Sigma": [[0.006515880495358676, -0.002538077608258818, 0.00557229236840305], [-0.0025380776082588176, 0.00684993768770196, 0.010213356309001036], [0.005572292368403051, 0.010213356309001036, 0.18132027517545832]], "chi2_level": 0.99, "chi2_df": 3, "chi2_threshold": 11.344866730144373, "N_raw": 113, "N_roi": 113, "N_inlier": 111, "refit": true}
{"timestamp": "16:16:49.340237", "frame": 116, "mu": [0.03976682462199588, 1.172224809399867, 1.3647157624234278], "Sigma": [[0.00548778220466966, -0.0010683411314014075, 0.009163316074397408], [-0.0010683411314014078, 0.008109610339779609, 0.0006969726254855034], [0.009163316074397408, 0.0006969726254855038, 0.04318673795838727]], "chi2_level": 0.99, "chi2_df": 3, "chi2_threshold": 11.344866730144373, "N_raw": 119, "N_roi": 119, "N_inlier": 114, "refit": true}
{"timestamp": "16:16:49.392893", "frame": 117, "mu": [0.05390327987290214, 1.2182967173312709, 0.2344076749574079], "Sigma": [[0.011481199990476846, -0.007430355235945273, 0.06757811544232163], [-0.007430355235945273, 0.010199345570629152, -0.06613131530694201], [0.06757811544232162, -0.06613131530694201, 0.7406785247675308]], "chi2_level": 0.99, "chi2_df": 3, "chi2_threshold": 11.344866730144373, "N_raw": 105, "N_roi": 105, "N_inlier": 103, "refit": true}
{"timestamp": "16:16:49.445311", "frame": 118, "mu": [0.08313737064431682, 1.1191810799490831, 1.404542424501932], "Sigma": [[0.004327442624097078, -0.0026437186633221687, 0.004799794909646179], [-0.0026437186633221687, 0.004265157938432755, -0.008114671336944997], [0.004799794909646178, -0.008114671336944997, 0.021681869897323805]], "chi2_level": 0.99, "chi2_df": 3, "chi2_threshold": 11.344866730144373, "N_raw": 94, "N_roi": 94, "N_inlier": 93, "refit": true}
{"timestamp": "16:16:49.497275", "frame": 119, "mu": [0.09785604496181734, 1.0475194410256268, 1.2685997526000232], "Sigma": [[0.003721208637451262, -0.004396589813973528, 0.000279904677645434], [-0.004396589813973527, 0.03988112608471739, 0.07655040027378858], [0.00027990467764543367, 0.0765504002737886, 0.22529128415058122]], "chi2_level": 0.99, "chi2_df": 3, "chi2_threshold": 11.344866730144373, "N_raw": 72, "N_roi": 72, "N_inlier": 67, "refit": true}
{"timestamp": "16:16:49.553136", "frame": 120, "mu": [0.110301760260998, 1.102991262779906, 1.4108255192726225], "Sigma": [[0.001990956931046577, -0.0007242043887881978, -0.0005522992527685428], [-0.0007242043887881978, 0.004776780466333464, -0.004019754711661308], [-0.0005522992527685428, -0.00401975471166131, 0.005215514538040489]], "chi2_level": 0.99, "chi2_df": 3, "chi2_threshold": 11.344866730144373, "N_raw": 65, "N_roi": 65, "N_inlier": 58, "refit": true}
{"timestamp": "16:16:49.606412", "frame": 121, "mu": [0.19818951449431638, 1.0348813655533697, 1.4704589598729099], "Sigma": [[0.004388113284273684, -0.003362987054588964, 0.002944471391083553], [-0.003362987054588965, 0.006251335551725855, -0.006408778653960466], [0.002944471391083553, -0.006408778653960466, 0.008267290134944679]], "chi2_level": 0.99, "chi2_df": 3, "chi2_threshold": 11.344866730144373, "N_raw": 63, "N_roi": 63, "N_inlier": 58, "refit": true}
