{"timestamp": "15:51:15.363920", "frame": 22, "mu": [2.1129159096867114, 2.0113621860369024, 0.9046132175456916], "Sigma": [[0.0016344073475912178, 0.0007967096603530226, 0.012602302339575955], [0.0007967096603530227, 0.004791722893829155, -0.013262708448644946], [0.012602302339575953, -0.013262708448644946, 0.5566617208619504]], "chi2_level": 0.99, "chi2_df": 3, "chi2_threshold": 11.344866730144373, "N_raw": 7, "N_roi": 7, "N_inlier": 7, "refit": true}
{"timestamp": "15:51:15.420702", "frame": 23, "mu": [1.8980030997408184, 1.8326738146153443, 1.2718426669279836], "Sigma": [[0.35885965519073765, 0.3252286383149779, -0.17503837836201516], [0.32522863831497784, 0.31033272572533865, -0.16457465426664647], [-0.17503837836201516, -0.16457465426664644, 0.45955343080278466]], "chi2_level": 0.99, "chi2_df": 3, "chi2_threshold": 11.344866730144373, "N_raw": 11, "N_roi": 7, "N_inlier": 7, "refit": true}
{"timestamp": "15:51:15.585329", "frame": 26, "mu": [1.8820003531107758, 2.066053878652754, 1.4550784898520561], "Sigma": [[0.0028819345759720782, -0.0008160413575534621, -0.00010833640534055038], [-0.0008160413575534619, 0.005127349107317123, 0.001786820260524821], [-0.00010833640534055038, 0.001786820260524821, 0.001251745264361272]], "chi2_level": 0.99, "chi2_df": 3, "chi2_threshold": 11.344866730144373, "N_raw": 11, "N_roi": 11, "N_inlier": 11, "refit": true}
{"timestamp": "15:51:15.751087", "frame": 29, "mu": [1.6979078453136693, 2.294710070965067, 1.5479311751119595], "Sigma": [[0.004890872664223416, -0.003201856230219801, -0.0015193661041122365], [-0.003201856230219801, 0.006115825282409414, 0.001505977640969309], [-0.0015193661041122363, 0.0015059776409693092, 0.0022202633948319415]], "chi2_level": 0.99, "chi2_df": 3, "chi2_threshold": 11.344866730144373, "N_raw": 24, "N_roi": 24, "N_inlier": 23, "refit": true}
{"timestamp": "15:51:15.864931", "frame": 31, "mu": [1.5700170627282157, 2.412248065763266, 1.6071040488009434], "Sigma": [[0.007162797631810237, -0.0026548070159556287, -0.00026977903182648746], [-0.0026548070159556287, 0.006370025994650869, 0.004181705403515873], [-0.0002697790318264875, 0.004181705403515873, 0.003918011851885187]], "chi2_level": 0.99, "chi2_df": 3, "chi2_threshold": 11.344866730144373, "N_raw": 36, "N_roi": 34, "N_inlier": 31, "refit": true}
{"timestamp": "15:51:15.974856", "frame": 33, "mu": [1.474375956449952, 2.555094445934014, -0.1358715101339462], "Sigma": [[0.008956866973247227, -0.002232217522488508, 0.021437514917564248], [-0.002232217522488508, 0.0042526583613618895, -0.008296590639813067], [0.021437514917564248, -0.008296590639813067, 0.08710297750859784]], "chi2_level": 0.99, "chi2_df": 3, "chi2_threshold": 11.344866730144373, "N_raw": 33, "N_roi": 33, "N_inlier": 33, "refit": true}
{"timestamp": "15:51:16.028623", "frame": 34, "mu": [1.4836352341720755, 2.5326824695997234, 1.3681783453031167], "Sigma": [[0.005577317167074313, -0.0024860138096241525, -0.01671499015673311], [-0.002486013809624153, 0.00577292179677309, 0.02349792316919591], [-0.01671499015673311, 0.02349792316919591, 0.11662744431586389]], "chi2_level": 0.99, "chi2_df": 3, "chi2_threshold": 11.344866730144373, "N_raw": 15, "N_roi": 15, "N_inlier": 14, "refit": true}
{"timestamp": "15:51:16.083210", "frame": 35, "mu": [1.4227513181753622, 2.6308376762486185, 1.3822227356420296], "Sigma": [[0.005677138083280385, -0.004517438490955362, -0.01455251174249156], [-0.004517438490955362, 0.006377311067308836, 0.011447576281645621], [-0.01455251174249156, 0.011447576281645621, 0.05073776654824019]], "chi2_level": 0.99, "chi2_df": 3, "chi2_threshold": 11.344866730144373, "N_raw": 18, "N_roi": 18, "N_inlier": 17, "refit": true}
{"timestamp": "15:51:16.139798", "frame": 36, "mu": [1.4162119199829302, 2.535539113273928, 1.1297354091462164], "Sigma": [[0.0069373170363892425, -0.0034733662652782792, -0.0066706777820371745], [-0.003473366265278279, 0.002740909855789524, 0.0008415950595303937], [-0.006670677782037174, 0.0008415950595303935, 0.023773724265738996]], "chi2_level": 0.99, "chi2_df": 3, "chi2_threshold": 11.344866730144373, "N_raw": 33, "N_roi": 33, "N_inlier": 30, "refit": true}
{"timestamp": "15:51:16.193535", "frame": 37, "mu": [1.3269474977002471, 2.5675343891847846, 1.2328369220454336], "Sigma": [[0.006611332965157034, -0.0013229491315047376, -0.006248255606506557], [-0.0013229491315047376, 0.002915539660862081, -0.001955413781209938], [-0.006248255606506556, -0.001955413781209938, 0.038139097734544956]], "chi2_level": 0.99, "chi2_df": 3, "chi2_threshold": 11.344866730144373, "N_raw": 19, "N_roi": 17, "N_inlier": 16, "refit": true}
{"timestamp": "15:51:16.248109", "frame": 38, "mu": [1.3490229453921798, 2.5445774334564266, 1.155406302128697], "Sigma": [[0.008266349807932614, -0.003791966875509507, -0.002934110845627129], [-0.003791966875509507, 0.003320574468685335, 0.0007353641785752663], [-0.0029341108456271284, 0.0007353641785752664, 0.002259690542981565]], "chi2_level": 0.99, "chi2_df": 3, "chi2_threshold": 11.344866730144373, "N_raw": 23, "N_roi": 23, "N_inlier": 22, "refit": true}
{"timestamp": "15:51:16.305163", "frame": 39, "mu": [1.307647657883057, 2.6107054543413786, 1.204328149869221], "Sigma": [[0.011195096607958917, -0.005409285882531858, -0.005748341435507755], [-0.005409285882531858, 0.007836244993254833, 0.005009834142299628], [-0.005748341435507755, 0.005009834142299627, 0.005139650203926323]], "chi2_level": 0.99, "chi2_df": 3, "chi2_threshold": 11.344866730144373, "N_raw": 39, "N_roi": 39, "N_inlier": 37, "refit": true}
{"timestamp": "15:51:16.367001", "frame": 40, "mu": [1.2196783582562327, 2.764296015416125, 1.354937106657381], "Sigma": [[0.015407486208246578, -0.006340313732813857, -0.0031827595640901755], [-0.006340313732813857, 0.018729054804430822, 0.017620840059940135], [-0.0031827595640901755, 0.017620840059940135, 0.017672823101399893]], "chi2_level": 0.99, "chi2_df": 3, "chi2_threshold": 11.344866730144373, "N_raw": 74, "N_roi": 74, "N_inlier": 70, "refit": true}
{"timestamp": "15:51:16.416910", "frame": 41, "mu": [1.1600927900080447, 2.8104435120320934, 1.4189612620943992], "Sigma": [[0.008290521493468216, -0.004982762624957305, -0.011176767387742327], [-0.004982762624957305, 0.009107306437480893, 0.013207049812381966], [-0.011176767387742328, 0.013207049812381966, 0.02498877622656887]], "chi2_level": 0.99, "chi2_df": 3, "chi2_threshold": 11.344866730144373, "N_raw": 39, "N_roi": 37, "N_inlier": 34, "refit": true}
{"timestamp": "15:51:16.472784", "frame": 42, "mu": [1.0940099086868758, 2.8336748297604553, 1.3243556171997477], "Sigma": [[0.016238923728934335, -0.009670267433382024, -0.02757949123026271], [-0.009670267433382024, 0.01485433387039302, 0.026695857718076556], [-0.02757949123026271, 0.026695857718076556, 0.07491121410751106]], "chi2_level": 0.99, "chi2_df": 3, "chi2_threshold": 11.344866730144373, "N_raw": 49, "N_roi": 49, "N_inlier": 46, "refit": true}
{"timestamp": "15:51:16.527391", "frame": 43, "mu": [1.0746473422192644, 2.9620812778647463, -0.44195871596852904], "Sigma": [[0.021444972339738088, 0.010996947708843435, 0.004607514103742119], [0.010996947708843435, 0.010617090822533183, -0.00606019604392938], [0.00460751410374212, -0.006060196043929378, 0.1414415437413296]], "chi2_level": 0.99, "chi2_df": 3, "chi2_threshold": 11.344866730144373, "N_raw": 38, "N_roi": 38, "N_inlier": 38, "refit": true}
{"timestamp": "15:51:16.585133", "frame": 44, "mu": [1.0277650875355098, 3.093071641411956, -0.19125796012498855], "Sigma": [[0.042083128016310103, 0.01410814499878429, -0.09881319722015973], [0.01410814499878429, 0.014549299907942447, -0.045664649850350306], [-0.09881319722015972, -0.045664649850350306, 0.27224438688898117]], "chi2_level": 0.99, "chi2_df": 3, "chi2_threshold": 11.344866730144373, "N_raw": 63, "N_roi": 63, "N_inlier": 63, "refit": true}
{"timestamp": "15:51:16.638916", "frame": 45, "mu": [0.8888922010097647, 3.0137967771635954, 1.3375775609563763], "Sigma": [[0.01637779680711552, -0.0035432066120994446, -0.01884213563114713], [-0.003543206612099445, 0.007250690134621992, 0.005674395971991072], [-0.01884213563114713, 0.005674395971991073, 0.02688611351823743]], "chi2_level": 0.99, "chi2_df": 3, "chi2_threshold": 11.344866730144373, "N_raw": 59, "N_roi": 59, "N_inlier": 57, "refit": true}
{"timestamp": "15:51:16.696088", "frame": 46, "mu": [0.8681277313530479, 3.1482810255468965, 0.7696584968495724], "Sigma": [[0.017865215114801027, -0.0035840752021309716, -0.03534817076836641], [-0.0035840752021309716, 0.004120967732167938, -0.011322990585134961], [-0.03534817076836641, -0.011322990585134963, 0.2286127545314454]], "chi2_level": 0.99, "chi2_df": 3, "chi2_threshold": 11.344866730144373, "N_raw": 72, "N_roi": 72, "N_inlier": 71, "refit": true}
{"timestamp": "15:51:16.747379", "frame": 47, "mu": [0.7206915528997321, 3.1217881227314916, 1.1874919270730622], "Sigma": [[0.01168187063524237, -0.004541424616266874, -0.012988118138489681], [-0.004541424616266874, 0.0032690343599315903, 0.0005788763011272046], [-0.012988118138489681, 0.0005788763011272046, 0.06261423859738532]], "chi2_level": 0.99, "chi2_df": 3, "chi2_threshold": 11.344866730144373, "N_raw": 50, "N_roi": 49, "N_inlier": 46, "refit": true}
{"timestamp": "15:51:16.797372", "frame": 48, "mu": [0.6075591137705008, 3.224637608847557, 0.9805149614500938], "Sigma": [[0.005056145972169983, 0.0035067214040211147, -0.026539497624704082], [0.0035067214040211147, 0.005560066513474152, -0.023151124458753235], [-0.026539497624704086, -0.023151124458753232, 0.15495936556639187]], "chi2_level": 0.99, "chi2_df": 3, "chi2_threshold": 11.344866730144373, "N_raw": 10, "N_roi": 7, "N_inlier": 7, "refit": true}
{"timestamp": "15:51:16.852305", "frame": 49, "mu": [0.6220656529002124, 3.1956266070258734, 1.0628413591583064], "Sigma": [[0.006110189674006898, 0.0017422930959348677, -0.01406339568983761], [0.0017422930959348677, 0.0033559519812056742, -0.009344693772875437], [-0.01406339568983761, -0.009344693772875435, 0.05547079193669198]], "chi2_level": 0.99, "chi2_df": 3, "chi2_threshold": 11.344866730144373, "N_raw": 14, "N_roi": 14, "N_inlier": 13, "refit": true}
{"timestamp": "15:51:16.914544", "frame": 50, "mu": [0.5883795621870606, 3.3859219764986963, 0.04028534137150094], "Sigma": [[0.02116883109913462, 0.013436950177417653, -0.029249964792973267], [0.013436950177417653, 0.014255984831484719, -0.023004666351241244], [-0.029249964792973267, -0.02300466635124124, 0.05486568860961771]], "chi2_level": 0.99, "chi2_df": 3, "chi2_threshold": 11.344866730144373, "N_raw": 54, "N_roi": 51, "N_inlier": 50, "refit": true}
{"timestamp": "15:51:16.967524", "frame": 51, "mu": [0.6165253651537447, 3.3623512276090968, 0.9676722952784274], "Sigma": [[0.016322749715259204, 0.0024925761079336445, -0.015416547678565727], [0.002492576107933644, 0.005390620650254869, -0.0020915781829898995], [-0.015416547678565727, -0.0020915781829898995, 0.03150863168273216]], "chi2_level": 0.99, "chi2_df": 3, "chi2_threshold": 11.344866730144373, "N_raw": 51, "N_roi": 46, "N_inlier": 46, "refit": true}
{"timestamp": "15:51:17.025052", "frame": 52, "mu": [0.3459915450686414, 3.453634254668995, 1.5573398044928208], "Sigma": [[0.017843132458209156, -0.001996548977615034, -0.017107746529154116], [-0.001996548977615034, 0.006170679037529555, 0.006079596806393449], [-0.017107746529154116, 0.006079596806393449, 0.02261357296327942]], "chi2_level": 0.99, "chi2_df": 3, "chi2_threshold": 11.344866730144373, "N_raw": 57, "N_roi": 57, "N_inlier": 53, "refit": true}
{"timestamp": "15:51:17.072928", "frame": 53, "mu": [0.2933127720732158, 3.506178469995456, 1.416617437306332], "Sigma": [[0.011448420536225839, -0.002021387734765341, -0.026966320317239258], [-0.002021387734765341, 0.0024777953608952825, 0.0026181391039027573], [-0.026966320317239258, 0.0026181391039027577, 0.07537750576984123]], "chi2_level": 0.99, "chi2_df": 3, "chi2_threshold": 11.344866730144373, "N_raw": 22, "N_roi": 21, "N_inlier": 18, "refit": true}
{"timestamp": "15:51:17.131052", "frame": 54, "mu": [0.2739704779876345, 3.535080566932412, 1.3758731094033323], "Sigma": [[0.011042092150201363, -0.002348380981466312, -0.011415718959257533], [-0.0023483809814663125, 0.0031024095892319943, 0.000508186591285275], [-0.011415718959257533, 0.0005081865912852754, 0.016624815203792727]], "chi2_level": 0.99, "chi2_df": 3, "chi2_threshold": 11.344866730144373, "N_raw": 40, "N_roi": 37, "N_inlier": 33, "refit": true}
{"timestamp": "15:51:17.185928", "frame": 55, "mu": [0.17254630902215898, 3.577247598731156, 0.37211041462991157], "Sigma": [[0.015049201985561441, -0.00037888705773394155, -0.0037808538321742725], [-0.00037888705773394166, 0.004737262172573757, -0.0027510080499686994], [-0.003780853832174272, -0.002751008049968698, 0.04328827317059321]], "chi2_level": 0.99, "chi2_df": 3, "chi2_threshold": 11.344866730144373, "N_raw": 44, "N_roi": 43, "N_inlier": 40, "refit": true}
{"timestamp": "15:51:17.239053", "frame": 56, "mu": [0.14998142265251993, 3.64944695350124, 1.4070470059265152], "Sigma": [[0.010765183744117586, -0.0016267536757320383, -0.00774335272264046], [-0.0016267536757320386, 0.003450670240104734, -0.0004607294926040396], [-0.00774335272264046, -0.00046072949260404, 0.035403582921169394]], "chi2_level": 0.99, "chi2_df": 3, "chi2_threshold": 11.344866730144373, "N_raw": 28, "N_roi": 27, "N_inlier": 26, "refit": true}
{"timestamp": "15:51:17.293927", "frame": 57, "mu": [0.1151304221678324, 3.7643006794374037, 0.023613023134782612], "Sigma": [[0.0068387572472046795, 0.003517512524149326, -0.011705545803403467], [0.0035175125241493255, 0.04007278042450791, -0.09911785223383553], [-0.011705545803403468, -0.09911785223383551, 0.25465767325553784]], "chi2_level": 0.99, "chi2_df": 3, "chi2_threshold": 11.344866730144373, "N_raw": 21, "N_roi": 19, "N_inlier": 18, "refit": true}
{"timestamp": "15:51:17.353926", "frame": 58, "mu": [0.010861081995446907, 3.6706715692104623, 1.2859207572702953], "Sigma": [[0.014349277470725615, 0.0021506832770168353, -0.007561287182496483], [0.0021506832770168353, 0.003108274696713229, -0.0030407887207586476], [-0.007561287182496483, -0.0030407887207586476, 0.017291030033072367]], "chi2_level": 0.99, "chi2_df": 3, "chi2_threshold": 11.344866730144373, "N_raw": 58, "N_roi": 40, "N_inlier": 35, "refit": true}
{"timestamp": "15:51:17.414193", "frame": 59, "mu": [0.07173115193544885, 3.7809063300554064, 1.0423035252756372], "Sigma": [[0.034663670518209067, 0.0009207155454622156, -0.05157157398739991], [0.0009207155454622157, 0.007841394886145435, 0.0031708323218998234], [-0.05157157398739991, 0.003170832321899824, 0.16431058881582913]], "chi2_level": 0.99, "chi2_df": 3, "chi2_threshold": 11.344866730144373, "N_raw": 92, "N_roi": 88, "N_inlier": 86, "refit": true}
{"timestamp": "15:51:17.465501", "frame": 60, "mu": [-0.06049235953867528, 3.804737212830593, 1.3607471121190233], "Sigma": [[0.030322375783377965, 0.0017830169204061414, -0.03897432644426114], [0.0017830169204061414, 0.00934818251444381, 0.009844738878731833], [-0.03897432644426113, 0.009844738878731833, 0.10801572564859717]], "chi2_level": 0.99, "chi2_df": 3, "chi2_threshold": 11.344866730144373, "N_raw": 68, "N_roi": 68, "N_inlier": 67, "refit": true}
{"timestamp": "15:51:17.518813", "frame": 61, "mu": [-0.2037116328673569, 3.837078544716009, 1.4271594885064192], "Sigma": [[0.02495063237477335, 0.0032372215973688013, -0.012518546479063641], [0.0032372215973688005, 0.009601406043851802, 0.0121192913078176], [-0.012518546479063641, 0.0121192913078176, 0.034569503102908704]], "chi2_level": 0.99, "chi2_df": 3, "chi2_threshold": 11.344866730144373, "N_raw": 56, "N_roi": 56, "N_inlier": 54, "refit": true}
{"timestamp": "15:51:17.575278", "frame": 62, "mu": [-0.3154518607154031, 3.87231044635778, 1.523147393333437], "Sigma": [[0.02580988183929813, 0.00415312836851952, -0.00021547693865462758], [0.00415312836851952, 0.011092414109997136, 0.014138884468626064], [-0.00021547693865462758, 0.014138884468626064, 0.02297604923016725]], "chi2_level": 0.99, "chi2_df": 3, "chi2_threshold": 11.344866730144373, "N_raw": 66, "N_roi": 63, "N_inlier": 62, "refit": true}
{"timestamp": "15:51:17.629522", "frame": 63, "mu": [-0.3256276070273893, 3.94903341901256, 1.3120154611301653], "Sigma": [[0.02361848662116818, 0.001278933720925572, -0.0076378341622880324], [0.0012789337209255722, 0.003484214149574883, -0.004862220573484537], [-0.0076378341622880324, -0.004862220573484537, 0.011943407706319614]], "chi2_level": 0.99, "chi2_df": 3, "chi2_threshold": 11.344866730144373, "N_raw": 53, "N_roi": 53, "N_inlier": 50, "refit": true}
{"timestamp": "15:51:17.679330", "frame": 64, "mu": [-0.3756111879797526, 4.01604794718534, 1.1431050264122196], "Sigma": [[0.012438539048794316, 0.0007858920378459632, -0.005899829306173425], [0.0007858920378459627, 0.006507410432203099, -0.020882021924427403], [-0.005899829306173425, -0.020882021924427403, 0.1016176269502484]], "chi2_level": 0.99, "chi2_df": 3, "chi2_threshold": 11.344866730144373, "N_raw": 27, "N_roi": 27, "N_inlier": 26, "refit": true}
{"timestamp": "15:51:17.739222", "frame": 65, "mu": [-0.4506295595062605, 4.0531724995919545, 1.3441775986028175], "Sigma": [[0.026961559355872133, 0.001063368844351913, -0.011417990079690228], [0.001063368844351913, 0.003086743320384891, -0.006215309607756004], [-0.011417990079690226, -0.006215309607756004, 0.029342876542884398]], "chi2_level": 0.99, "chi2_df": 3, "chi2_threshold": 11.344866730144373, "N_raw": 54, "N_roi": 54, "N_inlier": 51, "refit": true}
{"timestamp": "15:51:17.792271", "frame": 66, "mu": [-0.537145446278537, 4.0799311819848345, 1.5755264853016309], "Sigma": [[0.02249432433658858, 0.0033160625010074246, -0.006691016533340695], [0.0033160625010074246, 0.005996322546227384, 0.0019688758619125736], [-0.006691016533340694, 0.0019688758619125727, 0.006430070893249841]], "chi2_level": 0.99, "chi2_df": 3, "chi2_threshold": 11.344866730144373, "N_raw": 50, "N_roi": 49, "N_inlier": 48, "refit": true}
{"timestamp": "15:51:17.845935", "frame": 67, "mu": [-0.5927176705520719, 4.062781400896071, 1.279795286512131], "Sigma": [[0.018781315138156035, 0.001799590970185281, -0.030181913809829212], [0.001799590970185281, 0.0013460922409926134, -0.005452800605188392], [-0.030181913809829212, -0.005452800605188392, 0.08598194141350439]], "chi2_level": 0.99, "chi2_df": 3, "chi2_threshold": 11.344866730144373, "N_raw": 36, "N_roi": 34, "N_inlier": 34, "refit": true}
{"timestamp": "15:51:17.908860", "frame": 68, "mu": [-0.7027289712923913, 4.112355380186972, 1.5458935344778386], "Sigma": [[0.027307483403296716, 0.0037062062148410582, -0.016296087384970417], [0.003706206214841059, 0.006367347510845106, -0.0002751961829975618], [-0.016296087384970417, -0.0002751961829975615, 0.015404994392897694]], "chi2_level": 0.99, "chi2_df": 3, "chi2_threshold": 11.344866730144373, "N_raw": 60, "N_roi": 59, "N_inlier": 57, "refit": true}
{"timestamp": "15:51:17.957282", "frame": 69, "mu": [-0.7595077633828505, 4.1807384004750885, 1.3759982181847694], "Sigma": [[0.022949310745664604, 0.0048961958295465164, -0.020020993455113524], [0.0048961958295465164, 0.004554669852371328, -0.004011841675768896], [-0.020020993455113524, -0.004011841675768896, 0.020359841232437267]], "chi2_level": 0.99, "chi2_df": 3, "chi2_threshold": 11.344866730144373, "N_raw": 45, "N_roi": 39, "N_inlier": 37, "refit": true}
{"timestamp": "15:51:18.013727", "frame": 70, "mu": [-0.8496573703637034, 4.2291710243609195, 1.5496747109626914], "Sigma": [[0.023067278880301502, 0.007687376543766882, -0.011497575181715848], [0.007687376543766883, 0.007140966649252176, -0.004092466313394853], [-0.01149757518171585, -0.004092466313394853, 0.009259839737929787]], "chi2_level": 0.99, "chi2_df": 3, "chi2_threshold": 11.344866730144373, "N_raw": 55, "N_roi": 49, "N_inlier": 48, "refit": true}
{"timestamp": "15:51:18.069366", "frame": 71, "mu": [-0.8716724386972008, 4.332627233398194, 1.5384008348705807], "Sigma": [[0.01630395294343761, 0.0037070813618714357, -0.016050015972043176], [0.0037070813618714344, 0.00630623618079929, -0.002969688578843045], [-0.016050015972043176, -0.002969688578843045, 0.018811632517866078]], "chi2_level": 0.99, "chi2_df": 3, "chi2_threshold": 11.344866730144373, "N_raw": 62, "N_roi": 43, "N_inlier": 43, "refit": true}
{"timestamp": "15:51:18.124599", "frame": 72, "mu": [-0.9522215855495906, 4.335122860576911, 1.4053897954159507], "Sigma": [[0.02280656931818335, 0.0028650885371411857, -0.012395634485164363], [0.0028650885371411853, 0.005615937012387503, -0.004464884614626165], [-0.012395634485164363, -0.004464884614626165, 0.011056949803142169]], "chi2_level": 0.99, "chi2_df": 3, "chi2_threshold": 11.344866730144373, "N_raw": 60, "N_roi": 54, "N_inlier": 53, "refit": true}
{"timestamp": "15:51:18.176204", "frame": 73, "mu": [-0.9834178321986284, 4.460868916720323, 1.4110944579311415], "Sigma": [[0.021374297956636056, 0.002937282583495684, -0.013599977960191818], [0.002937282583495684, 0.003983249347793579, -0.0014529466375364684], [-0.013599977960191818, -0.0014529466375364684, 0.01140477716174121]], "chi2_level": 0.99, "chi2_df": 3, "chi2_threshold": 11.344866730144373, "N_raw": 42, "N_roi": 37, "N_inlier": 37, "refit": true}
{"timestamp": "15:51:18.227367", "frame": 74, "mu": [-0.8504207132072521, 3.7776490372491134, 1.2281205963622208], "Sigma": [[0.14027180769250316, -0.5919667574003925, 0.14712752203199883], [-0.5919667574003924, 2.55082735896986, -0.6167609365053672], [0.14712752203199883, -0.6167609365053672, 0.2199785997092081]], "chi2_level": 0.99, "chi2_df": 3, "chi2_threshold": 11.344866730144373, "N_raw": 11, "N_roi": 8, "N_inlier": 8, "refit": true}
{"timestamp": "15:51:18.282711", "frame": 75, "mu": [-1.0860969478831592, 4.503962071253744, 1.1715895914178147], "Sigma": [[0.012889152305057014, 0.0017766742994153426, -0.004906166645796375], [0.0017766742994153426, 0.003459202737174439, -0.011080029547398389], [-0.004906166645796375, -0.011080029547398389, 0.06994138769538508]], "chi2_level": 0.99, "chi2_df": 3, "chi2_threshold": 11.344866730144373, "N_raw": 21, "N_roi": 21, "N_inlier": 21, "refit": true}
{"timestamp": "15:51:18.345255", "frame": 76, "mu": [-1.0535124766440396, 4.591575055665453, -0.09034197853278247], "Sigma": [[0.024560247678195042, 0.014267911976493967, 0.0487309893377852], [0.014267911976493967, 0.02067027692503131, 0.02278692531454706], [0.04873098933778519, 0.02278692531454706, 0.22115685696474438]], "chi2_level": 0.99, "chi2_df": 3, "chi2_threshold": 11.344866730144373, "N_raw": 61, "N_roi": 57, "N_inlier": 57, "refit": true}
{"timestamp": "15:51:18.398519", "frame": 77, "mu": [-1.182525134485462, 4.537224195972728, 1.194881429671648], "Sigma": [[0.021756223537944253, 0.006362371924502325, -0.020061197969226084], [0.006362371924502324, 0.006033228070072303, -0.010776478118330823], [-0.020061197969226084, -0.010776478118330823, 0.03862708751284653]], "chi2_level": 0.99, "chi2_df": 3, "chi2_threshold": 11.344866730144373, "N_raw": 45, "N_roi": 41, "N_inlier": 41, "refit": true}
{"timestamp": "15:51:18.451134", "frame": 78, "mu": [-1.176522477157796, 4.540299375673364, 1.0239788668008325], "Sigma": [[0.011757716690254579, 0.004326383296631003, -0.012617892186027444], [0.004326383296631004, 0.008398858735973605, -0.010516437246035855], [-0.012617892186027442, -0.010516437246035855, 0.03379380636654515]], "chi2_level": 0.99, "chi2_df": 3, "chi2_threshold": 11.344866730144373, "N_raw": 39, "N_roi": 35, "N_inlier": 35, "refit": true}
{"timestamp": "15:51:18.506518", "frame": 79, "mu": [-1.1369795394247662, 4.746229607553598, 0.9387623192865772], "Sigma": [[0.024835434487759177, 0.0035030406853560785, -0.024655568402792937], [0.003503040685356079, 0.005808836331579802, -0.004630792866383002], [-0.024655568402792937, -0.004630792866383002, 0.03286729378105747]], "chi2_level": 0.99, "chi2_df": 3, "chi2_threshold": 11.344866730144373, "N_raw": 36, "N_roi": 34, "N_inlier": 31, "refit": true}
{"timestamp": "15:51:18.613769", "frame": 81, "mu": [-1.5290926515525851, 4.67491967522649, 1.3246889989383417], "Sigma": [[0.013347227490296031, 0.005432572787555117, -0.00711768768642566], [0.005432572787555117, 0.006503044322684992, -0.004327155943509603], [-0.0071176876864256595, -0.004327155943509603, 0.008509261661798238]], "chi2_level": 0.99, "chi2_df": 3, "chi2_threshold": 11.344866730144373, "N_raw": 26, "N_roi": 22, "N_inlier": 21, "refit": true}
{"timestamp": "15:51:18.671091", "frame": 82, "mu": [-1.570750912052867, 4.679278473171894, 1.2464907562183614], "Sigma": [[0.021131847409284515, 0.007128695427784639, -0.011537409280640749], [0.007128695427784639, 0.005431863771945014, -0.0050357169061154205], [-0.011537409280640749, -0.0050357169061154205, 0.009270854355962165]], "chi2_level": 0.99, "chi2_df": 3, "chi2_threshold": 11.344866730144373, "N_raw": 36, "N_roi": 34, "N_inlier": 31, "refit": true}
{"timestamp": "15:51:18.779731", "frame": 84, "mu": [-1.6183737041599229, 4.8019004277479596, 1.2965814892857892], "Sigma": [[0.02024106391369431, 0.0061079822674607424, -0.011083270832819802], [0.0061079822674607424, 0.004970109351665033, -0.00502432543105596], [-0.0110832708328198, -0.00502432543105596, 0.009971594115046917]], "chi2_level": 0.99, "chi2_df": 3, "chi2_threshold": 11.344866730144373, "N_raw": 34, "N_roi": 30, "N_inlier": 30, "refit": true}
{"timestamp": "15:51:18.835203", "frame": 85, "mu": [-1.6161812406203433, 4.847806003197093, 1.3782883605245513], "Sigma": [[0.02469694724056072, 0.006740493097928715, -0.015420451039893611], [0.006740493097928714, 0.003507037767273251, -0.005071482365001813], [-0.015420451039893611, -0.005071482365001812, 0.01176753554458881]], "chi2_level": 0.99, "chi2_df": 3, "chi2_threshold": 11.344866730144373, "N_raw": 38, "N_roi": 25, "N_inlier": 23, "refit": true}
{"timestamp": "15:51:18.996020", "frame": 87, "mu": [-1.7043294679364136, 4.927093846188589, 1.419732187062698], "Sigma": [[0.006823370671411988, 0.0038591949109203234, -0.009070456397927515], [0.003859194910920323, 0.004467468957232789, -0.005583448513437135], [-0.009070456397927515, -0.005583448513437136, 0.03859291199984514]], "chi2_level": 0.99, "chi2_df": 3, "chi2_threshold": 11.344866730144373, "N_raw": 11, "N_roi": 8, "N_inlier": 8, "refit": true}
