{"timestamp": "15:48:42.258797", "frame": 35, "mu": [1.4485044834043954, 0.47358745444214956, 1.1084710675499354], "Sigma": [[0.005227949302561468, 0.00010727887993577939, -0.013973552897405955], [0.00010727887993577939, 0.0019069164455006646, 0.005403443162574453], [-0.013973552897405955, 0.005403443162574453, 0.08003440416154022]], "chi2_level": 0.99, "chi2_df": 3, "chi2_threshold": 11.344866730144373, "N_raw": 9, "N_roi": 9, "N_inlier": 9, "refit": true}
{"timestamp": "15:48:42.314738", "frame": 36, "mu": [1.2487509024151173, 0.638446130416981, 1.4702031279666494], "Sigma": [[0.004306141079161468, -0.0004412396453713196, -0.0020855683974983132], [-0.00044123964537131944, 0.0020304066147175913, 0.00015161499156907422], [-0.0020855683974983132, 0.00015161499156907433, 0.001170100693245724]], "chi2_level": 0.99, "chi2_df": 3, "chi2_threshold": 11.344866730144373, "N_raw": 11, "N_roi": 11, "N_inlier": 11, "refit": true}
{"timestamp": "15:48:42.423840", "frame": 38, "mu": [1.1307630365333754, 0.6117403777167596, 1.3539106689579141], "Sigma": [[0.008212848418477069, -0.004437947068281416, -0.012236725584120624], [-0.004437947068281417, 0.0061764177421121495, -0.0032493035964243156], [-0.012236725584120624, -0.003249303596424316, 0.09569761249764265]], "chi2_level": 0.99, "chi2_df": 3, "chi2_threshold": 11.344866730144373, "N_raw": 8, "N_roi": 8, "N_inlier": 8, "refit": true}
{"timestamp": "15:48:42.479685", "frame": 39, "mu": [1.0248811090826466, 0.571132465253759, 1.5081751014372122], "Sigma": [[0.002425529440369489, -0.0003271290239329858, -0.0004378069033403709], [-0.00032712902393298586, 0.0012319109218242258, -0.0004543062502522981], [-0.0004378069033403709, -0.0004543062502522981, 0.00030218562524844694]], "chi2_level": 0.99, "chi2_df": 3, "chi2_threshold": 11.344866730144373, "N_raw": 16, "N_roi": 16, "N_inlier": 15, "refit": true}
{"timestamp": "15:48:42.534726", "frame": 40, "mu": [0.9275579513567778, 0.6511095028224545, 1.5132228763040247], "Sigma": [[0.0029182651925697954, -0.0014912602802126848, -0.001308929357514504], [-0.0014912602802126845, 0.00188806699529508, -0.0008227623894843403], [-0.001308929357514504, -0.0008227623894843403, 0.0031728672315671854]], "chi2_level": 0.99, "chi2_df": 3, "chi2_threshold": 11.344866730144373, "N_raw": 22, "N_roi": 22, "N_inlier": 21, "refit": true}
{"timestamp": "15:48:42.594490", "frame": 41, "mu": [0.8054714586915248, 0.6945437076113112, 1.459259745748044], "Sigma": [[0.003919733734737588, -0.001994529934389754, -0.004258618117002482], [-0.001994529934389754, 0.0022638661742985736, 0.0013173168650935062], [-0.004258618117002482, 0.0013173168650935062, 0.0059854733333226775]], "chi2_level": 0.99, "chi2_df": 3, "chi2_threshold": 11.344866730144373, "N_raw": 33, "N_roi": 32, "N_inlier": 30, "refit": true}
{"timestamp": "15:48:42.653907", "frame": 42, "mu": [0.7721843453458139, 0.7822949131358452, -0.35695666490226186], "Sigma": [[0.009256008880405576, 0.0016445948429218708, -0.008026026773336487], [0.0016445948429218713, 0.0033358627013536715, -0.001715641409950787], [-0.008026026773336487, -0.0017156414099507872, 0.007725019167436569]], "chi2_level": 0.99, "chi2_df": 3, "chi2_threshold": 11.344866730144373, "N_raw": 65, "N_roi": 65, "N_inlier": 61, "refit": true}
{"timestamp": "15:48:42.706301", "frame": 43, "mu": [0.6485679511096701, 0.6307018058174413, 1.488381122454654], "Sigma": [[0.0033244688644386367, -0.0004884010022051904, -0.0020303522683267038], [-0.0004884010022051904, 0.00247463680708859, -0.0007222479154876323], [-0.0020303522683267038, -0.0007222479154876323, 0.0019610027452108747]], "chi2_level": 0.99, "chi2_df": 3, "chi2_threshold": 11.344866730144373, "N_raw": 49, "N_roi": 49, "N_inlier": 47, "refit": true}
{"timestamp": "15:48:42.763400", "frame": 44, "mu": [0.6047753694304907, 0.6162200616454886, 1.4236589377636826], "Sigma": [[0.004058935712818158, -0.0004920766252533625, -0.0018779490481102368], [-0.0004920766252533625, 0.0031536305090331847, -0.007037103259957924], [-0.0018779490481102368, -0.007037103259957924, 0.039386774758365446]], "chi2_level": 0.99, "chi2_df": 3, "chi2_threshold": 11.344866730144373, "N_raw": 56, "N_roi": 56, "N_inlier": 51, "refit": true}
{"timestamp": "15:48:42.818594", "frame": 45, "mu": [0.5344434753006919, 0.5799670342393328, 1.4547880153376984], "Sigma": [[0.004479418304091554, 0.0003470225451029587, -0.003184511888361566], [0.0003470225451029587, 0.0016986313922106738, -0.0012296322878190885], [-0.003184511888361566, -0.0012296322878190885, 0.0031068562821617443]], "chi2_level": 0.99, "chi2_df": 3, "chi2_threshold": 11.344866730144373, "N_raw": 62, "N_roi": 61, "N_inlier": 57, "refit": true}
{"timestamp": "15:48:42.879708", "frame": 46, "mu": [0.4563887144250178, 0.625963907191585, 1.1451238356035056], "Sigma": [[0.008054832475179548, -0.012233424623581662, -0.0027064784211071604], [-0.012233424623581662, 0.0306707576071219, -0.020779288360289028], [-0.0027064784211071596, -0.020779288360289028, 0.17936081993794042]], "chi2_level": 0.99, "chi2_df": 3, "chi2_threshold": 11.344866730144373, "N_raw": 98, "N_roi": 98, "N_inlier": 96, "refit": true}
{"timestamp": "15:48:42.929406", "frame": 47, "mu": [0.38192828531684025, 0.5844317737724751, 1.4423066114672278], "Sigma": [[0.0056879619373889, -0.0021690244785504713, -0.006014456194837418], [-0.0021690244785504713, 0.0028620644876935974, 0.00186121557751757], [-0.006014456194837418, 0.0018612155775175703, 0.008104431336355205]], "chi2_level": 0.99, "chi2_df": 3, "chi2_threshold": 11.344866730144373, "N_raw": 72, "N_roi": 72, "N_inlier": 71, "refit": true}
{"timestamp": "15:48:42.986515", "frame": 48, "mu": [0.31476754303758137, 0.7443865692033553, -0.3662206016679855], "Sigma": [[0.00645274986262303, 0.0004695963228552314, -0.005999029515242178], [0.0004695963228552314, 0.002273878925709259, -0.0011512249754880527], [-0.005999029515242178, -0.0011512249754880527, 0.0063230531152651]], "chi2_level": 0.99, "chi2_df": 3, "chi2_threshold": 11.344866730144373, "N_raw": 85, "N_roi": 82, "N_inlier": 80, "refit": true}
{"timestamp": "15:48:43.033426", "frame": 49, "mu": [0.19905412152399946, 0.6036813126536871, 1.5302573072910037], "Sigma": [[0.0020655040754748418, 0.00016984393653480065, -0.0033018274166867955], [0.00016984393653480062, 0.0010920646059202476, -0.0006570326400370671], [-0.0033018274166867955, -0.0006570326400370671, 0.006603052881192574]], "chi2_level": 0.99, "chi2_df": 3, "chi2_threshold": 11.344866730144373, "N_raw": 25, "N_roi": 25, "N_inlier": 23, "refit": true}
{"timestamp": "15:48:43.089033", "frame": 50, "mu": [0.14049730570079852, 0.6509249858537934, 1.5041623688107977], "Sigma": [[0.0030775521436608015, 0.0012688453474252318, -0.0027131118388937147], [0.001268845347425232, 0.0012053605626000184, -0.0015509925732767468], [-0.0027131118388937147, -0.0015509925732767468, 0.002789659177495883]], "chi2_level": 0.99, "chi2_df": 3, "chi2_threshold": 11.344866730144373, "N_raw": 35, "N_roi": 35, "N_inlier": 34, "refit": true}
{"timestamp": "15:48:43.153319", "frame": 51, "mu": [0.027353934225769396, 0.6728790312490245, 1.4678982830678606], "Sigma": [[0.0027245468801674793, -0.0008613102810593111, -0.002948807232806122], [-0.0008613102810593111, 0.00310294771760937, -0.0008468138346270657], [-0.002948807232806122, -0.0008468138346270659, 0.010513710174939555]], "chi2_level": 0.99, "chi2_df": 3, "chi2_threshold": 11.344866730144373, "N_raw": 101, "N_roi": 100, "N_inlier": 98, "refit": true}
{"timestamp": "15:48:43.208512", "frame": 52, "mu": [-0.01407255662619209, 0.6183029075656659, 1.3843823090856107], "Sigma": [[0.002680898670036152, -0.0018261951330727257, -0.004344347733293004], [-0.0018261951330727257, 0.004026174627619447, 0.00010682045081306346], [-0.004344347733293004, 0.0001068204508130634, 0.012241463290378393]], "chi2_level": 0.99, "chi2_df": 3, "chi2_threshold": 11.344866730144373, "N_raw": 93, "N_roi": 93, "N_inlier": 89, "refit": true}
{"timestamp": "15:48:43.264483", "frame": 53, "mu": [-0.12487809785038556, 0.6106022490206591, 1.3747650947359655], "Sigma": [[0.003158058140389428, -0.0026764787837202124, -0.004332642241628571], [-0.002676478783720213, 0.005294807058845608, 0.0004612899004417088], [-0.004332642241628571, 0.00046128990044170886, 0.011813397577954512]], "chi2_level": 0.99, "chi2_df": 3, "chi2_threshold": 11.344866730144373, "N_raw": 107, "N_roi": 107, "N_inlier": 105, "refit": true}
{"timestamp": "15:48:43.319410", "frame": 54, "mu": [-0.19714349441869383, 0.5973897848837061, 1.4058297823309136], "Sigma": [[0.004464222471875864, -0.0030203713508366583, -0.0071404460079199], [-0.0030203713508366583, 0.0038671639114861303, 0.0027537005859454454], [-0.007140446007919899, 0.0027537005859454454, 0.015928988299976098]], "chi2_level": 0.99, "chi2_df": 3, "chi2_threshold": 11.344866730144373, "N_raw": 101, "N_roi": 98, "N_inlier": 96, "refit": true}
{"timestamp": "15:48:43.376928", "frame": 55, "mu": [-0.28830846337770705, 0.633869231409148, 1.4246766635623032], "Sigma": [[0.005539251556325863, -0.0023287353891126017, -0.0071695715193622325], [-0.0023287353891126017, 0.0024061209959517675, 0.0007360349757644808], [-0.0071695715193622325, 0.0007360349757644809, 0.015746402134055804]], "chi2_level": 0.99, "chi2_df": 3, "chi2_threshold": 11.344866730144373, "N_raw": 108, "N_roi": 105, "N_inlier": 103, "refit": true}
{"timestamp": "15:48:43.435548", "frame": 56, "mu": [-0.36521465672312864, 0.6072132270358974, 1.398953737436417], "Sigma": [[0.009703012169082688, -0.0050914589201037155, -0.011277449812574756], [-0.0050914589201037155, 0.004698574202002662, 0.004072502074879532], [-0.011277449812574756, 0.004072502074879532, 0.019301860029385744]], "chi2_level": 0.99, "chi2_df": 3, "chi2_threshold": 11.344866730144373, "N_raw": 136, "N_roi": 136, "N_inlier": 125, "refit": true}
{"timestamp": "15:48:43.485105", "frame": 57, "mu": [-0.5010695770545219, 0.6110483641197479, 1.4935962179913187], "Sigma": [[0.02646200851801893, 0.0039483425421115775, -0.025921043004653914], [0.0039483425421115775, 0.0026408094474878446, -0.004572627978890511], [-0.025921043004653914, -0.004572627978890511, 0.031586168939665635]], "chi2_level": 0.99, "chi2_df": 3, "chi2_threshold": 11.344866730144373, "N_raw": 95, "N_roi": 93, "N_inlier": 90, "refit": true}
{"timestamp": "15:48:43.533909", "frame": 58, "mu": [-0.6895581469021487, 0.5740865899095209, 1.6116266355963138], "Sigma": [[0.016234886833447072, 0.008190342875539314, -0.008206046255263739], [0.008190342875539313, 0.006373812599730542, -0.006402021002129731], [-0.00820604625526374, -0.006402021002129731, 0.0072312798015802945]], "chi2_level": 0.99, "chi2_df": 3, "chi2_threshold": 11.344866730144373, "N_raw": 62, "N_roi": 62, "N_inlier": 61, "refit": true}
{"timestamp": "15:48:43.594899", "frame": 59, "mu": [-0.7298990499565933, 0.5500914918096028, 1.627761863857792], "Sigma": [[0.026299233023107493, 0.0011094354108865223, -0.024752367876020514], [0.0011094354108865225, 0.004123204966914356, -0.0030380906881938598], [-0.02475236787602051, -0.0030380906881938598, 0.027844170721439236]], "chi2_level": 0.99, "chi2_df": 3, "chi2_threshold": 11.344866730144373, "N_raw": 102, "N_roi": 102, "N_inlier": 99, "refit": true}
{"timestamp": "15:48:43.648638", "frame": 60, "mu": [-0.7382248825289973, 0.6608740483001874, -0.33036011961399797], "Sigma": [[0.028120179441089285, 0.011768339727897438, -0.01717811247358857], [0.01176833972789744, 0.010178282577563704, -0.010068157425669383], [-0.01717811247358857, -0.010068157425669381, 0.014151827038509304]], "chi2_level": 0.99, "chi2_df": 3, "chi2_threshold": 11.344866730144373, "N_raw": 95, "N_roi": 95, "N_inlier": 95, "refit": true}
{"timestamp": "15:48:43.698071", "frame": 61, "mu": [-0.9578141295087167, 0.5043668823315844, 1.6115223124895157], "Sigma": [[0.006931036205000675, 0.002488809164068545, -0.002085206717538715], [0.002488809164068545, 0.0047555833174918434, -0.005056166378541441], [-0.002085206717538715, -0.005056166378541441, 0.006631499138239836]], "chi2_level": 0.99, "chi2_df": 3, "chi2_threshold": 11.344866730144373, "N_raw": 59, "N_roi": 59, "N_inlier": 57, "refit": true}
{"timestamp": "15:48:43.756208", "frame": 62, "mu": [-0.9228193635881448, 0.5197396519208037, 1.5598664190743732], "Sigma": [[0.0073332484111848836, -0.0003592671674642918, -0.0021802198294396057], [-0.00035926716746429176, 0.004259496373334588, -0.004104610693737755], [-0.0021802198294396057, -0.004104610693737755, 0.006299597748380259]], "chi2_level": 0.99, "chi2_df": 3, "chi2_threshold": 11.344866730144373, "N_raw": 79, "N_roi": 79, "N_inlier": 77, "refit": true}
{"timestamp": "15:48:43.810039", "frame": 63, "mu": [-1.0428891848466737, 0.6001674490555672, -0.2454905677214987], "Sigma": [[0.005070517419590086, 0.00010844166767526444, 0.000502087988375495], [0.00010844166767526448, 0.008417466503552955, -0.005047787520801178], [0.000502087988375495, -0.005047787520801178, 0.0049185087133058044]], "chi2_level": 0.99, "chi2_df": 3, "chi2_threshold": 11.344866730144373, "N_raw": 68, "N_roi": 68, "N_inlier": 63, "refit": true}
{"timestamp": "15:48:43.864361", "frame": 64, "mu": [-1.0824001729708326, 0.4847724567279461, 1.572262422668488], "Sigma": [[0.008450418630259254, 0.000736511989929131, -0.0009685491702408317], [0.0007365119899291309, 0.00610887922693116, -0.004834210216786044], [-0.0009685491702408316, -0.004834210216786044, 0.005541472129468081]], "chi2_level": 0.99, "chi2_df": 3, "chi2_threshold": 11.344866730144373, "N_raw": 70, "N_roi": 70, "N_inlier": 67, "refit": true}
{"timestamp": "15:48:43.917148", "frame": 65, "mu": [-1.1010829904220385, 0.4621534922857788, 1.490047904309988], "Sigma": [[0.0054975047772291, -0.00043258806065265605, -0.0022999170901078017], [-0.00043258806065265605, 0.004894712204600975, -0.002497076123456814], [-0.002299917090107802, -0.002497076123456814, 0.0038036094396512164]], "chi2_level": 0.99, "chi2_df": 3, "chi2_threshold": 11.344866730144373, "N_raw": 52, "N_roi": 52, "N_inlier": 47, "refit": true}
{"timestamp": "15:48:43.974088", "frame": 66, "mu": [-1.1744766200832082, 0.6456527110520572, -0.39838991000722784], "Sigma": [[0.00549189992312107, 0.0012676919911063208, -0.0026485252194455543], [0.0012676919911063208, 0.023535603737740128, -0.02855681040474414], [-0.0026485252194455543, -0.02855681040474414, 0.04751810906533892]], "chi2_level": 0.99, "chi2_df": 3, "chi2_threshold": 11.344866730144373, "N_raw": 60, "N_roi": 60, "N_inlier": 57, "refit": true}
{"timestamp": "15:48:44.028144", "frame": 67, "mu": [-0.9397540289550681, 0.5479192157200968, -0.4850674138204167], "Sigma": [[0.5393044163292583, -0.03019428131770313, 0.007153551492690686], [-0.03019428131770313, 0.011594673014367401, -0.004182834624329253], [0.007153551492690687, -0.004182834624329252, 0.00784757780041429]], "chi2_level": 0.99, "chi2_df": 3, "chi2_threshold": 11.344866730144373, "N_raw": 54, "N_roi": 54, "N_inlier": 52, "refit": true}
{"timestamp": "15:48:44.082481", "frame": 68, "mu": [-1.2883586229737078, 0.5291627808673868, -0.5834365157972503], "Sigma": [[0.004816643269709595, 0.0009827408864249553, -0.000498856176997771], [0.0009827408864249553, 0.010594952767284165, -0.009422459677414228], [-0.000498856176997771, -0.009422459677414228, 0.011246459474762752]], "chi2_level": 0.99, "chi2_df": 3, "chi2_threshold": 11.344866730144373, "N_raw": 59, "N_roi": 59, "N_inlier": 55, "refit": true}
{"timestamp": "15:48:44.135756", "frame": 69, "mu": [-1.3169598327516792, 0.4592333829259524, 1.3603257485560312], "Sigma": [[0.003924713920679344, 0.0022390440548874907, 0.0014915473982589724], [0.002239044054887491, 0.009630347940936411, -0.00366003174379705], [0.0014915473982589724, -0.00366003174379705, 0.0160981564265616]], "chi2_level": 0.99, "chi2_df": 3, "chi2_threshold": 11.344866730144373, "N_raw": 45, "N_roi": 45, "N_inlier": 43, "refit": true}
{"timestamp": "15:48:44.194506", "frame": 70, "mu": [-1.413514067564264, 0.4523387266456643, 1.2640562537208215], "Sigma": [[0.005766539954460119, 0.0049095422115016975, 0.006283815536698509], [0.0049095422115016975, 0.011238732989774252, 0.00456446869805064], [0.006283815536698509, 0.004564468698050639, 0.02890285695607018]], "chi2_level": 0.99, "chi2_df": 3, "chi2_threshold": 11.344866730144373, "N_raw": 57, "N_roi": 57, "N_inlier": 51, "refit": true}
{"timestamp": "15:48:44.249259", "frame": 71, "mu": [-0.8878903277430035, 0.4185108147681306, 1.16087168795295], "Sigma": [[1.5107839702521104, -0.03366028671315989, 0.024446256451378438], [-0.03366028671315989, 0.005882758047726565, -0.0014115463417690827], [0.024446256451378438, -0.0014115463417690827, 0.013099724316950667]], "chi2_level": 0.99, "chi2_df": 3, "chi2_threshold": 11.344866730144373, "N_raw": 70, "N_roi": 70, "N_inlier": 68, "refit": true}
{"timestamp": "15:48:44.299159", "frame": 72, "mu": [-0.711810236055819, 0.4578678751731595, 1.0183939058448115], "Sigma": [[1.9125208540294372, -0.023700215366144972, 0.011923424217881909], [-0.023700215366144965, 0.014604263494960386, -0.0057033819207974075], [0.011923424217881912, -0.0057033819207974075, 0.021773949713445935]], "chi2_level": 0.99, "chi2_df": 3, "chi2_threshold": 11.344866730144373, "N_raw": 36, "N_roi": 36, "N_inlier": 36, "refit": true}
{"timestamp": "15:48:44.351247", "frame": 73, "mu": [-1.5544428288248406, 0.57661149598791, 0.9470091604371041], "Sigma": [[0.0036970362504778996, 0.006805943525655228, -0.004761182080715917], [0.006805943525655228, 0.01863368456359854, -0.004813425980301739], [-0.0047611820807159175, -0.004813425980301739, 0.08267893381986455]], "chi2_level": 0.99, "chi2_df": 3, "chi2_threshold": 11.344866730144373, "N_raw": 13, "N_roi": 13, "N_inlier": 12, "refit": true}
{"timestamp": "15:48:44.404857", "frame": 74, "mu": [-0.9196202558800666, 0.4511940489702296, 0.9055300032796375], "Sigma": [[1.6243730902949256, -0.09345393463644665, 0.3931858866467575], [-0.09345393463644665, 0.024325903636943664, -0.030437271839132994], [0.3931858866467575, -0.030437271839132994, 0.19453087549370923]], "chi2_level": 0.99, "chi2_df": 3, "chi2_threshold": 11.344866730144373, "N_raw": 9, "N_roi": 9, "N_inlier": 9, "refit": true}
{"timestamp": "15:48:44.463021", "frame": 75, "mu": [-0.30814618334084826, 0.4543159352224393, 0.7781255830306246], "Sigma": [[3.3600278108947212, 0.04726814516502118, -0.023022213559953385], [0.047268145165021175, 0.017144754888950564, 0.007564736698999772], [-0.02302221355995339, 0.007564736698999773, 0.031122178428981684]], "chi2_level": 0.99, "chi2_df": 3, "chi2_threshold": 11.344866730144373, "N_raw": 32, "N_roi": 32, "N_inlier": 32, "refit": true}
{"timestamp": "15:48:44.515474", "frame": 76, "mu": [-0.48767276553121347, 0.4194547372831366, 0.898416746454852], "Sigma": [[3.0624063659601157, -0.015236935528317855, -0.24386252649556456], [-0.015236935528317862, 0.007239162975007994, -0.0051873759808055316], [-0.24386252649556456, -0.0051873759808055316, 0.04744378993801099]], "chi2_level": 0.99, "chi2_df": 3, "chi2_threshold": 11.344866730144373, "N_raw": 11, "N_roi": 11, "N_inlier": 11, "refit": true}
{"timestamp": "15:48:44.625091", "frame": 78, "mu": [-0.23894185758993192, 0.47169915144505425, 0.9438331466868264], "Sigma": [[3.4757566092022594, -0.024182901237651107, 0.035395820960059596], [-0.024182901237651096, 0.007647786116239111, -0.0005481572761501178], [0.035395820960059596, -0.000548157276150118, 0.0014038354471729222]], "chi2_level": 0.99, "chi2_df": 3, "chi2_threshold": 11.344866730144373, "N_raw": 11, "N_roi": 11, "N_inlier": 11, "refit": true}
{"timestamp": "15:48:44.735201", "frame": 80, "mu": [-0.7565475060104232, 0.6852958692923092, -1.0608789171366635], "Sigma": [[2.8230485274509363, -0.06300705096023484, -0.06638621659452691], [-0.06300705096023483, 0.050037826930043695, -0.057206639594189354], [-0.06638621659452693, -0.05720663959418935, 0.14254219103680607]], "chi2_level": 0.99, "chi2_df": 3, "chi2_threshold": 11.344866730144373, "N_raw": 8, "N_roi": 8, "N_inlier": 8, "refit": true}
{"timestamp": "15:48:44.790209", "frame": 81, "mu": [0.20764688982342827, 0.37034713256273355, 0.4386371086499001], "Sigma": [[4.220253080524688, 0.15299778017645677, -0.03764810607388798], [0.15299778017645677, 0.011232235650778388, -0.0026526732005260735], [-0.03764810607388798, -0.0026526732005260735, 0.0009143116277318004]], "chi2_level": 0.99, "chi2_df": 3, "chi2_threshold": 11.344866730144373, "N_raw": 9, "N_roi": 9, "N_inlier": 9, "refit": true}
{"timestamp": "15:48:44.844855", "frame": 82, "mu": [0.296431834558347, 0.45266020472572305, 0.6479719026703337], "Sigma": [[4.19248970676601, 0.10512918655432395, 0.016194706854085826], [0.10512918655432396, 0.032524360288457545, -0.038468611297663026], [0.016194706854085833, -0.038468611297663026, 0.11625675390318344]], "chi2_level": 0.99, "chi2_df": 3, "chi2_threshold": 11.344866730144373, "N_raw": 11, "N_roi": 11, "N_inlier": 11, "refit": true}
{"timestamp": "15:48:45.014366", "frame": 85, "mu": [0.3687791795865353, 0.917496418419496, -1.300144163613912], "Sigma": [[5.612533159156915, 0.15494174012446907, -0.016465927336017455], [0.15494174012446907, 0.02043427845614445, -0.0002541427020121688], [-0.016465927336017455, -0.00025414270201216846, 0.012689327240774822]], "chi2_level": 0.99, "chi2_df": 3, "chi2_threshold": 11.344866730144373, "N_raw": 34, "N_roi": 34, "N_inlier": 33, "refit": true}
{"timestamp": "15:48:45.448143", "frame": 93, "mu": [1.5290164582627521, 0.5041538468699653, 0.33231463828686164], "Sigma": [[3.489675938567184, 0.09749251456909618, -0.030074391927177854], [0.09749251456909619, 0.013513204802857915, -0.004375944955603181], [-0.030074391927177854, -0.004375944955603181, 0.001851374557154447]], "chi2_level": 0.99, "chi2_df": 3, "chi2_threshold": 11.344866730144373, "N_raw": 10, "N_roi": 10, "N_inlier": 10, "refit": true}
