{"timestamp": "16:22:01.834330", "frame": 4, "mu": [1.154300919092599, 1.3087798813432043, 1.5942112369446715], "Sigma": [[0.004007086185826232, -0.0008058341761645273, -0.0019559808510095744], [-0.0008058341761645274, 0.0010059105412686994, 8.070944788173488e-05], [-0.0019559808510095744, 8.070944788173489e-05, 0.0013446177092011973]], "chi2_level": 0.99, "chi2_df": 3, "chi2_threshold": 11.344866730144373, "N_raw": 14, "N_roi": 14, "N_inlier": 14, "refit": true}
{"timestamp": "16:22:01.944234", "frame": 6, "mu": [0.9287430192505036, 1.1329750481530165, 1.6814914314740714], "Sigma": [[0.204755869535149, 0.20007411290304505, -0.10037848567957902], [0.20007411290304505, 0.19820023289906585, -0.093785593926944], [-0.10037848567957902, -0.09378559392694401, 0.06621950833542625]], "chi2_level": 0.99, "chi2_df": 3, "chi2_threshold": 11.344866730144373, "N_raw": 7, "N_roi": 7, "N_inlier": 7, "refit": true}
{"timestamp": "16:22:02.111196", "frame": 9, "mu": [1.1470622424622, 1.3632840391816736, 1.6201785437896294], "Sigma": [[0.002983000064457119, -0.00041971422816153487, -0.0005531402931881174], [-0.00041971422816153487, 0.002901725401798247, -0.00014717769405702495], [-0.0005531402931881174, -0.00014717769405702498, 0.00026382757997263964]], "chi2_level": 0.99, "chi2_df": 3, "chi2_threshold": 11.344866730144373, "N_raw": 19, "N_roi": 19, "N_inlier": 18, "refit": true}
{"timestamp": "16:22:03.154365", "frame": 28, "mu": [1.1802556298526958, 1.264471258132592, 1.1213372647334403], "Sigma": [[0.01763086206188242, -0.016530175587452425, -0.08265770665731074], [-0.016530175587452425, 0.024189362408888908, 0.08316952753899232], [-0.08265770665731074, 0.08316952753899232, 0.4666733250678369]], "chi2_level": 0.99, "chi2_df": 3, "chi2_threshold": 11.344866730144373, "N_raw": 8, "N_roi": 8, "N_inlier": 8, "refit": true}
{"timestamp": "16:22:03.209599", "frame": 29, "mu": [1.0280289696250253, 1.4538302533875258, 0.02017353609172121], "Sigma": [[0.002012680293525801, 0.00012423844494384792, -0.0015957119503783015], [0.00012423844494384786, 0.00185751308507236, -0.0008486290448686865], [-0.0015957119503783018, -0.0008486290448686865, 0.0019431062779447013]], "chi2_level": 0.99, "chi2_df": 3, "chi2_threshold": 11.344866730144373, "N_raw": 11, "N_roi": 11, "N_inlier": 11, "refit": true}
{"timestamp": "16:22:03.269181", "frame": 30, "mu": [1.0655995885536034, 1.3740277058895716, 1.5574691660394253], "Sigma": [[0.006974006469477874, -0.0010473515052810837, -0.0031478494377699695], [-0.0010473515052810837, 0.003868605474596545, -0.0004010466521722895], [-0.0031478494377699695, -0.0004010466521722895, 0.0018875695265159521]], "chi2_level": 0.99, "chi2_df": 3, "chi2_threshold": 11.344866730144373, "N_raw": 48, "N_roi": 48, "N_inlier": 47, "refit": true}
{"timestamp": "16:22:03.326487", "frame": 31, "mu": [1.0565247030590852, 1.3842490354625259, 1.5642247182044964], "Sigma": [[0.0072658486143387145, -0.0005444339153198967, -0.0029826800542159], [-0.0005444339153198965, 0.0038778233607960596, -0.00030335073884934713], [-0.0029826800542159, -0.00030335073884934713, 0.0015187732622848095]], "chi2_level": 0.99, "chi2_df": 3, "chi2_threshold": 11.344866730144373, "N_raw": 48, "N_roi": 48, "N_inlier": 46, "refit": true}
{"timestamp": "16:22:03.379128", "frame": 32, "mu": [1.0354410755004302, 1.321325077083384, 1.38501809277906], "Sigma": [[0.007463423066958815, -0.0061441797423852935, -0.030262402693555075], [-0.0061441797423852935, 0.013414773635362238, 0.053279227420209865], [-0.030262402693555075, 0.053279227420209865, 0.2613439616569241]], "chi2_level": 0.99, "chi2_df": 3, "chi2_threshold": 11.344866730144373, "N_raw": 29, "N_roi": 29, "N_inlier": 28, "refit": true}
{"timestamp": "16:22:03.432557", "frame": 33, "mu": [1.042512645737596, 1.203700057527413, 0.6700773620591668], "Sigma": [[0.002903354335264712, -0.0022900071552718415, -0.01325221349215128], [-0.0022900071552718415, 0.01686408428632237, 0.09029096000748571], [-0.01325221349215128, 0.09029096000748571, 0.576130012666693]], "chi2_level": 0.99, "chi2_df": 3, "chi2_threshold": 11.344866730144373, "N_raw": 18, "N_roi": 18, "N_inlier": 17, "refit": true}
{"timestamp": "16:22:03.487753", "frame": 34, "mu": [1.0566374177010198, 1.4414220173761876, -0.721457033657062], "Sigma": [[0.012895781789902078, -0.0019101511754408978, -0.031023295280044473], [-0.0019101511754408976, 0.003985497704159718, -0.0011846139159284175], [-0.03102329528004448, -0.0011846139159284175, 0.5106739452958181]], "chi2_level": 0.99, "chi2_df": 3, "chi2_threshold": 11.344866730144373, "N_raw": 12, "N_roi": 12, "N_inlier": 11, "refit": true}
{"timestamp": "16:22:03.542791", "frame": 35, "mu": [0.9631014932120252, 1.2693555576947393, 1.2475190833300087], "Sigma": [[0.009186409319759512, -0.005271401298571445, -0.0008580746897557312], [-0.005271401298571445, 0.011234230480708854, 0.03810060729113508], [-0.0008580746897557312, 0.03810060729113508, 0.26784439117603864]], "chi2_level": 0.99, "chi2_df": 3, "chi2_threshold": 11.344866730144373, "N_raw": 22, "N_roi": 22, "N_inlier": 22, "refit": true}
{"timestamp": "16:22:03.600994", "frame": 36, "mu": [1.0449623337815896, 1.1944194408878794, 1.2216090055268358], "Sigma": [[0.029708195216955176, -0.023155865571607957, -0.05338129251518821], [-0.023155865571607957, 0.020591693831109106, 0.04380239345031804], [-0.05338129251518821, 0.04380239345031804, 0.10572021824423836]], "chi2_level": 0.99, "chi2_df": 3, "chi2_threshold": 11.344866730144373, "N_raw": 35, "N_roi": 35, "N_inlier": 32, "refit": true}
{"timestamp": "16:22:03.660910", "frame": 37, "mu": [0.8678378977399213, 1.2224507790560262, 0.7968228763866597], "Sigma": [[0.012180157396509347, -0.0038329261435004914, 0.030659039426406742], [-0.0038329261435004914, 0.010817009253728799, 0.04546764633706715], [0.030659039426406742, 0.04546764633706716, 0.5695650448650753]], "chi2_level": 0.99, "chi2_df": 3, "chi2_threshold": 11.344866730144373, "N_raw": 78, "N_roi": 78, "N_inlier": 77, "refit": true}
{"timestamp": "16:22:03.713908", "frame": 38, "mu": [0.9219101512076437, 1.2170492593456332, 1.3858892380030166], "Sigma": [[0.016768906178183895, -0.014095880340058058, -0.031092664135070492], [-0.014095880340058058, 0.017323898258928667, 0.029716553878220964], [-0.031092664135070492, 0.029716553878220964, 0.06819522723036842]], "chi2_level": 0.99, "chi2_df": 3, "chi2_threshold": 11.344866730144373, "N_raw": 56, "N_roi": 56, "N_inlier": 52, "refit": true}
{"timestamp": "16:22:03.770689", "frame": 39, "mu": [0.9040771747386096, 1.2193258677487653, 1.3443161710489153], "Sigma": [[0.017454048706369983, -0.012723968951996328, -0.03163258403810437], [-0.012723968951996328, 0.014915088233515983, 0.025654025610539546], [-0.03163258403810437, 0.025654025610539546, 0.07088870605475207]], "chi2_level": 0.99, "chi2_df": 3, "chi2_threshold": 11.344866730144373, "N_raw": 76, "N_roi": 76, "N_inlier": 76, "refit": true}
{"timestamp": "16:22:03.824143", "frame": 40, "mu": [0.8918710308084804, 1.2267037104716565, 1.3797927703831179], "Sigma": [[0.01989040470272124, -0.010868178000460083, -0.034257636608973574], [-0.010868178000460083, 0.008610474420439601, 0.02025488044127505], [-0.034257636608973574, 0.02025488044127505, 0.06729285923219891]], "chi2_level": 0.99, "chi2_df": 3, "chi2_threshold": 11.344866730144373, "N_raw": 62, "N_roi": 61, "N_inlier": 58, "refit": true}
{"timestamp": "16:22:03.881962", "frame": 41, "mu": [0.8379810024831669, 1.2185372037470352, 1.3852254349779414], "Sigma": [[0.009106550738068717, -0.003513244305517453, -0.015160282778144359], [-0.003513244305517453, 0.006482317982936918, 0.007463015249784789], [-0.015160282778144357, 0.007463015249784788, 0.03846832291380419]], "chi2_level": 0.99, "chi2_df": 3, "chi2_threshold": 11.344866730144373, "N_raw": 83, "N_roi": 83, "N_inlier": 80, "refit": true}
{"timestamp": "16:22:03.933408", "frame": 42, "mu": [0.7823318539245306, 1.197050832667033, 1.4778246072098637], "Sigma": [[0.005008612764753753, -0.0017807606455291954, -0.004155128736271309], [-0.0017807606455291954, 0.004474710492460244, 0.0016218221397100298], [-0.004155128736271308, 0.0016218221397100298, 0.010199320708369852]], "chi2_level": 0.99, "chi2_df": 3, "chi2_threshold": 11.344866730144373, "N_raw": 50, "N_roi": 50, "N_inlier": 46, "refit": true}
{"timestamp": "16:22:03.991544", "frame": 43, "mu": [0.732131675868477, 1.2399442571078638, 1.4930612179121403], "Sigma": [[0.004563226982210952, -0.00019314273282532352, -0.003214204735801389], [-0.00019314273282532352, 0.00582194589206136, -0.0037551066025090316], [-0.003214204735801389, -0.0037551066025090316, 0.006368980948842798]], "chi2_level": 0.99, "chi2_df": 3, "chi2_threshold": 11.344866730144373, "N_raw": 74, "N_roi": 74, "N_inlier": 71, "refit": true}
{"timestamp": "16:22:04.041888", "frame": 44, "mu": [0.7306446096638722, 1.1757097873869036, 1.4635258515093261], "Sigma": [[0.004684931777532825, -0.0012706652573881354, -0.004762990377915056], [-0.0012706652573881356, 0.002974352255722901, 0.00020272189034286676], [-0.004762990377915057, 0.0002027218903428667, 0.005657040097781232]], "chi2_level": 0.99, "chi2_df": 3, "chi2_threshold": 11.344866730144373, "N_raw": 45, "N_roi": 45, "N_inlier": 44, "refit": true}
{"timestamp": "16:22:04.100726", "frame": 45, "mu": [0.7117615695950494, 1.1675933229225819, 1.3605958918999], "Sigma": [[0.0064923737668682435, -0.004312434388137674, -0.015501651712958416], [-0.004312434388137674, 0.007006142602947665, 0.011486291545350363], [-0.015501651712958416, 0.011486291545350363, 0.058376930588173594]], "chi2_level": 0.99, "chi2_df": 3, "chi2_threshold": 11.344866730144373, "N_raw": 63, "N_roi": 63, "N_inlier": 61, "refit": true}
{"timestamp": "16:22:04.153001", "frame": 46, "mu": [0.6530731914789607, 1.2036681336865147, 1.479439896802985], "Sigma": [[0.0032672771939508856, -0.0020064980018143557, -0.0034600077575803164], [-0.0020064980018143557, 0.005280570395278591, 0.0013501129038963392], [-0.0034600077575803164, 0.0013501129038963387, 0.008345441160020799]], "chi2_level": 0.99, "chi2_df": 3, "chi2_threshold": 11.344866730144373, "N_raw": 44, "N_roi": 44, "N_inlier": 41, "refit": true}
{"timestamp": "16:22:04.205314", "frame": 47, "mu": [0.6471201443019761, 1.151719014022031, 0.9938023264482245], "Sigma": [[0.0036037975396009244, -0.002261009224970089, -0.01798043023206304], [-0.0022610092249700895, 0.006319244496672839, 0.04074040132433088], [-0.01798043023206304, 0.040740401324330884, 0.5759415220522769]], "chi2_level": 0.99, "chi2_df": 3, "chi2_threshold": 11.344866730144373, "N_raw": 39, "N_roi": 39, "N_inlier": 39, "refit": true}
{"timestamp": "16:22:04.263664", "frame": 48, "mu": [0.6020858624434094, 1.1818336755544359, 1.2911323678406907], "Sigma": [[0.0034581493563364983, -0.0016455324337080767, -0.007185890919649199], [-0.001645532433708077, 0.004787257295814558, 0.020484190317835476], [-0.007185890919649198, 0.020484190317835476, 0.21396648546036498]], "chi2_level": 0.99, "chi2_df": 3, "chi2_threshold": 11.344866730144373, "N_raw": 48, "N_roi": 48, "N_inlier": 46, "refit": true}
{"timestamp": "16:22:04.315876", "frame": 49, "mu": [0.5274685806041259, 1.2358717689089225, -0.633937658898564], "Sigma": [[0.004919763352457869, -0.003468720227665317, -0.021967507686819467], [-0.0034687202276653165, 0.006788624242011627, 0.024069979621510005], [-0.021967507686819467, 0.02406997962151001, 0.2316689089245135]], "chi2_level": 0.99, "chi2_df": 3, "chi2_threshold": 11.344866730144373, "N_raw": 38, "N_roi": 38, "N_inlier": 34, "refit": true}
{"timestamp": "16:22:04.365706", "frame": 50, "mu": [0.520085869707486, 1.039376055385353, 1.1105036853750032], "Sigma": [[0.0028782063597160546, 0.00858912703019268, 0.013932854976170262], [0.00858912703019268, 0.02995667180593015, 0.051218394621173766], [0.013932854976170262, 0.051218394621173766, 0.11326724659310512]], "chi2_level": 0.99, "chi2_df": 3, "chi2_threshold": 11.344866730144373, "N_raw": 7, "N_roi": 7, "N_inlier": 7, "refit": true}
{"timestamp": "16:22:04.424276", "frame": 51, "mu": [0.5151577094460497, 1.181073685759723, 1.3854958050878878], "Sigma": [[0.0023463758830437787, -0.001229554567504687, -0.002832363848212562], [-0.001229554567504687, 0.0027958447158897516, 0.0010158848921290513], [-0.002832363848212562, 0.001015884892129051, 0.005947241791682653]], "chi2_level": 0.99, "chi2_df": 3, "chi2_threshold": 11.344866730144373, "N_raw": 27, "N_roi": 27, "N_inlier": 24, "refit": true}
{"timestamp": "16:22:04.480330", "frame": 52, "mu": [0.46798742258116555, 1.2129586869851596, 1.3584926476176948], "Sigma": [[0.0031240134839209534, -0.0010980721223070784, -0.00316822002454107], [-0.0010980721223070784, 0.002656143040189558, 0.00022345449825663863], [-0.0031682200245410704, 0.00022345449825663858, 0.005675914603616832]], "chi2_level": 0.99, "chi2_df": 3, "chi2_threshold": 11.344866730144373, "N_raw": 42, "N_roi": 42, "N_inlier": 38, "refit": true}
{"timestamp": "16:22:04.537442", "frame": 53, "mu": [0.44015134115773075, 1.235238157935052, 1.2959012902882865], "Sigma": [[0.003764537071568295, 0.000494435297845208, -0.0031600655412397007], [0.0004944352978452081, 0.0052678557841363835, -0.0006067787116565988], [-0.0031600655412397007, -0.0006067787116565988, 0.0036959440016673963]], "chi2_level": 0.99, "chi2_df": 3, "chi2_threshold": 11.344866730144373, "N_raw": 53, "N_roi": 53, "N_inlier": 50, "refit": true}
{"timestamp": "16:22:04.594134", "frame": 54, "mu": [0.3681818199380913, 1.21565886385521, 1.3589769705358619], "Sigma": [[0.003434067156467326, -0.002226467368576633, -0.004310110690025249], [-0.002226467368576633, 0.006868908357698369, 0.0014746706157845978], [-0.004310110690025249, 0.0014746706157845978, 0.00649214271407035]], "chi2_level": 0.99, "chi2_df": 3, "chi2_threshold": 11.344866730144373, "N_raw": 60, "N_roi": 60, "N_inlier": 57, "refit": true}
{"timestamp": "16:22:04.650554", "frame": 55, "mu": [0.27493158439691595, 1.3133857386195094, 1.4920273534542279], "Sigma": [[0.0031733349555976313, -0.0007355802426716082, -0.0028064856035996226], [-0.0007355802426716081, 0.007248299809706274, -0.00038489924670512206], [-0.0028064856035996226, -0.00038489924670512206, 0.0033538442230237548]], "chi2_level": 0.99, "chi2_df": 3, "chi2_threshold": 11.344866730144373, "N_raw": 65, "N_roi": 65, "N_inlier": 63, "refit": true}
{"timestamp": "16:22:04.715264", "frame": 56, "mu": [0.27667406772632636, 1.256177269312509, 1.424032591586213], "Sigma": [[0.005032291237958903, 0.0003597506129653025, -0.006760189264629378], [0.0003597506129653025, 0.005423326884059876, -0.003119500156572458], [-0.006760189264629377, -0.003119500156572458, 0.011341398474351878]], "chi2_level": 0.99, "chi2_df": 3, "chi2_threshold": 11.344866730144373, "N_raw": 84, "N_roi": 83, "N_inlier": 82, "refit": true}
{"timestamp": "16:22:04.758134", "frame": 57, "mu": [0.25333021120661875, 1.3122958325831842, 1.4582746564589797], "Sigma": [[0.0035884032820386142, -1.0353634915048814e-05, -0.0026612505556650175], [-1.0353634915048868e-05, 0.0031706648111304576, -0.0017794526022388278], [-0.0026612505556650175, -0.0017794526022388278, 0.003188230631957514]], "chi2_level": 0.99, "chi2_df": 3, "chi2_threshold": 11.344866730144373, "N_raw": 51, "N_roi": 51, "N_inlier": 49, "refit": true}
{"timestamp": "16:22:04.814488", "frame": 58, "mu": [0.1659597267011102, 1.2526203815797896, 1.4963278035920295], "Sigma": [[0.0023668737931528397, -0.0006888530153926415, -0.000976282423675375], [-0.0006888530153926415, 0.006497359837386285, 0.0005644001257337791], [-0.000976282423675375, 0.0005644001257337792, 0.0005216541082596649]], "chi2_level": 0.99, "chi2_df": 3, "chi2_threshold": 11.344866730144373, "N_raw": 57, "N_roi": 57, "N_inlier": 52, "refit": true}
{"timestamp": "16:22:04.871017", "frame": 59, "mu": [0.1600746372586918, 1.3015431458784905, 1.4620580325620471], "Sigma": [[0.002868615627973037, -0.0004443163375068031, -0.002968077508633853], [-0.00044431633750680293, 0.009729808445399158, -0.0012365190635730628], [-0.0029680775086338533, -0.0012365190635730628, 0.0041737754860478515]], "chi2_level": 0.99, "chi2_df": 3, "chi2_threshold": 11.344866730144373, "N_raw": 76, "N_roi": 76, "N_inlier": 75, "refit": true}
{"timestamp": "16:22:04.927905", "frame": 60, "mu": [0.10319901603540346, 1.3676625571257528, -0.21987106952575136], "Sigma": [[0.003676423713841313, -0.0011423651065664067, -0.004827477961435567], [-0.0011423651065664067, 0.008633909569780709, 0.0019550548625081442], [-0.004827477961435568, 0.0019550548625081442, 0.014464675477566425]], "chi2_level": 0.99, "chi2_df": 3, "chi2_threshold": 11.344866730144373, "N_raw": 82, "N_roi": 82, "N_inlier": 80, "refit": true}
{"timestamp": "16:22:04.975809", "frame": 61, "mu": [0.14879511872790557, 1.0737097554498647, 1.207511768819743], "Sigma": [[0.0013968346509594758, -9.630812892295322e-05, -0.0008219480083863512], [-9.63081289229532e-05, 0.001863376677139108, -0.0019450313062539333], [-0.0008219480083863512, -0.0019450313062539333, 0.002898390092858782]], "chi2_level": 0.99, "chi2_df": 3, "chi2_threshold": 11.344866730144373, "N_raw": 31, "N_roi": 31, "N_inlier": 28, "refit": true}
{"timestamp": "16:22:05.033834", "frame": 62, "mu": [0.08059686774181063, 1.2001608078167352, 1.306762632059364], "Sigma": [[0.002127650400881256, -1.4352785451237878e-05, -0.0012091896079103788], [-1.4352785451237932e-05, 0.01065112910289106, 9.599189298123737e-05], [-0.0012091896079103788, 9.599189298123729e-05, 0.001022957968877469]], "chi2_level": 0.99, "chi2_df": 3, "chi2_threshold": 11.344866730144373, "N_raw": 61, "N_roi": 61, "N_inlier": 58, "refit": true}
{"timestamp": "16:22:05.087922", "frame": 63, "mu": [-0.012538178126887522, 1.2673799669512857, -0.40335083350256284], "Sigma": [[0.003728633348622566, 3.454416033351274e-05, 0.002076743990708024], [3.454416033351281e-05, 0.004744188772430686, 0.002640176606109793], [0.002076743990708024, 0.002640176606109793, 0.00838816323718646]], "chi2_level": 0.99, "chi2_df": 3, "chi2_threshold": 11.344866730144373, "N_raw": 54, "N_roi": 54, "N_inlier": 51, "refit": true}
{"timestamp": "16:22:05.145581", "frame": 64, "mu": [-0.007933185625336884, 1.197075332505445, 1.387103839021635], "Sigma": [[0.006807693538301802, -0.002954386741413649, -0.009333033701676145], [-0.002954386741413649, 0.006226439039796446, 0.004127394427739174], [-0.009333033701676145, 0.004127394427739175, 0.01340130909031348]], "chi2_level": 0.99, "chi2_df": 3, "chi2_threshold": 11.344866730144373, "N_raw": 75, "N_roi": 75, "N_inlier": 74, "refit": true}
{"timestamp": "16:22:05.203124", "frame": 65, "mu": [-0.08746659969240932, 1.1899527778884431, 1.3646941856690826], "Sigma": [[0.0037683822611557587, -0.0018290843437881146, -0.005438469307468561], [-0.0018290843437881153, 0.008442377268204453, -0.0001728134320784761], [-0.005438469307468561, -0.0001728134320784761, 0.021546966053644607]], "chi2_level": 0.99, "chi2_df": 3, "chi2_threshold": 11.344866730144373, "N_raw": 87, "N_roi": 87, "N_inlier": 86, "refit": true}
{"timestamp": "16:22:05.253980", "frame": 66, "mu": [-0.1232874460372319, 1.1665566111323107, -0.5720405092308259], "Sigma": [[0.0024129373605025154, 0.00257037163564257, 0.005401088561411643], [0.00257037163564257, 0.013729468396777854, 0.011773690624040704], [0.005401088561411643, 0.011773690624040704, 0.021537886258211868]], "chi2_level": 0.99, "chi2_df": 3, "chi2_threshold": 11.344866730144373, "N_raw": 60, "N_roi": 60, "N_inlier": 59, "refit": true}
{"timestamp": "16:22:05.313091", "frame": 67, "mu": [-0.14079514046360703, 1.2580536678688399, -0.27659032268027345], "Sigma": [[0.008011486860867528, 0.0006800653307860005, 0.012338990633294288], [0.0006800653307860004, 0.007954304479443407, 0.004437337513042124], [0.01233899063329429, 0.004437337513042124, 0.10713765581077657]], "chi2_level": 0.99, "chi2_df": 3, "chi2_threshold": 11.344866730144373, "N_raw": 86, "N_roi": 86, "N_inlier": 82, "refit": true}
{"timestamp": "16:22:05.362010", "frame": 68, "mu": [-0.28993821094024935, 1.2124863254194105, 1.5527578374122868], "Sigma": [[0.0027574293496220887, -0.0006495235757239788, -0.002087888860715835], [-0.0006495235757239788, 0.0025595872888502626, -0.0010145299102299096], [-0.002087888860715835, -0.0010145299102299096, 0.0027583901561578474]], "chi2_level": 0.99, "chi2_df": 3, "chi2_threshold": 11.344866730144373, "N_raw": 47, "N_roi": 47, "N_inlier": 44, "refit": true}
{"timestamp": "16:22:05.419116", "frame": 69, "mu": [-0.30784223263153165, 1.2196996859384635, 1.5103808835526646], "Sigma": [[0.003046209062608966, -0.000485380133383647, -0.002047335603573748], [-0.00048538013338364705, 0.0037226419240075207, -0.0024038067843593397], [-0.0020473356035737482, -0.0024038067843593397, 0.004190351799651659]], "chi2_level": 0.99, "chi2_df": 3, "chi2_threshold": 11.344866730144373, "N_raw": 63, "N_roi": 63, "N_inlier": 59, "refit": true}
{"timestamp": "16:22:05.482119", "frame": 70, "mu": [-0.28968922179664713, 1.1865577694003657, 1.324549070153522], "Sigma": [[0.004154184377133102, -0.0019218214599992104, -0.008381593930803946], [-0.00192182145999921, 0.007225974948654365, 0.006903305625729], [-0.008381593930803946, 0.006903305625728998, 0.0612750992508633]], "chi2_level": 0.99, "chi2_df": 3, "chi2_threshold": 11.344866730144373, "N_raw": 110, "N_roi": 110, "N_inlier": 110, "refit": true}
{"timestamp": "16:22:05.531970", "frame": 71, "mu": [-0.31715798877105045, 1.2055667679686928, 1.4189580342724417], "Sigma": [[0.004088345500408081, -0.0002947064929330626, -0.0048749213670899], [-0.00029470649293306263, 0.0029411957665877696, -0.003596813586392362], [-0.004874921367089901, -0.0035968135863923617, 0.015896805019894808]], "chi2_level": 0.99, "chi2_df": 3, "chi2_threshold": 11.344866730144373, "N_raw": 80, "N_roi": 80, "N_inlier": 77, "refit": true}
{"timestamp": "16:22:05.593220", "frame": 72, "mu": [-0.32820839141162206, 1.164708960313896, 1.2651304201838833], "Sigma": [[0.00451121776038709, -0.002109107082804441, -0.00799072034940004], [-0.0021091070828044415, 0.008529260108488939, 0.013312491644995986], [-0.00799072034940004, 0.013312491644995983, 0.06887100893706868]], "chi2_level": 0.99, "chi2_df": 3, "chi2_threshold": 11.344866730144373, "N_raw": 111, "N_roi": 111, "N_inlier": 111, "refit": true}
{"timestamp": "16:22:05.646636", "frame": 73, "mu": [-0.37709218029812647, 1.1877187562433844, 1.242987486717177], "Sigma": [[0.007107315940282559, -0.0033812101725818255, -0.018449131656527236], [-0.003381210172581826, 0.00503898304556955, 0.011252039344775708], [-0.018449131656527236, 0.011252039344775708, 0.08127573654961912]], "chi2_level": 0.99, "chi2_df": 3, "chi2_threshold": 11.344866730144373, "N_raw": 102, "N_roi": 101, "N_inlier": 97, "refit": true}
{"timestamp": "16:22:05.697394", "frame": 74, "mu": [-0.41712947162968794, 1.1915397483712737, 1.3954154951764899], "Sigma": [[0.00395373485277225, -0.001260500659397975, -0.003537539645653152], [-0.001260500659397975, 0.005721583878019109, -0.0022652945475935887], [-0.003537539645653152, -0.0022652945475935887, 0.007792090492751354]], "chi2_level": 0.99, "chi2_df": 3, "chi2_threshold": 11.344866730144373, "N_raw": 75, "N_roi": 75, "N_inlier": 71, "refit": true}
{"timestamp": "16:22:05.754947", "frame": 75, "mu": [-0.4248240151589847, 1.1479849740939985, 1.2410014863225431], "Sigma": [[0.008657282245599097, -0.004824637033496268, -0.02143534856481355], [-0.004824637033496268, 0.007718861226420026, 0.011063691730111076], [-0.02143534856481355, 0.011063691730111076, 0.07641700918974138]], "chi2_level": 0.99, "chi2_df": 3, "chi2_threshold": 11.344866730144373, "N_raw": 105, "N_roi": 105, "N_inlier": 103, "refit": true}
{"timestamp": "16:22:05.803443", "frame": 76, "mu": [-0.5221974521807465, 1.2364651524580854, 1.3721645098424717], "Sigma": [[0.005386311734664744, -0.001496995405835133, -0.00923464674106395], [-0.001496995405835133, 0.004060992228197559, 0.0042349467699887], [-0.00923464674106395, 0.0042349467699887, 0.028008873139037244]], "chi2_level": 0.99, "chi2_df": 3, "chi2_threshold": 11.344866730144373, "N_raw": 51, "N_roi": 51, "N_inlier": 46, "refit": true}
{"timestamp": "16:22:05.861713", "frame": 77, "mu": [-0.5584736910815398, 1.193311707754064, 1.3059171228556663], "Sigma": [[0.0067566689776574615, -0.00401471652731596, -0.013975965875908948], [-0.00401471652731596, 0.006929030529866051, 0.009827164229943161], [-0.013975965875908948, 0.009827164229943161, 0.06558587092188409]], "chi2_level": 0.99, "chi2_df": 3, "chi2_threshold": 11.344866730144373, "N_raw": 83, "N_roi": 83, "N_inlier": 83, "refit": true}
{"timestamp": "16:22:05.917262", "frame": 78, "mu": [-0.6152249096928634, 1.2386237774680207, 1.44193541858525], "Sigma": [[0.006284892673229241, -0.0022529818987539344, -0.007137396767968507], [-0.0022529818987539344, 0.0037817521103440587, 0.001829612003860958], [-0.007137396767968507, 0.0018296120038609576, 0.021954729354829474]], "chi2_level": 0.99, "chi2_df": 3, "chi2_threshold": 11.344866730144373, "N_raw": 70, "N_roi": 70, "N_inlier": 65, "refit": true}
{"timestamp": "16:22:05.973481", "frame": 79, "mu": [-0.6810483573732833, 1.2405220408755204, 1.505982197909061], "Sigma": [[0.007043691495163876, -0.003993722336427103, -0.004444801039490173], [-0.003993722336427104, 0.009188228782745849, -0.0002422450678047721], [-0.004444801039490173, -0.0002422450678047721, 0.008293370071568275]], "chi2_level": 0.99, "chi2_df": 3, "chi2_threshold": 11.344866730144373, "N_raw": 89, "N_roi": 89, "N_inlier": 83, "refit": true}
{"timestamp": "16:22:06.028333", "frame": 80, "mu": [-0.7030577920151644, 1.2454911632421077, 1.4603044720892937], "Sigma": [[0.004724671517572803, -0.0003456681058424517, -0.003963291624216586], [-0.00034566810584245165, 0.00815614674001769, -0.004356683900923172], [-0.003963291624216586, -0.004356683900923172, 0.008284631526028862]], "chi2_level": 0.99, "chi2_df": 3, "chi2_threshold": 11.344866730144373, "N_raw": 79, "N_roi": 79, "N_inlier": 76, "refit": true}
{"timestamp": "16:22:06.083251", "frame": 81, "mu": [-0.7575073060867719, 1.2538666514072414, -0.08955905130024885], "Sigma": [[0.005074092914806174, -0.000718136141033523, 0.028798145385632322], [-0.0007181361410335229, 0.006462157305660847, 0.01861025414371522], [0.028798145385632322, 0.01861025414371522, 0.5485577349944417]], "chi2_level": 0.99, "chi2_df": 3, "chi2_threshold": 11.344866730144373, "N_raw": 87, "N_roi": 87, "N_inlier": 80, "refit": true}
{"timestamp": "16:22:06.137264", "frame": 82, "mu": [-0.7891616412789101, 1.2719961269345328, -0.4301683391735923], "Sigma": [[0.006470802294695714, -0.0017544586608229668, 0.0020751987298941506], [-0.001754458660822967, 0.014379210717100918, 0.008940747489644088], [0.0020751987298941506, 0.008940747489644086, 0.01654386544838954]], "chi2_level": 0.99, "chi2_df": 3, "chi2_threshold": 11.344866730144373, "N_raw": 81, "N_roi": 81, "N_inlier": 79, "refit": true}
{"timestamp": "16:22:06.190693", "frame": 83, "mu": [-0.7935135803695975, 1.185864206049263, 1.445763354717619], "Sigma": [[0.0047404275407538525, -0.0026149691438912084, -0.003417156436534427], [-0.002614969143891209, 0.01006117300398635, 0.0011708830180694988], [-0.0034171564365344273, 0.001170883018069499, 0.006259008222873905]], "chi2_level": 0.99, "chi2_df": 3, "chi2_threshold": 11.344866730144373, "N_raw": 66, "N_roi": 66, "N_inlier": 65, "refit": true}
{"timestamp": "16:22:06.248942", "frame": 84, "mu": [-0.9493777995147896, 1.1741147441200406, 1.5473591464048186], "Sigma": [[0.03337892896969341, 0.015685454823223168, -0.02312931350603193], [0.015685454823223168, 0.014982365605482105, -0.014852018584195105], [-0.02312931350603193, -0.014852018584195107, 0.02895628066749721]], "chi2_level": 0.99, "chi2_df": 3, "chi2_threshold": 11.344866730144373, "N_raw": 89, "N_roi": 89, "N_inlier": 85, "refit": true}
{"timestamp": "16:22:06.299492", "frame": 85, "mu": [-0.917031077922284, 1.241363171998981, 1.525854121329347], "Sigma": [[0.004833038712741526, 0.00031570467420589964, -0.002092899554350972], [0.00031570467420589975, 0.004955649984443412, -0.003684417521765365], [-0.002092899554350972, -0.003684417521765365, 0.004719618113749785]], "chi2_level": 0.99, "chi2_df": 3, "chi2_threshold": 11.344866730144373, "N_raw": 59, "N_roi": 59, "N_inlier": 57, "refit": true}
{"timestamp": "16:22:06.354565", "frame": 86, "mu": [-0.9990421707829172, 1.175904237775863, 1.521907148528375], "Sigma": [[0.020588721013111672, 0.00849562058635938, -0.015532587985482486], [0.00849562058635938, 0.009418435806737053, -0.007983958961379323], [-0.015532587985482486, -0.007983958961379323, 0.023053857628663098]], "chi2_level": 0.99, "chi2_df": 3, "chi2_threshold": 11.344866730144373, "N_raw": 68, "N_roi": 68, "N_inlier": 66, "refit": true}
{"timestamp": "16:22:06.411175", "frame": 87, "mu": [-1.118036995185764, 1.0482446593200903, 1.5423443757002866], "Sigma": [[0.03497847332864411, 0.01087033248730337, -0.028679679739608634], [0.010870332487303371, 0.010402953020027807, -0.008371013944020816], [-0.028679679739608634, -0.008371013944020816, 0.02591373502408692]], "chi2_level": 0.99, "chi2_df": 3, "chi2_threshold": 11.344866730144373, "N_raw": 75, "N_roi": 75, "N_inlier": 73, "refit": true}
{"timestamp": "16:22:06.466443", "frame": 88, "mu": [-1.0924400833671397, 1.0903517959416091, 1.5168581572770696], "Sigma": [[0.022446599027491687, 0.004311550660048366, -0.017734397494661627], [0.0043115506600483675, 0.009562793652586188, -0.0025061696565089452], [-0.01773439749466163, -0.002506169656508945, 0.014896132847012192]], "chi2_level": 0.99, "chi2_df": 3, "chi2_threshold": 11.344866730144373, "N_raw": 75, "N_roi": 75, "N_inlier": 74, "refit": true}
{"timestamp": "16:22:06.524654", "frame": 89, "mu": [-1.1534632867834205, 1.1325440927168982, -0.1547143159868917], "Sigma": [[0.029032784193363956, 0.0125242338022079, -0.027317471680788387], [0.0125242338022079, 0.01375386137750669, -0.008051652389187845], [-0.027317471680788387, -0.008051652389187845, 0.029860101795111973]], "chi2_level": 0.99, "chi2_df": 3, "chi2_threshold": 11.344866730144373, "N_raw": 95, "N_roi": 95, "N_inlier": 92, "refit": true}
{"timestamp": "16:22:06.585749", "frame": 90, "mu": [-1.2040262162321809, 1.043683668197283, 0.5411085363674144], "Sigma": [[0.02594229273896711, 0.0056712506333099185, 0.09572105938626069], [0.005671250633309918, 0.013488665360442423, 0.06753149733705047], [0.09572105938626069, 0.06753149733705048, 0.8343797972545878]], "chi2_level": 0.99, "chi2_df": 3, "chi2_threshold": 11.344866730144373, "N_raw": 130, "N_roi": 130, "N_inlier": 129, "refit": true}
{"timestamp": "16:22:06.637372", "frame": 91, "mu": [-1.266666672776929, 1.0284744460580906, 1.5683333549234062], "Sigma": [[0.021114722920624718, 0.006843801931882887, -0.011790943318370092], [0.006843801931882888, 0.012325076126642218, -0.0046949456720385046], [-0.011790943318370092, -0.0046949456720385046, 0.007828029051685701]], "chi2_level": 0.99, "chi2_df": 3, "chi2_threshold": 11.344866730144373, "N_raw": 109, "N_roi": 109, "N_inlier": 107, "refit": true}
{"timestamp": "16:22:06.687716", "frame": 92, "mu": [-1.2956221729107396, 1.0359439949261746, 1.600644939246812], "Sigma": [[0.01671580255882562, 0.00636084864339746, -0.012616273450413527], [0.006360848643397459, 0.011040776503302019, -0.005072781916251289], [-0.012616273450413528, -0.0050727819162512885, 0.011952113232562756]], "chi2_level": 0.99, "chi2_df": 3, "chi2_threshold": 11.344866730144373, "N_raw": 79, "N_roi": 79, "N_inlier": 75, "refit": true}
{"timestamp": "16:22:06.744261", "frame": 93, "mu": [-1.1224962693839933, 1.1321269329818338, 1.0236738557453993], "Sigma": [[0.062471917726416096, 0.031905076988317724, -0.14539894054832186], [0.031905076988317724, 0.021301952221434127, -0.07738627535406187], [-0.14539894054832186, -0.07738627535406187, 0.38979919422802795]], "chi2_level": 0.99, "chi2_df": 3, "chi2_threshold": 11.344866730144373, "N_raw": 95, "N_roi": 95, "N_inlier": 94, "refit": true}
{"timestamp": "16:22:06.798250", "frame": 94, "mu": [-1.3258109682089148, 1.1170530443975983, -0.15578974911377852], "Sigma": [[0.01879989046614921, 0.01253338020034594, -0.0024827267422160458], [0.01253338020034594, 0.017412599218274087, 5.3399466733999304e-05], [-0.0024827267422160458, 5.3399466733999304e-05, 0.012999752404204942]], "chi2_level": 0.99, "chi2_df": 3, "chi2_threshold": 11.344866730144373, "N_raw": 91, "N_roi": 91, "N_inlier": 86, "refit": true}
{"timestamp": "16:22:06.850214", "frame": 95, "mu": [-1.1808893662946056, 1.2608320746520847, -0.8708561100241788], "Sigma": [[0.05608385389784562, 0.058334076067133506, -0.11500536620416146], [0.058334076067133506, 0.07413414656299411, -0.10878237946141775], [-0.11500536620416146, -0.10878237946141775, 0.291552639931339]], "chi2_level": 0.99, "chi2_df": 3, "chi2_threshold": 11.344866730144373, "N_raw": 71, "N_roi": 71, "N_inlier": 71, "refit": true}
{"timestamp": "16:22:06.912688", "frame": 96, "mu": [-1.2619344654623161, 1.2745659197324417, -0.472207385507909], "Sigma": [[0.03937977429847196, 0.04368271958238103, -0.09074582965847677], [0.04368271958238103, 0.06187235979281662, -0.11677386388687666], [-0.09074582965847677, -0.11677386388687667, 0.27359837723798963]], "chi2_level": 0.99, "chi2_df": 3, "chi2_threshold": 11.344866730144373, "N_raw": 116, "N_roi": 116, "N_inlier": 116, "refit": true}
{"timestamp": "16:22:06.969324", "frame": 97, "mu": [-1.3397363892867526, 1.0659875276483204, -0.6889677096032469], "Sigma": [[0.03528719101973399, 0.042124110484352995, -0.04081704110561506], [0.042124110484352995, 0.0899525120426112, -0.06802018725128087], [-0.04081704110561506, -0.06802018725128087, 0.07249751830344472]], "chi2_level": 0.99, "chi2_df": 3, "chi2_threshold": 11.344866730144373, "N_raw": 131, "N_roi": 131, "N_inlier": 129, "refit": true}
{"timestamp": "16:22:07.016230", "frame": 98, "mu": [-1.2851940530223052, 1.1654117847589052, 1.021454787824156], "Sigma": [[0.0473752144237602, 0.03267381250950456, -0.11813552904784694], [0.03267381250950456, 0.025519091904674926, -0.0895195437047208], [-0.11813552904784694, -0.08951954370472082, 0.37178435786435404]], "chi2_level": 0.99, "chi2_df": 3, "chi2_threshold": 11.344866730144373, "N_raw": 75, "N_roi": 75, "N_inlier": 74, "refit": true}
{"timestamp": "16:22:07.071736", "frame": 99, "mu": [-1.422484577837904, 1.0872865110514676, 1.5735777404325657], "Sigma": [[0.02298980434337987, 0.010903933600736774, -0.012662906272160601], [0.010903933600736774, 0.010343903763542899, -0.00802030095420089], [-0.012662906272160601, -0.00802030095420089, 0.027375818107972377]], "chi2_level": 0.99, "chi2_df": 3, "chi2_threshold": 11.344866730144373, "N_raw": 82, "N_roi": 82, "N_inlier": 80, "refit": true}
{"timestamp": "16:22:07.239506", "frame": 100, "mu": [-1.3852191475433324, 1.125920378381454, 1.5259635587752376], "Sigma": [[0.026401163462089476, 0.010944074575749092, -0.022403537419025017], [0.010944074575749092, 0.011944267322814667, -0.014544531023726522], [-0.022403537419025017, -0.014544531023726522, 0.03520405947983539]], "chi2_level": 0.99, "chi2_df": 3, "chi2_threshold": 11.344866730144373, "N_raw": 103, "N_roi": 103, "N_inlier": 101, "refit": true}
{"timestamp": "16:22:07.246229", "frame": 101, "mu": [-1.4056642093564078, 1.2263408022724989, -0.2286968633082552], "Sigma": [[0.0227520104115524, 0.015261941331076103, -0.014135608432821863], [0.015261941331076105, 0.02630822954906066, -0.025411365961596467], [-0.014135608432821863, -0.02541136596159647, 0.036083647708892816]], "chi2_level": 0.99, "chi2_df": 3, "chi2_threshold": 11.344866730144373, "N_raw": 80, "N_roi": 80, "N_inlier": 79, "refit": true}
{"timestamp": "16:22:07.275792", "frame": 102, "mu": [-1.4458346874665144, 1.139766130226421, 1.529025611791199], "Sigma": [[0.02208416000394959, 0.009659334511441154, -0.017457861300780482], [0.009659334511441154, 0.011135102839448992, -0.008418197043771638], [-0.017457861300780482, -0.008418197043771638, 0.014960953076852463]], "chi2_level": 0.99, "chi2_df": 3, "chi2_threshold": 11.344866730144373, "N_raw": 81, "N_roi": 81, "N_inlier": 80, "refit": true}
{"timestamp": "16:22:07.324491", "frame": 103, "mu": [-1.379957585128271, 1.1967413821930644, 1.4313812381892272], "Sigma": [[0.01727363894528789, 0.009828532992273663, -0.009823348766013852], [0.009828532992273665, 0.011132062074028202, -0.010544549866344292], [-0.009823348766013852, -0.010544549866344292, 0.01220954416622009]], "chi2_level": 0.99, "chi2_df": 3, "chi2_threshold": 11.344866730144373, "N_raw": 94, "N_roi": 94, "N_inlier": 92, "refit": true}
{"timestamp": "16:22:07.355429", "frame": 104, "mu": [-1.3765512792880592, 1.2662401515603856, 1.5084104438491066], "Sigma": [[0.019630986654389813, 0.0077982956198242815, -0.015101303279508588], [0.007798295619824282, 0.009027960300653235, -0.00576590431483881], [-0.015101303279508588, -0.005765904314838811, 0.012089005417361359]], "chi2_level": 0.99, "chi2_df": 3, "chi2_threshold": 11.344866730144373, "N_raw": 71, "N_roi": 71, "N_inlier": 70, "refit": true}
{"timestamp": "16:22:07.405401", "frame": 105, "mu": [-1.4106701239136552, 1.2546899407756043, 1.3661629118036092], "Sigma": [[0.031158020231375285, 0.009071240245618874, -0.0673624106081828], [0.009071240245618874, 0.010790528023402367, -0.008207175063949287], [-0.0673624106081828, -0.008207175063949287, 0.2382770551088819]], "chi2_level": 0.99, "chi2_df": 3, "chi2_threshold": 11.344866730144373, "N_raw": 103, "N_roi": 103, "N_inlier": 101, "refit": true}
{"timestamp": "16:22:07.461417", "frame": 106, "mu": [-1.4622664864075179, 1.3165978239263307, 0.29114726953132714], "Sigma": [[0.02959456901629968, 0.01313569790532855, 0.058293616748141985], [0.013135697905328552, 0.013836711226297526, 0.014124457300902098], [0.058293616748141985, 0.014124457300902098, 0.2941796838749416]], "chi2_level": 0.99, "chi2_df": 3, "chi2_threshold": 11.344866730144373, "N_raw": 104, "N_roi": 104, "N_inlier": 103, "refit": true}
{"timestamp": "16:22:07.515262", "frame": 107, "mu": [-1.4479697599982435, 1.3518980637569853, 1.4914771345847346], "Sigma": [[0.026878204067608307, 0.0134932779620313, -0.017501782719489677], [0.0134932779620313, 0.01522918346247172, -0.008796536192082816], [-0.017501782719489677, -0.008796536192082816, 0.012203448679862785]], "chi2_level": 0.99, "chi2_df": 3, "chi2_threshold": 11.344866730144373, "N_raw": 98, "N_roi": 98, "N_inlier": 94, "refit": true}
{"timestamp": "16:22:07.570413", "frame": 108, "mu": [-1.4022979164742932, 1.422794889879617, 1.4376078015414786], "Sigma": [[0.03226960053350149, 0.015129815517678773, -0.025676999298354257], [0.015129815517678773, 0.01479722743324753, -0.01410236100247499], [-0.025676999298354257, -0.01410236100247499, 0.08383352323568838]], "chi2_level": 0.99, "chi2_df": 3, "chi2_threshold": 11.344866730144373, "N_raw": 96, "N_roi": 96, "N_inlier": 92, "refit": true}
{"timestamp": "16:22:07.625168", "frame": 109, "mu": [-1.460670421240803, 1.3683108042510022, 1.0873190890470588], "Sigma": [[0.05366643637807905, 0.021154886877688447, -0.16549709060138454], [0.021154886877688447, 0.0198249855586374, -0.05973083025108441], [-0.16549709060138454, -0.05973083025108441, 0.6302687921062083]], "chi2_level": 0.99, "chi2_df": 3, "chi2_threshold": 11.344866730144373, "N_raw": 101, "N_roi": 101, "N_inlier": 100, "refit": true}
{"timestamp": "16:22:07.675138", "frame": 110, "mu": [-1.3442223959317994, 1.5640522830140797, 1.2537170950626877], "Sigma": [[0.009789131351700267, 0.003002911274062645, -0.008910269295851909], [0.003002911274062645, 0.006898320326996451, -0.004417884471799516], [-0.008910269295851909, -0.004417884471799516, 0.2174502639199382]], "chi2_level": 0.99, "chi2_df": 3, "chi2_threshold": 11.344866730144373, "N_raw": 58, "N_roi": 58, "N_inlier": 55, "refit": true}
