{"timestamp": "15:53:59.636020", "frame": 17, "mu": [-0.1540229982070687, 0.16524343197703292, 0.6652131796265419], "Sigma": [[1.1359696417786276, -0.04818782323440621, -0.4943648344551284], [-0.04818782323440621, 0.010166423079229846, 0.06199749611121049], [-0.4943648344551285, 0.06199749611121049, 0.4328323389491772]], "chi2_level": 0.99, "chi2_df": 3, "chi2_threshold": 11.344866730144373, "N_raw": 8, "N_roi": 7, "N_inlier": 7, "refit": true}
{"timestamp": "15:53:59.691800", "frame": 18, "mu": [-0.07297007454818077, 0.5320254168358884, -1.063469274010349], "Sigma": [[1.0800885479737723, 0.18117231124462618, -0.7314055288015135], [0.18117231124462618, 0.03177439046188048, -0.12477457749890555], [-0.7314055288015135, -0.12477457749890555, 0.49967831620556824]], "chi2_level": 0.99, "chi2_df": 3, "chi2_threshold": 11.344866730144373, "N_raw": 8, "N_roi": 8, "N_inlier": 8, "refit": true}
{"timestamp": "15:53:59.747319", "frame": 19, "mu": [0.42391001573173315, 0.2533721278232052, 1.532577391015015], "Sigma": [[0.7727895297546828, 0.026366940866559267, 0.02484326102034646], [0.026366940866559267, 0.0018849774107248438, 0.0002769155753985338], [0.024843261020346452, 0.0002769155753985338, 0.0032145253386207592]], "chi2_level": 0.99, "chi2_df": 3, "chi2_threshold": 11.344866730144373, "N_raw": 15, "N_roi": 14, "N_inlier": 14, "refit": true}
{"timestamp": "15:53:59.803100", "frame": 20, "mu": [0.35325836325655724, 0.19500858894758943, 1.1664130736141032], "Sigma": [[0.795056242231626, 0.06386036724800395, 0.2872140153297442], [0.06386036724800395, 0.010367508681228982, 0.04154057013953831], [0.2872140153297442, 0.04154057013953831, 0.2834352149837198]], "chi2_level": 0.99, "chi2_df": 3, "chi2_threshold": 11.344866730144373, "N_raw": 8, "N_roi": 7, "N_inlier": 7, "refit": true}
{"timestamp": "15:53:59.911965", "frame": 22, "mu": [0.921252709479913, 0.3703624717125461, 1.0723441267649299], "Sigma": [[0.015160340976001586, -0.01281132395677324, -0.0820291284586602], [-0.01281132395677324, 0.012486992156959717, 0.0785469299898018], [-0.0820291284586602, 0.07854692998980178, 0.5074958916684301]], "chi2_level": 0.99, "chi2_df": 3, "chi2_threshold": 11.344866730144373, "N_raw": 10, "N_roi": 9, "N_inlier": 9, "refit": true}
{"timestamp": "15:53:59.967466", "frame": 23, "mu": [0.8056836458903642, 0.45217208018793525, 1.4397375909968255], "Sigma": [[0.0058517593196087654, -0.003563074265812107, -0.030125461949824524], [-0.0035630742658121065, 0.00333023004293704, 0.02226226208141559], [-0.030125461949824524, 0.022262262081415594, 0.1958889823645811]], "chi2_level": 0.99, "chi2_df": 3, "chi2_threshold": 11.344866730144373, "N_raw": 18, "N_roi": 18, "N_inlier": 18, "refit": true}
{"timestamp": "15:54:00.024923", "frame": 24, "mu": [0.691924655220511, 0.5607801991294469, 1.5149610270030867], "Sigma": [[0.0015574374100536467, -0.0002672653104863731, -0.0012092692002777091], [-0.0002672653104863731, 0.00391265446075459, 0.006106826978558914], [-0.0012092692002777091, 0.006106826978558912, 0.02621786410281643]], "chi2_level": 0.99, "chi2_df": 3, "chi2_threshold": 11.344866730144373, "N_raw": 33, "N_roi": 33, "N_inlier": 29, "refit": true}
{"timestamp": "15:54:00.081492", "frame": 25, "mu": [0.6452719190198763, 0.6135293706089624, 1.5234917638226346], "Sigma": [[0.002605625853754445, -0.0002045422756668319, -0.0013696829961625375], [-0.00020454227566683194, 0.001930326609489594, -0.0008123334100136469], [-0.0013696829961625375, -0.0008123334100136469, 0.0013499836021828786]], "chi2_level": 0.99, "chi2_df": 3, "chi2_threshold": 11.344866730144373, "N_raw": 40, "N_roi": 40, "N_inlier": 37, "refit": true}
{"timestamp": "15:54:00.131800", "frame": 26, "mu": [0.7097199309133542, 0.5213540367906776, 0.8785477169032339], "Sigma": [[0.02217710028230837, -0.010956955701115443, -0.09738473580519263], [-0.010956955701115443, 0.010993408065888461, 0.058338332811800724], [-0.09738473580519263, 0.05833833281180073, 0.47396874357288893]], "chi2_level": 0.99, "chi2_df": 3, "chi2_threshold": 11.344866730144373, "N_raw": 10, "N_roi": 8, "N_inlier": 8, "refit": true}
{"timestamp": "15:54:00.188440", "frame": 27, "mu": [0.5409340666162259, 0.6853720628179617, 1.4986776375483066], "Sigma": [[0.0011912261892847353, 0.00026335405018791224, 0.0014907751812806836], [0.00026335405018791213, 0.0010927187983037422, -0.0016789856469355783], [0.001490775181280684, -0.0016789856469355783, 0.020067119687594545]], "chi2_level": 0.99, "chi2_df": 3, "chi2_threshold": 11.344866730144373, "N_raw": 23, "N_roi": 23, "N_inlier": 20, "refit": true}
{"timestamp": "15:54:00.242146", "frame": 28, "mu": [0.5412382748591907, 0.7169861062948962, 0.8019748085843585], "Sigma": [[0.018315490711218442, -0.011155135378940608, -0.0655159185503167], [-0.01115513537894061, 0.01591256070464725, 0.05797256298039186], [-0.0655159185503167, 0.05797256298039187, 0.4271152184974031]], "chi2_level": 0.99, "chi2_df": 3, "chi2_threshold": 11.344866730144373, "N_raw": 12, "N_roi": 12, "N_inlier": 12, "refit": true}
{"timestamp": "15:54:00.298320", "frame": 29, "mu": [0.479583335536312, 0.8032893984729087, 1.2818379233183363], "Sigma": [[0.0035019076564237806, 0.0006997017727184174, -0.010077431773237644], [0.0006997017727184173, 0.0005593904505156228, -0.004315712569990667], [-0.010077431773237645, -0.004315712569990666, 0.2756817002559538]], "chi2_level": 0.99, "chi2_df": 3, "chi2_threshold": 11.344866730144373, "N_raw": 18, "N_roi": 18, "N_inlier": 17, "refit": true}
{"timestamp": "15:54:00.357109", "frame": 30, "mu": [0.4472780876736651, 0.8978893145913461, 1.4213397483151782], "Sigma": [[0.002236617604049449, 1.94161843085731e-05, -0.002016642428957205], [1.941618430857311e-05, 0.001063676962193193, -3.7635915654896294e-05], [-0.002016642428957205, -3.7635915654896294e-05, 0.012544234410917805]], "chi2_level": 0.99, "chi2_df": 3, "chi2_threshold": 11.344866730144373, "N_raw": 49, "N_roi": 49, "N_inlier": 46, "refit": true}
{"timestamp": "15:54:00.413694", "frame": 31, "mu": [0.3975172869289005, 0.9724560698773398, 1.5070359067287356], "Sigma": [[0.0019420319340668773, 0.00028181222367814517, -0.0017761935384043932], [0.0002818122236781452, 0.002543994403429479, -0.0022162652526868903], [-0.0017761935384043932, -0.0022162652526868903, 0.0038524872143406086]], "chi2_level": 0.99, "chi2_df": 3, "chi2_threshold": 11.344866730144373, "N_raw": 48, "N_roi": 48, "N_inlier": 45, "refit": true}
{"timestamp": "15:54:00.470178", "frame": 32, "mu": [0.3213854980703166, 1.0081571170209276, 1.4504479330987194], "Sigma": [[0.002538812834723737, 0.003623215534616428, 0.0023200515982503426], [0.0036232155346164275, 0.010016716441941556, 0.003593852466200514], [0.0023200515982503426, 0.003593852466200514, 0.01106961232295842]], "chi2_level": 0.99, "chi2_df": 3, "chi2_threshold": 11.344866730144373, "N_raw": 56, "N_roi": 56, "N_inlier": 56, "refit": true}
{"timestamp": "15:54:00.525831", "frame": 33, "mu": [0.2705715560826104, 1.0719413018431492, 1.496172729859648], "Sigma": [[0.0023472273005894235, 0.0010251373002320087, -0.003516465087808367], [0.0010251373002320087, 0.006951138721268937, 0.010257096039138595], [-0.003516465087808367, 0.010257096039138595, 0.06903349132267847]], "chi2_level": 0.99, "chi2_df": 3, "chi2_threshold": 11.344866730144373, "N_raw": 62, "N_roi": 60, "N_inlier": 56, "refit": true}
{"timestamp": "15:54:00.583496", "frame": 34, "mu": [0.21611602753756626, 1.1369503520630788, 1.5116691391711938], "Sigma": [[0.002809355224907965, 0.0009244700098721859, -0.0012140171052461726], [0.0009244700098721859, 0.00528532075284563, 0.003996127699730707], [-0.0012140171052461724, 0.003996127699730707, 0.038498949642154]], "chi2_level": 0.99, "chi2_df": 3, "chi2_threshold": 11.344866730144373, "N_raw": 77, "N_roi": 77, "N_inlier": 72, "refit": true}
{"timestamp": "15:54:00.630446", "frame": 35, "mu": [0.1294806024116869, 1.1406294799496597, 1.2500236914434217], "Sigma": [[0.0004902017285259662, 0.0014896507065311215, 0.006618812198893242], [0.0014896507065311215, 0.009289837265043946, 0.04136111445318168], [0.006618812198893244, 0.04136111445318168, 0.4574869543328728]], "chi2_level": 0.99, "chi2_df": 3, "chi2_threshold": 11.344866730144373, "N_raw": 15, "N_roi": 13, "N_inlier": 13, "refit": true}
{"timestamp": "15:54:00.693554", "frame": 36, "mu": [0.1296054193117207, 1.4359979215603138, 1.4836222501750655], "Sigma": [[0.016998008239454156, 0.07472817197580525, -0.044146375849910144], [0.07472817197580525, 0.38720341766347105, -0.22567587023537777], [-0.044146375849910144, -0.22567587023537777, 0.13269798299228489]], "chi2_level": 0.99, "chi2_df": 3, "chi2_threshold": 11.344866730144373, "N_raw": 74, "N_roi": 74, "N_inlier": 68, "refit": true}
{"timestamp": "15:54:00.741191", "frame": 37, "mu": [-0.02762448568939616, 1.2609105416592359, 1.5527949318994163], "Sigma": [[0.003967737548979887, -0.0024124125132550128, 0.01044685027424941], [-0.0024124125132550128, 0.003681759078501385, -0.008803901337042324], [0.01044685027424941, -0.008803901337042324, 0.11769970931075728]], "chi2_level": 0.99, "chi2_df": 3, "chi2_threshold": 11.344866730144373, "N_raw": 28, "N_roi": 28, "N_inlier": 26, "refit": true}
{"timestamp": "15:54:00.805314", "frame": 38, "mu": [-0.0728986781420181, 1.3278390936137945, 1.4708388077643892], "Sigma": [[0.004330818488894887, 0.002473339512642878, 0.003347334755000356], [0.0024733395126428775, 0.0111218866580236, 0.016701560287224044], [0.0033473347550003556, 0.016701560287224044, 0.05921077751699427]], "chi2_level": 0.99, "chi2_df": 3, "chi2_threshold": 11.344866730144373, "N_raw": 89, "N_roi": 88, "N_inlier": 84, "refit": true}
{"timestamp": "15:54:00.861804", "frame": 39, "mu": [-0.1633608744052411, 1.2510669437825381, 1.223154114519116], "Sigma": [[0.004171279078381557, -5.763591591969795e-05, -0.004197856499177152], [-5.7635915919697894e-05, 0.006729088625167842, -0.005277890889496557], [-0.004197856499177152, -0.005277890889496557, 0.02157373272282331]], "chi2_level": 0.99, "chi2_df": 3, "chi2_threshold": 11.344866730144373, "N_raw": 86, "N_roi": 86, "N_inlier": 83, "refit": true}
{"timestamp": "15:54:00.916355", "frame": 40, "mu": [-0.2121210972436252, 1.4540324039700308, 1.6373633699766241], "Sigma": [[0.005555128947611579, -0.0012703194452572141, -0.005208353981530216], [-0.0012703194452572141, 0.005046274572651924, -0.002300155537384193], [-0.005208353981530216, -0.002300155537384193, 0.01998954411852448]], "chi2_level": 0.99, "chi2_df": 3, "chi2_threshold": 11.344866730144373, "N_raw": 78, "N_roi": 78, "N_inlier": 73, "refit": true}
{"timestamp": "15:54:00.974924", "frame": 41, "mu": [-0.2096618159637098, 1.5167229311064068, 0.14553831566912448], "Sigma": [[0.009695206138706941, -0.0014880123320482256, 0.022950156415446375], [-0.0014880123320482256, 0.0073063498653218, -0.0082384255568029], [0.022950156415446375, -0.0082384255568029, 0.19026056288701898]], "chi2_level": 0.99, "chi2_df": 3, "chi2_threshold": 11.344866730144373, "N_raw": 113, "N_roi": 113, "N_inlier": 108, "refit": true}
{"timestamp": "15:54:01.030692", "frame": 42, "mu": [-0.3212912719935722, 1.5642004071357916, 1.2248236130625567], "Sigma": [[0.006937110294447292, 0.0004228049788124467, -0.024348996512397317], [0.0004228049788124468, 0.011316905674066435, -0.013720151846443002], [-0.024348996512397317, -0.013720151846443002, 0.318739646007108]], "chi2_level": 0.99, "chi2_df": 3, "chi2_threshold": 11.344866730144373, "N_raw": 119, "N_roi": 119, "N_inlier": 117, "refit": true}
{"timestamp": "15:54:01.080738", "frame": 43, "mu": [-0.37084968467187807, 1.5831997155776636, 1.5576504626655034], "Sigma": [[0.003986974915240541, 0.0013611620573820249, -2.257966237155691e-05], [0.0013611620573820247, 0.012957012438753043, 0.007032949768432068], [-2.257966237155691e-05, 0.007032949768432068, 0.01786796690851517]], "chi2_level": 0.99, "chi2_df": 3, "chi2_threshold": 11.344866730144373, "N_raw": 77, "N_roi": 76, "N_inlier": 70, "refit": true}
{"timestamp": "15:54:01.139708", "frame": 44, "mu": [-0.4998252149753377, 1.6234735230865056, 1.4743764982700824], "Sigma": [[0.008280239525645824, 0.00018519416444545765, 0.01702276084439603], [0.00018519416444545765, 0.007110928727852212, 0.010484193296437475], [0.01702276084439603, 0.010484193296437473, 0.11725585178589884]], "chi2_level": 0.99, "chi2_df": 3, "chi2_threshold": 11.344866730144373, "N_raw": 87, "N_roi": 84, "N_inlier": 79, "refit": true}
{"timestamp": "15:54:01.193818", "frame": 45, "mu": [-0.5056992406947156, 1.7362670364631914, 0.2768124923268417], "Sigma": [[0.007584173977623053, -0.0013467731404261608, 0.025351597897451943], [-0.0013467731404261608, 0.009222613388451427, 0.0028154528592914457], [0.025351597897451946, 0.0028154528592914466, 0.3498733059588985]], "chi2_level": 0.99, "chi2_df": 3, "chi2_threshold": 11.344866730144373, "N_raw": 97, "N_roi": 95, "N_inlier": 92, "refit": true}
{"timestamp": "15:54:01.247827", "frame": 46, "mu": [-0.534047853203117, 1.7648666213321509, 1.443691249352113], "Sigma": [[0.01413673647220401, -0.013928570272629249, -0.04468465773840165], [-0.01392857027262925, 0.026081007485623066, 0.06689498247862523], [-0.04468465773840165, 0.06689498247862523, 0.25017097861063503]], "chi2_level": 0.99, "chi2_df": 3, "chi2_threshold": 11.344866730144373, "N_raw": 97, "N_roi": 97, "N_inlier": 95, "refit": true}
{"timestamp": "15:54:01.299609", "frame": 47, "mu": [-0.6099119385808843, 1.7104013564693246, 1.300887527153034], "Sigma": [[0.01021775457753087, -0.002747758627989392, -0.022509815851680652], [-0.002747758627989392, 0.007545545019508969, 0.0176491337403222], [-0.022509815851680652, 0.0176491337403222, 0.12261866973038113]], "chi2_level": 0.99, "chi2_df": 3, "chi2_threshold": 11.344866730144373, "N_raw": 79, "N_roi": 79, "N_inlier": 77, "refit": true}
{"timestamp": "15:54:01.359012", "frame": 48, "mu": [-0.6081682756678013, 1.8364120056144044, 1.3596596677245318], "Sigma": [[0.01164421497690754, -0.00588798709687033, -0.030515126480288323], [-0.00588798709687033, 0.01875542987907279, 0.03854307108524371], [-0.030515126480288323, 0.03854307108524371, 0.17228934684492145]], "chi2_level": 0.99, "chi2_df": 3, "chi2_threshold": 11.344866730144373, "N_raw": 98, "N_roi": 96, "N_inlier": 93, "refit": true}
{"timestamp": "15:54:01.418906", "frame": 49, "mu": [-0.6342672919552499, 1.807147086997257, 0.9754641367810757], "Sigma": [[0.011407576573290253, -0.006883223038064945, -0.03168469586716484], [-0.006883223038064944, 0.01800558134625761, 0.048537664760012415], [-0.03168469586716484, 0.048537664760012415, 0.24446965272466228]], "chi2_level": 0.99, "chi2_df": 3, "chi2_threshold": 11.344866730144373, "N_raw": 135, "N_roi": 132, "N_inlier": 132, "refit": true}
{"timestamp": "15:54:01.467077", "frame": 50, "mu": [-0.6999864541305508, 1.9912430635510927, 1.2807903232573778], "Sigma": [[0.007890027467150394, 0.0007781282083192042, -0.015855480560852196], [0.0007781282083192042, 0.009928179602790708, 0.006587246755839824], [-0.015855480560852196, 0.006587246755839824, 0.11558351659210468]], "chi2_level": 0.99, "chi2_df": 3, "chi2_threshold": 11.344866730144373, "N_raw": 91, "N_roi": 91, "N_inlier": 87, "refit": true}
{"timestamp": "15:54:01.521545", "frame": 51, "mu": [-0.8235993432074055, 2.0171056288342304, 1.1369971597719968], "Sigma": [[0.00649660614344794, 0.0011347417785757628, 0.005389839986303465], [0.0011347417785757628, 0.004686275489613446, 0.00020796246114522477], [0.005389839986303465, 0.00020796246114522608, 0.21487404408006702]], "chi2_level": 0.99, "chi2_df": 3, "chi2_threshold": 11.344866730144373, "N_raw": 92, "N_roi": 91, "N_inlier": 90, "refit": true}
{"timestamp": "15:54:01.576807", "frame": 52, "mu": [-0.8739404864294067, 2.051334507365372, 1.1142349757518015], "Sigma": [[0.009518318540080686, -0.0012077209498523945, -0.0023678032626330073], [-0.0012077209498523942, 0.00473154993864225, -0.011668221771192035], [-0.0023678032626330073, -0.011668221771192033, 0.17632210676993695]], "chi2_level": 0.99, "chi2_df": 3, "chi2_threshold": 11.344866730144373, "N_raw": 89, "N_roi": 89, "N_inlier": 87, "refit": true}
{"timestamp": "15:54:01.626946", "frame": 53, "mu": [-0.8708237054847769, 2.176604122655743, 1.4114581366405412], "Sigma": [[0.01037622280775448, 0.0034316361152015077, -0.02010510929986969], [0.0034316361152015072, 0.007335348418142343, -0.004548823948174086], [-0.02010510929986969, -0.004548823948174085, 0.06320729114319563]], "chi2_level": 0.99, "chi2_df": 3, "chi2_threshold": 11.344866730144373, "N_raw": 64, "N_roi": 63, "N_inlier": 61, "refit": true}
{"timestamp": "15:54:01.684198", "frame": 54, "mu": [-0.980905167771263, 2.1449242528184764, 1.2960993904755413], "Sigma": [[0.011878093168176179, 0.003830323783755079, -0.012654290731210275], [0.0038303237837550783, 0.006513889735483578, -0.01015740866328092], [-0.012654290731210275, -0.010157408663280921, 0.02423559194591022]], "chi2_level": 0.99, "chi2_df": 3, "chi2_threshold": 11.344866730144373, "N_raw": 80, "N_roi": 77, "N_inlier": 76, "refit": true}
{"timestamp": "15:54:01.738277", "frame": 55, "mu": [-0.9068045208594839, 2.227987534124507, -0.7921016614633882], "Sigma": [[0.02328065313387108, 0.003733685827134089, 0.001480819196079142], [0.003733685827134089, 0.010265023941725444, -0.02264434735401303], [0.0014808191960791412, -0.022644347354013033, 0.2444566922860968]], "chi2_level": 0.99, "chi2_df": 3, "chi2_threshold": 11.344866730144373, "N_raw": 80, "N_roi": 80, "N_inlier": 80, "refit": true}
{"timestamp": "15:54:01.793544", "frame": 56, "mu": [-0.9673957622872823, 2.2253985756567403, 1.0388287836682908], "Sigma": [[0.027944474133512746, -0.006329896937722335, -0.08512421614871797], [-0.006329896937722335, 0.008928507801201536, 0.02108152031772301], [-0.08512421614871796, 0.021081520317723014, 0.29920531772046893]], "chi2_level": 0.99, "chi2_df": 3, "chi2_threshold": 11.344866730144373, "N_raw": 74, "N_roi": 74, "N_inlier": 73, "refit": true}
{"timestamp": "15:54:01.847448", "frame": 57, "mu": [-1.1590934514063729, 2.3358316241031725, 1.4238371501749973], "Sigma": [[0.015347019481017127, 0.0035647592209382076, -0.03348316442754121], [0.0035647592209382085, 0.008675789419796442, -0.010224291805104601], [-0.0334831644275412, -0.010224291805104601, 0.10436140463546098]], "chi2_level": 0.99, "chi2_df": 3, "chi2_threshold": 11.344866730144373, "N_raw": 67, "N_roi": 67, "N_inlier": 67, "refit": true}
{"timestamp": "15:54:01.903642", "frame": 58, "mu": [-1.2692942971249521, 2.3763724703267854, 1.4905658156116157], "Sigma": [[0.012101350881620647, 0.003921668795006803, -0.010848728595869083], [0.003921668795006804, 0.013893061462917898, -0.0048221474980023465], [-0.010848728595869085, -0.0048221474980023465, 0.014715264167003616]], "chi2_level": 0.99, "chi2_df": 3, "chi2_threshold": 11.344866730144373, "N_raw": 83, "N_roi": 83, "N_inlier": 80, "refit": true}
{"timestamp": "15:54:01.956661", "frame": 59, "mu": [-1.327872097760599, 2.382598053774354, 1.3568977684026313], "Sigma": [[0.009600087352957136, 0.0037370840689622386, -0.015586080213018454], [0.0037370840689622386, 0.008168572838584168, -0.01814356614384072], [-0.015586080213018454, -0.01814356614384072, 0.15794809979512558]], "chi2_level": 0.99, "chi2_df": 3, "chi2_threshold": 11.344866730144373, "N_raw": 56, "N_roi": 55, "N_inlier": 53, "refit": true}
{"timestamp": "15:54:02.005649", "frame": 60, "mu": [-1.3598792113119975, 2.505475730041815, 1.0478460058420411], "Sigma": [[0.010140342840009616, 0.006756384211679954, -0.03916240680992633], [0.006756384211679954, 0.00750751957192457, -0.039021438928920966], [-0.03916240680992633, -0.039021438928920966, 0.37110338174047736]], "chi2_level": 0.99, "chi2_df": 3, "chi2_threshold": 11.344866730144373, "N_raw": 28, "N_roi": 28, "N_inlier": 27, "refit": true}
{"timestamp": "15:54:02.067642", "frame": 61, "mu": [-1.4536479501491606, 2.5861151714948423, 0.8946272703429152], "Sigma": [[0.014058425388774677, 0.005374122109802003, -0.017813260318084955], [0.005374122109802003, 0.01578551848156356, -0.05832131119072183], [-0.017813260318084955, -0.05832131119072183, 0.24600639478413103]], "chi2_level": 0.99, "chi2_df": 3, "chi2_threshold": 11.344866730144373, "N_raw": 72, "N_roi": 72, "N_inlier": 70, "refit": true}
{"timestamp": "15:54:02.124280", "frame": 62, "mu": [-1.4266215156459294, 2.8719770092801196, -0.5482905322130489], "Sigma": [[0.013112505783583403, -0.0022285690002312626, -0.0046582627143043525], [-0.0022285690002312626, 0.0360112611477359, -0.025658136604672775], [-0.0046582627143043525, -0.025658136604672775, 0.09632228830792307]], "chi2_level": 0.99, "chi2_df": 3, "chi2_threshold": 11.344866730144373, "N_raw": 84, "N_roi": 84, "N_inlier": 84, "refit": true}
{"timestamp": "15:54:02.176709", "frame": 63, "mu": [-1.5027738109003932, 2.598349105757935, 1.0881075690539828], "Sigma": [[0.01459519831009525, 0.0017398292254529814, -0.033817973900602184], [0.0017398292254529816, 0.0018601194122384818, -0.007172989556854055], [-0.033817973900602184, -0.007172989556854055, 0.11256917523360757]], "chi2_level": 0.99, "chi2_df": 3, "chi2_threshold": 11.344866730144373, "N_raw": 54, "N_roi": 54, "N_inlier": 54, "refit": true}
{"timestamp": "15:54:02.225827", "frame": 64, "mu": [-1.630736334832978, 2.6554739059709602, 1.6297914507757245], "Sigma": [[0.01334804959389777, 0.008275118667159534, -0.022348248895786654], [0.008275118667159532, 0.0077779976548431485, -0.014287606316334687], [-0.022348248895786658, -0.014287606316334687, 0.04393910574814119]], "chi2_level": 0.99, "chi2_df": 3, "chi2_threshold": 11.344866730144373, "N_raw": 26, "N_roi": 26, "N_inlier": 25, "refit": true}
{"timestamp": "15:54:02.278622", "frame": 65, "mu": [-1.5501215263765449, 2.8738676578827027, 1.3973915392403764], "Sigma": [[0.010246020619048292, 0.00871885431580341, -0.01233380527696042], [0.008718854315803408, 0.009434277946910338, -0.011386671212564498], [-0.01233380527696042, -0.011386671212564498, 0.024968566712793773]], "chi2_level": 0.99, "chi2_df": 3, "chi2_threshold": 11.344866730144373, "N_raw": 14, "N_roi": 14, "N_inlier": 12, "refit": true}
{"timestamp": "15:54:02.332650", "frame": 66, "mu": [-1.6231629282250675, 2.958745348604444, 0.11835707345435963], "Sigma": [[0.0020451276956211673, 0.0028452797778286353, 0.0019786237417897686], [0.0028452797778286353, 0.012705263096277482, -0.013372933424578863], [0.0019786237417897695, -0.013372933424578863, 0.03645148640479422]], "chi2_level": 0.99, "chi2_df": 3, "chi2_threshold": 11.344866730144373, "N_raw": 8, "N_roi": 8, "N_inlier": 8, "refit": true}
{"timestamp": "15:54:02.390642", "frame": 67, "mu": [-1.7708780142016989, 2.9153256226959, 1.5408455017590956], "Sigma": [[0.009408026941801585, 0.004498188082461919, -0.00695245904965458], [0.004498188082461919, 0.00442241489733851, -0.0035677428790715946], [-0.00695245904965458, -0.0035677428790715946, 0.006492654610462233]], "chi2_level": 0.99, "chi2_df": 3, "chi2_threshold": 11.344866730144373, "N_raw": 27, "N_roi": 24, "N_inlier": 23, "refit": true}
{"timestamp": "15:54:02.498627", "frame": 69, "mu": [-1.9097080391506502, 2.9866926791728527, 1.5953134968654052], "Sigma": [[0.004491072333715999, 0.002794490823554527, -0.0058646144160300695], [0.002794490823554527, 0.004426099762052788, -0.004272488164582265], [-0.0058646144160300695, -0.004272488164582266, 0.00886450187269837]], "chi2_level": 0.99, "chi2_df": 3, "chi2_threshold": 11.344866730144373, "N_raw": 15, "N_roi": 15, "N_inlier": 15, "refit": true}
{"timestamp": "15:54:02.555640", "frame": 70, "mu": [-2.025760127859111, 2.8960627595542214, 1.477303817451931], "Sigma": [[0.008752952524075479, 0.003704545474254488, -0.003590319272501373], [0.003704545474254488, 0.009595994808185519, -0.026696175177323908], [-0.003590319272501372, -0.026696175177323908, 0.11714128927307842]], "chi2_level": 0.99, "chi2_df": 3, "chi2_threshold": 11.344866730144373, "N_raw": 24, "N_roi": 23, "N_inlier": 23, "refit": true}
{"timestamp": "15:54:02.608650", "frame": 71, "mu": [-2.0213276755315577, 3.084445690489604, 1.0386231975379763], "Sigma": [[0.01856313470028418, 0.007423455899957673, -0.0021696702865197023], [0.007423455899957673, 0.014956973974645524, -0.029891479439600497], [-0.002169670286519706, -0.029891479439600497, 0.13933798139433787]], "chi2_level": 0.99, "chi2_df": 3, "chi2_threshold": 11.344866730144373, "N_raw": 11, "N_roi": 11, "N_inlier": 10, "refit": true}
{"timestamp": "15:54:02.663696", "frame": 72, "mu": [-1.927331622040874, 3.1604895705655585, 0.7667684218203743], "Sigma": [[0.014450697951340864, -0.006411752567812635, -0.01156347338389238], [-0.006411752567812635, 0.01503318068472347, -0.039967734827110545], [-0.01156347338389238, -0.03996773482711055, 0.22229792445608934]], "chi2_level": 0.99, "chi2_df": 3, "chi2_threshold": 11.344866730144373, "N_raw": 9, "N_roi": 9, "N_inlier": 9, "refit": true}
{"timestamp": "15:54:02.722147", "frame": 73, "mu": [-1.9405707669066268, 3.253805684573783, 1.1155988534508343], "Sigma": [[0.030715810318967245, 0.02302948314051076, -0.05056233451394343], [0.02302948314051076, 0.022322521665541967, -0.03260570455523328], [-0.05056233451394343, -0.03260570455523328, 0.1025438037513654]], "chi2_level": 0.99, "chi2_df": 3, "chi2_threshold": 11.344866730144373, "N_raw": 29, "N_roi": 17, "N_inlier": 17, "refit": true}
{"timestamp": "15:54:02.774916", "frame": 74, "mu": [-2.086736229519073, 3.2965538485713815, 0.230962990746554], "Sigma": [[0.02530592826527376, 0.033642075044413994, -0.01409361211538668], [0.033642075044413994, 0.04802531871961843, -0.02046291307922267], [-0.01409361211538668, -0.02046291307922267, 0.023332383164822647]], "chi2_level": 0.99, "chi2_df": 3, "chi2_threshold": 11.344866730144373, "N_raw": 22, "N_roi": 9, "N_inlier": 8, "refit": true}
{"timestamp": "15:54:02.829900", "frame": 75, "mu": [-2.347568630492991, 3.085236394667845, 1.5021740439467437], "Sigma": [[0.0033098869672424183, 0.0035995466444093582, -0.0016001022343578673], [0.0035995466444093582, 0.01726642995551021, 0.0006157065743643008], [-0.0016001022343578673, 0.0006157065743643013, 0.004378690482992388]], "chi2_level": 0.99, "chi2_df": 3, "chi2_threshold": 11.344866730144373, "N_raw": 17, "N_roi": 11, "N_inlier": 11, "refit": true}
{"timestamp": "15:54:03.049776", "frame": 79, "mu": [-2.418528624243507, 3.4081981439861297, 1.3499373640711225], "Sigma": [[0.0024965126324114142, 0.0007679404696870104, 0.001703447953397279], [0.0007679404696870101, 0.003990419956968211, -0.00878731365828723], [0.001703447953397279, -0.00878731365828723, 0.16572427679660534]], "chi2_level": 0.99, "chi2_df": 3, "chi2_threshold": 11.344866730144373, "N_raw": 24, "N_roi": 13, "N_inlier": 13, "refit": true}
{"timestamp": "15:54:03.106914", "frame": 80, "mu": [-2.422958683684178, 3.5067406940051504, 1.5475758643872606], "Sigma": [[0.002717973711207887, 0.001349597854572082, -0.0004052482012843189], [0.001349597854572082, 0.0038079349918441153, -0.0007441466406517275], [-0.0004052482012843189, -0.0007441466406517275, 0.0001553984182875822]], "chi2_level": 0.99, "chi2_df": 3, "chi2_threshold": 11.344866730144373, "N_raw": 39, "N_roi": 11, "N_inlier": 10, "refit": true}
