{"timestamp": "15:47:00.193567", "frame": 17, "mu": [0.7118773194863997, 4.972210494620338, 1.0494452318567893], "Sigma": [[0.01747149925427646, -0.0021187392926842632, -0.006286732371420566], [-0.0021187392926842632, 0.00035781828421359036, 0.0003432307559357758], [-0.006286732371420565, 0.0003432307559357759, 0.004920341586079246]], "chi2_level": 0.99, "chi2_df": 3, "chi2_threshold": 11.344866730144373, "N_raw": 44, "N_roi": 11, "N_inlier": 9, "refit": true}
{"timestamp": "15:47:00.246395", "frame": 18, "mu": [0.6971064812460068, 4.937105952865549, 0.7508559008320091], "Sigma": [[0.021491250338699083, -0.002814178799051324, -0.005325922498315905], [-0.002814178799051324, 0.0004838930205424164, -0.0002901055057398324], [-0.005325922498315906, -0.00029010550573983237, 0.012568365809541666]], "chi2_level": 0.99, "chi2_df": 3, "chi2_threshold": 11.344866730144373, "N_raw": 23, "N_roi": 22, "N_inlier": 20, "refit": true}
{"timestamp": "15:47:00.358247", "frame": 20, "mu": [0.6517362164555687, 4.83991346213185, 0.8023993288693351], "Sigma": [[0.022163174310103714, -0.004086310176012855, -0.005564521036785276], [-0.004086310176012855, 0.002120762262416565, -0.0006123545994439064], [-0.005564521036785276, -0.0006123545994439063, 0.006113079148220859]], "chi2_level": 0.99, "chi2_df": 3, "chi2_threshold": 11.344866730144373, "N_raw": 25, "N_roi": 25, "N_inlier": 25, "refit": true}
{"timestamp": "15:47:00.416835", "frame": 21, "mu": [0.6368835807691657, 4.814268403471588, 0.7651812593042557], "Sigma": [[0.03313224242641516, -0.004793147137088356, -0.027407977184221333], [-0.004793147137088354, 0.002533182536276675, 3.792421642342157e-05], [-0.027407977184221333, 3.792421642342165e-05, 0.03987650089349691]], "chi2_level": 0.99, "chi2_df": 3, "chi2_threshold": 11.344866730144373, "N_raw": 49, "N_roi": 49, "N_inlier": 48, "refit": true}
{"timestamp": "15:47:00.472390", "frame": 22, "mu": [0.6155574287440139, 4.750042061960965, 1.002553319173831], "Sigma": [[0.025686366020497835, -0.0036177534374289017, -0.01450473809204172], [-0.0036177534374289017, 0.0033957629726955067, -0.0028395107480873785], [-0.01450473809204172, -0.0028395107480873785, 0.02063355207287855]], "chi2_level": 0.99, "chi2_df": 3, "chi2_threshold": 11.344866730144373, "N_raw": 47, "N_roi": 47, "N_inlier": 47, "refit": true}
{"timestamp": "15:47:00.530807", "frame": 23, "mu": [0.6749246995425283, 4.648350281408721, 0.8764190750534586], "Sigma": [[0.02563876206009593, -0.005655221898219959, -0.013781888744880197], [-0.005655221898219959, 0.0029878757009839845, -0.001569830944823214], [-0.013781888744880195, -0.001569830944823214, 0.03410315107198907]], "chi2_level": 0.99, "chi2_df": 3, "chi2_threshold": 11.344866730144373, "N_raw": 52, "N_roi": 52, "N_inlier": 48, "refit": true}
{"timestamp": "15:47:00.579728", "frame": 24, "mu": [0.6998145171213426, 4.577059816235381, 0.6769603605306213], "Sigma": [[0.012092553269552291, -0.002874210036193935, -0.00492524640217629], [-0.002874210036193935, 0.004084839301732123, 0.0007803230286189148], [-0.00492524640217629, 0.0007803230286189147, 0.004308804094314183]], "chi2_level": 0.99, "chi2_df": 3, "chi2_threshold": 11.344866730144373, "N_raw": 26, "N_roi": 26, "N_inlier": 25, "refit": true}
{"timestamp": "15:47:00.638647", "frame": 25, "mu": [0.73348492644064, 4.520162058622603, 0.8874758018442899], "Sigma": [[0.030249505663390297, -0.005187961915947233, -0.0072662356735043575], [-0.005187961915947233, 0.0033109249392750985, -0.003380055144552212], [-0.0072662356735043575, -0.003380055144552212, 0.015435409493642147]], "chi2_level": 0.99, "chi2_df": 3, "chi2_threshold": 11.344866730144373, "N_raw": 54, "N_roi": 54, "N_inlier": 53, "refit": true}
{"timestamp": "15:47:00.692483", "frame": 26, "mu": [0.7316261256940757, 4.465294704464622, 0.9259125412810856], "Sigma": [[0.024736352509671843, -0.00500902936083623, -0.0027006645481450625], [-0.005009029360836229, 0.0030309945608592297, -0.0032598346705097325], [-0.0027006645481450625, -0.0032598346705097325, 0.016484568205414083]], "chi2_level": 0.99, "chi2_df": 3, "chi2_threshold": 11.344866730144373, "N_raw": 47, "N_roi": 47, "N_inlier": 46, "refit": true}
{"timestamp": "15:47:00.747063", "frame": 27, "mu": [0.7754433572693684, 4.355296574404127, 0.6930907679196076], "Sigma": [[0.026424156980218067, -0.0040592688850546125, -0.005547748749632804], [-0.0040592688850546125, 0.0068440858051825775, -0.003267606489629804], [-0.005547748749632804, -0.003267606489629804, 0.05944615637999439]], "chi2_level": 0.99, "chi2_df": 3, "chi2_threshold": 11.344866730144373, "N_raw": 51, "N_roi": 51, "N_inlier": 50, "refit": true}
{"timestamp": "15:47:00.802564", "frame": 28, "mu": [0.7364933744624789, 4.298709809321963, 0.84781046192476], "Sigma": [[0.030158113478079084, -0.011317535400252647, -0.024530469940134136], [-0.01131753540025265, 0.0064583847526415335, 0.004694171902588506], [-0.02453046994013413, 0.004694171902588506, 0.03861831511362311]], "chi2_level": 0.99, "chi2_df": 3, "chi2_threshold": 11.344866730144373, "N_raw": 57, "N_roi": 57, "N_inlier": 57, "refit": true}
{"timestamp": "15:47:00.857161", "frame": 29, "mu": [0.8099895108257136, 4.184722187687538, 0.7312237589402298], "Sigma": [[0.024995490475165714, -0.00603159645439144, -0.017458269576659677], [-0.00603159645439144, 0.003788634939857146, 0.0010187067488989824], [-0.017458269576659677, 0.0010187067488989826, 0.020193913937084397]], "chi2_level": 0.99, "chi2_df": 3, "chi2_threshold": 11.344866730144373, "N_raw": 50, "N_roi": 50, "N_inlier": 48, "refit": true}
{"timestamp": "15:47:00.915666", "frame": 30, "mu": [0.6999891442222134, 4.137320666574535, 0.7892210659734722], "Sigma": [[0.02755502632577806, -0.0038749748265207193, -0.010372163400741694], [-0.0038749748265207197, 0.002491528228439273, -0.0034260100796630593], [-0.010372163400741694, -0.0034260100796630593, 0.07129288412929316]], "chi2_level": 0.99, "chi2_df": 3, "chi2_threshold": 11.344866730144373, "N_raw": 68, "N_roi": 68, "N_inlier": 66, "refit": true}
{"timestamp": "15:47:00.970194", "frame": 31, "mu": [0.664914897309614, 4.083195623377954, 0.8012741379304694], "Sigma": [[0.02247406892212165, -0.004327585225756103, -0.012686071059967736], [-0.004327585225756103, 0.0024098570195047863, -0.0037667544659836624], [-0.012686071059967738, -0.0037667544659836624, 0.0739713420781714]], "chi2_level": 0.99, "chi2_df": 3, "chi2_threshold": 11.344866730144373, "N_raw": 69, "N_roi": 69, "N_inlier": 69, "refit": true}
{"timestamp": "15:47:01.026230", "frame": 32, "mu": [0.6928808172631007, 3.9826654578468808, 0.7900321269218646], "Sigma": [[0.02778610601769358, -0.005826793950947271, -0.024838988722981802], [-0.005826793950947271, 0.004243275978452505, 0.0001792001340121923], [-0.024838988722981806, 0.00017920013401219155, 0.043220859595839635]], "chi2_level": 0.99, "chi2_df": 3, "chi2_threshold": 11.344866730144373, "N_raw": 68, "N_roi": 68, "N_inlier": 66, "refit": true}
{"timestamp": "15:47:01.080081", "frame": 33, "mu": [0.7227903115087522, 3.9012201880061896, 0.8490617633072001], "Sigma": [[0.0283871682269398, -0.0074507804910768465, -0.031666147076253356], [-0.0074507804910768465, 0.0033426447279728162, 0.003497498573593202], [-0.031666147076253356, 0.003497498573593202, 0.07813993351629259]], "chi2_level": 0.99, "chi2_df": 3, "chi2_threshold": 11.344866730144373, "N_raw": 71, "N_roi": 71, "N_inlier": 68, "refit": true}
{"timestamp": "15:47:01.132350", "frame": 34, "mu": [0.7015305899350449, 3.952487396473683, -0.6291872751186508], "Sigma": [[0.018965695280850514, 0.008382398355136043, 0.04731306113175711], [0.008382398355136043, 0.010693650838690347, 0.033967667351199896], [0.04731306113175711, 0.033967667351199896, 0.21282804930822832]], "chi2_level": 0.99, "chi2_df": 3, "chi2_threshold": 11.344866730144373, "N_raw": 45, "N_roi": 45, "N_inlier": 44, "refit": true}
{"timestamp": "15:47:01.189938", "frame": 35, "mu": [0.7391285147036244, 3.7383027643582944, 0.7239036433821023], "Sigma": [[0.028671927217621674, -0.0062492436395598094, -0.030304003696301977], [-0.0062492436395598094, 0.003180008758054387, 0.0021341761007498358], [-0.03030400369630198, 0.002134176100749836, 0.05766330861407187]], "chi2_level": 0.99, "chi2_df": 3, "chi2_threshold": 11.344866730144373, "N_raw": 68, "N_roi": 67, "N_inlier": 66, "refit": true}
{"timestamp": "15:47:01.242189", "frame": 36, "mu": [0.7985812628774432, 3.8443902184684737, -0.3154287956522326], "Sigma": [[0.015185348387621554, -0.0012808020073487027, -0.01277721605474601], [-0.001280802007348703, 0.006087692292491978, -0.011150631421561336], [-0.01277721605474601, -0.011150631421561336, 0.046665217896395855]], "chi2_level": 0.99, "chi2_df": 3, "chi2_threshold": 11.344866730144373, "N_raw": 50, "N_roi": 50, "N_inlier": 47, "refit": true}
{"timestamp": "15:47:01.298948", "frame": 37, "mu": [0.7690805842084553, 3.5025593524862626, 0.690609565919122], "Sigma": [[0.02284945431086012, -0.007102720091947727, -0.03140624654103791], [-0.007102720091947727, 0.003350007990450936, 0.006629160724576385], [-0.03140624654103791, 0.006629160724576385, 0.07924442436147203]], "chi2_level": 0.99, "chi2_df": 3, "chi2_threshold": 11.344866730144373, "N_raw": 64, "N_roi": 64, "N_inlier": 64, "refit": true}
{"timestamp": "15:47:01.354414", "frame": 38, "mu": [0.719303663645366, 3.4255738871706836, 0.7203987187091624], "Sigma": [[0.023745280705463435, -0.005049966435315622, -0.01713614627190755], [-0.005049966435315622, 0.0018459400128543603, 0.002107583182767398], [-0.01713614627190755, 0.002107583182767398, 0.057969023739837824]], "chi2_level": 0.99, "chi2_df": 3, "chi2_threshold": 11.344866730144373, "N_raw": 65, "N_roi": 65, "N_inlier": 64, "refit": true}
{"timestamp": "15:47:01.412303", "frame": 39, "mu": [0.718703207484289, 3.586258710028795, -0.24778352732923772], "Sigma": [[0.016257698211126177, -0.0010010079876966518, -0.004064879573152423], [-0.0010010079876966518, 0.00786687380436613, -0.020499134314723756], [-0.004064879573152423, -0.020499134314723756, 0.05885166832997744]], "chi2_level": 0.99, "chi2_df": 3, "chi2_threshold": 11.344866730144373, "N_raw": 74, "N_roi": 74, "N_inlier": 72, "refit": true}
{"timestamp": "15:47:01.468452", "frame": 40, "mu": [0.7618436428905542, 3.3148053171016487, 0.7614754429086371], "Sigma": [[0.023222613314439977, -0.004548266698310224, -0.006319526968960185], [-0.004548266698310224, 0.0019542907480416725, -0.0051760815732868354], [-0.006319526968960185, -0.005176081573286834, 0.0597130212638345]], "chi2_level": 0.99, "chi2_df": 3, "chi2_threshold": 11.344866730144373, "N_raw": 90, "N_roi": 90, "N_inlier": 87, "refit": true}
{"timestamp": "15:47:01.524201", "frame": 41, "mu": [0.6865839743412152, 3.258840834182515, 0.9440216734998427], "Sigma": [[0.019852015892015434, -0.002693814857887734, 0.0005698140349420945], [-0.002693814857887734, 0.0017766719051852916, -0.0044331915805480146], [0.0005698140349420941, -0.0044331915805480146, 0.04718922970627053]], "chi2_level": 0.99, "chi2_df": 3, "chi2_threshold": 11.344866730144373, "N_raw": 77, "N_roi": 77, "N_inlier": 73, "refit": true}
{"timestamp": "15:47:01.583053", "frame": 42, "mu": [0.8131458868617188, 3.357308511060549, -0.32077930274896355], "Sigma": [[0.03305101291080872, 0.000627458957849476, -0.019438165391574797], [0.0006274589578494762, 0.008660431624722078, -0.016558301749392268], [-0.019438165391574797, -0.016558301749392268, 0.04761555779652228]], "chi2_level": 0.99, "chi2_df": 3, "chi2_threshold": 11.344866730144373, "N_raw": 107, "N_roi": 107, "N_inlier": 103, "refit": true}
{"timestamp": "15:47:01.631201", "frame": 43, "mu": [0.6009043819807722, 3.1094069490205642, 0.9574922220648764], "Sigma": [[0.014759595782608773, -0.00477038320307325, -0.00485497388455158], [-0.004770383203073249, 0.003038657957703268, -0.0028681612839620476], [-0.00485497388455158, -0.0028681612839620476, 0.03306037353752546]], "chi2_level": 0.99, "chi2_df": 3, "chi2_threshold": 11.344866730144373, "N_raw": 65, "N_roi": 65, "N_inlier": 62, "refit": true}
{"timestamp": "15:47:01.688629", "frame": 44, "mu": [0.6644183259251631, 3.0301332341953624, 0.8850508097296591], "Sigma": [[0.019207332385524644, -0.005132067881743632, -0.003538814839093284], [-0.005132067881743633, 0.004219692317822144, -0.006374030499426895], [-0.003538814839093284, -0.006374030499426895, 0.030420213358340668]], "chi2_level": 0.99, "chi2_df": 3, "chi2_threshold": 11.344866730144373, "N_raw": 88, "N_roi": 88, "N_inlier": 84, "refit": true}
{"timestamp": "15:47:01.748535", "frame": 45, "mu": [0.7300223794678972, 2.9649094337453263, 0.8114142688994455], "Sigma": [[0.01978018608587038, 0.0019266421327669577, -0.015133081513838346], [0.0019266421327669583, 0.04497064308005953, 0.0004983011727778411], [-0.015133081513838346, 0.0004983011727778411, 0.1101745554442025]], "chi2_level": 0.99, "chi2_df": 3, "chi2_threshold": 11.344866730144373, "N_raw": 115, "N_roi": 115, "N_inlier": 109, "refit": true}
{"timestamp": "15:47:01.799726", "frame": 46, "mu": [0.7462803804607583, 2.8154522244591447, 0.813908837487227], "Sigma": [[0.0197629286092217, -0.00745772350541124, -0.014896191874510042], [-0.00745772350541124, 0.009041487594048147, 0.015901536723268286], [-0.01489619187451004, 0.015901536723268283, 0.07887149058110461]], "chi2_level": 0.99, "chi2_df": 3, "chi2_threshold": 11.344866730144373, "N_raw": 89, "N_roi": 89, "N_inlier": 86, "refit": true}
{"timestamp": "15:47:01.857084", "frame": 47, "mu": [0.7746193823759463, 2.7292121179825255, 0.9394096499754659], "Sigma": [[0.02002072870300229, -0.004487551620049596, -0.010178379309960576], [-0.004487551620049595, 0.004322554624229357, -0.006305295364228157], [-0.010178379309960576, -0.006305295364228157, 0.04328942490781845]], "chi2_level": 0.99, "chi2_df": 3, "chi2_threshold": 11.344866730144373, "N_raw": 108, "N_roi": 108, "N_inlier": 105, "refit": true}
{"timestamp": "15:47:01.912193", "frame": 48, "mu": [0.7250058399724403, 2.6605733201416673, 0.9538244290343706], "Sigma": [[0.022063618103029488, -0.004264218054699319, -0.008787260957275363], [-0.004264218054699319, 0.004192210123627332, -0.005971456597711634], [-0.008787260957275365, -0.005971456597711634, 0.02786114407700524]], "chi2_level": 0.99, "chi2_df": 3, "chi2_threshold": 11.344866730144373, "N_raw": 107, "N_roi": 107, "N_inlier": 103, "refit": true}
{"timestamp": "15:47:01.969823", "frame": 49, "mu": [0.7028185776818359, 2.576071552657362, 0.7165297813354928], "Sigma": [[0.017807556804652368, -0.0040417978440148465, -0.012195830433843192], [-0.004041797844014846, 0.0037478024517068557, 0.009433448230384132], [-0.012195830433843192, 0.009433448230384132, 0.28057268169479554]], "chi2_level": 0.99, "chi2_df": 3, "chi2_threshold": 11.344866730144373, "N_raw": 128, "N_roi": 128, "N_inlier": 127, "refit": true}
{"timestamp": "15:47:02.021989", "frame": 50, "mu": [0.7503936127051275, 2.7344539675634194, -0.48195445130114417], "Sigma": [[0.019838206706863152, -0.0011109350407842449, -0.018622591663645004], [-0.001110935040784245, 0.006626378556470604, -0.013243709993725086], [-0.018622591663645008, -0.013243709993725088, 0.0563227807482516]], "chi2_level": 0.99, "chi2_df": 3, "chi2_threshold": 11.344866730144373, "N_raw": 108, "N_roi": 107, "N_inlier": 103, "refit": true}
{"timestamp": "15:47:02.077412", "frame": 51, "mu": [0.6835675670986718, 2.4441194609248478, 0.7516874032029157], "Sigma": [[0.014644056594347366, -0.0027726049057524103, -0.016356021010097612], [-0.0027726049057524103, 0.0028183630700224192, 0.0006688225495950608], [-0.016356021010097616, 0.0006688225495950603, 0.262065489427013]], "chi2_level": 0.99, "chi2_df": 3, "chi2_threshold": 11.344866730144373, "N_raw": 107, "N_roi": 107, "N_inlier": 106, "refit": true}
{"timestamp": "15:47:02.130934", "frame": 52, "mu": [0.66909311508294, 2.3403027799044445, 0.8263927410736595], "Sigma": [[0.018430820626552408, -0.004472055013158912, -0.014382495586422479], [-0.004472055013158913, 0.0035525466037170843, 0.002184632905336148], [-0.014382495586422479, 0.0021846329053361473, 0.0753063698363716]], "chi2_level": 0.99, "chi2_df": 3, "chi2_threshold": 11.344866730144373, "N_raw": 103, "N_roi": 103, "N_inlier": 98, "refit": true}
{"timestamp": "15:47:02.180693", "frame": 53, "mu": [0.670286769708381, 2.291042638783086, 0.827777177438377], "Sigma": [[0.024717436036777413, -0.005111234854936836, -0.025968493668515134], [-0.005111234854936836, 0.002313284062217834, 0.0036928123443907266], [-0.025968493668515134, 0.003692812344390726, 0.04210183560017472]], "chi2_level": 0.99, "chi2_df": 3, "chi2_threshold": 11.344866730144373, "N_raw": 66, "N_roi": 66, "N_inlier": 62, "refit": true}
{"timestamp": "15:47:02.242031", "frame": 54, "mu": [0.7286007224459506, 2.1845129849593485, 0.6909435442422501], "Sigma": [[0.010415148661181931, -0.002917453766755724, -0.004446996236539288], [-0.002917453766755724, 0.007847023824968323, -0.02369555598271362], [-0.004446996236539288, -0.023695555982713626, 0.20744129586328142]], "chi2_level": 0.99, "chi2_df": 3, "chi2_threshold": 11.344866730144373, "N_raw": 118, "N_roi": 118, "N_inlier": 115, "refit": true}
{"timestamp": "15:47:02.300426", "frame": 55, "mu": [0.760671683721607, 2.110368443356293, 0.5825214622865255], "Sigma": [[0.015058028835982238, 0.001343081497293621, -0.017212751536333115], [0.001343081497293621, 0.015391470145729438, -0.03138624877252363], [-0.017212751536333115, -0.03138624877252363, 0.21962324382560652]], "chi2_level": 0.99, "chi2_df": 3, "chi2_threshold": 11.344866730144373, "N_raw": 127, "N_roi": 125, "N_inlier": 124, "refit": true}
{"timestamp": "15:47:02.348430", "frame": 56, "mu": [0.640149419708195, 2.005365437195882, 0.7226411284293719], "Sigma": [[0.03336933284592817, -0.005624270666027351, -0.019043270246371227], [-0.005624270666027351, 0.004558843649986893, 0.004582002496046364], [-0.019043270246371227, 0.0045820024960463645, 0.056041503398684606]], "chi2_level": 0.99, "chi2_df": 3, "chi2_threshold": 11.344866730144373, "N_raw": 87, "N_roi": 87, "N_inlier": 83, "refit": true}
{"timestamp": "15:47:02.413079", "frame": 57, "mu": [0.7009772661836051, 1.9513634484883489, 0.6682698917115898], "Sigma": [[0.018589436868578925, -0.005475321335675742, -0.026249325927465504], [-0.0054753213356757416, 0.005794278964653591, 0.016421877957685026], [-0.026249325927465504, 0.016421877957685026, 0.3187975785280595]], "chi2_level": 0.99, "chi2_df": 3, "chi2_threshold": 11.344866730144373, "N_raw": 150, "N_roi": 149, "N_inlier": 148, "refit": true}
{"timestamp": "15:47:02.456243", "frame": 58, "mu": [0.6831411245345845, 1.907840979499491, 0.9718393952901682], "Sigma": [[0.008395788512958456, -0.0016320417495985042, -0.0047883279742401], [-0.0016320417495985042, 0.002557718012106889, 0.00290048658947521], [-0.0047883279742401, 0.0029004865894752107, 0.08393701753674918]], "chi2_level": 0.99, "chi2_df": 3, "chi2_threshold": 11.344866730144373, "N_raw": 63, "N_roi": 63, "N_inlier": 60, "refit": true}
{"timestamp": "15:47:02.512432", "frame": 59, "mu": [0.6958313551430113, 1.8106983068194822, 0.8719206211734846], "Sigma": [[0.010589369426450208, -0.0034694917331194826, 0.008173933963126913], [-0.0034694917331194826, 0.0025269845772051035, 0.0011258805836259224], [0.008173933963126913, 0.0011258805836259229, 0.10906219987037975]], "chi2_level": 0.99, "chi2_df": 3, "chi2_threshold": 11.344866730144373, "N_raw": 83, "N_roi": 83, "N_inlier": 80, "refit": true}
{"timestamp": "15:47:02.571369", "frame": 60, "mu": [0.734708537513441, 1.7542099714122823, 1.1204316917368837], "Sigma": [[0.009900325666545811, -0.004879293184935229, 0.013764407330142692], [-0.00487929318493523, 0.004784809474500451, -0.012510535870861194], [0.013764407330142692, -0.012510535870861194, 0.06882822271511246]], "chi2_level": 0.99, "chi2_df": 3, "chi2_threshold": 11.344866730144373, "N_raw": 105, "N_roi": 105, "N_inlier": 100, "refit": true}
{"timestamp": "15:47:02.627659", "frame": 61, "mu": [0.8213127652828043, 1.6555168527686053, 0.9898090698317022], "Sigma": [[0.045015169299792546, -0.012569264474491009, -0.030449960239562604], [-0.012569264474491009, 0.005643374176438767, 0.005835191866006462], [-0.030449960239562604, 0.005835191866006463, 0.04450083569895164]], "chi2_level": 0.99, "chi2_df": 3, "chi2_threshold": 11.344866730144373, "N_raw": 113, "N_roi": 113, "N_inlier": 109, "refit": true}
{"timestamp": "15:47:02.687915", "frame": 62, "mu": [0.8092678182478305, 1.6105201505276812, 1.0060455527850318], "Sigma": [[0.029121787116247695, -0.008671110567786421, -0.028522513625888903], [-0.008671110567786421, 0.0063877407548650145, 0.0039099202399597195], [-0.028522513625888903, 0.0039099202399597195, 0.047077635494609]], "chi2_level": 0.99, "chi2_df": 3, "chi2_threshold": 11.344866730144373, "N_raw": 150, "N_roi": 150, "N_inlier": 145, "refit": true}
{"timestamp": "15:47:02.730163", "frame": 63, "mu": [0.6479315420648983, 1.5936729118306068, 1.1119907742901556], "Sigma": [[0.00822668382539084, -0.0019097872761093776, -0.0011421407690893621], [-0.0019097872761093776, 0.0033024473673441855, -0.002627194934993554], [-0.001142140769089362, -0.002627194934993554, 0.011320766951841314]], "chi2_level": 0.99, "chi2_df": 3, "chi2_threshold": 11.344866730144373, "N_raw": 61, "N_roi": 61, "N_inlier": 57, "refit": true}
{"timestamp": "15:47:02.793850", "frame": 64, "mu": [0.8258642272988759, 1.413045071672916, 0.8543447945969802], "Sigma": [[0.039402256126209755, -0.013357517372919193, -0.0043917894551846835], [-0.013357517372919193, 0.006507981151950518, 0.0021873801550465043], [-0.004391789455184684, 0.0021873801550465043, 0.05856815014852504]], "chi2_level": 0.99, "chi2_df": 3, "chi2_threshold": 11.344866730144373, "N_raw": 119, "N_roi": 119, "N_inlier": 114, "refit": true}
{"timestamp": "15:47:02.850080", "frame": 65, "mu": [0.7595745654979276, 1.3657493554067444, 1.1000355202841967], "Sigma": [[0.03346028163595097, -0.012784183563612706, -0.02409908666894992], [-0.012784183563612706, 0.010103331389867161, 0.002676549429411421], [-0.02409908666894992, 0.0026765494294114216, 0.038588522944451954]], "chi2_level": 0.99, "chi2_df": 3, "chi2_threshold": 11.344866730144373, "N_raw": 121, "N_roi": 121, "N_inlier": 117, "refit": true}
{"timestamp": "15:47:02.900914", "frame": 66, "mu": [0.6417822246722358, 1.339101899206047, 0.8314737141726751], "Sigma": [[0.011080772831401584, -0.003977458414526893, -0.030639632419847244], [-0.003977458414526893, 0.0034330497008884537, 0.003439926699995373], [-0.030639632419847247, 0.0034399266999953736, 0.2310050403398711]], "chi2_level": 0.99, "chi2_df": 3, "chi2_threshold": 11.344866730144373, "N_raw": 95, "N_roi": 95, "N_inlier": 92, "refit": true}
{"timestamp": "15:47:02.953610", "frame": 67, "mu": [0.7028384644525048, 1.218790853107496, 1.2250068392721831], "Sigma": [[0.004410555088577436, -0.0007390749326063193, 0.004090755838159534], [-0.0007390749326063193, 0.003068319092210209, -0.005883449494687431], [0.004090755838159534, -0.00588344949468743, 0.052406039076685215]], "chi2_level": 0.99, "chi2_df": 3, "chi2_threshold": 11.344866730144373, "N_raw": 85, "N_roi": 85, "N_inlier": 81, "refit": true}
{"timestamp": "15:47:03.012182", "frame": 68, "mu": [0.7018578331175506, 1.1823045222445636, -0.600356637231832], "Sigma": [[0.005496742691579915, 0.001155746356291579, 0.0016873278568154508], [0.0011557463562915792, 0.0035145806429984204, -0.004629393342550928], [0.0016873278568154508, -0.004629393342550928, 0.04889571436902707]], "chi2_level": 0.99, "chi2_df": 3, "chi2_threshold": 11.344866730144373, "N_raw": 101, "N_roi": 101, "N_inlier": 99, "refit": true}
{"timestamp": "15:47:03.060369", "frame": 69, "mu": [0.6992804854885342, 1.062846418175389, 1.4845353730869162], "Sigma": [[0.005995982909944931, -0.0003639195367254217, -0.001717043111580884], [-0.00036391953672542174, 0.0037339400379222793, -0.0023261317291015933], [-0.001717043111580884, -0.0023261317291015933, 0.004771521721323739]], "chi2_level": 0.99, "chi2_df": 3, "chi2_threshold": 11.344866730144373, "N_raw": 60, "N_roi": 60, "N_inlier": 56, "refit": true}
{"timestamp": "15:47:03.120447", "frame": 70, "mu": [0.6570784977905498, 1.0728645344682717, 1.3771834540098096], "Sigma": [[0.0049978811494543795, -0.0020707165272755984, 0.003290518388335731], [-0.0020707165272755984, 0.005650584862010114, -0.008297772419830863], [0.003290518388335731, -0.008297772419830863, 0.015577520425761344]], "chi2_level": 0.99, "chi2_df": 3, "chi2_threshold": 11.344866730144373, "N_raw": 97, "N_roi": 97, "N_inlier": 93, "refit": true}
{"timestamp": "15:47:03.173849", "frame": 71, "mu": [0.6555638173262132, 0.9109387657118536, 1.2579394923230371], "Sigma": [[0.005883859883186258, 0.004207264576999347, 0.013473157518820663], [0.004207264576999347, 0.010297231204233584, 0.02642328251238248], [0.013473157518820663, 0.02642328251238248, 0.13064864551741243]], "chi2_level": 0.99, "chi2_df": 3, "chi2_threshold": 11.344866730144373, "N_raw": 81, "N_roi": 81, "N_inlier": 76, "refit": true}
{"timestamp": "15:47:03.230588", "frame": 72, "mu": [0.6100819656116018, 0.955172384875292, 1.2837642905664515], "Sigma": [[0.005638214180903609, -0.002266936221945777, 0.01142174207536382], [-0.0022669362219457766, 0.005057327800385016, -0.010268527157795762], [0.011421742075363818, -0.010268527157795762, 0.049347822052905874]], "chi2_level": 0.99, "chi2_df": 3, "chi2_threshold": 11.344866730144373, "N_raw": 104, "N_roi": 104, "N_inlier": 101, "refit": true}
{"timestamp": "15:47:03.287718", "frame": 73, "mu": [0.6034301123476588, 0.8823615165509929, 1.2455136868084362], "Sigma": [[0.004480599634300434, -0.00026491084466627294, 0.011103002405941115], [-0.0002649108446662732, 0.015173315448821745, 0.005748764920492329], [0.011103002405941115, 0.00574876492049233, 0.07053612344261817]], "chi2_level": 0.99, "chi2_df": 3, "chi2_threshold": 11.344866730144373, "N_raw": 113, "N_roi": 113, "N_inlier": 112, "refit": true}
{"timestamp": "15:47:03.338892", "frame": 74, "mu": [0.6130775811954962, 0.9747426357634091, -0.5616644022235293], "Sigma": [[0.0033664405548758814, -0.001272544912873913, 0.009886123458619143], [-0.0012725449128739128, 0.015008904025147745, -0.0036157950321658522], [0.009886123458619145, -0.0036157950321658514, 0.08211281755728997]], "chi2_level": 0.99, "chi2_df": 3, "chi2_threshold": 11.344866730144373, "N_raw": 80, "N_roi": 80, "N_inlier": 79, "refit": true}
{"timestamp": "15:47:03.386321", "frame": 75, "mu": [0.6167801579563674, 0.7021478714678411, 1.3102223052434778], "Sigma": [[0.0032951714487402237, 0.0012967629037030372, 0.01151992678297145], [0.0012967629037030372, 0.006848802276404205, 0.0028999775744196054], [0.01151992678297145, 0.0028999775744196054, 0.07056582383423171]], "chi2_level": 0.99, "chi2_df": 3, "chi2_threshold": 11.344866730144373, "N_raw": 41, "N_roi": 41, "N_inlier": 40, "refit": true}
{"timestamp": "15:47:03.446210", "frame": 76, "mu": [0.6813312074671978, 0.8279133535412135, -0.44335920953129354], "Sigma": [[0.004489018805385018, 0.0010152328257154912, -0.004209082195026275], [0.0010152328257154912, 0.00835139590331969, -0.010595834443288005], [-0.004209082195026275, -0.010595834443288004, 0.020413308660798508]], "chi2_level": 0.99, "chi2_df": 3, "chi2_threshold": 11.344866730144373, "N_raw": 71, "N_roi": 71, "N_inlier": 69, "refit": true}
{"timestamp": "15:47:03.501341", "frame": 77, "mu": [0.6847460923388302, 0.6351398001586686, 1.4385437490367177], "Sigma": [[0.0023380887209379425, -0.00047582602351453585, -0.00259084113733024], [-0.0004758260235145357, 0.003373724989397273, -0.003486112857329105], [-0.00259084113733024, -0.003486112857329105, 0.009926685322249952]], "chi2_level": 0.99, "chi2_df": 3, "chi2_threshold": 11.344866730144373, "N_raw": 66, "N_roi": 66, "N_inlier": 63, "refit": true}
{"timestamp": "15:47:03.549705", "frame": 78, "mu": [0.65845936418924, 0.5590951296086558, 1.5087570412647655], "Sigma": [[0.0015984369254857446, 7.404999746111232e-05, -0.001650150072439851], [7.404999746111232e-05, 0.0018099958250903756, -0.0017775271642771308], [-0.001650150072439851, -0.0017775271642771308, 0.003951152744735968]], "chi2_level": 0.99, "chi2_df": 3, "chi2_threshold": 11.344866730144373, "N_raw": 31, "N_roi": 31, "N_inlier": 27, "refit": true}
{"timestamp": "15:47:03.606917", "frame": 79, "mu": [0.6759974477227928, 0.49538169379462016, 1.5101914061915742], "Sigma": [[0.00527641533413593, -0.0033465829689955286, 0.0014279864952470673], [-0.0033465829689955286, 0.004451805830969526, -0.004989134512592997], [0.0014279864952470673, -0.004989134512592997, 0.012650000557741204]], "chi2_level": 0.99, "chi2_df": 3, "chi2_threshold": 11.344866730144373, "N_raw": 45, "N_roi": 45, "N_inlier": 45, "refit": true}
{"timestamp": "15:47:03.660148", "frame": 80, "mu": [0.6155334167518962, 0.47556780700401274, 1.4354585541717055], "Sigma": [[0.0019599995777726527, -0.0012340227920712055, 0.0029753636339547394], [-0.0012340227920712055, 0.005928815815120793, -0.012572186261508538], [0.002975363633954739, -0.012572186261508536, 0.03550993607531905]], "chi2_level": 0.99, "chi2_df": 3, "chi2_threshold": 11.344866730144373, "N_raw": 30, "N_roi": 30, "N_inlier": 28, "refit": true}
{"timestamp": "15:47:03.712580", "frame": 81, "mu": [0.6580946995715609, 0.4265610979192021, 1.5133146568716584], "Sigma": [[0.0006924025174462402, 1.8437117959853582e-05, 0.00017991972867348034], [1.8437117959853582e-05, 0.0030085855308648905, -0.006474832831701216], [0.00017991972867348034, -0.006474832831701216, 0.01533833707259892]], "chi2_level": 0.99, "chi2_df": 3, "chi2_threshold": 11.344866730144373, "N_raw": 12, "N_roi": 11, "N_inlier": 11, "refit": true}
{"timestamp": "15:47:03.767761", "frame": 82, "mu": [0.5858760965283255, 0.39706141540917766, 1.331551386416124], "Sigma": [[0.0005390435221233539, -0.00057380036628367, 0.00014958809073855624], [-0.00057380036628367, 0.0010309193790414477, -0.0020146064956186095], [0.00014958809073855613, -0.0020146064956186095, 0.008521442752794156]], "chi2_level": 0.99, "chi2_df": 3, "chi2_threshold": 11.344866730144373, "N_raw": 13, "N_roi": 12, "N_inlier": 10, "refit": true}
{"timestamp": "15:47:03.822377", "frame": 83, "mu": [0.6224997417606942, 0.2757814156141897, 1.182290875066058], "Sigma": [[0.011440397109989738, -0.0034871113124635344, -0.043579067198732696], [-0.0034871113124635344, 0.0014096208802213928, 0.012068945748933416], [-0.04357906719873269, 0.012068945748933416, 0.23228450906335613]], "chi2_level": 0.99, "chi2_df": 3, "chi2_threshold": 11.344866730144373, "N_raw": 9, "N_roi": 7, "N_inlier": 7, "refit": true}
{"timestamp": "15:47:03.876857", "frame": 84, "mu": [0.7199816126216326, 0.17567283528965547, 1.175934783584734], "Sigma": [[0.010976109635882058, -0.0007230213550224694, -0.06787471659282965], [-0.0007230213550224694, 0.000353070331192649, 0.007370421937001958], [-0.06787471659282965, 0.007370421937001958, 0.4580304111153338]], "chi2_level": 0.99, "chi2_df": 3, "chi2_threshold": 11.344866730144373, "N_raw": 9, "N_roi": 8, "N_inlier": 7, "refit": true}
{"timestamp": "15:47:03.987368", "frame": 86, "mu": [0.5649581467286341, 0.06223393063212079, 0.6036582758989392], "Sigma": [[0.16651131733280125, -0.008129928791922173, -0.1636575451210345], [-0.008129928791922173, 0.0016751893295537338, 0.026110764344333563], [-0.1636575451210345, 0.026110764344333567, 0.5320249336496299]], "chi2_level": 0.99, "chi2_df": 3, "chi2_threshold": 11.344866730144373, "N_raw": 14, "N_roi": 10, "N_inlier": 10, "refit": true}
{"timestamp": "15:47:04.124042", "frame": 87, "mu": [0.3270042864359012, 0.2868759072961831, -1.0869421302229054], "Sigma": [[0.4026598269279851, 0.02465293694428407, -0.04491188634031189], [0.02465293694428407, 0.005800770394208425, -0.0396529363048286], [-0.044911886340311874, -0.0396529363048286, 0.5666305589455205]], "chi2_level": 0.99, "chi2_df": 3, "chi2_threshold": 11.344866730144373, "N_raw": 7, "N_roi": 7, "N_inlier": 7, "refit": true}
