{"timestamp": "14:46:15.176171", "frame": 42, "mu": [0.9715859678615598, 0.2922263030034523, 1.0214516919282592], "Sigma": [[0.8585957334329682, 0.0340539070969674, -0.0285236080979719], [0.0340539070969674, 0.005477894849134029, -0.002593123371362269], [-0.0285236080979719, -0.002593123371362269, 0.003169345444134243]], "chi2_level": 0.95, "chi2_df": 3, "chi2_threshold": 7.814727903251179, "N_raw": 7, "N_roi": 7, "N_inlier": 7, "refit": true}
{"timestamp": "14:46:15.289417", "frame": 44, "mu": [-0.02178920175259577, 0.30981205423285213, 1.2619671005677402], "Sigma": [[1.4541261333755648, 0.02171443931211351, 0.07716056877304159], [0.02171443931211351, 0.0038653006720840545, -0.00683197051328566], [0.07716056877304159, -0.00683197051328566, 0.06339915074004468]], "chi2_level": 0.95, "chi2_df": 3, "chi2_threshold": 7.814727903251179, "N_raw": 23, "N_roi": 23, "N_inlier": 21, "refit": true}
{"timestamp": "14:46:15.345783", "frame": 45, "mu": [0.21625305890735586, 0.28715270342497334, 1.2208932896652573], "Sigma": [[1.4034903779365828, 0.027318815898871238, 0.033975494101629644], [0.02731881589887124, 0.004867381117117731, -0.004762850547582212], [0.033975494101629644, -0.004762850547582212, 0.03603301473912637]], "chi2_level": 0.95, "chi2_df": 3, "chi2_threshold": 7.814727903251179, "N_raw": 37, "N_roi": 37, "N_inlier": 33, "refit": true}
{"timestamp": "14:46:15.403273", "frame": 46, "mu": [-0.019833969772266376, 0.2900184741150885, 1.306081223599496], "Sigma": [[1.4053387360561882, 0.030682726026947164, -0.001037265790894533], [0.030682726026947167, 0.005590834506386191, -0.0003228846050060965], [-0.001037265790894533, -0.0003228846050060964, 0.005829521361654892]], "chi2_level": 0.95, "chi2_df": 3, "chi2_threshold": 7.814727903251179, "N_raw": 48, "N_roi": 48, "N_inlier": 43, "refit": true}
{"timestamp": "14:46:15.454014", "frame": 47, "mu": [-1.1806812153827573, 0.39388328736174977, -0.5453240040164056], "Sigma": [[0.0035533484851544023, 0.0021260531444253173, -0.0013873620192816549], [0.0021260531444253173, 0.005290595854477327, -0.0026576452879781905], [-0.0013873620192816549, -0.0026576452879781905, 0.001791386002040988]], "chi2_level": 0.95, "chi2_df": 3, "chi2_threshold": 7.814727903251179, "N_raw": 30, "N_roi": 30, "N_inlier": 25, "refit": true}
{"timestamp": "14:46:15.511899", "frame": 48, "mu": [-0.5748035010355799, 0.3019207921374618, 1.3813412340523374], "Sigma": [[1.018153754494677, -0.012094451696630319, -0.005100118524243369], [-0.012094451696630322, 0.0038036674171935446, 0.0013995276879858855], [-0.005100118524243368, 0.0013995276879858855, 0.009052145101906361]], "chi2_level": 0.95, "chi2_df": 3, "chi2_threshold": 7.814727903251179, "N_raw": 44, "N_roi": 44, "N_inlier": 41, "refit": true}
{"timestamp": "14:46:15.566966", "frame": 49, "mu": [-0.7858211028566522, 0.30950956307964744, 1.4311648556413776], "Sigma": [[0.6465550885449631, -0.009785979851301172, 0.016594160257288416], [-0.009785979851301172, 0.0023616450079115034, -0.001729841886633449], [0.016594160257288416, -0.001729841886633449, 0.0038619217997403247]], "chi2_level": 0.95, "chi2_df": 3, "chi2_threshold": 7.814727903251179, "N_raw": 47, "N_roi": 47, "N_inlier": 42, "refit": true}
{"timestamp": "14:46:15.623669", "frame": 50, "mu": [-0.7162658913111526, 0.3252871276948069, 1.4121137702273083], "Sigma": [[0.7787577696782667, -0.013828952997363319, 0.013270242206792732], [-0.013828952997363319, 0.003300267789694775, -0.0023565847082292627], [0.013270242206792732, -0.0023565847082292627, 0.006371642371735068]], "chi2_level": 0.95, "chi2_df": 3, "chi2_threshold": 7.814727903251179, "N_raw": 60, "N_roi": 60, "N_inlier": 57, "refit": true}
{"timestamp": "14:46:15.678824", "frame": 51, "mu": [-1.1330850906301198, 0.36112559731415134, 1.4402597425291803], "Sigma": [[0.005821160427444133, 0.0030641843871100686, 0.003096584760754812], [0.003064184387110069, 0.004329196897268662, -0.0009837889937811452], [0.003096584760754812, -0.0009837889937811452, 0.009727186044482876]], "chi2_level": 0.95, "chi2_df": 3, "chi2_threshold": 7.814727903251179, "N_raw": 60, "N_roi": 60, "N_inlier": 55, "refit": true}
{"timestamp": "14:46:15.731158", "frame": 52, "mu": [-1.112028324624836, 0.4360954397404615, 1.494501419270614], "Sigma": [[0.004648465607588049, 0.0020932343956641735, 0.0016989790314064963], [0.0020932343956641735, 0.003394309155496855, -0.0016470714809943825], [0.001698979031406496, -0.0016470714809943823, 0.003890096973467685]], "chi2_level": 0.95, "chi2_df": 3, "chi2_threshold": 7.814727903251179, "N_raw": 39, "N_roi": 39, "N_inlier": 39, "refit": true}
{"timestamp": "14:46:15.786950", "frame": 53, "mu": [-1.0862126952853461, 0.4879321975963306, -0.414781748207674], "Sigma": [[0.005967391260078212, 0.004442321650150921, 0.003066100474801243], [0.004442321650150921, 0.014362848792497487, 0.0017056371695095603], [0.003066100474801243, 0.0017056371695095603, 0.002740422631972726]], "chi2_level": 0.95, "chi2_df": 3, "chi2_threshold": 7.814727903251179, "N_raw": 52, "N_roi": 52, "N_inlier": 51, "refit": true}
{"timestamp": "14:46:15.842464", "frame": 54, "mu": [-1.0843629890933317, 0.40585632530507093, 1.472369556087019], "Sigma": [[0.007029068329300485, 0.0026598728892216453, 0.0016106101118790162], [0.0026598728892216453, 0.0038085063222442353, -0.002091358790080723], [0.0016106101118790162, -0.002091358790080723, 0.0036735987006090457]], "chi2_level": 0.95, "chi2_df": 3, "chi2_threshold": 7.814727903251179, "N_raw": 54, "N_roi": 54, "N_inlier": 51, "refit": true}
{"timestamp": "14:46:15.893806", "frame": 55, "mu": [-1.0770001334802484, 0.4874154099587533, 1.40315099559772], "Sigma": [[0.003986522306728487, 0.0019447341916662216, -0.00037118848733219917], [0.0019447341916662216, 0.0020978989720513057, -0.0014980408471955825], [-0.00037118848733219906, -0.0014980408471955825, 0.002334425811095603]], "chi2_level": 0.95, "chi2_df": 3, "chi2_threshold": 7.814727903251179, "N_raw": 25, "N_roi": 25, "N_inlier": 24, "refit": true}
{"timestamp": "14:46:15.948260", "frame": 56, "mu": [-0.9696589025932143, 0.5468426166688288, 1.4985818017727], "Sigma": [[0.004406094593706071, 0.0022566996622957964, -0.008855167743204162], [0.002256699662295797, 0.003904710071855377, -0.009426580067228088], [-0.008855167743204162, -0.009426580067228088, 0.03142096063432001]], "chi2_level": 0.95, "chi2_df": 3, "chi2_threshold": 7.814727903251179, "N_raw": 25, "N_roi": 25, "N_inlier": 23, "refit": true}
{"timestamp": "14:46:16.006433", "frame": 57, "mu": [-1.0661094838241862, 0.5228814712134476, 1.4562678069290007], "Sigma": [[0.005105587711097575, 0.002356186995627618, 0.0022292132422654792], [0.0023561869956276182, 0.0020902181499511713, -0.0014636377121616034], [0.0022292132422654792, -0.001463637712161603, 0.013850489777818685]], "chi2_level": 0.95, "chi2_df": 3, "chi2_threshold": 7.814727903251179, "N_raw": 44, "N_roi": 44, "N_inlier": 39, "refit": true}
{"timestamp": "14:46:16.074871", "frame": 58, "mu": [-1.0172320270193989, 0.6115766287100467, 1.4775339525767992], "Sigma": [[0.007236733923701059, 0.002869222096444052, 0.001115587306631485], [0.002869222096444052, 0.005105725690813838, -0.004852918729336526], [0.0011155873066314853, -0.004852918729336526, 0.010073601620727622]], "chi2_level": 0.95, "chi2_df": 3, "chi2_threshold": 7.814727903251179, "N_raw": 90, "N_roi": 90, "N_inlier": 84, "refit": true}
{"timestamp": "14:46:16.123873", "frame": 59, "mu": [-1.0416198677683741, 0.5815598169735724, 1.4854391924198451], "Sigma": [[0.012300354135498017, 0.007023655125530121, 0.006200020895741823], [0.007023655125530121, 0.00828362214039856, 0.0014391616207542206], [0.006200020895741823, 0.0014391616207542208, 0.007686725795240683]], "chi2_level": 0.95, "chi2_df": 3, "chi2_threshold": 7.814727903251179, "N_raw": 73, "N_roi": 73, "N_inlier": 70, "refit": true}
{"timestamp": "14:46:16.179844", "frame": 60, "mu": [-0.9375241474063034, 0.7394213491711908, 1.3265413695123103], "Sigma": [[0.030580299233328178, 0.0134423507070465, -0.05275240567963896], [0.013442350707046498, 0.009348799358602328, -0.029923323295242447], [-0.05275240567963896, -0.029923323295242447, 0.12305653946485187]], "chi2_level": 0.95, "chi2_df": 3, "chi2_threshold": 7.814727903251179, "N_raw": 79, "N_roi": 79, "N_inlier": 77, "refit": true}
{"timestamp": "14:46:16.232104", "frame": 61, "mu": [-1.064792016691417, 0.6791194186421385, 1.610948231718012], "Sigma": [[0.011510140457666008, 0.004257400215593615, -0.006608675459880483], [0.004257400215593614, 0.0051206737539618566, -0.006754297742756026], [-0.006608675459880482, -0.006754297742756026, 0.015987024047936692]], "chi2_level": 0.95, "chi2_df": 3, "chi2_threshold": 7.814727903251179, "N_raw": 66, "N_roi": 66, "N_inlier": 60, "refit": true}
{"timestamp": "14:46:16.285024", "frame": 62, "mu": [-0.7219592951976892, 1.1102237332762115, -0.7637589841339754], "Sigma": [[0.005239403725387713, 0.002092229570404887, -0.010555511817349468], [0.002092229570404887, 0.002676119198367647, -0.007887673382372383], [-0.01055551181734947, -0.007887673382372385, 0.04284080158025774]], "chi2_level": 0.95, "chi2_df": 3, "chi2_threshold": 7.814727903251179, "N_raw": 49, "N_roi": 49, "N_inlier": 42, "refit": true}
{"timestamp": "14:46:16.341115", "frame": 63, "mu": [-0.8364590650504138, 0.8264971632387175, 1.150045783088021], "Sigma": [[0.05963450335215655, 0.0164631741032918, -0.10558891134584815], [0.0164631741032918, 0.00693504595953502, -0.02851458944510277], [-0.10558891134584816, -0.02851458944510277, 0.1998030551806215]], "chi2_level": 0.95, "chi2_df": 3, "chi2_threshold": 7.814727903251179, "N_raw": 58, "N_roi": 58, "N_inlier": 56, "refit": true}
{"timestamp": "14:46:16.395923", "frame": 64, "mu": [-0.6283348874455713, 0.858622376549327, 0.8051199373468936], "Sigma": [[0.0029656016371307457, -0.0008397253927058894, -0.0014914203475489903], [-0.0008397253927058894, 0.0018714311721158988, -0.0012084320324097515], [-0.00149142034754899, -0.0012084320324097515, 0.01400398633081744]], "chi2_level": 0.95, "chi2_df": 3, "chi2_threshold": 7.814727903251179, "N_raw": 49, "N_roi": 49, "N_inlier": 44, "refit": true}
{"timestamp": "14:46:16.450351", "frame": 65, "mu": [-0.720925896331668, 1.0403572883162953, 1.4254488780645331], "Sigma": [[0.017829279388389595, 0.007549877768699137, -0.009655100376721364], [0.007549877768699137, 0.008809106720029559, -0.00533863632639194], [-0.009655100376721364, -0.00533863632639194, 0.006487972523218604]], "chi2_level": 0.95, "chi2_df": 3, "chi2_threshold": 7.814727903251179, "N_raw": 48, "N_roi": 48, "N_inlier": 42, "refit": true}
{"timestamp": "14:46:16.499536", "frame": 66, "mu": [-0.7120750449591697, 1.0946907628994116, 1.0789799258439257], "Sigma": [[0.002389601359219938, 0.0005753729157303241, 0.02292364498808165], [0.0005753729157303239, 0.01049319020925145, 0.01891189997123301], [0.02292364498808165, 0.018911899971233007, 0.35985885589011796]], "chi2_level": 0.95, "chi2_df": 3, "chi2_threshold": 7.814727903251179, "N_raw": 11, "N_roi": 11, "N_inlier": 10, "refit": true}
{"timestamp": "14:46:16.562928", "frame": 67, "mu": [-0.6526747487312713, 1.1425823198602814, 1.1854434348611378], "Sigma": [[0.0032112147513771454, -0.0021880006083938443, -0.004613775093714834], [-0.0021880006083938447, 0.01575360900177195, 0.027872558585257837], [-0.004613775093714834, 0.02787255858525784, 0.0708170943217695]], "chi2_level": 0.95, "chi2_df": 3, "chi2_threshold": 7.814727903251179, "N_raw": 70, "N_roi": 70, "N_inlier": 57, "refit": true}
{"timestamp": "14:46:16.619996", "frame": 68, "mu": [-0.7039923491204467, 1.0396708261290228, 1.3912016427846299], "Sigma": [[0.05552817499416786, 0.01771260067212039, -0.04830913632641192], [0.01771260067212039, 0.01364079271821963, -0.019263638709424297], [-0.04830913632641192, -0.019263638709424293, 0.04436301863606858]], "chi2_level": 0.95, "chi2_df": 3, "chi2_threshold": 7.814727903251179, "N_raw": 82, "N_roi": 82, "N_inlier": 74, "refit": true}
{"timestamp": "14:46:16.672240", "frame": 69, "mu": [-0.5616788286310793, 1.1182681310418598, 1.3363615306508596], "Sigma": [[0.0033139985549128018, -0.0024478224479689567, -0.004267620263857644], [-0.0024478224479689567, 0.0033249273582962842, 0.0004423268674445687], [-0.004267620263857644, 0.0004423268674445687, 0.01218944610600108]], "chi2_level": 0.95, "chi2_df": 3, "chi2_threshold": 7.814727903251179, "N_raw": 60, "N_roi": 58, "N_inlier": 52, "refit": true}
{"timestamp": "14:46:16.729012", "frame": 70, "mu": [-0.48723396785053535, 1.3294578921265725, 0.9066462487159695], "Sigma": [[0.02117099673088697, 0.02510463937183712, -0.0787914330076732], [0.02510463937183712, 0.04087851831244248, -0.12619188344253474], [-0.0787914330076732, -0.12619188344253474, 0.40177975131729077]], "chi2_level": 0.95, "chi2_df": 3, "chi2_threshold": 7.814727903251179, "N_raw": 77, "N_roi": 77, "N_inlier": 74, "refit": true}
{"timestamp": "14:46:16.790229", "frame": 71, "mu": [-0.49882733346047037, 1.2333215081913376, 1.211820520104894], "Sigma": [[0.007360956824320852, -0.002625267817240402, -0.003463226905935192], [-0.002625267817240402, 0.0040032437434867, -0.003572009145712564], [-0.003463226905935192, -0.003572009145712564, 0.021420813875670568]], "chi2_level": 0.95, "chi2_df": 3, "chi2_threshold": 7.814727903251179, "N_raw": 120, "N_roi": 120, "N_inlier": 111, "refit": true}
{"timestamp": "14:46:16.842600", "frame": 72, "mu": [-0.5036592668598483, 1.293777826633071, 1.342712322386971], "Sigma": [[0.014241248163397566, -0.004006328575380079, -0.012498359227114612], [-0.004006328575380079, 0.0028361182630562086, 0.001354746626903464], [-0.012498359227114614, 0.0013547466269034636, 0.015099909510328904]], "chi2_level": 0.95, "chi2_df": 3, "chi2_threshold": 7.814727903251179, "N_raw": 95, "N_roi": 95, "N_inlier": 89, "refit": true}
{"timestamp": "14:46:16.898620", "frame": 73, "mu": [-0.44316991170579734, 1.3239635298034844, 1.2206678556513606], "Sigma": [[0.00665978377343559, -0.0018797050811252076, -0.005458262596907664], [-0.0018797050811252079, 0.00838419645748412, -0.010183321150928744], [-0.005458262596907664, -0.010183321150928744, 0.0659363172604662]], "chi2_level": 0.95, "chi2_df": 3, "chi2_threshold": 7.814727903251179, "N_raw": 103, "N_roi": 102, "N_inlier": 100, "refit": true}
{"timestamp": "14:46:16.953181", "frame": 74, "mu": [-0.38865034070777255, 1.3850587875330942, -0.6877606446112172], "Sigma": [[0.006485264156188172, 0.0034824539058610805, 0.014167233733305055], [0.0034824539058610805, 0.012627151668596613, 0.011056505552422935], [0.014167233733305052, 0.011056505552422933, 0.058104665668297105]], "chi2_level": 0.95, "chi2_df": 3, "chi2_threshold": 7.814727903251179, "N_raw": 97, "N_roi": 96, "N_inlier": 87, "refit": true}
{"timestamp": "14:46:17.008340", "frame": 75, "mu": [-0.4372536730676858, 1.4151486800115805, 0.8881454266916284], "Sigma": [[0.010446127120937386, -0.002200664783936935, 0.031170442802560438], [-0.002200664783936935, 0.0024272897155177093, -0.0009061908569545997], [0.031170442802560438, -0.0009061908569545996, 0.30948082926876447]], "chi2_level": 0.95, "chi2_df": 3, "chi2_threshold": 7.814727903251179, "N_raw": 107, "N_roi": 107, "N_inlier": 106, "refit": true}
{"timestamp": "14:46:17.066491", "frame": 76, "mu": [-0.3876004087096372, 1.4641476866110832, 0.988599639751566], "Sigma": [[0.012211879887953523, -0.001082666268743375, 0.0246175007058125], [-0.0010826662687433751, 0.002073872500046741, -0.0006439422112395985], [0.0246175007058125, -0.0006439422112395984, 0.17954666963496763]], "chi2_level": 0.95, "chi2_df": 3, "chi2_threshold": 7.814727903251179, "N_raw": 124, "N_roi": 124, "N_inlier": 120, "refit": true}
{"timestamp": "14:46:17.117463", "frame": 77, "mu": [-0.37112853844508253, 1.5046672162852053, 1.049770245460658], "Sigma": [[0.01150145648771358, -0.004309188238813958, 0.0272853976830321], [-0.004309188238813958, 0.003239854547064246, -0.010908641515685642], [0.0272853976830321, -0.010908641515685644, 0.14260659317881344]], "chi2_level": 0.95, "chi2_df": 3, "chi2_threshold": 7.814727903251179, "N_raw": 99, "N_roi": 99, "N_inlier": 94, "refit": true}
{"timestamp": "14:46:17.168628", "frame": 78, "mu": [-0.3362971638529494, 1.570463343569075, 1.4725228680850282], "Sigma": [[0.004782330949298881, -0.0008615547333163719, -0.007416009644493085], [-0.0008615547333163719, 0.0040293172937922875, -0.0003839848535178768], [-0.007416009644493085, -0.0003839848535178766, 0.03823967575054117]], "chi2_level": 0.95, "chi2_df": 3, "chi2_threshold": 7.814727903251179, "N_raw": 74, "N_roi": 74, "N_inlier": 71, "refit": true}
{"timestamp": "14:46:17.227955", "frame": 79, "mu": [-0.299304696519212, 1.5581944277916948, 1.234809434025936], "Sigma": [[0.008266270518242136, -0.0015858524996508936, -0.0077131869214220015], [-0.0015858524996508936, 0.0013128277097325981, 0.0017204313571353405], [-0.0077131869214220015, 0.0017204313571353405, 0.053123783448871996]], "chi2_level": 0.95, "chi2_df": 3, "chi2_threshold": 7.814727903251179, "N_raw": 106, "N_roi": 106, "N_inlier": 99, "refit": true}
{"timestamp": "14:46:17.283464", "frame": 80, "mu": [-0.307678869326737, 1.6282278914614312, 1.3121134765878741], "Sigma": [[0.006455442554400828, -0.0013019333665378798, -0.004951108317945302], [-0.0013019333665378798, 0.0023073037182652243, 0.0011534898962356674], [-0.004951108317945302, 0.0011534898962356674, 0.07708053009290466]], "chi2_level": 0.95, "chi2_df": 3, "chi2_threshold": 7.814727903251179, "N_raw": 104, "N_roi": 104, "N_inlier": 97, "refit": true}
{"timestamp": "14:46:17.332565", "frame": 81, "mu": [-0.27820629525293605, 1.6905368129993452, 1.395969049520952], "Sigma": [[0.009212847092594676, -0.0038754049439634966, 0.0016382710071254586], [-0.0038754049439634966, 0.003840710006234295, -0.005270221558322961], [0.0016382710071254586, -0.005270221558322961, 0.02429661713719117]], "chi2_level": 0.95, "chi2_df": 3, "chi2_threshold": 7.814727903251179, "N_raw": 65, "N_roi": 65, "N_inlier": 60, "refit": true}
{"timestamp": "14:46:17.388151", "frame": 82, "mu": [-0.19932663021887023, 1.6763725756707535, 1.3608932567320722], "Sigma": [[0.007676215181962177, -0.000960989757352271, -0.0025920343511678353], [-0.000960989757352271, 0.00465471115627584, 0.0005621365722136831], [-0.0025920343511678353, 0.0005621365722136832, 0.011878097285122612]], "chi2_level": 0.95, "chi2_df": 3, "chi2_threshold": 7.814727903251179, "N_raw": 68, "N_roi": 68, "N_inlier": 63, "refit": true}
{"timestamp": "14:46:17.443909", "frame": 83, "mu": [-0.2249798471420006, 1.7383043985745616, 1.3282377828175231], "Sigma": [[0.007204562957030852, -0.002673544485196082, 0.0029194425605509047], [-0.002673544485196082, 0.005060767742999433, -0.006521939659725779], [0.002919442560550904, -0.006521939659725779, 0.025303737853394362]], "chi2_level": 0.95, "chi2_df": 3, "chi2_threshold": 7.814727903251179, "N_raw": 75, "N_roi": 75, "N_inlier": 72, "refit": true}
{"timestamp": "14:46:17.497343", "frame": 84, "mu": [-0.248301567275245, 2.0270897747046073, -0.8878332088573341], "Sigma": [[0.00548849941061473, 0.0038770570185434035, -0.011356334033484749], [0.0038770570185434035, 0.01764943559702187, -0.042319092992124725], [-0.01135633403348475, -0.04231909299212472, 0.27951691433727605]], "chi2_level": 0.95, "chi2_df": 3, "chi2_threshold": 7.814727903251179, "N_raw": 59, "N_roi": 58, "N_inlier": 57, "refit": true}
{"timestamp": "14:46:17.555464", "frame": 85, "mu": [-0.14435624149135798, 1.850396542044432, 1.3250007853230454], "Sigma": [[0.00647029781840054, 0.00013663717592235822, 0.0028688785316490105], [0.00013663717592235817, 0.005161117009654174, 0.004242481120616605], [0.0028688785316490113, 0.004242481120616604, 0.07816424905869979]], "chi2_level": 0.95, "chi2_df": 3, "chi2_threshold": 7.814727903251179, "N_raw": 91, "N_roi": 91, "N_inlier": 82, "refit": true}
{"timestamp": "14:46:17.612805", "frame": 86, "mu": [-0.18822861158674095, 1.8365156761084536, 0.96956979164432], "Sigma": [[0.009009208688171948, 0.0062664112315776, 0.030316188155861047], [0.0062664112315776, 0.015689098072252185, 0.06360557625480866], [0.030316188155861047, 0.06360557625480866, 0.34868203373723794]], "chi2_level": 0.95, "chi2_df": 3, "chi2_threshold": 7.814727903251179, "N_raw": 95, "N_roi": 95, "N_inlier": 91, "refit": true}
{"timestamp": "14:46:17.671928", "frame": 87, "mu": [-0.1805501235144144, 1.9385495908137556, 0.9628814178434117], "Sigma": [[0.010090640131535104, 0.00040728647241856334, 0.0012337915264351016], [0.00040728647241856355, 0.005470236004147695, 0.02054558656434973], [0.0012337915264351018, 0.02054558656434973, 0.31751508604944906]], "chi2_level": 0.95, "chi2_df": 3, "chi2_threshold": 7.814727903251179, "N_raw": 125, "N_roi": 122, "N_inlier": 122, "refit": true}
{"timestamp": "14:46:17.728721", "frame": 88, "mu": [-0.11319546001513783, 1.980821387245858, 0.935940512119444], "Sigma": [[0.009417592997300338, -8.11071780222486e-06, 0.011821762568389065], [-8.110717802224752e-06, 0.006197751069747356, 0.0114273488917443], [0.011821762568389065, 0.0114273488917443, 0.33743992233822245]], "chi2_level": 0.95, "chi2_df": 3, "chi2_threshold": 7.814727903251179, "N_raw": 130, "N_roi": 130, "N_inlier": 129, "refit": true}
{"timestamp": "14:46:17.778249", "frame": 89, "mu": [-0.13214161717454148, 2.0511775894123145, 1.2287396404939472], "Sigma": [[0.007252400572865586, -0.0025050458217728555, -0.0033108092123623773], [-0.002505045821772855, 0.0039672262740064615, -0.004150710414625419], [-0.0033108092123623773, -0.004150710414625419, 0.178281224071474]], "chi2_level": 0.95, "chi2_df": 3, "chi2_threshold": 7.814727903251179, "N_raw": 87, "N_roi": 84, "N_inlier": 80, "refit": true}
{"timestamp": "14:46:17.828890", "frame": 90, "mu": [-0.0867412552549155, 2.0882635011941657, 1.554456180443435], "Sigma": [[0.008212650664637803, -0.0038173028277763313, -0.006952842950132424], [-0.003817302827776331, 0.006910268495036546, 0.003721109762134767], [-0.006952842950132423, 0.003721109762134767, 0.06630335946178251]], "chi2_level": 0.95, "chi2_df": 3, "chi2_threshold": 7.814727903251179, "N_raw": 66, "N_roi": 64, "N_inlier": 59, "refit": true}
{"timestamp": "14:46:17.891030", "frame": 91, "mu": [-0.09402618501978156, 2.3077038009076998, -0.5637715457999118], "Sigma": [[0.00978997144384947, -0.0023194304880356856, -0.0007613898937308895], [-0.0023194304880356856, 0.024219396209493323, -0.0850022474315666], [-0.0007613898937308891, -0.0850022474315666, 0.4172248260604357]], "chi2_level": 0.95, "chi2_df": 3, "chi2_threshold": 7.814727903251179, "N_raw": 118, "N_roi": 116, "N_inlier": 115, "refit": true}
{"timestamp": "14:46:17.931528", "frame": 92, "mu": [-0.05379959885897147, 2.3377461019960926, -0.1886159465680119], "Sigma": [[0.006080842755203993, 0.01230544239770428, -0.04088547313044669], [0.012305442397704279, 0.04349328061735397, -0.13254080167780036], [-0.04088547313044669, -0.13254080167780036, 0.48390653811658696]], "chi2_level": 0.95, "chi2_df": 3, "chi2_threshold": 7.814727903251179, "N_raw": 22, "N_roi": 20, "N_inlier": 19, "refit": true}
{"timestamp": "14:46:17.989326", "frame": 93, "mu": [0.024375822843861715, 2.3173100302178464, -0.14640116534130615], "Sigma": [[0.006205964860201718, 0.0011119472366866831, -0.0010530909080415163], [0.0011119472366866833, 0.0038383137024076914, -0.009576356788207169], [-0.0010530909080415166, -0.009576356788207169, 0.06360093497209807]], "chi2_level": 0.95, "chi2_df": 3, "chi2_threshold": 7.814727903251179, "N_raw": 45, "N_roi": 45, "N_inlier": 40, "refit": true}
{"timestamp": "14:46:18.044308", "frame": 94, "mu": [-0.05208344426449628, 2.2867985853931865, 1.5348474696845358], "Sigma": [[0.006422528230896529, -0.0011379826296526085, -0.0004163545506550078], [-0.0011379826296526085, 0.002491297597289528, -0.0016018268693184633], [-0.0004163545506550078, -0.0016018268693184631, 0.002711187089791653]], "chi2_level": 0.95, "chi2_df": 3, "chi2_threshold": 7.814727903251179, "N_raw": 46, "N_roi": 46, "N_inlier": 37, "refit": true}
{"timestamp": "14:46:18.101777", "frame": 95, "mu": [0.046849118835311905, 2.264713397648724, 1.3105685898171535], "Sigma": [[0.007482633872721683, -0.001500755289016802, -0.004912349340979722], [-0.001500755289016802, 0.001771052931899348, -0.0034027777300150467], [-0.004912349340979722, -0.0034027777300150467, 0.030680300207304875]], "chi2_level": 0.95, "chi2_df": 3, "chi2_threshold": 7.814727903251179, "N_raw": 64, "N_roi": 63, "N_inlier": 57, "refit": true}
{"timestamp": "14:46:18.152369", "frame": 96, "mu": [0.0675042832324025, 2.282513633819497, 0.909307544757091], "Sigma": [[0.007640927386885134, 0.004069428172027, 0.017615210600314603], [0.004069428172027, 0.011270195966059089, -0.016156112013957717], [0.017615210600314603, -0.01615611201395772, 0.3494275963047022]], "chi2_level": 0.95, "chi2_df": 3, "chi2_threshold": 7.814727903251179, "N_raw": 31, "N_roi": 30, "N_inlier": 29, "refit": true}
{"timestamp": "14:46:18.218230", "frame": 97, "mu": [0.08323126078643983, 2.4876652491070192, -0.22066111800544835], "Sigma": [[0.008403248220838386, -0.0007558967849722439, 0.013832282973241267], [-0.0007558967849722441, 0.0089075932224851, -0.024916961951349136], [0.013832282973241267, -0.024916961951349136, 0.20396859635917017]], "chi2_level": 0.95, "chi2_df": 3, "chi2_threshold": 7.814727903251179, "N_raw": 103, "N_roi": 103, "N_inlier": 93, "refit": true}
{"timestamp": "14:46:18.268077", "frame": 98, "mu": [0.08252712713601645, 2.3251726627711995, 0.9757454535557633], "Sigma": [[0.025044104642402622, 0.014928867113171285, 0.08306968975888512], [0.014928867113171285, 0.014077771585762499, 0.06359254400989081], [0.08306968975888514, 0.06359254400989081, 0.4010983540919639]], "chi2_level": 0.95, "chi2_df": 3, "chi2_threshold": 7.814727903251179, "N_raw": 65, "N_roi": 65, "N_inlier": 62, "refit": true}
{"timestamp": "14:46:18.325706", "frame": 99, "mu": [0.08270806676978812, 2.565109471637544, -0.5399402209146749], "Sigma": [[0.03217264983242962, -0.007155491026168989, 0.08837343567911324], [-0.007155491026168989, 0.006237987118665791, -0.03445715129808145], [0.08837343567911325, -0.03445715129808145, 0.3879945261337803]], "chi2_level": 0.95, "chi2_df": 3, "chi2_threshold": 7.814727903251179, "N_raw": 91, "N_roi": 88, "N_inlier": 84, "refit": true}
{"timestamp": "14:46:18.675408", "frame": 100, "mu": [0.2034013219894956, 2.5200371320939574, -0.29567622984789793], "Sigma": [[0.007429296747620819, 0.0009387005872158972, 0.01072348903702607], [0.0009387005872158971, 0.004171831507598051, -0.0012065947514082712], [0.01072348903702607, -0.0012065947514082707, 0.06073742269088525]], "chi2_level": 0.95, "chi2_df": 3, "chi2_threshold": 7.814727903251179, "N_raw": 55, "N_roi": 52, "N_inlier": 47, "refit": true}
{"timestamp": "14:46:18.702217", "frame": 101, "mu": [0.314697450606604, 2.555749313739688, 0.096946231455164], "Sigma": [[0.00934233863414848, 0.0002873252539013697, -0.00460153446531337], [0.0002873252539013697, 0.007061870885179098, -0.001964136500130716], [-0.0046015344653133694, -0.0019641365001307164, 0.00481956405080571]], "chi2_level": 0.95, "chi2_df": 3, "chi2_threshold": 7.814727903251179, "N_raw": 70, "N_roi": 67, "N_inlier": 62, "refit": true}
{"timestamp": "14:46:18.730793", "frame": 102, "mu": [0.337733826577472, 2.5823843756915896, 0.1737953778893883], "Sigma": [[0.006382757248699079, 0.00015106578229959037, -0.008079483173528166], [0.00015106578229959032, 0.0054635267483277615, -0.0038212494320537843], [-0.008079483173528166, -0.0038212494320537843, 0.027727379028392164]], "chi2_level": 0.95, "chi2_df": 3, "chi2_threshold": 7.814727903251179, "N_raw": 49, "N_roi": 49, "N_inlier": 44, "refit": true}
{"timestamp": "14:46:18.758400", "frame": 103, "mu": [0.3957604896061424, 2.6295391450010768, 0.03786006174766654], "Sigma": [[0.006594629870922643, -0.000527540856354201, -0.005459977310028431], [-0.0005275408563542009, 0.006598787707741797, -0.014575991394541238], [-0.005459977310028431, -0.01457599139454124, 0.06422451865572668]], "chi2_level": 0.95, "chi2_df": 3, "chi2_threshold": 7.814727903251179, "N_raw": 41, "N_roi": 41, "N_inlier": 36, "refit": true}
{"timestamp": "14:46:18.792864", "frame": 104, "mu": [0.405638831606327, 2.5785219767683136, 1.257569733183426], "Sigma": [[0.010399054819360322, -0.002456867801253248, -0.004756521941311596], [-0.002456867801253248, 0.004143369427137459, -0.005130569831193536], [-0.004756521941311596, -0.005130569831193536, 0.018549980293562193]], "chi2_level": 0.95, "chi2_df": 3, "chi2_threshold": 7.814727903251179, "N_raw": 71, "N_roi": 71, "N_inlier": 66, "refit": true}
{"timestamp": "14:46:18.829882", "frame": 105, "mu": [0.43965744533108286, 2.738361477264656, -0.17272984152338478], "Sigma": [[0.012073552102042782, -0.0003052944316206945, -0.004884247899175396], [-0.0003052944316206946, 0.0070183622462272185, -0.010712804490430801], [-0.004884247899175397, -0.010712804490430801, 0.022154038042144983]], "chi2_level": 0.95, "chi2_df": 3, "chi2_threshold": 7.814727903251179, "N_raw": 75, "N_roi": 75, "N_inlier": 69, "refit": true}
{"timestamp": "14:46:18.852912", "frame": 106, "mu": [0.42847567621756893, 2.702542445587656, 1.3590205013850671], "Sigma": [[0.007782622301160121, -0.003151061883243481, -0.004281648085448685], [-0.003151061883243481, 0.0036360250543775036, -0.002254943051243139], [-0.004281648085448685, -0.0022549430512431388, 0.021447806988371565]], "chi2_level": 0.95, "chi2_df": 3, "chi2_threshold": 7.814727903251179, "N_raw": 49, "N_roi": 49, "N_inlier": 45, "refit": true}
{"timestamp": "14:46:18.888304", "frame": 107, "mu": [0.4762500822293466, 2.776160681199646, -0.5526892990009489], "Sigma": [[0.005722882462335725, 0.003544288381387391, 0.02683083767017426], [0.0035442883813873905, 0.008183013445667702, 0.01767341621906149], [0.02683083767017426, 0.01767341621906149, 0.2167014310801292]], "chi2_level": 0.95, "chi2_df": 3, "chi2_threshold": 7.814727903251179, "N_raw": 41, "N_roi": 41, "N_inlier": 36, "refit": true}
{"timestamp": "14:46:18.914178", "frame": 108, "mu": [0.5245338604060641, 2.898716154931874, -0.25058083719575197], "Sigma": [[0.009203893891140166, -0.0029912677500273915, 0.0006079505495377544], [-0.0029912677500273923, 0.00539833075575531, -0.013457832159856974], [0.0006079505495377546, -0.013457832159856976, 0.051983401139729754]], "chi2_level": 0.95, "chi2_df": 3, "chi2_threshold": 7.814727903251179, "N_raw": 59, "N_roi": 59, "N_inlier": 55, "refit": true}
{"timestamp": "14:46:18.948860", "frame": 109, "mu": [0.5020959709782967, 2.807142401778095, 1.0585188898734248], "Sigma": [[0.007844019997333607, -0.0019569356799128065, -0.004426437501994541], [-0.001956935679912806, 0.001269567719139883, -0.002436633321160099], [-0.0044264375019945415, -0.0024366333211600995, 0.0370594057281737]], "chi2_level": 0.95, "chi2_df": 3, "chi2_threshold": 7.814727903251179, "N_raw": 48, "N_roi": 48, "N_inlier": 46, "refit": true}
{"timestamp": "14:46:18.980242", "frame": 110, "mu": [0.5256627839484886, 3.027210125357627, -0.7036797039801578], "Sigma": [[0.005959466672299472, -0.0003124741699177705, 0.0036424112922902587], [-0.0003124741699177705, 0.010563932545202328, -0.03089808554637599], [0.0036424112922902596, -0.03089808554637599, 0.20456924366866866]], "chi2_level": 0.95, "chi2_df": 3, "chi2_threshold": 7.814727903251179, "N_raw": 28, "N_roi": 28, "N_inlier": 27, "refit": true}
{"timestamp": "14:46:19.010723", "frame": 111, "mu": [0.6183352422146694, 3.1038476720874275, -0.32183457711746455], "Sigma": [[0.00551806818251335, 0.0044156853336107995, -0.015387181313908557], [0.0044156853336107995, 0.021449671917206592, -0.05063745183377592], [-0.015387181313908557, -0.05063745183377592, 0.16703533073300045]], "chi2_level": 0.95, "chi2_df": 3, "chi2_threshold": 7.814727903251179, "N_raw": 22, "N_roi": 19, "N_inlier": 16, "refit": true}
{"timestamp": "14:46:19.041629", "frame": 112, "mu": [0.6230252475773528, 3.154829383019284, -0.3991196942863845], "Sigma": [[0.004739097784161545, 0.00028990121234776997, -0.011630046912746023], [0.00028990121234776997, 0.02427183447632883, -0.0652084785547799], [-0.01163004691274602, -0.0652084785547799, 0.2689782761626888]], "chi2_level": 0.95, "chi2_df": 3, "chi2_threshold": 7.814727903251179, "N_raw": 19, "N_roi": 16, "N_inlier": 15, "refit": true}
{"timestamp": "14:46:19.091711", "frame": 113, "mu": [0.6887429488806938, 3.1484443971095235, -0.698195482259887], "Sigma": [[0.011299372884865305, 0.004021561253392372, 0.036124870651687194], [0.004021561253392372, 0.019576955110328732, -0.02256242057851863], [0.0361248706516872, -0.02256242057851863, 0.40381608855339984]], "chi2_level": 0.95, "chi2_df": 3, "chi2_threshold": 7.814727903251179, "N_raw": 65, "N_roi": 65, "N_inlier": 64, "refit": true}
{"timestamp": "14:46:19.146292", "frame": 114, "mu": [0.70955664970273, 3.01567591309205, 0.8324164552074388], "Sigma": [[0.011535810157105813, -0.0054113203665202645, 0.01762270045925725], [-0.0054113203665202645, 0.004412031584941711, -0.018661396058500375], [0.01762270045925725, -0.018661396058500375, 0.13719619993103768]], "chi2_level": 0.95, "chi2_df": 3, "chi2_threshold": 7.814727903251179, "N_raw": 56, "N_roi": 54, "N_inlier": 52, "refit": true}
{"timestamp": "14:46:19.194119", "frame": 115, "mu": [0.7725924710198204, 3.039068891742931, 0.6678940241099235], "Sigma": [[0.0011583522149451555, -0.0007587860763008694, 0.012985874307132186], [-0.0007587860763008696, 0.007026401603417754, -0.01934393017349431], [0.012985874307132186, -0.019343930173494308, 0.479824734623823]], "chi2_level": 0.95, "chi2_df": 3, "chi2_threshold": 7.814727903251179, "N_raw": 12, "N_roi": 12, "N_inlier": 11, "refit": true}
{"timestamp": "14:46:19.249287", "frame": 116, "mu": [0.7358898733256397, 3.2936960642046307, -0.17169104123330972], "Sigma": [[0.00810980570404941, 0.009060897703674324, -0.0439956648023444], [0.009060897703674324, 0.015709341348824082, -0.07391326476043972], [-0.0439956648023444, -0.07391326476043972, 0.38946126064047026]], "chi2_level": 0.95, "chi2_df": 3, "chi2_threshold": 7.814727903251179, "N_raw": 15, "N_roi": 15, "N_inlier": 15, "refit": true}
{"timestamp": "14:46:19.310411", "frame": 117, "mu": [0.7914197671373997, 3.1148329031913597, 1.1591576866925593], "Sigma": [[0.012306882701170073, -0.003602529708834701, -0.0016901283537758957], [-0.003602529708834701, 0.004292757989729795, -0.0033728818073096253], [-0.0016901283537758959, -0.0033728818073096253, 0.007576344376884933]], "chi2_level": 0.95, "chi2_df": 3, "chi2_threshold": 7.814727903251179, "N_raw": 54, "N_roi": 54, "N_inlier": 49, "refit": true}
{"timestamp": "14:46:19.360575", "frame": 118, "mu": [0.8240004919858527, 3.176224922566873, 1.2589355725735962], "Sigma": [[0.0045553254489212975, -0.0017704981323374027, -0.0027073050491043544], [-0.0017704981323374029, 0.00304044722228346, -0.0002487159128124173], [-0.002707305049104355, -0.0002487159128124173, 0.008087359001853723]], "chi2_level": 0.95, "chi2_df": 3, "chi2_threshold": 7.814727903251179, "N_raw": 22, "N_roi": 22, "N_inlier": 17, "refit": true}
{"timestamp": "14:46:19.416666", "frame": 119, "mu": [0.7656735926167041, 3.1615815325098713, 0.40429557580852493], "Sigma": [[0.014759529193219477, -0.005120584832375463, -0.0032429851490570413], [-0.005120584832375464, 0.0027347449653428012, 0.002059969124112474], [-0.003242985149057042, 0.002059969124112474, 0.015763857358626825]], "chi2_level": 0.95, "chi2_df": 3, "chi2_threshold": 7.814727903251179, "N_raw": 30, "N_roi": 30, "N_inlier": 27, "refit": true}
{"timestamp": "14:46:19.469514", "frame": 120, "mu": [0.8337569055360893, 2.9796507848143436, 0.8778021012841242], "Sigma": [[0.040353423161069706, 0.14255632529312354, -0.03649568168088955], [0.14255632529312354, 0.5841251534209327, -0.20122801334548546], [-0.03649568168088955, -0.20122801334548548, 0.3619884315781343]], "chi2_level": 0.95, "chi2_df": 3, "chi2_threshold": 7.814727903251179, "N_raw": 11, "N_roi": 11, "N_inlier": 9, "refit": true}
{"timestamp": "14:46:19.527121", "frame": 121, "mu": [0.9682918457351369, 3.1561416246037903, 0.7421431835546535], "Sigma": [[0.012618130176896752, 0.0006195322729520237, 0.038963229757186794], [0.0006195322729520237, 0.002941876306049788, 0.013182452733165867], [0.038963229757186794, 0.013182452733165867, 0.27778032771026756]], "chi2_level": 0.95, "chi2_df": 3, "chi2_threshold": 7.814727903251179, "N_raw": 31, "N_roi": 31, "N_inlier": 29, "refit": true}
{"timestamp": "14:46:19.579734", "frame": 122, "mu": [1.1001030422777232, 3.2346754697358775, 0.5691869308746678], "Sigma": [[0.031238204822649225, -0.012212062430750308, -0.007352136157288712], [-0.012212062430750306, 0.008995843187195601, -0.018580651730288746], [-0.0073521361572887085, -0.018580651730288746, 0.18430153517044714]], "chi2_level": 0.95, "chi2_df": 3, "chi2_threshold": 7.814727903251179, "N_raw": 11, "N_roi": 11, "N_inlier": 11, "refit": true}
{"timestamp": "14:46:19.635079", "frame": 123, "mu": [1.1756511800252445, 3.3080708388241145, 0.9839610796769263], "Sigma": [[0.006403151869939597, -0.00403902547222435, 0.010432173670932613], [-0.00403902547222435, 0.00657157684154371, -0.01518420596528338], [0.010432173670932613, -0.01518420596528338, 0.04527309041815129]], "chi2_level": 0.95, "chi2_df": 3, "chi2_threshold": 7.814727903251179, "N_raw": 13, "N_roi": 13, "N_inlier": 12, "refit": true}
{"timestamp": "14:46:19.693402", "frame": 124, "mu": [1.1679295521177147, 3.406199363168729, -0.042186701724740754], "Sigma": [[0.014460110158457046, -0.0034988160796594983, -0.0055422763803016795], [-0.0034988160796594983, 0.0043055075280204165, -0.0013296216763731012], [-0.0055422763803016795, -0.0013296216763731014, 0.005261080754970909]], "chi2_level": 0.95, "chi2_df": 3, "chi2_threshold": 7.814727903251179, "N_raw": 39, "N_roi": 39, "N_inlier": 34, "refit": true}
{"timestamp": "14:46:19.747667", "frame": 125, "mu": [1.178945682633963, 3.333713997385921, 1.04112092609724], "Sigma": [[0.013569048151919219, -0.006824931969744019, -0.011899112127692919], [-0.006824931969744018, 0.00575694021622367, 0.0008469000843396874], [-0.011899112127692919, 0.0008469000843396878, 0.03652486952716702]], "chi2_level": 0.95, "chi2_df": 3, "chi2_threshold": 7.814727903251179, "N_raw": 38, "N_roi": 38, "N_inlier": 35, "refit": true}
{"timestamp": "14:46:19.802860", "frame": 126, "mu": [1.2756849506251295, 3.364766343448793, 0.1998802798199404], "Sigma": [[0.012568339399423898, -0.0014097099398540293, -0.012178539574746985], [-0.0014097099398540293, 0.0032510305557004954, 0.0009679868031496081], [-0.012178539574746985, 0.0009679868031496079, 0.013747958065013782]], "chi2_level": 0.95, "chi2_df": 3, "chi2_threshold": 7.814727903251179, "N_raw": 38, "N_roi": 38, "N_inlier": 34, "refit": true}
{"timestamp": "14:46:19.857829", "frame": 127, "mu": [1.2648257124721758, 3.4896773966521275, -0.037848937048154674], "Sigma": [[0.017238887641276606, -0.004705736387898252, -0.009330565769841512], [-0.004705736387898252, 0.004932720431212929, -0.0026091507775959522], [-0.009330565769841512, -0.0026091507775959522, 0.014422709232742246]], "chi2_level": 0.95, "chi2_df": 3, "chi2_threshold": 7.814727903251179, "N_raw": 39, "N_roi": 39, "N_inlier": 36, "refit": true}
{"timestamp": "14:46:19.916290", "frame": 128, "mu": [1.2631917352140303, 3.4966861632185195, -0.7460136723040396], "Sigma": [[0.016169642636810082, 0.0033759176723468956, 0.020897028385004346], [0.003375917672346895, 0.012846443436303185, 0.01866180378651712], [0.02089702838500435, 0.01866180378651712, 0.2949665966188592]], "chi2_level": 0.95, "chi2_df": 3, "chi2_threshold": 7.814727903251179, "N_raw": 58, "N_roi": 58, "N_inlier": 57, "refit": true}
