{"timestamp": "14:32:18.535844", "frame": 1, "mu": [1.8091090540755965, 0.7550757325709581, 1.234228415873155], "Sigma": [[0.0012517814485487686, 0.0014683317900052797, -0.004432828792961516], [0.0014683317900052797, 0.0022963966365156492, -0.0069305440764023205], [-0.004432828792961516, -0.006930544076402321, 0.027038032028701656]], "chi2_level": 0.95, "chi2_df": 3, "chi2_threshold": 7.814727903251179, "N_raw": 6, "N_roi": 6, "N_inlier": 6, "refit": true}
{"timestamp": "14:32:18.596426", "frame": 2, "mu": [1.797067150694523, 0.7648030795208778, 1.257066917709407], "Sigma": [[0.006411470879840157, -0.004406555755949621, -0.002781208167329796], [-0.00440655575594962, 0.011996157707628104, -0.004148346154855156], [-0.002781208167329796, -0.004148346154855157, 0.0066091365227290725]], "chi2_level": 0.95, "chi2_df": 3, "chi2_threshold": 7.814727903251179, "N_raw": 46, "N_roi": 46, "N_inlier": 43, "refit": true}
{"timestamp": "14:32:18.649541", "frame": 3, "mu": [1.7661396609432873, 0.9112101858181318, -0.5492475684577474], "Sigma": [[0.0020349909566139226, -0.0007888911719629644, -0.0010993581973194034], [-0.0007888911719629645, 0.010500500241893713, -0.009870383443261669], [-0.0010993581973194034, -0.00987038344326167, 0.014860761744955759]], "chi2_level": 0.95, "chi2_df": 3, "chi2_threshold": 7.814727903251179, "N_raw": 17, "N_roi": 17, "N_inlier": 16, "refit": true}
{"timestamp": "14:32:18.707699", "frame": 4, "mu": [1.7665322511127273, 0.6389959328097309, 1.1909282048705359], "Sigma": [[0.005295323820145699, -0.004888067938823956, -0.002411289728863905], [-0.004888067938823956, 0.012824048579562021, -0.00193567979923844], [-0.002411289728863905, -0.00193567979923844, 0.004526924470792753]], "chi2_level": 0.95, "chi2_df": 3, "chi2_threshold": 7.814727903251179, "N_raw": 39, "N_roi": 39, "N_inlier": 34, "refit": true}
{"timestamp": "14:32:18.763175", "frame": 5, "mu": [1.673050029631457, 0.700851452964544, 1.1847956297196935], "Sigma": [[0.004479685612935816, -0.004062850699644288, -0.0017682728898977193], [-0.004062850699644288, 0.01074491126449943, -0.003311737164109026], [-0.0017682728898977193, -0.003311737164109026, 0.005974016649321062]], "chi2_level": 0.95, "chi2_df": 3, "chi2_threshold": 7.814727903251179, "N_raw": 38, "N_roi": 38, "N_inlier": 36, "refit": true}
{"timestamp": "14:32:18.818630", "frame": 6, "mu": [1.613874532255465, 0.8644134991322552, -0.5685000735603782], "Sigma": [[0.0062982505131927765, -0.0036092125144141472, -0.006146984637814476], [-0.0036092125144141472, 0.01078252460995983, 0.001402405741461321], [-0.006146984637814476, 0.0014024057414613205, 0.007578242018035748]], "chi2_level": 0.95, "chi2_df": 3, "chi2_threshold": 7.814727903251179, "N_raw": 39, "N_roi": 39, "N_inlier": 38, "refit": true}
{"timestamp": "14:32:18.869998", "frame": 7, "mu": [1.5203381445338826, 0.7308480497456057, 1.287374804829002], "Sigma": [[0.0029804948278484254, -0.0017108177721226396, -0.0036938935409866797], [-0.0017108177721226396, 0.0020599348011262316, 0.002045153025354877], [-0.0036938935409866797, 0.002045153025354877, 0.007550792455100788]], "chi2_level": 0.95, "chi2_df": 3, "chi2_threshold": 7.814727903251179, "N_raw": 17, "N_roi": 17, "N_inlier": 15, "refit": true}
{"timestamp": "14:32:18.923599", "frame": 8, "mu": [1.5093625749333002, 0.6581956767140316, 1.1814431952139073], "Sigma": [[0.004702555019751704, -0.0035832176204101517, -0.006289435426987866], [-0.0035832176204101517, 0.003841861241546841, 0.0037671040697494734], [-0.006289435426987866, 0.0037671040697494734, 0.010033269519213458]], "chi2_level": 0.95, "chi2_df": 3, "chi2_threshold": 7.814727903251179, "N_raw": 14, "N_roi": 14, "N_inlier": 13, "refit": true}
{"timestamp": "14:32:18.978207", "frame": 9, "mu": [1.387016833048424, 0.7562328967497243, 1.2826603835763606], "Sigma": [[0.005203973160466753, -0.0014740131174071824, -0.00585553894756041], [-0.0014740131174071824, 0.0006064072476625444, 0.0007112335410091187], [-0.00585553894756041, 0.0007112335410091187, 0.02528422507939571]], "chi2_level": 0.95, "chi2_df": 3, "chi2_threshold": 7.814727903251179, "N_raw": 7, "N_roi": 7, "N_inlier": 6, "refit": true}
{"timestamp": "14:32:19.033695", "frame": 10, "mu": [1.263789804218721, 0.7856076105414379, 1.3834290773340474], "Sigma": [[0.0019740723387241944, -0.0011721599791842685, -0.0015427502101480115], [-0.0011721599791842685, 0.0012632851183796148, 0.0001940727269331221], [-0.0015427502101480117, 0.00019407272693312214, 0.00409753039597949]], "chi2_level": 0.95, "chi2_df": 3, "chi2_threshold": 7.814727903251179, "N_raw": 16, "N_roi": 16, "N_inlier": 14, "refit": true}
{"timestamp": "14:32:19.092483", "frame": 11, "mu": [1.2831458761448393, 0.7212797472540106, 1.279553869173201], "Sigma": [[0.006713043608215805, -0.006070122115344903, -0.009828637240701377], [-0.006070122115344903, 0.008086681339259478, 0.008853324916369195], [-0.009828637240701377, 0.008853324916369195, 0.021272778732648216]], "chi2_level": 0.95, "chi2_df": 3, "chi2_threshold": 7.814727903251179, "N_raw": 40, "N_roi": 40, "N_inlier": 37, "refit": true}
{"timestamp": "14:32:19.144216", "frame": 12, "mu": [1.142842772096275, 0.8297550334884624, 1.3342051498014096], "Sigma": [[0.005794331721681198, -0.0007537841233400933, -0.010468474448307081], [-0.0007537841233400932, 0.004675306213043415, -0.0007210195482581982], [-0.010468474448307081, -0.0007210195482581982, 0.021010108217197697]], "chi2_level": 0.95, "chi2_df": 3, "chi2_threshold": 7.814727903251179, "N_raw": 8, "N_roi": 8, "N_inlier": 7, "refit": true}
{"timestamp": "14:32:19.202798", "frame": 13, "mu": [1.1663499772689907, 0.7393823712417879, 1.019544187899867], "Sigma": [[0.00855767611184034, -0.00732249011245107, -0.020766012677168353], [-0.00732249011245107, 0.00954811133252015, 0.01766396577062447], [-0.020766012677168353, 0.01766396577062447, 0.0718194921740074]], "chi2_level": 0.95, "chi2_df": 3, "chi2_threshold": 7.814727903251179, "N_raw": 36, "N_roi": 36, "N_inlier": 34, "refit": true}
{"timestamp": "14:32:19.258167", "frame": 14, "mu": [1.1067958995157852, 0.8300636034804827, 0.9921385378183073], "Sigma": [[0.0023900545335588884, -0.002951373511312451, -0.0026450235990731763], [-0.002951373511312451, 0.004980077972755283, 0.0020134180496518737], [-0.0026450235990731763, 0.002013418049651874, 0.02043378402824317]], "chi2_level": 0.95, "chi2_df": 3, "chi2_threshold": 7.814727903251179, "N_raw": 40, "N_roi": 40, "N_inlier": 35, "refit": true}
{"timestamp": "14:32:19.309975", "frame": 15, "mu": [1.0233337880595275, 0.7594296850270954, 0.8818590351664382], "Sigma": [[0.014536590725418342, -0.016991550994415693, -0.05088820583020455], [-0.016991550994415693, 0.029791992257800874, 0.07933189337096017], [-0.05088820583020455, 0.07933189337096018, 0.32064703565044483]], "chi2_level": 0.95, "chi2_df": 3, "chi2_threshold": 7.814727903251179, "N_raw": 15, "N_roi": 15, "N_inlier": 15, "refit": true}
{"timestamp": "14:32:19.368780", "frame": 16, "mu": [0.810849913550184, 0.8562294501335057, 1.423755085278259], "Sigma": [[0.004802796225637959, -0.0008738477882667855, -0.0053837481119809304], [-0.0008738477882667855, 0.0028775507526371848, -0.0022830705439105614], [-0.0053837481119809304, -0.0022830705439105614, 0.015629360670810603]], "chi2_level": 0.95, "chi2_df": 3, "chi2_threshold": 7.814727903251179, "N_raw": 44, "N_roi": 42, "N_inlier": 35, "refit": true}
{"timestamp": "14:32:19.423351", "frame": 17, "mu": [0.7479808744558214, 0.8456114248427321, 1.3515454755153542], "Sigma": [[0.003378700236514894, 6.442034746878536e-05, -0.00018355173951147712], [6.442034746878534e-05, 0.003340253625199803, -0.009471860564177837], [-0.00018355173951147712, -0.009471860564177837, 0.06180618791983387]], "chi2_level": 0.95, "chi2_df": 3, "chi2_threshold": 7.814727903251179, "N_raw": 34, "N_roi": 34, "N_inlier": 30, "refit": true}
{"timestamp": "14:32:19.480839", "frame": 18, "mu": [0.7272287935177888, 0.8104546458067561, 1.3341609179449943], "Sigma": [[0.004964041012292211, 0.0007750047948392688, -0.008261896478518198], [0.0007750047948392683, 0.005622145291155006, -0.008269547893663073], [-0.008261896478518198, -0.008269547893663073, 0.026505010815572876]], "chi2_level": 0.95, "chi2_df": 3, "chi2_threshold": 7.814727903251179, "N_raw": 55, "N_roi": 55, "N_inlier": 48, "refit": true}
{"timestamp": "14:32:19.535840", "frame": 19, "mu": [0.656869624379114, 0.7803150815170813, 1.4103787459842232], "Sigma": [[0.0040421566992670166, -0.00018391282209423662, -0.0034244830629424202], [-0.00018391282209423668, 0.003842489402772176, -0.0026977793515509016], [-0.0034244830629424207, -0.0026977793515509016, 0.007793623727530034]], "chi2_level": 0.95, "chi2_df": 3, "chi2_threshold": 7.814727903251179, "N_raw": 58, "N_roi": 58, "N_inlier": 54, "refit": true}
{"timestamp": "14:32:19.593315", "frame": 20, "mu": [0.5777221862630088, 0.7942495882683904, 1.4425530345118525], "Sigma": [[0.005735893493585512, 0.00016685468631931835, -0.004243131276159721], [0.00016685468631931843, 0.003357612568912208, -0.0022931669323619894], [-0.004243131276159721, -0.0022931669323619894, 0.00562635637434132]], "chi2_level": 0.95, "chi2_df": 3, "chi2_threshold": 7.814727903251179, "N_raw": 74, "N_roi": 72, "N_inlier": 67, "refit": true}
{"timestamp": "14:32:19.647424", "frame": 21, "mu": [0.5373109884768408, 0.7963325791308021, 1.4366108123838723], "Sigma": [[0.006484026120157489, -0.0007506647528117169, -0.00537217523130052], [-0.0007506647528117169, 0.002469795006018827, -0.001007025224701288], [-0.00537217523130052, -0.0010070252247012877, 0.007537308421257493]], "chi2_level": 0.95, "chi2_df": 3, "chi2_threshold": 7.814727903251179, "N_raw": 66, "N_roi": 66, "N_inlier": 63, "refit": true}
{"timestamp": "14:32:19.707390", "frame": 22, "mu": [0.44234506113063776, 0.8209247487988307, 1.3969171001608138], "Sigma": [[0.007166587780076842, -0.003085651684282691, -0.0020286853475419116], [-0.003085651684282691, 0.003486152818377293, -0.000401815544652476], [-0.0020286853475419116, -0.000401815544652476, 0.0090734241288013]], "chi2_level": 0.95, "chi2_df": 3, "chi2_threshold": 7.814727903251179, "N_raw": 106, "N_roi": 106, "N_inlier": 100, "refit": true}
{"timestamp": "14:32:19.752894", "frame": 23, "mu": [0.3761211288000554, 0.783875132839795, 1.3665457414608095], "Sigma": [[0.0020986421976661607, 0.00014200910096772836, -0.0034989835329628906], [0.0001420091009677284, 0.0010510900462047063, -0.007513969150947903], [-0.0034989835329628906, -0.007513969150947903, 0.10344397623862601]], "chi2_level": 0.95, "chi2_df": 3, "chi2_threshold": 7.814727903251179, "N_raw": 31, "N_roi": 31, "N_inlier": 28, "refit": true}
{"timestamp": "14:32:19.810276", "frame": 24, "mu": [0.2918646027727587, 0.8088435323092688, 1.439465717723914], "Sigma": [[0.002573558466475088, -0.0006046965671606679, -0.0017691871140669132], [-0.0006046965671606679, 0.002035076539876318, -0.0012448046824331447], [-0.0017691871140669132, -0.0012448046824331447, 0.006988202635382926]], "chi2_level": 0.95, "chi2_df": 3, "chi2_threshold": 7.814727903251179, "N_raw": 57, "N_roi": 57, "N_inlier": 53, "refit": true}
{"timestamp": "14:32:19.870369", "frame": 25, "mu": [0.22217708221708524, 0.8522949081447151, 1.359093130503416], "Sigma": [[0.002347599601877551, -0.0008252692207051276, -0.0005976549383327344], [-0.0008252692207051275, 0.0020318786324965933, -0.0013531947601456498], [-0.0005976549383327344, -0.0013531947601456496, 0.01914137754900049]], "chi2_level": 0.95, "chi2_df": 3, "chi2_threshold": 7.814727903251179, "N_raw": 87, "N_roi": 87, "N_inlier": 83, "refit": true}
{"timestamp": "14:32:19.923115", "frame": 26, "mu": [0.12881782238035294, 0.8246119399889962, 1.4790066688991987], "Sigma": [[0.001634178982094942, -0.0004140666137685557, -0.0013908281816468022], [-0.0004140666137685557, 0.0030819473692503922, -0.0014656612585288316], [-0.001390828181646802, -0.0014656612585288316, 0.009319200951476625]], "chi2_level": 0.95, "chi2_df": 3, "chi2_threshold": 7.814727903251179, "N_raw": 62, "N_roi": 62, "N_inlier": 53, "refit": true}
{"timestamp": "14:32:19.979271", "frame": 27, "mu": [0.08262038287398134, 0.848962426598948, 1.4018499145093357], "Sigma": [[0.006371399143917906, -0.0005342294110665296, -0.0033139086139202297], [-0.0005342294110665294, 0.0009601490063475254, -0.0012408353607510408], [-0.0033139086139202297, -0.001240835360751041, 0.00517992132584833]], "chi2_level": 0.95, "chi2_df": 3, "chi2_threshold": 7.814727903251179, "N_raw": 85, "N_roi": 85, "N_inlier": 79, "refit": true}
{"timestamp": "14:32:20.036809", "frame": 28, "mu": [-0.0015052019116825344, 0.8452543434355668, 1.33449719403568], "Sigma": [[0.0029747741060045735, -0.0011453981826789117, -0.0013554213960133192], [-0.0011453981826789117, 0.0018551212853457988, -0.0028715227951213486], [-0.0013554213960133192, -0.002871522795121349, 0.01787252429841245]], "chi2_level": 0.95, "chi2_df": 3, "chi2_threshold": 7.814727903251179, "N_raw": 95, "N_roi": 95, "N_inlier": 91, "refit": true}
{"timestamp": "14:32:20.083943", "frame": 29, "mu": [-0.05232860891109526, 0.8204484224696836, 1.4170010616006008], "Sigma": [[0.0022694510399963322, -4.6646561292104524e-05, -0.0019467628492607874], [-4.6646561292104524e-05, 0.0011142667069854043, -0.0010653739220474379], [-0.0019467628492607874, -0.001065373922047438, 0.0031610708108406873]], "chi2_level": 0.95, "chi2_df": 3, "chi2_threshold": 7.814727903251179, "N_raw": 43, "N_roi": 43, "N_inlier": 41, "refit": true}
{"timestamp": "14:32:20.139888", "frame": 30, "mu": [-0.15215229063743793, 0.7857315150846879, 1.4007076187994436], "Sigma": [[0.0020426845057274936, -0.00034128133988034406, -0.000754211962877301], [-0.00034128133988034406, 0.0006481119698483446, -0.0012712238491894168], [-0.000754211962877301, -0.0012712238491894168, 0.0067517815747038116]], "chi2_level": 0.95, "chi2_df": 3, "chi2_threshold": 7.814727903251179, "N_raw": 60, "N_roi": 60, "N_inlier": 55, "refit": true}
{"timestamp": "14:32:20.202051", "frame": 31, "mu": [-0.2265762192231478, 0.8416507880955928, 1.3776434146757026], "Sigma": [[0.0037195561800502036, -0.0013790780995924447, -0.004710153425677842], [-0.0013790780995924447, 0.0024095319258089156, -0.001769774051489801], [-0.004710153425677841, -0.0017697740514898007, 0.018662358699534733]], "chi2_level": 0.95, "chi2_df": 3, "chi2_threshold": 7.814727903251179, "N_raw": 107, "N_roi": 107, "N_inlier": 104, "refit": true}
{"timestamp": "14:32:20.258076", "frame": 32, "mu": [-0.291795921188147, 0.8240239436041058, 1.458208207531595], "Sigma": [[0.0034107084711188325, -0.0011100352076973984, -0.004284654045408683], [-0.0011100352076973984, 0.003886931860061612, -0.000539331825833673], [-0.004284654045408683, -0.0005393318258336729, 0.0162355004332151]], "chi2_level": 0.95, "chi2_df": 3, "chi2_threshold": 7.814727903251179, "N_raw": 92, "N_roi": 89, "N_inlier": 85, "refit": true}
{"timestamp": "14:32:20.311348", "frame": 33, "mu": [-0.34435338463873344, 0.8844040362318574, 0.07980637705494215], "Sigma": [[0.00467883273108601, -0.0011410154576983805, 0.03768880269072671], [-0.0011410154576983805, 0.0047340971739746815, -0.021574163532540554], [0.03768880269072671, -0.021574163532540554, 0.5571392208860296]], "chi2_level": 0.95, "chi2_df": 3, "chi2_threshold": 7.814727903251179, "N_raw": 95, "N_roi": 91, "N_inlier": 87, "refit": true}
{"timestamp": "14:32:20.359506", "frame": 34, "mu": [-0.3626384433751937, 0.8066165110220983, 1.3382085738838265], "Sigma": [[0.001230579475634856, 8.013817235650291e-05, -0.0012437613068492566], [8.013817235650283e-05, 0.001219655549650717, -0.002157502299285499], [-0.0012437613068492569, -0.002157502299285499, 0.005815547265437901]], "chi2_level": 0.95, "chi2_df": 3, "chi2_threshold": 7.814727903251179, "N_raw": 46, "N_roi": 46, "N_inlier": 40, "refit": true}
{"timestamp": "14:32:20.419199", "frame": 35, "mu": [-0.49837071538613864, 0.7151671083088162, 1.3897682209149977], "Sigma": [[0.018767780232612625, 0.0035600230988114753, -0.01580365726735706], [0.0035600230988114745, 0.005371188376216292, -0.0029082438737648734], [-0.01580365726735706, -0.0029082438737648734, 0.020713752588690036]], "chi2_level": 0.95, "chi2_df": 3, "chi2_threshold": 7.814727903251179, "N_raw": 84, "N_roi": 84, "N_inlier": 75, "refit": true}
{"timestamp": "14:32:20.476963", "frame": 36, "mu": [-0.6411636044175432, 0.7046269155798053, 1.462498550547777], "Sigma": [[0.02428498443838177, 0.006555921734905464, -0.02284258601372605], [0.006555921734905464, 0.003847562848219287, -0.008924062174560798], [-0.02284258601372605, -0.008924062174560798, 0.029160306602634335]], "chi2_level": 0.95, "chi2_df": 3, "chi2_threshold": 7.814727903251179, "N_raw": 94, "N_roi": 94, "N_inlier": 90, "refit": true}
{"timestamp": "14:32:20.525380", "frame": 37, "mu": [-0.7766625485478142, 0.6533803925347953, 1.4114652082003443], "Sigma": [[0.031375187201046095, 0.013452743077508166, -0.06092783084707857], [0.013452743077508166, 0.007573798005629978, -0.030725823892201184], [-0.06092783084707856, -0.030725823892201187, 0.1446684950491257]], "chi2_level": 0.95, "chi2_df": 3, "chi2_threshold": 7.814727903251179, "N_raw": 45, "N_roi": 43, "N_inlier": 39, "refit": true}
{"timestamp": "14:32:20.579377", "frame": 38, "mu": [-0.9421304777206189, 0.5999362134423113, 1.6314055515719021], "Sigma": [[0.014339625592270961, 0.002490228526168233, -0.012515285585174748], [0.002490228526168232, 0.0029800241206090275, -0.0054215992970660055], [-0.012515285585174748, -0.0054215992970660055, 0.02257327944678359]], "chi2_level": 0.95, "chi2_df": 3, "chi2_threshold": 7.814727903251179, "N_raw": 48, "N_roi": 48, "N_inlier": 45, "refit": true}
{"timestamp": "14:32:20.639206", "frame": 39, "mu": [-0.8017150617086412, 0.6394215510832596, 1.2703254962043684], "Sigma": [[0.02940836842832801, 0.00886996743611791, -0.046209626119396344], [0.00886996743611791, 0.0046248454041872885, -0.017158281301678867], [-0.04620962611939635, -0.017158281301678867, 0.08767392786333066]], "chi2_level": 0.95, "chi2_df": 3, "chi2_threshold": 7.814727903251179, "N_raw": 87, "N_roi": 87, "N_inlier": 85, "refit": true}
{"timestamp": "14:32:20.692692", "frame": 40, "mu": [-1.0146606444970714, 0.601747500530358, 1.5561726850510589], "Sigma": [[0.008686191800757073, 0.0022102576922991175, -0.00010245258051659232], [0.0022102576922991167, 0.004114354404880307, -0.003144103808723027], [-0.00010245258051659237, -0.003144103808723027, 0.005696782405094623]], "chi2_level": 0.95, "chi2_df": 3, "chi2_threshold": 7.814727903251179, "N_raw": 69, "N_roi": 69, "N_inlier": 65, "refit": true}
{"timestamp": "14:32:20.747144", "frame": 41, "mu": [-1.0504666836975654, 0.6295510916211935, 1.5366051359679982], "Sigma": [[0.00958182132568045, -2.3295522122544323e-05, -0.0016030973746942265], [-2.3295522122544296e-05, 0.004837030465462527, -0.002363876402397324], [-0.0016030973746942268, -0.002363876402397324, 0.002044246997758868]], "chi2_level": 0.95, "chi2_df": 3, "chi2_threshold": 7.814727903251179, "N_raw": 60, "N_roi": 60, "N_inlier": 55, "refit": true}
{"timestamp": "14:32:20.805604", "frame": 42, "mu": [-1.059183211967121, 0.7075936922130063, -0.4124056067637675], "Sigma": [[0.01465050193471217, 0.010328660344748525, -0.01522543903375714], [0.010328660344748525, 0.01940519277568355, -0.018717123574195305], [-0.015225439033757143, -0.018717123574195305, 0.030169095752124973]], "chi2_level": 0.95, "chi2_df": 3, "chi2_threshold": 7.814727903251179, "N_raw": 93, "N_roi": 93, "N_inlier": 90, "refit": true}
{"timestamp": "14:32:20.858298", "frame": 43, "mu": [-1.148615130249032, 0.6088622018835941, 1.4772449305784212], "Sigma": [[0.007856840584372181, -9.177233681796485e-05, -0.003204316214880607], [-9.177233681796473e-05, 0.010041914165564407, -0.0043178830086259305], [-0.003204316214880607, -0.004317883008625931, 0.005188965040917847]], "chi2_level": 0.95, "chi2_df": 3, "chi2_threshold": 7.814727903251179, "N_raw": 70, "N_roi": 70, "N_inlier": 66, "refit": true}
{"timestamp": "14:32:20.911157", "frame": 44, "mu": [-1.2263383022075098, 0.5880637432939659, 1.4466423902214414], "Sigma": [[0.00688103507559805, 0.0015881568490162918, -0.0020018401161508515], [0.0015881568490162918, 0.012401749496284224, -0.004930358261034835], [-0.0020018401161508515, -0.004930358261034835, 0.003463268351704051]], "chi2_level": 0.95, "chi2_df": 3, "chi2_threshold": 7.814727903251179, "N_raw": 65, "N_roi": 65, "N_inlier": 60, "refit": true}
{"timestamp": "14:32:20.970512", "frame": 45, "mu": [-1.2349326919168675, 0.6151891501024369, 1.270498867338168], "Sigma": [[0.024130046027304446, 0.022299551728738605, -0.03808682263145892], [0.022299551728738605, 0.03145731230603297, -0.047623218318326443], [-0.03808682263145892, -0.047623218318326443, 0.08963100844883345]], "chi2_level": 0.95, "chi2_df": 3, "chi2_threshold": 7.814727903251179, "N_raw": 74, "N_roi": 74, "N_inlier": 73, "refit": true}
{"timestamp": "14:32:21.024149", "frame": 46, "mu": [-1.28758314676954, 0.6574879131427437, 1.2498845974293111], "Sigma": [[0.01908974216243698, 0.021442700642914397, -0.0256249540842204], [0.021442700642914397, 0.039180405744065894, -0.040351408012225476], [-0.0256249540842204, -0.040351408012225476, 0.05686460293187037]], "chi2_level": 0.95, "chi2_df": 3, "chi2_threshold": 7.814727903251179, "N_raw": 82, "N_roi": 82, "N_inlier": 75, "refit": true}
{"timestamp": "14:32:21.077925", "frame": 47, "mu": [-1.4081907352812932, 0.5229742659056136, 1.2923561693159094], "Sigma": [[0.007554665004216816, 0.005364992986506239, 0.0016523300977591927], [0.005364992986506239, 0.009889144156714725, -0.006690480990108695], [0.001652330097759193, -0.006690480990108694, 0.02032905726681973]], "chi2_level": 0.95, "chi2_df": 3, "chi2_threshold": 7.814727903251179, "N_raw": 78, "N_roi": 78, "N_inlier": 73, "refit": true}
{"timestamp": "14:32:21.131766", "frame": 48, "mu": [-1.4400647758959393, 0.8118437234497525, -0.39945080353007023], "Sigma": [[0.007587076578625131, 0.0029896106575356693, -0.0009475711955461361], [0.0029896106575356693, 0.017932668880354077, -0.0018754143340749558], [-0.0009475711955461361, -0.0018754143340749558, 0.0032664044520027504]], "chi2_level": 0.95, "chi2_df": 3, "chi2_threshold": 7.814727903251179, "N_raw": 66, "N_roi": 66, "N_inlier": 62, "refit": true}
{"timestamp": "14:32:21.188284", "frame": 49, "mu": [-1.5023860350352458, 0.6441773670365718, 1.3024325160222836], "Sigma": [[0.010079498312369449, 0.008704533687825623, 0.005908217215905578], [0.008704533687825625, 0.01145017726229912, -9.662792649783717e-06], [0.005908217215905578, -9.662792649784042e-06, 0.024074232788635533]], "chi2_level": 0.95, "chi2_df": 3, "chi2_threshold": 7.814727903251179, "N_raw": 80, "N_roi": 80, "N_inlier": 79, "refit": true}
{"timestamp": "14:32:21.244303", "frame": 50, "mu": [-1.3551058096162445, 0.6229859396213316, 1.1928869806628746], "Sigma": [[0.6654539712466173, -0.02369479565733628, -0.018034278890952063], [-0.02369479565733628, 0.023339361161697398, 0.01709245366815021], [-0.018034278890952056, 0.01709245366815021, 0.040024014748914025]], "chi2_level": 0.95, "chi2_df": 3, "chi2_threshold": 7.814727903251179, "N_raw": 83, "N_roi": 83, "N_inlier": 78, "refit": true}
{"timestamp": "14:32:21.300769", "frame": 51, "mu": [-1.5935009489162246, 0.776890611952449, 1.3811845198850061], "Sigma": [[0.011526693879915726, 0.011386169544177392, 0.007972637769828792], [0.011386169544177392, 0.024958760487973138, 0.016556103725279214], [0.007972637769828792, 0.016556103725279214, 0.05358133663144422]], "chi2_level": 0.95, "chi2_df": 3, "chi2_threshold": 7.814727903251179, "N_raw": 90, "N_roi": 90, "N_inlier": 87, "refit": true}
{"timestamp": "14:32:21.355592", "frame": 52, "mu": [-1.665012444813344, 0.7829300424900417, 1.3029126999963156], "Sigma": [[0.015159869961378457, 0.012638625894647235, 0.009217796315122427], [0.012638625894647237, 0.017153874039642334, 0.006052051151443804], [0.009217796315122425, 0.006052051151443805, 0.035676262413262265]], "chi2_level": 0.95, "chi2_df": 3, "chi2_threshold": 7.814727903251179, "N_raw": 95, "N_roi": 95, "N_inlier": 94, "refit": true}
{"timestamp": "14:32:21.408541", "frame": 53, "mu": [-1.7129695099729467, 0.9082744553934038, 1.3712481514410202], "Sigma": [[0.01235611178024756, 0.006719897676177432, -0.001527131457931762], [0.006719897676177432, 0.009671614404478888, -0.006048584774054338], [-0.0015271314579317617, -0.006048584774054337, 0.026295027452645097]], "chi2_level": 0.95, "chi2_df": 3, "chi2_threshold": 7.814727903251179, "N_raw": 82, "N_roi": 82, "N_inlier": 80, "refit": true}
{"timestamp": "14:32:21.464485", "frame": 54, "mu": [-1.7849513941208408, 0.8785120128523815, 1.315298509176233], "Sigma": [[0.011170827071433204, 0.008990828111735568, 0.0036484013807805762], [0.008990828111735568, 0.012335173276216837, 0.000477602662697486], [0.0036484013807805762, 0.00047760266269748666, 0.0378777108020176]], "chi2_level": 0.95, "chi2_df": 3, "chi2_threshold": 7.814727903251179, "N_raw": 79, "N_roi": 79, "N_inlier": 76, "refit": true}
{"timestamp": "14:32:21.517558", "frame": 55, "mu": [-1.8283324551846447, 0.9413626395069943, 1.381709285946806], "Sigma": [[0.009307910041465273, 0.004854739865231444, -0.002112451020381925], [0.004854739865231444, 0.009460869361923039, -0.01154579578739235], [-0.002112451020381924, -0.01154579578739235, 0.043042571753542216]], "chi2_level": 0.95, "chi2_df": 3, "chi2_threshold": 7.814727903251179, "N_raw": 74, "N_roi": 74, "N_inlier": 68, "refit": true}
{"timestamp": "14:32:21.571593", "frame": 56, "mu": [-1.8490583169657562, 0.9495486883335821, 1.346095693632417], "Sigma": [[0.012836882909995297, 0.006379625391719502, -0.0004881963215172631], [0.006379625391719502, 0.007939706343389528, -0.004683232244883803], [-0.0004881963215172631, -0.004683232244883803, 0.018225837164431196]], "chi2_level": 0.95, "chi2_df": 3, "chi2_threshold": 7.814727903251179, "N_raw": 67, "N_roi": 67, "N_inlier": 64, "refit": true}
{"timestamp": "14:32:21.627183", "frame": 57, "mu": [-1.8715003667091143, 1.0093737194089267, 1.2088734236400118], "Sigma": [[0.012479711499197773, 0.004207806959708502, 0.005587794112627011], [0.004207806959708502, 0.009056324849672838, -0.01760739998184826], [0.00558779411262701, -0.01760739998184826, 0.07179230035448092]], "chi2_level": 0.95, "chi2_df": 3, "chi2_threshold": 7.814727903251179, "N_raw": 75, "N_roi": 75, "N_inlier": 74, "refit": true}
{"timestamp": "14:32:21.683131", "frame": 58, "mu": [-1.9661395195137719, 1.084256173267546, 1.2154750722167345], "Sigma": [[0.013472370595312777, 0.0032783439108795822, 0.014037661056041718], [0.0032783439108795827, 0.01001770667515466, -0.01908474876735562], [0.014037661056041718, -0.01908474876735562, 0.11419306024175264]], "chi2_level": 0.95, "chi2_df": 3, "chi2_threshold": 7.814727903251179, "N_raw": 78, "N_roi": 78, "N_inlier": 77, "refit": true}
{"timestamp": "14:32:21.737268", "frame": 59, "mu": [-1.979182007542549, 1.126659396056978, 1.420256386653668], "Sigma": [[0.013494607357077077, 0.006902346135420863, -0.0029846019724709062], [0.006902346135420861, 0.011030427456718903, -0.0075221562829513415], [-0.0029846019724709062, -0.0075221562829513415, 0.026067907237553187]], "chi2_level": 0.95, "chi2_df": 3, "chi2_threshold": 7.814727903251179, "N_raw": 65, "N_roi": 65, "N_inlier": 56, "refit": true}
{"timestamp": "14:32:21.791506", "frame": 60, "mu": [-2.004626510251655, 1.173820828378271, 1.3870368997011335], "Sigma": [[0.015287534769262666, 0.009877157582191199, -0.00909119147420627], [0.009877157582191199, 0.017199357715616252, -0.012592002473198255], [-0.00909119147420627, -0.012592002473198255, 0.011275748769550915]], "chi2_level": 0.95, "chi2_df": 3, "chi2_threshold": 7.814727903251179, "N_raw": 68, "N_roi": 68, "N_inlier": 68, "refit": true}
{"timestamp": "14:32:21.845522", "frame": 61, "mu": [-2.0613150483270792, 1.195816319336613, 1.4574954340064128], "Sigma": [[0.016962052694148716, 0.006914512567317675, -0.013322055716644658], [0.006914512567317675, 0.0126742304963175, -0.010377382399950792], [-0.013322055716644656, -0.010377382399950792, 0.014704749314951332]], "chi2_level": 0.95, "chi2_df": 3, "chi2_threshold": 7.814727903251179, "N_raw": 63, "N_roi": 63, "N_inlier": 61, "refit": true}
{"timestamp": "14:32:21.907910", "frame": 62, "mu": [-2.116115751935399, 1.2052814213185168, 1.2465004986011416], "Sigma": [[0.028784231041769005, 0.022767291027898796, 0.019286894199707683], [0.022767291027898796, 0.03432730247085228, 0.03636341555239897], [0.019286894199707683, 0.03636341555239898, 0.10728463660237109]], "chi2_level": 0.95, "chi2_df": 3, "chi2_threshold": 7.814727903251179, "N_raw": 111, "N_roi": 110, "N_inlier": 109, "refit": true}
{"timestamp": "14:32:21.963373", "frame": 63, "mu": [-2.0307322863198247, 1.3751261244890558, 1.261668913188524], "Sigma": [[0.028092745391093698, 0.02018717963340832, 0.009989730037298401], [0.02018717963340832, 0.021780659489111766, 0.004065343809024829], [0.009989730037298401, 0.004065343809024829, 0.0551759163537434]], "chi2_level": 0.95, "chi2_df": 3, "chi2_threshold": 7.814727903251179, "N_raw": 113, "N_roi": 113, "N_inlier": 110, "refit": true}
{"timestamp": "14:32:22.013470", "frame": 64, "mu": [-1.992607087627166, 1.528623829138499, 1.3246157275300463], "Sigma": [[0.02161514217595116, 0.015118570715420186, -0.010688025383470308], [0.015118570715420184, 0.013351038497294247, -0.011113981027557769], [-0.010688025383470308, -0.011113981027557767, 0.027997312164522926]], "chi2_level": 0.95, "chi2_df": 3, "chi2_threshold": 7.814727903251179, "N_raw": 80, "N_roi": 80, "N_inlier": 66, "refit": true}
{"timestamp": "14:32:22.069271", "frame": 65, "mu": [-2.1064616070491677, 1.572484048596204, 1.5643783954112722], "Sigma": [[0.017513780998740045, 0.011769797101523143, -0.017003275324193316], [0.011769797101523143, 0.018214557938386142, -0.016630965714899897], [-0.017003275324193316, -0.016630965714899897, 0.021683362505508348]], "chi2_level": 0.95, "chi2_df": 3, "chi2_threshold": 7.814727903251179, "N_raw": 82, "N_roi": 78, "N_inlier": 70, "refit": true}
{"timestamp": "14:32:22.120272", "frame": 66, "mu": [-2.185382695116324, 1.6142397087352867, 1.5802009101512207], "Sigma": [[0.013413555044411744, 0.010981336855110975, -0.010387186361921336], [0.010981336855110975, 0.016496084607496252, -0.014276877916862264], [-0.010387186361921336, -0.014276877916862264, 0.016508127898502766]], "chi2_level": 0.95, "chi2_df": 3, "chi2_threshold": 7.814727903251179, "N_raw": 59, "N_roi": 57, "N_inlier": 53, "refit": true}
{"timestamp": "14:32:22.182115", "frame": 67, "mu": [-2.2285653910592726, 1.6584411465956896, 1.4616922674539146], "Sigma": [[0.019027644655414254, 0.01054667963971909, 0.0021583845790561222], [0.01054667963971909, 0.018599154750848227, -0.019330268508244847], [0.002158384579056122, -0.019330268508244847, 0.10784563370813738]], "chi2_level": 0.95, "chi2_df": 3, "chi2_threshold": 7.814727903251179, "N_raw": 105, "N_roi": 83, "N_inlier": 81, "refit": true}
{"timestamp": "14:32:22.228621", "frame": 68, "mu": [-2.2374992733182317, 1.6510395948896028, 1.539416510912871], "Sigma": [[0.012351542625506747, 0.007991718875749853, -0.009291917244827521], [0.007991718875749853, 0.012126099247850996, -0.010136635810840837], [-0.00929191724482752, -0.010136635810840837, 0.011518588588060562]], "chi2_level": 0.95, "chi2_df": 3, "chi2_threshold": 7.814727903251179, "N_raw": 43, "N_roi": 43, "N_inlier": 41, "refit": true}
{"timestamp": "14:32:22.287604", "frame": 69, "mu": [-2.257478338848627, 1.8288642340140657, 0.1498658354994726], "Sigma": [[0.01560274068487374, 0.01622614902683541, -0.007757556050825972], [0.01622614902683541, 0.0326598102867387, -0.01747860729982025], [-0.007757556050825972, -0.01747860729982025, 0.01994628138592415]], "chi2_level": 0.95, "chi2_df": 3, "chi2_threshold": 7.814727903251179, "N_raw": 78, "N_roi": 73, "N_inlier": 67, "refit": true}
{"timestamp": "14:32:22.339396", "frame": 70, "mu": [-2.2328868363065126, 1.9134053734592174, 1.4259111828035034], "Sigma": [[0.017480159057883422, 0.014845598104731246, -0.012603116523470117], [0.014845598104731246, 0.01608334777625639, -0.01061022172721372], [-0.012603116523470117, -0.01061022172721372, 0.054152166045056585]], "chi2_level": 0.95, "chi2_df": 3, "chi2_threshold": 7.814727903251179, "N_raw": 52, "N_roi": 52, "N_inlier": 50, "refit": true}
{"timestamp": "14:32:22.394837", "frame": 71, "mu": [-2.365054073100018, 1.9000838292930557, 1.6261052489660681], "Sigma": [[0.008706825582962364, 0.006949416773792062, -0.00595910852937347], [0.006949416773792062, 0.012814233214748732, -0.015509340245303625], [-0.00595910852937347, -0.015509340245303625, 0.02889749796184286]], "chi2_level": 0.95, "chi2_df": 3, "chi2_threshold": 7.814727903251179, "N_raw": 57, "N_roi": 36, "N_inlier": 34, "refit": true}
{"timestamp": "14:32:22.456358", "frame": 72, "mu": [-2.293022476454181, 2.100162540928206, 1.51317157339664], "Sigma": [[0.013900520778231394, 0.010738557123176725, -0.012731713013319655], [0.010738557123176725, 0.0197289576210202, -0.02000131473532713], [-0.012731713013319655, -0.02000131473532713, 0.037412565469482996]], "chi2_level": 0.95, "chi2_df": 3, "chi2_threshold": 7.814727903251179, "N_raw": 102, "N_roi": 69, "N_inlier": 65, "refit": true}
{"timestamp": "14:32:22.504520", "frame": 73, "mu": [-2.387081079712909, 2.0934239776372574, 1.76235454874527], "Sigma": [[0.005742784692122607, 0.00568403333228362, -0.005911149145189707], [0.00568403333228362, 0.013395572020080236, -0.013567952356924025], [-0.005911149145189706, -0.013567952356924023, 0.026104163295441914]], "chi2_level": 0.95, "chi2_df": 3, "chi2_threshold": 7.814727903251179, "N_raw": 53, "N_roi": 23, "N_inlier": 22, "refit": true}
{"timestamp": "14:32:22.559441", "frame": 74, "mu": [-2.3452718659782166, 2.328115593091158, -0.02748782416191446], "Sigma": [[0.009276005280605678, 0.00956627685885576, -0.00796926919702189], [0.00956627685885576, 0.01877926555701919, -0.014526309915107966], [-0.00796926919702189, -0.014526309915107966, 0.01706401442312977]], "chi2_level": 0.95, "chi2_df": 3, "chi2_threshold": 7.814727903251179, "N_raw": 58, "N_roi": 26, "N_inlier": 24, "refit": true}
{"timestamp": "14:32:22.619871", "frame": 75, "mu": [-2.3501386636906454, 2.305867728004678, 0.24018566361331653], "Sigma": [[0.008837175378101667, 0.008935554962038884, -0.003289662706945617], [0.008935554962038884, 0.01825923793015994, -0.012781636863437335], [-0.003289662706945617, -0.012781636863437335, 0.02855059380111718]], "chi2_level": 0.95, "chi2_df": 3, "chi2_threshold": 7.814727903251179, "N_raw": 92, "N_roi": 33, "N_inlier": 29, "refit": true}
{"timestamp": "14:32:22.663016", "frame": 76, "mu": [-2.2488259436696136, 2.5779316717572844, -0.20131441953232984], "Sigma": [[0.016219610367946592, -0.008532093524849748, 0.022403527624673972], [-0.008532093524849748, 0.013471540039846063, -0.02836040437366761], [0.022403527624673972, -0.02836040437366761, 0.08031722054977113]], "chi2_level": 0.95, "chi2_df": 3, "chi2_threshold": 7.814727903251179, "N_raw": 8, "N_roi": 7, "N_inlier": 7, "refit": true}
{"timestamp": "14:32:22.719483", "frame": 77, "mu": [-2.1958330677131186, 2.5362791276246686, 1.188925823290548], "Sigma": [[0.017562274229325325, 0.003758249803692343, 0.02174791058927015], [0.003758249803692343, 0.004263588992300498, 0.003083988330137501], [0.02174791058927015, 0.003083988330137501, 0.055760465610926735]], "chi2_level": 0.95, "chi2_df": 3, "chi2_threshold": 7.814727903251179, "N_raw": 18, "N_roi": 15, "N_inlier": 14, "refit": true}
{"timestamp": "14:32:22.775792", "frame": 78, "mu": [-2.2292098200589963, 2.5481867524451696, 1.3575550621326504], "Sigma": [[0.01810428172785004, 6.37470449491482e-05, 0.01888994441146334], [6.374704494914864e-05, 0.006982172373617964, 0.026644782137512736], [0.018889944411463345, 0.026644782137512736, 0.14198839021210005]], "chi2_level": 0.95, "chi2_df": 3, "chi2_threshold": 7.814727903251179, "N_raw": 27, "N_roi": 11, "N_inlier": 10, "refit": true}
{"timestamp": "14:32:22.836139", "frame": 79, "mu": [-2.3733157480225633, 2.635782468429925, 1.5301003679457088], "Sigma": [[0.008253201921901482, 0.003205253298901186, -0.0021076302884934553], [0.003205253298901185, 0.004684230024618864, -0.005538360065153443], [-0.0021076302884934558, -0.0055383600651534425, 0.027894170778754165]], "chi2_level": 0.95, "chi2_df": 3, "chi2_threshold": 7.814727903251179, "N_raw": 64, "N_roi": 24, "N_inlier": 21, "refit": true}
{"timestamp": "14:32:22.889329", "frame": 80, "mu": [-2.3434864717042325, 2.706870765738274, 0.2049028099727909], "Sigma": [[0.010547888401632155, 0.0019330132377165215, 0.014917018080392423], [0.0019330132377165215, 0.002745260743794603, 0.009019799291989492], [0.014917018080392423, 0.009019799291989492, 0.09072027843353739]], "chi2_level": 0.95, "chi2_df": 3, "chi2_threshold": 7.814727903251179, "N_raw": 52, "N_roi": 17, "N_inlier": 16, "refit": true}
{"timestamp": "14:32:22.940822", "frame": 81, "mu": [-2.2540298497004945, 2.7869005352630465, 0.3743659391961984], "Sigma": [[0.011106896890503962, 0.005636765743844892, -0.00688937867642874], [0.005636765743844892, 0.006569939323432786, -0.002530600269468379], [-0.006889378676428739, -0.002530600269468379, 0.0063383446317064876]], "chi2_level": 0.95, "chi2_df": 3, "chi2_threshold": 7.814727903251179, "N_raw": 29, "N_roi": 28, "N_inlier": 27, "refit": true}
{"timestamp": "14:32:22.993692", "frame": 82, "mu": [-2.223102567174334, 2.891193504591442, 1.557907361092401], "Sigma": [[0.009105880531693556, -0.002872710241231311, 4.789224900051889e-05], [-0.002872710241231311, 0.0023267110382687085, 0.0023152019654553834], [4.789224900051932e-05, 0.002315201965455383, 0.004584837909471177]], "chi2_level": 0.95, "chi2_df": 3, "chi2_threshold": 7.814727903251179, "N_raw": 11, "N_roi": 5, "N_inlier": 5, "refit": true}
{"timestamp": "14:32:23.051224", "frame": 83, "mu": [-2.2754248628077423, 2.9463753012901077, 0.3329061334803786], "Sigma": [[0.011897267184865824, 0.0064726202302142506, 0.003303295007075691], [0.0064726202302142506, 0.00783867164737179, 0.0013884468400821343], [0.003303295007075691, 0.0013884468400821354, 0.02680292196361103]], "chi2_level": 0.95, "chi2_df": 3, "chi2_threshold": 7.814727903251179, "N_raw": 29, "N_roi": 28, "N_inlier": 26, "refit": true}
{"timestamp": "14:32:23.157809", "frame": 85, "mu": [-2.272111278944354, 3.0894098190106782, 1.502553328441228], "Sigma": [[0.0022792070816808375, 0.00011990635909043995, -0.00037429304192131276], [0.00011990635909044005, 0.0015498681104318091, -0.0033815969259444823], [-0.0003742930419213132, -0.0033815969259444823, 0.01093458862973445]], "chi2_level": 0.95, "chi2_df": 3, "chi2_threshold": 7.814727903251179, "N_raw": 7, "N_roi": 7, "N_inlier": 7, "refit": true}
{"timestamp": "14:32:23.213708", "frame": 86, "mu": [-2.2008884540776874, 3.1358416101722706, 1.5233522031272921], "Sigma": [[0.008660763927743223, 0.0024202628021892237, -0.007339267829857955], [0.0024202628021892237, 0.003089409689321158, -0.002363611433962935], [-0.007339267829857955, -0.002363611433962935, 0.007354386480291614]], "chi2_level": 0.95, "chi2_df": 3, "chi2_threshold": 7.814727903251179, "N_raw": 16, "N_roi": 16, "N_inlier": 15, "refit": true}
{"timestamp": "14:32:23.268465", "frame": 87, "mu": [-2.1779243226773772, 3.252271663359804, 0.9982749019856517], "Sigma": [[0.0029521976047290534, 0.000862168749971712, 0.003416811545964523], [0.0008621687499717121, 0.0009940856048179674, -0.0028944905262564048], [0.003416811545964522, -0.0028944905262564048, 0.1455167112544852]], "chi2_level": 0.95, "chi2_df": 3, "chi2_threshold": 7.814727903251179, "N_raw": 12, "N_roi": 12, "N_inlier": 11, "refit": true}
