{"timestamp": "13:58:16.321349", "frame": 22, "mu": [-1.0264919682253337, 4.972605852754724, 0.6249731608673967], "Sigma": [[0.033884402468284495, 0.001437112521815333, -0.015030423485844366], [0.001437112521815333, 0.00040366065531006166, -0.0015504156883089934], [-0.015030423485844366, -0.0015504156883089934, 0.016269909282094656]], "chi2_level": 0.95, "chi2_df": 3, "chi2_threshold": 7.814727903251179, "N_raw": 33, "N_roi": 23, "N_inlier": 22, "refit": true}
{"timestamp": "13:58:16.379680", "frame": 23, "mu": [-0.9690428097175938, 4.962073815096284, 0.6471590677866733], "Sigma": [[0.03417886591126174, 0.0005840883811115112, -0.018407725506802718], [0.0005840883811115112, 0.0004668632199865489, -0.0018748114295492051], [-0.018407725506802718, -0.0018748114295492051, 0.023483856771881206]], "chi2_level": 0.95, "chi2_df": 3, "chi2_threshold": 7.814727903251179, "N_raw": 41, "N_roi": 31, "N_inlier": 29, "refit": true}
{"timestamp": "13:58:16.490996", "frame": 25, "mu": [-0.924125262337545, 4.871655074220716, 0.8868808242122668], "Sigma": [[0.03173766563537447, 0.0071450983978851, 0.00807160645888345], [0.007145098397885099, 0.0022809615039637537, -2.1451228881664837e-05], [0.00807160645888345, -2.1451228881664945e-05, 0.01163393317730376]], "chi2_level": 0.95, "chi2_df": 3, "chi2_threshold": 7.814727903251179, "N_raw": 50, "N_roi": 28, "N_inlier": 27, "refit": true}
{"timestamp": "13:58:16.544976", "frame": 26, "mu": [-0.909559880563921, 4.880946707908345, 0.7902593856795049], "Sigma": [[0.0408985569881226, 0.0041229564321938784, -0.011172536965468351], [0.004122956432193878, 0.0041609021763466675, 0.00033890885988955037], [-0.011172536965468351, 0.0003389088598895503, 0.005069613635430571]], "chi2_level": 0.95, "chi2_df": 3, "chi2_threshold": 7.814727903251179, "N_raw": 47, "N_roi": 41, "N_inlier": 39, "refit": true}
{"timestamp": "13:58:16.602867", "frame": 27, "mu": [-0.929577455857, 4.806238124425805, 0.9129616822053617], "Sigma": [[0.03701026342340809, 0.007846524522752722, 0.0042325765554176355], [0.007846524522752724, 0.004705128741323783, -0.0030859426070130045], [0.0042325765554176355, -0.0030859426070130045, 0.012911615938175448]], "chi2_level": 0.95, "chi2_df": 3, "chi2_threshold": 7.814727903251179, "N_raw": 59, "N_roi": 53, "N_inlier": 51, "refit": true}
{"timestamp": "13:58:16.655961", "frame": 28, "mu": [-0.8453427891404834, 4.793033714772791, 0.7786639438540187], "Sigma": [[0.0383725726673858, 0.00387021920108787, -0.016269313930214684], [0.00387021920108787, 0.005692114923589452, -0.0014193710224975702], [-0.016269313930214684, -0.0014193710224975702, 0.00801999830809078]], "chi2_level": 0.95, "chi2_df": 3, "chi2_threshold": 7.814727903251179, "N_raw": 49, "N_roi": 49, "N_inlier": 48, "refit": true}
{"timestamp": "13:58:16.714455", "frame": 29, "mu": [-0.7741370939942853, 4.77053643651422, 0.6042672208399977], "Sigma": [[0.03748551900315997, 0.004381859628870729, -0.02722552333784891], [0.004381859628870729, 0.006387614187286091, -0.008490894200644304], [-0.027225523337848903, -0.008490894200644304, 0.033450255346817274]], "chi2_level": 0.95, "chi2_df": 3, "chi2_threshold": 7.814727903251179, "N_raw": 71, "N_roi": 67, "N_inlier": 64, "refit": true}
{"timestamp": "13:58:16.765562", "frame": 30, "mu": [-0.8149208886271732, 4.705360235236834, 0.9791510840796378], "Sigma": [[0.03044569580352479, 0.00574472802231437, -0.0029270944622483003], [0.00574472802231437, 0.0031234447214623946, -0.00483539756143798], [-0.0029270944622483003, -0.00483539756143798, 0.017724512761035115]], "chi2_level": 0.95, "chi2_df": 3, "chi2_threshold": 7.814727903251179, "N_raw": 45, "N_roi": 44, "N_inlier": 41, "refit": true}
{"timestamp": "13:58:16.820601", "frame": 31, "mu": [-0.7649656797343583, 4.712833755572716, 0.9653819296394804], "Sigma": [[0.03630354916278732, 0.0044066727031220835, -0.011327702042335278], [0.0044066727031220835, 0.003284823320713501, -0.005926501039860374], [-0.01132770204233528, -0.0059265010398603735, 0.014657579494999542]], "chi2_level": 0.95, "chi2_df": 3, "chi2_threshold": 7.814727903251179, "N_raw": 50, "N_roi": 50, "N_inlier": 49, "refit": true}
{"timestamp": "13:58:16.875109", "frame": 32, "mu": [-0.7586956862824027, 4.642114979865827, 0.8592567783916863], "Sigma": [[0.03556802832465246, 0.007530238558280921, -0.010872846206596721], [0.007530238558280921, 0.005107385868218904, -0.0047302491338668835], [-0.010872846206596721, -0.0047302491338668835, 0.008029503188380457]], "chi2_level": 0.95, "chi2_df": 3, "chi2_threshold": 7.814727903251179, "N_raw": 47, "N_roi": 47, "N_inlier": 47, "refit": true}
{"timestamp": "13:58:16.929625", "frame": 33, "mu": [-0.705229082380779, 4.629738425660963, 0.725350913602534], "Sigma": [[0.03502874821856429, 0.005367642487925027, -0.01860189693153108], [0.005367642487925027, 0.002842667213677455, -0.005025981327726077], [-0.01860189693153108, -0.005025981327726077, 0.014628516096066413]], "chi2_level": 0.95, "chi2_df": 3, "chi2_threshold": 7.814727903251179, "N_raw": 40, "N_roi": 39, "N_inlier": 38, "refit": true}
{"timestamp": "13:58:16.989887", "frame": 34, "mu": [-0.5900072664682094, 4.757777149454997, -0.13077694028572345], "Sigma": [[0.03991318714233136, 0.0026316924199571473, -0.018568825324087327], [0.0026316924199571478, 0.014229950403637474, -0.026148499118972542], [-0.018568825324087327, -0.026148499118972546, 0.05816497396800549]], "chi2_level": 0.95, "chi2_df": 3, "chi2_threshold": 7.814727903251179, "N_raw": 78, "N_roi": 73, "N_inlier": 71, "refit": true}
{"timestamp": "13:58:17.042979", "frame": 35, "mu": [-0.5536581347460487, 4.554485275035274, 0.5659337691289817], "Sigma": [[0.03243163446719868, 0.0024969296791605517, -0.030396879230598715], [0.002496929679160552, 0.0015065763233713834, -0.004970964961680898], [-0.030396879230598712, -0.004970964961680898, 0.10308025770727083]], "chi2_level": 0.95, "chi2_df": 3, "chi2_threshold": 7.814727903251179, "N_raw": 62, "N_roi": 62, "N_inlier": 60, "refit": true}
{"timestamp": "13:58:17.097323", "frame": 36, "mu": [-0.5687536581732104, 4.4821605950422105, 0.8353894229765159], "Sigma": [[0.03593572012241989, 0.0028482443058985203, -0.025180645704791373], [0.00284824430589852, 0.003057697327171878, -0.006853320817240412], [-0.025180645704791373, -0.006853320817240412, 0.0361832519717665]], "chi2_level": 0.95, "chi2_df": 3, "chi2_threshold": 7.814727903251179, "N_raw": 60, "N_roi": 60, "N_inlier": 58, "refit": true}
{"timestamp": "13:58:17.145597", "frame": 37, "mu": [-0.5969136143434955, 4.453287390314461, 0.6486381768697193], "Sigma": [[0.0015488115157915449, 0.0006615306442539412, 0.0009423629297043682], [0.0006615306442539414, 0.004437847565325628, -0.01906040526635585], [0.0009423629297043673, -0.019060405266355846, 0.10926239978920489]], "chi2_level": 0.95, "chi2_df": 3, "chi2_threshold": 7.814727903251179, "N_raw": 9, "N_roi": 5, "N_inlier": 5, "refit": true}
{"timestamp": "13:58:17.204391", "frame": 38, "mu": [-0.47607056369993533, 4.598477905754357, -0.022651888743679547], "Sigma": [[0.033293591002524145, 0.006920929276502432, -0.011936897501284151], [0.006920929276502433, 0.004767953433259559, -0.004219357006907648], [-0.01193689750128415, -0.004219357006907648, 0.006650031707128082]], "chi2_level": 0.95, "chi2_df": 3, "chi2_threshold": 7.814727903251179, "N_raw": 45, "N_roi": 44, "N_inlier": 42, "refit": true}
{"timestamp": "13:58:17.263328", "frame": 39, "mu": [-0.5061520515884008, 4.34960752906174, 0.6720917177640116], "Sigma": [[0.041573205550856314, 0.00046085898963062406, -0.021346099307457865], [0.00046085898963062416, 0.004262143465357037, -0.004231578184177546], [-0.021346099307457865, -0.004231578184177546, 0.018787555081141154]], "chi2_level": 0.95, "chi2_df": 3, "chi2_threshold": 7.814727903251179, "N_raw": 67, "N_roi": 67, "N_inlier": 64, "refit": true}
{"timestamp": "13:58:17.317268", "frame": 40, "mu": [-0.48039750314538315, 4.329440661521786, 0.7593554513720325], "Sigma": [[0.03355586707855275, -0.002594286603860029, -0.021457320944556074], [-0.00259428660386003, 0.0035420659707084256, -0.0006597664280798637], [-0.021457320944556074, -0.0006597664280798634, 0.0187911857613317]], "chi2_level": 0.95, "chi2_df": 3, "chi2_threshold": 7.814727903251179, "N_raw": 58, "N_roi": 57, "N_inlier": 51, "refit": true}
{"timestamp": "13:58:17.375133", "frame": 41, "mu": [-0.36548657392575357, 4.353695462721461, 0.9065700729561759], "Sigma": [[0.04363829713653983, 0.007819911141639286, -0.01858742335135418], [0.007819911141639286, 0.006157927053188419, -0.008524807349649772], [-0.01858742335135418, -0.008524807349649772, 0.01806323214168335]], "chi2_level": 0.95, "chi2_df": 3, "chi2_threshold": 7.814727903251179, "N_raw": 81, "N_roi": 78, "N_inlier": 73, "refit": true}
{"timestamp": "13:58:17.425720", "frame": 42, "mu": [-0.47379088663398233, 4.248950439965089, 0.8662844251879875], "Sigma": [[0.0380645706800869, 0.0007566967220710096, -0.01717996178263825], [0.0007566967220710098, 0.003221409347170021, -0.0012104047022570529], [-0.01717996178263825, -0.0012104047022570529, 0.009506252026864068]], "chi2_level": 0.95, "chi2_df": 3, "chi2_threshold": 7.814727903251179, "N_raw": 48, "N_roi": 48, "N_inlier": 46, "refit": true}
{"timestamp": "13:58:17.481336", "frame": 43, "mu": [-0.34654954584086906, 4.257880681537179, 0.9328310443040434], "Sigma": [[0.017928748900291912, 0.0018410241916338782, -0.008595175475669152], [0.0018410241916338782, 0.005677320995034977, -0.00244289069955679], [-0.008595175475669152, -0.00244289069955679, 0.006231273324138683]], "chi2_level": 0.95, "chi2_df": 3, "chi2_threshold": 7.814727903251179, "N_raw": 51, "N_roi": 51, "N_inlier": 47, "refit": true}
{"timestamp": "13:58:17.537597", "frame": 44, "mu": [-0.2493730213772967, 4.2232000340870215, 0.8434070309706972], "Sigma": [[0.032329975002024836, 0.002464249967877065, 0.002834139081761823], [0.002464249967877065, 0.00264565592176323, -0.0033549415901160226], [0.0028341390817618224, -0.0033549415901160226, 0.015558513815308291]], "chi2_level": 0.95, "chi2_df": 3, "chi2_threshold": 7.814727903251179, "N_raw": 62, "N_roi": 62, "N_inlier": 58, "refit": true}
{"timestamp": "13:58:17.591348", "frame": 45, "mu": [-0.30929570772074316, 4.2018992249323555, 0.8497108111621723], "Sigma": [[0.03868525060333321, 0.012576104179543374, -0.006456890647901798], [0.012576104179543376, 0.010312183250915522, 0.0026096557084101008], [-0.006456890647901798, 0.002609655708410101, 0.008067709350109547]], "chi2_level": 0.95, "chi2_df": 3, "chi2_threshold": 7.814727903251179, "N_raw": 55, "N_roi": 55, "N_inlier": 54, "refit": true}
{"timestamp": "13:58:17.647959", "frame": 46, "mu": [-0.1904402470739718, 4.130224880961589, 0.8919290951103148], "Sigma": [[0.02484766956391769, 0.0037591956950052724, -0.0058379391025884], [0.003759195695005273, 0.002960718130436667, -0.006613434605005344], [-0.0058379391025884, -0.006613434605005344, 0.017566385258153884]], "chi2_level": 0.95, "chi2_df": 3, "chi2_threshold": 7.814727903251179, "N_raw": 59, "N_roi": 59, "N_inlier": 57, "refit": true}
{"timestamp": "13:58:17.699618", "frame": 47, "mu": [-0.1545635662644304, 4.049703724456369, 1.013256324770246], "Sigma": [[0.019465946064706616, -0.0021330542148515616, -0.018231966589529594], [-0.0021330542148515616, 0.0022513802258408606, 0.0011864901899792321], [-0.018231966589529594, 0.0011864901899792321, 0.02433297262255183]], "chi2_level": 0.95, "chi2_df": 3, "chi2_threshold": 7.814727903251179, "N_raw": 38, "N_roi": 38, "N_inlier": 36, "refit": true}
{"timestamp": "13:58:17.756474", "frame": 48, "mu": [-0.07874355557774003, 4.035999494280447, 0.8375940720191419], "Sigma": [[0.029268013317942466, 0.0004139879610652109, -0.008730316791879432], [0.00041398796106521086, 0.004470071687485317, -0.0010028845308418665], [-0.008730316791879432, -0.0010028845308418665, 0.004188220565573178]], "chi2_level": 0.95, "chi2_df": 3, "chi2_threshold": 7.814727903251179, "N_raw": 57, "N_roi": 57, "N_inlier": 56, "refit": true}
{"timestamp": "13:58:17.814727", "frame": 49, "mu": [-0.08752674578455572, 4.056307963642446, 0.8552679203762754], "Sigma": [[0.026452851699265235, 0.008803550999679277, -0.0015039537769850966], [0.008803550999679277, 0.013247296419589437, -0.002431804213568224], [-0.0015039537769850966, -0.002431804213568224, 0.0007361855320537817]], "chi2_level": 0.95, "chi2_df": 3, "chi2_threshold": 7.814727903251179, "N_raw": 80, "N_roi": 78, "N_inlier": 76, "refit": true}
{"timestamp": "13:58:17.866429", "frame": 50, "mu": [-0.08330715142131209, 4.078600819730474, -0.01754201021807235], "Sigma": [[0.02427413247358639, 0.0022061412206575487, 0.0034205362653559855], [0.0022061412206575487, 0.00618308101331791, -0.002063265766249804], [0.0034205362653559855, -0.002063265766249804, 0.003213552294037653]], "chi2_level": 0.95, "chi2_df": 3, "chi2_threshold": 7.814727903251179, "N_raw": 57, "N_roi": 57, "N_inlier": 56, "refit": true}
{"timestamp": "13:58:17.923870", "frame": 51, "mu": [-0.0428506359993, 3.9101270602512694, 0.9973162948328064], "Sigma": [[0.023093464864596965, 0.0034270912423112164, 0.0047673670587372345], [0.0034270912423112164, 0.004404620115491759, -0.004962700584869263], [0.0047673670587372345, -0.004962700584869263, 0.013898054038946466]], "chi2_level": 0.95, "chi2_df": 3, "chi2_threshold": 7.814727903251179, "N_raw": 65, "N_roi": 65, "N_inlier": 63, "refit": true}
{"timestamp": "13:58:17.980225", "frame": 52, "mu": [0.024738959261312945, 3.837929848998415, 0.8567277302582166], "Sigma": [[0.029618674793427856, 0.00476677269349203, -0.01105354935382851], [0.00476677269349203, 0.00781686692046204, -0.0022900152334839486], [-0.011053549353828507, -0.002290015233483948, 0.017181631269100855]], "chi2_level": 0.95, "chi2_df": 3, "chi2_threshold": 7.814727903251179, "N_raw": 80, "N_roi": 80, "N_inlier": 77, "refit": true}
{"timestamp": "13:58:18.030224", "frame": 53, "mu": [0.00018940688647953868, 3.8036300491395907, 1.031363246253649], "Sigma": [[0.01237665443613852, -0.00044135935909379544, -0.004504681220994976], [-0.00044135935909379544, 0.0031410081024652106, -0.0016436214577777468], [-0.004504681220994976, -0.0016436214577777468, 0.005814919949606575]], "chi2_level": 0.95, "chi2_df": 3, "chi2_threshold": 7.814727903251179, "N_raw": 38, "N_roi": 38, "N_inlier": 35, "refit": true}
{"timestamp": "13:58:18.092726", "frame": 54, "mu": [0.05666400878817571, 3.739615031990305, 0.935129044984307], "Sigma": [[0.03051385002255328, 0.006453492918993841, -0.008558197677177951], [0.006453492918993841, 0.010392227072187522, -0.0024914026140668015], [-0.008558197677177953, -0.0024914026140668015, 0.011812001428770298]], "chi2_level": 0.95, "chi2_df": 3, "chi2_threshold": 7.814727903251179, "N_raw": 92, "N_roi": 92, "N_inlier": 87, "refit": true}
{"timestamp": "13:58:18.148252", "frame": 55, "mu": [0.14741817301063606, 3.7238795291285327, 0.8053802477175144], "Sigma": [[0.021810517421032953, 0.0036968792581059005, -0.005628943735082952], [0.003696879258105901, 0.01379708908930847, -0.004183799705302462], [-0.005628943735082952, -0.004183799705302462, 0.005883493576606681]], "chi2_level": 0.95, "chi2_df": 3, "chi2_threshold": 7.814727903251179, "N_raw": 91, "N_roi": 91, "N_inlier": 87, "refit": true}
{"timestamp": "13:58:18.199385", "frame": 56, "mu": [0.10314545855141957, 3.652081877928556, 0.99122212667152], "Sigma": [[0.023934276312337688, -0.0022322744806157328, -0.01065871347043618], [-0.0022322744806157323, 0.00674936040024294, -0.0011574087619756778], [-0.01065871347043618, -0.0011574087619756778, 0.008786139227889943]], "chi2_level": 0.95, "chi2_df": 3, "chi2_threshold": 7.814727903251179, "N_raw": 74, "N_roi": 74, "N_inlier": 70, "refit": true}
{"timestamp": "13:58:18.251189", "frame": 57, "mu": [0.1754207167113576, 3.611509903177693, 0.9922856563374308], "Sigma": [[0.022835921151026603, 0.001423345512175767, -0.0012373151384661545], [0.0014233455121757668, 0.0041616921951736765, -0.0009235522659421261], [-0.0012373151384661545, -0.0009235522659421261, 0.0005652089564918339]], "chi2_level": 0.95, "chi2_df": 3, "chi2_threshold": 7.814727903251179, "N_raw": 56, "N_roi": 56, "N_inlier": 53, "refit": true}
{"timestamp": "13:58:18.305135", "frame": 58, "mu": [0.16803814881930962, 3.6016563320707133, 1.0474059892190564], "Sigma": [[0.01792258284113556, -0.0011655773770698212, -0.004689145991393088], [-0.0011655773770698208, 0.004686609998936562, 0.002403332753313025], [-0.00468914599139309, 0.002403332753313025, 0.0068890478242248825]], "chi2_level": 0.95, "chi2_df": 3, "chi2_threshold": 7.814727903251179, "N_raw": 45, "N_roi": 45, "N_inlier": 40, "refit": true}
{"timestamp": "13:58:18.362425", "frame": 59, "mu": [0.2998659433005339, 3.6095524202758416, 1.0007533390625898], "Sigma": [[0.02427900223837945, -0.0018820328990317718, -0.004641015139770608], [-0.0018820328990317718, 0.005477339285161506, -3.512637729649373e-05], [-0.004641015139770608, -3.512637729649368e-05, 0.0027941814337203532]], "chi2_level": 0.95, "chi2_df": 3, "chi2_threshold": 7.814727903251179, "N_raw": 61, "N_roi": 61, "N_inlier": 60, "refit": true}
{"timestamp": "13:58:18.415645", "frame": 60, "mu": [0.3473763871470906, 3.5365238969261092, 0.9684343168059214], "Sigma": [[0.015575814838967071, 0.0002459704357029112, -0.005606692953354343], [0.0002459704357029112, 0.0037821923019445225, -0.003142146868307433], [-0.005606692953354343, -0.003142146868307433, 0.00662524769787702]], "chi2_level": 0.95, "chi2_df": 3, "chi2_threshold": 7.814727903251179, "N_raw": 50, "N_roi": 50, "N_inlier": 46, "refit": true}
{"timestamp": "13:58:18.470779", "frame": 61, "mu": [0.35612033465497805, 3.5408641117697854, 0.9821611760711524], "Sigma": [[0.019160925915842425, -0.0016639604694971169, -0.011963744051760504], [-0.0016639604694971169, 0.003524084859683423, -0.0011612647270284927], [-0.011963744051760504, -0.0011612647270284925, 0.011136780009646475]], "chi2_level": 0.95, "chi2_df": 3, "chi2_threshold": 7.814727903251179, "N_raw": 54, "N_roi": 54, "N_inlier": 50, "refit": true}
{"timestamp": "13:58:18.530065", "frame": 62, "mu": [0.4105439794557493, 3.5114110218591463, 1.050608647533836], "Sigma": [[0.02770841233370201, -0.0011500005150402995, -0.010794155310070122], [-0.0011500005150402995, 0.005988425011778725, -0.002444498045681893], [-0.01079415531007012, -0.002444498045681893, 0.007985458682030305]], "chi2_level": 0.95, "chi2_df": 3, "chi2_threshold": 7.814727903251179, "N_raw": 80, "N_roi": 80, "N_inlier": 76, "refit": true}
{"timestamp": "13:58:18.585512", "frame": 63, "mu": [0.4214600285049501, 3.4505777892794383, 0.9838135139408968], "Sigma": [[0.02310344443406499, -0.0012947840397117708, -0.014675491298624537], [-0.0012947840397117708, 0.003972889189702559, -0.0057254512862113], [-0.014675491298624537, -0.005725451286211299, 0.025340362367197944]], "chi2_level": 0.95, "chi2_df": 3, "chi2_threshold": 7.814727903251179, "N_raw": 80, "N_roi": 80, "N_inlier": 75, "refit": true}
{"timestamp": "13:58:18.638571", "frame": 64, "mu": [0.44834731851474174, 3.38777977114306, 0.909925454364612], "Sigma": [[0.021533416742342486, -0.0008969718800384949, -0.00673697157525314], [-0.0008969718800384949, 0.005449803365533113, 0.00022623197758260246], [-0.00673697157525314, 0.00022623197758260246, 0.005314728683164409]], "chi2_level": 0.95, "chi2_df": 3, "chi2_threshold": 7.814727903251179, "N_raw": 64, "N_roi": 64, "N_inlier": 58, "refit": true}
{"timestamp": "13:58:18.697044", "frame": 65, "mu": [0.5968269912440914, 3.4592016344937346, -0.30878709496631573], "Sigma": [[0.03269596897154494, 0.00610720382714814, 0.11601555913183012], [0.00610720382714814, 0.011809362874356662, 0.010723781106587263], [0.11601555913183012, 0.010723781106587263, 0.5309929677874681]], "chi2_level": 0.95, "chi2_df": 3, "chi2_threshold": 7.814727903251179, "N_raw": 94, "N_roi": 93, "N_inlier": 87, "refit": true}
{"timestamp": "13:58:18.749558", "frame": 66, "mu": [0.5644332550835727, 3.3377878428030865, 1.005897614199122], "Sigma": [[0.019591640385663692, -1.6621250777115737e-07, 0.006101004416603363], [-1.662125077713742e-07, 0.002766417984647796, -0.005693615400829701], [0.006101004416603362, -0.005693615400829701, 0.026415867410145285]], "chi2_level": 0.95, "chi2_df": 3, "chi2_threshold": 7.814727903251179, "N_raw": 75, "N_roi": 75, "N_inlier": 69, "refit": true}
{"timestamp": "13:58:18.804790", "frame": 67, "mu": [0.658160056503026, 3.271468334657806, 0.9486933487414795], "Sigma": [[0.016861483495413034, -0.002366779449159907, -0.0025588591468652484], [-0.002366779449159907, 0.0013021592091844102, -0.004197837842992528], [-0.0025588591468652493, -0.0041978378429925285, 0.06644834013326366]], "chi2_level": 0.95, "chi2_df": 3, "chi2_threshold": 7.814727903251179, "N_raw": 73, "N_roi": 73, "N_inlier": 71, "refit": true}
{"timestamp": "13:58:18.858445", "frame": 68, "mu": [0.7016840863597065, 3.277885143336941, 1.1385233304760052], "Sigma": [[0.023175607359506595, -0.0015615084952863003, -0.020019555293711064], [-0.0015615084952863003, 0.0031237813435414418, -0.004896846567950593], [-0.020019555293711064, -0.004896846567950593, 0.03910212420556457]], "chi2_level": 0.95, "chi2_df": 3, "chi2_threshold": 7.814727903251179, "N_raw": 64, "N_roi": 64, "N_inlier": 59, "refit": true}
{"timestamp": "13:58:18.911576", "frame": 69, "mu": [0.7371724344321535, 3.1375238595039416, 0.7801486238291774], "Sigma": [[0.01685120275288323, -0.0027970110196878072, -0.006071854078142546], [-0.0027970110196878072, 0.003354906384391671, -0.0023883192167474016], [-0.006071854078142546, -0.002388319216747401, 0.009158471093702552]], "chi2_level": 0.95, "chi2_df": 3, "chi2_threshold": 7.814727903251179, "N_raw": 56, "N_roi": 56, "N_inlier": 53, "refit": true}
{"timestamp": "13:58:18.966541", "frame": 70, "mu": [0.7759685995400353, 3.0981043524018452, 0.8881302543676183], "Sigma": [[0.015492925698824173, -0.0030253023191795176, 0.0028081799340295456], [-0.0030253023191795176, 0.0034895019571067566, -0.0038212375622286164], [0.0028081799340295456, -0.0038212375622286164, 0.006587841466994165]], "chi2_level": 0.95, "chi2_df": 3, "chi2_threshold": 7.814727903251179, "N_raw": 56, "N_roi": 56, "N_inlier": 54, "refit": true}
{"timestamp": "13:58:19.023065", "frame": 71, "mu": [0.7836808144799434, 3.0446802999967297, 0.8578360484335313], "Sigma": [[0.01689165286151749, -0.003222335053297183, -0.011209904571822572], [-0.003222335053297183, 0.0023554333143092927, -0.0020893838156328254], [-0.011209904571822572, -0.0020893838156328254, 0.02905351377476842]], "chi2_level": 0.95, "chi2_df": 3, "chi2_threshold": 7.814727903251179, "N_raw": 68, "N_roi": 66, "N_inlier": 60, "refit": true}
{"timestamp": "13:58:19.077593", "frame": 72, "mu": [0.7859491241353174, 3.0081409717805783, 0.9019976619505047], "Sigma": [[0.01736130395535595, -0.00442091125295058, -0.009134213958947646], [-0.00442091125295058, 0.0032026364681169333, -0.0021675313493419385], [-0.009134213958947644, -0.0021675313493419385, 0.018776068653380072]], "chi2_level": 0.95, "chi2_df": 3, "chi2_threshold": 7.814727903251179, "N_raw": 62, "N_roi": 62, "N_inlier": 61, "refit": true}
{"timestamp": "13:58:19.132664", "frame": 73, "mu": [0.8547342369079034, 2.9093476443312465, 0.7290928971146454], "Sigma": [[0.016043638911901248, -0.004059807948317885, -0.004158362159031211], [-0.004059807948317885, 0.00832092502525181, 0.0006997030677245557], [-0.004158362159031211, 0.0006997030677245557, 0.0029250664104510304]], "chi2_level": 0.95, "chi2_df": 3, "chi2_threshold": 7.814727903251179, "N_raw": 59, "N_roi": 59, "N_inlier": 58, "refit": true}
{"timestamp": "13:58:19.190144", "frame": 74, "mu": [0.8845526447834171, 2.8697363061301817, 0.8044009836834258], "Sigma": [[0.017893039556672867, -0.002029787335279043, -0.0018664482269348443], [-0.002029787335279043, 0.006755744835030692, -0.003784994125692544], [-0.0018664482269348443, -0.003784994125692544, 0.004332167962011179]], "chi2_level": 0.95, "chi2_df": 3, "chi2_threshold": 7.814727903251179, "N_raw": 77, "N_roi": 73, "N_inlier": 70, "refit": true}
{"timestamp": "13:58:19.242035", "frame": 75, "mu": [0.9318013289619851, 2.7570372094382742, 0.7105999819319153], "Sigma": [[0.016093483892051105, -0.003730077837287348, 0.0004934194014399093], [-0.003730077837287348, 0.006004610086132516, -0.0011998681288786439], [0.0004934194014399093, -0.0011998681288786439, 0.001286814457803731]], "chi2_level": 0.95, "chi2_df": 3, "chi2_threshold": 7.814727903251179, "N_raw": 57, "N_roi": 57, "N_inlier": 54, "refit": true}
{"timestamp": "13:58:19.298666", "frame": 76, "mu": [0.9919356397333631, 2.9742729930606737, -0.36935619053970037], "Sigma": [[0.016185310856371732, -0.0018105466199664839, -0.005534850282412039], [-0.0018105466199664836, 0.007102511527179766, -0.0008565108514579472], [-0.005534850282412039, -0.0008565108514579471, 0.0047971946619583235]], "chi2_level": 0.95, "chi2_df": 3, "chi2_threshold": 7.814727903251179, "N_raw": 69, "N_roi": 69, "N_inlier": 62, "refit": true}
{"timestamp": "13:58:19.352407", "frame": 77, "mu": [1.0209643125832755, 2.767652662154109, 0.9737503559168191], "Sigma": [[0.016110532964428215, -0.004160261019336862, -0.0048927932837322385], [-0.004160261019336862, 0.010217849137815588, 0.006505949279080617], [-0.0048927932837322385, 0.006505949279080617, 0.006479273671815389]], "chi2_level": 0.95, "chi2_df": 3, "chi2_threshold": 7.814727903251179, "N_raw": 61, "N_roi": 58, "N_inlier": 54, "refit": true}
{"timestamp": "13:58:19.406380", "frame": 78, "mu": [1.0911740689747051, 2.6625907400319546, 0.7884035773379969], "Sigma": [[0.013313757319749485, -0.0020172422267539644, 0.0003476238615327742], [-0.0020172422267539644, 0.005909610274554117, 0.0005360960579889481], [0.0003476238615327742, 0.0005360960579889481, 0.0043286457748181895]], "chi2_level": 0.95, "chi2_df": 3, "chi2_threshold": 7.814727903251179, "N_raw": 55, "N_roi": 54, "N_inlier": 49, "refit": true}
{"timestamp": "13:58:19.462113", "frame": 79, "mu": [1.2189228557595988, 2.6650247495877846, 0.7224507700846754], "Sigma": [[0.02864951310260476, -0.012094990856826082, -0.061338044221837806], [-0.012094990856826082, 0.00832390234961435, 0.0250948634003606], [-0.061338044221837806, 0.0250948634003606, 0.22312970479661878]], "chi2_level": 0.95, "chi2_df": 3, "chi2_threshold": 7.814727903251179, "N_raw": 56, "N_roi": 56, "N_inlier": 53, "refit": true}
{"timestamp": "13:58:19.514591", "frame": 80, "mu": [1.1763789878836373, 2.715311597966345, 1.0059766174702383], "Sigma": [[0.005395084654294383, 0.0009855759263591485, 0.00039559870990649426], [0.0009855759263591487, 0.010510871188272368, 0.008211152255167244], [0.0003955987099064943, 0.008211152255167244, 0.007941789127656581]], "chi2_level": 0.95, "chi2_df": 3, "chi2_threshold": 7.814727903251179, "N_raw": 36, "N_roi": 36, "N_inlier": 31, "refit": true}
{"timestamp": "13:58:19.569123", "frame": 81, "mu": [1.2364896895618551, 2.595512940951438, 1.0260560511108712], "Sigma": [[0.010896837573214848, -0.003480577407541641, -0.0001840606611600085], [-0.003480577407541641, 0.0036016237603447997, -0.0015704796994382255], [-0.00018406066116000847, -0.0015704796994382253, 0.0018515508123528935]], "chi2_level": 0.95, "chi2_df": 3, "chi2_threshold": 7.814727903251179, "N_raw": 41, "N_roi": 41, "N_inlier": 36, "refit": true}
{"timestamp": "13:58:19.626349", "frame": 82, "mu": [1.2636532247499281, 2.62128951767428, 1.0838073933319892], "Sigma": [[0.012871454810763646, -0.0057004361938424375, -0.0021376660309408136], [-0.005700436193842438, 0.005832676737138702, -0.0022328954672673116], [-0.002137666030940814, -0.002232895467267311, 0.02245928925710818]], "chi2_level": 0.95, "chi2_df": 3, "chi2_threshold": 7.814727903251179, "N_raw": 53, "N_roi": 53, "N_inlier": 49, "refit": true}
{"timestamp": "13:58:19.675475", "frame": 83, "mu": [1.3552050185007414, 2.632935421697441, 0.49521095792442127], "Sigma": [[0.009441934159104576, 0.0007133058597613823, -0.02047194289662421], [0.0007133058597613825, 0.002344663612201632, 0.014098892770472691], [-0.02047194289662421, 0.014098892770472694, 0.4067988235359443]], "chi2_level": 0.95, "chi2_df": 3, "chi2_threshold": 7.814727903251179, "N_raw": 12, "N_roi": 12, "N_inlier": 11, "refit": true}
{"timestamp": "13:58:19.734479", "frame": 84, "mu": [1.287253753759707, 2.5088332577036097, 0.9776566151861935], "Sigma": [[0.011738882016939308, -0.003782757296908821, -0.001396338816552753], [-0.003782757296908821, 0.0020560331577322744, -0.0013881605962362614], [-0.0013963388165527534, -0.0013881605962362616, 0.02276640219684882]], "chi2_level": 0.95, "chi2_df": 3, "chi2_threshold": 7.814727903251179, "N_raw": 50, "N_roi": 50, "N_inlier": 46, "refit": true}
{"timestamp": "13:58:19.793401", "frame": 85, "mu": [1.340649210135752, 2.630845663645004, -0.6026501393816971], "Sigma": [[0.014730623918035137, 0.0018355892004387401, 0.014031328841763571], [0.00183558920043874, 0.009510945951666436, 0.006907089825095159], [0.014031328841763573, 0.006907089825095157, 0.06383410361955336]], "chi2_level": 0.95, "chi2_df": 3, "chi2_threshold": 7.814727903251179, "N_raw": 73, "N_roi": 71, "N_inlier": 65, "refit": true}
{"timestamp": "13:58:19.847282", "frame": 86, "mu": [1.3280582581873033, 2.6025286680538753, -0.33988958561932575], "Sigma": [[0.017479221876549624, -0.003818607103876311, -0.008499496749069854], [-0.003818607103876311, 0.006410826202664797, -0.007032807094334175], [-0.008499496749069854, -0.007032807094334175, 0.02603209153055939]], "chi2_level": 0.95, "chi2_df": 3, "chi2_threshold": 7.814727903251179, "N_raw": 62, "N_roi": 62, "N_inlier": 57, "refit": true}
{"timestamp": "13:58:19.903979", "frame": 87, "mu": [1.373567634716552, 2.432660519511734, 1.0914413659202828], "Sigma": [[0.015191521961586484, -0.006598730510913499, -0.004518366878728049], [-0.006598730510913499, 0.0062763344991826385, -0.0025120152966212716], [-0.00451836687872805, -0.0025120152966212716, 0.00959483120648165]], "chi2_level": 0.95, "chi2_df": 3, "chi2_threshold": 7.814727903251179, "N_raw": 71, "N_roi": 67, "N_inlier": 61, "refit": true}
{"timestamp": "13:58:19.958365", "frame": 88, "mu": [1.4164251993485186, 2.368683907121179, 1.0766939324123568], "Sigma": [[0.017538522094024726, -0.0058428317524186445, -0.013669295939792433], [-0.0058428317524186445, 0.00488557174711634, 0.001658135772253259], [-0.013669295939792433, 0.0016581357722532588, 0.030881804681463423]], "chi2_level": 0.95, "chi2_df": 3, "chi2_threshold": 7.814727903251179, "N_raw": 68, "N_roi": 68, "N_inlier": 65, "refit": true}
{"timestamp": "13:58:20.012249", "frame": 89, "mu": [1.4260914812450842, 2.3719493585713045, 1.1660263617500346], "Sigma": [[0.011131857213799905, -0.0028237346525005376, -0.0006973148588241077], [-0.0028237346525005376, 0.00455138879775171, -0.001998952185886888], [-0.0006973148588241071, -0.0019989521858868875, 0.01995099820386078]], "chi2_level": 0.95, "chi2_df": 3, "chi2_threshold": 7.814727903251179, "N_raw": 56, "N_roi": 56, "N_inlier": 55, "refit": true}
{"timestamp": "13:58:20.063345", "frame": 90, "mu": [1.4121342198285987, 2.3256815658983716, 1.1865700332004214], "Sigma": [[0.009177222193514209, -0.003051713014351461, -0.0029213690713204977], [-0.0030517130143514616, 0.0031190609492354193, -0.0008088028654998766], [-0.0029213690713204977, -0.0008088028654998766, 0.006214652525944094]], "chi2_level": 0.95, "chi2_df": 3, "chi2_threshold": 7.814727903251179, "N_raw": 36, "N_roi": 36, "N_inlier": 34, "refit": true}
{"timestamp": "13:58:20.115576", "frame": 91, "mu": [1.4583874235345484, 2.413950526885976, 0.05878113617703525], "Sigma": [[0.005506288509712537, -0.0005741713703495273, 0.003558759556500229], [-0.0005741713703495271, 0.0024662995216938825, 0.0008734154704692316], [0.003558759556500229, 0.0008734154704692316, 0.013236329319589608]], "chi2_level": 0.95, "chi2_df": 3, "chi2_threshold": 7.814727903251179, "N_raw": 22, "N_roi": 22, "N_inlier": 21, "refit": true}
{"timestamp": "13:58:20.170242", "frame": 92, "mu": [1.4781441231059467, 2.2380729828397974, 1.2621350833150857], "Sigma": [[0.0033623519436688436, 0.0005416110236703524, 0.0006240720380568526], [0.0005416110236703526, 0.0035209164721088627, 4.37914563185081e-05], [0.0006240720380568526, 4.37914563185081e-05, 0.0009865777286445882]], "chi2_level": 0.95, "chi2_df": 3, "chi2_threshold": 7.814727903251179, "N_raw": 13, "N_roi": 13, "N_inlier": 11, "refit": true}
{"timestamp": "13:58:20.223786", "frame": 93, "mu": [1.5388647218050464, 2.239865853721046, 1.173868213004135], "Sigma": [[0.0014488692269541755, 0.0014787660292753565, -0.0031138178514406307], [0.0014787660292753565, 0.0038357116086794422, -0.0015918771529218338], [-0.003113817851440631, -0.0015918771529218338, 0.008170182440166407]], "chi2_level": 0.95, "chi2_df": 3, "chi2_threshold": 7.814727903251179, "N_raw": 5, "N_roi": 5, "N_inlier": 5, "refit": true}
{"timestamp": "13:58:20.279096", "frame": 94, "mu": [1.5610407359555756, 2.207034018020482, 1.4070969601744268], "Sigma": [[0.005048750709082586, 0.004762841203980346, 0.0032711769037097288], [0.004762841203980346, 0.004736636017040036, 0.003589557888767944], [0.0032711769037097288, 0.003589557888767943, 0.005545301117912399]], "chi2_level": 0.95, "chi2_df": 3, "chi2_threshold": 7.814727903251179, "N_raw": 5, "N_roi": 5, "N_inlier": 5, "refit": true}
{"timestamp": "13:58:20.335958", "frame": 95, "mu": [1.5717348545465537, 2.1558197661908776, 1.4207718940246492], "Sigma": [[0.010783427280984102, 0.0006716374911051614, 0.012963485424764342], [0.0006716374911051614, 0.0020594628939143165, 0.0019798187211269953], [0.01296348542476434, 0.001979818721126995, 0.01784961722867628]], "chi2_level": 0.95, "chi2_df": 3, "chi2_threshold": 7.814727903251179, "N_raw": 27, "N_roi": 24, "N_inlier": 23, "refit": true}
{"timestamp": "13:58:20.497989", "frame": 98, "mu": [1.4850560992331214, 1.8849726549822332, 1.6158389144540406], "Sigma": [[0.2688190699530286, 0.3612544674645778, -0.03103392990722473], [0.3612544674645778, 0.4859576290658371, -0.04267405700185846], [-0.031033929907224728, -0.04267405700185846, 0.005662992913975396]], "chi2_level": 0.95, "chi2_df": 3, "chi2_threshold": 7.814727903251179, "N_raw": 5, "N_roi": 5, "N_inlier": 5, "refit": true}
