{"timestamp": "14:23:31.605068", "frame": 28, "mu": [1.4768355183705288, 0.9355941343940731, 1.5251411393667038], "Sigma": [[0.002607061299768212, -0.0006876311660583166, -0.0011236512700674398], [-0.0006876311660583167, 0.0014852923967979804, -0.0004298665613818541], [-0.0011236512700674398, -0.0004298665613818541, 0.00111719735452589]], "chi2_level": 0.99, "chi2_df": 3, "chi2_threshold": 11.344866730144373, "N_raw": 11, "N_roi": 11, "N_inlier": 11, "refit": true}
{"timestamp": "14:23:31.661753", "frame": 29, "mu": [1.4090959013812148, 1.022003419855816, 1.5542174066799075], "Sigma": [[0.0024858776948380613, -0.0008617476733761931, -0.00014997896875567656], [-0.0008617476733761931, 0.0030545407314082848, -0.000632043717354918], [-0.00014997896875567658, -0.000632043717354918, 0.00020624149795724574]], "chi2_level": 0.99, "chi2_df": 3, "chi2_threshold": 11.344866730144373, "N_raw": 18, "N_roi": 18, "N_inlier": 16, "refit": true}
{"timestamp": "14:23:31.715912", "frame": 30, "mu": [1.3280803198158342, 1.2081434828016653, -0.08449052462727494], "Sigma": [[0.003118101783485054, -0.0023144283971558884, -0.0006260323400249883], [-0.0023144283971558884, 0.006178225818720478, 0.0002821929745460785], [-0.0006260323400249883, 0.0002821929745460785, 0.00037810418526404557]], "chi2_level": 0.99, "chi2_df": 3, "chi2_threshold": 11.344866730144373, "N_raw": 14, "N_roi": 14, "N_inlier": 13, "refit": true}
{"timestamp": "14:23:31.936087", "frame": 34, "mu": [1.0401853383251618, 1.2728286498026755, 1.0528033695208818], "Sigma": [[0.009242983984652346, -0.009986451852835709, 0.04825074948492861], [-0.009986451852835709, 0.039409056504325087, -0.04008428414089598], [0.0482507494849286, -0.04008428414089599, 0.2864841907862887]], "chi2_level": 0.99, "chi2_df": 3, "chi2_threshold": 11.344866730144373, "N_raw": 13, "N_roi": 13, "N_inlier": 13, "refit": true}
{"timestamp": "14:23:32.049351", "frame": 36, "mu": [0.9220117265210133, 1.3310768426581796, 1.2621986743543059], "Sigma": [[0.004351243450703296, 0.003731590622021291, 0.0009049647224134516], [0.0037315906220212903, 0.01340241761541622, 0.0006093908256710979], [0.0009049647224134516, 0.0006093908256710975, 0.01864667789497996]], "chi2_level": 0.99, "chi2_df": 3, "chi2_threshold": 11.344866730144373, "N_raw": 35, "N_roi": 35, "N_inlier": 32, "refit": true}
{"timestamp": "14:23:32.106090", "frame": 37, "mu": [0.8887018325467954, 1.4569249900346395, 1.226013328564959], "Sigma": [[0.011310308643887273, 0.0007485415355433262, -0.021659378303035114], [0.0007485415355433263, 0.0012926094178642522, -0.0019526004683896704], [-0.021659378303035114, -0.0019526004683896704, 0.06593281418691244]], "chi2_level": 0.99, "chi2_df": 3, "chi2_threshold": 11.344866730144373, "N_raw": 35, "N_roi": 35, "N_inlier": 33, "refit": true}
{"timestamp": "14:23:32.165125", "frame": 38, "mu": [0.7741614124950729, 1.4054568664126887, 1.241759711063695], "Sigma": [[0.006442103282328383, 0.0011441160710737566, 0.0009879901047014261], [0.001144116071073757, 0.004153539991908889, -0.0022338955095108125], [0.000987990104701426, -0.002233895509510813, 0.004729868618567271]], "chi2_level": 0.99, "chi2_df": 3, "chi2_threshold": 11.344866730144373, "N_raw": 66, "N_roi": 66, "N_inlier": 63, "refit": true}
{"timestamp": "14:23:32.219690", "frame": 39, "mu": [0.7591577822245681, 1.5147348282848103, 1.3910864240467804], "Sigma": [[0.007101015631382602, 0.0011283311858297101, 0.0008113717045336727], [0.0011283311858297103, 0.0037903320019661516, 0.0006588569571397801], [0.0008113717045336726, 0.0006588569571397797, 0.0048033460921499795]], "chi2_level": 0.99, "chi2_df": 3, "chi2_threshold": 11.344866730144373, "N_raw": 54, "N_roi": 54, "N_inlier": 50, "refit": true}
{"timestamp": "14:23:32.271429", "frame": 40, "mu": [0.725595984174856, 1.5719962202713, 1.1915379468092597], "Sigma": [[0.002798422742360327, 0.0006099823969608263, 0.003821396483448896], [0.0006099823969608264, 0.005397985745912375, 0.018711954441766744], [0.0038213964834488963, 0.018711954441766744, 0.08756497309148557]], "chi2_level": 0.99, "chi2_df": 3, "chi2_threshold": 11.344866730144373, "N_raw": 40, "N_roi": 40, "N_inlier": 37, "refit": true}
{"timestamp": "14:23:32.327000", "frame": 41, "mu": [0.5930841135639231, 1.4979695116715623, 0.8412700911960933], "Sigma": [[0.013829179314710073, -0.01019806558035111, -0.06774341208024968], [-0.01019806558035111, 0.009873878884043544, 0.052522627051554624], [-0.06774341208024968, 0.052522627051554624, 0.39489151730276556]], "chi2_level": 0.99, "chi2_df": 3, "chi2_threshold": 11.344866730144373, "N_raw": 33, "N_roi": 33, "N_inlier": 32, "refit": true}
{"timestamp": "14:23:32.382906", "frame": 42, "mu": [0.47657258903494093, 1.6703537300585574, 1.2598032491317062], "Sigma": [[0.005812752714340698, 0.0025742289616735646, -0.002874478119589301], [0.0025742289616735646, 0.004978302432783572, -0.003454579110432817], [-0.002874478119589301, -0.003454579110432817, 0.004055750291713082]], "chi2_level": 0.99, "chi2_df": 3, "chi2_threshold": 11.344866730144373, "N_raw": 46, "N_roi": 46, "N_inlier": 41, "refit": true}
{"timestamp": "14:23:32.441691", "frame": 43, "mu": [0.46530145896576647, 1.7535609036034923, 1.198377914162057], "Sigma": [[0.004972000735141747, 0.0017538568035155321, -0.002081082472635008], [0.0017538568035155321, 0.00511065714451603, 0.004930672738333131], [-0.002081082472635008, 0.004930672738333131, 0.07312498470497425]], "chi2_level": 0.99, "chi2_df": 3, "chi2_threshold": 11.344866730144373, "N_raw": 66, "N_roi": 66, "N_inlier": 61, "refit": true}
{"timestamp": "14:23:32.500457", "frame": 44, "mu": [0.3572392095415598, 1.8409911473356024, 0.7902127375702688], "Sigma": [[0.010706957491947345, 0.00013072237389793974, 0.04556343850089228], [0.00013072237389793963, 0.006307951444172407, 0.007994137697161103], [0.04556343850089228, 0.007994137697161102, 0.5512546654247372]], "chi2_level": 0.99, "chi2_df": 3, "chi2_threshold": 11.344866730144373, "N_raw": 88, "N_roi": 86, "N_inlier": 85, "refit": true}
{"timestamp": "14:23:32.547842", "frame": 45, "mu": [0.36537367606798477, 2.083953800083572, -0.45149469996500785], "Sigma": [[0.009024125589472881, 0.002497905069105414, -0.03349855775930709], [0.002497905069105414, 0.004983357201789784, -0.019937428518089172], [-0.03349855775930709, -0.019937428518089172, 0.1816686050462971]], "chi2_level": 0.99, "chi2_df": 3, "chi2_threshold": 11.344866730144373, "N_raw": 39, "N_roi": 37, "N_inlier": 35, "refit": true}
{"timestamp": "14:23:32.603297", "frame": 46, "mu": [0.20753830207403917, 1.9034654681369148, 1.2288274113568047], "Sigma": [[0.0038974603794852724, 0.0015622039093694565, -6.96267042999551e-05], [0.0015622039093694565, 0.005677876789828178, 0.007825782164219194], [-6.962670429995515e-05, 0.007825782164219195, 0.13953171204817807]], "chi2_level": 0.99, "chi2_df": 3, "chi2_threshold": 11.344866730144373, "N_raw": 43, "N_roi": 43, "N_inlier": 41, "refit": true}
{"timestamp": "14:23:32.664025", "frame": 47, "mu": [0.21687895316709405, 2.071574538602428, 0.06906248292051616], "Sigma": [[0.01122463389265218, -0.003628967688480447, 0.027030816154332442], [-0.0036289676884804466, 0.013163414394105828, -0.0393967928292939], [0.027030816154332442, -0.0393967928292939, 0.3384345893321642]], "chi2_level": 0.99, "chi2_df": 3, "chi2_threshold": 11.344866730144373, "N_raw": 92, "N_roi": 88, "N_inlier": 86, "refit": true}
{"timestamp": "14:23:32.720469", "frame": 48, "mu": [0.09593009678075341, 2.2044511923242167, -0.17108376735798225], "Sigma": [[0.007247190861895817, -0.0036342847124192436, 0.01556121929784259], [-0.003634284712419244, 0.025052074384268853, -0.044752370139475084], [0.015561219297842592, -0.044752370139475084, 0.1566290138900913]], "chi2_level": 0.99, "chi2_df": 3, "chi2_threshold": 11.344866730144373, "N_raw": 92, "N_roi": 89, "N_inlier": 87, "refit": true}
{"timestamp": "14:23:32.774455", "frame": 49, "mu": [0.029450915137385944, 2.121684524000741, 1.123807753035801], "Sigma": [[0.013163200624674565, -0.004515836656355425, 0.02830505662855058], [-0.004515836656355425, 0.009264549794156533, -0.027135636906797173], [0.02830505662855058, -0.027135636906797177, 0.14180197583117385]], "chi2_level": 0.99, "chi2_df": 3, "chi2_threshold": 11.344866730144373, "N_raw": 79, "N_roi": 75, "N_inlier": 72, "refit": true}
{"timestamp": "14:23:32.827921", "frame": 50, "mu": [0.021550348551602334, 2.2040552935974316, 1.4484478797693079], "Sigma": [[0.007979882191022553, -0.00032525296338514363, 0.002535735910516628], [-0.00032525296338514374, 0.007210141227518734, -0.002052674733797336], [0.002535735910516628, -0.0020526747337973363, 0.024492942475216946]], "chi2_level": 0.99, "chi2_df": 3, "chi2_threshold": 11.344866730144373, "N_raw": 73, "N_roi": 70, "N_inlier": 66, "refit": true}
{"timestamp": "14:23:32.881747", "frame": 51, "mu": [0.02292403154077299, 2.194650196394996, 1.1932269624811893], "Sigma": [[0.024713334566336433, -0.0013784176720332093, -0.07191502424069773], [-0.0013784176720332093, 0.0068000668161173625, 0.010223946208845262], [-0.07191502424069772, 0.010223946208845258, 0.2585056312802891]], "chi2_level": 0.99, "chi2_df": 3, "chi2_threshold": 11.344866730144373, "N_raw": 68, "N_roi": 66, "N_inlier": 62, "refit": true}
{"timestamp": "14:23:32.943728", "frame": 52, "mu": [0.00044453411174522886, 2.249887506272159, 0.9682548389626849], "Sigma": [[0.027924823954609823, -0.001775388726514043, -0.07086920272398817], [-0.0017753887265140435, 0.004825564987548385, -9.88831843500345e-05], [-0.07086920272398817, -9.88831843500345e-05, 0.274134138276574]], "chi2_level": 0.99, "chi2_df": 3, "chi2_threshold": 11.344866730144373, "N_raw": 115, "N_roi": 115, "N_inlier": 109, "refit": true}
{"timestamp": "14:23:32.997089", "frame": 53, "mu": [-0.17630169677970428, 2.2881278825518896, 1.1417097096630253], "Sigma": [[0.021773807825669945, 0.002851126226482074, -0.030707573352961048], [0.0028511262264820734, 0.010117151058392332, 0.006294691313492596], [-0.030707573352961048, 0.006294691313492596, 0.1310305121875375]], "chi2_level": 0.99, "chi2_df": 3, "chi2_threshold": 11.344866730144373, "N_raw": 102, "N_roi": 101, "N_inlier": 97, "refit": true}
{"timestamp": "14:23:33.046357", "frame": 54, "mu": [-0.3331676685922756, 2.4709161548626564, 0.04853903102427721], "Sigma": [[0.01193655403228285, 0.004946084832022603, -0.0010708777778500509], [0.004946084832022603, 0.006882852964629842, -0.0022731220035474], [-0.0010708777778500518, -0.002273122003547401, 0.0234045161279536]], "chi2_level": 0.99, "chi2_df": 3, "chi2_threshold": 11.344866730144373, "N_raw": 59, "N_roi": 57, "N_inlier": 52, "refit": true}
{"timestamp": "14:23:33.105066", "frame": 55, "mu": [-0.3723356547191288, 2.444242684735638, 1.3142190382328875], "Sigma": [[0.02127495036171323, 0.004423163371314651, -0.03742752644674543], [0.00442316337131465, 0.007462564931612385, -0.013312444752656104], [-0.037427526446745435, -0.013312444752656106, 0.1582938732706827]], "chi2_level": 0.99, "chi2_df": 3, "chi2_threshold": 11.344866730144373, "N_raw": 91, "N_roi": 91, "N_inlier": 88, "refit": true}
{"timestamp": "14:23:33.157753", "frame": 56, "mu": [-0.38895934947601624, 2.710802584268659, -0.2709323632106186], "Sigma": [[0.011512303703212217, 0.0011016916455783494, -0.0010344031911579715], [0.0011016916455783496, 0.01982588330929224, -0.06399231237965605], [-0.0010344031911579726, -0.06399231237965605, 0.23145086620835761]], "chi2_level": 0.99, "chi2_df": 3, "chi2_threshold": 11.344866730144373, "N_raw": 70, "N_roi": 70, "N_inlier": 67, "refit": true}
{"timestamp": "14:23:33.219456", "frame": 57, "mu": [-0.4504694347826197, 2.5436517858179895, 1.0092428132475941], "Sigma": [[0.012265899776335772, 0.0013266621739440902, -0.00495470677425419], [0.0013266621739440902, 0.008644083860160526, 0.015541982648494407], [-0.004954706774254191, 0.015541982648494407, 0.4366158660716254]], "chi2_level": 0.99, "chi2_df": 3, "chi2_threshold": 11.344866730144373, "N_raw": 110, "N_roi": 110, "N_inlier": 110, "refit": true}
{"timestamp": "14:23:33.264255", "frame": 58, "mu": [-0.5135090937056103, 2.5875262488190844, 0.9405415812183388], "Sigma": [[0.006574321428384092, -0.0015794598416864019, -0.007347945900738112], [-0.0015794598416864016, 0.01696922645316478, 0.0972121805156005], [-0.007347945900738112, 0.0972121805156005, 0.6829581768589048]], "chi2_level": 0.99, "chi2_df": 3, "chi2_threshold": 11.344866730144373, "N_raw": 51, "N_roi": 51, "N_inlier": 50, "refit": true}
{"timestamp": "14:23:33.325321", "frame": 59, "mu": [-0.5615918572471318, 2.6739160549797325, 1.3627982283569102], "Sigma": [[0.012391100963793011, 0.000841855082916105, -0.029186444252324674], [0.000841855082916105, 0.007566805851148204, 0.006395001730914671], [-0.02918644425232467, 0.006395001730914669, 0.17620399720205368]], "chi2_level": 0.99, "chi2_df": 3, "chi2_threshold": 11.344866730144373, "N_raw": 90, "N_roi": 90, "N_inlier": 86, "refit": true}
{"timestamp": "14:23:33.378264", "frame": 60, "mu": [-0.5935655278008807, 2.7622619270353934, 1.295411020204003], "Sigma": [[0.015368211354003772, 0.006563785007695812, -0.008145067252042837], [0.006563785007695813, 0.007971953663887192, -0.010016786174068216], [-0.008145067252042837, -0.010016786174068216, 0.018002974093185596]], "chi2_level": 0.99, "chi2_df": 3, "chi2_threshold": 11.344866730144373, "N_raw": 76, "N_roi": 76, "N_inlier": 74, "refit": true}
{"timestamp": "14:23:33.431556", "frame": 61, "mu": [-0.6958917774760948, 2.818507548216078, 1.382066682977602], "Sigma": [[0.013482868569252458, 0.005562842823667695, -0.017972203668629318], [0.005562842823667695, 0.007449110412288789, -0.010855335709870519], [-0.017972203668629318, -0.010855335709870519, 0.033198922009438525]], "chi2_level": 0.99, "chi2_df": 3, "chi2_threshold": 11.344866730144373, "N_raw": 63, "N_roi": 63, "N_inlier": 63, "refit": true}
{"timestamp": "14:23:33.488881", "frame": 62, "mu": [-0.7699138242823409, 2.8985375160372535, 1.4156244648042757], "Sigma": [[0.019496771804629852, 0.008022239263211139, -0.011450045181079494], [0.008022239263211139, 0.009818870185076089, -0.014362135245126936], [-0.011450045181079492, -0.014362135245126936, 0.027451835509514327]], "chi2_level": 0.99, "chi2_df": 3, "chi2_threshold": 11.344866730144373, "N_raw": 88, "N_roi": 86, "N_inlier": 86, "refit": true}
{"timestamp": "14:23:33.541579", "frame": 63, "mu": [-0.8949905423001276, 2.895066973165976, 1.3312008555643473], "Sigma": [[0.013818093624460787, 0.004140569836506052, -0.0032538785844613474], [0.004140569836506052, 0.007428735831284201, -0.004198207296882002], [-0.0032538785844613474, -0.004198207296882002, 0.003923632663612288]], "chi2_level": 0.99, "chi2_df": 3, "chi2_threshold": 11.344866730144373, "N_raw": 64, "N_roi": 64, "N_inlier": 63, "refit": true}
{"timestamp": "14:23:33.648052", "frame": 65, "mu": [-0.904799278542351, 3.0419014132756654, 0.43344255106777346], "Sigma": [[0.013457499978972639, 0.0010177994712495682, -0.012276404739534431], [0.0010177994712495682, 0.004935522242527906, 0.0007590742393483009], [-0.012276404739534433, 0.0007590742393482992, 0.17665776911164918]], "chi2_level": 0.99, "chi2_df": 3, "chi2_threshold": 11.344866730144373, "N_raw": 47, "N_roi": 43, "N_inlier": 43, "refit": true}
{"timestamp": "14:23:33.705914", "frame": 66, "mu": [-1.0536280827751647, 3.029075285319664, 1.1945111091496659], "Sigma": [[0.012006558451174014, 0.00186192004051368, -0.009043998699115654], [0.0018619200405136805, 0.004723782701828052, -0.012322295990736283], [-0.009043998699115654, -0.012322295990736285, 0.04667207691927064]], "chi2_level": 0.99, "chi2_df": 3, "chi2_threshold": 11.344866730144373, "N_raw": 62, "N_roi": 62, "N_inlier": 60, "refit": true}
{"timestamp": "14:23:33.761760", "frame": 67, "mu": [-1.092612889381509, 3.1158165424443487, 1.226576755357179], "Sigma": [[0.019976743074289996, 0.000707854251920373, 0.004844310104406695], [0.0007078542519203731, 0.00741587632894277, -0.01573840841212326], [0.004844310104406695, -0.01573840841212326, 0.05619932839874724]], "chi2_level": 0.99, "chi2_df": 3, "chi2_threshold": 11.344866730144373, "N_raw": 68, "N_roi": 68, "N_inlier": 65, "refit": true}
{"timestamp": "14:23:33.814865", "frame": 68, "mu": [-1.0835552520701532, 3.162342469410694, 0.9766868163805287], "Sigma": [[0.020312582436898194, 0.00040562657426018836, -0.0384397932946975], [0.00040562657426018814, 0.0043149340579005865, -0.015540464553425393], [-0.0384397932946975, -0.015540464553425393, 0.1758585881915852]], "chi2_level": 0.99, "chi2_df": 3, "chi2_threshold": 11.344866730144373, "N_raw": 56, "N_roi": 56, "N_inlier": 54, "refit": true}
{"timestamp": "14:23:33.867599", "frame": 69, "mu": [-1.1381565408524175, 3.231859238123376, 1.0303995991108352], "Sigma": [[0.01390208648103624, 0.0054791600559123185, -0.008943007005581396], [0.0054791600559123185, 0.006163076487405091, -0.004881109603856432], [-0.008943007005581396, -0.004881109603856432, 0.008468609513280604]], "chi2_level": 0.99, "chi2_df": 3, "chi2_threshold": 11.344866730144373, "N_raw": 44, "N_roi": 44, "N_inlier": 43, "refit": true}
{"timestamp": "14:23:33.924454", "frame": 70, "mu": [-1.2100000304035283, 3.4022351993877047, -0.39635448208797813], "Sigma": [[0.01837342353363873, 0.015151300279876765, 0.020736610987239446], [0.015151300279876764, 0.02223323002122386, 0.029147730562825477], [0.020736610987239446, 0.02914773056282548, 0.098592299932243]], "chi2_level": 0.99, "chi2_df": 3, "chi2_threshold": 11.344866730144373, "N_raw": 56, "N_roi": 56, "N_inlier": 55, "refit": true}
{"timestamp": "14:23:33.977973", "frame": 71, "mu": [-1.1547472118050621, 3.392560864220059, 0.924969021857673], "Sigma": [[0.01521698613723891, 0.0010176448534465574, -0.02818095914819096], [0.0010176448534465576, 0.0031176460397968437, -0.005330002352554927], [-0.028180959148190965, -0.005330002352554927, 0.08292955460548937]], "chi2_level": 0.99, "chi2_df": 3, "chi2_threshold": 11.344866730144373, "N_raw": 44, "N_roi": 44, "N_inlier": 43, "refit": true}
{"timestamp": "14:23:34.030855", "frame": 72, "mu": [-1.4602558120640283, 3.3620412201677032, 1.3488898517978538], "Sigma": [[0.012064552813273089, 0.006434325194855681, -0.00938188609120789], [0.006434325194855681, 0.006262404446533, -0.006386685992359249], [-0.00938188609120789, -0.006386685992359248, 0.009509761193875971]], "chi2_level": 0.99, "chi2_df": 3, "chi2_threshold": 11.344866730144373, "N_raw": 33, "N_roi": 33, "N_inlier": 30, "refit": true}
{"timestamp": "14:23:34.081457", "frame": 73, "mu": [-1.474938245777074, 3.617605813542952, 0.03408263934472644], "Sigma": [[0.003757631579778165, 0.01014712976360343, -0.015359524820332263], [0.01014712976360343, 0.04103496553327424, -0.07674505042158553], [-0.015359524820332263, -0.07674505042158553, 0.16764124204786654]], "chi2_level": 0.99, "chi2_df": 3, "chi2_threshold": 11.344866730144373, "N_raw": 10, "N_roi": 10, "N_inlier": 10, "refit": true}
{"timestamp": "14:23:34.232508", "frame": 75, "mu": [-1.5377590862990669, 3.80518611158953, -0.7414802571956716], "Sigma": [[0.0199308047530908, 0.008369937346299199, 0.0061223140850285435], [0.008369937346299199, 0.01871588945830434, 0.027943065827938197], [0.0061223140850285435, 0.027943065827938197, 0.10376039851062564]], "chi2_level": 0.99, "chi2_df": 3, "chi2_threshold": 11.344866730144373, "N_raw": 50, "N_roi": 47, "N_inlier": 46, "refit": true}
{"timestamp": "14:23:34.270153", "frame": 76, "mu": [-1.661276567814661, 3.708623929459358, 0.0012108304779433043], "Sigma": [[0.012981325307087892, 0.005277485944319021, -0.008677341882278282], [0.005277485944319021, 0.022713604379711143, -0.03955943937422301], [-0.008677341882278282, -0.03955943937422301, 0.10341855403160165]], "chi2_level": 0.99, "chi2_df": 3, "chi2_threshold": 11.344866730144373, "N_raw": 33, "N_roi": 33, "N_inlier": 31, "refit": true}
{"timestamp": "14:23:34.306457", "frame": 77, "mu": [-1.6973837751191747, 3.657542486909726, 1.1025040179636556], "Sigma": [[0.015352210907091964, 0.0031400421239413346, -0.03745443561890997], [0.0031400421239413346, 0.0029296460832798727, -0.00738824964924935], [-0.03745443561890997, -0.00738824964924935, 0.1332235558389234]], "chi2_level": 0.99, "chi2_df": 3, "chi2_threshold": 11.344866730144373, "N_raw": 36, "N_roi": 36, "N_inlier": 36, "refit": true}
{"timestamp": "14:23:34.361059", "frame": 78, "mu": [-1.6619922615567988, 3.8128835117711093, 1.1486679034290919], "Sigma": [[0.02132561434284131, 0.005611894880978073, -0.02049429822674335], [0.005611894880978072, 0.004581350749164537, -0.007830167182068375], [-0.02049429822674335, -0.007830167182068375, 0.025536387631974355]], "chi2_level": 0.99, "chi2_df": 3, "chi2_threshold": 11.344866730144373, "N_raw": 35, "N_roi": 34, "N_inlier": 32, "refit": true}
{"timestamp": "14:23:34.415799", "frame": 79, "mu": [-1.6794067043186103, 3.799349472179081, 0.9232193949204471], "Sigma": [[0.011946797869501924, -0.0025387321660233575, -0.028447472214177025], [-0.0025387321660233575, 0.0032302248557615496, 0.003694156691813835], [-0.028447472214177025, 0.0036941566918138355, 0.07907810344677021]], "chi2_level": 0.99, "chi2_df": 3, "chi2_threshold": 11.344866730144373, "N_raw": 30, "N_roi": 27, "N_inlier": 27, "refit": true}
{"timestamp": "14:23:34.525277", "frame": 81, "mu": [-1.9978365681161474, 3.893221544944412, 1.443163137315278], "Sigma": [[0.01510425496564338, 0.009017347610212102, -0.014572015147037527], [0.009017347610212102, 0.010817965738521992, -0.007293079231075444], [-0.014572015147037525, -0.007293079231075444, 0.016541802301657346]], "chi2_level": 0.99, "chi2_df": 3, "chi2_threshold": 11.344866730144373, "N_raw": 28, "N_roi": 25, "N_inlier": 24, "refit": true}
{"timestamp": "14:23:34.578283", "frame": 82, "mu": [-1.9730097014310322, 4.087542769655902, 0.7800905606392595], "Sigma": [[0.006435845911100137, 0.004425283338386734, -0.027485804211370146], [0.004425283338386734, 0.005444170155752177, -0.023260410377863347], [-0.027485804211370146, -0.023260410377863347, 0.21790771256583144]], "chi2_level": 0.99, "chi2_df": 3, "chi2_threshold": 11.344866730144373, "N_raw": 13, "N_roi": 13, "N_inlier": 13, "refit": true}
{"timestamp": "14:23:34.797709", "frame": 86, "mu": [-2.3185715174908346, 4.102112761662777, 1.2210692910111187], "Sigma": [[0.006819746587804174, 0.005390139984483686, -0.008662400571895669], [0.005390139984483686, 0.007209139239865847, -0.007978125874251509], [-0.008662400571895669, -0.007978125874251509, 0.0182917904095105]], "chi2_level": 0.99, "chi2_df": 3, "chi2_threshold": 11.344866730144373, "N_raw": 14, "N_roi": 12, "N_inlier": 12, "refit": true}
