{"timestamp": "14:12:06.609177", "frame": 1, "mu": [1.559184168403057, 0.74801425646346, 1.2844037474080465], "Sigma": [[0.004663895168842276, -0.0034592497334547173, -0.002887417379316371], [-0.0034592497334547173, 0.008255249470656744, -0.0007443241903569674], [-0.002887417379316371, -0.0007443241903569675, 0.00387373489773724]], "chi2_level": 0.95, "chi2_df": 3, "chi2_threshold": 7.814727903251179, "N_raw": 35, "N_roi": 35, "N_inlier": 33, "refit": true}
{"timestamp": "14:12:06.663851", "frame": 2, "mu": [1.551153722096392, 0.6951620617247802, 1.2585536984829329], "Sigma": [[0.003753842190087766, -0.002516028671755248, -0.0012403583333190026], [-0.002516028671755248, 0.00505300011717563, -0.0009001005700516478], [-0.0012403583333190026, -0.0009001005700516476, 0.0018258307282189837]], "chi2_level": 0.95, "chi2_df": 3, "chi2_threshold": 7.814727903251179, "N_raw": 24, "N_roi": 24, "N_inlier": 22, "refit": true}
{"timestamp": "14:12:06.717075", "frame": 3, "mu": [1.529114909477475, 0.6080561060945894, 1.2537594874106328], "Sigma": [[0.003936771493412935, -0.0037359828790958158, -0.007521929494240439], [-0.0037359828790958158, 0.007919431402345847, 0.0061905655601150154], [-0.007521929494240437, 0.006190565560115016, 0.016672741677976655]], "chi2_level": 0.95, "chi2_df": 3, "chi2_threshold": 7.814727903251179, "N_raw": 10, "N_roi": 10, "N_inlier": 9, "refit": true}
{"timestamp": "14:12:06.770901", "frame": 4, "mu": [1.443371702557068, 0.7434842462555287, 1.3585636206648815], "Sigma": [[0.008607095844594919, -0.0029178199724928864, -0.01047222360455032], [-0.0029178199724928864, 0.002475334339730005, 0.00517378148951635], [-0.01047222360455032, 0.00517378148951635, 0.014845548929892002]], "chi2_level": 0.95, "chi2_df": 3, "chi2_threshold": 7.814727903251179, "N_raw": 6, "N_roi": 6, "N_inlier": 6, "refit": true}
{"timestamp": "14:12:06.826299", "frame": 5, "mu": [1.4034101802030665, 0.735769852689593, 1.302833662414646], "Sigma": [[0.004647829878075316, -0.0013458830214943384, -0.008421550154584314], [-0.0013458830214943384, 0.002572215791537724, 0.0019208060912641592], [-0.008421550154584314, 0.001920806091264159, 0.015997706648327538]], "chi2_level": 0.95, "chi2_df": 3, "chi2_threshold": 7.814727903251179, "N_raw": 7, "N_roi": 7, "N_inlier": 7, "refit": true}
{"timestamp": "14:12:06.882030", "frame": 6, "mu": [1.3823217322195012, 0.7989049119561777, 1.2814320176775411], "Sigma": [[0.006813205312540466, -0.004664851586540858, -0.00720865053824527], [-0.004664851586540858, 0.010242591450209192, -0.003280840272188042], [-0.007208650538245271, -0.003280840272188042, 0.02324395540206702]], "chi2_level": 0.95, "chi2_df": 3, "chi2_threshold": 7.814727903251179, "N_raw": 7, "N_roi": 7, "N_inlier": 7, "refit": true}
{"timestamp": "14:12:06.936590", "frame": 7, "mu": [1.3027158925769586, 0.7909627800574157, 1.3866676126497732], "Sigma": [[0.005155385300672463, -0.0032238656958550925, -0.005920202960472066], [-0.0032238656958550925, 0.0026031860978017146, 0.004244557611606577], [-0.005920202960472066, 0.004244557611606577, 0.00852492969634218]], "chi2_level": 0.95, "chi2_df": 3, "chi2_threshold": 7.814727903251179, "N_raw": 8, "N_roi": 8, "N_inlier": 8, "refit": true}
{"timestamp": "14:12:06.990980", "frame": 8, "mu": [1.303168434668985, 0.8167237234719555, 1.266194645312615], "Sigma": [[0.0011941469675750477, 0.0006414406247980562, -0.0032518292823400545], [0.0006414406247980562, 0.014510522063245499, -0.009304630256720577], [-0.0032518292823400545, -0.009304630256720578, 0.013225425399690845]], "chi2_level": 0.95, "chi2_df": 3, "chi2_threshold": 7.814727903251179, "N_raw": 9, "N_roi": 9, "N_inlier": 7, "refit": true}
{"timestamp": "14:12:07.046882", "frame": 9, "mu": [1.2539804813916506, 0.7426215323505707, 1.3180299686557513], "Sigma": [[0.004942755438038196, -0.004428519207667966, -0.006040737683490903], [-0.004428519207667966, 0.006186780937520285, 0.0041669288104239305], [-0.006040737683490903, 0.00416692881042393, 0.009455172671266958]], "chi2_level": 0.95, "chi2_df": 3, "chi2_threshold": 7.814727903251179, "N_raw": 15, "N_roi": 15, "N_inlier": 13, "refit": true}
{"timestamp": "14:12:07.103887", "frame": 10, "mu": [1.1300150770060704, 0.9522582644468566, -0.423693124948593], "Sigma": [[0.005098985056112493, -0.002749729177327593, -0.0011398702265353767], [-0.002749729177327593, 0.0032589509741799286, 0.003350471663229185], [-0.0011398702265353771, 0.003350471663229185, 0.017451300320166577]], "chi2_level": 0.95, "chi2_df": 3, "chi2_threshold": 7.814727903251179, "N_raw": 27, "N_roi": 27, "N_inlier": 23, "refit": true}
{"timestamp": "14:12:07.160985", "frame": 11, "mu": [1.0725228178779214, 0.9312627307199325, 1.4837336294481043], "Sigma": [[0.004318535531166556, -0.0028938917073510232, -0.002255070505891258], [-0.0028938917073510232, 0.005441101720571208, 0.00027263254813926355], [-0.002255070505891258, 0.00027263254813926345, 0.0018078245953229103]], "chi2_level": 0.95, "chi2_df": 3, "chi2_threshold": 7.814727903251179, "N_raw": 40, "N_roi": 40, "N_inlier": 38, "refit": true}
{"timestamp": "14:12:07.215576", "frame": 12, "mu": [1.025391640207393, 0.953918736698471, 1.4967371092486805], "Sigma": [[0.004705723806923028, -0.001382805645640295, -0.002352567279465871], [-0.001382805645640295, 0.0021218341198975775, -0.0004026717980078808], [-0.0023525672794658704, -0.0004026717980078808, 0.006424117936530222]], "chi2_level": 0.95, "chi2_df": 3, "chi2_threshold": 7.814727903251179, "N_raw": 40, "N_roi": 40, "N_inlier": 38, "refit": true}
{"timestamp": "14:12:07.272883", "frame": 13, "mu": [0.9841381958356066, 0.9505891776444678, 1.438378774612787], "Sigma": [[0.005959602230920531, -0.0022175850961892772, -0.004538587519747772], [-0.002217585096189277, 0.003344161824618475, -0.0002943984226581419], [-0.004538587519747772, -0.00029439842265814185, 0.005839861753036082]], "chi2_level": 0.95, "chi2_df": 3, "chi2_threshold": 7.814727903251179, "N_raw": 54, "N_roi": 54, "N_inlier": 50, "refit": true}
{"timestamp": "14:12:07.325796", "frame": 14, "mu": [0.9028849329491809, 0.9284919130731215, 1.492342792526729], "Sigma": [[0.003267211074568853, -0.00042282180422014267, -0.0014243965874616124], [-0.00042282180422014267, 0.00283285781544939, 0.0002159315316289836], [-0.0014243965874616129, 0.00021593153162898372, 0.003625944961688687]], "chi2_level": 0.95, "chi2_df": 3, "chi2_threshold": 7.814727903251179, "N_raw": 37, "N_roi": 36, "N_inlier": 34, "refit": true}
{"timestamp": "14:12:07.380328", "frame": 15, "mu": [0.86616467337759, 0.9521188250925238, 1.4870586643182977], "Sigma": [[0.0040486937675882585, -0.0014806910852134493, -0.0022462463606152967], [-0.0014806910852134493, 0.0029874868146034413, -0.000343888946792832], [-0.0022462463606152967, -0.00034388894679283205, 0.002226536476261071]], "chi2_level": 0.95, "chi2_df": 3, "chi2_threshold": 7.814727903251179, "N_raw": 41, "N_roi": 41, "N_inlier": 39, "refit": true}
{"timestamp": "14:12:07.438877", "frame": 16, "mu": [0.8417852854333189, 0.9377239821434912, 1.3133662706537839], "Sigma": [[0.007273041567518746, -0.0008391999141083, -0.017209904947373955], [-0.0008391999141083001, 0.0020880457325962633, 0.000416512772403421], [-0.017209904947373955, 0.00041651277240342075, 0.060123431559435336]], "chi2_level": 0.95, "chi2_df": 3, "chi2_threshold": 7.814727903251179, "N_raw": 61, "N_roi": 61, "N_inlier": 59, "refit": true}
{"timestamp": "14:12:07.492657", "frame": 17, "mu": [0.7698413749251423, 1.0670952435551986, -0.2642138984028491], "Sigma": [[0.0034097719155434473, 0.0011970627984852853, -0.0027178503427462506], [0.001197062798485285, 0.004533919274750214, -0.0008791727214579816], [-0.0027178503427462506, -0.0008791727214579817, 0.004185721493042377]], "chi2_level": 0.95, "chi2_df": 3, "chi2_threshold": 7.814727903251179, "N_raw": 45, "N_roi": 45, "N_inlier": 43, "refit": true}
{"timestamp": "14:12:07.549255", "frame": 18, "mu": [0.7669023626842679, 0.9193354817591038, 1.4416377531249325], "Sigma": [[0.006259852681959619, -0.0003497728038498758, -0.005399001319350073], [-0.00034977280384987586, 0.0028768002119353136, -0.000232683324968997], [-0.005399001319350073, -0.00023268332496899688, 0.007177178782400052]], "chi2_level": 0.95, "chi2_df": 3, "chi2_threshold": 7.814727903251179, "N_raw": 57, "N_roi": 57, "N_inlier": 55, "refit": true}
{"timestamp": "14:12:07.601277", "frame": 19, "mu": [0.779378736294777, 0.8011374900659133, 1.163880096462489], "Sigma": [[0.004475867935421378, -0.0016367667761457453, 0.002072794294149769], [-0.0016367667761457455, 0.001921347263517589, 0.005134742403948814], [0.002072794294149769, 0.005134742403948814, 0.07504468668929405]], "chi2_level": 0.95, "chi2_df": 3, "chi2_threshold": 7.814727903251179, "N_raw": 35, "N_roi": 35, "N_inlier": 31, "refit": true}
{"timestamp": "14:12:07.659831", "frame": 20, "mu": [0.6620579323386978, 0.8660717878676535, 1.4052475944962122], "Sigma": [[0.003873367221832861, -0.0012038107973801337, -0.002868297256398769], [-0.0012038107973801337, 0.004524797189272535, -0.002062009775724985], [-0.002868297256398769, -0.002062009775724985, 0.005032600331060649]], "chi2_level": 0.95, "chi2_df": 3, "chi2_threshold": 7.814727903251179, "N_raw": 66, "N_roi": 66, "N_inlier": 62, "refit": true}
{"timestamp": "14:12:07.714322", "frame": 21, "mu": [0.5836885105352806, 0.8657240600512357, 1.4386502039429288], "Sigma": [[0.0030430621505156876, -0.0004643762110839191, -0.003931617353866223], [-0.0004643762110839191, 0.0031746783486496094, -8.107025152329084e-05], [-0.003931617353866223, -8.107025152329084e-05, 0.014681123606337167]], "chi2_level": 0.95, "chi2_df": 3, "chi2_threshold": 7.814727903251179, "N_raw": 58, "N_roi": 58, "N_inlier": 53, "refit": true}
{"timestamp": "14:12:07.771023", "frame": 22, "mu": [0.5578698286586863, 0.8635199721840794, 1.3143150392087795], "Sigma": [[0.003938631847154004, -0.0011095344278220687, -0.008867031570415653], [-0.001109534427822069, 0.0036626698899029364, -0.0013307690935123813], [-0.008867031570415653, -0.0013307690935123807, 0.04797795783198296]], "chi2_level": 0.95, "chi2_df": 3, "chi2_threshold": 7.814727903251179, "N_raw": 73, "N_roi": 73, "N_inlier": 71, "refit": true}
{"timestamp": "14:12:07.826356", "frame": 23, "mu": [0.5051560479115348, 0.8524092400133172, 1.435584238318182], "Sigma": [[0.00498064242735657, 0.0009026411473072498, -0.003567168251786164], [0.0009026411473072498, 0.0018721033876680198, -0.0024162435755014948], [-0.0035671682517861643, -0.0024162435755014948, 0.008737493045170503]], "chi2_level": 0.95, "chi2_df": 3, "chi2_threshold": 7.814727903251179, "N_raw": 73, "N_roi": 73, "N_inlier": 70, "refit": true}
{"timestamp": "14:12:07.879382", "frame": 24, "mu": [0.3984529316799012, 0.8830631413097703, 1.4586656908305056], "Sigma": [[0.001785987929156973, 0.0001877478616078335, -0.0011544190846536192], [0.0001877478616078335, 0.0033873579228047334, -0.003914404755287223], [-0.0011544190846536192, -0.003914404755287223, 0.009000164100562202]], "chi2_level": 0.95, "chi2_df": 3, "chi2_threshold": 7.814727903251179, "N_raw": 55, "N_roi": 55, "N_inlier": 51, "refit": true}
{"timestamp": "14:12:07.934432", "frame": 25, "mu": [0.3634742424565513, 0.9875248637857834, -0.29413869086415223], "Sigma": [[0.003780970296157134, -0.0002746848596859954, -0.0007731643049119639], [-0.00027468485968599527, 0.0021459291562082976, -0.002715086837566447], [-0.0007731643049119639, -0.002715086837566447, 0.0055091286376007485]], "chi2_level": 0.95, "chi2_df": 3, "chi2_threshold": 7.814727903251179, "N_raw": 59, "N_roi": 59, "N_inlier": 54, "refit": true}
{"timestamp": "14:12:07.991998", "frame": 26, "mu": [0.3282375875328397, 0.8691630021269156, 1.3560594153445695], "Sigma": [[0.0052821237172061145, -0.0022332035736311938, -0.0054713433376583406], [-0.0022332035736311938, 0.0031576844186497156, 0.0017592758098114115], [-0.0054713433376583406, 0.0017592758098114115, 0.01613097828840656]], "chi2_level": 0.95, "chi2_df": 3, "chi2_threshold": 7.814727903251179, "N_raw": 82, "N_roi": 82, "N_inlier": 78, "refit": true}
{"timestamp": "14:12:08.037433", "frame": 27, "mu": [0.2520954346826626, 0.8795605369098829, 0.8015504035809177], "Sigma": [[0.0034926352501811544, 0.0017522879962506368, 0.008997967950714277], [0.0017522879962506368, 0.0031077744630338446, 0.009337776343937846], [0.008997967950714274, 0.009337776343937844, 0.4442539973365169]], "chi2_level": 0.95, "chi2_df": 3, "chi2_threshold": 7.814727903251179, "N_raw": 10, "N_roi": 10, "N_inlier": 10, "refit": true}
{"timestamp": "14:12:08.097234", "frame": 28, "mu": [0.20226084556688395, 0.922351913954465, 1.482271963416979], "Sigma": [[0.0015824628716738013, 0.00014025382844206965, -0.0009562546061630817], [0.00014025382844206962, 0.0020379266040956813, 5.439907552581857e-05], [-0.0009562546061630817, 5.439907552581857e-05, 0.00790582245177802]], "chi2_level": 0.95, "chi2_df": 3, "chi2_threshold": 7.814727903251179, "N_raw": 43, "N_roi": 43, "N_inlier": 37, "refit": true}
{"timestamp": "14:12:08.149992", "frame": 29, "mu": [0.1363021717694956, 0.8937612096223565, 1.4157649343938994], "Sigma": [[0.0017601865699208336, 6.814725857294315e-05, -0.013282781120988331], [6.81472585729432e-05, 0.003244339034790188, 0.0036160289252497443], [-0.01328278112098833, 0.003616028925249745, 0.14887673292902462]], "chi2_level": 0.95, "chi2_df": 3, "chi2_threshold": 7.814727903251179, "N_raw": 29, "N_roi": 26, "N_inlier": 23, "refit": true}
{"timestamp": "14:12:08.210194", "frame": 30, "mu": [0.06363019639694384, 0.9188197339043342, 1.4019796760853742], "Sigma": [[0.002287357016478594, -8.212606924263584e-05, -0.0009672223154995494], [-8.212606924263595e-05, 0.00259587899732649, -0.00021692030261277843], [-0.0009672223154995496, -0.00021692030261277832, 0.012333773511745272]], "chi2_level": 0.95, "chi2_df": 3, "chi2_threshold": 7.814727903251179, "N_raw": 74, "N_roi": 73, "N_inlier": 69, "refit": true}
{"timestamp": "14:12:08.263032", "frame": 31, "mu": [0.03533259645572297, 0.7856125822378136, 1.2637267214594214], "Sigma": [[0.0026478284349596717, -0.0016783763365423622, -0.0022151207403271604], [-0.0016783763365423622, 0.0032741458193931193, 0.0001953369105592132], [-0.0022151207403271604, 0.00019533691055921318, 0.00282730499798876]], "chi2_level": 0.95, "chi2_df": 3, "chi2_threshold": 7.814727903251179, "N_raw": 52, "N_roi": 52, "N_inlier": 49, "refit": true}
{"timestamp": "14:12:08.312940", "frame": 32, "mu": [-0.02711185608744648, 0.7848360054218478, 1.2995237667173722], "Sigma": [[0.0009272305551680063, -0.001115658042332855, -0.00011767841164665895], [-0.0011156580423328547, 0.007877959648058168, -0.001353572903260128], [-0.00011767841164665895, -0.0013535729032601283, 0.0006358251803169481]], "chi2_level": 0.95, "chi2_df": 3, "chi2_threshold": 7.814727903251179, "N_raw": 17, "N_roi": 17, "N_inlier": 15, "refit": true}
{"timestamp": "14:12:08.376300", "frame": 33, "mu": [-0.11660457956281182, 0.9060231193321021, 1.4092953275896662], "Sigma": [[0.0033054249535458555, -0.0020879077396485906, 0.0006954726163955114], [-0.0020879077396485906, 0.003941929543143412, -0.0027585920377739353], [0.0006954726163955114, -0.002758592037773935, 0.0024822614120489418]], "chi2_level": 0.95, "chi2_df": 3, "chi2_threshold": 7.814727903251179, "N_raw": 74, "N_roi": 74, "N_inlier": 71, "refit": true}
{"timestamp": "14:12:08.428007", "frame": 34, "mu": [-0.09467851773734416, 1.0375053215938634, -0.4303495286079493], "Sigma": [[0.0027056543122353375, -0.0007795359180889011, -0.0013767448235269726], [-0.000779535918088901, 0.0018930157287491004, -0.001296043625778663], [-0.0013767448235269726, -0.0012960436257786632, 0.002768323143973671]], "chi2_level": 0.95, "chi2_df": 3, "chi2_threshold": 7.814727903251179, "N_raw": 44, "N_roi": 44, "N_inlier": 43, "refit": true}
{"timestamp": "14:12:08.486343", "frame": 35, "mu": [-0.22140654443476993, 0.989786055661645, -0.30753420758827676], "Sigma": [[0.002843494883027899, -0.00037379923417961143, -0.0013807615570122476], [-0.0003737992341796113, 0.003924598944086343, -0.0023074723804237217], [-0.0013807615570122474, -0.0023074723804237217, 0.00269204875470423]], "chi2_level": 0.95, "chi2_df": 3, "chi2_threshold": 7.814727903251179, "N_raw": 73, "N_roi": 71, "N_inlier": 64, "refit": true}
{"timestamp": "14:12:08.541162", "frame": 36, "mu": [-0.3294417232429335, 0.9245000674944339, 1.4907556361726575], "Sigma": [[0.0030230752351402385, -0.0019089014464599833, -0.0004918562864411731], [-0.0019089014464599833, 0.002903145806967383, -0.0014401535092529684], [-0.0004918562864411731, -0.0014401535092529684, 0.0031978366682344737]], "chi2_level": 0.95, "chi2_df": 3, "chi2_threshold": 7.814727903251179, "N_raw": 64, "N_roi": 60, "N_inlier": 56, "refit": true}
{"timestamp": "14:12:08.594568", "frame": 37, "mu": [-0.3542638263969543, 0.898045522925746, 1.50167424317247], "Sigma": [[0.0032504660474891927, -0.0004896298304437064, -0.0018026314230523612], [-0.0004896298304437064, 0.0019130269462324435, -0.0016857499756367097], [-0.0018026314230523614, -0.0016857499756367097, 0.0051197910933630094]], "chi2_level": 0.95, "chi2_df": 3, "chi2_threshold": 7.814727903251179, "N_raw": 60, "N_roi": 57, "N_inlier": 54, "refit": true}
{"timestamp": "14:12:08.644338", "frame": 38, "mu": [-0.41613036327659136, 0.8604223340581242, 1.518098760148493], "Sigma": [[0.0009986402196334946, 8.674782095334288e-06, -0.001396676600118634], [8.674782095334234e-06, 0.0022464035034941822, -0.004171076673403324], [-0.001396676600118634, -0.004171076673403323, 0.014814205415017124]], "chi2_level": 0.95, "chi2_df": 3, "chi2_threshold": 7.814727903251179, "N_raw": 22, "N_roi": 22, "N_inlier": 19, "refit": true}
{"timestamp": "14:12:08.711201", "frame": 39, "mu": [-0.45949192347764617, 0.8357344289733029, 1.3999085189543599], "Sigma": [[0.004946877301105823, -0.001954433061007055, -0.004296400143187203], [-0.001954433061007055, 0.0017595318712388898, -0.0009344394625037336], [-0.004296400143187203, -0.0009344394625037336, 0.016418592208752733]], "chi2_level": 0.95, "chi2_df": 3, "chi2_threshold": 7.814727903251179, "N_raw": 103, "N_roi": 100, "N_inlier": 97, "refit": true}
{"timestamp": "14:12:08.761602", "frame": 40, "mu": [-0.4868181132157096, 0.8149316527004911, 1.3763955039311102], "Sigma": [[0.002891144049954445, -0.0010198656190148747, -0.0034109075542309115], [-0.0010198656190148745, 0.0021813952632706237, -0.0018997074099556675], [-0.003410907554230912, -0.0018997074099556675, 0.012331668436687619]], "chi2_level": 0.95, "chi2_df": 3, "chi2_threshold": 7.814727903251179, "N_raw": 78, "N_roi": 78, "N_inlier": 68, "refit": true}
{"timestamp": "14:12:08.809917", "frame": 41, "mu": [-0.6961679157868621, 0.7470019787681461, 1.4035716267373348], "Sigma": [[0.04312637381589715, 0.019798317707244592, -0.05469232997942282], [0.019798317707244592, 0.011187353131410465, -0.03391261584051049], [-0.05469232997942282, -0.03391261584051049, 0.13915415040066]], "chi2_level": 0.95, "chi2_df": 3, "chi2_threshold": 7.814727903251179, "N_raw": 19, "N_roi": 18, "N_inlier": 16, "refit": true}
{"timestamp": "14:12:08.866547", "frame": 42, "mu": [-0.761806762112279, 0.7880995686995862, 1.5328434616074826], "Sigma": [[0.030367685368308847, 0.010100121925776504, -0.024343431670411742], [0.010100121925776504, 0.0061665115406379705, -0.010612589568550837], [-0.024343431670411742, -0.010612589568550839, 0.023360424719243652]], "chi2_level": 0.95, "chi2_df": 3, "chi2_threshold": 7.814727903251179, "N_raw": 41, "N_roi": 41, "N_inlier": 37, "refit": true}
{"timestamp": "14:12:08.918758", "frame": 43, "mu": [-0.8167912270039354, 0.7088360426112481, 1.5126273549564564], "Sigma": [[0.028656509263057798, 0.010100703826889056, -0.042575747470294814], [0.010100703826889056, 0.008831495378779813, -0.019504095798369023], [-0.042575747470294814, -0.019504095798369023, 0.0705945131137361]], "chi2_level": 0.95, "chi2_df": 3, "chi2_threshold": 7.814727903251179, "N_raw": 19, "N_roi": 18, "N_inlier": 16, "refit": true}
{"timestamp": "14:12:08.976580", "frame": 44, "mu": [-0.957256959430003, 0.705271594715154, 1.5145045103948602], "Sigma": [[0.02055782614736779, 0.003672682480740668, -0.030831199802842265], [0.0036726824807406687, 0.0034888481769170176, -0.010142760643577192], [-0.03083119980284227, -0.010142760643577192, 0.06280141144584175]], "chi2_level": 0.95, "chi2_df": 3, "chi2_threshold": 7.814727903251179, "N_raw": 41, "N_roi": 41, "N_inlier": 38, "refit": true}
{"timestamp": "14:12:09.032123", "frame": 45, "mu": [-1.062203433569319, 0.7386489754874588, 1.6726080547610023], "Sigma": [[0.007314914023981325, 0.002910628745503052, -0.0034974450608377364], [0.002910628745503052, 0.00513740231549788, -0.00336339575186784], [-0.003497445060837737, -0.00336339575186784, 0.003428813322102228]], "chi2_level": 0.95, "chi2_df": 3, "chi2_threshold": 7.814727903251179, "N_raw": 46, "N_roi": 46, "N_inlier": 40, "refit": true}
{"timestamp": "14:12:09.089085", "frame": 46, "mu": [-0.9380098729934475, 0.7888498453155032, 1.3941715498913312], "Sigma": [[0.02264580899649797, 0.006111268537494583, -0.03227945806747848], [0.006111268537494583, 0.0037762563600764283, -0.009639307442825087], [-0.03227945806747848, -0.009639307442825087, 0.07153690711717467]], "chi2_level": 0.95, "chi2_df": 3, "chi2_threshold": 7.814727903251179, "N_raw": 58, "N_roi": 58, "N_inlier": 51, "refit": true}
{"timestamp": "14:12:09.146499", "frame": 47, "mu": [-1.0800736705255658, 0.8020141732696879, -0.34818664586076675], "Sigma": [[0.01502537583231409, 0.004313792096686337, -0.01141738251323839], [0.004313792096686337, 0.010845595856852375, -0.0018278290538219955], [-0.01141738251323839, -0.0018278290538219953, 0.011628611074341053]], "chi2_level": 0.95, "chi2_df": 3, "chi2_threshold": 7.814727903251179, "N_raw": 73, "N_roi": 73, "N_inlier": 69, "refit": true}
{"timestamp": "14:12:09.202195", "frame": 48, "mu": [-1.089899619482283, 0.6877459114871936, 1.4093379654061577], "Sigma": [[0.00995927485681772, 0.0026345034836527358, -0.005420419229499377], [0.0026345034836527358, 0.009588494990059546, -0.0029152887402273155], [-0.005420419229499377, -0.0029152887402273146, 0.0038579038091419234]], "chi2_level": 0.95, "chi2_df": 3, "chi2_threshold": 7.814727903251179, "N_raw": 82, "N_roi": 82, "N_inlier": 76, "refit": true}
{"timestamp": "14:12:09.258354", "frame": 49, "mu": [-1.1223244818137785, 0.7155565274027422, 1.4294167136575504], "Sigma": [[0.010406466609721604, 0.008028450862352206, 0.0019231905759192125], [0.008028450862352206, 0.010994950388067786, -0.0019206279098557574], [0.0019231905759192125, -0.0019206279098557578, 0.006784211924308006]], "chi2_level": 0.95, "chi2_df": 3, "chi2_threshold": 7.814727903251179, "N_raw": 79, "N_roi": 79, "N_inlier": 73, "refit": true}
{"timestamp": "14:12:09.308718", "frame": 50, "mu": [-1.217017371333935, 0.7926223020114229, 1.4848309373564461], "Sigma": [[0.010871527490267666, 0.006466061998687791, -0.0062881445575552015], [0.006466061998687791, 0.007179655318378105, -0.010674968487662452], [-0.006288144557555202, -0.010674968487662452, 0.030063698342792555]], "chi2_level": 0.95, "chi2_df": 3, "chi2_threshold": 7.814727903251179, "N_raw": 51, "N_roi": 51, "N_inlier": 47, "refit": true}
{"timestamp": "14:12:09.366771", "frame": 51, "mu": [-1.246480478671813, 0.773215043336585, 1.430265172315193], "Sigma": [[0.011465937394335704, 0.008179212562242856, 0.0003822513068553214], [0.008179212562242856, 0.012223040570380534, -0.003536551497054541], [0.00038225130685532133, -0.003536551497054541, 0.00441371949120037]], "chi2_level": 0.95, "chi2_df": 3, "chi2_threshold": 7.814727903251179, "N_raw": 81, "N_roi": 81, "N_inlier": 77, "refit": true}
{"timestamp": "14:12:09.420719", "frame": 52, "mu": [-1.268029691918614, 0.8240584185916833, 1.2524438082159954], "Sigma": [[0.010764874403743624, 0.010388899383953733, -0.028243726021051935], [0.010388899383953733, 0.014989632097024823, -0.0351743303295083], [-0.028243726021051935, -0.0351743303295083, 0.16508314564555904]], "chi2_level": 0.95, "chi2_df": 3, "chi2_threshold": 7.814727903251179, "N_raw": 67, "N_roi": 67, "N_inlier": 61, "refit": true}
{"timestamp": "14:12:09.480077", "frame": 53, "mu": [-1.3021185462922824, 0.7571640135728869, 1.3334880704804468], "Sigma": [[0.0131516789689617, 0.011491907398019403, 0.0009054474848268692], [0.011491907398019403, 0.015334000548066558, -0.003307137945913178], [0.0009054474848268694, -0.0033071379459131776, 0.01527167590305724]], "chi2_level": 0.95, "chi2_df": 3, "chi2_threshold": 7.814727903251179, "N_raw": 96, "N_roi": 96, "N_inlier": 91, "refit": true}
{"timestamp": "14:12:09.531013", "frame": 54, "mu": [-1.42886182020767, 0.804204330534882, 1.3954388457722782], "Sigma": [[0.00900929583343158, 0.008761089001433041, 0.0006213909472021101], [0.008761089001433041, 0.01936058601324796, -0.0005816587673866013], [0.00062139094720211, -0.0005816587673866012, 0.01804326368323749]], "chi2_level": 0.95, "chi2_df": 3, "chi2_threshold": 7.814727903251179, "N_raw": 68, "N_roi": 68, "N_inlier": 64, "refit": true}
{"timestamp": "14:12:09.589334", "frame": 55, "mu": [-1.457242199270331, 0.8744540585624149, 1.1840677803646875], "Sigma": [[0.016078203221093164, 0.010932650466982888, 0.02604761576937928], [0.010932650466982892, 0.03538108064221873, -0.015580710829726755], [0.026047615769379282, -0.015580710829726754, 0.16634875407654323]], "chi2_level": 0.95, "chi2_df": 3, "chi2_threshold": 7.814727903251179, "N_raw": 91, "N_roi": 91, "N_inlier": 89, "refit": true}
{"timestamp": "14:12:09.641730", "frame": 56, "mu": [-1.4492129379080936, 0.9584162284163568, 1.4815988143944305], "Sigma": [[0.01229713746528969, 0.009103742226897762, 0.0018998528296267445], [0.009103742226897762, 0.00889334999024964, -0.003355187840811011], [0.0018998528296267456, -0.0033551878408110106, 0.01814848496660462]], "chi2_level": 0.95, "chi2_df": 3, "chi2_threshold": 7.814727903251179, "N_raw": 74, "N_roi": 74, "N_inlier": 69, "refit": true}
{"timestamp": "14:12:09.700165", "frame": 57, "mu": [-1.5262477924749303, 0.9489134141340695, 1.3492913797663335], "Sigma": [[0.02013078888376056, 0.019090981682116592, 0.012642082313538604], [0.019090981682116592, 0.026224681668601257, 0.016144045104631126], [0.012642082313538604, 0.016144045104631126, 0.04347143328098202]], "chi2_level": 0.95, "chi2_df": 3, "chi2_threshold": 7.814727903251179, "N_raw": 95, "N_roi": 95, "N_inlier": 92, "refit": true}
{"timestamp": "14:12:09.754200", "frame": 58, "mu": [-1.5501788118638762, 1.0386401248054133, 1.4214065463272192], "Sigma": [[0.01814171576826208, 0.01028300619650269, 0.0026886111091756603], [0.01028300619650269, 0.011587045129254975, 0.002022115638598169], [0.00268861110917566, 0.0020221156385981684, 0.04305013983703776]], "chi2_level": 0.95, "chi2_df": 3, "chi2_threshold": 7.814727903251179, "N_raw": 91, "N_roi": 91, "N_inlier": 89, "refit": true}
{"timestamp": "14:12:09.808866", "frame": 59, "mu": [-1.6136807895335163, 1.0954834440797019, 1.4923480182204052], "Sigma": [[0.017580489996040324, 0.010312169366151262, -0.005429377654000647], [0.010312169366151265, 0.010419998274088956, -0.008128978545467557], [-0.005429377654000646, -0.008128978545467557, 0.04028633896006688]], "chi2_level": 0.95, "chi2_df": 3, "chi2_threshold": 7.814727903251179, "N_raw": 89, "N_roi": 89, "N_inlier": 83, "refit": true}
{"timestamp": "14:12:09.863791", "frame": 60, "mu": [-1.5811873361651854, 1.193305771174305, 1.3989045132026117], "Sigma": [[0.012818217676488585, 0.007521972557130888, -0.006891552259180528], [0.007521972557130889, 0.01012494504441367, -0.010522925999128845], [-0.006891552259180528, -0.010522925999128845, 0.027792493457251544]], "chi2_level": 0.95, "chi2_df": 3, "chi2_threshold": 7.814727903251179, "N_raw": 92, "N_roi": 92, "N_inlier": 89, "refit": true}
{"timestamp": "14:12:09.919283", "frame": 61, "mu": [-1.6595735543486396, 1.2435867476166347, 1.4383592243820789], "Sigma": [[0.017575349465689328, 0.011906686321578229, -0.01029852216378709], [0.011906686321578229, 0.0120571159441177, -0.01020719501806985], [-0.010298522163787089, -0.01020719501806985, 0.07639438282371759]], "chi2_level": 0.95, "chi2_df": 3, "chi2_threshold": 7.814727903251179, "N_raw": 92, "N_roi": 92, "N_inlier": 86, "refit": true}
{"timestamp": "14:12:09.970519", "frame": 62, "mu": [-1.7097516175742293, 1.258907607555006, 1.5897228643148387], "Sigma": [[0.007984153064208256, 0.0036591039436840037, -0.0009004991340391059], [0.0036591039436840037, 0.008755071116752448, -0.011052483570395115], [-0.0009004991340391057, -0.011052483570395115, 0.036105693225781]], "chi2_level": 0.95, "chi2_df": 3, "chi2_threshold": 7.814727903251179, "N_raw": 63, "N_roi": 63, "N_inlier": 59, "refit": true}
{"timestamp": "14:12:10.026893", "frame": 63, "mu": [-1.6974591027255017, 1.3092350191438653, 1.5007591279630124], "Sigma": [[0.017274705607667456, 0.012123003257801392, -0.005441945553082258], [0.012123003257801392, 0.011986942921746553, -0.008093322199835499], [-0.005441945553082259, -0.008093322199835499, 0.02161637358587644]], "chi2_level": 0.95, "chi2_df": 3, "chi2_threshold": 7.814727903251179, "N_raw": 72, "N_roi": 72, "N_inlier": 67, "refit": true}
{"timestamp": "14:12:10.083582", "frame": 64, "mu": [-1.7353725579890489, 1.3681468869831495, 1.5242757149549264], "Sigma": [[0.014373211819326178, 0.010699473727608157, -0.007552968220930096], [0.010699473727608155, 0.013309179154358875, -0.014594534982635396], [-0.007552968220930096, -0.014594534982635396, 0.0314697678930711]], "chi2_level": 0.95, "chi2_df": 3, "chi2_threshold": 7.814727903251179, "N_raw": 86, "N_roi": 86, "N_inlier": 81, "refit": true}
{"timestamp": "14:12:10.135858", "frame": 65, "mu": [-1.7103330101467065, 1.4108134285166392, 1.3376426025658423], "Sigma": [[0.01268574349138996, 0.006212690799351826, -0.010082694684584049], [0.006212690799351827, 0.008567103457483053, -0.01019769707046042], [-0.010082694684584049, -0.01019769707046042, 0.1775679539657614]], "chi2_level": 0.95, "chi2_df": 3, "chi2_threshold": 7.814727903251179, "N_raw": 65, "N_roi": 65, "N_inlier": 64, "refit": true}
{"timestamp": "14:12:10.191965", "frame": 66, "mu": [-1.8565319250247143, 1.4581909117722422, 1.6369660078145882], "Sigma": [[0.013367265580479926, 0.011313471224184034, -0.012832500161795986], [0.011313471224184034, 0.015847661401625683, -0.023827261743501093], [-0.012832500161795985, -0.023827261743501093, 0.05879373640258384]], "chi2_level": 0.95, "chi2_df": 3, "chi2_threshold": 7.814727903251179, "N_raw": 72, "N_roi": 72, "N_inlier": 66, "refit": true}
{"timestamp": "14:12:10.242310", "frame": 67, "mu": [-1.9141397661486228, 1.447953786850265, 1.7336389525351847], "Sigma": [[0.015185967352200931, 0.010347978648341655, -0.013137102982260583], [0.010347978648341655, 0.015024725049637689, -0.0116795740147014], [-0.013137102982260583, -0.0116795740147014, 0.013891885927758172]], "chi2_level": 0.95, "chi2_df": 3, "chi2_threshold": 7.814727903251179, "N_raw": 48, "N_roi": 48, "N_inlier": 46, "refit": true}
{"timestamp": "14:12:10.297373", "frame": 68, "mu": [-1.9329242603060934, 1.4678453312044866, 1.6641317054199858], "Sigma": [[0.02078116466413414, 0.012712196117780681, -0.01620987012195477], [0.012712196117780681, 0.014155853253868016, -0.014732725389018111], [-0.01620987012195477, -0.014732725389018111, 0.020715001543369038]], "chi2_level": 0.95, "chi2_df": 3, "chi2_threshold": 7.814727903251179, "N_raw": 50, "N_roi": 50, "N_inlier": 48, "refit": true}
{"timestamp": "14:12:10.351621", "frame": 69, "mu": [-2.029002189609277, 1.5376627115009507, 1.5339001086574178], "Sigma": [[0.03395776119073951, 0.02030587749263514, -0.030806075279097234], [0.02030587749263514, 0.02193103669216078, -0.025496173687631893], [-0.030806075279097234, -0.025496173687631893, 0.04386805731078792]], "chi2_level": 0.95, "chi2_df": 3, "chi2_threshold": 7.814727903251179, "N_raw": 44, "N_roi": 44, "N_inlier": 40, "refit": true}
{"timestamp": "14:12:10.404790", "frame": 70, "mu": [-1.9701196719245706, 1.6079941805247187, 1.8558903233883672], "Sigma": [[0.059221694650088294, 0.04844685691424352, -0.06717926838037117], [0.04844685691424352, 0.04461618638702346, -0.05916926417502946], [-0.06717926838037117, -0.05916926417502946, 0.09680417389913627]], "chi2_level": 0.95, "chi2_df": 3, "chi2_threshold": 7.814727903251179, "N_raw": 29, "N_roi": 29, "N_inlier": 26, "refit": true}
{"timestamp": "14:12:10.462730", "frame": 71, "mu": [-1.7940250084907046, 1.8143578235519087, 1.6325746294242176], "Sigma": [[0.0677707116289069, 0.05734670203754425, -0.05909731649275858], [0.057346702037544245, 0.05347065079560462, -0.05368692935026115], [-0.05909731649275858, -0.05368692935026115, 0.059280577971907375]], "chi2_level": 0.95, "chi2_df": 3, "chi2_threshold": 7.814727903251179, "N_raw": 57, "N_roi": 57, "N_inlier": 54, "refit": true}
{"timestamp": "14:12:10.512284", "frame": 72, "mu": [-1.9416197126115202, 1.8444153643968713, 1.4943868572321595], "Sigma": [[0.06270392105031142, 0.04140178659770923, -0.035134324562724896], [0.041401786597709225, 0.0424589902567154, -0.06574251974635517], [-0.0351343245627249, -0.0657425197463552, 0.19662120957384363]], "chi2_level": 0.95, "chi2_df": 3, "chi2_threshold": 7.814727903251179, "N_raw": 17, "N_roi": 17, "N_inlier": 17, "refit": true}
{"timestamp": "14:12:10.572403", "frame": 73, "mu": [-1.78661491723115, 2.0474627886646393, 1.544599959960057], "Sigma": [[0.03591634833868969, 0.031142556588184635, -0.03818593818880335], [0.03114255658818463, 0.03058497210962332, -0.03653406139765504], [-0.03818593818880335, -0.03653406139765504, 0.051494067378982614]], "chi2_level": 0.95, "chi2_df": 3, "chi2_threshold": 7.814727903251179, "N_raw": 46, "N_roi": 46, "N_inlier": 43, "refit": true}
{"timestamp": "14:12:10.627006", "frame": 74, "mu": [-1.7354927993567049, 2.1821544566866806, 1.2673002731463787], "Sigma": [[0.01652429125559464, 0.004114021158277253, 0.02593856886009441], [0.004114021158277253, 0.003373951333935797, -0.0029666991183562204], [0.02593856886009441, -0.0029666991183562213, 0.14259396563583238]], "chi2_level": 0.95, "chi2_df": 3, "chi2_threshold": 7.814727903251179, "N_raw": 43, "N_roi": 43, "N_inlier": 37, "refit": true}
{"timestamp": "14:12:10.680685", "frame": 75, "mu": [-1.7595172121804674, 2.198882445181235, 1.630741794981987], "Sigma": [[0.009937429768702209, 0.004873184360683676, -0.008583925667342375], [0.004873184360683676, 0.00627256058500402, -0.007213259520622333], [-0.008583925667342375, -0.007213259520622333, 0.015273786570391346]], "chi2_level": 0.95, "chi2_df": 3, "chi2_threshold": 7.814727903251179, "N_raw": 40, "N_roi": 40, "N_inlier": 38, "refit": true}
{"timestamp": "14:12:10.738152", "frame": 76, "mu": [-1.7505219571994735, 2.2803144406995175, 1.4678392329286354], "Sigma": [[0.010972481273255884, 0.004641107640695627, -0.009060518211112914], [0.004641107640695627, 0.003979074796777567, -0.010499566051281547], [-0.009060518211112914, -0.010499566051281547, 0.04812286527652772]], "chi2_level": 0.95, "chi2_df": 3, "chi2_threshold": 7.814727903251179, "N_raw": 52, "N_roi": 52, "N_inlier": 48, "refit": true}
{"timestamp": "14:12:10.795808", "frame": 77, "mu": [-1.753005144636056, 2.321175014932031, 1.2756511389903684], "Sigma": [[0.011288502164677935, 0.0048373984681395225, -0.00864927244141274], [0.0048373984681395225, 0.012197949391758502, 0.03344435543746863], [-0.00864927244141274, 0.03344435543746863, 0.2587339113340028]], "chi2_level": 0.95, "chi2_df": 3, "chi2_threshold": 7.814727903251179, "N_raw": 71, "N_roi": 71, "N_inlier": 65, "refit": true}
{"timestamp": "14:12:10.848914", "frame": 78, "mu": [-1.7676714180842026, 2.3954238040155547, 1.6718401837671022], "Sigma": [[0.013906354882234512, 0.00580944164458992, -0.01256767683974006], [0.00580944164458992, 0.008619329297440238, -0.009883296104613203], [-0.01256767683974006, -0.009883296104613203, 0.03661803648736657]], "chi2_level": 0.95, "chi2_df": 3, "chi2_threshold": 7.814727903251179, "N_raw": 63, "N_roi": 63, "N_inlier": 57, "refit": true}
{"timestamp": "14:12:10.902767", "frame": 79, "mu": [-1.7548525615476862, 2.475883653690901, 1.6620059113413137], "Sigma": [[0.011334426788711995, 0.006563691361169207, -0.010814354124521565], [0.006563691361169207, 0.008893525248376262, -0.011183058061971968], [-0.010814354124521563, -0.011183058061971968, 0.021990811122209745]], "chi2_level": 0.95, "chi2_df": 3, "chi2_threshold": 7.814727903251179, "N_raw": 51, "N_roi": 50, "N_inlier": 46, "refit": true}
{"timestamp": "14:12:10.957678", "frame": 80, "mu": [-1.7890169927328308, 2.5518327260546103, 0.2517139863853458], "Sigma": [[0.0105348960752826, 0.008867957746633817, -0.009613296672538834], [0.008867957746633818, 0.019300326392327392, -0.021858238329147538], [-0.009613296672538834, -0.021858238329147538, 0.03944279084942394]], "chi2_level": 0.95, "chi2_df": 3, "chi2_threshold": 7.814727903251179, "N_raw": 53, "N_roi": 53, "N_inlier": 51, "refit": true}
{"timestamp": "14:12:11.010754", "frame": 81, "mu": [-1.7733094141590058, 2.6016983788399277, -0.12083066896194551], "Sigma": [[0.010194288479845754, 0.00617799560390332, 0.013077689183709228], [0.006177995603903319, 0.010321117686769502, 0.012481120324739988], [0.013077689183709228, 0.012481120324739988, 0.06020907551727152]], "chi2_level": 0.95, "chi2_df": 3, "chi2_threshold": 7.814727903251179, "N_raw": 39, "N_roi": 39, "N_inlier": 35, "refit": true}
{"timestamp": "14:12:11.064604", "frame": 82, "mu": [-1.888536941849679, 2.6548080099315032, 0.4723673296253783], "Sigma": [[0.01348702246147154, 0.004841371986374102, -0.001344296029414173], [0.004841371986374102, 0.003785627940477613, 0.003920303587421375], [-0.0013442960294141736, 0.003920303587421375, 0.09424716113921576]], "chi2_level": 0.95, "chi2_df": 3, "chi2_threshold": 7.814727903251179, "N_raw": 32, "N_roi": 31, "N_inlier": 30, "refit": true}
{"timestamp": "14:12:11.119511", "frame": 83, "mu": [-1.8359192220329932, 2.735038138755009, 0.6555016267693297], "Sigma": [[0.006137377513388941, 0.0021253288138011256, 0.007945964327823896], [0.0021253288138011256, 0.0021542437858722693, -0.002115019287455411], [0.007945964327823895, -0.002115019287455411, 0.16661118699362396]], "chi2_level": 0.95, "chi2_df": 3, "chi2_threshold": 7.814727903251179, "N_raw": 27, "N_roi": 26, "N_inlier": 24, "refit": true}
{"timestamp": "14:12:11.182098", "frame": 84, "mu": [-1.81139306258305, 2.8732614983822797, 0.015953895450064846], "Sigma": [[0.015434456783961483, -0.0035820978131822275, 0.02848095289236074], [-0.0035820978131822275, 0.025370119725348604, -0.06572444332333283], [0.02848095289236074, -0.06572444332333283, 0.23809345031064197]], "chi2_level": 0.95, "chi2_df": 3, "chi2_threshold": 7.814727903251179, "N_raw": 79, "N_roi": 79, "N_inlier": 78, "refit": true}
{"timestamp": "14:12:11.231145", "frame": 85, "mu": [-1.8085651106788534, 2.8870242150548275, 1.3267245095381957], "Sigma": [[0.01172894538922887, 0.0017316017312788215, 0.005089357028812025], [0.0017316017312788215, 0.009181023330428235, -0.0402606978415017], [0.005089357028812027, -0.0402606978415017, 0.2148445549689416]], "chi2_level": 0.95, "chi2_df": 3, "chi2_threshold": 7.814727903251179, "N_raw": 37, "N_roi": 37, "N_inlier": 36, "refit": true}
{"timestamp": "14:12:11.280984", "frame": 86, "mu": [-1.6418201458246622, 2.9219892425495595, 1.2222191312562547], "Sigma": [[0.0026391558885372696, -0.0010066011777555188, 0.0023509282995456877], [-0.0010066011777555188, 0.002639784556725153, -0.0036692643230214917], [0.002350928299545688, -0.0036692643230214917, 0.0062120679301553875]], "chi2_level": 0.95, "chi2_df": 3, "chi2_threshold": 7.814727903251179, "N_raw": 9, "N_roi": 9, "N_inlier": 8, "refit": true}
