{"timestamp": "14:36:35.963859", "frame": 9, "mu": [-2.3306425455455675, 4.69221757307991, 0.4784346203070991], "Sigma": [[0.009146402451322871, 0.0012551769026039861, -0.0023907151619636064], [0.0012551769026039861, 0.0007517447741590373, -0.0034984574818810203], [-0.002390715161963606, -0.00349845748188102, 0.03805078218140849]], "chi2_level": 0.99, "chi2_df": 3, "chi2_threshold": 11.344866730144373, "N_raw": 25, "N_roi": 19, "N_inlier": 19, "refit": true}
{"timestamp": "14:36:36.074293", "frame": 11, "mu": [-2.2826810470379324, 4.563792537149651, 0.722740783894844], "Sigma": [[0.013960604051994568, 0.0010993181963532038, 0.0015440623708919295], [0.0010993181963532036, 0.0026455235124902524, -0.006995584171605793], [0.0015440623708919293, -0.006995584171605793, 0.027307335042025333]], "chi2_level": 0.99, "chi2_df": 3, "chi2_threshold": 11.344866730144373, "N_raw": 24, "N_roi": 23, "N_inlier": 23, "refit": true}
{"timestamp": "14:36:36.184090", "frame": 13, "mu": [-2.2627427431979927, 4.468618053763232, 0.8758896067012928], "Sigma": [[0.010909072759558809, 0.002238544704501125, -0.005169040781975672], [0.0022385447045011253, 0.001905517718972256, -0.005983024749324325], [-0.005169040781975672, -0.005983024749324325, 0.028191033614171662]], "chi2_level": 0.99, "chi2_df": 3, "chi2_threshold": 11.344866730144373, "N_raw": 14, "N_roi": 13, "N_inlier": 13, "refit": true}
{"timestamp": "14:36:36.240153", "frame": 14, "mu": [-2.262656530348052, 4.39831149176771, 0.8108896556887524], "Sigma": [[0.0184834887133178, 0.00462092353635056, -0.017046435321167487], [0.00462092353635056, 0.00201036620359084, -0.005936492700381406], [-0.01704643532116749, -0.005936492700381406, 0.023346712155373785]], "chi2_level": 0.99, "chi2_df": 3, "chi2_threshold": 11.344866730144373, "N_raw": 24, "N_roi": 22, "N_inlier": 21, "refit": true}
{"timestamp": "14:36:36.405236", "frame": 17, "mu": [-2.1121837674245265, 4.463065662566598, -0.2699367061284118], "Sigma": [[0.013724073922398678, 0.007035586280921899, -0.019536333843871885], [0.007035586280921899, 0.007024277974832487, -0.01784205322381152], [-0.019536333843871885, -0.01784205322381152, 0.04865316799551753]], "chi2_level": 0.99, "chi2_df": 3, "chi2_threshold": 11.344866730144373, "N_raw": 19, "N_roi": 19, "N_inlier": 19, "refit": true}
{"timestamp": "14:36:36.569527", "frame": 20, "mu": [-2.2050592836741143, 3.9360833094466816, 0.6990984446479575], "Sigma": [[0.009818495406664294, 0.003286119979803644, -0.004639105095262433], [0.003286119979803644, 0.0022058739867544573, -0.004589367601210758], [-0.004639105095262432, -0.004589367601210758, 0.015083730845478325]], "chi2_level": 0.99, "chi2_df": 3, "chi2_threshold": 11.344866730144373, "N_raw": 12, "N_roi": 12, "N_inlier": 12, "refit": true}
{"timestamp": "14:36:36.625104", "frame": 21, "mu": [-2.2713636191495574, 3.873560802655626, 0.8850868795048348], "Sigma": [[0.018214976815188348, 0.004791510575419138, -0.009924684549083665], [0.004791510575419138, 0.002531604756964868, -0.004571765511894095], [-0.009924684549083665, -0.004571765511894095, 0.01146998230706101]], "chi2_level": 0.99, "chi2_df": 3, "chi2_threshold": 11.344866730144373, "N_raw": 21, "N_roi": 19, "N_inlier": 18, "refit": true}
{"timestamp": "14:36:36.680075", "frame": 22, "mu": [-2.1888625388324425, 3.8209366842893635, 0.6833419429376164], "Sigma": [[0.010130328177813999, 0.0017312127875036363, -0.002651994639624055], [0.0017312127875036363, 0.0009459332699914607, -0.0027480018534575996], [-0.0026519946396240555, -0.0027480018534576005, 0.015541857629202262]], "chi2_level": 0.99, "chi2_df": 3, "chi2_threshold": 11.344866730144373, "N_raw": 16, "N_roi": 16, "N_inlier": 15, "refit": true}
{"timestamp": "14:36:36.738681", "frame": 23, "mu": [-2.1347812233107892, 3.7727596778273007, 0.693805470494626], "Sigma": [[0.02077365169372642, 0.0024963473116027587, -0.01860545227136974], [0.0024963473116027587, 0.001661308718220448, -0.006391674349963613], [-0.01860545227136974, -0.006391674349963613, 0.038086479165563125]], "chi2_level": 0.99, "chi2_df": 3, "chi2_threshold": 11.344866730144373, "N_raw": 43, "N_roi": 43, "N_inlier": 42, "refit": true}
{"timestamp": "14:36:36.790098", "frame": 24, "mu": [-2.06598713921863, 3.7005924918354487, 0.8259951319868319], "Sigma": [[0.010482207372781407, 0.001552943731970223, -0.005198281414808553], [0.001552943731970223, 0.0023890362277209777, -0.0028476622869010844], [-0.005198281414808553, -0.0028476622869010844, 0.008045585366771356]], "chi2_level": 0.99, "chi2_df": 3, "chi2_threshold": 11.344866730144373, "N_raw": 17, "N_roi": 17, "N_inlier": 17, "refit": true}
{"timestamp": "14:36:36.850513", "frame": 25, "mu": [-2.239080505429685, 3.6042723418800695, 0.934218764097044], "Sigma": [[0.026553233360432547, 0.007548462641472772, -0.016205640952008982], [0.007548462641472772, 0.004928778188644108, -0.009431048370998148], [-0.016205640952008982, -0.009431048370998148, 0.024076659700501213]], "chi2_level": 0.99, "chi2_df": 3, "chi2_threshold": 11.344866730144373, "N_raw": 53, "N_roi": 50, "N_inlier": 49, "refit": true}
{"timestamp": "14:36:36.904333", "frame": 26, "mu": [-2.228939588033667, 3.528291487694695, 0.8890536855910791], "Sigma": [[0.018394917573423646, 0.00596573014489135, -0.012478112988513788], [0.00596573014489135, 0.003177354959129186, -0.008630501384599382], [-0.012478112988513788, -0.008630501384599382, 0.04481124432888389]], "chi2_level": 0.99, "chi2_df": 3, "chi2_threshold": 11.344866730144373, "N_raw": 45, "N_roi": 45, "N_inlier": 45, "refit": true}
{"timestamp": "14:36:36.961651", "frame": 27, "mu": [-2.2130710467705166, 3.437633443736329, 0.8710386088536543], "Sigma": [[0.018689222667168975, 0.00535718908354403, -0.012094226582615254], [0.00535718908354403, 0.004175699085670702, -0.008525775467069494], [-0.012094226582615254, -0.008525775467069494, 0.070552534579985]], "chi2_level": 0.99, "chi2_df": 3, "chi2_threshold": 11.344866730144373, "N_raw": 61, "N_roi": 59, "N_inlier": 58, "refit": true}
{"timestamp": "14:36:37.011716", "frame": 28, "mu": [-2.1315173340827838, 3.3409131556591007, 0.7881342047641582], "Sigma": [[0.010143664871630357, 0.002587602096651035, -0.0025291848199389074], [0.002587602096651035, 0.003037570994424206, -0.0034742238637344965], [-0.002529184819938907, -0.0034742238637344965, 0.013589246875041643]], "chi2_level": 0.99, "chi2_df": 3, "chi2_threshold": 11.344866730144373, "N_raw": 23, "N_roi": 23, "N_inlier": 22, "refit": true}
{"timestamp": "14:36:37.121966", "frame": 30, "mu": [-2.1504295422600315, 3.1953579848282945, 1.022623866604828], "Sigma": [[0.017898570668502457, 0.005875351464558009, -0.012354075523485065], [0.005875351464558009, 0.0045886623573599015, -0.006006798080505797], [-0.012354075523485065, -0.006006798080505797, 0.012355349992786093]], "chi2_level": 0.99, "chi2_df": 3, "chi2_threshold": 11.344866730144373, "N_raw": 36, "N_roi": 36, "N_inlier": 34, "refit": true}
{"timestamp": "14:36:37.177787", "frame": 31, "mu": [-2.088925172442017, 3.132301053451898, 0.9072257956120859], "Sigma": [[0.016193492944220865, 0.005445321217535602, -0.01689110043959988], [0.005445321217535602, 0.003637052996360893, -0.008954501360822334], [-0.01689110043959988, -0.008954501360822334, 0.032209417476064484]], "chi2_level": 0.99, "chi2_df": 3, "chi2_threshold": 11.344866730144373, "N_raw": 39, "N_roi": 39, "N_inlier": 36, "refit": true}
{"timestamp": "14:36:37.230046", "frame": 32, "mu": [-2.1967075984553666, 3.050376848830715, 1.0087967466304546], "Sigma": [[0.006901086583872298, 0.002280055828059694, -0.004145912692754095], [0.002280055828059694, 0.0021211565011068608, -0.005029025459412988], [-0.004145912692754095, -0.005029025459412988, 0.014581996621140665]], "chi2_level": 0.99, "chi2_df": 3, "chi2_threshold": 11.344866730144373, "N_raw": 20, "N_roi": 20, "N_inlier": 17, "refit": true}
{"timestamp": "14:36:37.286783", "frame": 33, "mu": [-2.181713164934214, 2.969136298535996, 0.8569932109898829], "Sigma": [[0.011197021001736597, 0.004349802256902843, -0.0050768607998856055], [0.004349802256902843, 0.004766857879527605, -0.005803683811628822], [-0.005076860799885606, -0.005803683811628822, 0.01034763733487646]], "chi2_level": 0.99, "chi2_df": 3, "chi2_threshold": 11.344866730144373, "N_raw": 33, "N_roi": 33, "N_inlier": 32, "refit": true}
{"timestamp": "14:36:37.341599", "frame": 34, "mu": [-2.201200573286957, 2.8745039337018063, 0.7476182118323526], "Sigma": [[0.01710426532205464, 0.0059448154435229866, -0.0017937871607704176], [0.005944815443522986, 0.0028075975251726, -0.0028409897195347832], [-0.0017937871607704168, -0.0028409897195347837, 0.011550942118780647]], "chi2_level": 0.99, "chi2_df": 3, "chi2_threshold": 11.344866730144373, "N_raw": 27, "N_roi": 27, "N_inlier": 27, "refit": true}
{"timestamp": "14:36:37.394607", "frame": 35, "mu": [-2.0737206593717836, 2.84905015463136, 0.6818915228770479], "Sigma": [[0.012299737160694548, 0.002585505615878429, -0.0022440556110009764], [0.002585505615878429, 0.0018680869711699872, -0.002345990565526504], [-0.0022440556110009764, -0.0023459905655265037, 0.006175329816351293]], "chi2_level": 0.99, "chi2_df": 3, "chi2_threshold": 11.344866730144373, "N_raw": 21, "N_roi": 21, "N_inlier": 21, "refit": true}
{"timestamp": "14:36:37.453175", "frame": 36, "mu": [-2.173558756696955, 2.682079057149891, 1.0818431104629274], "Sigma": [[0.016158420514579, 0.005598086454525607, -0.010382765888771905], [0.005598086454525608, 0.0052458332924508475, -0.006632367052150829], [-0.010382765888771905, -0.006632367052150829, 0.01254325919292471]], "chi2_level": 0.99, "chi2_df": 3, "chi2_threshold": 11.344866730144373, "N_raw": 41, "N_roi": 41, "N_inlier": 39, "refit": true}
{"timestamp": "14:36:37.509781", "frame": 37, "mu": [-2.0987467107774673, 2.613959997710024, 0.7867617317576472], "Sigma": [[0.016685382077386086, 0.005713275636641649, -0.00701917322119165], [0.005713275636641649, 0.005224461680165634, -0.006530184255854326], [-0.00701917322119165, -0.006530184255854326, 0.010610762978061827]], "chi2_level": 0.99, "chi2_df": 3, "chi2_threshold": 11.344866730144373, "N_raw": 48, "N_roi": 48, "N_inlier": 48, "refit": true}
{"timestamp": "14:36:37.562740", "frame": 38, "mu": [-2.092401663073114, 2.538647268803274, 0.9117560784969704], "Sigma": [[0.011566167375148628, 0.004597389654707148, -0.003884782754970032], [0.004597389654707148, 0.004017954300892306, -0.005168260193298708], [-0.0038847827549700325, -0.005168260193298708, 0.012005442411437492]], "chi2_level": 0.99, "chi2_df": 3, "chi2_threshold": 11.344866730144373, "N_raw": 33, "N_roi": 29, "N_inlier": 28, "refit": true}
{"timestamp": "14:36:37.620464", "frame": 39, "mu": [-2.145221260710921, 2.4699910468595734, 1.0369677473657861], "Sigma": [[0.009518932549468123, 0.004990712515102117, -0.009278431154473077], [0.004990712515102117, 0.007556702077040061, -0.013113318841765923], [-0.009278431154473077, -0.013113318841765925, 0.027343412757073745]], "chi2_level": 0.99, "chi2_df": 3, "chi2_threshold": 11.344866730144373, "N_raw": 62, "N_roi": 45, "N_inlier": 44, "refit": true}
{"timestamp": "14:36:37.673114", "frame": 40, "mu": [-2.2205470082831895, 2.3544490392041144, 1.0083981606080425], "Sigma": [[0.009327018416114653, 0.005267428664114851, -0.0068252132458170856], [0.00526742866411485, 0.004613764363041477, -0.007868777611691302], [-0.0068252132458170856, -0.007868777611691302, 0.017724252263534763]], "chi2_level": 0.99, "chi2_df": 3, "chi2_threshold": 11.344866730144373, "N_raw": 43, "N_roi": 30, "N_inlier": 27, "refit": true}
{"timestamp": "14:36:37.725709", "frame": 41, "mu": [-2.098473368000528, 2.3130800993622467, 0.8989095334870054], "Sigma": [[0.010672423677199156, 0.004353793441056457, -0.0043525200954668206], [0.004353793441056457, 0.002535102803266723, -0.0031171151991298183], [-0.0043525200954668206, -0.0031171151991298183, 0.01407134263629405]], "chi2_level": 0.99, "chi2_df": 3, "chi2_threshold": 11.344866730144373, "N_raw": 24, "N_roi": 24, "N_inlier": 23, "refit": true}
{"timestamp": "14:36:37.783075", "frame": 42, "mu": [-2.08666798282876, 2.202234925537814, 0.6947664752852769], "Sigma": [[0.023754391437086096, 0.007070580389141153, 0.017105307498743436], [0.007070580389141153, 0.003381291059520798, 0.0053333794791581585], [0.017105307498743436, 0.0053333794791581585, 0.03160626153502234]], "chi2_level": 0.99, "chi2_df": 3, "chi2_threshold": 11.344866730144373, "N_raw": 39, "N_roi": 34, "N_inlier": 34, "refit": true}
{"timestamp": "14:36:37.833791", "frame": 43, "mu": [-2.0236606051983803, 2.155631761631087, 0.8195713979992639], "Sigma": [[0.021971527008459855, 0.0021359013198934493, 0.012702516915718583], [0.0021359013198934493, 0.0009692532781623975, 0.0013193929616370829], [0.012702516915718583, 0.0013193929616370829, 0.010515658241372466]], "chi2_level": 0.99, "chi2_df": 3, "chi2_threshold": 11.344866730144373, "N_raw": 14, "N_roi": 11, "N_inlier": 10, "refit": true}
{"timestamp": "14:36:37.893958", "frame": 44, "mu": [-2.3228931410026745, 1.8853011849866328, 1.1778595366328466], "Sigma": [[0.019483666124777498, 0.011540031697436892, -0.016390122203724655], [0.011540031697436892, 0.010333338321598636, -0.014753216096147562], [-0.016390122203724655, -0.014753216096147562, 0.024562441958036405]], "chi2_level": 0.99, "chi2_df": 3, "chi2_threshold": 11.344866730144373, "N_raw": 48, "N_roi": 34, "N_inlier": 33, "refit": true}
{"timestamp": "14:36:37.951211", "frame": 45, "mu": [-2.2279077304612507, 1.8425266174992774, 1.1095133777548312], "Sigma": [[0.025681428679898068, 0.015870598510275488, -0.012749844425906268], [0.015870598510275485, 0.012797593335260427, -0.014020044409973773], [-0.012749844425906268, -0.014020044409973773, 0.024538127253841205]], "chi2_level": 0.99, "chi2_df": 3, "chi2_threshold": 11.344866730144373, "N_raw": 62, "N_roi": 61, "N_inlier": 60, "refit": true}
{"timestamp": "14:36:38.005477", "frame": 46, "mu": [-2.267430465892292, 1.8227077656256452, -0.3688517249372486], "Sigma": [[0.019602688487291756, 0.025306605888592473, -0.002849687669915069], [0.025306605888592473, 0.04582758340565586, -0.004958659392754122], [-0.002849687669915069, -0.004958659392754123, 0.030840403364271837]], "chi2_level": 0.99, "chi2_df": 3, "chi2_threshold": 11.344866730144373, "N_raw": 58, "N_roi": 54, "N_inlier": 51, "refit": true}
{"timestamp": "14:36:38.066487", "frame": 47, "mu": [-2.141783601275505, 1.754161523468826, 0.9465332527579025], "Sigma": [[0.018823845418922375, 0.015008285320160613, -0.020655471187532505], [0.015008285320160613, 0.015725785595058606, -0.026722905235789622], [-0.02065547118753251, -0.026722905235789622, 0.06966855843911746]], "chi2_level": 0.99, "chi2_df": 3, "chi2_threshold": 11.344866730144373, "N_raw": 99, "N_roi": 99, "N_inlier": 98, "refit": true}
{"timestamp": "14:36:38.115769", "frame": 48, "mu": [-2.153345764540966, 1.6806210991379065, 1.1632307684738625], "Sigma": [[0.019022499991786873, 0.014839311724621572, -0.014890175349141922], [0.014839311724621572, 0.013597620253883518, -0.015490129893903283], [-0.014890175349141924, -0.015490129893903281, 0.029547007233119357]], "chi2_level": 0.99, "chi2_df": 3, "chi2_threshold": 11.344866730144373, "N_raw": 54, "N_roi": 54, "N_inlier": 53, "refit": true}
{"timestamp": "14:36:38.168880", "frame": 49, "mu": [-2.226779880623884, 1.4915026205601447, 1.16052763280963], "Sigma": [[0.012000339527316432, 0.009962462715339147, -0.008844329712888486], [0.009962462715339147, 0.014945651026166205, -0.013470780031995585], [-0.008844329712888486, -0.013470780031995585, 0.015293470188085377]], "chi2_level": 0.99, "chi2_df": 3, "chi2_threshold": 11.344866730144373, "N_raw": 48, "N_roi": 48, "N_inlier": 46, "refit": true}
{"timestamp": "14:36:38.224793", "frame": 50, "mu": [-2.205514075089319, 1.4154542983388738, 1.0948764542543905], "Sigma": [[0.012399821271682892, 0.010206796162418345, -0.006732139666229235], [0.010206796162418347, 0.01363907493124275, -0.005497444886718767], [-0.006732139666229234, -0.005497444886718767, 0.047408443931518204]], "chi2_level": 0.99, "chi2_df": 3, "chi2_threshold": 11.344866730144373, "N_raw": 47, "N_roi": 47, "N_inlier": 47, "refit": true}
{"timestamp": "14:36:38.283227", "frame": 51, "mu": [-2.1861258747311516, 1.4058327903256582, 0.9536909673721903], "Sigma": [[0.015603968125287531, 0.01144111928740149, -0.004107007629579726], [0.01144111928740149, 0.012337381388213027, -0.006155427436355448], [-0.004107007629579726, -0.006155427436355449, 0.03064043767262811]], "chi2_level": 0.99, "chi2_df": 3, "chi2_threshold": 11.344866730144373, "N_raw": 73, "N_roi": 73, "N_inlier": 73, "refit": true}
{"timestamp": "14:36:38.339229", "frame": 52, "mu": [-2.1189369034667567, 1.3747993176595528, 0.9270157008681129], "Sigma": [[0.016536094724211057, 0.014317008257861513, -0.012790388686028725], [0.014317008257861513, 0.01448998454327471, -0.010957342315265864], [-0.012790388686028725, -0.010957342315265864, 0.07543674127052857]], "chi2_level": 0.99, "chi2_df": 3, "chi2_threshold": 11.344866730144373, "N_raw": 86, "N_roi": 86, "N_inlier": 86, "refit": true}
{"timestamp": "14:36:38.389958", "frame": 53, "mu": [-2.123880323908267, 1.2096597809788758, 1.0226903809154855], "Sigma": [[0.008330129150317962, 0.008467399749689051, -0.0013629913264293237], [0.008467399749689051, 0.012864074298009462, -0.006652138084199563], [-0.0013629913264293237, -0.006652138084199564, 0.019957807997563942]], "chi2_level": 0.99, "chi2_df": 3, "chi2_threshold": 11.344866730144373, "N_raw": 52, "N_roi": 52, "N_inlier": 52, "refit": true}
{"timestamp": "14:36:38.446523", "frame": 54, "mu": [-2.1139817354617345, 1.1842959667453534, 1.0923809529955253], "Sigma": [[0.013467215307557968, 0.009050018616310036, -0.006639519428570006], [0.009050018616310036, 0.013074063804161267, -0.011390103848299762], [-0.006639519428570006, -0.011390103848299762, 0.012309458901837838]], "chi2_level": 0.99, "chi2_df": 3, "chi2_threshold": 11.344866730144373, "N_raw": 64, "N_roi": 64, "N_inlier": 63, "refit": true}
{"timestamp": "14:36:38.503770", "frame": 55, "mu": [-2.0721251937603773, 1.143821046036074, 0.9766247133268657], "Sigma": [[0.012525397990549024, 0.010581065720226546, -0.005267555701260009], [0.010581065720226546, 0.011359343795616619, -0.009020465602865256], [-0.0052675557012600085, -0.009020465602865258, 0.036165258840211094]], "chi2_level": 0.99, "chi2_df": 3, "chi2_threshold": 11.344866730144373, "N_raw": 73, "N_roi": 73, "N_inlier": 72, "refit": true}
{"timestamp": "14:36:38.561252", "frame": 56, "mu": [-2.059821176470921, 1.0567125902306311, 0.9736796239575051], "Sigma": [[0.01472938996024654, 0.015459067074141998, -0.005882230589067505], [0.015459067074142, 0.021081779994485163, -0.01548138541118804], [-0.005882230589067504, -0.01548138541118804, 0.026496126976429245]], "chi2_level": 0.99, "chi2_df": 3, "chi2_threshold": 11.344866730144373, "N_raw": 88, "N_roi": 88, "N_inlier": 86, "refit": true}
{"timestamp": "14:36:38.616392", "frame": 57, "mu": [-2.049354040561544, 0.9882547034356973, 1.0203942527213263], "Sigma": [[0.01565008337946873, 0.014226876625233975, 0.0012452926069766238], [0.014226876625233975, 0.017923897432956255, -0.00599333752904564], [0.001245292606976624, -0.00599333752904564, 0.015269674731967196]], "chi2_level": 0.99, "chi2_df": 3, "chi2_threshold": 11.344866730144373, "N_raw": 76, "N_roi": 76, "N_inlier": 75, "refit": true}
{"timestamp": "14:36:38.666457", "frame": 58, "mu": [-2.048438697936164, 0.9431292169208865, 1.042073810966642], "Sigma": [[0.013522524995735018, 0.013847855205368593, 0.000571036684187894], [0.013847855205368593, 0.020949954746991364, -0.005887261264464899], [0.000571036684187894, -0.005887261264464898, 0.010203371787315946]], "chi2_level": 0.99, "chi2_df": 3, "chi2_threshold": 11.344866730144373, "N_raw": 62, "N_roi": 62, "N_inlier": 62, "refit": true}
{"timestamp": "14:36:38.722045", "frame": 59, "mu": [-2.0164606368091538, 0.9205977495193388, 1.047763438624957], "Sigma": [[0.009622235485444556, 0.009298005828634333, 0.0002471880122601871], [0.009298005828634333, 0.01639245558315023, -0.007468171555788087], [0.0002471880122601869, -0.007468171555788087, 0.02455955993408718]], "chi2_level": 0.99, "chi2_df": 3, "chi2_threshold": 11.344866730144373, "N_raw": 72, "N_roi": 72, "N_inlier": 70, "refit": true}
{"timestamp": "14:36:38.780024", "frame": 60, "mu": [-1.992612666945805, 1.087064363638489, -0.7917294337567179], "Sigma": [[0.010434623536680092, 0.008586862121983225, 0.0028690951908761217], [0.008586862121983223, 0.01849182783511786, -0.013248578079798151], [0.0028690951908761225, -0.013248578079798151, 0.03312154004414274]], "chi2_level": 0.99, "chi2_df": 3, "chi2_threshold": 11.344866730144373, "N_raw": 85, "N_roi": 85, "N_inlier": 85, "refit": true}
{"timestamp": "14:36:38.831228", "frame": 61, "mu": [-1.952881466306735, 0.8123702966984216, 1.0642903744940102], "Sigma": [[0.010358091653997635, 0.011025804500534994, -0.0024794139437009097], [0.011025804500534992, 0.0178955365182826, -0.009460661590177034], [-0.0024794139437009097, -0.009460661590177036, 0.011571484757708528]], "chi2_level": 0.99, "chi2_df": 3, "chi2_threshold": 11.344866730144373, "N_raw": 58, "N_roi": 58, "N_inlier": 58, "refit": true}
{"timestamp": "14:36:38.887370", "frame": 62, "mu": [-1.9000111588021287, 0.8339494584778466, -0.8334650364585796], "Sigma": [[0.010345100061378605, 0.01344499099935104, 0.004773533063029403], [0.01344499099935104, 0.04966349014189561, 0.0047155830851042385], [0.0047735330630294046, 0.0047155830851042385, 0.01099835680657678]], "chi2_level": 0.99, "chi2_df": 3, "chi2_threshold": 11.344866730144373, "N_raw": 72, "N_roi": 72, "N_inlier": 71, "refit": true}
{"timestamp": "14:36:38.943019", "frame": 63, "mu": [-1.894906805840057, 0.7334160062489463, 0.9961427982731919], "Sigma": [[0.00873421375418029, 0.007863608394480122, 0.0006317578851574859], [0.007863608394480123, 0.015720820123274235, -0.008659459775585913], [0.0006317578851574857, -0.008659459775585913, 0.02581547723877406]], "chi2_level": 0.99, "chi2_df": 3, "chi2_threshold": 11.344866730144373, "N_raw": 77, "N_roi": 77, "N_inlier": 74, "refit": true}
{"timestamp": "14:36:38.998360", "frame": 64, "mu": [-1.8718193020944989, 0.6472632954585693, 1.0222831353415698], "Sigma": [[0.010043976677694378, 0.008166199454508652, 0.0014338987033456433], [0.008166199454508652, 0.013918533072546981, -0.007205529596733425], [0.001433898703345644, -0.007205529596733425, 0.021978397180625095]], "chi2_level": 0.99, "chi2_df": 3, "chi2_threshold": 11.344866730144373, "N_raw": 77, "N_roi": 77, "N_inlier": 73, "refit": true}
{"timestamp": "14:36:39.053277", "frame": 65, "mu": [-1.7711477395417061, 0.8351901905240416, -0.6573580566839016], "Sigma": [[0.011753706678865381, 0.007844797213682067, 0.004149373660705514], [0.007844797213682066, 0.01699600907742094, -0.00426771839161119], [0.004149373660705514, -0.00426771839161119, 0.007003688795511927]], "chi2_level": 0.99, "chi2_df": 3, "chi2_threshold": 11.344866730144373, "N_raw": 72, "N_roi": 72, "N_inlier": 65, "refit": true}
{"timestamp": "14:36:39.108798", "frame": 66, "mu": [-1.4037259501601382, 0.7194589224681848, -0.7109727115691845], "Sigma": [[1.151665893147485, -0.08787638030376384, -0.034239029864700794], [-0.08787638030376382, 0.04592867771407914, 0.010857173718561017], [-0.034239029864700794, 0.010857173718561016, 0.010511564538064776]], "chi2_level": 0.99, "chi2_df": 3, "chi2_threshold": 11.344866730144373, "N_raw": 75, "N_roi": 75, "N_inlier": 70, "refit": true}
{"timestamp": "14:36:39.161627", "frame": 67, "mu": [-1.7381999539677817, 0.611498956020799, 1.1305694392214878], "Sigma": [[0.009061252744506821, 0.007013900756612353, -2.936287495307864e-05], [0.007013900756612353, 0.01746697767636847, -0.005526079238081991], [-2.9362874953078747e-05, -0.005526079238081991, 0.005099008046320339]], "chi2_level": 0.99, "chi2_df": 3, "chi2_threshold": 11.344866730144373, "N_raw": 59, "N_roi": 59, "N_inlier": 53, "refit": true}
{"timestamp": "14:36:39.222748", "frame": 68, "mu": [-1.683193078543151, 0.6152125800825979, 1.1059641134032867], "Sigma": [[0.01175581813476324, 0.0072879727090636205, 0.013780498045411718], [0.00728797270906362, 0.013925261150652712, 0.0005114248316903419], [0.013780498045411718, 0.000511424831690342, 0.05448745805628821]], "chi2_level": 0.99, "chi2_df": 3, "chi2_threshold": 11.344866730144373, "N_raw": 101, "N_roi": 101, "N_inlier": 98, "refit": true}
{"timestamp": "14:36:39.278764", "frame": 69, "mu": [-1.404030479546043, 0.5400886862344809, 1.0314329553287194], "Sigma": [[0.8308801758515352, -0.024676490075551144, 0.053601402752355136], [-0.024676490075551144, 0.012860241744124574, -0.002834617815978933], [0.05360140275235514, -0.002834617815978934, 0.06437045784024319]], "chi2_level": 0.99, "chi2_df": 3, "chi2_threshold": 11.344866730144373, "N_raw": 104, "N_roi": 104, "N_inlier": 99, "refit": true}
{"timestamp": "14:36:39.330002", "frame": 70, "mu": [-1.3047480029304503, 0.5022984194618738, 1.1313449402286193], "Sigma": [[0.942187920981259, -0.02599137818634053, 0.045276932863883096], [-0.025991378186340532, 0.011060731445023288, -0.0023809993481513922], [0.045276932863883096, -0.0023809993481513922, 0.02683850119522219]], "chi2_level": 0.99, "chi2_df": 3, "chi2_threshold": 11.344866730144373, "N_raw": 83, "N_roi": 83, "N_inlier": 83, "refit": true}
{"timestamp": "14:36:39.380773", "frame": 71, "mu": [-1.535283709762628, 0.6396945105085553, 1.268660141182575], "Sigma": [[0.008151148275247879, 0.005690175756495367, 0.002338045458815316], [0.005690175756495367, 0.005943274761900519, -0.0004986649645789118], [0.002338045458815316, -0.0004986649645789118, 0.016289751223863447]], "chi2_level": 0.99, "chi2_df": 3, "chi2_threshold": 11.344866730144373, "N_raw": 56, "N_roi": 56, "N_inlier": 56, "refit": true}
{"timestamp": "14:36:39.436252", "frame": 72, "mu": [-1.503661476086342, 0.5313722935646774, 1.2095973142991268], "Sigma": [[0.008244354420959709, 0.002020301288087938, -0.0023770184773352163], [0.002020301288087938, 0.00470573836244535, -0.004380473905290913], [-0.0023770184773352163, -0.004380473905290913, 0.013247198670957517]], "chi2_level": 0.99, "chi2_df": 3, "chi2_threshold": 11.344866730144373, "N_raw": 63, "N_roi": 63, "N_inlier": 62, "refit": true}
{"timestamp": "14:36:39.494247", "frame": 73, "mu": [-1.5033112584073725, 0.6153033066116433, 1.2757322758886056], "Sigma": [[0.012781685764729567, 0.005055704012525822, -0.002082676915822382], [0.005055704012525821, 0.008573869661182565, -0.005601422821890422], [-0.002082676915822382, -0.005601422821890422, 0.008361710027608927]], "chi2_level": 0.99, "chi2_df": 3, "chi2_threshold": 11.344866730144373, "N_raw": 77, "N_roi": 77, "N_inlier": 76, "refit": true}
{"timestamp": "14:36:39.547790", "frame": 74, "mu": [-1.4873003853870959, 0.6672772148800324, 1.263372527315816], "Sigma": [[0.012698696681895173, 0.0019708589990769876, -0.0051404925232675265], [0.0019708589990769876, 0.008484274219305888, -0.006225295671574097], [-0.0051404925232675265, -0.006225295671574097, 0.007520796474365062]], "chi2_level": 0.99, "chi2_df": 3, "chi2_threshold": 11.344866730144373, "N_raw": 70, "N_roi": 70, "N_inlier": 70, "refit": true}
{"timestamp": "14:36:39.602021", "frame": 75, "mu": [-1.4457122321982925, 0.6916817486362523, 1.3399392962690417], "Sigma": [[0.009315232541460976, 0.002002797974841003, -0.0019553628892861026], [0.002002797974841003, 0.007014265255545392, -0.0032983840198208764], [-0.0019553628892861026, -0.003298384019820876, 0.007003069572618846]], "chi2_level": 0.99, "chi2_df": 3, "chi2_threshold": 11.344866730144373, "N_raw": 63, "N_roi": 63, "N_inlier": 61, "refit": true}
{"timestamp": "14:36:39.657660", "frame": 76, "mu": [-1.4699416612378362, 0.6366207112846227, 1.2204658174468324], "Sigma": [[0.008602773506557393, 0.0073092740855303425, 0.004636030706048315], [0.0073092740855303425, 0.0087276643777235, 0.0014733237212704435], [0.004636030706048315, 0.0014733237212704437, 0.0200408441491867]], "chi2_level": 0.99, "chi2_df": 3, "chi2_threshold": 11.344866730144373, "N_raw": 71, "N_roi": 71, "N_inlier": 71, "refit": true}
{"timestamp": "14:36:39.709938", "frame": 77, "mu": [-1.4332835907237582, 0.7132711319975327, 1.2705822292849551], "Sigma": [[0.00730663720961781, 0.0021343110981261616, -0.0008643682537721458], [0.002134311098126161, 0.007692481727644637, -0.0023653788714319123], [-0.0008643682537721458, -0.0023653788714319123, 0.008146851079050993]], "chi2_level": 0.99, "chi2_df": 3, "chi2_threshold": 11.344866730144373, "N_raw": 50, "N_roi": 50, "N_inlier": 48, "refit": true}
{"timestamp": "14:36:39.765261", "frame": 78, "mu": [-1.397190683389581, 0.8801735193005789, 1.4738908850959542], "Sigma": [[0.007653065129462395, 0.005433118487953569, 0.002336898826216648], [0.005433118487953568, 0.01424578626352802, 0.011633553370874827], [0.002336898826216649, 0.011633553370874829, 0.03418398430436323]], "chi2_level": 0.99, "chi2_df": 3, "chi2_threshold": 11.344866730144373, "N_raw": 55, "N_roi": 55, "N_inlier": 53, "refit": true}
{"timestamp": "14:36:39.823178", "frame": 79, "mu": [-1.3307888215710013, 0.8475380324373271, 1.361746350210551], "Sigma": [[0.011392275025801828, 0.00177701720287703, -0.008309345269110894], [0.00177701720287703, 0.010298338583681286, -0.004564483455731582], [-0.008309345269110896, -0.004564483455731582, 0.008898637845054938]], "chi2_level": 0.99, "chi2_df": 3, "chi2_threshold": 11.344866730144373, "N_raw": 79, "N_roi": 79, "N_inlier": 78, "refit": true}
{"timestamp": "14:36:39.879963", "frame": 80, "mu": [-1.3091819687588528, 0.9188777364865901, 1.3841465346028068], "Sigma": [[0.013337355336547755, 0.0011574850348651103, -0.010803900506446964], [0.0011574850348651103, 0.008468998495991621, -0.003601611250087418], [-0.010803900506446966, -0.0036016112500874184, 0.012227086023433814]], "chi2_level": 0.99, "chi2_df": 3, "chi2_threshold": 11.344866730144373, "N_raw": 82, "N_roi": 82, "N_inlier": 79, "refit": true}
{"timestamp": "14:36:39.934908", "frame": 81, "mu": [-1.252957838109893, 1.1197313824889115, -0.2722672615220182], "Sigma": [[0.017803393281677016, 0.009189853213309156, -0.01700397692180345], [0.009189853213309158, 0.014765239310033684, -0.003774505667255459], [-0.01700397692180345, -0.003774505667255459, 0.02498892462895931]], "chi2_level": 0.99, "chi2_df": 3, "chi2_threshold": 11.344866730144373, "N_raw": 86, "N_roi": 86, "N_inlier": 83, "refit": true}
{"timestamp": "14:36:39.990880", "frame": 82, "mu": [-1.333620932827274, 1.0344018266898707, 1.602451437352297], "Sigma": [[0.023218745366148798, 0.0074674669347668966, -0.014964246089897326], [0.0074674669347668966, 0.007914336069118363, -0.008438015536628476], [-0.014964246089897326, -0.008438015536628476, 0.014634039879827556]], "chi2_level": 0.99, "chi2_df": 3, "chi2_threshold": 11.344866730144373, "N_raw": 92, "N_roi": 92, "N_inlier": 88, "refit": true}
{"timestamp": "14:36:40.040564", "frame": 83, "mu": [-1.3879608212345742, 1.0200627872720585, 1.6059281222624855], "Sigma": [[0.013315494041304441, 0.007958818700856019, -0.0009118092727498513], [0.00795881870085602, 0.007847132151219906, -0.002326021075091513], [-0.0009118092727498511, -0.002326021075091513, 0.01654673382658546]], "chi2_level": 0.99, "chi2_df": 3, "chi2_threshold": 11.344866730144373, "N_raw": 57, "N_roi": 57, "N_inlier": 55, "refit": true}
{"timestamp": "14:36:40.099851", "frame": 84, "mu": [-1.3701028523243817, 1.0654284260694686, 1.4187919165645013], "Sigma": [[0.024271220116970076, 0.013496461117771152, -0.06818683926924947], [0.013496461117771152, 0.012582945037791301, -0.036982908238035725], [-0.06818683926924947, -0.036982908238035725, 0.33019888199001907]], "chi2_level": 0.99, "chi2_df": 3, "chi2_threshold": 11.344866730144373, "N_raw": 88, "N_roi": 88, "N_inlier": 87, "refit": true}
{"timestamp": "14:36:40.162082", "frame": 85, "mu": [-1.2921746967291081, 1.186685740626654, 1.2098303376924777], "Sigma": [[0.02773221675557099, 0.014271250331045216, -0.07732697301795528], [0.014271250331045218, 0.01225409832907819, -0.03957873996723467], [-0.07732697301795528, -0.03957873996723467, 0.46365638415269855]], "chi2_level": 0.99, "chi2_df": 3, "chi2_threshold": 11.344866730144373, "N_raw": 132, "N_roi": 132, "N_inlier": 131, "refit": true}
{"timestamp": "14:36:40.212512", "frame": 86, "mu": [-1.2276629403617598, 1.2651189317598397, 1.2891184741282191], "Sigma": [[0.043011585890109914, 0.022566126804756927, -0.07043781499768291], [0.022566126804756927, 0.01607580774785792, -0.042032381442637406], [-0.07043781499768291, -0.042032381442637406, 0.34107579031279633]], "chi2_level": 0.99, "chi2_df": 3, "chi2_threshold": 11.344866730144373, "N_raw": 100, "N_roi": 100, "N_inlier": 100, "refit": true}
{"timestamp": "14:36:40.258983", "frame": 87, "mu": [-1.1959255222100975, 1.4581121898137612, -0.22199540403462303], "Sigma": [[0.021548891244960035, 0.015008309440656356, -0.003645138987885782], [0.015008309440656356, 0.016686517490607684, -0.0031003927714689876], [-0.0036451389878857814, -0.003100392771468987, 0.004668252231976952]], "chi2_level": 0.99, "chi2_df": 3, "chi2_threshold": 11.344866730144373, "N_raw": 41, "N_roi": 41, "N_inlier": 39, "refit": true}
{"timestamp": "14:36:40.321565", "frame": 88, "mu": [-1.2930003785141415, 1.388751694454476, 1.6065220271083507], "Sigma": [[0.053666373833528874, 0.03079156180295855, -0.03548684228993254], [0.03079156180295855, 0.023652778638975913, -0.023129094723761963], [-0.035486842289932534, -0.023129094723761963, 0.027702622773183347]], "chi2_level": 0.99, "chi2_df": 3, "chi2_threshold": 11.344866730144373, "N_raw": 97, "N_roi": 97, "N_inlier": 94, "refit": true}
{"timestamp": "14:36:40.372114", "frame": 89, "mu": [-1.37596705333791, 1.4177349663480654, 1.6917413440437243], "Sigma": [[0.06061571110838403, 0.04674916287034704, -0.046617388917149644], [0.04674916287034704, 0.04065501112880765, -0.03874765561875542], [-0.046617388917149644, -0.03874765561875542, 0.044689463290018064]], "chi2_level": 0.99, "chi2_df": 3, "chi2_threshold": 11.344866730144373, "N_raw": 65, "N_roi": 65, "N_inlier": 62, "refit": true}
{"timestamp": "14:36:40.430150", "frame": 90, "mu": [-1.223741005206612, 1.4913094410173666, 1.2710701346420243], "Sigma": [[0.05082474921833666, 0.011685281977428304, -0.09189556198089022], [0.011685281977428304, 0.0187731060284663, 0.006559931057216499], [-0.09189556198089022, 0.006559931057216502, 0.2720803520475244]], "chi2_level": 0.99, "chi2_df": 3, "chi2_threshold": 11.344866730144373, "N_raw": 91, "N_roi": 91, "N_inlier": 89, "refit": true}
{"timestamp": "14:36:40.476788", "frame": 91, "mu": [-1.4149342764955068, 1.414121984164301, 1.3017636041594474], "Sigma": [[0.11585939263031206, 0.03118676980208618, -0.18419680721417056], [0.031186769802086175, 0.027074798933099845, -0.01795121661365124], [-0.18419680721417053, -0.017951216613651243, 0.38741951908367245]], "chi2_level": 0.99, "chi2_df": 3, "chi2_threshold": 11.344866730144373, "N_raw": 22, "N_roi": 22, "N_inlier": 21, "refit": true}
{"timestamp": "14:36:40.529013", "frame": 92, "mu": [-1.117305179058268, 1.654936959936951, 0.8732386679454094], "Sigma": [[0.007730517303543497, -0.009729767708290924, -0.03842374887910098], [-0.009729767708290924, 0.013386587514960682, 0.04758872252990467], [-0.03842374887910098, 0.047588722529904676, 0.2440848859799189]], "chi2_level": 0.99, "chi2_df": 3, "chi2_threshold": 11.344866730144373, "N_raw": 11, "N_roi": 11, "N_inlier": 11, "refit": true}
{"timestamp": "14:36:40.593359", "frame": 93, "mu": [-1.281276518235044, 1.8124256626368005, 1.41379645996334], "Sigma": [[0.01260778155834931, -0.00493397517202326, -0.036442770850138397], [-0.00493397517202326, 0.011705425899044513, 0.030016413753539983], [-0.03644277085013839, 0.030016413753539983, 0.2021460620950372]], "chi2_level": 0.99, "chi2_df": 3, "chi2_threshold": 11.344866730144373, "N_raw": 73, "N_roi": 67, "N_inlier": 63, "refit": true}
{"timestamp": "14:36:40.655563", "frame": 94, "mu": [-1.1909452574773547, 1.8650742812448533, 1.0274328461956133], "Sigma": [[0.008787827312244317, -0.0019188691444161966, -0.017471887362037843], [-0.0019188691444161966, 0.007264942833032887, 0.02203053725466573], [-0.017471887362037843, 0.02203053725466573, 0.2666840611709541]], "chi2_level": 0.99, "chi2_df": 3, "chi2_threshold": 11.344866730144373, "N_raw": 116, "N_roi": 114, "N_inlier": 113, "refit": true}
{"timestamp": "14:36:40.707605", "frame": 95, "mu": [-1.2611658685281906, 1.9672822629735753, 1.2174084066311228], "Sigma": [[0.008919740028912049, 0.0008313683583002157, -0.022127426329752984], [0.0008313683583002157, 0.004642542256948135, -0.003960066104688327], [-0.022127426329752984, -0.003960066104688327, 0.2773928117087046]], "chi2_level": 0.99, "chi2_df": 3, "chi2_threshold": 11.344866730144373, "N_raw": 100, "N_roi": 100, "N_inlier": 99, "refit": true}
{"timestamp": "14:36:40.763434", "frame": 96, "mu": [-1.2871580033892633, 2.156947723478761, -0.1346387577550783], "Sigma": [[0.009962680228656155, 6.978809645196663e-05, 0.0033384353648710473], [6.978809645196652e-05, 0.026410725243013435, -0.06521861325093077], [0.0033384353648710464, -0.06521861325093076, 0.21049993159008118]], "chi2_level": 0.99, "chi2_df": 3, "chi2_threshold": 11.344866730144373, "N_raw": 91, "N_roi": 91, "N_inlier": 90, "refit": true}
{"timestamp": "14:36:40.878978", "frame": 97, "mu": [-1.3206744928610088, 2.4652559178116573, -0.8371348141291794], "Sigma": [[0.009330391392234249, -0.001248311153291828, -0.0005401864277922392], [-0.0012483111532918282, 0.019267910480102235, -0.009472839520657639], [-0.0005401864277922388, -0.009472839520657637, 0.07049280878613925]], "chi2_level": 0.99, "chi2_df": 3, "chi2_threshold": 11.344866730144373, "N_raw": 49, "N_roi": 49, "N_inlier": 48, "refit": true}
{"timestamp": "14:36:40.899628", "frame": 98, "mu": [-1.3169698818444828, 2.1756667356883996, 0.8892251879842382], "Sigma": [[0.004976618003034418, -0.005153462117548361, 0.022812235053334774], [-0.00515346211754836, 0.012784757410129277, -0.042526206515479476], [0.022812235053334774, -0.042526206515479476, 0.15910766824880365]], "chi2_level": 0.99, "chi2_df": 3, "chi2_threshold": 11.344866730144373, "N_raw": 12, "N_roi": 12, "N_inlier": 12, "refit": true}
{"timestamp": "14:36:40.931984", "frame": 99, "mu": [-1.3201139966050996, 2.1771298647278736, 1.1010277707458922], "Sigma": [[0.011361195777084448, 0.00418101263780726, -0.0002500417021151563], [0.00418101263780726, 0.012120319350159472, 0.0346165077589054], [-0.00025004170211515665, 0.0346165077589054, 0.1779778369829277]], "chi2_level": 0.99, "chi2_df": 3, "chi2_threshold": 11.344866730144373, "N_raw": 79, "N_roi": 79, "N_inlier": 79, "refit": true}
{"timestamp": "14:36:41.382691", "frame": 100, "mu": [-1.3717379125570859, 2.332423249244783, -0.5707539288268293], "Sigma": [[0.019752355273647333, 0.011805053263686152, 0.049316649391518586], [0.011805053263686152, 0.013560771192699904, 0.03624470666528634], [0.049316649391518586, 0.036244706665286335, 0.23475220376414893]], "chi2_level": 0.99, "chi2_df": 3, "chi2_threshold": 11.344866730144373, "N_raw": 77, "N_roi": 77, "N_inlier": 75, "refit": true}
{"timestamp": "14:36:41.412867", "frame": 101, "mu": [-1.3668758587847258, 2.059540600543537, 0.4606375995149312], "Sigma": [[0.012979734105785767, 0.0172094148978479, 0.04601052719264714], [0.0172094148978479, 0.05600882560906427, 0.11623417120335984], [0.046010527192647144, 0.11623417120335984, 0.33488211850402816]], "chi2_level": 0.99, "chi2_df": 3, "chi2_threshold": 11.344866730144373, "N_raw": 45, "N_roi": 43, "N_inlier": 41, "refit": true}
