{"timestamp": "14:23:31.440743", "frame": 25, "mu": [1.4953157361246288, 0.6197489337860407, 1.3075119867383556], "Sigma": [[0.28816584823771074, 0.07700826457624367, -0.14158914800468048], [0.07700826457624367, 0.024111383733147935, -0.027505661844899432], [-0.14158914800468048, -0.027505661844899432, 0.09996649753085105]], "chi2_level": 0.95, "chi2_df": 3, "chi2_threshold": 7.814727903251179, "N_raw": 5, "N_roi": 5, "N_inlier": 5, "refit": true}
{"timestamp": "14:23:31.605068", "frame": 28, "mu": [1.4768355183705288, 0.9355941343940731, 1.5251411393667038], "Sigma": [[0.002607061299768212, -0.0006876311660583166, -0.0011236512700674398], [-0.0006876311660583167, 0.0014852923967979804, -0.0004298665613818541], [-0.0011236512700674398, -0.0004298665613818541, 0.00111719735452589]], "chi2_level": 0.95, "chi2_df": 3, "chi2_threshold": 7.814727903251179, "N_raw": 11, "N_roi": 11, "N_inlier": 11, "refit": true}
{"timestamp": "14:23:31.661753", "frame": 29, "mu": [1.4090959013812148, 1.022003419855816, 1.5542174066799075], "Sigma": [[0.0024858776948380613, -0.0008617476733761931, -0.00014997896875567656], [-0.0008617476733761931, 0.0030545407314082848, -0.000632043717354918], [-0.00014997896875567658, -0.000632043717354918, 0.00020624149795724574]], "chi2_level": 0.95, "chi2_df": 3, "chi2_threshold": 7.814727903251179, "N_raw": 18, "N_roi": 18, "N_inlier": 16, "refit": true}
{"timestamp": "14:23:31.715912", "frame": 30, "mu": [1.3280803198158342, 1.2081434828016653, -0.08449052462727494], "Sigma": [[0.003118101783485054, -0.0023144283971558884, -0.0006260323400249883], [-0.0023144283971558884, 0.006178225818720478, 0.0002821929745460785], [-0.0006260323400249883, 0.0002821929745460785, 0.00037810418526404557]], "chi2_level": 0.95, "chi2_df": 3, "chi2_threshold": 7.814727903251179, "N_raw": 14, "N_roi": 14, "N_inlier": 13, "refit": true}
{"timestamp": "14:23:31.771010", "frame": 31, "mu": [1.3050569530940377, 1.000021524885331, 0.7827842864843311], "Sigma": [[0.017380813623597394, -0.011560605093469008, -0.060247381348376414], [-0.011560605093469008, 0.013521190473868188, 0.04228891847055194], [-0.060247381348376414, 0.04228891847055194, 0.23948161887132882]], "chi2_level": 0.95, "chi2_df": 3, "chi2_threshold": 7.814727903251179, "N_raw": 9, "N_roi": 9, "N_inlier": 9, "refit": true}
{"timestamp": "14:23:31.825457", "frame": 32, "mu": [1.2138399043326864, 1.1655067107731554, 0.9422969782318217], "Sigma": [[0.0027613410773320315, -0.0015642345774525236, 0.0014892543640358576], [-0.0015642345774525236, 0.006891090195953082, 0.0008698047182767472], [0.0014892543640358585, 0.0008698047182767472, 0.4049250320612031]], "chi2_level": 0.95, "chi2_df": 3, "chi2_threshold": 7.814727903251179, "N_raw": 8, "N_roi": 8, "N_inlier": 8, "refit": true}
{"timestamp": "14:23:31.936087", "frame": 34, "mu": [1.0401853383251618, 1.2728286498026755, 1.0528033695208818], "Sigma": [[0.009242983984652346, -0.009986451852835709, 0.04825074948492861], [-0.009986451852835709, 0.039409056504325087, -0.04008428414089598], [0.0482507494849286, -0.04008428414089599, 0.2864841907862887]], "chi2_level": 0.95, "chi2_df": 3, "chi2_threshold": 7.814727903251179, "N_raw": 13, "N_roi": 13, "N_inlier": 13, "refit": true}
{"timestamp": "14:23:31.990540", "frame": 35, "mu": [0.8873633925746263, 1.4266383883515783, 0.868424148977132], "Sigma": [[0.008699799828861949, -0.006089188492156037, 0.058312457524510274], [-0.006089188492156039, 0.022677249937527497, -0.054822726434527264], [0.058312457524510274, -0.054822726434527264, 0.4076443321999022]], "chi2_level": 0.95, "chi2_df": 3, "chi2_threshold": 7.814727903251179, "N_raw": 10, "N_roi": 10, "N_inlier": 9, "refit": true}
{"timestamp": "14:23:32.049351", "frame": 36, "mu": [0.9175356282952252, 1.3188894957062325, 1.2794057491200745], "Sigma": [[0.0038221928283270253, 0.002038821340257119, 0.0034869289563270347], [0.002038821340257119, 0.00889420141495226, 0.007581790626195981], [0.0034869289563270347, 0.007581790626195981, 0.00940905982571258]], "chi2_level": 0.95, "chi2_df": 3, "chi2_threshold": 7.814727903251179, "N_raw": 35, "N_roi": 35, "N_inlier": 31, "refit": true}
{"timestamp": "14:23:32.106090", "frame": 37, "mu": [0.8776316155783663, 1.4579515309354907, 1.2547091338512506], "Sigma": [[0.007664511262886587, 0.0011433763721212997, -0.011967082902474394], [0.0011433763721212997, 0.001298979645639605, -0.0029764638236748527], [-0.011967082902474394, -0.0029764638236748522, 0.04111790082716219]], "chi2_level": 0.95, "chi2_df": 3, "chi2_threshold": 7.814727903251179, "N_raw": 35, "N_roi": 35, "N_inlier": 32, "refit": true}
{"timestamp": "14:23:32.165125", "frame": 38, "mu": [0.7741614124950729, 1.4054568664126887, 1.241759711063695], "Sigma": [[0.006442103282328383, 0.0011441160710737566, 0.0009879901047014261], [0.001144116071073757, 0.004153539991908889, -0.0022338955095108125], [0.000987990104701426, -0.002233895509510813, 0.004729868618567271]], "chi2_level": 0.95, "chi2_df": 3, "chi2_threshold": 7.814727903251179, "N_raw": 66, "N_roi": 66, "N_inlier": 63, "refit": true}
{"timestamp": "14:23:32.219690", "frame": 39, "mu": [0.7591577822245681, 1.5147348282848103, 1.3910864240467804], "Sigma": [[0.007101015631382602, 0.0011283311858297101, 0.0008113717045336727], [0.0011283311858297103, 0.0037903320019661516, 0.0006588569571397801], [0.0008113717045336726, 0.0006588569571397797, 0.0048033460921499795]], "chi2_level": 0.95, "chi2_df": 3, "chi2_threshold": 7.814727903251179, "N_raw": 54, "N_roi": 54, "N_inlier": 50, "refit": true}
{"timestamp": "14:23:32.271429", "frame": 40, "mu": [0.725595984174856, 1.5719962202713, 1.1915379468092597], "Sigma": [[0.002798422742360327, 0.0006099823969608263, 0.003821396483448896], [0.0006099823969608264, 0.005397985745912375, 0.018711954441766744], [0.0038213964834488963, 0.018711954441766744, 0.08756497309148557]], "chi2_level": 0.95, "chi2_df": 3, "chi2_threshold": 7.814727903251179, "N_raw": 40, "N_roi": 40, "N_inlier": 37, "refit": true}
{"timestamp": "14:23:32.327000", "frame": 41, "mu": [0.5930841135639231, 1.4979695116715623, 0.8412700911960933], "Sigma": [[0.013829179314710073, -0.01019806558035111, -0.06774341208024968], [-0.01019806558035111, 0.009873878884043544, 0.052522627051554624], [-0.06774341208024968, 0.052522627051554624, 0.39489151730276556]], "chi2_level": 0.95, "chi2_df": 3, "chi2_threshold": 7.814727903251179, "N_raw": 33, "N_roi": 33, "N_inlier": 32, "refit": true}
{"timestamp": "14:23:32.382906", "frame": 42, "mu": [0.47657258903494093, 1.6703537300585574, 1.2598032491317062], "Sigma": [[0.005812752714340698, 0.0025742289616735646, -0.002874478119589301], [0.0025742289616735646, 0.004978302432783572, -0.003454579110432817], [-0.002874478119589301, -0.003454579110432817, 0.004055750291713082]], "chi2_level": 0.95, "chi2_df": 3, "chi2_threshold": 7.814727903251179, "N_raw": 46, "N_roi": 46, "N_inlier": 41, "refit": true}
{"timestamp": "14:23:32.441691", "frame": 43, "mu": [0.4648235605512101, 1.7558114298406033, 1.219650724643301], "Sigma": [[0.005031211424340936, 0.001852891302472714, -0.0014251707389214157], [0.0018528913024727137, 0.004845039667138386, 0.0017687184423718198], [-0.0014251707389214155, 0.0017687184423718198, 0.043635221388090596]], "chi2_level": 0.95, "chi2_df": 3, "chi2_threshold": 7.814727903251179, "N_raw": 66, "N_roi": 66, "N_inlier": 60, "refit": true}
{"timestamp": "14:23:32.500457", "frame": 44, "mu": [0.35641229189595824, 1.843838365466578, 0.8014643347710442], "Sigma": [[0.01077628697947988, 0.0003324038602721494, 0.04689671265046194], [0.0003324038602721494, 0.005693968857204735, 0.005366267121118339], [0.04689671265046194, 0.00536626712111834, 0.5470563416974232]], "chi2_level": 0.95, "chi2_df": 3, "chi2_threshold": 7.814727903251179, "N_raw": 88, "N_roi": 86, "N_inlier": 84, "refit": true}
{"timestamp": "14:23:32.547842", "frame": 45, "mu": [0.34699272918904145, 2.0808838450426492, -0.3719485653021709], "Sigma": [[0.004916729646617076, 0.0018732620441997783, -0.015624720983167164], [0.0018732620441997787, 0.005184370827476129, -0.018128631152807932], [-0.015624720983167164, -0.018128631152807932, 0.10532704213007812]], "chi2_level": 0.95, "chi2_df": 3, "chi2_threshold": 7.814727903251179, "N_raw": 39, "N_roi": 37, "N_inlier": 32, "refit": true}
{"timestamp": "14:23:32.603297", "frame": 46, "mu": [0.20625297526448672, 1.908786586786366, 1.3258246216565637], "Sigma": [[0.0040933729567685555, 0.0018243777155042915, 0.001810997670774917], [0.0018243777155042915, 0.005549805080113519, 0.0004265859782127838], [0.0018109976707749173, 0.00042658597821278383, 0.0027386105541789036]], "chi2_level": 0.95, "chi2_df": 3, "chi2_threshold": 7.814727903251179, "N_raw": 43, "N_roi": 43, "N_inlier": 38, "refit": true}
{"timestamp": "14:23:32.664025", "frame": 47, "mu": [0.21451458797012402, 2.0596883816980425, 0.12773506559073944], "Sigma": [[0.010565156393727472, -0.0027950127816757783, 0.025620741683506077], [-0.0027950127816757783, 0.008404338658728134, -0.019498889581817645], [0.025620741683506077, -0.019498889581817645, 0.2623977869582132]], "chi2_level": 0.95, "chi2_df": 3, "chi2_threshold": 7.814727903251179, "N_raw": 92, "N_roi": 88, "N_inlier": 81, "refit": true}
{"timestamp": "14:23:32.720469", "frame": 48, "mu": [0.09593009678075341, 2.2044511923242167, -0.17108376735798225], "Sigma": [[0.007247190861895817, -0.0036342847124192436, 0.01556121929784259], [-0.003634284712419244, 0.025052074384268853, -0.044752370139475084], [0.015561219297842592, -0.044752370139475084, 0.1566290138900913]], "chi2_level": 0.95, "chi2_df": 3, "chi2_threshold": 7.814727903251179, "N_raw": 92, "N_roi": 89, "N_inlier": 87, "refit": true}
{"timestamp": "14:23:32.774455", "frame": 49, "mu": [0.029886553786443726, 2.121756924209041, 1.1389700312298086], "Sigma": [[0.013344876476759656, -0.004584798814122794, 0.0282705974680599], [-0.004584798814122793, 0.00940121683900315, -0.027612338089069405], [0.0282705974680599, -0.027612338089069405, 0.12812780471588828]], "chi2_level": 0.95, "chi2_df": 3, "chi2_threshold": 7.814727903251179, "N_raw": 79, "N_roi": 75, "N_inlier": 71, "refit": true}
{"timestamp": "14:23:32.827921", "frame": 50, "mu": [0.025278782001811523, 2.2033674322514893, 1.4653751488081306], "Sigma": [[0.007119039163094333, -0.00014986779922753158, -0.0018592390542349253], [-0.00014986779922753168, 0.007281068702452089, -0.0012647392582526354], [-0.0018592390542349255, -0.0012647392582526352, 0.0047270600892262175]], "chi2_level": 0.95, "chi2_df": 3, "chi2_threshold": 7.814727903251179, "N_raw": 73, "N_roi": 70, "N_inlier": 65, "refit": true}
{"timestamp": "14:23:32.881747", "frame": 51, "mu": [0.02292403154077299, 2.194650196394996, 1.1932269624811893], "Sigma": [[0.024713334566336433, -0.0013784176720332093, -0.07191502424069773], [-0.0013784176720332093, 0.0068000668161173625, 0.010223946208845262], [-0.07191502424069772, 0.010223946208845258, 0.2585056312802891]], "chi2_level": 0.95, "chi2_df": 3, "chi2_threshold": 7.814727903251179, "N_raw": 68, "N_roi": 66, "N_inlier": 62, "refit": true}
{"timestamp": "14:23:32.943728", "frame": 52, "mu": [0.004511705701218215, 2.249020301598956, 0.9699723510856648], "Sigma": [[0.027059559107431547, -0.0015969841131149402, -0.07477573047049128], [-0.0015969841131149402, 0.004404257854999669, 0.0007086980408677148], [-0.07477573047049128, 0.0007086980408677144, 0.27110657171639363]], "chi2_level": 0.95, "chi2_df": 3, "chi2_threshold": 7.814727903251179, "N_raw": 115, "N_roi": 115, "N_inlier": 106, "refit": true}
{"timestamp": "14:23:32.997089", "frame": 53, "mu": [-0.17632801096450218, 2.29044847189975, 1.1681107234754404], "Sigma": [[0.022210181345086642, 0.0029183657333584963, -0.031300996119242024], [0.0029183657333584968, 0.010041540497795596, 0.0033449000509034503], [-0.031300996119242024, 0.0033449000509034503, 0.09855816245748415]], "chi2_level": 0.95, "chi2_df": 3, "chi2_threshold": 7.814727903251179, "N_raw": 102, "N_roi": 101, "N_inlier": 95, "refit": true}
{"timestamp": "14:23:33.046357", "frame": 54, "mu": [-0.33671781489180896, 2.4682373213567046, 0.061206617578016424], "Sigma": [[0.011083189974814207, 0.004250595601967087, 0.0025013849105623744], [0.004250595601967087, 0.006398060935818679, 0.00040379245839399327], [0.0025013849105623744, 0.0004037924583939927, 0.010906724543657084]], "chi2_level": 0.95, "chi2_df": 3, "chi2_threshold": 7.814727903251179, "N_raw": 59, "N_roi": 57, "N_inlier": 51, "refit": true}
{"timestamp": "14:23:33.105066", "frame": 55, "mu": [-0.3723356547191288, 2.444242684735638, 1.3142190382328875], "Sigma": [[0.02127495036171323, 0.004423163371314651, -0.03742752644674543], [0.00442316337131465, 0.007462564931612385, -0.013312444752656104], [-0.037427526446745435, -0.013312444752656106, 0.1582938732706827]], "chi2_level": 0.95, "chi2_df": 3, "chi2_threshold": 7.814727903251179, "N_raw": 91, "N_roi": 91, "N_inlier": 88, "refit": true}
{"timestamp": "14:23:33.157753", "frame": 56, "mu": [-0.38722892816439214, 2.708600337133044, -0.2586249221602011], "Sigma": [[0.011319634773592548, 0.001502397296193085, -0.003223210265313076], [0.0015023972961930852, 0.01952547382801827, -0.061851428033741954], [-0.0032232102653130756, -0.061851428033741954, 0.2182407296654323]], "chi2_level": 0.95, "chi2_df": 3, "chi2_threshold": 7.814727903251179, "N_raw": 70, "N_roi": 70, "N_inlier": 66, "refit": true}
{"timestamp": "14:23:33.219456", "frame": 57, "mu": [-0.44928124477316184, 2.5449567273711775, 1.019177830292631], "Sigma": [[0.012153003795643583, 0.0011163706633856092, -0.006662731829474558], [0.0011163706633856092, 0.00846420006220527, 0.013815255901763475], [-0.006662731829474558, 0.013815255901763475, 0.42573169158915564]], "chi2_level": 0.95, "chi2_df": 3, "chi2_threshold": 7.814727903251179, "N_raw": 110, "N_roi": 110, "N_inlier": 109, "refit": true}
{"timestamp": "14:23:33.264255", "frame": 58, "mu": [-0.5135865023669365, 2.5886231594655125, 0.9264092465664822], "Sigma": [[0.006692553160949156, -0.0016031580185613596, -0.007542230128186936], [-0.0016031580185613596, 0.017207392849018077, 0.09984060117247603], [-0.007542230128186938, 0.09984060117247603, 0.6840053628235064]], "chi2_level": 0.95, "chi2_df": 3, "chi2_threshold": 7.814727903251179, "N_raw": 51, "N_roi": 51, "N_inlier": 49, "refit": true}
{"timestamp": "14:23:33.325321", "frame": 59, "mu": [-0.5641191296886335, 2.6764614854443933, 1.3829665048637774], "Sigma": [[0.012062738173204822, 0.001199650173354318, -0.026941086077588612], [0.0011996501733543181, 0.007282993988309621, 0.003255010734747618], [-0.026941086077588612, 0.003255010734747618, 0.15344446883702387]], "chi2_level": 0.95, "chi2_df": 3, "chi2_threshold": 7.814727903251179, "N_raw": 90, "N_roi": 90, "N_inlier": 84, "refit": true}
{"timestamp": "14:23:33.378264", "frame": 60, "mu": [-0.5935655278008807, 2.7622619270353934, 1.295411020204003], "Sigma": [[0.015368211354003772, 0.006563785007695812, -0.008145067252042837], [0.006563785007695813, 0.007971953663887192, -0.010016786174068216], [-0.008145067252042837, -0.010016786174068216, 0.018002974093185596]], "chi2_level": 0.95, "chi2_df": 3, "chi2_threshold": 7.814727903251179, "N_raw": 76, "N_roi": 76, "N_inlier": 74, "refit": true}
{"timestamp": "14:23:33.431556", "frame": 61, "mu": [-0.6944735713796619, 2.819883451777371, 1.3855782090763222], "Sigma": [[0.013646549500637687, 0.005244943623964503, -0.01811619331635161], [0.005244943623964503, 0.006737995438347616, -0.010134417027503485], [-0.018116193316351607, -0.010134417027503487, 0.03221253330617434]], "chi2_level": 0.95, "chi2_df": 3, "chi2_threshold": 7.814727903251179, "N_raw": 63, "N_roi": 63, "N_inlier": 61, "refit": true}
{"timestamp": "14:23:33.488881", "frame": 62, "mu": [-0.7667541269570557, 2.9038873997771177, 1.4128958963663485], "Sigma": [[0.01914160722177438, 0.008130577482332015, -0.01218541751968039], [0.008130577482332015, 0.009226642497232434, -0.014230332374349668], [-0.01218541751968039, -0.014230332374349668, 0.02780065836931446]], "chi2_level": 0.95, "chi2_df": 3, "chi2_threshold": 7.814727903251179, "N_raw": 88, "N_roi": 86, "N_inlier": 83, "refit": true}
{"timestamp": "14:23:33.541579", "frame": 63, "mu": [-0.8949905423001276, 2.895066973165976, 1.3312008555643473], "Sigma": [[0.013818093624460787, 0.004140569836506052, -0.0032538785844613474], [0.004140569836506052, 0.007428735831284201, -0.004198207296882002], [-0.0032538785844613474, -0.004198207296882002, 0.003923632663612288]], "chi2_level": 0.95, "chi2_df": 3, "chi2_threshold": 7.814727903251179, "N_raw": 64, "N_roi": 64, "N_inlier": 63, "refit": true}
{"timestamp": "14:23:33.587503", "frame": 64, "mu": [-0.9149040308414375, 2.962461350284629, 1.406679970420559], "Sigma": [[0.0011268853756628587, 0.001222307998345848, -0.002104825586016802], [0.001222307998345848, 0.005713598289314975, -0.009638719551284716], [-0.002104825586016802, -0.009638719551284716, 0.03630811432400662]], "chi2_level": 0.95, "chi2_df": 3, "chi2_threshold": 7.814727903251179, "N_raw": 8, "N_roi": 8, "N_inlier": 8, "refit": true}
{"timestamp": "14:23:33.648052", "frame": 65, "mu": [-0.8989211801166687, 3.041694188197956, 0.33382205479894617], "Sigma": [[0.01432195121160452, 0.0009650791047847374, -0.00676630945642477], [0.0009650791047847373, 0.003721694320685954, 0.0011943295905224147], [-0.00676630945642477, 0.0011943295905224144, 0.08167071925844961]], "chi2_level": 0.95, "chi2_df": 3, "chi2_threshold": 7.814727903251179, "N_raw": 47, "N_roi": 43, "N_inlier": 39, "refit": true}
{"timestamp": "14:23:33.705914", "frame": 66, "mu": [-1.0533156983231737, 3.0272098181275506, 1.2020567451504518], "Sigma": [[0.012118068310907478, 0.0019390016091526525, -0.009371066161139488], [0.0019390016091526525, 0.00442349078453515, -0.011039149953474114], [-0.009371066161139488, -0.011039149953474114, 0.04144983953933584]], "chi2_level": 0.95, "chi2_df": 3, "chi2_threshold": 7.814727903251179, "N_raw": 62, "N_roi": 62, "N_inlier": 59, "refit": true}
{"timestamp": "14:23:33.761760", "frame": 67, "mu": [-1.0893347130476916, 3.1134829713393004, 1.2394078016685572], "Sigma": [[0.019596607056569293, 0.0012131648345002732, 0.0022032453736194934], [0.001213164834500273, 0.0071806796399947635, -0.014051604198879965], [0.0022032453736194925, -0.014051604198879965, 0.04644748050670501]], "chi2_level": 0.95, "chi2_df": 3, "chi2_threshold": 7.814727903251179, "N_raw": 68, "N_roi": 68, "N_inlier": 64, "refit": true}
{"timestamp": "14:23:33.814865", "frame": 68, "mu": [-1.0728709716264113, 3.1631973295739173, 0.9708613412913861], "Sigma": [[0.01866059793956093, 0.00090772697661771, -0.040665123718486004], [0.0009077269766177099, 0.002896326542181843, -0.012243771734552298], [-0.040665123718486, -0.012243771734552298, 0.17432683384018063]], "chi2_level": 0.95, "chi2_df": 3, "chi2_threshold": 7.814727903251179, "N_raw": 56, "N_roi": 56, "N_inlier": 51, "refit": true}
{"timestamp": "14:23:33.867599", "frame": 69, "mu": [-1.1381565408524175, 3.231859238123376, 1.0303995991108352], "Sigma": [[0.01390208648103624, 0.0054791600559123185, -0.008943007005581396], [0.0054791600559123185, 0.006163076487405091, -0.004881109603856432], [-0.008943007005581396, -0.004881109603856432, 0.008468609513280604]], "chi2_level": 0.95, "chi2_df": 3, "chi2_threshold": 7.814727903251179, "N_raw": 44, "N_roi": 44, "N_inlier": 43, "refit": true}
{"timestamp": "14:23:33.924454", "frame": 70, "mu": [-1.2100000304035283, 3.4022351993877047, -0.39635448208797813], "Sigma": [[0.01837342353363873, 0.015151300279876765, 0.020736610987239446], [0.015151300279876764, 0.02223323002122386, 0.029147730562825477], [0.020736610987239446, 0.02914773056282548, 0.098592299932243]], "chi2_level": 0.95, "chi2_df": 3, "chi2_threshold": 7.814727903251179, "N_raw": 56, "N_roi": 56, "N_inlier": 55, "refit": true}
{"timestamp": "14:23:33.977973", "frame": 71, "mu": [-1.148637250795792, 3.3973754972843277, 0.9134853129817043], "Sigma": [[0.013999997940670339, -0.00020614486856923448, -0.0258835447371758], [-0.00020614486856923445, 0.002209166114434717, -0.0031123546792715864], [-0.0258835447371758, -0.0031123546792715864, 0.07933464780836622]], "chi2_level": 0.95, "chi2_df": 3, "chi2_threshold": 7.814727903251179, "N_raw": 44, "N_roi": 44, "N_inlier": 42, "refit": true}
{"timestamp": "14:23:34.030855", "frame": 72, "mu": [-1.4602558120640283, 3.3620412201677032, 1.3488898517978538], "Sigma": [[0.012064552813273089, 0.006434325194855681, -0.00938188609120789], [0.006434325194855681, 0.006262404446533, -0.006386685992359249], [-0.00938188609120789, -0.006386685992359248, 0.009509761193875971]], "chi2_level": 0.95, "chi2_df": 3, "chi2_threshold": 7.814727903251179, "N_raw": 33, "N_roi": 33, "N_inlier": 30, "refit": true}
{"timestamp": "14:23:34.081457", "frame": 73, "mu": [-1.474938245777074, 3.617605813542952, 0.03408263934472644], "Sigma": [[0.003757631579778165, 0.01014712976360343, -0.015359524820332263], [0.01014712976360343, 0.04103496553327424, -0.07674505042158553], [-0.015359524820332263, -0.07674505042158553, 0.16764124204786654]], "chi2_level": 0.95, "chi2_df": 3, "chi2_threshold": 7.814727903251179, "N_raw": 10, "N_roi": 10, "N_inlier": 10, "refit": true}
{"timestamp": "14:23:34.201500", "frame": 74, "mu": [-1.6818094873351752, 3.4627890763091, 0.31728005912620527], "Sigma": [[0.0005114419533446974, 0.0024477200680692855, -0.001231924848671167], [0.0024477200680692855, 0.01259773194752165, -0.005675718420711889], [-0.001231924848671167, -0.005675718420711889, 0.003304854362384805]], "chi2_level": 0.95, "chi2_df": 3, "chi2_threshold": 7.814727903251179, "N_raw": 8, "N_roi": 6, "N_inlier": 5, "refit": true}
{"timestamp": "14:23:34.232508", "frame": 75, "mu": [-1.5369158976553385, 3.806926088486322, -0.7570583889865917], "Sigma": [[0.020340984817069592, 0.008488448031047372, 0.006862589484703497], [0.008488448031047372, 0.01899250998904763, 0.02981087995926244], [0.006862589484703497, 0.029810879959262435, 0.094902966177589]], "chi2_level": 0.95, "chi2_df": 3, "chi2_threshold": 7.814727903251179, "N_raw": 50, "N_roi": 47, "N_inlier": 45, "refit": true}
{"timestamp": "14:23:34.270153", "frame": 76, "mu": [-1.6516551191830182, 3.703587680040228, 0.0431915285877123], "Sigma": [[0.012101463741271192, 0.005166077013033392, -0.01514572669986574], [0.005166077013033392, 0.01714107189364461, -0.0352554436333115], [-0.01514572669986574, -0.0352554436333115, 0.07983028924805335]], "chi2_level": 0.95, "chi2_df": 3, "chi2_threshold": 7.814727903251179, "N_raw": 33, "N_roi": 33, "N_inlier": 29, "refit": true}
{"timestamp": "14:23:34.306457", "frame": 77, "mu": [-1.7006129236111243, 3.6545915711611063, 1.1086279498290055], "Sigma": [[0.01501387214131551, 0.002640463031937059, -0.036958649969994276], [0.002640463031937059, 0.002474146604139357, -0.006465883179119519], [-0.036958649969994276, -0.006465883179119519, 0.13337079155536605]], "chi2_level": 0.95, "chi2_df": 3, "chi2_threshold": 7.814727903251179, "N_raw": 36, "N_roi": 36, "N_inlier": 35, "refit": true}
{"timestamp": "14:23:34.361059", "frame": 78, "mu": [-1.6619922615567988, 3.8128835117711093, 1.1486679034290919], "Sigma": [[0.02132561434284131, 0.005611894880978073, -0.02049429822674335], [0.005611894880978072, 0.004581350749164537, -0.007830167182068375], [-0.02049429822674335, -0.007830167182068375, 0.025536387631974355]], "chi2_level": 0.95, "chi2_df": 3, "chi2_threshold": 7.814727903251179, "N_raw": 35, "N_roi": 34, "N_inlier": 32, "refit": true}
{"timestamp": "14:23:34.415799", "frame": 79, "mu": [-1.6766181887955822, 3.798058369477777, 0.9224551976964086], "Sigma": [[0.010565771684988073, -0.0032644311481696085, -0.02710835375860497], [-0.003264431148169608, 0.002760333413069667, 0.00649412695559815], [-0.02710835375860497, 0.006494126955598151, 0.07731383269608966]], "chi2_level": 0.95, "chi2_df": 3, "chi2_threshold": 7.814727903251179, "N_raw": 30, "N_roi": 27, "N_inlier": 24, "refit": true}
{"timestamp": "14:23:34.466710", "frame": 80, "mu": [-1.8294208714584865, 3.9050671757406628, 1.3195638863675645], "Sigma": [[0.005714774788521444, 0.007628973778635659, -0.012505959890800543], [0.007628973778635659, 0.01119437404311108, -0.015441426133258138], [-0.012505959890800541, -0.015441426133258138, 0.03499625306930103]], "chi2_level": 0.95, "chi2_df": 3, "chi2_threshold": 7.814727903251179, "N_raw": 5, "N_roi": 5, "N_inlier": 5, "refit": true}
{"timestamp": "14:23:34.525277", "frame": 81, "mu": [-1.9978365681161474, 3.893221544944412, 1.443163137315278], "Sigma": [[0.01510425496564338, 0.009017347610212102, -0.014572015147037527], [0.009017347610212102, 0.010817965738521992, -0.007293079231075444], [-0.014572015147037525, -0.007293079231075444, 0.016541802301657346]], "chi2_level": 0.95, "chi2_df": 3, "chi2_threshold": 7.814727903251179, "N_raw": 28, "N_roi": 25, "N_inlier": 24, "refit": true}
{"timestamp": "14:23:34.578283", "frame": 82, "mu": [-1.965757841763795, 4.097639067366814, 0.7414385715881402], "Sigma": [[0.005484966348047321, 0.002900084113900965, -0.02211514617472065], [0.002900084113900965, 0.0032888503240772575, -0.015116704563954898], [-0.02211514617472065, -0.015116704563954898, 0.19245394839327926]], "chi2_level": 0.95, "chi2_df": 3, "chi2_threshold": 7.814727903251179, "N_raw": 13, "N_roi": 13, "N_inlier": 12, "refit": true}
{"timestamp": "14:23:34.632626", "frame": 83, "mu": [-2.0212146525078576, 4.178928202417954, 0.2222373150764453], "Sigma": [[0.0032616850071843233, 0.008549400931689415, -0.014453421564222272], [0.008549400931689415, 0.028955410554719212, -0.05312849424678548], [-0.014453421564222272, -0.053128494246785486, 0.11739645636233935]], "chi2_level": 0.95, "chi2_df": 3, "chi2_threshold": 7.814727903251179, "N_raw": 7, "N_roi": 7, "N_inlier": 7, "refit": true}
{"timestamp": "14:23:34.686573", "frame": 84, "mu": [-2.076892981911034, 4.107614308712982, 1.1243025652798226], "Sigma": [[0.008291553533931009, 0.006712869885262025, -0.0247216934105667], [0.006712869885262025, 0.006829449170455814, -0.02562149936524967], [-0.024721693410566698, -0.02562149936524967, 0.13123426613227163]], "chi2_level": 0.95, "chi2_df": 3, "chi2_threshold": 7.814727903251179, "N_raw": 10, "N_roi": 7, "N_inlier": 6, "refit": true}
{"timestamp": "14:23:34.797709", "frame": 86, "mu": [-2.3343476487257027, 4.0862606722396, 1.2590698888541918], "Sigma": [[0.004452996840356643, 0.002879136993305391, -0.002255862510057451], [0.002879136993305391, 0.004848959756355184, -0.0014747435429390342], [-0.002255862510057451, -0.0014747435429390344, 0.0026260443004657843]], "chi2_level": 0.95, "chi2_df": 3, "chi2_threshold": 7.814727903251179, "N_raw": 14, "N_roi": 12, "N_inlier": 11, "refit": true}
{"timestamp": "14:23:34.852295", "frame": 87, "mu": [-2.216208130052364, 4.271345044262361, 1.022255685025433], "Sigma": [[0.01574395924115591, 0.011704433274556718, -0.03508773644434693], [0.01170443327455672, 0.010315181183752343, -0.026763420138265485], [-0.03508773644434693, -0.026763420138265485, 0.0793901902585212]], "chi2_level": 0.95, "chi2_df": 3, "chi2_threshold": 7.814727903251179, "N_raw": 6, "N_roi": 5, "N_inlier": 5, "refit": true}
