{"timestamp": "14:20:12.543856", "frame": 26, "mu": [1.885650450350215, 0.9009058908857122, 0.9053973841686405], "Sigma": [[0.0027965185318332823, -0.018761078445987456, 0.026197359361623936], [-0.01876107844598746, 0.14210252915076024, -0.19998378044121964], [0.026197359361623936, -0.19998378044121964, 0.30085720280330897]], "chi2_level": 0.95, "chi2_df": 3, "chi2_threshold": 7.814727903251179, "N_raw": 5, "N_roi": 5, "N_inlier": 5, "refit": true}
{"timestamp": "14:20:12.711600", "frame": 29, "mu": [1.8396992698926118, 1.0094696908246126, 1.4492260793113219], "Sigma": [[0.0019621540505745916, -0.001494551547043523, -0.00044283314750573116], [-0.001494551547043523, 0.004639418959286734, -0.00043129235550709664], [-0.00044283314750573116, -0.00043129235550709664, 0.000600638171407576]], "chi2_level": 0.95, "chi2_df": 3, "chi2_threshold": 7.814727903251179, "N_raw": 14, "N_roi": 14, "N_inlier": 12, "refit": true}
{"timestamp": "14:20:12.819917", "frame": 31, "mu": [1.7804892906488687, 1.201616462060727, 1.353681125409474], "Sigma": [[0.002778899983119037, 0.0009196931505622127, 0.000813205236054992], [0.0009196931505622126, 0.0019420833871222256, -0.0012943118298536786], [0.0008132052360549922, -0.0012943118298536786, 0.0055387448476869935]], "chi2_level": 0.95, "chi2_df": 3, "chi2_threshold": 7.814727903251179, "N_raw": 6, "N_roi": 6, "N_inlier": 6, "refit": true}
{"timestamp": "14:20:12.875142", "frame": 32, "mu": [1.7172787097166529, 1.3214775331704538, 1.3522648366182113], "Sigma": [[0.005971162854137861, 0.0022767517885188366, -0.0010604911687682238], [0.0022767517885188366, 0.0014645516724615833, 0.0016158313682390038], [-0.0010604911687682233, 0.0016158313682390038, 0.009361719808005408]], "chi2_level": 0.95, "chi2_df": 3, "chi2_threshold": 7.814727903251179, "N_raw": 5, "N_roi": 5, "N_inlier": 5, "refit": true}
{"timestamp": "14:20:12.930024", "frame": 33, "mu": [1.7485990190073553, 1.3712098681405331, 1.2560212833003115], "Sigma": [[0.004302419542329623, 0.0007745507172901313, -0.0058775868156345674], [0.0007745507172901313, 0.0015554088398458084, -0.0013906872746715826], [-0.0058775868156345674, -0.0013906872746715822, 0.009640814858825725]], "chi2_level": 0.95, "chi2_df": 3, "chi2_threshold": 7.814727903251179, "N_raw": 5, "N_roi": 5, "N_inlier": 5, "refit": true}
{"timestamp": "14:20:12.985502", "frame": 34, "mu": [1.5036764585278812, 1.424128810680963, -0.1728215985174906], "Sigma": [[0.30512865226696173, 0.2522003109069755, -0.012236827726205253], [0.2522003109069755, 0.20943658801730428, -0.007129001809188507], [-0.012236827726205251, -0.007129001809188509, 0.019341147293497996]], "chi2_level": 0.95, "chi2_df": 3, "chi2_threshold": 7.814727903251179, "N_raw": 8, "N_roi": 6, "N_inlier": 6, "refit": true}
{"timestamp": "14:20:13.041998", "frame": 35, "mu": [1.699575040175768, 1.6752729923029348, 0.05689347393842083], "Sigma": [[0.005221389595685299, -0.003607409076194264, 0.0015884856542527702], [-0.003607409076194264, 0.005799781105743206, -0.0004933849214622804], [0.0015884856542527702, -0.0004933849214622804, 0.001210966756712295]], "chi2_level": 0.95, "chi2_df": 3, "chi2_threshold": 7.814727903251179, "N_raw": 21, "N_roi": 21, "N_inlier": 19, "refit": true}
{"timestamp": "14:20:13.096920", "frame": 36, "mu": [1.7399216886118045, 1.668656698424084, 1.5150189684192488], "Sigma": [[0.0044204421412841885, 0.0023975098940132774, -0.00418095479818478], [0.002397509894013277, 0.0031802528709547954, 0.005112032795042481], [-0.004180954798184781, 0.005112032795042481, 0.03361174763927633]], "chi2_level": 0.95, "chi2_df": 3, "chi2_threshold": 7.814727903251179, "N_raw": 6, "N_roi": 5, "N_inlier": 5, "refit": true}
{"timestamp": "14:20:13.150476", "frame": 37, "mu": [1.7802914523730478, 1.7603118796607857, 1.4735503231643368], "Sigma": [[0.0018951108069807142, 0.0008259836231115836, 0.013452810735255404], [0.0008259836231115836, 0.010590435289156654, 0.01615794943948423], [0.013452810735255404, 0.016157949439484235, 0.15858126723687396]], "chi2_level": 0.95, "chi2_df": 3, "chi2_threshold": 7.814727903251179, "N_raw": 5, "N_roi": 5, "N_inlier": 5, "refit": true}
{"timestamp": "14:20:13.207448", "frame": 38, "mu": [1.7492730005391302, 1.8126925572328703, 1.3013952579934016], "Sigma": [[0.0015365103076444603, 0.0008064109229604226, -0.00585986410757454], [0.0008064109229604227, 0.0035666226370769656, 0.015093043215781329], [-0.00585986410757454, 0.015093043215781329, 0.14828846470707704]], "chi2_level": 0.95, "chi2_df": 3, "chi2_threshold": 7.814727903251179, "N_raw": 7, "N_roi": 7, "N_inlier": 7, "refit": true}
{"timestamp": "14:20:13.262907", "frame": 39, "mu": [1.772041590281444, 2.0084595448613842, 0.17629605617696786], "Sigma": [[0.003005447542040241, -0.0020000100267652484, 0.00023747423040503104], [-0.002000010026765248, 0.004470720734382614, -0.0034590802647977217], [0.000237474230405031, -0.0034590802647977217, 0.0706193179390386]], "chi2_level": 0.95, "chi2_df": 3, "chi2_threshold": 7.814727903251179, "N_raw": 19, "N_roi": 19, "N_inlier": 17, "refit": true}
{"timestamp": "14:20:13.317016", "frame": 40, "mu": [1.7460368002962308, 2.019530486854194, 1.3820807754368434], "Sigma": [[0.005027366431071802, 0.002025778685285873, -0.0033338553758744875], [0.002025778685285873, 0.0014740365103396995, 0.008712944974877516], [-0.0033338553758744875, 0.008712944974877516, 0.19488919196164853]], "chi2_level": 0.95, "chi2_df": 3, "chi2_threshold": 7.814727903251179, "N_raw": 9, "N_roi": 7, "N_inlier": 7, "refit": true}
{"timestamp": "14:20:13.371720", "frame": 41, "mu": [1.783165061254993, 2.088958116301217, 1.2173640084039001], "Sigma": [[0.0020723542079371508, -0.0013326534904161695, 0.016479186468993247], [-0.0013326534904161697, 0.003347101806921298, -0.021243317736862694], [0.016479186468993247, -0.021243317736862694, 0.2738596686074532]], "chi2_level": 0.95, "chi2_df": 3, "chi2_threshold": 7.814727903251179, "N_raw": 6, "N_roi": 6, "N_inlier": 6, "refit": true}
{"timestamp": "14:20:13.425640", "frame": 42, "mu": [1.7100046877100388, 2.2297314650337494, 1.0199633922930214], "Sigma": [[0.006573066577853319, 0.006524037258938649, -0.02488684544988909], [0.006524037258938649, 0.01319748803290893, -0.036906983478809295], [-0.02488684544988909, -0.036906983478809295, 0.12229550152019723]], "chi2_level": 0.95, "chi2_df": 3, "chi2_threshold": 7.814727903251179, "N_raw": 5, "N_roi": 5, "N_inlier": 5, "refit": true}
{"timestamp": "14:20:13.482148", "frame": 43, "mu": [1.6869028286335104, 2.251272331352016, 1.2100098663679062], "Sigma": [[0.008615717392176514, 0.005016240015266826, -0.02570703170779614], [0.005016240015266826, 0.006630555436627353, -0.02389081781894311], [-0.02570703170779614, -0.02389081781894311, 0.1023922504914645]], "chi2_level": 0.95, "chi2_df": 3, "chi2_threshold": 7.814727903251179, "N_raw": 7, "N_roi": 7, "N_inlier": 7, "refit": true}
{"timestamp": "14:20:13.537810", "frame": 44, "mu": [1.8765249651475415, 2.0807545978304436, 0.8176078753340731], "Sigma": [[0.014811883091328628, -0.019745730470682184, -0.05084673717026409], [-0.01974573047068218, 0.03241133159665515, 0.07716373189485194], [-0.0508467371702641, 0.07716373189485194, 0.2128695715910776]], "chi2_level": 0.95, "chi2_df": 3, "chi2_threshold": 7.814727903251179, "N_raw": 16, "N_roi": 14, "N_inlier": 13, "refit": true}
{"timestamp": "14:20:13.591606", "frame": 45, "mu": [1.7538368568409628, 2.2382964136697994, 0.8920421871024858], "Sigma": [[0.017844242227222643, -0.015618138053473526, -0.042818535162493], [-0.015618138053473526, 0.01554945237598706, 0.03843683219410121], [-0.042818535162493, 0.03843683219410121, 0.10939718130681451]], "chi2_level": 0.95, "chi2_df": 3, "chi2_threshold": 7.814727903251179, "N_raw": 8, "N_roi": 7, "N_inlier": 6, "refit": true}
{"timestamp": "14:20:13.646772", "frame": 46, "mu": [1.676945708694229, 2.5837091575495865, -0.34807432417403117], "Sigma": [[0.017388635755033906, -0.0027649334477446432, -0.04982883483745205], [-0.0027649334477446432, 0.0020104356991893497, 0.011486075445795815], [-0.04982883483745204, 0.011486075445795815, 0.15311497572737723]], "chi2_level": 0.95, "chi2_df": 3, "chi2_threshold": 7.814727903251179, "N_raw": 7, "N_roi": 7, "N_inlier": 6, "refit": true}
{"timestamp": "14:20:13.701799", "frame": 47, "mu": [1.7234886170457324, 2.449280368104235, 0.9969861507177654], "Sigma": [[0.01787622275492336, -0.017987201169452117, -0.05297522767125618], [-0.01798720116945212, 0.022237769666712624, 0.0592926014168915], [-0.05297522767125618, 0.0592926014168915, 0.16711601503949966]], "chi2_level": 0.95, "chi2_df": 3, "chi2_threshold": 7.814727903251179, "N_raw": 8, "N_roi": 6, "N_inlier": 6, "refit": true}
{"timestamp": "14:20:13.756498", "frame": 48, "mu": [1.6367757134263836, 2.5909806936999717, 1.0570205947973659], "Sigma": [[0.017065129296420147, -0.008399383691991502, -0.0419974234460441], [-0.008399383691991502, 0.005269831744030473, 0.022249930016005913], [-0.0419974234460441, 0.02224993001600591, 0.12375142639056451]], "chi2_level": 0.95, "chi2_df": 3, "chi2_threshold": 7.814727903251179, "N_raw": 8, "N_roi": 7, "N_inlier": 7, "refit": true}
{"timestamp": "14:20:14.031421", "frame": 53, "mu": [1.6485817711101687, 3.0174712822815515, 1.3010247576429221], "Sigma": [[0.01180302251316488, -0.007421433088316777, -0.03250703865594004], [-0.007421433088316777, 0.012696059600288176, 0.03517482279373945], [-0.03250703865594003, 0.035174822793739464, 0.12293126315130751]], "chi2_level": 0.95, "chi2_df": 3, "chi2_threshold": 7.814727903251179, "N_raw": 5, "N_roi": 5, "N_inlier": 5, "refit": true}
{"timestamp": "14:20:14.086395", "frame": 54, "mu": [1.6851449632291833, 3.1461132838272206, 0.02614037065953552], "Sigma": [[0.008424994001791164, 0.004828188955135545, -0.02194244042317897], [0.004828188955135545, 0.004482095183648503, -0.011915007752876822], [-0.02194244042317897, -0.011915007752876822, 0.05814271731641851]], "chi2_level": 0.95, "chi2_df": 3, "chi2_threshold": 7.814727903251179, "N_raw": 6, "N_roi": 6, "N_inlier": 6, "refit": true}
{"timestamp": "14:20:14.142012", "frame": 55, "mu": [1.6430706069925471, 3.13136568333295, 1.2997431851811536], "Sigma": [[0.0058820762072298045, -0.0012417295962496014, -0.02208770118044397], [-0.0012417295962496016, 0.0015331166340537986, 0.008248868358708234], [-0.02208770118044397, 0.008248868358708234, 0.09392345420441876]], "chi2_level": 0.95, "chi2_df": 3, "chi2_threshold": 7.814727903251179, "N_raw": 9, "N_roi": 6, "N_inlier": 5, "refit": true}
{"timestamp": "14:20:14.196793", "frame": 56, "mu": [1.5502795912544076, 2.7768125936225974, 1.0185375067745044], "Sigma": [[0.2842501160016361, 0.49062657538744503, -0.24343556343658518], [0.490626575387445, 0.8899879919457276, -0.3583870968671548], [-0.24343556343658518, -0.35838709686715486, 0.30638200467341853]], "chi2_level": 0.95, "chi2_df": 3, "chi2_threshold": 7.814727903251179, "N_raw": 8, "N_roi": 5, "N_inlier": 5, "refit": true}
{"timestamp": "14:20:14.251100", "frame": 57, "mu": [1.7383334605209657, 3.2873024565839173, 1.2673145074833203], "Sigma": [[0.007593021534460571, -0.001445091887457027, -0.021199952684972496], [-0.001445091887457027, 0.0036373592055983267, 0.018579563686401606], [-0.021199952684972496, 0.018579563686401606, 0.12278143857466442]], "chi2_level": 0.95, "chi2_df": 3, "chi2_threshold": 7.814727903251179, "N_raw": 8, "N_roi": 5, "N_inlier": 5, "refit": true}
{"timestamp": "14:20:14.308391", "frame": 58, "mu": [1.7492573725203648, 3.420583566133384, 1.365560505024397], "Sigma": [[0.012350806800530115, -0.0054786814055720915, 0.0015010987306690723], [-0.005478681405572092, 0.003997920188018163, -0.0009821612560854166], [0.0015010987306690723, -0.0009821612560854166, 0.0002473170673432783]], "chi2_level": 0.95, "chi2_df": 3, "chi2_threshold": 7.814727903251179, "N_raw": 25, "N_roi": 23, "N_inlier": 21, "refit": true}
{"timestamp": "14:20:14.362150", "frame": 59, "mu": [1.749160426003414, 3.56782332496073, 0.24226108478048827], "Sigma": [[0.00033156363423343855, -0.0005652635373233202, 0.000522629687711243], [-0.0005652635373233203, 0.01113352993179012, -0.010938815827043992], [0.0005226296877112431, -0.01093881582704399, 0.011968447895001285]], "chi2_level": 0.95, "chi2_df": 3, "chi2_threshold": 7.814727903251179, "N_raw": 8, "N_roi": 5, "N_inlier": 5, "refit": true}
{"timestamp": "14:20:14.416782", "frame": 60, "mu": [1.7352747021096138, 3.549919046337648, 1.5015018577877297], "Sigma": [[0.004230544420818559, -0.0011876140974166694, 0.0003998257418110335], [-0.0011876140974166694, 0.0013837179438700982, -0.0002843436312334075], [0.0003998257418110335, -0.0002843436312334075, 6.702294592602492e-05]], "chi2_level": 0.95, "chi2_df": 3, "chi2_threshold": 7.814727903251179, "N_raw": 14, "N_roi": 10, "N_inlier": 8, "refit": true}
{"timestamp": "14:20:14.470873", "frame": 61, "mu": [1.8569175384504737, 3.588202439345678, 1.0060912951826615], "Sigma": [[0.007415777717611081, -0.0020876475837700577, -0.018090439731638402], [-0.0020876475837700572, 0.002116640304822333, -0.005006162800263075], [-0.018090439731638402, -0.005006162800263075, 0.16719703432303534]], "chi2_level": 0.95, "chi2_df": 3, "chi2_threshold": 7.814727903251179, "N_raw": 8, "N_roi": 7, "N_inlier": 7, "refit": true}
{"timestamp": "14:20:14.526350", "frame": 62, "mu": [1.8484450705869353, 3.712633819191331, 0.10002083182606761], "Sigma": [[0.005086292754408685, 0.004077030703361933, -0.014370909266043966], [0.004077030703361932, 0.0034923210474163083, -0.011174664281180753], [-0.01437090926604397, -0.011174664281180753, 0.04586964748269462]], "chi2_level": 0.95, "chi2_df": 3, "chi2_threshold": 7.814727903251179, "N_raw": 6, "N_roi": 6, "N_inlier": 5, "refit": true}
{"timestamp": "14:20:14.582951", "frame": 63, "mu": [1.8678978467020662, 3.675708487068105, 1.361941546296119], "Sigma": [[0.007407865490866305, -0.0011698868353327311, -0.006878438156008698], [-0.0011698868353327311, 0.0021416973132972273, -0.00028664808131307696], [-0.006878438156008699, -0.00028664808131307685, 0.010599641984953688]], "chi2_level": 0.95, "chi2_df": 3, "chi2_threshold": 7.814727903251179, "N_raw": 12, "N_roi": 11, "N_inlier": 11, "refit": true}
{"timestamp": "14:20:14.636450", "frame": 64, "mu": [1.9923829403985496, 3.6500864482485413, 0.9196726666123414], "Sigma": [[0.007730239256562687, -0.0030125674635857976, -0.0262087275607949], [-0.003012567463585797, 0.0014969756849962715, 0.011108430569124344], [-0.0262087275607949, 0.011108430569124342, 0.10216203685394862]], "chi2_level": 0.95, "chi2_df": 3, "chi2_threshold": 7.814727903251179, "N_raw": 7, "N_roi": 5, "N_inlier": 5, "refit": true}
{"timestamp": "14:20:14.691585", "frame": 65, "mu": [1.8996544023197695, 3.9755940647436265, -0.0697149441350343], "Sigma": [[0.0056665472616976775, -0.0005178268198808387, -0.0033745891975719604], [-0.0005178268198808386, 0.0028078222503830313, -0.0005786006164123505], [-0.003374589197571961, -0.0005786006164123505, 0.003986867405519035]], "chi2_level": 0.95, "chi2_df": 3, "chi2_threshold": 7.814727903251179, "N_raw": 8, "N_roi": 7, "N_inlier": 7, "refit": true}
{"timestamp": "14:20:14.748070", "frame": 66, "mu": [1.871068077198311, 3.8931152765107315, 1.0005600199371811], "Sigma": [[0.020452172815047125, -0.009702932736638891, -0.02370167106644055], [-0.00970293273663889, 0.005395764028393774, 0.01002288948631876], [-0.023701671066440555, 0.01002288948631876, 0.03612482840421288]], "chi2_level": 0.95, "chi2_df": 3, "chi2_threshold": 7.814727903251179, "N_raw": 25, "N_roi": 23, "N_inlier": 22, "refit": true}
{"timestamp": "14:20:14.807210", "frame": 67, "mu": [1.8936779698316308, 4.109448032855414, 0.10954288247227877], "Sigma": [[0.027232913554608003, -0.005524129181125157, -0.019149011852456616], [-0.005524129181125157, 0.005544337317750969, 0.002721934574799079], [-0.019149011852456616, 0.002721934574799079, 0.01605696454791583]], "chi2_level": 0.95, "chi2_df": 3, "chi2_threshold": 7.814727903251179, "N_raw": 44, "N_roi": 43, "N_inlier": 42, "refit": true}
{"timestamp": "14:20:14.856746", "frame": 68, "mu": [1.760690846645955, 4.131403489335462, 1.253822392850887], "Sigma": [[0.009871708337449594, 0.004308197927060794, -0.004557273231714721], [0.004308197927060793, 0.0019493441311284208, -0.0021055530397812105], [-0.004557273231714721, -0.002105553039781211, 0.0051619872648627305]], "chi2_level": 0.95, "chi2_df": 3, "chi2_threshold": 7.814727903251179, "N_raw": 6, "N_roi": 5, "N_inlier": 5, "refit": true}
{"timestamp": "14:20:14.910798", "frame": 69, "mu": [1.7884699779631148, 4.239670791508453, 0.3892528186757926], "Sigma": [[0.006101339324505299, 0.004726222449473244, -0.005575538177223813], [0.004726222449473244, 0.0038105108456095507, -0.0042221185698842366], [-0.005575538177223813, -0.0042221185698842366, 0.006775962271516942]], "chi2_level": 0.95, "chi2_df": 3, "chi2_threshold": 7.814727903251179, "N_raw": 5, "N_roi": 5, "N_inlier": 5, "refit": true}
{"timestamp": "14:20:14.966230", "frame": 70, "mu": [1.7514825941838148, 4.27124618017481, 1.357104158790754], "Sigma": [[0.0057349711179874845, 0.0005781993142788765, -0.0035743371581374844], [0.0005781993142788765, 0.0014110660414890816, -0.00034485982231491233], [-0.0035743371581374844, -0.00034485982231491233, 0.004334766400003561]], "chi2_level": 0.95, "chi2_df": 3, "chi2_threshold": 7.814727903251179, "N_raw": 7, "N_roi": 7, "N_inlier": 7, "refit": true}
{"timestamp": "14:20:15.023582", "frame": 71, "mu": [1.867396965720831, 4.234706805423554, 1.151681826142835], "Sigma": [[0.02318472749735074, -0.011131031672734217, -0.010283580972205126], [-0.011131031672734219, 0.007460039009030322, 0.005444861217802086], [-0.010283580972205126, 0.005444861217802086, 0.007159083147498116]], "chi2_level": 0.95, "chi2_df": 3, "chi2_threshold": 7.814727903251179, "N_raw": 25, "N_roi": 25, "N_inlier": 25, "refit": true}
{"timestamp": "14:20:15.079334", "frame": 72, "mu": [1.8656954862177928, 4.3587730648252325, 0.5043629781467357], "Sigma": [[0.02155604861709924, -0.006191571719017244, -0.013197437367654621], [-0.006191571719017244, 0.004409116267291691, 1.1519810991918568e-05], [-0.013197437367654621, 1.1519810991918351e-05, 0.015999769559235398]], "chi2_level": 0.95, "chi2_df": 3, "chi2_threshold": 7.814727903251179, "N_raw": 25, "N_roi": 25, "N_inlier": 23, "refit": true}
{"timestamp": "14:20:15.131499", "frame": 73, "mu": [1.8980502350083561, 4.4638373177125725, 0.11702345915220022], "Sigma": [[0.00879412064933756, 0.004834530681731318, -0.021566674479245665], [0.004834530681731318, 0.0032396907487055758, -0.011789839878588785], [-0.021566674479245665, -0.011789839878588785, 0.05404135986231541]], "chi2_level": 0.95, "chi2_df": 3, "chi2_threshold": 7.814727903251179, "N_raw": 5, "N_roi": 5, "N_inlier": 5, "refit": true}
{"timestamp": "14:20:15.240099", "frame": 75, "mu": [1.7659743235211651, 4.571324445536395, 1.412589544687286], "Sigma": [[0.012103739514638006, 0.0022384390672529272, -0.01671770767436835], [0.002238439067252927, 0.0015585982729523047, -0.0026857286362244994], [-0.01671770767436835, -0.0026857286362244994, 0.024762645794709114]], "chi2_level": 0.95, "chi2_df": 3, "chi2_threshold": 7.814727903251179, "N_raw": 5, "N_roi": 5, "N_inlier": 5, "refit": true}
{"timestamp": "14:20:15.295235", "frame": 76, "mu": [1.8790325436561344, 4.6216726438231, 0.3337247900590136], "Sigma": [[0.004778660620501151, 0.00473966538924497, -0.01069008441385716], [0.004739665389244971, 0.005368519537058474, -0.011788764335255652], [-0.01069008441385716, -0.011788764335255652, 0.028544367524640627]], "chi2_level": 0.95, "chi2_df": 3, "chi2_threshold": 7.814727903251179, "N_raw": 5, "N_roi": 5, "N_inlier": 5, "refit": true}
