{"timestamp": "14:44:04.744935", "frame": 23, "mu": [-2.4385149012332294, 3.2314627630686372, 0.8621284100899118], "Sigma": [[0.0010982127154832279, 0.0026801206627838905, -0.002497755207288797], [0.0026801206627838905, 0.014429180184148849, -0.010858714894233578], [-0.002497755207288797, -0.010858714894233578, 0.009540164270581507]], "chi2_level": 0.95, "chi2_df": 3, "chi2_threshold": 7.814727903251179, "N_raw": 18, "N_roi": 9, "N_inlier": 9, "refit": true}
{"timestamp": "14:44:04.803398", "frame": 24, "mu": [-2.3353405325498535, 3.260495255083333, 0.6493690206715417], "Sigma": [[0.009797944966656843, 0.0040548306499980594, -0.008391460304073898], [0.0040548306499980594, 0.003850817227683023, -0.0064587664929882955], [-0.008391460304073898, -0.0064587664929882955, 0.01420558156221547]], "chi2_level": 0.95, "chi2_df": 3, "chi2_threshold": 7.814727903251179, "N_raw": 43, "N_roi": 26, "N_inlier": 25, "refit": true}
{"timestamp": "14:44:04.858083", "frame": 25, "mu": [-2.397906060520812, 3.2114546640518338, -0.12594754697568505], "Sigma": [[0.0021719510439141684, 0.002012583346475861, -0.0014997457287784545], [0.002012583346475861, 0.007621282176201995, -0.010510738004666183], [-0.0014997457287784543, -0.010510738004666183, 0.018443328749189337]], "chi2_level": 0.95, "chi2_df": 3, "chi2_threshold": 7.814727903251179, "N_raw": 26, "N_roi": 11, "N_inlier": 10, "refit": true}
{"timestamp": "14:44:04.914465", "frame": 26, "mu": [-2.3440994645160056, 3.069041538638376, 0.9732317309981781], "Sigma": [[0.008634011070817509, 0.004021410637432036, -0.005871211203446929], [0.004021410637432036, 0.004819257874018917, -0.010723592365300119], [-0.005871211203446929, -0.010723592365300119, 0.032691816290642786]], "chi2_level": 0.95, "chi2_df": 3, "chi2_threshold": 7.814727903251179, "N_raw": 38, "N_roi": 30, "N_inlier": 29, "refit": true}
{"timestamp": "14:44:04.968650", "frame": 27, "mu": [-2.3100385333769116, 3.1940954788469003, -0.10811949042784857], "Sigma": [[0.011537716797486478, 0.008033007570774854, -0.0027592431331547934], [0.008033007570774854, 0.007901668529133548, -0.006773962591531938], [-0.002759243133154794, -0.006773962591531938, 0.011747855628915152]], "chi2_level": 0.95, "chi2_df": 3, "chi2_threshold": 7.814727903251179, "N_raw": 23, "N_roi": 23, "N_inlier": 21, "refit": true}
{"timestamp": "14:44:05.019609", "frame": 28, "mu": [-2.2509517520910034, 3.0857556356732103, 1.1604091671481087], "Sigma": [[0.005512993266458955, 0.005431693390181274, -0.01465795228361387], [0.005431693390181274, 0.008222145511204681, -0.01800982832480069], [-0.01465795228361387, -0.01800982832480069, 0.06708604676717625]], "chi2_level": 0.95, "chi2_df": 3, "chi2_threshold": 7.814727903251179, "N_raw": 5, "N_roi": 5, "N_inlier": 5, "refit": true}
{"timestamp": "14:44:05.081887", "frame": 29, "mu": [-2.2785150871717805, 2.9551774881516937, 1.1833600031876192], "Sigma": [[0.01614331440423415, 0.006237767079365603, -0.003939978864572175], [0.006237767079365602, 0.005548379974041427, -0.006681781062920963], [-0.003939978864572175, -0.006681781062920963, 0.011767878133304164]], "chi2_level": 0.95, "chi2_df": 3, "chi2_threshold": 7.814727903251179, "N_raw": 52, "N_roi": 45, "N_inlier": 42, "refit": true}
{"timestamp": "14:44:05.134070", "frame": 30, "mu": [-2.25406608980076, 2.971869950460899, 1.0644708754553958], "Sigma": [[0.008929711477578836, 0.004609357749103313, -0.009571634527370516], [0.004609357749103312, 0.004535386414929019, -0.008875060546768771], [-0.009571634527370516, -0.008875060546768773, 0.02026543287384432]], "chi2_level": 0.95, "chi2_df": 3, "chi2_threshold": 7.814727903251179, "N_raw": 30, "N_roi": 30, "N_inlier": 26, "refit": true}
{"timestamp": "14:44:05.190296", "frame": 31, "mu": [-2.1372013870580338, 3.014268537538117, 1.1989584539037907], "Sigma": [[0.014492024396313594, 0.006953215880726322, -0.009890562203103696], [0.006953215880726322, 0.004365664641050684, -0.007746494309278802], [-0.009890562203103696, -0.007746494309278802, 0.03891154131921522]], "chi2_level": 0.95, "chi2_df": 3, "chi2_threshold": 7.814727903251179, "N_raw": 37, "N_roi": 36, "N_inlier": 35, "refit": true}
{"timestamp": "14:44:05.245866", "frame": 32, "mu": [-1.9486998322933768, 2.9254009835704715, 0.6102739291334163], "Sigma": [[0.013969744752676512, 0.005177113975334641, -0.01008528103568148], [0.005177113975334641, 0.008165290163651685, -0.00515240788905225], [-0.01008528103568148, -0.00515240788905225, 0.01963977592326594]], "chi2_level": 0.95, "chi2_df": 3, "chi2_threshold": 7.814727903251179, "N_raw": 50, "N_roi": 50, "N_inlier": 49, "refit": true}
{"timestamp": "14:44:05.301298", "frame": 33, "mu": [-2.115657760186996, 2.8870051308926845, 1.2309018149996824], "Sigma": [[0.024381490635831622, 0.007518990601040842, -0.02008670257030864], [0.007518990601040842, 0.004528750297777744, -0.00806650288936856], [-0.02008670257030864, -0.008066502889368561, 0.01975403327788198]], "chi2_level": 0.95, "chi2_df": 3, "chi2_threshold": 7.814727903251179, "N_raw": 46, "N_roi": 40, "N_inlier": 37, "refit": true}
{"timestamp": "14:44:05.354111", "frame": 34, "mu": [-2.002828730873128, 2.894599405594071, 1.0092057462275157], "Sigma": [[0.00825371566278286, 0.0032123328627542114, -0.006553018165992524], [0.0032123328627542114, 0.0028115205072413007, -0.006042976795372358], [-0.006553018165992524, -0.006042976795372358, 0.015821899514436803]], "chi2_level": 0.95, "chi2_df": 3, "chi2_threshold": 7.814727903251179, "N_raw": 29, "N_roi": 26, "N_inlier": 25, "refit": true}
{"timestamp": "14:44:05.413655", "frame": 35, "mu": [-1.8793396112571725, 2.987876793048232, 1.07749628287315], "Sigma": [[0.015420656734704767, 0.008592087845613447, -0.019663051556531204], [0.008592087845613447, 0.009714772629137973, -0.020262671620133833], [-0.019663051556531204, -0.020262671620133833, 0.0450415206091469]], "chi2_level": 0.95, "chi2_df": 3, "chi2_threshold": 7.814727903251179, "N_raw": 64, "N_roi": 62, "N_inlier": 60, "refit": true}
{"timestamp": "14:44:05.466969", "frame": 36, "mu": [-1.7943349149200545, 2.97867544102414, 0.8116865072596428], "Sigma": [[0.013964352829481445, 0.0075390392698577915, -0.0116473594777432], [0.0075390392698577915, 0.005359383782247046, -0.009672826739752475], [-0.0116473594777432, -0.009672826739752477, 0.022424238407051378]], "chi2_level": 0.95, "chi2_df": 3, "chi2_threshold": 7.814727903251179, "N_raw": 26, "N_roi": 26, "N_inlier": 24, "refit": true}
{"timestamp": "14:44:05.521430", "frame": 37, "mu": [-1.8080513487282623, 2.8194815946645138, 1.123628937576758], "Sigma": [[0.014758541935386409, 0.0052004878113104894, -0.011162354369860902], [0.0052004878113104894, 0.005397465853484214, -0.010471979103622919], [-0.011162354369860902, -0.010471979103622919, 0.025240818745178403]], "chi2_level": 0.95, "chi2_df": 3, "chi2_threshold": 7.814727903251179, "N_raw": 54, "N_roi": 54, "N_inlier": 52, "refit": true}
{"timestamp": "14:44:05.570692", "frame": 38, "mu": [-1.7054169791215752, 2.8228474842029123, 0.7771012531692371], "Sigma": [[0.0023262158256482273, 0.004881653432705241, -0.003461683977352498], [0.004881653432705241, 0.015124134201495913, -0.008132747435660557], [-0.003461683977352498, -0.008132747435660557, 0.006596506096326837]], "chi2_level": 0.95, "chi2_df": 3, "chi2_threshold": 7.814727903251179, "N_raw": 7, "N_roi": 6, "N_inlier": 6, "refit": true}
{"timestamp": "14:44:05.631462", "frame": 39, "mu": [-1.5983147958583526, 2.8438031285838696, 0.8194222680600701], "Sigma": [[0.01474007878493994, 0.009195646927143985, -0.010838264602919501], [0.009195646927143985, 0.011013291411971741, -0.011212092052318889], [-0.010838264602919501, -0.011212092052318889, 0.015134331873076282]], "chi2_level": 0.95, "chi2_df": 3, "chi2_threshold": 7.814727903251179, "N_raw": 57, "N_roi": 57, "N_inlier": 55, "refit": true}
{"timestamp": "14:44:05.691655", "frame": 40, "mu": [-1.6157333269396659, 2.800820622651296, 0.9370060276458299], "Sigma": [[0.020679597847139918, 0.015024519894019046, -0.029049697801195318], [0.015024519894019046, 0.01792449283343872, -0.03427504894881499], [-0.029049697801195318, -0.03427504894881499, 0.07153141058045556]], "chi2_level": 0.95, "chi2_df": 3, "chi2_threshold": 7.814727903251179, "N_raw": 72, "N_roi": 72, "N_inlier": 71, "refit": true}
{"timestamp": "14:44:05.739692", "frame": 41, "mu": [-1.4328751677403142, 3.0243420498648814, -0.8853906729965217], "Sigma": [[0.015583055579849658, 0.017272258504058332, 0.02871977718440436], [0.01727225850405833, 0.03224732107196906, 0.05426932908290233], [0.02871977718440436, 0.05426932908290233, 0.10718557252449479]], "chi2_level": 0.95, "chi2_df": 3, "chi2_threshold": 7.814727903251179, "N_raw": 40, "N_roi": 40, "N_inlier": 37, "refit": true}
{"timestamp": "14:44:05.793317", "frame": 42, "mu": [-1.4279359950241775, 2.7458343193858186, 0.5704569912949561], "Sigma": [[0.0153218325506448, 0.006284055171445034, -0.015119954203617884], [0.006284055171445034, 0.00535739488350512, -0.009848460733236737], [-0.015119954203617884, -0.009848460733236735, 0.02547458436896096]], "chi2_level": 0.95, "chi2_df": 3, "chi2_threshold": 7.814727903251179, "N_raw": 33, "N_roi": 33, "N_inlier": 30, "refit": true}
{"timestamp": "14:44:05.856761", "frame": 43, "mu": [-1.4795275113169808, 2.8766466215871347, -0.468527158953708], "Sigma": [[0.02290481220983212, 0.017665586013650456, -0.03490626824469342], [0.017665586013650453, 0.02265728253364953, -0.04514965684478438], [-0.03490626824469342, -0.045149656844784385, 0.09602938281183937]], "chi2_level": 0.95, "chi2_df": 3, "chi2_threshold": 7.814727903251179, "N_raw": 88, "N_roi": 88, "N_inlier": 86, "refit": true}
{"timestamp": "14:44:05.904976", "frame": 44, "mu": [-1.5307698045728033, 2.5940877590009257, 0.9938147996686736], "Sigma": [[0.010848704646695757, 0.006382191019376596, -0.017467696421508097], [0.006382191019376596, 0.00594254356584959, -0.014710744668713117], [-0.017467696421508097, -0.014710744668713117, 0.052520038511923044]], "chi2_level": 0.95, "chi2_df": 3, "chi2_threshold": 7.814727903251179, "N_raw": 36, "N_roi": 34, "N_inlier": 30, "refit": true}
{"timestamp": "14:44:05.962602", "frame": 45, "mu": [-1.3954923577519753, 2.5956362803978994, 0.9267192653630202], "Sigma": [[0.018485370937493674, 0.00906932735653209, -0.03838965736409655], [0.00906932735653209, 0.006417950986691188, -0.02713222861481654], [-0.03838965736409655, -0.02713222861481654, 0.1636322791767084]], "chi2_level": 0.95, "chi2_df": 3, "chi2_threshold": 7.814727903251179, "N_raw": 60, "N_roi": 56, "N_inlier": 55, "refit": true}
{"timestamp": "14:44:06.024742", "frame": 46, "mu": [-1.3644697862073734, 2.788364662958063, -0.46228572231351106], "Sigma": [[0.020601925247916354, 0.014193051971856382, -0.021147055501971317], [0.014193051971856382, 0.0188568868792197, -0.031432674304435894], [-0.021147055501971317, -0.031432674304435894, 0.05589754244641273]], "chi2_level": 0.95, "chi2_df": 3, "chi2_threshold": 7.814727903251179, "N_raw": 98, "N_roi": 95, "N_inlier": 93, "refit": true}
{"timestamp": "14:44:06.070039", "frame": 47, "mu": [-1.269841909797367, 2.5099902622833494, 1.0370573929340494], "Sigma": [[0.009742845329564627, 0.0030024418457468708, -0.004569554233156967], [0.0030024418457468708, 0.0029846971624959604, -0.005646740195743001], [-0.004569554233156967, -0.005646740195743001, 0.0138958877254423]], "chi2_level": 0.95, "chi2_df": 3, "chi2_threshold": 7.814727903251179, "N_raw": 39, "N_roi": 38, "N_inlier": 34, "refit": true}
{"timestamp": "14:44:06.131686", "frame": 48, "mu": [-1.2594011132303897, 2.495356210862804, 0.9633728445128935], "Sigma": [[0.016146183932617637, 0.0044785029205519486, -0.018080302263853758], [0.004478502920551948, 0.0035430234030745305, -0.011891341364878377], [-0.018080302263853758, -0.011891341364878377, 0.05399848432915774]], "chi2_level": 0.95, "chi2_df": 3, "chi2_threshold": 7.814727903251179, "N_raw": 87, "N_roi": 87, "N_inlier": 82, "refit": true}
{"timestamp": "14:44:06.181916", "frame": 49, "mu": [-1.2162009921393264, 2.584008376251308, -0.3006156320420071], "Sigma": [[0.009988815705595762, 0.003504248649608935, -0.012750905567672041], [0.003504248649608935, 0.006507512819938858, -0.011365296554842148], [-0.012750905567672041, -0.011365296554842148, 0.030326390859470226]], "chi2_level": 0.95, "chi2_df": 3, "chi2_threshold": 7.814727903251179, "N_raw": 41, "N_roi": 41, "N_inlier": 36, "refit": true}
{"timestamp": "14:44:06.237297", "frame": 50, "mu": [-1.170990379047586, 2.3808906580482945, 1.058105329604367], "Sigma": [[0.010507678311949811, 0.0024290615162468592, -0.007338678565269954], [0.0024290615162468592, 0.003025420336352006, -0.00613979821483695], [-0.007338678565269954, -0.00613979821483695, 0.01991211815966825]], "chi2_level": 0.95, "chi2_df": 3, "chi2_threshold": 7.814727903251179, "N_raw": 47, "N_roi": 46, "N_inlier": 43, "refit": true}
{"timestamp": "14:44:06.294480", "frame": 51, "mu": [-1.0570175246922286, 2.3964710065512493, 1.0055016923640554], "Sigma": [[0.017339084622434223, 0.005437784989806333, -0.010943750872074706], [0.005437784989806333, 0.003778238163277793, -0.007305783876868304], [-0.010943750872074708, -0.007305783876868304, 0.016847712650233805]], "chi2_level": 0.95, "chi2_df": 3, "chi2_threshold": 7.814727903251179, "N_raw": 69, "N_roi": 69, "N_inlier": 63, "refit": true}
{"timestamp": "14:44:06.350239", "frame": 52, "mu": [-1.1745393693559723, 2.3604141114789394, 1.1461170094572202], "Sigma": [[0.01549907604573468, 0.001962470587779451, -0.00098064299845834], [0.001962470587779451, 0.002989678782194075, -0.004668978906343644], [-0.0009806429984583402, -0.004668978906343643, 0.011987845095458029]], "chi2_level": 0.95, "chi2_df": 3, "chi2_threshold": 7.814727903251179, "N_raw": 71, "N_roi": 71, "N_inlier": 66, "refit": true}
{"timestamp": "14:44:06.410191", "frame": 53, "mu": [-1.0657962096939888, 2.6285570240585607, -0.8265230646044365], "Sigma": [[0.013017494797713863, 0.006927005379429767, -0.026199254050992715], [0.006927005379429767, 0.03131857092263187, -0.10468917459249685], [-0.026199254050992715, -0.10468917459249685, 0.3769878959699844]], "chi2_level": 0.95, "chi2_df": 3, "chi2_threshold": 7.814727903251179, "N_raw": 103, "N_roi": 99, "N_inlier": 95, "refit": true}
{"timestamp": "14:44:06.459307", "frame": 54, "mu": [-0.9538378498503891, 2.3001143102988535, 1.004041185803794], "Sigma": [[0.013750890712929292, -0.00017792363924894091, -0.0184215786391997], [-0.0001779236392489408, 0.001154423373367083, -0.00404058430496739], [-0.0184215786391997, -0.00404058430496739, 0.06511151104057739]], "chi2_level": 0.95, "chi2_df": 3, "chi2_threshold": 7.814727903251179, "N_raw": 65, "N_roi": 65, "N_inlier": 59, "refit": true}
{"timestamp": "14:44:06.511288", "frame": 55, "mu": [-0.9040886821007303, 2.2798685763605238, 1.0917916621256907], "Sigma": [[0.010442476383934087, 0.0008301222492541103, -0.006968690797373504], [0.0008301222492541103, 0.0018739355194934374, -0.01097731957707052], [-0.006968690797373504, -0.01097731957707052, 0.07786538043658597]], "chi2_level": 0.95, "chi2_df": 3, "chi2_threshold": 7.814727903251179, "N_raw": 47, "N_roi": 47, "N_inlier": 43, "refit": true}
{"timestamp": "14:44:06.576335", "frame": 56, "mu": [-0.9506938305915155, 2.2275136922600773, 1.001929021796936], "Sigma": [[0.04046593349804429, 0.005204993875507234, -0.0042106422350486625], [0.005204993875507234, 0.0014633614277525786, -0.0033507610306218027], [-0.004210642235048663, -0.0033507610306218027, 0.0405227179332602]], "chi2_level": 0.95, "chi2_df": 3, "chi2_threshold": 7.814727903251179, "N_raw": 113, "N_roi": 113, "N_inlier": 110, "refit": true}
{"timestamp": "14:44:06.626750", "frame": 57, "mu": [-0.8003714244130486, 2.3894657514446442, -0.4764226183284696], "Sigma": [[0.018426710159757647, 0.00321648901469571, -0.005620905629672161], [0.00321648901469571, 0.004550660477956134, -0.0056452345562294694], [-0.005620905629672161, -0.0056452345562294694, 0.010118482333493634]], "chi2_level": 0.95, "chi2_df": 3, "chi2_threshold": 7.814727903251179, "N_raw": 76, "N_roi": 75, "N_inlier": 71, "refit": true}
{"timestamp": "14:44:06.679241", "frame": 58, "mu": [-0.7837539713342386, 2.224036654879903, -0.8581178997638048], "Sigma": [[0.010033585516788972, 0.008534519217296898, 0.009777780261130065], [0.008534519217296898, 0.01738198075323657, 0.017662142181179927], [0.009777780261130065, 0.017662142181179927, 0.0462820997640038]], "chi2_level": 0.95, "chi2_df": 3, "chi2_threshold": 7.814727903251179, "N_raw": 65, "N_roi": 65, "N_inlier": 62, "refit": true}
{"timestamp": "14:44:06.735895", "frame": 59, "mu": [-0.7338713580543683, 2.099711523681123, 0.9233915379298314], "Sigma": [[0.014241035479226826, 0.002455020619202187, -0.014195818299711576], [0.002455020619202187, 0.0016700986057567328, -0.005494662662174393], [-0.014195818299711574, -0.005494662662174393, 0.04291792438089426]], "chi2_level": 0.95, "chi2_df": 3, "chi2_threshold": 7.814727903251179, "N_raw": 77, "N_roi": 76, "N_inlier": 74, "refit": true}
{"timestamp": "14:44:06.788296", "frame": 60, "mu": [-0.5075076820892405, 2.4126415025087824, -0.6134654161625097], "Sigma": [[0.010644876493962877, 0.002763621453761576, 0.0005656525973831764], [0.0027636214537615756, 0.0064513305222139395, -0.0006710701798287711], [0.0005656525973831764, -0.0006710701798287712, 0.02303252358875283]], "chi2_level": 0.95, "chi2_df": 3, "chi2_threshold": 7.814727903251179, "N_raw": 58, "N_roi": 58, "N_inlier": 50, "refit": true}
{"timestamp": "14:44:06.848398", "frame": 61, "mu": [-0.599161981219451, 2.048239679863907, 0.9557879956608916], "Sigma": [[0.013653611052469783, 0.008248032616627056, -0.011307298894360735], [0.008248032616627056, 0.011571476343215809, -0.012927339677179127], [-0.011307298894360737, -0.012927339677179127, 0.020272916749354608]], "chi2_level": 0.95, "chi2_df": 3, "chi2_threshold": 7.814727903251179, "N_raw": 91, "N_roi": 91, "N_inlier": 86, "refit": true}
{"timestamp": "14:44:06.900887", "frame": 62, "mu": [-0.6030326450270937, 1.9915133405178105, 0.970364159045069], "Sigma": [[0.008855838077789882, 0.0021965709301926184, -0.0011937519942641958], [0.0021965709301926184, 0.0028697680139447655, -0.004177856524736216], [-0.0011937519942641958, -0.004177856524736216, 0.019191146304426247]], "chi2_level": 0.95, "chi2_df": 3, "chi2_threshold": 7.814727903251179, "N_raw": 73, "N_roi": 73, "N_inlier": 69, "refit": true}
{"timestamp": "14:44:06.959281", "frame": 63, "mu": [-0.5796064322307483, 1.952685937274625, 0.9651888832240575], "Sigma": [[0.007407670510728769, 0.0019661771582306746, -0.0019893468664623675], [0.0019661771582306746, 0.002657803640367381, -0.006510694351260635], [-0.0019893468664623666, -0.006510694351260636, 0.048908834945495375]], "chi2_level": 0.95, "chi2_df": 3, "chi2_threshold": 7.814727903251179, "N_raw": 98, "N_roi": 98, "N_inlier": 92, "refit": true}
{"timestamp": "14:44:07.013276", "frame": 64, "mu": [-0.5289972317075766, 1.899971600473078, 1.0575185632830408], "Sigma": [[0.006538926943199522, 0.0010084171722127644, -0.006657584058042343], [0.0010084171722127642, 0.0017438448773327653, -0.006341596241193308], [-0.006657584058042343, -0.006341596241193309, 0.04036138700789313]], "chi2_level": 0.95, "chi2_df": 3, "chi2_threshold": 7.814727903251179, "N_raw": 81, "N_roi": 81, "N_inlier": 76, "refit": true}
{"timestamp": "14:44:07.067108", "frame": 65, "mu": [-0.5115459574753892, 1.9975300544217913, -0.36216441563779317], "Sigma": [[0.005847349990244238, 0.0006989449785920476, 0.0010475296235613967], [0.0006989449785920474, 0.006730008070097645, -0.010979043189838332], [0.0010475296235613967, -0.010979043189838332, 0.023054958908363055]], "chi2_level": 0.95, "chi2_df": 3, "chi2_threshold": 7.814727903251179, "N_raw": 78, "N_roi": 77, "N_inlier": 71, "refit": true}
{"timestamp": "14:44:07.124895", "frame": 66, "mu": [-0.45693415313867125, 1.8041214816723363, 0.9211493900015998], "Sigma": [[0.015132180496182715, 0.002280738976651692, -0.006603284509974872], [0.002280738976651692, 0.001269678056415835, -0.003101549728697646], [-0.006603284509974872, -0.003101549728697646, 0.08819012448071466]], "chi2_level": 0.95, "chi2_df": 3, "chi2_threshold": 7.814727903251179, "N_raw": 99, "N_roi": 99, "N_inlier": 95, "refit": true}
{"timestamp": "14:44:07.180512", "frame": 67, "mu": [-0.4543982523231761, 1.8066106463209792, 1.1428654438419137], "Sigma": [[0.008650467633669254, 0.0010733214989356939, 0.003576926031751924], [0.0010733214989356939, 0.0022291644519960314, -0.0061337329070427], [0.0035769260317519234, -0.0061337329070427, 0.03125889323146281]], "chi2_level": 0.95, "chi2_df": 3, "chi2_threshold": 7.814727903251179, "N_raw": 102, "N_roi": 101, "N_inlier": 93, "refit": true}
{"timestamp": "14:44:07.236491", "frame": 68, "mu": [-0.4213943159159241, 1.9165063199494057, -0.38953784604432906], "Sigma": [[0.009654594915927463, -0.0008011806302368085, 0.008441215439358427], [-0.0008011806302368083, 0.005512257233296879, -0.013736087634852883], [0.008441215439358428, -0.013736087634852883, 0.04933061919263765]], "chi2_level": 0.95, "chi2_df": 3, "chi2_threshold": 7.814727903251179, "N_raw": 110, "N_roi": 110, "N_inlier": 105, "refit": true}
{"timestamp": "14:44:07.292124", "frame": 69, "mu": [-0.3581061327592126, 1.9511651112653872, -0.5608664887856396], "Sigma": [[0.009610258724693716, -0.005218793936187743, 0.02570688527753986], [-0.005218793936187743, 0.025872044589561438, -0.08181099282058617], [0.02570688527753986, -0.08181099282058617, 0.2840518806578108]], "chi2_level": 0.95, "chi2_df": 3, "chi2_threshold": 7.814727903251179, "N_raw": 103, "N_roi": 103, "N_inlier": 100, "refit": true}
{"timestamp": "14:44:07.342683", "frame": 70, "mu": [-0.4160907687249502, 1.6281289552733866, 0.9073467106618154], "Sigma": [[0.00973072605425856, 0.0020092701068532815, -0.0013878856325693562], [0.002009270106853282, 0.0025981614419808416, 0.00027545330049311677], [-0.0013878856325693562, 0.0002754533004931173, 0.14156280902447163]], "chi2_level": 0.95, "chi2_df": 3, "chi2_threshold": 7.814727903251179, "N_raw": 81, "N_roi": 81, "N_inlier": 72, "refit": true}
{"timestamp": "14:44:07.395367", "frame": 71, "mu": [-0.24119008655935015, 1.6239822757014115, 1.1157281162310912], "Sigma": [[0.00450539285951498, 0.0006937718807342676, -0.0007116591616785923], [0.0006937718807342676, 0.0007972640211191419, -0.002241188353747701], [-0.0007116591616785921, -0.002241188353747701, 0.01582820924554766]], "chi2_level": 0.95, "chi2_df": 3, "chi2_threshold": 7.814727903251179, "N_raw": 59, "N_roi": 59, "N_inlier": 53, "refit": true}
{"timestamp": "14:44:07.452943", "frame": 72, "mu": [-0.1701634750286103, 1.6298969246181745, -0.4875372982666565], "Sigma": [[0.009968043040418201, 0.0025808399858575143, 0.050068845423036634], [0.0025808399858575134, 0.002589695653590758, 0.009870678350498922], [0.050068845423036634, 0.00987067835049892, 0.5900783970995848]], "chi2_level": 0.95, "chi2_df": 3, "chi2_threshold": 7.814727903251179, "N_raw": 87, "N_roi": 87, "N_inlier": 82, "refit": true}
{"timestamp": "14:44:07.508267", "frame": 73, "mu": [-0.10122730451040968, 1.7204837370261814, -0.372499624749558], "Sigma": [[0.008204142524374103, 0.003121838892263737, 0.0022330553162047597], [0.003121838892263737, 0.006409096006975599, -0.0021948069557690903], [0.0022330553162047593, -0.0021948069557690907, 0.02420635901031183]], "chi2_level": 0.95, "chi2_df": 3, "chi2_threshold": 7.814727903251179, "N_raw": 85, "N_roi": 85, "N_inlier": 79, "refit": true}
{"timestamp": "14:44:07.565195", "frame": 74, "mu": [-0.07705104726636999, 1.569866022732183, 1.158138029661871], "Sigma": [[0.014535871502201559, 0.003964347237658331, 0.01626550277421139], [0.0039643472376583305, 0.002627083811796301, 0.003248806605100848], [0.01626550277421139, 0.003248806605100848, 0.056532971371743505]], "chi2_level": 0.95, "chi2_df": 3, "chi2_threshold": 7.814727903251179, "N_raw": 97, "N_roi": 97, "N_inlier": 92, "refit": true}
{"timestamp": "14:44:07.625318", "frame": 75, "mu": [-0.1443989282928275, 1.7356887520570756, -0.8467092537746793], "Sigma": [[0.02130546613522673, -0.0016333756223677652, 0.04244330944792049], [-0.0016333756223677652, 0.01694155361818957, -0.05949775854517825], [0.04244330944792049, -0.05949775854517824, 0.3043158596918976]], "chi2_level": 0.95, "chi2_df": 3, "chi2_threshold": 7.814727903251179, "N_raw": 133, "N_roi": 133, "N_inlier": 133, "refit": true}
{"timestamp": "14:44:07.683006", "frame": 76, "mu": [-0.14297106853785463, 1.5202721486657234, -0.8744492107394777], "Sigma": [[0.016353848726567016, 0.015129118311691005, 0.04213231481019637], [0.015129118311691005, 0.024090050656217454, 0.019595304419434193], [0.04213231481019637, 0.019595304419434193, 0.3416160805360848]], "chi2_level": 0.95, "chi2_df": 3, "chi2_threshold": 7.814727903251179, "N_raw": 150, "N_roi": 150, "N_inlier": 141, "refit": true}
{"timestamp": "14:44:07.739027", "frame": 77, "mu": [-0.14715067781518984, 1.3999633585965996, 0.9984285475861543], "Sigma": [[0.032652416209433974, 0.0052929826089608435, 0.01917799920644207], [0.0052929826089608435, 0.00843992727190585, 0.023526079904156342], [0.01917799920644207, 0.023526079904156342, 0.19679188642056364]], "chi2_level": 0.95, "chi2_df": 3, "chi2_threshold": 7.814727903251179, "N_raw": 150, "N_roi": 150, "N_inlier": 144, "refit": true}
{"timestamp": "14:44:07.786118", "frame": 78, "mu": [-0.02706178198557262, 1.3579970586504004, 1.1058870851430176], "Sigma": [[0.015461750229978347, 0.0017818767430556838, 0.017489069827572742], [0.0017818767430556838, 0.0028358214777672347, -0.0028106101016236174], [0.017489069827572742, -0.0028106101016236165, 0.25185080486542477]], "chi2_level": 0.95, "chi2_df": 3, "chi2_threshold": 7.814727903251179, "N_raw": 102, "N_roi": 102, "N_inlier": 91, "refit": true}
{"timestamp": "14:44:07.846510", "frame": 79, "mu": [0.12185113263539615, 1.2586552567571498, 0.9156263395820511], "Sigma": [[0.10249600954154986, -0.007754938142714213, -0.026207062649155986], [-0.007754938142714213, 0.006660550278748202, 0.011490428809336798], [-0.02620706264915598, 0.011490428809336798, 0.05385734515221128]], "chi2_level": 0.95, "chi2_df": 3, "chi2_threshold": 7.814727903251179, "N_raw": 145, "N_roi": 143, "N_inlier": 140, "refit": true}
{"timestamp": "14:44:07.904268", "frame": 80, "mu": [0.10579573441541533, 1.4708643538324533, -0.4842524548660167], "Sigma": [[0.01651688978279429, -0.0015238657431876192, 0.0004193578995400262], [-0.0015238657431876192, 0.005890874812143021, -0.012442649646173708], [0.0004193578995400262, -0.012442649646173708, 0.045557633515477494]], "chi2_level": 0.95, "chi2_df": 3, "chi2_threshold": 7.814727903251179, "N_raw": 150, "N_roi": 150, "N_inlier": 141, "refit": true}
{"timestamp": "14:44:07.957338", "frame": 81, "mu": [0.05842720875506734, 1.3563941011087564, -0.6083994286126971], "Sigma": [[0.023122558747296653, 0.005804788759298049, 0.016349851334028158], [0.005804788759298049, 0.004605077695607292, -0.0008688302034014722], [0.016349851334028158, -0.0008688302034014722, 0.03759480262743427]], "chi2_level": 0.95, "chi2_df": 3, "chi2_threshold": 7.814727903251179, "N_raw": 150, "N_roi": 150, "N_inlier": 147, "refit": true}
{"timestamp": "14:44:08.009466", "frame": 82, "mu": [0.2182332803783968, 1.402389295270293, -0.6811716143941433], "Sigma": [[0.0406080689521825, 0.00997250986232314, -0.015102092318150054], [0.009972509862323141, 0.013795248011635048, -0.04503685570884079], [-0.015102092318150054, -0.0450368557088408, 0.1921641548070311]], "chi2_level": 0.95, "chi2_df": 3, "chi2_threshold": 7.814727903251179, "N_raw": 114, "N_roi": 114, "N_inlier": 112, "refit": true}
{"timestamp": "14:44:08.063097", "frame": 83, "mu": [0.08916471940887827, 1.2631825402857464, -0.4237939925958071], "Sigma": [[0.038764094300694524, -0.0024908131770889686, 0.04069226427861023], [-0.0024908131770889686, 0.005724634781183469, -0.010388663076511461], [0.04069226427861023, -0.010388663076511461, 0.06473023797912414]], "chi2_level": 0.95, "chi2_df": 3, "chi2_threshold": 7.814727903251179, "N_raw": 117, "N_roi": 117, "N_inlier": 112, "refit": true}
{"timestamp": "14:44:08.122488", "frame": 84, "mu": [0.15772857782089103, 1.0679126766433313, 0.932919271817655], "Sigma": [[0.031178967527138318, 0.00481798403122891, -0.011182177569937512], [0.00481798403122891, 0.00344559726648271, 0.0036830830792069554], [-0.011182177569937512, 0.0036830830792069576, 0.33425404810184484]], "chi2_level": 0.95, "chi2_df": 3, "chi2_threshold": 7.814727903251179, "N_raw": 150, "N_roi": 150, "N_inlier": 148, "refit": true}
{"timestamp": "14:44:08.176710", "frame": 85, "mu": [0.12518807432143758, 1.188542429226198, -0.559925400073899], "Sigma": [[0.012035244649351658, -0.002169910296057059, 0.021825812023310086], [-0.002169910296057059, 0.0035598871432569127, -0.00997877643367174], [0.02182581202331009, -0.00997877643367174, 0.05627962175558042]], "chi2_level": 0.95, "chi2_df": 3, "chi2_threshold": 7.814727903251179, "N_raw": 150, "N_roi": 150, "N_inlier": 138, "refit": true}
{"timestamp": "14:44:08.232778", "frame": 86, "mu": [0.21443543021922037, 0.979306243467424, 1.186416827526347], "Sigma": [[0.006511944918928772, 0.00252967808297722, 0.012081996096203682], [0.00252967808297722, 0.006769552334860088, 0.008610337837995703], [0.012081996096203685, 0.008610337837995703, 0.07712618797423695]], "chi2_level": 0.95, "chi2_df": 3, "chi2_threshold": 7.814727903251179, "N_raw": 150, "N_roi": 150, "N_inlier": 147, "refit": true}
{"timestamp": "14:44:08.286687", "frame": 87, "mu": [0.22711949362519246, 0.9288110376174363, 1.0961207065012684], "Sigma": [[0.007368512367703039, 0.00041394472710172715, 0.006969437307107893], [0.000413944727101727, 0.0011255153819353875, 0.0013228323566407982], [0.006969437307107893, 0.0013228323566407984, 0.061166985916385704]], "chi2_level": 0.95, "chi2_df": 3, "chi2_threshold": 7.814727903251179, "N_raw": 150, "N_roi": 150, "N_inlier": 146, "refit": true}
{"timestamp": "14:44:08.328430", "frame": 88, "mu": [0.33577238992471126, 0.8861376889882804, 1.48263212144199], "Sigma": [[0.0027600315210905765, 0.0003520244066219711, 0.0006198453644986506], [0.000352024406621971, 0.0011642243035709123, -1.7116999608998728e-05], [0.0006198453644986504, -1.7116999608998674e-05, 0.011714644805827115]], "chi2_level": 0.95, "chi2_df": 3, "chi2_threshold": 7.814727903251179, "N_raw": 45, "N_roi": 45, "N_inlier": 39, "refit": true}
{"timestamp": "14:44:08.381698", "frame": 89, "mu": [0.27361218705229856, 0.8673534200262559, 1.3150768766168999], "Sigma": [[0.004572680700027412, -0.0009835709934405063, 0.006679742506425018], [-0.0009835709934405059, 0.0037157048801541555, -0.003344854108479357], [0.006679742506425018, -0.0033448541084793565, 0.017321702296180116]], "chi2_level": 0.95, "chi2_df": 3, "chi2_threshold": 7.814727903251179, "N_raw": 53, "N_roi": 53, "N_inlier": 47, "refit": true}
{"timestamp": "14:44:08.439017", "frame": 90, "mu": [0.3907064807117359, 0.9645227172004478, -0.5153450515314166], "Sigma": [[0.003700126788718005, 0.0013570792210616978, -0.002943753904031436], [0.0013570792210616978, 0.007007231512531212, 0.0030410423627865186], [-0.002943753904031435, 0.0030410423627865195, 0.06519338803016242]], "chi2_level": 0.95, "chi2_df": 3, "chi2_threshold": 7.814727903251179, "N_raw": 65, "N_roi": 65, "N_inlier": 61, "refit": true}
{"timestamp": "14:44:08.493548", "frame": 91, "mu": [0.3818400381968041, 0.8493334487975357, 1.303210582161674], "Sigma": [[0.0024653526319151223, -6.029970497728305e-05, 0.0013200089503330632], [-6.029970497728297e-05, 0.006949541850992117, -0.001795654651352081], [0.0013200089503330637, -0.0017956546513520815, 0.011273157610609078]], "chi2_level": 0.95, "chi2_df": 3, "chi2_threshold": 7.814727903251179, "N_raw": 55, "N_roi": 52, "N_inlier": 48, "refit": true}
{"timestamp": "14:44:08.547210", "frame": 92, "mu": [0.4017937969891818, 0.9959238500320635, -0.8047959986006852], "Sigma": [[0.004706928664526887, -0.005209313285664844, 0.011793671909105238], [-0.005209313285664844, 0.008559106942039785, -0.021385250413107543], [0.011793671909105238, -0.021385250413107543, 0.06594633145770157]], "chi2_level": 0.95, "chi2_df": 3, "chi2_threshold": 7.814727903251179, "N_raw": 48, "N_roi": 48, "N_inlier": 46, "refit": true}
{"timestamp": "14:44:08.596686", "frame": 93, "mu": [0.47356142973824505, 1.062687228388598, -0.9285714035823085], "Sigma": [[0.006168940870797026, -0.013840146806313859, 0.04109213940796519], [-0.013840146806313859, 0.049928528429693725, -0.1317969340620474], [0.04109213940796519, -0.1317969340620474, 0.35934170240043983]], "chi2_level": 0.95, "chi2_df": 3, "chi2_threshold": 7.814727903251179, "N_raw": 12, "N_roi": 12, "N_inlier": 10, "refit": true}
{"timestamp": "14:44:08.650362", "frame": 94, "mu": [0.5555142002959172, 0.6713680461827579, 0.7933082197121243], "Sigma": [[0.0014154200160848365, -0.0005934766174256482, 0.012101043444653261], [-0.0005934766174256482, 0.0006010975563925986, 0.002822954687475389], [0.012101043444653261, 0.002822954687475389, 0.4965252993561436]], "chi2_level": 0.95, "chi2_df": 3, "chi2_threshold": 7.814727903251179, "N_raw": 7, "N_roi": 7, "N_inlier": 7, "refit": true}
{"timestamp": "14:44:08.709739", "frame": 95, "mu": [0.5690866772088992, 0.66427325211156, 1.2743890469971206], "Sigma": [[0.003403406963911549, 0.0013913203553194522, 0.0003902346028779792], [0.0013913203553194524, 0.002158294837215084, -0.0007906111426153548], [0.00039023460287797914, -0.0007906111426153547, 0.0010686620739097869]], "chi2_level": 0.95, "chi2_df": 3, "chi2_threshold": 7.814727903251179, "N_raw": 45, "N_roi": 45, "N_inlier": 40, "refit": true}
{"timestamp": "14:44:08.761499", "frame": 96, "mu": [0.649804027251691, 0.8216588629976216, -0.54456870296106], "Sigma": [[0.007221799146330641, -0.0006832379951716475, 0.006294780978453936], [-0.0006832379951716475, 0.004410893106358661, -0.011465581645639576], [0.006294780978453936, -0.011465581645639576, 0.036559016028541384]], "chi2_level": 0.95, "chi2_df": 3, "chi2_threshold": 7.814727903251179, "N_raw": 8, "N_roi": 8, "N_inlier": 7, "refit": true}
{"timestamp": "14:44:08.814922", "frame": 97, "mu": [0.6641756774081424, 0.6430191256166677, 1.2354717740987418], "Sigma": [[0.003122529931581428, 0.0024608145219229636, 0.008595988683362914], [0.0024608145219229636, 0.002648465176087623, 0.008895253747422966], [0.008595988683362914, 0.008895253747422966, 0.04630253082819404]], "chi2_level": 0.95, "chi2_df": 3, "chi2_threshold": 7.814727903251179, "N_raw": 10, "N_roi": 10, "N_inlier": 10, "refit": true}
{"timestamp": "14:44:08.871364", "frame": 98, "mu": [0.7936427691112937, 0.5670738253511436, 1.052907334232836], "Sigma": [[0.004960110050733262, -0.004269403369197236, -0.036635970428970585], [-0.004269403369197236, 0.009799987272161236, 0.05932889702105654], [-0.036635970428970585, 0.05932889702105654, 0.41252362020064265]], "chi2_level": 0.95, "chi2_df": 3, "chi2_threshold": 7.814727903251179, "N_raw": 8, "N_roi": 8, "N_inlier": 8, "refit": true}
{"timestamp": "14:44:09.433366", "frame": 100, "mu": [0.7280334783181815, 0.5295904684196483, 1.107681474372826], "Sigma": [[0.02341874407247596, -0.008645246731562436, -0.04641730385070952], [-0.008645246731562438, 0.008322723161237463, 0.03983305268306227], [-0.04641730385070952, 0.03983305268306227, 0.19587666843923338]], "chi2_level": 0.95, "chi2_df": 3, "chi2_threshold": 7.814727903251179, "N_raw": 7, "N_roi": 7, "N_inlier": 6, "refit": true}
{"timestamp": "14:44:09.466555", "frame": 101, "mu": [0.8962599190754257, 0.6015131639134708, -0.741129680014981], "Sigma": [[0.007285830055742592, -0.0024965583385886153, -0.05124429283633894], [-0.002496558338588615, 0.006934505368208151, 0.036415631327615224], [-0.05124429283633894, 0.036415631327615224, 0.43651856092601393]], "chi2_level": 0.95, "chi2_df": 3, "chi2_threshold": 7.814727903251179, "N_raw": 9, "N_roi": 9, "N_inlier": 7, "refit": true}
{"timestamp": "14:44:09.496480", "frame": 102, "mu": [0.8740695353027002, 0.29167489390821916, 0.8253495408339395], "Sigma": [[0.009776733349854112, -0.009274777364782135, -0.05713453331359039], [-0.009274777364782135, 0.02712611474003178, 0.0925148202437002], [-0.057134533313590384, 0.09251482024370021, 0.4230739675567003]], "chi2_level": 0.95, "chi2_df": 3, "chi2_threshold": 7.814727903251179, "N_raw": 9, "N_roi": 9, "N_inlier": 8, "refit": true}
{"timestamp": "14:44:09.527239", "frame": 103, "mu": [0.8318776304569764, 0.42753518485457714, 1.3179188985353179], "Sigma": [[0.004450481659454132, -0.000470333783473211, -0.0011947465192982411], [-0.000470333783473211, 0.002117901153853902, -0.00012321898740685918], [-0.0011947465192982411, -0.00012321898740685918, 0.00042361899574912243]], "chi2_level": 0.95, "chi2_df": 3, "chi2_threshold": 7.814727903251179, "N_raw": 7, "N_roi": 7, "N_inlier": 6, "refit": true}
{"timestamp": "14:44:09.557444", "frame": 104, "mu": [0.9860801665375419, 0.33867387136369453, 0.9117882049477347], "Sigma": [[0.00285463379448528, 0.00017433201478798152, -0.021191932426476594], [0.00017433201478798152, 0.0030294798443502536, -0.0040720501499419215], [-0.021191932426476594, -0.0040720501499419215, 0.2989945308199088]], "chi2_level": 0.95, "chi2_df": 3, "chi2_threshold": 7.814727903251179, "N_raw": 9, "N_roi": 8, "N_inlier": 8, "refit": true}
{"timestamp": "14:44:09.621278", "frame": 106, "mu": [0.651369441658278, 0.23305361158678806, 1.0014382385544387], "Sigma": [[0.6419179899176437, 0.018424612131846402, -0.16659319127740463], [0.018424612131846402, 0.0011694022654022555, 0.004233538174615436], [-0.16659319127740466, 0.004233538174615435, 0.39377259200264325]], "chi2_level": 0.95, "chi2_df": 3, "chi2_threshold": 7.814727903251179, "N_raw": 7, "N_roi": 7, "N_inlier": 7, "refit": true}
{"timestamp": "14:44:09.758170", "frame": 110, "mu": [0.5242698871930791, 0.35859555948716304, -1.5345326910573005], "Sigma": [[1.0662300456990024, -0.025195545023407005, 0.18376395679853252], [-0.025195545023407, 0.030773997417148622, 0.03564360766964996], [0.18376395679853252, 0.03564360766964996, 0.3437982022808134]], "chi2_level": 0.95, "chi2_df": 3, "chi2_threshold": 7.814727903251179, "N_raw": 5, "N_roi": 5, "N_inlier": 5, "refit": true}
{"timestamp": "14:44:09.785263", "frame": 111, "mu": [0.8892171620016179, 0.23772039345407073, 0.5458797425368711], "Sigma": [[0.5711039970101079, 0.00448576544965216, -0.2699015707990677], [0.0044857654496521585, 0.01086538897544085, 0.029057192058695405], [-0.2699015707990677, 0.029057192058695405, 0.2960364631047283]], "chi2_level": 0.95, "chi2_df": 3, "chi2_threshold": 7.814727903251179, "N_raw": 6, "N_roi": 6, "N_inlier": 6, "refit": true}
