{"timestamp": "17:50:49.163599", "frame": 1, "mu": [2.393405718765793, 2.0090663265869075, 0.7581549993689398], "Sigma": [[0.005287323125382214, -0.008106332669740987, 0.006862836316781367], [-0.008106332669740987, 0.023754281727567307, -0.0242786101544906], [0.006862836316781368, -0.0242786101544906, 0.02807695840377912]], "chi2_level": 0.99, "chi2_df": 3, "chi2_threshold": 11.344866730144373, "N_raw": 30, "N_roi": 14, "N_inlier": 14, "refit": true}
{"timestamp": "17:50:49.217282", "frame": 2, "mu": [2.401272766151813, 1.9474297971199168, 0.7642576580338624], "Sigma": [[0.0060192043959025904, -0.011776030156435644, 0.005960216374994742], [-0.011776030156435644, 0.03757082551826538, -0.022983405183646104], [0.005960216374994742, -0.022983405183646104, 0.015986858807913944]], "chi2_level": 0.99, "chi2_df": 3, "chi2_threshold": 11.344866730144373, "N_raw": 17, "N_roi": 13, "N_inlier": 13, "refit": true}
{"timestamp": "17:50:49.437423", "frame": 6, "mu": [2.3058846801688766, 1.7000700469850616, 1.0969067016315197], "Sigma": [[0.00606888412882454, -0.007732196998281285, -0.002183241049308806], [-0.007732196998281285, 0.01583632297148313, 0.0032659578946517445], [-0.002183241049308806, 0.0032659578946517445, 0.0010891128253037955]], "chi2_level": 0.99, "chi2_df": 3, "chi2_threshold": 11.344866730144373, "N_raw": 19, "N_roi": 17, "N_inlier": 16, "refit": true}
{"timestamp": "17:50:49.492717", "frame": 7, "mu": [2.2507495024515274, 1.810810063478518, 1.1687980760974193], "Sigma": [[0.007433130772059886, -0.004592096185833739, 0.001587274280111233], [-0.004592096185833739, 0.01103749099801579, 0.0009774891639518018], [0.0015872742801112329, 0.0009774891639518018, 0.001311649318192912]], "chi2_level": 0.99, "chi2_df": 3, "chi2_threshold": 11.344866730144373, "N_raw": 21, "N_roi": 17, "N_inlier": 16, "refit": true}
{"timestamp": "17:50:49.547842", "frame": 8, "mu": [2.2234437932593436, 1.81397971069958, 1.1185806888154382], "Sigma": [[0.005849065624808784, -0.005180251118214899, 0.0017037459892218405], [-0.005180251118214899, 0.011702079949975748, -0.001980735043010972], [0.0017037459892218403, -0.001980735043010972, 0.0009099800653246039]], "chi2_level": 0.99, "chi2_df": 3, "chi2_threshold": 11.344866730144373, "N_raw": 19, "N_roi": 16, "N_inlier": 15, "refit": true}
{"timestamp": "17:50:49.602325", "frame": 9, "mu": [2.01001197475246, 1.864103098954765, 0.947141479256057], "Sigma": [[0.006136471875253656, -0.00468644943595186, 0.0012683139657479604], [-0.00468644943595186, 0.005766281526928683, -0.0022837323184435663], [0.0012683139657479604, -0.002283732318443566, 0.0018032918736586802]], "chi2_level": 0.99, "chi2_df": 3, "chi2_threshold": 11.344866730144373, "N_raw": 21, "N_roi": 21, "N_inlier": 21, "refit": true}
{"timestamp": "17:50:49.659669", "frame": 10, "mu": [1.9353028181646748, 1.8852731181302893, 0.8521204266034618], "Sigma": [[0.004406472056731667, -0.0012359798036631388, 0.00039740602548867925], [-0.0012359798036631385, 0.004678297044735315, -0.00015966133792773258], [0.00039740602548867925, -0.00015966133792773258, 0.0016153102134437854]], "chi2_level": 0.99, "chi2_df": 3, "chi2_threshold": 11.344866730144373, "N_raw": 22, "N_roi": 16, "N_inlier": 15, "refit": true}
{"timestamp": "17:50:49.772305", "frame": 12, "mu": [1.92244922291156, 2.0268735699737204, 1.2169981232191986], "Sigma": [[0.00901002138393458, -0.005907706808506109, -0.0037284831448031854], [-0.005907706808506108, 0.007793371972832125, 0.0019602179227337464], [-0.0037284831448031854, 0.001960217922733747, 0.0050714335110011105]], "chi2_level": 0.99, "chi2_df": 3, "chi2_threshold": 11.344866730144373, "N_raw": 36, "N_roi": 33, "N_inlier": 31, "refit": true}
{"timestamp": "17:50:49.824893", "frame": 13, "mu": [1.8603467443030552, 1.9877644444169407, 1.1924821579222815], "Sigma": [[0.003676844549479478, -0.0025584866563023, -0.002552592623393904], [-0.0025584866563023, 0.006389154840108605, -0.000496421179695173], [-0.002552592623393904, -0.0004964211796951735, 0.026346378349792258]], "chi2_level": 0.99, "chi2_df": 3, "chi2_threshold": 11.344866730144373, "N_raw": 20, "N_roi": 20, "N_inlier": 20, "refit": true}
{"timestamp": "17:50:49.935241", "frame": 15, "mu": [1.7186978770956363, 2.170362839394705, 0.7960160725197721], "Sigma": [[0.007468860490536707, -0.005661472778934689, 0.0032957958747909903], [-0.005661472778934689, 0.008276767564222525, -0.010544958737446809], [0.0032957958747909903, -0.01054495873744681, 0.033292000847432626]], "chi2_level": 0.99, "chi2_df": 3, "chi2_threshold": 11.344866730144373, "N_raw": 29, "N_roi": 28, "N_inlier": 28, "refit": true}
{"timestamp": "17:50:49.991553", "frame": 16, "mu": [1.676994521631613, 2.093145834077583, 1.0258761470117561], "Sigma": [[0.004586956746752933, -0.004092912922259096, 0.002748481588919587], [-0.004092912922259096, 0.010781895676156882, -0.022976988679689954], [0.0027484815889195864, -0.022976988679689954, 0.0695452786482728]], "chi2_level": 0.99, "chi2_df": 3, "chi2_threshold": 11.344866730144373, "N_raw": 29, "N_roi": 27, "N_inlier": 26, "refit": true}
{"timestamp": "17:50:50.047741", "frame": 17, "mu": [1.6782946689656606, 1.9558302474383693, 0.8187854867013258], "Sigma": [[0.00838166518659045, -0.007774536571190467, -0.006903137795541351], [-0.007774536571190467, 0.008822322681233964, 0.005232266975119292], [-0.006903137795541352, 0.005232266975119292, 0.01623869311259403]], "chi2_level": 0.99, "chi2_df": 3, "chi2_threshold": 11.344866730144373, "N_raw": 36, "N_roi": 36, "N_inlier": 35, "refit": true}
{"timestamp": "17:50:50.108693", "frame": 18, "mu": [1.5861488708525766, 2.0259396533294365, 0.8195812829719129], "Sigma": [[0.01014422314842975, -0.010101869089678512, -0.004486611156075335], [-0.010101869089678512, 0.025106516938655253, -0.0036707782508011615], [-0.004486611156075335, -0.0036707782508011615, 0.026489926604579488]], "chi2_level": 0.99, "chi2_df": 3, "chi2_threshold": 11.344866730144373, "N_raw": 82, "N_roi": 82, "N_inlier": 81, "refit": true}
{"timestamp": "17:50:50.154106", "frame": 19, "mu": [1.5482213202347457, 2.0642795970918315, 0.822934152911377], "Sigma": [[0.009850531665667291, 0.0005693377425085959, -0.03404936612933444], [0.0005693377425085958, 0.008533223014465996, -0.021104945949438965], [-0.034049366129334444, -0.021104945949438965, 0.17085948528175074]], "chi2_level": 0.99, "chi2_df": 3, "chi2_threshold": 11.344866730144373, "N_raw": 12, "N_roi": 10, "N_inlier": 10, "refit": true}
{"timestamp": "17:50:50.212656", "frame": 20, "mu": [1.5260445874528044, 1.8866434879632639, 0.9283019484230198], "Sigma": [[0.009166774833921938, -0.007347230960345855, -0.004342849993847692], [-0.007347230960345855, 0.007345658350862021, 0.0012385274729715097], [-0.004342849993847691, 0.0012385274729715089, 0.01978144463166465]], "chi2_level": 0.99, "chi2_df": 3, "chi2_threshold": 11.344866730144373, "N_raw": 42, "N_roi": 42, "N_inlier": 37, "refit": true}
{"timestamp": "17:50:50.267084", "frame": 21, "mu": [1.4432099258936282, 1.8609511568365784, 0.9303946328498185], "Sigma": [[0.010033706823272532, -0.008154489681632501, -0.004311579320333551], [-0.008154489681632501, 0.008425580988240026, 0.0012654426763618956], [-0.004311579320333551, 0.0012654426763618956, 0.006476598116451474]], "chi2_level": 0.99, "chi2_df": 3, "chi2_threshold": 11.344866730144373, "N_raw": 41, "N_roi": 41, "N_inlier": 41, "refit": true}
{"timestamp": "17:50:50.318683", "frame": 22, "mu": [1.3862381563387423, 1.7807536358223581, 0.6772083854242793], "Sigma": [[0.0029257460674598397, -0.002343924934792025, -0.0030355144328866315], [-0.002343924934792025, 0.004339601594476558, 0.013301252757189946], [-0.0030355144328866315, 0.013301252757189946, 0.11713913294951289]], "chi2_level": 0.99, "chi2_df": 3, "chi2_threshold": 11.344866730144373, "N_raw": 14, "N_roi": 14, "N_inlier": 14, "refit": true}
{"timestamp": "17:50:50.379742", "frame": 23, "mu": [1.3317355898858736, 1.8376543056456887, 0.9049071285903216], "Sigma": [[0.00715106169075488, -0.005526680963312899, -0.0048568237971418965], [-0.005526680963312899, 0.007544609101438873, 0.0007241042736371063], [-0.0048568237971418965, 0.0007241042736371063, 0.007644796363266174]], "chi2_level": 0.99, "chi2_df": 3, "chi2_threshold": 11.344866730144373, "N_raw": 40, "N_roi": 40, "N_inlier": 37, "refit": true}
{"timestamp": "17:50:50.435783", "frame": 24, "mu": [1.2191055153453687, 1.866816797480875, 1.162898359705912], "Sigma": [[0.010388397911231239, -0.005852685929273052, -0.007967395963042365], [-0.005852685929273052, 0.007932409224199697, 0.003559683440250932], [-0.007967395963042365, 0.003559683440250932, 0.021571343992014026]], "chi2_level": 0.99, "chi2_df": 3, "chi2_threshold": 11.344866730144373, "N_raw": 67, "N_roi": 67, "N_inlier": 65, "refit": true}
{"timestamp": "17:50:50.493572", "frame": 25, "mu": [1.1811380470207402, 1.7514333360431642, 0.9272910052618278], "Sigma": [[0.009500228322946265, -0.0031411966233690176, -0.0015892046527880978], [-0.003141196623369018, 0.009278208627180925, 0.0033536939604021927], [-0.0015892046527880978, 0.003353693960402193, 0.025259823667492843]], "chi2_level": 0.99, "chi2_df": 3, "chi2_threshold": 11.344866730144373, "N_raw": 74, "N_roi": 73, "N_inlier": 69, "refit": true}
{"timestamp": "17:50:50.548151", "frame": 26, "mu": [1.0827147419552037, 1.923955773926259, 1.2844032561008807], "Sigma": [[0.011472271284775803, -0.005950400385752792, -0.009552368798864692], [-0.005950400385752793, 0.0103179406866681, 0.0031489440680098884], [-0.009552368798864692, 0.0031489440680098884, 0.009885530618519484]], "chi2_level": 0.99, "chi2_df": 3, "chi2_threshold": 11.344866730144373, "N_raw": 75, "N_roi": 75, "N_inlier": 70, "refit": true}
{"timestamp": "17:50:50.601596", "frame": 27, "mu": [0.958611857631198, 1.711829156924267, 0.777192123733923], "Sigma": [[0.00889761085123269, -0.0005670126859826869, 0.00771504002973453], [-0.000567012685982687, 0.005546426754736733, 0.003146477968449202], [0.00771504002973453, 0.003146477968449202, 0.06030931295151892]], "chi2_level": 0.99, "chi2_df": 3, "chi2_threshold": 11.344866730144373, "N_raw": 60, "N_roi": 60, "N_inlier": 58, "refit": true}
{"timestamp": "17:50:50.655209", "frame": 28, "mu": [0.9412652454917082, 1.7557803915798098, 1.001924073095328], "Sigma": [[0.010063111414493628, 0.0015407325789463745, 0.014980173982530516], [0.0015407325789463743, 0.0018995710639206796, 0.0015187803732812184], [0.014980173982530516, 0.0015187803732812184, 0.03628479465219175]], "chi2_level": 0.99, "chi2_df": 3, "chi2_threshold": 11.344866730144373, "N_raw": 59, "N_roi": 59, "N_inlier": 55, "refit": true}
{"timestamp": "17:50:50.711873", "frame": 29, "mu": [0.9209119102700604, 1.8607305309095261, 1.215521474190915], "Sigma": [[0.009736682771579554, -0.002631970122286105, -0.0006283841306963625], [-0.002631970122286105, 0.0053141759661721995, -0.0035194986502223346], [-0.0006283841306963625, -0.0035194986502223346, 0.00753903713513827]], "chi2_level": 0.99, "chi2_df": 3, "chi2_threshold": 11.344866730144373, "N_raw": 74, "N_roi": 74, "N_inlier": 70, "refit": true}
{"timestamp": "17:50:50.770759", "frame": 30, "mu": [0.8441850522965819, 1.878976948035352, 1.1638641425568585], "Sigma": [[0.009770121592415032, -0.002349870809807241, -0.00010872831165128767], [-0.002349870809807241, 0.004819783459093562, -0.006189217069517089], [-0.00010872831165128764, -0.006189217069517089, 0.014525909036978134]], "chi2_level": 0.99, "chi2_df": 3, "chi2_threshold": 11.344866730144373, "N_raw": 90, "N_roi": 90, "N_inlier": 84, "refit": true}
{"timestamp": "17:50:50.825021", "frame": 31, "mu": [0.7707020005423469, 1.9135357937130881, 1.221979999817046], "Sigma": [[0.010362348377795516, -0.002007334525869822, -0.004625785098871998], [-0.002007334525869822, 0.0031249345744220553, -0.0030401849438502822], [-0.004625785098871998, -0.0030401849438502827, 0.01978346243918893]], "chi2_level": 0.99, "chi2_df": 3, "chi2_threshold": 11.344866730144373, "N_raw": 80, "N_roi": 80, "N_inlier": 74, "refit": true}
{"timestamp": "17:50:50.876877", "frame": 32, "mu": [0.6612300801825493, 1.936765162429949, 1.1369704615654972], "Sigma": [[0.02201812414076823, 0.0004181046534130601, 0.052610616320531566], [0.00041810465341305986, 0.002855029805420608, 0.0043181381260924846], [0.052610616320531566, 0.0043181381260924846, 0.23182068962362387]], "chi2_level": 0.99, "chi2_df": 3, "chi2_threshold": 11.344866730144373, "N_raw": 66, "N_roi": 66, "N_inlier": 64, "refit": true}
{"timestamp": "17:50:50.930663", "frame": 33, "mu": [0.5935111523364824, 1.9483948180938022, 1.3435049240862005], "Sigma": [[0.007083614752727603, -0.001112442234680874, -0.0023709954774948907], [-0.001112442234680874, 0.005302513591414097, -0.0030575461374113388], [-0.002370995477494891, -0.0030575461374113388, 0.005369494367776115]], "chi2_level": 0.99, "chi2_df": 3, "chi2_threshold": 11.344866730144373, "N_raw": 65, "N_roi": 65, "N_inlier": 61, "refit": true}
{"timestamp": "17:50:50.987547", "frame": 34, "mu": [0.502050517161319, 1.9208366295651378, 1.2702966491532997], "Sigma": [[0.008972862985684471, -0.0027983377370004794, -0.0005910181278261725], [-0.0027983377370004794, 0.004130054877184043, -0.001951932235398844], [-0.0005910181278261722, -0.0019519322353988443, 0.009889077089084238]], "chi2_level": 0.99, "chi2_df": 3, "chi2_threshold": 11.344866730144373, "N_raw": 68, "N_roi": 68, "N_inlier": 64, "refit": true}
{"timestamp": "17:50:51.043803", "frame": 35, "mu": [0.4796797809273334, 1.8676020801219557, 1.1829211769664854], "Sigma": [[0.007451905525805543, -0.002635247022600584, -0.003993363413550418], [-0.002635247022600584, 0.010033863813285518, -2.9031407629169677e-05], [-0.003993363413550418, -2.9031407629169677e-05, 0.0030278797567139977]], "chi2_level": 0.99, "chi2_df": 3, "chi2_threshold": 11.344866730144373, "N_raw": 79, "N_roi": 77, "N_inlier": 73, "refit": true}
{"timestamp": "17:50:51.096467", "frame": 36, "mu": [0.3999608784739769, 1.8661370250301588, 1.2465524237295014], "Sigma": [[0.007003332998534313, -0.000888147483345232, -0.0012093623386580361], [-0.000888147483345232, 0.0066807502104455786, 0.0010910161139402466], [-0.0012093623386580364, 0.0010910161139402466, 0.0031279427920433913]], "chi2_level": 0.99, "chi2_df": 3, "chi2_threshold": 11.344866730144373, "N_raw": 65, "N_roi": 65, "N_inlier": 60, "refit": true}
{"timestamp": "17:50:51.157979", "frame": 37, "mu": [0.28817065029310246, 1.8811806753465905, 0.7154568644452205], "Sigma": [[0.01425069461763427, -0.0007123952503611474, 0.01877345110339139], [-0.0007123952503611474, 0.00510344664744805, 0.025572886009874965], [0.01877345110339139, 0.025572886009874965, 0.5147472520338824]], "chi2_level": 0.99, "chi2_df": 3, "chi2_threshold": 11.344866730144373, "N_raw": 107, "N_roi": 105, "N_inlier": 105, "refit": true}
{"timestamp": "17:50:51.208756", "frame": 38, "mu": [0.20805740930771421, 1.8698456086095863, 1.0732796458088547], "Sigma": [[0.017544783893114, 0.004213254306538479, 0.05173967446074462], [0.004213254306538479, 0.01198562749986823, 0.03392521594782409], [0.05173967446074462, 0.03392521594782409, 0.28489430975804786]], "chi2_level": 0.99, "chi2_df": 3, "chi2_threshold": 11.344866730144373, "N_raw": 77, "N_roi": 77, "N_inlier": 74, "refit": true}
{"timestamp": "17:50:51.262078", "frame": 39, "mu": [0.20179071221897946, 1.8018027261580534, 1.1565154778949707], "Sigma": [[0.0061852301057437895, -0.004045924829235891, -0.010133696481581737], [-0.004045924829235891, 0.010724319624836033, 0.018991530401036634], [-0.010133696481581737, 0.018991530401036634, 0.05734763877184337]], "chi2_level": 0.99, "chi2_df": 3, "chi2_threshold": 11.344866730144373, "N_raw": 69, "N_roi": 69, "N_inlier": 65, "refit": true}
{"timestamp": "17:50:51.319355", "frame": 40, "mu": [0.011890542125193011, 1.7398787003327878, 0.6361973900140673], "Sigma": [[0.04961276327682415, -0.008876236171315196, 0.07530826124735598], [-0.008876236171315196, 0.01810977535802026, 0.01519661622092718], [0.07530826124735598, 0.015196616220927175, 0.21541312412799787]], "chi2_level": 0.99, "chi2_df": 3, "chi2_threshold": 11.344866730144373, "N_raw": 83, "N_roi": 82, "N_inlier": 80, "refit": true}
{"timestamp": "17:50:51.375000", "frame": 41, "mu": [0.0011777868626163968, 1.8480476041857443, 1.159665147858766], "Sigma": [[0.012692877510048108, -0.0005504601162186665, 0.016347022072688355], [-0.0005504601162186663, 0.007887852158887161, 0.0020323542553445234], [0.016347022072688355, 0.002032354255344523, 0.057017473341361105]], "chi2_level": 0.99, "chi2_df": 3, "chi2_threshold": 11.344866730144373, "N_raw": 82, "N_roi": 78, "N_inlier": 74, "refit": true}
{"timestamp": "17:50:51.429872", "frame": 42, "mu": [-0.12790949022847986, 1.803824499876829, -0.6415582024221449], "Sigma": [[0.035971112268668747, 0.00872599180121019, 0.18831702649384663], [0.00872599180121019, 0.006459137193666792, 0.040063696218646756], [0.18831702649384663, 0.040063696218646756, 1.3554121446062932]], "chi2_level": 0.99, "chi2_df": 3, "chi2_threshold": 11.344866730144373, "N_raw": 93, "N_roi": 93, "N_inlier": 93, "refit": true}
{"timestamp": "17:50:51.486279", "frame": 43, "mu": [-0.12139997547379412, 1.8062293076306417, 1.0504652085567525], "Sigma": [[0.009108341901688842, -0.00025969274029353264, -0.012534090231484194], [-0.0002596927402935323, 0.013947165909191378, -0.020038222110640342], [-0.012534090231484194, -0.020038222110640342, 0.10858876645483208]], "chi2_level": 0.99, "chi2_df": 3, "chi2_threshold": 11.344866730144373, "N_raw": 95, "N_roi": 95, "N_inlier": 93, "refit": true}
{"timestamp": "17:50:51.543555", "frame": 44, "mu": [-0.24703411313484114, 1.868284977350935, 0.7447710679699416], "Sigma": [[0.010282129887638112, 0.0033914465415798897, 0.015990866958730303], [0.0033914465415798892, 0.00731069317466674, 0.03201355973158333], [0.015990866958730303, 0.032013559731583326, 0.4239415101722783]], "chi2_level": 0.99, "chi2_df": 3, "chi2_threshold": 11.344866730144373, "N_raw": 109, "N_roi": 107, "N_inlier": 106, "refit": true}
{"timestamp": "17:50:51.584367", "frame": 45, "mu": [-0.23388069008460594, 2.1590279641696393, -0.8354165097321147], "Sigma": [[0.0017611733872781741, 0.003559870276939967, -0.008911587369956975], [0.003559870276939966, 0.032318620792445324, -0.10705231276810696], [-0.008911587369956973, -0.10705231276810696, 0.381941576703757]], "chi2_level": 0.99, "chi2_df": 3, "chi2_threshold": 11.344866730144373, "N_raw": 10, "N_roi": 10, "N_inlier": 10, "refit": true}
{"timestamp": "17:50:51.648942", "frame": 46, "mu": [-0.39438666638274006, 1.800464355262686, 1.3493663107858493], "Sigma": [[0.007241368507198624, -0.0014698211029050944, -0.004453817554914016], [-0.0014698211029050944, 0.009945085274302741, 0.002168207823009233], [-0.004453817554914016, 0.002168207823009233, 0.004862701464973245]], "chi2_level": 0.99, "chi2_df": 3, "chi2_threshold": 11.344866730144373, "N_raw": 80, "N_roi": 80, "N_inlier": 77, "refit": true}
{"timestamp": "17:50:51.707547", "frame": 47, "mu": [-0.44871894787135697, 1.7710096777973887, 1.013835119826059], "Sigma": [[0.009632511540818345, -2.124004478607286e-05, 0.011511263534704165], [-2.1240044786072915e-05, 0.004513976096796908, -0.01534731200484579], [0.011511263534704165, -0.01534731200484579, 0.18270837236704796]], "chi2_level": 0.99, "chi2_df": 3, "chi2_threshold": 11.344866730144373, "N_raw": 107, "N_roi": 107, "N_inlier": 106, "refit": true}
{"timestamp": "17:50:51.760526", "frame": 48, "mu": [-0.5001109599483464, 1.7185559977471967, 1.120171436453661], "Sigma": [[0.008310670891628397, 0.002401283133179611, -0.003638686482362427], [0.002401283133179611, 0.0069383299212935024, -0.0067521411282050504], [-0.003638686482362427, -0.0067521411282050504, 0.009947766251286705]], "chi2_level": 0.99, "chi2_df": 3, "chi2_threshold": 11.344866730144373, "N_raw": 94, "N_roi": 93, "N_inlier": 88, "refit": true}
{"timestamp": "17:50:51.814802", "frame": 49, "mu": [-0.5643812753333749, 1.7702501752644024, 1.2105518633808536], "Sigma": [[0.007854663190335384, 0.0021003937194771557, -0.003413228571293492], [0.002100393719477156, 0.00914604800574255, -0.0026658146311059026], [-0.003413228571293492, -0.0026658146311059026, 0.002285682909184917]], "chi2_level": 0.99, "chi2_df": 3, "chi2_threshold": 11.344866730144373, "N_raw": 80, "N_roi": 80, "N_inlier": 75, "refit": true}
{"timestamp": "17:50:51.870835", "frame": 50, "mu": [-0.6377231958596796, 1.7713361354054942, 1.220320289965283], "Sigma": [[0.009732257312176832, 0.0025601499504066074, -0.008538886958321754], [0.002560149950406608, 0.009430629931851975, -0.004672511454607115], [-0.008538886958321754, -0.004672511454607115, 0.015122753079552057]], "chi2_level": 0.99, "chi2_df": 3, "chi2_threshold": 11.344866730144373, "N_raw": 93, "N_roi": 93, "N_inlier": 88, "refit": true}
{"timestamp": "17:50:51.922971", "frame": 51, "mu": [-0.7205752542525995, 1.7900852690465126, 1.2333808337528633], "Sigma": [[0.008303263437675712, 0.002042209894268683, -0.009348017971096387], [0.002042209894268683, 0.008486181003054481, -0.0040711734624375795], [-0.009348017971096386, -0.0040711734624375795, 0.014298855963926358]], "chi2_level": 0.99, "chi2_df": 3, "chi2_threshold": 11.344866730144373, "N_raw": 77, "N_roi": 77, "N_inlier": 71, "refit": true}
{"timestamp": "17:50:51.982524", "frame": 52, "mu": [-0.7760789597562052, 1.7480349602381258, 1.035583977234377], "Sigma": [[0.020221653268519373, -0.0021390645923715663, -0.048029381885688005], [-0.0021390645923715667, 0.008132358427615288, 0.0032954718538031245], [-0.048029381885688, 0.0032954718538031245, 0.1478050612604224]], "chi2_level": 0.99, "chi2_df": 3, "chi2_threshold": 11.344866730144373, "N_raw": 104, "N_roi": 104, "N_inlier": 101, "refit": true}
{"timestamp": "17:50:52.036858", "frame": 53, "mu": [-0.8688368702157818, 1.8386170316197696, -0.2486243621612414], "Sigma": [[0.015582478252256471, -0.0017464911956852486, 0.03881984990595025], [-0.001746491195685249, 0.010378512271932544, 0.007179561709857392], [0.03881984990595025, 0.0071795617098573935, 0.3148430662760743]], "chi2_level": 0.99, "chi2_df": 3, "chi2_threshold": 11.344866730144373, "N_raw": 95, "N_roi": 95, "N_inlier": 93, "refit": true}
{"timestamp": "17:50:52.091801", "frame": 54, "mu": [-0.9864822362296308, 1.8172056641614558, 1.3778969222004074], "Sigma": [[0.009442994867082303, -8.068732640160512e-05, -0.013293874529395502], [-8.068732640160499e-05, 0.0068842216748313334, -0.003099269538306779], [-0.0132938745293955, -0.0030992695383067785, 0.0507819824961826]], "chi2_level": 0.99, "chi2_df": 3, "chi2_threshold": 11.344866730144373, "N_raw": 96, "N_roi": 92, "N_inlier": 87, "refit": true}
{"timestamp": "17:50:52.145539", "frame": 55, "mu": [-1.0359094091612886, 1.805907578171758, 1.1599750647439084], "Sigma": [[0.014861648634864477, -0.00491379460386904, -0.04987854571342984], [-0.00491379460386904, 0.008813373072375934, 0.022522927190971095], [-0.04987854571342984, 0.022522927190971095, 0.24590371977920097]], "chi2_level": 0.99, "chi2_df": 3, "chi2_threshold": 11.344866730144373, "N_raw": 90, "N_roi": 90, "N_inlier": 87, "refit": true}
{"timestamp": "17:50:52.199179", "frame": 56, "mu": [-1.124555967821301, 1.8190239193436746, 1.2593566169503745], "Sigma": [[0.01041245144420713, -0.0017046782313717172, -0.02406811223973328], [-0.0017046782313717176, 0.0078370552048214, 0.005017835194535457], [-0.02406811223973328, 0.005017835194535457, 0.1470720896546072]], "chi2_level": 0.99, "chi2_df": 3, "chi2_threshold": 11.344866730144373, "N_raw": 80, "N_roi": 80, "N_inlier": 78, "refit": true}
{"timestamp": "17:50:52.248907", "frame": 57, "mu": [-1.192739614082562, 1.7736042047496468, 1.2326700029058735], "Sigma": [[0.004509052533102229, 0.00022347381794680108, -0.009516318102670809], [0.00022347381794680102, 0.008892687578776398, 0.0028897036012221185], [-0.009516318102670809, 0.0028897036012221185, 0.14756114995762779]], "chi2_level": 0.99, "chi2_df": 3, "chi2_threshold": 11.344866730144373, "N_raw": 49, "N_roi": 49, "N_inlier": 48, "refit": true}
{"timestamp": "17:50:52.303372", "frame": 58, "mu": [-1.304007462009003, 1.8153840162912824, 1.1539356774979979], "Sigma": [[0.0048287578984430824, 0.0018257538442657058, 0.00198083533528114], [0.0018257538442657058, 0.0055473456497128195, 0.014195566172954607], [0.0019808353352811403, 0.014195566172954607, 0.15251209255358025]], "chi2_level": 0.99, "chi2_df": 3, "chi2_threshold": 11.344866730144373, "N_raw": 40, "N_roi": 40, "N_inlier": 38, "refit": true}
{"timestamp": "17:50:52.355891", "frame": 59, "mu": [-1.3331882703322548, 1.6498512395284977, 1.1478083467411093], "Sigma": [[0.005890520276148662, -0.00033933203089436706, 0.005623439649684751], [-0.0003393320308943665, 0.005997673773202847, -0.010637770614176078], [0.005623439649684751, -0.010637770614176078, 0.04617158095138297]], "chi2_level": 0.99, "chi2_df": 3, "chi2_threshold": 11.344866730144373, "N_raw": 28, "N_roi": 28, "N_inlier": 26, "refit": true}
{"timestamp": "17:50:52.416460", "frame": 60, "mu": [-1.482439743243007, 1.7103167857644803, 1.2242080771568593], "Sigma": [[0.00995920239423569, 0.002710730693807775, -0.0030841869368866937], [0.002710730693807775, 0.004947847800033362, -0.006714674166001685], [-0.0030841869368866937, -0.006714674166001685, 0.0132892690334027]], "chi2_level": 0.99, "chi2_df": 3, "chi2_threshold": 11.344866730144373, "N_raw": 68, "N_roi": 68, "N_inlier": 65, "refit": true}
{"timestamp": "17:50:52.472047", "frame": 61, "mu": [-1.7547526389423103, 1.5883808937806734, 1.6912203724678352], "Sigma": [[0.027491015503590892, 0.02287060792885115, -0.025655719529197193], [0.02287060792885115, 0.027648650346883526, -0.024269330712687973], [-0.025655719529197193, -0.024269330712687973, 0.0326020273809846]], "chi2_level": 0.99, "chi2_df": 3, "chi2_threshold": 11.344866730144373, "N_raw": 75, "N_roi": 75, "N_inlier": 73, "refit": true}
{"timestamp": "17:50:52.527523", "frame": 62, "mu": [-1.7402949209977627, 1.5990748063607816, 1.5310489437201427], "Sigma": [[0.023017176002532502, 0.01668289768394439, -0.02659008187954706], [0.01668289768394439, 0.021799443055329857, -0.020654179104178064], [-0.02659008187954706, -0.020654179104178064, 0.03389013434304651]], "chi2_level": 0.99, "chi2_df": 3, "chi2_threshold": 11.344866730144373, "N_raw": 75, "N_roi": 75, "N_inlier": 71, "refit": true}
{"timestamp": "17:50:52.585896", "frame": 63, "mu": [-1.835493568906646, 1.5903414800622548, 1.5794390523610435], "Sigma": [[0.020029921282203544, 0.01293005261344649, -0.019605684380972748], [0.01293005261344649, 0.01765855893350236, -0.017806037216207896], [-0.019605684380972748, -0.017806037216207896, 0.033853121960170734]], "chi2_level": 0.99, "chi2_df": 3, "chi2_threshold": 11.344866730144373, "N_raw": 90, "N_roi": 90, "N_inlier": 85, "refit": true}
{"timestamp": "17:50:52.735921", "frame": 64, "mu": [-1.891079183728115, 1.64278212187488, -0.26493114313589], "Sigma": [[0.017455459330631105, 0.016161890451222446, -0.011769230758373214], [0.016161890451222446, 0.02772563072585361, -0.02355859806491984], [-0.011769230758373214, -0.02355859806491984, 0.031236528620167823]], "chi2_level": 0.99, "chi2_df": 3, "chi2_threshold": 11.344866730144373, "N_raw": 91, "N_roi": 91, "N_inlier": 89, "refit": true}
{"timestamp": "17:50:52.753181", "frame": 65, "mu": [-1.9511161944096382, 1.687933296255995, -0.31442606221249697], "Sigma": [[0.025350754945869552, 0.029942558630516862, -0.02762089745826134], [0.029942558630516862, 0.04520300722156215, -0.049532840182047816], [-0.02762089745826134, -0.049532840182047816, 0.07297238351949437]], "chi2_level": 0.99, "chi2_df": 3, "chi2_threshold": 11.344866730144373, "N_raw": 66, "N_roi": 66, "N_inlier": 64, "refit": true}
{"timestamp": "17:50:52.796995", "frame": 66, "mu": [-2.0573402608839704, 1.4798960857594272, 1.312361792802949], "Sigma": [[0.00989982756301168, 0.006653581332192881, -0.004810409221638303], [0.006653581332192881, 0.010479380124639734, -0.006078502562845524], [-0.004810409221638303, -0.006078502562845524, 0.0070141807440096396]], "chi2_level": 0.99, "chi2_df": 3, "chi2_threshold": 11.344866730144373, "N_raw": 45, "N_roi": 45, "N_inlier": 41, "refit": true}
{"timestamp": "17:50:52.829689", "frame": 67, "mu": [-2.0465262635091457, 1.4931621525056915, 1.303556736771286], "Sigma": [[0.01467286110421621, 0.009192857644096402, -0.01103361547714644], [0.009192857644096403, 0.018560286232994695, -0.012695157756990276], [-0.01103361547714644, -0.012695157756990278, 0.016892696352536186]], "chi2_level": 0.99, "chi2_df": 3, "chi2_threshold": 11.344866730144373, "N_raw": 81, "N_roi": 81, "N_inlier": 77, "refit": true}
{"timestamp": "17:50:52.860352", "frame": 68, "mu": [-2.10130747498057, 1.40621915765878, 1.266236364078735], "Sigma": [[0.013969479272703948, 0.007363515338099882, -0.008675386895921173], [0.007363515338099882, 0.01282708918112044, -0.007885287939371644], [-0.008675386895921174, -0.007885287939371646, 0.019532833134015857]], "chi2_level": 0.99, "chi2_df": 3, "chi2_threshold": 11.344866730144373, "N_raw": 65, "N_roi": 65, "N_inlier": 62, "refit": true}
{"timestamp": "17:50:52.910037", "frame": 69, "mu": [-2.20778902110353, 1.447087025377604, -0.6314210618488114], "Sigma": [[0.010372517994533514, 0.006193196366057233, -0.0020629665035925286], [0.006193196366057233, 0.01693414796258989, 0.003929998331673248], [-0.0020629665035925286, 0.003929998331673248, 0.025616241826556026]], "chi2_level": 0.99, "chi2_df": 3, "chi2_threshold": 11.344866730144373, "N_raw": 54, "N_roi": 53, "N_inlier": 50, "refit": true}
{"timestamp": "17:50:52.964790", "frame": 70, "mu": [-2.213326623597507, 1.4098661523614722, 1.304691837473174], "Sigma": [[0.011877886127707725, 0.005996361882435009, -0.00788435728008414], [0.005996361882435009, 0.013840888237859035, -0.010320114453962824], [-0.007884357280084138, -0.010320114453962822, 0.018385528814613465]], "chi2_level": 0.99, "chi2_df": 3, "chi2_threshold": 11.344866730144373, "N_raw": 59, "N_roi": 59, "N_inlier": 59, "refit": true}
{"timestamp": "17:50:53.018103", "frame": 71, "mu": [-2.2903159905848196, 1.3744729447096335, 1.3716532162512602], "Sigma": [[0.010855073580740972, 0.007365136382135802, -0.010239350259820933], [0.007365136382135802, 0.014122591019572972, -0.011863955390277302], [-0.010239350259820933, -0.011863955390277302, 0.014436918296221108]], "chi2_level": 0.99, "chi2_df": 3, "chi2_threshold": 11.344866730144373, "N_raw": 47, "N_roi": 45, "N_inlier": 45, "refit": true}
{"timestamp": "17:50:53.080763", "frame": 72, "mu": [-2.2849166887906143, 1.392909626363431, 1.2097711137503007], "Sigma": [[0.01313004015037783, 0.01064936721220023, -0.008612740968293502], [0.01064936721220023, 0.019710359646609842, -0.014500277045873627], [-0.008612740968293502, -0.014500277045873627, 0.014468376036119347]], "chi2_level": 0.99, "chi2_df": 3, "chi2_threshold": 11.344866730144373, "N_raw": 72, "N_roi": 66, "N_inlier": 63, "refit": true}
{"timestamp": "17:50:53.130788", "frame": 73, "mu": [-2.335524261251136, 1.2948702196132775, 1.0756742196962903], "Sigma": [[0.007998346273035988, 0.007713447040384834, -0.0032274296411175427], [0.007713447040384834, 0.014472755122285113, -0.01347767953005708], [-0.0032274296411175427, -0.01347767953005708, 0.024482472770911912]], "chi2_level": 0.99, "chi2_df": 3, "chi2_threshold": 11.344866730144373, "N_raw": 63, "N_roi": 52, "N_inlier": 52, "refit": true}
{"timestamp": "17:50:53.184046", "frame": 74, "mu": [-2.3702080971399226, 1.385208576875386, 1.1636940602456445], "Sigma": [[0.005032416376692471, 0.0042988969662543855, -0.002333496080921777], [0.0042988969662543855, 0.012321241177860095, -0.011340293563222225], [-0.0023334960809217767, -0.011340293563222225, 0.013219555700272927]], "chi2_level": 0.99, "chi2_df": 3, "chi2_threshold": 11.344866730144373, "N_raw": 51, "N_roi": 37, "N_inlier": 36, "refit": true}
{"timestamp": "17:50:53.238834", "frame": 75, "mu": [-2.4163143771396633, 1.4110409702701634, 0.9770983679078036], "Sigma": [[0.00275644257962949, 0.0016126875480676668, 0.0010422329026979547], [0.001612687548067667, 0.005065481836090379, -0.009545947123357813], [0.0010422329026979547, -0.009545947123357813, 0.03706430961524071]], "chi2_level": 0.99, "chi2_df": 3, "chi2_threshold": 11.344866730144373, "N_raw": 54, "N_roi": 31, "N_inlier": 31, "refit": true}
{"timestamp": "17:50:53.295120", "frame": 76, "mu": [-2.4316098197814595, 1.4935042024038798, 1.0058677280137605], "Sigma": [[0.0019187169918624875, 0.0014123780088505953, -0.0030217565605043183], [0.0014123780088505953, 0.004044148570079114, -0.011669578495240522], [-0.0030217565605043187, -0.01166957849524052, 0.05469496787785634]], "chi2_level": 0.99, "chi2_df": 3, "chi2_threshold": 11.344866730144373, "N_raw": 57, "N_roi": 20, "N_inlier": 20, "refit": true}
{"timestamp": "17:50:53.348977", "frame": 77, "mu": [-2.463685719217748, 1.4539504410678734, 0.8390212721523922], "Sigma": [[0.0007552485812950536, 0.00010846743671137838, 0.0020511318786879725], [0.00010846743671137843, 0.003378911336050703, -0.006415601549192246], [0.0020511318786879725, -0.006415601549192246, 0.04074533305595572]], "chi2_level": 0.99, "chi2_df": 3, "chi2_threshold": 11.344866730144373, "N_raw": 48, "N_roi": 12, "N_inlier": 12, "refit": true}
