{"timestamp": "18:07:04.205790", "frame": 7, "mu": [-1.9658308417665171, 4.948192495546463, 1.0567442719510933], "Sigma": [[0.01737853303085529, 0.001674045637697409, 0.0015998871597088654], [0.001674045637697409, 0.0007488793934278036, -0.002012663299935763], [0.0015998871597088654, -0.002012663299935763, 0.01866376261494359]], "chi2_level": 0.99, "chi2_df": 3, "chi2_threshold": 11.344866730144373, "N_raw": 39, "N_roi": 14, "N_inlier": 14, "refit": true}
{"timestamp": "18:07:04.318933", "frame": 9, "mu": [-2.007191262476744, 4.931671065491504, 0.5690390235144996], "Sigma": [[0.014231818500206252, 0.0021815304382945037, -0.00278212661525337], [0.0021815304382945037, 0.0016273617141935057, -0.0005600943344207877], [-0.00278212661525337, -0.0005600943344207877, 0.0007532208059715578]], "chi2_level": 0.99, "chi2_df": 3, "chi2_threshold": 11.344866730144373, "N_raw": 64, "N_roi": 14, "N_inlier": 14, "refit": true}
{"timestamp": "18:07:04.374415", "frame": 10, "mu": [-1.806191675883645, 4.9173355773883305, 0.4432844397777357], "Sigma": [[0.04765120616834215, 0.001983930505384202, -0.0357256391981986], [0.001983930505384202, 0.0021317266688205753, -0.002957924733132014], [-0.0357256391981986, -0.0029579247331320145, 0.03386301359487836]], "chi2_level": 0.99, "chi2_df": 3, "chi2_threshold": 11.344866730144373, "N_raw": 49, "N_roi": 41, "N_inlier": 40, "refit": true}
{"timestamp": "18:07:04.426812", "frame": 11, "mu": [-1.730060024241787, 4.92873706552979, 0.5255741170472936], "Sigma": [[0.021803659032336758, 0.003538373404010405, -0.0054539389854850765], [0.0035383734040104055, 0.0020321441162033968, -0.0018665050431975968], [-0.0054539389854850765, -0.0018665050431975964, 0.014828525147442711]], "chi2_level": 0.99, "chi2_df": 3, "chi2_threshold": 11.344866730144373, "N_raw": 32, "N_roi": 30, "N_inlier": 29, "refit": true}
{"timestamp": "18:07:04.478911", "frame": 12, "mu": [-1.8767098198743262, 4.9495596875577945, 0.764074464432267], "Sigma": [[0.024842833320032967, -0.0005904885818685615, 0.008373394946783998], [-0.0005904885818685618, 0.0009495570256825766, -0.0032723869728487273], [0.008373394946783998, -0.0032723869728487273, 0.0239841568185501]], "chi2_level": 0.99, "chi2_df": 3, "chi2_threshold": 11.344866730144373, "N_raw": 14, "N_roi": 10, "N_inlier": 10, "refit": true}
{"timestamp": "18:07:04.590343", "frame": 14, "mu": [-1.7334127649751525, 4.842670148986689, 0.5785260033922447], "Sigma": [[0.021325673733825108, 0.005807461862970856, -0.0035022151221476665], [0.005807461862970856, 0.0019663005263630155, -0.0018553025855716145], [-0.0035022151221476665, -0.0018553025855716145, 0.01460073828630459]], "chi2_level": 0.99, "chi2_df": 3, "chi2_threshold": 11.344866730144373, "N_raw": 24, "N_roi": 23, "N_inlier": 22, "refit": true}
{"timestamp": "18:07:04.648169", "frame": 15, "mu": [-1.8903596584956865, 4.938374264402679, -0.18344593637618944], "Sigma": [[0.027262921313349616, 0.0026978769903866495, 0.004838610639906736], [0.00269787699038665, 0.0012789017288893634, -0.0021914647907336827], [0.004838610639906737, -0.0021914647907336827, 0.011543678825866129]], "chi2_level": 0.99, "chi2_df": 3, "chi2_threshold": 11.344866730144373, "N_raw": 40, "N_roi": 18, "N_inlier": 18, "refit": true}
{"timestamp": "18:07:04.698991", "frame": 16, "mu": [-1.7586689723530426, 4.720987082823628, 0.3858706376046401], "Sigma": [[0.013173352653758949, 0.0014318147090946268, -0.002566654711532863], [0.0014318147090946268, 0.0006051458604672512, -0.001016391657819113], [-0.0025666547115328624, -0.001016391657819113, 0.04498968344089253]], "chi2_level": 0.99, "chi2_df": 3, "chi2_threshold": 11.344866730144373, "N_raw": 13, "N_roi": 13, "N_inlier": 13, "refit": true}
{"timestamp": "18:07:04.756675", "frame": 17, "mu": [-1.6574130104333713, 4.707691856019267, 0.6662493701584825], "Sigma": [[0.025273757090882476, 0.0063202847545147725, -0.010292216244658293], [0.0063202847545147725, 0.0023526948260446587, -0.00398466992757176], [-0.010292216244658293, -0.003984669927571761, 0.02007308298627882]], "chi2_level": 0.99, "chi2_df": 3, "chi2_threshold": 11.344866730144373, "N_raw": 31, "N_roi": 29, "N_inlier": 27, "refit": true}
{"timestamp": "18:07:04.813325", "frame": 18, "mu": [-1.816761618808491, 4.6685933849310555, 0.6395891876884001], "Sigma": [[0.034851929804751984, 0.006623070991363648, -0.004673578410957752], [0.006623070991363648, 0.00243065827576413, -0.004104745882856538], [-0.004673578410957751, -0.004104745882856538, 0.01641006269221921]], "chi2_level": 0.99, "chi2_df": 3, "chi2_threshold": 11.344866730144373, "N_raw": 41, "N_roi": 39, "N_inlier": 39, "refit": true}
{"timestamp": "18:07:04.867132", "frame": 19, "mu": [-1.745939682899898, 4.615617941251868, 0.6300615616238578], "Sigma": [[0.02763496026971344, 0.005356541586392402, -0.008884684308535236], [0.005356541586392401, 0.0026661343529719283, -0.004189603853246161], [-0.008884684308535234, -0.004189603853246161, 0.010085900105927552]], "chi2_level": 0.99, "chi2_df": 3, "chi2_threshold": 11.344866730144373, "N_raw": 34, "N_roi": 34, "N_inlier": 34, "refit": true}
{"timestamp": "18:07:04.923917", "frame": 20, "mu": [-1.8704048040439694, 4.574254271929106, 0.6537121060203898], "Sigma": [[0.04050828566550478, 0.007952968007805542, -0.008112741194765582], [0.007952968007805542, 0.0035188512779409575, -0.004130271359436731], [-0.008112741194765582, -0.004130271359436732, 0.008024899890251814]], "chi2_level": 0.99, "chi2_df": 3, "chi2_threshold": 11.344866730144373, "N_raw": 49, "N_roi": 40, "N_inlier": 40, "refit": true}
{"timestamp": "18:07:04.978095", "frame": 21, "mu": [-1.6755850370284189, 4.544976068629649, 0.8100985621452087], "Sigma": [[0.039869261456976425, 0.0020082110631476613, -0.04015398224791482], [0.0020082110631476613, 0.003456313881902118, -0.0025265598473492236], [-0.04015398224791482, -0.0025265598473492227, 0.04433799789974455]], "chi2_level": 0.99, "chi2_df": 3, "chi2_threshold": 11.344866730144373, "N_raw": 44, "N_roi": 44, "N_inlier": 43, "refit": true}
{"timestamp": "18:07:05.086849", "frame": 23, "mu": [-1.8332383435973125, 4.611561562951023, 0.045964210426421875], "Sigma": [[0.029650729243077375, 0.006564266359215455, -0.007127554382857544], [0.006564266359215455, 0.005253198201434613, -0.00688689321452425], [-0.007127554382857544, -0.00688689321452425, 0.011734654539256264]], "chi2_level": 0.99, "chi2_df": 3, "chi2_threshold": 11.344866730144373, "N_raw": 35, "N_roi": 35, "N_inlier": 34, "refit": true}
{"timestamp": "18:07:05.141949", "frame": 24, "mu": [-1.7191113177358883, 4.429219211907443, 0.7132159007327111], "Sigma": [[0.027236710471489116, 0.0033587548590513225, -0.02376376137902566], [0.0033587548590513225, 0.0019101324826732672, -0.005803958370523493], [-0.023763761379025652, -0.005803958370523493, 0.03142760177560215]], "chi2_level": 0.99, "chi2_df": 3, "chi2_threshold": 11.344866730144373, "N_raw": 35, "N_roi": 35, "N_inlier": 35, "refit": true}
{"timestamp": "18:07:05.252452", "frame": 26, "mu": [-1.7298693454086476, 4.452305132820842, -0.8093080106073153], "Sigma": [[0.027378936110925754, 0.018342358220256056, 0.03861167438047472], [0.018342358220256056, 0.019022100839746016, 0.04285973731591893], [0.03861167438047473, 0.04285973731591893, 0.15345620764539167]], "chi2_level": 0.99, "chi2_df": 3, "chi2_threshold": 11.344866730144373, "N_raw": 35, "N_roi": 35, "N_inlier": 35, "refit": true}
{"timestamp": "18:07:05.307734", "frame": 27, "mu": [-1.6216689082437048, 4.5503318893099145, -0.5202906133292193], "Sigma": [[0.03920807774946604, 0.007785342234904416, -0.04364725078382834], [0.007785342234904417, 0.004876925059198958, -0.011129771639203487], [-0.04364725078382834, -0.011129771639203485, 0.05541837653653415]], "chi2_level": 0.99, "chi2_df": 3, "chi2_threshold": 11.344866730144373, "N_raw": 43, "N_roi": 43, "N_inlier": 42, "refit": true}
{"timestamp": "18:07:05.364244", "frame": 28, "mu": [-1.7341052442895633, 4.245410970241707, 0.6536169624720216], "Sigma": [[0.03358665713964991, 0.006817480178781789, -0.017415661585214112], [0.006817480178781789, 0.004287237380927842, -0.007047958146501708], [-0.017415661585214112, -0.007047958146501709, 0.015751946139506513]], "chi2_level": 0.99, "chi2_df": 3, "chi2_threshold": 11.344866730144373, "N_raw": 49, "N_roi": 49, "N_inlier": 49, "refit": true}
{"timestamp": "18:07:05.419909", "frame": 29, "mu": [-1.7159668106887336, 4.196072487943437, 0.5306205693312107], "Sigma": [[0.03453062526005099, 0.0037675411226946683, -0.022582717741902465], [0.0037675411226946683, 0.001798203157514232, -0.006574457957348652], [-0.02258271774190247, -0.006574457957348652, 0.03746051825469057]], "chi2_level": 0.99, "chi2_df": 3, "chi2_threshold": 11.344866730144373, "N_raw": 53, "N_roi": 53, "N_inlier": 53, "refit": true}
{"timestamp": "18:07:05.473049", "frame": 30, "mu": [-1.6822378907742686, 4.131272280695382, 0.5989907454905491], "Sigma": [[0.02551729358337987, 0.0029240550585675723, -0.018860300509889433], [0.0029240550585675727, 0.0006761219955440112, -0.0022388127007034], [-0.018860300509889433, -0.0022388127007034004, 0.053879720548804806]], "chi2_level": 0.99, "chi2_df": 3, "chi2_threshold": 11.344866730144373, "N_raw": 40, "N_roi": 40, "N_inlier": 39, "refit": true}
{"timestamp": "18:07:05.530019", "frame": 31, "mu": [-1.6885890594413548, 4.069809405861023, 0.5538496456278593], "Sigma": [[0.03301344435668631, 0.004105980410939948, -0.028784389127071194], [0.004105980410939948, 0.001457078608737463, -0.0065974227234249835], [-0.028784389127071194, -0.0065974227234249835, 0.05378406145715619]], "chi2_level": 0.99, "chi2_df": 3, "chi2_threshold": 11.344866730144373, "N_raw": 54, "N_roi": 54, "N_inlier": 54, "refit": true}
{"timestamp": "18:07:05.581668", "frame": 32, "mu": [-1.6673062112062687, 4.05041982924496, 0.44260344151581976], "Sigma": [[0.023309831977549815, 0.006363990483497709, -0.013039209769225863], [0.006363990483497708, 0.003051532098692882, -0.008148211173749054], [-0.013039209769225863, -0.008148211173749054, 0.031871921367437446]], "chi2_level": 0.99, "chi2_df": 3, "chi2_threshold": 11.344866730144373, "N_raw": 29, "N_roi": 29, "N_inlier": 28, "refit": true}
{"timestamp": "18:07:05.634922", "frame": 33, "mu": [-1.693477555267242, 4.0184126643081015, 0.7801514798258798], "Sigma": [[0.014043757484965514, 0.00414920962223376, -0.006147781097822724], [0.004149209622233759, 0.001802905912143165, -0.004099507754045377], [-0.0061477810978227245, -0.004099507754045377, 0.017253467751921187]], "chi2_level": 0.99, "chi2_df": 3, "chi2_threshold": 11.344866730144373, "N_raw": 20, "N_roi": 20, "N_inlier": 20, "refit": true}
{"timestamp": "18:07:05.743384", "frame": 35, "mu": [-1.586356395486346, 3.9554509988588538, 0.5232101762534269], "Sigma": [[0.013597254884047769, -0.0006270782651106013, -0.005773603002503177], [-0.0006270782651106014, 0.0015003303178623033, -0.0009823904985749123], [-0.005773603002503179, -0.0009823904985749121, 0.01619189116356127]], "chi2_level": 0.99, "chi2_df": 3, "chi2_threshold": 11.344866730144373, "N_raw": 13, "N_roi": 13, "N_inlier": 13, "refit": true}
{"timestamp": "18:07:05.804876", "frame": 36, "mu": [-1.6752103556293227, 4.114542903288553, -0.28807145205771456], "Sigma": [[0.03165820886138971, 0.004917961399023953, -0.005146249516250035], [0.004917961399023952, 0.004871114678189907, -0.0056440543521419926], [-0.005146249516250034, -0.0056440543521419926, 0.014683419676616766]], "chi2_level": 0.99, "chi2_df": 3, "chi2_threshold": 11.344866730144373, "N_raw": 48, "N_roi": 48, "N_inlier": 48, "refit": true}
{"timestamp": "18:07:05.859465", "frame": 37, "mu": [-1.7078505248973772, 4.0734075893643205, -0.35222055664964136], "Sigma": [[0.021384384843730023, 0.00425782264568429, 0.0008739727945252559], [0.00425782264568429, 0.004590584929665955, -0.006897530998472406], [0.0008739727945252562, -0.006897530998472406, 0.016999973578956308]], "chi2_level": 0.99, "chi2_df": 3, "chi2_threshold": 11.344866730144373, "N_raw": 41, "N_roi": 41, "N_inlier": 40, "refit": true}
{"timestamp": "18:07:05.913650", "frame": 38, "mu": [-1.7387170589135106, 3.822352699957775, 0.7889433423285391], "Sigma": [[0.022812170529037373, 0.004203609376331859, -0.017744214560314893], [0.004203609376331859, 0.002061789795839354, -0.0070053536789240044], [-0.017744214560314896, -0.0070053536789240044, 0.03491825090706646]], "chi2_level": 0.99, "chi2_df": 3, "chi2_threshold": 11.344866730144373, "N_raw": 45, "N_roi": 45, "N_inlier": 45, "refit": true}
{"timestamp": "18:07:05.971390", "frame": 39, "mu": [-1.7332004869115958, 3.77290341833688, 0.8582110061129002], "Sigma": [[0.02822148143688876, 0.006571542898293372, -0.006909182642748276], [0.006571542898293372, 0.0051075414073105865, -0.008073882519107563], [-0.006909182642748276, -0.008073882519107563, 0.019155036339951685]], "chi2_level": 0.99, "chi2_df": 3, "chi2_threshold": 11.344866730144373, "N_raw": 65, "N_roi": 65, "N_inlier": 64, "refit": true}
{"timestamp": "18:07:06.027376", "frame": 40, "mu": [-1.7524665438744504, 3.683546182507463, 0.4925890192662552], "Sigma": [[0.03531305828401134, 0.0026588632593438043, -0.010522953256121107], [0.0026588632593438043, 0.003404811286737899, 0.013626940144681618], [-0.010522953256121107, 0.01362694014468162, 0.10843577622160341]], "chi2_level": 0.99, "chi2_df": 3, "chi2_threshold": 11.344866730144373, "N_raw": 69, "N_roi": 68, "N_inlier": 68, "refit": true}
{"timestamp": "18:07:06.077393", "frame": 41, "mu": [-1.695471673482275, 3.6964205911392365, 0.8617441141316438], "Sigma": [[0.021263535475155637, 0.006363645214313403, 0.006679961378265872], [0.006363645214313403, 0.003347804843136181, 0.0021966312710277798], [0.006679961378265871, 0.0021966312710277793, 0.035222683879883046]], "chi2_level": 0.99, "chi2_df": 3, "chi2_threshold": 11.344866730144373, "N_raw": 28, "N_roi": 28, "N_inlier": 28, "refit": true}
{"timestamp": "18:07:06.137620", "frame": 42, "mu": [-1.7296199460500046, 3.847419778269225, -0.43054440073236955], "Sigma": [[0.02954597589227885, 0.0012562884531743422, 0.005564789722913027], [0.0012562884531743424, 0.00839567565461537, -0.021115687080313923], [0.005564789722913027, -0.021115687080313923, 0.06219442850024579]], "chi2_level": 0.99, "chi2_df": 3, "chi2_threshold": 11.344866730144373, "N_raw": 76, "N_roi": 76, "N_inlier": 74, "refit": true}
{"timestamp": "18:07:06.191408", "frame": 43, "mu": [-1.75409793717419, 3.56348238761659, 0.692351057473452], "Sigma": [[0.026855793036271863, 0.004304252083584868, -0.007911012058598534], [0.004304252083584868, 0.0017341544979996447, -0.005697055891065887], [-0.007911012058598534, -0.005697055891065887, 0.03236418254556096]], "chi2_level": 0.99, "chi2_df": 3, "chi2_threshold": 11.344866730144373, "N_raw": 63, "N_roi": 61, "N_inlier": 60, "refit": true}
{"timestamp": "18:07:06.245139", "frame": 44, "mu": [-1.7436903208847525, 3.5060778380471818, 0.5581290052704965], "Sigma": [[0.02767222047957036, 0.0040804597362764684, 0.00046031979457463595], [0.0040804597362764684, 0.0016072554322049068, -0.003040819378280854], [0.00046031979457463606, -0.003040819378280854, 0.024141603158966504]], "chi2_level": 0.99, "chi2_df": 3, "chi2_threshold": 11.344866730144373, "N_raw": 62, "N_roi": 59, "N_inlier": 58, "refit": true}
{"timestamp": "18:07:06.298179", "frame": 45, "mu": [-1.7687189675568327, 3.4697259291162954, 0.8474856160159159], "Sigma": [[0.01500197314551943, 0.0034838438763685, -0.010163859833051514], [0.0034838438763685, 0.002285728866254019, -0.006332178646983307], [-0.010163859833051514, -0.006332178646983307, 0.024011073653121422]], "chi2_level": 0.99, "chi2_df": 3, "chi2_threshold": 11.344866730144373, "N_raw": 40, "N_roi": 40, "N_inlier": 39, "refit": true}
{"timestamp": "18:07:06.352638", "frame": 46, "mu": [-1.6879284238454106, 3.4394989461070913, 0.9305625498565052], "Sigma": [[0.02129573743752816, 0.005807974276950562, -0.01151496902729497], [0.005807974276950562, 0.004783878440760261, -0.00460674521139907], [-0.011514969027294972, -0.00460674521139907, 0.008183810311242464]], "chi2_level": 0.99, "chi2_df": 3, "chi2_threshold": 11.344866730144373, "N_raw": 42, "N_roi": 42, "N_inlier": 41, "refit": true}
{"timestamp": "18:07:06.409217", "frame": 47, "mu": [-1.7605638798608927, 3.3618096125334342, 0.762986781142502], "Sigma": [[0.01895280634753861, 0.006599612332080078, -0.0058305168526779005], [0.0065996123320800765, 0.0027944266156567496, -0.004955028527211111], [-0.0058305168526779, -0.00495502852721111, 0.05273021833029048]], "chi2_level": 0.99, "chi2_df": 3, "chi2_threshold": 11.344866730144373, "N_raw": 54, "N_roi": 54, "N_inlier": 53, "refit": true}
{"timestamp": "18:07:06.464656", "frame": 48, "mu": [-1.7119991507302106, 3.3459044893881007, 0.8002945941440047], "Sigma": [[0.014949094750111075, 0.00236024663957112, -0.010842026981052681], [0.00236024663957112, 0.0016017731178402529, -0.006190458914596289], [-0.010842026981052681, -0.006190458914596287, 0.034114536190077496]], "chi2_level": 0.99, "chi2_df": 3, "chi2_threshold": 11.344866730144373, "N_raw": 45, "N_roi": 45, "N_inlier": 44, "refit": true}
{"timestamp": "18:07:06.519325", "frame": 49, "mu": [-1.705788504543427, 3.2759151567032774, 0.8439464800445587], "Sigma": [[0.017541739287572286, 0.005134636894730324, -0.01719775962046429], [0.005134636894730324, 0.0030753858184107297, -0.009096692595869791], [-0.01719775962046429, -0.009096692595869791, 0.034221511459541124]], "chi2_level": 0.99, "chi2_df": 3, "chi2_threshold": 11.344866730144373, "N_raw": 45, "N_roi": 45, "N_inlier": 44, "refit": true}
{"timestamp": "18:07:06.573918", "frame": 50, "mu": [-1.7304972388504285, 3.2496524122488477, 0.8142807751477155], "Sigma": [[0.022863935331099233, 0.0004036580769384927, -0.0224584637911675], [0.0004036580769384927, 0.000869853693989653, -0.003097209797497916], [-0.0224584637911675, -0.0030972097974979163, 0.051401610022421634]], "chi2_level": 0.99, "chi2_df": 3, "chi2_threshold": 11.344866730144373, "N_raw": 50, "N_roi": 50, "N_inlier": 50, "refit": true}
{"timestamp": "18:07:06.628803", "frame": 51, "mu": [-1.6238795889398174, 3.21750004007684, 0.8286012703791377], "Sigma": [[0.022467612098443585, 0.005322437943503866, -0.0164994171779249], [0.005322437943503866, 0.003117746076020816, -0.0063662130232688095], [-0.0164994171779249, -0.0063662130232688095, 0.017725099177795536]], "chi2_level": 0.99, "chi2_df": 3, "chi2_threshold": 11.344866730144373, "N_raw": 45, "N_roi": 45, "N_inlier": 44, "refit": true}
{"timestamp": "18:07:06.681754", "frame": 52, "mu": [-1.671411700029841, 3.1674347523177446, 0.7663572643930995], "Sigma": [[0.014443244745357912, 0.0018209053372959516, -0.016322752962208684], [0.0018209053372959519, 0.001430683849898234, -0.004799106716424172], [-0.016322752962208684, -0.004799106716424172, 0.03008828763361943]], "chi2_level": 0.99, "chi2_df": 3, "chi2_threshold": 11.344866730144373, "N_raw": 34, "N_roi": 34, "N_inlier": 33, "refit": true}
{"timestamp": "18:07:06.741884", "frame": 53, "mu": [-1.7111429606136743, 3.117892150311163, 0.7318556387615304], "Sigma": [[0.022533391614646944, 0.0021251701056077786, -0.01676067046557178], [0.002125170105607778, 0.002405368277833997, -0.0075017618196310185], [-0.01676067046557178, -0.0075017618196310185, 0.033069000863318376]], "chi2_level": 0.99, "chi2_df": 3, "chi2_threshold": 11.344866730144373, "N_raw": 65, "N_roi": 65, "N_inlier": 65, "refit": true}
{"timestamp": "18:07:06.793237", "frame": 54, "mu": [-1.6800567172172198, 3.079550963432791, 0.9250490481865238], "Sigma": [[0.012514197910316148, 0.004194568021461061, -0.006296677326313317], [0.004194568021461061, 0.0038159249020562, -0.004835822778258772], [-0.006296677326313317, -0.004835822778258772, 0.02902249132643966]], "chi2_level": 0.99, "chi2_df": 3, "chi2_threshold": 11.344866730144373, "N_raw": 36, "N_roi": 36, "N_inlier": 35, "refit": true}
{"timestamp": "18:07:06.844832", "frame": 55, "mu": [-1.7160714728690536, 3.026766001594392, 0.7132824401039437], "Sigma": [[0.005511606292108816, -0.00040081186759622755, -0.002179632614594292], [-0.00040081186759622755, 0.0010963247181248583, -0.005247262403118444], [-0.002179632614594293, -0.005247262403118444, 0.03801347162291971]], "chi2_level": 0.99, "chi2_df": 3, "chi2_threshold": 11.344866730144373, "N_raw": 17, "N_roi": 17, "N_inlier": 16, "refit": true}
{"timestamp": "18:07:06.904706", "frame": 56, "mu": [-1.6652759594583681, 2.9470446715637135, 0.7435219010245674], "Sigma": [[0.01825049427710807, 0.002532089370049031, -0.005883176762641277], [0.002532089370049031, 0.002846189378268381, -0.005986404537323612], [-0.005883176762641276, -0.005986404537323612, 0.016575338164512305]], "chi2_level": 0.99, "chi2_df": 3, "chi2_threshold": 11.344866730144373, "N_raw": 58, "N_roi": 58, "N_inlier": 58, "refit": true}
{"timestamp": "18:07:06.964997", "frame": 57, "mu": [-1.6643707818591573, 2.879897822827881, 0.6969856804360188], "Sigma": [[0.023961322822174037, 0.0005742208256833715, -0.008898597557881473], [0.0005742208256833716, 0.002239040409780793, -0.006636361756922313], [-0.008898597557881471, -0.006636361756922313, 0.03279130945796604]], "chi2_level": 0.99, "chi2_df": 3, "chi2_threshold": 11.344866730144373, "N_raw": 79, "N_roi": 79, "N_inlier": 78, "refit": true}
{"timestamp": "18:07:07.013236", "frame": 58, "mu": [-1.6923228298134598, 2.8177968580612536, 0.7485751360438235], "Sigma": [[0.012545342070828233, 0.002557592508433032, -0.007155921955434219], [0.0025575925084330322, 0.0022515993848288675, -0.005205622385000337], [-0.007155921955434219, -0.005205622385000337, 0.01760167219758428]], "chi2_level": 0.99, "chi2_df": 3, "chi2_threshold": 11.344866730144373, "N_raw": 40, "N_roi": 40, "N_inlier": 40, "refit": true}
{"timestamp": "18:07:07.068709", "frame": 59, "mu": [-1.5992378506364866, 2.7632766091297976, 0.7321085383964041], "Sigma": [[0.014207564657027785, 0.0038905822780472875, -0.010322552405705022], [0.0038905822780472875, 0.0027311943625533577, -0.00703262665499324], [-0.010322552405705022, -0.007032626654993239, 0.021688799816736486]], "chi2_level": 0.99, "chi2_df": 3, "chi2_threshold": 11.344866730144373, "N_raw": 50, "N_roi": 50, "N_inlier": 49, "refit": true}
{"timestamp": "18:07:07.120264", "frame": 60, "mu": [-1.5968223997336704, 2.7362074353676036, 0.6740362331138627], "Sigma": [[0.013438974696819999, -0.00042324017740065213, -0.005672996517372867], [-0.00042324017740065197, 0.0018573390347810758, -0.00328943742891133], [-0.005672996517372867, -0.00328943742891133, 0.01198433061397918]], "chi2_level": 0.99, "chi2_df": 3, "chi2_threshold": 11.344866730144373, "N_raw": 20, "N_roi": 20, "N_inlier": 20, "refit": true}
{"timestamp": "18:07:07.173746", "frame": 61, "mu": [-1.8184043154864726, 2.6674181920686495, 1.07890990596545], "Sigma": [[0.02066817601254963, -0.0012937979915813554, 0.008256891911342955], [-0.0012937979915813552, 0.002044675370529402, -0.006645417870306633], [0.008256891911342955, -0.006645417870306632, 0.032938463528997625]], "chi2_level": 0.99, "chi2_df": 3, "chi2_threshold": 11.344866730144373, "N_raw": 10, "N_roi": 10, "N_inlier": 10, "refit": true}
{"timestamp": "18:07:07.234546", "frame": 62, "mu": [-1.62495878986494, 2.614449629325483, 0.9081293461210778], "Sigma": [[0.015909328881390596, 0.0004306996762753255, -0.013589173368935503], [0.00043069967627532534, 0.0015331396573642316, -0.004539324044723421], [-0.013589173368935503, -0.004539324044723421, 0.036904350027926844]], "chi2_level": 0.99, "chi2_df": 3, "chi2_threshold": 11.344866730144373, "N_raw": 54, "N_roi": 54, "N_inlier": 52, "refit": true}
{"timestamp": "18:07:07.288617", "frame": 63, "mu": [-1.6403890831791874, 2.5817011301787067, 0.7362279453706894], "Sigma": [[0.10060511388354984, 0.012220892151958575, -0.04218865428308491], [0.012220892151958576, 0.004645704139985141, -0.0056013501902608814], [-0.04218865428308491, -0.0056013501902608814, 0.018887287862914118]], "chi2_level": 0.99, "chi2_df": 3, "chi2_threshold": 11.344866730144373, "N_raw": 37, "N_roi": 33, "N_inlier": 32, "refit": true}
{"timestamp": "18:07:07.348421", "frame": 64, "mu": [-1.692565051829126, 2.5020188256484612, 0.7784521486117506], "Sigma": [[0.06150994785099605, 0.004275322721866096, 0.0038054725441328285], [0.004275322721866096, 0.003382746709502945, -0.002849063692251076], [0.0038054725441328276, -0.002849063692251076, 0.008603260793810491]], "chi2_level": 0.99, "chi2_df": 3, "chi2_threshold": 11.344866730144373, "N_raw": 73, "N_roi": 73, "N_inlier": 72, "refit": true}
{"timestamp": "18:07:07.398182", "frame": 65, "mu": [-1.9293539353110782, 2.4740057387825116, 0.858965770020871], "Sigma": [[0.018515821938327043, 0.005128048541722139, -0.0011698195273436127], [0.005128048541722139, 0.002687231033573704, -0.0018621238983986448], [-0.0011698195273436127, -0.0018621238983986448, 0.020627287182829024]], "chi2_level": 0.99, "chi2_df": 3, "chi2_threshold": 11.344866730144373, "N_raw": 38, "N_roi": 38, "N_inlier": 37, "refit": true}
{"timestamp": "18:07:07.455924", "frame": 66, "mu": [-1.6250038603256802, 2.470683527487145, 0.9527524097243082], "Sigma": [[0.02640172564465314, 0.0003831671268259928, -0.012816973211966825], [0.00038316712682599275, 0.0034940290089624368, -0.003557418668317826], [-0.012816973211966823, -0.0035574186683178266, 0.013778629098917432]], "chi2_level": 0.99, "chi2_df": 3, "chi2_threshold": 11.344866730144373, "N_raw": 64, "N_roi": 64, "N_inlier": 62, "refit": true}
{"timestamp": "18:07:07.509379", "frame": 67, "mu": [-1.6056115546542156, 2.4412207143675193, 0.9909243097723845], "Sigma": [[0.016510521610340344, 0.003053802897882406, -0.01449038705562534], [0.0030538028978824064, 0.002740716416413094, -0.005102018131161311], [-0.01449038705562534, -0.005102018131161311, 0.017367989010770128]], "chi2_level": 0.99, "chi2_df": 3, "chi2_threshold": 11.344866730144373, "N_raw": 45, "N_roi": 45, "N_inlier": 44, "refit": true}
{"timestamp": "18:07:07.561317", "frame": 68, "mu": [-1.665285457246709, 2.400152894624361, 1.0779725527041186], "Sigma": [[0.01103161744234626, 0.0029047995208402564, -0.006531338897986923], [0.002904799520840256, 0.0015727584565251587, -0.0026620913311876772], [-0.006531338897986922, -0.0026620913311876772, 0.00843527498547019]], "chi2_level": 0.99, "chi2_df": 3, "chi2_threshold": 11.344866730144373, "N_raw": 26, "N_roi": 26, "N_inlier": 24, "refit": true}
{"timestamp": "18:07:07.615897", "frame": 69, "mu": [-1.6885443408742984, 2.3627656762223697, 1.0192111765453278], "Sigma": [[0.007788869296673196, 0.002722814017906099, -0.005750512527031876], [0.002722814017906099, 0.0019457195170236145, -0.0034422713672045686], [-0.005750512527031876, -0.003442271367204568, 0.007987375852483998]], "chi2_level": 0.99, "chi2_df": 3, "chi2_threshold": 11.344866730144373, "N_raw": 25, "N_roi": 25, "N_inlier": 23, "refit": true}
{"timestamp": "18:07:07.672127", "frame": 70, "mu": [-1.7790403759958835, 2.25440968223191, 1.1604084969259931], "Sigma": [[0.006469049136929251, 0.0022423708660359006, -0.00842521129462263], [0.0022423708660359006, 0.0032124193208963123, -0.006452239598403279], [-0.00842521129462263, -0.00645223959840328, 0.029720042003757264]], "chi2_level": 0.99, "chi2_df": 3, "chi2_threshold": 11.344866730144373, "N_raw": 36, "N_roi": 36, "N_inlier": 35, "refit": true}
{"timestamp": "18:07:07.726913", "frame": 71, "mu": [-1.8946279934369084, 2.1098773971035745, 1.2548551449845897], "Sigma": [[0.025025296128738404, 0.01690542298365872, -0.028512392167724374], [0.01690542298365872, 0.0147350117422174, -0.023534998560470005], [-0.028512392167724374, -0.023534998560470005, 0.04197648331610686]], "chi2_level": 0.99, "chi2_df": 3, "chi2_threshold": 11.344866730144373, "N_raw": 35, "N_roi": 35, "N_inlier": 31, "refit": true}
{"timestamp": "18:07:07.783793", "frame": 72, "mu": [-1.7599258908469244, 2.09428407700816, 0.9812988247847297], "Sigma": [[0.007477756598341171, 0.0036199890574725663, -0.0037345070630284668], [0.0036199890574725663, 0.0027759207821166903, -0.005131742517726914], [-0.0037345070630284663, -0.005131742517726914, 0.019883063089297316]], "chi2_level": 0.99, "chi2_df": 3, "chi2_threshold": 11.344866730144373, "N_raw": 39, "N_roi": 39, "N_inlier": 38, "refit": true}
{"timestamp": "18:07:07.838540", "frame": 73, "mu": [-1.9033609062224042, 1.9677156732908574, 1.087176045011317], "Sigma": [[0.03241042702567999, 0.026094151173824638, -0.011891580267210735], [0.026094151173824638, 0.02562275319052014, -0.011736258982409755], [-0.011891580267210735, -0.011736258982409755, 0.006727518197395545]], "chi2_level": 0.99, "chi2_df": 3, "chi2_threshold": 11.344866730144373, "N_raw": 49, "N_roi": 49, "N_inlier": 45, "refit": true}
{"timestamp": "18:07:07.890184", "frame": 74, "mu": [-2.0672393312705517, 1.8652623314531516, 1.3555591987936624], "Sigma": [[0.051562580801697025, 0.03529084720119438, -0.04410685523572062], [0.03529084720119439, 0.028097635164986305, -0.040467104188226174], [-0.04410685523572062, -0.040467104188226174, 0.097059201562879]], "chi2_level": 0.99, "chi2_df": 3, "chi2_threshold": 11.344866730144373, "N_raw": 16, "N_roi": 16, "N_inlier": 16, "refit": true}
{"timestamp": "18:07:07.951546", "frame": 75, "mu": [-1.7877319661827404, 1.9814236299045194, 1.016273905440262], "Sigma": [[0.015084142048768156, 0.005604570669838412, -0.005996820503582195], [0.005604570669838412, 0.004151769201655469, -0.008019599005695988], [-0.005996820503582195, -0.008019599005695988, 0.028227251054245762]], "chi2_level": 0.99, "chi2_df": 3, "chi2_threshold": 11.344866730144373, "N_raw": 65, "N_roi": 65, "N_inlier": 60, "refit": true}
{"timestamp": "18:07:08.004423", "frame": 76, "mu": [-2.010403984150794, 1.7893289632533316, 1.1220104269581592], "Sigma": [[0.05780656418149567, 0.03788389027860059, -0.08854793383046007], [0.03788389027860059, 0.02984969558955102, -0.06401829968683037], [-0.08854793383046007, -0.06401829968683037, 0.16066526964413244]], "chi2_level": 0.99, "chi2_df": 3, "chi2_threshold": 11.344866730144373, "N_raw": 48, "N_roi": 48, "N_inlier": 48, "refit": true}
{"timestamp": "18:07:08.061471", "frame": 77, "mu": [-2.0124796695555442, 1.7404534792039918, 1.2066243947458606], "Sigma": [[0.05640545547150893, 0.03415718105900692, -0.0746041812775114], [0.03415718105900692, 0.02405466610463302, -0.049412720730352445], [-0.0746041812775114, -0.04941272073035244, 0.1392200249223454]], "chi2_level": 0.99, "chi2_df": 3, "chi2_threshold": 11.344866730144373, "N_raw": 63, "N_roi": 63, "N_inlier": 62, "refit": true}
{"timestamp": "18:07:08.114102", "frame": 78, "mu": [-2.1134487686043077, 1.609213473419164, 1.2815938377411515], "Sigma": [[0.02683529580988738, 0.019266267490399145, -0.028380454851743925], [0.01926626749039914, 0.016529737617624905, -0.02508497932012191], [-0.028380454851743928, -0.02508497932012191, 0.16475750517601437]], "chi2_level": 0.99, "chi2_df": 3, "chi2_threshold": 11.344866730144373, "N_raw": 42, "N_roi": 42, "N_inlier": 42, "refit": true}
{"timestamp": "18:07:08.170743", "frame": 79, "mu": [-2.0255226079687727, 1.817338373175709, -0.5001254108468723], "Sigma": [[0.029769720168047537, 0.021863920878144177, 0.005772460177125764], [0.021863920878144177, 0.02665131575654861, -0.017854047339806063], [0.005772460177125764, -0.017854047339806063, 0.06337691820788635]], "chi2_level": 0.99, "chi2_df": 3, "chi2_threshold": 11.344866730144373, "N_raw": 58, "N_roi": 58, "N_inlier": 58, "refit": true}
{"timestamp": "18:07:08.222926", "frame": 80, "mu": [-1.9721799811269218, 1.618816685102052, 0.9457722734638097], "Sigma": [[0.032052952551591574, 0.023188759212250692, -0.002907290782355303], [0.023188759212250692, 0.01817355319012318, -0.002920514620294956], [-0.002907290782355303, -0.002920514620294956, 0.01119648552983566]], "chi2_level": 0.99, "chi2_df": 3, "chi2_threshold": 11.344866730144373, "N_raw": 40, "N_roi": 40, "N_inlier": 37, "refit": true}
{"timestamp": "18:07:08.279734", "frame": 81, "mu": [-2.045830433319869, 1.6219326829539913, -0.43468754499158097], "Sigma": [[0.019968575019409806, 0.0190507726389828, -0.005695643436011909], [0.0190507726389828, 0.029902508212186582, -0.029158279529411423], [-0.005695643436011911, -0.02915827952941142, 0.08868458826768214]], "chi2_level": 0.99, "chi2_df": 3, "chi2_threshold": 11.344866730144373, "N_raw": 50, "N_roi": 50, "N_inlier": 50, "refit": true}
{"timestamp": "18:07:08.336671", "frame": 82, "mu": [-1.9678896423917216, 1.4435435518125286, 1.0254853883507877], "Sigma": [[0.04515392927665122, 0.02801386456515785, 0.0062542211198358556], [0.02801386456515785, 0.019972577175628378, 0.0005344164358574545], [0.0062542211198358556, 0.0005344164358574551, 0.03747964070705358]], "chi2_level": 0.99, "chi2_df": 3, "chi2_threshold": 11.344866730144373, "N_raw": 72, "N_roi": 72, "N_inlier": 71, "refit": true}
{"timestamp": "18:07:08.386089", "frame": 83, "mu": [-1.9732420521112186, 1.4472490057729979, 0.8709834351118801], "Sigma": [[0.02877037141465176, 0.016896401306143838, 0.006120391278297569], [0.016896401306143838, 0.01160198757128504, 0.0010057096987026223], [0.0061203912782975675, 0.0010057096987026227, 0.019855170760172926]], "chi2_level": 0.99, "chi2_df": 3, "chi2_threshold": 11.344866730144373, "N_raw": 25, "N_roi": 25, "N_inlier": 25, "refit": true}
{"timestamp": "18:07:08.442933", "frame": 84, "mu": [-1.9155619893434876, 1.3502360187929172, 1.2920349898209078], "Sigma": [[0.012550485725963584, 0.00943623656522875, -0.009948776889394651], [0.009436236565228752, 0.009968528791468102, -0.012546377448180478], [-0.00994877688939465, -0.012546377448180478, 0.01860269373564412]], "chi2_level": 0.99, "chi2_df": 3, "chi2_threshold": 11.344866730144373, "N_raw": 43, "N_roi": 43, "N_inlier": 42, "refit": true}
{"timestamp": "18:07:08.497743", "frame": 85, "mu": [-1.9209050736242592, 1.241136671720264, 1.148686787455136], "Sigma": [[0.009300189131668506, 0.008381653079508278, -0.001493674523699595], [0.008381653079508278, 0.009815117849950941, -0.004727704344363743], [-0.001493674523699595, -0.004727704344363745, 0.04113224510507159]], "chi2_level": 0.99, "chi2_df": 3, "chi2_threshold": 11.344866730144373, "N_raw": 38, "N_roi": 38, "N_inlier": 37, "refit": true}
{"timestamp": "18:07:08.554291", "frame": 86, "mu": [-1.8912802114358762, 1.3366298821179539, -0.2538872252615264], "Sigma": [[0.012938428184841208, 0.007318927454837537, -0.007064693994415919], [0.007318927454837537, 0.011809793383924542, -0.0038276436428848733], [-0.00706469399441592, -0.0038276436428848733, 0.004557613605572302]], "chi2_level": 0.99, "chi2_df": 3, "chi2_threshold": 11.344866730144373, "N_raw": 50, "N_roi": 50, "N_inlier": 49, "refit": true}
{"timestamp": "18:07:08.610096", "frame": 87, "mu": [-1.8403729498215202, 1.2587199238742957, 1.228947431260993], "Sigma": [[0.013308598536733702, 0.006979845203685827, -0.00511641728526951], [0.006979845203685827, 0.009875225454456639, -0.008504753719567982], [-0.00511641728526951, -0.00850475371956798, 0.017191877738120684]], "chi2_level": 0.99, "chi2_df": 3, "chi2_threshold": 11.344866730144373, "N_raw": 54, "N_roi": 54, "N_inlier": 53, "refit": true}
{"timestamp": "18:07:08.663444", "frame": 88, "mu": [-1.9177060112773414, 1.1099143182198152, 1.102042878442795], "Sigma": [[0.01161102332240856, 0.00932371865738586, -0.006839408679240879], [0.00932371865738586, 0.01235287971174274, -0.011466809251138375], [-0.00683940867924088, -0.011466809251138375, 0.016505353929522293]], "chi2_level": 0.99, "chi2_df": 3, "chi2_threshold": 11.344866730144373, "N_raw": 48, "N_roi": 48, "N_inlier": 48, "refit": true}
{"timestamp": "18:07:08.723540", "frame": 89, "mu": [-1.8223838397561907, 1.1270433474564818, 1.1360890108606339], "Sigma": [[0.016425600012366287, 0.010973091774120682, -0.0035522998932405727], [0.010973091774120682, 0.01014832524404607, -0.008502304649090192], [-0.003552299893240573, -0.008502304649090192, 0.02071448857463566]], "chi2_level": 0.99, "chi2_df": 3, "chi2_threshold": 11.344866730144373, "N_raw": 84, "N_roi": 84, "N_inlier": 83, "refit": true}
{"timestamp": "18:07:08.779299", "frame": 90, "mu": [-1.7564014120659799, 1.190356066573153, 1.1831506747125868], "Sigma": [[0.0210353192708531, 0.011111712901339546, -0.010990380042109841], [0.011111712901339546, 0.01072159767069148, -0.011365535886957552], [-0.010990380042109843, -0.011365535886957552, 0.022225711265273278]], "chi2_level": 0.99, "chi2_df": 3, "chi2_threshold": 11.344866730144373, "N_raw": 86, "N_roi": 86, "N_inlier": 86, "refit": true}
{"timestamp": "18:07:08.833066", "frame": 91, "mu": [-1.863544253509865, 0.9842886767981189, 1.2767674377142084], "Sigma": [[0.009619529011705102, 0.00647130448272709, -0.004612971581183814], [0.00647130448272709, 0.012931048936297205, -0.013475693069944547], [-0.004612971581183814, -0.013475693069944547, 0.01689091730028322]], "chi2_level": 0.99, "chi2_df": 3, "chi2_threshold": 11.344866730144373, "N_raw": 67, "N_roi": 67, "N_inlier": 67, "refit": true}
{"timestamp": "18:07:08.886147", "frame": 92, "mu": [-1.86348336161208, 0.9632700637525703, 1.3202772957852709], "Sigma": [[0.010391876086832152, 0.007343417965600153, -0.004543296122275572], [0.007343417965600153, 0.013152731773220783, -0.0130136411602268], [-0.004543296122275572, -0.0130136411602268, 0.0175842541304716]], "chi2_level": 0.99, "chi2_df": 3, "chi2_threshold": 11.344866730144373, "N_raw": 66, "N_roi": 66, "N_inlier": 66, "refit": true}
{"timestamp": "18:07:08.941266", "frame": 93, "mu": [-1.8295899967897018, 0.9186606613824223, 1.234669839072444], "Sigma": [[0.0080174613052713, 0.0046713404948331184, -0.0037229780347090872], [0.0046713404948331184, 0.012700064563688067, -0.012702225107274626], [-0.0037229780347090877, -0.012702225107274624, 0.014584712400528497]], "chi2_level": 0.99, "chi2_df": 3, "chi2_threshold": 11.344866730144373, "N_raw": 63, "N_roi": 63, "N_inlier": 63, "refit": true}
{"timestamp": "18:07:08.993603", "frame": 94, "mu": [-1.8486527148108047, 1.135936684008025, -0.5846275873973227], "Sigma": [[0.008050309612329823, 0.004724990463850332, -0.0026107214589678506], [0.0047249904638503315, 0.009789276278811867, -0.005274673197561737], [-0.00261072145896785, -0.005274673197561737, 0.0046382161358022094]], "chi2_level": 0.99, "chi2_df": 3, "chi2_threshold": 11.344866730144373, "N_raw": 44, "N_roi": 44, "N_inlier": 44, "refit": true}
{"timestamp": "18:07:09.049719", "frame": 95, "mu": [-1.7389839054537901, 0.8658374014858474, 1.0445182848841925], "Sigma": [[0.008530526595857721, 0.004269525585945015, 0.0010485601625364479], [0.004269525585945015, 0.00565020556428076, -0.002049423171272264], [0.0010485601625364477, -0.002049423171272264, 0.01064402338835132]], "chi2_level": 0.99, "chi2_df": 3, "chi2_threshold": 11.344866730144373, "N_raw": 45, "N_roi": 45, "N_inlier": 44, "refit": true}
{"timestamp": "18:07:09.105592", "frame": 96, "mu": [-1.8015533970324669, 0.8322894178952842, 1.1797856893808367], "Sigma": [[0.011814411977994823, 0.0043480055002967175, -0.0032191256580839894], [0.0043480055002967175, 0.008865358959882452, -0.005736515476274892], [-0.0032191256580839894, -0.005736515476274892, 0.005635414490362119]], "chi2_level": 0.99, "chi2_df": 3, "chi2_threshold": 11.344866730144373, "N_raw": 56, "N_roi": 56, "N_inlier": 56, "refit": true}
{"timestamp": "18:07:09.161262", "frame": 97, "mu": [-1.7715361066098103, 0.7426798668041692, 1.1460088947111535], "Sigma": [[0.013129970787975788, 0.010006315281134562, -0.0034322865151640014], [0.010006315281134562, 0.013970379987259784, -0.006941585476855063], [-0.0034322865151640014, -0.006941585476855063, 0.0057065408985123274]], "chi2_level": 0.99, "chi2_df": 3, "chi2_threshold": 11.344866730144373, "N_raw": 60, "N_roi": 60, "N_inlier": 58, "refit": true}
