{"timestamp": "17:29:17.482988", "frame": 20, "mu": [2.363961896119789, 4.805706460404437, 0.2191308024704638], "Sigma": [[0.00793809884220044, -0.003429698357481404, 0.0051219422702418246], [-0.003429698357481404, 0.002405743438542819, -0.0008717610360215444], [0.005121942270241825, -0.0008717610360215444, 0.020987343843530133]], "chi2_level": 0.99, "chi2_df": 3, "chi2_threshold": 11.344866730144373, "N_raw": 24, "N_roi": 10, "N_inlier": 10, "refit": true}
{"timestamp": "17:29:18.031468", "frame": 30, "mu": [2.1865366330022247, 4.592162203898274, 0.6606615946049881], "Sigma": [[0.008652202139955054, -0.0038046359161199093, -0.001970868344889463], [-0.0038046359161199093, 0.002789200979808068, -0.004276305436215333], [-0.001970868344889463, -0.004276305436215333, 0.029414713518521183]], "chi2_level": 0.99, "chi2_df": 3, "chi2_threshold": 11.344866730144373, "N_raw": 12, "N_roi": 12, "N_inlier": 12, "refit": true}
{"timestamp": "17:29:18.090902", "frame": 31, "mu": [2.2076297080034206, 4.536287346850247, 0.5669944791680638], "Sigma": [[0.019203681931742267, -0.013213760003565809, -0.005155227345075158], [-0.013213760003565805, 0.011579742188881572, 0.0013870482568152374], [-0.005155227345075157, 0.0013870482568152376, 0.006494664740361114]], "chi2_level": 0.99, "chi2_df": 3, "chi2_threshold": 11.344866730144373, "N_raw": 30, "N_roi": 28, "N_inlier": 28, "refit": true}
{"timestamp": "17:29:18.147285", "frame": 32, "mu": [2.1495207464971884, 4.5023461172568355, 0.5406141821270786], "Sigma": [[0.023064530791690765, -0.012022882149022935, -0.0037621310972122857], [-0.012022882149022935, 0.009278896032215695, 6.734147923632484e-05], [-0.0037621310972122857, 6.734147923632462e-05, 0.004954411142848294]], "chi2_level": 0.99, "chi2_df": 3, "chi2_threshold": 11.344866730144373, "N_raw": 40, "N_roi": 30, "N_inlier": 30, "refit": true}
{"timestamp": "17:29:18.363619", "frame": 36, "mu": [2.0180895768551346, 4.23611049349703, 0.3728661629485424], "Sigma": [[0.01597006034704745, -0.007127444521787628, -0.00011682933184674899], [-0.007127444521787629, 0.004702327577549552, -0.0009560562946129673], [-0.00011682933184674904, -0.0009560562946129673, 0.0009529775287113893]], "chi2_level": 0.99, "chi2_df": 3, "chi2_threshold": 11.344866730144373, "N_raw": 19, "N_roi": 19, "N_inlier": 19, "refit": true}
{"timestamp": "17:29:18.420105", "frame": 37, "mu": [1.942093543638076, 4.148184977129923, 0.26403205269694924], "Sigma": [[0.024249352210078616, -0.007527973861407727, 0.007030746085663163], [-0.007527973861407728, 0.0028954009207050164, -0.0021017050579847972], [0.007030746085663164, -0.0021017050579847972, 0.007093744589086739]], "chi2_level": 0.99, "chi2_df": 3, "chi2_threshold": 11.344866730144373, "N_raw": 26, "N_roi": 23, "N_inlier": 21, "refit": true}
{"timestamp": "17:29:18.476417", "frame": 38, "mu": [1.9802994020808864, 4.102202118247986, 0.3047147309682734], "Sigma": [[0.03583122191922434, -0.012563825884235935, 0.0006210086535671005], [-0.012563825884235939, 0.006333581731866417, -0.0013501768618452026], [0.0006210086535671005, -0.0013501768618452026, 0.006472066437813964]], "chi2_level": 0.99, "chi2_df": 3, "chi2_threshold": 11.344866730144373, "N_raw": 42, "N_roi": 41, "N_inlier": 40, "refit": true}
{"timestamp": "17:29:18.531959", "frame": 39, "mu": [1.8967956378446165, 4.125929159740762, 0.4088697652350337], "Sigma": [[0.029905325848638913, -0.01255365132735171, 0.002650742280999751], [-0.01255365132735171, 0.00826426173613355, -0.00182865353346738], [0.002650742280999751, -0.00182865353346738, 0.0008263979812612489]], "chi2_level": 0.99, "chi2_df": 3, "chi2_threshold": 11.344866730144373, "N_raw": 38, "N_roi": 38, "N_inlier": 37, "refit": true}
{"timestamp": "17:29:18.585492", "frame": 40, "mu": [1.900250328902768, 4.041776468834087, 0.33213235621635656], "Sigma": [[0.020100303485481138, -0.011860802140211773, -0.0018645734868951084], [-0.011860802140211775, 0.007717449531404492, 0.0002274833257996067], [-0.0018645734868951087, 0.0002274833257996067, 0.005271408037571202]], "chi2_level": 0.99, "chi2_df": 3, "chi2_threshold": 11.344866730144373, "N_raw": 23, "N_roi": 23, "N_inlier": 22, "refit": true}
{"timestamp": "17:29:18.644115", "frame": 41, "mu": [1.7945505580278691, 4.024085422747163, 0.5007289552487122], "Sigma": [[0.03121460339586455, -0.016163843671489344, -0.006484064596315963], [-0.016163843671489347, 0.010409732471746523, -0.0006580672361096685], [-0.006484064596315963, -0.0006580672361096686, 0.015462165804196718]], "chi2_level": 0.99, "chi2_df": 3, "chi2_threshold": 11.344866730144373, "N_raw": 55, "N_roi": 53, "N_inlier": 52, "refit": true}
{"timestamp": "17:29:18.696311", "frame": 42, "mu": [1.7390997825269623, 4.005138372184873, 0.5944510249777902], "Sigma": [[0.013230688212640613, -0.008919875152267161, -0.005350092744250745], [-0.008919875152267161, 0.008320439703521977, 0.002385507952539894], [-0.005350092744250744, 0.002385507952539894, 0.004727674512935875]], "chi2_level": 0.99, "chi2_df": 3, "chi2_threshold": 11.344866730144373, "N_raw": 28, "N_roi": 23, "N_inlier": 22, "refit": true}
{"timestamp": "17:29:18.749731", "frame": 43, "mu": [1.7059682627941215, 3.973504592744454, 0.5192219168216841], "Sigma": [[0.015243949872508588, -0.0114648063899636, -0.0023448606893417224], [-0.0114648063899636, 0.014449976934460719, 0.0026296490403599085], [-0.0023448606893417216, 0.0026296490403599094, 0.0011229773953929636]], "chi2_level": 0.99, "chi2_df": 3, "chi2_threshold": 11.344866730144373, "N_raw": 22, "N_roi": 22, "N_inlier": 21, "refit": true}
{"timestamp": "17:29:18.806297", "frame": 44, "mu": [1.5869732818642868, 3.9997264060213538, 0.7339511962801099], "Sigma": [[0.01746160064540926, -0.007710918293095019, -0.010407631035714503], [-0.0077109182930950185, 0.005132392279654394, 0.0023162617903334805], [-0.010407631035714505, 0.0023162617903334805, 0.012782503280100969]], "chi2_level": 0.99, "chi2_df": 3, "chi2_threshold": 11.344866730144373, "N_raw": 31, "N_roi": 31, "N_inlier": 31, "refit": true}
{"timestamp": "17:29:18.861753", "frame": 45, "mu": [1.5252247558268885, 3.949431039870539, 0.3332496217749112], "Sigma": [[0.02203853894028443, -0.010865162422741804, -0.002184099884391409], [-0.010865162422741804, 0.009710229349639945, 0.0014044037480146882], [-0.002184099884391409, 0.001404403748014688, 0.002958147364429807]], "chi2_level": 0.99, "chi2_df": 3, "chi2_threshold": 11.344866730144373, "N_raw": 41, "N_roi": 41, "N_inlier": 38, "refit": true}
{"timestamp": "17:29:18.918071", "frame": 46, "mu": [1.5068263691162858, 3.857619486291426, 0.5807309369011383], "Sigma": [[0.024622526877725384, -0.013446125294504906, -0.0007417506694340204], [-0.013446125294504906, 0.008492604757297854, -0.0012973634017553722], [-0.0007417506694340204, -0.0012973634017553722, 0.026728258792186856]], "chi2_level": 0.99, "chi2_df": 3, "chi2_threshold": 11.344866730144373, "N_raw": 47, "N_roi": 47, "N_inlier": 47, "refit": true}
{"timestamp": "17:29:18.973030", "frame": 47, "mu": [1.4561365590279631, 3.878168382444603, 0.7897225828472306], "Sigma": [[0.021372989426872147, -0.010691562518366053, -0.011467066789774926], [-0.010691562518366053, 0.008101446449406068, 0.0024152653190821997], [-0.011467066789774926, 0.0024152653190821997, 0.022250505911241374]], "chi2_level": 0.99, "chi2_df": 3, "chi2_threshold": 11.344866730144373, "N_raw": 47, "N_roi": 47, "N_inlier": 46, "refit": true}
{"timestamp": "17:29:19.026795", "frame": 48, "mu": [1.335090093517142, 3.8331691542405744, 0.45432474437353193], "Sigma": [[0.019014622330080295, -0.007158007363062099, 0.008889185533691474], [-0.007158007363062099, 0.0033319331433542287, -0.005257395991716259], [0.008889185533691474, -0.005257395991716258, 0.016734574626213503]], "chi2_level": 0.99, "chi2_df": 3, "chi2_threshold": 11.344866730144373, "N_raw": 30, "N_roi": 30, "N_inlier": 29, "refit": true}
{"timestamp": "17:29:19.087550", "frame": 49, "mu": [1.3067069285505852, 3.735029480278673, 0.42978272393507827], "Sigma": [[0.03577583695335541, -0.009445401811998861, 0.02814453056604214], [-0.009445401811998863, 0.0049964576042811825, -0.009358791326896968], [0.02814453056604214, -0.00935879132689697, 0.07566637190943422]], "chi2_level": 0.99, "chi2_df": 3, "chi2_threshold": 11.344866730144373, "N_raw": 84, "N_roi": 84, "N_inlier": 83, "refit": true}
{"timestamp": "17:29:19.141863", "frame": 50, "mu": [1.1826300029385386, 3.7081103559142665, 0.42215034128916884], "Sigma": [[0.03779832111467149, -0.006809729202428459, 0.03833353953751944], [-0.006809729202428459, 0.004216152864827588, -0.0074676095051261935], [0.03833353953751944, -0.0074676095051261935, 0.10472310381251253]], "chi2_level": 0.99, "chi2_df": 3, "chi2_threshold": 11.344866730144373, "N_raw": 66, "N_roi": 66, "N_inlier": 66, "refit": true}
{"timestamp": "17:29:19.196266", "frame": 51, "mu": [1.2039985437036873, 3.6491087144346728, 0.4843127976771772], "Sigma": [[0.03277521876312947, -0.01082439884539247, 0.023012995588537144], [-0.01082439884539247, 0.005504809160784374, -0.010433756797033207], [0.023012995588537144, -0.01043375679703321, 0.04007680905275612]], "chi2_level": 0.99, "chi2_df": 3, "chi2_threshold": 11.344866730144373, "N_raw": 68, "N_roi": 68, "N_inlier": 67, "refit": true}
{"timestamp": "17:29:19.248315", "frame": 52, "mu": [1.1876197690410106, 3.5980920596890753, 0.542577609763371], "Sigma": [[0.017384460658797587, -0.007300090867898295, 0.005932330106867941], [-0.007300090867898295, 0.0034265329633232392, -0.003933432191643934], [0.005932330106867941, -0.003933432191643934, 0.030025699862149195]], "chi2_level": 0.99, "chi2_df": 3, "chi2_threshold": 11.344866730144373, "N_raw": 38, "N_roi": 38, "N_inlier": 37, "refit": true}
{"timestamp": "17:29:19.305772", "frame": 53, "mu": [1.1145900328304295, 3.5826794420820076, 0.6912647458194838], "Sigma": [[0.0278120058846573, -0.011492791872522959, 0.001394210885646468], [-0.011492791872522959, 0.0072177725880607805, -0.005547008633584824], [0.0013942108856464684, -0.005547008633584824, 0.019347014537162366]], "chi2_level": 0.99, "chi2_df": 3, "chi2_threshold": 11.344866730144373, "N_raw": 70, "N_roi": 67, "N_inlier": 67, "refit": true}
{"timestamp": "17:29:19.363876", "frame": 54, "mu": [0.9866157915208823, 3.8480704515035056, -0.40100600593004504], "Sigma": [[0.02707825491897188, -0.013336415493961425, -0.0014888219979831007], [-0.013336415493961425, 0.014245055014381476, -0.007402419944065402], [-0.0014888219979831007, -0.007402419944065401, 0.013100320592404308]], "chi2_level": 0.99, "chi2_df": 3, "chi2_threshold": 11.344866730144373, "N_raw": 80, "N_roi": 77, "N_inlier": 74, "refit": true}
{"timestamp": "17:29:19.414793", "frame": 55, "mu": [1.016389918375324, 3.5250946866051778, 0.7955362868492952], "Sigma": [[0.02092096444892405, -0.0069871338124414435, -0.009643489165942681], [-0.0069871338124414435, 0.0034024539923107654, -0.00037485859476381453], [-0.009643489165942681, -0.0003748585947638144, 0.034927352507033355]], "chi2_level": 0.99, "chi2_df": 3, "chi2_threshold": 11.344866730144373, "N_raw": 56, "N_roi": 56, "N_inlier": 55, "refit": true}
{"timestamp": "17:29:19.472176", "frame": 56, "mu": [0.9368071503152593, 3.534642838467395, 0.6543388661878519], "Sigma": [[0.028692528051779367, -0.014437646036940218, -0.0011795637810259059], [-0.014437646036940217, 0.010748148124773036, -0.003245557463687399], [-0.0011795637810259059, -0.003245557463687399, 0.00879826987817796]], "chi2_level": 0.99, "chi2_df": 3, "chi2_threshold": 11.344866730144373, "N_raw": 70, "N_roi": 70, "N_inlier": 67, "refit": true}
{"timestamp": "17:29:19.526227", "frame": 57, "mu": [0.8891581043586915, 3.458625902884067, 0.7491772311033247], "Sigma": [[0.018297887417997233, -0.007093325955498038, -0.008044081432465707], [-0.007093325955498038, 0.0064607360265503825, -0.0015727554662210987], [-0.008044081432465707, -0.001572755466221099, 0.0181189682849221]], "chi2_level": 0.99, "chi2_df": 3, "chi2_threshold": 11.344866730144373, "N_raw": 64, "N_roi": 62, "N_inlier": 60, "refit": true}
{"timestamp": "17:29:19.583008", "frame": 58, "mu": [0.9528908186376679, 3.378508901813999, 0.7310283392876539], "Sigma": [[0.025609656225984538, -0.0112182422782794, -0.019413738691578752], [-0.0112182422782794, 0.007449796616010562, 0.0028738938913299692], [-0.019413738691578752, 0.002873893891329969, 0.03305876835091539]], "chi2_level": 0.99, "chi2_df": 3, "chi2_threshold": 11.344866730144373, "N_raw": 73, "N_roi": 71, "N_inlier": 71, "refit": true}
{"timestamp": "17:29:19.636616", "frame": 59, "mu": [0.8033721287212754, 3.375628779700682, 0.6657978553215353], "Sigma": [[0.01969686954952124, -0.0073822912260181625, -0.007806288271294453], [-0.0073822912260181625, 0.008028916491780967, -0.0013866231690528431], [-0.007806288271294453, -0.0013866231690528431, 0.00943590915418721]], "chi2_level": 0.99, "chi2_df": 3, "chi2_threshold": 11.344866730144373, "N_raw": 67, "N_roi": 67, "N_inlier": 67, "refit": true}
{"timestamp": "17:29:19.691059", "frame": 60, "mu": [0.8345229191706081, 3.2892870415757325, 0.6517449957631275], "Sigma": [[0.02083528651038477, -0.008024491025057437, -0.0004397627493343008], [-0.008024491025057439, 0.004562505749065406, -0.0040794071271979745], [-0.00043976274933430056, -0.0040794071271979745, 0.027788149552321145]], "chi2_level": 0.99, "chi2_df": 3, "chi2_threshold": 11.344866730144373, "N_raw": 68, "N_roi": 68, "N_inlier": 67, "refit": true}
{"timestamp": "17:29:19.804054", "frame": 62, "mu": [0.6720889089408327, 3.2130566474134734, -0.8149375729325954], "Sigma": [[0.022129445276921844, -0.006369950796760169, 0.09744559801924696], [-0.006369950796760169, 0.0110194780589383, -0.036619440903265854], [0.09744559801924696, -0.036619440903265854, 0.6529145848484819]], "chi2_level": 0.99, "chi2_df": 3, "chi2_threshold": 11.344866730144373, "N_raw": 87, "N_roi": 85, "N_inlier": 85, "refit": true}
{"timestamp": "17:29:19.856786", "frame": 63, "mu": [0.5263194985245262, 3.205334278584591, 0.6160382149235186], "Sigma": [[0.020160045344490098, -0.012616893102462595, -0.00720839768515396], [-0.012616893102462595, 0.012399686549300645, 0.0018331456634273146], [-0.00720839768515396, 0.0018331456634273146, 0.0082337275822079]], "chi2_level": 0.99, "chi2_df": 3, "chi2_threshold": 11.344866730144373, "N_raw": 68, "N_roi": 65, "N_inlier": 65, "refit": true}
{"timestamp": "17:29:19.905618", "frame": 64, "mu": [0.6117092257829594, 3.085006033582298, 0.6208701740109107], "Sigma": [[0.014008945648539476, -0.0065510709684844974, -0.004283088658158803], [-0.006551070968484497, 0.004387804609616674, 0.00010484625715132396], [-0.004283088658158803, 0.00010484625715132402, 0.024736271822182083]], "chi2_level": 0.99, "chi2_df": 3, "chi2_threshold": 11.344866730144373, "N_raw": 30, "N_roi": 30, "N_inlier": 29, "refit": true}
{"timestamp": "17:29:19.967486", "frame": 65, "mu": [0.5748415777008841, 3.0273354125587075, 0.7957055793103707], "Sigma": [[0.0142232464962036, -0.006233491457901994, -0.004194693846588719], [-0.006233491457901995, 0.005854199230145485, -0.004904195507016675], [-0.004194693846588719, -0.004904195507016675, 0.031228508876555594]], "chi2_level": 0.99, "chi2_df": 3, "chi2_threshold": 11.344866730144373, "N_raw": 78, "N_roi": 77, "N_inlier": 75, "refit": true}
{"timestamp": "17:29:20.021233", "frame": 66, "mu": [0.5303418959533552, 3.1806071776373863, -0.2761791714827417], "Sigma": [[0.016218214861005685, -0.00290269845338084, -0.015355652909249758], [-0.0029026984533808402, 0.006083039429215905, -0.001925017988517286], [-0.015355652909249758, -0.0019250179885172858, 0.019663902955205856]], "chi2_level": 0.99, "chi2_df": 3, "chi2_threshold": 11.344866730144373, "N_raw": 67, "N_roi": 66, "N_inlier": 62, "refit": true}
{"timestamp": "17:29:20.076340", "frame": 67, "mu": [0.49259646802121904, 2.9490244599091713, 0.8414335627342422], "Sigma": [[0.013831954517460091, -0.009052894487310933, -0.0092748857632722], [-0.009052894487310933, 0.01023556895125134, 0.0023794665658741655], [-0.009274885763272199, 0.0023794665658741655, 0.0113986815096667]], "chi2_level": 0.99, "chi2_df": 3, "chi2_threshold": 11.344866730144373, "N_raw": 66, "N_roi": 66, "N_inlier": 62, "refit": true}
{"timestamp": "17:29:20.132024", "frame": 68, "mu": [0.48215921893321295, 2.8533284574435984, 0.9122874383440612], "Sigma": [[0.014546579067950515, -0.007028906701077794, -0.015334389191575084], [-0.0070289067010777945, 0.012859544269992355, 0.009964980078031267], [-0.015334389191575086, 0.009964980078031267, 0.018411938022046798]], "chi2_level": 0.99, "chi2_df": 3, "chi2_threshold": 11.344866730144373, "N_raw": 69, "N_roi": 69, "N_inlier": 66, "refit": true}
{"timestamp": "17:29:20.192085", "frame": 69, "mu": [0.3182761753795274, 2.8891994048821354, 0.7865692426527231], "Sigma": [[0.024314651381251117, -0.010672818586488806, 0.009933066483197441], [-0.010672818586488806, 0.011284720645455612, -0.006759111234078978], [0.009933066483197441, -0.006759111234078978, 0.020837894060882087]], "chi2_level": 0.99, "chi2_df": 3, "chi2_threshold": 11.344866730144373, "N_raw": 100, "N_roi": 100, "N_inlier": 95, "refit": true}
{"timestamp": "17:29:20.249582", "frame": 70, "mu": [0.2479999098242797, 2.871342107607446, 0.8565969397095798], "Sigma": [[0.023886449197040964, -0.010418980537449317, 0.014790242985004108], [-0.010418980537449317, 0.009059242525296074, -0.011210929016456494], [0.01479024298500411, -0.011210929016456494, 0.04694998186179547]], "chi2_level": 0.99, "chi2_df": 3, "chi2_threshold": 11.344866730144373, "N_raw": 112, "N_roi": 110, "N_inlier": 107, "refit": true}
{"timestamp": "17:29:20.298461", "frame": 71, "mu": [0.2540413729699961, 2.8193651617396287, 0.7696168867754865], "Sigma": [[0.030124114098354936, -0.01185802781726119, 0.033318455406141465], [-0.01185802781726119, 0.007565261319706935, -0.01926416071289669], [0.033318455406141465, -0.01926416071289669, 0.06525574438448485]], "chi2_level": 0.99, "chi2_df": 3, "chi2_threshold": 11.344866730144373, "N_raw": 81, "N_roi": 81, "N_inlier": 78, "refit": true}
{"timestamp": "17:29:20.354857", "frame": 72, "mu": [0.2496843402384892, 2.756755810715784, 0.9109300127967547], "Sigma": [[0.019498502747245704, -0.006558582778891382, 0.004021274934718418], [-0.006558582778891382, 0.008047405794854549, -0.004516598350197448], [0.004021274934718417, -0.004516598350197448, 0.0047958465117110575]], "chi2_level": 0.99, "chi2_df": 3, "chi2_threshold": 11.344866730144373, "N_raw": 87, "N_roi": 87, "N_inlier": 82, "refit": true}
{"timestamp": "17:29:20.410201", "frame": 73, "mu": [0.1564917660139762, 2.725292608695067, 0.9714949881554159], "Sigma": [[0.014575409519078182, -0.0023666972243584846, 0.0014746175523695445], [-0.002366697224358484, 0.006845596036128813, -0.003618904426692004], [0.0014746175523695443, -0.003618904426692004, 0.028784946427291944]], "chi2_level": 0.99, "chi2_df": 3, "chi2_threshold": 11.344866730144373, "N_raw": 90, "N_roi": 89, "N_inlier": 83, "refit": true}
{"timestamp": "17:29:20.465449", "frame": 74, "mu": [0.08317770890997858, 2.7942380922210344, -0.7101267117942768], "Sigma": [[0.016322089136687194, 0.007331252027560814, 0.04056370322254585], [0.007331252027560814, 0.010324626174431143, 0.020613747060617523], [0.04056370322254585, 0.020613747060617527, 0.17553150079573623]], "chi2_level": 0.99, "chi2_df": 3, "chi2_threshold": 11.344866730144373, "N_raw": 91, "N_roi": 91, "N_inlier": 88, "refit": true}
{"timestamp": "17:29:20.515507", "frame": 75, "mu": [0.05374613607678764, 2.788107089969934, -0.34881921512884156], "Sigma": [[0.012123809272151016, -0.00018691210633442026, 0.0016846199238204273], [-0.0001869121063344202, 0.00601910699472562, 0.0041621257865859015], [0.0016846199238204269, 0.0041621257865859015, 0.030544601094755833]], "chi2_level": 0.99, "chi2_df": 3, "chi2_threshold": 11.344866730144373, "N_raw": 60, "N_roi": 60, "N_inlier": 56, "refit": true}
{"timestamp": "17:29:20.571202", "frame": 76, "mu": [-0.011335549488847777, 2.5934853633537864, 1.0546941112970332], "Sigma": [[0.013021619906898955, -0.003948338424700399, -0.0015019573586072786], [-0.003948338424700399, 0.005656199335873806, 0.0006395234693753785], [-0.0015019573586072786, 0.0006395234693753785, 0.036247671191476864]], "chi2_level": 0.99, "chi2_df": 3, "chi2_threshold": 11.344866730144373, "N_raw": 62, "N_roi": 62, "N_inlier": 57, "refit": true}
{"timestamp": "17:29:20.624610", "frame": 77, "mu": [-0.03767502327386545, 2.5423800884656016, 0.9971346767336735], "Sigma": [[0.008780884098586078, -0.0024500830465039314, 0.0017715706182720337], [-0.0024500830465039314, 0.0035104674511928793, -0.007536495635445954], [0.0017715706182720335, -0.0075364956354459535, 0.04405471275375336]], "chi2_level": 0.99, "chi2_df": 3, "chi2_threshold": 11.344866730144373, "N_raw": 54, "N_roi": 54, "N_inlier": 53, "refit": true}
{"timestamp": "17:29:20.681738", "frame": 78, "mu": [-0.04841732134336727, 2.5139848111152885, 1.0109211688482054], "Sigma": [[0.009797362577514629, -0.0015988937245310277, -0.004391608083212847], [-0.001598893724531028, 0.0019612566213205005, -0.003407274572244856], [-0.004391608083212847, -0.0034072745722448566, 0.02793288279259004]], "chi2_level": 0.99, "chi2_df": 3, "chi2_threshold": 11.344866730144373, "N_raw": 68, "N_roi": 68, "N_inlier": 64, "refit": true}
{"timestamp": "17:29:20.742223", "frame": 79, "mu": [-0.14160264834396588, 2.4613931152569846, 0.8073105845402534], "Sigma": [[0.014097393735736246, -0.004240394942316211, -0.003979386210377919], [-0.00424039494231621, 0.005629138899176958, 0.015955726837124658], [-0.003979386210377918, 0.015955726837124658, 0.22442185356657582]], "chi2_level": 0.99, "chi2_df": 3, "chi2_threshold": 11.344866730144373, "N_raw": 107, "N_roi": 107, "N_inlier": 106, "refit": true}
{"timestamp": "17:29:20.797551", "frame": 80, "mu": [-0.20683719250157784, 2.448762982387623, 0.8594279382807773], "Sigma": [[0.024043420604545604, -0.008410298147324677, -0.0023858986578473474], [-0.008410298147324677, 0.004181463391108549, -0.002637408111156172], [-0.002385898657847347, -0.002637408111156172, 0.05264035676078254]], "chi2_level": 0.99, "chi2_df": 3, "chi2_threshold": 11.344866730144373, "N_raw": 110, "N_roi": 109, "N_inlier": 106, "refit": true}
{"timestamp": "17:29:20.854046", "frame": 81, "mu": [-0.2333349144644625, 2.3926122914431383, 0.8415856990374744], "Sigma": [[0.03106259242090475, -0.010083173977054376, 0.0008125391020373367], [-0.010083173977054377, 0.0047925653659389, -0.004004301388102151], [0.0008125391020373361, -0.004004301388102149, 0.04784772112431014]], "chi2_level": 0.99, "chi2_df": 3, "chi2_threshold": 11.344866730144373, "N_raw": 111, "N_roi": 111, "N_inlier": 106, "refit": true}
{"timestamp": "17:29:20.908800", "frame": 82, "mu": [-0.32184440257433095, 2.351431636450339, 0.8089762024562805], "Sigma": [[0.022997630287157827, -0.007086624462834102, -0.0021372305651307004], [-0.007086624462834102, 0.0038407649860508998, -0.008149746243530417], [-0.002137230565130701, -0.008149746243530417, 0.12216968714278323]], "chi2_level": 0.99, "chi2_df": 3, "chi2_threshold": 11.344866730144373, "N_raw": 114, "N_roi": 114, "N_inlier": 110, "refit": true}
{"timestamp": "17:29:20.962348", "frame": 83, "mu": [-0.4249432238454833, 2.3248058256120507, 0.9496450309741252], "Sigma": [[0.04287062808513171, -0.007877604878807471, 0.02381941887350829], [-0.007877604878807471, 0.0035169805385002087, -0.008412482878904733], [0.02381941887350829, -0.008412482878904733, 0.040688232089782256]], "chi2_level": 0.99, "chi2_df": 3, "chi2_threshold": 11.344866730144373, "N_raw": 97, "N_roi": 97, "N_inlier": 93, "refit": true}
{"timestamp": "17:29:21.012424", "frame": 84, "mu": [-0.45700352945462813, 2.2831550618527303, 0.9107357726537082], "Sigma": [[0.02528387049658503, -0.009603175813147503, 0.007946052542117055], [-0.009603175813147503, 0.005922257874157957, -0.012124207919634648], [0.007946052542117051, -0.012124207919634648, 0.0660889174935139]], "chi2_level": 0.99, "chi2_df": 3, "chi2_threshold": 11.344866730144373, "N_raw": 69, "N_roi": 69, "N_inlier": 65, "refit": true}
{"timestamp": "17:29:21.069689", "frame": 85, "mu": [-0.38304887371391094, 2.1678967051761626, 0.9371571697171606], "Sigma": [[0.009839107732783325, -0.0017233105015235961, -0.016303522246211764], [-0.0017233105015235961, 0.005412836389252151, -0.016738418955649526], [-0.016303522246211764, -0.016738418955649526, 0.11647318792470611]], "chi2_level": 0.99, "chi2_df": 3, "chi2_threshold": 11.344866730144373, "N_raw": 92, "N_roi": 92, "N_inlier": 88, "refit": true}
{"timestamp": "17:29:21.122282", "frame": 86, "mu": [-0.4402839524296513, 2.0976132630992854, 0.9837001806977888], "Sigma": [[0.008462413185123698, -0.0017414341948637625, -0.008494843275568046], [-0.0017414341948637623, 0.001998974229589068, -0.0030186409109579744], [-0.008494843275568046, -0.0030186409109579752, 0.03311749522087053]], "chi2_level": 0.99, "chi2_df": 3, "chi2_threshold": 11.344866730144373, "N_raw": 76, "N_roi": 76, "N_inlier": 73, "refit": true}
{"timestamp": "17:29:21.174344", "frame": 87, "mu": [-0.4411970226425028, 2.0458925287783547, 0.9887468944730625], "Sigma": [[0.021093597608925777, -0.008738188602575025, 0.01112423940111227], [-0.008738188602575025, 0.005434289833561353, -0.009161901541340339], [0.01112423940111227, -0.009161901541340339, 0.043814542547718466]], "chi2_level": 0.99, "chi2_df": 3, "chi2_threshold": 11.344866730144373, "N_raw": 40, "N_roi": 40, "N_inlier": 38, "refit": true}
{"timestamp": "17:29:21.228834", "frame": 88, "mu": [-0.5210279042339818, 2.0369481516141814, 0.854269194635918], "Sigma": [[0.007140102937868541, -0.0014766958501026047, 0.0014936327402034102], [-0.0014766958501026047, 0.0024938164463573307, -0.003436040676623686], [0.0014936327402034102, -0.003436040676623686, 0.06993932358953561]], "chi2_level": 0.99, "chi2_df": 3, "chi2_threshold": 11.344866730144373, "N_raw": 47, "N_roi": 47, "N_inlier": 44, "refit": true}
{"timestamp": "17:29:21.285924", "frame": 89, "mu": [-0.5558659858823484, 1.9368620036282034, 1.1376226646871572], "Sigma": [[0.007006049103362068, -0.0022166698894282547, -0.0058709141236056375], [-0.0022166698894282547, 0.003033495610315562, -0.0012932348753170511], [-0.005870914123605638, -0.0012932348753170514, 0.012144675503099554]], "chi2_level": 0.99, "chi2_df": 3, "chi2_threshold": 11.344866730144373, "N_raw": 61, "N_roi": 57, "N_inlier": 53, "refit": true}
{"timestamp": "17:29:21.340081", "frame": 90, "mu": [-0.5387658455336783, 1.8998830001244635, 1.0758407677581918], "Sigma": [[0.006903081520754807, -0.0006622913506420628, -0.0028022479853159364], [-0.0006622913506420628, 0.003452877152291056, -0.0025745434926053206], [-0.0028022479853159364, -0.0025745434926053206, 0.004161200326550489]], "chi2_level": 0.99, "chi2_df": 3, "chi2_threshold": 11.344866730144373, "N_raw": 61, "N_roi": 59, "N_inlier": 55, "refit": true}
{"timestamp": "17:29:21.391677", "frame": 91, "mu": [-0.7019678596641005, 1.856181212261804, 0.9525776243216134], "Sigma": [[0.003734219916266204, -0.0010222519665107955, -0.0004032877528454275], [-0.0010222519665107957, 0.0028968900182436753, 0.007767946819151095], [-0.00040328775284542663, 0.007767946819151095, 0.23804118834937757]], "chi2_level": 0.99, "chi2_df": 3, "chi2_threshold": 11.344866730144373, "N_raw": 27, "N_roi": 27, "N_inlier": 27, "refit": true}
{"timestamp": "17:29:21.449129", "frame": 92, "mu": [-0.6882106283245916, 1.758746507071673, 0.8847380923243225], "Sigma": [[0.007596759691037587, -0.005435587379059187, -0.009140236259989491], [-0.005435587379059187, 0.009281368076897379, 0.01191393878107802], [-0.009140236259989491, 0.01191393878107802, 0.055739902856853665]], "chi2_level": 0.99, "chi2_df": 3, "chi2_threshold": 11.344866730144373, "N_raw": 57, "N_roi": 57, "N_inlier": 54, "refit": true}
{"timestamp": "17:29:21.501095", "frame": 93, "mu": [-0.710725760060843, 1.7881718658911667, 0.7615394751113308], "Sigma": [[0.006425074297041952, 0.0006239755959646824, 0.007346842190090444], [0.0006239755959646824, 0.0052323345277578625, 0.009069662511986105], [0.007346842190090443, 0.009069662511986105, 0.09567178015199017]], "chi2_level": 0.99, "chi2_df": 3, "chi2_threshold": 11.344866730144373, "N_raw": 31, "N_roi": 31, "N_inlier": 29, "refit": true}
{"timestamp": "17:29:21.614607", "frame": 95, "mu": [-0.850330057905795, 1.6841467767796103, 1.2168016358208211], "Sigma": [[0.008919158433841447, -0.001292386728498233, -0.0030436758718826173], [-0.001292386728498233, 0.0028521065780496664, -0.0013461045916034042], [-0.0030436758718826173, -0.0013461045916034044, 0.006526061598765734]], "chi2_level": 0.99, "chi2_df": 3, "chi2_threshold": 11.344866730144373, "N_raw": 57, "N_roi": 57, "N_inlier": 53, "refit": true}
{"timestamp": "17:29:21.668184", "frame": 96, "mu": [-0.8848871505135165, 1.6600747939160383, 1.1419026372376806], "Sigma": [[0.008893870852388184, -0.0027373605817039622, 0.0017595188952036647], [-0.0027373605817039622, 0.003704189977309486, -0.00384982751411275], [0.001759518895203665, -0.00384982751411275, 0.008631344987273165]], "chi2_level": 0.99, "chi2_df": 3, "chi2_threshold": 11.344866730144373, "N_raw": 46, "N_roi": 46, "N_inlier": 42, "refit": true}
{"timestamp": "17:29:21.727815", "frame": 97, "mu": [-0.9537253940841276, 1.6149630245837707, 1.1988919645025207], "Sigma": [[0.011226466149046665, -0.0031593653400949807, -0.0026928756207002004], [-0.0031593653400949807, 0.005022848534644557, -0.0013453160630176701], [-0.0026928756207002004, -0.0013453160630176701, 0.009405126838757579]], "chi2_level": 0.99, "chi2_df": 3, "chi2_threshold": 11.344866730144373, "N_raw": 79, "N_roi": 79, "N_inlier": 75, "refit": true}
{"timestamp": "17:29:21.782075", "frame": 98, "mu": [-0.9656554100039426, 1.574506336632806, 1.207167130275606], "Sigma": [[0.011100379735241328, -0.0018069169872681153, -0.0026026028157341554], [-0.001806916987268115, 0.0027446688606923156, -0.0011625857169322044], [-0.002602602815734155, -0.0011625857169322042, 0.013049176185658718]], "chi2_level": 0.99, "chi2_df": 3, "chi2_threshold": 11.344866730144373, "N_raw": 70, "N_roi": 70, "N_inlier": 68, "refit": true}
{"timestamp": "17:29:21.838163", "frame": 99, "mu": [-1.070751703883853, 1.5328336106280538, 1.2726958215508097], "Sigma": [[0.011491970781386444, -0.002599229649897924, -0.007170722396696013], [-0.0025992296498979234, 0.0032476179344565438, -0.0023366149840645346], [-0.007170722396696013, -0.0023366149840645346, 0.011646541691282646]], "chi2_level": 0.99, "chi2_df": 3, "chi2_threshold": 11.344866730144373, "N_raw": 81, "N_roi": 81, "N_inlier": 72, "refit": true}
{"timestamp": "17:29:21.996283", "frame": 100, "mu": [-1.0227503046794006, 1.4027530858243404, 1.11099513319023], "Sigma": [[0.007440266058252153, 0.0010055388060053903, -0.0019876257208019626], [0.0010055388060053903, 0.0015727525421891468, -0.00210264907187284], [-0.001987625720801962, -0.00210264907187284, 0.005315941654059532]], "chi2_level": 0.99, "chi2_df": 3, "chi2_threshold": 11.344866730144373, "N_raw": 48, "N_roi": 48, "N_inlier": 46, "refit": true}
{"timestamp": "17:29:22.017182", "frame": 101, "mu": [-1.125867671024695, 1.4082164379075137, 1.2282726671116087], "Sigma": [[0.010569602276151155, -0.0011826723028247551, -0.0020244970914233447], [-0.0011826723028247551, 0.004446200403064443, -0.0028009532112368675], [-0.0020244970914233447, -0.002800953211236867, 0.002921943765509795]], "chi2_level": 0.99, "chi2_df": 3, "chi2_threshold": 11.344866730144373, "N_raw": 71, "N_roi": 71, "N_inlier": 68, "refit": true}
{"timestamp": "17:29:22.050305", "frame": 102, "mu": [-1.178149667032301, 1.3235362106024995, 1.2378826703872008], "Sigma": [[0.010270447692370798, 0.0005245957609829398, -0.0015515823549637495], [0.00052459576098294, 0.0026576074254291947, -0.0019820341257943594], [-0.0015515823549637495, -0.0019820341257943594, 0.0021066645204491086]], "chi2_level": 0.99, "chi2_df": 3, "chi2_threshold": 11.344866730144373, "N_raw": 58, "N_roi": 58, "N_inlier": 51, "refit": true}
{"timestamp": "17:29:22.092915", "frame": 103, "mu": [-1.2099801934673895, 1.3190926649338277, 1.2259405648118884], "Sigma": [[0.008609795633409264, -0.0005917853394657008, -0.00028639946215510163], [-0.0005917853394657008, 0.0032911475132882916, -0.0032254408059437653], [-0.0002863994621551015, -0.0032254408059437657, 0.004445319131511294]], "chi2_level": 0.99, "chi2_df": 3, "chi2_threshold": 11.344866730144373, "N_raw": 63, "N_roi": 63, "N_inlier": 58, "refit": true}
{"timestamp": "17:29:22.119045", "frame": 104, "mu": [-1.4837006936289612, 1.1845827031441383, 1.5746571277706263], "Sigma": [[0.01808145453596625, 0.011128250975966397, -0.014149467220616071], [0.011128250975966397, 0.013595932576665797, -0.016086322603216102], [-0.014149467220616073, -0.016086322603216102, 0.021471279978579588]], "chi2_level": 0.99, "chi2_df": 3, "chi2_threshold": 11.344866730144373, "N_raw": 75, "N_roi": 75, "N_inlier": 72, "refit": true}
{"timestamp": "17:29:22.165294", "frame": 105, "mu": [-1.511527834784891, 1.1066195517039967, 1.6277076714716965], "Sigma": [[0.01398881368241065, 0.006960335173643051, -0.00962078911060273], [0.006960335173643051, 0.008503277557314401, -0.009370859738109125], [-0.009620789110602731, -0.009370859738109125, 0.012735291270922799]], "chi2_level": 0.99, "chi2_df": 3, "chi2_threshold": 11.344866730144373, "N_raw": 58, "N_roi": 58, "N_inlier": 55, "refit": true}
{"timestamp": "17:29:22.220312", "frame": 106, "mu": [-1.452508616909183, 1.0797732813053105, 1.4826397766789179], "Sigma": [[0.009704293550737784, 0.004840894489393829, -0.006275821629411933], [0.004840894489393829, 0.009354936138037305, -0.007396948759523291], [-0.006275821629411933, -0.007396948759523291, 0.00833793586594326]], "chi2_level": 0.99, "chi2_df": 3, "chi2_threshold": 11.344866730144373, "N_raw": 61, "N_roi": 61, "N_inlier": 56, "refit": true}
{"timestamp": "17:29:22.279292", "frame": 107, "mu": [-1.4174723109207261, 0.9864635417038817, 1.2113690464379692], "Sigma": [[0.014825044698471856, 0.009417097460689826, -0.005565170670610426], [0.009417097460689826, 0.016937022126064797, -0.00742650262431406], [-0.005565170670610426, -0.00742650262431406, 0.00404909074511636]], "chi2_level": 0.99, "chi2_df": 3, "chi2_threshold": 11.344866730144373, "N_raw": 92, "N_roi": 92, "N_inlier": 90, "refit": true}
{"timestamp": "17:29:22.330797", "frame": 108, "mu": [-1.524076539424019, 0.9509592903559517, 1.3468470512609274], "Sigma": [[0.016366063415393792, -0.0014952659469808093, -0.009137175550690813], [-0.0014952659469808095, 0.007644369998051059, -0.0014542657265007434], [-0.009137175550690813, -0.0014542657265007434, 0.012563892732788432]], "chi2_level": 0.99, "chi2_df": 3, "chi2_threshold": 11.344866730144373, "N_raw": 57, "N_roi": 57, "N_inlier": 53, "refit": true}
{"timestamp": "17:29:22.385799", "frame": 109, "mu": [-1.5028384261467465, 1.0220568329031594, -0.49828027346342285], "Sigma": [[0.009603251040930067, 0.005241530230951164, 0.0013936757417575515], [0.005241530230951164, 0.01808956349898297, 0.00047531239812525453], [0.0013936757417575517, 0.0004753123981252544, 0.0058054384661559546]], "chi2_level": 0.99, "chi2_df": 3, "chi2_threshold": 11.344866730144373, "N_raw": 67, "N_roi": 67, "N_inlier": 65, "refit": true}
{"timestamp": "17:29:22.440353", "frame": 110, "mu": [-1.5100849327115964, 0.7744153922121232, 1.2542614432700108], "Sigma": [[0.008957883541524134, 0.005427354298393042, -0.0040564692725107935], [0.005427354298393041, 0.012462363808641796, -0.007436080263374244], [-0.0040564692725107935, -0.007436080263374244, 0.005434308573077578]], "chi2_level": 0.99, "chi2_df": 3, "chi2_threshold": 11.344866730144373, "N_raw": 59, "N_roi": 59, "N_inlier": 55, "refit": true}
{"timestamp": "17:29:22.497284", "frame": 111, "mu": [-1.5766036726201753, 0.7879880089364597, 1.317730306386025], "Sigma": [[0.00914462208864247, 0.004963775979013105, -0.00352363188884786], [0.004963775979013105, 0.012118443800909201, -0.0101115614043512], [-0.00352363188884786, -0.0101115614043512, 0.010806618633757675]], "chi2_level": 0.99, "chi2_df": 3, "chi2_threshold": 11.344866730144373, "N_raw": 74, "N_roi": 74, "N_inlier": 73, "refit": true}
{"timestamp": "17:29:22.551573", "frame": 112, "mu": [-1.569035661897423, 0.9039925845640424, -0.49546273604295704], "Sigma": [[0.011256882499638082, 0.004207501457903391, -0.00548759655542334], [0.004207501457903391, 0.017408962294694446, -0.0010065744500848402], [-0.00548759655542334, -0.0010065744500848402, 0.0034363790819936877]], "chi2_level": 0.99, "chi2_df": 3, "chi2_threshold": 11.344866730144373, "N_raw": 65, "N_roi": 65, "N_inlier": 64, "refit": true}
{"timestamp": "17:29:22.607012", "frame": 113, "mu": [-1.591959897828964, 0.658957711838726, 1.2304481861047976], "Sigma": [[0.009742218396313234, 0.006729460347000047, -0.001203973628682506], [0.006729460347000048, 0.013706224004306582, -0.006047154763430555], [-0.0012039736286825066, -0.006047154763430554, 0.013839579908900607]], "chi2_level": 0.99, "chi2_df": 3, "chi2_threshold": 11.344866730144373, "N_raw": 75, "N_roi": 75, "N_inlier": 73, "refit": true}
{"timestamp": "17:29:22.660891", "frame": 114, "mu": [-1.6228993653795896, 0.6449868321697809, 1.1949931823989968], "Sigma": [[0.010825200938274807, 0.006599047684143726, 0.0031689452633359397], [0.006599047684143726, 0.012850740450894257, -0.003710990313995712], [0.0031689452633359397, -0.0037109903139957126, 0.009362046814058908]], "chi2_level": 0.99, "chi2_df": 3, "chi2_threshold": 11.344866730144373, "N_raw": 68, "N_roi": 68, "N_inlier": 66, "refit": true}
{"timestamp": "17:29:22.714010", "frame": 115, "mu": [-1.6885865408277754, 0.6181841076906455, 1.1921010003799788], "Sigma": [[0.00829302704923099, 0.0077016261221590785, 0.00018726754871377209], [0.0077016261221590785, 0.010564979923203422, -0.0017854726172800766], [0.00018726754871377236, -0.0017854726172800764, 0.01538499204003995]], "chi2_level": 0.99, "chi2_df": 3, "chi2_threshold": 11.344866730144373, "N_raw": 54, "N_roi": 54, "N_inlier": 54, "refit": true}
{"timestamp": "17:29:22.769731", "frame": 116, "mu": [-1.6857756919888034, 0.5819354192643592, 1.1978879401586062], "Sigma": [[0.0092567597831108, 0.005280018899733811, -0.001328735681456265], [0.005280018899733811, 0.011565970954373023, -0.007872860430136804], [-0.001328735681456265, -0.007872860430136802, 0.008324278526481352]], "chi2_level": 0.99, "chi2_df": 3, "chi2_threshold": 11.344866730144373, "N_raw": 62, "N_roi": 62, "N_inlier": 59, "refit": true}
{"timestamp": "17:29:22.824249", "frame": 117, "mu": [-1.6911461813640738, 0.5868255753010071, 1.2399870307391359], "Sigma": [[0.008785676732496176, 0.00325398881745525, -0.0014201191316740819], [0.0032539888174552495, 0.010076852173457591, -0.00537524659337775], [-0.0014201191316740819, -0.005375246593377749, 0.004878099808573993]], "chi2_level": 0.99, "chi2_df": 3, "chi2_threshold": 11.344866730144373, "N_raw": 52, "N_roi": 52, "N_inlier": 49, "refit": true}
{"timestamp": "17:29:22.877777", "frame": 118, "mu": [-1.3969780454134164, 0.5464735663831543, 1.193763129303945], "Sigma": [[1.0486050681937564, -0.04072241808354874, 0.026847745586775218], [-0.04072241808354875, 0.011583358057703221, -0.0061486374110113675], [0.026847745586775218, -0.0061486374110113675, 0.004141112387905959]], "chi2_level": 0.99, "chi2_df": 3, "chi2_threshold": 11.344866730144373, "N_raw": 47, "N_roi": 47, "N_inlier": 45, "refit": true}
{"timestamp": "17:29:22.934006", "frame": 119, "mu": [-1.1425022068617006, 0.5150556930261413, 1.095153534224954], "Sigma": [[1.9602434054685005, -0.03578963140694457, 0.021065324424265296], [-0.03578963140694457, 0.00953053302581602, -0.0025129352685409057], [0.021065324424265293, -0.0025129352685409057, 0.015064483645540954]], "chi2_level": 0.99, "chi2_df": 3, "chi2_threshold": 11.344866730144373, "N_raw": 57, "N_roi": 57, "N_inlier": 57, "refit": true}
