{"timestamp": "17:25:48.101141", "frame": 51, "mu": [-2.322072805278369, 3.2921345569720724, 0.10022772753620197], "Sigma": [[0.012549043534153132, -0.0016172722650884847, -0.016871889778019237], [-0.001617272265088485, 0.0025185362346614388, -0.0010030919095161946], [-0.016871889778019237, -0.0010030919095161946, 0.032606676175682664]], "chi2_level": 0.99, "chi2_df": 3, "chi2_threshold": 11.344866730144373, "N_raw": 54, "N_roi": 37, "N_inlier": 36, "refit": true}
{"timestamp": "17:25:48.214774", "frame": 53, "mu": [-2.266317392589895, 3.685932477562799, -0.7543939793123164], "Sigma": [[0.014152726352416977, 0.005380612036156409, -0.01154539978599579], [0.0053806120361564085, 0.006238741379825151, -0.008325430575790053], [-0.01154539978599579, -0.008325430575790053, 0.0153896913615803]], "chi2_level": 0.99, "chi2_df": 3, "chi2_threshold": 11.344866730144373, "N_raw": 65, "N_roi": 36, "N_inlier": 36, "refit": true}
{"timestamp": "17:25:48.264756", "frame": 54, "mu": [-2.3195553576899455, 3.26495033698578, 0.36550327854858344], "Sigma": [[0.012029246814725413, 0.003710884494916642, -0.010647086134470459], [0.003710884494916642, 0.002233132912715996, -0.004203117745332424], [-0.010647086134470459, -0.004203117745332425, 0.014349945527541014]], "chi2_level": 0.99, "chi2_df": 3, "chi2_threshold": 11.344866730144373, "N_raw": 25, "N_roi": 19, "N_inlier": 19, "refit": true}
{"timestamp": "17:25:48.324851", "frame": 55, "mu": [-2.3508321271314556, 3.1901707486162185, 0.6757984131111756], "Sigma": [[0.008340057675600903, 0.0041655019739011, -0.009216892580017415], [0.0041655019739011, 0.008272711688706679, -0.01219722312446352], [-0.009216892580017415, -0.01219722312446352, 0.02300836232060499]], "chi2_level": 0.99, "chi2_df": 3, "chi2_threshold": 11.344866730144373, "N_raw": 60, "N_roi": 38, "N_inlier": 38, "refit": true}
{"timestamp": "17:25:48.378130", "frame": 56, "mu": [-2.372772769452669, 3.1095938261557308, 0.8846624937256354], "Sigma": [[0.005853166504423804, 0.0017053115267013407, 0.0008684803520186482], [0.0017053115267013407, 0.004376948394944488, -0.005359785697275391], [0.0008684803520186482, -0.005359785697275391, 0.010260449821768129]], "chi2_level": 0.99, "chi2_df": 3, "chi2_threshold": 11.344866730144373, "N_raw": 46, "N_roi": 26, "N_inlier": 26, "refit": true}
{"timestamp": "17:25:48.430072", "frame": 57, "mu": [-2.36236547607533, 3.1155619353342887, 0.8836322352199069], "Sigma": [[0.006423912221778401, 0.0033681196068126376, -0.0038381202149160485], [0.0033681196068126367, 0.008597671136535864, 0.00022269570009102635], [-0.003838120214916048, 0.00022269570009102613, 0.004238637527578608]], "chi2_level": 0.99, "chi2_df": 3, "chi2_threshold": 11.344866730144373, "N_raw": 24, "N_roi": 17, "N_inlier": 17, "refit": true}
{"timestamp": "17:25:48.489404", "frame": 58, "mu": [-2.290745579647597, 3.029319232172571, 0.9219820361457095], "Sigma": [[0.015422347943791184, 0.005416022641069862, -0.011891952140253365], [0.005416022641069862, 0.00477410721803431, -0.011493417474036531], [-0.011891952140253365, -0.011493417474036531, 0.03886497944449757]], "chi2_level": 0.99, "chi2_df": 3, "chi2_threshold": 11.344866730144373, "N_raw": 59, "N_roi": 48, "N_inlier": 48, "refit": true}
{"timestamp": "17:25:48.538932", "frame": 59, "mu": [-2.308497540076469, 3.0035633312366055, 0.9478546271535937], "Sigma": [[0.004233404056708572, 0.0007615199818409668, -0.0035046355162600784], [0.0007615199818409666, 0.0018876308460855564, -0.003937611220186197], [-0.0035046355162600784, -0.003937611220186198, 0.01174071705919314]], "chi2_level": 0.99, "chi2_df": 3, "chi2_threshold": 11.344866730144373, "N_raw": 14, "N_roi": 14, "N_inlier": 13, "refit": true}
{"timestamp": "17:25:48.597302", "frame": 60, "mu": [-2.1862117543187813, 3.001437354378525, 0.8971281313571735], "Sigma": [[0.016280917141035772, 0.00698922377828014, -0.01397327467928747], [0.00698922377828014, 0.008634002183172973, -0.010006983091742408], [-0.01397327467928747, -0.010006983091742408, 0.017150906712055287]], "chi2_level": 0.99, "chi2_df": 3, "chi2_threshold": 11.344866730144373, "N_raw": 48, "N_roi": 48, "N_inlier": 48, "refit": true}
{"timestamp": "17:25:48.650600", "frame": 61, "mu": [-2.1942802358147886, 2.9517958888382334, 1.092463321336723], "Sigma": [[0.012269502663085055, 0.004801585912729566, -0.009027922118637465], [0.004801585912729566, 0.0058014332010247445, -0.005454594940925423], [-0.009027922118637465, -0.005454594940925423, 0.0094247280554571]], "chi2_level": 0.99, "chi2_df": 3, "chi2_threshold": 11.344866730144373, "N_raw": 32, "N_roi": 32, "N_inlier": 32, "refit": true}
{"timestamp": "17:25:48.702408", "frame": 62, "mu": [-1.9532943774055547, 2.958851264038542, 0.6640405086079336], "Sigma": [[0.004211681980047921, 0.001965579213681419, -0.011034574035588572], [0.001965579213681419, 0.002196898227136944, -0.009130479177429622], [-0.011034574035588572, -0.009130479177429622, 0.044102557153204526]], "chi2_level": 0.99, "chi2_df": 3, "chi2_threshold": 11.344866730144373, "N_raw": 11, "N_roi": 11, "N_inlier": 11, "refit": true}
{"timestamp": "17:25:48.761510", "frame": 63, "mu": [-1.9423030510830939, 2.9489239545601884, 0.6283568256181957], "Sigma": [[0.017138588591646447, 0.005335778147512274, -0.018439606813244545], [0.005335778147512274, 0.005311453104173959, -0.0062691084838776], [-0.018439606813244545, -0.006269108483877599, 0.02112217970327661]], "chi2_level": 0.99, "chi2_df": 3, "chi2_threshold": 11.344866730144373, "N_raw": 37, "N_roi": 37, "N_inlier": 35, "refit": true}
{"timestamp": "17:25:48.820557", "frame": 64, "mu": [-1.9153011290457136, 2.886770118989115, 0.7840947828120096], "Sigma": [[0.016165883910221494, 0.003655822714540863, -0.021274642063379832], [0.003655822714540863, 0.00423036768313535, -0.011467696039143617], [-0.021274642063379832, -0.011467696039143615, 0.04843852764145531]], "chi2_level": 0.99, "chi2_df": 3, "chi2_threshold": 11.344866730144373, "N_raw": 62, "N_roi": 59, "N_inlier": 59, "refit": true}
{"timestamp": "17:25:48.874500", "frame": 65, "mu": [-1.853525250501947, 2.85547785105271, 0.7456006138531993], "Sigma": [[0.019547019251400004, 0.005273374141805248, -0.017844510181771064], [0.005273374141805248, 0.004019738210965532, -0.009639126746995009], [-0.017844510181771064, -0.009639126746995009, 0.028616192340267493]], "chi2_level": 0.99, "chi2_df": 3, "chi2_threshold": 11.344866730144373, "N_raw": 56, "N_roi": 56, "N_inlier": 55, "refit": true}
{"timestamp": "17:25:48.924998", "frame": 66, "mu": [-1.7969305608453672, 2.7271266000799588, 0.8900325433521232], "Sigma": [[0.011089659367862532, 0.004305417236775238, -0.00753127613207627], [0.004305417236775238, 0.0024964351684531433, -0.005038697573474296], [-0.007531276132076272, -0.005038697573474297, 0.01369257796047116]], "chi2_level": 0.99, "chi2_df": 3, "chi2_threshold": 11.344866730144373, "N_raw": 27, "N_roi": 27, "N_inlier": 25, "refit": true}
{"timestamp": "17:25:48.985322", "frame": 67, "mu": [-1.673975597974301, 2.851205353739809, -1.0559402662362265], "Sigma": [[0.014093197441780635, 0.014132367611184155, 0.019667112239254096], [0.014132367611184155, 0.032679731842128426, 0.0374230660443804], [0.019667112239254096, 0.03742306604438041, 0.08707768538137226]], "chi2_level": 0.99, "chi2_df": 3, "chi2_threshold": 11.344866730144373, "N_raw": 68, "N_roi": 68, "N_inlier": 68, "refit": true}
{"timestamp": "17:25:49.041929", "frame": 68, "mu": [-1.6594309085423167, 2.7006801117469594, 0.7542471269181262], "Sigma": [[0.010894060899998306, 0.005972374970282884, -0.015453856754677586], [0.005972374970282884, 0.005566536128453518, -0.013798184221396951], [-0.015453856754677583, -0.013798184221396951, 0.03966605973495861]], "chi2_level": 0.99, "chi2_df": 3, "chi2_threshold": 11.344866730144373, "N_raw": 41, "N_roi": 41, "N_inlier": 40, "refit": true}
{"timestamp": "17:25:49.090555", "frame": 69, "mu": [-1.5448322625942563, 2.7459045907724837, 0.7526046582130553], "Sigma": [[0.008406427132824862, 0.0011916822430151886, -0.008561860094852462], [0.0011916822430151886, 0.0015834966337396358, -0.0030701257832625806], [-0.008561860094852462, -0.0030701257832625806, 0.013515713461617167]], "chi2_level": 0.99, "chi2_df": 3, "chi2_threshold": 11.344866730144373, "N_raw": 29, "N_roi": 29, "N_inlier": 28, "refit": true}
{"timestamp": "17:25:49.149407", "frame": 70, "mu": [-1.5949131145940687, 2.653184638179897, 0.9364760923508804], "Sigma": [[0.011698238354861496, 0.003978452248530202, -0.009645994716020932], [0.003978452248530201, 0.006303688885369638, -0.010225151741398803], [-0.009645994716020932, -0.010225151741398803, 0.020143671153336987]], "chi2_level": 0.99, "chi2_df": 3, "chi2_threshold": 11.344866730144373, "N_raw": 59, "N_roi": 59, "N_inlier": 59, "refit": true}
{"timestamp": "17:25:49.204135", "frame": 71, "mu": [-1.537720702289829, 2.6192204124601526, 0.9918304160739846], "Sigma": [[0.014212530753572544, 0.004201949811805572, -0.0177541786144476], [0.004201949811805572, 0.005697406733327416, -0.013005478245268029], [-0.0177541786144476, -0.01300547824526803, 0.03927539825894741]], "chi2_level": 0.99, "chi2_df": 3, "chi2_threshold": 11.344866730144373, "N_raw": 49, "N_roi": 49, "N_inlier": 47, "refit": true}
{"timestamp": "17:25:49.258718", "frame": 72, "mu": [-1.4176649766704315, 2.632979035548991, 0.8910126372593752], "Sigma": [[0.015338567913429505, 0.008581081824483427, -0.02100793559548427], [0.008581081824483425, 0.0086445823859566, -0.021024558919416944], [-0.02100793559548427, -0.021024558919416944, 0.0585165781269131]], "chi2_level": 0.99, "chi2_df": 3, "chi2_threshold": 11.344866730144373, "N_raw": 50, "N_roi": 50, "N_inlier": 50, "refit": true}
{"timestamp": "17:25:49.316024", "frame": 73, "mu": [-1.3491703702367601, 2.567336899230037, 0.8305027655655126], "Sigma": [[0.019391497893605288, 0.0094084979874205, -0.029700107063993213], [0.0094084979874205, 0.0073921382159054085, -0.02064167890215212], [-0.029700107063993213, -0.02064167890215212, 0.06823707305554039]], "chi2_level": 0.99, "chi2_df": 3, "chi2_threshold": 11.344866730144373, "N_raw": 64, "N_roi": 62, "N_inlier": 61, "refit": true}
{"timestamp": "17:25:49.366608", "frame": 74, "mu": [-1.30134622153755, 2.6016671732281957, 0.9169270768140985], "Sigma": [[0.008094767611365966, 0.003965315881491103, -0.00818525770025932], [0.003965315881491103, 0.006748549692878541, -0.01329163906684128], [-0.00818525770025932, -0.013291639066841278, 0.031703247366364186]], "chi2_level": 0.99, "chi2_df": 3, "chi2_threshold": 11.344866730144373, "N_raw": 34, "N_roi": 34, "N_inlier": 33, "refit": true}
{"timestamp": "17:25:49.424418", "frame": 75, "mu": [-1.2719879183671354, 2.4960731790354767, 0.9536038241907577], "Sigma": [[0.012666938221862687, 0.0021642847045954213, -0.0040707556979913675], [0.0021642847045954213, 0.0014406445410949365, -0.0038991248927799085], [-0.004070755697991367, -0.0038991248927799085, 0.019544620933649833]], "chi2_level": 0.99, "chi2_df": 3, "chi2_threshold": 11.344866730144373, "N_raw": 57, "N_roi": 56, "N_inlier": 51, "refit": true}
{"timestamp": "17:25:49.538940", "frame": 77, "mu": [-1.085614814818699, 2.452794204644372, 0.8038534880137026], "Sigma": [[0.01999487433312419, 0.00432400636758881, -0.03252782240100138], [0.00432400636758881, 0.004168462653930582, -0.01303955914974865], [-0.03252782240100138, -0.01303955914974865, 0.07957159413220226]], "chi2_level": 0.99, "chi2_df": 3, "chi2_threshold": 11.344866730144373, "N_raw": 88, "N_roi": 85, "N_inlier": 81, "refit": true}
{"timestamp": "17:25:49.592393", "frame": 78, "mu": [-0.9536898985770204, 2.4486041978715454, 0.7034608953288043], "Sigma": [[0.009385608883158808, 0.00018850831257277072, -0.008981608773577773], [0.00018850831257277075, 0.0033552076400297183, -0.006047612929461659], [-0.008981608773577773, -0.006047612929461659, 0.025013723749900033]], "chi2_level": 0.99, "chi2_df": 3, "chi2_threshold": 11.344866730144373, "N_raw": 69, "N_roi": 69, "N_inlier": 67, "refit": true}
{"timestamp": "17:25:49.645812", "frame": 79, "mu": [-0.9972504469696812, 2.350109756722007, 0.9855143001459878], "Sigma": [[0.011191577501742359, 0.0014337264243139592, -0.008037781905084675], [0.0014337264243139592, 0.0023946967558655273, -0.004903222615181423], [-0.008037781905084675, -0.004903222615181423, 0.017449938816781897]], "chi2_level": 0.99, "chi2_df": 3, "chi2_threshold": 11.344866730144373, "N_raw": 64, "N_roi": 60, "N_inlier": 57, "refit": true}
{"timestamp": "17:25:49.705679", "frame": 80, "mu": [-0.9161786091039534, 2.3625710629254026, 0.8967455096775939], "Sigma": [[0.015057662472552502, 0.005788447219473129, -0.007820286859965192], [0.005788447219473129, 0.006603606668461145, -0.011981953593686926], [-0.007820286859965192, -0.011981953593686926, 0.025546749078096814]], "chi2_level": 0.99, "chi2_df": 3, "chi2_threshold": 11.344866730144373, "N_raw": 99, "N_roi": 97, "N_inlier": 97, "refit": true}
{"timestamp": "17:25:49.758408", "frame": 81, "mu": [-0.8339748859679234, 2.2531525797855885, 0.7221621434174302], "Sigma": [[0.009805575215345306, 0.002000437925642899, -0.008542617121815324], [0.002000437925642899, 0.0037082352425045597, -0.005684543691440754], [-0.00854261712181532, -0.005684543691440754, 0.019453470718325053]], "chi2_level": 0.99, "chi2_df": 3, "chi2_threshold": 11.344866730144373, "N_raw": 75, "N_roi": 66, "N_inlier": 62, "refit": true}
{"timestamp": "17:25:49.817106", "frame": 82, "mu": [-0.8467176455783803, 2.23091691446097, 0.7085876300370192], "Sigma": [[0.003549419779923486, -0.0006265587158479848, -0.003078545722368112], [-0.0006265587158479848, 0.004296747514869259, 0.01918798097656188], [-0.003078545722368112, 0.01918798097656188, 0.187719882148234]], "chi2_level": 0.99, "chi2_df": 3, "chi2_threshold": 11.344866730144373, "N_raw": 91, "N_roi": 28, "N_inlier": 25, "refit": true}
{"timestamp": "17:25:49.879567", "frame": 83, "mu": [-0.8644372541685563, 2.2111226522929868, 0.9801224043140331], "Sigma": [[0.00834312929243493, 0.0005074159363771723, 0.0015532513752250722], [0.0005074159363771724, 0.002078539487991892, -0.006812806904505807], [0.0015532513752250724, -0.0068128069045058064, 0.03409292684525212]], "chi2_level": 0.99, "chi2_df": 3, "chi2_threshold": 11.344866730144373, "N_raw": 150, "N_roi": 71, "N_inlier": 70, "refit": true}
{"timestamp": "17:25:49.931787", "frame": 84, "mu": [-0.8021353444823778, 2.184186454142752, 0.9484213972875358], "Sigma": [[0.012733233564948236, 0.0016499089527127852, -0.006239341482921023], [0.0016499089527127848, 0.004151193621013401, -0.003497158141112721], [-0.006239341482921023, -0.0034971581411127215, 0.006884714131510303]], "chi2_level": 0.99, "chi2_df": 3, "chi2_threshold": 11.344866730144373, "N_raw": 128, "N_roi": 66, "N_inlier": 61, "refit": true}
{"timestamp": "17:25:49.989677", "frame": 85, "mu": [-0.6642075849632885, 2.3708836843583025, 1.3531415391384396], "Sigma": [[0.02607926537579576, -0.015978610082064876, 0.010688277211858766], [-0.015978610082064876, 0.6706555440298514, 0.5083100407088854], [0.010688277211858777, 0.5083100407088854, 1.2871965147486815]], "chi2_level": 0.99, "chi2_df": 3, "chi2_threshold": 11.344866730144373, "N_raw": 141, "N_roi": 40, "N_inlier": 36, "refit": true}
{"timestamp": "17:25:50.045377", "frame": 86, "mu": [-0.6968375774775007, 2.1295367794514113, 0.9197671538400615], "Sigma": [[0.015108684536829902, 0.0027168492027691516, -0.01655966756860318], [0.0027168492027691516, 0.0031329158064379117, -0.008218751031905797], [-0.01655966756860318, -0.008218751031905797, 0.03825117316728024]], "chi2_level": 0.99, "chi2_df": 3, "chi2_threshold": 11.344866730144373, "N_raw": 150, "N_roi": 91, "N_inlier": 89, "refit": true}
{"timestamp": "17:25:50.099380", "frame": 87, "mu": [-0.5897629116601906, 2.078307622744127, 0.8545743160518404], "Sigma": [[0.01192262165029905, 0.005301486176491441, -0.011651129874321653], [0.005301486176491441, 0.010507048552817118, -0.006916280803234083], [-0.011651129874321655, -0.006916280803234083, 0.037374021519998454]], "chi2_level": 0.99, "chi2_df": 3, "chi2_threshold": 11.344866730144373, "N_raw": 150, "N_roi": 97, "N_inlier": 92, "refit": true}
{"timestamp": "17:25:50.152838", "frame": 88, "mu": [-0.47879066105892715, 2.0153660230381973, 0.8388400654600412], "Sigma": [[0.013516115965576675, 0.0021544275459007695, -0.013942740982519984], [0.0021544275459007695, 0.005430448959297235, -0.003804290445060311], [-0.013942740982519984, -0.003804290445060311, 0.03373880026398537]], "chi2_level": 0.99, "chi2_df": 3, "chi2_threshold": 11.344866730144373, "N_raw": 138, "N_roi": 94, "N_inlier": 91, "refit": true}
{"timestamp": "17:25:50.208578", "frame": 89, "mu": [-0.538911480523532, 1.9819555930096477, 0.9024886875886002], "Sigma": [[0.011684062526118954, 0.004041760208076658, -0.010080952555124475], [0.004041760208076657, 0.0074888610495394215, -0.007629181394677229], [-0.010080952555124475, -0.007629181394677228, 0.016441163961165597]], "chi2_level": 0.99, "chi2_df": 3, "chi2_threshold": 11.344866730144373, "N_raw": 144, "N_roi": 85, "N_inlier": 80, "refit": true}
{"timestamp": "17:25:50.262635", "frame": 90, "mu": [-0.5348800301630879, 1.9905852665002175, 0.9509093873529761], "Sigma": [[0.01712337626599572, 0.0029082724746234984, -0.02062899286009574], [0.0029082724746234984, 0.005442842348135814, -0.00449908144301346], [-0.02062899286009574, -0.004499081443013461, 0.04446110510413723]], "chi2_level": 0.99, "chi2_df": 3, "chi2_threshold": 11.344866730144373, "N_raw": 128, "N_roi": 70, "N_inlier": 67, "refit": true}
{"timestamp": "17:25:50.314379", "frame": 91, "mu": [-0.3824159628168185, 2.030203684815088, 0.3802551490929712], "Sigma": [[0.008222678729296815, -0.0036496702498146315, 0.047547557131205814], [-0.0036496702498146315, 0.0037929321528003992, -0.027571154873647835], [0.047547557131205814, -0.027571154873647835, 0.4314740019123381]], "chi2_level": 0.99, "chi2_df": 3, "chi2_threshold": 11.344866730144373, "N_raw": 109, "N_roi": 54, "N_inlier": 53, "refit": true}
{"timestamp": "17:25:50.363402", "frame": 92, "mu": [-0.3740619106506677, 2.0070037080895453, 1.0377912932236097], "Sigma": [[0.004187126953444812, -0.0017823894078334848, -0.003155034738960071], [-0.0017823894078334845, 0.005586082918118513, -0.0016118419060814418], [-0.003155034738960071, -0.0016118419060814424, 0.007630073545279985]], "chi2_level": 0.99, "chi2_df": 3, "chi2_threshold": 11.344866730144373, "N_raw": 75, "N_roi": 20, "N_inlier": 19, "refit": true}
{"timestamp": "17:25:50.425792", "frame": 93, "mu": [-0.3925980622591404, 1.9289033427349886, 0.9869923376195661], "Sigma": [[0.0070636918423027965, 0.000953122589345241, -0.004529839840758273], [0.0009531225893452413, 0.00640278115151715, -0.005887728834803284], [-0.004529839840758273, -0.005887728834803284, 0.012361224755680883]], "chi2_level": 0.99, "chi2_df": 3, "chi2_threshold": 11.344866730144373, "N_raw": 129, "N_roi": 76, "N_inlier": 72, "refit": true}
{"timestamp": "17:25:50.485390", "frame": 94, "mu": [-0.3141137676131892, 1.8132292194852437, 0.9240479609628501], "Sigma": [[0.01339241197281707, -0.0018168078946598696, -0.03863482028657353], [-0.0018168078946598696, 0.0064374797542379085, 0.007279970352750192], [-0.03863482028657353, 0.007279970352750192, 0.2086240157874957]], "chi2_level": 0.99, "chi2_df": 3, "chi2_threshold": 11.344866730144373, "N_raw": 150, "N_roi": 108, "N_inlier": 107, "refit": true}
{"timestamp": "17:25:50.540824", "frame": 95, "mu": [-0.284341444314636, 1.8255044747141325, 0.9659901355642618], "Sigma": [[0.0062344922412022495, -0.0002198683807261621, -0.010351915731670236], [-0.0002198683807261622, 0.006735465892022723, 0.0033542563292724586], [-0.010351915731670236, 0.003354256329272459, 0.20865126436723916]], "chi2_level": 0.99, "chi2_df": 3, "chi2_threshold": 11.344866730144373, "N_raw": 150, "N_roi": 101, "N_inlier": 101, "refit": true}
{"timestamp": "17:25:50.591746", "frame": 96, "mu": [-0.18725289444734736, 1.9453906842834765, -0.5203893778404921], "Sigma": [[0.008374489107008878, 0.007470419548891745, -0.0007416274958732311], [0.007470419548891745, 0.017419936422369435, -0.010401812873902318], [-0.0007416274958732313, -0.010401812873902318, 0.04728428597946647]], "chi2_level": 0.99, "chi2_df": 3, "chi2_threshold": 11.344866730144373, "N_raw": 127, "N_roi": 97, "N_inlier": 93, "refit": true}
{"timestamp": "17:25:50.649606", "frame": 97, "mu": [-0.14988486200208903, 1.7763124478816195, 0.43492249876427097], "Sigma": [[0.007132530215048504, -0.0005867077687635404, 0.055684691931908906], [-0.0005867077687635404, 0.004703079928060328, -0.006723881770156391], [0.055684691931908906, -0.006723881770156391, 0.75072774429573]], "chi2_level": 0.99, "chi2_df": 3, "chi2_threshold": 11.344866730144373, "N_raw": 150, "N_roi": 116, "N_inlier": 116, "refit": true}
{"timestamp": "17:25:50.705078", "frame": 98, "mu": [-0.05868754280451587, 1.7275545680908007, 0.8297948686817159], "Sigma": [[0.01064051841038399, 0.0005353589809317058, 0.024395602511095935], [0.0005353589809317058, 0.002694648503088065, -0.004976815941073614], [0.024395602511095935, -0.004976815941073615, 0.26486949354826234]], "chi2_level": 0.99, "chi2_df": 3, "chi2_threshold": 11.344866730144373, "N_raw": 150, "N_roi": 114, "N_inlier": 113, "refit": true}
{"timestamp": "17:25:50.759744", "frame": 99, "mu": [0.06944372836585502, 1.7020506293713265, 0.9738679489551939], "Sigma": [[0.008548847723025372, -0.0030506257363779794, -0.016204067072672964], [-0.0030506257363779794, 0.003065520293683034, 0.0041784800440335425], [-0.016204067072672964, 0.004178480044033543, 0.09690034579905824]], "chi2_level": 0.99, "chi2_df": 3, "chi2_threshold": 11.344866730144373, "N_raw": 150, "N_roi": 118, "N_inlier": 112, "refit": true}
{"timestamp": "17:25:50.937234", "frame": 100, "mu": [0.06951470674049204, 1.6543155216778063, 0.9625585043932728], "Sigma": [[0.01687412947884897, 0.0021878514362718726, -0.003362137264879088], [0.002187851436271872, 0.0073605808914316674, -0.008898610803528596], [-0.003362137264879088, -0.008898610803528596, 0.057368501231985565]], "chi2_level": 0.99, "chi2_df": 3, "chi2_threshold": 11.344866730144373, "N_raw": 123, "N_roi": 77, "N_inlier": 75, "refit": true}
{"timestamp": "17:25:50.945449", "frame": 101, "mu": [0.10591989915872324, 1.7878450183744785, -0.4431053433226146], "Sigma": [[0.00698415966860106, 0.0009513104648908909, -0.0038382453895635885], [0.000951310464890891, 0.010289058762252437, -0.01783518505926442], [-0.0038382453895635885, -0.01783518505926442, 0.042602768263578006]], "chi2_level": 0.99, "chi2_df": 3, "chi2_threshold": 11.344866730144373, "N_raw": 150, "N_roi": 128, "N_inlier": 121, "refit": true}
{"timestamp": "17:25:50.971546", "frame": 102, "mu": [0.13133594469529308, 1.5934844710773821, 0.6681925600930001], "Sigma": [[0.01621074080944563, -0.0046299317921681725, 0.03919871592345886], [-0.0046299317921681725, 0.008337882557380999, -0.04004452292135704], [0.03919871592345886, -0.040044522921357045, 0.42677551589826046]], "chi2_level": 0.99, "chi2_df": 3, "chi2_threshold": 11.344866730144373, "N_raw": 150, "N_roi": 115, "N_inlier": 112, "refit": true}
{"timestamp": "17:25:51.002156", "frame": 103, "mu": [0.15238224192984576, 1.5150177387485197, 1.08123842350328], "Sigma": [[0.015239847833459849, 0.0010178990997776723, -0.019248418204620626], [0.0010178990997776723, 0.0066909375288181265, 0.0007549247583816536], [-0.019248418204620626, 0.0007549247583816545, 0.05211458417844881]], "chi2_level": 0.99, "chi2_df": 3, "chi2_threshold": 11.344866730144373, "N_raw": 150, "N_roi": 121, "N_inlier": 117, "refit": true}
{"timestamp": "17:25:51.034855", "frame": 104, "mu": [0.20548314797421174, 1.513899301664021, 0.6257249154866295], "Sigma": [[0.006393097700485874, -0.0059154593900399705, 0.04155124319548939], [-0.005915459390039971, 0.010980511229115671, -0.06955152686746541], [0.04155124319548939, -0.06955152686746541, 0.5827113177354937]], "chi2_level": 0.99, "chi2_df": 3, "chi2_threshold": 11.344866730144373, "N_raw": 150, "N_roi": 117, "N_inlier": 115, "refit": true}
{"timestamp": "17:25:51.090767", "frame": 105, "mu": [0.26514776383238564, 1.4433824558095318, 1.0289477101380213], "Sigma": [[0.014761163200524145, 0.001810647455705942, -0.012424227798834328], [0.001810647455705942, 0.0023867773887280026, -0.0006362080905461703], [-0.012424227798834328, -0.0006362080905461703, 0.06394593136298904]], "chi2_level": 0.99, "chi2_df": 3, "chi2_threshold": 11.344866730144373, "N_raw": 150, "N_roi": 130, "N_inlier": 126, "refit": true}
{"timestamp": "17:25:51.146280", "frame": 106, "mu": [0.3306405169094927, 1.4000979996411784, 0.9999918289118928], "Sigma": [[0.015788548359776486, 0.001970167353606533, -0.012218431900208392], [0.001970167353606533, 0.0063453240975083, 0.007961590758506974], [-0.01221843190020839, 0.007961590758506975, 0.05658589947021863]], "chi2_level": 0.99, "chi2_df": 3, "chi2_threshold": 11.344866730144373, "N_raw": 150, "N_roi": 120, "N_inlier": 113, "refit": true}
{"timestamp": "17:25:51.187051", "frame": 107, "mu": [0.21128156328506298, 1.3712023032305565, 1.0538015057435735], "Sigma": [[0.008279032293872357, -0.0003736968177764571, -0.002790378636682395], [-0.0003736968177764571, 0.0030852467796470863, 0.0006709851865755742], [-0.0027903786366823956, 0.0006709851865755742, 0.17524080944104317]], "chi2_level": 0.99, "chi2_df": 3, "chi2_threshold": 11.344866730144373, "N_raw": 60, "N_roi": 47, "N_inlier": 46, "refit": true}
{"timestamp": "17:25:51.249584", "frame": 108, "mu": [0.34613224230808404, 1.3224089188394537, 1.1912120046767722], "Sigma": [[0.003476295575824387, -0.0012187241044978594, -0.001329016683535955], [-0.0012187241044978594, 0.0037931112463009302, -0.007035522762190353], [-0.001329016683535955, -0.007035522762190353, 0.033607149368146044]], "chi2_level": 0.99, "chi2_df": 3, "chi2_threshold": 11.344866730144373, "N_raw": 116, "N_roi": 71, "N_inlier": 66, "refit": true}
{"timestamp": "17:25:51.307382", "frame": 109, "mu": [0.3985403219781627, 1.2302511947826196, 0.0400656753918529], "Sigma": [[0.008091976365296565, 0.0006914913552689675, 0.059541820771752026], [0.0006914913552689675, 0.002360763734034231, -0.01077111785548577], [0.05954182077175203, -0.01077111785548577, 1.0090440709324835]], "chi2_level": 0.99, "chi2_df": 3, "chi2_threshold": 11.344866730144373, "N_raw": 133, "N_roi": 120, "N_inlier": 118, "refit": true}
{"timestamp": "17:25:51.357892", "frame": 110, "mu": [0.4270204471104202, 1.1713352340363334, 1.280986161212316], "Sigma": [[0.0032278098693299655, -0.00026847850255311945, 0.0006966328197729175], [-0.0002684785025531195, 0.004276345233151045, 0.01029924615799671], [0.0006966328197729177, 0.01029924615799671, 0.11039594104154798]], "chi2_level": 0.99, "chi2_df": 3, "chi2_threshold": 11.344866730144373, "N_raw": 99, "N_roi": 59, "N_inlier": 54, "refit": true}
{"timestamp": "17:25:51.408448", "frame": 111, "mu": [0.4214090259315979, 1.1575526630757187, 1.2308171856846617], "Sigma": [[0.003801321573507637, -0.0031884790280424504, 0.0039002892797784876], [-0.0031884790280424504, 0.005840139931775856, -0.012799315332770152], [0.003900289279778488, -0.012799315332770152, 0.09623002753033333]], "chi2_level": 0.99, "chi2_df": 3, "chi2_threshold": 11.344866730144373, "N_raw": 73, "N_roi": 59, "N_inlier": 56, "refit": true}
{"timestamp": "17:25:51.468189", "frame": 112, "mu": [0.46997901876570536, 1.101819097544776, 1.186915965929173], "Sigma": [[0.006123985324015305, -0.00017827346721202065, -0.00970090929646294], [-0.0001782734672120207, 0.008186583907876487, 0.004917975493783052], [-0.00970090929646294, 0.004917975493783052, 0.03799164969434244]], "chi2_level": 0.99, "chi2_df": 3, "chi2_threshold": 11.344866730144373, "N_raw": 104, "N_roi": 68, "N_inlier": 63, "refit": true}
{"timestamp": "17:25:51.520211", "frame": 113, "mu": [0.5249497350164827, 1.0754221500382304, 1.29703345185129], "Sigma": [[0.002948100403622037, -0.0009821712990686104, 0.001589445603912333], [-0.0009821712990686104, 0.0048715617174113985, -0.005949148660318353], [0.001589445603912333, -0.005949148660318352, 0.010258361426543185]], "chi2_level": 0.99, "chi2_df": 3, "chi2_threshold": 11.344866730144373, "N_raw": 82, "N_roi": 70, "N_inlier": 66, "refit": true}
{"timestamp": "17:25:51.577169", "frame": 114, "mu": [0.6127901044990438, 0.9672812166975564, 1.4271202838278017], "Sigma": [[0.006392329004939769, -0.00039366986658469005, -0.0012311573512115304], [-0.00039366986658469, 0.003451952856432512, -0.0047461033829332986], [-0.0012311573512115302, -0.0047461033829332986, 0.010591188437456012]], "chi2_level": 0.99, "chi2_df": 3, "chi2_threshold": 11.344866730144373, "N_raw": 98, "N_roi": 53, "N_inlier": 48, "refit": true}
{"timestamp": "17:25:51.625390", "frame": 115, "mu": [0.5614451400772534, 0.9615012323612318, 1.300772498217458], "Sigma": [[0.009466833813390195, -0.005375920894990633, 0.010900382724921177], [-0.005375920894990633, 0.006119812102335522, -0.010913133996045935], [0.010900382724921177, -0.010913133996045935, 0.02608773501467494]], "chi2_level": 0.99, "chi2_df": 3, "chi2_threshold": 11.344866730144373, "N_raw": 54, "N_roi": 51, "N_inlier": 46, "refit": true}
{"timestamp": "17:25:51.691590", "frame": 116, "mu": [0.6135278919428458, 1.0964311343796602, -0.4159864584084699], "Sigma": [[0.005230999302211196, 0.0007608484915956127, -0.004377480530413789], [0.0007608484915956129, 0.007427762478003119, -0.008316597461150481], [-0.004377480530413789, -0.008316597461150481, 0.018639869335907472]], "chi2_level": 0.99, "chi2_df": 3, "chi2_threshold": 11.344866730144373, "N_raw": 136, "N_roi": 97, "N_inlier": 93, "refit": true}
{"timestamp": "17:25:51.735662", "frame": 117, "mu": [0.6581962197303419, 0.8844958426037932, 1.354023862141747], "Sigma": [[0.002662330896705258, -0.00036513502456807624, -0.0014615461565139767], [-0.00036513502456807624, 0.0016687126187692688, -0.0018239211076691876], [-0.0014615461565139765, -0.0018239211076691876, 0.006206778263403962]], "chi2_level": 0.99, "chi2_df": 3, "chi2_threshold": 11.344866730144373, "N_raw": 54, "N_roi": 51, "N_inlier": 46, "refit": true}
{"timestamp": "17:25:51.793562", "frame": 118, "mu": [0.6672396918850589, 0.9134721394065469, 1.2982458701040513], "Sigma": [[0.0034536076742190188, 0.0006176473921190276, -0.002279749524268482], [0.0006176473921190278, 0.005657656647606542, 0.0007423530217128179], [-0.0022797495242684825, 0.0007423530217128179, 0.005626610681665673]], "chi2_level": 0.99, "chi2_df": 3, "chi2_threshold": 11.344866730144373, "N_raw": 77, "N_roi": 41, "N_inlier": 38, "refit": true}
{"timestamp": "17:25:51.948596", "frame": 121, "mu": [0.8945774353247778, 0.7011385491137951, 0.8960356551506564], "Sigma": [[0.017662386984579375, -0.014374264811536698, -0.07079249715727876], [-0.014374264811536697, 0.017742746420541265, 0.07591179770027268], [-0.07079249715727876, 0.07591179770027268, 0.4597580302872248]], "chi2_level": 0.99, "chi2_df": 3, "chi2_threshold": 11.344866730144373, "N_raw": 12, "N_roi": 10, "N_inlier": 10, "refit": true}
{"timestamp": "17:25:52.011853", "frame": 122, "mu": [0.8069694147678481, 0.7393205765145072, 1.2920441573005654], "Sigma": [[0.004610755593575876, -0.0029616249936896795, -0.0074669394517337595], [-0.0029616249936896795, 0.009211088796525381, 0.032927451956825046], [-0.0074669394517337595, 0.032927451956825046, 0.17000314937905195]], "chi2_level": 0.99, "chi2_df": 3, "chi2_threshold": 11.344866730144373, "N_raw": 70, "N_roi": 26, "N_inlier": 25, "refit": true}
{"timestamp": "17:25:52.061929", "frame": 123, "mu": [0.8378646566292378, 0.7114577629820239, 1.2426481835622147], "Sigma": [[0.002360721409375542, 0.00042715540745689177, 0.004860480931176271], [0.0004271554074568918, 0.0031144821805435792, -0.00612171927875107], [0.004860480931176271, -0.00612171927875107, 0.17594194644974284]], "chi2_level": 0.99, "chi2_df": 3, "chi2_threshold": 11.344866730144373, "N_raw": 32, "N_roi": 28, "N_inlier": 27, "refit": true}
{"timestamp": "17:25:52.337316", "frame": 128, "mu": [1.0664698072994998, 0.4881523144520207, 1.3869862830756223], "Sigma": [[0.003488976507911634, -0.00013195791779718928, -0.002703738602750816], [-0.00013195791779718933, 0.002043867901207308, -0.0004892579916217684], [-0.002703738602750816, -0.0004892579916217685, 0.0025721882480658287]], "chi2_level": 0.99, "chi2_df": 3, "chi2_threshold": 11.344866730144373, "N_raw": 37, "N_roi": 18, "N_inlier": 16, "refit": true}
{"timestamp": "17:25:52.392624", "frame": 129, "mu": [1.1643365453601795, 0.2998935971309737, 0.3507675015546846], "Sigma": [[0.008133782367549743, -0.004742642297446321, -0.034014371153307785], [-0.004742642297446321, 0.017273806916281706, 0.032096720632771046], [-0.034014371153307785, 0.032096720632771046, 0.32063881386529597]], "chi2_level": 0.99, "chi2_df": 3, "chi2_threshold": 11.344866730144373, "N_raw": 36, "N_roi": 19, "N_inlier": 17, "refit": true}
