{"timestamp": "15:27:30.417580", "frame": 2, "mu": [1.0317057275546437, 1.4113573470156098, 1.4004883725740278], "Sigma": [[0.003806806691522523, -0.0014485191279366622, -0.008829036145671446], [-0.0014485191279366622, 0.005472961146862687, 0.01819136597369255], [-0.008829036145671446, 0.01819136597369255, 0.12218713866252204]], "chi2_level": 0.99, "chi2_df": 3, "chi2_threshold": 11.344866730144373, "N_raw": 31, "N_roi": 31, "N_inlier": 29, "refit": true}
{"timestamp": "15:27:30.474886", "frame": 3, "mu": [1.0413042059580924, 1.3424079983924282, 1.1538781069491637], "Sigma": [[0.00391679200588398, -0.0033131819361077518, -0.01680673455852022], [-0.003313181936107752, 0.012844077984300987, 0.06278804942654444], [-0.01680673455852022, 0.06278804942654444, 0.3741843847002156]], "chi2_level": 0.99, "chi2_df": 3, "chi2_threshold": 11.344866730144373, "N_raw": 31, "N_roi": 31, "N_inlier": 31, "refit": true}
{"timestamp": "15:27:30.531255", "frame": 4, "mu": [1.0349065092647969, 1.4092010621767777, 1.3580359236205122], "Sigma": [[0.003952122232130517, -0.0019883222506999914, -0.006303392193964172], [-0.0019883222506999914, 0.002251278295034061, 0.0004992444934067581], [-0.0063033921939641725, 0.0004992444934067578, 0.021095183989813582]], "chi2_level": 0.99, "chi2_df": 3, "chi2_threshold": 11.344866730144373, "N_raw": 43, "N_roi": 43, "N_inlier": 39, "refit": true}
{"timestamp": "15:27:30.587179", "frame": 5, "mu": [1.048912599900017, 1.3956078423965894, 1.4437278573551484], "Sigma": [[0.00556656602515772, -0.0012355677027359796, -0.0026193950804648553], [-0.0012355677027359796, 0.004102543386707592, 0.01119146445392292], [-0.002619395080464855, 0.011191464453922922, 0.06537688785134625]], "chi2_level": 0.99, "chi2_df": 3, "chi2_threshold": 11.344866730144373, "N_raw": 35, "N_roi": 35, "N_inlier": 31, "refit": true}
{"timestamp": "15:27:30.641348", "frame": 6, "mu": [1.0401540204024435, 1.365834004607607, 1.449396566213573], "Sigma": [[0.007524930918547946, -0.0014814647681247115, -0.004835301347383906], [-0.0014814647681247112, 0.0035256937142996167, 0.0002734341861311622], [-0.004835301347383905, 0.00027343418613116227, 0.0037823262744184467]], "chi2_level": 0.99, "chi2_df": 3, "chi2_threshold": 11.344866730144373, "N_raw": 47, "N_roi": 47, "N_inlier": 45, "refit": true}
{"timestamp": "15:27:30.698577", "frame": 7, "mu": [1.034242059629194, 1.3583952217213373, 1.3780897066334177], "Sigma": [[0.007143500123907799, -0.0024383867464501155, -0.009283010646427448], [-0.002438386746450115, 0.0047898334295873235, 0.0043452253831821035], [-0.009283010646427448, 0.0043452253831821035, 0.026948949431176476]], "chi2_level": 0.99, "chi2_df": 3, "chi2_threshold": 11.344866730144373, "N_raw": 61, "N_roi": 61, "N_inlier": 58, "refit": true}
{"timestamp": "15:27:30.753244", "frame": 8, "mu": [1.0169977288624983, 1.3571625246903565, 1.4086414060232855], "Sigma": [[0.0074242595242736895, -0.0016961870857290402, -0.0060136483550648715], [-0.0016961870857290407, 0.0032760274360012403, 0.0006201579643329762], [-0.0060136483550648715, 0.0006201579643329762, 0.009456924721310857]], "chi2_level": 0.99, "chi2_df": 3, "chi2_threshold": 11.344866730144373, "N_raw": 51, "N_roi": 50, "N_inlier": 47, "refit": true}
{"timestamp": "15:27:30.804474", "frame": 9, "mu": [0.7909530366064169, 1.2398272157563084, 0.23731486820309636], "Sigma": [[0.017911675620026504, 0.0013751487695980334, 0.05853337555058775], [0.0013751487695980332, 0.007818191238071889, 0.03344877026541788], [0.05853337555058775, 0.03344877026541788, 0.3222557441289555]], "chi2_level": 0.99, "chi2_df": 3, "chi2_threshold": 11.344866730144373, "N_raw": 27, "N_roi": 27, "N_inlier": 25, "refit": true}
{"timestamp": "15:27:30.860825", "frame": 10, "mu": [1.1112398772237027, 1.2283847525130038, 0.8675592069261812], "Sigma": [[0.00972226312666609, -0.009951355957302201, -0.02693806363495471], [-0.009951355957302201, 0.012140663179427713, 0.032521662689421346], [-0.02693806363495471, 0.032521662689421346, 0.11167821968249049]], "chi2_level": 0.99, "chi2_df": 3, "chi2_threshold": 11.344866730144373, "N_raw": 34, "N_roi": 34, "N_inlier": 31, "refit": true}
{"timestamp": "15:27:30.916567", "frame": 11, "mu": [0.9560976813286732, 1.4083887618731936, -0.3721101752874251], "Sigma": [[0.004445633146435882, 0.0019698213335395793, 0.00643672461772132], [0.0019698213335395793, 0.0032676761277836896, 0.0013247461386398916], [0.00643672461772132, 0.0013247461386398911, 0.02938397326613355]], "chi2_level": 0.99, "chi2_df": 3, "chi2_threshold": 11.344866730144373, "N_raw": 45, "N_roi": 45, "N_inlier": 41, "refit": true}
{"timestamp": "15:27:30.972362", "frame": 12, "mu": [0.936209730908118, 1.298708574451559, 1.382177988112387], "Sigma": [[0.006461162200450041, -0.005319430384106986, -0.014549256854432174], [-0.005319430384106986, 0.011252270561293456, 0.02362124291767815], [-0.014549256854432174, 0.02362124291767815, 0.07270658054024136]], "chi2_level": 0.99, "chi2_df": 3, "chi2_threshold": 11.344866730144373, "N_raw": 43, "N_roi": 43, "N_inlier": 39, "refit": true}
{"timestamp": "15:27:31.026093", "frame": 13, "mu": [0.9333526281641806, 1.4373607157816857, -0.6501986741242907], "Sigma": [[0.032979166328096644, -0.02506159452344338, 0.055424472451616885], [-0.025061594523443375, 0.025372610628391207, -0.06051599531551296], [0.055424472451616885, -0.06051599531551296, 0.24931697475453904]], "chi2_level": 0.99, "chi2_df": 3, "chi2_threshold": 11.344866730144373, "N_raw": 41, "N_roi": 41, "N_inlier": 41, "refit": true}
{"timestamp": "15:27:31.079459", "frame": 14, "mu": [0.9977563550691058, 1.2234047235868581, 1.1501926837796403], "Sigma": [[0.004545987154089874, -0.0030332183219537005, -0.005754476402916469], [-0.0030332183219537005, 0.005423581733551818, 0.005116480389380106], [-0.005754476402916469, 0.005116480389380106, 0.02269277591239567]], "chi2_level": 0.99, "chi2_df": 3, "chi2_threshold": 11.344866730144373, "N_raw": 29, "N_roi": 29, "N_inlier": 26, "refit": true}
{"timestamp": "15:27:31.135640", "frame": 15, "mu": [0.8452991325927744, 1.2435928710286963, 1.1738143389991524], "Sigma": [[0.01187536164465487, -0.001183827999722616, 0.0349765476667421], [-0.0011838279997226158, 0.0021407972740414474, 0.006063149437863982], [0.0349765476667421, 0.006063149437863982, 0.25771480517816536]], "chi2_level": 0.99, "chi2_df": 3, "chi2_threshold": 11.344866730144373, "N_raw": 27, "N_roi": 27, "N_inlier": 26, "refit": true}
{"timestamp": "15:27:31.197067", "frame": 16, "mu": [0.8984819872696952, 1.2553019992742334, 1.2093648464272448], "Sigma": [[0.005651758645424534, -0.0019782392288108094, -0.005736595497891753], [-0.0019782392288108094, 0.0035138428308345167, -0.004032641340737907], [-0.005736595497891753, -0.004032641340737907, 0.0228692155785207]], "chi2_level": 0.99, "chi2_df": 3, "chi2_threshold": 11.344866730144373, "N_raw": 79, "N_roi": 78, "N_inlier": 76, "refit": true}
{"timestamp": "15:27:31.250013", "frame": 17, "mu": [0.8389796561622552, 1.2237019917213174, 1.3572581118033584], "Sigma": [[0.008677754662202235, -0.002029842518408764, -0.006728413800403456], [-0.002029842518408764, 0.0031319394365492918, -0.00034200271393967067], [-0.006728413800403456, -0.0003420027139396708, 0.007549343750459166]], "chi2_level": 0.99, "chi2_df": 3, "chi2_threshold": 11.344866730144373, "N_raw": 65, "N_roi": 65, "N_inlier": 61, "refit": true}
{"timestamp": "15:27:31.304841", "frame": 18, "mu": [0.7694264292326999, 1.2380361693446986, 1.3740917659181382], "Sigma": [[0.006446660934103408, -0.0017482591621175063, -0.011337872774742998], [-0.0017482591621175063, 0.00488714722614725, 0.0020253383247776984], [-0.011337872774742998, 0.0020253383247776984, 0.03491078098048493]], "chi2_level": 0.99, "chi2_df": 3, "chi2_threshold": 11.344866730144373, "N_raw": 62, "N_roi": 62, "N_inlier": 58, "refit": true}
{"timestamp": "15:27:31.364132", "frame": 19, "mu": [0.7509411422698474, 1.223696221673911, 1.2108595342952189], "Sigma": [[0.00774373201411991, -0.002504675437860911, -0.017255261999177915], [-0.002504675437860911, 0.004979163024034424, 0.0015046884053675324], [-0.017255261999177915, 0.0015046884053675326, 0.07329265578796981]], "chi2_level": 0.99, "chi2_df": 3, "chi2_threshold": 11.344866730144373, "N_raw": 84, "N_roi": 84, "N_inlier": 82, "refit": true}
{"timestamp": "15:27:31.421735", "frame": 20, "mu": [0.7520149794261621, 1.1955901909571212, -0.22504453028201118], "Sigma": [[0.0056251852412698205, -0.0024202122133373857, 0.0375491727046354], [-0.0024202122133373857, 0.003305835172397863, -0.030227831923931924], [0.0375491727046354, -0.030227831923931928, 1.0198800226367293]], "chi2_level": 0.99, "chi2_df": 3, "chi2_threshold": 11.344866730144373, "N_raw": 103, "N_roi": 103, "N_inlier": 102, "refit": true}
{"timestamp": "15:27:31.473307", "frame": 21, "mu": [0.7065781992972396, 1.2162733738541647, 1.2447277300952606], "Sigma": [[0.00574322218400337, -0.0021958382061254746, -0.005996221615462237], [-0.0021958382061254746, 0.004096734340857243, -0.0024270740705458855], [-0.005996221615462239, -0.0024270740705458855, 0.019705451166839145]], "chi2_level": 0.99, "chi2_df": 3, "chi2_threshold": 11.344866730144373, "N_raw": 84, "N_roi": 84, "N_inlier": 83, "refit": true}
{"timestamp": "15:27:31.524937", "frame": 22, "mu": [0.6468243421441904, 1.2516629394961645, 1.0490310814643757], "Sigma": [[0.007883491094803649, -0.007286760280746492, 0.019186964002992343], [-0.007286760280746492, 0.012004508547953038, -0.020890062368534225], [0.019186964002992343, -0.020890062368534225, 0.12356257323230295]], "chi2_level": 0.99, "chi2_df": 3, "chi2_threshold": 11.344866730144373, "N_raw": 67, "N_roi": 67, "N_inlier": 67, "refit": true}
{"timestamp": "15:27:31.577150", "frame": 23, "mu": [0.5850077272766957, 1.1951416833977664, 1.3482713397443165], "Sigma": [[0.00335562728884623, -0.001414352560851517, -0.005138434362520472], [-0.001414352560851517, 0.002405430765691333, 9.470914599003116e-06], [-0.005138434362520472, 9.470914599003062e-06, 0.012899637481993324]], "chi2_level": 0.99, "chi2_df": 3, "chi2_threshold": 11.344866730144373, "N_raw": 51, "N_roi": 51, "N_inlier": 45, "refit": true}
{"timestamp": "15:27:31.631645", "frame": 24, "mu": [0.571134839505952, 1.221287543716786, 1.3476073979301662], "Sigma": [[0.004273080609841477, -0.00014852846839830897, -0.005816544750351206], [-0.0001485284683983089, 0.0019247295320186204, -0.001617410308514548], [-0.005816544750351207, -0.001617410308514548, 0.010311215462583746]], "chi2_level": 0.99, "chi2_df": 3, "chi2_threshold": 11.344866730144373, "N_raw": 48, "N_roi": 48, "N_inlier": 46, "refit": true}
{"timestamp": "15:27:31.688478", "frame": 25, "mu": [0.4813930783890469, 1.2459693996225578, 1.3427326684037781], "Sigma": [[0.002804883732275598, -0.0007344271857741021, -0.001654336585790637], [-0.0007344271857741022, 0.0022981772599697053, -0.0016218986108081758], [-0.001654336585790637, -0.0016218986108081756, 0.02868073905535811]], "chi2_level": 0.99, "chi2_df": 3, "chi2_threshold": 11.344866730144373, "N_raw": 55, "N_roi": 55, "N_inlier": 51, "refit": true}
{"timestamp": "15:27:31.742844", "frame": 26, "mu": [0.3673218409494931, 1.3461814841047772, 0.9796452855160711], "Sigma": [[0.003845215589955348, -0.007099861855801866, 0.009572410527017346], [-0.007099861855801866, 0.02112940555479753, -0.038828254355171635], [0.009572410527017345, -0.038828254355171635, 0.18233681651484882]], "chi2_level": 0.99, "chi2_df": 3, "chi2_threshold": 11.344866730144373, "N_raw": 49, "N_roi": 49, "N_inlier": 46, "refit": true}
{"timestamp": "15:27:31.801656", "frame": 27, "mu": [0.3974704318437077, 1.2347456683740443, 1.3305051305158782], "Sigma": [[0.00463763519370045, -0.0014485768534313144, -0.004268089819979157], [-0.0014485768534313144, 0.002903719903064184, -0.005262257371282476], [-0.004268089819979157, -0.005262257371282477, 0.02656379459860972]], "chi2_level": 0.99, "chi2_df": 3, "chi2_threshold": 11.344866730144373, "N_raw": 76, "N_roi": 76, "N_inlier": 71, "refit": true}
{"timestamp": "15:27:31.852447", "frame": 28, "mu": [0.34406803031403027, 1.2290490433902639, 1.4394101699081507], "Sigma": [[0.00333906760238532, -0.00039099485169966113, -0.0014590054031575566], [-0.0003909948516996611, 0.0031285171344460766, -0.0008191500437993779], [-0.0014590054031575566, -0.000819150043799378, 0.0015582651288135164]], "chi2_level": 0.99, "chi2_df": 3, "chi2_threshold": 11.344866730144373, "N_raw": 47, "N_roi": 47, "N_inlier": 43, "refit": true}
{"timestamp": "15:27:31.909581", "frame": 29, "mu": [0.3122857402944885, 1.3025738613518312, -0.4661221075482642], "Sigma": [[0.0033976269888105967, 0.0026618796499649757, 0.0036347875708506302], [0.0026618796499649757, 0.005088682058700896, 0.0021139770731921255], [0.00363478757085063, 0.0021139770731921255, 0.02108705034202015]], "chi2_level": 0.99, "chi2_df": 3, "chi2_threshold": 11.344866730144373, "N_raw": 59, "N_roi": 59, "N_inlier": 54, "refit": true}
{"timestamp": "15:27:31.963615", "frame": 30, "mu": [0.24899529903285758, 1.2838268514569744, 1.238632518539588], "Sigma": [[0.0018147473257878906, -0.0001573941796956254, 0.0013556686671451312], [-0.00015739417969562537, 0.0016400606116354977, 0.0005975046612239696], [0.0013556686671451317, 0.0005975046612239694, 0.052606999277749165]], "chi2_level": 0.99, "chi2_df": 3, "chi2_threshold": 11.344866730144373, "N_raw": 49, "N_roi": 49, "N_inlier": 45, "refit": true}
{"timestamp": "15:27:32.014972", "frame": 31, "mu": [0.20412797682415712, 1.2246778398928748, 1.1010657502831673], "Sigma": [[0.0014344643774172432, -0.0007856078387953682, -0.007807628619161882], [-0.0007856078387953682, 0.0017946882644679976, -0.0003496398739976077], [-0.007807628619161882, -0.0003496398739976079, 0.23775591798052934]], "chi2_level": 0.99, "chi2_df": 3, "chi2_threshold": 11.344866730144373, "N_raw": 27, "N_roi": 27, "N_inlier": 26, "refit": true}
{"timestamp": "15:27:32.129564", "frame": 33, "mu": [0.07334882389554657, 1.3705638297469078, -0.25973182400184325], "Sigma": [[0.004132281070253602, -0.002702567786892226, 0.011392945602974203], [-0.002702567786892226, 0.006144935530773534, -0.011084219122943073], [0.011392945602974203, -0.011084219122943075, 0.0747015151398263]], "chi2_level": 0.99, "chi2_df": 3, "chi2_threshold": 11.344866730144373, "N_raw": 60, "N_roi": 60, "N_inlier": 59, "refit": true}
{"timestamp": "15:27:32.177898", "frame": 34, "mu": [0.043257207218106886, 1.2578996129141529, 1.1210863835651967], "Sigma": [[0.004581866781407616, -0.0003866109360565325, -0.020087060354637774], [-0.0003866109360565324, 0.009589006011797324, 0.03968945387891745], [-0.020087060354637774, 0.03968945387891745, 0.255731757336687]], "chi2_level": 0.99, "chi2_df": 3, "chi2_threshold": 11.344866730144373, "N_raw": 13, "N_roi": 13, "N_inlier": 13, "refit": true}
{"timestamp": "15:27:32.291362", "frame": 36, "mu": [-0.13513278367458123, 1.2058526635084124, -1.0071472314451508], "Sigma": [[0.0039047916331206144, 0.003639994940827022, 0.01120343995768975], [0.003639994940827022, 0.010205508462737082, 0.023005685430352342], [0.01120343995768975, 0.02300568543035234, 0.08982880425518874]], "chi2_level": 0.99, "chi2_df": 3, "chi2_threshold": 11.344866730144373, "N_raw": 39, "N_roi": 39, "N_inlier": 39, "refit": true}
{"timestamp": "15:27:32.347794", "frame": 37, "mu": [-0.12855594970140935, 1.2912983156305977, 1.4305932226904923], "Sigma": [[0.002773101050139845, -0.00047401178576469245, -0.0005790155349153553], [-0.00047401178576469245, 0.00162552979539542, -0.0030579520246427666], [-0.0005790155349153553, -0.0030579520246427666, 0.009569118293415588]], "chi2_level": 0.99, "chi2_df": 3, "chi2_threshold": 11.344866730144373, "N_raw": 52, "N_roi": 52, "N_inlier": 49, "refit": true}
{"timestamp": "15:27:32.406236", "frame": 38, "mu": [-0.17613084338742, 1.2899594608841496, 1.5038009481738555], "Sigma": [[0.004459015100303713, -0.00019853507711154323, -0.0020915112698286177], [-0.00019853507711154318, 0.006674908890703833, -0.0012276569284432272], [-0.0020915112698286177, -0.0012276569284432272, 0.001461994008043491]], "chi2_level": 0.99, "chi2_df": 3, "chi2_threshold": 11.344866730144373, "N_raw": 73, "N_roi": 73, "N_inlier": 72, "refit": true}
{"timestamp": "15:27:32.457926", "frame": 39, "mu": [-0.19160935595512651, 1.2676689827680627, 1.3846363272425057], "Sigma": [[0.0026118079090973545, -0.000811873247514559, -0.0036704887003961763], [-0.000811873247514559, 0.004293513305509521, 0.00021006164633609033], [-0.0036704887003961763, 0.00021006164633609065, 0.014358252946544378]], "chi2_level": 0.99, "chi2_df": 3, "chi2_threshold": 11.344866730144373, "N_raw": 52, "N_roi": 52, "N_inlier": 49, "refit": true}
{"timestamp": "15:27:32.515171", "frame": 40, "mu": [-0.2855872439988222, 1.275926286939418, 1.4529745755909014], "Sigma": [[0.0032829091206101396, -0.0011893087557160648, -0.00252450173279521], [-0.0011893087557160648, 0.003252255443033484, -0.002114856273469432], [-0.00252450173279521, -0.0021148562734694316, 0.00789205615511378]], "chi2_level": 0.99, "chi2_df": 3, "chi2_threshold": 11.344866730144373, "N_raw": 62, "N_roi": 60, "N_inlier": 58, "refit": true}
{"timestamp": "15:27:32.570943", "frame": 41, "mu": [-0.32774364382816806, 1.3469143746987517, -0.3730159244252747], "Sigma": [[0.003565288490297487, 0.0014713068293117383, 0.005118007221147807], [0.0014713068293117383, 0.009415540605296972, 0.004264459544306434], [0.005118007221147807, 0.004264459544306434, 0.017589699217227653]], "chi2_level": 0.99, "chi2_df": 3, "chi2_threshold": 11.344866730144373, "N_raw": 72, "N_roi": 72, "N_inlier": 70, "refit": true}
{"timestamp": "15:27:32.624679", "frame": 42, "mu": [-0.3731040518418671, 1.226821326842229, 1.3833462931045535], "Sigma": [[0.004201323261192456, -0.0003734233681955245, -0.0011090931019881118], [-0.0003734233681955245, 0.004569133231347809, -0.0020847826162539163], [-0.0011090931019881118, -0.0020847826162539163, 0.0018577643013891517]], "chi2_level": 0.99, "chi2_df": 3, "chi2_threshold": 11.344866730144373, "N_raw": 65, "N_roi": 65, "N_inlier": 62, "refit": true}
{"timestamp": "15:27:32.683075", "frame": 43, "mu": [-0.4439177873348028, 1.2311836345453349, 1.3612956400825154], "Sigma": [[0.004564099767835331, -0.0020087299835747363, -0.0027181038943799073], [-0.0020087299835747363, 0.007178538966182661, -0.0015999564972406818], [-0.0027181038943799073, -0.0015999564972406818, 0.0057159987298958095]], "chi2_level": 0.99, "chi2_df": 3, "chi2_threshold": 11.344866730144373, "N_raw": 82, "N_roi": 82, "N_inlier": 77, "refit": true}
{"timestamp": "15:27:32.736496", "frame": 44, "mu": [-0.4507323228584165, 1.1668642242866551, 1.1097989659212613], "Sigma": [[0.003883311081856306, -0.0011741536681502812, -0.00975854055867958], [-0.001174153668150281, 0.0028419760974879075, 0.007051026161761979], [-0.00975854055867958, 0.007051026161761979, 0.06617394531732365]], "chi2_level": 0.99, "chi2_df": 3, "chi2_threshold": 11.344866730144373, "N_raw": 74, "N_roi": 74, "N_inlier": 74, "refit": true}
{"timestamp": "15:27:32.792845", "frame": 45, "mu": [-0.5156144429513729, 1.2666915693369638, 1.348574897982043], "Sigma": [[0.004089812445762214, -0.0017385943894794433, -0.007985609193899764], [-0.0017385943894794435, 0.004170763147173212, 0.006284440077393527], [-0.007985609193899762, 0.006284440077393528, 0.0567164386299414]], "chi2_level": 0.99, "chi2_df": 3, "chi2_threshold": 11.344866730144373, "N_raw": 82, "N_roi": 82, "N_inlier": 77, "refit": true}
{"timestamp": "15:27:32.844246", "frame": 46, "mu": [-0.5943686536169404, 1.229985898725909, 1.4285305951368301], "Sigma": [[0.003712656589328499, -0.0011130291717755315, -0.004191722006917595], [-0.0011130291717755315, 0.00276250728074134, -0.0017587820224475843], [-0.004191722006917595, -0.0017587820224475843, 0.011938821457467578]], "chi2_level": 0.99, "chi2_df": 3, "chi2_threshold": 11.344866730144373, "N_raw": 56, "N_roi": 55, "N_inlier": 53, "refit": true}
{"timestamp": "15:27:32.895654", "frame": 47, "mu": [-0.661907760541446, 1.2376705862852326, 1.4157434954171715], "Sigma": [[0.008253820861391542, -0.002069862870440767, -0.023349122400621057], [-0.0020698628704407676, 0.002955816799571874, 0.007713529740349869], [-0.023349122400621057, 0.0077135297403498684, 0.09336889044606318]], "chi2_level": 0.99, "chi2_df": 3, "chi2_threshold": 11.344866730144373, "N_raw": 36, "N_roi": 36, "N_inlier": 36, "refit": true}
{"timestamp": "15:27:32.952291", "frame": 48, "mu": [-0.6671475077590753, 1.241788348289158, 1.4369939192627768], "Sigma": [[0.0033994358480719136, -0.002252368453960743, -0.005490771435502027], [-0.0022523684539607434, 0.00479726756856668, 0.0019321202593673376], [-0.005490771435502027, 0.0019321202593673376, 0.012053036684590903]], "chi2_level": 0.99, "chi2_df": 3, "chi2_threshold": 11.344866730144373, "N_raw": 44, "N_roi": 44, "N_inlier": 41, "refit": true}
{"timestamp": "15:27:33.006006", "frame": 49, "mu": [-0.7685902628666869, 1.2859424362771406, 1.50367732064098], "Sigma": [[0.0028094552776083523, 0.0004971489121016252, -0.004278408839669585], [0.0004971489121016252, 0.0015984859397193605, -0.002976187675630869], [-0.004278408839669585, -0.0029761876756308685, 0.01893439355027782]], "chi2_level": 0.99, "chi2_df": 3, "chi2_threshold": 11.344866730144373, "N_raw": 38, "N_roi": 38, "N_inlier": 36, "refit": true}
{"timestamp": "15:27:33.061901", "frame": 50, "mu": [-0.8169147800427877, 1.2727604648444617, 1.3591347622622245], "Sigma": [[0.002644320594339925, 0.00044247079242798644, -0.004187336890293358], [0.00044247079242798666, 0.004545937231287846, -0.008461696163599347], [-0.004187336890293358, -0.008461696163599347, 0.03010584810655422]], "chi2_level": 0.99, "chi2_df": 3, "chi2_threshold": 11.344866730144373, "N_raw": 47, "N_roi": 47, "N_inlier": 45, "refit": true}
{"timestamp": "15:27:33.115859", "frame": 51, "mu": [-0.829162548582542, 1.2730441191869326, 1.2969046557295791], "Sigma": [[0.003672165256663116, 0.004951213250566972, -0.005129917773995325], [0.004951213250566972, 0.014070647240198767, -0.009570985355396432], [-0.005129917773995325, -0.009570985355396432, 0.008771586176620263]], "chi2_level": 0.99, "chi2_df": 3, "chi2_threshold": 11.344866730144373, "N_raw": 35, "N_roi": 35, "N_inlier": 31, "refit": true}
{"timestamp": "15:27:33.174651", "frame": 52, "mu": [-0.8565142725836016, 1.2644446938130878, 1.2367288109643808], "Sigma": [[0.008038512173058688, 0.010663818033574569, -0.006802438523734636], [0.010663818033574569, 0.02024298332889407, -0.009530614812239817], [-0.006802438523734636, -0.009530614812239817, 0.013521530530725521]], "chi2_level": 0.99, "chi2_df": 3, "chi2_threshold": 11.344866730144373, "N_raw": 69, "N_roi": 69, "N_inlier": 62, "refit": true}
{"timestamp": "15:27:33.231250", "frame": 53, "mu": [-1.00832067511714, 1.2280038906497268, 1.370856064543518], "Sigma": [[0.0363702327502892, 0.02552454134647069, -0.028898954193678713], [0.02552454134647069, 0.030675255233338587, -0.02353883833337702], [-0.02889895419367871, -0.02353883833337702, 0.025483124126348775]], "chi2_level": 0.99, "chi2_df": 3, "chi2_threshold": 11.344866730144373, "N_raw": 72, "N_roi": 72, "N_inlier": 70, "refit": true}
{"timestamp": "15:27:33.282814", "frame": 54, "mu": [-1.0396518189322481, 1.2351433705581365, 1.2155515949692475], "Sigma": [[0.02405269868658068, 0.014028319512835173, -0.05118771287810232], [0.014028319512835173, 0.010094519270855178, -0.02465244314947291], [-0.05118771287810232, -0.024652443149472913, 0.30237698212064673]], "chi2_level": 0.99, "chi2_df": 3, "chi2_threshold": 11.344866730144373, "N_raw": 53, "N_roi": 53, "N_inlier": 53, "refit": true}
{"timestamp": "15:27:33.340653", "frame": 55, "mu": [-1.0819432645071125, 1.224282034663737, 1.0825444638374377], "Sigma": [[0.018633951530933154, 0.00825261493687775, -0.036819944291469446], [0.008252614936877749, 0.006497493520123619, -0.012750717329349962], [-0.036819944291469446, -0.012750717329349962, 0.254594371809357]], "chi2_level": 0.99, "chi2_df": 3, "chi2_threshold": 11.344866730144373, "N_raw": 76, "N_roi": 76, "N_inlier": 75, "refit": true}
{"timestamp": "15:27:33.397941", "frame": 56, "mu": [-1.2531847752490175, 1.1651762459287167, 1.532870534308342], "Sigma": [[0.03285536118275208, 0.01992275652509315, -0.024980782959869156], [0.01992275652509315, 0.016561117692829107, -0.02027214701438547], [-0.024980782959869153, -0.02027214701438547, 0.04324236482090214]], "chi2_level": 0.99, "chi2_df": 3, "chi2_threshold": 11.344866730144373, "N_raw": 84, "N_roi": 84, "N_inlier": 79, "refit": true}
{"timestamp": "15:27:33.449179", "frame": 57, "mu": [-1.2885910760537658, 1.1961669198998566, 1.1729318641691162], "Sigma": [[0.03527444787257752, 0.028627798048417134, -0.09270669930129481], [0.02862779804841713, 0.027206656710340248, -0.08358773593857108], [-0.09270669930129483, -0.08358773593857108, 0.40473130607397584]], "chi2_level": 0.99, "chi2_df": 3, "chi2_threshold": 11.344866730144373, "N_raw": 59, "N_roi": 45, "N_inlier": 45, "refit": true}
{"timestamp": "15:27:33.509653", "frame": 58, "mu": [-1.2306720589582436, 1.2402308963800563, 1.4473262162259166], "Sigma": [[0.042304844835224835, 0.033293513863077204, -0.031028434811276887], [0.033293513863077204, 0.03336061955851305, -0.028051290627164365], [-0.031028434811276887, -0.028051290627164365, 0.025919001666119525]], "chi2_level": 0.99, "chi2_df": 3, "chi2_threshold": 11.344866730144373, "N_raw": 100, "N_roi": 100, "N_inlier": 99, "refit": true}
{"timestamp": "15:27:33.564308", "frame": 59, "mu": [-1.3007316075656365, 1.2379561902791243, 1.471991112514706], "Sigma": [[0.04588578289713177, 0.0275365565173203, -0.02561134638137154], [0.0275365565173203, 0.02207308996923627, -0.01978916186878818], [-0.02561134638137154, -0.01978916186878818, 0.020721457608433545]], "chi2_level": 0.99, "chi2_df": 3, "chi2_threshold": 11.344866730144373, "N_raw": 95, "N_roi": 95, "N_inlier": 92, "refit": true}
{"timestamp": "15:27:33.611334", "frame": 60, "mu": [-1.492666885903671, 1.201766988672243, 1.5556315371269953], "Sigma": [[0.0309279976910881, 0.02110883891994984, -0.0475566849152608], [0.02110883891994984, 0.020505071790313637, -0.0551209707126626], [-0.0475566849152608, -0.0551209707126626, 0.257226371112883]], "chi2_level": 0.99, "chi2_df": 3, "chi2_threshold": 11.344866730144373, "N_raw": 36, "N_roi": 36, "N_inlier": 36, "refit": true}
{"timestamp": "15:27:33.670506", "frame": 61, "mu": [-1.380449294383063, 1.2738052403771698, 1.584668845519088], "Sigma": [[0.04040776832679853, 0.02113664649805062, -0.02802081710349967], [0.02113664649805062, 0.015166986319713879, -0.016848320467443438], [-0.02802081710349967, -0.016848320467443438, 0.02289967430278934]], "chi2_level": 0.99, "chi2_df": 3, "chi2_threshold": 11.344866730144373, "N_raw": 73, "N_roi": 73, "N_inlier": 69, "refit": true}
{"timestamp": "15:27:33.731142", "frame": 62, "mu": [-1.4405945381137844, 1.297757522016351, 1.586633011969548], "Sigma": [[0.026539762143431005, 0.018982842129859682, -0.009385746938816471], [0.018982842129859685, 0.020659806904536712, -0.010357262113602904], [-0.009385746938816471, -0.010357262113602904, 0.007203591123321649]], "chi2_level": 0.99, "chi2_df": 3, "chi2_threshold": 11.344866730144373, "N_raw": 106, "N_roi": 106, "N_inlier": 102, "refit": true}
{"timestamp": "15:27:33.779239", "frame": 63, "mu": [-1.5042897431262792, 1.2652612120451396, 1.6883498999535578], "Sigma": [[0.031155283377353266, 0.01884438720632399, -0.05573829116603288], [0.01884438720632399, 0.016792379005481153, -0.030572099848683674], [-0.05573829116603288, -0.030572099848683674, 0.14324792391194766]], "chi2_level": 0.99, "chi2_df": 3, "chi2_threshold": 11.344866730144373, "N_raw": 58, "N_roi": 58, "N_inlier": 55, "refit": true}
{"timestamp": "15:27:33.839146", "frame": 64, "mu": [-1.386635720488883, 1.3456453269783306, 1.0980975968058129], "Sigma": [[0.06611805258882944, 0.03480020789226432, -0.12652936117470565], [0.03480020789226432, 0.02678342754328819, -0.054088662404552956], [-0.12652936117470565, -0.054088662404552956, 0.30787471019594975]], "chi2_level": 0.99, "chi2_df": 3, "chi2_threshold": 11.344866730144373, "N_raw": 97, "N_roi": 97, "N_inlier": 94, "refit": true}
{"timestamp": "15:27:33.901189", "frame": 65, "mu": [-1.3692945203039373, 1.432368106985908, 1.1884680561802126], "Sigma": [[0.059673752468356156, 0.023894796076644555, -0.1503502701822015], [0.023894796076644555, 0.01775906209592839, -0.05572952484792282], [-0.15035027018220154, -0.05572952484792282, 0.4494225772651485]], "chi2_level": 0.99, "chi2_df": 3, "chi2_threshold": 11.344866730144373, "N_raw": 146, "N_roi": 146, "N_inlier": 143, "refit": true}
{"timestamp": "15:27:33.952819", "frame": 66, "mu": [-1.3087083157672235, 1.5612897732117457, 1.1123518009157825], "Sigma": [[0.03940329770614606, 0.0181773492491726, -0.0896619333480136], [0.0181773492491726, 0.016385680721448023, -0.029168946320398653], [-0.0896619333480136, -0.029168946320398653, 0.3333917284837076]], "chi2_level": 0.99, "chi2_df": 3, "chi2_threshold": 11.344866730144373, "N_raw": 113, "N_roi": 113, "N_inlier": 111, "refit": true}
{"timestamp": "15:27:33.999619", "frame": 67, "mu": [-1.51652901406129, 1.5112429045623748, 1.4396401686249325], "Sigma": [[0.06641565887856048, 0.04295687359240743, -0.09016767991502941], [0.04295687359240743, 0.03144030754370343, -0.05592342473477781], [-0.09016767991502941, -0.05592342473477781, 0.24188817254701886]], "chi2_level": 0.99, "chi2_df": 3, "chi2_threshold": 11.344866730144373, "N_raw": 59, "N_roi": 59, "N_inlier": 57, "refit": true}
{"timestamp": "15:27:34.057214", "frame": 68, "mu": [-1.4069731191575208, 1.6197828370515297, 1.33982682817008], "Sigma": [[0.044153180993224, 0.027439903891324224, -0.04205075421920342], [0.027439903891324224, 0.02179532287306546, -0.032853942690953715], [-0.04205075421920343, -0.032853942690953715, 0.06555533094492472]], "chi2_level": 0.99, "chi2_df": 3, "chi2_threshold": 11.344866730144373, "N_raw": 77, "N_roi": 77, "N_inlier": 73, "refit": true}
{"timestamp": "15:27:34.103675", "frame": 69, "mu": [-1.3243765211518828, 1.6622320750536133, 1.3884966438699142], "Sigma": [[0.03195219619683724, 0.01277890270171279, -0.022858858484304127], [0.01277890270171279, 0.010581227880942269, -0.01229090450896747], [-0.022858858484304127, -0.01229090450896747, 0.07990745432378482]], "chi2_level": 0.99, "chi2_df": 3, "chi2_threshold": 11.344866730144373, "N_raw": 19, "N_roi": 19, "N_inlier": 18, "refit": true}
{"timestamp": "15:27:34.159984", "frame": 70, "mu": [-1.4172387539482925, 1.8001535750274873, 1.3212509713224585], "Sigma": [[0.006284682730718575, 0.0008010339234118085, -0.005092423553965414], [0.0008010339234118085, 0.002962206308168809, 0.005438028767232852], [-0.005092423553965414, 0.005438028767232852, 0.05322608515240084]], "chi2_level": 0.99, "chi2_df": 3, "chi2_threshold": 11.344866730144373, "N_raw": 42, "N_roi": 42, "N_inlier": 36, "refit": true}
{"timestamp": "15:27:34.219461", "frame": 71, "mu": [-1.387117528735238, 1.8237831155989406, 1.3582929676619915], "Sigma": [[0.010876521646530584, -0.0011426536267866642, -0.0015427565970751532], [-0.0011426536267866642, 0.005177626976324656, -0.0014980081586754817], [-0.0015427565970751534, -0.0014980081586754815, 0.024426900890263215]], "chi2_level": 0.99, "chi2_df": 3, "chi2_threshold": 11.344866730144373, "N_raw": 61, "N_roi": 61, "N_inlier": 61, "refit": true}
{"timestamp": "15:27:34.272763", "frame": 72, "mu": [-1.4231088912827503, 1.8964633330016532, 1.262294362506019], "Sigma": [[0.009566332223570761, 0.0016382686200791593, -0.004754374618111359], [0.0016382686200791593, 0.001347623866222656, -0.0035326371872431467], [-0.004754374618111359, -0.0035326371872431467, 0.03359300916565562]], "chi2_level": 0.99, "chi2_df": 3, "chi2_threshold": 11.344866730144373, "N_raw": 55, "N_roi": 55, "N_inlier": 51, "refit": true}
{"timestamp": "15:27:34.321801", "frame": 73, "mu": [-1.3878207486955163, 1.8883107764038114, 1.1135815610634092], "Sigma": [[0.006388507439405605, -0.001970192252084356, 0.011979450023839983], [-0.0019701922520843564, 0.0035787721917598125, 0.01313851215931122], [0.011979450023839983, 0.013138512159311222, 0.1483027914352776]], "chi2_level": 0.99, "chi2_df": 3, "chi2_threshold": 11.344866730144373, "N_raw": 11, "N_roi": 11, "N_inlier": 10, "refit": true}
{"timestamp": "15:27:34.379839", "frame": 74, "mu": [-1.323357263852453, 1.960373109218457, 1.36895417239834], "Sigma": [[0.005942197839112243, 0.0005193262300916407, -0.002692067249607401], [0.0005193262300916408, 0.004080452746838906, -0.0029999364920639026], [-0.002692067249607401, -0.0029999364920639026, 0.010102259706035436]], "chi2_level": 0.99, "chi2_df": 3, "chi2_threshold": 11.344866730144373, "N_raw": 28, "N_roi": 28, "N_inlier": 25, "refit": true}
{"timestamp": "15:27:34.435449", "frame": 75, "mu": [-1.340340327378728, 1.9983498065282423, 1.3368729735153204], "Sigma": [[0.006331917391929595, 0.0014763496822580275, 0.0007847332109997896], [0.0014763496822580275, 0.005151174101435084, -0.0014923796325003612], [0.0007847332109997896, -0.0014923796325003616, 0.05570598755671831]], "chi2_level": 0.99, "chi2_df": 3, "chi2_threshold": 11.344866730144373, "N_raw": 39, "N_roi": 39, "N_inlier": 37, "refit": true}
{"timestamp": "15:27:34.494896", "frame": 76, "mu": [-1.3766666069498212, 2.1118581047601657, 1.3904243018231008], "Sigma": [[0.009590234975019617, 0.0011390426786335103, -0.009395760754025793], [0.0011390426786335103, 0.007044287688701421, -0.007174519242954621], [-0.009395760754025793, -0.007174519242954621, 0.021910050647552682]], "chi2_level": 0.99, "chi2_df": 3, "chi2_threshold": 11.344866730144373, "N_raw": 65, "N_roi": 65, "N_inlier": 63, "refit": true}
{"timestamp": "15:27:34.541644", "frame": 77, "mu": [-1.4163210031058693, 2.1469323219031016, 0.8906653666714995], "Sigma": [[0.0012045075869525413, 0.0002442378402797929, -0.0037794211262211583], [0.0002442378402797929, 0.0060857202289122956, 0.017508859343154416], [-0.0037794211262211596, 0.017508859343154413, 0.45863814668930525]], "chi2_level": 0.99, "chi2_df": 3, "chi2_threshold": 11.344866730144373, "N_raw": 11, "N_roi": 11, "N_inlier": 10, "refit": true}
{"timestamp": "15:27:34.604919", "frame": 78, "mu": [-1.3926949408197484, 2.2581091322030113, 1.0906743202019673], "Sigma": [[0.014455740301788676, 0.0016221033743578982, 0.029812418711137934], [0.0016221033743578984, 0.004240964666302277, -0.0005175837713428987], [0.029812418711137934, -0.000517583771342897, 0.1770143059197972]], "chi2_level": 0.99, "chi2_df": 3, "chi2_threshold": 11.344866730144373, "N_raw": 66, "N_roi": 66, "N_inlier": 64, "refit": true}
{"timestamp": "15:27:34.659795", "frame": 79, "mu": [-1.4419671757515722, 2.282908612238454, 1.2066978746615724], "Sigma": [[0.01065467356650315, 4.762804766361974e-05, 0.013713830271076026], [4.762804766361971e-05, 0.0040628649049200905, -0.010555408120497968], [0.013713830271076026, -0.010555408120497968, 0.18927577881313393]], "chi2_level": 0.99, "chi2_df": 3, "chi2_threshold": 11.344866730144373, "N_raw": 63, "N_roi": 63, "N_inlier": 62, "refit": true}
{"timestamp": "15:27:34.710508", "frame": 80, "mu": [-1.3957965604804825, 2.3068199956836057, 1.2766359801300995], "Sigma": [[0.006022547908508118, 0.0010962171092609857, -0.0017523628353491882], [0.001096217109260986, 0.0018487269990323635, -0.00490066830500166], [-0.0017523628353491882, -0.00490066830500166, 0.01747233196606881]], "chi2_level": 0.99, "chi2_df": 3, "chi2_threshold": 11.344866730144373, "N_raw": 35, "N_roi": 35, "N_inlier": 33, "refit": true}
{"timestamp": "15:27:34.763909", "frame": 81, "mu": [-1.322574339055236, 2.368276747838843, 1.1497434589056346], "Sigma": [[0.006107644659620698, -0.0017434713260566907, 0.012102037240967709], [-0.0017434713260566909, 0.009231810223526274, -0.035637541602178927], [0.012102037240967709, -0.035637541602178927, 0.15943849844064611]], "chi2_level": 0.99, "chi2_df": 3, "chi2_threshold": 11.344866730144373, "N_raw": 24, "N_roi": 24, "N_inlier": 23, "refit": true}
{"timestamp": "15:27:34.824594", "frame": 82, "mu": [-1.4434123069354106, 2.44720097799177, 1.2948871292024517], "Sigma": [[0.013285244106588054, 0.003009635736363512, -0.009654794281203036], [0.003009635736363512, 0.0038336606158912534, -0.008756512834749399], [-0.009654794281203036, -0.008756512834749399, 0.024783973261371897]], "chi2_level": 0.99, "chi2_df": 3, "chi2_threshold": 11.344866730144373, "N_raw": 58, "N_roi": 58, "N_inlier": 57, "refit": true}
{"timestamp": "15:27:34.881081", "frame": 83, "mu": [-1.4143054228875436, 2.3337105268022102, 0.8493326061507421], "Sigma": [[0.013240606915045154, 0.018805155959715183, -0.010579397584761483], [0.01880515595971518, 0.2634897087808577, 0.32329024343192336], [-0.010579397584761487, 0.3232902434319234, 0.762758161144003]], "chi2_level": 0.99, "chi2_df": 3, "chi2_threshold": 11.344866730144373, "N_raw": 78, "N_roi": 78, "N_inlier": 77, "refit": true}
{"timestamp": "15:27:34.935583", "frame": 84, "mu": [-1.4596718242295639, 2.555267461437014, 1.2723293333198231], "Sigma": [[0.011175248671579912, 0.0024840007554075747, -0.0020608885778070863], [0.0024840007554075747, 0.00629644410893145, -0.004894933852692155], [-0.0020608885778070863, -0.0048949338526921545, 0.10151242309826049]], "chi2_level": 0.99, "chi2_df": 3, "chi2_threshold": 11.344866730144373, "N_raw": 64, "N_roi": 64, "N_inlier": 62, "refit": true}
{"timestamp": "15:27:34.984131", "frame": 85, "mu": [-1.3912720097586648, 2.6634950234721892, 0.7955034008252709], "Sigma": [[0.0038913538877806244, 0.000616186268207622, -0.00829017091506736], [0.000616186268207622, 0.006571619917676534, -0.004535704628926239], [-0.008290170915067362, -0.004535704628926237, 0.13026780716901792]], "chi2_level": 0.99, "chi2_df": 3, "chi2_threshold": 11.344866730144373, "N_raw": 20, "N_roi": 20, "N_inlier": 19, "refit": true}
{"timestamp": "15:27:35.041563", "frame": 86, "mu": [-1.4013243469312175, 2.653033911197456, 1.398759002257455], "Sigma": [[0.00885427226293571, 0.0012017165711025795, -0.007044852837551058], [0.0012017165711025795, 0.0050978980195116146, -0.004067213806529628], [-0.007044852837551058, -0.004067213806529628, 0.009278266663991423]], "chi2_level": 0.99, "chi2_df": 3, "chi2_threshold": 11.344866730144373, "N_raw": 46, "N_roi": 46, "N_inlier": 43, "refit": true}
{"timestamp": "15:27:35.095749", "frame": 87, "mu": [-1.3848429559743558, 2.735838998815675, 1.2353892947669844], "Sigma": [[0.008275546049716597, 0.0013927218205176026, -0.00908688272680875], [0.0013927218205176026, 0.0016500576856902222, -0.004946725974548157], [-0.00908688272680875, -0.0049467259745481565, 0.024886885019495365]], "chi2_level": 0.99, "chi2_df": 3, "chi2_threshold": 11.344866730144373, "N_raw": 36, "N_roi": 34, "N_inlier": 32, "refit": true}
{"timestamp": "15:27:35.148711", "frame": 88, "mu": [-1.3891315767295853, 2.7356667295419044, 1.3879992399787158], "Sigma": [[0.009264060653662556, 0.0020126897647501697, -0.005688071926666747], [0.0020126897647501692, 0.0025401939117969414, -0.0016551504929352995], [-0.005688071926666747, -0.0016551504929352998, 0.01387439546144356]], "chi2_level": 0.99, "chi2_df": 3, "chi2_threshold": 11.344866730144373, "N_raw": 25, "N_roi": 25, "N_inlier": 24, "refit": true}
{"timestamp": "15:27:35.210343", "frame": 89, "mu": [-1.4326440787059709, 2.800278129962024, 0.9994181464305705], "Sigma": [[0.019171437813198067, -0.002082440561681151, 0.028627268635463134], [-0.002082440561681151, 0.004470294269191568, -0.021111826578385846], [0.028627268635463134, -0.021111826578385846, 0.15844740308389957]], "chi2_level": 0.99, "chi2_df": 3, "chi2_threshold": 11.344866730144373, "N_raw": 62, "N_roi": 62, "N_inlier": 61, "refit": true}
