{"timestamp": "15:17:52.841181", "frame": 38, "mu": [-0.2179555731912913, 0.1411839227378457, 1.1267504836494706], "Sigma": [[0.2930478862847176, -0.006187782050243798, 0.1498760078996424], [-0.006187782050243798, 0.001658697666834307, -0.011923116803817309], [0.1498760078996424, -0.011923116803817309, 0.3782353231744709]], "chi2_level": 0.99, "chi2_df": 3, "chi2_threshold": 11.344866730144373, "N_raw": 16, "N_roi": 16, "N_inlier": 16, "refit": true}
{"timestamp": "15:17:52.897569", "frame": 39, "mu": [-0.14296854247308852, 0.13960526135421225, 1.2995108554718524], "Sigma": [[0.3028183382897585, -0.01896956201476657, 0.11498998287444126], [-0.018969562014766565, 0.008601348194883594, -0.04297259729635489], [0.11498998287444126, -0.04297259729635489, 0.23931043186111392]], "chi2_level": 0.99, "chi2_df": 3, "chi2_threshold": 11.344866730144373, "N_raw": 15, "N_roi": 15, "N_inlier": 15, "refit": true}
{"timestamp": "15:17:52.956007", "frame": 40, "mu": [-0.13343756105866242, 0.11593974518095278, 1.5597132979105737], "Sigma": [[0.32235059665002325, 0.0026846635389051634, 0.008903850118664004], [0.002684663538905163, 0.000904634313581065, -0.0007006685708204033], [0.008903850118664005, -0.0007006685708204032, 0.0026773169394796485]], "chi2_level": 0.99, "chi2_df": 3, "chi2_threshold": 11.344866730144373, "N_raw": 49, "N_roi": 49, "N_inlier": 46, "refit": true}
{"timestamp": "15:17:53.012265", "frame": 41, "mu": [-0.2849918233036593, 0.15753491287281912, 1.526271364348353], "Sigma": [[0.24956381731542138, -0.00540770244911643, 0.01568766318337888], [-0.00540770244911643, 0.003598593861008757, -0.006841695110119761], [0.01568766318337888, -0.006841695110119761, 0.01596290443023962]], "chi2_level": 0.99, "chi2_df": 3, "chi2_threshold": 11.344866730144373, "N_raw": 39, "N_roi": 39, "N_inlier": 39, "refit": true}
{"timestamp": "15:17:53.066760", "frame": 42, "mu": [-0.22593980005013875, 0.15068365500816766, 1.5884740748559492], "Sigma": [[0.33582984875553473, 0.000547785596048802, 0.006719954262654704], [0.000547785596048802, 0.001379261931001036, -0.0006724803346983292], [0.006719954262654704, -0.0006724803346983292, 0.0008634401366824995]], "chi2_level": 0.99, "chi2_df": 3, "chi2_threshold": 11.344866730144373, "N_raw": 42, "N_roi": 42, "N_inlier": 38, "refit": true}
{"timestamp": "15:17:53.229283", "frame": 45, "mu": [-0.6340225974006123, 0.32057891604089545, 1.5040318605083096], "Sigma": [[0.011073948085244424, 0.005407777865564232, -0.012976918172430678], [0.005407777865564232, 0.004272250343994308, -0.009574981103796263], [-0.012976918172430678, -0.009574981103796263, 0.02631276622090956]], "chi2_level": 0.99, "chi2_df": 3, "chi2_threshold": 11.344866730144373, "N_raw": 24, "N_roi": 24, "N_inlier": 22, "refit": true}
{"timestamp": "15:17:53.285591", "frame": 46, "mu": [-0.6662305096853206, 0.3660987652189119, 1.5690731238687932], "Sigma": [[0.006863393518215234, 0.002539324438074899, -0.005839856337749719], [0.0025393244380748996, 0.004188585742347162, -0.00567649774203112], [-0.005839856337749719, -0.0056764977420311205, 0.009932481656144776]], "chi2_level": 0.99, "chi2_df": 3, "chi2_threshold": 11.344866730144373, "N_raw": 31, "N_roi": 31, "N_inlier": 30, "refit": true}
{"timestamp": "15:17:53.343565", "frame": 47, "mu": [-0.5389311419752449, 0.46885471877722124, 1.355343331625925], "Sigma": [[0.010404818665258964, 0.0030388882897190005, -0.012756163573935473], [0.0030388882897190005, 0.0027465749188271466, -0.007306964001232263], [-0.012756163573935473, -0.007306964001232263, 0.02379748554144051]], "chi2_level": 0.99, "chi2_df": 3, "chi2_threshold": 11.344866730144373, "N_raw": 54, "N_roi": 54, "N_inlier": 52, "refit": true}
{"timestamp": "15:17:53.397145", "frame": 48, "mu": [-0.5257005664802394, 0.4718021547053294, 1.4237449144387169], "Sigma": [[0.0019676669782831475, 0.001082113362081417, -0.0034473719874283182], [0.001082113362081417, 0.0017782351998742263, -0.005235954938142875], [-0.0034473719874283182, -0.005235954938142875, 0.01766182803661387]], "chi2_level": 0.99, "chi2_df": 3, "chi2_threshold": 11.344866730144373, "N_raw": 38, "N_roi": 38, "N_inlier": 34, "refit": true}
{"timestamp": "15:17:53.453218", "frame": 49, "mu": [-0.5067212690313376, 0.5224726630810616, 1.3454724993378604], "Sigma": [[0.0014730449302883793, 3.153466820411317e-05, -0.0008874760940417951], [3.153466820411317e-05, 0.0004800277854813378, -0.0015513620183212028], [-0.0008874760940417953, -0.0015513620183212028, 0.008053461261078922]], "chi2_level": 0.99, "chi2_df": 3, "chi2_threshold": 11.344866730144373, "N_raw": 49, "N_roi": 49, "N_inlier": 46, "refit": true}
{"timestamp": "15:17:53.512818", "frame": 50, "mu": [-0.48276620917095625, 0.5465040888386228, 1.3058489247115892], "Sigma": [[0.012732701059087836, 0.0027825422464136168, -0.013777328810284234], [0.0027825422464136168, 0.0032661802155347997, -0.00715472867855162], [-0.013777328810284234, -0.00715472867855162, 0.022906834617891423]], "chi2_level": 0.99, "chi2_df": 3, "chi2_threshold": 11.344866730144373, "N_raw": 74, "N_roi": 74, "N_inlier": 73, "refit": true}
{"timestamp": "15:17:53.568359", "frame": 51, "mu": [-0.4948866784009973, 0.5468769956140972, 1.299385105830891], "Sigma": [[0.02020099538480776, 0.004352710093998181, -0.02078112134296793], [0.004352710093998181, 0.004381776953126076, -0.009691034195108701], [-0.02078112134296793, -0.009691034195108701, 0.031485822979018495]], "chi2_level": 0.99, "chi2_df": 3, "chi2_threshold": 11.344866730144373, "N_raw": 84, "N_roi": 84, "N_inlier": 81, "refit": true}
{"timestamp": "15:17:53.621232", "frame": 52, "mu": [-0.5224257669874278, 0.6039025997838148, 1.3486148992419045], "Sigma": [[0.023877445152516927, 0.0054629527905368964, -0.02921547788555292], [0.005462952790536897, 0.0025520824803614067, -0.009283340708851463], [-0.02921547788555292, -0.009283340708851463, 0.04211821014583199]], "chi2_level": 0.99, "chi2_df": 3, "chi2_threshold": 11.344866730144373, "N_raw": 58, "N_roi": 57, "N_inlier": 53, "refit": true}
{"timestamp": "15:17:53.671921", "frame": 53, "mu": [-0.7292332790823772, 0.6391119992329289, -0.1900158320539197], "Sigma": [[0.012444230330289335, 0.009045746331460526, -0.012638330563467805], [0.009045746331460526, 0.00966980613887518, -0.013573105481670466], [-0.012638330563467807, -0.013573105481670466, 0.02144528361580437]], "chi2_level": 0.99, "chi2_df": 3, "chi2_threshold": 11.344866730144373, "N_raw": 42, "N_roi": 41, "N_inlier": 39, "refit": true}
{"timestamp": "15:17:53.725014", "frame": 54, "mu": [-0.5687121200756415, 0.6707057317932787, 1.5094430292161738], "Sigma": [[0.0008206459967492699, 0.0002625143408276401, -0.0001965253126603619], [0.00026251434082764013, 0.001631725086432963, -0.0037426093901636284], [-0.00019652531266036195, -0.003742609390163629, 0.011231383000236603]], "chi2_level": 0.99, "chi2_df": 3, "chi2_threshold": 11.344866730144373, "N_raw": 25, "N_roi": 25, "N_inlier": 25, "refit": true}
{"timestamp": "15:17:53.781395", "frame": 55, "mu": [-0.6747613812964378, 0.6657497935627578, 1.6600644313333555], "Sigma": [[0.02256918354795583, 0.006716944006761657, -0.01700573127698124], [0.006716944006761656, 0.003641161373912972, -0.007369559606335764], [-0.01700573127698124, -0.007369559606335764, 0.018823508363309933]], "chi2_level": 0.99, "chi2_df": 3, "chi2_threshold": 11.344866730144373, "N_raw": 35, "N_roi": 35, "N_inlier": 33, "refit": true}
{"timestamp": "15:17:53.838426", "frame": 56, "mu": [-0.519064483296306, 0.749627588880208, 1.300753395678821], "Sigma": [[0.002716789423799837, 0.0009410235584249788, -0.011812406094577118], [0.0009410235584249789, 0.0018955290990242712, -0.00906454111584155], [-0.01181240609457712, -0.009064541115841549, 0.08856351027637119]], "chi2_level": 0.99, "chi2_df": 3, "chi2_threshold": 11.344866730144373, "N_raw": 44, "N_roi": 44, "N_inlier": 44, "refit": true}
{"timestamp": "15:17:53.890168", "frame": 57, "mu": [-0.5625380377689094, 0.7870169365098207, 1.5797798568624681], "Sigma": [[0.002234115922845721, 0.00034720458092689827, -0.0029824560172650354], [0.00034720458092689827, 0.0010207220284714036, -0.002179443198728266], [-0.0029824560172650354, -0.002179443198728266, 0.011180125606038102]], "chi2_level": 0.99, "chi2_df": 3, "chi2_threshold": 11.344866730144373, "N_raw": 26, "N_roi": 26, "N_inlier": 25, "refit": true}
{"timestamp": "15:17:53.943705", "frame": 58, "mu": [-0.5580028909852226, 0.8314325847580821, 1.524588457563157], "Sigma": [[0.001977552415177961, 0.0006173507742152227, -0.0035547795010230664], [0.0006173507742152228, 0.0011265364986623675, -0.004323808158256539], [-0.0035547795010230664, -0.004323808158256539, 0.025475223297995713]], "chi2_level": 0.99, "chi2_df": 3, "chi2_threshold": 11.344866730144373, "N_raw": 21, "N_roi": 21, "N_inlier": 19, "refit": true}
{"timestamp": "15:17:54.007361", "frame": 59, "mu": [-0.5683905391646085, 0.9174998147114661, 1.4071152745537536], "Sigma": [[0.0025961061677186622, -0.0008181394662545708, -0.0010053804097504616], [-0.0008181394662545708, 0.0029791433578114715, -0.00590219373015578], [-0.0010053804097504616, -0.00590219373015578, 0.020484595451829103]], "chi2_level": 0.99, "chi2_df": 3, "chi2_threshold": 11.344866730144373, "N_raw": 84, "N_roi": 84, "N_inlier": 82, "refit": true}
{"timestamp": "15:17:54.059652", "frame": 60, "mu": [-0.5732599399591224, 0.9481673569414756, 1.482022322102734], "Sigma": [[0.002748242300089871, -0.0008654251402339175, -0.0014076511153833556], [-0.0008654251402339174, 0.0014517460261358384, -0.0012979739103175115], [-0.0014076511153833556, -0.0012979739103175115, 0.015809049500234956]], "chi2_level": 0.99, "chi2_df": 3, "chi2_threshold": 11.344866730144373, "N_raw": 55, "N_roi": 55, "N_inlier": 52, "refit": true}
{"timestamp": "15:17:54.119899", "frame": 61, "mu": [-0.6099198997833434, 1.0018210334833053, 1.344322127219635], "Sigma": [[0.004256608694418939, -0.0010468363476850834, -0.0013449189303780368], [-0.0010468363476850834, 0.0034840771300662125, 0.0014888188597336947], [-0.0013449189303780377, 0.0014888188597336949, 0.145794929605616]], "chi2_level": 0.99, "chi2_df": 3, "chi2_threshold": 11.344866730144373, "N_raw": 97, "N_roi": 97, "N_inlier": 97, "refit": true}
{"timestamp": "15:17:54.172564", "frame": 62, "mu": [-0.6124941346053412, 1.0409540340467076, 1.4754875585758793], "Sigma": [[0.0038809296463444857, -0.0008469642155238179, -0.004036766998371227], [-0.0008469642155238179, 0.004276253910521883, 0.002697009449972653], [-0.004036766998371227, 0.002697009449972653, 0.05318742383581418]], "chi2_level": 0.99, "chi2_df": 3, "chi2_threshold": 11.344866730144373, "N_raw": 72, "N_roi": 72, "N_inlier": 71, "refit": true}
{"timestamp": "15:17:54.227886", "frame": 63, "mu": [-0.5993857892525929, 1.1441502142205187, 1.2379778119771478], "Sigma": [[0.0038826541625742884, 0.0012665468342049266, -0.017285978933722666], [0.0012665468342049268, 0.01327547386707598, -0.05216727042749243], [-0.017285978933722662, -0.05216727042749243, 0.32348810065014094]], "chi2_level": 0.99, "chi2_df": 3, "chi2_threshold": 11.344866730144373, "N_raw": 77, "N_roi": 77, "N_inlier": 75, "refit": true}
{"timestamp": "15:17:54.279663", "frame": 64, "mu": [-0.6041803178613457, 1.1146920959722448, 1.5042269961987043], "Sigma": [[0.0030636591057956316, -0.00025117801239294584, -0.003759126356326312], [-0.0002511780123929458, 0.0031351890626316724, -0.002399854980691541], [-0.003759126356326312, -0.002399854980691541, 0.014799702658844923]], "chi2_level": 0.99, "chi2_df": 3, "chi2_threshold": 11.344866730144373, "N_raw": 59, "N_roi": 59, "N_inlier": 55, "refit": true}
{"timestamp": "15:17:54.334075", "frame": 65, "mu": [-0.6353949961883458, 1.1657866735733955, 1.3483694536197706], "Sigma": [[0.004481567842516969, -0.001351574943388549, -0.0018105645049804522], [-0.001351574943388549, 0.002913292393506117, -0.00027880428737983294], [-0.0018105645049804526, -0.00027880428737983294, 0.009869990084853076]], "chi2_level": 0.99, "chi2_df": 3, "chi2_threshold": 11.344866730144373, "N_raw": 55, "N_roi": 55, "N_inlier": 51, "refit": true}
{"timestamp": "15:17:54.386914", "frame": 66, "mu": [-0.6102064395310339, 1.3427956881092649, -0.3228775777461318], "Sigma": [[0.003446957284248118, 0.0004163486152974097, -0.006925533477633813], [0.0004163486152974097, 0.010760613975732336, -0.024419990303296474], [-0.006925533477633815, -0.024419990303296474, 0.09764565116933852]], "chi2_level": 0.99, "chi2_df": 3, "chi2_threshold": 11.344866730144373, "N_raw": 41, "N_roi": 41, "N_inlier": 39, "refit": true}
{"timestamp": "15:17:54.450850", "frame": 67, "mu": [-0.6069014238757209, 1.2554883509302197, 1.1630462022574217], "Sigma": [[0.0049339330785417084, -0.003844619250508634, 0.0012210270321050683], [-0.0038446192505086343, 0.009815461536418277, -0.008468006202796904], [0.001221027032105069, -0.008468006202796904, 0.20580965778696092]], "chi2_level": 0.99, "chi2_df": 3, "chi2_threshold": 11.344866730144373, "N_raw": 101, "N_roi": 101, "N_inlier": 100, "refit": true}
{"timestamp": "15:17:54.508621", "frame": 68, "mu": [-0.5392323864387177, 1.3052580471265947, 1.1954493856466513], "Sigma": [[0.008872303115848903, 0.002092619672441808, 0.006934430616367477], [0.002092619672441808, 0.004322096144706998, 0.004823599582331357], [0.006934430616367476, 0.004823599582331357, 0.06602773609895915]], "chi2_level": 0.99, "chi2_df": 3, "chi2_threshold": 11.344866730144373, "N_raw": 115, "N_roi": 115, "N_inlier": 109, "refit": true}
{"timestamp": "15:17:54.558380", "frame": 69, "mu": [-0.5957146673288594, 1.3546836436491672, 1.256198874871017], "Sigma": [[0.0048240713426534335, 0.0004139847793368516, -0.010914926284587841], [0.0004139847793368515, 0.0018413909160880264, -0.0006207819634084535], [-0.010914926284587841, -0.0006207819634084533, 0.05877670332791345]], "chi2_level": 0.99, "chi2_df": 3, "chi2_threshold": 11.344866730144373, "N_raw": 74, "N_roi": 74, "N_inlier": 74, "refit": true}
{"timestamp": "15:17:54.617820", "frame": 70, "mu": [-0.5673194921313762, 1.3985591192307365, 1.123693837552092], "Sigma": [[0.00668551005735316, -0.0013567326622724856, -0.0058317988348156515], [-0.0013567326622724856, 0.0031893862810734013, -0.00027369460145151674], [-0.0058317988348156515, -0.00027369460145151663, 0.04474608849587699]], "chi2_level": 0.99, "chi2_df": 3, "chi2_threshold": 11.344866730144373, "N_raw": 115, "N_roi": 115, "N_inlier": 112, "refit": true}
{"timestamp": "15:17:54.674633", "frame": 71, "mu": [-0.6160302368813033, 1.4470982527079883, 1.0871570148361396], "Sigma": [[0.008990301148120801, -0.0003555094783577747, -0.011934266788927167], [-0.0003555094783577748, 0.0023958292092917007, 0.006475373028674774], [-0.011934266788927167, 0.006475373028674775, 0.11723494841400237]], "chi2_level": 0.99, "chi2_df": 3, "chi2_threshold": 11.344866730144373, "N_raw": 123, "N_roi": 123, "N_inlier": 119, "refit": true}
{"timestamp": "15:17:54.728691", "frame": 72, "mu": [-0.6028386463994916, 1.5207479361078278, 0.9896097552289016], "Sigma": [[0.007505411520211784, -0.002241267431625076, 0.012814425350203012], [-0.002241267431625076, 0.006339148390876056, -0.00442017088855073], [0.012814425350203013, -0.0044201708885507306, 0.32708183287307907]], "chi2_level": 0.99, "chi2_df": 3, "chi2_threshold": 11.344866730144373, "N_raw": 115, "N_roi": 115, "N_inlier": 115, "refit": true}
{"timestamp": "15:17:54.774924", "frame": 73, "mu": [-0.5621224343145224, 1.5502814951676462, 1.320024975245535], "Sigma": [[0.005840829401545945, 0.0006188659693378111, -0.0037260768303708255], [0.0006188659693378111, 0.002544921605120079, -0.003460356865748698], [-0.0037260768303708255, -0.003460356865748698, 0.00783264712869209]], "chi2_level": 0.99, "chi2_df": 3, "chi2_threshold": 11.344866730144373, "N_raw": 56, "N_roi": 56, "N_inlier": 53, "refit": true}
{"timestamp": "15:17:54.832760", "frame": 74, "mu": [-0.6453290250851028, 1.607814820809712, 1.1794335036365813], "Sigma": [[0.005588663383002345, 0.001368192278497855, -0.006720684934971316], [0.001368192278497855, 0.0023539452559023623, 0.0014288492028068857], [-0.006720684934971317, 0.0014288492028068857, 0.21156858299585626]], "chi2_level": 0.99, "chi2_df": 3, "chi2_threshold": 11.344866730144373, "N_raw": 76, "N_roi": 76, "N_inlier": 74, "refit": true}
{"timestamp": "15:17:54.893013", "frame": 75, "mu": [-0.6693782398259893, 1.6397480220547327, -0.13521539625003134], "Sigma": [[0.008991920342032443, 0.0013420742075167464, 0.05634842506391223], [0.001342074207516746, 0.003594603470691815, 0.013314040399871017], [0.05634842506391223, 0.013314040399871017, 0.6999008437757467]], "chi2_level": 0.99, "chi2_df": 3, "chi2_threshold": 11.344866730144373, "N_raw": 112, "N_roi": 112, "N_inlier": 111, "refit": true}
{"timestamp": "15:17:54.948590", "frame": 76, "mu": [-0.6994161179781693, 1.766873604797213, -0.7920947065462209], "Sigma": [[0.00857845430909179, 0.0017193434888438503, 0.013064352378235344], [0.0017193434888438503, 0.038526155886128385, -0.03336168408314661], [0.013064352378235344, -0.03336168408314661, 0.10055371032220217]], "chi2_level": 0.99, "chi2_df": 3, "chi2_threshold": 11.344866730144373, "N_raw": 114, "N_roi": 114, "N_inlier": 113, "refit": true}
{"timestamp": "15:17:54.999505", "frame": 77, "mu": [-0.5989115099657099, 1.7308118273060698, 1.2426097976896104], "Sigma": [[0.006388963147851512, -0.00010079529200476175, -0.003982616225063337], [-0.00010079529200476172, 0.0033306239920063985, -0.0004006500332674396], [-0.003982616225063337, -0.00040065003326744, 0.05039781757264443]], "chi2_level": 0.99, "chi2_df": 3, "chi2_threshold": 11.344866730144373, "N_raw": 88, "N_roi": 88, "N_inlier": 84, "refit": true}
{"timestamp": "15:17:55.055018", "frame": 78, "mu": [-0.5990091330213916, 1.795539766382651, 1.269408898574195], "Sigma": [[0.008364905216298407, 0.0004202207113428013, -0.002982218316667723], [0.0004202207113428013, 0.003922299174642385, -0.004017245675370184], [-0.002982218316667723, -0.004017245675370184, 0.027820642620879972]], "chi2_level": 0.99, "chi2_df": 3, "chi2_threshold": 11.344866730144373, "N_raw": 92, "N_roi": 92, "N_inlier": 88, "refit": true}
{"timestamp": "15:17:55.110887", "frame": 79, "mu": [-0.6441333342070829, 1.8363577784159086, 1.2741651294509033], "Sigma": [[0.007395324706307601, 0.0002969284984206479, -0.008135653068861966], [0.00029692849842064787, 0.005574136708544313, -0.006894030341155587], [-0.008135653068861964, -0.006894030341155587, 0.03429012119041216]], "chi2_level": 0.99, "chi2_df": 3, "chi2_threshold": 11.344866730144373, "N_raw": 94, "N_roi": 94, "N_inlier": 90, "refit": true}
{"timestamp": "15:17:55.163834", "frame": 80, "mu": [-0.6910841040014983, 1.850275254124642, 1.2662117010482425], "Sigma": [[0.010631345378036903, -0.000583412090618238, -0.011439039501482414], [-0.0005834120906182378, 0.003495846978710099, -0.003374768636279815], [-0.011439039501482416, -0.003374768636279815, 0.04295879462484935]], "chi2_level": 0.99, "chi2_df": 3, "chi2_threshold": 11.344866730144373, "N_raw": 86, "N_roi": 86, "N_inlier": 84, "refit": true}
{"timestamp": "15:17:55.219283", "frame": 81, "mu": [-0.7312961992482357, 1.91253197379661, 1.249246669254059], "Sigma": [[0.012118296441708297, 0.0021211376116065136, -0.009961373172075122], [0.002121137611606513, 0.0028453919108522305, -0.007335156293777158], [-0.009961373172075122, -0.007335156293777158, 0.029184852218949155]], "chi2_level": 0.99, "chi2_df": 3, "chi2_threshold": 11.344866730144373, "N_raw": 87, "N_roi": 85, "N_inlier": 82, "refit": true}
{"timestamp": "15:17:55.272491", "frame": 82, "mu": [-0.6607540429771521, 1.9277016849811548, 0.8711220870702129], "Sigma": [[0.00961418492564978, -0.002922569658729595, -0.03157777676098662], [-0.002922569658729595, 0.0028214106344929745, 0.013581425514310718], [-0.03157777676098662, 0.01358142551431072, 0.21136000729386942]], "chi2_level": 0.99, "chi2_df": 3, "chi2_threshold": 11.344866730144373, "N_raw": 69, "N_roi": 67, "N_inlier": 65, "refit": true}
{"timestamp": "15:17:55.334958", "frame": 83, "mu": [-0.6910988248094281, 1.98858654256082, -0.17034873672380435], "Sigma": [[0.011106012573229072, -0.0024556939667604695, 0.059652459423343795], [-0.0024556939667604695, 0.013263355256778589, -0.0022283895586230253], [0.059652459423343795, -0.0022283895586230253, 0.6292493313806146]], "chi2_level": 0.99, "chi2_df": 3, "chi2_threshold": 11.344866730144373, "N_raw": 133, "N_roi": 133, "N_inlier": 132, "refit": true}
{"timestamp": "15:17:55.385861", "frame": 84, "mu": [-0.6927176773606667, 2.0702354720027385, 1.1902055551239106], "Sigma": [[0.007060112328908463, -0.0021968932078530222, -0.015261762297766652], [-0.0021968932078530222, 0.007937709056696036, 0.022938458124330586], [-0.015261762297766652, 0.022938458124330586, 0.2166674068658994]], "chi2_level": 0.99, "chi2_df": 3, "chi2_threshold": 11.344866730144373, "N_raw": 93, "N_roi": 93, "N_inlier": 90, "refit": true}
{"timestamp": "15:17:55.437205", "frame": 85, "mu": [-0.7012513907954684, 2.1443794645645493, 1.2408142728625313], "Sigma": [[0.013304127663925839, -0.0031837091505396726, 0.00284396027556232], [-0.0031837091505396726, 0.002792284742921986, -0.004230287607045687], [0.00284396027556232, -0.004230287607045687, 0.03381580038604577]], "chi2_level": 0.99, "chi2_df": 3, "chi2_threshold": 11.344866730144373, "N_raw": 71, "N_roi": 71, "N_inlier": 68, "refit": true}
{"timestamp": "15:17:55.491898", "frame": 86, "mu": [-0.7484412962337369, 2.1810468197103052, 1.419985926826915], "Sigma": [[0.008014000336256115, 0.0008018088040679674, -0.005929075221027242], [0.0008018088040679676, 0.0038368088336142585, -0.005540176503277153], [-0.005929075221027242, -0.005540176503277154, 0.038255280420364426]], "chi2_level": 0.99, "chi2_df": 3, "chi2_threshold": 11.344866730144373, "N_raw": 72, "N_roi": 72, "N_inlier": 68, "refit": true}
{"timestamp": "15:17:55.550805", "frame": 87, "mu": [-0.7272729495493053, 2.2025418894265725, 0.8261981606940169], "Sigma": [[0.009748193364091736, 0.00021134883653490402, 0.01514687287697175], [0.0002113488365349038, 0.006060629580820553, 0.0024702809249484443], [0.01514687287697175, 0.0024702809249484443, 0.23355560569449657]], "chi2_level": 0.99, "chi2_df": 3, "chi2_threshold": 11.344866730144373, "N_raw": 100, "N_roi": 100, "N_inlier": 99, "refit": true}
{"timestamp": "15:17:55.604384", "frame": 88, "mu": [-0.7099377340489157, 2.305484179501286, 0.8582060934540195], "Sigma": [[0.009547839240970217, -0.0011852913643119526, 0.012098203128178144], [-0.0011852913643119528, 0.002338350949036412, -0.01527381483252791], [0.012098203128178145, -0.01527381483252791, 0.17609122308635694]], "chi2_level": 0.99, "chi2_df": 3, "chi2_threshold": 11.344866730144373, "N_raw": 88, "N_roi": 88, "N_inlier": 87, "refit": true}
{"timestamp": "15:17:55.653797", "frame": 89, "mu": [-0.6962424496707269, 2.453962808573407, -0.2799414618114032], "Sigma": [[0.008973015864084421, -0.0017635006687076857, 0.005961006617974851], [-0.0017635006687076855, 0.007835815061101635, -0.019148375276903253], [0.005961006617974851, -0.019148375276903253, 0.05436737193693011]], "chi2_level": 0.99, "chi2_df": 3, "chi2_threshold": 11.344866730144373, "N_raw": 50, "N_roi": 50, "N_inlier": 47, "refit": true}
{"timestamp": "15:17:55.713715", "frame": 90, "mu": [-0.7643237141051937, 2.518054429348032, -0.2813834442324697], "Sigma": [[0.009537533698178498, -0.0019988065269068945, 0.0070286384254876835], [-0.0019988065269068945, 0.02923095586580053, -0.08524041889910075], [0.007028638425487685, -0.08524041889910075, 0.27432765249058993]], "chi2_level": 0.99, "chi2_df": 3, "chi2_threshold": 11.344866730144373, "N_raw": 89, "N_roi": 89, "N_inlier": 88, "refit": true}
{"timestamp": "15:17:55.770882", "frame": 91, "mu": [-0.7482204336396997, 2.3791643438763934, 1.2267592322862548], "Sigma": [[0.010654226357422943, 0.0012286951184305183, -0.003926668603007032], [0.0012286951184305183, 0.00421501053144916, -0.005998160089172473], [-0.003926668603007031, -0.005998160089172473, 0.03663082990999663]], "chi2_level": 0.99, "chi2_df": 3, "chi2_threshold": 11.344866730144373, "N_raw": 87, "N_roi": 87, "N_inlier": 83, "refit": true}
{"timestamp": "15:17:55.826599", "frame": 92, "mu": [-0.7810684989636631, 2.4139241226177823, 1.1864240905993753], "Sigma": [[0.012299608209819754, 0.0011653968469945246, -0.014913819598072756], [0.0011653968469945246, 0.007926779250079272, 0.007844129489892656], [-0.014913819598072756, 0.007844129489892658, 0.10655896585382062]], "chi2_level": 0.99, "chi2_df": 3, "chi2_threshold": 11.344866730144373, "N_raw": 100, "N_roi": 100, "N_inlier": 96, "refit": true}
{"timestamp": "15:17:55.880123", "frame": 93, "mu": [-0.7647428622189212, 2.4966413805604235, 1.011125089604668], "Sigma": [[0.009882701116155747, 0.0009808071695916719, 0.0002418362384966276], [0.0009808071695916719, 0.007758554976995169, 0.020217671684696015], [0.0002418362384966274, 0.020217671684696015, 0.13892491016698907]], "chi2_level": 0.99, "chi2_df": 3, "chi2_threshold": 11.344866730144373, "N_raw": 82, "N_roi": 82, "N_inlier": 80, "refit": true}
{"timestamp": "15:17:55.937338", "frame": 94, "mu": [-0.7821220885048169, 2.497524932795227, 1.0414947419368217], "Sigma": [[0.011234393634012933, 0.0001427452149732437, -0.012124414644511129], [0.0001427452149732437, 0.017362790099423334, 0.0336771672666183], [-0.012124414644511129, 0.0336771672666183, 0.19289242038331703]], "chi2_level": 0.99, "chi2_df": 3, "chi2_threshold": 11.344866730144373, "N_raw": 110, "N_roi": 110, "N_inlier": 107, "refit": true}
{"timestamp": "15:17:55.986748", "frame": 95, "mu": [-0.7446734243829716, 2.6673752177600454, 0.06899265959032977], "Sigma": [[0.010180266427740437, 0.0035724211167537916, -0.0044329635606787645], [0.0035724211167537916, 0.00889631387881721, -0.00828998589403845], [-0.0044329635606787645, -0.00828998589403845, 0.011597844910734212]], "chi2_level": 0.99, "chi2_df": 3, "chi2_threshold": 11.344866730144373, "N_raw": 71, "N_roi": 71, "N_inlier": 64, "refit": true}
{"timestamp": "15:17:56.039234", "frame": 96, "mu": [-0.7975879226354244, 2.639322756416365, 1.2562750450375946], "Sigma": [[0.008381460624379508, -0.000542263906463142, -0.002151813122680182], [-0.000542263906463142, 0.0028540540240997647, -0.004529043051446484], [-0.002151813122680182, -0.004529043051446484, 0.014742150775385387]], "chi2_level": 0.99, "chi2_df": 3, "chi2_threshold": 11.344866730144373, "N_raw": 54, "N_roi": 54, "N_inlier": 50, "refit": true}
{"timestamp": "15:17:56.095905", "frame": 97, "mu": [-0.7900170891515872, 2.665636209112551, 1.1107827197115052], "Sigma": [[0.011899360411893638, -8.509135718250455e-05, -0.02288388176667431], [-8.50913571825045e-05, 0.004952892862672178, 0.010576763163445042], [-0.02288388176667431, 0.010576763163445042, 0.31475631863338976]], "chi2_level": 0.99, "chi2_df": 3, "chi2_threshold": 11.344866730144373, "N_raw": 66, "N_roi": 66, "N_inlier": 66, "refit": true}
{"timestamp": "15:17:56.146354", "frame": 98, "mu": [-0.7967013058335309, 2.698783923641369, 1.1558007580207845], "Sigma": [[0.00631075179074682, 0.00027644938294528655, -0.006809528694658231], [0.0002764493829452864, 0.0023453931836693136, -0.003935395174647491], [-0.00680952869465823, -0.003935395174647491, 0.1216986573116037]], "chi2_level": 0.99, "chi2_df": 3, "chi2_threshold": 11.344866730144373, "N_raw": 37, "N_roi": 37, "N_inlier": 35, "refit": true}
{"timestamp": "15:17:56.209433", "frame": 99, "mu": [-0.84650533314147, 2.778495496032673, 0.9770351112336869], "Sigma": [[0.017598820013330504, -0.0014755019720278323, 0.01949510311797084], [-0.001475501972027832, 0.005236096864475576, -0.023194502709272445], [0.019495103117970845, -0.023194502709272445, 0.20038146811812327]], "chi2_level": 0.99, "chi2_df": 3, "chi2_threshold": 11.344866730144373, "N_raw": 93, "N_roi": 93, "N_inlier": 91, "refit": true}
{"timestamp": "15:17:56.362168", "frame": 100, "mu": [-0.8156338329496566, 2.870452100399801, 0.11091348526058727], "Sigma": [[0.013291182742911372, -0.0003942677821595225, 0.011293044511907765], [-0.00039426778215952217, 0.012984602130725829, -0.023868232276058013], [0.011293044511907765, -0.023868232276058013, 0.1303153267040379]], "chi2_level": 0.99, "chi2_df": 3, "chi2_threshold": 11.344866730144373, "N_raw": 76, "N_roi": 76, "N_inlier": 74, "refit": true}
{"timestamp": "15:17:56.380289", "frame": 101, "mu": [-0.7973836584042947, 2.8548455161310966, 0.9947946517493328], "Sigma": [[0.013487273799254266, -0.0004469242071579306, -0.007797858073990969], [-0.0004469242071579308, 0.00636553655676684, -0.029152250528802374], [-0.007797858073990969, -0.029152250528802374, 0.34485445828223765]], "chi2_level": 0.99, "chi2_df": 3, "chi2_threshold": 11.344866730144373, "N_raw": 93, "N_roi": 93, "N_inlier": 93, "refit": true}
{"timestamp": "15:17:56.411283", "frame": 102, "mu": [-0.782898385505886, 2.8656256145649985, 1.2884267964023373], "Sigma": [[0.009169522048108137, 0.0005005972825899991, 0.0010080018061834647], [0.0005005972825899993, 0.003903668912771009, -0.006485032864946118], [0.001008001806183465, -0.006485032864946118, 0.07492057028985864]], "chi2_level": 0.99, "chi2_df": 3, "chi2_threshold": 11.344866730144373, "N_raw": 42, "N_roi": 42, "N_inlier": 40, "refit": true}
{"timestamp": "15:17:56.449470", "frame": 103, "mu": [-0.7658659670725657, 2.93642636608362, 1.1987964380000995], "Sigma": [[0.013386557169931356, 0.0007582200500692635, -0.027378666113189537], [0.0007582200500692633, 0.007133655896719507, -0.009995033818968574], [-0.02737866611318954, -0.00999503381896857, 0.19787233617618374]], "chi2_level": 0.99, "chi2_df": 3, "chi2_threshold": 11.344866730144373, "N_raw": 85, "N_roi": 85, "N_inlier": 84, "refit": true}
{"timestamp": "15:17:56.480702", "frame": 104, "mu": [-0.8204078799530159, 2.9618266004900757, 1.2961486752561096], "Sigma": [[0.013773339284599668, 6.863707528939812e-05, -0.026504595978992615], [6.863707528939795e-05, 0.004650435508770505, 0.002884713092814745], [-0.026504595978992615, 0.0028847130928147456, 0.14014286776285736]], "chi2_level": 0.99, "chi2_df": 3, "chi2_threshold": 11.344866730144373, "N_raw": 61, "N_roi": 61, "N_inlier": 59, "refit": true}
{"timestamp": "15:17:56.538170", "frame": 105, "mu": [-0.873228776686658, 3.096407695444521, 0.11815917007603527], "Sigma": [[0.014005179467190208, 0.0021902522995917613, -0.0030854931624840548], [0.0021902522995917613, 0.009994537365302097, -0.0114426501796384], [-0.0030854931624840548, -0.0114426501796384, 0.03899551524686021]], "chi2_level": 0.99, "chi2_df": 3, "chi2_threshold": 11.344866730144373, "N_raw": 81, "N_roi": 81, "N_inlier": 78, "refit": true}
{"timestamp": "15:17:56.597238", "frame": 106, "mu": [-0.8371408284036671, 3.1528249941259747, 0.07157343978987457], "Sigma": [[0.01693044542718928, 0.00624947165860944, -0.018252888653468684], [0.00624947165860944, 0.015972529798837447, -0.02173213187179622], [-0.018252888653468687, -0.02173213187179622, 0.07079436186184578]], "chi2_level": 0.99, "chi2_df": 3, "chi2_threshold": 11.344866730144373, "N_raw": 103, "N_roi": 103, "N_inlier": 99, "refit": true}
{"timestamp": "15:17:56.651121", "frame": 107, "mu": [-0.8863665312701314, 3.1159650284621843, 1.0097651114728647], "Sigma": [[0.015081806234417369, -2.4223581214597692e-05, 0.005930630565710889], [-2.4223581214598668e-05, 0.006158015352193114, -0.018385523206062123], [0.005930630565710889, -0.018385523206062123, 0.3269474766247495]], "chi2_level": 0.99, "chi2_df": 3, "chi2_threshold": 11.344866730144373, "N_raw": 96, "N_roi": 96, "N_inlier": 96, "refit": true}
{"timestamp": "15:17:56.699354", "frame": 108, "mu": [-0.9057511820683047, 3.1509531228088448, 1.2273821647912375], "Sigma": [[0.014585209632589339, 0.0024427218608200863, -0.0013096707845182925], [0.0024427218608200863, 0.0040041656481727686, -0.0038350643374081557], [-0.0013096707845182928, -0.0038350643374081557, 0.012816363466712959]], "chi2_level": 0.99, "chi2_df": 3, "chi2_threshold": 11.344866730144373, "N_raw": 54, "N_roi": 54, "N_inlier": 50, "refit": true}
{"timestamp": "15:17:56.759333", "frame": 109, "mu": [-0.8627489217062899, 3.19312417758474, 0.7596631584690366], "Sigma": [[0.015245802433381531, 0.0018297457058635354, 7.145840205766661e-05], [0.0018297457058635354, 0.005316422399859399, -0.01238278447267094], [7.145840205766661e-05, -0.012382784472670938, 0.4899458745165688]], "chi2_level": 0.99, "chi2_df": 3, "chi2_threshold": 11.344866730144373, "N_raw": 91, "N_roi": 89, "N_inlier": 89, "refit": true}
{"timestamp": "15:17:56.810204", "frame": 110, "mu": [-0.8518331132794202, 3.2335706932935024, 1.221435856829153], "Sigma": [[0.017161680480400093, 0.000621973524555496, -0.011170312938342666], [0.000621973524555496, 0.0032630855558970096, -0.0069040365894401795], [-0.011170312938342666, -0.00690403658944018, 0.02638406448559754]], "chi2_level": 0.99, "chi2_df": 3, "chi2_threshold": 11.344866730144373, "N_raw": 64, "N_roi": 64, "N_inlier": 61, "refit": true}
{"timestamp": "15:17:56.859263", "frame": 111, "mu": [-0.8679110263012527, 3.2676551322348923, 1.2859263920971582], "Sigma": [[0.01194579598861189, 0.0011199330382916934, -0.004017335532079079], [0.0011199330382916934, 0.001970723602247095, -0.004688327741489657], [-0.00401733553207908, -0.004688327741489657, 0.037428732892320855]], "chi2_level": 0.99, "chi2_df": 3, "chi2_threshold": 11.344866730144373, "N_raw": 30, "N_roi": 30, "N_inlier": 28, "refit": true}
{"timestamp": "15:17:56.922021", "frame": 112, "mu": [-0.9094561872508711, 3.3607886113718757, 1.1307916942745946], "Sigma": [[0.014035663151142906, 0.0011083396348699418, -0.0069862612715647435], [0.0011083396348699418, 0.009763039201956434, -0.03227102559212064], [-0.0069862612715647435, -0.03227102559212064, 0.14681275511251282]], "chi2_level": 0.99, "chi2_df": 3, "chi2_threshold": 11.344866730144373, "N_raw": 75, "N_roi": 75, "N_inlier": 73, "refit": true}
{"timestamp": "15:17:56.968796", "frame": 113, "mu": [-0.8572723525558615, 3.517378857873496, 0.4326183592420569], "Sigma": [[0.005186395363596163, -0.001836727401098044, 0.006007873882992357], [-0.001836727401098044, 0.013954875453389215, -0.05316211809091344], [0.006007873882992357, -0.05316211809091344, 0.23710421245389415]], "chi2_level": 0.99, "chi2_df": 3, "chi2_threshold": 11.344866730144373, "N_raw": 17, "N_roi": 17, "N_inlier": 17, "refit": true}
{"timestamp": "15:17:57.028817", "frame": 114, "mu": [-0.8498635964412328, 3.3880295433025087, 1.1471371183121153], "Sigma": [[0.017562705353715506, 2.99207903514141e-05, -0.002768710015922586], [2.992079035141394e-05, 0.002270633648132905, -0.0066231949195852315], [-0.0027687100159225855, -0.0066231949195852315, 0.02589204358906283]], "chi2_level": 0.99, "chi2_df": 3, "chi2_threshold": 11.344866730144373, "N_raw": 64, "N_roi": 64, "N_inlier": 61, "refit": true}
{"timestamp": "15:17:57.081775", "frame": 115, "mu": [-0.8884214622416873, 3.4411284984092663, 1.1082886762717838], "Sigma": [[0.0127567831393366, 0.0022833386835867525, -0.004965386474643783], [0.0022833386835867525, 0.0019114155235582825, -0.004111220348050485], [-0.004965386474643783, -0.004111220348050485, 0.010962714097377525]], "chi2_level": 0.99, "chi2_df": 3, "chi2_threshold": 11.344866730144373, "N_raw": 39, "N_roi": 39, "N_inlier": 36, "refit": true}
{"timestamp": "15:17:57.140829", "frame": 116, "mu": [-0.8986230476470228, 3.470174782935487, 1.2188860187373647], "Sigma": [[0.018313432272701935, 0.002970139196978973, -0.009088256611785837], [0.002970139196978973, 0.0046592122463816315, -0.008006112254575508], [-0.009088256611785837, -0.008006112254575508, 0.024556813376127466]], "chi2_level": 0.99, "chi2_df": 3, "chi2_threshold": 11.344866730144373, "N_raw": 71, "N_roi": 71, "N_inlier": 67, "refit": true}
{"timestamp": "15:17:57.197434", "frame": 117, "mu": [-0.9285362802860212, 3.52661362547993, 1.2881170870821466], "Sigma": [[0.020866780020422408, 0.00363639767626124, -0.017336846419725715], [0.00363639767626124, 0.005981493836179533, -0.008936719694285871], [-0.017336846419725715, -0.008936719694285871, 0.025782826477169875]], "chi2_level": 0.99, "chi2_df": 3, "chi2_threshold": 11.344866730144373, "N_raw": 74, "N_roi": 74, "N_inlier": 70, "refit": true}
{"timestamp": "15:17:57.252200", "frame": 118, "mu": [-0.9299119749116754, 3.6721033417196427, 0.06026441591926209], "Sigma": [[0.016783575909674574, 0.0046894461900986485, -0.019744559002366647], [0.0046894461900986485, 0.010642409802464453, -0.03422361262445352], [-0.019744559002366647, -0.03422361262445352, 0.19065993808832696]], "chi2_level": 0.99, "chi2_df": 3, "chi2_threshold": 11.344866730144373, "N_raw": 76, "N_roi": 76, "N_inlier": 74, "refit": true}
{"timestamp": "15:17:57.305554", "frame": 119, "mu": [-0.9493107866969849, 3.6159629963199835, 1.2632141091442273], "Sigma": [[0.018542608602596496, 0.002570367456170612, -0.011161058072246603], [0.002570367456170613, 0.005450893306620518, -0.004960342467632193], [-0.0111610580722466, -0.004960342467632193, 0.011124578151066121]], "chi2_level": 0.99, "chi2_df": 3, "chi2_threshold": 11.344866730144373, "N_raw": 60, "N_roi": 60, "N_inlier": 57, "refit": true}
{"timestamp": "15:17:57.358405", "frame": 120, "mu": [-0.9384589999934368, 3.6355078912878307, 1.3454636579718582], "Sigma": [[0.017233021237617368, 0.0034755861780025946, -0.01278416478396164], [0.0034755861780025946, 0.006233550527404901, -0.006324231422430259], [-0.012784164783961641, -0.006324231422430259, 0.03663809699243468]], "chi2_level": 0.99, "chi2_df": 3, "chi2_threshold": 11.344866730144373, "N_raw": 47, "N_roi": 47, "N_inlier": 45, "refit": true}
{"timestamp": "15:17:57.416223", "frame": 121, "mu": [-0.8803871763596904, 3.7242142502672038, 1.218168131746127], "Sigma": [[0.020675493765162326, 0.0008546222827823156, -0.016485678842720994], [0.0008546222827823156, 0.004177968097855887, -0.008049172033218246], [-0.016485678842720994, -0.008049172033218246, 0.031994732515875236]], "chi2_level": 0.99, "chi2_df": 3, "chi2_threshold": 11.344866730144373, "N_raw": 69, "N_roi": 69, "N_inlier": 66, "refit": true}
{"timestamp": "15:17:57.469924", "frame": 122, "mu": [-0.838892818475012, 3.758010752467129, 1.1534110220311384], "Sigma": [[0.01969849431237184, 0.0012402757674811918, -0.01620470768325397], [0.001240275767481192, 0.0031718995674677813, -0.005929699268175949], [-0.01620470768325397, -0.00592969926817595, 0.02401086490168106]], "chi2_level": 0.99, "chi2_df": 3, "chi2_threshold": 11.344866730144373, "N_raw": 55, "N_roi": 55, "N_inlier": 52, "refit": true}
{"timestamp": "15:17:57.522366", "frame": 123, "mu": [-0.8684423374067505, 3.792089687634897, 1.1444257980914176], "Sigma": [[0.018356466005641666, 0.001513321163090216, -0.009856518838336206], [0.001513321163090216, 0.0028721659772276147, -0.0022532821256860524], [-0.009856518838336206, -0.0022532821256860524, 0.008035503572592704]], "chi2_level": 0.99, "chi2_df": 3, "chi2_threshold": 11.344866730144373, "N_raw": 40, "N_roi": 40, "N_inlier": 39, "refit": true}
{"timestamp": "15:17:57.582874", "frame": 124, "mu": [-0.920677415701577, 3.84272998629984, 1.2166853240793083], "Sigma": [[0.025105588564960958, -0.0011063151586660296, 0.009595353275893172], [-0.00110631515866603, 0.008570611909152632, -0.015426266436282395], [0.009595353275893172, -0.015426266436282397, 0.09580416733373937]], "chi2_level": 0.99, "chi2_df": 3, "chi2_threshold": 11.344866730144373, "N_raw": 78, "N_roi": 78, "N_inlier": 77, "refit": true}
{"timestamp": "15:17:57.634363", "frame": 125, "mu": [-0.8888760685383824, 3.853948916822834, 1.256633117382354], "Sigma": [[0.020328372152596044, 0.0005046753652910071, -0.017508054565415154], [0.0005046753652910069, 0.003990021059228645, -0.007480495118150163], [-0.017508054565415154, -0.007480495118150163, 0.036709990401544906]], "chi2_level": 0.99, "chi2_df": 3, "chi2_threshold": 11.344866730144373, "N_raw": 56, "N_roi": 56, "N_inlier": 53, "refit": true}
