{"timestamp": "14:49:59.456879", "frame": 3, "mu": [2.3849906866199224, 4.878115444385985, 0.41148699885910944], "Sigma": [[0.0074752707842681365, -0.00378665150410374, -0.0035709455987613355], [-0.00378665150410374, 0.005385016929326287, 0.002308263442665917], [-0.003570945598761336, 0.0023082634426659166, 0.004169145126718956]], "chi2_level": 0.95, "chi2_df": 3, "chi2_threshold": 7.814727903251179, "N_raw": 33, "N_roi": 11, "N_inlier": 11, "refit": true}
{"timestamp": "14:49:59.510412", "frame": 4, "mu": [2.3898945158363882, 4.736956694955412, 1.099720555923008], "Sigma": [[0.005199443400039858, -0.001989085489779035, -0.00038206897564691753], [-0.001989085489779035, 0.002706099542243962, 0.0006186430471963689], [-0.00038206897564691753, 0.0006186430471963689, 0.0002862063896436314]], "chi2_level": 0.95, "chi2_df": 3, "chi2_threshold": 7.814727903251179, "N_raw": 17, "N_roi": 8, "N_inlier": 8, "refit": true}
{"timestamp": "14:49:59.568475", "frame": 5, "mu": [2.3234420738740287, 4.766361378262643, 1.2048623644807357], "Sigma": [[0.014496947665461184, -0.007489939839750216, -0.006052243989805052], [-0.007489939839750215, 0.007519521309040333, 0.0059549691288703225], [-0.006052243989805051, 0.0059549691288703225, 0.00669715174408307]], "chi2_level": 0.95, "chi2_df": 3, "chi2_threshold": 7.814727903251179, "N_raw": 34, "N_roi": 20, "N_inlier": 19, "refit": true}
{"timestamp": "14:49:59.843280", "frame": 10, "mu": [2.390966219964988, 4.6643497458399885, 1.0687532781662148], "Sigma": [[0.007223547866984408, -0.004493898999718118, -0.003993118522257326], [-0.004493898999718118, 0.00656344128490114, 0.0038288761559011294], [-0.003993118522257325, 0.0038288761559011294, 0.0048063840932951]], "chi2_level": 0.95, "chi2_df": 3, "chi2_threshold": 7.814727903251179, "N_raw": 21, "N_roi": 9, "N_inlier": 9, "refit": true}
{"timestamp": "14:50:00.007678", "frame": 13, "mu": [2.38179631132021, 4.876372779181885, 0.21413175835735906], "Sigma": [[0.004159362267110466, 0.0004919266897653024, -0.004476515779501642], [0.000491926689765302, 0.010201481519384978, -0.011477280984642811], [-0.004476515779501642, -0.011477280984642811, 0.020068224770309537]], "chi2_level": 0.95, "chi2_df": 3, "chi2_threshold": 7.814727903251179, "N_raw": 15, "N_roi": 8, "N_inlier": 8, "refit": true}
{"timestamp": "14:50:00.116181", "frame": 15, "mu": [2.0824643202196276, 4.145294103887304, 1.1544027111482271], "Sigma": [[0.5861378860756827, 1.1023396953296083, -0.27491300764296694], [1.1023396953296083, 2.0861593430640357, -0.500382460948137], [-0.2749130076429669, -0.500382460948137, 0.16170694389132906]], "chi2_level": 0.95, "chi2_df": 3, "chi2_threshold": 7.814727903251179, "N_raw": 7, "N_roi": 5, "N_inlier": 5, "refit": true}
{"timestamp": "14:50:00.281031", "frame": 18, "mu": [2.294145992073475, 4.683377708666331, 0.880400545401717], "Sigma": [[0.0009309566805780975, 0.0006331098345450913, -0.00996416870031943], [0.0006331098345450913, 0.0006522493293006252, -0.004425365135461155], [-0.00996416870031943, -0.004425365135461155, 0.1537536904788913]], "chi2_level": 0.95, "chi2_df": 3, "chi2_threshold": 7.814727903251179, "N_raw": 7, "N_roi": 7, "N_inlier": 6, "refit": true}
{"timestamp": "14:50:00.336664", "frame": 19, "mu": [2.325551917578432, 4.711042482122267, 1.0839936997416515], "Sigma": [[0.009952054594097684, -0.0003882080500669797, -0.03436865270295717], [-0.00038820805006697977, 0.0006143861128024202, 0.0018627428910696659], [-0.03436865270295717, 0.0018627428910696655, 0.1545356006640334]], "chi2_level": 0.95, "chi2_df": 3, "chi2_threshold": 7.814727903251179, "N_raw": 9, "N_roi": 6, "N_inlier": 6, "refit": true}
{"timestamp": "14:50:00.390055", "frame": 20, "mu": [2.3648814725865344, 4.690451037251837, 0.9223689730257927], "Sigma": [[0.008576083664281755, 0.0023220848849629327, -0.00912557003227995], [0.0023220848849629327, 0.000793293305193625, -0.0033310698014603767], [-0.009125570032279953, -0.0033310698014603767, 0.019521750002493638]], "chi2_level": 0.95, "chi2_df": 3, "chi2_threshold": 7.814727903251179, "N_raw": 5, "N_roi": 5, "N_inlier": 5, "refit": true}
{"timestamp": "14:50:00.667465", "frame": 25, "mu": [2.1417365562040747, 4.539196146196674, 0.8429429179123386], "Sigma": [[0.014299354708141634, -0.007648331767010621, -0.006965187521520113], [-0.007648331767010621, 0.0067934487827453404, 0.004674803340077835], [-0.006965187521520112, 0.004674803340077835, 0.005533846411825075]], "chi2_level": 0.95, "chi2_df": 3, "chi2_threshold": 7.814727903251179, "N_raw": 19, "N_roi": 19, "N_inlier": 18, "refit": true}
{"timestamp": "14:50:01.271528", "frame": 36, "mu": [1.859622275330747, 4.696694360237148, 0.22245436771457655], "Sigma": [[0.00991141282311187, -0.003472480417386692, -0.007927993015797594], [-0.003472480417386692, 0.0021514785380098503, 0.00271802937909075], [-0.007927993015797594, 0.00271802937909075, 0.007760779359902715]], "chi2_level": 0.95, "chi2_df": 3, "chi2_threshold": 7.814727903251179, "N_raw": 12, "N_roi": 12, "N_inlier": 10, "refit": true}
{"timestamp": "14:50:01.498391", "frame": 40, "mu": [1.6949343151070368, 4.536248398631764, 0.9875116775452932], "Sigma": [[0.031028184241919478, -0.018090623057243044, -0.03615383639057982], [-0.018090623057243044, 0.016887664187821814, 0.02383041428247317], [-0.03615383639057982, 0.02383041428247317, 0.051156817265599064]], "chi2_level": 0.95, "chi2_df": 3, "chi2_threshold": 7.814727903251179, "N_raw": 55, "N_roi": 49, "N_inlier": 48, "refit": true}
{"timestamp": "14:50:01.549211", "frame": 41, "mu": [1.613168381579485, 4.58766849588082, 1.2290787811345667], "Sigma": [[0.013431686686728323, -0.007431005440426505, -0.016233937691753787], [-0.007431005440426505, 0.011061465498023336, 0.020912942483017873], [-0.01623393769175379, 0.02091294248301787, 0.042192521907590735]], "chi2_level": 0.95, "chi2_df": 3, "chi2_threshold": 7.814727903251179, "N_raw": 26, "N_roi": 26, "N_inlier": 25, "refit": true}
{"timestamp": "14:50:01.605940", "frame": 42, "mu": [1.5582546319262645, 4.651508819976854, 0.3730844594430247], "Sigma": [[0.02792449654560051, -0.006612068182231383, -0.029317355007250023], [-0.006612068182231383, 0.00398439668317867, 0.01335227325171224], [-0.029317355007250023, 0.01335227325171224, 0.05458749022530514]], "chi2_level": 0.95, "chi2_df": 3, "chi2_threshold": 7.814727903251179, "N_raw": 39, "N_roi": 35, "N_inlier": 35, "refit": true}
{"timestamp": "14:50:01.661067", "frame": 43, "mu": [1.4957750521474351, 4.555599047074093, 1.0143156311572825], "Sigma": [[0.028236466021182287, -0.016400901841824148, -0.02040185223849724], [-0.016400901841824148, 0.018618841018199057, 0.022470666363232944], [-0.02040185223849724, 0.022470666363232944, 0.028520866627997174]], "chi2_level": 0.95, "chi2_df": 3, "chi2_threshold": 7.814727903251179, "N_raw": 44, "N_roi": 43, "N_inlier": 43, "refit": true}
{"timestamp": "14:50:01.821229", "frame": 46, "mu": [1.3937733811381956, 4.643069264155379, 1.167824389464596], "Sigma": [[0.0054387276745127494, -0.0024951208169495653, -0.005054533049706118], [-0.0024951208169495653, 0.005383291732217227, 0.007089557568990169], [-0.005054533049706118, 0.00708955756899017, 0.010696582979810318]], "chi2_level": 0.95, "chi2_df": 3, "chi2_threshold": 7.814727903251179, "N_raw": 9, "N_roi": 9, "N_inlier": 8, "refit": true}
{"timestamp": "14:50:01.877055", "frame": 47, "mu": [1.266186571380639, 4.663086005886061, 1.3247994615762306], "Sigma": [[0.002320428178715995, -0.005375084667374004, -0.00738052788721824], [-0.005375084667374005, 0.014894609262386612, 0.019087254454798027], [-0.00738052788721824, 0.019087254454798027, 0.025558237832003658]], "chi2_level": 0.95, "chi2_df": 3, "chi2_threshold": 7.814727903251179, "N_raw": 8, "N_roi": 6, "N_inlier": 5, "refit": true}
{"timestamp": "14:50:01.987308", "frame": 49, "mu": [1.1232125371500954, 4.7279034471202, 0.5367701636809388], "Sigma": [[0.004112167437007341, -0.0025846909596818025, -0.00017216919372457727], [-0.0025846909596818025, 0.002874260232379638, 0.00024144573105138622], [-0.00017216919372457727, 0.00024144573105138627, 2.242750338422389e-05]], "chi2_level": 0.95, "chi2_df": 3, "chi2_threshold": 7.814727903251179, "N_raw": 10, "N_roi": 10, "N_inlier": 9, "refit": true}
{"timestamp": "14:50:02.152192", "frame": 52, "mu": [1.1536743498980597, 4.646220438489383, 1.071269115281277], "Sigma": [[0.0032004755037213653, 0.0029541008360689197, -0.0034958534528512523], [0.0029541008360689193, 0.003737148150525535, -0.0030602326910628627], [-0.0034958534528512523, -0.0030602326910628627, 0.007045261631219365]], "chi2_level": 0.95, "chi2_df": 3, "chi2_threshold": 7.814727903251179, "N_raw": 9, "N_roi": 5, "N_inlier": 5, "refit": true}
{"timestamp": "14:50:02.319906", "frame": 55, "mu": [1.0777144081242724, 4.54743551934264, 0.8709908881746858], "Sigma": [[0.02200586561472454, -0.00782300809252074, -0.00686078330552955], [-0.007823008092520742, 0.005927582314761994, 0.0024557298904865545], [-0.006860783305529549, 0.0024557298904865545, 0.003776250700928391]], "chi2_level": 0.95, "chi2_df": 3, "chi2_threshold": 7.814727903251179, "N_raw": 38, "N_roi": 35, "N_inlier": 34, "refit": true}
{"timestamp": "14:50:02.430609", "frame": 57, "mu": [0.9679335914047811, 4.600629735236092, 1.0379797662765902], "Sigma": [[0.023228634544828035, -0.007713801919278932, -0.018784096519916298], [-0.0077138019192789335, 0.005065644602590285, 0.005859942088610582], [-0.0187840965199163, 0.005859942088610582, 0.01809183461477921]], "chi2_level": 0.95, "chi2_df": 3, "chi2_threshold": 7.814727903251179, "N_raw": 38, "N_roi": 35, "N_inlier": 33, "refit": true}
{"timestamp": "14:50:02.485958", "frame": 58, "mu": [0.8855493895334519, 4.643049058192763, 1.17309658748533], "Sigma": [[0.019283391881329534, -0.004705032357536391, -0.015314298970047258], [-0.004705032357536391, 0.004929467290664816, 0.005677850842830399], [-0.015314298970047258, 0.005677850842830399, 0.01586147363510543]], "chi2_level": 0.95, "chi2_df": 3, "chi2_threshold": 7.814727903251179, "N_raw": 39, "N_roi": 32, "N_inlier": 31, "refit": true}
{"timestamp": "14:50:02.541722", "frame": 59, "mu": [0.8335787965085473, 4.629991967524611, 0.999151721743848], "Sigma": [[0.02181491504738895, -0.004735127303186076, -0.01103339900012788], [-0.004735127303186076, 0.004448081578731936, 0.00321983258998414], [-0.01103339900012788, 0.00321983258998414, 0.007271022495261746]], "chi2_level": 0.95, "chi2_df": 3, "chi2_threshold": 7.814727903251179, "N_raw": 35, "N_roi": 35, "N_inlier": 33, "refit": true}
{"timestamp": "14:50:02.592227", "frame": 60, "mu": [0.8179177900110018, 4.609735121341751, 0.7226994601539147], "Sigma": [[0.011841792066172708, -0.0037332773149099667, -0.001141297350599776], [-0.0037332773149099667, 0.0030384957895627372, 0.0014233159053255655], [-0.0011412973505997744, 0.0014233159053255655, 0.5068873400191471]], "chi2_level": 0.95, "chi2_df": 3, "chi2_threshold": 7.814727903251179, "N_raw": 14, "N_roi": 7, "N_inlier": 7, "refit": true}
{"timestamp": "14:50:02.759571", "frame": 63, "mu": [0.6583528036929147, 4.613137996753009, 1.111745160227609], "Sigma": [[0.012322924131008661, -0.003401381717201894, -0.00858528881443521], [-0.0034013817172018944, 0.004154204470849386, 0.002459070105483316], [-0.00858528881443521, 0.002459070105483316, 0.008024055084006118]], "chi2_level": 0.95, "chi2_df": 3, "chi2_threshold": 7.814727903251179, "N_raw": 29, "N_roi": 25, "N_inlier": 24, "refit": true}
{"timestamp": "14:50:02.812266", "frame": 64, "mu": [0.6478156513675812, 4.637340145428021, 0.8228496488367582], "Sigma": [[0.008507061080771764, 0.0022934256194047016, -0.035293875164450525], [0.002293425619404701, 0.00999490517641587, -0.037090140683440964], [-0.03529387516445052, -0.037090140683440964, 0.23045078931464663]], "chi2_level": 0.95, "chi2_df": 3, "chi2_threshold": 7.814727903251179, "N_raw": 7, "N_roi": 6, "N_inlier": 6, "refit": true}
{"timestamp": "14:50:02.866812", "frame": 65, "mu": [0.6274587820921074, 4.588076991015752, 1.1677360892490878], "Sigma": [[0.002055594052463518, -0.0022245932769490223, -0.0028550461024136765], [-0.002224593276949022, 0.005190889208325603, 0.004417816943953686], [-0.0028550461024136765, 0.004417816943953686, 0.0057495686681663]], "chi2_level": 0.95, "chi2_df": 3, "chi2_threshold": 7.814727903251179, "N_raw": 8, "N_roi": 8, "N_inlier": 7, "refit": true}
{"timestamp": "14:50:02.926290", "frame": 66, "mu": [0.5136136477221469, 4.608710175346671, 1.2325223054615824], "Sigma": [[0.01910871695658976, -0.005059118879268194, -0.01265496879244447], [-0.005059118879268194, 0.007695261522534711, 0.007330749627146886], [-0.01265496879244447, 0.007330749627146886, 0.012589767391182992]], "chi2_level": 0.95, "chi2_df": 3, "chi2_threshold": 7.814727903251179, "N_raw": 46, "N_roi": 43, "N_inlier": 41, "refit": true}
{"timestamp": "14:50:02.976868", "frame": 67, "mu": [0.4599825195166931, 4.6235101343280975, 1.1648741233350017], "Sigma": [[0.00141386270210121, 0.0005303783133043976, -0.0006493714742910022], [0.0005303783133043976, 0.004876516766624325, 0.003160221269345741], [-0.000649371474291002, 0.003160221269345741, 0.003758584645316448]], "chi2_level": 0.95, "chi2_df": 3, "chi2_threshold": 7.814727903251179, "N_raw": 8, "N_roi": 5, "N_inlier": 5, "refit": true}
{"timestamp": "14:50:03.527154", "frame": 77, "mu": [0.07303945265092238, 4.626419894425359, 1.3131244138259506], "Sigma": [[0.0048555420882596826, -0.00012992944151029906, -0.0005075431013571644], [-0.00012992944151029906, 0.0017872370535528487, 0.0025527239628923668], [-0.0005075431013571644, 0.0025527239628923668, 0.004313008762930379]], "chi2_level": 0.95, "chi2_df": 3, "chi2_threshold": 7.814727903251179, "N_raw": 9, "N_roi": 8, "N_inlier": 7, "refit": true}
{"timestamp": "14:50:03.583552", "frame": 78, "mu": [0.010413439309112963, 4.643672838675832, 1.2361986955635553], "Sigma": [[0.018554828827394343, -0.0007352915898371083, -0.006120146722741436], [-0.0007352915898371083, 0.0012573733048145414, -0.0008266651250446093], [-0.006120146722741436, -0.0008266651250446093, 0.005858921584616244]], "chi2_level": 0.95, "chi2_df": 3, "chi2_threshold": 7.814727903251179, "N_raw": 24, "N_roi": 24, "N_inlier": 23, "refit": true}
{"timestamp": "14:50:03.636387", "frame": 79, "mu": [0.0026482572276185917, 4.64262492748861, 0.855420555462665], "Sigma": [[0.0008749314230833885, 0.0003549887090335863, -0.011524687065248907], [0.00035498870903358633, 0.0030432430150097254, -0.00957666860966461], [-0.01152468706524891, -0.009576668609664609, 0.31178073485861524]], "chi2_level": 0.95, "chi2_df": 3, "chi2_threshold": 7.814727903251179, "N_raw": 6, "N_roi": 5, "N_inlier": 5, "refit": true}
{"timestamp": "14:50:03.694599", "frame": 80, "mu": [-0.06375372377192057, 4.562177906071945, 0.9433474912147964], "Sigma": [[0.01844130301699188, -0.0026148025997001054, -0.010960429035158448], [-0.0026148025997001054, 0.003775630165667265, 0.002584186197297699], [-0.010960429035158448, 0.002584186197297699, 0.008540307179514296]], "chi2_level": 0.95, "chi2_df": 3, "chi2_threshold": 7.814727903251179, "N_raw": 31, "N_roi": 31, "N_inlier": 31, "refit": true}
{"timestamp": "14:50:03.750514", "frame": 81, "mu": [-0.04437205259221941, 4.62940655182096, 0.39154132108678114], "Sigma": [[0.02419080463287139, 0.0008958520128172745, -0.009498159638846216], [0.0008958520128172745, 0.0013016882314961587, 0.001378081630662047], [-0.009498159638846216, 0.0013780816306620469, 0.00783048159564286]], "chi2_level": 0.95, "chi2_df": 3, "chi2_threshold": 7.814727903251179, "N_raw": 28, "N_roi": 26, "N_inlier": 26, "refit": true}
{"timestamp": "14:50:03.911363", "frame": 84, "mu": [-0.21396666367895897, 4.0064113741203595, 0.7717668964728307], "Sigma": [[0.0257968069561992, -0.19760958675257892, 0.08127977365081485], [-0.1976095867525789, 2.2880864524837747, -0.6228231384807644], [0.08127977365081483, -0.6228231384807644, 0.379159677176146]], "chi2_level": 0.95, "chi2_df": 3, "chi2_threshold": 7.814727903251179, "N_raw": 6, "N_roi": 6, "N_inlier": 6, "refit": true}
{"timestamp": "14:50:04.024163", "frame": 86, "mu": [-0.28073851138298345, 4.5741513291621505, 1.2467425260979528], "Sigma": [[0.021511733199767166, 0.00016649620982123257, -0.008614872154299812], [0.0001664962098212328, 0.0019021332687326423, 0.0005957969905424419], [-0.008614872154299812, 0.0005957969905424419, 0.00495753517627934]], "chi2_level": 0.95, "chi2_df": 3, "chi2_threshold": 7.814727903251179, "N_raw": 28, "N_roi": 26, "N_inlier": 24, "refit": true}
{"timestamp": "14:50:04.076443", "frame": 87, "mu": [-0.33264879346150217, 4.522602701024199, 0.9243119986860148], "Sigma": [[0.0034994754116308134, -0.0005525684011580606, -2.768579596769936e-05], [-0.0005525684011580606, 0.0017074202048653984, -0.0025018771583942907], [-2.7685795967699307e-05, -0.0025018771583942907, 0.005048930344463441]], "chi2_level": 0.95, "chi2_df": 3, "chi2_threshold": 7.814727903251179, "N_raw": 10, "N_roi": 7, "N_inlier": 7, "refit": true}
{"timestamp": "14:50:04.134928", "frame": 88, "mu": [-0.42494120166602756, 4.477410474501084, 0.9882609580755428], "Sigma": [[0.026783829214374697, 0.0010990404972043022, -0.00880115625020458], [0.0010990404972043022, 0.0021626274755580112, -0.002750089498348526], [-0.008801156250204582, -0.002750089498348526, 0.0071011580453960105]], "chi2_level": 0.95, "chi2_df": 3, "chi2_threshold": 7.814727903251179, "N_raw": 39, "N_roi": 39, "N_inlier": 38, "refit": true}
{"timestamp": "14:50:04.296486", "frame": 91, "mu": [-0.45318575747167017, 3.919110109772591, 0.9313775457193901], "Sigma": [[0.058843846743720576, -0.35301067877498477, 0.08356771840989866], [-0.35301067877498477, 2.141875437166922, -0.4938322568717499], [0.08356771840989866, -0.4938322568717499, 0.12109680525838978]], "chi2_level": 0.95, "chi2_df": 3, "chi2_threshold": 7.814727903251179, "N_raw": 9, "N_roi": 5, "N_inlier": 5, "refit": true}
{"timestamp": "14:50:04.465842", "frame": 94, "mu": [-0.6520540700090212, 4.550580225595907, 1.1435636581732964], "Sigma": [[0.0291401208151607, 0.0021183315564794252, -0.008636283902498446], [0.0021183315564794252, 0.0025591569585560114, -0.002761032193224533], [-0.008636283902498446, -0.002761032193224533, 0.006435001493005739]], "chi2_level": 0.95, "chi2_df": 3, "chi2_threshold": 7.814727903251179, "N_raw": 40, "N_roi": 37, "N_inlier": 36, "refit": true}
{"timestamp": "14:50:04.520642", "frame": 95, "mu": [-0.7703313133035068, 4.523295899241734, 1.0947310408365405], "Sigma": [[0.02137737266497647, 0.0018876972130506687, -0.0033061196133858874], [0.0018876972130506687, 0.0031573273846151545, -0.0026899638650060994], [-0.003306119613385887, -0.0026899638650060994, 0.013200470683919692]], "chi2_level": 0.95, "chi2_df": 3, "chi2_threshold": 7.814727903251179, "N_raw": 36, "N_roi": 36, "N_inlier": 33, "refit": true}
{"timestamp": "14:50:04.574246", "frame": 96, "mu": [-0.7990112467543493, 4.461868350956689, 1.1572785725134733], "Sigma": [[0.01211945155960553, 0.0010143646271430467, -0.01030830156502092], [0.0010143646271430467, 0.0011991151617710403, -0.001826643879932458], [-0.01030830156502092, -0.001826643879932458, 0.018864216589978312]], "chi2_level": 0.95, "chi2_df": 3, "chi2_threshold": 7.814727903251179, "N_raw": 21, "N_roi": 17, "N_inlier": 14, "refit": true}
{"timestamp": "14:50:04.632402", "frame": 97, "mu": [-0.8663959908593108, 4.45867114394793, 1.1535663091615853], "Sigma": [[0.026510399761202123, 0.002315446778651307, -0.01106216798605122], [0.002315446778651307, 0.0024354333316942375, -0.0030191318063214536], [-0.01106216798605122, -0.003019131806321453, 0.008352301665920377]], "chi2_level": 0.95, "chi2_df": 3, "chi2_threshold": 7.814727903251179, "N_raw": 41, "N_roi": 37, "N_inlier": 37, "refit": true}
{"timestamp": "14:50:04.682770", "frame": 98, "mu": [-0.9385836380023699, 4.464013757388183, 1.2518928307952553], "Sigma": [[0.013014072182869341, 0.0010496725011004333, -0.005075926386843963], [0.0010496725011004333, 0.001022865636350069, -0.0017518777126321846], [-0.005075926386843963, -0.0017518777126321844, 0.012457080485811938]], "chi2_level": 0.95, "chi2_df": 3, "chi2_threshold": 7.814727903251179, "N_raw": 17, "N_roi": 15, "N_inlier": 13, "refit": true}
{"timestamp": "14:50:04.842597", "frame": 100, "mu": [-0.9891392884763173, 4.470924779488349, 1.2197682747618561], "Sigma": [[0.012309009522043685, 0.001969727880479485, -0.008275308608787309], [0.0019697278804794846, 0.0019256342361435549, -0.0020504375705882234], [-0.008275308608787309, -0.002050437570588224, 0.0070149657305506145]], "chi2_level": 0.95, "chi2_df": 3, "chi2_threshold": 7.814727903251179, "N_raw": 22, "N_roi": 20, "N_inlier": 20, "refit": true}
{"timestamp": "14:50:04.846712", "frame": 101, "mu": [-0.9627479995873182, 4.567303027509382, 0.5552625861244926], "Sigma": [[0.004231629490074727, 0.0014529681947473717, -0.018956618560580778], [0.0014529681947473715, 0.0011490158844436875, -0.005149631390770005], [-0.018956618560580778, -0.005149631390770005, 0.10801804170052438]], "chi2_level": 0.95, "chi2_df": 3, "chi2_threshold": 7.814727903251179, "N_raw": 6, "N_roi": 6, "N_inlier": 6, "refit": true}
{"timestamp": "14:50:04.900337", "frame": 102, "mu": [-1.043705430113787, 4.501334521066967, 0.6545638530027891], "Sigma": [[0.001181619160378851, 0.000960664221789359, -0.013244282513393912], [0.000960664221789359, 0.003439694860325745, -0.013937831700092138], [-0.013244282513393916, -0.013937831700092138, 0.24878098099788806]], "chi2_level": 0.95, "chi2_df": 3, "chi2_threshold": 7.814727903251179, "N_raw": 5, "N_roi": 5, "N_inlier": 5, "refit": true}
{"timestamp": "14:50:04.958892", "frame": 103, "mu": [-1.1337664503452785, 4.482152618678199, 1.21716727372638], "Sigma": [[0.017033100366438885, 0.0017472024161888115, -0.010502791828409058], [0.0017472024161888115, 0.0026918449472610887, -0.001676001983381315], [-0.010502791828409058, -0.001676001983381315, 0.008249359862438617]], "chi2_level": 0.95, "chi2_df": 3, "chi2_threshold": 7.814727903251179, "N_raw": 31, "N_roi": 31, "N_inlier": 29, "refit": true}
{"timestamp": "14:50:05.013615", "frame": 104, "mu": [-1.1176329668075966, 4.474410585786945, 1.0518066882403727], "Sigma": [[0.01246984040247019, 0.0011340159782120298, -0.007075696564944308], [0.0011340159782120298, 0.0013889630480482995, -0.0019266358074291295], [-0.007075696564944308, -0.0019266358074291297, 0.007055103017409798]], "chi2_level": 0.95, "chi2_df": 3, "chi2_threshold": 7.814727903251179, "N_raw": 24, "N_roi": 22, "N_inlier": 20, "refit": true}
{"timestamp": "14:50:05.069615", "frame": 105, "mu": [-1.1652622757244102, 4.4573729357894525, 1.0328369621372873], "Sigma": [[0.019126656115314795, 0.0023779658912724674, -0.009074058510795058], [0.0023779658912724674, 0.0014379006975724538, -0.0024203418385238124], [-0.009074058510795058, -0.0024203418385238124, 0.007326090979952037]], "chi2_level": 0.95, "chi2_df": 3, "chi2_threshold": 7.814727903251179, "N_raw": 28, "N_roi": 25, "N_inlier": 24, "refit": true}
{"timestamp": "14:50:05.286213", "frame": 109, "mu": [-1.354884603088255, 4.427944655243845, 0.9825905866012506], "Sigma": [[0.006419611917120978, 0.0010330509394464553, -0.002970539779125229], [0.0010330509394464553, 0.0010644586215934418, -0.0006030479996928589], [-0.002970539779125229, -0.000603047999692859, 0.002446007478552124]], "chi2_level": 0.95, "chi2_df": 3, "chi2_threshold": 7.814727903251179, "N_raw": 10, "N_roi": 10, "N_inlier": 9, "refit": true}
{"timestamp": "14:50:05.340880", "frame": 110, "mu": [-1.4778178887532336, 4.408970307689877, 1.128675271742261], "Sigma": [[0.0038836934140259213, 0.0004326944517810605, -0.0014140780205517472], [0.0004326944517810605, 0.0005503558044859753, -0.00025119720970328153], [-0.0014140780205517472, -0.0002511972097032815, 0.0006530027161765427]], "chi2_level": 0.95, "chi2_df": 3, "chi2_threshold": 7.814727903251179, "N_raw": 9, "N_roi": 7, "N_inlier": 6, "refit": true}
{"timestamp": "14:50:05.451360", "frame": 112, "mu": [-1.395009103501129, 4.521564657328575, 0.8993160194356373], "Sigma": [[0.005675221338601614, 0.00552313339203234, -0.031732441551906125], [0.00552313339203234, 0.008216088644246198, -0.029145749269601232], [-0.031732441551906125, -0.029145749269601232, 0.18622270028761864]], "chi2_level": 0.95, "chi2_df": 3, "chi2_threshold": 7.814727903251179, "N_raw": 9, "N_roi": 7, "N_inlier": 6, "refit": true}
{"timestamp": "14:50:05.604210", "frame": 113, "mu": [-1.492378014509534, 4.46860116374555, 0.6652938072700548], "Sigma": [[0.012125384345692155, 0.011633365432950583, -0.041076068493966236], [0.011633365432950583, 0.014120898615637187, -0.040956626243788194], [-0.041076068493966236, -0.040956626243788194, 0.14120458802404678]], "chi2_level": 0.95, "chi2_df": 3, "chi2_threshold": 7.814727903251179, "N_raw": 6, "N_roi": 6, "N_inlier": 6, "refit": true}
{"timestamp": "14:50:05.666112", "frame": 115, "mu": [-1.6794746303758228, 4.424084537110452, 0.8364470641566008], "Sigma": [[0.0006663544445864878, -0.001876430241998771, 0.005391502286896827], [-0.001876430241998771, 0.010875131817742158, -0.03160041945345764], [0.005391502286896826, -0.03160041945345764, 0.1127510038272492]], "chi2_level": 0.95, "chi2_df": 3, "chi2_threshold": 7.814727903251179, "N_raw": 11, "N_roi": 7, "N_inlier": 7, "refit": true}
{"timestamp": "14:50:05.729350", "frame": 117, "mu": [-1.7003959059912273, 4.472410701832271, 1.234663407488923], "Sigma": [[0.026086074190575292, 0.006175020578912337, -0.01546184675300821], [0.006175020578912336, 0.004346189536865422, -0.0035051970284526884], [-0.015461846753008213, -0.003505197028452689, 0.010362216520875584]], "chi2_level": 0.95, "chi2_df": 3, "chi2_threshold": 7.814727903251179, "N_raw": 31, "N_roi": 30, "N_inlier": 30, "refit": true}
{"timestamp": "14:50:05.783905", "frame": 118, "mu": [-1.7511641800260744, 4.4877086403745405, 1.1157033138431423], "Sigma": [[0.02759926294213256, 0.008297102132763195, -0.008270183861076922], [0.008297102132763195, 0.0038103827401494376, -0.0035782961585463817], [-0.008270183861076924, -0.0035782961585463817, 0.005772743646785368]], "chi2_level": 0.95, "chi2_df": 3, "chi2_threshold": 7.814727903251179, "N_raw": 27, "N_roi": 27, "N_inlier": 25, "refit": true}
{"timestamp": "14:50:05.836208", "frame": 119, "mu": [-1.758553995393605, 4.387842590040052, 0.8407295987999455], "Sigma": [[0.0051491330520056925, 0.00237232091564559, -0.006490664544303149], [0.0023723209156455904, 0.009416859100126533, -0.0024038424008659383], [-0.006490664544303149, -0.0024038424008659375, 0.00962843437613387]], "chi2_level": 0.95, "chi2_df": 3, "chi2_threshold": 7.814727903251179, "N_raw": 9, "N_roi": 5, "N_inlier": 5, "refit": true}
{"timestamp": "14:50:05.891676", "frame": 120, "mu": [-1.8876930636823097, 4.473275164388918, 1.1393107377530307], "Sigma": [[0.00655800438026589, 0.0016168781944521083, -0.0015102160564811227], [0.0016168781944521083, 0.0012336773679163134, -0.0010034089904630943], [-0.0015102160564811227, -0.0010034089904630943, 0.0010100267870421476]], "chi2_level": 0.95, "chi2_df": 3, "chi2_threshold": 7.814727903251179, "N_raw": 10, "N_roi": 9, "N_inlier": 8, "refit": true}
{"timestamp": "14:50:06.002478", "frame": 122, "mu": [-1.9829670936756307, 4.438618045879451, 1.0775623858147185], "Sigma": [[0.011065733628403305, 0.005397623346008221, -0.008788809078315574], [0.005397623346008221, 0.0032421775836080904, -0.006258603941464486], [-0.008788809078315574, -0.006258603941464486, 0.017896445594408582]], "chi2_level": 0.95, "chi2_df": 3, "chi2_threshold": 7.814727903251179, "N_raw": 17, "N_roi": 15, "N_inlier": 13, "refit": true}
{"timestamp": "14:50:06.058455", "frame": 123, "mu": [-2.0670159778316957, 4.418979874281899, 1.100818412310026], "Sigma": [[0.0138536722879326, 0.003914945802892434, -0.009692676184537018], [0.0039149458028924335, 0.003035113295636336, -0.003223369827341561], [-0.009692676184537018, -0.003223369827341561, 0.009259404947524036]], "chi2_level": 0.95, "chi2_df": 3, "chi2_threshold": 7.814727903251179, "N_raw": 24, "N_roi": 21, "N_inlier": 20, "refit": true}
{"timestamp": "14:50:06.113970", "frame": 124, "mu": [-2.1283725428838762, 4.388035597027034, 1.0663016699814334], "Sigma": [[0.023694042434316574, 0.006852560577233156, -0.016863139327466], [0.006852560577233156, 0.00368233012947552, -0.0031717069692053625], [-0.016863139327466, -0.0031717069692053625, 0.014888545143675078]], "chi2_level": 0.95, "chi2_df": 3, "chi2_threshold": 7.814727903251179, "N_raw": 23, "N_roi": 21, "N_inlier": 20, "refit": true}
{"timestamp": "14:50:06.168052", "frame": 125, "mu": [-2.1364676670697227, 4.4423827415217305, 1.1731495372612064], "Sigma": [[0.013501035738515322, 0.004469046349296207, -0.01192726700436638], [0.004469046349296207, 0.002257281468742013, -0.0034385734586994754], [-0.011927267004366384, -0.0034385734586994754, 0.03738684986858876]], "chi2_level": 0.95, "chi2_df": 3, "chi2_threshold": 7.814727903251179, "N_raw": 16, "N_roi": 14, "N_inlier": 12, "refit": true}
{"timestamp": "14:50:06.498635", "frame": 131, "mu": [-2.336197390548465, 4.453278501232206, 1.3622526154883512], "Sigma": [[0.007305519704518353, 0.0006427180643690942, -0.001395495330256862], [0.0006427180643690942, 0.0018116752689807064, -0.0011091066732985282], [-0.001395495330256862, -0.001109106673298528, 0.0010671255717151318]], "chi2_level": 0.95, "chi2_df": 3, "chi2_threshold": 7.814727903251179, "N_raw": 24, "N_roi": 8, "N_inlier": 7, "refit": true}
{"timestamp": "14:50:06.552253", "frame": 132, "mu": [-2.390278256239355, 4.37091175890875, 1.292258744954708], "Sigma": [[0.005531806377461508, 0.001330972675997404, -0.005874588801462515], [0.001330972675997404, 0.003262661168045454, -0.0008070552576536512], [-0.005874588801462515, -0.0008070552576536511, 0.007936463834480156]], "chi2_level": 0.95, "chi2_df": 3, "chi2_threshold": 7.814727903251179, "N_raw": 19, "N_roi": 12, "N_inlier": 12, "refit": true}
