{"timestamp": "15:47:15.851710", "frame": 3, "mu": [1.4754352844186638, 1.0560987997577707, 1.1677472747432507], "Sigma": [[0.2982228346700235, 0.20526605132659692, -0.14669344372382537], [0.20526605132659695, 0.14912500499513923, -0.08476261913695309], [-0.14669344372382537, -0.08476261913695307, 0.11836842956245577]], "chi2_level": 0.95, "chi2_df": 3, "chi2_threshold": 7.814727903251179, "N_raw": 5, "N_roi": 5, "N_inlier": 5, "refit": true}
{"timestamp": "15:47:16.126317", "frame": 8, "mu": [1.6214957215579473, 1.2803872269734464, 1.131193870003727], "Sigma": [[0.000332938974560502, 0.0001838747843394987, -0.0030000219101978093], [0.0001838747843394987, 0.0003543034597010784, -0.0014126650551654716], [-0.0030000219101978093, -0.0014126650551654716, 0.048127447745934325]], "chi2_level": 0.95, "chi2_df": 3, "chi2_threshold": 7.814727903251179, "N_raw": 7, "N_roi": 7, "N_inlier": 6, "refit": true}
{"timestamp": "15:47:16.182247", "frame": 9, "mu": [1.4352956742649905, 1.129176492846117, 1.4752507578851408], "Sigma": [[0.24822767980710217, 0.18220114553550487, -0.1420915262904256], [0.18220114553550487, 0.13816765449724777, -0.09658152324607439], [-0.1420915262904256, -0.09658152324607439, 0.09484222728446223]], "chi2_level": 0.95, "chi2_df": 3, "chi2_threshold": 7.814727903251179, "N_raw": 5, "N_roi": 5, "N_inlier": 5, "refit": true}
{"timestamp": "15:47:16.238906", "frame": 10, "mu": [1.683997477889921, 1.1949655370479284, 1.3962816164025953], "Sigma": [[0.003556589245570411, -0.0009215082076572242, -0.0016364982353848268], [-0.000921508207657224, 0.003970271943567072, -0.0011752836465669949], [-0.0016364982353848268, -0.0011752836465669949, 0.001815396144062055]], "chi2_level": 0.95, "chi2_df": 3, "chi2_threshold": 7.814727903251179, "N_raw": 23, "N_roi": 23, "N_inlier": 22, "refit": true}
{"timestamp": "15:47:16.293400", "frame": 11, "mu": [1.7366458989142544, 1.320255709706367, -0.35886575224548817], "Sigma": [[0.003677796631063656, -0.0017418374891430795, 0.00026591672146313337], [-0.0017418374891430793, 0.006325717803684964, 0.0028468957877795867], [0.00026591672146313337, 0.0028468957877795867, 0.0018562413586549638]], "chi2_level": 0.95, "chi2_df": 3, "chi2_threshold": 7.814727903251179, "N_raw": 24, "N_roi": 24, "N_inlier": 21, "refit": true}
{"timestamp": "15:47:16.347910", "frame": 12, "mu": [1.7170953278142596, 1.0995079132181305, 1.3234968678726196], "Sigma": [[0.005241566846203084, -0.007078693466069922, -0.002903342621312007], [-0.007078693466069922, 0.017503553125548358, 0.0013283824743320126], [-0.002903342621312007, 0.0013283824743320124, 0.0027901395046061673]], "chi2_level": 0.95, "chi2_df": 3, "chi2_threshold": 7.814727903251179, "N_raw": 12, "N_roi": 12, "N_inlier": 10, "refit": true}
{"timestamp": "15:47:16.406937", "frame": 13, "mu": [1.6786368701386758, 1.1800775136514141, 1.1541337307203774], "Sigma": [[0.0082554367233044, -0.008486018328075934, -0.0017297836427532243], [-0.008486018328075932, 0.010354052434525578, -0.0013685940107597907], [-0.0017297836427532247, -0.0013685940107597905, 0.008122008098829287]], "chi2_level": 0.95, "chi2_df": 3, "chi2_threshold": 7.814727903251179, "N_raw": 40, "N_roi": 40, "N_inlier": 38, "refit": true}
{"timestamp": "15:47:16.458236", "frame": 14, "mu": [1.6536387279570324, 1.1855547747417199, 1.265517625441289], "Sigma": [[0.0034638711402058065, -0.0025355106529451337, 0.000752418543459709], [-0.0025355106529451345, 0.008280989122647452, -0.008162212065424439], [0.000752418543459709, -0.008162212065424439, 0.010503932663755702]], "chi2_level": 0.95, "chi2_df": 3, "chi2_threshold": 7.814727903251179, "N_raw": 10, "N_roi": 10, "N_inlier": 9, "refit": true}
{"timestamp": "15:47:16.520110", "frame": 15, "mu": [1.6308062598942012, 1.3618765416077137, -0.4506290001415665], "Sigma": [[0.010520658017158574, -0.0072184263475923455, -0.0027703656755643123], [-0.007218426347592346, 0.013703937496498918, 0.0016578382810457657], [-0.0027703656755643123, 0.0016578382810457657, 0.0014092828593114974]], "chi2_level": 0.95, "chi2_df": 3, "chi2_threshold": 7.814727903251179, "N_raw": 50, "N_roi": 50, "N_inlier": 47, "refit": true}
{"timestamp": "15:47:16.574143", "frame": 16, "mu": [1.6592279363567326, 1.0690824637838523, 1.237063709313189], "Sigma": [[0.007842112975187826, -0.005454995591626091, -0.004284369939533953], [-0.00545499559162609, 0.006337589357950397, 4.188416343758915e-06], [-0.004284369939533954, 4.1884163437589425e-06, 0.006703739474914118]], "chi2_level": 0.95, "chi2_df": 3, "chi2_threshold": 7.814727903251179, "N_raw": 40, "N_roi": 40, "N_inlier": 38, "refit": true}
{"timestamp": "15:47:16.628949", "frame": 17, "mu": [1.6457736562399765, 1.0560401436233133, 1.1987993529892096], "Sigma": [[0.007761498776871714, -0.006567132393503502, -0.0022371481889655385], [-0.006567132393503502, 0.010954799294055254, -0.0015334472985289902], [-0.0022371481889655385, -0.00153344729852899, 0.0032842578609328437]], "chi2_level": 0.95, "chi2_df": 3, "chi2_threshold": 7.814727903251179, "N_raw": 40, "N_roi": 40, "N_inlier": 39, "refit": true}
{"timestamp": "15:47:16.681966", "frame": 18, "mu": [1.6328798745368507, 1.055358878217105, 1.2484819663680706], "Sigma": [[0.003427312577249716, -0.002154614691381278, -0.0005224501872131915], [-0.002154614691381278, 0.006513314876551533, -0.002545070078043607], [-0.0005224501872131915, -0.002545070078043607, 0.0022426906248333507]], "chi2_level": 0.95, "chi2_df": 3, "chi2_threshold": 7.814727903251179, "N_raw": 28, "N_roi": 28, "N_inlier": 27, "refit": true}
{"timestamp": "15:47:16.733874", "frame": 19, "mu": [1.6077444218290076, 0.9698457285103823, 1.1283458062407403], "Sigma": [[0.001066099711590879, -5.693039454230199e-05, -0.0008264814325263142], [-5.6930394542302006e-05, 0.00011982506014606329, -0.000972151006908622], [-0.0008264814325263142, -0.0009721510069086221, 0.030419828357011576]], "chi2_level": 0.95, "chi2_df": 3, "chi2_threshold": 7.814727903251179, "N_raw": 6, "N_roi": 6, "N_inlier": 6, "refit": true}
{"timestamp": "15:47:16.793128", "frame": 20, "mu": [1.4843865091451194, 1.113384846818072, 0.9283609575451651], "Sigma": [[0.004803771207183317, -0.0057458484120719786, -0.0056330519376039095], [-0.0057458484120719786, 0.007621275185121763, 0.005573188258789764], [-0.0056330519376039095, 0.005573188258789764, 0.020914151810429917]], "chi2_level": 0.95, "chi2_df": 3, "chi2_threshold": 7.814727903251179, "N_raw": 33, "N_roi": 33, "N_inlier": 31, "refit": true}
{"timestamp": "15:47:16.849803", "frame": 21, "mu": [1.4810063037911252, 1.035441783696577, 1.1817882379549245], "Sigma": [[0.00752803626747132, -0.005637226890192299, -0.0016464051996293006], [-0.005637226890192299, 0.007736572388618404, -0.0020700326549088002], [-0.0016464051996293006, -0.0020700326549088002, 0.006579020670493243]], "chi2_level": 0.95, "chi2_df": 3, "chi2_threshold": 7.814727903251179, "N_raw": 47, "N_roi": 47, "N_inlier": 43, "refit": true}
{"timestamp": "15:47:16.901377", "frame": 22, "mu": [1.4705635422253787, 0.978084221034001, 1.204390865484839], "Sigma": [[0.004337523646283046, -0.0034680652899165636, -0.002976899044158146], [-0.003468065289916563, 0.00565417000369229, 0.00010573853617247211], [-0.002976899044158146, 0.00010573853617247209, 0.0047043003533089045]], "chi2_level": 0.95, "chi2_df": 3, "chi2_threshold": 7.814727903251179, "N_raw": 25, "N_roi": 25, "N_inlier": 22, "refit": true}
{"timestamp": "15:47:16.958367", "frame": 23, "mu": [1.4757842252897837, 1.073103909317141, -0.4984611387905012], "Sigma": [[0.006966750818169086, -0.005842250737479654, -0.004223699916365913], [-0.005842250737479654, 0.01433946152371469, 0.002656616151695419], [-0.004223699916365913, 0.0026566161516954198, 0.0034270679137034504]], "chi2_level": 0.95, "chi2_df": 3, "chi2_threshold": 7.814727903251179, "N_raw": 45, "N_roi": 45, "N_inlier": 43, "refit": true}
{"timestamp": "15:47:17.015196", "frame": 24, "mu": [1.393878252024869, 0.9482898066560749, 1.2378561263137882], "Sigma": [[0.01149044537322043, -0.010213769908699225, -0.007490826886970272], [-0.010213769908699225, 0.012222737659184408, 0.003833432455442808], [-0.007490826886970272, 0.0038334324554428075, 0.009082204558655094]], "chi2_level": 0.95, "chi2_df": 3, "chi2_threshold": 7.814727903251179, "N_raw": 51, "N_roi": 51, "N_inlier": 49, "refit": true}
{"timestamp": "15:47:17.066453", "frame": 25, "mu": [1.3646878054326599, 0.9308169664132577, 0.9967417453358016], "Sigma": [[0.0021982596870798194, -0.002663232631165138, -0.0008729977297808571], [-0.002663232631165138, 0.004367654334638189, 0.0020933893925664483], [-0.0008729977297808571, 0.0020933893925664483, 0.01753893316776709]], "chi2_level": 0.95, "chi2_df": 3, "chi2_threshold": 7.814727903251179, "N_raw": 22, "N_roi": 22, "N_inlier": 20, "refit": true}
{"timestamp": "15:47:17.123789", "frame": 26, "mu": [1.343096027566794, 0.8881880074806704, 1.2391673518585553], "Sigma": [[0.007249800482285628, -0.008286520951242817, -0.0067682684170292575], [-0.008286520951242817, 0.009997969412489186, 0.006477876810401692], [-0.0067682684170292575, 0.006477876810401692, 0.026795220290793842]], "chi2_level": 0.95, "chi2_df": 3, "chi2_threshold": 7.814727903251179, "N_raw": 42, "N_roi": 42, "N_inlier": 39, "refit": true}
{"timestamp": "15:47:17.178303", "frame": 27, "mu": [1.300242876552414, 0.9520391494719604, 1.0995170740861266], "Sigma": [[0.003950920902907453, -0.004368877172118452, 0.008085464252682884], [-0.004368877172118452, 0.00850807363082881, -0.02338582440775542], [0.008085464252682884, -0.02338582440775542, 0.09218432049928882]], "chi2_level": 0.95, "chi2_df": 3, "chi2_threshold": 7.814727903251179, "N_raw": 40, "N_roi": 40, "N_inlier": 38, "refit": true}
{"timestamp": "15:47:17.240396", "frame": 28, "mu": [1.2574769221465867, 0.9947708226850195, 1.082441569648811], "Sigma": [[0.005042582763561189, -0.0025166635315662395, -0.002815047691158823], [-0.0025166635315662395, 0.006580851146414697, -0.009839134325385022], [-0.002815047691158823, -0.00983913432538502, 0.04573292322503326]], "chi2_level": 0.95, "chi2_df": 3, "chi2_threshold": 7.814727903251179, "N_raw": 81, "N_roi": 81, "N_inlier": 80, "refit": true}
{"timestamp": "15:47:17.287017", "frame": 29, "mu": [1.1283640341499803, 1.0101055388908626, 1.289750045631402], "Sigma": [[0.005024543587469672, -0.0024683611885617097, -0.014919897582119979], [-0.0024683611885617097, 0.004935625219431187, 0.0011650850201916736], [-0.014919897582119979, 0.001165085020191674, 0.07681016420865673]], "chi2_level": 0.95, "chi2_df": 3, "chi2_threshold": 7.814727903251179, "N_raw": 19, "N_roi": 19, "N_inlier": 18, "refit": true}
{"timestamp": "15:47:17.342277", "frame": 30, "mu": [1.1623947338528144, 0.9175657276124753, 1.3046528383422926], "Sigma": [[0.004468568600146665, -0.0021618338299789703, -0.00427087135592686], [-0.0021618338299789703, 0.003125099161698719, 0.0007882954089319455], [-0.00427087135592686, 0.0007882954089319455, 0.008878650095908781]], "chi2_level": 0.95, "chi2_df": 3, "chi2_threshold": 7.814727903251179, "N_raw": 26, "N_roi": 26, "N_inlier": 23, "refit": true}
{"timestamp": "15:47:17.394766", "frame": 31, "mu": [1.1018987654906434, 0.9614212780032072, 1.3521673056419639], "Sigma": [[0.004739774896416137, -0.0017315361538962609, -0.013635594574841713], [-0.0017315361538962609, 0.002014933316947779, 0.005162870871186188], [-0.013635594574841713, 0.005162870871186188, 0.04878676740747709]], "chi2_level": 0.95, "chi2_df": 3, "chi2_threshold": 7.814727903251179, "N_raw": 12, "N_roi": 12, "N_inlier": 11, "refit": true}
{"timestamp": "15:47:17.452488", "frame": 32, "mu": [1.10836138926885, 0.9015358135403894, 1.0927478917320899], "Sigma": [[0.004043502264640769, -0.0023026714800897788, -0.00867307868750803], [-0.0023026714800897788, 0.002949312770247665, 0.002346104442673422], [-0.00867307868750803, 0.002346104442673422, 0.036564379225058716]], "chi2_level": 0.95, "chi2_df": 3, "chi2_threshold": 7.814727903251179, "N_raw": 35, "N_roi": 35, "N_inlier": 34, "refit": true}
{"timestamp": "15:47:17.504659", "frame": 33, "mu": [1.1543372120432365, 0.7564260868389803, 0.8609151126915187], "Sigma": [[0.04259814340144363, -0.04444781110518895, -0.11690194307334645], [-0.04444781110518895, 0.049800878085460826, 0.12922008022136888], [-0.11690194307334645, 0.12922008022136888, 0.3773798749793875]], "chi2_level": 0.95, "chi2_df": 3, "chi2_threshold": 7.814727903251179, "N_raw": 11, "N_roi": 11, "N_inlier": 11, "refit": true}
{"timestamp": "15:47:17.565660", "frame": 34, "mu": [0.9979051673236342, 1.047863323794387, -0.42536707271169666], "Sigma": [[0.007534098704044667, -0.0022226639129810004, -0.009846050599671115], [-0.0022226639129810004, 0.002498042649376743, 0.00011136284299701185], [-0.009846050599671113, 0.00011136284299701163, 0.017853508102968166]], "chi2_level": 0.95, "chi2_df": 3, "chi2_threshold": 7.814727903251179, "N_raw": 55, "N_roi": 55, "N_inlier": 51, "refit": true}
{"timestamp": "15:47:17.615879", "frame": 35, "mu": [0.9227515438207935, 0.9137533907685271, 1.2959351761006483], "Sigma": [[0.0046554573025212745, -0.0013059966438603062, -0.012195658986712639], [-0.0013059966438603062, 0.0012488071176140901, 0.0051163519236100624], [-0.012195658986712637, 0.0051163519236100624, 0.04451614697935624]], "chi2_level": 0.95, "chi2_df": 3, "chi2_threshold": 7.814727903251179, "N_raw": 13, "N_roi": 13, "N_inlier": 12, "refit": true}
{"timestamp": "15:47:17.672240", "frame": 36, "mu": [0.8443812702638102, 0.9141960257261308, 1.438253626150561], "Sigma": [[0.002267476444931419, -0.0007719996225966422, -0.0023439149301172284], [-0.0007719996225966422, 0.0022007115944258056, 0.0005922298453505323], [-0.0023439149301172284, 0.0005922298453505323, 0.011557639594279549]], "chi2_level": 0.95, "chi2_df": 3, "chi2_threshold": 7.814727903251179, "N_raw": 26, "N_roi": 26, "N_inlier": 23, "refit": true}
{"timestamp": "15:47:17.731371", "frame": 37, "mu": [0.8506881422432171, 0.9019093761631577, 1.3715524844639242], "Sigma": [[0.005362839226981672, -0.0015258852419938623, -0.007588064572135321], [-0.0015258852419938625, 0.0025306862914562397, 0.0005804183116660762], [-0.007588064572135321, 0.0005804183116660761, 0.015331346369028614]], "chi2_level": 0.95, "chi2_df": 3, "chi2_threshold": 7.814727903251179, "N_raw": 54, "N_roi": 53, "N_inlier": 50, "refit": true}
{"timestamp": "15:47:17.783332", "frame": 38, "mu": [0.7727126246865321, 0.8973181658680607, 1.422743673127764], "Sigma": [[0.0020326845202555135, -0.0005386786534777192, -0.0018517648240738973], [-0.0005386786534777194, 0.002447404940747607, -0.00017905242530743713], [-0.0018517648240738973, -0.00017905242530743724, 0.0040260181485638445]], "chi2_level": 0.95, "chi2_df": 3, "chi2_threshold": 7.814727903251179, "N_raw": 34, "N_roi": 34, "N_inlier": 30, "refit": true}
{"timestamp": "15:47:17.835433", "frame": 39, "mu": [0.891824601403277, 0.8031765954665935, 1.3017577905325308], "Sigma": [[0.00353522908963569, -0.00219433162791192, -0.0027493141323765057], [-0.00219433162791192, 0.002631284535640485, 0.0013157042054341202], [-0.0027493141323765053, 0.0013157042054341202, 0.0028653574590719474]], "chi2_level": 0.95, "chi2_df": 3, "chi2_threshold": 7.814727903251179, "N_raw": 19, "N_roi": 19, "N_inlier": 15, "refit": true}
{"timestamp": "15:47:17.895446", "frame": 40, "mu": [0.6916928506016302, 0.88093614005604, 1.4664856863332192], "Sigma": [[0.003641242357906812, -3.843697982941236e-05, -0.0023671812862401448], [-3.843697982941227e-05, 0.003868933796008849, -0.001368179801776325], [-0.0023671812862401448, -0.001368179801776325, 0.0031621704791531396]], "chi2_level": 0.95, "chi2_df": 3, "chi2_threshold": 7.814727903251179, "N_raw": 55, "N_roi": 55, "N_inlier": 51, "refit": true}
{"timestamp": "15:47:17.948907", "frame": 41, "mu": [0.6646523642660376, 0.8774976357408342, 1.4367785564900053], "Sigma": [[0.003325776199674708, -0.00026969686510140353, -0.002919368892828988], [-0.00026969686510140353, 0.002781762801137644, -0.0011294973890417191], [-0.002919368892828988, -0.0011294973890417191, 0.0036293779347785935]], "chi2_level": 0.95, "chi2_df": 3, "chi2_threshold": 7.814727903251179, "N_raw": 47, "N_roi": 47, "N_inlier": 46, "refit": true}
{"timestamp": "15:47:18.005832", "frame": 42, "mu": [0.69046440726134, 0.8006561514580737, 1.1123165126704326], "Sigma": [[0.005527659543733808, -0.002719299524221016, -0.018445503775611233], [-0.002719299524221016, 0.0027269389217686067, 0.011348903450613266], [-0.018445503775611233, 0.011348903450613268, 0.10135568928604807]], "chi2_level": 0.95, "chi2_df": 3, "chi2_threshold": 7.814727903251179, "N_raw": 52, "N_roi": 52, "N_inlier": 49, "refit": true}
{"timestamp": "15:47:18.055135", "frame": 43, "mu": [0.6304810447119664, 0.7976628463194978, 1.446761650653373], "Sigma": [[0.003915040196096462, -0.0014321270373226706, -0.004209330212996338], [-0.0014321270373226706, 0.0008452547815226486, 0.001306842901069714], [-0.004209330212996338, 0.001306842901069714, 0.006141329258704089]], "chi2_level": 0.95, "chi2_df": 3, "chi2_threshold": 7.814727903251179, "N_raw": 17, "N_roi": 17, "N_inlier": 14, "refit": true}
{"timestamp": "15:47:18.116608", "frame": 44, "mu": [0.5634600557842149, 0.847040230836244, 1.4546895683934686], "Sigma": [[0.003254857796488623, 0.00018543210376137655, -0.0011914407314982528], [0.0001854321037613765, 0.004382455676992851, -0.0008619205859021254], [-0.0011914407314982532, -0.0008619205859021254, 0.0007404009857763463]], "chi2_level": 0.95, "chi2_df": 3, "chi2_threshold": 7.814727903251179, "N_raw": 60, "N_roi": 60, "N_inlier": 53, "refit": true}
{"timestamp": "15:47:18.172973", "frame": 45, "mu": [0.5752542150315717, 0.802405795175097, 1.4266450207516332], "Sigma": [[0.005368411646304653, 0.0003719364911316626, -0.0038890853615958865], [0.00037193649113166264, 0.002347970478312215, -0.0018132713935568134], [-0.0038890853615958865, -0.001813271393556813, 0.004443272239624895]], "chi2_level": 0.95, "chi2_df": 3, "chi2_threshold": 7.814727903251179, "N_raw": 71, "N_roi": 71, "N_inlier": 65, "refit": true}
{"timestamp": "15:47:18.232220", "frame": 46, "mu": [0.5294075831245607, 0.7572960883725646, 1.2145628675453937], "Sigma": [[0.00547053891688729, -0.0008800220691897477, -0.005035240608908362], [-0.0008800220691897476, 0.00426815620672247, 0.012102219940320036], [-0.005035240608908362, 0.012102219940320038, 0.07579064547884279]], "chi2_level": 0.95, "chi2_df": 3, "chi2_threshold": 7.814727903251179, "N_raw": 91, "N_roi": 91, "N_inlier": 89, "refit": true}
{"timestamp": "15:47:18.282105", "frame": 47, "mu": [0.4593085485887924, 0.7878536864888086, 1.3901466201685084], "Sigma": [[0.0031823888493267742, -0.0002511619450278954, -0.0024437095276560457], [-0.0002511619450278954, 0.0016021702618475746, -0.0011678135036991765], [-0.0024437095276560457, -0.0011678135036991765, 0.003542652002695359]], "chi2_level": 0.95, "chi2_df": 3, "chi2_threshold": 7.814727903251179, "N_raw": 54, "N_roi": 54, "N_inlier": 50, "refit": true}
{"timestamp": "15:47:18.334857", "frame": 48, "mu": [0.4286025420375308, 0.7624165440304755, 1.3020531952135124], "Sigma": [[0.010256732704753803, -0.005178027470764431, -0.013640138108929035], [-0.005178027470764431, 0.005008742645390393, 0.006053842224702684], [-0.013640138108929035, 0.006053842224702684, 0.028642075879406977]], "chi2_level": 0.95, "chi2_df": 3, "chi2_threshold": 7.814727903251179, "N_raw": 52, "N_roi": 52, "N_inlier": 49, "refit": true}
{"timestamp": "15:47:18.386146", "frame": 49, "mu": [0.38498558086067675, 0.7554891797941862, 1.0632450518360035], "Sigma": [[0.00398593643920193, -0.002331223772232441, 0.008285421197929372], [-0.002331223772232441, 0.00169979625708135, -0.005420751156512289], [0.008285421197929372, -0.005420751156512289, 0.03545638451443844]], "chi2_level": 0.95, "chi2_df": 3, "chi2_threshold": 7.814727903251179, "N_raw": 20, "N_roi": 20, "N_inlier": 17, "refit": true}
{"timestamp": "15:47:18.449691", "frame": 50, "mu": [0.3722650227965906, 0.7559591886057248, 1.2349906981556344], "Sigma": [[0.004490521145014887, -0.0006718796176204295, -0.001403127704859772], [-0.0006718796176204294, 0.0014559593175739489, 0.0006939277959932852], [-0.0014031277048597716, 0.0006939277959932852, 0.04132207789384454]], "chi2_level": 0.95, "chi2_df": 3, "chi2_threshold": 7.814727903251179, "N_raw": 83, "N_roi": 83, "N_inlier": 79, "refit": true}
{"timestamp": "15:47:18.506590", "frame": 51, "mu": [0.263029281035953, 0.7599143003170926, 1.1175696101837969], "Sigma": [[0.0070597698974009014, -0.004264007712909599, -0.008564295298165705], [-0.004264007712909599, 0.004645533236484121, 0.015303948079454859], [-0.008564295298165705, 0.015303948079454857, 0.1866972847180314]], "chi2_level": 0.95, "chi2_df": 3, "chi2_threshold": 7.814727903251179, "N_raw": 90, "N_roi": 90, "N_inlier": 85, "refit": true}
{"timestamp": "15:47:18.557765", "frame": 52, "mu": [0.2412261561029041, 0.8123307487269118, 1.4426555692455247], "Sigma": [[0.0025737121179574838, 0.0005211299528333774, -0.0032556509548062173], [0.0005211299528333774, 0.001838442696476702, -0.0020856205932332575], [-0.003255650954806217, -0.0020856205932332575, 0.00829541793875792]], "chi2_level": 0.95, "chi2_df": 3, "chi2_threshold": 7.814727903251179, "N_raw": 65, "N_roi": 65, "N_inlier": 62, "refit": true}
{"timestamp": "15:47:18.610142", "frame": 53, "mu": [0.21924659340366814, 0.7441537288172615, 1.3311246279118367], "Sigma": [[0.0017304969810791931, -0.000755365821390542, -0.0016772415399914176], [-0.0007553658213905419, 0.0007997694581334879, -3.336214083221672e-05], [-0.0016772415399914176, -3.336214083221671e-05, 0.007985443554607306]], "chi2_level": 0.95, "chi2_df": 3, "chi2_threshold": 7.814727903251179, "N_raw": 53, "N_roi": 53, "N_inlier": 48, "refit": true}
{"timestamp": "15:47:18.665279", "frame": 54, "mu": [0.1720064530134093, 0.7493769937984794, 1.3885520380106742], "Sigma": [[0.002130083190450599, 0.0004831815317762392, -0.0026271532516054606], [0.0004831815317762392, 0.001194750245855339, -0.0019920306422412425], [-0.0026271532516054606, -0.0019920306422412425, 0.005467933185799871]], "chi2_level": 0.95, "chi2_df": 3, "chi2_threshold": 7.814727903251179, "N_raw": 48, "N_roi": 47, "N_inlier": 43, "refit": true}
{"timestamp": "15:47:18.720293", "frame": 55, "mu": [0.11806385564855776, 0.7864956061873315, 1.36328462837217], "Sigma": [[0.001943397740068917, -0.000611916028328157, -0.004368373367108528], [-0.000611916028328157, 0.0007061413317544105, 0.0004987871788268337], [-0.004368373367108528, 0.0004987871788268338, 0.014089766468152128]], "chi2_level": 0.95, "chi2_df": 3, "chi2_threshold": 7.814727903251179, "N_raw": 50, "N_roi": 50, "N_inlier": 46, "refit": true}
{"timestamp": "15:47:18.827471", "frame": 57, "mu": [-0.020679215978442814, 0.7178958705856441, 1.390894435479323], "Sigma": [[0.0011033153600673617, -0.0008774257602156275, 3.4872599537791646e-05], [-0.0008774257602156275, 0.0019055079451407396, -0.001235158974491586], [3.487259953779162e-05, -0.001235158974491586, 0.0024268171418309554]], "chi2_level": 0.95, "chi2_df": 3, "chi2_threshold": 7.814727903251179, "N_raw": 32, "N_roi": 32, "N_inlier": 29, "refit": true}
{"timestamp": "15:47:18.886055", "frame": 58, "mu": [-0.053250608960001077, 0.7639378159220839, 1.3874194117303593], "Sigma": [[0.0012984787310376846, -0.001443895912723528, -0.001568046971621344], [-0.001443895912723528, 0.003733863878733774, 0.003688389356396106], [-0.001568046971621344, 0.003688389356396106, 0.015571429425694899]], "chi2_level": 0.95, "chi2_df": 3, "chi2_threshold": 7.814727903251179, "N_raw": 54, "N_roi": 54, "N_inlier": 49, "refit": true}
{"timestamp": "15:47:18.941978", "frame": 59, "mu": [-0.11562366165759673, 0.7541253118949743, 1.3587094069365697], "Sigma": [[0.001327742583998985, 0.0005067127684839847, 0.001206653262700033], [0.0005067127684839847, 0.002553959464764567, 0.002159520365896256], [0.001206653262700033, 0.002159520365896256, 0.016830142651395076]], "chi2_level": 0.95, "chi2_df": 3, "chi2_threshold": 7.814727903251179, "N_raw": 62, "N_roi": 62, "N_inlier": 60, "refit": true}
{"timestamp": "15:47:18.991264", "frame": 60, "mu": [-0.1872697727018894, 0.7916066301842121, 1.4457444394331438], "Sigma": [[0.0008297129670649213, -4.2120820119079076e-05, -0.0006563660105034816], [-4.212082011907905e-05, 0.0005676653629406032, -0.001718123172375889], [-0.0006563660105034814, -0.001718123172375889, 0.007838705975494879]], "chi2_level": 0.95, "chi2_df": 3, "chi2_threshold": 7.814727903251179, "N_raw": 24, "N_roi": 24, "N_inlier": 21, "refit": true}
{"timestamp": "15:47:19.052157", "frame": 61, "mu": [-0.18180628280062655, 0.7520641306984609, 1.3495128508052552], "Sigma": [[0.0020048045131520415, -0.0013435648799118732, -0.0031217731509426312], [-0.0013435648799118732, 0.003777483637080597, 0.0021675155660017655], [-0.0031217731509426312, 0.0021675155660017655, 0.016553488237871464]], "chi2_level": 0.95, "chi2_df": 3, "chi2_threshold": 7.814727903251179, "N_raw": 72, "N_roi": 72, "N_inlier": 67, "refit": true}
{"timestamp": "15:47:19.107524", "frame": 62, "mu": [-0.24272729033559237, 0.7803553085697913, 1.4506310202730897], "Sigma": [[0.001999449845331894, -0.0012783379149686146, -0.001092838465061536], [-0.0012783379149686146, 0.002352598385019845, -0.0014133004362410122], [-0.001092838465061536, -0.0014133004362410126, 0.005757668689330811]], "chi2_level": 0.95, "chi2_df": 3, "chi2_threshold": 7.814727903251179, "N_raw": 63, "N_roi": 63, "N_inlier": 61, "refit": true}
{"timestamp": "15:47:19.165271", "frame": 63, "mu": [-0.2526396684447326, 0.7917646808846502, 1.379223931130768], "Sigma": [[0.0021272979631421184, 0.00038670494304976694, -0.0021941966970625954], [0.00038670494304976694, 0.001819071427177604, -0.004528469164988582], [-0.0021941966970625954, -0.004528469164988582, 0.01435595762336656]], "chi2_level": 0.95, "chi2_df": 3, "chi2_threshold": 7.814727903251179, "N_raw": 88, "N_roi": 86, "N_inlier": 84, "refit": true}
{"timestamp": "15:47:19.212738", "frame": 64, "mu": [-0.31834784624215523, 0.8026412325199942, 1.5235622277200622], "Sigma": [[0.001289852287689861, -1.72930480139213e-05, -0.0007682092279935999], [-1.729304801392133e-05, 0.0009432679201458073, -0.0011015457399559943], [-0.0007682092279935998, -0.0011015457399559943, 0.0026882418829986716]], "chi2_level": 0.95, "chi2_df": 3, "chi2_threshold": 7.814727903251179, "N_raw": 32, "N_roi": 30, "N_inlier": 28, "refit": true}
{"timestamp": "15:47:19.268567", "frame": 65, "mu": [-0.3314043985804719, 0.7745332436565753, 1.4581093335883388], "Sigma": [[0.00138788817926622, -0.00021573705399316928, -0.0005748806350810596], [-0.00021573705399316925, 0.0007455080270722876, -0.0011462150533420683], [-0.0005748806350810596, -0.001146215053342068, 0.003192298870196748]], "chi2_level": 0.95, "chi2_df": 3, "chi2_threshold": 7.814727903251179, "N_raw": 43, "N_roi": 40, "N_inlier": 37, "refit": true}
{"timestamp": "15:47:19.326830", "frame": 66, "mu": [-0.371204603486807, 0.7791923540078128, 1.4067118418164541], "Sigma": [[0.0023050381233245586, 0.0004194753866136147, -0.0012005920140703407], [0.0004194753866136147, 0.001295850858179825, -0.0027603752715718096], [-0.0012005920140703407, -0.0027603752715718096, 0.006928728542190684]], "chi2_level": 0.95, "chi2_df": 3, "chi2_threshold": 7.814727903251179, "N_raw": 64, "N_roi": 63, "N_inlier": 62, "refit": true}
{"timestamp": "15:47:19.381071", "frame": 67, "mu": [-0.4455296568367866, 0.7804354043009374, 1.3757341629168875], "Sigma": [[0.0026168521670720266, 0.0003731140853451747, -0.005064834084774523], [0.00037311408534517474, 0.0011265289400376442, -0.003932229147596364], [-0.005064834084774523, -0.003932229147596364, 0.026044779030967607]], "chi2_level": 0.95, "chi2_df": 3, "chi2_threshold": 7.814727903251179, "N_raw": 54, "N_roi": 54, "N_inlier": 53, "refit": true}
{"timestamp": "15:47:19.430071", "frame": 68, "mu": [-0.507033497116522, 0.7473898886145923, 1.5002320377556904], "Sigma": [[0.003703029294581441, -0.0009371566845602188, -0.010827644555558315], [-0.0009371566845602188, 0.0007686214491493057, 0.0023527941432807523], [-0.010827644555558315, 0.0023527941432807523, 0.037239335959206386]], "chi2_level": 0.95, "chi2_df": 3, "chi2_threshold": 7.814727903251179, "N_raw": 14, "N_roi": 14, "N_inlier": 12, "refit": true}
{"timestamp": "15:47:19.483120", "frame": 69, "mu": [-0.5221064829299096, 0.6624242951452656, 1.1300746204826755], "Sigma": [[0.0011946654148893554, 0.00039264669275360206, -0.004028937421472216], [0.00039264669275360206, 0.005076046729913527, -0.006338235470274872], [-0.004028937421472216, -0.006338235470274872, 0.02695197013151813]], "chi2_level": 0.95, "chi2_df": 3, "chi2_threshold": 7.814727903251179, "N_raw": 8, "N_roi": 8, "N_inlier": 8, "refit": true}
{"timestamp": "15:47:19.545980", "frame": 70, "mu": [-0.586238248000429, 0.7922656914974776, 1.3356350388698763], "Sigma": [[0.012926210552074654, 0.0036867414444752933, -0.022637912215582104], [0.0036867414444752937, 0.002155415719368105, -0.007850888458917807], [-0.022637912215582104, -0.007850888458917807, 0.07110707374244762]], "chi2_level": 0.95, "chi2_df": 3, "chi2_threshold": 7.814727903251179, "N_raw": 59, "N_roi": 59, "N_inlier": 55, "refit": true}
{"timestamp": "15:47:19.596557", "frame": 71, "mu": [-0.6179717712553845, 0.7966587871665526, 1.12358275855691], "Sigma": [[0.0016257180963140429, -0.0002613757585490646, -0.006274126238233878], [-0.0002613757585490647, 0.0012141388441622423, 0.0015899465275711318], [-0.006274126238233878, 0.0015899465275711318, 0.0431042305051231]], "chi2_level": 0.95, "chi2_df": 3, "chi2_threshold": 7.814727903251179, "N_raw": 27, "N_roi": 27, "N_inlier": 26, "refit": true}
{"timestamp": "15:47:19.650286", "frame": 72, "mu": [-0.867694084345376, 0.8112418696541439, -0.33424485421873323], "Sigma": [[0.02965866379856578, 0.01591465086117211, -0.02589563966741322], [0.01591465086117211, 0.012603697709301786, -0.023200143389773956], [-0.02589563966741322, -0.023200143389773952, 0.05400592778690454]], "chi2_level": 0.95, "chi2_df": 3, "chi2_threshold": 7.814727903251179, "N_raw": 23, "N_roi": 23, "N_inlier": 21, "refit": true}
{"timestamp": "15:47:19.713785", "frame": 73, "mu": [-0.92118231217522, 0.6813773151230419, 1.658271335573775], "Sigma": [[0.012136319323009726, 0.003188715772415693, -0.00814673181490639], [0.0031887157724156934, 0.0034136810093359257, -0.004785802664050818], [-0.008146731814906391, -0.004785802664050818, 0.01266369967630965]], "chi2_level": 0.95, "chi2_df": 3, "chi2_threshold": 7.814727903251179, "N_raw": 77, "N_roi": 77, "N_inlier": 71, "refit": true}
{"timestamp": "15:47:19.771315", "frame": 74, "mu": [-0.8769546390183521, 0.7029919259769059, 1.453605950312705], "Sigma": [[0.01782639716997439, 0.0064576381742614064, -0.02729936366453983], [0.0064576381742614064, 0.00555298840050651, -0.015799729351946554], [-0.027299363664539826, -0.015799729351946554, 0.07390289311080196]], "chi2_level": 0.95, "chi2_df": 3, "chi2_threshold": 7.814727903251179, "N_raw": 93, "N_roi": 93, "N_inlier": 93, "refit": true}
{"timestamp": "15:47:19.818758", "frame": 75, "mu": [-0.9544229107531494, 0.7194668601509734, -0.4570155095546748], "Sigma": [[0.013675218811077965, 0.014750131531663825, -0.0042158512763395455], [0.014750131531663825, 0.021014742708092973, -0.010080115552732138], [-0.004215851276339545, -0.010080115552732138, 0.021984289050508005]], "chi2_level": 0.95, "chi2_df": 3, "chi2_threshold": 7.814727903251179, "N_raw": 37, "N_roi": 37, "N_inlier": 34, "refit": true}
{"timestamp": "15:47:19.877426", "frame": 76, "mu": [-1.0316969919664163, 0.6811145757633791, 1.5837931046023883], "Sigma": [[0.006045924095626217, 0.00295074356080275, 0.0008010360704366164], [0.00295074356080275, 0.0035792326435208927, -0.003825091017782652], [0.0008010360704366166, -0.0038250910177826526, 0.012355946645252145]], "chi2_level": 0.95, "chi2_df": 3, "chi2_threshold": 7.814727903251179, "N_raw": 63, "N_roi": 63, "N_inlier": 59, "refit": true}
{"timestamp": "15:47:19.933153", "frame": 77, "mu": [-1.0285448877058787, 0.6673534111209084, 1.462989470256326], "Sigma": [[0.011376374266170502, 0.004584250862657941, -0.0019432751750491151], [0.004584250862657941, 0.004667098513355473, -0.003064946526730367], [-0.0019432751750491153, -0.003064946526730367, 0.003895271566809678]], "chi2_level": 0.95, "chi2_df": 3, "chi2_threshold": 7.814727903251179, "N_raw": 68, "N_roi": 68, "N_inlier": 65, "refit": true}
{"timestamp": "15:47:19.986235", "frame": 78, "mu": [-1.1130669737532943, 0.6896488267131525, 1.5689071637095346], "Sigma": [[0.00687652820059404, 0.004269893296695981, 0.003351725637437668], [0.004269893296695981, 0.004438089282943664, -4.1659174184261594e-05], [0.003351725637437668, -4.165917418426165e-05, 0.008847365189170613]], "chi2_level": 0.95, "chi2_df": 3, "chi2_threshold": 7.814727903251179, "N_raw": 55, "N_roi": 55, "N_inlier": 51, "refit": true}
{"timestamp": "15:47:20.041119", "frame": 79, "mu": [-1.1556905817539176, 0.5776614221533377, 1.4024781303715967], "Sigma": [[0.009038791016554835, 0.002609631687093464, -0.0026431526005859267], [0.0026096316870934644, 0.006320462348565457, -0.0031225460076342013], [-0.0026431526005859267, -0.0031225460076342013, 0.0030084784057942387]], "chi2_level": 0.95, "chi2_df": 3, "chi2_threshold": 7.814727903251179, "N_raw": 60, "N_roi": 60, "N_inlier": 54, "refit": true}
{"timestamp": "15:47:20.095884", "frame": 80, "mu": [-1.1660320155588513, 0.6627606157411406, 1.4421281482779895], "Sigma": [[0.007796902155307371, 0.0015239187821369704, -0.0011185573193088906], [0.0015239187821369702, 0.004276887909064008, -0.00265547943190495], [-0.0011185573193088904, -0.00265547943190495, 0.002434106195752704]], "chi2_level": 0.95, "chi2_df": 3, "chi2_threshold": 7.814727903251179, "N_raw": 56, "N_roi": 56, "N_inlier": 53, "refit": true}
{"timestamp": "15:47:20.152980", "frame": 81, "mu": [-1.22617279313061, 0.6646362204815103, 1.440565353895706], "Sigma": [[0.008448270195496349, 0.004649255905142081, -3.391489823126629e-05], [0.004649255905142081, 0.007424994776856976, -0.00448926150197466], [-3.3914898231266345e-05, -0.00448926150197466, 0.005463780920723633]], "chi2_level": 0.95, "chi2_df": 3, "chi2_threshold": 7.814727903251179, "N_raw": 72, "N_roi": 72, "N_inlier": 69, "refit": true}
{"timestamp": "15:47:20.205892", "frame": 82, "mu": [-1.2317160718843652, 0.7197324996579423, 1.4378907320446968], "Sigma": [[0.004072890035761457, 0.002618019858127451, -0.003654592369629496], [0.002618019858127451, 0.008586871719779106, -0.006533958333552089], [-0.0036545923696294958, -0.006533958333552089, 0.007844300908435234]], "chi2_level": 0.95, "chi2_df": 3, "chi2_threshold": 7.814727903251179, "N_raw": 48, "N_roi": 40, "N_inlier": 39, "refit": true}
{"timestamp": "15:47:20.265383", "frame": 83, "mu": [-1.2623119382834027, 0.738834943347884, 1.4369883466632933], "Sigma": [[0.007304585042470565, 0.00598496497859031, 0.00302370152072339], [0.00598496497859031, 0.012373375554818367, 0.0011279857776876961], [0.00302370152072339, 0.001127985777687696, 0.01644947758537959]], "chi2_level": 0.95, "chi2_df": 3, "chi2_threshold": 7.814727903251179, "N_raw": 83, "N_roi": 72, "N_inlier": 68, "refit": true}
{"timestamp": "15:47:20.317895", "frame": 84, "mu": [-1.3080908621681249, 0.7980851896531849, 1.5522810344486895], "Sigma": [[0.008750920644153655, 0.002905714577818037, -0.0020712994875659585], [0.0029057145778180376, 0.006572524987754771, -0.005132664735127043], [-0.0020712994875659585, -0.005132664735127043, 0.005749389932298828]], "chi2_level": 0.95, "chi2_df": 3, "chi2_threshold": 7.814727903251179, "N_raw": 67, "N_roi": 66, "N_inlier": 62, "refit": true}
{"timestamp": "15:47:20.372233", "frame": 85, "mu": [-1.339994212968543, 0.8125903675572717, 1.4823406508892987], "Sigma": [[0.005628818364208585, 0.0009958261810286081, 0.00042289276905312464], [0.000995826181028608, 0.006288277097277475, -0.005108008191105294], [0.0004228927690531246, -0.005108008191105293, 0.010373209645805143]], "chi2_level": 0.95, "chi2_df": 3, "chi2_threshold": 7.814727903251179, "N_raw": 63, "N_roi": 63, "N_inlier": 57, "refit": true}
{"timestamp": "15:47:20.425678", "frame": 86, "mu": [-1.3679451909834062, 0.9432941416076821, -0.4491408833292908], "Sigma": [[0.0070356715281652904, 0.009199670278870161, -0.006305151732636002], [0.009199670278870161, 0.02568050350677295, -0.03149018313045345], [-0.006305151732636002, -0.03149018313045345, 0.05502615568996205]], "chi2_level": 0.95, "chi2_df": 3, "chi2_threshold": 7.814727903251179, "N_raw": 59, "N_roi": 59, "N_inlier": 55, "refit": true}
{"timestamp": "15:47:20.478067", "frame": 87, "mu": [-1.444683848647678, 0.7050533104559706, 1.1970240544168917], "Sigma": [[0.005205528476021684, 0.005249374708770143, -0.005943053708054607], [0.005249374708770143, 0.006457173822671697, -0.0073580374206044935], [-0.005943053708054607, -0.0073580374206044935, 0.030011804727073245]], "chi2_level": 0.95, "chi2_df": 3, "chi2_threshold": 7.814727903251179, "N_raw": 34, "N_roi": 34, "N_inlier": 31, "refit": true}
{"timestamp": "15:47:20.535815", "frame": 88, "mu": [-1.4686928280330234, 0.7802736180789177, 1.3491702319947556], "Sigma": [[0.005471723297807132, 0.0032595602176986576, 0.001295321061643374], [0.0032595602176986576, 0.004854950144748298, -0.0030928897596700583], [0.001295321061643374, -0.003092889759670058, 0.02122516183308213]], "chi2_level": 0.95, "chi2_df": 3, "chi2_threshold": 7.814727903251179, "N_raw": 56, "N_roi": 56, "N_inlier": 52, "refit": true}
{"timestamp": "15:47:20.594677", "frame": 89, "mu": [-1.5046512555050637, 0.9545721682319749, -0.2997314468874252], "Sigma": [[0.007643850471101493, 0.0036563220473059656, 0.0010675450837259273], [0.0036563220473059656, 0.010432664934502517, -0.004320039342011245], [0.0010675450837259273, -0.004320039342011246, 0.017540237011599954]], "chi2_level": 0.95, "chi2_df": 3, "chi2_threshold": 7.814727903251179, "N_raw": 77, "N_roi": 65, "N_inlier": 61, "refit": true}
{"timestamp": "15:47:20.649029", "frame": 90, "mu": [-1.4887036727010807, 0.9088620370017109, 1.3925008417543492], "Sigma": [[0.008811643066518196, 0.0050876610574011015, -0.0017636888827828694], [0.0050876610574011015, 0.007582781916571245, -0.005902112967965466], [-0.0017636888827828698, -0.005902112967965466, 0.0084091507941032]], "chi2_level": 0.95, "chi2_df": 3, "chi2_threshold": 7.814727903251179, "N_raw": 66, "N_roi": 66, "N_inlier": 61, "refit": true}
{"timestamp": "15:47:20.703100", "frame": 91, "mu": [-1.510785512579281, 0.9227354598864348, 1.3613667493269452], "Sigma": [[0.01228645965209539, 0.00654173716472862, -0.0026505169197330748], [0.006541737164728619, 0.012100750255035984, -0.005620179772599802], [-0.0026505169197330748, -0.005620179772599802, 0.0037948191139023073]], "chi2_level": 0.95, "chi2_df": 3, "chi2_threshold": 7.814727903251179, "N_raw": 74, "N_roi": 74, "N_inlier": 72, "refit": true}
{"timestamp": "15:47:20.759670", "frame": 92, "mu": [-1.5529124292252103, 0.9180213174989827, 1.3649034968783875], "Sigma": [[0.010565345336770633, 0.004876808805222087, -0.004273632916295246], [0.004876808805222087, 0.01805628519521682, -0.004973347611296069], [-0.004273632916295246, -0.004973347611296069, 0.004251154693410531]], "chi2_level": 0.95, "chi2_df": 3, "chi2_threshold": 7.814727903251179, "N_raw": 79, "N_roi": 79, "N_inlier": 76, "refit": true}
{"timestamp": "15:47:20.816939", "frame": 93, "mu": [-1.5770281167718556, 1.0074563144106607, 1.36069127468931], "Sigma": [[0.011119665180300893, 0.006540495459121843, 0.000883686677378476], [0.006540495459121843, 0.01238022578931903, -0.005256898333699721], [0.000883686677378476, -0.00525689833369972, 0.021328765557686848]], "chi2_level": 0.95, "chi2_df": 3, "chi2_threshold": 7.814727903251179, "N_raw": 92, "N_roi": 92, "N_inlier": 88, "refit": true}
