{"timestamp": "15:37:55.169955", "frame": 32, "mu": [-2.4097023498094337, 2.936377070980149, 0.9852070750459467], "Sigma": [[0.003448639652589641, 0.002495504938434598, -0.001477485030652335], [0.002495504938434598, 0.003627093159837396, -0.0021100248648438027], [-0.001477485030652335, -0.0021100248648438027, 0.001324563295950663]], "chi2_level": 0.95, "chi2_df": 3, "chi2_threshold": 7.814727903251179, "N_raw": 22, "N_roi": 12, "N_inlier": 10, "refit": true}
{"timestamp": "15:37:55.223782", "frame": 33, "mu": [-2.3847852052946155, 3.0304002285337157, 1.2228047318497464], "Sigma": [[0.004733393583168726, 0.0020134726556949, -0.004489440109165284], [0.0020134726556949, 0.00285344591206319, -0.004166366392881539], [-0.004489440109165284, -0.004166366392881539, 0.00789897931489826]], "chi2_level": 0.95, "chi2_df": 3, "chi2_threshold": 7.814727903251179, "N_raw": 12, "N_roi": 11, "N_inlier": 11, "refit": true}
{"timestamp": "15:37:55.282523", "frame": 34, "mu": [-2.335591970753224, 3.054669708471776, 1.3523871503656941], "Sigma": [[0.010341975998463307, 0.004470509141148507, -0.006112758200742663], [0.004470509141148507, 0.0037582011391630882, -0.004568232107263758], [-0.006112758200742663, -0.004568232107263758, 0.007511020349890559]], "chi2_level": 0.95, "chi2_df": 3, "chi2_threshold": 7.814727903251179, "N_raw": 32, "N_roi": 23, "N_inlier": 21, "refit": true}
{"timestamp": "15:37:55.342091", "frame": 35, "mu": [-2.2695630209858337, 3.0254645133262397, 1.1382307065799224], "Sigma": [[0.016982235680676284, 0.00709477626887714, -0.012412949407015372], [0.00709477626887714, 0.008277272652193978, -0.008003371077637354], [-0.012412949407015372, -0.008003371077637354, 0.013505829254536517]], "chi2_level": 0.95, "chi2_df": 3, "chi2_threshold": 7.814727903251179, "N_raw": 48, "N_roi": 46, "N_inlier": 45, "refit": true}
{"timestamp": "15:37:55.392519", "frame": 36, "mu": [-2.189453678100435, 3.0665920220641003, 1.160580570107034], "Sigma": [[0.006563378198003258, 0.0007951500649347089, -0.0010798199802494494], [0.0007951500649347089, 0.0025155772369973924, -0.003497441646671598], [-0.0010798199802494496, -0.003497441646671598, 0.0051548567029107515]], "chi2_level": 0.95, "chi2_df": 3, "chi2_threshold": 7.814727903251179, "N_raw": 8, "N_roi": 8, "N_inlier": 8, "refit": true}
{"timestamp": "15:37:55.445299", "frame": 37, "mu": [-2.1582510320705826, 2.9835713354161144, 1.0878450229751417], "Sigma": [[0.0006721260418287941, 0.00014835230284356306, -0.001100446027473175], [0.00014835230284356308, 0.006544600548939118, -0.00852015945340059], [-0.001100446027473175, -0.00852015945340059, 0.012346995090878264]], "chi2_level": 0.95, "chi2_df": 3, "chi2_threshold": 7.814727903251179, "N_raw": 5, "N_roi": 5, "N_inlier": 5, "refit": true}
{"timestamp": "15:37:55.502739", "frame": 38, "mu": [-2.135445336874428, 3.08958618123701, 1.2727018466123399], "Sigma": [[0.012902837685775806, 0.0029784542878123436, -0.012152590882815508], [0.0029784542878123436, 0.003332663637068329, -0.003946694250691861], [-0.012152590882815506, -0.003946694250691861, 0.016627420552755866]], "chi2_level": 0.95, "chi2_df": 3, "chi2_threshold": 7.814727903251179, "N_raw": 25, "N_roi": 24, "N_inlier": 22, "refit": true}
{"timestamp": "15:37:55.562942", "frame": 39, "mu": [-2.067948300098232, 2.9876395824998667, 1.0836479372214416], "Sigma": [[0.02232990581062076, 0.005249567294855541, -0.020056057483760725], [0.005249567294855541, 0.00918941305588774, -0.0032358550845416416], [-0.02005605748376072, -0.0032358550845416416, 0.019520341545787065]], "chi2_level": 0.95, "chi2_df": 3, "chi2_threshold": 7.814727903251179, "N_raw": 59, "N_roi": 54, "N_inlier": 52, "refit": true}
{"timestamp": "15:37:55.616566", "frame": 40, "mu": [-2.088919441299839, 3.0047751157946556, 1.3026617173395825], "Sigma": [[0.019661568646125047, 0.0070851862548383295, -0.02134623374664443], [0.0070851862548383295, 0.007204820270291067, -0.00802477575620641], [-0.021346233746644426, -0.00802477575620641, 0.024674140714888763]], "chi2_level": 0.95, "chi2_df": 3, "chi2_threshold": 7.814727903251179, "N_raw": 45, "N_roi": 42, "N_inlier": 41, "refit": true}
{"timestamp": "15:37:55.668563", "frame": 41, "mu": [-2.056550223194703, 3.065369645656325, 0.10232270836306136], "Sigma": [[0.009013432627782085, 0.005977158412249425, -0.004855758772504026], [0.0059771584122494245, 0.006355803479633116, -0.00014792571367330836], [-0.004855758772504025, -0.00014792571367330836, 0.007515458519330313]], "chi2_level": 0.95, "chi2_df": 3, "chi2_threshold": 7.814727903251179, "N_raw": 22, "N_roi": 21, "N_inlier": 20, "refit": true}
{"timestamp": "15:37:55.721014", "frame": 42, "mu": [-1.977239433283191, 3.004511338102017, 1.1295537446943915], "Sigma": [[0.0020676983050665096, -0.00315509090033459, 0.0025164511628028366], [-0.00315509090033459, 0.005671377811710729, -0.0041098163675632625], [0.0025164511628028366, -0.0041098163675632625, 0.004554867574799794]], "chi2_level": 0.95, "chi2_df": 3, "chi2_threshold": 7.814727903251179, "N_raw": 11, "N_roi": 7, "N_inlier": 6, "refit": true}
{"timestamp": "15:37:55.778900", "frame": 43, "mu": [-1.9330803550362488, 3.042842940108292, 1.1015609004559146], "Sigma": [[0.008499035231877481, 0.003750244656923964, -0.008994186366892355], [0.0037502446569239634, 0.0048033122886912095, -0.007644765443348691], [-0.008994186366892356, -0.0076447654433486915, 0.016695412758619348]], "chi2_level": 0.95, "chi2_df": 3, "chi2_threshold": 7.814727903251179, "N_raw": 31, "N_roi": 29, "N_inlier": 25, "refit": true}
{"timestamp": "15:37:55.832755", "frame": 44, "mu": [-1.7990252888118725, 3.1039445380744963, 0.691113506222065], "Sigma": [[0.022230449137514433, 0.004512265121231567, -0.07586371552954567], [0.004512265121231567, 0.007721700428554913, -0.025322442793808474], [-0.07586371552954568, -0.02532244279380847, 0.277089425216656]], "chi2_level": 0.95, "chi2_df": 3, "chi2_threshold": 7.814727903251179, "N_raw": 12, "N_roi": 8, "N_inlier": 8, "refit": true}
{"timestamp": "15:37:55.886910", "frame": 45, "mu": [-1.8033344672380238, 3.086434390921616, 1.0190943733870894], "Sigma": [[0.015549414308908474, 0.004758977167305366, -0.051496812514166254], [0.004758977167305365, 0.005881454300638384, -0.02005110049681543], [-0.051496812514166254, -0.02005110049681543, 0.1905496349467324]], "chi2_level": 0.95, "chi2_df": 3, "chi2_threshold": 7.814727903251179, "N_raw": 18, "N_roi": 13, "N_inlier": 13, "refit": true}
{"timestamp": "15:37:55.940464", "frame": 46, "mu": [-1.7686783113922415, 3.05968382818695, 1.0394864662086598], "Sigma": [[0.00029660884721385806, -0.00013531431928046032, -0.0006217729679162012], [-0.00013531431928046026, 0.004317122004367717, -0.0074919749450066304], [-0.0006217729679162012, -0.0074919749450066304, 0.01608650028358033]], "chi2_level": 0.95, "chi2_df": 3, "chi2_threshold": 7.814727903251179, "N_raw": 9, "N_roi": 5, "N_inlier": 5, "refit": true}
{"timestamp": "15:37:55.998189", "frame": 47, "mu": [-1.6923219232782014, 3.1634084841037935, 0.8954530134314855], "Sigma": [[0.012547429774637575, 0.0028659121527987025, -0.007005093525759826], [0.0028659121527987025, 0.002190440458918372, -0.0016371641907708644], [-0.007005093525759826, -0.0016371641907708644, 0.004892050785341028]], "chi2_level": 0.95, "chi2_df": 3, "chi2_threshold": 7.814727903251179, "N_raw": 22, "N_roi": 20, "N_inlier": 18, "refit": true}
{"timestamp": "15:37:56.054036", "frame": 48, "mu": [-1.663132772912666, 3.069785482672433, 1.125819490398379], "Sigma": [[0.011319216697171177, 0.0034208970273035253, -0.005258487731931405], [0.003420897027303525, 0.00376435979959844, -0.0025527429311672668], [-0.005258487731931404, -0.0025527429311672668, 0.0037655011714472324]], "chi2_level": 0.95, "chi2_df": 3, "chi2_threshold": 7.814727903251179, "N_raw": 30, "N_roi": 30, "N_inlier": 29, "refit": true}
{"timestamp": "15:37:56.109942", "frame": 49, "mu": [-1.5933322751486845, 3.089555902855254, 1.146110104973825], "Sigma": [[0.014717114605254206, 0.0036805092975717617, -0.009751649256634106], [0.003680509297571762, 0.0036605022360469896, -0.0038774490749491895], [-0.009751649256634106, -0.0038774490749491895, 0.008420844581800606]], "chi2_level": 0.95, "chi2_df": 3, "chi2_threshold": 7.814727903251179, "N_raw": 35, "N_roi": 31, "N_inlier": 30, "refit": true}
{"timestamp": "15:37:56.162061", "frame": 50, "mu": [-1.4951845994249195, 3.019222712476747, 0.8809863328951946], "Sigma": [[0.004789732604701692, -0.0009173139916651965, -0.006570426514515271], [-0.0009173139916651964, 0.0027174143472879896, 0.0011582943873491036], [-0.006570426514515271, 0.0011582943873491036, 0.009552628371916365]], "chi2_level": 0.95, "chi2_df": 3, "chi2_threshold": 7.814727903251179, "N_raw": 15, "N_roi": 12, "N_inlier": 11, "refit": true}
{"timestamp": "15:37:56.216689", "frame": 51, "mu": [-1.611644740550007, 3.122775881764499, 1.421098621593103], "Sigma": [[0.010146523375103817, 0.003338134560556741, -0.010430670737568313], [0.003338134560556741, 0.0025004591643688788, -0.004122567214560889], [-0.010430670737568315, -0.004122567214560888, 0.012548462231426269]], "chi2_level": 0.95, "chi2_df": 3, "chi2_threshold": 7.814727903251179, "N_raw": 22, "N_roi": 22, "N_inlier": 21, "refit": true}
{"timestamp": "15:37:56.275229", "frame": 52, "mu": [-1.470936571264789, 3.080135766462283, 1.092627604650143], "Sigma": [[0.012415662241307508, 0.00027031772030275327, -0.016204550698540415], [0.0002703177203027534, 0.0017971884226401034, -0.002468824738365606], [-0.016204550698540415, -0.0024688247383656057, 0.03024767782788492]], "chi2_level": 0.95, "chi2_df": 3, "chi2_threshold": 7.814727903251179, "N_raw": 41, "N_roi": 40, "N_inlier": 36, "refit": true}
{"timestamp": "15:37:56.329193", "frame": 53, "mu": [-1.3949329829457011, 3.072703890907155, 0.8788761488608126], "Sigma": [[0.007444404694265517, 0.0022903090396605317, -0.008447548044265084], [0.0022903090396605313, 0.00508565545879039, -0.002756381701520657], [-0.008447548044265084, -0.0027563817015206576, 0.011301069149998337]], "chi2_level": 0.95, "chi2_df": 3, "chi2_threshold": 7.814727903251179, "N_raw": 32, "N_roi": 28, "N_inlier": 25, "refit": true}
{"timestamp": "15:37:56.383670", "frame": 54, "mu": [-1.370249034599423, 3.0663099187803904, 0.8724348190889908], "Sigma": [[0.006460893877383138, 0.002353039859991965, -0.005037812520310824], [0.002353039859991965, 0.004011960054191153, -0.007271948895206947], [-0.005037812520310823, -0.007271948895206948, 0.044299422198142334]], "chi2_level": 0.95, "chi2_df": 3, "chi2_threshold": 7.814727903251179, "N_raw": 29, "N_roi": 29, "N_inlier": 24, "refit": true}
{"timestamp": "15:37:56.442167", "frame": 55, "mu": [-1.21457296775018, 3.173809944749001, 0.7596554475461602], "Sigma": [[0.020558272471373124, 0.011997461924962281, -0.028808488877545186], [0.011997461924962281, 0.013121089379996316, -0.02838181447970868], [-0.028808488877545186, -0.028381814479708674, 0.06795668597971313]], "chi2_level": 0.95, "chi2_df": 3, "chi2_threshold": 7.814727903251179, "N_raw": 52, "N_roi": 52, "N_inlier": 50, "refit": true}
{"timestamp": "15:37:56.498182", "frame": 56, "mu": [-1.2079489295659191, 3.1672318623618105, 0.9521075988984368], "Sigma": [[0.02110761966842306, 0.007857800862900605, -0.02825359680061417], [0.007857800862900605, 0.009469435281231583, -0.01977253397225591], [-0.02825359680061417, -0.01977253397225591, 0.053507326164779795]], "chi2_level": 0.95, "chi2_df": 3, "chi2_threshold": 7.814727903251179, "N_raw": 60, "N_roi": 60, "N_inlier": 57, "refit": true}
{"timestamp": "15:37:56.551251", "frame": 57, "mu": [-1.17666429520478, 3.0960466881394884, 0.737185826868551], "Sigma": [[0.020779423096305604, 0.0014442436051245787, -0.013680671871045656], [0.001444243605124579, 0.002288610005132741, -0.003252781288394338], [-0.013680671871045656, -0.003252781288394338, 0.01759102664693834]], "chi2_level": 0.95, "chi2_df": 3, "chi2_threshold": 7.814727903251179, "N_raw": 44, "N_roi": 43, "N_inlier": 41, "refit": true}
{"timestamp": "15:37:56.601239", "frame": 58, "mu": [-1.0896057717647964, 3.135601846862798, 1.119243588708366], "Sigma": [[0.0033481676110842756, 0.0007735949716978109, -0.007238623002863063], [0.000773594971697811, 0.0006763742289420041, 0.0004544075645818831], [-0.007238623002863063, 0.0004544075645818834, 0.0602001675149743]], "chi2_level": 0.95, "chi2_df": 3, "chi2_threshold": 7.814727903251179, "N_raw": 12, "N_roi": 12, "N_inlier": 12, "refit": true}
{"timestamp": "15:37:56.663919", "frame": 59, "mu": [-1.0831830871449328, 3.1373337078984527, 0.9863769335412146], "Sigma": [[0.017890476285643164, 0.00411618216452039, -0.005876880270733067], [0.00411618216452039, 0.004606460417642733, -0.006671640396608983], [-0.005876880270733067, -0.006671640396608983, 0.01265315141144957]], "chi2_level": 0.95, "chi2_df": 3, "chi2_threshold": 7.814727903251179, "N_raw": 67, "N_roi": 65, "N_inlier": 63, "refit": true}
{"timestamp": "15:37:56.715122", "frame": 60, "mu": [-0.9883194214626143, 3.079530294141479, 0.871744386162611], "Sigma": [[0.011561159496321879, 0.002095847016280005, -0.010755381936068977], [0.002095847016280005, 0.0023949141610599234, -0.0040553918648940195], [-0.010755381936068977, -0.0040553918648940195, 0.014543553683580958]], "chi2_level": 0.95, "chi2_df": 3, "chi2_threshold": 7.814727903251179, "N_raw": 40, "N_roi": 37, "N_inlier": 36, "refit": true}
{"timestamp": "15:37:56.768173", "frame": 61, "mu": [-0.9983937069898187, 3.1084107880395484, 0.7789159237831541], "Sigma": [[0.00834489657655601, -0.0005724293828815864, 0.012069199153069862], [-0.0005724293828815864, 0.0016974526181933228, -0.00571277509546665], [0.012069199153069862, -0.00571277509546665, 0.07276562442319544]], "chi2_level": 0.95, "chi2_df": 3, "chi2_threshold": 7.814727903251179, "N_raw": 20, "N_roi": 16, "N_inlier": 14, "refit": true}
{"timestamp": "15:37:56.824891", "frame": 62, "mu": [-0.9604552743909613, 3.155919339552184, 1.1335898670394793], "Sigma": [[0.009954902717025567, 0.0012149676964636627, -0.00825973222069602], [0.0012149676964636627, 0.0017831216298405366, -0.003902272277276444], [-0.00825973222069602, -0.003902272277276444, 0.014456816250613727]], "chi2_level": 0.95, "chi2_df": 3, "chi2_threshold": 7.814727903251179, "N_raw": 38, "N_roi": 35, "N_inlier": 34, "refit": true}
{"timestamp": "15:37:56.880255", "frame": 63, "mu": [-0.9178660548092281, 3.0705778305754583, 1.0584663331125648], "Sigma": [[0.012987060267923935, 0.001269119972092541, -0.01239347940709928], [0.001269119972092541, 0.0017155712409992745, -0.003396015725415948], [-0.012393479407099282, -0.0033960157254159483, 0.017377467396666468]], "chi2_level": 0.95, "chi2_df": 3, "chi2_threshold": 7.814727903251179, "N_raw": 40, "N_roi": 40, "N_inlier": 38, "refit": true}
{"timestamp": "15:37:56.935595", "frame": 64, "mu": [-0.8862214643501231, 3.0988390441735634, 1.119605189708205], "Sigma": [[0.015252816849325805, 0.0012667273360343538, -0.01063851572565376], [0.0012667273360343538, 0.0025973220289402035, -0.002032173645608648], [-0.01063851572565376, -0.002032173645608648, 0.009638993580687096]], "chi2_level": 0.95, "chi2_df": 3, "chi2_threshold": 7.814727903251179, "N_raw": 46, "N_roi": 43, "N_inlier": 41, "refit": true}
{"timestamp": "15:37:56.994435", "frame": 65, "mu": [-0.8313682716796963, 3.21244151793279, 0.037424966631773623], "Sigma": [[0.01097603702597392, 0.0019722369225974716, -0.005169113489244255], [0.001972236922597472, 0.002004394356245605, -0.0005159278953779587], [-0.005169113489244254, -0.0005159278953779586, 0.002957918826724565]], "chi2_level": 0.95, "chi2_df": 3, "chi2_threshold": 7.814727903251179, "N_raw": 59, "N_roi": 25, "N_inlier": 25, "refit": true}
{"timestamp": "15:37:57.099966", "frame": 67, "mu": [-0.7775861912858681, 3.2192914893204314, 1.182501413707399], "Sigma": [[0.01273713860661838, 0.0004048437960668234, -0.008282732151539747], [0.0004048437960668234, 0.0019018809232521237, -0.0017302009824575171], [-0.008282732151539747, -0.0017302009824575171, 0.008200873179722313]], "chi2_level": 0.95, "chi2_df": 3, "chi2_threshold": 7.814727903251179, "N_raw": 37, "N_roi": 37, "N_inlier": 35, "refit": true}
{"timestamp": "15:37:57.155175", "frame": 68, "mu": [-0.7706234871909421, 3.2113427337326277, 1.158582073319451], "Sigma": [[0.011665669897833986, 0.0010475089143744877, -0.004961226647922084], [0.0010475089143744875, 0.0011370332557375008, -0.003579500828993178], [-0.004961226647922084, -0.003579500828993178, 0.01349592850003377]], "chi2_level": 0.95, "chi2_df": 3, "chi2_threshold": 7.814727903251179, "N_raw": 40, "N_roi": 36, "N_inlier": 36, "refit": true}
{"timestamp": "15:37:57.211162", "frame": 69, "mu": [-0.6939583736369483, 3.395674585633958, -0.03839276639430049], "Sigma": [[0.009469215332337832, 0.00156881361362777, -0.010398696728383172], [0.00156881361362777, 0.003505413532559512, -0.007393257401432839], [-0.010398696728383172, -0.007393257401432839, 0.02677447440263432]], "chi2_level": 0.95, "chi2_df": 3, "chi2_threshold": 7.814727903251179, "N_raw": 40, "N_roi": 35, "N_inlier": 31, "refit": true}
{"timestamp": "15:37:57.264438", "frame": 70, "mu": [-0.680151710050559, 3.2728067748848186, 1.3102666864019148], "Sigma": [[0.004925156305933134, 0.0014015893382258945, 0.011699178032155613], [0.0014015893382258943, 0.002219512525071839, 0.014482020393866517], [0.01169917803215561, 0.014482020393866517, 0.2520943573842836]], "chi2_level": 0.95, "chi2_df": 3, "chi2_threshold": 7.814727903251179, "N_raw": 27, "N_roi": 21, "N_inlier": 19, "refit": true}
{"timestamp": "15:37:57.321354", "frame": 71, "mu": [-0.5970388290104265, 3.303669150197023, 1.385932497999525], "Sigma": [[0.012531082144958497, 0.001233307573518739, -0.0053109136556791494], [0.001233307573518739, 0.001566994024310104, -0.0040674049868753915], [-0.00531091365567915, -0.004067404986875392, 0.01459352353435576]], "chi2_level": 0.95, "chi2_df": 3, "chi2_threshold": 7.814727903251179, "N_raw": 40, "N_roi": 37, "N_inlier": 34, "refit": true}
{"timestamp": "15:37:57.370598", "frame": 72, "mu": [-0.5907663429212214, 3.2711807700273283, 1.4555055539540993], "Sigma": [[0.0014700864725033364, 0.0004483891813288785, -0.0018976627283556857], [0.00044838918132887855, 0.002016894778877945, -0.002811232686176252], [-0.0018976627283556857, -0.002811232686176252, 0.010135159648465723]], "chi2_level": 0.95, "chi2_df": 3, "chi2_threshold": 7.814727903251179, "N_raw": 7, "N_roi": 7, "N_inlier": 7, "refit": true}
{"timestamp": "15:37:57.425312", "frame": 73, "mu": [-0.5400188486713937, 3.281672399410636, 1.4916597353560463], "Sigma": [[0.00250784433182458, 0.0012329269354815029, -0.000625567894655833], [0.001232926935481503, 0.00290581826274556, -0.0001027042105472645], [-0.000625567894655833, -0.00010270421054726452, 0.00023091860675013534]], "chi2_level": 0.95, "chi2_df": 3, "chi2_threshold": 7.814727903251179, "N_raw": 11, "N_roi": 11, "N_inlier": 9, "refit": true}
{"timestamp": "15:37:57.484050", "frame": 74, "mu": [-0.4604298638159285, 3.287281982658242, 1.3590797090280708], "Sigma": [[0.016952498288370157, 0.0014667436300452859, -0.006879946904760448], [0.001466743630045286, 0.0018806647625162242, -0.0002455563965125745], [-0.0068799469047604485, -0.0002455563965125745, 0.0038424318603983527]], "chi2_level": 0.95, "chi2_df": 3, "chi2_threshold": 7.814727903251179, "N_raw": 29, "N_roi": 27, "N_inlier": 27, "refit": true}
{"timestamp": "15:37:57.538646", "frame": 75, "mu": [-0.4757377570570048, 3.2979332247097513, 1.4171918362612688], "Sigma": [[0.01340047418616007, 0.0006564458600864038, -0.005451364224230069], [0.0006564458600864041, 0.0021999797734101843, 0.001139545779203971], [-0.005451364224230068, 0.001139545779203971, 0.0036963552539756614]], "chi2_level": 0.95, "chi2_df": 3, "chi2_threshold": 7.814727903251179, "N_raw": 24, "N_roi": 24, "N_inlier": 24, "refit": true}
{"timestamp": "15:37:57.590749", "frame": 76, "mu": [-0.4035661830778638, 3.277361420752826, 1.214312949671514], "Sigma": [[0.006442907549287145, 0.0015254423059910033, -0.007921479859425878], [0.0015254423059910033, 0.0022923384504274966, -0.013498102377216641], [-0.007921479859425876, -0.013498102377216641, 0.1395506182623264]], "chi2_level": 0.95, "chi2_df": 3, "chi2_threshold": 7.814727903251179, "N_raw": 13, "N_roi": 13, "N_inlier": 11, "refit": true}
{"timestamp": "15:37:57.644835", "frame": 77, "mu": [-0.23659323219637124, 3.4304087725336894, 0.8476433337200638], "Sigma": [[0.0071411533404017674, 5.691907235648853e-05, -0.04343286305778108], [5.691907235648853e-05, 0.0009523590970389851, -0.011146305599997675], [-0.04343286305778108, -0.011146305599997675, 0.4448553815817903]], "chi2_level": 0.95, "chi2_df": 3, "chi2_threshold": 7.814727903251179, "N_raw": 6, "N_roi": 6, "N_inlier": 6, "refit": true}
{"timestamp": "15:37:57.700405", "frame": 78, "mu": [-0.14583523491386138, 3.37774938984338, 0.9004765246212572], "Sigma": [[0.01397924661869557, -0.006936169628303415, -0.08380744839960402], [-0.006936169628303415, 0.0048526362787934, 0.04082807627997992], [-0.08380744839960402, 0.04082807627997992, 0.5087119887289498]], "chi2_level": 0.95, "chi2_df": 3, "chi2_threshold": 7.814727903251179, "N_raw": 5, "N_roi": 5, "N_inlier": 5, "refit": true}
{"timestamp": "15:37:57.755860", "frame": 79, "mu": [-0.1587844497151657, 2.973131549601636, 0.9296335171261435], "Sigma": [[0.010413094431375551, -0.10350425818158332, 0.04117554591489104], [-0.10350425818158333, 1.11559445282081, -0.34556811047230795], [0.041175545914891046, -0.34556811047230795, 0.3301960043869064]], "chi2_level": 0.95, "chi2_df": 3, "chi2_threshold": 7.814727903251179, "N_raw": 7, "N_roi": 7, "N_inlier": 7, "refit": true}
{"timestamp": "15:37:57.809442", "frame": 80, "mu": [-0.08666995021233685, 3.331314725250075, 0.5785399018648526], "Sigma": [[0.014732199444592165, 0.0014597803997545289, -0.07646630928849406], [0.0014597803997545289, 0.000704129295941028, -0.009301377191097047], [-0.07646630928849404, -0.009301377191097047, 0.4082391297793737]], "chi2_level": 0.95, "chi2_df": 3, "chi2_threshold": 7.814727903251179, "N_raw": 6, "N_roi": 6, "N_inlier": 6, "refit": true}
{"timestamp": "15:37:57.866002", "frame": 81, "mu": [-0.16077505251704743, 3.5215646461579104, -0.016718498871378537], "Sigma": [[0.0053058758081123755, -0.01235845985128644, 0.04143036125085513], [-0.01235845985128644, 0.03223347329481477, -0.11062716308722996], [0.04143036125085513, -0.11062716308722996, 0.4049038615050537]], "chi2_level": 0.95, "chi2_df": 3, "chi2_threshold": 7.814727903251179, "N_raw": 10, "N_roi": 7, "N_inlier": 7, "refit": true}
{"timestamp": "15:37:57.921454", "frame": 82, "mu": [-0.11414546909826717, 3.3653279126333855, 0.9181187764632527], "Sigma": [[0.0006923073507713852, 5.4033499213172186e-05, -0.01575960017681695], [5.403349921317224e-05, 0.002939038916707651, 0.004617486422227261], [-0.01575960017681695, 0.004617486422227262, 0.40573876897820255]], "chi2_level": 0.95, "chi2_df": 3, "chi2_threshold": 7.814727903251179, "N_raw": 7, "N_roi": 7, "N_inlier": 6, "refit": true}
{"timestamp": "15:37:57.976089", "frame": 83, "mu": [-0.14888740920926752, 3.3680174000717926, 0.6441284607373527], "Sigma": [[0.010946289463003167, -0.011403793455500709, 0.054116718017622883], [-0.011403793455500709, 0.013266414844415634, -0.05857232974874944], [0.054116718017622883, -0.05857232974874944, 0.2773768023420908]], "chi2_level": 0.95, "chi2_df": 3, "chi2_threshold": 7.814727903251179, "N_raw": 7, "N_roi": 7, "N_inlier": 7, "refit": true}
{"timestamp": "15:37:58.032945", "frame": 84, "mu": [-0.042278561722999236, 3.3514263453106365, 1.0526756646475797], "Sigma": [[0.005367892554881741, -0.0010703516595529257, 0.013774885820611711], [-0.0010703516595529255, 0.0075452019467128414, -0.03617660079796679], [0.01377488582061171, -0.03617660079796679, 0.32923562180781846]], "chi2_level": 0.95, "chi2_df": 3, "chi2_threshold": 7.814727903251179, "N_raw": 19, "N_roi": 18, "N_inlier": 18, "refit": true}
{"timestamp": "15:37:58.088868", "frame": 85, "mu": [0.05620521787239611, 3.325515955592204, 1.4024256712149146], "Sigma": [[0.007923455203830585, -0.0008968627359408441, -0.0040185652562641444], [-0.0008968627359408441, 0.0024862804896399367, 0.002212353007000723], [-0.0040185652562641444, 0.002212353007000723, 0.004009773423426091]], "chi2_level": 0.95, "chi2_df": 3, "chi2_threshold": 7.814727903251179, "N_raw": 29, "N_roi": 25, "N_inlier": 21, "refit": true}
{"timestamp": "15:37:58.140977", "frame": 86, "mu": [0.11063614425204014, 3.3683458770027923, 1.197852538193702], "Sigma": [[0.0035334349269013, -0.0007052901924797026, -0.00040549549559014885], [-0.0007052901924797026, 0.002129207813818182, -0.00052346868303214], [-0.00040549549559014885, -0.00052346868303214, 0.00033248138252127586]], "chi2_level": 0.95, "chi2_df": 3, "chi2_threshold": 7.814727903251179, "N_raw": 10, "N_roi": 10, "N_inlier": 10, "refit": true}
{"timestamp": "15:37:58.201886", "frame": 87, "mu": [0.14954085893222901, 3.34452454782905, 1.2093690216484112], "Sigma": [[0.015253575445285005, -0.001286135546116928, -0.007866119465251736], [-0.001286135546116928, 0.003191313831919318, -0.0029924326834255104], [-0.007866119465251734, -0.0029924326834255104, 0.00987406531526665]], "chi2_level": 0.95, "chi2_df": 3, "chi2_threshold": 7.814727903251179, "N_raw": 52, "N_roi": 50, "N_inlier": 50, "refit": true}
{"timestamp": "15:37:58.255932", "frame": 88, "mu": [0.14238460477591222, 3.3348436569719175, 1.3016449395901513], "Sigma": [[0.013311955456610668, -0.0020437361295188557, -0.005449738024977813], [-0.0020437361295188557, 0.0035703581867063657, 0.000532480912954582], [-0.005449738024977814, 0.0005324809129545819, 0.002967231152482476]], "chi2_level": 0.95, "chi2_df": 3, "chi2_threshold": 7.814727903251179, "N_raw": 39, "N_roi": 38, "N_inlier": 38, "refit": true}
{"timestamp": "15:37:58.312319", "frame": 89, "mu": [0.1885923701094206, 3.3422014219960707, 1.1600386037101376], "Sigma": [[0.014887742961818556, -0.0035201637628363555, -0.009140833225948372], [-0.003520163762836355, 0.0029354725481555563, -0.0023798564416995117], [-0.009140833225948372, -0.0023798564416995117, 0.020083780484928787]], "chi2_level": 0.95, "chi2_df": 3, "chi2_threshold": 7.814727903251179, "N_raw": 51, "N_roi": 50, "N_inlier": 49, "refit": true}
{"timestamp": "15:37:58.365487", "frame": 90, "mu": [0.19259457622739895, 3.3492017870548683, 1.3989652675780215], "Sigma": [[0.015976542364112896, -0.002660902464488918, -0.006657047410784522], [-0.002660902464488918, 0.003399757015844324, 0.0009173850896284629], [-0.006657047410784523, 0.0009173850896284628, 0.003648128562222821]], "chi2_level": 0.95, "chi2_df": 3, "chi2_threshold": 7.814727903251179, "N_raw": 42, "N_roi": 41, "N_inlier": 40, "refit": true}
{"timestamp": "15:37:58.418234", "frame": 91, "mu": [0.24342309359075007, 3.3533827936417797, 1.011157257058767], "Sigma": [[0.007686402825187634, -0.0016919319197948963, 0.00164220872742792], [-0.0016919319197948963, 0.0024468606526115845, -0.003941843866286521], [0.0016422087274279209, -0.00394184386628652, 0.027986825388273358]], "chi2_level": 0.95, "chi2_df": 3, "chi2_threshold": 7.814727903251179, "N_raw": 21, "N_roi": 18, "N_inlier": 15, "refit": true}
{"timestamp": "15:37:58.473861", "frame": 92, "mu": [0.3340889484632808, 3.3830707255310983, 1.150929184986294], "Sigma": [[0.007599175211626874, -0.0014986109390314382, -0.00367022128763775], [-0.0014986109390314382, 0.00131243139286741, -0.0005087228605493079], [-0.0036702212876377504, -0.0005087228605493079, 0.006951656006472734]], "chi2_level": 0.95, "chi2_df": 3, "chi2_threshold": 7.814727903251179, "N_raw": 27, "N_roi": 21, "N_inlier": 20, "refit": true}
{"timestamp": "15:37:58.533340", "frame": 93, "mu": [0.3530359022624436, 3.3932474155992947, 1.2844035420606792], "Sigma": [[0.016265130367600078, -0.0017367547289460362, -0.003565595678266941], [-0.0017367547289460362, 0.0038324704842860437, -0.005090422017670983], [-0.0035655956782669404, -0.005090422017670983, 0.013352713299001324]], "chi2_level": 0.95, "chi2_df": 3, "chi2_threshold": 7.814727903251179, "N_raw": 64, "N_roi": 62, "N_inlier": 57, "refit": true}
{"timestamp": "15:37:58.589564", "frame": 94, "mu": [0.4122076566934237, 3.3918685881807695, 1.2217264200443285], "Sigma": [[0.019698460788833885, -0.0031810199327866476, -0.009938150707238507], [-0.0031810199327866476, 0.004135875727568932, -0.002464706903679802], [-0.009938150707238507, -0.002464706903679802, 0.011279017324980538]], "chi2_level": 0.95, "chi2_df": 3, "chi2_threshold": 7.814727903251179, "N_raw": 65, "N_roi": 60, "N_inlier": 58, "refit": true}
{"timestamp": "15:37:58.638342", "frame": 95, "mu": [0.4455511793050081, 3.345697238191268, 1.3261163940452436], "Sigma": [[0.010865224657025661, -0.003544196724441946, -0.011837748200901405], [-0.003544196724441946, 0.0028121290223389055, 0.004070655456115669], [-0.011837748200901405, 0.004070655456115669, 0.0157232137241096]], "chi2_level": 0.95, "chi2_df": 3, "chi2_threshold": 7.814727903251179, "N_raw": 27, "N_roi": 25, "N_inlier": 24, "refit": true}
{"timestamp": "15:37:58.696172", "frame": 96, "mu": [0.4518434804712898, 3.461419021079217, 1.430140357119964], "Sigma": [[0.008607128862495593, -0.0020102434291369214, -0.007512117566066913], [-0.0020102434291369214, 0.004594969691663207, 0.0042537462280989495], [-0.007512117566066914, 0.0042537462280989495, 0.012719043008943042]], "chi2_level": 0.95, "chi2_df": 3, "chi2_threshold": 7.814727903251179, "N_raw": 34, "N_roi": 34, "N_inlier": 30, "refit": true}
{"timestamp": "15:37:58.747920", "frame": 97, "mu": [0.5535852043576415, 3.3104148980857224, 1.207305064674788], "Sigma": [[0.009588925051092595, -0.002318546776095584, -0.005360270348838778], [-0.002318546776095584, 0.0020380645553872197, -0.0009930422693463854], [-0.005360270348838778, -0.0009930422693463852, 0.007755328546244098]], "chi2_level": 0.95, "chi2_df": 3, "chi2_threshold": 7.814727903251179, "N_raw": 27, "N_roi": 25, "N_inlier": 24, "refit": true}
{"timestamp": "15:37:58.809874", "frame": 98, "mu": [0.5742731068232173, 3.392561289296037, 1.1782122666367763], "Sigma": [[0.014143263273616124, -0.0032830562010536016, -0.014464086647302185], [-0.0032830562010536016, 0.004231119896365046, -0.0011342100788304947], [-0.014464086647302185, -0.0011342100788304954, 0.12132104611645814]], "chi2_level": 0.95, "chi2_df": 3, "chi2_threshold": 7.814727903251179, "N_raw": 68, "N_roi": 64, "N_inlier": 62, "refit": true}
{"timestamp": "15:37:58.862601", "frame": 99, "mu": [0.6134276434162638, 3.393102289099076, 1.3713452720785118], "Sigma": [[0.014639821507369385, -0.003062519997096066, -0.005686152978865008], [-0.003062519997096066, 0.006274831526907325, 0.003320792706030779], [-0.005686152978865008, 0.003320792706030779, 0.004015559640380718]], "chi2_level": 0.95, "chi2_df": 3, "chi2_threshold": 7.814727903251179, "N_raw": 52, "N_roi": 51, "N_inlier": 48, "refit": true}
{"timestamp": "15:37:58.985255", "frame": 100, "mu": [0.6200090328644289, 3.379792930902416, 1.268473769217758], "Sigma": [[0.013846481512731173, -0.0035452331868771735, -0.005337026565241104], [-0.0035452331868771735, 0.004594029350088816, -0.0015455935689716903], [-0.005337026565241104, -0.0015455935689716901, 0.0060673186263153584]], "chi2_level": 0.95, "chi2_df": 3, "chi2_threshold": 7.814727903251179, "N_raw": 52, "N_roi": 48, "N_inlier": 47, "refit": true}
{"timestamp": "15:37:59.017094", "frame": 101, "mu": [0.7441349504320715, 3.301459600180321, 1.1281866430569096], "Sigma": [[0.00648998546114086, -0.0013036496529800303, -0.005662335974839972], [-0.0013036496529800303, 0.0008428636863517033, 0.0003329027787153662], [-0.005662335974839972, 0.0003329027787153662, 0.011803263894090517]], "chi2_level": 0.95, "chi2_df": 3, "chi2_threshold": 7.814727903251179, "N_raw": 18, "N_roi": 17, "N_inlier": 15, "refit": true}
{"timestamp": "15:37:59.050278", "frame": 102, "mu": [0.7564457266865765, 3.3528340358506012, 1.2936930030460212], "Sigma": [[0.008090725044582416, -0.002870985279595695, -0.004040003983978394], [-0.002870985279595695, 0.0029011104905397956, 0.0014215566000649019], [-0.004040003983978394, 0.0014215566000649017, 0.0027261205241640813]], "chi2_level": 0.95, "chi2_df": 3, "chi2_threshold": 7.814727903251179, "N_raw": 23, "N_roi": 23, "N_inlier": 21, "refit": true}
{"timestamp": "15:37:59.132434", "frame": 104, "mu": [0.8804459516239418, 3.4527909803847407, 0.13825909187588017], "Sigma": [[0.014530803557694026, -0.002421490368812555, -0.006103043275327461], [-0.002421490368812555, 0.0017258569313069922, 0.0008548306222089791], [-0.006103043275327461, 0.0008548306222089791, 0.003750344928096023]], "chi2_level": 0.95, "chi2_df": 3, "chi2_threshold": 7.814727903251179, "N_raw": 27, "N_roi": 27, "N_inlier": 25, "refit": true}
{"timestamp": "15:37:59.254792", "frame": 105, "mu": [0.8852919767854711, 3.475081692717654, 0.11695848565894221], "Sigma": [[0.0061121700624026535, -0.0019853241618758353, -0.002652753123955749], [-0.001985324161875835, 0.004139409216768391, -0.0012186842943353916], [-0.002652753123955749, -0.0012186842943353916, 0.004709952478507812]], "chi2_level": 0.95, "chi2_df": 3, "chi2_threshold": 7.814727903251179, "N_raw": 29, "N_roi": 24, "N_inlier": 22, "refit": true}
{"timestamp": "15:37:59.292665", "frame": 106, "mu": [0.9386093898769854, 3.342709937729988, 1.0300359869628033], "Sigma": [[0.00017089557479869604, -0.0004889111339128416, -0.0006182308568732359], [-0.0004889111339128416, 0.005621646077714087, -0.0018874447102801848], [-0.0006182308568732359, -0.0018874447102801846, 0.031335655421380455]], "chi2_level": 0.95, "chi2_df": 3, "chi2_threshold": 7.814727903251179, "N_raw": 8, "N_roi": 5, "N_inlier": 5, "refit": true}
{"timestamp": "15:37:59.361969", "frame": 108, "mu": [0.9748421668350656, 3.4637801386364426, 0.6186718662738933], "Sigma": [[0.021050105865356432, -0.010242755132576255, 0.01728663030371962], [-0.010242755132576258, 0.014022606032195668, -0.040734988115066845], [0.01728663030371962, -0.040734988115066845, 0.15280653699406035]], "chi2_level": 0.95, "chi2_df": 3, "chi2_threshold": 7.814727903251179, "N_raw": 64, "N_roi": 60, "N_inlier": 60, "refit": true}
{"timestamp": "15:37:59.408569", "frame": 109, "mu": [1.0563063891553568, 3.393529916535111, 0.8232158700214337], "Sigma": [[0.018541991672543404, -0.015165303504237903, 0.043032653050296646], [-0.0151653035042379, 0.016321993329573802, -0.04356852490759073], [0.043032653050296646, -0.04356852490759073, 0.15318284761638068]], "chi2_level": 0.95, "chi2_df": 3, "chi2_threshold": 7.814727903251179, "N_raw": 22, "N_roi": 22, "N_inlier": 21, "refit": true}
{"timestamp": "15:37:59.466367", "frame": 110, "mu": [1.1445455304729766, 3.4035334749605095, 1.317505103376996], "Sigma": [[0.016586344336292424, -0.005760276914655674, -0.008086353888360164], [-0.005760276914655675, 0.0058152586352354435, 0.0029964613554752688], [-0.008086353888360164, 0.0029964613554752688, 0.006581531673409996]], "chi2_level": 0.95, "chi2_df": 3, "chi2_threshold": 7.814727903251179, "N_raw": 45, "N_roi": 41, "N_inlier": 37, "refit": true}
{"timestamp": "15:37:59.516449", "frame": 111, "mu": [1.1847779093833644, 3.4283706919173023, 0.9500748688128396], "Sigma": [[0.0021499585904565803, 0.0021447877349851474, -0.010744609003073304], [0.0021447877349851474, 0.0045803610104634285, -0.02265662326904659], [-0.010744609003073304, -0.02265662326904659, 0.17368332062323363]], "chi2_level": 0.95, "chi2_df": 3, "chi2_threshold": 7.814727903251179, "N_raw": 7, "N_roi": 6, "N_inlier": 6, "refit": true}
{"timestamp": "15:37:59.572860", "frame": 112, "mu": [1.263271025023755, 3.368625395740491, 1.1219958790020776], "Sigma": [[0.014034233377004974, -0.005312989840710014, -0.005576216761652329], [-0.005312989840710014, 0.0037711344246974415, 0.0009737922283350226], [-0.005576216761652329, 0.0009737922283350225, 0.004705677496289318]], "chi2_level": 0.95, "chi2_df": 3, "chi2_threshold": 7.814727903251179, "N_raw": 26, "N_roi": 26, "N_inlier": 26, "refit": true}
{"timestamp": "15:37:59.625124", "frame": 113, "mu": [1.3282484410278408, 3.3122314236855663, 1.1669375530780868], "Sigma": [[0.0008644839067590866, 0.000389406491715932, -5.106203308873666e-05], [0.000389406491715932, 0.0049875719333894696, -0.005519030319252248], [-5.1062033088736876e-05, -0.005519030319252248, 0.007980100842345619]], "chi2_level": 0.95, "chi2_df": 3, "chi2_threshold": 7.814727903251179, "N_raw": 6, "N_roi": 6, "N_inlier": 5, "refit": true}
{"timestamp": "15:37:59.680871", "frame": 114, "mu": [1.3218593651985242, 3.3248129888367868, 0.6879988642888846], "Sigma": [[0.0008459928889085691, -0.00034029181467656525, 0.00026298852494096886], [-0.00034029181467656525, 0.004200259679773292, -0.01679304464596225], [0.00026298852494096876, -0.016793044645962246, 0.517824275442631]], "chi2_level": 0.95, "chi2_df": 3, "chi2_threshold": 7.814727903251179, "N_raw": 8, "N_roi": 8, "N_inlier": 8, "refit": true}
{"timestamp": "15:37:59.735856", "frame": 115, "mu": [1.3757311099950982, 2.7035422004243688, 0.16396522667158137], "Sigma": [[0.0005386362338532117, 0.010095031283699563, 0.008787687432104643], [0.010095031283699565, 1.285930137978996, 1.3779089199261831], [0.008787687432104643, 1.3779089199261831, 1.8079894933805298]], "chi2_level": 0.95, "chi2_df": 3, "chi2_threshold": 7.814727903251179, "N_raw": 10, "N_roi": 10, "N_inlier": 9, "refit": true}
{"timestamp": "15:37:59.793692", "frame": 116, "mu": [1.4234670114763723, 3.358383016059882, 0.9319244289773859], "Sigma": [[0.007449123342553743, -0.0017962487563836574, -0.001820704870070398], [-0.0017962487563836574, 0.0032254058717335124, 0.0006860266797451455], [-0.001820704870070398, 0.0006860266797451455, 0.022391106462953562]], "chi2_level": 0.95, "chi2_df": 3, "chi2_threshold": 7.814727903251179, "N_raw": 25, "N_roi": 21, "N_inlier": 19, "refit": true}
{"timestamp": "15:37:59.845776", "frame": 117, "mu": [1.4900520896442855, 3.3887957106164457, 0.5773651337554372], "Sigma": [[0.00032520690440460956, 0.0006576547447300136, -0.006583584224743832], [0.0006576547447300137, 0.006041958052573385, -0.03645154854539882], [-0.006583584224743832, -0.03645154854539882, 0.338586905825388]], "chi2_level": 0.95, "chi2_df": 3, "chi2_threshold": 7.814727903251179, "N_raw": 8, "N_roi": 8, "N_inlier": 7, "refit": true}
{"timestamp": "15:37:59.901316", "frame": 118, "mu": [1.4807563462999345, 3.6164199656786478, -0.25981238881855356], "Sigma": [[0.0034323020670692173, 0.007174960443198524, -0.015434187780981126], [0.007174960443198524, 0.038648742612583976, -0.08411971617754545], [-0.015434187780981124, -0.08411971617754546, 0.19486748347540464]], "chi2_level": 0.95, "chi2_df": 3, "chi2_threshold": 7.814727903251179, "N_raw": 8, "N_roi": 8, "N_inlier": 8, "refit": true}
{"timestamp": "15:37:59.959991", "frame": 119, "mu": [1.5465583319073524, 3.5208257309792694, -0.04932726704355889], "Sigma": [[0.01693592938608829, -0.00391191465153055, -0.010765887449063542], [-0.00391191465153055, 0.0037753181989561794, 0.000704916999954544], [-0.010765887449063542, 0.000704916999954544, 0.009186734253929707]], "chi2_level": 0.95, "chi2_df": 3, "chi2_threshold": 7.814727903251179, "N_raw": 36, "N_roi": 35, "N_inlier": 33, "refit": true}
{"timestamp": "15:38:00.012058", "frame": 120, "mu": [1.5085320785770004, 3.454756779373363, 1.0060426492712478], "Sigma": [[0.005521258635497609, -0.0015525608665417179, 0.011373800708266057], [-0.0015525608665417179, 0.0023932669079417936, 0.0030095355405728537], [0.011373800708266059, 0.0030095355405728537, 0.11240383698634665]], "chi2_level": 0.95, "chi2_df": 3, "chi2_threshold": 7.814727903251179, "N_raw": 17, "N_roi": 17, "N_inlier": 17, "refit": true}
