{"timestamp": "15:45:13.963200", "frame": 2, "mu": [1.0669369190783722, 1.3371521037664422, 1.5257377146472133], "Sigma": [[0.005408304616015737, -0.002235523117991147, -0.0014649705812408657], [-0.002235523117991147, 0.0019524917854023543, 0.0005514619683471928], [-0.0014649705812408657, 0.000551461968347193, 0.0005419900828153819]], "chi2_level": 0.99, "chi2_df": 3, "chi2_threshold": 11.344866730144373, "N_raw": 13, "N_roi": 13, "N_inlier": 13, "refit": true}
{"timestamp": "15:45:14.018366", "frame": 3, "mu": [1.1108565129731796, 1.3063717579523582, 1.4161511944734617], "Sigma": [[0.003032888608402313, -0.0006970342390422477, -0.006534589911822336], [-0.0006970342390422477, 0.0013853420165066104, 0.002630036666249144], [-0.006534589911822336, 0.002630036666249145, 0.04602227360907979]], "chi2_level": 0.99, "chi2_df": 3, "chi2_threshold": 11.344866730144373, "N_raw": 14, "N_roi": 14, "N_inlier": 14, "refit": true}
{"timestamp": "15:45:14.074046", "frame": 4, "mu": [1.1691993835642571, 1.174484847073811, 1.0237136346001914], "Sigma": [[0.012019737833949204, -0.009798523476774545, -0.024863653671734477], [-0.009798523476774545, 0.010874178882231012, 0.02547872163541659], [-0.024863653671734477, 0.025478721635416587, 0.06687390900847229]], "chi2_level": 0.99, "chi2_df": 3, "chi2_threshold": 11.344866730144373, "N_raw": 13, "N_roi": 13, "N_inlier": 12, "refit": true}
{"timestamp": "15:45:14.130777", "frame": 5, "mu": [1.1168933306761484, 1.2995094888880434, 1.3657993050045825], "Sigma": [[0.006184708657011929, -0.00260423774261308, -0.003486191365499388], [-0.0026042377426130797, 0.0026282383920423528, 0.00042329744874363513], [-0.0034861913654993886, 0.00042329744874363513, 0.0030307883536752084]], "chi2_level": 0.99, "chi2_df": 3, "chi2_threshold": 11.344866730144373, "N_raw": 33, "N_roi": 33, "N_inlier": 32, "refit": true}
{"timestamp": "15:45:14.187804", "frame": 6, "mu": [1.2389577191367542, 1.1483622862941019, 1.0712982638221635], "Sigma": [[0.004964420662030712, -0.0028583486068516828, -0.003513382118493761], [-0.0028583486068516828, 0.0048024325730140595, -0.0008292747294286922], [-0.0035133821184937615, -0.0008292747294286922, 0.006442403765475611]], "chi2_level": 0.99, "chi2_df": 3, "chi2_threshold": 11.344866730144373, "N_raw": 45, "N_roi": 45, "N_inlier": 43, "refit": true}
{"timestamp": "15:45:14.295962", "frame": 8, "mu": [1.156768607793944, 1.306906825212185, 1.0913170182202703], "Sigma": [[0.004732447956486563, -0.0029814322581664613, -0.005736882079440274], [-0.0029814322581664613, 0.006006131489334226, -0.005859509362743769], [-0.005736882079440274, -0.005859509362743768, 0.045980777246471705]], "chi2_level": 0.99, "chi2_df": 3, "chi2_threshold": 11.344866730144373, "N_raw": 19, "N_roi": 19, "N_inlier": 18, "refit": true}
{"timestamp": "15:45:14.462368", "frame": 11, "mu": [1.0931497506861978, 1.2896874140601933, 1.2202154268845988], "Sigma": [[0.009027600770922848, -0.004588487756285916, -0.015596017475313827], [-0.004588487756285916, 0.004390419825725611, 0.005998218226821801], [-0.015596017475313827, 0.0059982182268218005, 0.03468773351938824]], "chi2_level": 0.99, "chi2_df": 3, "chi2_threshold": 11.344866730144373, "N_raw": 26, "N_roi": 26, "N_inlier": 25, "refit": true}
{"timestamp": "15:45:14.524511", "frame": 12, "mu": [1.013298809675818, 1.2911679980315685, 1.318285322910618], "Sigma": [[0.010469429748563056, -0.0044735739172457965, -0.01418163593058005], [-0.004473573917245797, 0.0038415505441940813, 0.005054028793024347], [-0.01418163593058005, 0.005054028793024347, 0.03378139289437893]], "chi2_level": 0.99, "chi2_df": 3, "chi2_threshold": 11.344866730144373, "N_raw": 69, "N_roi": 69, "N_inlier": 69, "refit": true}
{"timestamp": "15:45:14.575819", "frame": 13, "mu": [0.9873576107315165, 1.2709029625015185, 1.341724216364411], "Sigma": [[0.008566850300440137, -0.004465602156170909, -0.01286528709607878], [-0.004465602156170909, 0.0036702668125742004, 0.005561011441477235], [-0.01286528709607878, 0.005561011441477234, 0.029729109017257144]], "chi2_level": 0.99, "chi2_df": 3, "chi2_threshold": 11.344866730144373, "N_raw": 46, "N_roi": 46, "N_inlier": 42, "refit": true}
{"timestamp": "15:45:14.629924", "frame": 14, "mu": [0.913852104553887, 1.3308965677998748, 1.432371885624778], "Sigma": [[0.004575585397729282, -0.001698968406900686, -0.004654179309331606], [-0.001698968406900686, 0.0036167021725122045, 0.0007324673240493882], [-0.004654179309331606, 0.0007324673240493881, 0.017000475256805477]], "chi2_level": 0.99, "chi2_df": 3, "chi2_threshold": 11.344866730144373, "N_raw": 41, "N_roi": 41, "N_inlier": 39, "refit": true}
{"timestamp": "15:45:14.681830", "frame": 15, "mu": [0.8982807446284418, 1.2942434962837295, 1.4091626844198366], "Sigma": [[0.004846674114236514, -0.002907155368366888, -0.010242327310175072], [-0.002907155368366888, 0.004149747062048071, 0.00770712395801628], [-0.010242327310175072, 0.007707123958016281, 0.028643200617612632]], "chi2_level": 0.99, "chi2_df": 3, "chi2_threshold": 11.344866730144373, "N_raw": 19, "N_roi": 19, "N_inlier": 18, "refit": true}
{"timestamp": "15:45:14.736838", "frame": 16, "mu": [0.9489494190883877, 1.2925230915888812, 1.2933368597376789], "Sigma": [[0.01119058687630114, -0.0016138239373006545, -0.021233361689907755], [-0.0016138239373006545, 0.0009238697879889011, 0.002194565011392257], [-0.021233361689907755, 0.002194565011392256, 0.044385072073010456]], "chi2_level": 0.99, "chi2_df": 3, "chi2_threshold": 11.344866730144373, "N_raw": 21, "N_roi": 21, "N_inlier": 21, "refit": true}
{"timestamp": "15:45:14.793818", "frame": 17, "mu": [0.869144167919126, 1.2893397373768434, 1.44744493432455], "Sigma": [[0.004567209474372718, -0.0010809367914181198, -0.005174733334572393], [-0.00108093679141812, 0.0026897442055789705, 0.001076899088976695], [-0.005174733334572393, 0.001076899088976695, 0.011477430347034308]], "chi2_level": 0.99, "chi2_df": 3, "chi2_threshold": 11.344866730144373, "N_raw": 36, "N_roi": 36, "N_inlier": 33, "refit": true}
{"timestamp": "15:45:14.849894", "frame": 18, "mu": [0.8995870140751877, 1.2740625067400786, 1.395554092204769], "Sigma": [[0.007370597654291623, -0.0025480236516903206, -0.009978041381740192], [-0.002548023651690321, 0.002385468802616077, 0.002646963670236197], [-0.009978041381740192, 0.0026469636702361973, 0.016041781439281075]], "chi2_level": 0.99, "chi2_df": 3, "chi2_threshold": 11.344866730144373, "N_raw": 41, "N_roi": 41, "N_inlier": 39, "refit": true}
{"timestamp": "15:45:14.955669", "frame": 20, "mu": [0.9542206704755531, 1.190752984360589, 0.9197403047002292], "Sigma": [[0.011733696860387463, -0.015467839405335422, -0.06201072304900436], [-0.015467839405335422, 0.03026407335098925, 0.10123506023496247], [-0.06201072304900436, 0.10123506023496245, 0.39535757107868774]], "chi2_level": 0.99, "chi2_df": 3, "chi2_threshold": 11.344866730144373, "N_raw": 14, "N_roi": 14, "N_inlier": 13, "refit": true}
{"timestamp": "15:45:15.069557", "frame": 22, "mu": [0.8138813420667788, 1.229832964600611, 1.1892509815612886], "Sigma": [[0.0029108220439592485, -0.0019829862746401188, -0.003048349330928821], [-0.0019829862746401188, 0.0019301362466454112, 0.0027616969126268683], [-0.003048349330928821, 0.0027616969126268683, 0.023164471043512547]], "chi2_level": 0.99, "chi2_df": 3, "chi2_threshold": 11.344866730144373, "N_raw": 45, "N_roi": 45, "N_inlier": 41, "refit": true}
{"timestamp": "15:45:15.123532", "frame": 23, "mu": [0.8093827975486092, 1.2093783971019232, 1.2271406562825948], "Sigma": [[0.0026284595955694484, -0.0023569818072223226, -0.007970367209527525], [-0.0023569818072223226, 0.005775189443395642, 0.014684631868993745], [-0.007970367209527523, 0.014684631868993742, 0.053321961019559196]], "chi2_level": 0.99, "chi2_df": 3, "chi2_threshold": 11.344866730144373, "N_raw": 28, "N_roi": 28, "N_inlier": 26, "refit": true}
{"timestamp": "15:45:15.182671", "frame": 24, "mu": [0.7185400211044304, 1.2520622690293635, 1.2378025408489521], "Sigma": [[0.0044696026449175036, -0.002894522346628034, -0.010384544699762934], [-0.002894522346628034, 0.004081151040119032, 0.009319551847864026], [-0.010384544699762934, 0.009319551847864026, 0.07745303795120288]], "chi2_level": 0.99, "chi2_df": 3, "chi2_threshold": 11.344866730144373, "N_raw": 62, "N_roi": 62, "N_inlier": 61, "refit": true}
{"timestamp": "15:45:15.242008", "frame": 25, "mu": [0.7485998449358223, 1.2734954247769166, 1.35679074867346], "Sigma": [[0.007124686492225631, -0.00043170705723790965, -0.006911810507992345], [-0.00043170705723790954, 0.003572226974706723, 0.002593242239090297], [-0.006911810507992345, 0.002593242239090297, 0.04260181292311727]], "chi2_level": 0.99, "chi2_df": 3, "chi2_threshold": 11.344866730144373, "N_raw": 86, "N_roi": 86, "N_inlier": 84, "refit": true}
{"timestamp": "15:45:15.293013", "frame": 26, "mu": [0.6647204000612796, 1.2806210756467369, 1.4224143539534357], "Sigma": [[0.004172356175889271, -0.0008557991205011511, -0.0027556975830180155], [-0.0008557991205011509, 0.005847395465423604, 0.0025016484757252053], [-0.0027556975830180155, 0.0025016484757252053, 0.02201671307439976]], "chi2_level": 0.99, "chi2_df": 3, "chi2_threshold": 11.344866730144373, "N_raw": 60, "N_roi": 60, "N_inlier": 58, "refit": true}
{"timestamp": "15:45:15.349469", "frame": 27, "mu": [0.6351641893696773, 1.3244825850412898, 1.223888199344401], "Sigma": [[0.005388343672873564, -0.0030025346324690384, 0.009403144079875459], [-0.0030025346324690384, 0.0090891821860844, -0.029041809950975165], [0.009403144079875459, -0.029041809950975165, 0.14972303992452804]], "chi2_level": 0.99, "chi2_df": 3, "chi2_threshold": 11.344866730144373, "N_raw": 73, "N_roi": 73, "N_inlier": 72, "refit": true}
{"timestamp": "15:45:15.403826", "frame": 28, "mu": [0.629365241050787, 1.2443117508525625, 1.3212967956129817], "Sigma": [[0.005914676525426567, -0.005264368353909318, -0.016882231949566874], [-0.005264368353909319, 0.012259325236892507, 0.02691230705359874], [-0.01688223194956687, 0.02691230705359874, 0.13429186397709017]], "chi2_level": 0.99, "chi2_df": 3, "chi2_threshold": 11.344866730144373, "N_raw": 62, "N_roi": 61, "N_inlier": 57, "refit": true}
{"timestamp": "15:45:15.458585", "frame": 29, "mu": [0.593347937194886, 1.2783466137172101, 1.341542419993603], "Sigma": [[0.004036855994427785, -0.0002574698111254461, -0.00024765598475649537], [-0.000257469811125446, 0.002818464252017398, 0.0008968936130111367], [-0.00024765598475649537, 0.0008968936130111366, 0.0503895895109653]], "chi2_level": 0.99, "chi2_df": 3, "chi2_threshold": 11.344866730144373, "N_raw": 56, "N_roi": 56, "N_inlier": 52, "refit": true}
{"timestamp": "15:45:15.506207", "frame": 30, "mu": [0.6024155994536021, 1.1709234337363785, 0.712849254879152], "Sigma": [[0.02444558132796828, -0.003179348875322962, -0.01844181773867392], [-0.003179348875322962, 0.012705716355805386, 0.06892676061292961], [-0.01844181773867392, 0.0689267606129296, 0.6095028340622056]], "chi2_level": 0.99, "chi2_df": 3, "chi2_threshold": 11.344866730144373, "N_raw": 11, "N_roi": 11, "N_inlier": 10, "refit": true}
{"timestamp": "15:45:15.571456", "frame": 31, "mu": [0.5517980605781599, 1.2077465323679502, 1.2009544513653703], "Sigma": [[0.0064705289423227725, -0.0033070668322876294, -0.013304051490822128], [-0.0033070668322876294, 0.005153936027922819, 0.012280666731546892], [-0.013304051490822128, 0.012280666731546892, 0.059040622128508635]], "chi2_level": 0.99, "chi2_df": 3, "chi2_threshold": 11.344866730144373, "N_raw": 85, "N_roi": 85, "N_inlier": 83, "refit": true}
{"timestamp": "15:45:15.621095", "frame": 32, "mu": [0.5360222907411326, 1.158682220845575, 0.8552397096181148], "Sigma": [[0.007936943255972453, -0.00539042981655382, 0.010017288319653036], [-0.005390429816553819, 0.005748035704295141, -0.0035380863585661635], [0.010017288319653036, -0.003538086358566162, 0.10103234786231965]], "chi2_level": 0.99, "chi2_df": 3, "chi2_threshold": 11.344866730144373, "N_raw": 41, "N_roi": 41, "N_inlier": 39, "refit": true}
{"timestamp": "15:45:15.678061", "frame": 33, "mu": [0.4323190708957983, 1.2353628720822112, 1.3920095413746998], "Sigma": [[0.0026375773391866617, -0.0002217575284388548, -0.001549375893222436], [-0.00022175752843885474, 0.003253881349776436, -0.003988211285838022], [-0.0015493758932224365, -0.003988211285838023, 0.007752096212969341]], "chi2_level": 0.99, "chi2_df": 3, "chi2_threshold": 11.344866730144373, "N_raw": 61, "N_roi": 61, "N_inlier": 57, "refit": true}
{"timestamp": "15:45:15.737904", "frame": 34, "mu": [0.45941140244902934, 1.2060082076488716, 1.2205087763059448], "Sigma": [[0.004126219439836861, -0.0013737089206794805, -0.009636006192174862], [-0.0013737089206794805, 0.004594640633918848, 0.011312714576849644], [-0.009636006192174862, 0.011312714576849644, 0.07940943611398713]], "chi2_level": 0.99, "chi2_df": 3, "chi2_threshold": 11.344866730144373, "N_raw": 92, "N_roi": 92, "N_inlier": 88, "refit": true}
{"timestamp": "15:45:15.788654", "frame": 35, "mu": [0.37376378051041304, 1.247175473427023, 1.4207258931331292], "Sigma": [[0.0041599214587252934, -0.0002649034391544189, -0.004347017982304654], [-0.0002649034391544189, 0.003041637298078979, -0.0011386503677984906], [-0.004347017982304654, -0.0011386503677984902, 0.023979500293456524]], "chi2_level": 0.99, "chi2_df": 3, "chi2_threshold": 11.344866730144373, "N_raw": 62, "N_roi": 62, "N_inlier": 58, "refit": true}
{"timestamp": "15:45:15.847767", "frame": 36, "mu": [0.3759581119518776, 1.3357324520565048, -0.022647783791714688], "Sigma": [[0.0035082309884280007, -0.003419297083592939, 0.029937199777092305], [-0.003419297083592939, 0.011981248928714399, -0.07768858292626576], [0.029937199777092305, -0.07768858292626576, 0.6499043723026804]], "chi2_level": 0.99, "chi2_df": 3, "chi2_threshold": 11.344866730144373, "N_raw": 95, "N_roi": 95, "N_inlier": 94, "refit": true}
{"timestamp": "15:45:15.899363", "frame": 37, "mu": [0.36449816560432075, 1.1943357238453065, 1.2949337805241818], "Sigma": [[0.003547596656758705, -8.322746576911785e-05, -0.0023538372896946807], [-8.322746576911784e-05, 0.002432290429907705, -0.0008300987240624903], [-0.0023538372896946807, -0.0008300987240624903, 0.0573518645039462]], "chi2_level": 0.99, "chi2_df": 3, "chi2_threshold": 11.344866730144373, "N_raw": 60, "N_roi": 60, "N_inlier": 57, "refit": true}
{"timestamp": "15:45:15.959106", "frame": 38, "mu": [0.2850479832047158, 1.220785663482115, 1.3402414214997367], "Sigma": [[0.004804706824912982, -0.0005186983102134117, -0.007630569485981753], [-0.0005186983102134117, 0.0032363245913137936, 0.0007991127886925839], [-0.007630569485981753, 0.0007991127886925839, 0.03941018720511007]], "chi2_level": 0.99, "chi2_df": 3, "chi2_threshold": 11.344866730144373, "N_raw": 97, "N_roi": 97, "N_inlier": 95, "refit": true}
{"timestamp": "15:45:16.009843", "frame": 39, "mu": [0.25018217437121737, 1.19311881750471, 1.2367610778744142], "Sigma": [[0.0040109034316345655, -0.0015096027589837691, -0.011169651667777745], [-0.0015096027589837691, 0.004040213040027429, 0.010328071219694136], [-0.011169651667777745, 0.010328071219694136, 0.07187245206961301]], "chi2_level": 0.99, "chi2_df": 3, "chi2_threshold": 11.344866730144373, "N_raw": 75, "N_roi": 75, "N_inlier": 75, "refit": true}
{"timestamp": "15:45:16.064379", "frame": 40, "mu": [0.2491516372473596, 1.2563596775810209, 1.397613213227849], "Sigma": [[0.005883153624526387, -0.0003855111713608317, -0.005214925802214476], [-0.00038551117136083167, 0.0030734624823776833, -0.0011451191149826894], [-0.005214925802214476, -0.0011451191149826894, 0.006477080994211023]], "chi2_level": 0.99, "chi2_df": 3, "chi2_threshold": 11.344866730144373, "N_raw": 69, "N_roi": 68, "N_inlier": 65, "refit": true}
{"timestamp": "15:45:16.113782", "frame": 41, "mu": [0.11920156903213013, 1.2616531743290398, 1.3558019315926189], "Sigma": [[0.001399211358589241, -0.0004419427009738802, -0.004857900868562578], [-0.0004419427009738803, 0.003021880268755563, -0.012398934750550528], [-0.004857900868562578, -0.012398934750550528, 0.19381369424306197]], "chi2_level": 0.99, "chi2_df": 3, "chi2_threshold": 11.344866730144373, "N_raw": 27, "N_roi": 27, "N_inlier": 26, "refit": true}
{"timestamp": "15:45:16.166816", "frame": 42, "mu": [0.17535321052824301, 1.203715694771315, 0.7247248890469671], "Sigma": [[0.0017685580773277479, -0.00284831980644327, 0.010058419334373276], [-0.00284831980644327, 0.00768938274388119, -0.016145720229391883], [0.010058419334373276, -0.016145720229391883, 0.3340059243128402]], "chi2_level": 0.99, "chi2_df": 3, "chi2_threshold": 11.344866730144373, "N_raw": 16, "N_roi": 16, "N_inlier": 15, "refit": true}
{"timestamp": "15:45:16.223699", "frame": 43, "mu": [0.1431462796700564, 1.1661784820803076, 1.2026240419155156], "Sigma": [[0.0020182895209226977, -0.0022471133559050726, -0.006887289021621997], [-0.0022471133559050726, 0.01476404121178007, 0.01586377696475784], [-0.006887289021621997, 0.01586377696475784, 0.11310002133854005]], "chi2_level": 0.99, "chi2_df": 3, "chi2_threshold": 11.344866730144373, "N_raw": 37, "N_roi": 37, "N_inlier": 35, "refit": true}
{"timestamp": "15:45:16.279484", "frame": 44, "mu": [0.11899057279195571, 1.2152818115669621, 1.3357091114756472], "Sigma": [[0.002239612253010784, 0.0012097992152719636, 8.465328555134238e-05], [0.0012097992152719636, 0.0069283880563271805, 0.0030315120343955616], [8.465328555134237e-05, 0.0030315120343955616, 0.0017073849859098819]], "chi2_level": 0.99, "chi2_df": 3, "chi2_threshold": 11.344866730144373, "N_raw": 38, "N_roi": 38, "N_inlier": 35, "refit": true}
{"timestamp": "15:45:16.332168", "frame": 45, "mu": [-0.04775180801219024, 1.3474851558631398, -0.13788017488752008], "Sigma": [[0.001736030710729955, -0.00016337551455382823, -0.0005902525325889557], [-0.00016337551455382828, 0.0017156807568487506, 0.00039589053742971703], [-0.0005902525325889559, 0.00039589053742971714, 0.00039366322923189]], "chi2_level": 0.99, "chi2_df": 3, "chi2_threshold": 11.344866730144373, "N_raw": 27, "N_roi": 27, "N_inlier": 24, "refit": true}
{"timestamp": "15:45:16.389803", "frame": 46, "mu": [-0.022242637597870873, 1.2376128875991976, 1.5153720939282036], "Sigma": [[0.0024077718992152153, -0.0007023653029626726, -0.0013194696013666437], [-0.0007023653029626726, 0.0030041158706956925, -0.0004693193710243568], [-0.0013194696013666437, -0.0004693193710243568, 0.0011049931813138768]], "chi2_level": 0.99, "chi2_df": 3, "chi2_threshold": 11.344866730144373, "N_raw": 42, "N_roi": 42, "N_inlier": 41, "refit": true}
{"timestamp": "15:45:16.450917", "frame": 47, "mu": [-0.028650757649204408, 1.1724281264844285, 1.1245213195553712], "Sigma": [[0.004361084399074805, -0.0018420216910988957, 0.002519728740952563], [-0.0018420216910988957, 0.0025771599750586184, -0.002048455460555658], [0.002519728740952563, -0.002048455460555658, 0.019258679957445513]], "chi2_level": 0.99, "chi2_df": 3, "chi2_threshold": 11.344866730144373, "N_raw": 82, "N_roi": 82, "N_inlier": 78, "refit": true}
{"timestamp": "15:45:16.502601", "frame": 48, "mu": [-0.09739830087667072, 1.2370856086982915, 1.318400211290142], "Sigma": [[0.002067788597151663, -0.0009099969678920384, -0.003947517016138387], [-0.0009099969678920384, 0.0047546464223129, 0.011391691992108342], [-0.003947517016138387, 0.011391691992108342, 0.1199473800512151]], "chi2_level": 0.99, "chi2_df": 3, "chi2_threshold": 11.344866730144373, "N_raw": 48, "N_roi": 48, "N_inlier": 46, "refit": true}
{"timestamp": "15:45:16.561744", "frame": 49, "mu": [-0.1565373395806382, 1.24476191929107, 1.4818707145006913], "Sigma": [[0.003718465198964062, -0.0004603048092597867, -0.0015059402726103738], [-0.0004603048092597869, 0.00452320300781978, -0.001962153432835986], [-0.001505940272610374, -0.001962153432835986, 0.001816571592571351]], "chi2_level": 0.99, "chi2_df": 3, "chi2_threshold": 11.344866730144373, "N_raw": 62, "N_roi": 62, "N_inlier": 60, "refit": true}
{"timestamp": "15:45:16.609411", "frame": 50, "mu": [-0.17472896101044508, 1.2366999446949918, 1.4035538626967883], "Sigma": [[0.002517182238774658, -0.00020409423404353023, -0.002050336640348511], [-0.00020409423404353028, 0.0013014813397137122, -0.0014307022877178546], [-0.002050336640348511, -0.0014307022877178546, 0.004799838737378228]], "chi2_level": 0.99, "chi2_df": 3, "chi2_threshold": 11.344866730144373, "N_raw": 41, "N_roi": 41, "N_inlier": 39, "refit": true}
{"timestamp": "15:45:16.664215", "frame": 51, "mu": [-0.20276460238719352, 1.1658868958356208, 1.2672726018511578], "Sigma": [[0.00159604311746355, -0.00011240233819457835, -0.0009072828230462303], [-0.00011240233819457835, 0.0014150339264441833, -0.0016547452712563672], [-0.0009072828230462303, -0.0016547452712563674, 0.003183283883603419]], "chi2_level": 0.99, "chi2_df": 3, "chi2_threshold": 11.344866730144373, "N_raw": 35, "N_roi": 35, "N_inlier": 33, "refit": true}
{"timestamp": "15:45:16.717968", "frame": 52, "mu": [-0.25405853345755464, 1.158152019457591, 1.3194302976802557], "Sigma": [[0.0024587133661397396, -0.0013780131269019056, -0.000769082195718861], [-0.0013780131269019056, 0.0032364249083694325, 0.00022152841009106551], [-0.000769082195718861, 0.00022152841009106551, 0.0004519877962013286]], "chi2_level": 0.99, "chi2_df": 3, "chi2_threshold": 11.344866730144373, "N_raw": 29, "N_roi": 29, "N_inlier": 28, "refit": true}
{"timestamp": "15:45:16.770911", "frame": 53, "mu": [-0.3112249538746964, 1.2489640829574054, 1.3112430069154026], "Sigma": [[0.0019397985906065105, -0.0007992624568598466, -0.0022127619961447385], [-0.0007992624568598466, 0.003745882617531834, -0.0005228453756334856], [-0.0022127619961447385, -0.0005228453756334854, 0.005153362692579671]], "chi2_level": 0.99, "chi2_df": 3, "chi2_threshold": 11.344866730144373, "N_raw": 18, "N_roi": 18, "N_inlier": 16, "refit": true}
{"timestamp": "15:45:16.826942", "frame": 54, "mu": [-0.2988818057150614, 1.1651898523484703, 1.0274726702118042], "Sigma": [[0.003357198203686832, 0.0022393256025314986, 0.013522548015123061], [0.0022393256025314986, 0.004864661585100385, 0.02808959975798258], [0.013522548015123065, 0.02808959975798258, 0.24741118900016137]], "chi2_level": 0.99, "chi2_df": 3, "chi2_threshold": 11.344866730144373, "N_raw": 16, "N_roi": 16, "N_inlier": 16, "refit": true}
{"timestamp": "15:45:16.889944", "frame": 55, "mu": [-0.3307315952371344, 1.1533244697837808, 1.3064339951598276], "Sigma": [[0.0033687131343461095, -0.00019689498964991985, -0.0016167373640972524], [-0.00019689498964991988, 0.0021852479672641047, -0.0044335994063706705], [-0.0016167373640972522, -0.0044335994063706705, 0.012643066823795126]], "chi2_level": 0.99, "chi2_df": 3, "chi2_threshold": 11.344866730144373, "N_raw": 75, "N_roi": 75, "N_inlier": 72, "refit": true}
{"timestamp": "15:45:16.942412", "frame": 56, "mu": [-0.38849488262055965, 1.1945906024570379, 1.476720226039325], "Sigma": [[0.003090959933360368, -0.0008401032791214138, -0.0012144859895144285], [-0.000840103279121414, 0.003785885102228632, -0.0019024164804660238], [-0.0012144859895144285, -0.0019024164804660238, 0.0020485053281019856]], "chi2_level": 0.99, "chi2_df": 3, "chi2_threshold": 11.344866730144373, "N_raw": 57, "N_roi": 57, "N_inlier": 54, "refit": true}
{"timestamp": "15:45:16.993971", "frame": 57, "mu": [-0.434204087909059, 1.2438072947414467, 1.3484892422699746], "Sigma": [[0.001518737031540419, 0.00037435471555176224, -0.0038537419924923708], [0.00037435471555176213, 0.004114368937094977, 0.007213826860475971], [-0.0038537419924923708, 0.007213826860475971, 0.03777792524664364]], "chi2_level": 0.99, "chi2_df": 3, "chi2_threshold": 11.344866730144373, "N_raw": 16, "N_roi": 16, "N_inlier": 16, "refit": true}
{"timestamp": "15:45:17.049711", "frame": 58, "mu": [-0.4346528106917736, 1.0894500246238608, 1.3591148349727977], "Sigma": [[0.0027422798360417183, -0.0011531035664904606, -0.002826969120338397], [-0.0011531035664904608, 0.0028324793590106434, 0.00021266241435325886], [-0.002826969120338397, 0.0002126624143532588, 0.0037066113197639717]], "chi2_level": 0.99, "chi2_df": 3, "chi2_threshold": 11.344866730144373, "N_raw": 40, "N_roi": 40, "N_inlier": 39, "refit": true}
{"timestamp": "15:45:17.110464", "frame": 59, "mu": [-0.4749965902835962, 1.142891652808206, 1.369431553411755], "Sigma": [[0.004071047611322055, 0.001172924832218178, -0.003492888116370707], [0.001172924832218178, 0.003962316062994718, -0.0055258496255191514], [-0.003492888116370707, -0.0055258496255191514, 0.011345697942912803]], "chi2_level": 0.99, "chi2_df": 3, "chi2_threshold": 11.344866730144373, "N_raw": 79, "N_roi": 79, "N_inlier": 77, "refit": true}
{"timestamp": "15:45:17.163380", "frame": 60, "mu": [-0.5395941606197858, 1.1320873083468392, 1.4140902603524192], "Sigma": [[0.003433997473829336, -7.459526053650911e-05, -0.001231675431621499], [-7.459526053650911e-05, 0.004807232475241294, -0.004323377047190114], [-0.001231675431621499, -0.0043233770471901144, 0.004984828010986955]], "chi2_level": 0.99, "chi2_df": 3, "chi2_threshold": 11.344866730144373, "N_raw": 69, "N_roi": 69, "N_inlier": 68, "refit": true}
{"timestamp": "15:45:17.218988", "frame": 61, "mu": [-0.5799610838197191, 1.0846958471993204, 1.3450682345547653], "Sigma": [[0.00400367877602774, -0.0013380730358272365, 0.00022882383842922846], [-0.0013380730358272365, 0.003326221830762888, -0.00321901363596442], [0.0002288238384292284, -0.00321901363596442, 0.0040198044843311855]], "chi2_level": 0.99, "chi2_df": 3, "chi2_threshold": 11.344866730144373, "N_raw": 65, "N_roi": 63, "N_inlier": 62, "refit": true}
{"timestamp": "15:45:17.272505", "frame": 62, "mu": [-0.6119527012901573, 1.1259751183039095, 1.4294201902031276], "Sigma": [[0.0027217216303815233, 0.00030672273968273807, -0.002376255643085134], [0.0003067227396827383, 0.0018413614159122711, -0.004123686721755063], [-0.0023762556430851345, -0.004123686721755063, 0.01720779845521314]], "chi2_level": 0.99, "chi2_df": 3, "chi2_threshold": 11.344866730144373, "N_raw": 57, "N_roi": 57, "N_inlier": 55, "refit": true}
{"timestamp": "15:45:17.321323", "frame": 63, "mu": [-0.8347267063668975, 1.0290383444079976, 1.5848753194164362], "Sigma": [[0.04518866856106189, 0.024533826390902798, -0.02616867613661124], [0.024533826390902798, 0.018503358861912688, -0.02061359643206391], [-0.02616867613661124, -0.02061359643206391, 0.02394199987929406]], "chi2_level": 0.99, "chi2_df": 3, "chi2_threshold": 11.344866730144373, "N_raw": 14, "N_roi": 14, "N_inlier": 13, "refit": true}
{"timestamp": "15:45:17.380952", "frame": 64, "mu": [-0.6960886580346626, 1.0949316657454329, 1.4534297375872727], "Sigma": [[0.004101869047721934, -0.0010170075224782144, 0.0005960676701457944], [-0.0010170075224782144, 0.0019825901337699823, -0.002285194814688545], [0.0005960676701457945, -0.002285194814688545, 0.003988013847035171]], "chi2_level": 0.99, "chi2_df": 3, "chi2_threshold": 11.344866730144373, "N_raw": 47, "N_roi": 47, "N_inlier": 47, "refit": true}
{"timestamp": "15:45:17.439128", "frame": 65, "mu": [-0.7720695192017474, 1.09228797374787, 1.541134408584181], "Sigma": [[0.018637582502399365, 0.0072939261845113255, -0.016423376281421313], [0.007293926184511325, 0.007668257901765485, -0.009006470646205439], [-0.016423376281421313, -0.009006470646205439, 0.02249847214473944]], "chi2_level": 0.99, "chi2_df": 3, "chi2_threshold": 11.344866730144373, "N_raw": 72, "N_roi": 72, "N_inlier": 67, "refit": true}
{"timestamp": "15:45:17.496625", "frame": 66, "mu": [-0.8697956674116418, 1.0592523505713605, 1.6035665881523333], "Sigma": [[0.03070072578736633, 0.010659182122370634, -0.02256349653398177], [0.010659182122370634, 0.010718703361455579, -0.008093427031523177], [-0.02256349653398177, -0.008093427031523177, 0.027681012975204443]], "chi2_level": 0.99, "chi2_df": 3, "chi2_threshold": 11.344866730144373, "N_raw": 76, "N_roi": 76, "N_inlier": 72, "refit": true}
{"timestamp": "15:45:17.543541", "frame": 67, "mu": [-0.7895382359926059, 1.0281477282901001, 1.2760373090474455], "Sigma": [[0.01229945875735925, 0.0004830724111146332, -0.021896459296757716], [0.0004830724111146334, 0.017976760102895582, 0.015115061368752007], [-0.021896459296757716, 0.015115061368752009, 0.07248950903935225]], "chi2_level": 0.99, "chi2_df": 3, "chi2_threshold": 11.344866730144373, "N_raw": 32, "N_roi": 32, "N_inlier": 29, "refit": true}
{"timestamp": "15:45:17.596070", "frame": 68, "mu": [-0.9911697677618294, 1.0240153298837749, 1.5099467270356985], "Sigma": [[0.058845026950294026, 0.029572580112914325, -0.06126976486554257], [0.029572580112914325, 0.017765017205458956, -0.02753428457559537], [-0.06126976486554257, -0.02753428457559537, 0.10527661536687904]], "chi2_level": 0.99, "chi2_df": 3, "chi2_threshold": 11.344866730144373, "N_raw": 16, "N_roi": 16, "N_inlier": 16, "refit": true}
{"timestamp": "15:45:17.654690", "frame": 69, "mu": [-0.9150746639281383, 1.0560298290169317, 1.205714359511829], "Sigma": [[0.004631393403566538, -0.001711123794302792, -0.0002212210628095197], [-0.0017111237943027917, 0.0155567720756971, -0.0426532490164431], [-0.00022122106280951992, -0.04265324901644311, 0.16075247391518596]], "chi2_level": 0.99, "chi2_df": 3, "chi2_threshold": 11.344866730144373, "N_raw": 45, "N_roi": 45, "N_inlier": 42, "refit": true}
{"timestamp": "15:45:17.713956", "frame": 70, "mu": [-0.9155852275049081, 0.981771509947298, 1.3044260899001368], "Sigma": [[0.00953195687926058, 0.002171899823751531, -0.003879599960487022], [0.0021718998237515307, 0.00630534666408468, -0.005480832515813525], [-0.0038795999604870225, -0.005480832515813525, 0.007316081928159075]], "chi2_level": 0.99, "chi2_df": 3, "chi2_threshold": 11.344866730144373, "N_raw": 70, "N_roi": 70, "N_inlier": 63, "refit": true}
{"timestamp": "15:45:17.770515", "frame": 71, "mu": [-1.0932336084843954, 0.9522953092693264, 1.464773005191137], "Sigma": [[0.0291450922227022, 0.009023384592076416, -0.022457909046423346], [0.009023384592076416, 0.007319697713729779, -0.008555542394507072], [-0.02245790904642335, -0.008555542394507072, 0.021161825304197943]], "chi2_level": 0.99, "chi2_df": 3, "chi2_threshold": 11.344866730144373, "N_raw": 76, "N_roi": 76, "N_inlier": 73, "refit": true}
{"timestamp": "15:45:17.824415", "frame": 72, "mu": [-0.9963585580380182, 1.019302436046257, 1.2415014376721494], "Sigma": [[0.029970066409597727, 0.014314810028725896, -0.046516021378984466], [0.014314810028725894, 0.008488172638321334, -0.024454818716803932], [-0.046516021378984466, -0.024454818716803932, 0.09720955032223294]], "chi2_level": 0.99, "chi2_df": 3, "chi2_threshold": 11.344866730144373, "N_raw": 73, "N_roi": 73, "N_inlier": 71, "refit": true}
{"timestamp": "15:45:17.877407", "frame": 73, "mu": [-1.121434371768208, 0.9793352104053107, 1.593330096954899], "Sigma": [[0.0152287850679518, 0.007274955332607265, -0.016947376492418318], [0.007274955332607266, 0.007004850306500546, -0.007777647801994238], [-0.016947376492418318, -0.007777647801994238, 0.02364146015116185]], "chi2_level": 0.99, "chi2_df": 3, "chi2_threshold": 11.344866730144373, "N_raw": 61, "N_roi": 61, "N_inlier": 58, "refit": true}
{"timestamp": "15:45:17.937589", "frame": 74, "mu": [-1.169984712871985, 0.9390981878866319, 1.451345096229863], "Sigma": [[0.021716095609854505, 0.010529233024056952, -0.011890335370229379], [0.010529233024056952, 0.007910971930610076, -0.009313015024257692], [-0.011890335370229379, -0.009313015024257694, 0.014218660846360136]], "chi2_level": 0.99, "chi2_df": 3, "chi2_threshold": 11.344866730144373, "N_raw": 92, "N_roi": 92, "N_inlier": 88, "refit": true}
{"timestamp": "15:45:17.986509", "frame": 75, "mu": [-1.021808632147823, 1.3193150739951653, -0.7718274679240654], "Sigma": [[0.03102300540163779, 0.03671360681470766, -0.07502011986056162], [0.03671360681470766, 0.049229580473247936, -0.09899605094746794], [-0.07502011986056162, -0.09899605094746793, 0.2269362646235806]], "chi2_level": 0.99, "chi2_df": 3, "chi2_threshold": 11.344866730144373, "N_raw": 52, "N_roi": 41, "N_inlier": 40, "refit": true}
{"timestamp": "15:45:18.044310", "frame": 76, "mu": [-1.1537329303110824, 1.0806053155708286, 1.1623700017076988], "Sigma": [[0.03352292969174794, 0.019456769836803486, -0.09807580276663444], [0.019456769836803486, 0.014781849056933567, -0.06063338387850999], [-0.09807580276663444, -0.06063338387851, 0.3530896039965689]], "chi2_level": 0.99, "chi2_df": 3, "chi2_threshold": 11.344866730144373, "N_raw": 70, "N_roi": 70, "N_inlier": 70, "refit": true}
{"timestamp": "15:45:18.104100", "frame": 77, "mu": [-1.2061393710474493, 1.071006780617675, 1.4580893072141685], "Sigma": [[0.011166220984208315, 0.0066180143566068, -0.013788007619756206], [0.006618014356606798, 0.009683073114675514, -0.013123339150150157], [-0.013788007619756206, -0.013123339150150157, 0.026986658610557615]], "chi2_level": 0.99, "chi2_df": 3, "chi2_threshold": 11.344866730144373, "N_raw": 98, "N_roi": 91, "N_inlier": 87, "refit": true}
{"timestamp": "15:45:18.155004", "frame": 78, "mu": [-1.3315837867621305, 1.0223995107963832, -0.4114686834309651], "Sigma": [[0.013375737447227426, 0.009256177551759575, -0.002899642690955152], [0.009256177551759575, 0.017213267612145984, -0.0016146462084408362], [-0.002899642690955153, -0.0016146462084408362, 0.010061208949445585]], "chi2_level": 0.99, "chi2_df": 3, "chi2_threshold": 11.344866730144373, "N_raw": 73, "N_roi": 73, "N_inlier": 69, "refit": true}
{"timestamp": "15:45:18.206969", "frame": 79, "mu": [-1.3069195892878969, 1.051582150103724, 1.4685430831575819], "Sigma": [[0.015244008638126652, 0.0068922170188674995, -0.008550980023256608], [0.006892217018867499, 0.0064403141977338605, -0.0045950056561425996], [-0.008550980023256608, -0.0045950056561425996, 0.006111118289848595]], "chi2_level": 0.99, "chi2_df": 3, "chi2_threshold": 11.344866730144373, "N_raw": 60, "N_roi": 60, "N_inlier": 57, "refit": true}
{"timestamp": "15:45:18.265451", "frame": 80, "mu": [-1.3118927793318174, 0.9887156395485998, 1.0117846864412263], "Sigma": [[0.02667755059042041, 0.03639555910892671, -0.05075659827117865], [0.03639555910892671, 0.07108235432730517, -0.048238745466046964], [-0.05075659827117865, -0.048238745466046964, 0.2644374944997411]], "chi2_level": 0.99, "chi2_df": 3, "chi2_threshold": 11.344866730144373, "N_raw": 80, "N_roi": 65, "N_inlier": 63, "refit": true}
{"timestamp": "15:45:18.317532", "frame": 81, "mu": [-1.3569110335133558, 1.0737396647770696, 1.4797848060880368], "Sigma": [[0.01994044672635513, 0.012647343504210918, -0.01845351493618285], [0.012647343504210918, 0.01125022325120057, -0.014224793266675547], [-0.01845351493618285, -0.014224793266675547, 0.03231096173165421]], "chi2_level": 0.99, "chi2_df": 3, "chi2_threshold": 11.344866730144373, "N_raw": 49, "N_roi": 49, "N_inlier": 46, "refit": true}
{"timestamp": "15:45:18.378603", "frame": 82, "mu": [-1.341833118456892, 1.0642158834647522, 1.4694663478458838], "Sigma": [[0.026426320926055402, 0.014049579590669178, -0.009887058843612009], [0.014049579590669178, 0.011570893267433751, -0.008867836592318918], [-0.009887058843612009, -0.008867836592318917, 0.008704647639314191]], "chi2_level": 0.99, "chi2_df": 3, "chi2_threshold": 11.344866730144373, "N_raw": 99, "N_roi": 99, "N_inlier": 97, "refit": true}
{"timestamp": "15:45:18.433076", "frame": 83, "mu": [-1.3847672895303738, 1.162730226490382, -0.3389284387942472], "Sigma": [[0.02300567273806721, 0.01818679762120505, 0.0006578445459002615], [0.018186797621205054, 0.02072515316357653, -0.0023703870600235233], [0.0006578445459002617, -0.0023703870600235233, 0.009434159436832675]], "chi2_level": 0.99, "chi2_df": 3, "chi2_threshold": 11.344866730144373, "N_raw": 96, "N_roi": 96, "N_inlier": 93, "refit": true}
{"timestamp": "15:45:18.485974", "frame": 84, "mu": [-1.422864633024224, 0.9851427320593562, 1.3766340622792492], "Sigma": [[0.022683719444778157, 0.014470834589060328, -0.007827325649498014], [0.014470834589060327, 0.018032876174362833, -0.00483597700915939], [-0.007827325649498014, -0.00483597700915939, 0.005574580174306335]], "chi2_level": 0.99, "chi2_df": 3, "chi2_threshold": 11.344866730144373, "N_raw": 83, "N_roi": 83, "N_inlier": 81, "refit": true}
{"timestamp": "15:45:18.542682", "frame": 85, "mu": [-1.4059576175711845, 1.0719045385510346, 1.4415268127474279], "Sigma": [[0.01622101925588698, 0.009841112688383453, -0.0008486755736938351], [0.009841112688383453, 0.009497243501168644, -0.0067179871092709325], [-0.0008486755736938355, -0.006717987109270932, 0.013840933313783691]], "chi2_level": 0.99, "chi2_df": 3, "chi2_threshold": 11.344866730144373, "N_raw": 93, "N_roi": 93, "N_inlier": 92, "refit": true}
{"timestamp": "15:45:18.594924", "frame": 86, "mu": [-1.4687282797362688, 1.0128468904478427, 1.4276300385285434], "Sigma": [[0.015372293966056933, 0.014435487791272647, -0.0006745174047261671], [0.014435487791272647, 0.016722000910581698, -0.004047226854280692], [-0.0006745174047261668, -0.004047226854280692, 0.017670204894702238]], "chi2_level": 0.99, "chi2_df": 3, "chi2_threshold": 11.344866730144373, "N_raw": 69, "N_roi": 69, "N_inlier": 66, "refit": true}
{"timestamp": "15:45:18.642266", "frame": 87, "mu": [-1.46591405015042, 1.1404469396668526, 1.461931050803409], "Sigma": [[0.021447951335911913, 0.014923091026335863, -0.017701233304691755], [0.014923091026335863, 0.013242749629393792, -0.01553344229261825], [-0.017701233304691755, -0.01553344229261825, 0.04113277549471922]], "chi2_level": 0.99, "chi2_df": 3, "chi2_threshold": 11.344866730144373, "N_raw": 25, "N_roi": 25, "N_inlier": 24, "refit": true}
{"timestamp": "15:45:18.706918", "frame": 88, "mu": [-1.395819029230928, 1.2963325779298989, -0.2228589151078479], "Sigma": [[0.02947422500401469, 0.018527503611906845, -0.004326673560325291], [0.018527503611906845, 0.016289226458050234, -0.00641559440105465], [-0.004326673560325291, -0.006415594401054649, 0.005953151110056324]], "chi2_level": 0.99, "chi2_df": 3, "chi2_threshold": 11.344866730144373, "N_raw": 92, "N_roi": 92, "N_inlier": 89, "refit": true}
{"timestamp": "15:45:18.759506", "frame": 89, "mu": [-1.3431579291107083, 1.212766105776277, 1.4417878463957123], "Sigma": [[0.028742767602976914, 0.017990171934699598, -0.018668036867741683], [0.0179901719346996, 0.015571020386404276, -0.013950911769103286], [-0.018668036867741683, -0.013950911769103286, 0.014586070640750315]], "chi2_level": 0.99, "chi2_df": 3, "chi2_threshold": 11.344866730144373, "N_raw": 72, "N_roi": 72, "N_inlier": 70, "refit": true}
{"timestamp": "15:45:18.812264", "frame": 90, "mu": [-1.4334315807097027, 1.1734464742883384, 1.3677737168862638], "Sigma": [[0.028029788419894577, 0.018913879676596516, -0.004110552506217686], [0.018913879676596516, 0.015211155592606508, -0.00669039152153671], [-0.004110552506217685, -0.006690391521536709, 0.010897808121876042]], "chi2_level": 0.99, "chi2_df": 3, "chi2_threshold": 11.344866730144373, "N_raw": 62, "N_roi": 62, "N_inlier": 59, "refit": true}
{"timestamp": "15:45:18.869717", "frame": 91, "mu": [-1.453074559449598, 1.243929278742292, 1.4421057485534865], "Sigma": [[0.04022520867676596, 0.021046293106559436, -0.019543446413301614], [0.021046293106559436, 0.014911741374216012, -0.010783098234803883], [-0.019543446413301614, -0.010783098234803883, 0.01284859490046217]], "chi2_level": 0.99, "chi2_df": 3, "chi2_threshold": 11.344866730144373, "N_raw": 76, "N_roi": 76, "N_inlier": 73, "refit": true}
{"timestamp": "15:45:18.926457", "frame": 92, "mu": [-1.412792373244568, 1.306799068014017, 1.160920565941502], "Sigma": [[0.035295245602827624, 0.019502594148953008, -0.038199639358831965], [0.019502594148953008, 0.01562011594754051, -0.02331998883282816], [-0.03819963935883196, -0.02331998883282816, 0.11321104339117444]], "chi2_level": 0.99, "chi2_df": 3, "chi2_threshold": 11.344866730144373, "N_raw": 78, "N_roi": 78, "N_inlier": 76, "refit": true}
