{"timestamp": "15:03:46.115045", "frame": 7, "mu": [1.9788388204773593, 0.9996022364977466, 1.1982560592831353], "Sigma": [[0.0046139950394782255, -0.00736374582314949, 0.011129876274769968], [-0.00736374582314949, 0.02040562629297194, -0.03347374420540524], [0.011129876274769966, -0.03347374420540524, 0.0581881480940249]], "chi2_level": 0.95, "chi2_df": 3, "chi2_threshold": 7.814727903251179, "N_raw": 6, "N_roi": 6, "N_inlier": 6, "refit": true}
{"timestamp": "15:03:46.169793", "frame": 8, "mu": [1.6857240073239845, 0.838778892365323, 1.5604700926090755], "Sigma": [[0.45020773986905166, 0.18878113872670815, -0.1756601813997863], [0.18878113872670815, 0.08064348535826296, -0.07388919194468302], [-0.1756601813997863, -0.07388919194468302, 0.06889251948423049]], "chi2_level": 0.95, "chi2_df": 3, "chi2_threshold": 7.814727903251179, "N_raw": 5, "N_roi": 5, "N_inlier": 5, "refit": true}
{"timestamp": "15:03:46.226346", "frame": 9, "mu": [1.9797560176313576, 0.9010636360093288, 1.211501994659545], "Sigma": [[0.002010682967356023, -0.0018489721711652798, -0.001757738231153292], [-0.0018489721711652798, 0.007245411854619503, -0.008332146564634893], [-0.001757738231153292, -0.008332146564634893, 0.029295215350747136]], "chi2_level": 0.95, "chi2_df": 3, "chi2_threshold": 7.814727903251179, "N_raw": 12, "N_roi": 12, "N_inlier": 11, "refit": true}
{"timestamp": "15:03:46.390626", "frame": 12, "mu": [1.7677965353529044, 0.8385055657054229, 1.3860086237945308], "Sigma": [[0.38219107043015405, 0.18719474796219085, -0.0835851103677864], [0.18719474796219085, 0.09441023258924315, -0.04255231831754134], [-0.0835851103677864, -0.04255231831754134, 0.019244891442828857]], "chi2_level": 0.95, "chi2_df": 3, "chi2_threshold": 7.814727903251179, "N_raw": 5, "N_roi": 5, "N_inlier": 5, "refit": true}
{"timestamp": "15:03:46.504704", "frame": 14, "mu": [1.9769625658801495, 0.9484704532914275, 1.09637931500321], "Sigma": [[0.004286459737473255, -0.005296889806999458, -0.0036252997003138527], [-0.005296889806999458, 0.012039516152202168, -0.002134514933509231], [-0.0036252997003138527, -0.0021345149335092305, 0.01251956626070911]], "chi2_level": 0.95, "chi2_df": 3, "chi2_threshold": 7.814727903251179, "N_raw": 37, "N_roi": 37, "N_inlier": 35, "refit": true}
{"timestamp": "15:03:46.557030", "frame": 15, "mu": [1.9689852602016116, 0.9609608784984986, 1.10061139878559], "Sigma": [[0.003122273254674468, -0.0038327730110815595, -0.009180588930659584], [-0.003832773011081559, 0.01147029966252145, 0.019142352239712328], [-0.009180588930659584, 0.019142352239712328, 0.04405959852198593]], "chi2_level": 0.95, "chi2_df": 3, "chi2_threshold": 7.814727903251179, "N_raw": 10, "N_roi": 10, "N_inlier": 10, "refit": true}
{"timestamp": "15:03:46.610577", "frame": 16, "mu": [1.641090677368535, 0.8070319226347927, 1.3869851827327275], "Sigma": [[0.4790729966583658, 0.18915105990829395, -0.23363003142168895], [0.18915105990829395, 0.08649056280953184, -0.11418001062602623], [-0.23363003142168892, -0.1141800106260262, 0.15806208329517832]], "chi2_level": 0.95, "chi2_df": 3, "chi2_threshold": 7.814727903251179, "N_raw": 5, "N_roi": 5, "N_inlier": 5, "refit": true}
{"timestamp": "15:03:46.669137", "frame": 17, "mu": [1.9850816714078388, 0.9314657445753468, 1.1496897217911692], "Sigma": [[0.0034236552714908275, -0.004558242612764954, -0.0018737425426035065], [-0.004558242612764954, 0.014247457374044281, -0.007395746261194095], [-0.0018737425426035065, -0.007395746261194096, 0.01427019417968216]], "chi2_level": 0.95, "chi2_df": 3, "chi2_threshold": 7.814727903251179, "N_raw": 36, "N_roi": 36, "N_inlier": 35, "refit": true}
{"timestamp": "15:03:46.721141", "frame": 18, "mu": [1.9837767412434046, 0.9117222661582258, 1.1112843801813916], "Sigma": [[0.008450825190752105, -0.007852456510746349, -0.02006906060859384], [-0.007852456510746349, 0.009600259724775207, 0.021717311501816154], [-0.02006906060859384, 0.02171731150181615, 0.05459235119824914]], "chi2_level": 0.95, "chi2_df": 3, "chi2_threshold": 7.814727903251179, "N_raw": 8, "N_roi": 8, "N_inlier": 8, "refit": true}
{"timestamp": "15:03:46.778222", "frame": 19, "mu": [1.9900561359258049, 0.8967805464121876, 1.2455807532746899], "Sigma": [[0.004451679462699877, -0.007476010831897417, 0.0011419711346969817], [-0.007476010831897418, 0.01933249860238466, -0.006071221117513121], [0.0011419711346969817, -0.006071221117513122, 0.009926335563590438]], "chi2_level": 0.95, "chi2_df": 3, "chi2_threshold": 7.814727903251179, "N_raw": 24, "N_roi": 24, "N_inlier": 22, "refit": true}
{"timestamp": "15:03:46.833666", "frame": 20, "mu": [1.958932061404548, 0.9625703357694517, 1.2199953966783046], "Sigma": [[0.005773314551354657, -0.004487236653943316, 0.0004015594554963684], [-0.004487236653943316, 0.012030583226670563, -0.0033207976487469658], [0.0004015594554963684, -0.0033207976487469658, 0.0011248336455493585]], "chi2_level": 0.95, "chi2_df": 3, "chi2_threshold": 7.814727903251179, "N_raw": 32, "N_roi": 32, "N_inlier": 31, "refit": true}
{"timestamp": "15:03:46.890159", "frame": 21, "mu": [1.9690077719755323, 0.9808990859905342, 1.089993787388628], "Sigma": [[0.002869076536608407, -0.004226780675057014, -0.003347375207792345], [-0.004226780675057014, 0.010986988666598519, -0.003605354909218498], [-0.0033473752077923455, -0.0036053549092184977, 0.03282684063855913]], "chi2_level": 0.95, "chi2_df": 3, "chi2_threshold": 7.814727903251179, "N_raw": 37, "N_roi": 37, "N_inlier": 37, "refit": true}
{"timestamp": "15:03:46.941315", "frame": 22, "mu": [1.9479200804387549, 1.0217355521383422, 0.811679520278532], "Sigma": [[0.002683681133644634, -0.0034548270238738054, -0.0011393620258273419], [-0.0034548270238738054, 0.004898333851017138, 0.0006914647746282916], [-0.0011393620258273419, 0.0006914647746282916, 0.0034946595936931643]], "chi2_level": 0.95, "chi2_df": 3, "chi2_threshold": 7.814727903251179, "N_raw": 13, "N_roi": 13, "N_inlier": 12, "refit": true}
{"timestamp": "15:03:47.000355", "frame": 23, "mu": [1.9593410502162025, 1.1015266919188413, -0.5804132851840621], "Sigma": [[0.007446156602020371, -0.004681884844971512, -0.0030617659496150816], [-0.004681884844971513, 0.01851141388740705, 0.0016018327345442736], [-0.0030617659496150816, 0.0016018327345442736, 0.0026887884350026304]], "chi2_level": 0.95, "chi2_df": 3, "chi2_threshold": 7.814727903251179, "N_raw": 44, "N_roi": 44, "N_inlier": 43, "refit": true}
{"timestamp": "15:03:47.053576", "frame": 24, "mu": [1.9423775383306652, 0.906773414378708, 1.1645848642971075], "Sigma": [[0.004742473156173852, -0.006640202215317005, 0.0015413740396294866], [-0.006640202215317006, 0.019089797117545056, -0.012268991599482734], [0.0015413740396294866, -0.012268991599482734, 0.01813723950630713]], "chi2_level": 0.95, "chi2_df": 3, "chi2_threshold": 7.814727903251179, "N_raw": 24, "N_roi": 24, "N_inlier": 22, "refit": true}
{"timestamp": "15:03:47.105588", "frame": 25, "mu": [1.6462910046382806, 1.0138937315135457, 1.2916396692240908], "Sigma": [[0.3760698082344004, 0.20505687352983096, -0.11024639955616883], [0.20505687352983099, 0.13034155889110816, -0.07216532444307272], [-0.11024639955616883, -0.07216532444307272, 0.048049197413402904]], "chi2_level": 0.95, "chi2_df": 3, "chi2_threshold": 7.814727903251179, "N_raw": 6, "N_roi": 6, "N_inlier": 6, "refit": true}
{"timestamp": "15:03:47.160482", "frame": 26, "mu": [1.894696381090063, 0.9955192796871397, 0.9829831071837882], "Sigma": [[0.0014843833092749008, -0.0030280956101672685, 0.002547395838963791], [-0.003028095610167268, 0.016683931078748056, -0.01735079259561473], [0.002547395838963791, -0.01735079259561473, 0.020777120012024915]], "chi2_level": 0.95, "chi2_df": 3, "chi2_threshold": 7.814727903251179, "N_raw": 7, "N_roi": 7, "N_inlier": 6, "refit": true}
{"timestamp": "15:03:47.215066", "frame": 27, "mu": [1.961661993037902, 0.8690926011294242, 0.9945586048662436], "Sigma": [[0.0004878915892957604, -4.475487110896012e-06, -0.0009671602419626562], [-4.475487110895958e-06, 0.0028404975282336252, -0.0022083191090308714], [-0.0009671602419626562, -0.0022083191090308714, 0.004894516520052674]], "chi2_level": 0.95, "chi2_df": 3, "chi2_threshold": 7.814727903251179, "N_raw": 8, "N_roi": 8, "N_inlier": 8, "refit": true}
{"timestamp": "15:03:47.270757", "frame": 28, "mu": [1.9559924315945134, 0.8877858683206971, 1.2507278803730293], "Sigma": [[0.002278279980614038, -0.0022090684761562293, 0.0001899400356945816], [-0.0022090684761562293, 0.00430883703166832, -0.0008415637516263136], [0.0001899400356945816, -0.0008415637516263136, 0.0002517287099967734]], "chi2_level": 0.95, "chi2_df": 3, "chi2_threshold": 7.814727903251179, "N_raw": 10, "N_roi": 10, "N_inlier": 8, "refit": true}
{"timestamp": "15:03:47.327290", "frame": 29, "mu": [1.9048735033771749, 0.9168523460511647, 1.2653333894182672], "Sigma": [[0.004098831324382316, -0.005387035035936067, -5.365188646005791e-05], [-0.005387035035936067, 0.009825581402947047, -0.0014257385861470829], [-5.365188646005791e-05, -0.0014257385861470829, 0.0011940599961457444]], "chi2_level": 0.95, "chi2_df": 3, "chi2_threshold": 7.814727903251179, "N_raw": 20, "N_roi": 20, "N_inlier": 18, "refit": true}
{"timestamp": "15:03:47.381756", "frame": 30, "mu": [1.860677534366553, 1.0702636760346762, 1.1149054413846293], "Sigma": [[0.0026722706524824166, -0.003534443191878801, 0.006679966121914783], [-0.003534443191878801, 0.008111926447059076, -0.012700724271620419], [0.006679966121914783, -0.012700724271620417, 0.03307282893189404]], "chi2_level": 0.95, "chi2_df": 3, "chi2_threshold": 7.814727903251179, "N_raw": 13, "N_roi": 13, "N_inlier": 13, "refit": true}
{"timestamp": "15:03:47.437556", "frame": 31, "mu": [1.8429389578345763, 0.9555838525060298, 1.2429298699725642], "Sigma": [[0.003403079810500141, -0.0036936265957287257, -0.0024642075419651537], [-0.0036936265957287257, 0.005464225418924848, -0.0006653995109491848], [-0.0024642075419651537, -0.0006653995109491848, 0.010077579293357028]], "chi2_level": 0.95, "chi2_df": 3, "chi2_threshold": 7.814727903251179, "N_raw": 23, "N_roi": 23, "N_inlier": 20, "refit": true}
{"timestamp": "15:03:47.493867", "frame": 32, "mu": [1.8059078050278157, 0.9542930279556464, 1.2189060547521358], "Sigma": [[0.004183322592537202, -0.0051596753069630685, -0.002395870615063331], [-0.0051596753069630685, 0.012788263124113977, -0.007719658551966041], [-0.002395870615063331, -0.007719658551966042, 0.023939996904240778]], "chi2_level": 0.95, "chi2_df": 3, "chi2_threshold": 7.814727903251179, "N_raw": 30, "N_roi": 30, "N_inlier": 28, "refit": true}
{"timestamp": "15:03:47.549990", "frame": 33, "mu": [1.7787839453294227, 1.0094695519648604, 1.1949875348361536], "Sigma": [[0.002151628965689866, -0.00038312559858259766, -0.006468144268507328], [-0.00038312559858259777, 0.004289841959243416, -0.009908358682237942], [-0.006468144268507328, -0.00990835868223794, 0.08122096857335183]], "chi2_level": 0.95, "chi2_df": 3, "chi2_threshold": 7.814727903251179, "N_raw": 18, "N_roi": 18, "N_inlier": 17, "refit": true}
{"timestamp": "15:03:47.603110", "frame": 34, "mu": [1.761470680718924, 0.974474917021849, 1.3704739448008498], "Sigma": [[0.0016179743977348957, -0.0018285616332948129, -0.0024187228022226714], [-0.0018285616332948129, 0.0025736375291848437, 0.0016594769560769082], [-0.0024187228022226714, 0.0016594769560769084, 0.013587044626626481]], "chi2_level": 0.95, "chi2_df": 3, "chi2_threshold": 7.814727903251179, "N_raw": 16, "N_roi": 16, "N_inlier": 12, "refit": true}
{"timestamp": "15:03:47.657422", "frame": 35, "mu": [1.7972572936577644, 0.9073007103082038, 1.1317909995974254], "Sigma": [[0.0023742325392324187, -0.0014133485725519991, -0.0011239068784647706], [-0.0014133485725519996, 0.004520393443995754, -0.011263252297309756], [-0.0011239068784647706, -0.011263252297309758, 0.0476269273664294]], "chi2_level": 0.95, "chi2_df": 3, "chi2_threshold": 7.814727903251179, "N_raw": 7, "N_roi": 7, "N_inlier": 7, "refit": true}
{"timestamp": "15:03:47.712861", "frame": 36, "mu": [1.7607536285742245, 0.9389077959462415, 1.2984106005481426], "Sigma": [[0.0021592970037861937, 0.0015363104410821794, -0.0051630066081386665], [0.0015363104410821794, 0.004125749786709506, -0.004189637594947162], [-0.0051630066081386665, -0.0041896375949471605, 0.01804261479819822]], "chi2_level": 0.95, "chi2_df": 3, "chi2_threshold": 7.814727903251179, "N_raw": 7, "N_roi": 7, "N_inlier": 6, "refit": true}
{"timestamp": "15:03:47.769764", "frame": 37, "mu": [1.7194158139503555, 1.0931413638264968, -0.4379766577216288], "Sigma": [[0.004712891274506181, -0.0028886772157152253, -0.0024457249516842217], [-0.0028886772157152253, 0.007005595664137754, -1.4461356630193539e-05], [-0.0024457249516842217, -1.4461356630193485e-05, 0.0021508972330027886]], "chi2_level": 0.95, "chi2_df": 3, "chi2_threshold": 7.814727903251179, "N_raw": 29, "N_roi": 29, "N_inlier": 27, "refit": true}
{"timestamp": "15:03:47.822700", "frame": 38, "mu": [1.6482631470476758, 1.0805794127080217, 1.0797012314715868], "Sigma": [[0.0006944892556865295, 0.00014695065227959733, 0.002798297156650591], [0.00014695065227959738, 0.003197878023180803, -0.005611320173363155], [0.0027982971566505917, -0.005611320173363156, 0.07029858879309275]], "chi2_level": 0.95, "chi2_df": 3, "chi2_threshold": 7.814727903251179, "N_raw": 8, "N_roi": 8, "N_inlier": 8, "refit": true}
{"timestamp": "15:03:47.878859", "frame": 39, "mu": [1.6732609954396533, 0.9912895897501628, 1.3414660341386937], "Sigma": [[0.002355117400635875, -0.0016645607073221581, -0.000763580098640131], [-0.0016645607073221581, 0.00546949077436879, -0.00035427834109265404], [-0.000763580098640131, -0.00035427834109265404, 0.0007088234526034492]], "chi2_level": 0.95, "chi2_df": 3, "chi2_threshold": 7.814727903251179, "N_raw": 15, "N_roi": 15, "N_inlier": 14, "refit": true}
{"timestamp": "15:03:47.934587", "frame": 40, "mu": [1.6852094313117227, 0.9137833228257979, 1.2403104794131106], "Sigma": [[0.002972658971382513, -0.0028692300100786085, -0.0016913152438861718], [-0.0028692300100786085, 0.0053827385074507435, -9.634850133563035e-05], [-0.0016913152438861713, -9.63485013356304e-05, 0.002739139587600925]], "chi2_level": 0.95, "chi2_df": 3, "chi2_threshold": 7.814727903251179, "N_raw": 19, "N_roi": 19, "N_inlier": 17, "refit": true}
{"timestamp": "15:03:47.991906", "frame": 41, "mu": [1.5796603233020665, 1.12611075409275, 1.2090243196155344], "Sigma": [[0.003037690237203559, -0.002799373774795448, -0.0030975442474263344], [-0.002799373774795448, 0.007382292641054816, -0.008700988683191269], [-0.003097544247426335, -0.008700988683191269, 0.03490296128950693]], "chi2_level": 0.95, "chi2_df": 3, "chi2_threshold": 7.814727903251179, "N_raw": 37, "N_roi": 37, "N_inlier": 35, "refit": true}
{"timestamp": "15:03:48.049270", "frame": 42, "mu": [1.5350447700361216, 1.2620577326116633, -0.44364067968361187], "Sigma": [[0.00328909582337825, -0.0044981451721547655, 0.003359513732513329], [-0.004498145172154765, 0.02002565146743958, -0.030638019601156793], [0.003359513732513329, -0.030638019601156793, 0.07371349050757176]], "chi2_level": 0.95, "chi2_df": 3, "chi2_threshold": 7.814727903251179, "N_raw": 48, "N_roi": 48, "N_inlier": 47, "refit": true}
{"timestamp": "15:03:48.101343", "frame": 43, "mu": [1.5752990070486281, 0.9177553266793823, 1.368084758540884], "Sigma": [[0.006089181847857071, -0.005702117247434375, -0.007793837849976001], [-0.005702117247434375, 0.007821110307317103, 0.004815746613545926], [-0.007793837849976, 0.004815746613545926, 0.01600829726748086]], "chi2_level": 0.95, "chi2_df": 3, "chi2_threshold": 7.814727903251179, "N_raw": 35, "N_roi": 35, "N_inlier": 32, "refit": true}
{"timestamp": "15:03:48.156312", "frame": 44, "mu": [1.528264034484733, 0.9905749505199104, 1.398166803659378], "Sigma": [[0.005477501127883064, -0.0026345540673345224, -0.004281850687840271], [-0.002634554067334523, 0.006420288009523013, -0.00032787558741942066], [-0.004281850687840271, -0.00032787558741942, 0.05860067100436002]], "chi2_level": 0.95, "chi2_df": 3, "chi2_threshold": 7.814727903251179, "N_raw": 33, "N_roi": 33, "N_inlier": 29, "refit": true}
{"timestamp": "15:03:48.210706", "frame": 45, "mu": [1.4609281000285985, 1.044070265531156, 1.3177777936435204], "Sigma": [[0.0026821050469356643, -0.00020549031065203297, 0.002906322818550426], [-0.00020549031065203308, 0.006747133661905438, 0.007147964301051534], [0.0029063228185504265, 0.007147964301051536, 0.1597194724415643]], "chi2_level": 0.95, "chi2_df": 3, "chi2_threshold": 7.814727903251179, "N_raw": 25, "N_roi": 25, "N_inlier": 23, "refit": true}
{"timestamp": "15:03:48.267632", "frame": 46, "mu": [1.4579891866055388, 0.9840088895078929, 1.3700608744937872], "Sigma": [[0.005026536823734458, -0.003011257084842354, -0.006235933395613696], [-0.003011257084842354, 0.00460380859605267, 0.0015713703410376722], [-0.006235933395613696, 0.0015713703410376722, 0.023964527532869498]], "chi2_level": 0.95, "chi2_df": 3, "chi2_threshold": 7.814727903251179, "N_raw": 39, "N_roi": 39, "N_inlier": 35, "refit": true}
{"timestamp": "15:03:48.320583", "frame": 47, "mu": [1.4174024628097637, 1.004195329410724, 1.3327206360937263], "Sigma": [[0.004467581386650507, -0.0032841557442244216, -0.00267370257481426], [-0.0032841557442244216, 0.006956407335969428, -0.002484867366239814], [-0.00267370257481426, -0.002484867366239814, 0.006707574361639018]], "chi2_level": 0.95, "chi2_df": 3, "chi2_threshold": 7.814727903251179, "N_raw": 38, "N_roi": 38, "N_inlier": 37, "refit": true}
{"timestamp": "15:03:48.377940", "frame": 48, "mu": [1.3740574166403718, 1.016090287926207, 1.2892352854131124], "Sigma": [[0.008139390050445243, -0.0058170122103442055, -0.004001250851300795], [-0.0058170122103442055, 0.008073076922048922, 0.000489085977346735], [-0.004001250851300795, 0.0004890859773467349, 0.004287451575552344]], "chi2_level": 0.95, "chi2_df": 3, "chi2_threshold": 7.814727903251179, "N_raw": 46, "N_roi": 46, "N_inlier": 44, "refit": true}
{"timestamp": "15:03:48.429404", "frame": 49, "mu": [1.2614518281127867, 1.0543118965783593, 1.3836356950325486], "Sigma": [[0.004514496840761477, -0.0031785314082939248, -0.0025612334197211923], [-0.0031785314082939243, 0.004371730051252733, 0.00014323553360787232], [-0.0025612334197211923, 0.00014323553360787232, 0.004757681689824469]], "chi2_level": 0.95, "chi2_df": 3, "chi2_threshold": 7.814727903251179, "N_raw": 24, "N_roi": 24, "N_inlier": 22, "refit": true}
{"timestamp": "15:03:48.484431", "frame": 50, "mu": [1.3074033024093108, 0.9419894348069666, 0.9828431871869103], "Sigma": [[0.003468387247332636, -0.004827357232234668, -0.011928516009473433], [-0.004827357232234669, 0.011980614369967658, 0.023426727818455555], [-0.011928516009473433, 0.023426727818455555, 0.07638368002571516]], "chi2_level": 0.95, "chi2_df": 3, "chi2_threshold": 7.814727903251179, "N_raw": 18, "N_roi": 18, "N_inlier": 17, "refit": true}
{"timestamp": "15:03:48.543644", "frame": 51, "mu": [1.2015336606973208, 1.045758968386401, 1.4474524977302197], "Sigma": [[0.006259495322935811, -0.0018422837362195644, -0.002497712917415398], [-0.0018422837362195644, 0.005964714238220103, -0.0014691469272416528], [-0.002497712917415398, -0.0014691469272416526, 0.0021617451645573197]], "chi2_level": 0.95, "chi2_df": 3, "chi2_threshold": 7.814727903251179, "N_raw": 52, "N_roi": 52, "N_inlier": 51, "refit": true}
{"timestamp": "15:03:48.599218", "frame": 52, "mu": [1.1630694760928473, 1.0490798445044365, 1.4660529932759157], "Sigma": [[0.005519173647551485, -0.0028987218647742547, -0.002989637501362247], [-0.002898721864774255, 0.005145406057110328, 0.0020613985065804875], [-0.0029896375013622467, 0.0020613985065804875, 0.013924718466323698]], "chi2_level": 0.95, "chi2_df": 3, "chi2_threshold": 7.814727903251179, "N_raw": 50, "N_roi": 50, "N_inlier": 45, "refit": true}
{"timestamp": "15:03:48.652497", "frame": 53, "mu": [1.0942020097457097, 1.0910658668109254, 1.546972363663912], "Sigma": [[0.004296121419167521, -0.0007463453612843768, 0.00013500993480031906], [-0.0007463453612843768, 0.0052581614939789835, 0.0010182881850177993], [0.00013500993480031908, 0.0010182881850177993, 0.0004931906327651181]], "chi2_level": 0.95, "chi2_df": 3, "chi2_threshold": 7.814727903251179, "N_raw": 39, "N_roi": 39, "N_inlier": 34, "refit": true}
{"timestamp": "15:03:48.707522", "frame": 54, "mu": [1.054677641921259, 1.0737019389376168, 1.4846538544863166], "Sigma": [[0.004753412727124398, -0.001236732222785083, -0.004255828548099531], [-0.0012367322227850833, 0.0052241280885854564, 0.005141080012676038], [-0.00425582854809953, 0.005141080012676038, 0.020622955863517832]], "chi2_level": 0.95, "chi2_df": 3, "chi2_threshold": 7.814727903251179, "N_raw": 39, "N_roi": 39, "N_inlier": 36, "refit": true}
{"timestamp": "15:03:48.761387", "frame": 55, "mu": [1.1356550759099864, 0.9776931012783434, 0.9545150294586415], "Sigma": [[0.0022503869189832502, -0.0014368031381618409, -0.00037575591066542623], [-0.0014368031381618409, 0.0036586741004265015, -0.002327365112025276], [-0.00037575591066542623, -0.0023273651120252754, 0.007933409271957995]], "chi2_level": 0.95, "chi2_df": 3, "chi2_threshold": 7.814727903251179, "N_raw": 33, "N_roi": 33, "N_inlier": 31, "refit": true}
{"timestamp": "15:03:48.814766", "frame": 56, "mu": [1.1001004422171998, 0.9532879743514876, 0.9599261991605222], "Sigma": [[0.008196440423493611, -0.006158396296962286, -0.01874180633135304], [-0.006158396296962286, 0.012915709372941035, 0.03397541799374548], [-0.01874180633135304, 0.03397541799374548, 0.25416899185749725]], "chi2_level": 0.95, "chi2_df": 3, "chi2_threshold": 7.814727903251179, "N_raw": 14, "N_roi": 14, "N_inlier": 13, "refit": true}
{"timestamp": "15:03:48.873856", "frame": 57, "mu": [0.9850223352895715, 1.0189370231985577, 1.392426874412839], "Sigma": [[0.006174252653421226, -0.001766453504418937, -0.0043171374014529425], [-0.0017664535044189366, 0.0029039246181863047, -0.001196945771157457], [-0.0043171374014529425, -0.001196945771157457, 0.012096839642970791]], "chi2_level": 0.95, "chi2_df": 3, "chi2_threshold": 7.814727903251179, "N_raw": 54, "N_roi": 54, "N_inlier": 48, "refit": true}
{"timestamp": "15:03:48.925522", "frame": 58, "mu": [0.8860398369740609, 1.074767205379255, 1.44307944544784], "Sigma": [[0.0027346800883244213, -0.0017136205611895322, -0.007531365269268128], [-0.0017136205611895322, 0.005569678123692292, 0.007416084896129515], [-0.007531365269268128, 0.007416084896129514, 0.053053346951913175]], "chi2_level": 0.95, "chi2_df": 3, "chi2_threshold": 7.814727903251179, "N_raw": 27, "N_roi": 27, "N_inlier": 23, "refit": true}
{"timestamp": "15:03:48.980246", "frame": 59, "mu": [0.8189741570029161, 1.030969188959355, 1.1223600748723226], "Sigma": [[0.011379988959879933, -0.0026515006702227343, -0.024962057567025672], [-0.0026515006702227347, 0.006163333025431822, 0.037152939156843576], [-0.024962057567025672, 0.037152939156843576, 0.3831410942907003]], "chi2_level": 0.95, "chi2_df": 3, "chi2_threshold": 7.814727903251179, "N_raw": 25, "N_roi": 25, "N_inlier": 21, "refit": true}
{"timestamp": "15:03:49.040493", "frame": 60, "mu": [0.8885797320344574, 1.0162790222642462, 1.3226052085336173], "Sigma": [[0.00612205542235197, -0.001965918481009669, -0.007394718882675247], [-0.0019659184810096693, 0.0032139528506263957, 0.0005321524558339983], [-0.007394718882675247, 0.0005321524558339984, 0.013480539086922597]], "chi2_level": 0.95, "chi2_df": 3, "chi2_threshold": 7.814727903251179, "N_raw": 61, "N_roi": 61, "N_inlier": 57, "refit": true}
{"timestamp": "15:03:49.091827", "frame": 61, "mu": [0.7785816237515587, 0.9993718759051379, 1.4085794851279192], "Sigma": [[0.003371623840526779, -0.0018247293046742478, -0.0029240745125342646], [-0.0018247293046742478, 0.0032233903264394063, 0.0009042764223577491], [-0.0029240745125342646, 0.0009042764223577491, 0.003026559995679295]], "chi2_level": 0.95, "chi2_df": 3, "chi2_threshold": 7.814727903251179, "N_raw": 36, "N_roi": 36, "N_inlier": 33, "refit": true}
{"timestamp": "15:03:49.149169", "frame": 62, "mu": [0.7651829335290429, 1.0093400239581423, 1.3282964895470921], "Sigma": [[0.004994747733339209, -0.003949382791483353, -0.011846328982915181], [-0.003949382791483353, 0.006765528323392225, 0.010456489089338734], [-0.011846328982915181, 0.010456489089338734, 0.05040258195666509]], "chi2_level": 0.95, "chi2_df": 3, "chi2_threshold": 7.814727903251179, "N_raw": 55, "N_roi": 55, "N_inlier": 53, "refit": true}
{"timestamp": "15:03:49.205718", "frame": 63, "mu": [0.7116662370922666, 1.11819464162777, -0.3113239925312475], "Sigma": [[0.0040681870069656555, -8.742828898648087e-05, -0.002334441110998473], [-8.742828898648081e-05, 0.0045656259785562025, -0.0010169345250759247], [-0.002334441110998473, -0.001016934525075925, 0.0048922915452102545]], "chi2_level": 0.95, "chi2_df": 3, "chi2_threshold": 7.814727903251179, "N_raw": 61, "N_roi": 61, "N_inlier": 56, "refit": true}
{"timestamp": "15:03:49.262351", "frame": 64, "mu": [0.7056621466113743, 1.03567206897018, 1.4242127036024925], "Sigma": [[0.006080665014425591, 0.0001807945574683993, -0.0037612937125843238], [0.00018079455746839926, 0.004660836432414469, -0.0015746492327592323], [-0.0037612937125843238, -0.0015746492327592325, 0.004074097261098155]], "chi2_level": 0.95, "chi2_df": 3, "chi2_threshold": 7.814727903251179, "N_raw": 79, "N_roi": 79, "N_inlier": 69, "refit": true}
{"timestamp": "15:03:49.319053", "frame": 65, "mu": [0.6861816794878016, 1.000788301605711, 1.4052592775448158], "Sigma": [[0.008418971293053287, -0.00019157310148784203, -0.006765193095857996], [-0.00019157310148784233, 0.005176913125988552, -0.0009719089431562708], [-0.006765193095857996, -0.0009719089431562708, 0.006109454900849807]], "chi2_level": 0.95, "chi2_df": 3, "chi2_threshold": 7.814727903251179, "N_raw": 82, "N_roi": 82, "N_inlier": 79, "refit": true}
{"timestamp": "15:03:49.372693", "frame": 66, "mu": [0.6314953191980325, 0.9795015356039033, 1.329900734165235], "Sigma": [[0.005677504574247791, -0.00043286409468920616, -0.0044639949432439445], [-0.0004328640946892063, 0.0028461737015622523, -0.0008112388246105301], [-0.0044639949432439445, -0.0008112388246105301, 0.02371297915593542]], "chi2_level": 0.95, "chi2_df": 3, "chi2_threshold": 7.814727903251179, "N_raw": 77, "N_roi": 77, "N_inlier": 70, "refit": true}
{"timestamp": "15:03:49.431098", "frame": 67, "mu": [0.590529955142968, 1.0024361809104494, 1.335369108636569], "Sigma": [[0.006286393008050583, -0.0018004490842786765, -0.006821029210152941], [-0.001800449084278676, 0.004750287441417248, 0.004999552478833034], [-0.006821029210152942, 0.004999552478833033, 0.04574620909019241]], "chi2_level": 0.95, "chi2_df": 3, "chi2_threshold": 7.814727903251179, "N_raw": 96, "N_roi": 96, "N_inlier": 90, "refit": true}
{"timestamp": "15:03:49.483152", "frame": 68, "mu": [0.5887329682826001, 1.0097679169758216, 1.2659630603001024], "Sigma": [[0.0030733517496929876, -0.0004629529857778378, -0.002804118712595541], [-0.0004629529857778378, 0.001367491261235586, -0.0031658730567472016], [-0.002804118712595541, -0.0031658730567472016, 0.024128069244576646]], "chi2_level": 0.95, "chi2_df": 3, "chi2_threshold": 7.814727903251179, "N_raw": 76, "N_roi": 76, "N_inlier": 72, "refit": true}
{"timestamp": "15:03:49.540137", "frame": 69, "mu": [0.49218201594010363, 1.023936778128219, 1.306230056624613], "Sigma": [[0.003243561251126136, 0.0006900207751532916, -0.0033514819328828564], [0.0006900207751532917, 0.0031737831891467507, -0.0057972823835665925], [-0.0033514819328828564, -0.0057972823835665925, 0.03010179244653243]], "chi2_level": 0.95, "chi2_df": 3, "chi2_threshold": 7.814727903251179, "N_raw": 90, "N_roi": 90, "N_inlier": 86, "refit": true}
{"timestamp": "15:03:49.595893", "frame": 70, "mu": [0.49008829466741183, 0.9731141194148515, 1.1148223069516834], "Sigma": [[0.006037006628951181, -0.0038380230723315603, 0.006037513728804162], [-0.0038380230723315607, 0.005332359994580178, -0.0137148319542473], [0.006037513728804162, -0.0137148319542473, 0.059580075626906676]], "chi2_level": 0.95, "chi2_df": 3, "chi2_threshold": 7.814727903251179, "N_raw": 99, "N_roi": 99, "N_inlier": 89, "refit": true}
{"timestamp": "15:03:49.647017", "frame": 71, "mu": [0.4009120879024188, 1.0021281676551186, 1.3466048472594223], "Sigma": [[0.003372095583517863, -0.0006010461461546188, -0.007907756927072209], [-0.0006010461461546187, 0.0021692333323549817, 0.0007077602495329856], [-0.007907756927072209, 0.0007077602495329855, 0.034403141502659024]], "chi2_level": 0.95, "chi2_df": 3, "chi2_threshold": 7.814727903251179, "N_raw": 65, "N_roi": 64, "N_inlier": 59, "refit": true}
{"timestamp": "15:03:49.713370", "frame": 72, "mu": [0.3834796507135979, 1.0040428875550622, 0.34916113416650874], "Sigma": [[0.0056102205808490554, -0.0006520323094731077, 0.04233343286089652], [-0.0006520323094731077, 0.007898615534371005, -0.04137630899083375], [0.04233343286089651, -0.04137630899083375, 0.9665125190191824]], "chi2_level": 0.95, "chi2_df": 3, "chi2_threshold": 7.814727903251179, "N_raw": 142, "N_roi": 142, "N_inlier": 135, "refit": true}
{"timestamp": "15:03:49.766420", "frame": 73, "mu": [0.3178194972166064, 0.9936649654017162, 1.233641947286016], "Sigma": [[0.003793042284492617, -1.5508780935051077e-05, -0.002789625609279268], [-1.5508780935050968e-05, 0.002729897486544122, -0.002504949673270372], [-0.0027896256092792685, -0.002504949673270372, 0.04345847482758436]], "chi2_level": 0.95, "chi2_df": 3, "chi2_threshold": 7.814727903251179, "N_raw": 129, "N_roi": 129, "N_inlier": 124, "refit": true}
{"timestamp": "15:03:49.815851", "frame": 74, "mu": [0.2690185627554077, 0.9795991415551952, 1.3124024825421239], "Sigma": [[0.002439452392804139, 9.626515098963125e-05, 0.0005118322481397449], [9.626515098963123e-05, 0.002275228643787607, 0.0001431508179778674], [0.0005118322481397448, 0.0001431508179778674, 0.0437285674005373]], "chi2_level": 0.95, "chi2_df": 3, "chi2_threshold": 7.814727903251179, "N_raw": 86, "N_roi": 86, "N_inlier": 81, "refit": true}
{"timestamp": "15:03:49.863059", "frame": 75, "mu": [0.2083797351682441, 0.9509044359930938, 1.3735425685511111], "Sigma": [[0.001955615174392917, -0.0004984453582669505, -0.003589056800102765], [-0.0004984453582669506, 0.001273110177448673, 0.0031070401802805758], [-0.003589056800102765, 0.003107040180280576, 0.04653065911653395]], "chi2_level": 0.95, "chi2_df": 3, "chi2_threshold": 7.814727903251179, "N_raw": 42, "N_roi": 42, "N_inlier": 38, "refit": true}
{"timestamp": "15:03:49.924063", "frame": 76, "mu": [0.13331392772922457, 0.960111134449842, 1.2355619270092473], "Sigma": [[0.0023709669501055727, -0.0009779867387341677, 0.005681600017952739], [-0.0009779867387341675, 0.0035003929075553106, 0.001574302913511066], [0.0056816000179527384, 0.0015743029135110653, 0.09613716596277955]], "chi2_level": 0.95, "chi2_df": 3, "chi2_threshold": 7.814727903251179, "N_raw": 86, "N_roi": 86, "N_inlier": 82, "refit": true}
{"timestamp": "15:03:49.980186", "frame": 77, "mu": [0.11127756753616261, 0.9508735660480667, 1.282641792380169], "Sigma": [[0.0037409735843372733, -0.0012902717535136646, 0.005360605227765651], [-0.0012902717535136646, 0.0019729466870385096, -0.005192646189010568], [0.005360605227765651, -0.005192646189010568, 0.05601684080086478]], "chi2_level": 0.95, "chi2_df": 3, "chi2_threshold": 7.814727903251179, "N_raw": 86, "N_roi": 85, "N_inlier": 80, "refit": true}
{"timestamp": "15:03:50.029862", "frame": 78, "mu": [0.06342714991446903, 1.007842343828595, 1.5444099191929848], "Sigma": [[0.0017533335615848176, -0.00047639655070122943, -0.0005645238438825652], [-0.0004763965507012293, 0.00563873394431145, -0.00014751385476899622], [-0.0005645238438825652, -0.0001475138547689961, 0.0011376032006061322]], "chi2_level": 0.95, "chi2_df": 3, "chi2_threshold": 7.814727903251179, "N_raw": 58, "N_roi": 58, "N_inlier": 53, "refit": true}
{"timestamp": "15:03:50.084386", "frame": 79, "mu": [0.09866879644022016, 0.9582864477207529, 1.3623157248544808], "Sigma": [[0.004246539433318136, 0.00017961570945209342, -0.008296462661501627], [0.00017961570945209347, 0.0006374082117347231, 0.00011728195302647908], [-0.008296462661501627, 0.00011728195302647919, 0.032158698809247044]], "chi2_level": 0.95, "chi2_df": 3, "chi2_threshold": 7.814727903251179, "N_raw": 54, "N_roi": 54, "N_inlier": 52, "refit": true}
{"timestamp": "15:03:50.141411", "frame": 80, "mu": [0.02920210489604619, 0.9578038231126133, 1.3386728046437197], "Sigma": [[0.002350502855702806, 0.0004942727050032324, -0.0005168373585572656], [0.0004942727050032324, 0.0019200329396119123, -0.0018805549927605682], [-0.0005168373585572656, -0.001880554992760568, 0.006751044392868528]], "chi2_level": 0.95, "chi2_df": 3, "chi2_threshold": 7.814727903251179, "N_raw": 61, "N_roi": 61, "N_inlier": 57, "refit": true}
{"timestamp": "15:03:50.193921", "frame": 81, "mu": [-0.03153219836250175, 1.14894526621097, -0.6421597335863067], "Sigma": [[0.0017976507649051373, -0.0006131128668846581, 0.0011600568620015947], [-0.0006131128668846581, 0.0021273428912646024, -0.008365057289622526], [0.0011600568620015947, -0.008365057289622526, 0.03640479949623112]], "chi2_level": 0.95, "chi2_df": 3, "chi2_threshold": 7.814727903251179, "N_raw": 38, "N_roi": 38, "N_inlier": 33, "refit": true}
{"timestamp": "15:03:50.248806", "frame": 82, "mu": [-0.11172606407091065, 0.997342442706638, 1.2911202907590582], "Sigma": [[0.0014024698420135279, -0.00028638417057328996, -0.000449450366273135], [-0.00028638417057328996, 0.0012208307569160565, -0.00222650490782214], [-0.000449450366273135, -0.00222650490782214, 0.01184998849012991]], "chi2_level": 0.95, "chi2_df": 3, "chi2_threshold": 7.814727903251179, "N_raw": 49, "N_roi": 49, "N_inlier": 45, "refit": true}
{"timestamp": "15:03:50.308403", "frame": 83, "mu": [-0.12243429406224314, 0.9998261183014093, 1.434494699746142], "Sigma": [[0.0018793174530078772, 0.0006922403341390439, -0.0012517706517263872], [0.0006922403341390439, 0.006171216218600146, -0.0041984030768007], [-0.0012517706517263872, -0.0041984030768007, 0.007362730847380498]], "chi2_level": 0.95, "chi2_df": 3, "chi2_threshold": 7.814727903251179, "N_raw": 77, "N_roi": 77, "N_inlier": 71, "refit": true}
{"timestamp": "15:03:50.364027", "frame": 84, "mu": [-0.19729163648272768, 0.9716533432120518, 1.4353936187218066], "Sigma": [[0.0025769577380319415, -0.0011087558074379304, -0.0004303872023182217], [-0.0011087558074379302, 0.003877154734934947, -0.0036734921709139718], [-0.0004303872023182218, -0.0036734921709139718, 0.00783045536748467]], "chi2_level": 0.95, "chi2_df": 3, "chi2_threshold": 7.814727903251179, "N_raw": 83, "N_roi": 82, "N_inlier": 77, "refit": true}
{"timestamp": "15:03:50.416607", "frame": 85, "mu": [-0.242957109476143, 0.9678739556173773, 1.4594890693308118], "Sigma": [[0.003075059959879774, -0.0007463312447731843, -0.0010443324732980269], [-0.0007463312447731844, 0.002217145800521657, -0.002011108078059334], [-0.0010443324732980269, -0.0020111080780593335, 0.003651074121852057]], "chi2_level": 0.95, "chi2_df": 3, "chi2_threshold": 7.814727903251179, "N_raw": 59, "N_roi": 59, "N_inlier": 55, "refit": true}
{"timestamp": "15:03:50.472245", "frame": 86, "mu": [-0.28370909645017495, 0.9794883507237379, 1.4511532029087069], "Sigma": [[0.0031120701491880592, -0.0009017886255196813, -0.0015238215412540666], [-0.0009017886255196813, 0.003921479640946904, -0.003206978537383138], [-0.0015238215412540668, -0.003206978537383138, 0.004892948318930946]], "chi2_level": 0.95, "chi2_df": 3, "chi2_threshold": 7.814727903251179, "N_raw": 73, "N_roi": 73, "N_inlier": 71, "refit": true}
{"timestamp": "15:03:50.526608", "frame": 87, "mu": [-0.32960874305638094, 0.9869536742257319, 1.4772785836500448], "Sigma": [[0.003797462111413935, -0.0018735448171983372, -0.0010547333394668795], [-0.0018735448171983372, 0.003190826468634402, -0.0016680102027228545], [-0.0010547333394668797, -0.0016680102027228545, 0.003058999029517482]], "chi2_level": 0.95, "chi2_df": 3, "chi2_threshold": 7.814727903251179, "N_raw": 63, "N_roi": 63, "N_inlier": 62, "refit": true}
{"timestamp": "15:03:50.584624", "frame": 88, "mu": [-0.36408270055797853, 0.9855946147255428, 1.4341124672114876], "Sigma": [[0.0036626163902191092, -0.0012590077986776981, -0.004018976279614155], [-0.0012590077986776981, 0.004848137591599427, -0.0025764411172096513], [-0.004018976279614155, -0.0025764411172096513, 0.009820334917053664]], "chi2_level": 0.95, "chi2_df": 3, "chi2_threshold": 7.814727903251179, "N_raw": 90, "N_roi": 89, "N_inlier": 86, "refit": true}
{"timestamp": "15:03:50.634820", "frame": 89, "mu": [-0.39634626371079223, 0.9408124745596811, 1.4877868453898995], "Sigma": [[0.0038351184396984107, -0.0008827904517818123, -0.002516195633411531], [-0.0008827904517818123, 0.0018511591161709006, -0.0009557526167943175], [-0.0025161956334115313, -0.0009557526167943175, 0.0035637404529833567]], "chi2_level": 0.95, "chi2_df": 3, "chi2_threshold": 7.814727903251179, "N_raw": 56, "N_roi": 56, "N_inlier": 54, "refit": true}
{"timestamp": "15:03:50.690220", "frame": 90, "mu": [-0.502231684645578, 1.0785136928775805, -0.22483408118327866], "Sigma": [[0.005982799125007172, -0.002941211007852603, -0.0022577885285204415], [-0.002941211007852603, 0.003372730136626902, -0.0001295982414195193], [-0.0022577885285204415, -0.0001295982414195193, 0.0019253970625093362]], "chi2_level": 0.95, "chi2_df": 3, "chi2_threshold": 7.814727903251179, "N_raw": 60, "N_roi": 56, "N_inlier": 53, "refit": true}
{"timestamp": "15:03:50.748545", "frame": 91, "mu": [-0.5601803779258069, 1.0092941755424272, 1.519781228339102], "Sigma": [[0.004541138827998228, 0.0011609248291183784, -0.006105401933294189], [0.0011609248291183784, 0.0031818978331123065, -0.006248786665310141], [-0.006105401933294189, -0.00624878666531014, 0.01869960824731228]], "chi2_level": 0.95, "chi2_df": 3, "chi2_threshold": 7.814727903251179, "N_raw": 84, "N_roi": 84, "N_inlier": 79, "refit": true}
{"timestamp": "15:03:50.802721", "frame": 92, "mu": [-0.5279192165038241, 0.9671123964097346, 1.4160225805978162], "Sigma": [[0.0027935416092714997, -0.000652728502410792, -0.0007121426521402728], [-0.000652728502410792, 0.0020865925137987344, -0.004157683080114333], [-0.0007121426521402728, -0.004157683080114332, 0.011904672725922494]], "chi2_level": 0.95, "chi2_df": 3, "chi2_threshold": 7.814727903251179, "N_raw": 70, "N_roi": 70, "N_inlier": 67, "refit": true}
{"timestamp": "15:03:50.857300", "frame": 93, "mu": [-0.5813291235473487, 1.0833317608060904, -0.25415016097946846], "Sigma": [[0.0030210834016812806, -0.0005112141756925129, -0.0010212552442766408], [-0.0005112141756925129, 0.006135895359158167, -0.004800047132088197], [-0.0010212552442766408, -0.004800047132088196, 0.005454853823813306]], "chi2_level": 0.95, "chi2_df": 3, "chi2_threshold": 7.814727903251179, "N_raw": 74, "N_roi": 73, "N_inlier": 70, "refit": true}
{"timestamp": "15:03:50.912581", "frame": 94, "mu": [-0.6907366227758023, 0.9672927177049097, 1.544098843049324], "Sigma": [[0.00437607945695974, -0.0016817701405330658, 0.0003691682535514764], [-0.001681770140533066, 0.004287543679088481, -0.0038653194811625238], [0.0003691682535514764, -0.0038653194811625238, 0.004107074812542517]], "chi2_level": 0.95, "chi2_df": 3, "chi2_threshold": 7.814727903251179, "N_raw": 71, "N_roi": 71, "N_inlier": 68, "refit": true}
{"timestamp": "15:03:50.965720", "frame": 95, "mu": [-0.7150410365516638, 0.9329045102558665, 1.4137457779831126], "Sigma": [[0.005419198017772503, -0.0018595409829471046, 0.0016320507808529725], [-0.0018595409829471046, 0.003038875318138282, -0.002620022237351025], [0.0016320507808529725, -0.0026200222373510256, 0.002745100300729779]], "chi2_level": 0.95, "chi2_df": 3, "chi2_threshold": 7.814727903251179, "N_raw": 61, "N_roi": 61, "N_inlier": 59, "refit": true}
