{"timestamp": "15:38:47.350463", "frame": 13, "mu": [-0.951670858134583, 0.6738583108270281, 0.8704883214261365], "Sigma": [[4.904470278603953, -0.11199975577128682, 0.02917761229374573], [-0.11199975577128679, 0.014396965350631771, -0.004103834567065508], [0.029177612293745728, -0.004103834567065508, 0.0012854871246695929]], "chi2_level": 0.95, "chi2_df": 3, "chi2_threshold": 7.814727903251179, "N_raw": 19, "N_roi": 18, "N_inlier": 17, "refit": true}
{"timestamp": "15:38:47.623869", "frame": 18, "mu": [-1.3885403821468074, 0.6576063804410065, 0.9009152829815247], "Sigma": [[3.2717871561003657, -0.0910220651212453, 0.044559903727143836], [-0.0910220651212453, 0.015117344887103196, -0.007134533979497822], [0.044559903727143836, -0.007134533979497822, 0.004249529746955227]], "chi2_level": 0.95, "chi2_df": 3, "chi2_threshold": 7.814727903251179, "N_raw": 22, "N_roi": 22, "N_inlier": 22, "refit": true}
{"timestamp": "15:38:47.680542", "frame": 19, "mu": [-1.144714223817438, 0.6042397574379649, 0.8487456734401149], "Sigma": [[3.822420550806479, -0.03756858608921877, 0.0706115626469504], [-0.037568586089218765, 0.014404512468804056, -0.005786937428501597], [0.0706115626469504, -0.005786937428501597, 0.0045475414138448945]], "chi2_level": 0.95, "chi2_df": 3, "chi2_threshold": 7.814727903251179, "N_raw": 26, "N_roi": 26, "N_inlier": 25, "refit": true}
{"timestamp": "15:38:47.733304", "frame": 20, "mu": [-1.5729422455733977, 0.7027374347479386, 0.9366908251612349], "Sigma": [[2.5231056272877863, -0.11689758086157777, 0.09738441224940406], [-0.11689758086157775, 0.00991243857225191, -0.005790048868154802], [0.09738441224940406, -0.005790048868154804, 0.004164066744622317]], "chi2_level": 0.95, "chi2_df": 3, "chi2_threshold": 7.814727903251179, "N_raw": 8, "N_roi": 8, "N_inlier": 7, "refit": true}
{"timestamp": "15:38:47.792018", "frame": 21, "mu": [-1.131123420673914, 0.5764797208387865, 0.9325814298239358], "Sigma": [[3.8217163115535433, -0.05468909821004933, 0.07269330271626279], [-0.05468909821004933, 0.009991926623075171, -0.004550388317607489], [0.07269330271626279, -0.004550388317607489, 0.010606615666861675]], "chi2_level": 0.95, "chi2_df": 3, "chi2_threshold": 7.814727903251179, "N_raw": 30, "N_roi": 30, "N_inlier": 29, "refit": true}
{"timestamp": "15:38:47.845865", "frame": 22, "mu": [-0.7537811683458531, 0.5986413109099223, 0.8363011978312219], "Sigma": [[4.242597465230429, -0.015877870188208108, 0.05563844152749135], [-0.01587787018820811, 0.010634873865815844, -0.003299375060428698], [0.05563844152749135, -0.0032993750604286987, 0.006094152790977447]], "chi2_level": 0.95, "chi2_df": 3, "chi2_threshold": 7.814727903251179, "N_raw": 29, "N_roi": 29, "N_inlier": 27, "refit": true}
{"timestamp": "15:38:48.011880", "frame": 25, "mu": [-1.6666844789843336, 0.6332330631579647, 1.0399709532359744], "Sigma": [[1.3144697429422068, -0.05029363966898107, 0.041380490531870914], [-0.05029363966898107, 0.015456027791079352, -0.00767293806478061], [0.041380490531870914, -0.0076729380647806095, 0.004905185481944995]], "chi2_level": 0.95, "chi2_df": 3, "chi2_threshold": 7.814727903251179, "N_raw": 30, "N_roi": 30, "N_inlier": 28, "refit": true}
{"timestamp": "15:38:48.066633", "frame": 26, "mu": [-1.225153273126023, 0.5595343091497647, 0.9815761322531349], "Sigma": [[2.5371457786342004, -0.054423963710703224, 0.06320088751001463], [-0.054423963710703224, 0.013044873706931663, -0.002573175266171143], [0.06320088751001463, -0.0025731752661711424, 0.010116087600329166]], "chi2_level": 0.95, "chi2_df": 3, "chi2_threshold": 7.814727903251179, "N_raw": 34, "N_roi": 34, "N_inlier": 34, "refit": true}
{"timestamp": "15:38:48.121936", "frame": 27, "mu": [-1.643529530659216, 0.6122369540378644, 1.097605856383441], "Sigma": [[1.255672637084432, -0.046542929496486765, 0.005626173021575066], [-0.04654292949648676, 0.015363211512049236, 0.0004005470250499422], [0.005626173021575063, 0.00040054702504994217, 0.015422694430378253]], "chi2_level": 0.95, "chi2_df": 3, "chi2_threshold": 7.814727903251179, "N_raw": 31, "N_roi": 31, "N_inlier": 29, "refit": true}
{"timestamp": "15:38:48.176251", "frame": 28, "mu": [-1.9519312883173725, 0.8553641024249702, -0.763125929511146], "Sigma": [[0.005644679494854014, 0.006160364275762259, -0.0013160937684262343], [0.00616036427576226, 0.013132642792585227, -0.003200210034929308], [-0.0013160937684262343, -0.003200210034929308, 0.0027045153567539634]], "chi2_level": 0.95, "chi2_df": 3, "chi2_threshold": 7.814727903251179, "N_raw": 29, "N_roi": 29, "N_inlier": 28, "refit": true}
{"timestamp": "15:38:48.232889", "frame": 29, "mu": [-1.8917072084327198, 0.7222946875883867, -0.7731777477139415], "Sigma": [[0.006325651100112812, 0.010537697312580559, 0.004174972948718455], [0.01053769731258056, 0.041308313243067496, 0.007658966842653949], [0.004174972948718456, 0.00765896684265395, 0.005529998411432945]], "chi2_level": 0.95, "chi2_df": 3, "chi2_threshold": 7.814727903251179, "N_raw": 42, "N_roi": 42, "N_inlier": 40, "refit": true}
{"timestamp": "15:38:48.291887", "frame": 30, "mu": [-1.9268082309784258, 0.5899741707532463, 1.0165795379409999], "Sigma": [[0.011773478421747868, 0.009842153583472886, 0.011781980463838259], [0.009842153583472884, 0.01565912469479505, 0.0006507333810133137], [0.011781980463838259, 0.0006507333810133139, 0.029052761877949862]], "chi2_level": 0.95, "chi2_df": 3, "chi2_threshold": 7.814727903251179, "N_raw": 68, "N_roi": 68, "N_inlier": 62, "refit": true}
{"timestamp": "15:38:48.347972", "frame": 31, "mu": [-1.5674011837036492, 0.5823944300646613, 1.086165240401874], "Sigma": [[1.0365836830711677, -0.018574761871014235, -0.004416917864649276], [-0.018574761871014235, 0.012065345577194611, -9.390145273344792e-05], [-0.004416917864649273, -9.390145273344814e-05, 0.027008187011892913]], "chi2_level": 0.95, "chi2_df": 3, "chi2_threshold": 7.814727903251179, "N_raw": 63, "N_roi": 63, "N_inlier": 59, "refit": true}
{"timestamp": "15:38:48.400528", "frame": 32, "mu": [-1.8407093621670314, 0.6354881622851523, 1.1091149986202509], "Sigma": [[0.0077906925268575, 0.009657237087122466, 0.0056698582261990055], [0.009657237087122468, 0.014924393706075735, 0.007477547188964515], [0.0056698582261990055, 0.0074775471889645135, 0.024974535237531702]], "chi2_level": 0.95, "chi2_df": 3, "chi2_threshold": 7.814727903251179, "N_raw": 47, "N_roi": 47, "N_inlier": 44, "refit": true}
{"timestamp": "15:38:48.454138", "frame": 33, "mu": [-1.8450215719743224, 0.6005166208831564, 1.1128903908327368], "Sigma": [[0.005311076012063553, 0.005655366672146221, -0.0010025953714057833], [0.005655366672146221, 0.010735227137224187, -0.004807223739666919], [-0.0010025953714057833, -0.004807223739666919, 0.005830484228087287]], "chi2_level": 0.95, "chi2_df": 3, "chi2_threshold": 7.814727903251179, "N_raw": 36, "N_roi": 36, "N_inlier": 31, "refit": true}
{"timestamp": "15:38:48.518472", "frame": 34, "mu": [-1.8320622458842295, 0.6483032177563719, 1.0053428156678867], "Sigma": [[0.015026401796145844, 0.010742928949697415, 0.015689104941741007], [0.010742928949697415, 0.012619745418627924, 0.004484952659740182], [0.015689104941741007, 0.004484952659740181, 0.043111864938046744]], "chi2_level": 0.95, "chi2_df": 3, "chi2_threshold": 7.814727903251179, "N_raw": 92, "N_roi": 92, "N_inlier": 88, "refit": true}
{"timestamp": "15:38:48.564896", "frame": 35, "mu": [-1.6929309075567407, 0.6258204872970234, 1.1987613615208115], "Sigma": [[0.0049518145854223995, 0.005733011226790298, -0.0018277499675777211], [0.005733011226790298, 0.009658506343950832, -0.004687086118749112], [-0.0018277499675777211, -0.004687086118749112, 0.004366207553356976]], "chi2_level": 0.95, "chi2_df": 3, "chi2_threshold": 7.814727903251179, "N_raw": 32, "N_roi": 32, "N_inlier": 28, "refit": true}
{"timestamp": "15:38:48.619352", "frame": 36, "mu": [-1.6840529733159313, 0.6348967501770836, 1.1324476206864909], "Sigma": [[0.007370919716404969, 0.006024689213839455, 0.008622848086248405], [0.0060246892138394546, 0.009470602411350443, 0.004903488688793473], [0.008622848086248405, 0.004903488688793473, 0.024148063379529388]], "chi2_level": 0.95, "chi2_df": 3, "chi2_threshold": 7.814727903251179, "N_raw": 33, "N_roi": 33, "N_inlier": 32, "refit": true}
{"timestamp": "15:38:48.677738", "frame": 37, "mu": [-1.6660492603657866, 0.6295883924570158, 1.201502696354123], "Sigma": [[0.006738261633885055, 0.005739391367166884, 0.0017011627631089523], [0.005739391367166884, 0.010245499860505146, -0.0033827689036396865], [0.0017011627631089523, -0.0033827689036396865, 0.021483082117801096]], "chi2_level": 0.95, "chi2_df": 3, "chi2_threshold": 7.814727903251179, "N_raw": 61, "N_roi": 61, "N_inlier": 59, "refit": true}
{"timestamp": "15:38:48.731978", "frame": 38, "mu": [-1.6397477285704685, 0.8369021073038065, -0.5866547424985683], "Sigma": [[0.005208258036351525, 0.0036406607622510275, 0.0012120772930473418], [0.0036406607622510275, 0.010388927207077748, -0.0039561019384368405], [0.0012120772930473418, -0.0039561019384368405, 0.007450289690483325]], "chi2_level": 0.95, "chi2_df": 3, "chi2_threshold": 7.814727903251179, "N_raw": 45, "N_roi": 45, "N_inlier": 44, "refit": true}
{"timestamp": "15:38:48.787771", "frame": 39, "mu": [-1.6053883707922354, 0.6674275892800664, 1.2663430411708598], "Sigma": [[0.007685322499619981, 0.005110624857462286, -0.00011888409100429902], [0.005110624857462286, 0.013720924650674721, -0.008108659981427745], [-0.00011888409100429913, -0.008108659981427745, 0.007348650451798867]], "chi2_level": 0.95, "chi2_df": 3, "chi2_threshold": 7.814727903251179, "N_raw": 60, "N_roi": 60, "N_inlier": 58, "refit": true}
{"timestamp": "15:38:48.843459", "frame": 40, "mu": [-1.5720313855795673, 0.698111168514654, 1.2400205370688315], "Sigma": [[0.008290796267352168, 0.00438522930418348, 0.0017659003608117454], [0.00438522930418348, 0.008882085309717092, -0.005687484199523812], [0.0017659003608117454, -0.005687484199523812, 0.009327892414142282]], "chi2_level": 0.95, "chi2_df": 3, "chi2_threshold": 7.814727903251179, "N_raw": 63, "N_roi": 63, "N_inlier": 63, "refit": true}
{"timestamp": "15:38:48.896416", "frame": 41, "mu": [-1.5694549285968737, 0.667157903612962, 1.1661863219292812], "Sigma": [[0.005201389652564622, 0.004521260499896875, 0.002854234360284509], [0.004521260499896875, 0.007974620195577358, 3.939584050556289e-05], [0.002854234360284509, 3.939584050556303e-05, 0.012067596471470217]], "chi2_level": 0.95, "chi2_df": 3, "chi2_threshold": 7.814727903251179, "N_raw": 46, "N_roi": 46, "N_inlier": 44, "refit": true}
{"timestamp": "15:38:48.953773", "frame": 42, "mu": [-1.5069270741066958, 0.6822178689425382, 1.3192916653466686], "Sigma": [[0.0072954089469520885, 0.003104804982266293, 0.0003556833790420874], [0.0031048049822662935, 0.011626582658287775, -0.007362721649158848], [0.0003556833790420875, -0.007362721649158848, 0.006269074387679323]], "chi2_level": 0.95, "chi2_df": 3, "chi2_threshold": 7.814727903251179, "N_raw": 62, "N_roi": 62, "N_inlier": 61, "refit": true}
{"timestamp": "15:38:49.008483", "frame": 43, "mu": [-1.487258868067696, 0.6780591102372263, 1.285772779314303], "Sigma": [[0.005929494505506608, 0.002818692069975297, 0.0030170849127363055], [0.002818692069975297, 0.008567560665375463, -0.007273809070030752], [0.0030170849127363055, -0.007273809070030752, 0.014427242320739825]], "chi2_level": 0.95, "chi2_df": 3, "chi2_threshold": 7.814727903251179, "N_raw": 63, "N_roi": 63, "N_inlier": 61, "refit": true}
{"timestamp": "15:38:49.069964", "frame": 44, "mu": [-1.458767675653023, 0.7139586755746501, 1.3281311992551876], "Sigma": [[0.012255740308584026, 0.004025191093034231, 0.002298644821676096], [0.004025191093034232, 0.008310758584671783, -0.00798705648608223], [0.0022986448216760964, -0.00798705648608223, 0.01756550883717029]], "chi2_level": 0.95, "chi2_df": 3, "chi2_threshold": 7.814727903251179, "N_raw": 98, "N_roi": 98, "N_inlier": 94, "refit": true}
{"timestamp": "15:38:49.124913", "frame": 45, "mu": [-1.4152512114358706, 0.7376990113310228, 1.290593216603434], "Sigma": [[0.009585064174529628, 0.0025653168448242347, 0.0036380141828090988], [0.0025653168448242347, 0.008765842104173667, -0.010544637051970809], [0.0036380141828090988, -0.010544637051970809, 0.02365884153545253]], "chi2_level": 0.95, "chi2_df": 3, "chi2_threshold": 7.814727903251179, "N_raw": 100, "N_roi": 100, "N_inlier": 99, "refit": true}
{"timestamp": "15:38:49.177944", "frame": 46, "mu": [-1.347408908229954, 0.7434431825324551, 1.3886911148246592], "Sigma": [[0.008866056461912018, 0.002484839124753796, 0.0013566839029660299], [0.002484839124753796, 0.008102310401958726, -0.00772484372805602], [0.0013566839029660299, -0.00772484372805602, 0.011930946610203053]], "chi2_level": 0.95, "chi2_df": 3, "chi2_threshold": 7.814727903251179, "N_raw": 86, "N_roi": 86, "N_inlier": 83, "refit": true}
{"timestamp": "15:38:49.233822", "frame": 47, "mu": [-1.312367746576411, 0.7268971842985218, 1.4007347751722843], "Sigma": [[0.013994865321193295, 0.005716429365373382, 0.00010662982850020509], [0.005716429365373382, 0.008928563422447891, -0.005553391149294873], [0.00010662982850020503, -0.005553391149294873, 0.0053299287009917345]], "chi2_level": 0.95, "chi2_df": 3, "chi2_threshold": 7.814727903251179, "N_raw": 93, "N_roi": 93, "N_inlier": 91, "refit": true}
{"timestamp": "15:38:49.288463", "frame": 48, "mu": [-1.266142362672701, 0.8545670180812347, 0.08444715403518077], "Sigma": [[0.009978406696070405, 0.0006220854337707771, 0.03817975374579542], [0.0006220854337707771, 0.006681538513409766, 0.007913564603927361], [0.03817975374579542, 0.007913564603927361, 0.5459811024395366]], "chi2_level": 0.95, "chi2_df": 3, "chi2_threshold": 7.814727903251179, "N_raw": 93, "N_roi": 91, "N_inlier": 91, "refit": true}
{"timestamp": "15:38:49.345021", "frame": 49, "mu": [-1.2094548881062837, 0.9068397783865942, -0.40352714140954854], "Sigma": [[0.011892527296553271, 0.00579109615825078, 0.003200973025328882], [0.00579109615825078, 0.010284438150387687, -0.003485262387815014], [0.0032009730253288815, -0.0034852623878150134, 0.006318566862220905]], "chi2_level": 0.95, "chi2_df": 3, "chi2_threshold": 7.814727903251179, "N_raw": 99, "N_roi": 99, "N_inlier": 93, "refit": true}
{"timestamp": "15:38:49.392342", "frame": 50, "mu": [-1.2514260584821506, 0.8131467332806505, -0.4320043233100655], "Sigma": [[0.007710863854586387, 0.0061845313618343525, 0.005036780038533139], [0.006184531361834352, 0.010628583252469287, 0.0019751327480394556], [0.005036780038533139, 0.001975132748039455, 0.006505293546942241]], "chi2_level": 0.95, "chi2_df": 3, "chi2_threshold": 7.814727903251179, "N_raw": 53, "N_roi": 53, "N_inlier": 46, "refit": true}
{"timestamp": "15:38:49.449230", "frame": 51, "mu": [-1.1461444305794288, 0.8962382825373508, -0.3226855199278914], "Sigma": [[0.008471614427448404, 0.00404022136959542, -0.001687836427170707], [0.004040221369595421, 0.008462432373627904, -0.003152819651888315], [-0.001687836427170707, -0.0031528196518883153, 0.0017388149222070243]], "chi2_level": 0.95, "chi2_df": 3, "chi2_threshold": 7.814727903251179, "N_raw": 66, "N_roi": 66, "N_inlier": 63, "refit": true}
{"timestamp": "15:38:49.506548", "frame": 52, "mu": [-1.1090449135034308, 0.7483459584275117, 1.4094273132021402], "Sigma": [[0.011394354285736609, 0.006911846270159963, 0.0007224946596010099], [0.006911846270159963, 0.010410060885952976, -0.002920614407664375], [0.0007224946596010102, -0.002920614407664375, 0.004346606635694029]], "chi2_level": 0.95, "chi2_df": 3, "chi2_threshold": 7.814727903251179, "N_raw": 91, "N_roi": 91, "N_inlier": 81, "refit": true}
{"timestamp": "15:38:49.565270", "frame": 53, "mu": [-1.0764179080600258, 0.8141985339717175, 1.447964968340735], "Sigma": [[0.008439185867006803, 0.005765103424024389, -0.0006092706105903041], [0.005765103424024389, 0.008790494126741847, -0.006228079227489036], [-0.0006092706105903041, -0.0062280792274890355, 0.011402591474478358]], "chi2_level": 0.95, "chi2_df": 3, "chi2_threshold": 7.814727903251179, "N_raw": 102, "N_roi": 102, "N_inlier": 96, "refit": true}
{"timestamp": "15:38:49.618009", "frame": 54, "mu": [-1.010715825283456, 0.8167303220408414, 1.4477405083546158], "Sigma": [[0.013549171309186744, 0.0051075893793351024, -0.017132581404066986], [0.005107589379335103, 0.006340514980796585, -0.00790985521249878], [-0.017132581404066982, -0.00790985521249878, 0.04695135769919597]], "chi2_level": 0.95, "chi2_df": 3, "chi2_threshold": 7.814727903251179, "N_raw": 91, "N_roi": 91, "N_inlier": 89, "refit": true}
{"timestamp": "15:38:49.671214", "frame": 55, "mu": [-1.0287978482323743, 0.7839048250204279, 1.4603909255117586], "Sigma": [[0.014589946289715822, 0.008813710573139497, -0.0010040149458934073], [0.008813710573139497, 0.0072358640375933345, -0.002989999356717005], [-0.0010040149458934078, -0.002989999356717005, 0.006355192345207807]], "chi2_level": 0.95, "chi2_df": 3, "chi2_threshold": 7.814727903251179, "N_raw": 82, "N_roi": 82, "N_inlier": 77, "refit": true}
{"timestamp": "15:38:49.730511", "frame": 56, "mu": [-0.9739533655821472, 0.8148423251740078, 1.4795744507727533], "Sigma": [[0.009729364410175996, 0.004000466268111279, -0.003966533696862116], [0.004000466268111279, 0.006228766481857399, -0.007163138437051988], [-0.003966533696862115, -0.007163138437051989, 0.010173942392285164]], "chi2_level": 0.95, "chi2_df": 3, "chi2_threshold": 7.814727903251179, "N_raw": 110, "N_roi": 110, "N_inlier": 103, "refit": true}
{"timestamp": "15:38:49.776974", "frame": 57, "mu": [-0.9781734043273876, 0.8191703134614036, 1.5779702396099917], "Sigma": [[0.01123660591960495, 0.006395245289061848, -0.019592521993261704], [0.006395245289061848, 0.00661779629438301, -0.012715078554526867], [-0.019592521993261704, -0.012715078554526867, 0.05280818031575624]], "chi2_level": 0.95, "chi2_df": 3, "chi2_threshold": 7.814727903251179, "N_raw": 46, "N_roi": 46, "N_inlier": 43, "refit": true}
{"timestamp": "15:38:49.832919", "frame": 58, "mu": [-0.9547200152148385, 0.8219320957158092, 1.5589057593564355], "Sigma": [[0.023084931910215517, 0.009175319410188329, -0.01444879990094586], [0.009175319410188329, 0.005220311810363914, -0.006850049847760052], [-0.014448799900945861, -0.006850049847760052, 0.03222641446559508]], "chi2_level": 0.95, "chi2_df": 3, "chi2_threshold": 7.814727903251179, "N_raw": 61, "N_roi": 61, "N_inlier": 57, "refit": true}
{"timestamp": "15:38:49.890219", "frame": 59, "mu": [-0.8446543801293498, 0.8528124899065844, 1.461843801614257], "Sigma": [[0.017432179197514438, 0.006168999400387086, -0.01522719319662208], [0.006168999400387085, 0.006211144271933144, -0.006953056553994432], [-0.01522719319662208, -0.006953056553994432, 0.04050792245707263]], "chi2_level": 0.95, "chi2_df": 3, "chi2_threshold": 7.814727903251179, "N_raw": 74, "N_roi": 74, "N_inlier": 72, "refit": true}
{"timestamp": "15:38:49.940906", "frame": 60, "mu": [-0.8332222634861909, 0.8673840083535119, 1.5075175335706583], "Sigma": [[0.015059756049228169, 0.010325330739580682, -0.017212887719823586], [0.010325330739580684, 0.009284431806351802, -0.013640538505523932], [-0.01721288771982359, -0.01364053850552393, 0.041607474743805495]], "chi2_level": 0.95, "chi2_df": 3, "chi2_threshold": 7.814727903251179, "N_raw": 36, "N_roi": 36, "N_inlier": 34, "refit": true}
{"timestamp": "15:38:49.999856", "frame": 61, "mu": [-0.6972126789858668, 0.9182340437405748, 1.466477342648986], "Sigma": [[0.0046666355774548285, -0.0021108989512528646, 0.0007987233899774943], [-0.0021108989512528646, 0.0036685214471955914, -0.00275514545633835], [0.0007987233899774943, -0.00275514545633835, 0.003638827143935802]], "chi2_level": 0.95, "chi2_df": 3, "chi2_threshold": 7.814727903251179, "N_raw": 68, "N_roi": 68, "N_inlier": 62, "refit": true}
{"timestamp": "15:38:50.053964", "frame": 62, "mu": [-0.7003078615310208, 0.9375675815332961, 1.4138748410269906], "Sigma": [[0.004968598638378231, -5.780828244925603e-05, 0.004181951289558204], [-5.7808282449255946e-05, 0.0015894777802059861, -0.00295579447849193], [0.004181951289558205, -0.0029557944784919304, 0.015013987930955873]], "chi2_level": 0.95, "chi2_df": 3, "chi2_threshold": 7.814727903251179, "N_raw": 61, "N_roi": 61, "N_inlier": 59, "refit": true}
{"timestamp": "15:38:50.105086", "frame": 63, "mu": [-0.5586761981588124, 0.9512608528691933, 1.3114007762444204], "Sigma": [[0.003430163189415281, 0.0005342951015921323, 0.003508024002353177], [0.0005342951015921323, 0.0009082843101068323, 0.0013004219567017065], [0.003508024002353177, 0.0013004219567017063, 0.013684519318830331]], "chi2_level": 0.95, "chi2_df": 3, "chi2_threshold": 7.814727903251179, "N_raw": 39, "N_roi": 39, "N_inlier": 37, "refit": true}
{"timestamp": "15:38:50.165258", "frame": 64, "mu": [-0.564275918331263, 0.8971978592358476, 1.2884143191691029], "Sigma": [[0.004651574353842039, 0.0005755347531515429, -0.003569246616464685], [0.0005755347531515429, 0.0012262652078401963, -0.0032602205757850024], [-0.0035692466164646847, -0.0032602205757850016, 0.0494472730080618]], "chi2_level": 0.95, "chi2_df": 3, "chi2_threshold": 7.814727903251179, "N_raw": 69, "N_roi": 69, "N_inlier": 67, "refit": true}
{"timestamp": "15:38:50.219894", "frame": 65, "mu": [-0.517181576731541, 0.9773948435538913, 1.4606309868744214], "Sigma": [[0.0035228004717395133, -0.0009829945967843054, -0.0009687983714350783], [-0.0009829945967843054, 0.004701800175704086, -0.0018731438019735152], [-0.0009687983714350782, -0.0018731438019735152, 0.0016661637977978666]], "chi2_level": 0.95, "chi2_df": 3, "chi2_threshold": 7.814727903251179, "N_raw": 65, "N_roi": 65, "N_inlier": 63, "refit": true}
{"timestamp": "15:38:50.268144", "frame": 66, "mu": [-0.5606071272487816, 1.016491011073715, 1.3470331902541834], "Sigma": [[0.0037766609063298088, -0.0016761552218166774, 0.005179437144899357], [-0.0016761552218166771, 0.001307629709412118, -0.003181504506200736], [0.005179437144899357, -0.0031815045062007358, 0.009936291726776335]], "chi2_level": 0.95, "chi2_df": 3, "chi2_threshold": 7.814727903251179, "N_raw": 12, "N_roi": 11, "N_inlier": 10, "refit": true}
{"timestamp": "15:38:50.324849", "frame": 67, "mu": [-0.4441819752362315, 0.993952381687014, 1.5113649317053262], "Sigma": [[0.002781829438228863, -0.0006948201366242801, 0.00042789529603902497], [-0.0006948201366242801, 0.0017948497331320746, -0.0008354628426117169], [0.000427895296039025, -0.0008354628426117171, 0.00042988395135196193]], "chi2_level": 0.95, "chi2_df": 3, "chi2_threshold": 7.814727903251179, "N_raw": 39, "N_roi": 38, "N_inlier": 36, "refit": true}
{"timestamp": "15:38:50.386956", "frame": 68, "mu": [-0.38112518211461927, 1.00376271986733, 1.3824684859913887], "Sigma": [[0.0038325404108361643, -0.001689661759705847, 0.0016697929226759927], [-0.0016896617597058471, 0.004203836447610441, -0.0047968786061807125], [0.0016697929226759931, -0.0047968786061807125, 0.005988093319940823]], "chi2_level": 0.95, "chi2_df": 3, "chi2_threshold": 7.814727903251179, "N_raw": 84, "N_roi": 83, "N_inlier": 81, "refit": true}
{"timestamp": "15:38:50.439626", "frame": 69, "mu": [-0.3524383057217807, 1.0426190165447349, 1.40070258846928], "Sigma": [[0.002712715414280008, -0.0005478320444946501, 0.000777350712122811], [-0.0005478320444946501, 0.0018983167292944154, -0.0037578360611955942], [0.0007773507121228109, -0.0037578360611955942, 0.015783762363625657]], "chi2_level": 0.95, "chi2_df": 3, "chi2_threshold": 7.814727903251179, "N_raw": 68, "N_roi": 68, "N_inlier": 67, "refit": true}
{"timestamp": "15:38:50.494663", "frame": 70, "mu": [-0.297712845004966, 1.0435801430832106, 1.3834758617638307], "Sigma": [[0.003842974911894443, -0.0009109804967231537, 0.003585301689243125], [-0.0009109804967231537, 0.0017935567079110613, -0.0034621156637472416], [0.0035853016892431248, -0.0034621156637472416, 0.01496171467277493]], "chi2_level": 0.95, "chi2_df": 3, "chi2_threshold": 7.814727903251179, "N_raw": 70, "N_roi": 70, "N_inlier": 69, "refit": true}
{"timestamp": "15:38:50.553061", "frame": 71, "mu": [-0.25347126764706357, 0.9920803469007756, 1.2560661700583406], "Sigma": [[0.0035009739395618893, 0.0003858071002771297, 0.004258362572847984], [0.00038580710027712975, 0.0018082487472849756, -0.0009532603266312243], [0.004258362572847984, -0.0009532603266312244, 0.04906271503862249]], "chi2_level": 0.95, "chi2_df": 3, "chi2_threshold": 7.814727903251179, "N_raw": 88, "N_roi": 88, "N_inlier": 85, "refit": true}
{"timestamp": "15:38:50.608480", "frame": 72, "mu": [-0.23946691228123407, 0.997866263614967, 1.2707168562666977], "Sigma": [[0.0026197736714855344, 5.2162566367953424e-05, 0.0006764350819930059], [5.216256636795348e-05, 0.003590432016832815, -0.003765189734804606], [0.0006764350819930061, -0.0037651897348046064, 0.05672827896260409]], "chi2_level": 0.95, "chi2_df": 3, "chi2_threshold": 7.814727903251179, "N_raw": 95, "N_roi": 95, "N_inlier": 94, "refit": true}
{"timestamp": "15:38:50.660873", "frame": 73, "mu": [-0.20605458035299345, 1.0268444226668807, 1.408994265064093], "Sigma": [[0.0024274425316234936, -0.000541118614846757, 5.089791304186699e-05], [-0.000541118614846757, 0.0021190239702633495, -0.004000417027268353], [5.089791304186715e-05, -0.004000417027268353, 0.009284941194452284]], "chi2_level": 0.95, "chi2_df": 3, "chi2_threshold": 7.814727903251179, "N_raw": 71, "N_roi": 71, "N_inlier": 69, "refit": true}
{"timestamp": "15:38:50.712346", "frame": 74, "mu": [-0.18921150673594048, 1.0387944085719885, 1.3689432874378538], "Sigma": [[0.0016884246939550544, -0.0001304431189546033, -0.0001733941740282945], [-0.0001304431189546033, 0.0011386489370588781, -0.0025507739398704984], [-0.0001733941740282945, -0.0025507739398704984, 0.0074561311811255715]], "chi2_level": 0.95, "chi2_df": 3, "chi2_threshold": 7.814727903251179, "N_raw": 52, "N_roi": 52, "N_inlier": 47, "refit": true}
{"timestamp": "15:38:50.771239", "frame": 75, "mu": [-0.10848014190437177, 1.0214657806383027, 1.4064862179557969], "Sigma": [[0.0028607986021043407, -0.0008337977566267496, 0.00021740809504432076], [-0.0008337977566267496, 0.003126077843415933, -0.003944781669250732], [0.00021740809504432076, -0.003944781669250732, 0.005889490844806013]], "chi2_level": 0.95, "chi2_df": 3, "chi2_threshold": 7.814727903251179, "N_raw": 76, "N_roi": 76, "N_inlier": 73, "refit": true}
{"timestamp": "15:38:50.826422", "frame": 76, "mu": [-0.09526016653063303, 1.0282240361067898, 1.3360609445646954], "Sigma": [[0.003398874637741249, -0.0021620378097340744, 0.0015268763741418173], [-0.0021620378097340744, 0.0034749258938906336, -0.0047718401011948835], [0.0015268763741418173, -0.0047718401011948835, 0.008511571297878714]], "chi2_level": 0.95, "chi2_df": 3, "chi2_threshold": 7.814727903251179, "N_raw": 80, "N_roi": 80, "N_inlier": 77, "refit": true}
{"timestamp": "15:38:50.878899", "frame": 77, "mu": [-0.06608888406479395, 1.0096952419440874, 1.309433858382943], "Sigma": [[0.0026095324923736713, -0.0015399794010403662, 5.567869367238127e-05], [-0.0015399794010403662, 0.004009937261548878, -0.0021783492077980266], [5.5678693672381245e-05, -0.0021783492077980266, 0.002835568056692747]], "chi2_level": 0.95, "chi2_df": 3, "chi2_threshold": 7.814727903251179, "N_raw": 57, "N_roi": 57, "N_inlier": 55, "refit": true}
{"timestamp": "15:38:50.932710", "frame": 78, "mu": [-0.018126145739778325, 1.0833541957585775, 1.207533237566463], "Sigma": [[0.0024606726341311813, -0.00028812765564882543, 0.0022165312709624047], [-0.00028812765564882543, 0.0004828729326911372, 0.0007746634963107674], [0.002216531270962405, 0.0007746634963107671, 0.018237416041745072]], "chi2_level": 0.95, "chi2_df": 3, "chi2_threshold": 7.814727903251179, "N_raw": 52, "N_roi": 52, "N_inlier": 48, "refit": true}
{"timestamp": "15:38:50.981366", "frame": 79, "mu": [0.07173192891179758, 1.0165123978415322, 1.3237639226641498], "Sigma": [[0.0005357177681650866, -0.001343573211687742, 0.002157534341601551], [-0.0013435732116877418, 0.004792708796509047, -0.005024967400499265], [0.002157534341601551, -0.005024967400499266, 0.012026840373499586]], "chi2_level": 0.95, "chi2_df": 3, "chi2_threshold": 7.814727903251179, "N_raw": 7, "N_roi": 7, "N_inlier": 6, "refit": true}
{"timestamp": "15:38:51.035872", "frame": 80, "mu": [0.16766666083139692, 1.0494042096795149, 1.4430697270832775], "Sigma": [[0.002052939594790449, 0.0016720912651254191, -0.003842061234218543], [0.0016720912651254191, 0.002796525401856205, -0.004136031068174251], [-0.003842061234218543, -0.004136031068174251, 0.008050971809876739]], "chi2_level": 0.95, "chi2_df": 3, "chi2_threshold": 7.814727903251179, "N_raw": 6, "N_roi": 6, "N_inlier": 5, "refit": true}
{"timestamp": "15:38:51.090596", "frame": 81, "mu": [0.1483247326689976, 1.2344446453890257, -0.6342817154517079], "Sigma": [[0.005607645712974654, -0.013943236404971273, 0.03740741412291855], [-0.013943236404971273, 0.04158212521031428, -0.10021836717179325], [0.03740741412291856, -0.10021836717179325, 0.2576931838544357]], "chi2_level": 0.95, "chi2_df": 3, "chi2_threshold": 7.814727903251179, "N_raw": 10, "N_roi": 9, "N_inlier": 8, "refit": true}
{"timestamp": "15:38:51.149407", "frame": 82, "mu": [0.1456437191184793, 1.0140400788665167, 1.4470538297429099], "Sigma": [[0.0020138000260538137, -0.001657078592488944, 0.0033181849357415386], [-0.001657078592488944, 0.0028537576899307564, -0.006081349173354048], [0.0033181849357415386, -0.006081349173354048, 0.016860981420330805]], "chi2_level": 0.95, "chi2_df": 3, "chi2_threshold": 7.814727903251179, "N_raw": 35, "N_roi": 35, "N_inlier": 33, "refit": true}
{"timestamp": "15:38:51.213209", "frame": 83, "mu": [0.22169752671744186, 0.9549097588808229, 1.1723127573676249], "Sigma": [[0.0036857960003214567, 0.0009290937079462749, 0.007752261987489816], [0.0009290937079462749, 0.0052408219693350555, 0.009423478044936859], [0.007752261987489817, 0.009423478044936859, 0.06369067593376872]], "chi2_level": 0.95, "chi2_df": 3, "chi2_threshold": 7.814727903251179, "N_raw": 94, "N_roi": 94, "N_inlier": 94, "refit": true}
{"timestamp": "15:38:51.262272", "frame": 84, "mu": [0.2058629286931936, 0.9602042312140853, 1.059664948490307], "Sigma": [[0.004481809319595922, 9.71550616902867e-05, 0.009214201656385382], [9.715506169028667e-05, 0.0020966917708192746, 0.004586605057511982], [0.009214201656385382, 0.004586605057511982, 0.07493680519672746]], "chi2_level": 0.95, "chi2_df": 3, "chi2_threshold": 7.814727903251179, "N_raw": 43, "N_roi": 43, "N_inlier": 41, "refit": true}
{"timestamp": "15:38:51.326019", "frame": 85, "mu": [0.2830034352774972, 0.9671628293802683, 1.2110420867920142], "Sigma": [[0.0026681636469871417, -0.0005729156149364833, 0.0027611299692104803], [-0.0005729156149364833, 0.0024561839922192883, -0.0007994880796056173], [0.0027611299692104803, -0.0007994880796056165, 0.052957914469559005]], "chi2_level": 0.95, "chi2_df": 3, "chi2_threshold": 7.814727903251179, "N_raw": 109, "N_roi": 109, "N_inlier": 107, "refit": true}
{"timestamp": "15:38:51.374670", "frame": 86, "mu": [0.3040601578707281, 0.9731374569628655, 1.1424354583845733], "Sigma": [[0.0023421949497090134, -0.0006838674466083909, 0.0026385476589954574], [-0.0006838674466083909, 0.007507283955901022, 0.01164546032290593], [0.002638547658995457, 0.01164546032290593, 0.06795883578179016]], "chi2_level": 0.95, "chi2_df": 3, "chi2_threshold": 7.814727903251179, "N_raw": 62, "N_roi": 62, "N_inlier": 61, "refit": true}
{"timestamp": "15:38:51.422735", "frame": 87, "mu": [0.40084169464527486, 0.9885417437933799, 0.9671903564879447], "Sigma": [[0.005766916198202433, -0.002956828336436072, -0.04620629599867082], [-0.0029568283364360725, 0.012972996481415651, 0.0466750291863756], [-0.04620629599867082, 0.0466750291863756, 0.5010014242020617]], "chi2_level": 0.95, "chi2_df": 3, "chi2_threshold": 7.814727903251179, "N_raw": 12, "N_roi": 12, "N_inlier": 12, "refit": true}
{"timestamp": "15:38:51.480829", "frame": 88, "mu": [0.40746498969115114, 0.981000306549104, 1.3407926425437733], "Sigma": [[0.002099831664956998, -0.0006411803023131649, -0.0016071743679994914], [-0.0006411803023131648, 0.002384253802902196, -0.0010482231734035051], [-0.0016071743679994914, -0.0010482231734035051, 0.005258291435884934]], "chi2_level": 0.95, "chi2_df": 3, "chi2_threshold": 7.814727903251179, "N_raw": 45, "N_roi": 45, "N_inlier": 42, "refit": true}
{"timestamp": "15:38:51.530937", "frame": 89, "mu": [0.4140894425873496, 1.038797838067154, 1.2179739877990552], "Sigma": [[0.000528591807361305, 0.0005685128403806219, 0.0032505487204354594], [0.000568512840380622, 0.001613066303045893, -0.0015538093960174141], [0.0032505487204354594, -0.0015538093960174144, 0.07003301042039765]], "chi2_level": 0.95, "chi2_df": 3, "chi2_threshold": 7.814727903251179, "N_raw": 9, "N_roi": 9, "N_inlier": 7, "refit": true}
{"timestamp": "15:38:51.590650", "frame": 90, "mu": [0.48769611761177073, 1.0837709038275396, 1.4806518451669042], "Sigma": [[0.0017824661413287752, -0.0005188904898972022, -0.0011853097841377884], [-0.0005188904898972022, 0.0032122402487021395, -0.002363870061864271], [-0.0011853097841377884, -0.002363870061864271, 0.0035255975576893154]], "chi2_level": 0.95, "chi2_df": 3, "chi2_threshold": 7.814727903251179, "N_raw": 44, "N_roi": 44, "N_inlier": 41, "refit": true}
{"timestamp": "15:38:51.648390", "frame": 91, "mu": [0.5076048162313338, 1.043468371339492, 1.3121725523799033], "Sigma": [[0.0018931850917819624, -0.0010660691783284325, 0.0021979011077818194], [-0.0010660691783284325, 0.00232169781478523, -0.0023082751624972407], [0.0021979011077818194, -0.0023082751624972403, 0.04121468776961371]], "chi2_level": 0.95, "chi2_df": 3, "chi2_threshold": 7.814727903251179, "N_raw": 56, "N_roi": 56, "N_inlier": 51, "refit": true}
{"timestamp": "15:38:51.702069", "frame": 92, "mu": [0.5897246618821884, 0.9912944621144693, 1.273331854364673], "Sigma": [[0.002037261497653202, 0.0006656474561777654, 0.0006048244629391713], [0.0006656474561777652, 0.0017071824564488696, 0.0018775235830885899], [0.0006048244629391712, 0.0018775235830885899, 0.024887129786792504]], "chi2_level": 0.95, "chi2_df": 3, "chi2_threshold": 7.814727903251179, "N_raw": 48, "N_roi": 48, "N_inlier": 46, "refit": true}
{"timestamp": "15:38:51.755087", "frame": 93, "mu": [0.6089787674824824, 1.0049475867306494, 1.2587506743501842], "Sigma": [[0.0021168576240366633, 1.991782274630543e-05, 0.00043667784954993496], [1.9917822746305484e-05, 0.003988522989385657, -0.0007227592651027597], [0.00043667784954993486, -0.0007227592651027597, 0.0018872514938706798]], "chi2_level": 0.95, "chi2_df": 3, "chi2_threshold": 7.814727903251179, "N_raw": 38, "N_roi": 38, "N_inlier": 36, "refit": true}
{"timestamp": "15:38:51.810329", "frame": 94, "mu": [0.6595523420873264, 1.0886753263859692, 1.4433587006763715], "Sigma": [[0.002552815231400253, -0.0006415361783449801, -0.001495154440135914], [-0.0006415361783449801, 0.001674504033719443, -0.0015643906267712566], [-0.001495154440135914, -0.0015643906267712566, 0.003917872591527241]], "chi2_level": 0.95, "chi2_df": 3, "chi2_threshold": 7.814727903251179, "N_raw": 37, "N_roi": 37, "N_inlier": 36, "refit": true}
{"timestamp": "15:38:51.863262", "frame": 95, "mu": [0.7027045335907337, 1.045095503041731, 1.3496215699991496], "Sigma": [[0.0025151873767515816, -0.0008181589464244855, -0.0005241146467176237], [-0.0008181589464244855, 0.0012064234518016305, -0.00038776869198231523], [-0.0005241146467176237, -0.00038776869198231523, 0.0007444562236940959]], "chi2_level": 0.95, "chi2_df": 3, "chi2_threshold": 7.814727903251179, "N_raw": 25, "N_roi": 25, "N_inlier": 23, "refit": true}
{"timestamp": "15:38:51.918434", "frame": 96, "mu": [0.6879510756956516, 1.0716619648847865, 1.5034245912864692], "Sigma": [[0.0022615630494653444, -0.00033711799815804987, -0.0021385867621567093], [-0.0003371179981580498, 0.0012681018168357188, -0.0005318215711841832], [-0.0021385867621567093, -0.0005318215711841831, 0.0032725289646135594]], "chi2_level": 0.95, "chi2_df": 3, "chi2_threshold": 7.814727903251179, "N_raw": 24, "N_roi": 24, "N_inlier": 22, "refit": true}
{"timestamp": "15:38:51.975203", "frame": 97, "mu": [0.7339509225413033, 1.1120467240612875, 1.4081417684704562], "Sigma": [[0.002857393640932429, -0.0007771244305889887, -0.0018055159473625907], [-0.0007771244305889889, 0.0027566843502054884, 0.005203155843941283], [-0.0018055159473625907, 0.005203155843941283, 0.027173821221636696]], "chi2_level": 0.95, "chi2_df": 3, "chi2_threshold": 7.814727903251179, "N_raw": 42, "N_roi": 42, "N_inlier": 42, "refit": true}
{"timestamp": "15:38:52.032171", "frame": 98, "mu": [0.7609124465910488, 1.212436066919936, -0.36666613051362007], "Sigma": [[0.003633476981338836, 0.0003958721210854273, -0.0016888120310534953], [0.0003958721210854272, 0.0017778944924742638, -0.004375317463060347], [-0.001688812031053495, -0.004375317463060347, 0.014071365878675848]], "chi2_level": 0.95, "chi2_df": 3, "chi2_threshold": 7.814727903251179, "N_raw": 49, "N_roi": 49, "N_inlier": 47, "refit": true}
{"timestamp": "15:38:52.083675", "frame": 99, "mu": [0.8085262069515441, 1.0372832245428545, 1.2071242044770152], "Sigma": [[0.0013234867961518396, 0.00020678352571973878, 0.00012627582722059543], [0.00020678352571973878, 0.0028269658881132477, -0.0007229740554893553], [0.00012627582722059543, -0.0007229740554893552, 0.0007253981855357234]], "chi2_level": 0.95, "chi2_df": 3, "chi2_threshold": 7.814727903251179, "N_raw": 22, "N_roi": 22, "N_inlier": 20, "refit": true}
{"timestamp": "15:38:52.237017", "frame": 100, "mu": [0.8335257748107642, 1.0514921558459691, 1.2732396458150406], "Sigma": [[0.0006707625177396252, 0.0027883927711317455, 0.0002846182860954179], [0.0027883927711317455, 0.012775196087595142, 0.001731978474287459], [0.0002846182860954179, 0.001731978474287459, 0.0004091263372498064]], "chi2_level": 0.95, "chi2_df": 3, "chi2_threshold": 7.814727903251179, "N_raw": 5, "N_roi": 5, "N_inlier": 5, "refit": true}
{"timestamp": "15:38:52.268560", "frame": 101, "mu": [0.8670125349690353, 1.059093453085589, 1.2318380413094194], "Sigma": [[0.0006688746071169357, 0.0026575417172791924, 0.0003030149518523618], [0.002657541717279193, 0.013574782543921598, 0.001286516876747361], [0.0003030149518523618, 0.0012865168767473608, 0.0006798667650952816]], "chi2_level": 0.95, "chi2_df": 3, "chi2_threshold": 7.814727903251179, "N_raw": 5, "N_roi": 5, "N_inlier": 5, "refit": true}
{"timestamp": "15:38:52.302568", "frame": 102, "mu": [0.9135253200932595, 1.1228996414313888, 1.547754269805704], "Sigma": [[0.0015280373534000125, -0.0008914008513412594, -0.0007548558712023375], [-0.0008914008513412593, 0.001289792864687481, 0.00019609025511799943], [-0.0007548558712023375, 0.00019609025511799948, 0.0007606979484105109]], "chi2_level": 0.95, "chi2_df": 3, "chi2_threshold": 7.814727903251179, "N_raw": 12, "N_roi": 12, "N_inlier": 11, "refit": true}
{"timestamp": "15:38:52.331926", "frame": 103, "mu": [0.9548888941802554, 1.145450931457216, 1.3933779983568282], "Sigma": [[0.0009522287876639898, -0.0008488153245088991, -0.0023007625843639522], [-0.000848815324508899, 0.0015177416910142104, 0.005377032716147129], [-0.0023007625843639527, 0.005377032716147128, 0.045767800391182924]], "chi2_level": 0.95, "chi2_df": 3, "chi2_threshold": 7.814727903251179, "N_raw": 13, "N_roi": 13, "N_inlier": 12, "refit": true}
{"timestamp": "15:38:52.365053", "frame": 104, "mu": [0.9905824275941315, 1.1412524097509407, 1.2734160461286916], "Sigma": [[0.0028034026320136788, -0.000881617313154097, -0.009862957387205792], [-0.000881617313154097, 0.0012918223257263556, 0.0050016680877014415], [-0.009862957387205792, 0.005001668087701441, 0.03890261602013777]], "chi2_level": 0.95, "chi2_df": 3, "chi2_threshold": 7.814727903251179, "N_raw": 6, "N_roi": 6, "N_inlier": 6, "refit": true}
