{"timestamp": "14:54:00.196401", "frame": 32, "mu": [-2.4184572703789207, 3.3433738313109322, 0.8169047885961449], "Sigma": [[0.0024831224849878875, 0.0011130930020378457, -0.0022889481177721894], [0.0011130930020378457, 0.002475160748379466, -0.003190384247682587], [-0.0022889481177721894, -0.003190384247682587, 0.00704985706580235]], "chi2_level": 0.95, "chi2_df": 3, "chi2_threshold": 7.814727903251179, "N_raw": 37, "N_roi": 11, "N_inlier": 11, "refit": true}
{"timestamp": "14:54:00.250913", "frame": 33, "mu": [-2.4450547466035832, 3.230660080652579, 0.9173359539725962], "Sigma": [[0.0022417646132514915, 0.0007874314452086136, -0.00017779002796362934], [0.0007874314452086137, 0.0012578060345807527, -0.0003681081778412721], [-0.00017779002796362934, -0.0003681081778412721, 0.0001104140857358747]], "chi2_level": 0.95, "chi2_df": 3, "chi2_threshold": 7.814727903251179, "N_raw": 32, "N_roi": 6, "N_inlier": 6, "refit": true}
{"timestamp": "14:54:00.415234", "frame": 36, "mu": [-2.409603611103107, 3.1919305778419607, 0.8133981997789974], "Sigma": [[0.0034657475096347666, 0.0018121178013218039, -0.003051294419767316], [0.0018121178013218039, 0.003464037372627197, -0.00350786895584052], [-0.003051294419767316, -0.00350786895584052, 0.007036702578910173]], "chi2_level": 0.95, "chi2_df": 3, "chi2_threshold": 7.814727903251179, "N_raw": 30, "N_roi": 16, "N_inlier": 15, "refit": true}
{"timestamp": "14:54:00.469767", "frame": 37, "mu": [-2.377162951314905, 3.179273389424229, 1.1027505423127102], "Sigma": [[0.004963830962038912, 0.0029621953622906046, -0.0011976106697452792], [0.0029621953622906046, 0.0039941542252772645, -0.0012386152816086034], [-0.0011976106697452792, -0.0012386152816086034, 0.0005012055540608717]], "chi2_level": 0.95, "chi2_df": 3, "chi2_threshold": 7.814727903251179, "N_raw": 26, "N_roi": 15, "N_inlier": 13, "refit": true}
{"timestamp": "14:54:00.528973", "frame": 38, "mu": [-2.3479921561944455, 3.1307323590646416, 0.8286011855336108], "Sigma": [[0.006843903551742509, 0.004564794265156586, -0.005682334299716662], [0.004564794265156587, 0.007337768546646199, -0.009888292155093669], [-0.005682334299716662, -0.009888292155093669, 0.01649201766906607]], "chi2_level": 0.95, "chi2_df": 3, "chi2_threshold": 7.814727903251179, "N_raw": 48, "N_roi": 31, "N_inlier": 29, "refit": true}
{"timestamp": "14:54:00.582877", "frame": 39, "mu": [-2.3815577513590833, 3.0425850552139106, 0.908805388257795], "Sigma": [[0.0045013511049849355, 0.00567574148370327, -0.010208139583809131], [0.00567574148370327, 0.007998772591103894, -0.015155946522982106], [-0.010208139583809131, -0.015155946522982106, 0.029871348591659297]], "chi2_level": 0.95, "chi2_df": 3, "chi2_threshold": 7.814727903251179, "N_raw": 19, "N_roi": 9, "N_inlier": 7, "refit": true}
{"timestamp": "14:54:00.634381", "frame": 40, "mu": [-2.3028661672849284, 3.117789116175246, 0.8680877816212247], "Sigma": [[0.0005580775249545077, 0.0015627740228609547, -0.003514943123424945], [0.0015627740228609545, 0.0049582401858688395, -0.009937342291654872], [-0.003514943123424945, -0.009937342291654872, 0.02606061906755555]], "chi2_level": 0.95, "chi2_df": 3, "chi2_threshold": 7.814727903251179, "N_raw": 6, "N_roi": 6, "N_inlier": 5, "refit": true}
{"timestamp": "14:54:00.690737", "frame": 41, "mu": [-2.2471816362804162, 3.0676238505118194, 0.9385061216271056], "Sigma": [[0.007302901276301388, 0.009307298864751234, -0.019303336254083536], [0.009307298864751236, 0.012190871012756508, -0.024658813482587354], [-0.019303336254083536, -0.024658813482587354, 0.06542600569279108]], "chi2_level": 0.95, "chi2_df": 3, "chi2_threshold": 7.814727903251179, "N_raw": 6, "N_roi": 6, "N_inlier": 6, "refit": true}
{"timestamp": "14:54:00.745713", "frame": 42, "mu": [-2.1855875736753143, 3.065448441077643, 0.6777506620066486], "Sigma": [[0.00987176566405114, 0.004933357323536668, -0.02130388530504712], [0.004933357323536668, 0.003381125492056777, -0.015513542918776022], [-0.02130388530504712, -0.015513542918776022, 0.08133313499528774]], "chi2_level": 0.95, "chi2_df": 3, "chi2_threshold": 7.814727903251179, "N_raw": 13, "N_roi": 13, "N_inlier": 13, "refit": true}
{"timestamp": "14:54:00.806638", "frame": 43, "mu": [-2.2111901467439417, 3.035902783444471, 0.9377878217041529], "Sigma": [[0.023159970890134572, 0.014245220843717286, -0.04088494880023545], [0.014245220843717286, 0.01286743576077822, -0.03480323885633281], [-0.04088494880023545, -0.03480323885633281, 0.10851652477495596]], "chi2_level": 0.95, "chi2_df": 3, "chi2_threshold": 7.814727903251179, "N_raw": 52, "N_roi": 50, "N_inlier": 48, "refit": true}
{"timestamp": "14:54:00.854917", "frame": 44, "mu": [-2.271767025893281, 2.9857464690131987, 0.8545840235242559], "Sigma": [[0.0033731671738802017, 0.006854089969695096, -0.002605485767387087], [0.006854089969695096, 0.016277187628110923, -0.007995469999196437], [-0.002605485767387087, -0.007995469999196436, 0.005604551625280862]], "chi2_level": 0.95, "chi2_df": 3, "chi2_threshold": 7.814727903251179, "N_raw": 5, "N_roi": 5, "N_inlier": 5, "refit": true}
{"timestamp": "14:54:00.909690", "frame": 45, "mu": [-2.222920018641268, 2.9228510202442903, 0.9028388534795874], "Sigma": [[0.02656135922489901, 0.017628947607706245, -0.054776281985057906], [0.017628947607706245, 0.013747953599869354, -0.03921939735436493], [-0.054776281985057906, -0.03921939735436493, 0.11864652845265225]], "chi2_level": 0.95, "chi2_df": 3, "chi2_threshold": 7.814727903251179, "N_raw": 9, "N_roi": 9, "N_inlier": 8, "refit": true}
{"timestamp": "14:54:00.967792", "frame": 46, "mu": [-2.18140114190989, 2.916533290157611, 1.0674354881847583], "Sigma": [[0.012406118542750182, 0.005449995181483011, -0.010771258085411375], [0.005449995181483011, 0.0037589725109702936, -0.006285331882260799], [-0.010771258085411375, -0.006285331882260799, 0.013309593824499867]], "chi2_level": 0.95, "chi2_df": 3, "chi2_threshold": 7.814727903251179, "N_raw": 27, "N_roi": 25, "N_inlier": 23, "refit": true}
{"timestamp": "14:54:01.025300", "frame": 47, "mu": [-2.090662282020605, 2.959118559077527, 0.8710749919625275], "Sigma": [[0.011199722379697205, 0.004903198948597514, -0.012849272512074735], [0.004903198948597514, 0.00804194665846161, -0.013125205718161694], [-0.012849272512074735, -0.013125205718161694, 0.02663755237135127]], "chi2_level": 0.95, "chi2_df": 3, "chi2_threshold": 7.814727903251179, "N_raw": 42, "N_roi": 42, "N_inlier": 40, "refit": true}
{"timestamp": "14:54:01.078298", "frame": 48, "mu": [-1.9991956269424653, 2.9578963621168817, 0.7322984886791284], "Sigma": [[0.010342661051969909, 0.005085564746198863, -0.007788726453527564], [0.005085564746198863, 0.004206350335672171, -0.006306041757710667], [-0.007788726453527564, -0.006306041757710667, 0.01245682997514058]], "chi2_level": 0.95, "chi2_df": 3, "chi2_threshold": 7.814727903251179, "N_raw": 32, "N_roi": 31, "N_inlier": 29, "refit": true}
{"timestamp": "14:54:01.130532", "frame": 49, "mu": [-1.996506549796053, 2.9954707336107167, 1.0488451969804566], "Sigma": [[0.0007066827549942653, -0.0009821881769313666, 0.001584608138192448], [-0.0009821881769313666, 0.0027086877346255227, -0.006710850491063127], [0.0015846081381924485, -0.006710850491063127, 0.02180594148204899]], "chi2_level": 0.95, "chi2_df": 3, "chi2_threshold": 7.814727903251179, "N_raw": 5, "N_roi": 5, "N_inlier": 5, "refit": true}
{"timestamp": "14:54:01.187780", "frame": 50, "mu": [-1.9980585962853328, 2.902315323853032, 1.107303385244712], "Sigma": [[0.013457813682399978, 0.005415961668639967, -0.013553526566554145], [0.005415961668639967, 0.00448513595487337, -0.00746834663164396], [-0.013553526566554144, -0.00746834663164396, 0.017295089579190872]], "chi2_level": 0.95, "chi2_df": 3, "chi2_threshold": 7.814727903251179, "N_raw": 27, "N_roi": 27, "N_inlier": 25, "refit": true}
{"timestamp": "14:54:01.241040", "frame": 51, "mu": [-1.9773618189835203, 2.8839219012089146, 0.8413868371629738], "Sigma": [[0.008326263551094283, 0.0027616386374693033, -0.01048121766911072], [0.0027616386374693033, 0.0033701239820388986, -0.003678746128489615], [-0.01048121766911072, -0.0036787461284896153, 0.014317155222323396]], "chi2_level": 0.95, "chi2_df": 3, "chi2_threshold": 7.814727903251179, "N_raw": 17, "N_roi": 17, "N_inlier": 16, "refit": true}
{"timestamp": "14:54:01.300044", "frame": 52, "mu": [-1.8974303710901401, 2.889330352207195, 0.9500058812835792], "Sigma": [[0.013912547794300132, 0.005288856766234682, -0.017580513810177497], [0.005288856766234682, 0.004560454765639988, -0.011904109704635624], [-0.017580513810177497, -0.011904109704635624, 0.03935186179818472]], "chi2_level": 0.95, "chi2_df": 3, "chi2_threshold": 7.814727903251179, "N_raw": 47, "N_roi": 47, "N_inlier": 46, "refit": true}
{"timestamp": "14:54:01.352228", "frame": 53, "mu": [-1.8937354722393633, 2.9787501703459873, -0.2913954759804647], "Sigma": [[0.004852306053462121, 0.0019418979282492446, -0.0033120858656368775], [0.001941897928249245, 0.003788366476415124, -0.004900601765957984], [-0.0033120858656368775, -0.004900601765957984, 0.010487311598240458]], "chi2_level": 0.95, "chi2_df": 3, "chi2_threshold": 7.814727903251179, "N_raw": 22, "N_roi": 21, "N_inlier": 19, "refit": true}
{"timestamp": "14:54:01.411935", "frame": 54, "mu": [-1.7972022513707582, 2.8944891689927696, 0.8874335279885107], "Sigma": [[0.01583407085045492, 0.00997296772806806, -0.020459343401796684], [0.00997296772806806, 0.01031267272906707, -0.017528697111076234], [-0.020459343401796684, -0.017528697111076234, 0.033867408514294206]], "chi2_level": 0.95, "chi2_df": 3, "chi2_threshold": 7.814727903251179, "N_raw": 52, "N_roi": 52, "N_inlier": 50, "refit": true}
{"timestamp": "14:54:01.463700", "frame": 55, "mu": [-1.797241976188473, 2.7868157894762797, 0.8426839866407081], "Sigma": [[0.011744576605863163, 0.005145958877899968, -0.011739396518478933], [0.005145958877899968, 0.00520159920408042, -0.00708802905866548], [-0.011739396518478933, -0.00708802905866548, 0.014615625797552103]], "chi2_level": 0.95, "chi2_df": 3, "chi2_threshold": 7.814727903251179, "N_raw": 26, "N_roi": 26, "N_inlier": 25, "refit": true}
{"timestamp": "14:54:01.521426", "frame": 56, "mu": [-1.7540348647617607, 2.797531857214715, -0.939099413316095], "Sigma": [[0.014576346055201644, 0.013802413929145678, 0.018590500507099594], [0.013802413929145678, 0.021201565602441127, 0.028431520868053922], [0.018590500507099594, 0.028431520868053922, 0.07515006503004994]], "chi2_level": 0.95, "chi2_df": 3, "chi2_threshold": 7.814727903251179, "N_raw": 53, "N_roi": 52, "N_inlier": 50, "refit": true}
{"timestamp": "14:54:01.576265", "frame": 57, "mu": [-1.754114592849183, 2.918357695279503, -0.2600056888238957], "Sigma": [[0.012135363083440827, 0.005260131743316689, -0.006916457681051731], [0.005260131743316689, 0.008517007260496187, -0.011645384922854168], [-0.0069164576810517315, -0.011645384922854166, 0.017667920983353836]], "chi2_level": 0.95, "chi2_df": 3, "chi2_threshold": 7.814727903251179, "N_raw": 49, "N_roi": 49, "N_inlier": 47, "refit": true}
{"timestamp": "14:54:01.625122", "frame": 58, "mu": [-1.6925542515313614, 2.8110431171121077, 0.9907392306423886], "Sigma": [[0.002120048602676848, 0.0047465781824637815, -0.0052829208202629175], [0.0047465781824637815, 0.012463025607381311, -0.011811214455249628], [-0.0052829208202629175, -0.011811214455249628, 0.014590201476069502]], "chi2_level": 0.95, "chi2_df": 3, "chi2_threshold": 7.814727903251179, "N_raw": 7, "N_roi": 7, "N_inlier": 6, "refit": true}
{"timestamp": "14:54:01.686827", "frame": 59, "mu": [-1.5797097915287615, 2.7515590785053754, 0.7999002034868024], "Sigma": [[0.016227313195407454, 0.009976414326458356, -0.010094245685332627], [0.009976414326458356, 0.010909129986149126, -0.008348276333578729], [-0.01009424568533263, -0.00834827633357873, 0.010884693723564374]], "chi2_level": 0.95, "chi2_df": 3, "chi2_threshold": 7.814727903251179, "N_raw": 54, "N_roi": 54, "N_inlier": 51, "refit": true}
{"timestamp": "14:54:01.742136", "frame": 60, "mu": [-1.6022578980141613, 2.7062557814823, 0.8739018673651647], "Sigma": [[0.013624221669120263, 0.004772293835751767, -0.009725144183754454], [0.004772293835751767, 0.006839972067190849, -0.007967077538856324], [-0.009725144183754454, -0.007967077538856324, 0.022066540721897725]], "chi2_level": 0.95, "chi2_df": 3, "chi2_threshold": 7.814727903251179, "N_raw": 60, "N_roi": 60, "N_inlier": 59, "refit": true}
{"timestamp": "14:54:01.791223", "frame": 61, "mu": [-1.5677755061072116, 2.6604312046656458, 1.0699027498809812], "Sigma": [[0.003213701159405535, 0.004084815059510406, -0.004787029369419205], [0.004084815059510406, 0.010277870135494211, -0.009109093002230529], [-0.004787029369419207, -0.009109093002230529, 0.026037798263410534]], "chi2_level": 0.95, "chi2_df": 3, "chi2_threshold": 7.814727903251179, "N_raw": 15, "N_roi": 15, "N_inlier": 15, "refit": true}
{"timestamp": "14:54:01.849778", "frame": 62, "mu": [-1.510266179901988, 2.6848662883820906, 0.9598933797976935], "Sigma": [[0.011070260489963403, 0.0054173399201784215, -0.011710872660185454], [0.0054173399201784215, 0.006499943642167691, -0.011963631963504678], [-0.011710872660185456, -0.011963631963504678, 0.02463139856512817]], "chi2_level": 0.95, "chi2_df": 3, "chi2_threshold": 7.814727903251179, "N_raw": 43, "N_roi": 43, "N_inlier": 42, "refit": true}
{"timestamp": "14:54:01.909061", "frame": 63, "mu": [-1.471449870222442, 2.6476614240429113, 0.8083540808307723], "Sigma": [[0.014342524490749816, 0.0027215147860300704, -0.021261002173797817], [0.0027215147860300704, 0.0016186421961707383, -0.009458646254782797], [-0.021261002173797817, -0.009458646254782797, 0.08634372796791817]], "chi2_level": 0.95, "chi2_df": 3, "chi2_threshold": 7.814727903251179, "N_raw": 73, "N_roi": 73, "N_inlier": 72, "refit": true}
{"timestamp": "14:54:01.964363", "frame": 64, "mu": [-1.377954754122469, 2.659940702514562, 0.7484987518439694], "Sigma": [[0.015217752945110755, 0.0047982796228547685, -0.020741624464474213], [0.0047982796228547685, 0.0030618886991931153, -0.011596103440215774], [-0.02074162446447421, -0.011596103440215774, 0.05709402907495376]], "chi2_level": 0.95, "chi2_df": 3, "chi2_threshold": 7.814727903251179, "N_raw": 68, "N_roi": 68, "N_inlier": 67, "refit": true}
{"timestamp": "14:54:02.020361", "frame": 65, "mu": [-1.3905359268491662, 2.62722295502726, 0.8993815505685139], "Sigma": [[0.01825864270942677, 0.003966839247585819, -0.03022296927707516], [0.003966839247585819, 0.002821036522646571, -0.010519570120851768], [-0.03022296927707516, -0.010519570120851768, 0.10139457423757196]], "chi2_level": 0.95, "chi2_df": 3, "chi2_threshold": 7.814727903251179, "N_raw": 80, "N_roi": 80, "N_inlier": 78, "refit": true}
{"timestamp": "14:54:02.077458", "frame": 66, "mu": [-1.373091428295133, 2.506474380767363, 0.717731863539432], "Sigma": [[0.02050752104143532, 0.011168038641335188, -0.022421042603196793], [0.011168038641335188, 0.01078456458292792, -0.01813233849349731], [-0.022421042603196793, -0.01813233849349731, 0.04062761598411536]], "chi2_level": 0.95, "chi2_df": 3, "chi2_threshold": 7.814727903251179, "N_raw": 91, "N_roi": 91, "N_inlier": 87, "refit": true}
{"timestamp": "14:54:02.130802", "frame": 67, "mu": [-1.3455512934665783, 2.5784492390847156, 0.8616414920337921], "Sigma": [[0.016847356990164913, 0.005986866837931107, -0.02777748738189681], [0.005986866837931107, 0.006768306917973779, -0.020670333438369663], [-0.02777748738189681, -0.02067033343836966, 0.07878382411213125]], "chi2_level": 0.95, "chi2_df": 3, "chi2_threshold": 7.814727903251179, "N_raw": 77, "N_roi": 75, "N_inlier": 72, "refit": true}
{"timestamp": "14:54:02.185458", "frame": 68, "mu": [-1.2865026175791512, 2.571188190202212, 0.8901271021738265], "Sigma": [[0.017671494249154717, 0.006225478519691342, -0.03310238487471322], [0.006225478519691342, 0.004312424763076759, -0.018894393645734885], [-0.03310238487471322, -0.01889439364573488, 0.10345584642074038]], "chi2_level": 0.95, "chi2_df": 3, "chi2_threshold": 7.814727903251179, "N_raw": 79, "N_roi": 79, "N_inlier": 76, "refit": true}
{"timestamp": "14:54:02.241630", "frame": 69, "mu": [-1.2529872086878098, 2.663032802021105, -0.4916131615583571], "Sigma": [[0.018109051646789394, 0.006466925104058037, 0.04126041217719734], [0.006466925104058037, 0.024915169479093814, -0.011156965322676456], [0.04126041217719734, -0.011156965322676458, 0.19432209841628553]], "chi2_level": 0.95, "chi2_df": 3, "chi2_threshold": 7.814727903251179, "N_raw": 86, "N_roi": 86, "N_inlier": 86, "refit": true}
{"timestamp": "14:54:02.288704", "frame": 70, "mu": [-1.266822826414714, 2.499516628396542, 0.9105641456351736], "Sigma": [[0.007156195152185769, 0.0026711552288641383, -0.00728648483038569], [0.0026711552288641383, 0.002126524123516572, -0.004671102890598758], [-0.00728648483038569, -0.004671102890598758, 0.028047056119437412]], "chi2_level": 0.95, "chi2_df": 3, "chi2_threshold": 7.814727903251179, "N_raw": 26, "N_roi": 26, "N_inlier": 23, "refit": true}
{"timestamp": "14:54:02.348647", "frame": 71, "mu": [-1.2066817281484181, 2.4996310528672607, 0.8824871063882078], "Sigma": [[0.020763585554403854, 0.0050483706075048086, -0.04135689982810991], [0.0050483706075048086, 0.0027702317628801884, -0.016111887765827098], [-0.04135689982810991, -0.0161118877658271, 0.1336059100366284]], "chi2_level": 0.95, "chi2_df": 3, "chi2_threshold": 7.814727903251179, "N_raw": 72, "N_roi": 71, "N_inlier": 69, "refit": true}
{"timestamp": "14:54:02.400180", "frame": 72, "mu": [-1.1612516876494692, 2.509561238412729, 1.110695095826156], "Sigma": [[0.009781464988859253, 0.0031081230572649063, -0.005146926290712319], [0.0031081230572649068, 0.0020347586271421718, -0.004391947798951006], [-0.005146926290712319, -0.004391947798951006, 0.013576039113231934]], "chi2_level": 0.95, "chi2_df": 3, "chi2_threshold": 7.814727903251179, "N_raw": 44, "N_roi": 43, "N_inlier": 39, "refit": true}
{"timestamp": "14:54:02.457061", "frame": 73, "mu": [-1.200341797561257, 2.388358924191256, 0.9568299781039367], "Sigma": [[0.013173567041373435, 0.0031602372126395663, -0.004546784559071939], [0.0031602372126395663, 0.002637383210981408, -0.00532408405636012], [-0.004546784559071938, -0.00532408405636012, 0.013193025419898965]], "chi2_level": 0.95, "chi2_df": 3, "chi2_threshold": 7.814727903251179, "N_raw": 57, "N_roi": 57, "N_inlier": 56, "refit": true}
{"timestamp": "14:54:02.509230", "frame": 74, "mu": [-1.0624334951665069, 2.6410585357642655, -0.5260670768631054], "Sigma": [[0.008876190255500321, 0.004157366228146081, -0.002316326146370693], [0.004157366228146081, 0.004645817582260263, -0.003223681474485815], [-0.002316326146370693, -0.003223681474485815, 0.003518945148083331]], "chi2_level": 0.95, "chi2_df": 3, "chi2_threshold": 7.814727903251179, "N_raw": 38, "N_roi": 38, "N_inlier": 34, "refit": true}
{"timestamp": "14:54:02.569985", "frame": 75, "mu": [-1.0479726483336826, 2.6088608696064792, -0.452391579047492], "Sigma": [[0.017336179651838694, 0.01066622295687886, -0.01865575801432305], [0.01066622295687886, 0.012001616353023837, -0.02216092540083972], [-0.01865575801432305, -0.02216092540083972, 0.042648929440200586]], "chi2_level": 0.95, "chi2_df": 3, "chi2_threshold": 7.814727903251179, "N_raw": 82, "N_roi": 82, "N_inlier": 80, "refit": true}
{"timestamp": "14:54:02.619697", "frame": 76, "mu": [-0.9918645479564514, 2.365012348575549, 0.8688282649592378], "Sigma": [[0.010522746705864245, 0.0006378669924713278, -0.00029111826272823905], [0.0006378669924713278, 0.001264456367741909, -0.0007769325958646609], [-0.00029111826272823884, -0.0007769325958646607, 0.007578117982075576]], "chi2_level": 0.95, "chi2_df": 3, "chi2_threshold": 7.814727903251179, "N_raw": 32, "N_roi": 32, "N_inlier": 29, "refit": true}
{"timestamp": "14:54:02.676193", "frame": 77, "mu": [-0.9265160438348038, 2.374665854975177, 0.8465150305098913], "Sigma": [[0.011032466971789487, 0.004795603156581447, -0.0018376810982965318], [0.004795603156581447, 0.0049931136899649215, -0.0032792326034115186], [-0.0018376810982965318, -0.003279232603411519, 0.006442341733998173]], "chi2_level": 0.95, "chi2_df": 3, "chi2_threshold": 7.814727903251179, "N_raw": 52, "N_roi": 52, "N_inlier": 50, "refit": true}
{"timestamp": "14:54:02.733227", "frame": 78, "mu": [-1.0240871441477555, 2.307586848375609, 0.9302206552566952], "Sigma": [[0.012463548183220102, 0.001141128555528886, -0.009426047378257817], [0.001141128555528886, 0.001274989998208873, -0.0036430395674045962], [-0.009426047378257817, -0.0036430395674045962, 0.02761914649476558]], "chi2_level": 0.95, "chi2_df": 3, "chi2_threshold": 7.814727903251179, "N_raw": 62, "N_roi": 62, "N_inlier": 58, "refit": true}
{"timestamp": "14:54:02.789463", "frame": 79, "mu": [-0.9183678681348207, 2.3348234556110103, 0.9670125518813308], "Sigma": [[0.014782191918775873, 0.005094404027532456, -0.01101007230413643], [0.005094404027532456, 0.0033025159119285065, -0.009434483059284675], [-0.01101007230413643, -0.009434483059284673, 0.03525519827615979]], "chi2_level": 0.95, "chi2_df": 3, "chi2_threshold": 7.814727903251179, "N_raw": 70, "N_roi": 70, "N_inlier": 67, "refit": true}
{"timestamp": "14:54:02.839027", "frame": 80, "mu": [-0.7239375829174695, 2.463930842453068, 0.7771146861028189], "Sigma": [[0.011694746026808893, 0.006120307945562684, -0.006119908498486185], [0.006120307945562684, 0.0049355576166308845, -0.005930826316460714], [-0.006119908498486185, -0.005930826316460714, 0.011372656451015277]], "chi2_level": 0.95, "chi2_df": 3, "chi2_threshold": 7.814727903251179, "N_raw": 27, "N_roi": 27, "N_inlier": 24, "refit": true}
{"timestamp": "14:54:02.899402", "frame": 81, "mu": [-0.85075076318008, 2.251847598257816, 1.1371020382482278], "Sigma": [[0.013231341377176823, 0.002171967531821135, 0.002682491286085895], [0.002171967531821135, 0.0017131947755498914, -0.0042635579767063584], [0.002682491286085896, -0.0042635579767063584, 0.0367657083534958]], "chi2_level": 0.95, "chi2_df": 3, "chi2_threshold": 7.814727903251179, "N_raw": 73, "N_roi": 73, "N_inlier": 71, "refit": true}
{"timestamp": "14:54:02.958567", "frame": 82, "mu": [-0.7919895853369522, 2.2719459850703116, 1.1334704256933432], "Sigma": [[0.01396268325569947, 0.004653754287600353, -0.010914955165103981], [0.004653754287600353, 0.0061974675418051866, -0.013971284694046035], [-0.010914955165103981, -0.013971284694046035, 0.03499478855793097]], "chi2_level": 0.95, "chi2_df": 3, "chi2_threshold": 7.814727903251179, "N_raw": 100, "N_roi": 100, "N_inlier": 97, "refit": true}
{"timestamp": "14:54:03.012484", "frame": 83, "mu": [-0.7490583023144185, 2.228658208910643, 1.0569370496130708], "Sigma": [[0.01165294050215156, 0.004824512865147372, -0.015306666298661507], [0.004824512865147372, 0.008015520266603005, -0.017254152244404825], [-0.015306666298661507, -0.017254152244404825, 0.07865294219898927]], "chi2_level": 0.95, "chi2_df": 3, "chi2_threshold": 7.814727903251179, "N_raw": 94, "N_roi": 94, "N_inlier": 92, "refit": true}
{"timestamp": "14:54:03.066629", "frame": 84, "mu": [-0.7728300469719668, 2.3041159273148986, -0.12176618582187107], "Sigma": [[0.009828341806846769, -7.471598020958862e-05, 0.016049456150200314], [-7.471598020958862e-05, 0.006976234981311002, -0.025928773441203597], [0.016049456150200314, -0.025928773441203597, 0.16923962582684185]], "chi2_level": 0.95, "chi2_df": 3, "chi2_threshold": 7.814727903251179, "N_raw": 82, "N_roi": 82, "N_inlier": 78, "refit": true}
{"timestamp": "14:54:03.124029", "frame": 85, "mu": [-0.710324580783817, 2.1220985030304416, 1.0598157528679497], "Sigma": [[0.011870317692394649, 0.0013811455749402216, -0.003298888730053751], [0.0013811455749402214, 0.0018451041774195924, -0.007583072096175617], [-0.0032988887300537503, -0.007583072096175617, 0.051865768880560714]], "chi2_level": 0.95, "chi2_df": 3, "chi2_threshold": 7.814727903251179, "N_raw": 101, "N_roi": 101, "N_inlier": 94, "refit": true}
{"timestamp": "14:54:03.169727", "frame": 86, "mu": [-0.7003470167979957, 2.0596266272476353, 0.7169871876526569], "Sigma": [[0.006560459897684219, 0.0027798467949810193, 0.0007472137241781921], [0.0027798467949810193, 0.004047142869936096, -0.0011008023998886685], [0.0007472137241781916, -0.0011008023998886687, 0.09657114003976139]], "chi2_level": 0.95, "chi2_df": 3, "chi2_threshold": 7.814727903251179, "N_raw": 33, "N_roi": 33, "N_inlier": 31, "refit": true}
{"timestamp": "14:54:03.229059", "frame": 87, "mu": [-0.6503885326282958, 2.049933727767499, 0.9339484315200999], "Sigma": [[0.011935099158748077, -0.0012108994136547124, -0.0004751258346313641], [-0.0012108994136547126, 0.0021935693295020136, -0.0032348082935860565], [-0.0004751258346313642, -0.003234808293586057, 0.008257125775258852]], "chi2_level": 0.95, "chi2_df": 3, "chi2_threshold": 7.814727903251179, "N_raw": 69, "N_roi": 69, "N_inlier": 65, "refit": true}
{"timestamp": "14:54:03.286225", "frame": 88, "mu": [-0.6227012785238791, 2.072121983111299, 0.9726409754415019], "Sigma": [[0.0066310781150305, 2.7512453013846206e-06, -0.005902004012850076], [2.7512453013845664e-06, 0.0032715014745037675, -0.007717290639754056], [-0.005902004012850076, -0.007717290639754056, 0.044425331735468636]], "chi2_level": 0.95, "chi2_df": 3, "chi2_threshold": 7.814727903251179, "N_raw": 86, "N_roi": 86, "N_inlier": 83, "refit": true}
{"timestamp": "14:54:03.341812", "frame": 89, "mu": [-0.6293202642878121, 1.9915795187694993, 1.0160610442754137], "Sigma": [[0.008859083448029192, 0.0006475037701459107, 0.0016746591926295874], [0.0006475037701459106, 0.000734171785063073, -0.0035321619237143704], [0.001674659192629587, -0.0035321619237143704, 0.037003815923527736]], "chi2_level": 0.95, "chi2_df": 3, "chi2_threshold": 7.814727903251179, "N_raw": 85, "N_roi": 84, "N_inlier": 80, "refit": true}
{"timestamp": "14:54:03.395663", "frame": 90, "mu": [-0.5439695342186994, 1.9931387655546031, 0.7875597466455648], "Sigma": [[0.010093708254353122, 0.0034095126462455735, -0.018739267389393105], [0.0034095126462455735, 0.0030815289512278205, -0.013143313107392805], [-0.018739267389393105, -0.013143313107392805, 0.10132553789317311]], "chi2_level": 0.95, "chi2_df": 3, "chi2_threshold": 7.814727903251179, "N_raw": 74, "N_roi": 74, "N_inlier": 69, "refit": true}
{"timestamp": "14:54:03.449688", "frame": 91, "mu": [-0.511070093092689, 1.998087160690921, 0.7224385047791783], "Sigma": [[0.015577029826223578, 0.004074160096420261, -0.014469245283444575], [0.004074160096420262, 0.0037763105119204676, 0.0006675328357746133], [-0.014469245283444575, 0.0006675328357746131, 0.10459654102992287]], "chi2_level": 0.95, "chi2_df": 3, "chi2_threshold": 7.814727903251179, "N_raw": 70, "N_roi": 69, "N_inlier": 67, "refit": true}
{"timestamp": "14:54:03.508857", "frame": 92, "mu": [-0.513016221663499, 1.9606545338634325, 1.0550982993741285], "Sigma": [[0.008498283591633368, 0.0014256726596806088, -0.007394710977490711], [0.0014256726596806088, 0.0025998092830041802, -0.009348929455254305], [-0.00739471097749071, -0.009348929455254305, 0.039172682691834264]], "chi2_level": 0.95, "chi2_df": 3, "chi2_threshold": 7.814727903251179, "N_raw": 93, "N_roi": 93, "N_inlier": 87, "refit": true}
{"timestamp": "14:54:03.556634", "frame": 93, "mu": [-0.43757675213743086, 1.9989608069398708, 1.0158778054828461], "Sigma": [[0.005373678801589348, -0.00018110776383654833, -0.006226192983371837], [-0.00018110776383654825, 0.002238875343879934, 0.008607743853382388], [-0.006226192983371837, 0.008607743853382388, 0.09593783072426008]], "chi2_level": 0.95, "chi2_df": 3, "chi2_threshold": 7.814727903251179, "N_raw": 47, "N_roi": 47, "N_inlier": 43, "refit": true}
{"timestamp": "14:54:03.613023", "frame": 94, "mu": [-0.4230651268935222, 1.9055136944953541, 0.9244874217947887], "Sigma": [[0.00697524036442853, 0.0017013322938254063, -0.016019803694307378], [0.0017013322938254061, 0.0023990605717116222, -0.013725454642344906], [-0.016019803694307378, -0.013725454642344908, 0.1282583208262071]], "chi2_level": 0.95, "chi2_df": 3, "chi2_threshold": 7.814727903251179, "N_raw": 64, "N_roi": 64, "N_inlier": 58, "refit": true}
{"timestamp": "14:54:03.678187", "frame": 95, "mu": [-0.377800197884547, 1.9131084462033043, 0.8646750977237285], "Sigma": [[0.011834147919578403, 0.0005029340405474213, -0.025316559304867266], [0.0005029340405474216, 0.0020453241132339433, -0.005443177072731566], [-0.025316559304867266, -0.005443177072731566, 0.1130477269705815]], "chi2_level": 0.95, "chi2_df": 3, "chi2_threshold": 7.814727903251179, "N_raw": 132, "N_roi": 132, "N_inlier": 132, "refit": true}
{"timestamp": "14:54:03.732145", "frame": 96, "mu": [-0.35919472465097535, 1.9472712928516542, 0.12643889844742406], "Sigma": [[0.007487018699118332, -0.0023595069968893696, 0.04659361664607017], [-0.0023595069968893696, 0.009410373667139852, -0.034391411473467824], [0.04659361664607017, -0.03439141147346783, 0.44491789056924697]], "chi2_level": 0.95, "chi2_df": 3, "chi2_threshold": 7.814727903251179, "N_raw": 121, "N_roi": 121, "N_inlier": 119, "refit": true}
{"timestamp": "14:54:03.784185", "frame": 97, "mu": [-0.30704909897865346, 1.8615819188199907, 1.1903978937349304], "Sigma": [[0.008423836070178341, -7.727493077718271e-05, -0.015856869323299723], [-7.727493077718266e-05, 0.002346480103484173, -0.004465840627606028], [-0.015856869323299723, -0.004465840627606028, 0.07481909466427189]], "chi2_level": 0.95, "chi2_df": 3, "chi2_threshold": 7.814727903251179, "N_raw": 95, "N_roi": 95, "N_inlier": 89, "refit": true}
{"timestamp": "14:54:03.837840", "frame": 98, "mu": [-0.2715708068318939, 1.8203618282740044, 1.1620528420178018], "Sigma": [[0.007612610851088626, 0.000225667956910324, -0.007981809683323179], [0.00022566795691032404, 0.0018707728138429647, -0.005400118607295189], [-0.007981809683323179, -0.005400118607295189, 0.03429207099484693]], "chi2_level": 0.95, "chi2_df": 3, "chi2_threshold": 7.814727903251179, "N_raw": 88, "N_roi": 88, "N_inlier": 83, "refit": true}
{"timestamp": "14:54:03.894475", "frame": 99, "mu": [-0.23066912989888014, 1.8253879011610716, 1.2368025785231842], "Sigma": [[0.008177912519107804, 0.0011543107448478004, -0.004446698465191119], [0.0011543107448478002, 0.005407428802694568, -0.008488848663459262], [-0.004446698465191118, -0.008488848663459262, 0.019886056215269544]], "chi2_level": 0.95, "chi2_df": 3, "chi2_threshold": 7.814727903251179, "N_raw": 98, "N_roi": 98, "N_inlier": 93, "refit": true}
{"timestamp": "14:54:04.041793", "frame": 100, "mu": [-0.27370672415711894, 1.7743185332338833, 1.3878728852931674], "Sigma": [[0.00890694612513762, -0.0014412230468076723, 0.0014592547040143497], [-0.001441223046807672, 0.004315358799732999, -0.0038966634880565555], [0.0014592547040143497, -0.003896663488056556, 0.0038966225305489006]], "chi2_level": 0.95, "chi2_df": 3, "chi2_threshold": 7.814727903251179, "N_raw": 76, "N_roi": 76, "N_inlier": 72, "refit": true}
{"timestamp": "14:54:04.068129", "frame": 101, "mu": [-0.27964739818751466, 1.7028019743056733, 0.8514765576044782], "Sigma": [[0.00546860160525521, -0.0005888385789412518, -0.006313595038776499], [-0.0005888385789412517, 0.006038094070750109, 0.037490611454135424], [-0.006313595038776499, 0.037490611454135424, 0.4292278157651775]], "chi2_level": 0.95, "chi2_df": 3, "chi2_threshold": 7.814727903251179, "N_raw": 76, "N_roi": 76, "N_inlier": 74, "refit": true}
{"timestamp": "14:54:04.097094", "frame": 102, "mu": [-0.16718237880615022, 1.7375142762567088, 1.253471759558947], "Sigma": [[0.007079501417313945, -0.0008752715993088078, -0.00883847229509577], [-0.0008752715993088078, 0.0015919192698771458, -0.004150439383602345], [-0.00883847229509577, -0.004150439383602345, 0.037604740761514786]], "chi2_level": 0.95, "chi2_df": 3, "chi2_threshold": 7.814727903251179, "N_raw": 84, "N_roi": 84, "N_inlier": 79, "refit": true}
{"timestamp": "14:54:04.130087", "frame": 103, "mu": [-0.10793951849186918, 1.7690467027621777, 1.0523777417888298], "Sigma": [[0.008581683597091133, 0.0052666591082257035, 0.0017086359586546804], [0.005266659108225703, 0.006739009113821495, 1.951503800277682e-05], [0.0017086359586546804, 1.9515038002777146e-05, 0.0142531487504434]], "chi2_level": 0.95, "chi2_df": 3, "chi2_threshold": 7.814727903251179, "N_raw": 73, "N_roi": 73, "N_inlier": 69, "refit": true}
{"timestamp": "14:54:04.169577", "frame": 104, "mu": [-0.10657269677442673, 1.6887884823631256, 1.2200520381728994], "Sigma": [[0.008059528433868096, 0.000254523077999923, 0.00923389825779166], [0.000254523077999923, 0.0021910805129097617, -0.002729021969056166], [0.00923389825779166, -0.0027290219690561664, 0.050001092271757974]], "chi2_level": 0.95, "chi2_df": 3, "chi2_threshold": 7.814727903251179, "N_raw": 103, "N_roi": 103, "N_inlier": 99, "refit": true}
{"timestamp": "14:54:04.222413", "frame": 105, "mu": [-0.04422257222279992, 1.6067395300638767, 0.960958185318284], "Sigma": [[0.00997002873711751, -0.0031407967193973563, -0.032113093762504596], [-0.0031407967193973563, 0.01550667052896402, 0.05730655199303117], [-0.032113093762504596, 0.05730655199303117, 0.3529070163905259]], "chi2_level": 0.95, "chi2_df": 3, "chi2_threshold": 7.814727903251179, "N_raw": 78, "N_roi": 78, "N_inlier": 74, "refit": true}
{"timestamp": "14:54:04.278823", "frame": 106, "mu": [-0.026607126038339726, 1.6347134711381772, 0.9369905592678835], "Sigma": [[0.02670787658904652, 0.0005802440058332597, -0.03186403058411918], [0.0005802440058332597, 0.0014714094838127237, 0.00023281130713968416], [-0.03186403058411918, 0.00023281130713968421, 0.06408229577107695]], "chi2_level": 0.95, "chi2_df": 3, "chi2_threshold": 7.814727903251179, "N_raw": 96, "N_roi": 96, "N_inlier": 92, "refit": true}
{"timestamp": "14:54:04.337730", "frame": 107, "mu": [-0.02178877876454618, 1.598428330851005, 1.2042821650438487], "Sigma": [[0.006668416396312163, -0.0014551633380102845, -0.0012650040091295065], [-0.0014551633380102847, 0.0032310864523310973, -0.0019195567890110652], [-0.0012650040091295065, -0.001919556789011065, 0.06599702568405745]], "chi2_level": 0.95, "chi2_df": 3, "chi2_threshold": 7.814727903251179, "N_raw": 122, "N_roi": 121, "N_inlier": 117, "refit": true}
{"timestamp": "14:54:04.380135", "frame": 108, "mu": [0.027184873178429016, 1.5527110551633079, 1.2781133205738548], "Sigma": [[0.005581081804290827, -0.0004389817830010458, 0.029914457498809416], [-0.0004389817830010459, 0.0022850997177926084, -0.009060670709074056], [0.029914457498809416, -0.009060670709074056, 0.3107508548802403]], "chi2_level": 0.95, "chi2_df": 3, "chi2_threshold": 7.814727903251179, "N_raw": 34, "N_roi": 34, "N_inlier": 31, "refit": true}
{"timestamp": "14:54:04.440299", "frame": 109, "mu": [0.03647931376931728, 1.4915121815967667, 1.1732433279075218], "Sigma": [[0.003549175130900178, 0.0023460521949352177, 0.005510715737852893], [0.0023460521949352177, 0.005583355304909421, 0.012787700591435365], [0.005510715737852893, 0.012787700591435365, 0.07315309934117692]], "chi2_level": 0.95, "chi2_df": 3, "chi2_threshold": 7.814727903251179, "N_raw": 73, "N_roi": 73, "N_inlier": 69, "refit": true}
{"timestamp": "14:54:04.500844", "frame": 110, "mu": [0.05054190066808184, 1.4495601858749658, 1.1754899097880158], "Sigma": [[0.00639471733343967, 0.003268737623180853, 0.011290342968676986], [0.0032687376231808523, 0.0065880485758493075, 0.015891989106639186], [0.011290342968676986, 0.015891989106639186, 0.0903189850044167]], "chi2_level": 0.95, "chi2_df": 3, "chi2_threshold": 7.814727903251179, "N_raw": 111, "N_roi": 111, "N_inlier": 106, "refit": true}
{"timestamp": "14:54:04.552160", "frame": 111, "mu": [0.09933425062805011, 1.4442565308839002, 1.2884310718037941], "Sigma": [[0.003659331819301649, -0.00038352388121901213, 0.0016938734702724766], [-0.00038352388121901213, 0.0023254498290268652, 0.0013725108404037884], [0.0016938734702724772, 0.0013725108404037886, 0.06930963075826174]], "chi2_level": 0.95, "chi2_df": 3, "chi2_threshold": 7.814727903251179, "N_raw": 80, "N_roi": 80, "N_inlier": 76, "refit": true}
{"timestamp": "14:54:04.611801", "frame": 112, "mu": [0.13939631495852944, 1.4261614455208993, 1.2299315355443354], "Sigma": [[0.005861201940484648, 0.0001789630847717227, 0.0035822714280159835], [0.00017896308477172255, 0.004272800569828663, 0.006711748880901123], [0.0035822714280159835, 0.006711748880901123, 0.08236270963113193]], "chi2_level": 0.95, "chi2_df": 3, "chi2_threshold": 7.814727903251179, "N_raw": 121, "N_roi": 121, "N_inlier": 119, "refit": true}
{"timestamp": "14:54:04.665870", "frame": 113, "mu": [0.18232763271062172, 1.4221859029892696, 1.3854556938756277], "Sigma": [[0.004379215922070456, 0.00027571622867613924, -0.0026826721786628615], [0.0002757162286761392, 0.005180590443168982, -0.004831694745639519], [-0.0026826721786628615, -0.00483169474563952, 0.027473636379411873]], "chi2_level": 0.95, "chi2_df": 3, "chi2_threshold": 7.814727903251179, "N_raw": 106, "N_roi": 106, "N_inlier": 101, "refit": true}
{"timestamp": "14:54:04.713683", "frame": 114, "mu": [0.11790318020680289, 1.3729135642485604, 1.127974200614995], "Sigma": [[0.0030077858743093443, 0.0011670197592660169, -0.0005096194890476496], [0.0011670197592660169, 0.004660206941618117, 0.005533433697099507], [-0.0005096194890476496, 0.005533433697099507, 0.02282127371035062]], "chi2_level": 0.95, "chi2_df": 3, "chi2_threshold": 7.814727903251179, "N_raw": 53, "N_roi": 53, "N_inlier": 49, "refit": true}
{"timestamp": "14:54:04.766808", "frame": 115, "mu": [0.23644762033790345, 1.3401427303000284, 1.4292735074580718], "Sigma": [[0.0026142524119956868, 0.0001468833854388662, 0.0013460336915500635], [0.0001468833854388662, 0.0016954118874697316, -0.001816981970713041], [0.0013460336915500635, -0.001816981970713041, 0.009445172530324565]], "chi2_level": 0.95, "chi2_df": 3, "chi2_threshold": 7.814727903251179, "N_raw": 45, "N_roi": 41, "N_inlier": 37, "refit": true}
{"timestamp": "14:54:04.821741", "frame": 116, "mu": [0.25374123818131594, 1.3124393057937302, 1.405520243029223], "Sigma": [[0.003070740259870855, 6.75476035896489e-05, -0.0007127917802063934], [6.754760358964892e-05, 0.0018085512888273293, -0.0018040738092605503], [-0.0007127917802063934, -0.0018040738092605499, 0.0063562929680637415]], "chi2_level": 0.95, "chi2_df": 3, "chi2_threshold": 7.814727903251179, "N_raw": 48, "N_roi": 48, "N_inlier": 44, "refit": true}
{"timestamp": "14:54:04.876923", "frame": 117, "mu": [0.32091087583147404, 1.3122741317294742, 1.4564092344783506], "Sigma": [[0.003367484523097995, -0.00042179464033120914, -0.0002696782506870141], [-0.0004217946403312091, 0.0023712047277363495, -0.002191016111261158], [-0.00026967825068701404, -0.002191016111261158, 0.0027433180215607387]], "chi2_level": 0.95, "chi2_df": 3, "chi2_threshold": 7.814727903251179, "N_raw": 49, "N_roi": 49, "N_inlier": 45, "refit": true}
{"timestamp": "14:54:04.935322", "frame": 118, "mu": [0.3022200296330633, 1.2967287283580866, 1.4217415355718677], "Sigma": [[0.0033543877007448583, -0.0011552104804706089, 0.00010480098178335692], [-0.0011552104804706089, 0.004614521023666306, -0.0033546840855723553], [0.00010480098178335692, -0.0033546840855723553, 0.0029439674877550902]], "chi2_level": 0.95, "chi2_df": 3, "chi2_threshold": 7.814727903251179, "N_raw": 67, "N_roi": 67, "N_inlier": 62, "refit": true}
{"timestamp": "14:54:04.989726", "frame": 119, "mu": [0.33351702552101165, 1.2778637201123961, 1.3467691611861454], "Sigma": [[0.0030452395242717414, -0.0005562842748539254, -0.00016292240116129962], [-0.0005562842748539254, 0.00281823678413911, -0.0028801733478302635], [-0.00016292240116129968, -0.0028801733478302635, 0.0035609123662432443]], "chi2_level": 0.95, "chi2_df": 3, "chi2_threshold": 7.814727903251179, "N_raw": 53, "N_roi": 53, "N_inlier": 49, "refit": true}
