{"timestamp": "15:28:26.676888", "frame": 6, "mu": [1.967263991450158, 2.082956510913891, 1.358739156792214], "Sigma": [[0.0026990600613950376, -0.0013481415901110477, -0.0026297553667485154], [-0.0013481415901110474, 0.0017635425630261774, -0.0007503017057008236], [-0.0026297553667485154, -0.0007503017057008234, 0.0077515695641303265]], "chi2_level": 0.95, "chi2_df": 3, "chi2_threshold": 7.814727903251179, "N_raw": 14, "N_roi": 14, "N_inlier": 13, "refit": true}
{"timestamp": "15:28:26.786888", "frame": 8, "mu": [2.018614288077616, 2.0386599149483855, 1.3070459639785452], "Sigma": [[0.00638814844852978, -0.0028507804131552615, -0.0005369537330266469], [-0.0028507804131552615, 0.002573559656646128, 0.0005636654242512799], [-0.0005369537330266469, 0.0005636654242512799, 0.00043936266148519865]], "chi2_level": 0.95, "chi2_df": 3, "chi2_threshold": 7.814727903251179, "N_raw": 11, "N_roi": 11, "N_inlier": 10, "refit": true}
{"timestamp": "15:28:26.844577", "frame": 9, "mu": [1.9730657046771816, 2.0684424781706463, 1.3838214022350466], "Sigma": [[0.009840312543217202, -0.006826737779516796, -0.0024887607608532324], [-0.006826737779516796, 0.009716110684393112, -7.32548847010349e-05], [-0.002488760760853233, -7.32548847010349e-05, 0.0020847612549910457]], "chi2_level": 0.95, "chi2_df": 3, "chi2_threshold": 7.814727903251179, "N_raw": 38, "N_roi": 38, "N_inlier": 37, "refit": true}
{"timestamp": "15:28:26.898765", "frame": 10, "mu": [1.908024470843758, 2.205307316436654, -0.11781152758045788], "Sigma": [[0.007988483911432363, -0.005221775793878081, -0.0036647843751598285], [-0.005221775793878081, 0.007817773364775129, 0.002916816311380076], [-0.0036647843751598285, 0.002916816311380076, 0.002271302124236536]], "chi2_level": 0.95, "chi2_df": 3, "chi2_threshold": 7.814727903251179, "N_raw": 31, "N_roi": 31, "N_inlier": 30, "refit": true}
{"timestamp": "15:28:26.952482", "frame": 11, "mu": [1.8739288715248503, 2.063870156274017, 1.302903713765044], "Sigma": [[0.005337332270032839, -0.0050587445123683895, -0.003017506667752241], [-0.0050587445123683895, 0.005714272320153047, 0.0008310985355140627], [-0.0030175066677522403, 0.0008310985355140627, 0.010049530771399787]], "chi2_level": 0.95, "chi2_df": 3, "chi2_threshold": 7.814727903251179, "N_raw": 23, "N_roi": 23, "N_inlier": 20, "refit": true}
{"timestamp": "15:28:27.008659", "frame": 12, "mu": [1.9255904974745433, 2.1184692009754587, -0.014070415502854367], "Sigma": [[0.0038277362729378923, -0.00014886199680814102, -0.005127829452874983], [-0.00014886199680814094, 0.0032584930146768456, -0.0016723131500344414], [-0.005127829452874983, -0.0016723131500344414, 0.008801770074416944]], "chi2_level": 0.95, "chi2_df": 3, "chi2_threshold": 7.814727903251179, "N_raw": 15, "N_roi": 15, "N_inlier": 14, "refit": true}
{"timestamp": "15:28:27.064649", "frame": 13, "mu": [1.9498374704190773, 2.0638623141892194, 1.05682583707093], "Sigma": [[0.004464569248380441, -0.003650284996672396, -0.0017271142842216337], [-0.003650284996672396, 0.005164983143311082, -0.00147742767186572], [-0.0017271142842216337, -0.00147742767186572, 0.006459052719668782]], "chi2_level": 0.95, "chi2_df": 3, "chi2_threshold": 7.814727903251179, "N_raw": 21, "N_roi": 21, "N_inlier": 19, "refit": true}
{"timestamp": "15:28:27.119193", "frame": 14, "mu": [1.9107165966950428, 2.108053899995047, 1.2430524735452293], "Sigma": [[0.003791609541753941, -0.003226333074347769, -0.0037948464246819425], [-0.003226333074347769, 0.004026197402726843, 0.001321632853941592], [-0.0037948464246819417, 0.001321632853941592, 0.008081856142260957]], "chi2_level": 0.95, "chi2_df": 3, "chi2_threshold": 7.814727903251179, "N_raw": 17, "N_roi": 17, "N_inlier": 15, "refit": true}
{"timestamp": "15:28:27.173039", "frame": 15, "mu": [1.9865156728867182, 1.9642999471130564, 1.206871149725255], "Sigma": [[0.0083649342539916, -0.0023445102905066137, -0.018757796786198086], [-0.002344510290506614, 0.0038946964906360322, -0.0004188201592157609], [-0.018757796786198086, -0.0004188201592157609, 0.053383875397191874]], "chi2_level": 0.95, "chi2_df": 3, "chi2_threshold": 7.814727903251179, "N_raw": 7, "N_roi": 7, "N_inlier": 7, "refit": true}
{"timestamp": "15:28:27.228992", "frame": 16, "mu": [1.9085990327675277, 2.0616108148745145, 1.3464378976046507], "Sigma": [[0.0034722278066259757, -0.0021986100276799384, -0.0003447153648765535], [-0.0021986100276799384, 0.0032968915575465655, -0.0034448768476730823], [-0.00034471536487655345, -0.0034448768476730823, 0.007784898804872091]], "chi2_level": 0.95, "chi2_df": 3, "chi2_threshold": 7.814727903251179, "N_raw": 18, "N_roi": 18, "N_inlier": 17, "refit": true}
{"timestamp": "15:28:27.283069", "frame": 17, "mu": [1.8861355974789626, 2.036176468852726, 1.3912653862651059], "Sigma": [[0.005307167104531799, -5.034425111555408e-05, -0.009770539432057107], [-5.0344251115553974e-05, 0.0020440620744799423, -0.0023315087064300797], [-0.009770539432057107, -0.0023315087064300797, 0.022021293758724865]], "chi2_level": 0.95, "chi2_df": 3, "chi2_threshold": 7.814727903251179, "N_raw": 5, "N_roi": 5, "N_inlier": 5, "refit": true}
{"timestamp": "15:28:27.345507", "frame": 18, "mu": [1.860705785339578, 2.105392989925729, 1.2251179707108406], "Sigma": [[0.011081818923654499, -0.007307621430901235, -0.004414892606086053], [-0.007307621430901235, 0.011676560246985447, -0.003876426748226591], [-0.004414892606086053, -0.0038764267482265906, 0.01129687586328468]], "chi2_level": 0.95, "chi2_df": 3, "chi2_threshold": 7.814727903251179, "N_raw": 59, "N_roi": 59, "N_inlier": 58, "refit": true}
{"timestamp": "15:28:27.399830", "frame": 19, "mu": [1.8564829318568086, 2.0873759067293123, 1.2670404918032145], "Sigma": [[0.009671492128883045, -0.005278119412278651, -0.0024108258069920397], [-0.00527811941227865, 0.009971783794148122, -0.0028418087157066124], [-0.0024108258069920397, -0.0028418087157066124, 0.008657361645621232]], "chi2_level": 0.95, "chi2_df": 3, "chi2_threshold": 7.814727903251179, "N_raw": 54, "N_roi": 54, "N_inlier": 51, "refit": true}
{"timestamp": "15:28:27.453286", "frame": 20, "mu": [1.9212899751166719, 2.0278245613148096, 1.087724341813893], "Sigma": [[0.007514158414257159, -0.0066563636725202255, -0.00897763627519264], [-0.0066563636725202255, 0.0071566573228735095, 0.005891953152760486], [-0.00897763627519264, 0.005891953152760487, 0.034023714277430964]], "chi2_level": 0.95, "chi2_df": 3, "chi2_threshold": 7.814727903251179, "N_raw": 37, "N_roi": 37, "N_inlier": 36, "refit": true}
{"timestamp": "15:28:27.508166", "frame": 21, "mu": [1.907223250881271, 1.9754440975189183, 1.282530060701487], "Sigma": [[0.013080438726541303, -0.008871988826501979, -0.002066055150259715], [-0.008871988826501979, 0.009626006118095685, 0.0005727108667371483], [-0.002066055150259715, 0.0005727108667371483, 0.0009953705514328915]], "chi2_level": 0.95, "chi2_df": 3, "chi2_threshold": 7.814727903251179, "N_raw": 37, "N_roi": 37, "N_inlier": 36, "refit": true}
{"timestamp": "15:28:27.563321", "frame": 22, "mu": [1.8020855542703744, 2.024933136100271, 1.243310308253897], "Sigma": [[0.010107764921942439, -0.0057097563136566595, -0.002893256307412235], [-0.0057097563136566595, 0.01008726902212242, 0.0013447184136375035], [-0.002893256307412235, 0.0013447184136375035, 0.0012633454303410997]], "chi2_level": 0.95, "chi2_df": 3, "chi2_threshold": 7.814727903251179, "N_raw": 46, "N_roi": 46, "N_inlier": 43, "refit": true}
{"timestamp": "15:28:27.615468", "frame": 23, "mu": [1.7811535915654897, 2.001483575529109, 1.153897747062201], "Sigma": [[0.00793600345487671, -0.0059521135212890165, -0.0023317213264226434], [-0.0059521135212890165, 0.006554385499731832, 0.0011130938200255625], [-0.0023317213264226434, 0.0011130938200255625, 0.0016237827108844258]], "chi2_level": 0.95, "chi2_df": 3, "chi2_threshold": 7.814727903251179, "N_raw": 24, "N_roi": 24, "N_inlier": 23, "refit": true}
{"timestamp": "15:28:27.672883", "frame": 24, "mu": [1.8195820459697745, 2.0621429822491644, -0.30055073001846494], "Sigma": [[0.0077068151161368255, -0.006064919235217692, -0.0031815508575023543], [-0.006064919235217691, 0.011356500910397619, 0.0040727056764590834], [-0.0031815508575023543, 0.0040727056764590834, 0.002058880536081977]], "chi2_level": 0.95, "chi2_df": 3, "chi2_threshold": 7.814727903251179, "N_raw": 39, "N_roi": 39, "N_inlier": 36, "refit": true}
{"timestamp": "15:28:27.728428", "frame": 25, "mu": [1.824138329646561, 1.8642247167019341, 1.210328322667895], "Sigma": [[0.010399873686554905, -0.006240281555235892, -0.002107458312239831], [-0.006240281555235892, 0.011043316268662656, -0.00042084325907305187], [-0.002107458312239831, -0.0004208432590730518, 0.001407313405968001]], "chi2_level": 0.95, "chi2_df": 3, "chi2_threshold": 7.814727903251179, "N_raw": 47, "N_roi": 47, "N_inlier": 46, "refit": true}
{"timestamp": "15:28:27.784909", "frame": 26, "mu": [1.8309940845894332, 1.7755425407509817, 1.1753697203411555], "Sigma": [[0.008059989418784188, -0.004609103576602099, -0.0020180884113687628], [-0.004609103576602099, 0.00548565784789917, -0.0008136001409221403], [-0.0020180884113687628, -0.0008136001409221401, 0.0027321097958341155]], "chi2_level": 0.95, "chi2_df": 3, "chi2_threshold": 7.814727903251179, "N_raw": 32, "N_roi": 32, "N_inlier": 30, "refit": true}
{"timestamp": "15:28:27.832195", "frame": 27, "mu": [1.7183653527514537, 1.7832354673830124, 1.2634467942910639], "Sigma": [[0.0004556251440006599, -0.0004734716498800404, 0.0023233676460801627], [-0.0004734716498800402, 0.0052275649998358336, -0.011037919972019198], [0.0023233676460801627, -0.0110379199720192, 0.029040365553994384]], "chi2_level": 0.95, "chi2_df": 3, "chi2_threshold": 7.814727903251179, "N_raw": 5, "N_roi": 5, "N_inlier": 5, "refit": true}
{"timestamp": "15:28:27.895000", "frame": 28, "mu": [1.774638710360441, 1.6920544482740758, 1.209272752647967], "Sigma": [[0.009855933971118457, -0.00644709827560638, -0.0019182997110052432], [-0.00644709827560638, 0.007774749787075778, -0.0045502875134866535], [-0.0019182997110052434, -0.0045502875134866535, 0.016762063385972387]], "chi2_level": 0.95, "chi2_df": 3, "chi2_threshold": 7.814727903251179, "N_raw": 55, "N_roi": 55, "N_inlier": 53, "refit": true}
{"timestamp": "15:28:27.946111", "frame": 29, "mu": [1.765483677747105, 1.586082077566764, 1.4423613336774934], "Sigma": [[0.006674467710882586, -0.005155873092713696, -0.001398892548089316], [-0.005155873092713694, 0.006942365297323731, -0.0011448972947595438], [-0.001398892548089316, -0.0011448972947595438, 0.004060983907660957]], "chi2_level": 0.95, "chi2_df": 3, "chi2_threshold": 7.814727903251179, "N_raw": 25, "N_roi": 25, "N_inlier": 23, "refit": true}
{"timestamp": "15:28:28.003745", "frame": 30, "mu": [1.7665491773963566, 1.5960481082317828, 1.2509889241917846], "Sigma": [[0.008638780780325496, -0.007069222347789511, -0.0012677608150632475], [-0.007069222347789511, 0.01131778147146091, -0.003700628235444402], [-0.0012677608150632475, -0.0037006282354444028, 0.0060340899498558375]], "chi2_level": 0.95, "chi2_df": 3, "chi2_threshold": 7.814727903251179, "N_raw": 51, "N_roi": 51, "N_inlier": 48, "refit": true}
{"timestamp": "15:28:28.062593", "frame": 31, "mu": [1.7348206754085136, 1.56786864542635, 1.2581508070158736], "Sigma": [[0.013255665757964418, -0.008774124453392498, -0.004690105512310881], [-0.008774124453392498, 0.01358869828623344, -0.0022380209649906536], [-0.004690105512310881, -0.0022380209649906536, 0.010078344050295847]], "chi2_level": 0.95, "chi2_df": 3, "chi2_threshold": 7.814727903251179, "N_raw": 69, "N_roi": 69, "N_inlier": 68, "refit": true}
{"timestamp": "15:28:28.117988", "frame": 32, "mu": [1.7018762021853695, 1.5045254728743145, 1.0418328837670106], "Sigma": [[0.011020364946810112, -0.008851514937436467, -0.002096796184617067], [-0.008851514937436467, 0.009929560500057806, -0.001011338545458978], [-0.002096796184617067, -0.001011338545458978, 0.03520954196102965]], "chi2_level": 0.95, "chi2_df": 3, "chi2_threshold": 7.814727903251179, "N_raw": 72, "N_roi": 70, "N_inlier": 70, "refit": true}
{"timestamp": "15:28:28.171760", "frame": 33, "mu": [1.6812393948762712, 1.4877451898782992, 0.9899596630737901], "Sigma": [[0.011055937908858868, -0.00887361229588489, 0.007233018796634761], [-0.00887361229588489, 0.010235355486957977, -0.010092614867474758], [0.00723301879663476, -0.010092614867474758, 0.06766672087652996]], "chi2_level": 0.95, "chi2_df": 3, "chi2_threshold": 7.814727903251179, "N_raw": 65, "N_roi": 65, "N_inlier": 64, "refit": true}
{"timestamp": "15:28:28.226575", "frame": 34, "mu": [1.5532887714671528, 1.5789905068830101, 0.983897760871352], "Sigma": [[0.008775550119895463, -0.009299739111517314, -0.01069853414350386], [-0.009299739111517314, 0.011511325081330988, 0.007970466178361257], [-0.01069853414350386, 0.007970466178361259, 0.030826296218546434]], "chi2_level": 0.95, "chi2_df": 3, "chi2_threshold": 7.814727903251179, "N_raw": 55, "N_roi": 55, "N_inlier": 54, "refit": true}
{"timestamp": "15:28:28.284342", "frame": 35, "mu": [1.608941480926828, 1.614687844856359, -0.6958576392739968], "Sigma": [[0.006876979656694127, -0.00290690537597645, -0.007860659627298778], [-0.00290690537597645, 0.008424877004361281, -0.010963229270845195], [-0.007860659627298778, -0.010963229270845195, 0.05374718560648199]], "chi2_level": 0.95, "chi2_df": 3, "chi2_threshold": 7.814727903251179, "N_raw": 79, "N_roi": 79, "N_inlier": 71, "refit": true}
{"timestamp": "15:28:28.336509", "frame": 36, "mu": [1.6291416299373815, 1.289628741022712, 1.2173361147492534], "Sigma": [[0.008192638051796786, -0.0066958157890463065, -0.00523645212997663], [-0.0066958157890463065, 0.00805016160730193, -0.0012746727926699786], [-0.005236452129976631, -0.0012746727926699784, 0.022231400195092375]], "chi2_level": 0.95, "chi2_df": 3, "chi2_threshold": 7.814727903251179, "N_raw": 57, "N_roi": 57, "N_inlier": 53, "refit": true}
{"timestamp": "15:28:28.396549", "frame": 37, "mu": [1.5769180010336339, 1.2548185169814061, 0.8935003838431883], "Sigma": [[0.0067693073853083065, -0.006468530819770385, -0.004529315349645197], [-0.006468530819770385, 0.0107189124563293, -0.005588454296387558], [-0.004529315349645197, -0.005588454296387558, 0.06670095379627267]], "chi2_level": 0.95, "chi2_df": 3, "chi2_threshold": 7.814727903251179, "N_raw": 72, "N_roi": 72, "N_inlier": 71, "refit": true}
{"timestamp": "15:28:28.449552", "frame": 38, "mu": [1.4936799592615255, 1.2682478663519734, 1.1359749473891823], "Sigma": [[0.007518494318211325, -0.00581702087007982, -0.008727172014300394], [-0.00581702087007982, 0.007802952659331037, 0.001620510302549206], [-0.008727172014300394, 0.001620510302549206, 0.04071944411644656]], "chi2_level": 0.95, "chi2_df": 3, "chi2_threshold": 7.814727903251179, "N_raw": 73, "N_roi": 73, "N_inlier": 69, "refit": true}
{"timestamp": "15:28:28.502771", "frame": 39, "mu": [1.4533441958836522, 1.3746968777772548, -0.43582737214051714], "Sigma": [[0.009313800838003308, -0.003971185412236781, -0.006843168250967624], [-0.00397118541223678, 0.007413142184237187, -0.0036792263128204404], [-0.006843168250967624, -0.003679226312820441, 0.02561702627763589]], "chi2_level": 0.95, "chi2_df": 3, "chi2_threshold": 7.814727903251179, "N_raw": 61, "N_roi": 61, "N_inlier": 59, "refit": true}
{"timestamp": "15:28:28.557669", "frame": 40, "mu": [1.3612504288121017, 1.2289773671216426, 1.2519613289986], "Sigma": [[0.007282801689605751, -0.00625863001753336, -0.016711517115746016], [-0.00625863001753336, 0.009859278758703927, 0.014035361489267062], [-0.016711517115746016, 0.01403536148926706, 0.07288284335563057]], "chi2_level": 0.95, "chi2_df": 3, "chi2_threshold": 7.814727903251179, "N_raw": 62, "N_roi": 62, "N_inlier": 61, "refit": true}
{"timestamp": "15:28:28.614539", "frame": 41, "mu": [1.3352494335620817, 1.3357837205253325, -0.5033490940235482], "Sigma": [[0.010011836968489988, -0.0035725607278110994, -0.01775832164546856], [-0.0035725607278111002, 0.005167855539538554, -0.0016623592529166264], [-0.01775832164546856, -0.0016623592529166264, 0.05548774287342083]], "chi2_level": 0.95, "chi2_df": 3, "chi2_threshold": 7.814727903251179, "N_raw": 78, "N_roi": 78, "N_inlier": 76, "refit": true}
{"timestamp": "15:28:28.669735", "frame": 42, "mu": [1.27218089985798, 1.176095030201258, 1.2574031543776962], "Sigma": [[0.01165225039575163, -0.006992482277960871, -0.016023287508213656], [-0.006992482277960871, 0.007595272502846613, 0.006028034004079263], [-0.01602328750821366, 0.006028034004079263, 0.03915136835799912]], "chi2_level": 0.95, "chi2_df": 3, "chi2_threshold": 7.814727903251179, "N_raw": 86, "N_roi": 86, "N_inlier": 82, "refit": true}
{"timestamp": "15:28:28.722783", "frame": 43, "mu": [1.2428889494414026, 1.1205457050935932, 1.2596483087867925], "Sigma": [[0.009310430103310867, -0.0052724445580659245, -0.007007959376444096], [-0.0052724445580659245, 0.0058122072939589845, 7.73790605664552e-05], [-0.007007959376444096, 7.737906056645504e-05, 0.013007454935532368]], "chi2_level": 0.95, "chi2_df": 3, "chi2_threshold": 7.814727903251179, "N_raw": 67, "N_roi": 67, "N_inlier": 66, "refit": true}
{"timestamp": "15:28:28.773650", "frame": 44, "mu": [1.1650313558008227, 1.1197002945510715, 1.093885292307999], "Sigma": [[0.003889805683488345, -0.0013051857599505777, -0.0021618117041066545], [-0.0013051857599505777, 0.001907778871542867, -0.0011869667311217643], [-0.0021618117041066545, -0.001186966731121764, 0.008994732595315497]], "chi2_level": 0.95, "chi2_df": 3, "chi2_threshold": 7.814727903251179, "N_raw": 41, "N_roi": 41, "N_inlier": 38, "refit": true}
{"timestamp": "15:28:28.833250", "frame": 45, "mu": [1.113992543303276, 1.2408239140958737, -0.4128407516635857], "Sigma": [[0.009180736556208706, -0.0009159313132623386, -0.011414066918396436], [-0.0009159313132623384, 0.004506327677458634, -0.0033138624193507337], [-0.011414066918396436, -0.0033138624193507337, 0.02054760405633815]], "chi2_level": 0.95, "chi2_df": 3, "chi2_threshold": 7.814727903251179, "N_raw": 73, "N_roi": 73, "N_inlier": 71, "refit": true}
{"timestamp": "15:28:28.885981", "frame": 46, "mu": [1.0152599429622848, 1.0851730664322259, 1.3999128084930306], "Sigma": [[0.006971727808042576, -0.003514420894225641, -0.006424202809583598], [-0.0035144208942256413, 0.0047724864316006175, 0.0013568892580213597], [-0.006424202809583598, 0.0013568892580213597, 0.009734841356549265]], "chi2_level": 0.95, "chi2_df": 3, "chi2_threshold": 7.814727903251179, "N_raw": 57, "N_roi": 57, "N_inlier": 54, "refit": true}
{"timestamp": "15:28:28.941185", "frame": 47, "mu": [1.0015571660149103, 1.1475092965186269, -0.38660354967960214], "Sigma": [[0.00806753570169339, -0.0016878353080550757, -0.01306971703391543], [-0.0016878353080550757, 0.003663378436727636, 0.0011959292979208521], [-0.01306971703391543, 0.0011959292979208517, 0.028164074473439826]], "chi2_level": 0.95, "chi2_df": 3, "chi2_threshold": 7.814727903251179, "N_raw": 58, "N_roi": 58, "N_inlier": 55, "refit": true}
{"timestamp": "15:28:28.995318", "frame": 48, "mu": [0.9981879637688704, 0.9429694788816692, 1.2686102534299368], "Sigma": [[0.00945272669929169, -0.006641146073306114, -0.010903427644159318], [-0.006641146073306114, 0.0063363631639793095, 0.008475618773101231], [-0.010903427644159318, 0.00847561877310123, 0.027087590245313507]], "chi2_level": 0.95, "chi2_df": 3, "chi2_threshold": 7.814727903251179, "N_raw": 57, "N_roi": 57, "N_inlier": 53, "refit": true}
{"timestamp": "15:28:29.049592", "frame": 49, "mu": [0.8787088330317819, 0.9258448639393563, 1.2658556814632986], "Sigma": [[0.004665881895450607, -0.0028772275201859668, -0.012451739640491706], [-0.0028772275201859668, 0.005378437618467851, 0.01617168742225899], [-0.012451739640491706, 0.01617168742225899, 0.08196562159398746]], "chi2_level": 0.95, "chi2_df": 3, "chi2_threshold": 7.814727903251179, "N_raw": 47, "N_roi": 47, "N_inlier": 47, "refit": true}
{"timestamp": "15:28:29.101345", "frame": 50, "mu": [0.8717740281348323, 0.8731119684123942, 1.2489039347565825], "Sigma": [[0.003644915924967289, -0.002924144633766926, -0.005334948564251666], [-0.002924144633766926, 0.0034717284482075, 0.003890989769794735], [-0.005334948564251666, 0.0038909897697947354, 0.011353518344550883]], "chi2_level": 0.95, "chi2_df": 3, "chi2_threshold": 7.814727903251179, "N_raw": 28, "N_roi": 28, "N_inlier": 25, "refit": true}
{"timestamp": "15:28:29.158254", "frame": 51, "mu": [0.7701157127837445, 0.9184814141466159, 1.4223258143584796], "Sigma": [[0.0032546329227895365, -0.000615302405204966, -0.0012422416415443906], [-0.000615302405204966, 0.004224983341488016, -0.0008154460096539667], [-0.0012422416415443904, -0.0008154460096539669, 0.0009523119037571825]], "chi2_level": 0.95, "chi2_df": 3, "chi2_threshold": 7.814727903251179, "N_raw": 45, "N_roi": 45, "N_inlier": 42, "refit": true}
{"timestamp": "15:28:29.210097", "frame": 52, "mu": [0.7475837549679136, 0.8563002610757806, 1.3495228767918994], "Sigma": [[0.0026682073737909124, -0.0015809754208348666, -0.004007651220530621], [-0.0015809754208348666, 0.0019001200451771235, 0.001829892993256229], [-0.004007651220530621, 0.0018298929932562288, 0.017148716491802368]], "chi2_level": 0.95, "chi2_df": 3, "chi2_threshold": 7.814727903251179, "N_raw": 20, "N_roi": 20, "N_inlier": 17, "refit": true}
{"timestamp": "15:28:29.267997", "frame": 53, "mu": [0.6415503798258002, 0.8815514052036358, 1.4636579073193403], "Sigma": [[0.0021915091660172957, -0.0006643205622416746, -0.0012618412321321482], [-0.0006643205622416746, 0.0040147715708922505, -0.0009078704734154807], [-0.0012618412321321482, -0.0009078704734154807, 0.0013817576021709673]], "chi2_level": 0.95, "chi2_df": 3, "chi2_threshold": 7.814727903251179, "N_raw": 44, "N_roi": 44, "N_inlier": 41, "refit": true}
{"timestamp": "15:28:29.328451", "frame": 54, "mu": [0.6662746157871264, 0.8733049340502963, 1.3840684516476305], "Sigma": [[0.0067593538556095815, -0.000510270684647287, -0.0054183617827739256], [-0.000510270684647287, 0.0026387238498230274, -0.00143406938328657], [-0.005418361782773925, -0.0014340693832865699, 0.008740118309383892]], "chi2_level": 0.95, "chi2_df": 3, "chi2_threshold": 7.814727903251179, "N_raw": 75, "N_roi": 75, "N_inlier": 72, "refit": true}
{"timestamp": "15:28:29.383545", "frame": 55, "mu": [0.5707260252753458, 0.8424883259313595, 1.3941086170975685], "Sigma": [[0.004218019846922679, 0.001246739488351455, -0.001232351083480255], [0.0012467394883514552, 0.002027015861229455, -0.002888447388718282], [-0.001232351083480255, -0.002888447388718282, 0.006579331588172913]], "chi2_level": 0.95, "chi2_df": 3, "chi2_threshold": 7.814727903251179, "N_raw": 70, "N_roi": 70, "N_inlier": 65, "refit": true}
{"timestamp": "15:28:29.429491", "frame": 56, "mu": [0.4931717043892708, 1.091290801348616, -0.994216359229216], "Sigma": [[0.011710453162529859, -0.002422355305937798, 0.024169130564581733], [-0.0024223553059377965, 0.016265550285148356, -0.0829229451623141], [0.02416913056458173, -0.0829229451623141, 0.4760119058417264]], "chi2_level": 0.95, "chi2_df": 3, "chi2_threshold": 7.814727903251179, "N_raw": 11, "N_roi": 11, "N_inlier": 10, "refit": true}
{"timestamp": "15:28:29.491564", "frame": 57, "mu": [0.39779053116253366, 0.8647642951644772, 1.4344640187009876], "Sigma": [[0.002287283764653238, -0.0005925156740879267, -0.0015040279377975718], [-0.0005925156740879265, 0.004659739662395987, -0.0017234708122899223], [-0.0015040279377975718, -0.0017234708122899221, 0.005264227441193625]], "chi2_level": 0.95, "chi2_df": 3, "chi2_threshold": 7.814727903251179, "N_raw": 59, "N_roi": 59, "N_inlier": 55, "refit": true}
{"timestamp": "15:28:29.548649", "frame": 58, "mu": [0.358358486100109, 0.8714088168118873, 1.3778470917341685], "Sigma": [[0.006177482421358674, -0.00039046738152699855, -0.004400513307651408], [-0.0003904673815269985, 0.0033569057975123854, -0.0017913729726153058], [-0.004400513307651408, -0.0017913729726153058, 0.004821814710241599]], "chi2_level": 0.95, "chi2_df": 3, "chi2_threshold": 7.814727903251179, "N_raw": 77, "N_roi": 77, "N_inlier": 76, "refit": true}
{"timestamp": "15:28:29.600811", "frame": 59, "mu": [0.29770410614433473, 0.8578282210839057, 1.363571803661985], "Sigma": [[0.002979764151555127, -0.00045881566877214417, -0.0022429113010333764], [-0.00045881566877214417, 0.0010091289270524595, -0.001453429916170354], [-0.0022429113010333764, -0.001453429916170354, 0.006628221651563809]], "chi2_level": 0.95, "chi2_df": 3, "chi2_threshold": 7.814727903251179, "N_raw": 59, "N_roi": 59, "N_inlier": 57, "refit": true}
{"timestamp": "15:28:29.650877", "frame": 60, "mu": [0.2490814821880968, 0.8766711778999083, 1.470528455172479], "Sigma": [[0.0012212682862381332, 0.0006143265864790787, -0.0008818281690401967], [0.0006143265864790788, 0.0011631072291082478, -0.0006980959413844707], [-0.0008818281690401969, -0.0006980959413844707, 0.002026181303882214]], "chi2_level": 0.95, "chi2_df": 3, "chi2_threshold": 7.814727903251179, "N_raw": 20, "N_roi": 20, "N_inlier": 19, "refit": true}
{"timestamp": "15:28:29.709783", "frame": 61, "mu": [0.17922809655537797, 0.8733571369977486, 1.4174605466292485], "Sigma": [[0.0028909878610650164, 0.00029406034471329395, -0.002063054777256085], [0.00029406034471329406, 0.0015090785504998517, -0.0014307905689824793], [-0.002063054777256085, -0.0014307905689824793, 0.002897022459310624]], "chi2_level": 0.95, "chi2_df": 3, "chi2_threshold": 7.814727903251179, "N_raw": 51, "N_roi": 51, "N_inlier": 50, "refit": true}
{"timestamp": "15:28:29.768675", "frame": 62, "mu": [0.10204212977275628, 1.0235556726052835, -0.3316740299461913], "Sigma": [[0.0023083921481487487, -0.0003217829010574705, -0.0017757404599291382], [-0.00032178290105747045, 0.004683000717374557, -0.0035692410640506744], [-0.0017757404599291382, -0.0035692410640506744, 0.005089841621194674]], "chi2_level": 0.95, "chi2_df": 3, "chi2_threshold": 7.814727903251179, "N_raw": 74, "N_roi": 74, "N_inlier": 73, "refit": true}
{"timestamp": "15:28:29.818339", "frame": 63, "mu": [0.056714091840595185, 0.8958519119370294, 1.5161384856348192], "Sigma": [[0.0014767684801958556, 7.837955264475437e-05, -0.0007581989463169656], [7.837955264475445e-05, 0.0016446221556155815, -0.0012900982015956798], [-0.0007581989463169656, -0.0012900982015956798, 0.0016176145187314298]], "chi2_level": 0.95, "chi2_df": 3, "chi2_threshold": 7.814727903251179, "N_raw": 41, "N_roi": 41, "N_inlier": 40, "refit": true}
{"timestamp": "15:28:29.879405", "frame": 64, "mu": [0.001048947424930655, 0.9016354201482394, 1.3398569908489586], "Sigma": [[0.003081530750613634, 0.0020105446137857496, -0.00015724965766139318], [0.002010544613785749, 0.0026787048880066175, -0.0024682351295096045], [-0.00015724965766139313, -0.0024682351295096045, 0.011047485642287665]], "chi2_level": 0.95, "chi2_df": 3, "chi2_threshold": 7.814727903251179, "N_raw": 87, "N_roi": 87, "N_inlier": 81, "refit": true}
{"timestamp": "15:28:29.930741", "frame": 65, "mu": [-0.12633765857312837, 0.863179589565944, 1.344508881241046], "Sigma": [[0.002006947027259698, 0.0011142496972509105, 0.0019534869011107216], [0.0011142496972509108, 0.002258336459857365, -0.0008137504784351183], [0.0019534869011107216, -0.0008137504784351181, 0.006672697770947473]], "chi2_level": 0.95, "chi2_df": 3, "chi2_threshold": 7.814727903251179, "N_raw": 58, "N_roi": 58, "N_inlier": 56, "refit": true}
{"timestamp": "15:28:29.979468", "frame": 66, "mu": [-0.14367755435803198, 0.874860705564285, 1.4543652517202428], "Sigma": [[0.0007793525390685222, -0.0001745944882427344, -0.0022158766056074256], [-0.00017459448824273444, 0.0003546801922021239, 4.922192497915556e-05], [-0.0022158766056074256, 4.922192497915551e-05, 0.017144260295600358]], "chi2_level": 0.95, "chi2_df": 3, "chi2_threshold": 7.814727903251179, "N_raw": 16, "N_roi": 16, "N_inlier": 15, "refit": true}
{"timestamp": "15:28:30.037528", "frame": 67, "mu": [-0.2263808807268188, 0.9080099201071172, 1.4171110558615214], "Sigma": [[0.0015943405195036535, -0.0001594940111401031, -0.0011255896145793349], [-0.00015949401114010312, 0.0013578814561927101, -0.002463460949031465], [-0.0011255896145793349, -0.002463460949031465, 0.007987043253305043]], "chi2_level": 0.95, "chi2_df": 3, "chi2_threshold": 7.814727903251179, "N_raw": 45, "N_roi": 45, "N_inlier": 42, "refit": true}
{"timestamp": "15:28:30.099463", "frame": 68, "mu": [-0.2904350145313427, 0.8804067143512978, 1.3657698258294404], "Sigma": [[0.0032443375249059095, -0.0023044705399434796, -0.0022497787879258075], [-0.00230447053994348, 0.003115159882178535, 0.0010084078069302034], [-0.0022497787879258075, 0.0010084078069302034, 0.018336202076743188]], "chi2_level": 0.95, "chi2_df": 3, "chi2_threshold": 7.814727903251179, "N_raw": 88, "N_roi": 88, "N_inlier": 81, "refit": true}
{"timestamp": "15:28:30.152871", "frame": 69, "mu": [-0.3510320003744481, 0.9340792487828425, 1.4746968138924421], "Sigma": [[0.0024395324923589183, -0.0007546050983156549, -0.00029679036427395584], [-0.0007546050983156549, 0.003096275145453269, -0.0033718306514958817], [-0.00029679036427395595, -0.0033718306514958817, 0.006226504367433287]], "chi2_level": 0.95, "chi2_df": 3, "chi2_threshold": 7.814727903251179, "N_raw": 71, "N_roi": 71, "N_inlier": 70, "refit": true}
{"timestamp": "15:28:30.210720", "frame": 70, "mu": [-0.42702071190886026, 0.9098488489403844, 1.441740465454412], "Sigma": [[0.0031669669652838644, -0.0014755005728404405, -0.0004695435447263301], [-0.0014755005728404405, 0.0031154971581921964, -0.0041503078447898845], [-0.00046954354472633, -0.0041503078447898845, 0.014769533576138841]], "chi2_level": 0.95, "chi2_df": 3, "chi2_threshold": 7.814727903251179, "N_raw": 83, "N_roi": 83, "N_inlier": 74, "refit": true}
{"timestamp": "15:28:30.266165", "frame": 71, "mu": [-0.44965813501646285, 0.9148401375101843, 1.3619754727993156], "Sigma": [[0.003443133523008469, -0.0016155565109444929, -0.005352470607164719], [-0.0016155565109444929, 0.004391370988245633, 0.007872614590901524], [-0.005352470607164719, 0.007872614590901524, 0.05299477751410399]], "chi2_level": 0.95, "chi2_df": 3, "chi2_threshold": 7.814727903251179, "N_raw": 83, "N_roi": 79, "N_inlier": 77, "refit": true}
{"timestamp": "15:28:30.313951", "frame": 72, "mu": [-0.5633537591582313, 0.917525161197094, 1.4711056601865204], "Sigma": [[0.0031721446496973233, -0.0005247986222284568, -0.000355808592846258], [-0.0005247986222284568, 0.0011762174286404556, -0.0014357639962124344], [-0.00035580859284625797, -0.0014357639962124342, 0.00287047119084764]], "chi2_level": 0.95, "chi2_df": 3, "chi2_threshold": 7.814727903251179, "N_raw": 45, "N_roi": 45, "N_inlier": 43, "refit": true}
{"timestamp": "15:28:30.372127", "frame": 73, "mu": [-0.5976327361748075, 0.8605358675634226, 1.2710857323736846], "Sigma": [[0.003112427165759911, -0.0016758499375759887, -0.009189488162511878], [-0.0016758499375759887, 0.0036164667713096963, 0.011283964789120103], [-0.009189488162511878, 0.011283964789120103, 0.08828372689575711]], "chi2_level": 0.95, "chi2_df": 3, "chi2_threshold": 7.814727903251179, "N_raw": 66, "N_roi": 66, "N_inlier": 62, "refit": true}
{"timestamp": "15:28:30.427220", "frame": 74, "mu": [-0.7538160792367067, 0.8621836966294192, 1.2849662279833665], "Sigma": [[0.04342305177345273, 0.015956943607461454, -0.05854331022205373], [0.01595694360746145, 0.00836121696377881, -0.02409502436162177], [-0.05854331022205373, -0.02409502436162177, 0.12339040957389247]], "chi2_level": 0.95, "chi2_df": 3, "chi2_threshold": 7.814727903251179, "N_raw": 62, "N_roi": 62, "N_inlier": 59, "refit": true}
{"timestamp": "15:28:30.488507", "frame": 75, "mu": [-0.8440564110505384, 0.8508532668089589, 1.3381227528029418], "Sigma": [[0.03937202780090952, 0.009910217534357568, -0.0585608550030495], [0.009910217534357566, 0.00576464300990818, -0.012560000927180731], [-0.0585608550030495, -0.012560000927180731, 0.11564634173353733]], "chi2_level": 0.95, "chi2_df": 3, "chi2_threshold": 7.814727903251179, "N_raw": 110, "N_roi": 110, "N_inlier": 108, "refit": true}
{"timestamp": "15:28:30.536276", "frame": 76, "mu": [-0.9814907202219424, 0.7507833298752564, 1.5165418547531846], "Sigma": [[0.022978446390200448, 0.01997151725872102, -0.017103870597505143], [0.019971517258721025, 0.046338209643786696, 0.025469999249496694], [-0.01710387059750514, 0.025469999249496694, 0.09037328349852171]], "chi2_level": 0.95, "chi2_df": 3, "chi2_threshold": 7.814727903251179, "N_raw": 40, "N_roi": 40, "N_inlier": 35, "refit": true}
{"timestamp": "15:28:30.587745", "frame": 77, "mu": [-1.0938019345153358, 0.7907763933776626, 1.4736004520733932], "Sigma": [[0.019238695732058952, 0.012751691288865974, -0.008000382034653857], [0.012751691288865972, 0.01619721467607331, -0.01247263012342742], [-0.008000382034653857, -0.012472630123427418, 0.011321370472782559]], "chi2_level": 0.95, "chi2_df": 3, "chi2_threshold": 7.814727903251179, "N_raw": 33, "N_roi": 33, "N_inlier": 32, "refit": true}
{"timestamp": "15:28:30.642267", "frame": 78, "mu": [-1.0692383500989548, 0.8812858024251655, 1.567680219772762], "Sigma": [[0.009047305277022749, 0.01091249301036049, -0.009299946883542305], [0.01091249301036049, 0.02342967080346845, -0.02156830564138658], [-0.009299946883542305, -0.02156830564138658, 0.020974368889488157]], "chi2_level": 0.95, "chi2_df": 3, "chi2_threshold": 7.814727903251179, "N_raw": 34, "N_roi": 34, "N_inlier": 33, "refit": true}
{"timestamp": "15:28:30.704519", "frame": 79, "mu": [-1.0820236981626237, 0.8955104217423858, 1.4196722807711688], "Sigma": [[0.020561305673135744, 0.0012045067075823345, -0.04604869188026029], [0.0012045067075823342, 0.009833820541687101, 0.01487414244988574], [-0.046048691880260284, 0.014874142449885741, 0.17563257936672363]], "chi2_level": 0.95, "chi2_df": 3, "chi2_threshold": 7.814727903251179, "N_raw": 84, "N_roi": 84, "N_inlier": 81, "refit": true}
{"timestamp": "15:28:30.761874", "frame": 80, "mu": [-1.1975011992506714, 0.9722526186967677, 1.6747597643429053], "Sigma": [[0.012178786574434849, 0.006093504642614716, -0.008004516607330227], [0.006093504642614716, 0.010046002604578708, -0.010442044847407808], [-0.008004516607330227, -0.010442044847407808, 0.028093783580891343]], "chi2_level": 0.95, "chi2_df": 3, "chi2_threshold": 7.814727903251179, "N_raw": 99, "N_roi": 97, "N_inlier": 88, "refit": true}
{"timestamp": "15:28:30.813521", "frame": 81, "mu": [-1.262273776652937, 0.918130559456705, 1.5948915969318194], "Sigma": [[0.013041250645145129, 0.005555589207155856, -0.013921896930698495], [0.005555589207155856, 0.007886156227403346, -0.008015790353281814], [-0.013921896930698497, -0.008015790353281814, 0.028151442861797032]], "chi2_level": 0.95, "chi2_df": 3, "chi2_threshold": 7.814727903251179, "N_raw": 81, "N_roi": 65, "N_inlier": 60, "refit": true}
{"timestamp": "15:28:30.873884", "frame": 82, "mu": [-1.2900938217697975, 1.0144453645633593, 1.2747379640105425], "Sigma": [[0.01270590243120774, 0.010506508304492956, -0.04567084503533934], [0.010506508304492955, 0.01918939208958694, -0.06386267792027778], [-0.04567084503533934, -0.06386267792027778, 0.301767276472342]], "chi2_level": 0.95, "chi2_df": 3, "chi2_threshold": 7.814727903251179, "N_raw": 110, "N_roi": 72, "N_inlier": 71, "refit": true}
{"timestamp": "15:28:30.926079", "frame": 83, "mu": [-1.3678008678269409, 0.8269570535928021, 1.3536359958586017], "Sigma": [[0.015698589601743015, 0.01062697556685953, -0.004216317856956318], [0.010626975566859528, 0.01728088599702893, -0.005184023664897236], [-0.004216317856956318, -0.005184023664897236, 0.00483515793914481]], "chi2_level": 0.95, "chi2_df": 3, "chi2_threshold": 7.814727903251179, "N_raw": 93, "N_roi": 78, "N_inlier": 75, "refit": true}
{"timestamp": "15:28:30.981524", "frame": 84, "mu": [-1.3940670208895378, 0.9239258382449161, 1.4033331542087182], "Sigma": [[0.014353001807179992, 0.009992108510869957, -0.005150866390688324], [0.009992108510869957, 0.017702184993755622, -0.0076016275599966425], [-0.005150866390688324, -0.0076016275599966425, 0.0055638851584802395]], "chi2_level": 0.95, "chi2_df": 3, "chi2_threshold": 7.814727903251179, "N_raw": 92, "N_roi": 92, "N_inlier": 91, "refit": true}
{"timestamp": "15:28:31.037198", "frame": 85, "mu": [-1.3915365081784716, 1.0260043617671668, 1.4011682727091883], "Sigma": [[0.015489316990925263, 0.007828725104551777, -0.007329672564074505], [0.007828725104551775, 0.010158143960988266, -0.008833656986447728], [-0.007329672564074503, -0.008833656986447728, 0.01117177400949325]], "chi2_level": 0.95, "chi2_df": 3, "chi2_threshold": 7.814727903251179, "N_raw": 99, "N_roi": 96, "N_inlier": 93, "refit": true}
{"timestamp": "15:28:31.091871", "frame": 86, "mu": [-1.491057030178703, 1.0330870252452462, 1.470429273925876], "Sigma": [[0.019356327334399376, 0.009046427451607206, -0.008920012692783214], [0.009046427451607206, 0.012261088858197084, -0.009086349407098364], [-0.008920012692783214, -0.009086349407098364, 0.008576012281984622]], "chi2_level": 0.95, "chi2_df": 3, "chi2_threshold": 7.814727903251179, "N_raw": 102, "N_roi": 102, "N_inlier": 93, "refit": true}
{"timestamp": "15:28:31.143018", "frame": 87, "mu": [-1.5530315229133993, 1.0267985672402116, 1.4989391275345527], "Sigma": [[0.009420508080477234, 0.007488122918985156, -0.00031112507319963417], [0.007488122918985156, 0.0299260158674886, 0.029021133725075678], [-0.0003111250731996335, 0.029021133725075678, 0.06643192791992766]], "chi2_level": 0.95, "chi2_df": 3, "chi2_threshold": 7.814727903251179, "N_raw": 73, "N_roi": 73, "N_inlier": 65, "refit": true}
{"timestamp": "15:28:31.205890", "frame": 88, "mu": [-1.5283448484754028, 1.1778470007657411, 1.285826902600583], "Sigma": [[0.022610558773868836, 0.01512586319288626, -0.026896095062181304], [0.01512586319288626, 0.01698057181421313, -0.017138244726744856], [-0.026896095062181304, -0.01713824472674486, 0.11231528455928452]], "chi2_level": 0.95, "chi2_df": 3, "chi2_threshold": 7.814727903251179, "N_raw": 128, "N_roi": 128, "N_inlier": 124, "refit": true}
{"timestamp": "15:28:31.258156", "frame": 89, "mu": [-1.6836460769438941, 1.109603811183889, 1.3837560350523315], "Sigma": [[0.018826961924721355, 0.015011080521365629, 0.00671112870523675], [0.015011080521365629, 0.025060852469701043, 0.01285325529135588], [0.0067111287052367494, 0.01285325529135588, 0.04803533665960402]], "chi2_level": 0.95, "chi2_df": 3, "chi2_threshold": 7.814727903251179, "N_raw": 107, "N_roi": 107, "N_inlier": 97, "refit": true}
{"timestamp": "15:28:31.315918", "frame": 90, "mu": [-1.5904374700331532, 1.2689172125494343, 0.16625728738955087], "Sigma": [[0.033183776395102685, 0.013286783188618458, 0.07009285899237931], [0.013286783188618454, 0.014003292482794775, 0.06258638377259416], [0.07009285899237933, 0.06258638377259416, 0.6269932798216055]], "chi2_level": 0.95, "chi2_df": 3, "chi2_threshold": 7.814727903251179, "N_raw": 125, "N_roi": 125, "N_inlier": 122, "refit": true}
{"timestamp": "15:28:31.366287", "frame": 91, "mu": [-1.7004736530813973, 1.2664584709678437, 1.4685536989218082], "Sigma": [[0.015034541827343095, 0.00977734627542328, -0.008013755326839692], [0.00977734627542328, 0.01660523749962465, -0.012720012976592697], [-0.008013755326839692, -0.012720012976592695, 0.011007894383096394]], "chi2_level": 0.95, "chi2_df": 3, "chi2_threshold": 7.814727903251179, "N_raw": 90, "N_roi": 90, "N_inlier": 88, "refit": true}
{"timestamp": "15:28:31.421374", "frame": 92, "mu": [-1.7406692490898914, 1.2579599623692, 1.395115030300432], "Sigma": [[0.015781173814921882, 0.008394719154691734, -0.00955336968631075], [0.008394719154691734, 0.012105190329835787, -0.009128277200156807], [-0.00955336968631075, -0.009128277200156807, 0.010341157668779074]], "chi2_level": 0.95, "chi2_df": 3, "chi2_threshold": 7.814727903251179, "N_raw": 78, "N_roi": 78, "N_inlier": 70, "refit": true}
