{"timestamp": "14:59:40.205001", "frame": 18, "mu": [1.9739441995296199, 0.6868130900937242, 1.3321699011138382], "Sigma": [[0.0027372796659889892, -0.0007154558918135035, -0.0015288466218908539], [-0.0007154558918135034, 0.0021604753417450943, -0.0005219343378671975], [-0.001528846621890854, -0.0005219343378671975, 0.0017546490992931692]], "chi2_level": 0.95, "chi2_df": 3, "chi2_threshold": 7.814727903251179, "N_raw": 7, "N_roi": 7, "N_inlier": 7, "refit": true}
{"timestamp": "14:59:40.259953", "frame": 19, "mu": [1.9267312077162848, 0.802302637317323, 1.2951076458423405], "Sigma": [[0.0007364680088005009, 0.0020739809039693026, -0.0024267300111334668], [0.0020739809039693026, 0.008709340229616974, -0.007675655604406329], [-0.0024267300111334668, -0.007675655604406328, 0.008343703960874738]], "chi2_level": 0.95, "chi2_df": 3, "chi2_threshold": 7.814727903251179, "N_raw": 6, "N_roi": 6, "N_inlier": 5, "refit": true}
{"timestamp": "14:59:40.315406", "frame": 20, "mu": [1.94168350726251, 0.8013347294990231, 1.2706916710345357], "Sigma": [[0.0010922319076685052, 0.001541500845657347, -0.0031467311634527087], [0.0015415008456573472, 0.004098500174265204, -0.006353508392092139], [-0.003146731163452709, -0.006353508392092139, 0.012474174985286291]], "chi2_level": 0.95, "chi2_df": 3, "chi2_threshold": 7.814727903251179, "N_raw": 6, "N_roi": 6, "N_inlier": 5, "refit": true}
{"timestamp": "14:59:40.424606", "frame": 22, "mu": [1.8724409142081564, 0.8406312989620398, 1.1865668395533804], "Sigma": [[0.0003171147424338913, 0.000905497337086672, -0.0013685015009371017], [0.0009054973370866721, 0.011238198677800862, -0.008165225196410872], [-0.0013685015009371017, -0.008165225196410872, 0.008142828696476725]], "chi2_level": 0.95, "chi2_df": 3, "chi2_threshold": 7.814727903251179, "N_raw": 5, "N_roi": 5, "N_inlier": 5, "refit": true}
{"timestamp": "14:59:40.482167", "frame": 23, "mu": [1.9076038315993173, 0.8145735945837782, 1.1448170646968532], "Sigma": [[0.002393982467106153, -0.0029369481155287125, -0.0038256869165645482], [-0.0029369481155287125, 0.008082143404058733, 0.009066206394834768], [-0.0038256869165645487, 0.00906620639483477, 0.01582694549164065]], "chi2_level": 0.95, "chi2_df": 3, "chi2_threshold": 7.814727903251179, "N_raw": 13, "N_roi": 13, "N_inlier": 11, "refit": true}
{"timestamp": "14:59:40.535667", "frame": 24, "mu": [1.8816880346635325, 0.6781098474262385, 1.2495555390679636], "Sigma": [[0.0019490411280545952, 0.0002704966311572755, -0.0006056225535882984], [0.0002704966311572754, 0.0028571863624074077, -0.001183816046147373], [-0.0006056225535882984, -0.001183816046147373, 0.0006183924963577672]], "chi2_level": 0.95, "chi2_df": 3, "chi2_threshold": 7.814727903251179, "N_raw": 10, "N_roi": 10, "N_inlier": 7, "refit": true}
{"timestamp": "14:59:40.590645", "frame": 25, "mu": [1.8663794625809829, 0.7104216454804607, 1.3137320365759981], "Sigma": [[0.0021495145804301926, -0.0005660624646364177, -0.0036476474771113205], [-0.0005660624646364177, 0.008741845689528916, -0.004969755785501787], [-0.0036476474771113205, -0.004969755785501787, 0.011170572577151589]], "chi2_level": 0.95, "chi2_df": 3, "chi2_threshold": 7.814727903251179, "N_raw": 11, "N_roi": 11, "N_inlier": 11, "refit": true}
{"timestamp": "14:59:40.646818", "frame": 26, "mu": [1.8030961982584217, 0.9251148222378774, -0.5398777870937937], "Sigma": [[0.003610023848721195, -0.004949865117128946, -0.002233400963898107], [-0.004949865117128947, 0.015298119139583366, 0.0017541569249929054], [-0.002233400963898107, 0.0017541569249929054, 0.0023427123656746224]], "chi2_level": 0.95, "chi2_df": 3, "chi2_threshold": 7.814727903251179, "N_raw": 26, "N_roi": 26, "N_inlier": 25, "refit": true}
{"timestamp": "14:59:40.702043", "frame": 27, "mu": [1.8421938266498215, 0.6261570428356776, 1.3092143735280888], "Sigma": [[0.0031563902456637296, -0.0010673209095634472, -0.002394344784558817], [-0.0010673209095634472, 0.0011364159253404323, 0.0006763654164919803], [-0.002394344784558817, 0.0006763654164919803, 0.002277142929351914]], "chi2_level": 0.95, "chi2_df": 3, "chi2_threshold": 7.814727903251179, "N_raw": 6, "N_roi": 6, "N_inlier": 6, "refit": true}
{"timestamp": "14:59:40.757022", "frame": 28, "mu": [1.7784243353096068, 0.6333737820260161, 1.2529416079717774], "Sigma": [[0.003837040342540095, -0.0026886300366758325, -0.00714369977163813], [-0.0026886300366758325, 0.0034692011651259263, 0.004970950815723764], [-0.00714369977163813, 0.004970950815723764, 0.013889820000509057]], "chi2_level": 0.95, "chi2_df": 3, "chi2_threshold": 7.814727903251179, "N_raw": 5, "N_roi": 5, "N_inlier": 5, "refit": true}
{"timestamp": "14:59:40.813643", "frame": 29, "mu": [1.7661225403605494, 0.6918208237954251, 1.224321485700851], "Sigma": [[0.003459877471484828, -0.0052241998286147884, -0.001583745833157535], [-0.0052241998286147884, 0.011848322862898305, 0.0011792840524658518], [-0.001583745833157535, 0.001179284052465852, 0.00202053421213282]], "chi2_level": 0.95, "chi2_df": 3, "chi2_threshold": 7.814727903251179, "N_raw": 18, "N_roi": 18, "N_inlier": 17, "refit": true}
{"timestamp": "14:59:40.866319", "frame": 30, "mu": [1.7150623424776197, 0.6508793065447318, 1.3909376551492643], "Sigma": [[0.005493682302131624, -0.0038377916841879395, -0.003657639623325174], [-0.0038377916841879395, 0.003204698937342188, 0.002594381520264342], [-0.003657639623325174, 0.0025943815202643422, 0.0024899995387204915]], "chi2_level": 0.95, "chi2_df": 3, "chi2_threshold": 7.814727903251179, "N_raw": 5, "N_roi": 5, "N_inlier": 5, "refit": true}
{"timestamp": "14:59:40.921725", "frame": 31, "mu": [1.6630049737214483, 0.7549239259797429, 1.3005786425986725], "Sigma": [[0.0030464640954263626, -0.0006253141982121742, -0.008774092296462902], [-0.0006253141982121741, 0.0014680486669713488, 0.006797481872772272], [-0.008774092296462902, 0.006797481872772272, 0.04392453848678438]], "chi2_level": 0.95, "chi2_df": 3, "chi2_threshold": 7.814727903251179, "N_raw": 6, "N_roi": 6, "N_inlier": 5, "refit": true}
{"timestamp": "14:59:40.978474", "frame": 32, "mu": [1.6834304186296456, 0.7393049117837452, 1.3046100569864834], "Sigma": [[0.002677579399564244, -9.490837249940702e-05, -0.003039198427392993], [-9.490837249940707e-05, 0.004825625190941371, -0.0031327406746271425], [-0.003039198427392993, -0.0031327406746271425, 0.007016607806292971]], "chi2_level": 0.95, "chi2_df": 3, "chi2_threshold": 7.814727903251179, "N_raw": 16, "N_roi": 16, "N_inlier": 16, "refit": true}
{"timestamp": "14:59:41.032696", "frame": 33, "mu": [1.661043009656888, 0.7120698153982323, 1.2224081287864799], "Sigma": [[0.0041842044731140735, -0.0011801070519887882, -0.0050080620430927895], [-0.001180107051988788, 0.004411503061612146, -0.011341630196462758], [-0.0050080620430927895, -0.011341630196462758, 0.050934113834964725]], "chi2_level": 0.95, "chi2_df": 3, "chi2_threshold": 7.814727903251179, "N_raw": 8, "N_roi": 8, "N_inlier": 8, "refit": true}
{"timestamp": "14:59:41.089757", "frame": 34, "mu": [1.591301084206755, 0.7734647405572396, 1.0855782787863135], "Sigma": [[0.002907499238787849, -0.005523925140600022, 0.002623901755229317], [-0.005523925140600022, 0.021498955510001076, -0.02641986566913046], [0.002623901755229317, -0.02641986566913046, 0.05055573817839265]], "chi2_level": 0.95, "chi2_df": 3, "chi2_threshold": 7.814727903251179, "N_raw": 21, "N_roi": 21, "N_inlier": 20, "refit": true}
{"timestamp": "14:59:41.150376", "frame": 35, "mu": [1.561800123907783, 0.8302558751039195, 1.035880129153522], "Sigma": [[0.0048892547981597275, -0.006743069860073469, 0.0041562711474804285], [-0.006743069860073469, 0.017724919719366905, -0.023378871496165667], [0.0041562711474804285, -0.023378871496165667, 0.05676107736297754]], "chi2_level": 0.95, "chi2_df": 3, "chi2_threshold": 7.814727903251179, "N_raw": 59, "N_roi": 59, "N_inlier": 58, "refit": true}
{"timestamp": "14:59:41.200193", "frame": 36, "mu": [1.53375998944066, 0.7366450485838415, 1.2254225725455894], "Sigma": [[0.0024350616790413367, -0.0022205661563096096, 0.0005575573911854998], [-0.0022205661563096096, 0.00793484909625884, -0.004213840445461797], [0.0005575573911854995, -0.004213840445461796, 0.002726907572674415]], "chi2_level": 0.95, "chi2_df": 3, "chi2_threshold": 7.814727903251179, "N_raw": 22, "N_roi": 22, "N_inlier": 18, "refit": true}
{"timestamp": "14:59:41.253053", "frame": 37, "mu": [1.4909150861111857, 0.7955120030547984, 1.1285781680875615], "Sigma": [[0.0034757190787019056, -0.0027612865639679, 0.0030308168917655676], [-0.0027612865639679005, 0.024646767878058758, -0.04655047746529875], [0.003030816891765569, -0.04655047746529875, 0.09898108246657701]], "chi2_level": 0.95, "chi2_df": 3, "chi2_threshold": 7.814727903251179, "N_raw": 7, "N_roi": 7, "N_inlier": 7, "refit": true}
{"timestamp": "14:59:41.310156", "frame": 38, "mu": [1.467722517794593, 0.7637336788574932, 1.3398371967227467], "Sigma": [[0.0031236440069653433, -0.0008653896204868908, -0.0018462301114375833], [-0.0008653896204868909, 0.004839427348788018, -0.0018336320139976463], [-0.0018462301114375833, -0.0018336320139976463, 0.002665632827451636]], "chi2_level": 0.95, "chi2_df": 3, "chi2_threshold": 7.814727903251179, "N_raw": 30, "N_roi": 30, "N_inlier": 25, "refit": true}
{"timestamp": "14:59:41.363131", "frame": 39, "mu": [1.4403549640104931, 0.8559744848409923, 1.0664778721189268], "Sigma": [[0.0017012458485448658, -0.0048812734137304425, 0.008790022175393557], [-0.0048812734137304425, 0.015101915343972766, -0.027374253693168808], [0.008790022175393557, -0.027374253693168808, 0.05956342056099306]], "chi2_level": 0.95, "chi2_df": 3, "chi2_threshold": 7.814727903251179, "N_raw": 9, "N_roi": 9, "N_inlier": 8, "refit": true}
{"timestamp": "14:59:41.419559", "frame": 40, "mu": [1.3630133167991758, 0.7882704163194117, 1.3908882422513094], "Sigma": [[0.002555198697067217, -0.0008737125086558662, -0.0033944992949922525], [-0.0008737125086558662, 0.0036548783319841514, -0.0017307232545961295], [-0.0033944992949922525, -0.0017307232545961293, 0.02242567180435882]], "chi2_level": 0.95, "chi2_df": 3, "chi2_threshold": 7.814727903251179, "N_raw": 21, "N_roi": 21, "N_inlier": 19, "refit": true}
{"timestamp": "14:59:41.473132", "frame": 41, "mu": [1.3012951261091765, 0.7880544590267129, 1.4689452714455284], "Sigma": [[0.00225515131298199, -0.0004926031187487713, -0.0007258739962322431], [-0.0004926031187487713, 0.002731029340797778, 0.00010087660629682664], [-0.0007258739962322431, 0.00010087660629682664, 0.00043443651679711797]], "chi2_level": 0.95, "chi2_df": 3, "chi2_threshold": 7.814727903251179, "N_raw": 16, "N_roi": 16, "N_inlier": 14, "refit": true}
{"timestamp": "14:59:41.531531", "frame": 42, "mu": [1.3203405481988917, 0.7828242238119996, 1.4238618646400811], "Sigma": [[0.005136725420066179, -0.0018368681899723852, -0.005137684721958484], [-0.0018368681899723852, 0.004275166294648758, 0.0009604628607995821], [-0.005137684721958484, 0.000960462860799582, 0.013487809738710742]], "chi2_level": 0.95, "chi2_df": 3, "chi2_threshold": 7.814727903251179, "N_raw": 35, "N_roi": 35, "N_inlier": 33, "refit": true}
{"timestamp": "14:59:41.586222", "frame": 43, "mu": [1.2639607695141857, 0.8079886814913138, 1.5230916367458123], "Sigma": [[0.002921258928274926, -0.0003720222525403794, 0.00014740683355841434], [-0.0003720222525403795, 0.005473233796838981, -0.00022569767962062867], [0.00014740683355841434, -0.00022569767962062873, 0.0001906250533101216]], "chi2_level": 0.95, "chi2_df": 3, "chi2_threshold": 7.814727903251179, "N_raw": 28, "N_roi": 28, "N_inlier": 26, "refit": true}
{"timestamp": "14:59:41.640337", "frame": 44, "mu": [1.230170322976768, 0.7973113705012542, 1.5114179324507437], "Sigma": [[0.003433287021039237, 6.908293364763854e-05, -0.0007316047596035974], [6.90829336476387e-05, 0.0029476884040195595, -0.00031040963458547454], [-0.0007316047596035974, -0.0003104096345854745, 0.00031212023909443185]], "chi2_level": 0.95, "chi2_df": 3, "chi2_threshold": 7.814727903251179, "N_raw": 26, "N_roi": 26, "N_inlier": 22, "refit": true}
{"timestamp": "14:59:41.698714", "frame": 45, "mu": [1.2001477291883607, 0.8446413840375689, 1.2596264427360513], "Sigma": [[0.004516285490054587, -0.0012623325877265102, -0.008625005221789881], [-0.0012623325877265104, 0.0030592670843672433, -0.0051839975049742595], [-0.00862500522178988, -0.0051839975049742595, 0.06956575440064541]], "chi2_level": 0.95, "chi2_df": 3, "chi2_threshold": 7.814727903251179, "N_raw": 47, "N_roi": 47, "N_inlier": 45, "refit": true}
{"timestamp": "14:59:41.752065", "frame": 46, "mu": [1.1139776745106431, 0.9664301156038068, -0.3133246163359222], "Sigma": [[0.005603032071483848, -0.003704169021908584, -0.004538341108975538], [-0.0037041690219085837, 0.00581963077256184, 0.0018642936208087505], [-0.004538341108975538, 0.0018642936208087507, 0.005141777877767966]], "chi2_level": 0.95, "chi2_df": 3, "chi2_threshold": 7.814727903251179, "N_raw": 38, "N_roi": 38, "N_inlier": 35, "refit": true}
{"timestamp": "14:59:41.803156", "frame": 47, "mu": [1.1148010960840717, 0.854020154561794, 1.2787766659293038], "Sigma": [[0.013080989125242706, -0.01627827461191561, -0.008164954709707607], [-0.01627827461191561, 0.03350851090715182, -0.0038587311847774718], [-0.008164954709707607, -0.0038587311847774726, 0.04265050019831895]], "chi2_level": 0.95, "chi2_df": 3, "chi2_threshold": 7.814727903251179, "N_raw": 9, "N_roi": 9, "N_inlier": 8, "refit": true}
{"timestamp": "14:59:41.859218", "frame": 48, "mu": [1.0189563078523505, 0.9545013699843934, 1.3386095091744663], "Sigma": [[0.0024131289952193657, 0.0013248452169870655, -0.00363292553685516], [0.0013248452169870653, 0.003534142537549692, -0.005539022633776331], [-0.00363292553685516, -0.005539022633776331, 0.01203161690881944]], "chi2_level": 0.95, "chi2_df": 3, "chi2_threshold": 7.814727903251179, "N_raw": 17, "N_roi": 17, "N_inlier": 17, "refit": true}
{"timestamp": "14:59:41.918463", "frame": 49, "mu": [0.9960395711090059, 0.8988129765337941, 1.3832884272701302], "Sigma": [[0.004234077638663761, -0.0015940901736276234, -0.0032111001240313474], [-0.0015940901736276234, 0.0030442675961403656, -0.0015893356833396564], [-0.0032111001240313474, -0.0015893356833396564, 0.006384451799663138]], "chi2_level": 0.95, "chi2_df": 3, "chi2_threshold": 7.814727903251179, "N_raw": 49, "N_roi": 49, "N_inlier": 47, "refit": true}
{"timestamp": "14:59:41.975254", "frame": 50, "mu": [0.9915293377768672, 0.8613807846313067, 1.3816407367559895], "Sigma": [[0.006544563453063872, -0.0037035640788822687, -0.007098489713099597], [-0.0037035640788822687, 0.0038442725187859354, 0.005725249548875232], [-0.007098489713099597, 0.005725249548875232, 0.03676259149216601]], "chi2_level": 0.95, "chi2_df": 3, "chi2_threshold": 7.814727903251179, "N_raw": 54, "N_roi": 54, "N_inlier": 50, "refit": true}
{"timestamp": "14:59:42.026982", "frame": 51, "mu": [0.9551983804206813, 0.8365509850495211, 1.2031857285563539], "Sigma": [[0.007273154005990607, -0.004208824476134677, -0.022289233331309596], [-0.004208824476134677, 0.006607669661345245, 0.015752044820247394], [-0.022289233331309596, 0.015752044820247394, 0.09349307881046556]], "chi2_level": 0.95, "chi2_df": 3, "chi2_threshold": 7.814727903251179, "N_raw": 36, "N_roi": 36, "N_inlier": 35, "refit": true}
{"timestamp": "14:59:42.081868", "frame": 52, "mu": [0.8598376218678121, 0.8673149088417338, 1.4619885680821996], "Sigma": [[0.0031955366619620595, -0.0006797325852659243, -0.001999976387664283], [-0.0006797325852659243, 0.003271406266922127, 3.0091362972088415e-05], [-0.001999976387664283, 3.0091362972088333e-05, 0.0038395325615366536]], "chi2_level": 0.95, "chi2_df": 3, "chi2_threshold": 7.814727903251179, "N_raw": 37, "N_roi": 37, "N_inlier": 35, "refit": true}
{"timestamp": "14:59:42.137375", "frame": 53, "mu": [0.8391581031845652, 0.8566415663212603, 1.4506884910393152], "Sigma": [[0.003559879978475685, -0.0008609053869141429, -0.0015717414630733596], [-0.0008609053869141429, 0.003173871384625761, -0.0004101648443593702], [-0.0015717414630733596, -0.0004101648443593702, 0.0010967861772807448]], "chi2_level": 0.95, "chi2_df": 3, "chi2_threshold": 7.814727903251179, "N_raw": 39, "N_roi": 39, "N_inlier": 36, "refit": true}
{"timestamp": "14:59:42.198082", "frame": 54, "mu": [0.8507097633894446, 0.8000659664423947, 1.218171002608122], "Sigma": [[0.007640284272353062, -0.0035772791584298726, -0.017434190131282168], [-0.003577279158429872, 0.004466015196469906, 0.006065977133557146], [-0.017434190131282168, 0.006065977133557146, 0.060605505433581064]], "chi2_level": 0.95, "chi2_df": 3, "chi2_threshold": 7.814727903251179, "N_raw": 78, "N_roi": 78, "N_inlier": 77, "refit": true}
{"timestamp": "14:59:42.249740", "frame": 55, "mu": [0.7603501410823246, 0.9193426351918, -0.3155533426453346], "Sigma": [[0.003913727802537956, 0.0004219888251433823, -0.002980091471235696], [0.0004219888251433823, 0.003345731442883847, -0.000942148217791409], [-0.002980091471235696, -0.000942148217791409, 0.0033958526050067495]], "chi2_level": 0.95, "chi2_df": 3, "chi2_threshold": 7.814727903251179, "N_raw": 48, "N_roi": 48, "N_inlier": 46, "refit": true}
{"timestamp": "14:59:42.304051", "frame": 56, "mu": [0.7256991457473949, 0.932933802754357, -0.4227655649228915], "Sigma": [[0.005367594727554113, -0.0010055834832971933, -0.01807600000306709], [-0.0010055834832971933, 0.0041594560375003645, 0.002187135734608282], [-0.01807600000306709, 0.0021871357346082824, 0.08725088637071081]], "chi2_level": 0.95, "chi2_df": 3, "chi2_threshold": 7.814727903251179, "N_raw": 52, "N_roi": 52, "N_inlier": 48, "refit": true}
{"timestamp": "14:59:42.353875", "frame": 57, "mu": [0.7163703786230174, 0.7693130686918728, 1.3381305082170512], "Sigma": [[0.002856348489330912, -0.00031073825320736807, -0.005888113341539413], [-0.0003107382532073679, 0.001036537103208237, 0.002297727862522537], [-0.005888113341539413, 0.002297727862522537, 0.019570368583807833]], "chi2_level": 0.95, "chi2_df": 3, "chi2_threshold": 7.814727903251179, "N_raw": 17, "N_roi": 17, "N_inlier": 15, "refit": true}
{"timestamp": "14:59:42.407086", "frame": 58, "mu": [0.6950969904259405, 0.8079182144578998, 1.3266936675095509], "Sigma": [[0.003722741720597063, 0.0014158158551731902, -0.008804621948564061], [0.0014158158551731902, 0.0008271069895042191, -0.00316789398034644], [-0.008804621948564061, -0.0031678939803464396, 0.021182719979254385]], "chi2_level": 0.95, "chi2_df": 3, "chi2_threshold": 7.814727903251179, "N_raw": 8, "N_roi": 8, "N_inlier": 7, "refit": true}
{"timestamp": "14:59:42.468033", "frame": 59, "mu": [0.6516213849081024, 0.756419358360007, 1.424975800603117], "Sigma": [[0.0031359703324554443, 0.000261748571137684, -0.004682004464905514], [0.0002617485711376841, 0.001445031807701852, -0.0016178280324623908], [-0.004682004464905515, -0.0016178280324623908, 0.014764322537593015]], "chi2_level": 0.95, "chi2_df": 3, "chi2_threshold": 7.814727903251179, "N_raw": 39, "N_roi": 39, "N_inlier": 36, "refit": true}
{"timestamp": "14:59:42.525295", "frame": 60, "mu": [0.6283795861307445, 0.7700950291049593, 1.4023000848569556], "Sigma": [[0.004357843168376273, 0.0008950603191938438, -0.005269976767393281], [0.0008950603191938439, 0.002425584696906175, -0.004058130018722272], [-0.005269976767393282, -0.004058130018722272, 0.011618974642925524]], "chi2_level": 0.95, "chi2_df": 3, "chi2_threshold": 7.814727903251179, "N_raw": 61, "N_roi": 61, "N_inlier": 59, "refit": true}
{"timestamp": "14:59:42.583439", "frame": 61, "mu": [0.575716368534112, 0.7641457019728153, 1.3723245363186842], "Sigma": [[0.002586475416236139, -0.00021454472484965718, -0.0011439288900933144], [-0.00021454472484965718, 0.0029132324642818213, -0.0011350639669563604], [-0.0011439288900933142, -0.0011350639669563604, 0.03388054778888917]], "chi2_level": 0.95, "chi2_df": 3, "chi2_threshold": 7.814727903251179, "N_raw": 76, "N_roi": 76, "N_inlier": 73, "refit": true}
{"timestamp": "14:59:42.636757", "frame": 62, "mu": [0.5364197023336996, 0.8917764045340559, -0.37922449222839233], "Sigma": [[0.002277410655907869, -0.0008419128258324816, -0.00032576184626233596], [-0.0008419128258324816, 0.003590652402066465, -0.003905347953772846], [-0.000325761846262336, -0.003905347953772846, 0.008095674528717007]], "chi2_level": 0.95, "chi2_df": 3, "chi2_threshold": 7.814727903251179, "N_raw": 62, "N_roi": 62, "N_inlier": 57, "refit": true}
{"timestamp": "14:59:42.689031", "frame": 63, "mu": [0.48356818867385887, 0.779417625994421, 1.4273661927482062], "Sigma": [[0.002408060576674344, -0.0005679736442164305, 0.0002944282916648588], [-0.0005679736442164305, 0.0014913998918169018, -0.0020194426430731544], [0.00029442829166485883, -0.0020194426430731544, 0.003850514730503601]], "chi2_level": 0.95, "chi2_df": 3, "chi2_threshold": 7.814727903251179, "N_raw": 51, "N_roi": 51, "N_inlier": 46, "refit": true}
{"timestamp": "14:59:42.747300", "frame": 64, "mu": [0.4811590279438816, 0.9211418729217964, -0.3360498366196587], "Sigma": [[0.003370043245020628, 0.001657234235952991, -0.0020780714881845803], [0.001657234235952991, 0.00466099956059183, -0.002732577012322535], [-0.0020780714881845803, -0.002732577012322535, 0.0054257789790174305]], "chi2_level": 0.95, "chi2_df": 3, "chi2_threshold": 7.814727903251179, "N_raw": 68, "N_roi": 67, "N_inlier": 64, "refit": true}
{"timestamp": "14:59:42.803272", "frame": 65, "mu": [0.43031089340345186, 0.8161788629973648, 1.4125559268207475], "Sigma": [[0.00645352350164017, -0.002002965865789531, -0.010457560445899614], [-0.002002965865789531, 0.004455802375598572, 0.0038185290692599504], [-0.010457560445899614, 0.0038185290692599504, 0.021819778684129886]], "chi2_level": 0.95, "chi2_df": 3, "chi2_threshold": 7.814727903251179, "N_raw": 77, "N_roi": 74, "N_inlier": 72, "refit": true}
{"timestamp": "14:59:42.852628", "frame": 66, "mu": [0.35622610814217326, 0.7974340717999192, 1.4734211235871335], "Sigma": [[0.0018252644671860271, -0.0004041381515344075, -0.0010080593410999338], [-0.0004041381515344075, 0.0019267758576019848, -0.0004699936062372922], [-0.0010080593410999334, -0.0004699936062372922, 0.003601896222695792]], "chi2_level": 0.95, "chi2_df": 3, "chi2_threshold": 7.814727903251179, "N_raw": 39, "N_roi": 39, "N_inlier": 34, "refit": true}
{"timestamp": "14:59:42.920643", "frame": 67, "mu": [0.34904052391928225, 0.8176648590941719, 1.2156768404930787], "Sigma": [[0.004419339012151288, -0.00018502922470822568, 0.00032198412838426913], [-0.0001850292247082257, 0.0026130968138618725, 0.003035580105605692], [0.0003219841283842691, 0.003035580105605692, 0.04909695422739669]], "chi2_level": 0.95, "chi2_df": 3, "chi2_threshold": 7.814727903251179, "N_raw": 126, "N_roi": 126, "N_inlier": 123, "refit": true}
{"timestamp": "14:59:42.964470", "frame": 68, "mu": [0.29518476184383463, 0.9192078092363867, -0.3148205328442684], "Sigma": [[0.0020545821858388713, 0.00025929161456452024, -0.0016341491639572524], [0.0002592916145645202, 0.0021897685030657097, -0.0014465872174072652], [-0.0016341491639572526, -0.0014465872174072652, 0.0025213757609363926]], "chi2_level": 0.95, "chi2_df": 3, "chi2_threshold": 7.814727903251179, "N_raw": 45, "N_roi": 45, "N_inlier": 41, "refit": true}
{"timestamp": "14:59:43.019595", "frame": 69, "mu": [0.25704474966676627, 0.8133130725845528, 1.430134622079604], "Sigma": [[0.002180058858651607, -0.0005799800474362363, -0.0013154121689564467], [-0.0005799800474362365, 0.0016959408464918147, -0.0014308877743444627], [-0.0013154121689564467, -0.0014308877743444627, 0.004307886463612295]], "chi2_level": 0.95, "chi2_df": 3, "chi2_threshold": 7.814727903251179, "N_raw": 54, "N_roi": 54, "N_inlier": 52, "refit": true}
{"timestamp": "14:59:43.076414", "frame": 70, "mu": [0.2609900175000297, 0.812198191754381, 1.3714044564907675], "Sigma": [[0.005866614051251841, 0.0010864204447981073, -0.005496423528688319], [0.0010864204447981073, 0.0009024314040005263, -0.00176433878104436], [-0.005496423528688319, -0.00176433878104436, 0.007956920131067602]], "chi2_level": 0.95, "chi2_df": 3, "chi2_threshold": 7.814727903251179, "N_raw": 64, "N_roi": 64, "N_inlier": 62, "refit": true}
{"timestamp": "14:59:43.129031", "frame": 71, "mu": [0.23356954276102193, 0.8612750136850617, 1.3502793690068111], "Sigma": [[0.003104158636304018, 0.0009249312006301909, -0.0041868577355299585], [0.0009249312006301909, 0.0011847178946502118, -0.0028863719052193626], [-0.004186857735529959, -0.0028863719052193626, 0.00941331022075382]], "chi2_level": 0.95, "chi2_df": 3, "chi2_threshold": 7.814727903251179, "N_raw": 46, "N_roi": 46, "N_inlier": 41, "refit": true}
{"timestamp": "14:59:43.184999", "frame": 72, "mu": [0.11940536237596204, 0.9799763711239353, -0.3392467562285439], "Sigma": [[0.0022038360552973984, 0.000628227914752846, -0.002768478174433017], [0.000628227914752846, 0.0028993711653970237, -0.004464702802572689], [-0.002768478174433017, -0.004464702802572689, 0.011131362700712832]], "chi2_level": 0.95, "chi2_df": 3, "chi2_threshold": 7.814727903251179, "N_raw": 54, "N_roi": 53, "N_inlier": 52, "refit": true}
{"timestamp": "14:59:43.248315", "frame": 73, "mu": [0.1180112343868322, 0.8347364050140782, 1.272632791399367], "Sigma": [[0.0036847252813706345, 0.0007151764481208253, 0.004788547214075749], [0.0007151764481208253, 0.001434082651849523, 0.0021083199767511175], [0.004788547214075749, 0.002108319976751118, 0.051344092615765766]], "chi2_level": 0.95, "chi2_df": 3, "chi2_threshold": 7.814727903251179, "N_raw": 106, "N_roi": 106, "N_inlier": 104, "refit": true}
{"timestamp": "14:59:43.299366", "frame": 74, "mu": [0.12924352520212515, 0.8300757168166792, 1.3657542049373443], "Sigma": [[0.0032991497667560245, 0.0001328195670881135, -0.005175829202206909], [0.0001328195670881135, 0.0015867184708178578, -0.0026910470597482326], [-0.005175829202206909, -0.002691047059748233, 0.013616153457899632]], "chi2_level": 0.95, "chi2_df": 3, "chi2_threshold": 7.814727903251179, "N_raw": 81, "N_roi": 81, "N_inlier": 77, "refit": true}
{"timestamp": "14:59:43.351166", "frame": 75, "mu": [0.07315358436857658, 0.7464122739099406, 1.28652839200598], "Sigma": [[0.001728396487321778, -0.00016955012721491224, -0.0005578892596680357], [-0.00016955012721491227, 0.0014319359382207258, -0.002124827988610994], [-0.0005578892596680357, -0.0021248279886109944, 0.005148515701351819]], "chi2_level": 0.95, "chi2_df": 3, "chi2_threshold": 7.814727903251179, "N_raw": 60, "N_roi": 60, "N_inlier": 58, "refit": true}
{"timestamp": "14:59:43.406989", "frame": 76, "mu": [0.029110782711753797, 0.7567175366554265, 1.2492077546118863], "Sigma": [[0.001822856823235779, -0.0004567468087563614, -0.00023128001381622667], [-0.0004567468087563614, 0.005953849038561884, -0.002992334843419748], [-0.00023128001381622667, -0.002992334843419748, 0.0019283666282919325]], "chi2_level": 0.95, "chi2_df": 3, "chi2_threshold": 7.814727903251179, "N_raw": 69, "N_roi": 69, "N_inlier": 66, "refit": true}
{"timestamp": "14:59:43.456504", "frame": 77, "mu": [-0.057998519166503254, 0.7877459738468862, 1.5008886010139426], "Sigma": [[0.0008554768226104653, -0.0001651595620836021, -0.0005139357055112707], [-0.0001651595620836021, 0.0009667000991516543, -0.0014648901132254721], [-0.0005139357055112708, -0.0014648901132254723, 0.005344044029187222]], "chi2_level": 0.95, "chi2_df": 3, "chi2_threshold": 7.814727903251179, "N_raw": 29, "N_roi": 29, "N_inlier": 26, "refit": true}
{"timestamp": "14:59:43.517527", "frame": 78, "mu": [-0.08791177719877144, 0.7679702989585067, 1.3289543878112398], "Sigma": [[0.0019204827735799781, -0.0007955924403955222, -0.0011142896791579734], [-0.000795592440395522, 0.0011211206332886775, -0.0020235768791265715], [-0.0011142896791579734, -0.0020235768791265715, 0.010336500421547573]], "chi2_level": 0.95, "chi2_df": 3, "chi2_threshold": 7.814727903251179, "N_raw": 74, "N_roi": 74, "N_inlier": 71, "refit": true}
{"timestamp": "14:59:43.571633", "frame": 79, "mu": [-0.09947601335462204, 0.7131730219889318, 1.2632136815876562], "Sigma": [[0.0019399034585953097, -0.0015102741593903432, -0.002762016273418143], [-0.001510274159390343, 0.004977578001408782, 0.0020889454683215057], [-0.0027620162734181435, 0.0020889454683215057, 0.014684684914979899]], "chi2_level": 0.95, "chi2_df": 3, "chi2_threshold": 7.814727903251179, "N_raw": 65, "N_roi": 65, "N_inlier": 62, "refit": true}
{"timestamp": "14:59:43.627924", "frame": 80, "mu": [-0.135594177764991, 0.742674127184014, 1.2543790449331031], "Sigma": [[0.0024558404047697576, -0.0017642527253828883, -8.007776984880603e-06], [-0.0017642527253828883, 0.003658229438484586, -0.0028889728560064585], [-8.007776984880494e-06, -0.0028889728560064594, 0.003995535878127981]], "chi2_level": 0.95, "chi2_df": 3, "chi2_threshold": 7.814727903251179, "N_raw": 73, "N_roi": 73, "N_inlier": 71, "refit": true}
{"timestamp": "14:59:43.676209", "frame": 81, "mu": [-0.2337268492582232, 0.7541385851788796, 1.4901709784625767], "Sigma": [[0.0008904524687965962, 0.00022756102831720054, -0.0011721262100858514], [0.00022756102831720043, 0.0010294108663380715, -0.00039542446453402693], [-0.0011721262100858514, -0.00039542446453402714, 0.012509783222954258]], "chi2_level": 0.95, "chi2_df": 3, "chi2_threshold": 7.814727903251179, "N_raw": 30, "N_roi": 30, "N_inlier": 25, "refit": true}
{"timestamp": "14:59:43.736337", "frame": 82, "mu": [-0.28437323242958384, 0.7729771934702698, 1.4740624831842264], "Sigma": [[0.002375653468188647, -0.0008483208726070487, -0.0008446797318577728], [-0.0008483208726070487, 0.0021612014659240586, -0.0018427230873563172], [-0.0008446797318577728, -0.0018427230873563172, 0.004488914606656816]], "chi2_level": 0.95, "chi2_df": 3, "chi2_threshold": 7.814727903251179, "N_raw": 64, "N_roi": 61, "N_inlier": 57, "refit": true}
{"timestamp": "14:59:43.790644", "frame": 83, "mu": [-0.3092195653123533, 0.7595548599286585, 1.4619238509409378], "Sigma": [[0.002060834345479753, -0.0005083022667429682, 0.0006139653429758003], [-0.0005083022667429682, 0.0010423786319605623, -0.002030491694063878], [0.0006139653429758003, -0.002030491694063878, 0.005048880407646064]], "chi2_level": 0.95, "chi2_df": 3, "chi2_threshold": 7.814727903251179, "N_raw": 54, "N_roi": 51, "N_inlier": 48, "refit": true}
{"timestamp": "14:59:43.841184", "frame": 84, "mu": [-0.2951707519236641, 0.7125250986919295, 1.3850338775523885], "Sigma": [[0.0012620538451912778, -0.0010852978459581042, -0.0020372602721015045], [-0.0010852978459581044, 0.0011108951759790828, 0.0017313107653214607], [-0.0020372602721015045, 0.0017313107653214607, 0.008082852290279075]], "chi2_level": 0.95, "chi2_df": 3, "chi2_threshold": 7.814727903251179, "N_raw": 32, "N_roi": 30, "N_inlier": 27, "refit": true}
{"timestamp": "14:59:43.905777", "frame": 85, "mu": [-0.30229284600637074, 0.7295213258436131, 1.3489692018646526], "Sigma": [[0.0040543646653382615, -0.0016354154541307702, -0.007975303668281829], [-0.0016354154541307704, 0.0033440817711279875, -0.0004008588833555758], [-0.007975303668281829, -0.0004008588833555759, 0.025249812742845587]], "chi2_level": 0.95, "chi2_df": 3, "chi2_threshold": 7.814727903251179, "N_raw": 96, "N_roi": 96, "N_inlier": 91, "refit": true}
{"timestamp": "14:59:43.955118", "frame": 86, "mu": [-0.4362873845489127, 0.8303461526888622, -0.2853524764859853], "Sigma": [[0.0026411739523254287, -0.0007172971141911405, 0.002112014845964425], [-0.0007172971141911405, 0.0049474512812609705, 0.0008418497351972995], [0.002112014845964425, 0.0008418497351972998, 0.007087885003643604]], "chi2_level": 0.95, "chi2_df": 3, "chi2_threshold": 7.814727903251179, "N_raw": 52, "N_roi": 50, "N_inlier": 48, "refit": true}
{"timestamp": "14:59:44.009945", "frame": 87, "mu": [-0.48979405325508374, 0.7588456002227, 1.5171031933361856], "Sigma": [[0.002276651618775283, -0.0006466293299198462, -0.001087710116566437], [-0.0006466293299198462, 0.0014987256242094081, -0.001959845678415117], [-0.001087710116566437, -0.001959845678415117, 0.0053267635824082475]], "chi2_level": 0.95, "chi2_df": 3, "chi2_threshold": 7.814727903251179, "N_raw": 48, "N_roi": 48, "N_inlier": 37, "refit": true}
{"timestamp": "14:59:44.064934", "frame": 88, "mu": [-0.5361506211786419, 0.7326249808073569, 1.540980542123919], "Sigma": [[0.0037561598761868603, -8.829812478310964e-05, -0.0011470041757915262], [-8.829812478310963e-05, 0.0010777636870481554, -0.0011217658864856024], [-0.0011470041757915262, -0.0011217658864856024, 0.005506627742836904]], "chi2_level": 0.95, "chi2_df": 3, "chi2_threshold": 7.814727903251179, "N_raw": 54, "N_roi": 54, "N_inlier": 49, "refit": true}
{"timestamp": "14:59:44.122640", "frame": 89, "mu": [-0.5521132930465626, 0.7433292602899686, 1.5084745366166734], "Sigma": [[0.0034850166634965473, -0.0005408101851853472, -0.00015214753840805479], [-0.0005408101851853472, 0.002013644540337583, -0.0022872541060593734], [-0.00015214753840805479, -0.0022872541060593734, 0.0035979416121384353]], "chi2_level": 0.95, "chi2_df": 3, "chi2_threshold": 7.814727903251179, "N_raw": 76, "N_roi": 76, "N_inlier": 64, "refit": true}
{"timestamp": "14:59:44.181685", "frame": 90, "mu": [-0.7475003261797323, 0.6970980403207281, 1.6363167248437536], "Sigma": [[0.01737522650865142, 0.006419027363168515, -0.00860405546901018], [0.006419027363168515, 0.00696131463782954, -0.006398125831044488], [-0.00860405546901018, -0.006398125831044488, 0.007006681033351379]], "chi2_level": 0.95, "chi2_df": 3, "chi2_threshold": 7.814727903251179, "N_raw": 99, "N_roi": 99, "N_inlier": 94, "refit": true}
{"timestamp": "14:59:44.233917", "frame": 91, "mu": [-0.7965026392937209, 0.73327565601247, -0.10775004790474575], "Sigma": [[0.014811389458023481, 0.007803569703235508, -0.007369409273368847], [0.007803569703235508, 0.008616672593821819, -0.005495472733034168], [-0.007369409273368847, -0.005495472733034168, 0.004438870654730213]], "chi2_level": 0.95, "chi2_df": 3, "chi2_threshold": 7.814727903251179, "N_raw": 84, "N_roi": 84, "N_inlier": 82, "refit": true}
{"timestamp": "14:59:44.286323", "frame": 92, "mu": [-0.8393938409527422, 0.6998648741430701, 1.701006128714664], "Sigma": [[0.013578952209574583, 0.008261489993118497, -0.007557550222600611], [0.008261489993118497, 0.009312441513421777, -0.009104392339157302], [-0.00755755022260061, -0.009104392339157302, 0.0095899094162789]], "chi2_level": 0.95, "chi2_df": 3, "chi2_threshold": 7.814727903251179, "N_raw": 65, "N_roi": 65, "N_inlier": 62, "refit": true}
{"timestamp": "14:59:44.338165", "frame": 93, "mu": [-0.7362207371134564, 0.8110950732956768, 1.5142314167322457], "Sigma": [[0.006865460562501677, 0.0026945685758199595, -0.00500863866648319], [0.0026945685758199595, 0.0031078790624151165, -0.004963999784808202], [-0.005008638666483191, -0.004963999784808202, 0.011570511030193064]], "chi2_level": 0.95, "chi2_df": 3, "chi2_threshold": 7.814727903251179, "N_raw": 44, "N_roi": 44, "N_inlier": 40, "refit": true}
{"timestamp": "14:59:44.389723", "frame": 94, "mu": [-0.8913185558291383, 0.6805230524817368, 1.6561894731383746], "Sigma": [[0.021605796724196373, 0.0074995160198617315, -0.02423136643292933], [0.0074995160198617315, 0.00464696720542037, -0.011130586264293595], [-0.02423136643292933, -0.011130586264293599, 0.033346434487094706]], "chi2_level": 0.95, "chi2_df": 3, "chi2_threshold": 7.814727903251179, "N_raw": 24, "N_roi": 24, "N_inlier": 23, "refit": true}
{"timestamp": "14:59:44.449687", "frame": 95, "mu": [-0.9284704748032321, 0.6880288971745233, 1.6182763684504984], "Sigma": [[0.01582312125131483, 0.00556337837711591, -0.008896855569050309], [0.00556337837711591, 0.00500697569660468, -0.005736475549715017], [-0.008896855569050309, -0.005736475549715017, 0.008160367341260372]], "chi2_level": 0.95, "chi2_df": 3, "chi2_threshold": 7.814727903251179, "N_raw": 52, "N_roi": 52, "N_inlier": 49, "refit": true}
{"timestamp": "14:59:44.510603", "frame": 96, "mu": [-0.8075088080626833, 0.7681416498510337, 1.3065318331493534], "Sigma": [[0.02052474010479481, 0.004768033205035212, -0.03977758063316378], [0.004768033205035212, 0.0029066263662098782, -0.009512610016150804], [-0.03977758063316378, -0.009512610016150804, 0.10624257686605368]], "chi2_level": 0.95, "chi2_df": 3, "chi2_threshold": 7.814727903251179, "N_raw": 97, "N_roi": 97, "N_inlier": 92, "refit": true}
{"timestamp": "14:59:44.567902", "frame": 97, "mu": [-0.9333888190965615, 0.7380893716177765, 0.24165880646582938], "Sigma": [[0.018520294469172104, 0.003826439220744152, 0.06981573468583228], [0.003826439220744152, 0.008312385757328202, 0.02186983073068908], [0.06981573468583228, 0.02186983073068908, 0.5346643139961479]], "chi2_level": 0.95, "chi2_df": 3, "chi2_threshold": 7.814727903251179, "N_raw": 106, "N_roi": 106, "N_inlier": 106, "refit": true}
{"timestamp": "14:59:44.616970", "frame": 98, "mu": [-0.9489735685283864, 0.6832415466268261, 1.5378856157778054], "Sigma": [[0.011139960186924406, 0.0036557412100119736, -0.005141241821490138], [0.0036557412100119736, 0.003754811294231037, -0.003196562695099111], [-0.005141241821490138, -0.003196562695099111, 0.003641304670320376]], "chi2_level": 0.95, "chi2_df": 3, "chi2_threshold": 7.814727903251179, "N_raw": 65, "N_roi": 65, "N_inlier": 61, "refit": true}
{"timestamp": "14:59:44.666205", "frame": 99, "mu": [-0.9875978131926353, 0.7936239387962348, -0.2518683668555261], "Sigma": [[0.015035505986072875, 0.009193723250418923, -0.026889177008152423], [0.009193723250418923, 0.011422085101378186, -0.02051079233982278], [-0.026889177008152423, -0.02051079233982278, 0.059016977509202276]], "chi2_level": 0.95, "chi2_df": 3, "chi2_threshold": 7.814727903251179, "N_raw": 31, "N_roi": 31, "N_inlier": 30, "refit": true}
{"timestamp": "14:59:44.809284", "frame": 100, "mu": [-1.0535477802448692, 0.6373883851393197, 1.4722013777858374], "Sigma": [[0.01036531856929288, 0.0023188526399434166, -0.003399598319233437], [0.0023188526399434166, 0.004154585630039969, -0.0038248310160551415], [-0.0033995983192334368, -0.0038248310160551415, 0.005510258473736032]], "chi2_level": 0.95, "chi2_df": 3, "chi2_threshold": 7.814727903251179, "N_raw": 58, "N_roi": 58, "N_inlier": 56, "refit": true}
{"timestamp": "14:59:44.830430", "frame": 101, "mu": [-1.095732438326061, 0.6489328093714721, 1.4890350075504106], "Sigma": [[0.011883684548602221, 0.004654911896174453, -0.0012857913957316988], [0.004654911896174453, 0.005618663874259754, -0.00432978088143208], [-0.0012857913957316988, -0.00432978088143208, 0.004921964750637392]], "chi2_level": 0.95, "chi2_df": 3, "chi2_threshold": 7.814727903251179, "N_raw": 83, "N_roi": 83, "N_inlier": 82, "refit": true}
{"timestamp": "14:59:44.877928", "frame": 102, "mu": [-1.1045399801768228, 0.7423836767514587, 1.5532534497796475], "Sigma": [[0.008198104636561012, 0.004129472082722828, -0.00194013365606347], [0.004129472082722829, 0.005833205686689745, -0.005378414233739647], [-0.00194013365606347, -0.005378414233739647, 0.00802442406805753]], "chi2_level": 0.95, "chi2_df": 3, "chi2_threshold": 7.814727903251179, "N_raw": 75, "N_roi": 75, "N_inlier": 72, "refit": true}
{"timestamp": "14:59:44.902712", "frame": 103, "mu": [-1.1048750030668348, 0.5886294981186797, 1.4200628416078585], "Sigma": [[0.011330720778590308, 0.002182276895140229, -0.00274614942917173], [0.002182276895140229, 0.006427700140257905, -0.003434039954116264], [-0.00274614942917173, -0.0034340399541162646, 0.002441661963461797]], "chi2_level": 0.95, "chi2_df": 3, "chi2_threshold": 7.814727903251179, "N_raw": 76, "N_roi": 76, "N_inlier": 74, "refit": true}
{"timestamp": "14:59:44.948248", "frame": 104, "mu": [-1.1366869306515686, 0.5219212206223769, 1.405643817100528], "Sigma": [[0.010237446612264499, 0.004148976545509789, -0.0014388236159574889], [0.004148976545509789, 0.0087099914321434, -0.004265467425466241], [-0.001438823615957489, -0.004265467425466241, 0.0031604783268634]], "chi2_level": 0.95, "chi2_df": 3, "chi2_threshold": 7.814727903251179, "N_raw": 78, "N_roi": 78, "N_inlier": 75, "refit": true}
