{"timestamp": "15:47:41.245307", "frame": 38, "mu": [-2.4658312083286655, 3.4520939455708115, 0.911905944050961], "Sigma": [[0.0008472877588034768, -0.00019405129247800806, 0.00048220161608982903], [-0.00019405129247800806, 0.0022348810360722613, -0.004221080177416181], [0.00048220161608982925, -0.004221080177416181, 0.010586787296739788]], "chi2_level": 0.99, "chi2_df": 3, "chi2_threshold": 11.344866730144373, "N_raw": 55, "N_roi": 7, "N_inlier": 7, "refit": true}
{"timestamp": "15:47:41.297554", "frame": 39, "mu": [-2.4622236629571623, 3.5840175868369366, -0.09633645071794622], "Sigma": [[0.0009752491663775896, 0.0002142090773655179, 0.0008904911914059448], [0.00021420907736551794, 0.002899012018963222, -0.0027857485473457184], [0.0008904911914059451, -0.0027857485473457184, 0.004290133182018454]], "chi2_level": 0.99, "chi2_df": 3, "chi2_threshold": 11.344866730144373, "N_raw": 32, "N_roi": 5, "N_inlier": 5, "refit": true}
{"timestamp": "15:47:41.462511", "frame": 42, "mu": [-2.4291588671198805, 3.4058011099202474, 0.7674816562201356], "Sigma": [[0.002656825570455571, 0.001751976909712943, -0.0026715749401495783], [0.001751976909712943, 0.005385104751302262, -0.006347944244481278], [-0.0026715749401495783, -0.006347944244481278, 0.010601770897310936]], "chi2_level": 0.99, "chi2_df": 3, "chi2_threshold": 11.344866730144373, "N_raw": 42, "N_roi": 15, "N_inlier": 15, "refit": true}
{"timestamp": "15:47:41.519975", "frame": 43, "mu": [-2.4254243525971715, 3.3972840354128753, 0.8585263008392904], "Sigma": [[0.002308119938291475, 0.0007651396649595098, -0.0013098866327653455], [0.0007651396649595098, 0.0039032923163743486, -0.0057612148524622715], [-0.0013098866327653455, -0.0057612148524622715, 0.011667200943254501]], "chi2_level": 0.99, "chi2_df": 3, "chi2_threshold": 11.344866730144373, "N_raw": 50, "N_roi": 16, "N_inlier": 15, "refit": true}
{"timestamp": "15:47:41.684294", "frame": 46, "mu": [-2.40195220712728, 3.288476124237229, 1.0358815265142665], "Sigma": [[0.004991287860921216, 0.0020824055022330566, -0.0007704008440090935], [0.002082405502233056, 0.005159961494740091, -0.004651368285073349], [-0.0007704008440090935, -0.004651368285073349, 0.006995281048643117]], "chi2_level": 0.99, "chi2_df": 3, "chi2_threshold": 11.344866730144373, "N_raw": 43, "N_roi": 21, "N_inlier": 19, "refit": true}
{"timestamp": "15:47:41.739424", "frame": 47, "mu": [-2.369805915431911, 3.4229868855821346, -0.8578642347988917], "Sigma": [[0.007403189776252368, 0.012986644255474009, 0.019258402891962526], [0.012986644255474009, 0.036654431069515714, 0.0436854343370043], [0.019258402891962526, 0.043685434337004295, 0.12444149471776765]], "chi2_level": 0.99, "chi2_df": 3, "chi2_threshold": 11.344866730144373, "N_raw": 29, "N_roi": 21, "N_inlier": 21, "refit": true}
{"timestamp": "15:47:41.795511", "frame": 48, "mu": [-2.3710858988686234, 3.231106409059924, 1.086859134354508], "Sigma": [[0.006966780880830848, 0.002642882117528161, -0.002234777215236038], [0.0026428821175281604, 0.0071147484079375585, -0.007098424114456704], [-0.0022347772152360385, -0.007098424114456704, 0.009039739422877542]], "chi2_level": 0.99, "chi2_df": 3, "chi2_threshold": 11.344866730144373, "N_raw": 41, "N_roi": 22, "N_inlier": 21, "refit": true}
{"timestamp": "15:47:41.855152", "frame": 49, "mu": [-2.335136236236288, 3.299812430540112, 1.0049776621501842], "Sigma": [[0.009166716838025508, 0.00408031217096857, -0.008439053624830288], [0.00408031217096857, 0.012184556004228573, -0.008088835449724012], [-0.008439053624830288, -0.008088835449724012, 0.012921332794365728]], "chi2_level": 0.99, "chi2_df": 3, "chi2_threshold": 11.344866730144373, "N_raw": 66, "N_roi": 41, "N_inlier": 41, "refit": true}
{"timestamp": "15:47:41.905580", "frame": 50, "mu": [-2.3506153216556998, 3.1127749154341187, 0.9708707812050115], "Sigma": [[0.005963656720718817, 0.0022697930389556425, -0.0014584052529115442], [0.0022697930389556425, 0.006883720429287822, -0.004386993966489606], [-0.001458405252911544, -0.004386993966489606, 0.005617810504604908]], "chi2_level": 0.99, "chi2_df": 3, "chi2_threshold": 11.344866730144373, "N_raw": 34, "N_roi": 17, "N_inlier": 17, "refit": true}
{"timestamp": "15:47:41.959390", "frame": 51, "mu": [-2.3397021666669557, 3.112987580903085, 1.088705002461018], "Sigma": [[0.007011302369674458, 0.0026031459719329927, -0.004835478017463776], [0.0026031459719329927, 0.001976608963490964, -0.003000604314330771], [-0.004835478017463776, -0.0030006043143307706, 0.007621254617070984]], "chi2_level": 0.99, "chi2_df": 3, "chi2_threshold": 11.344866730144373, "N_raw": 32, "N_roi": 14, "N_inlier": 14, "refit": true}
{"timestamp": "15:47:42.012693", "frame": 52, "mu": [-2.3240048891262544, 3.0736569547197, 1.109263505077167], "Sigma": [[0.006146121270396499, 0.00418575284762291, -5.2785319264571015e-05], [0.00418575284762291, 0.008241158989594816, -0.0070276256047132595], [-5.27853192645708e-05, -0.0070276256047132595, 0.010635893185013939]], "chi2_level": 0.99, "chi2_df": 3, "chi2_threshold": 11.344866730144373, "N_raw": 14, "N_roi": 13, "N_inlier": 13, "refit": true}
{"timestamp": "15:47:42.069468", "frame": 53, "mu": [-2.2846532370264114, 2.9873246029861464, 0.8601791680111565], "Sigma": [[0.01232297857230903, 0.0064899667807570924, -0.005483296560499264], [0.0064899667807570924, 0.0070924495464471885, -0.005794073499244701], [-0.005483296560499264, -0.0057940734992447005, 0.007225377813979907]], "chi2_level": 0.99, "chi2_df": 3, "chi2_threshold": 11.344866730144373, "N_raw": 33, "N_roi": 31, "N_inlier": 30, "refit": true}
{"timestamp": "15:47:42.122294", "frame": 54, "mu": [-2.1768843918205616, 3.4135467467448324, -0.16485127499020155], "Sigma": [[0.011377222277284058, 0.019128606120531882, -0.012323920491500637], [0.019128606120531882, 0.039791855059735454, -0.023212322714966198], [-0.012323920491500637, -0.023212322714966198, 0.01573509739741019]], "chi2_level": 0.99, "chi2_df": 3, "chi2_threshold": 11.344866730144373, "N_raw": 13, "N_roi": 13, "N_inlier": 13, "refit": true}
{"timestamp": "15:47:42.181288", "frame": 55, "mu": [-2.150810326754742, 3.139645722841665, 0.9012794276895687], "Sigma": [[0.017492272806928034, 0.009348947679008476, -0.014956522708396654], [0.009348947679008474, 0.014749021543421927, -0.008999974420671254], [-0.014956522708396654, -0.008999974420671254, 0.014703003315968823]], "chi2_level": 0.99, "chi2_df": 3, "chi2_threshold": 11.344866730144373, "N_raw": 48, "N_roi": 48, "N_inlier": 48, "refit": true}
{"timestamp": "15:47:42.234272", "frame": 56, "mu": [-2.209493841167074, 3.075323999752575, 1.11369066147239], "Sigma": [[0.018555315476986543, 0.010420875072448635, -0.021256035240064593], [0.010420875072448633, 0.009653462538204637, -0.014086144309155212], [-0.021256035240064593, -0.014086144309155212, 0.02964188916512173]], "chi2_level": 0.99, "chi2_df": 3, "chi2_threshold": 11.344866730144373, "N_raw": 32, "N_roi": 31, "N_inlier": 30, "refit": true}
{"timestamp": "15:47:42.286569", "frame": 57, "mu": [-2.1110838798051157, 3.0839952345253074, 1.06387244944713], "Sigma": [[0.006296966301465601, 0.004457712953413585, 0.0033444479620321843], [0.004457712953413585, 0.013056034429759627, -0.01021816398611134], [0.0033444479620321843, -0.01021816398611134, 0.01946931340126292]], "chi2_level": 0.99, "chi2_df": 3, "chi2_threshold": 11.344866730144373, "N_raw": 8, "N_roi": 8, "N_inlier": 8, "refit": true}
{"timestamp": "15:47:42.347801", "frame": 58, "mu": [-2.1485384786837245, 3.17097593488929, -0.025178366529737213], "Sigma": [[0.01934763788804508, 0.012265522036033245, -0.003745928256362868], [0.012265522036033248, 0.01712541185861921, -0.010468153232887857], [-0.003745928256362868, -0.010468153232887857, 0.010483592123939985]], "chi2_level": 0.99, "chi2_df": 3, "chi2_threshold": 11.344866730144373, "N_raw": 55, "N_roi": 55, "N_inlier": 54, "refit": true}
{"timestamp": "15:47:42.402584", "frame": 59, "mu": [-1.9740402629152822, 3.0986075173944596, 0.8473407648084241], "Sigma": [[0.015261123021398199, 0.00947386842655458, -0.018585730371245966], [0.00947386842655458, 0.012001494190105879, -0.015436779833554562], [-0.018585730371245966, -0.015436779833554562, 0.031468684194326926]], "chi2_level": 0.99, "chi2_df": 3, "chi2_threshold": 11.344866730144373, "N_raw": 51, "N_roi": 51, "N_inlier": 49, "refit": true}
{"timestamp": "15:47:42.456215", "frame": 60, "mu": [-2.1083270704289006, 2.9781526899659596, 0.9540325765518183], "Sigma": [[0.016736032569902883, 0.007373978045052057, -0.012463183836011632], [0.007373978045052058, 0.008783025998484364, -0.005703499891060607], [-0.012463183836011634, -0.005703499891060607, 0.010515783823535714]], "chi2_level": 0.99, "chi2_df": 3, "chi2_threshold": 11.344866730144373, "N_raw": 40, "N_roi": 39, "N_inlier": 38, "refit": true}
{"timestamp": "15:47:42.506827", "frame": 61, "mu": [-1.9381407752866964, 3.0754005977264223, 0.8481674446879328], "Sigma": [[0.0030045896393379717, 0.00604650516967719, -0.005600019559377656], [0.00604650516967719, 0.013667637957125103, -0.012756473865423088], [-0.005600019559377656, -0.012756473865423085, 0.01359013850667851]], "chi2_level": 0.99, "chi2_df": 3, "chi2_threshold": 11.344866730144373, "N_raw": 6, "N_roi": 6, "N_inlier": 6, "refit": true}
{"timestamp": "15:47:42.565049", "frame": 62, "mu": [-2.03423998036223, 2.907507682090654, 0.8713321192897954], "Sigma": [[0.009173568053442592, 0.0037164212274982365, -0.005088824231848426], [0.0037164212274982365, 0.00509083218516326, -0.004109605494020691], [-0.005088824231848427, -0.004109605494020691, 0.005257871854040213]], "chi2_level": 0.99, "chi2_df": 3, "chi2_threshold": 11.344866730144373, "N_raw": 29, "N_roi": 29, "N_inlier": 28, "refit": true}
{"timestamp": "15:47:42.620706", "frame": 63, "mu": [-2.043939639595403, 2.8943561095970662, 1.0759920623568044], "Sigma": [[0.011142687544307391, 0.002813667800956301, -0.008408791807497464], [0.002813667800956301, 0.0028116957575446315, -0.00514449061310016], [-0.008408791807497464, -0.005144490613100161, 0.013304868086426499]], "chi2_level": 0.99, "chi2_df": 3, "chi2_threshold": 11.344866730144373, "N_raw": 34, "N_roi": 32, "N_inlier": 30, "refit": true}
{"timestamp": "15:47:42.676441", "frame": 64, "mu": [-1.9449898664278464, 2.901542925571624, 1.0523234454122452], "Sigma": [[0.013629283949162378, 0.00853063934555947, -0.009422433624353861], [0.00853063934555947, 0.010787403521273643, -0.009298848382899667], [-0.009422433624353861, -0.009298848382899667, 0.0110165918420668]], "chi2_level": 0.99, "chi2_df": 3, "chi2_threshold": 11.344866730144373, "N_raw": 41, "N_roi": 39, "N_inlier": 39, "refit": true}
{"timestamp": "15:47:42.733526", "frame": 65, "mu": [-1.8566976082769528, 2.9636099449758455, 1.035695061308207], "Sigma": [[0.012893038163606176, 0.008326362224056826, -0.009011785552908075], [0.008326362224056826, 0.012474755418845728, -0.011552936378586696], [-0.009011785552908075, -0.011552936378586696, 0.012367255207499485]], "chi2_level": 0.99, "chi2_df": 3, "chi2_threshold": 11.344866730144373, "N_raw": 56, "N_roi": 52, "N_inlier": 51, "refit": true}
{"timestamp": "15:47:42.789663", "frame": 66, "mu": [-1.867968087751062, 2.869809382872402, 0.9761290642836576], "Sigma": [[0.022579535616152748, 0.013182582996302204, -0.030135371729315998], [0.013182582996302202, 0.013381561528192863, -0.021841901711218355], [-0.030135371729315998, -0.02184190171121836, 0.04645609875223458]], "chi2_level": 0.99, "chi2_df": 3, "chi2_threshold": 11.344866730144373, "N_raw": 53, "N_roi": 49, "N_inlier": 48, "refit": true}
{"timestamp": "15:47:42.841698", "frame": 67, "mu": [-1.7325953756426318, 2.901585266423902, 0.6971071060155904], "Sigma": [[0.014865189208744306, 0.007649628355964185, -0.0131604055087888], [0.007649628355964185, 0.008145342945081499, -0.008697987691295178], [-0.0131604055087888, -0.008697987691295178, 0.014226326685678184]], "chi2_level": 0.99, "chi2_df": 3, "chi2_threshold": 11.344866730144373, "N_raw": 45, "N_roi": 45, "N_inlier": 42, "refit": true}
{"timestamp": "15:47:42.897597", "frame": 68, "mu": [-1.7087777967139677, 3.140682511267101, -0.6647112220414816], "Sigma": [[0.014822782182653779, 0.014882287432739229, 0.019101936648862276], [0.014882287432739227, 0.0294620255682657, 0.028470246380941852], [0.019101936648862273, 0.028470246380941856, 0.11139082526828911]], "chi2_level": 0.99, "chi2_df": 3, "chi2_threshold": 11.344866730144373, "N_raw": 47, "N_roi": 47, "N_inlier": 46, "refit": true}
{"timestamp": "15:47:42.955787", "frame": 69, "mu": [-1.7817857096668528, 2.8715098529431393, 0.9620158802042863], "Sigma": [[0.02322432592660338, 0.01966513753817978, -0.020368167788560737], [0.01966513753817978, 0.02510200705437253, -0.025210582993998927], [-0.020368167788560737, -0.025210582993998927, 0.028578681137815292]], "chi2_level": 0.99, "chi2_df": 3, "chi2_threshold": 11.344866730144373, "N_raw": 74, "N_roi": 74, "N_inlier": 72, "refit": true}
{"timestamp": "15:47:43.012612", "frame": 70, "mu": [-1.7388971550106924, 2.8397109545335626, 0.904873220582377], "Sigma": [[0.020110097678874304, 0.009057236753338738, -0.023910544375244806], [0.009057236753338738, 0.013379784893406339, -0.018075234832571993], [-0.023910544375244806, -0.018075234832571993, 0.041018858989355776]], "chi2_level": 0.99, "chi2_df": 3, "chi2_threshold": 11.344866730144373, "N_raw": 80, "N_roi": 79, "N_inlier": 79, "refit": true}
{"timestamp": "15:47:43.069100", "frame": 71, "mu": [-1.7011675991034063, 2.872720901253111, 0.9613876956324163], "Sigma": [[0.01909545810761644, 0.011319727204010309, -0.014987392015185126], [0.011319727204010309, 0.018423339459407696, -0.013074872487871004], [-0.014987392015185126, -0.013074872487871002, 0.014818157094085765]], "chi2_level": 0.99, "chi2_df": 3, "chi2_threshold": 11.344866730144373, "N_raw": 82, "N_roi": 77, "N_inlier": 76, "refit": true}
{"timestamp": "15:47:43.115282", "frame": 72, "mu": [-1.7588029514671177, 2.7829408464067433, 1.0404679122876213], "Sigma": [[0.008697443408134267, 0.004516573208875527, -0.007342041221631927], [0.004516573208875527, 0.0064497582261075, -0.007666443776811397], [-0.007342041221631927, -0.007666443776811397, 0.018798899247388944]], "chi2_level": 0.99, "chi2_df": 3, "chi2_threshold": 11.344866730144373, "N_raw": 27, "N_roi": 25, "N_inlier": 23, "refit": true}
{"timestamp": "15:47:43.177642", "frame": 73, "mu": [-1.6026603591341966, 2.786094242415712, 1.1081503291129853], "Sigma": [[0.016276295657455846, 0.009431521048913805, -0.02395171199116823], [0.009431521048913805, 0.013676026624040659, -0.037018494993587364], [-0.02395171199116823, -0.037018494993587364, 0.10960304051912997]], "chi2_level": 0.99, "chi2_df": 3, "chi2_threshold": 11.344866730144373, "N_raw": 73, "N_roi": 70, "N_inlier": 69, "refit": true}
{"timestamp": "15:47:43.231026", "frame": 74, "mu": [-1.6214874214601853, 2.7128316135407826, 1.0916635523302665], "Sigma": [[0.013895506218916468, 0.007863430108044973, -0.018380536356193897], [0.007863430108044973, 0.008648040151118865, -0.020415480528386664], [-0.018380536356193897, -0.020415480528386664, 0.07522194308908092]], "chi2_level": 0.99, "chi2_df": 3, "chi2_threshold": 11.344866730144373, "N_raw": 61, "N_roi": 61, "N_inlier": 60, "refit": true}
{"timestamp": "15:47:43.282098", "frame": 75, "mu": [-1.5924099275050667, 2.6803310708546673, 1.092268744763618], "Sigma": [[0.01121707305357916, 0.008858208281808878, -0.003943609218076474], [0.008858208281808878, 0.01474921237769291, -0.014727848179518587], [-0.003943609218076474, -0.014727848179518586, 0.039533395767408726]], "chi2_level": 0.99, "chi2_df": 3, "chi2_threshold": 11.344866730144373, "N_raw": 47, "N_roi": 47, "N_inlier": 47, "refit": true}
{"timestamp": "15:47:43.336742", "frame": 76, "mu": [-1.5858519759267946, 2.6207192277243974, 1.2355722102996056], "Sigma": [[0.011111143979375659, 0.004146578781688526, -0.00713994971756024], [0.004146578781688526, 0.002998694794113031, -0.007508011591306505], [-0.00713994971756024, -0.007508011591306505, 0.032401844688450795]], "chi2_level": 0.99, "chi2_df": 3, "chi2_threshold": 11.344866730144373, "N_raw": 41, "N_roi": 39, "N_inlier": 36, "refit": true}
{"timestamp": "15:47:43.397719", "frame": 77, "mu": [-1.474506556744984, 2.6586445189892367, 1.064065154930499], "Sigma": [[0.015562036217378958, 0.005905645531827235, -0.022109383011196727], [0.005905645531827234, 0.004797639321673298, -0.016434202375167878], [-0.022109383011196727, -0.016434202375167878, 0.10878526303875699]], "chi2_level": 0.99, "chi2_df": 3, "chi2_threshold": 11.344866730144373, "N_raw": 88, "N_roi": 88, "N_inlier": 85, "refit": true}
{"timestamp": "15:47:43.446771", "frame": 78, "mu": [-1.4842925855324607, 2.624160664224318, 1.3305302176792355], "Sigma": [[0.012320170746192046, 0.004129236525590273, -0.002324940597722011], [0.004129236525590273, 0.0027984541896980755, -0.0035607658637647694], [-0.002324940597722011, -0.0035607658637647694, 0.01710552458556166]], "chi2_level": 0.99, "chi2_df": 3, "chi2_threshold": 11.344866730144373, "N_raw": 39, "N_roi": 39, "N_inlier": 37, "refit": true}
{"timestamp": "15:47:43.502873", "frame": 79, "mu": [-1.4521984381762336, 2.593491450085276, 1.2574358007809505], "Sigma": [[0.011047646738200483, 0.002108390682213566, -0.002070388415500751], [0.002108390682213566, 0.0014420215848260712, -0.0022572783883183243], [-0.0020703884155007504, -0.0022572783883183243, 0.05775179403431412]], "chi2_level": 0.99, "chi2_df": 3, "chi2_threshold": 11.344866730144373, "N_raw": 51, "N_roi": 48, "N_inlier": 48, "refit": true}
{"timestamp": "15:47:43.560548", "frame": 80, "mu": [-1.4111573208886221, 2.5379973647266505, 0.7832244863683676], "Sigma": [[0.017487733045073, 0.008302009165313401, -0.01289631150763736], [0.008302009165313401, 0.012559006083747952, -0.006835535353788358], [-0.01289631150763736, -0.006835535353788358, 0.01899302309679642]], "chi2_level": 0.99, "chi2_df": 3, "chi2_threshold": 11.344866730144373, "N_raw": 72, "N_roi": 72, "N_inlier": 69, "refit": true}
{"timestamp": "15:47:43.614334", "frame": 81, "mu": [-1.3656930707584856, 2.604198720565642, 0.8279956446153129], "Sigma": [[0.01599309568075171, 0.004529611483889756, -0.009367429599395266], [0.004529611483889755, 0.010348909472384092, -0.0018931583111180587], [-0.009367429599395266, -0.001893158311118058, 0.00886868489194543]], "chi2_level": 0.99, "chi2_df": 3, "chi2_threshold": 11.344866730144373, "N_raw": 60, "N_roi": 60, "N_inlier": 57, "refit": true}
{"timestamp": "15:47:43.670185", "frame": 82, "mu": [-1.280361558737361, 2.597261998825932, 0.8488086048491189], "Sigma": [[0.01575138245041234, 0.0026340542481419326, -0.009758984110615612], [0.002634054248141932, 0.002394523754687059, -0.00603265851520454], [-0.009758984110615612, -0.00603265851520454, 0.026658215843901517]], "chi2_level": 0.99, "chi2_df": 3, "chi2_threshold": 11.344866730144373, "N_raw": 63, "N_roi": 62, "N_inlier": 58, "refit": true}
{"timestamp": "15:47:43.724590", "frame": 83, "mu": [-1.3204569012561658, 2.4977034844591524, 0.8095840466044033], "Sigma": [[0.016366500858820063, 0.0019136736622470923, -0.009191563680670915], [0.001913673662247092, 0.004629425599136578, -0.0026551079959305], [-0.009191563680670915, -0.0026551079959305, 0.012921536390913075]], "chi2_level": 0.99, "chi2_df": 3, "chi2_threshold": 11.344866730144373, "N_raw": 60, "N_roi": 60, "N_inlier": 57, "refit": true}
{"timestamp": "15:47:43.786178", "frame": 84, "mu": [-1.2266329956792152, 2.6014418282365877, 1.0270521204485112], "Sigma": [[0.021187761273352288, 0.011815063025702678, -0.021223961282763857], [0.01181506302570268, 0.01526987014881641, -0.022380728823785462], [-0.021223961282763857, -0.022380728823785462, 0.039758703307388184]], "chi2_level": 0.99, "chi2_df": 3, "chi2_threshold": 11.344866730144373, "N_raw": 104, "N_roi": 104, "N_inlier": 103, "refit": true}
{"timestamp": "15:47:43.832434", "frame": 85, "mu": [-1.2560765918964762, 2.4145834231507624, 1.0271752177124878], "Sigma": [[0.011898323450347867, 0.012860647403117797, 0.016777921085259946], [0.012860647403117797, 0.02188451420293267, 0.0366389444548092], [0.016777921085259946, 0.0366389444548092, 0.21886474081220197]], "chi2_level": 0.99, "chi2_df": 3, "chi2_threshold": 11.344866730144373, "N_raw": 40, "N_roi": 40, "N_inlier": 39, "refit": true}
{"timestamp": "15:47:43.891579", "frame": 86, "mu": [-1.1541325399743851, 2.5369860917558116, 1.0899015177139155], "Sigma": [[0.014996498822552043, 0.008154044495374803, -0.015973448709533523], [0.008154044495374803, 0.008890758785681447, -0.020803870487069057], [-0.015973448709533523, -0.020803870487069057, 0.061672680059295715]], "chi2_level": 0.99, "chi2_df": 3, "chi2_threshold": 11.344866730144373, "N_raw": 76, "N_roi": 76, "N_inlier": 73, "refit": true}
{"timestamp": "15:47:43.948888", "frame": 87, "mu": [-1.1092250562788537, 2.480940074848467, 0.7655153557269385], "Sigma": [[0.02123246467066136, 0.017775876909360198, -0.002752847944849304], [0.017775876909360198, 0.02119499248591616, -0.004278082463375528], [-0.002752847944849304, -0.004278082463375528, 0.0032900449236396507]], "chi2_level": 0.99, "chi2_df": 3, "chi2_threshold": 11.344866730144373, "N_raw": 83, "N_roi": 81, "N_inlier": 74, "refit": true}
{"timestamp": "15:47:44.002658", "frame": 88, "mu": [-1.130326352768047, 2.4253479492543515, 1.1732540537529759], "Sigma": [[0.015400118321051173, 0.0008352238464034716, 0.0046681833426093534], [0.0008352238464034716, 0.004364166308686553, -0.004969052602920734], [0.004668183342609353, -0.004969052602920734, 0.023412764467956107]], "chi2_level": 0.99, "chi2_df": 3, "chi2_threshold": 11.344866730144373, "N_raw": 78, "N_roi": 78, "N_inlier": 76, "refit": true}
{"timestamp": "15:47:44.061543", "frame": 89, "mu": [-1.098535569564263, 2.465886486229883, 0.13416942194165463], "Sigma": [[0.017079875948032935, -0.0054530557221815715, 0.058139577721437394], [-0.0054530557221815715, 0.008795030105059215, -0.037821083698015914], [0.058139577721437394, -0.037821083698015914, 0.34259097179690023]], "chi2_level": 0.99, "chi2_df": 3, "chi2_threshold": 11.344866730144373, "N_raw": 107, "N_roi": 107, "N_inlier": 107, "refit": true}
{"timestamp": "15:47:44.111916", "frame": 90, "mu": [-1.058790440406907, 2.364703856245827, 1.2387898445496213], "Sigma": [[0.019615777501675778, 0.001936704400152626, 0.005665770454628599], [0.001936704400152626, 0.0017136996795071519, -0.00333058069614568], [0.005665770454628599, -0.00333058069614568, 0.02004821615381237]], "chi2_level": 0.99, "chi2_df": 3, "chi2_threshold": 11.344866730144373, "N_raw": 71, "N_roi": 70, "N_inlier": 68, "refit": true}
{"timestamp": "15:47:44.170214", "frame": 91, "mu": [-1.012375332206292, 2.3328832782865283, 1.1619456114497266], "Sigma": [[0.012634568275222103, 0.002844329856974835, 0.005933085780487712], [0.002844329856974835, 0.004702136091886321, -0.005135308813824339], [0.005933085780487714, -0.005135308813824339, 0.07414706568915204]], "chi2_level": 0.99, "chi2_df": 3, "chi2_threshold": 11.344866730144373, "N_raw": 77, "N_roi": 77, "N_inlier": 77, "refit": true}
{"timestamp": "15:47:44.224200", "frame": 92, "mu": [-1.00494016427591, 2.380174052677291, -0.11721303143821647], "Sigma": [[0.011115908128504265, 0.001581628346829087, 0.043805005833643926], [0.001581628346829087, 0.012920106720074232, 0.0012020140947458001], [0.043805005833643926, 0.0012020140947458019, 0.31978553234208523]], "chi2_level": 0.99, "chi2_df": 3, "chi2_threshold": 11.344866730144373, "N_raw": 86, "N_roi": 86, "N_inlier": 86, "refit": true}
{"timestamp": "15:47:44.275578", "frame": 93, "mu": [-0.961719541083948, 2.265857109528775, 0.9805671668058235], "Sigma": [[0.014821804575128583, 0.007426783565291709, -0.012164631014620248], [0.007426783565291707, 0.006286070313448113, -0.008145198096994342], [-0.012164631014620248, -0.008145198096994342, 0.0921055215168684]], "chi2_level": 0.99, "chi2_df": 3, "chi2_threshold": 11.344866730144373, "N_raw": 68, "N_roi": 68, "N_inlier": 68, "refit": true}
{"timestamp": "15:47:44.332518", "frame": 94, "mu": [-0.9440905749689614, 2.2752075858856133, 0.9778331179460735], "Sigma": [[0.016322545484016862, 0.0015920475236919222, -0.024624738231829365], [0.0015920475236919222, 0.0030220842811449168, -0.006828320661457333], [-0.024624738231829365, -0.006828320661457333, 0.08804965912300095]], "chi2_level": 0.99, "chi2_df": 3, "chi2_threshold": 11.344866730144373, "N_raw": 81, "N_roi": 81, "N_inlier": 80, "refit": true}
{"timestamp": "15:47:44.391824", "frame": 95, "mu": [-0.930528944457349, 2.3131872659329153, -0.26678837949841666], "Sigma": [[0.017281063012436336, 0.005983981869553793, 0.06845546841677937], [0.005983981869553793, 0.017420867811538267, 0.019268534097070307], [0.06845546841677937, 0.019268534097070307, 0.3995735844289438]], "chi2_level": 0.99, "chi2_df": 3, "chi2_threshold": 11.344866730144373, "N_raw": 104, "N_roi": 104, "N_inlier": 104, "refit": true}
{"timestamp": "15:47:44.445180", "frame": 96, "mu": [-0.8163119823931105, 2.2723514987056834, 0.9676976709729788], "Sigma": [[0.009483660503002955, 0.0024323846100443025, -0.009286570193890151], [0.0024323846100443025, 0.0036646997355153695, -0.01689481577113713], [-0.009286570193890151, -0.01689481577113713, 0.13856290855907075]], "chi2_level": 0.99, "chi2_df": 3, "chi2_threshold": 11.344866730144373, "N_raw": 87, "N_roi": 87, "N_inlier": 82, "refit": true}
{"timestamp": "15:47:44.498766", "frame": 97, "mu": [-0.8053488367566994, 2.2868547874263756, 0.8570352821780134], "Sigma": [[0.01385695904111407, 0.0031855552628348733, -0.01745904171495092], [0.0031855552628348737, 0.004050366674466074, -0.007830181914911607], [-0.01745904171495092, -0.007830181914911607, 0.03774767557664262]], "chi2_level": 0.99, "chi2_df": 3, "chi2_threshold": 11.344866730144373, "N_raw": 83, "N_roi": 77, "N_inlier": 72, "refit": true}
{"timestamp": "15:47:44.555996", "frame": 98, "mu": [-0.8169496681096979, 2.217193993092619, 1.065799666253564], "Sigma": [[0.014319940816228763, 0.005456159250547602, -0.013707141051261125], [0.005456159250547602, 0.008668511835313525, -0.01771340865010101], [-0.013707141051261126, -0.017713408650101008, 0.05702032018967815]], "chi2_level": 0.99, "chi2_df": 3, "chi2_threshold": 11.344866730144373, "N_raw": 104, "N_roi": 104, "N_inlier": 99, "refit": true}
{"timestamp": "15:47:44.609950", "frame": 99, "mu": [-0.7773600157460352, 2.184980017131871, 1.1529452841295842], "Sigma": [[0.008203414871635499, 0.000354233302278914, -0.0015453261199641424], [0.00035423330227891405, 0.0033685550371726066, -0.012738896642585337], [-0.0015453261199641433, -0.012738896642585335, 0.10605028342805516]], "chi2_level": 0.99, "chi2_df": 3, "chi2_threshold": 11.344866730144373, "N_raw": 92, "N_roi": 92, "N_inlier": 92, "refit": true}
{"timestamp": "15:47:44.771679", "frame": 100, "mu": [-0.7364738403792149, 2.1298561320670095, 0.940954586364209], "Sigma": [[0.01295636711779338, 0.0014326344480614583, -0.016939874383079492], [0.0014326344480614585, 0.003761562304289273, -0.0013985107817147745], [-0.016939874383079492, -0.0013985107817147745, 0.08964639027655162]], "chi2_level": 0.99, "chi2_df": 3, "chi2_threshold": 11.344866730144373, "N_raw": 99, "N_roi": 99, "N_inlier": 94, "refit": true}
{"timestamp": "15:47:44.787282", "frame": 101, "mu": [-0.7187332288595868, 2.091096688897704, 1.1161077255242486], "Sigma": [[0.012979686871039791, 0.002919213057593, -0.006064569411198442], [0.0029192130575929993, 0.0022760548371083, -0.006957725771523324], [-0.006064569411198441, -0.006957725771523324, 0.025225649846689215]], "chi2_level": 0.99, "chi2_df": 3, "chi2_threshold": 11.344866730144373, "N_raw": 71, "N_roi": 71, "N_inlier": 67, "refit": true}
{"timestamp": "15:47:44.816739", "frame": 102, "mu": [-0.7092718714006944, 2.070804125441717, 0.9677576208788845], "Sigma": [[0.012803560094922286, 0.001094863767178753, 0.022944983439584427], [0.0010948637671787534, 0.0024549341041318487, -0.01064971583611609], [0.022944983439584427, -0.01064971583611609, 0.1823076878407688]], "chi2_level": 0.99, "chi2_df": 3, "chi2_threshold": 11.344866730144373, "N_raw": 76, "N_roi": 76, "N_inlier": 74, "refit": true}
{"timestamp": "15:47:44.846266", "frame": 103, "mu": [-0.6618585074058295, 2.1126768230920554, 1.0610898012823464], "Sigma": [[0.00877157662001961, 0.00024772096821798234, -0.010949002812498724], [0.00024772096821798234, 0.0028047399323790157, -0.0050026086814499455], [-0.010949002812498724, -0.0050026086814499455, 0.0340016480882287]], "chi2_level": 0.99, "chi2_df": 3, "chi2_threshold": 11.344866730144373, "N_raw": 72, "N_roi": 72, "N_inlier": 68, "refit": true}
{"timestamp": "15:47:44.878426", "frame": 104, "mu": [-0.6212589587447275, 2.021606068650416, 1.1423584315215092], "Sigma": [[0.00810655910220997, 5.414505119681837e-05, -0.0033740395713803607], [5.414505119681845e-05, 0.002936102341689019, -0.0011560838251649936], [-0.0033740395713803607, -0.0011560838251649936, 0.00788346143060317]], "chi2_level": 0.99, "chi2_df": 3, "chi2_threshold": 11.344866730144373, "N_raw": 48, "N_roi": 47, "N_inlier": 45, "refit": true}
{"timestamp": "15:47:44.933233", "frame": 105, "mu": [-0.5772276231058342, 1.9989706107598249, 0.8975578637712087], "Sigma": [[0.008308320924421788, 0.00044195378693868796, -0.0008914234216931692], [0.00044195378693868785, 0.003095331836607841, -0.0021357428206626697], [-0.0008914234216931694, -0.0021357428206626693, 0.008682869287334364]], "chi2_level": 0.99, "chi2_df": 3, "chi2_threshold": 11.344866730144373, "N_raw": 55, "N_roi": 55, "N_inlier": 52, "refit": true}
{"timestamp": "15:47:44.996284", "frame": 106, "mu": [-0.5244416815706713, 2.0204133810508313, 1.172593958722259], "Sigma": [[0.011587017470345953, -0.00046884713858749694, -0.0023214711819485373], [-0.0004688471385874969, 0.0026963355943843336, -0.005239651821489085], [-0.0023214711819485373, -0.005239651821489085, 0.05685159315728819]], "chi2_level": 0.99, "chi2_df": 3, "chi2_threshold": 11.344866730144373, "N_raw": 115, "N_roi": 115, "N_inlier": 111, "refit": true}
{"timestamp": "15:47:45.047131", "frame": 107, "mu": [-0.4805948271490585, 2.018268073641987, 1.0574734003529085], "Sigma": [[0.007028911178186674, 0.0020741619941181443, 0.0052496308948655375], [0.0020741619941181443, 0.005780213159333071, 0.004600617297876894], [0.005249630894865538, 0.004600617297876894, 0.07088442492454303]], "chi2_level": 0.99, "chi2_df": 3, "chi2_threshold": 11.344866730144373, "N_raw": 79, "N_roi": 79, "N_inlier": 77, "refit": true}
{"timestamp": "15:47:45.103488", "frame": 108, "mu": [-0.428874557882083, 1.8903763955687667, 0.9918475172694824], "Sigma": [[0.009337034465377215, 0.005081988883678493, 0.024411427143355723], [0.005081988883678493, 0.015739154262876347, 0.07458296522812129], [0.02441142714335572, 0.07458296522812129, 0.4244911743831605]], "chi2_level": 0.99, "chi2_df": 3, "chi2_threshold": 11.344866730144373, "N_raw": 82, "N_roi": 81, "N_inlier": 80, "refit": true}
{"timestamp": "15:47:45.163938", "frame": 109, "mu": [-0.4345414537315171, 1.9536909159770222, 1.1226088336062012], "Sigma": [[0.008820606713995241, -0.00012467070563082613, 0.0035209042750917008], [-0.00012467070563082613, 0.012508723336892782, 0.026133830787373257], [0.003520904275091701, 0.02613383078737326, 0.2140050360044544]], "chi2_level": 0.99, "chi2_df": 3, "chi2_threshold": 11.344866730144373, "N_raw": 127, "N_roi": 126, "N_inlier": 125, "refit": true}
{"timestamp": "15:47:45.211754", "frame": 110, "mu": [-0.39380013133150255, 2.0995798377606976, -0.27898936594001683], "Sigma": [[0.01074429343467786, 0.0034313176018111583, 0.007254912192225861], [0.003431317601811158, 0.008568619960529334, -0.0008905027698292658], [0.00725491219222586, -0.0008905027698292661, 0.029849692909500278]], "chi2_level": 0.99, "chi2_df": 3, "chi2_threshold": 11.344866730144373, "N_raw": 78, "N_roi": 77, "N_inlier": 76, "refit": true}
{"timestamp": "15:47:45.270675", "frame": 111, "mu": [-0.37717320879268473, 1.9211868738640656, 1.1075617911216171], "Sigma": [[0.010997740475498672, 0.004331792592186799, 0.014239661733444844], [0.004331792592186798, 0.007639776146088797, 0.006607063907188423], [0.014239661733444842, 0.006607063907188423, 0.07157717415470202]], "chi2_level": 0.99, "chi2_df": 3, "chi2_threshold": 11.344866730144373, "N_raw": 106, "N_roi": 106, "N_inlier": 101, "refit": true}
{"timestamp": "15:47:45.329578", "frame": 112, "mu": [-0.3350613346000097, 2.0569929054905685, -0.2081403051496621], "Sigma": [[0.009106988036208187, -0.002049965891642338, 0.00025034092057752495], [-0.002049965891642338, 0.013575255655428354, -0.019514465381291132], [0.00025034092057752463, -0.019514465381291132, 0.03145698180245612]], "chi2_level": 0.99, "chi2_df": 3, "chi2_threshold": 11.344866730144373, "N_raw": 124, "N_roi": 124, "N_inlier": 118, "refit": true}
{"timestamp": "15:47:45.377197", "frame": 113, "mu": [-0.3203965668847161, 1.8477507279470289, 1.0066753763720662], "Sigma": [[0.008741318415660728, 0.006410991316048337, 0.01685647967588732], [0.006410991316048337, 0.00860650495806877, 0.014725658026007891], [0.01685647967588732, 0.014725658026007891, 0.07726387183386191]], "chi2_level": 0.99, "chi2_df": 3, "chi2_threshold": 11.344866730144373, "N_raw": 75, "N_roi": 73, "N_inlier": 71, "refit": true}
{"timestamp": "15:47:45.435090", "frame": 114, "mu": [-0.2932051372579869, 1.77180405966408, 1.050059785622971], "Sigma": [[0.0073764520871482595, 0.0034468371381731764, 0.01566628991995151], [0.0034468371381731755, 0.010559899555612236, 0.02117845775880185], [0.01566628991995151, 0.021178457758801846, 0.2451237184649718]], "chi2_level": 0.99, "chi2_df": 3, "chi2_threshold": 11.344866730144373, "N_raw": 100, "N_roi": 100, "N_inlier": 99, "refit": true}
{"timestamp": "15:47:45.492294", "frame": 115, "mu": [-0.2428637688714149, 1.7553999485023468, 1.1747843588070936], "Sigma": [[0.01214941386619228, 0.006937230658916046, 0.03040420691390337], [0.006937230658916047, 0.010262690403474497, 0.027596687239512627], [0.03040420691390337, 0.02759668723951263, 0.14907022421507732]], "chi2_level": 0.99, "chi2_df": 3, "chi2_threshold": 11.344866730144373, "N_raw": 108, "N_roi": 108, "N_inlier": 103, "refit": true}
{"timestamp": "15:47:45.545482", "frame": 116, "mu": [-0.14858990462580263, 1.784138210616925, 1.2791888826701654], "Sigma": [[0.007394729710367451, 0.0016139649460383478, 0.009466886292724816], [0.001613964946038348, 0.007056123039943735, 0.020094997613626587], [0.009466886292724817, 0.020094997613626587, 0.20714947289478416]], "chi2_level": 0.99, "chi2_df": 3, "chi2_threshold": 11.344866730144373, "N_raw": 100, "N_roi": 100, "N_inlier": 96, "refit": true}
{"timestamp": "15:47:45.609444", "frame": 117, "mu": [-0.1932375802102657, 1.7002037059679764, 1.2702826217201495], "Sigma": [[0.010606690878999932, 0.006354998987637859, 0.025562365518206114], [0.006354998987637859, 0.01318101244835346, 0.032598107164748355], [0.025562365518206117, 0.032598107164748355, 0.13685794044630825]], "chi2_level": 0.99, "chi2_df": 3, "chi2_threshold": 11.344866730144373, "N_raw": 102, "N_roi": 102, "N_inlier": 97, "refit": true}
{"timestamp": "15:47:45.655386", "frame": 118, "mu": [-0.19055774058023714, 1.723563518107293, 1.3655930542748174], "Sigma": [[0.011954404251032297, 0.0006376893399302172, 0.014089193917983791], [0.0006376893399302173, 0.0035224842675835055, -0.003717894406764947], [0.014089193917983793, -0.0037178944067649466, 0.026503308960744806]], "chi2_level": 0.99, "chi2_df": 3, "chi2_threshold": 11.344866730144373, "N_raw": 98, "N_roi": 98, "N_inlier": 94, "refit": true}
{"timestamp": "15:47:45.708550", "frame": 119, "mu": [-0.12338397132207839, 1.70056074535972, 1.3339593934132803], "Sigma": [[0.008211145181531135, 0.0029243834981790813, 0.0077534730850037335], [0.0029243834981790813, 0.0028734231468189493, 0.0004886197992164101], [0.0077534730850037335, 0.0004886197992164101, 0.042596865813559745]], "chi2_level": 0.99, "chi2_df": 3, "chi2_threshold": 11.344866730144373, "N_raw": 86, "N_roi": 86, "N_inlier": 82, "refit": true}
{"timestamp": "15:47:45.767881", "frame": 120, "mu": [-0.1515334383255704, 1.6792120337812526, 1.1189647709650634], "Sigma": [[0.013008412745348768, 0.004706071241487413, 0.009946064872492779], [0.004706071241487413, 0.00941944959451448, -0.0028923161254951644], [0.009946064872492779, -0.002892316125495165, 0.23282844586525558]], "chi2_level": 0.99, "chi2_df": 3, "chi2_threshold": 11.344866730144373, "N_raw": 119, "N_roi": 119, "N_inlier": 119, "refit": true}
{"timestamp": "15:47:45.820767", "frame": 121, "mu": [-0.10825077626114613, 1.6570992065985883, 1.3289911317320071], "Sigma": [[0.007935475627891578, 0.0007806593268698732, 0.010867264160825098], [0.0007806593268698731, 0.00267977530974633, 0.0009332678347148743], [0.0108672641608251, 0.0009332678347148743, 0.07076072849520487]], "chi2_level": 0.99, "chi2_df": 3, "chi2_threshold": 11.344866730144373, "N_raw": 98, "N_roi": 98, "N_inlier": 93, "refit": true}
{"timestamp": "15:47:45.876206", "frame": 122, "mu": [-0.09819487626250187, 1.6875504029104178, 1.176934141595886], "Sigma": [[0.009215747095434098, 0.003671812787273027, -0.011855000498898911], [0.0036718127872730276, 0.004302144428838668, -0.008429965506286802], [-0.01185500049889891, -0.008429965506286802, 0.06106394558554443]], "chi2_level": 0.99, "chi2_df": 3, "chi2_threshold": 11.344866730144373, "N_raw": 97, "N_roi": 97, "N_inlier": 94, "refit": true}
{"timestamp": "15:47:45.931198", "frame": 123, "mu": [-0.11104087404395908, 1.6710394172339593, 1.3578691128952216], "Sigma": [[0.006541258681918359, -0.0015925282633412938, 0.002026942145411731], [-0.0015925282633412938, 0.004523922160819622, -0.007024922191003248], [0.002026942145411731, -0.007024922191003247, 0.015045094518946119]], "chi2_level": 0.99, "chi2_df": 3, "chi2_threshold": 11.344866730144373, "N_raw": 88, "N_roi": 88, "N_inlier": 84, "refit": true}
{"timestamp": "15:47:45.985134", "frame": 124, "mu": [-0.027085784041093713, 1.6382293309006342, 1.4528154143940364], "Sigma": [[0.006195608074815212, -0.0028996136984964084, 0.002317159567358267], [-0.002899613698496408, 0.005942681372228698, -0.006670467297074251], [0.002317159567358267, -0.006670467297074251, 0.03126671118534548]], "chi2_level": 0.99, "chi2_df": 3, "chi2_threshold": 11.344866730144373, "N_raw": 99, "N_roi": 99, "N_inlier": 93, "refit": true}
{"timestamp": "15:47:46.044343", "frame": 125, "mu": [0.0388162930726536, 1.561483275477814, 0.9772364591383125], "Sigma": [[0.02038428765255486, -0.01327894991569776, -0.06972176010046535], [-0.01327894991569776, 0.013167829784618857, 0.0600492934249387], [-0.06972176010046535, 0.06004929342493869, 0.4846556393168342]], "chi2_level": 0.99, "chi2_df": 3, "chi2_threshold": 11.344866730144373, "N_raw": 128, "N_roi": 128, "N_inlier": 126, "refit": true}
{"timestamp": "15:47:46.090291", "frame": 126, "mu": [0.06934003402319965, 1.570506981889289, 1.5397344438026093], "Sigma": [[0.003999793622566171, 0.0001754288993999118, -0.0007606492593037922], [0.00017542889939991169, 0.004244485824938371, -0.00683881113836801], [-0.0007606492593037922, -0.00683881113836801, 0.034013172025518706]], "chi2_level": 0.99, "chi2_df": 3, "chi2_threshold": 11.344866730144373, "N_raw": 57, "N_roi": 57, "N_inlier": 52, "refit": true}
{"timestamp": "15:47:46.149437", "frame": 127, "mu": [0.027163374017783872, 1.5789125037139466, 1.423170728910657], "Sigma": [[0.005273140253650394, -0.00018591048671311443, 0.001895682444602284], [-0.00018591048671311438, 0.0070782201262862875, -0.0032298418231487456], [0.0018956824446022843, -0.003229841823148745, 0.016846623698127623]], "chi2_level": 0.99, "chi2_df": 3, "chi2_threshold": 11.344866730144373, "N_raw": 94, "N_roi": 93, "N_inlier": 89, "refit": true}
