{"timestamp": "15:44:46.240637", "frame": 52, "mu": [1.8295342991639256, 0.7362940337984312, 1.52534214966326], "Sigma": [[0.003791950543909071, -0.00019196622132240356, -0.0024106781579032372], [-0.0001919662213224036, 0.0015704848280782742, -0.0006805818538883329], [-0.002410678157903237, -0.000680581853888333, 0.0024339424165474763]], "chi2_level": 0.99, "chi2_df": 3, "chi2_threshold": 11.344866730144373, "N_raw": 8, "N_roi": 8, "N_inlier": 8, "refit": true}
{"timestamp": "15:44:46.404482", "frame": 55, "mu": [1.8319188772679347, 0.9104243458890464, 1.5619701510175632], "Sigma": [[0.002937792483098666, 0.0010961024099297569, -0.005739981770965881], [0.0010961024099297569, 0.0007993822740174853, -0.0024041248327799896], [-0.005739981770965881, -0.0024041248327799896, 0.015206590202164921]], "chi2_level": 0.99, "chi2_df": 3, "chi2_threshold": 11.344866730144373, "N_raw": 5, "N_roi": 5, "N_inlier": 5, "refit": true}
{"timestamp": "15:44:46.568801", "frame": 58, "mu": [1.8222446072654193, 1.0024465382596945, 1.3918625822135817], "Sigma": [[0.004472367398404167, -0.0004670535708857389, -0.008353184254389627], [-0.00046705357088573895, 0.004269174401988901, 0.020471424017582392], [-0.008353184254389627, 0.020471424017582396, 0.15156477026826434]], "chi2_level": 0.99, "chi2_df": 3, "chi2_threshold": 11.344866730144373, "N_raw": 6, "N_roi": 6, "N_inlier": 6, "refit": true}
{"timestamp": "15:44:46.625271", "frame": 59, "mu": [1.7859050441664974, 1.060613871337835, 0.8291107087198795], "Sigma": [[0.0038364812394120606, -0.0011863831960387636, -0.017120767864505643], [-0.0011863831960387636, 0.0015851726017104763, 0.004777711091786589], [-0.01712076786450565, 0.004777711091786591, 0.3241319216599645]], "chi2_level": 0.99, "chi2_df": 3, "chi2_threshold": 11.344866730144373, "N_raw": 7, "N_roi": 7, "N_inlier": 7, "refit": true}
{"timestamp": "15:44:46.680369", "frame": 60, "mu": [1.7794478647992649, 1.1348322648225058, 1.0895413502721372], "Sigma": [[0.002533417953532226, 0.001292020187997546, -0.0007787363226172917], [0.0012920201879975455, 0.006149231991947708, -0.03387826896606043], [-0.0007787363226172917, -0.03387826896606043, 0.31637817419419617]], "chi2_level": 0.99, "chi2_df": 3, "chi2_threshold": 11.344866730144373, "N_raw": 8, "N_roi": 8, "N_inlier": 8, "refit": true}
{"timestamp": "15:44:46.844955", "frame": 63, "mu": [1.8116476058672457, 1.1693637612024834, 1.5642288785592613], "Sigma": [[0.0033069423989797605, 0.0003834194154493151, 0.0007967573875078291], [0.00038341941544931516, 0.0012411734492570033, 5.060790311937511e-05], [0.0007967573875078291, 5.060790311937511e-05, 0.00045707288574860797]], "chi2_level": 0.99, "chi2_df": 3, "chi2_threshold": 11.344866730144373, "N_raw": 7, "N_roi": 7, "N_inlier": 7, "refit": true}
{"timestamp": "15:44:47.065245", "frame": 67, "mu": [1.878785659903978, 1.267113861071347, 1.5513366101923438], "Sigma": [[0.0021021697018066806, -0.001235305176271487, -0.00274733392752978], [-0.0012353051762714867, 0.0023686491319967343, -0.00047676678909416983], [-0.0027473339275297802, -0.00047676678909416983, 0.008453332860727499]], "chi2_level": 0.99, "chi2_df": 3, "chi2_threshold": 11.344866730144373, "N_raw": 11, "N_roi": 11, "N_inlier": 11, "refit": true}
{"timestamp": "15:44:47.121190", "frame": 68, "mu": [1.857591429145324, 1.3051733930965121, 1.605975267924536], "Sigma": [[0.004168444000793915, -0.0017323943589974506, -0.0002551159638754545], [-0.001732394358997451, 0.002842560153185145, -0.0006602959919567046], [-0.0002551159638754544, -0.0006602959919567045, 0.0008104981681901202]], "chi2_level": 0.99, "chi2_df": 3, "chi2_threshold": 11.344866730144373, "N_raw": 16, "N_roi": 14, "N_inlier": 13, "refit": true}
{"timestamp": "15:44:47.284824", "frame": 71, "mu": [1.8293889027182768, 1.4191057625781889, 1.3358283268734996], "Sigma": [[0.0029590726099674803, -0.0011763789688580945, -0.015175624112342821], [-0.0011763789688580945, 0.001181018286861162, 0.008545296714862382], [-0.015175624112342821, 0.008545296714862382, 0.1567234078221387]], "chi2_level": 0.99, "chi2_df": 3, "chi2_threshold": 11.344866730144373, "N_raw": 6, "N_roi": 6, "N_inlier": 6, "refit": true}
{"timestamp": "15:44:47.560182", "frame": 76, "mu": [1.6314081618014677, 1.6844521951310691, 1.4636160645539613], "Sigma": [[0.005819145510145649, 0.0034890186496549223, 0.00036992787536259267], [0.0034890186496549227, 0.002222164127713436, 2.306412571865613e-05], [0.00036992787536259267, 2.3064125718656237e-05, 0.0017255925046784355]], "chi2_level": 0.99, "chi2_df": 3, "chi2_threshold": 11.344866730144373, "N_raw": 5, "N_roi": 5, "N_inlier": 5, "refit": true}
{"timestamp": "15:44:47.724489", "frame": 79, "mu": [1.6393748204115837, 1.7846182360650824, 1.5537245663539492], "Sigma": [[0.005988362307843547, 0.0021934716444214843, -0.0022886577969779536], [0.0021934716444214843, 0.0016055004686685397, 6.974476954107258e-05], [-0.002288657796977954, 6.974476954107247e-05, 0.005655850721420219]], "chi2_level": 0.99, "chi2_df": 3, "chi2_threshold": 11.344866730144373, "N_raw": 5, "N_roi": 5, "N_inlier": 5, "refit": true}
{"timestamp": "15:44:47.778928", "frame": 80, "mu": [1.6478652257472937, 1.8277368384860666, 1.4774851389158865], "Sigma": [[0.0024019913605533858, 0.0013012778772434268, -0.006038954845757738], [0.0013012778772434263, 0.0018445508420816344, 0.0013296698939398296], [-0.006038954845757738, 0.0013296698939398294, 0.03905420022777993]], "chi2_level": 0.99, "chi2_df": 3, "chi2_threshold": 11.344866730144373, "N_raw": 6, "N_roi": 5, "N_inlier": 5, "refit": true}
{"timestamp": "15:44:47.835458", "frame": 81, "mu": [1.6576091404305893, 1.925628160810763, 0.04863630537050563], "Sigma": [[0.0028847928272577325, 0.001164243965359134, -0.0034810753042175233], [0.001164243965359134, 0.0046988586638912625, -0.00620489638365725], [-0.0034810753042175233, -0.00620489638365725, 0.01740696784276312]], "chi2_level": 0.99, "chi2_df": 3, "chi2_threshold": 11.344866730144373, "N_raw": 11, "N_roi": 11, "N_inlier": 11, "refit": true}
{"timestamp": "15:44:47.888973", "frame": 82, "mu": [1.6352304049568047, 1.8958310733130392, 1.3620118633655411], "Sigma": [[0.0017465964188795888, 0.0009073541378521676, -0.0008456943867695388], [0.0009073541378521678, 0.0009112641243750802, 0.005581716969049504], [-0.0008456943867695384, 0.005581716969049504, 0.10078980833924159]], "chi2_level": 0.99, "chi2_df": 3, "chi2_threshold": 11.344866730144373, "N_raw": 5, "N_roi": 5, "N_inlier": 5, "refit": true}
{"timestamp": "15:44:47.944600", "frame": 83, "mu": [1.719270746140288, 1.8761632300360818, 1.1314931632745282], "Sigma": [[0.0001996440287634462, 0.0005039034987396607, 0.005317327517950898], [0.0005039034987396608, 0.003335122230964478, 0.017159585019624904], [0.005317327517950898, 0.017159585019624904, 0.15686815532462373]], "chi2_level": 0.99, "chi2_df": 3, "chi2_threshold": 11.344866730144373, "N_raw": 5, "N_roi": 5, "N_inlier": 5, "refit": true}
{"timestamp": "15:44:47.999560", "frame": 84, "mu": [1.7006059557557696, 1.8616517184059165, 0.7355964766362615], "Sigma": [[0.006132343517316636, -0.0071314533520430495, -0.023358626977052533], [-0.0071314533520430495, 0.010544196189692576, 0.03760553782799931], [-0.023358626977052533, 0.03760553782799931, 0.14045152760426005]], "chi2_level": 0.99, "chi2_df": 3, "chi2_threshold": 11.344866730144373, "N_raw": 7, "N_roi": 7, "N_inlier": 7, "refit": true}
{"timestamp": "15:44:48.054521", "frame": 85, "mu": [1.624893347777565, 2.0356420426663044, 1.2914341082456873], "Sigma": [[0.004481646659090303, -0.0010930296175097989, -0.013771284944537129], [-0.0010930296175097989, 0.0007131041286647473, 0.004843519117734252], [-0.013771284944537129, 0.004843519117734252, 0.047720841201141326]], "chi2_level": 0.99, "chi2_df": 3, "chi2_threshold": 11.344866730144373, "N_raw": 5, "N_roi": 5, "N_inlier": 5, "refit": true}
{"timestamp": "15:44:48.164652", "frame": 87, "mu": [1.7214655362817195, 2.095496813332873, 1.514163004313614], "Sigma": [[0.0019406104543091367, -0.0007627253573322527, -0.013177397906133995], [-0.0007627253573322525, 0.0027680737238322253, 0.008894608129807996], [-0.013177397906133995, 0.008894608129807996, 0.10034677862770058]], "chi2_level": 0.99, "chi2_df": 3, "chi2_threshold": 11.344866730144373, "N_raw": 5, "N_roi": 5, "N_inlier": 5, "refit": true}
{"timestamp": "15:44:48.219788", "frame": 88, "mu": [1.5115804902352181, 1.7618893968857443, 1.0560994597078082], "Sigma": [[0.37557872799209524, 0.3782864816844853, -0.22939625109069145], [0.3782864816844853, 0.38280011869480046, -0.2264439655054168], [-0.22939625109069142, -0.2264439655054168, 0.1635350077582077]], "chi2_level": 0.99, "chi2_df": 3, "chi2_threshold": 11.344866730144373, "N_raw": 5, "N_roi": 5, "N_inlier": 5, "refit": true}
{"timestamp": "15:44:48.274882", "frame": 89, "mu": [1.7600577878504502, 2.107519663157354, 1.0206407423209811], "Sigma": [[0.0013655323079379506, 0.0008372498092106105, -0.010060748235047618], [0.0008372498092106104, 0.001625580741777891, 0.004337072149757516], [-0.010060748235047616, 0.004337072149757516, 0.23218033084584774]], "chi2_level": 0.99, "chi2_df": 3, "chi2_threshold": 11.344866730144373, "N_raw": 5, "N_roi": 5, "N_inlier": 5, "refit": true}
{"timestamp": "15:44:48.330274", "frame": 90, "mu": [1.7151467128294882, 2.159183727034807, 1.055595451163006], "Sigma": [[0.005614712251968731, 0.0002446272470995451, -0.03077170341666461], [0.0002446272470995451, 0.0011734589293861699, 0.0020621829050660907], [-0.030771703416664607, 0.0020621829050660903, 0.19500389857754977]], "chi2_level": 0.99, "chi2_df": 3, "chi2_threshold": 11.344866730144373, "N_raw": 7, "N_roi": 7, "N_inlier": 7, "refit": true}
{"timestamp": "15:44:48.383994", "frame": 91, "mu": [1.6788223763990264, 2.2425437666776036, 1.5579968521575702], "Sigma": [[0.002721541293368947, 0.0003353246837318767, -0.007986066034283815], [0.0003353246837318768, 0.003918400236963265, 0.007863483552944178], [-0.007986066034283815, 0.00786348355294418, 0.08738508678984416]], "chi2_level": 0.99, "chi2_df": 3, "chi2_threshold": 11.344866730144373, "N_raw": 5, "N_roi": 5, "N_inlier": 5, "refit": true}
{"timestamp": "15:44:48.439031", "frame": 92, "mu": [1.4934503233077674, 2.0657218534140673, 1.565232577374852], "Sigma": [[0.22751056649618798, 0.30213882353376276, -0.042307266793326234], [0.30213882353376276, 0.4057660545102003, -0.043819079901786906], [-0.04230726679332624, -0.043819079901786906, 0.05145730490186231]], "chi2_level": 0.99, "chi2_df": 3, "chi2_threshold": 11.344866730144373, "N_raw": 6, "N_roi": 6, "N_inlier": 6, "refit": true}
{"timestamp": "15:44:48.660283", "frame": 96, "mu": [1.7250431530216277, 2.2703385447983697, 0.9901212277126833], "Sigma": [[0.022026881610070038, -0.019346104034333806, -0.0613375683991947], [-0.019346104034333806, 0.018849843367325633, 0.05248854789231254], [-0.061337568399194714, 0.05248854789231254, 0.18104839135325473]], "chi2_level": 0.99, "chi2_df": 3, "chi2_threshold": 11.344866730144373, "N_raw": 7, "N_roi": 7, "N_inlier": 7, "refit": true}
{"timestamp": "15:44:48.716042", "frame": 97, "mu": [1.7779397031279272, 2.2951231627220583, 0.8080341047367526], "Sigma": [[0.03213706522508847, -0.02891698168647868, -0.07423629397547259], [-0.028916981686478677, 0.02787314006016213, 0.06549678612061008], [-0.07423629397547259, 0.06549678612061008, 0.17997535061705677]], "chi2_level": 0.99, "chi2_df": 3, "chi2_threshold": 11.344866730144373, "N_raw": 11, "N_roi": 11, "N_inlier": 11, "refit": true}
{"timestamp": "15:44:48.768908", "frame": 98, "mu": [1.79970406674672, 2.367671694090613, 1.21216653246657], "Sigma": [[0.012542289873438497, -0.020488207422121506, -0.06497259255496846], [-0.020488207422121506, 0.03924728825588727, 0.11125644624656857], [-0.06497259255496846, 0.11125644624656857, 0.36181512324165765]], "chi2_level": 0.99, "chi2_df": 3, "chi2_threshold": 11.344866730144373, "N_raw": 6, "N_roi": 6, "N_inlier": 6, "refit": true}
{"timestamp": "15:44:48.825016", "frame": 99, "mu": [1.6184004691551028, 2.6324077522288927, -0.20453075512956492], "Sigma": [[0.002960489537737974, 0.006332647113637165, -0.030491277603956285], [0.006332647113637165, 0.014654449988687715, -0.07631500481281975], [-0.030491277603956285, -0.07631500481281975, 0.5423674005466748]], "chi2_level": 0.99, "chi2_df": 3, "chi2_threshold": 11.344866730144373, "N_raw": 8, "N_roi": 7, "N_inlier": 7, "refit": true}
{"timestamp": "15:44:49.157193", "frame": 105, "mu": [1.4891532796497997, 2.7105241765231853, 1.5087731544794396], "Sigma": [[0.0062099671735727615, -0.0025573780139745003, -0.0007413682334369179], [-0.0025573780139745003, 0.0033627213483078595, 0.0006778328228161188], [-0.0007413682334369183, 0.0006778328228161188, 0.000832272149941809]], "chi2_level": 0.99, "chi2_df": 3, "chi2_threshold": 11.344866730144373, "N_raw": 23, "N_roi": 21, "N_inlier": 20, "refit": true}
{"timestamp": "15:44:49.211685", "frame": 106, "mu": [1.5697589496412303, 2.718062321870413, 1.2223172676126959], "Sigma": [[0.0033479413082222894, 0.00043521833388241045, -0.011031640496481587], [0.0004352183338824104, 0.000305419192620558, -0.0018717763846964094], [-0.011031640496481587, -0.0018717763846964094, 0.040756610680174]], "chi2_level": 0.99, "chi2_df": 3, "chi2_threshold": 11.344866730144373, "N_raw": 5, "N_roi": 5, "N_inlier": 5, "refit": true}
{"timestamp": "15:44:49.266111", "frame": 107, "mu": [1.4300994889931606, 2.2800592039294485, 1.021546765770793], "Sigma": [[0.24901067899484552, 0.40768476289486033, -0.1633234773714486], [0.40768476289486033, 0.8788945605963014, 0.08404215337699183], [-0.16332347737144856, 0.08404215337699189, 0.7035913013858666]], "chi2_level": 0.99, "chi2_df": 3, "chi2_threshold": 11.344866730144373, "N_raw": 6, "N_roi": 6, "N_inlier": 6, "refit": true}
{"timestamp": "15:44:49.432996", "frame": 110, "mu": [1.716363061139958, 2.696484665164728, 0.5512037342742337], "Sigma": [[0.00785286130163204, -0.00516188166109739, -0.0035977951223618515], [-0.00516188166109739, 0.005560600446809771, 0.002642397559133273], [-0.003597795122361852, 0.002642397559133273, 0.004398595611803244]], "chi2_level": 0.99, "chi2_df": 3, "chi2_threshold": 11.344866730144373, "N_raw": 22, "N_roi": 20, "N_inlier": 19, "refit": true}
{"timestamp": "15:44:49.489965", "frame": 111, "mu": [1.6918563616427418, 2.766130925180174, 0.47453726033120563], "Sigma": [[0.007896411415539992, -0.0033609949729398363, -0.006272497371296712], [-0.0033609949729398363, 0.007702073978650463, 0.0018561446417903246], [-0.006272497371296712, 0.0018561446417903246, 0.07215354101337458]], "chi2_level": 0.99, "chi2_df": 3, "chi2_threshold": 11.344866730144373, "N_raw": 25, "N_roi": 22, "N_inlier": 21, "refit": true}
{"timestamp": "15:44:49.542616", "frame": 112, "mu": [1.6483204266916023, 2.893074136178398, 0.8571619517074393], "Sigma": [[0.0007417912461621784, -0.0012885658691564738, -0.01017506241085753], [-0.001288565869156474, 0.006658448583503547, 0.03417992019814897], [-0.01017506241085753, 0.03417992019814897, 0.20126729243604213]], "chi2_level": 0.99, "chi2_df": 3, "chi2_threshold": 11.344866730144373, "N_raw": 8, "N_roi": 5, "N_inlier": 5, "refit": true}
{"timestamp": "15:44:49.596480", "frame": 113, "mu": [1.6718273059822002, 2.997201176757418, 1.1728407799953056], "Sigma": [[0.0029810476661707754, -0.0027715361119993484, -0.018374480079181923], [-0.0027715361119993484, 0.011739123596344863, 0.03957590455815443], [-0.018374480079181923, 0.03957590455815443, 0.17058231243783795]], "chi2_level": 0.99, "chi2_df": 3, "chi2_threshold": 11.344866730144373, "N_raw": 5, "N_roi": 5, "N_inlier": 5, "refit": true}
{"timestamp": "15:44:49.651183", "frame": 114, "mu": [1.6435191446579251, 2.9803674680485233, 0.9108288523116251], "Sigma": [[0.009946089039716624, -0.0053196690015249876, -0.04273141988206708], [-0.0053196690015249876, 0.008183224547157437, 0.03892083463303863], [-0.04273141988206708, 0.03892083463303863, 0.24776494093190646]], "chi2_level": 0.99, "chi2_df": 3, "chi2_threshold": 11.344866730144373, "N_raw": 7, "N_roi": 7, "N_inlier": 7, "refit": true}
{"timestamp": "15:44:49.706176", "frame": 115, "mu": [1.4749931369188398, 2.685269202350221, 0.7255097912987416], "Sigma": [[0.24884894850635472, 0.4798500612375624, -0.2113019776524987], [0.4798500612375624, 0.9295685113914041, -0.4009680179090525], [-0.21130197765249867, -0.4009680179090525, 0.19449926397814135]], "chi2_level": 0.99, "chi2_df": 3, "chi2_threshold": 11.344866730144373, "N_raw": 6, "N_roi": 5, "N_inlier": 5, "refit": true}
{"timestamp": "15:44:49.761310", "frame": 116, "mu": [1.6912503341510925, 3.124710306769636, 0.8442142911972597], "Sigma": [[0.0008915641362494841, 9.258033458534444e-07, 0.007308306354485037], [9.258033458534444e-07, 0.00024085708273814048, -0.001794133512505396], [0.007308306354485037, -0.001794133512505396, 0.08263154179131621]], "chi2_level": 0.99, "chi2_df": 3, "chi2_threshold": 11.344866730144373, "N_raw": 5, "N_roi": 5, "N_inlier": 5, "refit": true}
{"timestamp": "15:44:49.817047", "frame": 117, "mu": [1.4614847311763768, 2.9128674159498713, -0.37314713248035397], "Sigma": [[0.2540339124618057, 0.5175082415978841, -0.04543759227268534], [0.5175082415978841, 1.060204162840911, -0.08775053421454602], [-0.04543759227268534, -0.08775053421454604, 0.3092251197448374]], "chi2_level": 0.99, "chi2_df": 3, "chi2_threshold": 11.344866730144373, "N_raw": 7, "N_roi": 7, "N_inlier": 7, "refit": true}
{"timestamp": "15:44:49.871649", "frame": 118, "mu": [1.6439420555291402, 3.2053409389249374, 1.3743885479636064], "Sigma": [[0.004858025383668753, 0.002680248254777387, -0.007116386231006742], [0.002680248254777387, 0.0020453238006680904, -0.004005334598042108], [-0.007116386231006742, -0.004005334598042108, 0.011007005260437186]], "chi2_level": 0.99, "chi2_df": 3, "chi2_threshold": 11.344866730144373, "N_raw": 7, "N_roi": 5, "N_inlier": 5, "refit": true}
{"timestamp": "15:44:49.926829", "frame": 119, "mu": [1.612755098859831, 3.215222071907542, 1.2027013466942007], "Sigma": [[0.004174085744141245, 0.001956109004512874, -0.029487559942150663], [0.0019561090045128746, 0.003273141970493181, -0.01013722084199924], [-0.029487559942150663, -0.01013722084199924, 0.277148792068699]], "chi2_level": 0.99, "chi2_df": 3, "chi2_threshold": 11.344866730144373, "N_raw": 11, "N_roi": 8, "N_inlier": 8, "refit": true}
{"timestamp": "15:44:50.036586", "frame": 121, "mu": [1.3852795440204433, 2.252613064137926, 0.817693131721772], "Sigma": [[0.8091578127971698, 1.2112028599626692, -0.6771835976523364], [1.211202859962669, 1.8251112861403713, -1.0086508023880505], [-0.6771835976523364, -1.0086508023880505, 0.5708826237311421]], "chi2_level": 0.99, "chi2_df": 3, "chi2_threshold": 11.344866730144373, "N_raw": 6, "N_roi": 5, "N_inlier": 5, "refit": true}
{"timestamp": "15:44:50.092496", "frame": 122, "mu": [1.7013052989968471, 2.945142004028522, 0.8284512228981523], "Sigma": [[0.02879493616606705, -0.004854607639895785, -0.06602610547309956], [-0.004854607639895789, 0.6521179421600256, 0.8785572239075381], [-0.06602610547309956, 0.8785572239075381, 1.3154478431717502]], "chi2_level": 0.99, "chi2_df": 3, "chi2_threshold": 11.344866730144373, "N_raw": 8, "N_roi": 8, "N_inlier": 8, "refit": true}
{"timestamp": "15:44:50.148608", "frame": 123, "mu": [1.5573662223649116, 3.353596673820995, 1.5282361510917943], "Sigma": [[0.013253383372337961, -0.007111605993674648, -0.004827129154020454], [-0.007111605993674648, 0.00452118644821291, 0.002527142897056941], [-0.004827129154020454, 0.002527142897056941, 0.0031899986410952904]], "chi2_level": 0.99, "chi2_df": 3, "chi2_threshold": 11.344866730144373, "N_raw": 14, "N_roi": 14, "N_inlier": 13, "refit": true}
{"timestamp": "15:44:50.203644", "frame": 124, "mu": [1.5288898359353575, 3.4022174433969137, 1.5176659568195583], "Sigma": [[0.013765950496382193, -0.00519359064425708, -0.0015498151433456482], [-0.005193590644257078, 0.003822093208026077, 0.00033157360508917824], [-0.0015498151433456482, 0.00033157360508917835, 0.001006792602814681]], "chi2_level": 0.99, "chi2_df": 3, "chi2_threshold": 11.344866730144373, "N_raw": 23, "N_roi": 23, "N_inlier": 23, "refit": true}
{"timestamp": "15:44:50.258195", "frame": 125, "mu": [1.719447297514363, 3.3643417312232917, 0.822355010897096], "Sigma": [[0.03625413106267245, -0.019411356625449794, -0.06920820052033017], [-0.019411356625449794, 0.016080654288617328, 0.03369725570781207], [-0.06920820052033017, 0.03369725570781207, 0.4254779392834292]], "chi2_level": 0.99, "chi2_df": 3, "chi2_threshold": 11.344866730144373, "N_raw": 11, "N_roi": 11, "N_inlier": 11, "refit": true}
{"timestamp": "15:44:50.312345", "frame": 126, "mu": [1.6712278341269367, 3.48254678355939, 1.4091078246258437], "Sigma": [[0.005227612207891087, -0.0004332725995761027, -0.009883850392698694], [-0.00043327259957610253, 0.001690053724311123, 0.0014957736009114683], [-0.009883850392698694, 0.0014957736009114683, 0.06646876004963106]], "chi2_level": 0.99, "chi2_df": 3, "chi2_threshold": 11.344866730144373, "N_raw": 14, "N_roi": 13, "N_inlier": 13, "refit": true}
{"timestamp": "15:44:50.368830", "frame": 127, "mu": [1.6233757612052928, 3.487364207632029, 1.2842576998942956], "Sigma": [[0.011035044553085216, -0.002765026009162577, -0.0013863850448320187], [-0.002765026009162577, 0.010265761269152109, 0.05423859644171103], [-0.0013863850448320191, 0.05423859644171103, 0.39134700426314944]], "chi2_level": 0.99, "chi2_df": 3, "chi2_threshold": 11.344866730144373, "N_raw": 20, "N_roi": 20, "N_inlier": 19, "refit": true}
{"timestamp": "15:44:50.477198", "frame": 129, "mu": [1.5290683999830845, 2.987856198494476, 0.4956912964866106], "Sigma": [[0.0067519508622267245, -0.032889680780466286, -0.05587200154393843], [-0.032889680780466286, 1.232506810251521, 1.6340190100940815], [-0.05587200154393843, 1.6340190100940815, 2.204398541697004]], "chi2_level": 0.99, "chi2_df": 3, "chi2_threshold": 11.344866730144373, "N_raw": 10, "N_roi": 7, "N_inlier": 7, "refit": true}
{"timestamp": "15:44:50.534980", "frame": 130, "mu": [1.5524359807867427, 3.660645876862328, 1.5167683995023187], "Sigma": [[0.012507116826503436, -0.0036118789507663947, -0.0043999843797406105], [-0.0036118789507663942, 0.003743031233272496, 0.0024730614874905474], [-0.0043999843797406105, 0.002473061487490548, 0.0036118152741813963]], "chi2_level": 0.99, "chi2_df": 3, "chi2_threshold": 11.344866730144373, "N_raw": 23, "N_roi": 23, "N_inlier": 21, "refit": true}
{"timestamp": "15:44:50.586642", "frame": 131, "mu": [1.726050625063777, 3.71681080375575, 1.1486704188208359], "Sigma": [[0.014595136467365497, 0.0022209354614427437, -0.015047365173430072], [0.0022209354614427437, 0.00910960452802599, -0.043205126775780395], [-0.015047365173430076, -0.043205126775780395, 0.213968983315019]], "chi2_level": 0.99, "chi2_df": 3, "chi2_threshold": 11.344866730144373, "N_raw": 7, "N_roi": 7, "N_inlier": 7, "refit": true}
{"timestamp": "15:44:50.696125", "frame": 133, "mu": [1.6345919600107035, 3.7514498355486046, 1.211660669319233], "Sigma": [[0.08855268624605836, 0.043623471913653164, -0.07894711714282306], [0.04362347191365317, 0.025823120022494102, -0.031454864493921195], [-0.07894711714282306, -0.031454864493921195, 0.08593874424647469]], "chi2_level": 0.99, "chi2_df": 3, "chi2_threshold": 11.344866730144373, "N_raw": 7, "N_roi": 7, "N_inlier": 7, "refit": true}
{"timestamp": "15:44:50.753955", "frame": 134, "mu": [1.5252480082514044, 3.751697216571723, 1.5211411568924624], "Sigma": [[0.014720494971528067, -0.005061540794472802, -0.007406099813009442], [-0.005061540794472802, 0.0034949567317388813, 0.0029641298014110636], [-0.007406099813009442, 0.0029641298014110636, 0.0071500974278916945]], "chi2_level": 0.99, "chi2_df": 3, "chi2_threshold": 11.344866730144373, "N_raw": 25, "N_roi": 23, "N_inlier": 22, "refit": true}
{"timestamp": "15:44:50.807083", "frame": 135, "mu": [1.3609892551243123, 3.1213123989241005, 1.2114717764489182], "Sigma": [[0.3829243449706128, 0.8645806060143518, -0.2726930971063918], [0.8645806060143517, 1.9530660047269504, -0.612047524167738], [-0.2726930971063918, -0.612047524167738, 0.20781929487091466]], "chi2_level": 0.99, "chi2_df": 3, "chi2_threshold": 11.344866730144373, "N_raw": 5, "N_roi": 5, "N_inlier": 5, "refit": true}
{"timestamp": "15:44:50.861557", "frame": 136, "mu": [1.624191242824231, 3.783738870765111, 0.679482741575197], "Sigma": [[0.005988549251569613, -0.004947975391368131, -0.013759867628430691], [-0.004947975391368131, 0.005574848000066569, 0.010456468330147652], [-0.01375986762843069, 0.010456468330147652, 0.24964508557917198]], "chi2_level": 0.99, "chi2_df": 3, "chi2_threshold": 11.344866730144373, "N_raw": 6, "N_roi": 6, "N_inlier": 6, "refit": true}
{"timestamp": "15:44:50.916064", "frame": 137, "mu": [1.6795122389884438, 3.79038790311649, 1.0028358629381984], "Sigma": [[0.004905572408450763, -4.438660238212139e-07, -0.01076085579429039], [-4.43866023821241e-07, 0.0004375928959812183, -0.0046466331513956806], [-0.01076085579429039, -0.0046466331513956806, 0.0795271084340671]], "chi2_level": 0.99, "chi2_df": 3, "chi2_threshold": 11.344866730144373, "N_raw": 6, "N_roi": 6, "N_inlier": 6, "refit": true}
{"timestamp": "15:44:50.974845", "frame": 138, "mu": [1.6943523360202593, 3.8364967488669515, 0.8611477458403476], "Sigma": [[0.009824350595021463, -0.00599856818413691, -0.011122426084464728], [-0.00599856818413691, 0.004105113522374084, 0.010724762239920416], [-0.011122426084464728, 0.010724762239920416, 0.08007215039039328]], "chi2_level": 0.99, "chi2_df": 3, "chi2_threshold": 11.344866730144373, "N_raw": 30, "N_roi": 28, "N_inlier": 27, "refit": true}
{"timestamp": "15:44:51.082290", "frame": 140, "mu": [1.674687452331095, 3.987566554679313, 1.0878764751448653], "Sigma": [[0.022511008607632124, -0.004406606386037079, -0.04119600769500621], [-0.004406606386037079, 0.002212540766566707, 0.010212760113130109], [-0.04119600769500622, 0.010212760113130109, 0.0816381088407728]], "chi2_level": 0.99, "chi2_df": 3, "chi2_threshold": 11.344866730144373, "N_raw": 7, "N_roi": 5, "N_inlier": 5, "refit": true}
{"timestamp": "15:44:51.191903", "frame": 142, "mu": [1.6892217351486107, 4.118774679794772, 0.004907331851183694], "Sigma": [[0.016200969958313938, 0.00909940791510946, -0.05232395255548668], [0.009099407915109462, 0.007301337771647245, -0.025584098548239106], [-0.052323952555486684, -0.025584098548239106, 0.17825361252816144]], "chi2_level": 0.99, "chi2_df": 3, "chi2_threshold": 11.344866730144373, "N_raw": 5, "N_roi": 5, "N_inlier": 5, "refit": true}
{"timestamp": "15:44:51.246437", "frame": 143, "mu": [1.6035107263994952, 4.095037570220801, 1.1280118310512603], "Sigma": [[0.0028775637719436623, 0.0010188525481758758, -0.013269756186292397], [0.001018852548175876, 0.0007592556346055736, -0.003881089871282303], [-0.013269756186292397, -0.003881089871282303, 0.06696760319340933]], "chi2_level": 0.99, "chi2_df": 3, "chi2_threshold": 11.344866730144373, "N_raw": 5, "N_roi": 5, "N_inlier": 5, "refit": true}
{"timestamp": "15:44:51.300966", "frame": 144, "mu": [1.6627377150826992, 4.141352244957255, 1.27392547491579], "Sigma": [[0.008665468518623569, 0.003913190425491672, -0.012638213232513216], [0.003913190425491672, 0.002496811894832816, -0.005504520227337987], [-0.012638213232513216, -0.005504520227337987, 0.019494155482723614]], "chi2_level": 0.99, "chi2_df": 3, "chi2_threshold": 11.344866730144373, "N_raw": 6, "N_roi": 6, "N_inlier": 6, "refit": true}
{"timestamp": "15:44:51.356382", "frame": 145, "mu": [1.6061945649907448, 4.202746856824312, 1.4020114770469347], "Sigma": [[0.009530887806720947, 0.0025251908328994066, -0.015343831605011182], [0.002525190832899406, 0.0011392274498613747, -0.003920465165547552], [-0.015343831605011182, -0.003920465165547552, 0.025999844320852325]], "chi2_level": 0.99, "chi2_df": 3, "chi2_threshold": 11.344866730144373, "N_raw": 7, "N_roi": 5, "N_inlier": 5, "refit": true}
{"timestamp": "15:44:51.411910", "frame": 146, "mu": [1.5915140978621414, 4.250982790580444, 1.5261905758520253], "Sigma": [[0.005743924052523724, 0.003102842246733038, -0.005441419955743021], [0.0031028422467330383, 0.0035805801430129416, -0.00242473084275984], [-0.0054414199557430215, -0.00242473084275984, 0.0059544876867539]], "chi2_level": 0.99, "chi2_df": 3, "chi2_threshold": 11.344866730144373, "N_raw": 5, "N_roi": 5, "N_inlier": 5, "refit": true}
{"timestamp": "15:44:51.466506", "frame": 147, "mu": [1.6303954769763418, 4.290036425142623, 1.2779506436289505], "Sigma": [[0.005607976945465616, 0.0028656420248478094, -0.0212170846760463], [0.0028656420248478094, 0.0018978609448608316, -0.0096275014131933], [-0.0212170846760463, -0.0096275014131933, 0.12491339410220692]], "chi2_level": 0.99, "chi2_df": 3, "chi2_threshold": 11.344866730144373, "N_raw": 7, "N_roi": 7, "N_inlier": 7, "refit": true}
{"timestamp": "15:44:51.520866", "frame": 148, "mu": [1.806565839330757, 4.219157723163105, 0.7898688865457832], "Sigma": [[0.005824472548685336, 0.00048666044065888924, -0.016797230827103795], [0.00048666044065888924, 0.0016625742899437138, 0.0003229024720726234], [-0.016797230827103795, 0.0003229024720726233, 0.06840950741571895]], "chi2_level": 0.99, "chi2_df": 3, "chi2_threshold": 11.344866730144373, "N_raw": 6, "N_roi": 6, "N_inlier": 6, "refit": true}
{"timestamp": "15:44:51.579539", "frame": 149, "mu": [1.7683184045379843, 4.272513482955418, 1.0482128220361546], "Sigma": [[0.014039509879337476, -0.005489259678512354, -0.009824507930147936], [-0.005489259678512354, 0.004495629878791681, 0.003373102285848283], [-0.009824507930147938, 0.0033731022858482836, 0.008687396102251159]], "chi2_level": 0.99, "chi2_df": 3, "chi2_threshold": 11.344866730144373, "N_raw": 26, "N_roi": 25, "N_inlier": 24, "refit": true}
{"timestamp": "15:44:51.634104", "frame": 150, "mu": [1.6410707952748909, 4.379439877322911, 0.45374710756486286], "Sigma": [[0.010314703218033683, 0.00028643166140754627, -0.010875185788513635], [0.0002864316614075462, 0.002283700265009145, -0.00032406040594275585], [-0.010875185788513639, -0.0003240604059427558, 0.013634707506977798]], "chi2_level": 0.99, "chi2_df": 3, "chi2_threshold": 11.344866730144373, "N_raw": 19, "N_roi": 17, "N_inlier": 17, "refit": true}
{"timestamp": "15:44:51.689190", "frame": 151, "mu": [1.6011626551054305, 4.366020245826033, 1.3332412416828152], "Sigma": [[0.009936665767799594, -0.0009552189555792668, -0.002167710791902215], [-0.0009552189555792668, 0.003938178142429392, 0.003154912238368633], [-0.002167710791902215, 0.003154912238368633, 0.006527315151181016]], "chi2_level": 0.99, "chi2_df": 3, "chi2_threshold": 11.344866730144373, "N_raw": 15, "N_roi": 13, "N_inlier": 12, "refit": true}
{"timestamp": "15:44:51.741373", "frame": 152, "mu": [1.6472097576664528, 4.39365674985074, 1.404965950713684], "Sigma": [[0.016286053525039788, -0.000911506541833371, -0.02846154965577583], [-0.0009115065418333708, 0.002856646961489886, 0.00859514643380402], [-0.02846154965577583, 0.00859514643380402, 0.07170221029370519]], "chi2_level": 0.99, "chi2_df": 3, "chi2_threshold": 11.344866730144373, "N_raw": 5, "N_roi": 5, "N_inlier": 5, "refit": true}
{"timestamp": "15:44:51.796165", "frame": 153, "mu": [1.7408991619979193, 4.3866913367861295, 1.0026800114186711], "Sigma": [[0.011768650653313222, -0.0009624622454257562, -0.030581085640527264], [-0.0009624622454257562, 0.0004943603888390326, 0.003859031495510073], [-0.030581085640527264, 0.003859031495510073, 0.09754137040167501]], "chi2_level": 0.99, "chi2_df": 3, "chi2_threshold": 11.344866730144373, "N_raw": 7, "N_roi": 7, "N_inlier": 7, "refit": true}
{"timestamp": "15:44:51.853059", "frame": 154, "mu": [1.7707630752462515, 4.438335231447441, 0.7609089361966713], "Sigma": [[0.01522823611684173, -0.005093442303800115, -0.026163040745158128], [-0.005093442303800115, 0.0033055369065893045, 0.00730072265761916], [-0.026163040745158128, 0.00730072265761916, 0.056413186711128264]], "chi2_level": 0.99, "chi2_df": 3, "chi2_threshold": 11.344866730144373, "N_raw": 18, "N_roi": 17, "N_inlier": 17, "refit": true}
{"timestamp": "15:44:51.907059", "frame": 155, "mu": [1.7446296852546754, 4.449300810339508, 1.0336771687615771], "Sigma": [[0.01437895276872647, -0.002737370895411703, -0.04829002531606146], [-0.002737370895411703, 0.0011497567112289065, 0.01095074600931235], [-0.04829002531606146, 0.01095074600931235, 0.1701818311663138]], "chi2_level": 0.99, "chi2_df": 3, "chi2_threshold": 11.344866730144373, "N_raw": 6, "N_roi": 6, "N_inlier": 6, "refit": true}
{"timestamp": "15:44:51.963129", "frame": 156, "mu": [1.598142293979262, 4.574967241065301, 1.4212822362648654], "Sigma": [[0.012665848099474328, -0.0017717558879166016, -0.019292222843088895], [-0.0017717558879166014, 0.00226783079813001, 0.0008947158427887661], [-0.0192922228430889, 0.0008947158427887662, 0.05199283037048316]], "chi2_level": 0.99, "chi2_df": 3, "chi2_threshold": 11.344866730144373, "N_raw": 17, "N_roi": 13, "N_inlier": 12, "refit": true}
{"timestamp": "15:44:52.291391", "frame": 162, "mu": [1.68636554177181, 4.784451275995806, 0.9728874940904632], "Sigma": [[0.0035072995490887807, -0.0029614183993245365, 0.007910022297997475], [-0.0029614183993245365, 0.004759165281500478, -0.0100739044805383], [0.007910022297997475, -0.0100739044805383, 0.027881021825886608]], "chi2_level": 0.99, "chi2_df": 3, "chi2_threshold": 11.344866730144373, "N_raw": 5, "N_roi": 5, "N_inlier": 5, "refit": true}
{"timestamp": "15:44:52.347188", "frame": 163, "mu": [1.5465554450996695, 4.827184915823037, 0.6580881121101014], "Sigma": [[0.00978806732553225, -0.0009773337302426354, -0.008115919690383727], [-0.0009773337302426354, 0.002331424389315696, -0.0007969286618755532], [-0.008115919690383727, -0.0007969286618755531, 0.009732996183277203]], "chi2_level": 0.99, "chi2_df": 3, "chi2_threshold": 11.344866730144373, "N_raw": 11, "N_roi": 11, "N_inlier": 10, "refit": true}
{"timestamp": "15:44:52.510755", "frame": 166, "mu": [1.6074562379945145, 4.89324405711374, 1.0269196968058705], "Sigma": [[0.0019006266455854094, 0.0010797190871609974, -0.009278563162485525], [0.0010797190871609974, 0.001137157922383198, -0.006414081595847524], [-0.009278563162485525, -0.006414081595847524, 0.06071854794097245]], "chi2_level": 0.99, "chi2_df": 3, "chi2_threshold": 11.344866730144373, "N_raw": 5, "N_roi": 5, "N_inlier": 5, "refit": true}
