{"timestamp": "15:26:09.472632", "frame": 12, "mu": [-2.447090858737969, 4.355437525180741, 0.9041857898235344], "Sigma": [[0.0016618579037779525, 0.0009810849613375702, -0.001592061895576393], [0.0009810849613375702, 0.005736491294758569, -0.006197764699630525], [-0.001592061895576393, -0.006197764699630524, 0.009112431521871214]], "chi2_level": 0.99, "chi2_df": 3, "chi2_threshold": 11.344866730144373, "N_raw": 66, "N_roi": 11, "N_inlier": 11, "refit": true}
{"timestamp": "15:26:09.580704", "frame": 14, "mu": [-2.439857808376846, 4.390728303351463, -0.05023620943789885], "Sigma": [[0.0021068277826840746, 0.0008930422337911742, 2.4000287591432626e-06], [0.0008930422337911742, 0.005472203056532349, -4.334658042413187e-05], [2.4000287591432626e-06, -4.334658042413187e-05, 1.3892368381441237e-06]], "chi2_level": 0.99, "chi2_df": 3, "chi2_threshold": 11.344866730144373, "N_raw": 52, "N_roi": 12, "N_inlier": 11, "refit": true}
{"timestamp": "15:26:09.635757", "frame": 15, "mu": [-2.4176807859930523, 4.185610424531788, 0.8128348243702015], "Sigma": [[0.0028598706181993884, 0.0006354540405068142, -0.0008983710925902061], [0.0006354540405068142, 0.002502231780168474, -0.0012188627461969348], [-0.0008983710925902061, -0.0012188627461969346, 0.0010104009571274544]], "chi2_level": 0.99, "chi2_df": 3, "chi2_threshold": 11.344866730144373, "N_raw": 44, "N_roi": 12, "N_inlier": 11, "refit": true}
{"timestamp": "15:26:09.744410", "frame": 17, "mu": [-2.354608818552466, 4.283510229015746, 0.9956072496867778], "Sigma": [[0.009272546427128272, 0.0051006679532754, -0.0015834271466675853], [0.0051006679532754, 0.005411432375889346, -0.0022387219952641644], [-0.0015834271466675853, -0.0022387219952641644, 0.0012400590423849614]], "chi2_level": 0.99, "chi2_df": 3, "chi2_threshold": 11.344866730144373, "N_raw": 44, "N_roi": 18, "N_inlier": 18, "refit": true}
{"timestamp": "15:26:09.799110", "frame": 18, "mu": [-2.3101670676148256, 4.209741219356282, 0.9246651583436309], "Sigma": [[0.01585175313264263, 0.0037054271848382973, -0.009934625766825701], [0.0037054271848382973, 0.005376136573846461, -0.0017198357404963453], [-0.009934625766825701, -0.0017198357404963453, 0.007648966667049066]], "chi2_level": 0.99, "chi2_df": 3, "chi2_threshold": 11.344866730144373, "N_raw": 43, "N_roi": 27, "N_inlier": 26, "refit": true}
{"timestamp": "15:26:09.853548", "frame": 19, "mu": [-2.297657831385905, 4.172025335335602, 0.9019821244561584], "Sigma": [[0.015344322441238087, 0.0031808651778478174, -0.009287359315228377], [0.003180865177847817, 0.003391371416058748, -0.0008824770416300323], [-0.009287359315228377, -0.0008824770416300323, 0.007519404462370007]], "chi2_level": 0.99, "chi2_df": 3, "chi2_threshold": 11.344866730144373, "N_raw": 24, "N_roi": 19, "N_inlier": 19, "refit": true}
{"timestamp": "15:26:09.908379", "frame": 20, "mu": [-2.2171222923673746, 4.145103630450711, 0.8853984710932252], "Sigma": [[0.024123165036567955, 0.007470417121404566, -0.018531172942207345], [0.007470417121404566, 0.004485605747869641, -0.005623200557718738], [-0.018531172942207345, -0.005623200557718738, 0.016307218417840857]], "chi2_level": 0.99, "chi2_df": 3, "chi2_threshold": 11.344866730144373, "N_raw": 26, "N_roi": 26, "N_inlier": 25, "refit": true}
{"timestamp": "15:26:09.963593", "frame": 21, "mu": [-2.26742231622419, 4.161880083641615, 1.0566180193008912], "Sigma": [[0.020788179529471644, 0.007747579063341715, -0.008840346793145607], [0.007747579063341716, 0.004473165973635016, -0.004384380026392964], [-0.008840346793145607, -0.004384380026392964, 0.006078773600558667]], "chi2_level": 0.99, "chi2_df": 3, "chi2_threshold": 11.344866730144373, "N_raw": 26, "N_roi": 24, "N_inlier": 23, "refit": true}
{"timestamp": "15:26:10.019290", "frame": 22, "mu": [-2.0635323380423305, 4.179460046464424, 0.9852925243634505], "Sigma": [[0.020574461203757163, 0.007607989945592787, -0.010353484124977353], [0.007607989945592786, 0.005356028179359745, -0.0027378156592454015], [-0.010353484124977353, -0.0027378156592454015, 0.007553965884599982]], "chi2_level": 0.99, "chi2_df": 3, "chi2_threshold": 11.344866730144373, "N_raw": 30, "N_roi": 25, "N_inlier": 24, "refit": true}
{"timestamp": "15:26:10.074739", "frame": 23, "mu": [-2.1119882994235186, 4.208182971621599, 1.2162743010541894], "Sigma": [[0.022081225804014427, 0.009777381087902777, -0.0058886759861182265], [0.009777381087902775, 0.006420037743958496, -0.0025870974323803056], [-0.0058886759861182265, -0.002587097432380306, 0.0023029563963199435]], "chi2_level": 0.99, "chi2_df": 3, "chi2_threshold": 11.344866730144373, "N_raw": 30, "N_roi": 27, "N_inlier": 24, "refit": true}
{"timestamp": "15:26:10.128516", "frame": 24, "mu": [-2.058906844516575, 4.101159860563778, 0.9567839478302806], "Sigma": [[0.020850863454546755, 0.006463673234126218, -0.012159604536959922], [0.006463673234126219, 0.003423963139362152, -0.004696869633560067], [-0.012159604536959922, -0.004696869633560067, 0.009630727659594199]], "chi2_level": 0.99, "chi2_df": 3, "chi2_threshold": 11.344866730144373, "N_raw": 25, "N_roi": 25, "N_inlier": 24, "refit": true}
{"timestamp": "15:26:10.183289", "frame": 25, "mu": [-1.9626380798675036, 4.281297816647844, 1.0515680765189703], "Sigma": [[0.025338398168832384, 0.013649482021659002, -0.05658044804948918], [0.013649482021659002, 0.009845883377261196, -0.0330170757868916], [-0.05658044804948918, -0.0330170757868916, 0.15003132741798778]], "chi2_level": 0.99, "chi2_df": 3, "chi2_threshold": 11.344866730144373, "N_raw": 20, "N_roi": 17, "N_inlier": 17, "refit": true}
{"timestamp": "15:26:10.238666", "frame": 26, "mu": [-1.9587570697784134, 4.22053414401208, 1.0795487920929494], "Sigma": [[0.022973536180803455, 0.009144830436714007, -0.046422551270738646], [0.009144830436714007, 0.007494439571936257, -0.022136401922015575], [-0.04642255127073864, -0.022136401922015575, 0.11450632928470968]], "chi2_level": 0.99, "chi2_df": 3, "chi2_threshold": 11.344866730144373, "N_raw": 20, "N_roi": 18, "N_inlier": 18, "refit": true}
{"timestamp": "15:26:10.295309", "frame": 27, "mu": [-1.8113244834358322, 4.2052507388260905, 1.0659647364732692], "Sigma": [[0.026390690633970603, 0.007710240512073066, -0.012967151081815748], [0.007710240512073066, 0.006740140338517098, -0.0025778822201660634], [-0.01296715108181575, -0.0025778822201660634, 0.007812079935427361]], "chi2_level": 0.99, "chi2_df": 3, "chi2_threshold": 11.344866730144373, "N_raw": 41, "N_roi": 39, "N_inlier": 38, "refit": true}
{"timestamp": "15:26:10.350416", "frame": 28, "mu": [-1.7512917940194672, 4.223693080727239, 1.0311132447484308], "Sigma": [[0.01789186685325429, 0.004544564115380862, -0.008643805736712947], [0.004544564115380861, 0.00448476482656653, -0.0034966898737404228], [-0.008643805736712947, -0.0034966898737404228, 0.00658735005601025]], "chi2_level": 0.99, "chi2_df": 3, "chi2_threshold": 11.344866730144373, "N_raw": 33, "N_roi": 31, "N_inlier": 30, "refit": true}
{"timestamp": "15:26:10.406479", "frame": 29, "mu": [-1.8345398616084312, 4.213618120384135, 1.1548974620134644], "Sigma": [[0.02249239424924542, 0.0065417068911604506, -0.013531636882078046], [0.0065417068911604506, 0.004250482880352781, -0.007472608106909105], [-0.013531636882078047, -0.0074726081069091035, 0.016055708111753154]], "chi2_level": 0.99, "chi2_df": 3, "chi2_threshold": 11.344866730144373, "N_raw": 36, "N_roi": 35, "N_inlier": 35, "refit": true}
{"timestamp": "15:26:10.462801", "frame": 30, "mu": [-1.6881858153438334, 4.269459336529126, 1.1241225533651307], "Sigma": [[0.032764882138575285, 0.01001607114538455, -0.014506630242335526], [0.01001607114538455, 0.005960692644727609, -0.00644168621941025], [-0.014506630242335526, -0.006441686219410249, 0.00980394319628121]], "chi2_level": 0.99, "chi2_df": 3, "chi2_threshold": 11.344866730144373, "N_raw": 48, "N_roi": 45, "N_inlier": 42, "refit": true}
{"timestamp": "15:26:10.512228", "frame": 31, "mu": [-1.6019923355733625, 4.26495561121838, 0.7622540430622232], "Sigma": [[0.012362416665380177, 0.008048298018503505, -0.051388667076198394], [0.008048298018503505, 0.005752679546003108, -0.030209031390005463], [-0.051388667076198394, -0.03020903139000546, 0.2657088008292598]], "chi2_level": 0.99, "chi2_df": 3, "chi2_threshold": 11.344866730144373, "N_raw": 10, "N_roi": 6, "N_inlier": 6, "refit": true}
{"timestamp": "15:26:10.572287", "frame": 32, "mu": [-1.5169738058731141, 4.2443351873001305, -0.8679558306848721], "Sigma": [[0.026700237993571276, 0.006630236034769821, -0.010725755257100938], [0.006630236034769821, 0.007214789834604675, -0.002066780915269414], [-0.010725755257100938, -0.002066780915269414, 0.006338188237856379]], "chi2_level": 0.99, "chi2_df": 3, "chi2_threshold": 11.344866730144373, "N_raw": 52, "N_roi": 47, "N_inlier": 47, "refit": true}
{"timestamp": "15:26:10.626690", "frame": 33, "mu": [-1.4662325521656425, 4.192435845144177, 0.928127780930074], "Sigma": [[0.025994482640481886, 0.0030276264023039678, -0.01279332380368986], [0.003027626402303968, 0.0047970180179759065, -0.0022421566302846295], [-0.01279332380368986, -0.002242156630284629, 0.007903431710641947]], "chi2_level": 0.99, "chi2_df": 3, "chi2_threshold": 11.344866730144373, "N_raw": 48, "N_roi": 48, "N_inlier": 46, "refit": true}
{"timestamp": "15:26:10.678359", "frame": 34, "mu": [-1.350295295020822, 4.2973316919647875, 0.8679278285794155], "Sigma": [[0.014864661062174182, 0.0020966581053734386, -0.008574001239300045], [0.0020966581053734378, 0.0015281500437739324, -0.002127110726902519], [-0.008574001239300045, -0.002127110726902519, 0.009166065969374899]], "chi2_level": 0.99, "chi2_df": 3, "chi2_threshold": 11.344866730144373, "N_raw": 24, "N_roi": 24, "N_inlier": 22, "refit": true}
{"timestamp": "15:26:10.733105", "frame": 35, "mu": [-1.3250769868875176, 4.246672390376975, 0.6477737901149955], "Sigma": [[0.019929804934684228, 0.000848628891422813, -0.018625179322977168], [0.0008486288914228131, 0.007815690862772973, -0.01921783939213609], [-0.018625179322977168, -0.01921783939213609, 0.11626096969615836]], "chi2_level": 0.99, "chi2_df": 3, "chi2_threshold": 11.344866730144373, "N_raw": 13, "N_roi": 6, "N_inlier": 6, "refit": true}
{"timestamp": "15:26:10.793009", "frame": 36, "mu": [-1.2086099817801026, 4.222743071335386, 1.04257495714263], "Sigma": [[0.023838035092210143, 0.004125154804507062, -0.011676399817907085], [0.004125154804507062, 0.007392839775989968, 0.0036464095114990993], [-0.011676399817907085, 0.0036464095114990985, 0.011619221154990894]], "chi2_level": 0.99, "chi2_df": 3, "chi2_threshold": 11.344866730144373, "N_raw": 49, "N_roi": 47, "N_inlier": 44, "refit": true}
{"timestamp": "15:26:10.848494", "frame": 37, "mu": [-1.1380915311255584, 4.3615525921938705, 0.011984555193701448], "Sigma": [[0.025250239351972396, 0.0062275594198826795, -0.010498961160661017], [0.0062275594198826795, 0.006940963661116674, -0.004633488679468124], [-0.010498961160661019, -0.004633488679468124, 0.006352139577971222]], "chi2_level": 0.99, "chi2_df": 3, "chi2_threshold": 11.344866730144373, "N_raw": 56, "N_roi": 51, "N_inlier": 51, "refit": true}
{"timestamp": "15:26:10.907424", "frame": 38, "mu": [-1.0950674541954073, 4.223135359671479, 0.9854963292191844], "Sigma": [[0.032454063511975315, 0.0030253895885984134, -0.016540795967689675], [0.003025389588598413, 0.006973077343450629, -0.005675124703311217], [-0.016540795967689675, -0.0056751247033112176, 0.012775352029242997]], "chi2_level": 0.99, "chi2_df": 3, "chi2_threshold": 11.344866730144373, "N_raw": 78, "N_roi": 73, "N_inlier": 73, "refit": true}
{"timestamp": "15:26:10.961700", "frame": 39, "mu": [-0.9539202219463094, 4.23163315200104, 0.8995519930721617], "Sigma": [[0.03077190598964834, 0.00545617331502986, -0.013936137311864136], [0.00545617331502986, 0.007335887259559884, -0.0057650905312449175], [-0.013936137311864136, -0.0057650905312449175, 0.009935373176716592]], "chi2_level": 0.99, "chi2_df": 3, "chi2_threshold": 11.344866730144373, "N_raw": 74, "N_roi": 69, "N_inlier": 67, "refit": true}
{"timestamp": "15:26:11.013765", "frame": 40, "mu": [-0.8977339596257626, 4.251669543779012, 0.9817410940283169], "Sigma": [[0.02548609965482041, 0.004200330931583639, -0.0037389599554338844], [0.004200330931583639, 0.007675165676805947, 0.00029653697903517554], [-0.003738959955433885, 0.00029653697903517565, 0.01575081624658294]], "chi2_level": 0.99, "chi2_df": 3, "chi2_threshold": 11.344866730144373, "N_raw": 57, "N_roi": 53, "N_inlier": 50, "refit": true}
{"timestamp": "15:26:11.067967", "frame": 41, "mu": [-0.8488806935726841, 4.14717616383262, 0.9467410272737182], "Sigma": [[0.03019570982599113, 0.003569611982318626, -0.011963956525698176], [0.003569611982318626, 0.0037178156862893537, -0.001562672217450526], [-0.011963956525698176, -0.0015626722174505259, 0.005692782715697921]], "chi2_level": 0.99, "chi2_df": 3, "chi2_threshold": 11.344866730144373, "N_raw": 49, "N_roi": 45, "N_inlier": 42, "refit": true}
{"timestamp": "15:26:11.123597", "frame": 42, "mu": [-0.8087549255699212, 4.192092145478917, 1.0334494671651602], "Sigma": [[0.03259286895210801, 0.0051066067946265925, -0.008516518470416895], [0.0051066067946265925, 0.0059234420892880085, -0.0014097303870805235], [-0.008516518470416895, -0.0014097303870805231, 0.0039098133277981235]], "chi2_level": 0.99, "chi2_df": 3, "chi2_threshold": 11.344866730144373, "N_raw": 59, "N_roi": 57, "N_inlier": 53, "refit": true}
{"timestamp": "15:26:11.177235", "frame": 43, "mu": [-0.782191600106806, 4.2806283106163745, 0.217131483764282], "Sigma": [[0.029925206270942868, 0.0047844162296372715, -0.012177499204971964], [0.004784416229637271, 0.003983716724225786, -0.0011640525993254047], [-0.012177499204971964, -0.001164052599325405, 0.005991782998245578]], "chi2_level": 0.99, "chi2_df": 3, "chi2_threshold": 11.344866730144373, "N_raw": 44, "N_roi": 42, "N_inlier": 41, "refit": true}
{"timestamp": "15:26:11.229316", "frame": 44, "mu": [-0.6668084764708765, 4.228624928794831, 1.1248894632362259], "Sigma": [[0.01676141134909596, 0.0008554053006401191, -0.0063193653345288816], [0.0008554053006401185, 0.003870126060737433, 0.0013808241610647634], [-0.0063193653345288816, 0.0013808241610647634, 0.0037676330336552555]], "chi2_level": 0.99, "chi2_df": 3, "chi2_threshold": 11.344866730144373, "N_raw": 32, "N_roi": 28, "N_inlier": 26, "refit": true}
{"timestamp": "15:26:11.283288", "frame": 45, "mu": [-0.7224586664765583, 4.168425367481468, 1.1395088044113117], "Sigma": [[0.023829451190086004, 0.00671371088960945, -0.0069100939198230606], [0.00671371088960945, 0.005298301619044395, -0.0007594069737636084], [-0.006910093919823061, -0.0007594069737636084, 0.0034145832608181836]], "chi2_level": 0.99, "chi2_df": 3, "chi2_threshold": 11.344866730144373, "N_raw": 23, "N_roi": 17, "N_inlier": 15, "refit": true}
{"timestamp": "15:26:11.343988", "frame": 46, "mu": [-0.5888287409815514, 4.333641377181196, 0.3546877780717982], "Sigma": [[0.026984535193541034, 0.004681125909129224, -0.009368471389663367], [0.004681125909129224, 0.005254579664094628, 0.0010454512999813319], [-0.009368471389663367, 0.0010454512999813319, 0.005996519312134872]], "chi2_level": 0.99, "chi2_df": 3, "chi2_threshold": 11.344866730144373, "N_raw": 55, "N_roi": 52, "N_inlier": 47, "refit": true}
{"timestamp": "15:26:11.451320", "frame": 48, "mu": [-0.46467727804113124, 4.272909820705924, 1.283300013016541], "Sigma": [[0.023134738572451647, 0.002457364446920561, -0.006621561843468586], [0.002457364446920561, 0.004647533687081141, 0.002459800493069014], [-0.006621561843468586, 0.002459800493069014, 0.005318045700624749]], "chi2_level": 0.99, "chi2_df": 3, "chi2_threshold": 11.344866730144373, "N_raw": 42, "N_roi": 36, "N_inlier": 35, "refit": true}
{"timestamp": "15:26:11.504245", "frame": 49, "mu": [-0.4468137735073841, 4.26284978558843, 1.1960578258490913], "Sigma": [[0.011901568697697694, -0.0001487568053813948, -0.004048731373411732], [-0.0001487568053813947, 0.0019189538735671613, -0.000396778512142105], [-0.004048731373411732, -0.000396778512142105, 0.0026086255477319195]], "chi2_level": 0.99, "chi2_df": 3, "chi2_threshold": 11.344866730144373, "N_raw": 27, "N_roi": 14, "N_inlier": 13, "refit": true}
{"timestamp": "15:26:11.613336", "frame": 51, "mu": [-0.26477040419806525, 4.325689855640365, 0.6690237838419041], "Sigma": [[0.0035702997530788587, 0.003938590609659869, -0.017003835045699807], [0.003938590609659869, 0.009327276468978954, -0.03627557996303696], [-0.017003835045699807, -0.03627557996303696, 0.29147547811047364]], "chi2_level": 0.99, "chi2_df": 3, "chi2_threshold": 11.344866730144373, "N_raw": 14, "N_roi": 10, "N_inlier": 10, "refit": true}
{"timestamp": "15:26:11.721318", "frame": 53, "mu": [-0.15057472855890858, 4.350578747092454, 0.7522157557557205], "Sigma": [[0.0005820790031289631, 0.0012223842448693823, -0.004466230174186131], [0.0012223842448693821, 0.00787255702882692, -0.028653757648119005], [-0.004466230174186131, -0.028653757648119005, 0.11408834835247139]], "chi2_level": 0.99, "chi2_df": 3, "chi2_threshold": 11.344866730144373, "N_raw": 11, "N_roi": 8, "N_inlier": 8, "refit": true}
{"timestamp": "15:26:11.781555", "frame": 54, "mu": [-0.09557476720118215, 4.2896394243504385, 1.24776664857206], "Sigma": [[0.017958038571827567, -0.0002876160608902481, -0.009184775990388944], [-0.0002876160608902481, 0.002652519959826627, -0.00048701695992121283], [-0.009184775990388944, -0.0004870169599212129, 0.005777029907600504]], "chi2_level": 0.99, "chi2_df": 3, "chi2_threshold": 11.344866730144373, "N_raw": 41, "N_roi": 37, "N_inlier": 33, "refit": true}
{"timestamp": "15:26:11.831490", "frame": 55, "mu": [0.025311414493940698, 4.3416642604806714, 0.7925492642908416], "Sigma": [[0.01675973141902486, 0.006917492076776905, -0.06172261740181445], [0.006917492076776906, 0.011042636652107777, -0.040189936709460264], [-0.06172261740181445, -0.040189936709460264, 0.2643506438390084]], "chi2_level": 0.99, "chi2_df": 3, "chi2_threshold": 11.344866730144373, "N_raw": 9, "N_roi": 9, "N_inlier": 8, "refit": true}
{"timestamp": "15:26:11.888167", "frame": 56, "mu": [0.045845084217663375, 4.302461407657478, 0.9809718864441103], "Sigma": [[0.01731801461670082, 0.006678878192300172, -0.05330681606501085], [0.0066788781923001715, 0.007200317754163597, -0.02902896433717653], [-0.05330681606501085, -0.029028964337176534, 0.19982170940960547]], "chi2_level": 0.99, "chi2_df": 3, "chi2_threshold": 11.344866730144373, "N_raw": 20, "N_roi": 13, "N_inlier": 12, "refit": true}
{"timestamp": "15:26:11.944351", "frame": 57, "mu": [0.05516905641360542, 4.275757556398916, 1.3451387867510498], "Sigma": [[0.01887405384673365, -0.0021104343973985503, -0.009087611143236918], [-0.0021104343973985503, 0.0030082668627147333, 0.005486567997902218], [-0.009087611143236918, 0.005486567997902218, 0.012968232253973783]], "chi2_level": 0.99, "chi2_df": 3, "chi2_threshold": 11.344866730144373, "N_raw": 30, "N_roi": 27, "N_inlier": 25, "refit": true}
{"timestamp": "15:26:12.001957", "frame": 58, "mu": [0.15014165260510118, 4.330585013693603, 1.5201635398547233], "Sigma": [[0.019192392273405447, -0.0006412988271722335, -0.008475527426195513], [-0.0006412988271722328, 0.0038629680243516544, 0.002940450994753641], [-0.008475527426195515, 0.0029404509947536413, 0.007835950002981448]], "chi2_level": 0.99, "chi2_df": 3, "chi2_threshold": 11.344866730144373, "N_raw": 42, "N_roi": 38, "N_inlier": 36, "refit": true}
{"timestamp": "15:26:12.059716", "frame": 59, "mu": [0.14934197214745631, 4.373057779760516, 1.028527078962289], "Sigma": [[0.028979888840045702, -0.009470742028941787, 0.04141234070283921], [-0.009470742028941789, 0.010300923708464573, -0.03955008879993016], [0.04141234070283921, -0.03955008879993016, 0.2571515194526124]], "chi2_level": 0.99, "chi2_df": 3, "chi2_threshold": 11.344866730144373, "N_raw": 65, "N_roi": 60, "N_inlier": 60, "refit": true}
{"timestamp": "15:26:12.111797", "frame": 60, "mu": [0.20501885694381447, 4.326896895840271, 1.1597942957759966], "Sigma": [[0.024053788706460574, -0.009206629640841547, 0.03812637147098282], [-0.009206629640841547, 0.011012587142161261, -0.04217946231711667], [0.03812637147098282, -0.04217946231711667, 0.24990031564945]], "chi2_level": 0.99, "chi2_df": 3, "chi2_threshold": 11.344866730144373, "N_raw": 40, "N_roi": 37, "N_inlier": 37, "refit": true}
{"timestamp": "15:26:12.164577", "frame": 61, "mu": [0.30696274074180896, 4.241168433703674, 1.2561069213918614], "Sigma": [[0.002343421896663085, -0.00014945357667573832, -0.0006803357708351845], [-0.00014945357667573832, 0.0011802730308604435, -0.0036620311400679807], [-0.0006803357708351844, -0.0036620311400679807, 0.01569941480388818]], "chi2_level": 0.99, "chi2_df": 3, "chi2_threshold": 11.344866730144373, "N_raw": 26, "N_roi": 7, "N_inlier": 7, "refit": true}
{"timestamp": "15:26:12.221896", "frame": 62, "mu": [0.37015155801694044, 4.425821579892735, 0.3856492152061137], "Sigma": [[0.007850308198256321, -0.0030110901862886465, 0.002148436572261077], [-0.0030110901862886474, 0.014890576585947873, -0.026078441980167722], [0.002148436572261077, -0.026078441980167722, 0.05132353590034919]], "chi2_level": 0.99, "chi2_df": 3, "chi2_threshold": 11.344866730144373, "N_raw": 52, "N_roi": 12, "N_inlier": 12, "refit": true}
{"timestamp": "15:26:12.273715", "frame": 63, "mu": [0.4188714197946778, 4.258102392228008, 1.1796800346061167], "Sigma": [[0.008122173626877678, -0.0015599982336721387, -0.0025409459207601723], [-0.0015599982336721387, 0.008388467377270382, -0.024705557581635076], [-0.0025409459207601714, -0.02470555758163508, 0.08489149181490563]], "chi2_level": 0.99, "chi2_df": 3, "chi2_threshold": 11.344866730144373, "N_raw": 23, "N_roi": 14, "N_inlier": 14, "refit": true}
{"timestamp": "15:26:12.328096", "frame": 64, "mu": [0.43331696552153076, 4.277774227429438, 0.5355571196655576], "Sigma": [[0.013911231153940959, 0.0004140301066140198, -0.008021007442363929], [0.0004140301066140197, 0.0028163867163450073, -0.00046421811738158944], [-0.008021007442363929, -0.0004642181173815892, 0.006261063999224443]], "chi2_level": 0.99, "chi2_df": 3, "chi2_threshold": 11.344866730144373, "N_raw": 24, "N_roi": 23, "N_inlier": 23, "refit": true}
{"timestamp": "15:26:12.381506", "frame": 65, "mu": [0.4860221545138153, 4.222395132348402, 1.357254518988499], "Sigma": [[0.007648895159345222, -0.0007698698204170532, 0.00021620818600767979], [-0.000769869820417053, 0.0008704139181635879, -0.0001435986168279229], [0.00021620818600767979, -0.00014359861682792288, 2.5867823958590405e-05]], "chi2_level": 0.99, "chi2_df": 3, "chi2_threshold": 11.344866730144373, "N_raw": 10, "N_roi": 10, "N_inlier": 10, "refit": true}
{"timestamp": "15:26:12.439686", "frame": 66, "mu": [0.5520113188583343, 4.383899492263256, 1.469936223239785], "Sigma": [[0.014185630963179825, -0.0020408740627223757, -0.004214344254152742], [-0.0020408740627223757, 0.0018723232183936059, -0.0024094812149547365], [-0.004214344254152742, -0.0024094812149547365, 0.01081165980837329]], "chi2_level": 0.99, "chi2_df": 3, "chi2_threshold": 11.344866730144373, "N_raw": 36, "N_roi": 23, "N_inlier": 23, "refit": true}
{"timestamp": "15:26:12.549442", "frame": 68, "mu": [0.6023955475454905, 4.325620078435711, 0.5486762681879639], "Sigma": [[0.015345243224378517, -9.746123970127998e-05, -0.008002438695694744], [-9.746123970127998e-05, 0.0030242202906865436, -0.001580401882047892], [-0.008002438695694744, -0.0015804018820478917, 0.006496897055094348]], "chi2_level": 0.99, "chi2_df": 3, "chi2_threshold": 11.344866730144373, "N_raw": 31, "N_roi": 27, "N_inlier": 25, "refit": true}
{"timestamp": "15:26:12.602206", "frame": 69, "mu": [0.6207293986980038, 3.777572563309602, 1.3017489061781735], "Sigma": [[0.052325833604698564, 0.3249692234395057, -0.0863259659532922], [0.3249692234395057, 2.1307446292473076, -0.4960102343067596], [-0.0863259659532922, -0.4960102343067596, 0.17848951378347813]], "chi2_level": 0.99, "chi2_df": 3, "chi2_threshold": 11.344866730144373, "N_raw": 9, "N_roi": 5, "N_inlier": 5, "refit": true}
{"timestamp": "15:26:12.656648", "frame": 70, "mu": [0.8092119939244748, 4.462858991173162, 0.08221022629572293], "Sigma": [[0.0036434248591042293, 0.00334214712322127, -0.013976098814150616], [0.0033421471232212706, 0.00797884673372223, -0.03255075990301555], [-0.013976098814150616, -0.03255075990301555, 0.13381114667076907]], "chi2_level": 0.99, "chi2_df": 3, "chi2_threshold": 11.344866730144373, "N_raw": 8, "N_roi": 5, "N_inlier": 5, "refit": true}
{"timestamp": "15:26:12.711529", "frame": 71, "mu": [0.8181261503565836, 4.340104961195309, 1.198743376151147], "Sigma": [[0.002308391597221754, -0.00018307092028284648, 0.016552797230347478], [-0.00018307092028284648, 0.0037431961082503118, -0.006957981245950489], [0.016552797230347478, -0.006957981245950489, 0.12729517387675127]], "chi2_level": 0.99, "chi2_df": 3, "chi2_threshold": 11.344866730144373, "N_raw": 11, "N_roi": 5, "N_inlier": 5, "refit": true}
{"timestamp": "15:26:12.766235", "frame": 72, "mu": [0.8900353268414887, 4.364970077926213, 0.9311974939084973], "Sigma": [[0.007481644772383047, -0.004210535943832521, 0.02500390153597572], [-0.004210535943832521, 0.006456286875343273, -0.021724023842965505], [0.02500390153597572, -0.021724023842965505, 0.3296831242177077]], "chi2_level": 0.99, "chi2_df": 3, "chi2_threshold": 11.344866730144373, "N_raw": 8, "N_roi": 8, "N_inlier": 8, "refit": true}
{"timestamp": "15:26:12.822119", "frame": 73, "mu": [1.008557852374856, 4.32342081789058, 0.9560534505304964], "Sigma": [[0.005622027132144435, 0.00022020237402132071, 0.0026272441698044864], [0.00022020237402132071, 0.005807378255978165, -0.016936845739028532], [0.002627244169804486, -0.016936845739028532, 0.08033078412521893]], "chi2_level": 0.99, "chi2_df": 3, "chi2_threshold": 11.344866730144373, "N_raw": 14, "N_roi": 9, "N_inlier": 9, "refit": true}
{"timestamp": "15:26:12.876887", "frame": 74, "mu": [1.0581506564289322, 4.603021388242071, -0.24302136331323435], "Sigma": [[0.002699402146318526, 0.006475941858658362, -0.02353911493560629], [0.006475941858658361, 0.015881637894705026, -0.055163280257817075], [-0.02353911493560629, -0.055163280257817075, 0.2107075158401766]], "chi2_level": 0.99, "chi2_df": 3, "chi2_threshold": 11.344866730144373, "N_raw": 7, "N_roi": 5, "N_inlier": 5, "refit": true}
{"timestamp": "15:26:13.042476", "frame": 77, "mu": [1.1797774997885315, 4.247211884459536, 1.2032799435580468], "Sigma": [[0.002638115015561802, 0.0031241737707584307, -0.0025619954215780685], [0.0031241737707584307, 0.004407225554082457, -0.0011923324958225503], [-0.002561995421578068, -0.0011923324958225503, 0.012500973086129486]], "chi2_level": 0.99, "chi2_df": 3, "chi2_threshold": 11.344866730144373, "N_raw": 11, "N_roi": 5, "N_inlier": 5, "refit": true}
{"timestamp": "15:26:13.154147", "frame": 79, "mu": [1.279648807742203, 4.213176616783574, 1.1277853548727252], "Sigma": [[0.015298025496300301, -0.00697218466605588, -0.006576478529903442], [-0.006972184666055882, 0.0060365416725324484, 0.0013494022793409549], [-0.0065764785299034425, 0.0013494022793409549, 0.005904817931639506]], "chi2_level": 0.99, "chi2_df": 3, "chi2_threshold": 11.344866730144373, "N_raw": 33, "N_roi": 30, "N_inlier": 30, "refit": true}
{"timestamp": "15:26:13.206211", "frame": 80, "mu": [1.368722540486542, 4.16893326072737, 1.1162447773566775], "Sigma": [[0.008130043464870597, -0.00236473325120136, -0.004043389451808994], [-0.00236473325120136, 0.004151226551663139, 0.0044957147202084775], [-0.004043389451808994, 0.0044957147202084775, 0.006100496477141777]], "chi2_level": 0.99, "chi2_df": 3, "chi2_threshold": 11.344866730144373, "N_raw": 10, "N_roi": 10, "N_inlier": 10, "refit": true}
{"timestamp": "15:26:13.263174", "frame": 81, "mu": [1.3872255053195266, 4.16248891302675, 1.2390089387917596], "Sigma": [[0.01388564365895528, -0.0032185540896722794, -0.006614563025060297], [-0.0032185540896722794, 0.0018661270915241673, 0.0003512977728578005], [-0.006614563025060297, 0.0003512977728578005, 0.008114761915346469]], "chi2_level": 0.99, "chi2_df": 3, "chi2_threshold": 11.344866730144373, "N_raw": 22, "N_roi": 17, "N_inlier": 17, "refit": true}
{"timestamp": "15:26:13.321454", "frame": 82, "mu": [1.4333197937037074, 4.064664609437571, 0.8792708963804531], "Sigma": [[0.02160283313659246, -0.010058983799385, -0.010484456072471351], [-0.010058983799385001, 0.01110569007203656, 0.00785665949549854], [-0.010484456072471351, 0.00785665949549854, 0.008187366420969166]], "chi2_level": 0.99, "chi2_df": 3, "chi2_threshold": 11.344866730144373, "N_raw": 44, "N_roi": 40, "N_inlier": 40, "refit": true}
{"timestamp": "15:26:13.373433", "frame": 83, "mu": [1.4270346953964, 4.084315229898507, 0.9286626417410788], "Sigma": [[0.01888239093137151, -0.008233329243813422, -0.008744673007699958], [-0.008233329243813422, 0.0055004704274306615, 0.0038265189941792442], [-0.008744673007699958, 0.0038265189941792434, 0.0054478374458009]], "chi2_level": 0.99, "chi2_df": 3, "chi2_threshold": 11.344866730144373, "N_raw": 26, "N_roi": 23, "N_inlier": 22, "refit": true}
{"timestamp": "15:26:13.428349", "frame": 84, "mu": [1.480010864192396, 4.006146538639459, 1.0016184679229705], "Sigma": [[0.021892706469208434, -0.00896013252473869, -0.007402409895541501], [-0.00896013252473869, 0.005837338266412456, 0.003168852482873354], [-0.007402409895541501, 0.003168852482873354, 0.004538621742706385]], "chi2_level": 0.99, "chi2_df": 3, "chi2_threshold": 11.344866730144373, "N_raw": 26, "N_roi": 26, "N_inlier": 26, "refit": true}
{"timestamp": "15:26:13.485708", "frame": 85, "mu": [1.5620356291843818, 3.950725453814518, 0.8959506727015006], "Sigma": [[0.009914603576448806, -0.003560339707326441, 0.0009532332172238296], [-0.003560339707326441, 0.0032837431692847047, -0.0008993479493900798], [0.0009532332172238296, -0.0008993479493900798, 0.00024746888345275446]], "chi2_level": 0.99, "chi2_df": 3, "chi2_threshold": 11.344866730144373, "N_raw": 20, "N_roi": 20, "N_inlier": 18, "refit": true}
{"timestamp": "15:26:13.540100", "frame": 86, "mu": [1.4545084847495966, 3.9689939853147753, 1.013689400218961], "Sigma": [[0.02028316565453797, -0.009843559364056068, -0.010819157359111169], [-0.009843559364056068, 0.007941900041402288, 0.005151498497870909], [-0.010819157359111167, 0.005151498497870909, 0.008102732569453134]], "chi2_level": 0.99, "chi2_df": 3, "chi2_threshold": 11.344866730144373, "N_raw": 29, "N_roi": 29, "N_inlier": 28, "refit": true}
{"timestamp": "15:26:13.595608", "frame": 87, "mu": [1.69523832735077, 3.9067606094403446, 0.778437201736882], "Sigma": [[0.04864754580965601, -0.005570494845118208, -0.03863349707160188], [-0.005570494845118208, 0.0041944876679188775, 0.0017152445019155884], [-0.03863349707160188, 0.0017152445019155882, 0.036381276118407524]], "chi2_level": 0.99, "chi2_df": 3, "chi2_threshold": 11.344866730144373, "N_raw": 39, "N_roi": 37, "N_inlier": 37, "refit": true}
{"timestamp": "15:26:13.649867", "frame": 88, "mu": [1.5837131667263535, 3.8652134774857414, 0.8177062468602907], "Sigma": [[0.02238788380684607, -0.006246308547586291, -0.011530875503243238], [-0.006246308547586291, 0.0035088274010450855, 0.001904103723903131], [-0.011530875503243238, 0.001904103723903131, 0.010165317880109926]], "chi2_level": 0.99, "chi2_df": 3, "chi2_threshold": 11.344866730144373, "N_raw": 29, "N_roi": 25, "N_inlier": 24, "refit": true}
{"timestamp": "15:26:13.706035", "frame": 89, "mu": [1.5465540410662117, 4.036413084703958, -0.03465346654783888], "Sigma": [[0.024290385544466598, -0.006296300045171218, -0.003668685525940288], [-0.006296300045171217, 0.004317855345574483, -0.0012297115260522387], [-0.003668685525940288, -0.0012297115260522387, 0.0034035279152665777]], "chi2_level": 0.99, "chi2_df": 3, "chi2_threshold": 11.344866730144373, "N_raw": 38, "N_roi": 33, "N_inlier": 31, "refit": true}
{"timestamp": "15:26:13.763051", "frame": 90, "mu": [1.7405781647477678, 3.8600835971890692, 0.8618663532579082], "Sigma": [[0.04494348724595419, -0.017046084109387592, -0.03249826480255415], [-0.017046084109387592, 0.009338287867003936, 0.011682360619421545], [-0.03249826480255415, 0.011682360619421545, 0.027639545624452172]], "chi2_level": 0.99, "chi2_df": 3, "chi2_threshold": 11.344866730144373, "N_raw": 50, "N_roi": 49, "N_inlier": 49, "refit": true}
{"timestamp": "15:26:13.818207", "frame": 91, "mu": [1.676587663911135, 3.9102081848247794, 0.12691272453357266], "Sigma": [[0.023104272891456428, -0.006546318463122992, -0.009278529194607121], [-0.006546318463122992, 0.007699067131805963, -0.004349154034179784], [-0.00927852919460712, -0.004349154034179784, 0.01577318641831757]], "chi2_level": 0.99, "chi2_df": 3, "chi2_threshold": 11.344866730144373, "N_raw": 50, "N_roi": 49, "N_inlier": 48, "refit": true}
{"timestamp": "15:26:13.870210", "frame": 92, "mu": [1.7632564556898718, 3.746748859219344, 0.8567073333935639], "Sigma": [[0.02028674944010322, -0.008598706911232984, -0.005495679993505696], [-0.008598706911232983, 0.005956702724416553, 0.0005787640560561386], [-0.005495679993505696, 0.0005787640560561386, 0.007149340036112075]], "chi2_level": 0.99, "chi2_df": 3, "chi2_threshold": 11.344866730144373, "N_raw": 37, "N_roi": 37, "N_inlier": 35, "refit": true}
{"timestamp": "15:26:13.930039", "frame": 93, "mu": [1.7760232414825532, 3.873369803837321, -0.02072638907285537], "Sigma": [[0.029754958380427757, -0.008413204490653744, -0.017249251208267], [-0.008413204490653744, 0.009061679609525293, -0.0030537866545478523], [-0.017249251208267, -0.0030537866545478527, 0.022718552345978527]], "chi2_level": 0.99, "chi2_df": 3, "chi2_threshold": 11.344866730144373, "N_raw": 61, "N_roi": 61, "N_inlier": 58, "refit": true}
{"timestamp": "15:26:13.983909", "frame": 94, "mu": [1.7737488703725939, 3.8154715005981235, -0.5653984189401138], "Sigma": [[0.030277918692058134, -0.0007581896777745973, 0.0537973194541284], [-0.0007581896777745973, 0.005097634386877285, 0.0022233219242695818], [0.0537973194541284, 0.0022233219242695805, 0.18037446366758864]], "chi2_level": 0.99, "chi2_df": 3, "chi2_threshold": 11.344866730144373, "N_raw": 56, "N_roi": 56, "N_inlier": 56, "refit": true}
{"timestamp": "15:26:14.036141", "frame": 95, "mu": [1.778526381548699, 3.8543105459217526, -0.07869615037473776], "Sigma": [[0.03181965730109455, -0.006588743087937754, -0.016643691116642923], [-0.0065887430879377545, 0.004980453206694172, -0.0024249456364488866], [-0.016643691116642923, -0.0024249456364488866, 0.020199157175540685]], "chi2_level": 0.99, "chi2_df": 3, "chi2_threshold": 11.344866730144373, "N_raw": 47, "N_roi": 47, "N_inlier": 45, "refit": true}
{"timestamp": "15:26:14.093751", "frame": 96, "mu": [1.751224074105117, 3.6677856211608946, 0.9768260323983297], "Sigma": [[0.02644971951576902, -0.013397859077832409, -0.015022277699604882], [-0.013397859077832409, 0.008192912109189337, 0.0020743301560857087], [-0.015022277699604878, 0.0020743301560857087, 0.03902373451542623]], "chi2_level": 0.99, "chi2_df": 3, "chi2_threshold": 11.344866730144373, "N_raw": 56, "N_roi": 55, "N_inlier": 54, "refit": true}
{"timestamp": "15:26:14.151787", "frame": 97, "mu": [1.7466384842486375, 3.6215008678994156, 1.0674116355325078], "Sigma": [[0.029582333935747378, -0.010836299945212043, -0.012106631891896993], [-0.010836299945212043, 0.006420883907472158, -0.006276286317804649], [-0.012106631891896992, -0.00627628631780465, 0.0739734745453582]], "chi2_level": 0.99, "chi2_df": 3, "chi2_threshold": 11.344866730144373, "N_raw": 81, "N_roi": 80, "N_inlier": 80, "refit": true}
{"timestamp": "15:26:14.202717", "frame": 98, "mu": [1.6999033428773906, 3.690557819718556, 0.07379159175743548], "Sigma": [[0.016858546220662837, -0.0015403234113520498, -0.015861391589972684], [-0.0015403234113520498, 0.016474798200229946, -0.03792004379367839], [-0.01586139158997268, -0.03792004379367839, 0.11378481711896238]], "chi2_level": 0.99, "chi2_df": 3, "chi2_threshold": 11.344866730144373, "N_raw": 53, "N_roi": 53, "N_inlier": 52, "refit": true}
{"timestamp": "15:26:14.263347", "frame": 99, "mu": [1.7112109850390138, 3.586689811961201, 0.957550086930574], "Sigma": [[0.02470023467393315, -0.011800761144558828, -0.00898981177963732], [-0.011800761144558828, 0.00870955497668983, -0.004432457909260636], [-0.00898981177963732, -0.004432457909260636, 0.08917142185483543]], "chi2_level": 0.99, "chi2_df": 3, "chi2_threshold": 11.344866730144373, "N_raw": 82, "N_roi": 80, "N_inlier": 80, "refit": true}
{"timestamp": "15:26:14.544196", "frame": 100, "mu": [1.768712020764076, 3.6664973995843693, -0.33882171883158946], "Sigma": [[0.02109283916337379, -0.006525267332722081, 0.02635573827147717], [-0.00652526733272208, 0.01059167689524886, -0.014038177386720176], [0.026355738271477167, -0.014038177386720172, 0.16966714822099904]], "chi2_level": 0.99, "chi2_df": 3, "chi2_threshold": 11.344866730144373, "N_raw": 66, "N_roi": 63, "N_inlier": 62, "refit": true}
{"timestamp": "15:26:14.571907", "frame": 101, "mu": [1.7310146881476582, 3.6579973543126476, -0.23230776168298614], "Sigma": [[0.021133793941618538, -0.008082434463871024, -0.014277587960260558], [-0.008082434463871024, 0.01600800095759738, -0.02967640613018485], [-0.014277587960260558, -0.02967640613018485, 0.13422436230341336]], "chi2_level": 0.99, "chi2_df": 3, "chi2_threshold": 11.344866730144373, "N_raw": 72, "N_roi": 72, "N_inlier": 71, "refit": true}
{"timestamp": "15:26:14.598193", "frame": 102, "mu": [1.700038908388633, 3.5911987487624355, -0.13150704878645367], "Sigma": [[0.02197517040449292, -0.008277870165463575, -0.019224823461237717], [-0.008277870165463575, 0.012997815547761893, -0.017235556118449284], [-0.019224823461237717, -0.01723555611844929, 0.08502884463144181]], "chi2_level": 0.99, "chi2_df": 3, "chi2_threshold": 11.344866730144373, "N_raw": 68, "N_roi": 67, "N_inlier": 67, "refit": true}
{"timestamp": "15:26:14.628246", "frame": 103, "mu": [1.8116764466828523, 3.4500782060226793, -0.3411845179337174], "Sigma": [[0.024154087629078336, -0.006265001669311729, 0.010765135550526635], [-0.006265001669311729, 0.0062249875383414, 0.002112880129384366], [0.010765135550526635, 0.002112880129384366, 0.07908212289911107]], "chi2_level": 0.99, "chi2_df": 3, "chi2_threshold": 11.344866730144373, "N_raw": 41, "N_roi": 41, "N_inlier": 40, "refit": true}
{"timestamp": "15:26:14.676236", "frame": 104, "mu": [1.6197049019904637, 3.41164209007238, 0.6724696184974925], "Sigma": [[0.0165770445942949, -0.009425001581804593, -0.0051899330341498955], [-0.009425001581804595, 0.008978811875410926, -0.00146566090559711], [-0.0051899330341498955, -0.0014656609055971096, 0.018673823916220616]], "chi2_level": 0.99, "chi2_df": 3, "chi2_threshold": 11.344866730144373, "N_raw": 53, "N_roi": 53, "N_inlier": 51, "refit": true}
{"timestamp": "15:26:14.722053", "frame": 105, "mu": [1.6702366185113366, 3.3068712996567737, 0.8453821927110331], "Sigma": [[0.025617268365741575, -0.02355769801507181, -0.014552360080747909], [-0.02355769801507181, 0.03428440047255927, 0.0033353279488440284], [-0.014552360080747909, 0.003335327948844028, 0.019465942652288855]], "chi2_level": 0.99, "chi2_df": 3, "chi2_threshold": 11.344866730144373, "N_raw": 68, "N_roi": 68, "N_inlier": 68, "refit": true}
{"timestamp": "15:26:14.743876", "frame": 106, "mu": [1.5460833982205813, 3.4939066245707724, -0.0025991102948830294], "Sigma": [[0.01982341528502254, -0.003461640728429166, -0.03225329451938105], [-0.0034616407284291666, 0.0056468913426604515, -0.0005764455421088087], [-0.03225329451938105, -0.0005764455421088089, 0.06255180172641195]], "chi2_level": 0.99, "chi2_df": 3, "chi2_threshold": 11.344866730144373, "N_raw": 44, "N_roi": 44, "N_inlier": 44, "refit": true}
