{"timestamp": "15:44:16.271997", "frame": 24, "mu": [0.7544760314078398, 4.961827606979231, 0.9160652239036465], "Sigma": [[0.019009181562826178, -0.0018717644312116841, -0.009997731118783486], [-0.0018717644312116841, 0.0005901535251978449, 0.0016008051573002963], [-0.009997731118783486, 0.0016008051573002963, 0.006685524030561115]], "chi2_level": 0.99, "chi2_df": 3, "chi2_threshold": 11.344866730144373, "N_raw": 55, "N_roi": 8, "N_inlier": 8, "refit": true}
{"timestamp": "15:44:16.381174", "frame": 26, "mu": [0.545294318577853, 4.951468548603907, -0.8618016111143855], "Sigma": [[0.032013945196558764, -0.0002718755799984697, 0.06076672790916354], [-0.0002718755799984699, 0.0009462332565309859, 0.007064490776098355], [0.06076672790916354, 0.007064490776098355, 0.23050465455269578]], "chi2_level": 0.99, "chi2_df": 3, "chi2_threshold": 11.344866730144373, "N_raw": 57, "N_roi": 23, "N_inlier": 23, "refit": true}
{"timestamp": "15:44:16.438605", "frame": 27, "mu": [0.7468044208016618, 4.932195674149165, 0.6248193091175192], "Sigma": [[0.03431048092334546, 0.000563182454899557, -0.00020780965351461427], [0.000563182454899557, 0.0013931196983671434, -0.000388821616700865], [-0.0002078096535146143, -0.00038882161670086493, 0.00010967457837341372]], "chi2_level": 0.99, "chi2_df": 3, "chi2_threshold": 11.344866730144373, "N_raw": 54, "N_roi": 29, "N_inlier": 28, "refit": true}
{"timestamp": "15:44:16.496335", "frame": 28, "mu": [0.6214601004459985, 4.8945822199321745, 0.8164321187128527], "Sigma": [[0.037437282539444866, -0.0037639040592126185, -0.013044831845022878], [-0.003763904059212618, 0.0035419383059554026, 0.0011723660285272628], [-0.01304483184502288, 0.0011723660285272628, 0.00675872909528986]], "chi2_level": 0.99, "chi2_df": 3, "chi2_threshold": 11.344866730144373, "N_raw": 66, "N_roi": 41, "N_inlier": 41, "refit": true}
{"timestamp": "15:44:16.543891", "frame": 29, "mu": [0.697331546848634, 4.905851420683829, 0.8217451933497637], "Sigma": [[0.015394947875799024, -0.0016605541606661987, 0.0004291323334918457], [-0.0016605541606661987, 0.0023306561444880296, 0.000530566702620707], [0.0004291323334918457, 0.000530566702620707, 0.00027702196533092307]], "chi2_level": 0.99, "chi2_df": 3, "chi2_threshold": 11.344866730144373, "N_raw": 19, "N_roi": 19, "N_inlier": 19, "refit": true}
{"timestamp": "15:44:16.597475", "frame": 30, "mu": [0.6791808447273805, 4.8581630872791015, 0.9355867786967299], "Sigma": [[0.009491280501307011, -0.0014084588742087935, -0.00599163092673889], [-0.0014084588742087935, 0.0030813351061840947, -0.0020940983778786294], [-0.005991630926738888, -0.002094098377878629, 0.009296483285566847]], "chi2_level": 0.99, "chi2_df": 3, "chi2_threshold": 11.344866730144373, "N_raw": 14, "N_roi": 12, "N_inlier": 12, "refit": true}
{"timestamp": "15:44:16.656306", "frame": 31, "mu": [0.5735211819186218, 4.920337636130758, 1.1436894048579673], "Sigma": [[0.029249497473181396, -0.00341033212414326, -0.018565334589583288], [-0.00341033212414326, 0.0026633126504172658, -0.0010245581842708473], [-0.018565334589583288, -0.0010245581842708473, 0.019455394311440652]], "chi2_level": 0.99, "chi2_df": 3, "chi2_threshold": 11.344866730144373, "N_raw": 44, "N_roi": 37, "N_inlier": 37, "refit": true}
{"timestamp": "15:44:16.708051", "frame": 32, "mu": [0.8437757247592592, 4.837675260653473, 0.7311220074501981], "Sigma": [[0.01734714803692703, -0.0004142444019899997, -0.01731287619878587], [-0.0004142444019899997, 0.001214406353469992, -0.0005927537531174918], [-0.01731287619878587, -0.0005927537531174918, 0.02178030957478314]], "chi2_level": 0.99, "chi2_df": 3, "chi2_threshold": 11.344866730144373, "N_raw": 16, "N_roi": 13, "N_inlier": 12, "refit": true}
{"timestamp": "15:44:16.769736", "frame": 33, "mu": [0.6530400462449094, 4.836176645115353, 0.9254482570494369], "Sigma": [[0.04756099488838607, -0.005870105839696629, -0.04771820570552831], [-0.005870105839696629, 0.0039403489930762885, 0.003293225985166777], [-0.04771820570552831, 0.003293225985166777, 0.05729071142072198]], "chi2_level": 0.99, "chi2_df": 3, "chi2_threshold": 11.344866730144373, "N_raw": 63, "N_roi": 58, "N_inlier": 57, "refit": true}
{"timestamp": "15:44:16.820752", "frame": 34, "mu": [0.5323570533221349, 4.78442880668885, 0.9353746537258681], "Sigma": [[0.02357441994757417, -0.0022558521984698105, -0.00999768461645369], [-0.0022558521984698105, 0.002306494461246974, -0.0009000827522893498], [-0.00999768461645369, -0.0009000827522893496, 0.010870523419182527]], "chi2_level": 0.99, "chi2_df": 3, "chi2_threshold": 11.344866730144373, "N_raw": 35, "N_roi": 35, "N_inlier": 33, "refit": true}
{"timestamp": "15:44:16.879429", "frame": 35, "mu": [0.5961708984710686, 4.790665305698127, 0.8736373283633763], "Sigma": [[0.044459547463466045, -0.006851176593928091, -0.033283800739027314], [-0.006851176593928091, 0.00825487387801779, 0.010881250154457381], [-0.033283800739027314, 0.01088125015445738, 0.03179478961853054]], "chi2_level": 0.99, "chi2_df": 3, "chi2_threshold": 11.344866730144373, "N_raw": 56, "N_roi": 56, "N_inlier": 56, "refit": true}
{"timestamp": "15:44:16.935974", "frame": 36, "mu": [0.6555720081878049, 4.772033524137631, 0.9284796243731424], "Sigma": [[0.039935320831419194, -0.005136861156334922, -0.01673261979588475], [-0.005136861156334922, 0.0072176410628229494, 0.0005351290011607493], [-0.01673261979588475, 0.0005351290011607493, 0.014111568306931698]], "chi2_level": 0.99, "chi2_df": 3, "chi2_threshold": 11.344866730144373, "N_raw": 71, "N_roi": 68, "N_inlier": 68, "refit": true}
{"timestamp": "15:44:16.989451", "frame": 37, "mu": [0.5833618316030126, 4.701987109579627, 1.030838434809949], "Sigma": [[0.03626234245656266, -0.008952095292441849, -0.019864038024515557], [-0.008952095292441849, 0.00670839421457062, 0.0029670919913556376], [-0.019864038024515557, 0.002967091991355638, 0.016036815279196877]], "chi2_level": 0.99, "chi2_df": 3, "chi2_threshold": 11.344866730144373, "N_raw": 57, "N_roi": 57, "N_inlier": 57, "refit": true}
{"timestamp": "15:44:17.038166", "frame": 38, "mu": [0.7371151931858029, 4.62370962529285, 0.6098489394944693], "Sigma": [[0.01127795343385873, -0.003107727878193393, -0.01268324792405359], [-0.003107727878193393, 0.0015209924159261608, 0.0030233845323317113], [-0.01268324792405359, 0.0030233845323317113, 0.021684607296641477]], "chi2_level": 0.99, "chi2_df": 3, "chi2_threshold": 11.344866730144373, "N_raw": 16, "N_roi": 13, "N_inlier": 13, "refit": true}
{"timestamp": "15:44:17.097459", "frame": 39, "mu": [0.7088504963646315, 4.623609253164341, 0.8412023159168273], "Sigma": [[0.02738393795735791, -0.006029706615441476, -0.029743417897491364], [-0.0060297066154414766, 0.0021533861913248806, 0.003807365126199848], [-0.02974341789749136, 0.0038073651261998475, 0.0708490644960405]], "chi2_level": 0.99, "chi2_df": 3, "chi2_threshold": 11.344866730144373, "N_raw": 49, "N_roi": 46, "N_inlier": 45, "refit": true}
{"timestamp": "15:44:17.152884", "frame": 40, "mu": [0.6966911057391261, 4.5771373313610475, 0.8618364494118517], "Sigma": [[0.03624212395294579, -0.005073394693009554, -0.024410600726459467], [-0.005073394693009554, 0.002955855401779011, -0.0003763387966479681], [-0.024410600726459467, -0.000376338796647968, 0.02854781755510695]], "chi2_level": 0.99, "chi2_df": 3, "chi2_threshold": 11.344866730144373, "N_raw": 53, "N_roi": 53, "N_inlier": 53, "refit": true}
{"timestamp": "15:44:17.203738", "frame": 41, "mu": [0.9281948679695973, 4.570883125101824, 0.7351609937693735], "Sigma": [[0.0191486218619902, -0.0020563716018523106, -0.006181860842128468], [-0.002056371601852311, 0.002356966072106644, -0.0005723825415462142], [-0.0061818608421284685, -0.0005723825415462142, 0.006527428478829252]], "chi2_level": 0.99, "chi2_df": 3, "chi2_threshold": 11.344866730144373, "N_raw": 20, "N_roi": 20, "N_inlier": 19, "refit": true}
{"timestamp": "15:44:17.260970", "frame": 42, "mu": [0.6221083797203207, 4.553156933674764, 0.8321449687704418], "Sigma": [[0.03282800159110047, -0.0012795015417910393, -0.007103223004710276], [-0.0012795015417910393, 0.0035856588753281422, 0.0029109453854568347], [-0.007103223004710276, 0.0029109453854568347, 0.004228223685807366]], "chi2_level": 0.99, "chi2_df": 3, "chi2_threshold": 11.344866730144373, "N_raw": 37, "N_roi": 37, "N_inlier": 36, "refit": true}
{"timestamp": "15:44:17.312632", "frame": 43, "mu": [0.6609905626795513, 4.505330208830476, 0.8114278472192302], "Sigma": [[0.012955467333235467, 0.000229051081719224, -0.0061734950641704305], [0.00022905108171922408, 0.0018021358171229393, 0.0011143419186704806], [-0.0061734950641704305, 0.0011143419186704806, 0.004580863175706791]], "chi2_level": 0.99, "chi2_df": 3, "chi2_threshold": 11.344866730144373, "N_raw": 14, "N_roi": 14, "N_inlier": 13, "refit": true}
{"timestamp": "15:44:17.374049", "frame": 44, "mu": [0.744347140501998, 4.445082327811517, 0.7741304291103884], "Sigma": [[0.037582701001209445, -0.0018269309104628757, -0.014995864293374224], [-0.0018269309104628757, 0.00497238631914322, -0.0017144988727330567], [-0.014995864293374224, -0.0017144988727330567, 0.009673571272395725]], "chi2_level": 0.99, "chi2_df": 3, "chi2_threshold": 11.344866730144373, "N_raw": 65, "N_roi": 65, "N_inlier": 63, "refit": true}
{"timestamp": "15:44:17.427024", "frame": 45, "mu": [0.7246519094099606, 4.421411297358455, 0.8976876433319777], "Sigma": [[0.02033657115507699, -0.004077354142128869, -0.013428555319609084], [-0.004077354142128869, 0.002185873259408321, 0.0004405573154388897], [-0.013428555319609084, 0.0004405573154388895, 0.020212434237023926]], "chi2_level": 0.99, "chi2_df": 3, "chi2_threshold": 11.344866730144373, "N_raw": 38, "N_roi": 35, "N_inlier": 33, "refit": true}
{"timestamp": "15:44:17.482448", "frame": 46, "mu": [0.6499757084916226, 4.406036860068409, 0.9945046751922413], "Sigma": [[0.027019303777302137, -0.006024186842265239, -0.0336887929991285], [-0.00602418684226524, 0.002697325759553751, 0.004637153438278989], [-0.0336887929991285, 0.004637153438278989, 0.055274791049282256]], "chi2_level": 0.99, "chi2_df": 3, "chi2_threshold": 11.344866730144373, "N_raw": 41, "N_roi": 41, "N_inlier": 40, "refit": true}
{"timestamp": "15:44:17.536643", "frame": 47, "mu": [0.6817577096549182, 4.426479023402873, -0.7591995130599556], "Sigma": [[0.025097496204526722, 0.009172853300336984, 0.06602974131682035], [0.009172853300336984, 0.010457782625038225, 0.0409390787134913], [0.06602974131682035, 0.0409390787134913, 0.2864156673777927]], "chi2_level": 0.99, "chi2_df": 3, "chi2_threshold": 11.344866730144373, "N_raw": 45, "N_roi": 45, "N_inlier": 45, "refit": true}
{"timestamp": "15:44:17.594924", "frame": 48, "mu": [0.6759379332216783, 4.381087588189378, 0.9210106121859929], "Sigma": [[0.029680407117301067, -0.0034338034897972002, -0.015271046750320802], [-0.0034338034897972007, 0.005283689241367563, -0.0011178148840945929], [-0.015271046750320802, -0.0011178148840945926, 0.01372421836984466]], "chi2_level": 0.99, "chi2_df": 3, "chi2_threshold": 11.344866730144373, "N_raw": 60, "N_roi": 60, "N_inlier": 59, "refit": true}
{"timestamp": "15:44:17.649057", "frame": 49, "mu": [0.5784028443302798, 4.337433899196409, 0.8744272156102891], "Sigma": [[0.03614863703058918, -0.002905526166600271, -0.01585901346592275], [-0.002905526166600271, 0.0028933469968940966, -0.001280457063658278], [-0.01585901346592275, -0.0012804570636582781, 0.014267247292328361]], "chi2_level": 0.99, "chi2_df": 3, "chi2_threshold": 11.344866730144373, "N_raw": 54, "N_roi": 54, "N_inlier": 53, "refit": true}
{"timestamp": "15:44:17.701588", "frame": 50, "mu": [0.6282097840963901, 4.305802816592687, 0.6850172121285266], "Sigma": [[0.02132975585652143, -0.00600310436987989, -0.009895396486362056], [-0.00600310436987989, 0.004792215063488722, 0.002512828355106606], [-0.009895396486362056, 0.0025128283551066064, 0.006255159086573874]], "chi2_level": 0.99, "chi2_df": 3, "chi2_threshold": 11.344866730144373, "N_raw": 37, "N_roi": 37, "N_inlier": 36, "refit": true}
{"timestamp": "15:44:17.757660", "frame": 51, "mu": [0.6134361531252165, 4.163736387791895, 0.5388607381275252], "Sigma": [[0.02387559457573398, -0.004934671013213864, -0.006703292442211308], [-0.004934671013213864, 0.001634559126592967, 0.0006012281631229074], [-0.006703292442211307, 0.0006012281631229075, 0.0068694821418671505]], "chi2_level": 0.99, "chi2_df": 3, "chi2_threshold": 11.344866730144373, "N_raw": 27, "N_roi": 27, "N_inlier": 27, "refit": true}
{"timestamp": "15:44:17.812334", "frame": 52, "mu": [0.6628453999422398, 4.176121879913581, 0.580001589722242], "Sigma": [[0.02130495671076755, -0.004569626562012052, -0.002411488410088821], [-0.004569626562012051, 0.005218058478845314, 0.00012816608419543383], [-0.0024114884100888212, 0.00012816608419543386, 0.005411958760252023]], "chi2_level": 0.99, "chi2_df": 3, "chi2_threshold": 11.344866730144373, "N_raw": 45, "N_roi": 45, "N_inlier": 45, "refit": true}
{"timestamp": "15:44:17.868097", "frame": 53, "mu": [0.6891141829915923, 4.204732499719033, 0.7663843495205498], "Sigma": [[0.025878181723315657, -0.004296864808385415, -0.008296763276981374], [-0.004296864808385415, 0.004383273469200525, -0.00010136708882993098], [-0.008296763276981374, -0.00010136708882993103, 0.004909216479620265]], "chi2_level": 0.99, "chi2_df": 3, "chi2_threshold": 11.344866730144373, "N_raw": 47, "N_roi": 47, "N_inlier": 47, "refit": true}
{"timestamp": "15:44:17.923534", "frame": 54, "mu": [0.6535286740987903, 4.282448092915734, -0.20951351035340404], "Sigma": [[0.02388295694631505, -0.0033295699143785175, -0.000767119353550964], [-0.0033295699143785175, 0.004855637840155159, -0.003123670777930745], [-0.0007671193535509637, -0.0031236707779307453, 0.003566316147073]], "chi2_level": 0.99, "chi2_df": 3, "chi2_threshold": 11.344866730144373, "N_raw": 49, "N_roi": 49, "N_inlier": 48, "refit": true}
{"timestamp": "15:44:17.977826", "frame": 55, "mu": [0.6350933460065658, 4.125694311810438, 0.9251772234608892], "Sigma": [[0.023094848921073108, -0.0033609240517814567, -0.005898297961986134], [-0.0033609240517814562, 0.0027405612098443744, -0.002458212771812139], [-0.005898297961986134, -0.002458212771812139, 0.014309069795364901]], "chi2_level": 0.99, "chi2_df": 3, "chi2_threshold": 11.344866730144373, "N_raw": 46, "N_roi": 46, "N_inlier": 46, "refit": true}
{"timestamp": "15:44:18.033720", "frame": 56, "mu": [0.7213280791127549, 4.078056117744926, 0.7741275421762519], "Sigma": [[0.030715767620318482, 0.00019842157590229954, 0.00033680203968602745], [0.00019842157590229921, 0.006358999033134167, 0.0026472072923664574], [0.00033680203968602723, 0.0026472072923664574, 0.003620431357285412]], "chi2_level": 0.99, "chi2_df": 3, "chi2_threshold": 11.344866730144373, "N_raw": 57, "N_roi": 57, "N_inlier": 55, "refit": true}
{"timestamp": "15:44:18.084825", "frame": 57, "mu": [0.6195004502162085, 4.025546356057275, 0.742578712374858], "Sigma": [[0.01549397756139627, -0.0027634198771525247, -0.0069018338912090575], [-0.0027634198771525247, 0.0019480029757268605, 0.001003201372035184], [-0.0069018338912090575, 0.001003201372035184, 0.004594430446523396]], "chi2_level": 0.99, "chi2_df": 3, "chi2_threshold": 11.344866730144373, "N_raw": 25, "N_roi": 25, "N_inlier": 22, "refit": true}
{"timestamp": "15:44:18.142220", "frame": 58, "mu": [0.6602932478546382, 4.04031152751709, 0.941381658054651], "Sigma": [[0.04492206939587717, 0.0009237993294819898, -0.03525341417716861], [0.0009237993294819896, 0.0041874686357115, -0.005692753871049543], [-0.03525341417716861, -0.005692753871049541, 0.04071376042828473]], "chi2_level": 0.99, "chi2_df": 3, "chi2_threshold": 11.344866730144373, "N_raw": 52, "N_roi": 52, "N_inlier": 51, "refit": true}
{"timestamp": "15:44:18.198737", "frame": 59, "mu": [0.6428001314377827, 4.024134650021052, 0.9147761159019093], "Sigma": [[0.022305016196191525, -0.004164166612606603, -0.011080803694344487], [-0.004164166612606603, 0.003317567899632805, -0.0030926057218892836], [-0.011080803694344487, -0.003092605721889284, 0.019959593518183907]], "chi2_level": 0.99, "chi2_df": 3, "chi2_threshold": 11.344866730144373, "N_raw": 56, "N_roi": 56, "N_inlier": 54, "refit": true}
{"timestamp": "15:44:18.248663", "frame": 60, "mu": [0.5714771921924712, 3.935079487187715, 1.1687564913051471], "Sigma": [[0.004720494976545896, 0.0006463333102344732, -0.022342927934313632], [0.0006463333102344732, 0.0016619666663544555, -0.007275544950961391], [-0.022342927934313632, -0.007275544950961393, 0.2817153890961182]], "chi2_level": 0.99, "chi2_df": 3, "chi2_threshold": 11.344866730144373, "N_raw": 17, "N_roi": 17, "N_inlier": 17, "refit": true}
{"timestamp": "15:44:18.313318", "frame": 61, "mu": [0.6386860359780483, 3.9142440342786258, 0.9096971257658553], "Sigma": [[0.03554708243351308, -0.0026638324301301287, -0.040633651874381095], [-0.0026638324301301287, 0.003963154047755406, -0.006236837497733367], [-0.04063365187438109, -0.006236837497733366, 0.10472667617780398]], "chi2_level": 0.99, "chi2_df": 3, "chi2_threshold": 11.344866730144373, "N_raw": 88, "N_roi": 88, "N_inlier": 88, "refit": true}
{"timestamp": "15:44:18.365605", "frame": 62, "mu": [0.6594760209104508, 3.9622022759825866, 0.7988840646091178], "Sigma": [[0.030537835189454694, -0.0026955130761289183, -0.013264795328330362], [-0.002695513076128919, 0.006866076582803822, 0.003208400986494064], [-0.013264795328330362, 0.003208400986494064, 0.011098745734331865]], "chi2_level": 0.99, "chi2_df": 3, "chi2_threshold": 11.344866730144373, "N_raw": 59, "N_roi": 59, "N_inlier": 57, "refit": true}
{"timestamp": "15:44:18.421585", "frame": 63, "mu": [0.6289376237736389, 3.89844549704183, 0.9108066790057562], "Sigma": [[0.029665127466888964, -0.008187726124944275, -0.03164415897359315], [-0.008187726124944275, 0.007381827562000743, 0.005788150525462221], [-0.031644158973593156, 0.005788150525462221, 0.04252649259987242]], "chi2_level": 0.99, "chi2_df": 3, "chi2_threshold": 11.344866730144373, "N_raw": 73, "N_roi": 73, "N_inlier": 70, "refit": true}
{"timestamp": "15:44:18.475083", "frame": 64, "mu": [0.6420938397122744, 4.0559700981232805, -0.20220832719194992], "Sigma": [[0.040055834118054814, 0.004616774659528674, -0.025562436035601575], [0.004616774659528675, 0.005460776589306596, -0.004955775110714225], [-0.025562436035601578, -0.004955775110714225, 0.02099869218215153]], "chi2_level": 0.99, "chi2_df": 3, "chi2_threshold": 11.344866730144373, "N_raw": 64, "N_roi": 64, "N_inlier": 64, "refit": true}
{"timestamp": "15:44:18.531206", "frame": 65, "mu": [0.6436214321898466, 3.8481195788293636, 0.9542689921991875], "Sigma": [[0.030591368119614, -0.0029908742418809898, -0.01905129183876151], [-0.00299087424188099, 0.0050854038503195705, -0.002232395597965242], [-0.01905129183876151, -0.0022323955979652414, 0.017407206238903013]], "chi2_level": 0.99, "chi2_df": 3, "chi2_threshold": 11.344866730144373, "N_raw": 72, "N_roi": 72, "N_inlier": 71, "refit": true}
{"timestamp": "15:44:18.584501", "frame": 66, "mu": [0.5551699405685309, 3.8681993221636928, -0.30306459003782626], "Sigma": [[0.023821310188850975, 0.0029288123647385166, 0.04595386899253298], [0.0029288123647385166, 0.005965516006435019, 0.004331168681766041], [0.04595386899253299, 0.004331168681766042, 0.2108208358112829]], "chi2_level": 0.99, "chi2_df": 3, "chi2_threshold": 11.344866730144373, "N_raw": 57, "N_roi": 57, "N_inlier": 56, "refit": true}
{"timestamp": "15:44:18.641299", "frame": 67, "mu": [0.6853056223429845, 3.715232159310464, 0.9973961860795104], "Sigma": [[0.02608112990755382, -0.0028715916381487523, -0.016624457475363896], [-0.0028715916381487523, 0.00198015457342883, -0.002871388101396755], [-0.016624457475363896, -0.0028713881013967546, 0.05409439417379568]], "chi2_level": 0.99, "chi2_df": 3, "chi2_threshold": 11.344866730144373, "N_raw": 72, "N_roi": 71, "N_inlier": 69, "refit": true}
{"timestamp": "15:44:18.698397", "frame": 68, "mu": [0.6521342277037283, 3.8276080905819008, -0.1011542952347347], "Sigma": [[0.024586466978484996, 4.66145242649812e-05, -0.013047691776460028], [4.661452426498055e-05, 0.010919268229369838, -0.02102586948940692], [-0.013047691776460027, -0.02102586948940692, 0.05287588921026107]], "chi2_level": 0.99, "chi2_df": 3, "chi2_threshold": 11.344866730144373, "N_raw": 85, "N_roi": 85, "N_inlier": 82, "refit": true}
{"timestamp": "15:44:18.751378", "frame": 69, "mu": [0.685073285162282, 3.637989526685134, 0.7985768198929497], "Sigma": [[0.030601395966410823, -0.004197896842016837, -0.007629270388162137], [-0.004197896842016836, 0.002913312147585146, -0.0032511649390191606], [-0.007629270388162136, -0.003251164939019161, 0.013156513274687044]], "chi2_level": 0.99, "chi2_df": 3, "chi2_threshold": 11.344866730144373, "N_raw": 68, "N_roi": 68, "N_inlier": 64, "refit": true}
{"timestamp": "15:44:18.803799", "frame": 70, "mu": [0.6479087664642229, 3.6093643929445576, 1.1761125217397628], "Sigma": [[0.017552477797178723, -0.0032972359350348208, -0.004324879218181577], [-0.0032972359350348208, 0.004274625301684147, -0.0040284033016215045], [-0.004324879218181577, -0.0040284033016215045, 0.010792824964958262]], "chi2_level": 0.99, "chi2_df": 3, "chi2_threshold": 11.344866730144373, "N_raw": 54, "N_roi": 53, "N_inlier": 51, "refit": true}
{"timestamp": "15:44:18.862461", "frame": 71, "mu": [0.5865362016923588, 3.5541737377472065, 1.1187177507271682], "Sigma": [[0.019386689923855192, -0.008094871938282542, -0.0028388956243178263], [-0.008094871938282542, 0.007553625918842492, -0.007411631496734813], [-0.0028388956243178267, -0.007411631496734813, 0.06626171042060755]], "chi2_level": 0.99, "chi2_df": 3, "chi2_threshold": 11.344866730144373, "N_raw": 73, "N_roi": 73, "N_inlier": 72, "refit": true}
{"timestamp": "15:44:18.919871", "frame": 72, "mu": [0.7464622615401804, 3.515449995041663, 1.043837178646079], "Sigma": [[0.028963747828989556, -0.002265154608743383, -0.03142853274521767], [-0.002265154608743383, 0.0022868648592605733, -0.00647031214030064], [-0.03142853274521766, -0.00647031214030064, 0.08723678933234166]], "chi2_level": 0.99, "chi2_df": 3, "chi2_threshold": 11.344866730144373, "N_raw": 93, "N_roi": 93, "N_inlier": 89, "refit": true}
{"timestamp": "15:44:18.974374", "frame": 73, "mu": [0.6609321671174869, 3.572400614719664, 0.2311459436756088], "Sigma": [[0.01988355331847504, -0.004660220969143965, 0.019004360891934535], [-0.004660220969143965, 0.015881879249856713, -0.035175528749566615], [0.019004360891934535, -0.035175528749566615, 0.11982258901900718]], "chi2_level": 0.99, "chi2_df": 3, "chi2_threshold": 11.344866730144373, "N_raw": 86, "N_roi": 86, "N_inlier": 85, "refit": true}
{"timestamp": "15:44:19.028178", "frame": 74, "mu": [0.6206826406777837, 3.5026667263966367, 1.0330894734889546], "Sigma": [[0.021520243066882074, -0.005594318018931911, -0.012227061868269115], [-0.005594318018931911, 0.007580695917190243, -0.01071936624585525], [-0.012227061868269117, -0.01071936624585525, 0.058455707790865355]], "chi2_level": 0.99, "chi2_df": 3, "chi2_threshold": 11.344866730144373, "N_raw": 83, "N_roi": 83, "N_inlier": 82, "refit": true}
{"timestamp": "15:44:19.079804", "frame": 75, "mu": [0.7204535247707654, 3.4430294971572506, 0.9853521068861294], "Sigma": [[0.021413082108724817, -0.002375873107207054, -0.01787099587154037], [-0.0023758731072070546, 0.00202390019632936, -0.004284491968322805], [-0.01787099587154037, -0.004284491968322805, 0.04437972818933052]], "chi2_level": 0.99, "chi2_df": 3, "chi2_threshold": 11.344866730144373, "N_raw": 64, "N_roi": 64, "N_inlier": 63, "refit": true}
{"timestamp": "15:44:19.138088", "frame": 76, "mu": [0.634717971764118, 3.421169418935331, 0.9560081340028119], "Sigma": [[0.027032869129037265, -0.010641561284982753, -0.011343925805972646], [-0.010641561284982755, 0.008482064942496896, -0.0013388293846690212], [-0.011343925805972646, -0.0013388293846690216, 0.020814801834538807]], "chi2_level": 0.99, "chi2_df": 3, "chi2_threshold": 11.344866730144373, "N_raw": 76, "N_roi": 76, "N_inlier": 73, "refit": true}
{"timestamp": "15:44:19.193201", "frame": 77, "mu": [0.7015325648203059, 3.3427175430098695, 0.9603500756798142], "Sigma": [[0.01949696807305803, -0.002464352413452366, -0.011753565726555806], [-0.002464352413452366, 0.003491339695321842, -0.007538261664256233], [-0.011753565726555806, -0.007538261664256233, 0.05888109975294448]], "chi2_level": 0.99, "chi2_df": 3, "chi2_threshold": 11.344866730144373, "N_raw": 79, "N_roi": 79, "N_inlier": 79, "refit": true}
{"timestamp": "15:44:19.250384", "frame": 78, "mu": [0.6523093217184583, 3.3065745407103546, 0.9519904128236499], "Sigma": [[0.018542631653296164, -0.0038792938686257805, -0.005797984811125869], [-0.0038792938686257805, 0.003188820616136065, -0.008546485393132118], [-0.0057979848111258695, -0.008546485393132118, 0.11982579405167303]], "chi2_level": 0.99, "chi2_df": 3, "chi2_threshold": 11.344866730144373, "N_raw": 94, "N_roi": 94, "N_inlier": 93, "refit": true}
{"timestamp": "15:44:19.307082", "frame": 79, "mu": [0.5747940359996002, 3.395053584531413, 0.29070407846473373], "Sigma": [[0.024350012506299444, -0.013191531040384905, 0.0686607123961221], [-0.013191531040384907, 0.020947183892828382, -0.07386602711988163], [0.0686607123961221, -0.07386602711988163, 0.36144573175940314]], "chi2_level": 0.99, "chi2_df": 3, "chi2_threshold": 11.344866730144373, "N_raw": 104, "N_roi": 104, "N_inlier": 104, "refit": true}
{"timestamp": "15:44:19.363128", "frame": 80, "mu": [0.6123306919343914, 3.2333917285665312, 0.9629961405511666], "Sigma": [[0.02223461866919358, -0.0027156489116844013, 0.007156518064214044], [-0.0027156489116844018, 0.0037268606748868498, -0.015732388878090885], [0.0071565180642140435, -0.015732388878090885, 0.09802876828140443]], "chi2_level": 0.99, "chi2_df": 3, "chi2_threshold": 11.344866730144373, "N_raw": 113, "N_roi": 113, "N_inlier": 112, "refit": true}
{"timestamp": "15:44:19.419188", "frame": 81, "mu": [0.6182803759864086, 3.182699381958754, 0.8997228304775218], "Sigma": [[0.03132394163163331, -0.0029303909679944088, 0.007434444351548797], [-0.0029303909679944088, 0.003412200549255628, -0.009582054822037491], [0.007434444351548795, -0.009582054822037493, 0.10282770243949207]], "chi2_level": 0.99, "chi2_df": 3, "chi2_threshold": 11.344866730144373, "N_raw": 114, "N_roi": 114, "N_inlier": 113, "refit": true}
{"timestamp": "15:44:19.468856", "frame": 82, "mu": [0.6645504542002477, 3.147636157485186, 1.1790204343892066], "Sigma": [[0.028449709233078727, -0.005464291662063196, -0.01609064344568354], [-0.0054642916620631955, 0.0058270636218200125, -0.008044566262444153], [-0.01609064344568354, -0.008044566262444153, 0.0468868650918966]], "chi2_level": 0.99, "chi2_df": 3, "chi2_threshold": 11.344866730144373, "N_raw": 82, "N_roi": 82, "N_inlier": 81, "refit": true}
{"timestamp": "15:44:19.527694", "frame": 83, "mu": [0.6022922827099629, 3.106850109044009, 1.0100659074822917], "Sigma": [[0.02581486658348844, -0.0009171898914995812, 0.005617130919529456], [-0.0009171898914995812, 0.004454821186742695, -0.014826989952991428], [0.005617130919529456, -0.014826989952991428, 0.08601225296702403]], "chi2_level": 0.99, "chi2_df": 3, "chi2_threshold": 11.344866730144373, "N_raw": 113, "N_roi": 113, "N_inlier": 112, "refit": true}
{"timestamp": "15:44:19.577774", "frame": 84, "mu": [0.5963002228324571, 3.105311420551581, 0.9531117459504345], "Sigma": [[0.01963292468790362, -0.002036414352832374, 0.003699836459641205], [-0.002036414352832374, 0.0059777726666451906, -0.013760924462680565], [0.003699836459641205, -0.013760924462680565, 0.057042160807874026]], "chi2_level": 0.99, "chi2_df": 3, "chi2_threshold": 11.344866730144373, "N_raw": 78, "N_roi": 78, "N_inlier": 77, "refit": true}
{"timestamp": "15:44:19.628817", "frame": 85, "mu": [0.5850656582941853, 3.19885924040904, -0.14740995789970235], "Sigma": [[0.015783369282555002, -0.003646032769359697, 0.008327661780951574], [-0.003646032769359697, 0.007102067386427233, -0.010700638047017014], [0.008327661780951574, -0.010700638047017014, 0.018629008705359933]], "chi2_level": 0.99, "chi2_df": 3, "chi2_threshold": 11.344866730144373, "N_raw": 57, "N_roi": 57, "N_inlier": 55, "refit": true}
{"timestamp": "15:44:19.687841", "frame": 86, "mu": [0.6434077194413214, 3.0166023024110893, 0.961454021901844], "Sigma": [[0.01860601765280312, -0.0022773573491291677, 0.0001742392526943911], [-0.0022773573491291677, 0.0017068203033779618, -0.007304550360473077], [0.00017423925269439066, -0.007304550360473077, 0.05399050396207837]], "chi2_level": 0.99, "chi2_df": 3, "chi2_threshold": 11.344866730144373, "N_raw": 81, "N_roi": 81, "N_inlier": 81, "refit": true}
{"timestamp": "15:44:19.745402", "frame": 87, "mu": [0.6698675436985969, 2.994494186141027, 0.7808276146943255], "Sigma": [[0.029910879944790508, 0.0008684033902585922, -0.00871736400927911], [0.0008684033902585922, 0.002148716071431698, -0.004504002095510022], [-0.00871736400927911, -0.004504002095510022, 0.021579161950696455]], "chi2_level": 0.99, "chi2_df": 3, "chi2_threshold": 11.344866730144373, "N_raw": 90, "N_roi": 90, "N_inlier": 88, "refit": true}
{"timestamp": "15:44:19.797197", "frame": 88, "mu": [0.7855431169757555, 3.000530924323588, 0.9988374402107368], "Sigma": [[0.039120981276482614, 0.004543258873614673, -0.03426202368719147], [0.004543258873614674, 0.0049454500921584, -0.01105733913986107], [-0.03426202368719147, -0.011057339139861068, 0.0671687485355921]], "chi2_level": 0.99, "chi2_df": 3, "chi2_threshold": 11.344866730144373, "N_raw": 78, "N_roi": 78, "N_inlier": 76, "refit": true}
{"timestamp": "15:44:19.853998", "frame": 89, "mu": [0.5729780730966472, 2.9514713052415216, 0.9054482929476262], "Sigma": [[0.02167218047743722, -0.0020585206721396633, -0.00992859640276554], [-0.0020585206721396633, 0.00322842362278036, -0.005079642967036677], [-0.00992859640276554, -0.005079642967036676, 0.023400241997420187]], "chi2_level": 0.99, "chi2_df": 3, "chi2_threshold": 11.344866730144373, "N_raw": 83, "N_roi": 83, "N_inlier": 83, "refit": true}
{"timestamp": "15:44:19.906266", "frame": 90, "mu": [0.6057934578185626, 2.9103615899687396, 1.0058560396299923], "Sigma": [[0.015609784881359844, -0.003033044651933465, -0.004399384691822728], [-0.003033044651933465, 0.002192694811060749, -0.0035583931356318135], [-0.004399384691822727, -0.0035583931356318135, 0.03616881819065715]], "chi2_level": 0.99, "chi2_df": 3, "chi2_threshold": 11.344866730144373, "N_raw": 67, "N_roi": 67, "N_inlier": 64, "refit": true}
{"timestamp": "15:44:19.962974", "frame": 91, "mu": [0.7045469448153187, 2.8582592516963223, 0.8830186594168026], "Sigma": [[0.03062645445227065, -0.006429355428340588, -0.039923589085203555], [-0.006429355428340588, 0.002539409805305771, 0.002333179670927183], [-0.039923589085203555, 0.002333179670927184, 0.10403285638953554]], "chi2_level": 0.99, "chi2_df": 3, "chi2_threshold": 11.344866730144373, "N_raw": 81, "N_roi": 81, "N_inlier": 79, "refit": true}
{"timestamp": "15:44:20.020822", "frame": 92, "mu": [0.6331180258506555, 2.8539971338202497, 1.0316165542967326], "Sigma": [[0.019112882055976485, -0.003054981866204819, -0.0107023651443387], [-0.003054981866204819, 0.004356272186384927, -0.009057543612430398], [-0.0107023651443387, -0.009057543612430398, 0.04127983010884386]], "chi2_level": 0.99, "chi2_df": 3, "chi2_threshold": 11.344866730144373, "N_raw": 106, "N_roi": 106, "N_inlier": 104, "refit": true}
{"timestamp": "15:44:20.070686", "frame": 93, "mu": [0.635955369926029, 2.8063973815159913, 0.9676129594775057], "Sigma": [[0.01677974363532413, -0.004329210809497859, -0.017784543979802774], [-0.004329210809497859, 0.0024454284086330496, 0.0009553634500874112], [-0.017784543979802777, 0.0009553634500874111, 0.044859702514069545]], "chi2_level": 0.99, "chi2_df": 3, "chi2_threshold": 11.344866730144373, "N_raw": 63, "N_roi": 63, "N_inlier": 61, "refit": true}
{"timestamp": "15:44:20.125562", "frame": 94, "mu": [0.6945705285832433, 2.737589740264199, 1.0450255126639076], "Sigma": [[0.011857640359322779, -0.002114134281390415, -0.002336162880717237], [-0.0021141342813904146, 0.003155375615379502, -0.0028107898761635334], [-0.0023361628807172376, -0.0028107898761635334, 0.03796222979076807]], "chi2_level": 0.99, "chi2_df": 3, "chi2_threshold": 11.344866730144373, "N_raw": 68, "N_roi": 68, "N_inlier": 67, "refit": true}
{"timestamp": "15:44:20.183164", "frame": 95, "mu": [0.64281521985652, 2.7474837443479947, -0.7338092091258119], "Sigma": [[0.012566252272084256, -0.00016168365307063715, 0.018396699661058304], [-0.00016168365307063715, 0.006375523257710933, 0.0004240509138908953], [0.0183966996610583, 0.00042405091389089507, 0.10866957515070658]], "chi2_level": 0.99, "chi2_df": 3, "chi2_threshold": 11.344866730144373, "N_raw": 84, "N_roi": 82, "N_inlier": 80, "refit": true}
{"timestamp": "15:44:20.236004", "frame": 96, "mu": [0.6112074913368813, 2.671348218736066, 0.9822918814274625], "Sigma": [[0.016411726924687918, -0.007411431233953085, 0.0006286541776714799], [-0.007411431233953085, 0.005496497856891905, -0.004118831280609045], [0.0006286541776714798, -0.004118831280609045, 0.014842625993606053]], "chi2_level": 0.99, "chi2_df": 3, "chi2_threshold": 11.344866730144373, "N_raw": 64, "N_roi": 64, "N_inlier": 60, "refit": true}
{"timestamp": "15:44:20.291351", "frame": 97, "mu": [0.6492202216345171, 2.6453081566575483, 1.1926603792876533], "Sigma": [[0.011753070255633045, -0.0050661506157463464, -0.005645593025872327], [-0.005066150615746346, 0.006088032858950386, -0.003660334362125571], [-0.005645593025872326, -0.003660334362125571, 0.015683847233797017]], "chi2_level": 0.99, "chi2_df": 3, "chi2_threshold": 11.344866730144373, "N_raw": 71, "N_roi": 71, "N_inlier": 69, "refit": true}
{"timestamp": "15:44:20.346954", "frame": 98, "mu": [0.8389330135118767, 2.6024130224924686, 1.0378405388047123], "Sigma": [[0.030796814286634153, 0.00313814740412056, -0.02776612009262703], [0.00313814740412056, 0.0038372718987240654, -0.008783562912950033], [-0.02776612009262703, -0.008783562912950033, 0.04550076218815614]], "chi2_level": 0.99, "chi2_df": 3, "chi2_threshold": 11.344866730144373, "N_raw": 66, "N_roi": 66, "N_inlier": 65, "refit": true}
{"timestamp": "15:44:20.403569", "frame": 99, "mu": [0.7283268943662592, 2.57640646469806, 0.8983173694428453], "Sigma": [[0.04232378467756127, -0.005328472761316257, -0.015418046824418871], [-0.005328472761316257, 0.002098075487558931, -0.0016328496127428962], [-0.015418046824418871, -0.0016328496127428964, 0.0219901994112013]], "chi2_level": 0.99, "chi2_df": 3, "chi2_threshold": 11.344866730144373, "N_raw": 83, "N_roi": 83, "N_inlier": 79, "refit": true}
{"timestamp": "15:44:20.582403", "frame": 100, "mu": [0.7517553415135687, 2.5178154008020264, 1.0270590005156113], "Sigma": [[0.015297288033514536, -0.0026867003020154207, -0.011086232931688509], [-0.0026867003020154207, 0.0030299342607997292, -0.004773628258998911], [-0.011086232931688509, -0.004773628258998911, 0.030859729788535566]], "chi2_level": 0.99, "chi2_df": 3, "chi2_threshold": 11.344866730144373, "N_raw": 81, "N_roi": 81, "N_inlier": 78, "refit": true}
{"timestamp": "15:44:20.628671", "frame": 101, "mu": [0.655088254135844, 2.438582876379063, 0.4766595168734231], "Sigma": [[0.03127263483770247, -0.020268265620314196, -0.07946912866993917], [-0.020268265620314196, 0.01910702916885267, 0.068328970727813], [-0.07946912866993916, 0.068328970727813, 0.2850489403824731]], "chi2_level": 0.99, "chi2_df": 3, "chi2_threshold": 11.344866730144373, "N_raw": 50, "N_roi": 50, "N_inlier": 48, "refit": true}
{"timestamp": "15:44:20.675120", "frame": 102, "mu": [0.7135482789172085, 2.412828320985849, 0.8858159471476414], "Sigma": [[0.014647694558592632, -0.002263060637620006, -0.0011985337463545785], [-0.002263060637620006, 0.0015481894130652326, 0.003962971701081132], [-0.0011985337463545785, 0.003962971701081132, 0.09385106442590627]], "chi2_level": 0.99, "chi2_df": 3, "chi2_threshold": 11.344866730144373, "N_raw": 92, "N_roi": 92, "N_inlier": 88, "refit": true}
{"timestamp": "15:44:20.706381", "frame": 103, "mu": [0.6128078275203488, 2.362718356082048, 0.6773463683804792], "Sigma": [[0.0188857069938864, -0.005753267511928965, -0.0013773406761438103], [-0.005753267511928965, 0.004890992551400757, 2.324181897691267e-05], [-0.0013773406761438108, 2.324181897691278e-05, 0.02436614612343308]], "chi2_level": 0.99, "chi2_df": 3, "chi2_threshold": 11.344866730144373, "N_raw": 86, "N_roi": 86, "N_inlier": 83, "refit": true}
{"timestamp": "15:44:20.721764", "frame": 104, "mu": [0.6616155003442585, 2.3670377183187497, 0.8317811956753054], "Sigma": [[0.01996212526462467, -0.0045509967523277295, 0.0025124539707546897], [-0.0045509967523277295, 0.0028456216305006456, -0.005996515828366553], [0.0025124539707546893, -0.005996515828366553, 0.05371819039680194]], "chi2_level": 0.99, "chi2_df": 3, "chi2_threshold": 11.344866730144373, "N_raw": 117, "N_roi": 117, "N_inlier": 117, "refit": true}
{"timestamp": "15:44:20.768709", "frame": 105, "mu": [0.6961958528130306, 2.3362012132760137, 0.8790669503241194], "Sigma": [[0.015528298656994722, -0.0013661688158234698, 0.005639120627659691], [-0.0013661688158234698, 0.001499046895179697, -0.00450107126192], [0.00563912062765969, -0.00450107126192, 0.050889221222065045]], "chi2_level": 0.99, "chi2_df": 3, "chi2_threshold": 11.344866730144373, "N_raw": 99, "N_roi": 99, "N_inlier": 95, "refit": true}
{"timestamp": "15:44:20.786833", "frame": 106, "mu": [0.6489723154864062, 2.2705607416893816, 0.8818715059788714], "Sigma": [[0.013233512136408642, -0.004312071598198539, 0.002874846620147435], [-0.004312071598198539, 0.0016378293604869109, -0.002880247263807467], [0.002874846620147435, -0.002880247263807467, 0.06603142697362499]], "chi2_level": 0.99, "chi2_df": 3, "chi2_threshold": 11.344866730144373, "N_raw": 76, "N_roi": 76, "N_inlier": 74, "refit": true}
{"timestamp": "15:44:20.838894", "frame": 107, "mu": [0.6917572435243484, 2.225470027238023, 0.6960764542822658], "Sigma": [[0.010957900898243797, -0.0006966190545750644, -0.0009125948073237392], [-0.0006966190545750643, 0.0034802778692027215, -0.001485162894208531], [-0.0009125948073237393, -0.0014851628942085312, 0.0064499819611427605]], "chi2_level": 0.99, "chi2_df": 3, "chi2_threshold": 11.344866730144373, "N_raw": 53, "N_roi": 53, "N_inlier": 50, "refit": true}
{"timestamp": "15:44:20.898857", "frame": 108, "mu": [0.6869265264598995, 2.1886335696943298, 0.8802548441249209], "Sigma": [[0.015074457457846692, -0.0033285175063632426, -0.0014077984030851946], [-0.0033285175063632417, 0.0026332229249808933, -0.004665876223611767], [-0.0014077984030851948, -0.004665876223611767, 0.04047038182759208]], "chi2_level": 0.99, "chi2_df": 3, "chi2_threshold": 11.344866730144373, "N_raw": 86, "N_roi": 86, "N_inlier": 83, "refit": true}
{"timestamp": "15:44:20.957024", "frame": 109, "mu": [0.6476900806452321, 2.137419240284055, 0.8899878689064026], "Sigma": [[0.016890048176926582, -0.0053004394031228455, 0.0032386202596666226], [-0.0053004394031228455, 0.0037530702080993284, -0.005477248810159654], [0.003238620259666622, -0.005477248810159654, 0.029916085317757503]], "chi2_level": 0.99, "chi2_df": 3, "chi2_threshold": 11.344866730144373, "N_raw": 103, "N_roi": 103, "N_inlier": 100, "refit": true}
{"timestamp": "15:44:21.007816", "frame": 110, "mu": [0.6592696148575743, 2.094085225424524, 0.9175626626240172], "Sigma": [[0.012308097878370729, -0.004438394227079901, 0.007629823889405373], [-0.004438394227079901, 0.0041043418032092474, -0.0007552738693590772], [0.007629823889405373, -0.0007552738693590776, 0.04314384942179181]], "chi2_level": 0.99, "chi2_df": 3, "chi2_threshold": 11.344866730144373, "N_raw": 75, "N_roi": 75, "N_inlier": 72, "refit": true}
