{"timestamp": "15:35:56.095515", "frame": 15, "mu": [1.4532630591682794, 0.4664992262057407, 1.4525222181558262], "Sigma": [[0.0030085454642274365, -0.0016592038257232248, -0.00274429565758975], [-0.0016592038257232248, 0.0022042394740749115, 0.0012093660040499365], [-0.00274429565758975, 0.0012093660040499367, 0.0027357988652311075]], "chi2_level": 0.99, "chi2_df": 3, "chi2_threshold": 11.344866730144373, "N_raw": 6, "N_roi": 6, "N_inlier": 6, "refit": true}
{"timestamp": "15:35:56.152015", "frame": 16, "mu": [1.4157794099565437, 0.4957224688707208, 1.3882694024579612], "Sigma": [[0.00828535242849695, -0.004157735457908931, -0.0118231833959823], [-0.004157735457908932, 0.004154350108950697, 0.0055076781058800775], [-0.0118231833959823, 0.0055076781058800775, 0.021282803072860967]], "chi2_level": 0.99, "chi2_df": 3, "chi2_threshold": 11.344866730144373, "N_raw": 7, "N_roi": 7, "N_inlier": 7, "refit": true}
{"timestamp": "15:35:56.206053", "frame": 17, "mu": [1.3611401138570014, 0.7750920788652171, -0.4424429466782977], "Sigma": [[0.004992457667387124, 0.0045217861896076255, -0.006081088922002105], [0.004521786189607625, 0.008470158538383728, -0.00731337311581494], [-0.006081088922002104, -0.007313373115814938, 0.008788012850951626]], "chi2_level": 0.99, "chi2_df": 3, "chi2_threshold": 11.344866730144373, "N_raw": 7, "N_roi": 7, "N_inlier": 7, "refit": true}
{"timestamp": "15:35:56.264158", "frame": 18, "mu": [1.221990156436324, 0.6346442055958833, 1.484527478139823], "Sigma": [[0.006430074532462124, -0.002928589303542277, -0.0028350103833384155], [-0.002928589303542277, 0.004216212871897167, 5.5699196787149384e-05], [-0.0028350103833384155, 5.5699196787149384e-05, 0.0019740308793748966]], "chi2_level": 0.99, "chi2_df": 3, "chi2_threshold": 11.344866730144373, "N_raw": 35, "N_roi": 35, "N_inlier": 34, "refit": true}
{"timestamp": "15:35:56.322875", "frame": 19, "mu": [1.1474221523025394, 0.6285879441610139, 1.4763715447041221], "Sigma": [[0.005629172987040947, -0.0027654056064261774, -0.00349649257554489], [-0.0027654056064261774, 0.004211284169800969, 0.0003566781514082808], [-0.00349649257554489, 0.00035667815140828085, 0.003366744550760925]], "chi2_level": 0.99, "chi2_df": 3, "chi2_threshold": 11.344866730144373, "N_raw": 37, "N_roi": 37, "N_inlier": 36, "refit": true}
{"timestamp": "15:35:56.378252", "frame": 20, "mu": [1.0793049145645688, 0.6762184114024395, 1.3915076663392865], "Sigma": [[0.00642101124977026, 0.001263810002971249, -0.01632298867822253], [0.0012638100029712493, 0.0026400930165964625, -0.006081371870532868], [-0.01632298867822253, -0.006081371870532868, 0.0709507080333512]], "chi2_level": 0.99, "chi2_df": 3, "chi2_threshold": 11.344866730144373, "N_raw": 35, "N_roi": 35, "N_inlier": 34, "refit": true}
{"timestamp": "15:35:56.433611", "frame": 21, "mu": [1.0318056679536127, 0.6542498771794436, 1.4538178018813492], "Sigma": [[0.005887844262268562, -0.0013297616306427917, -0.00934781680406064], [-0.001329761630642792, 0.0024043011438815904, -0.0025927996559900962], [-0.00934781680406064, -0.002592799655990096, 0.0401842713840081]], "chi2_level": 0.99, "chi2_df": 3, "chi2_threshold": 11.344866730144373, "N_raw": 40, "N_roi": 38, "N_inlier": 37, "refit": true}
{"timestamp": "15:35:56.490714", "frame": 22, "mu": [0.9437576695801471, 0.6533278301477179, 1.4779007074003423], "Sigma": [[0.011469049402329491, -0.006040056155939015, -0.007032652250750386], [-0.006040056155939016, 0.004495949735893866, 0.0022879333726650254], [-0.007032652250750386, 0.0022879333726650254, 0.0062763401560602785]], "chi2_level": 0.99, "chi2_df": 3, "chi2_threshold": 11.344866730144373, "N_raw": 57, "N_roi": 57, "N_inlier": 55, "refit": true}
{"timestamp": "15:35:56.543369", "frame": 23, "mu": [0.784165486894732, 0.7172865672909319, 1.478085948870544], "Sigma": [[0.004426382219027132, 4.321620863431257e-05, -0.00774600250583027], [4.321620863431271e-05, 0.0014287398833131302, -0.0021123549891782314], [-0.00774600250583027, -0.002112354989178232, 0.03519041212619001]], "chi2_level": 0.99, "chi2_df": 3, "chi2_threshold": 11.344866730144373, "N_raw": 39, "N_roi": 39, "N_inlier": 36, "refit": true}
{"timestamp": "15:35:56.601254", "frame": 24, "mu": [0.757077368449951, 0.6634388621073863, 1.435489814208583], "Sigma": [[0.007199548285074727, -0.002349818939601213, -0.008990064212040804], [-0.0023498189396012137, 0.0028244522311340605, 0.0016814724398313058], [-0.008990064212040804, 0.0016814724398313058, 0.013046216168387173]], "chi2_level": 0.99, "chi2_df": 3, "chi2_threshold": 11.344866730144373, "N_raw": 60, "N_roi": 60, "N_inlier": 57, "refit": true}
{"timestamp": "15:35:56.660145", "frame": 25, "mu": [0.7166117473829495, 0.6991652422668193, 1.3618073823447838], "Sigma": [[0.005883359865517087, 0.0012532468028425277, -0.010262278940898342], [0.0012532468028425277, 0.0034520319617264757, -0.004367287772704976], [-0.010262278940898342, -0.004367287772704976, 0.024791463190746668]], "chi2_level": 0.99, "chi2_df": 3, "chi2_threshold": 11.344866730144373, "N_raw": 65, "N_roi": 65, "N_inlier": 63, "refit": true}
{"timestamp": "15:35:56.709980", "frame": 26, "mu": [0.5933095825339494, 0.7811384673089564, -0.3243736058704805], "Sigma": [[0.004236024745643254, 0.00025839976253625135, -0.004446982630020663], [0.0002583997625362513, 0.003647360932194637, -0.0031703569932782882], [-0.004446982630020663, -0.003170356993278288, 0.007888679492173676]], "chi2_level": 0.99, "chi2_df": 3, "chi2_threshold": 11.344866730144373, "N_raw": 52, "N_roi": 52, "N_inlier": 50, "refit": true}
{"timestamp": "15:35:56.766915", "frame": 27, "mu": [0.5411585754715493, 0.6688988846445544, 1.5023163651229603], "Sigma": [[0.004323347026187282, -0.001321358304406791, -0.0030433775749145226], [-0.0013213583044067907, 0.002678732271963912, -0.0006440068659906089], [-0.0030433775749145226, -0.0006440068659906088, 0.004043474079386665]], "chi2_level": 0.99, "chi2_df": 3, "chi2_threshold": 11.344866730144373, "N_raw": 68, "N_roi": 68, "N_inlier": 66, "refit": true}
{"timestamp": "15:35:56.820331", "frame": 28, "mu": [0.47892030420297665, 0.6712143755375508, 1.5191530576661911], "Sigma": [[0.0024399179815452633, -0.0004915502735115273, -0.0011070932963256732], [-0.0004915502735115273, 0.001483264822002541, -0.0011235372784404877], [-0.0011070932963256732, -0.0011235372784404877, 0.005385793051829796]], "chi2_level": 0.99, "chi2_df": 3, "chi2_threshold": 11.344866730144373, "N_raw": 50, "N_roi": 50, "N_inlier": 47, "refit": true}
{"timestamp": "15:35:56.878654", "frame": 29, "mu": [0.3998514529230852, 0.6913641569491209, 1.4962804466581716], "Sigma": [[0.005319007525194574, -0.0012457249046036998, -0.00017820968622790916], [-0.0012457249046037, 0.0020134515527285516, -0.0033269734352347475], [-0.00017820968622790921, -0.0033269734352347475, 0.012427984255058477]], "chi2_level": 0.99, "chi2_df": 3, "chi2_threshold": 11.344866730144373, "N_raw": 78, "N_roi": 78, "N_inlier": 76, "refit": true}
{"timestamp": "15:35:56.932761", "frame": 30, "mu": [0.30101876775584674, 0.7427409749214934, 1.4754749316628053], "Sigma": [[0.0020843559723220796, 0.00013887722935985693, -0.0017379237102782598], [0.00013887722935985699, 0.003079563041211131, -0.005536748216408558], [-0.00173792371027826, -0.005536748216408559, 0.012918529345663466]], "chi2_level": 0.99, "chi2_df": 3, "chi2_threshold": 11.344866730144373, "N_raw": 73, "N_roi": 73, "N_inlier": 71, "refit": true}
{"timestamp": "15:35:56.982799", "frame": 31, "mu": [0.20836218031782971, 0.7638018962767437, 1.422808223881992], "Sigma": [[0.0008397856368791481, -0.00012471072425628113, -0.0019631173764281867], [-0.00012471072425628113, 0.002927559850875094, -0.007053135976076768], [-0.001963117376428187, -0.007053135976076768, 0.029954332990017703]], "chi2_level": 0.99, "chi2_df": 3, "chi2_threshold": 11.344866730144373, "N_raw": 38, "N_roi": 38, "N_inlier": 37, "refit": true}
{"timestamp": "15:35:57.035520", "frame": 32, "mu": [0.07637263058352456, 0.8288933118418323, 1.0856353345620833], "Sigma": [[0.00592805707968621, 0.0024773869313461433, 0.032676044061429016], [0.0024773869313461433, 0.005197532298122324, 0.018446471289549033], [0.032676044061429016, 0.018446471289549033, 0.2075343390476705]], "chi2_level": 0.99, "chi2_df": 3, "chi2_threshold": 11.344866730144373, "N_raw": 25, "N_roi": 25, "N_inlier": 24, "refit": true}
{"timestamp": "15:35:57.099889", "frame": 33, "mu": [0.04598485898394144, 0.7138083305493731, 1.4527344642528697], "Sigma": [[0.003407133585001035, -0.0024843142500258894, -0.004435943432191999], [-0.0024843142500258894, 0.004181285765782121, 0.0012604159515364405], [-0.004435943432191999, 0.0012604159515364405, 0.013440744666547834]], "chi2_level": 0.99, "chi2_df": 3, "chi2_threshold": 11.344866730144373, "N_raw": 90, "N_roi": 90, "N_inlier": 87, "refit": true}
{"timestamp": "15:35:57.153799", "frame": 34, "mu": [-0.03431343814707575, 0.7921015962475848, -0.4476332082018391], "Sigma": [[0.001940408701450756, 0.0011040300907845112, 0.0021811442103271787], [0.0011040300907845112, 0.004179867483436348, 0.0003528334783229401], [0.0021811442103271787, 0.00035283347832293995, 0.008688416125350507]], "chi2_level": 0.99, "chi2_df": 3, "chi2_threshold": 11.344866730144373, "N_raw": 71, "N_roi": 71, "N_inlier": 66, "refit": true}
{"timestamp": "15:35:57.212327", "frame": 35, "mu": [-0.13031050716664447, 0.7226907789432403, 1.4277421609738374], "Sigma": [[0.0026158072030815884, -0.0025670203006157985, -0.003697474150002718], [-0.0025670203006157985, 0.004583277337710632, 0.001502905276428241], [-0.003697474150002718, 0.0015029052764282413, 0.016374015185269514]], "chi2_level": 0.99, "chi2_df": 3, "chi2_threshold": 11.344866730144373, "N_raw": 95, "N_roi": 95, "N_inlier": 93, "refit": true}
{"timestamp": "15:35:57.268373", "frame": 36, "mu": [-0.19552173716699098, 0.7288680541285247, 1.437833284372302], "Sigma": [[0.0037564692167278784, -0.0018599415556561595, -0.0044586289514889415], [-0.0018599415556561595, 0.0027330984504566253, -0.00046797819228960543], [-0.004458628951488942, -0.00046797819228960543, 0.013552756244777043]], "chi2_level": 0.99, "chi2_df": 3, "chi2_threshold": 11.344866730144373, "N_raw": 102, "N_roi": 101, "N_inlier": 99, "refit": true}
{"timestamp": "15:35:57.319174", "frame": 37, "mu": [-0.3062101675825694, 0.7518024828272957, 1.5582369339495572], "Sigma": [[0.0033868792123273976, -0.0016595899409999407, -0.001991196846052484], [-0.0016595899409999407, 0.0032379454485546642, -0.0009520146832955147], [-0.001991196846052484, -0.000952014683295515, 0.004020528796158262]], "chi2_level": 0.99, "chi2_df": 3, "chi2_threshold": 11.344866730144373, "N_raw": 77, "N_roi": 77, "N_inlier": 75, "refit": true}
{"timestamp": "15:35:57.368431", "frame": 38, "mu": [-0.4587153748648034, 0.7787393884220315, 1.6276381591958813], "Sigma": [[0.0017701862588783638, -0.00020327247572506042, -0.0011252235520359392], [-0.00020327247572506045, 0.0014200843360501203, -0.0005947659181024053], [-0.001125223552035939, -0.0005947659181024053, 0.001226543406954707]], "chi2_level": 0.99, "chi2_df": 3, "chi2_threshold": 11.344866730144373, "N_raw": 31, "N_roi": 28, "N_inlier": 27, "refit": true}
{"timestamp": "15:35:57.424269", "frame": 39, "mu": [-0.5625728405967981, 0.7062842448697713, 1.622073168111911], "Sigma": [[0.022907599210064748, 0.010988463836225839, -0.012055157019211022], [0.010988463836225839, 0.00779757171339534, -0.0067526320827563276], [-0.012055157019211022, -0.0067526320827563276, 0.008986569081945422]], "chi2_level": 0.99, "chi2_df": 3, "chi2_threshold": 11.344866730144373, "N_raw": 53, "N_roi": 52, "N_inlier": 49, "refit": true}
{"timestamp": "15:35:57.475867", "frame": 40, "mu": [-0.8120862066649739, 0.6286200141905256, 1.7958637569270053], "Sigma": [[0.013321812529639194, 0.006856396283879268, -0.007719307945999749], [0.006856396283879268, 0.007536591454338745, -0.005317521197519301], [-0.007719307945999749, -0.005317521197519302, 0.005262089225908505]], "chi2_level": 0.99, "chi2_df": 3, "chi2_threshold": 11.344866730144373, "N_raw": 26, "N_roi": 25, "N_inlier": 24, "refit": true}
{"timestamp": "15:35:57.535558", "frame": 41, "mu": [-0.8691485812525586, 0.6383800218034315, 1.7515190233436926], "Sigma": [[0.0073373006706809575, 0.0033065909708986365, -0.004436111455696068], [0.0033065909708986365, 0.007126374070174252, -0.004774891253801171], [-0.004436111455696068, -0.004774891253801171, 0.004442730439058565]], "chi2_level": 0.99, "chi2_df": 3, "chi2_threshold": 11.344866730144373, "N_raw": 63, "N_roi": 63, "N_inlier": 60, "refit": true}
{"timestamp": "15:35:57.590652", "frame": 42, "mu": [-0.9081849325108665, 0.6362415018916955, 1.6718646612579156], "Sigma": [[0.006754333728644623, 0.001496353906110678, -0.001024964135441376], [0.001496353906110678, 0.005615572125240173, -0.002798720033157157], [-0.0010249641354413762, -0.002798720033157157, 0.0018359464213279018]], "chi2_level": 0.99, "chi2_df": 3, "chi2_threshold": 11.344866730144373, "N_raw": 63, "N_roi": 63, "N_inlier": 60, "refit": true}
{"timestamp": "15:35:57.646379", "frame": 43, "mu": [-0.9720274949173114, 0.6753117799501365, 1.7310198016965281], "Sigma": [[0.00745773453824222, 0.0006920173879552712, -0.002668260274050212], [0.0006920173879552711, 0.005782247588837354, -0.0025109972610940384], [-0.0026682602740502126, -0.002510997261094038, 0.002503998550816705]], "chi2_level": 0.99, "chi2_df": 3, "chi2_threshold": 11.344866730144373, "N_raw": 67, "N_roi": 67, "N_inlier": 64, "refit": true}
{"timestamp": "15:35:57.702927", "frame": 44, "mu": [-1.0096281673599679, 0.6277799088014182, 1.5690749701504396], "Sigma": [[0.008779851232248495, -0.0009376474312350759, -0.004179920355729589], [-0.0009376474312350756, 0.007418318075977944, -0.0017355785003132554], [-0.004179920355729589, -0.0017355785003132554, 0.005072249818016845]], "chi2_level": 0.99, "chi2_df": 3, "chi2_threshold": 11.344866730144373, "N_raw": 73, "N_roi": 73, "N_inlier": 69, "refit": true}
{"timestamp": "15:35:57.761841", "frame": 45, "mu": [-1.0281205136705678, 0.7042695646909094, 1.5961596006439278], "Sigma": [[0.010142328975102788, 0.0012757559166359693, -0.006015612544736098], [0.0012757559166359693, 0.0072442316951049175, -0.005027160283775797], [-0.006015612544736098, -0.005027160283775797, 0.00952532904151236]], "chi2_level": 0.99, "chi2_df": 3, "chi2_threshold": 11.344866730144373, "N_raw": 93, "N_roi": 93, "N_inlier": 88, "refit": true}
{"timestamp": "15:35:57.815839", "frame": 46, "mu": [-1.1239914519020355, 0.6563382955185197, 1.5073476468354978], "Sigma": [[0.008316459504264366, 0.0015690119301275752, -0.002862677828825444], [0.0015690119301275747, 0.013834128817224223, -0.0035234553182339643], [-0.002862677828825444, -0.0035234553182339643, 0.0030390097711185454]], "chi2_level": 0.99, "chi2_df": 3, "chi2_threshold": 11.344866730144373, "N_raw": 91, "N_roi": 91, "N_inlier": 83, "refit": true}
{"timestamp": "15:35:57.868174", "frame": 47, "mu": [-1.1902193331451396, 0.7007266500374226, 1.5862437519698944], "Sigma": [[0.010188033420357982, 0.001010929888433965, -0.006516280017149235], [0.001010929888433965, 0.01056649146227513, -0.004615958838640451], [-0.006516280017149235, -0.004615958838640451, 0.009728349728562779]], "chi2_level": 0.99, "chi2_df": 3, "chi2_threshold": 11.344866730144373, "N_raw": 76, "N_roi": 76, "N_inlier": 73, "refit": true}
{"timestamp": "15:35:57.925090", "frame": 48, "mu": [-1.264960688353571, 0.7706229994659939, 1.3828733201999421], "Sigma": [[0.010540340481029345, 0.007389505249283683, -0.028254507579001137], [0.007389505249283683, 0.016944237747306058, -0.0578668942894925], [-0.028254507579001137, -0.0578668942894925, 0.2527687216438812]], "chi2_level": 0.99, "chi2_df": 3, "chi2_threshold": 11.344866730144373, "N_raw": 80, "N_roi": 80, "N_inlier": 80, "refit": true}
{"timestamp": "15:35:57.978239", "frame": 49, "mu": [-1.3174764215731716, 0.6771625892449323, 1.5381841054449552], "Sigma": [[0.009396299227596867, 0.0016196096340332505, -0.002136968577154073], [0.0016196096340332505, 0.009950058791132444, -0.006600215315940487], [-0.002136968577154073, -0.006600215315940487, 0.005116233901925997]], "chi2_level": 0.99, "chi2_df": 3, "chi2_threshold": 11.344866730144373, "N_raw": 74, "N_roi": 74, "N_inlier": 74, "refit": true}
{"timestamp": "15:35:58.035102", "frame": 50, "mu": [-1.3362609832183872, 0.688920429239158, 1.4784458154735167], "Sigma": [[0.01171247486187457, 0.00421621175352257, -0.0032396202866417675], [0.00421621175352257, 0.01627957219714589, -0.005944311144708643], [-0.0032396202866417675, -0.005944311144708643, 0.0029562848011824546]], "chi2_level": 0.99, "chi2_df": 3, "chi2_threshold": 11.344866730144373, "N_raw": 89, "N_roi": 89, "N_inlier": 87, "refit": true}
{"timestamp": "15:35:58.088379", "frame": 51, "mu": [-1.416493706059816, 0.730845150666123, 1.4958324536802456], "Sigma": [[0.012013184447982427, 0.00229607383652396, -0.004244006742351574], [0.0022960738365239604, 0.009825978147637611, -0.006272942999286416], [-0.004244006742351574, -0.006272942999286416, 0.005646028760157702]], "chi2_level": 0.99, "chi2_df": 3, "chi2_threshold": 11.344866730144373, "N_raw": 78, "N_roi": 78, "N_inlier": 78, "refit": true}
{"timestamp": "15:35:58.145311", "frame": 52, "mu": [-1.4769257426366773, 0.788837232614772, 1.5060478530572412], "Sigma": [[0.013213606219681946, 0.0024717099801458767, -0.006370956833647967], [0.0024717099801458767, 0.010734514510125782, -0.0071834860854589795], [-0.006370956833647966, -0.0071834860854589795, 0.008643708461774976]], "chi2_level": 0.99, "chi2_df": 3, "chi2_threshold": 11.344866730144373, "N_raw": 89, "N_roi": 89, "N_inlier": 81, "refit": true}
{"timestamp": "15:35:58.201462", "frame": 53, "mu": [-1.525546165275394, 0.8519494687252626, 1.343933008039208], "Sigma": [[0.0161655832032966, 0.0064450979072838335, -0.028632588353091674], [0.0064450979072838335, 0.010744380516109618, -0.011699878214530503], [-0.028632588353091674, -0.011699878214530503, 0.13649368889455324]], "chi2_level": 0.99, "chi2_df": 3, "chi2_threshold": 11.344866730144373, "N_raw": 98, "N_roi": 98, "N_inlier": 98, "refit": true}
{"timestamp": "15:35:58.251625", "frame": 54, "mu": [-1.6096995250122896, 0.8255927267017223, 1.42892311598605], "Sigma": [[0.007786680134852507, 0.0025704795875934284, 0.0012787569250680615], [0.0025704795875934284, 0.007368383899149268, -0.005251026501456063], [0.001278756925068062, -0.005251026501456063, 0.020326634889496844]], "chi2_level": 0.99, "chi2_df": 3, "chi2_threshold": 11.344866730144373, "N_raw": 64, "N_roi": 64, "N_inlier": 62, "refit": true}
{"timestamp": "15:35:58.306612", "frame": 55, "mu": [-1.622695130373586, 0.9056479131194166, 1.3489079299814655], "Sigma": [[0.008244181401199034, 0.005217273531863486, 0.0025800871604205328], [0.005217273531863487, 0.009157104873765821, -0.0037000958067111966], [0.0025800871604205328, -0.0037000958067111966, 0.019912957915122785]], "chi2_level": 0.99, "chi2_df": 3, "chi2_threshold": 11.344866730144373, "N_raw": 70, "N_roi": 70, "N_inlier": 68, "refit": true}
{"timestamp": "15:35:58.361079", "frame": 56, "mu": [-1.7310460079078145, 0.9534930143458134, 1.447608953829579], "Sigma": [[0.008043351688426301, 0.004686511792015407, -0.0005884005377400959], [0.004686511792015407, 0.00742095585570034, -0.00709739834698178], [-0.0005884005377400956, -0.00709739834698178, 0.026390589097159266]], "chi2_level": 0.99, "chi2_df": 3, "chi2_threshold": 11.344866730144373, "N_raw": 60, "N_roi": 60, "N_inlier": 59, "refit": true}
{"timestamp": "15:35:58.415632", "frame": 57, "mu": [-1.774539513930189, 1.0675630432864585, -0.31066548513988057], "Sigma": [[0.009213069522290293, 0.005349625332849571, 0.000945574838745993], [0.005349625332849571, 0.012728872070251472, -0.012117642727553616], [0.0009455748387459934, -0.012117642727553616, 0.03189424468546191]], "chi2_level": 0.99, "chi2_df": 3, "chi2_threshold": 11.344866730144373, "N_raw": 64, "N_roi": 64, "N_inlier": 64, "refit": true}
{"timestamp": "15:35:58.476801", "frame": 58, "mu": [-1.818531397135591, 1.0042081912247744, 1.3564974309801958], "Sigma": [[0.0288056541456723, 0.003344951379577797, 0.02853667488114466], [0.003344951379577797, 0.013070863851090563, -0.013558644028980625], [0.02853667488114466, -0.013558644028980627, 0.08994032003791205]], "chi2_level": 0.99, "chi2_df": 3, "chi2_threshold": 11.344866730144373, "N_raw": 97, "N_roi": 97, "N_inlier": 96, "refit": true}
{"timestamp": "15:35:58.526979", "frame": 59, "mu": [-1.8110342681626797, 1.053121053033331, 1.3717371423008033], "Sigma": [[0.012658560832589717, 0.004537148960273653, 0.00013353890531228688], [0.004537148960273652, 0.0075877412854541415, -0.005112379898933598], [0.00013353890531228672, -0.005112379898933598, 0.006659724417391916]], "chi2_level": 0.99, "chi2_df": 3, "chi2_threshold": 11.344866730144373, "N_raw": 63, "N_roi": 63, "N_inlier": 59, "refit": true}
{"timestamp": "15:35:58.581882", "frame": 60, "mu": [-1.8146743358024238, 1.1159710037545603, 1.3642083420669204], "Sigma": [[0.009572085732366667, 0.005095615084760431, -0.0003172278664538772], [0.005095615084760432, 0.008977971929096001, -0.008798604540769802], [-0.0003172278664538774, -0.008798604540769802, 0.017467134505639137]], "chi2_level": 0.99, "chi2_df": 3, "chi2_threshold": 11.344866730144373, "N_raw": 66, "N_roi": 66, "N_inlier": 66, "refit": true}
{"timestamp": "15:35:58.637425", "frame": 61, "mu": [-1.9101243850197134, 1.1624064290620904, 1.5067475010171438], "Sigma": [[0.012202928319299049, 0.004347466404887696, -0.005061870606050053], [0.004347466404887696, 0.012155950531659259, -0.010396577109260879], [-0.005061870606050053, -0.010396577109260879, 0.013765044399565074]], "chi2_level": 0.99, "chi2_df": 3, "chi2_threshold": 11.344866730144373, "N_raw": 67, "N_roi": 67, "N_inlier": 66, "refit": true}
{"timestamp": "15:35:58.692500", "frame": 62, "mu": [-1.9370186655937072, 1.2556828403177498, 1.477507483086049], "Sigma": [[0.012574159324645359, 0.0031956672351700953, -0.0004378946590567227], [0.0031956672351700953, 0.009056447919594255, -0.003259808080065597], [-0.00043789465905672237, -0.003259808080065597, 0.03374767891022313]], "chi2_level": 0.99, "chi2_df": 3, "chi2_threshold": 11.344866730144373, "N_raw": 69, "N_roi": 69, "N_inlier": 68, "refit": true}
{"timestamp": "15:35:58.747592", "frame": 63, "mu": [-1.9844150680441324, 1.3095101902750337, 1.5253320876596717], "Sigma": [[0.013635044664486399, 0.003030863512784019, -0.0026468130754892668], [0.003030863512784019, 0.008966485311223559, -0.0072993046291698485], [-0.0026468130754892668, -0.007299304629169849, 0.016998436207090115]], "chi2_level": 0.99, "chi2_df": 3, "chi2_threshold": 11.344866730144373, "N_raw": 67, "N_roi": 67, "N_inlier": 65, "refit": true}
{"timestamp": "15:35:58.804527", "frame": 64, "mu": [-1.985400189717412, 1.3743624211788523, 1.4216412729172212], "Sigma": [[0.013780587586690181, 0.00779018685813505, -0.0003618699139972093], [0.00779018685813505, 0.012206388889576715, -0.007539386198557978], [-0.00036186991399720964, -0.007539386198557977, 0.04162716941090246]], "chi2_level": 0.99, "chi2_df": 3, "chi2_threshold": 11.344866730144373, "N_raw": 84, "N_roi": 84, "N_inlier": 82, "refit": true}
{"timestamp": "15:35:58.857184", "frame": 65, "mu": [-2.0455584571313112, 1.4326760103261702, 1.5728522581463296], "Sigma": [[0.013966923413552898, 0.004377668723253294, -0.009253058171713041], [0.004377668723253294, 0.011032221174879198, -0.00797944572155172], [-0.009253058171713041, -0.00797944572155172, 0.019288788443610975]], "chi2_level": 0.99, "chi2_df": 3, "chi2_threshold": 11.344866730144373, "N_raw": 62, "N_roi": 62, "N_inlier": 60, "refit": true}
{"timestamp": "15:35:58.911884", "frame": 66, "mu": [-2.1062722507378484, 1.4626352977405654, 1.6845912197669732], "Sigma": [[0.014598466079093287, 0.008483372854734172, -0.014375271712937596], [0.008483372854734172, 0.020428196056093653, -0.013045102534927643], [-0.014375271712937596, -0.013045102534927643, 0.017613940249195312]], "chi2_level": 0.99, "chi2_df": 3, "chi2_threshold": 11.344866730144373, "N_raw": 70, "N_roi": 70, "N_inlier": 67, "refit": true}
{"timestamp": "15:35:58.964128", "frame": 67, "mu": [-2.195366352824641, 1.4904441280966707, 1.6973083519323575], "Sigma": [[0.01206582559655883, 0.008655653476876813, -0.006934002322862365], [0.008655653476876813, 0.013058255019606316, -0.00973169930180145], [-0.006934002322862365, -0.009731699301801452, 0.009578155128523539]], "chi2_level": 0.99, "chi2_df": 3, "chi2_threshold": 11.344866730144373, "N_raw": 45, "N_roi": 45, "N_inlier": 44, "refit": true}
{"timestamp": "15:35:59.023182", "frame": 68, "mu": [-2.1820369514478832, 1.626691834574434, 1.486133264006477], "Sigma": [[0.012525485252394282, 0.009417884382185363, -0.020676265309789717], [0.009417884382185365, 0.0205637344426393, -0.04429676800798475], [-0.020676265309789717, -0.04429676800798475, 0.23374802167308031]], "chi2_level": 0.99, "chi2_df": 3, "chi2_threshold": 11.344866730144373, "N_raw": 75, "N_roi": 75, "N_inlier": 75, "refit": true}
{"timestamp": "15:35:59.072268", "frame": 69, "mu": [-2.2075453771628397, 1.6112595163140147, 1.7091340033785696], "Sigma": [[0.01448849025096612, 0.007792183745925338, -0.007954286408224036], [0.007792183745925338, 0.010500346159162581, -0.006347154385048431], [-0.007954286408224036, -0.006347154385048431, 0.007040161726772428]], "chi2_level": 0.99, "chi2_df": 3, "chi2_threshold": 11.344866730144373, "N_raw": 36, "N_roi": 36, "N_inlier": 34, "refit": true}
{"timestamp": "15:35:59.128930", "frame": 70, "mu": [-2.2913858476581175, 1.714952920537524, 1.4322301950172809], "Sigma": [[0.011442220871937041, 0.012993724472432619, -0.03244660040946248], [0.012993724472432619, 0.016524721554326875, -0.043698772594591234], [-0.03244660040946248, -0.04369877259459124, 0.21168362369832425]], "chi2_level": 0.99, "chi2_df": 3, "chi2_threshold": 11.344866730144373, "N_raw": 38, "N_roi": 37, "N_inlier": 36, "refit": true}
{"timestamp": "15:35:59.186668", "frame": 71, "mu": [-2.2344729933853027, 1.8203346755896754, 1.5136153793664078], "Sigma": [[0.017978690348089493, 0.016652759555924754, -0.013430011487088656], [0.016652759555924754, 0.02433733351997398, -0.02153526378293592], [-0.013430011487088656, -0.02153526378293592, 0.02276916322630534]], "chi2_level": 0.99, "chi2_df": 3, "chi2_threshold": 11.344866730144373, "N_raw": 73, "N_roi": 69, "N_inlier": 68, "refit": true}
{"timestamp": "15:35:59.238882", "frame": 72, "mu": [-2.271393101186908, 1.8800655670984463, 1.425941216318039], "Sigma": [[0.017036763617516323, 0.013028233114654324, -0.01488963163234323], [0.013028233114654324, 0.014841194606561638, -0.014772779057942689], [-0.01488963163234323, -0.014772779057942689, 0.023245288899587276]], "chi2_level": 0.99, "chi2_df": 3, "chi2_threshold": 11.344866730144373, "N_raw": 50, "N_roi": 45, "N_inlier": 42, "refit": true}
{"timestamp": "15:35:59.293558", "frame": 73, "mu": [-2.2100927967080697, 1.9918605921492718, -0.44780486157576854], "Sigma": [[0.016786567427968576, 0.016039900292950035, 0.021050997285319117], [0.016039900292950035, 0.022683270773670383, 0.022424327992698317], [0.021050997285319117, 0.022424327992698317, 0.13366712311692597]], "chi2_level": 0.99, "chi2_df": 3, "chi2_threshold": 11.344866730144373, "N_raw": 49, "N_roi": 45, "N_inlier": 45, "refit": true}
{"timestamp": "15:35:59.351075", "frame": 74, "mu": [-2.2852730911556263, 2.0487001609084334, 1.4418998227973698], "Sigma": [[0.015502849485080057, 0.010478205655317454, -0.02270756092205882], [0.010478205655317454, 0.017787569074263494, 0.004322907633554918], [-0.02270756092205882, 0.0043229076335549186, 0.19152002035749618]], "chi2_level": 0.99, "chi2_df": 3, "chi2_threshold": 11.344866730144373, "N_raw": 63, "N_roi": 49, "N_inlier": 48, "refit": true}
{"timestamp": "15:35:59.403820", "frame": 75, "mu": [-2.33622647650497, 1.9994816288722954, 1.6842074111357506], "Sigma": [[0.012746087662715398, 0.009999771207964098, -0.0085649874792452], [0.009999771207964098, 0.020063254871370263, -0.021993628181224835], [-0.0085649874792452, -0.02199362818122484, 0.03674870838894141]], "chi2_level": 0.99, "chi2_df": 3, "chi2_threshold": 11.344866730144373, "N_raw": 48, "N_roi": 31, "N_inlier": 30, "refit": true}
{"timestamp": "15:35:59.453804", "frame": 76, "mu": [-2.222740286597012, 2.1889374232844756, 1.5414048279739554], "Sigma": [[0.02526617362400992, 0.022844408817502885, -0.025967405317592493], [0.022844408817502885, 0.02686428391851801, -0.0395495663368987], [-0.025967405317592493, -0.0395495663368987, 0.09618408702399403]], "chi2_level": 0.99, "chi2_df": 3, "chi2_threshold": 11.344866730144373, "N_raw": 14, "N_roi": 10, "N_inlier": 10, "refit": true}
{"timestamp": "15:35:59.513199", "frame": 77, "mu": [-2.238363642764396, 2.2256569732138862, 1.7329010498851383], "Sigma": [[0.022647643626262624, 0.019232639655197822, -0.017409763375936377], [0.019232639655197822, 0.02228011076593174, -0.013053145057935804], [-0.017409763375936377, -0.013053145057935804, 0.015252986736726093]], "chi2_level": 0.99, "chi2_df": 3, "chi2_threshold": 11.344866730144373, "N_raw": 52, "N_roi": 41, "N_inlier": 40, "refit": true}
{"timestamp": "15:35:59.569890", "frame": 78, "mu": [-2.1605509227158333, 2.364034250646923, 1.611898270034365], "Sigma": [[0.0155722620620557, 0.014595004363215109, -0.012503415908507802], [0.014595004363215109, 0.020692008401051457, -0.018322910322779357], [-0.012503415908507802, -0.018322910322779357, 0.04076927490486634]], "chi2_level": 0.99, "chi2_df": 3, "chi2_threshold": 11.344866730144373, "N_raw": 51, "N_roi": 44, "N_inlier": 44, "refit": true}
{"timestamp": "15:35:59.618602", "frame": 79, "mu": [-2.1421345802968004, 2.5254136547352224, 1.4418407421412558], "Sigma": [[0.01941117549930075, -0.0021696745136473095, 0.040489497663799154], [-0.0021696745136473095, 0.002697468820382929, -0.007489780731579737], [0.040489497663799154, -0.0074897807315797375, 0.10825337760892972]], "chi2_level": 0.99, "chi2_df": 3, "chi2_threshold": 11.344866730144373, "N_raw": 13, "N_roi": 13, "N_inlier": 13, "refit": true}
{"timestamp": "15:35:59.676911", "frame": 80, "mu": [-2.15313175293308, 2.6409135902088865, 1.747019761452312], "Sigma": [[0.013094299770645355, 0.006611201059313424, -0.011058492522984766], [0.006611201059313424, 0.006733904089174083, -0.007026929315357551], [-0.011058492522984768, -0.007026929315357551, 0.013923491126737278]], "chi2_level": 0.99, "chi2_df": 3, "chi2_threshold": 11.344866730144373, "N_raw": 34, "N_roi": 30, "N_inlier": 28, "refit": true}
{"timestamp": "15:35:59.729804", "frame": 81, "mu": [-2.12378511153438, 2.736293963140432, -0.367633854069068], "Sigma": [[0.0028527092047876588, 0.000395272949096428, 0.009788232939228002], [0.0003952729490964281, 0.023375654461547817, -0.0336180863945848], [0.009788232939228, -0.0336180863945848, 0.16460363544199744]], "chi2_level": 0.99, "chi2_df": 3, "chi2_threshold": 11.344866730144373, "N_raw": 20, "N_roi": 12, "N_inlier": 12, "refit": true}
{"timestamp": "15:35:59.783605", "frame": 82, "mu": [-1.9209820241023878, 2.4369195679136677, 1.089411202618749], "Sigma": [[0.49332816979214417, -0.5621619652326689, 0.1762220004038189], [-0.5621619652326689, 0.655791826384552, -0.17784760953120357], [0.1762220004038189, -0.17784760953120354, 0.2753969633557249]], "chi2_level": 0.99, "chi2_df": 3, "chi2_threshold": 11.344866730144373, "N_raw": 10, "N_roi": 7, "N_inlier": 7, "refit": true}
{"timestamp": "15:35:59.837551", "frame": 83, "mu": [-2.1648750116112065, 2.795019316911148, 1.4580084579394097], "Sigma": [[0.0013124750322250883, 0.00014587603097489439, -0.0006894789261961231], [0.00014587603097489439, 0.008073690948663781, -0.015331979349054038], [-0.0006894789261961229, -0.015331979349054038, 0.15539155814003797]], "chi2_level": 0.99, "chi2_df": 3, "chi2_threshold": 11.344866730144373, "N_raw": 7, "N_roi": 7, "N_inlier": 7, "refit": true}
{"timestamp": "15:35:59.892301", "frame": 84, "mu": [-2.221354374305458, 2.866371837956363, 1.528809724091202], "Sigma": [[0.0022883115460758563, -0.0035886354707874383, 0.006677373597788605], [-0.0035886354707874374, 0.008144355584859061, -0.010965958343855338], [0.006677373597788605, -0.010965958343855338, 0.025895469769492786]], "chi2_level": 0.99, "chi2_df": 3, "chi2_threshold": 11.344866730144373, "N_raw": 7, "N_roi": 7, "N_inlier": 7, "refit": true}
{"timestamp": "15:35:59.950405", "frame": 85, "mu": [-2.2126054771979913, 3.02978797310419, 1.4060278571290827], "Sigma": [[0.00962319466747649, 0.004085373677260444, -0.005866007746618896], [0.004085373677260442, 0.004309792954553206, -0.008826017637678579], [-0.005866007746618896, -0.008826017637678579, 0.04344602126328131]], "chi2_level": 0.99, "chi2_df": 3, "chi2_threshold": 11.344866730144373, "N_raw": 24, "N_roi": 24, "N_inlier": 23, "refit": true}
{"timestamp": "15:36:00.004000", "frame": 86, "mu": [-2.225347043677095, 3.0249843354965353, 1.4541372739516696], "Sigma": [[0.0025670787807636317, -0.0020333426717431186, 0.003867986688964793], [-0.0020333426717431186, 0.0031735558969966174, -0.0037133283845601633], [0.003867986688964793, -0.0037133283845601638, 0.007296305523054912]], "chi2_level": 0.99, "chi2_df": 3, "chi2_threshold": 11.344866730144373, "N_raw": 20, "N_roi": 6, "N_inlier": 6, "refit": true}
{"timestamp": "15:36:00.062660", "frame": 87, "mu": [-2.1640832639242102, 3.08794585879599, 1.608506150807486], "Sigma": [[0.014705569990003291, 0.007002709592016716, -0.012674392881459776], [0.007002709592016716, 0.007862441838105432, -0.006555911852565033], [-0.012674392881459776, -0.006555911852565032, 0.013223104966242192]], "chi2_level": 0.99, "chi2_df": 3, "chi2_threshold": 11.344866730144373, "N_raw": 49, "N_roi": 35, "N_inlier": 35, "refit": true}
{"timestamp": "15:36:00.113039", "frame": 88, "mu": [-1.965857707406654, 2.875317293778614, 1.5529285479620387], "Sigma": [[0.32759364451757206, -0.521316632247599, 0.053223238692878656], [-0.521316632247599, 0.831990892382341, -0.08491156329660005], [0.053223238692878656, -0.08491156329660002, 0.014556892872198666]], "chi2_level": 0.99, "chi2_df": 3, "chi2_threshold": 11.344866730144373, "N_raw": 6, "N_roi": 6, "N_inlier": 6, "refit": true}
{"timestamp": "15:36:00.170328", "frame": 89, "mu": [-2.1879086953362585, 3.268715587101616, 1.507268126210051], "Sigma": [[0.013148300156967987, 0.004283232173341638, -0.009064199614403195], [0.004283232173341636, 0.004170857228048949, -0.012077713541985592], [-0.009064199614403195, -0.012077713541985594, 0.053422464387587125]], "chi2_level": 0.99, "chi2_df": 3, "chi2_threshold": 11.344866730144373, "N_raw": 27, "N_roi": 27, "N_inlier": 25, "refit": true}
{"timestamp": "15:36:00.223900", "frame": 90, "mu": [-1.9809328616335355, 3.056342420172442, 1.1292212330492888], "Sigma": [[0.39562704753282923, -0.5541692490467708, 0.14700181081677552], [-0.5541692490467708, 0.7809802297967179, -0.19801218096900602], [0.14700181081677555, -0.19801218096900602, 0.10042077768816352]], "chi2_level": 0.99, "chi2_df": 3, "chi2_threshold": 11.344866730144373, "N_raw": 12, "N_roi": 8, "N_inlier": 8, "refit": true}
{"timestamp": "15:36:00.277084", "frame": 91, "mu": [-2.0967924815657746, 3.447193707393918, 0.994289192678965], "Sigma": [[0.002560304430339926, -0.006538402267263303, 0.019856455717786582], [-0.006538402267263304, 0.019305568096554027, -0.05882570312678036], [0.019856455717786582, -0.05882570312678035, 0.1941362848926376]], "chi2_level": 0.99, "chi2_df": 3, "chi2_threshold": 11.344866730144373, "N_raw": 6, "N_roi": 5, "N_inlier": 5, "refit": true}
{"timestamp": "15:36:00.333311", "frame": 92, "mu": [-2.1256829588065895, 3.397777258693162, 1.4118257031361832], "Sigma": [[0.005075447779127981, -0.0020010089444246664, 0.004943915175696414], [-0.002001008944424666, 0.0034690663622717528, -0.011230680724131824], [0.004943915175696414, -0.011230680724131824, 0.12525088865012005]], "chi2_level": 0.99, "chi2_df": 3, "chi2_threshold": 11.344866730144373, "N_raw": 12, "N_roi": 10, "N_inlier": 9, "refit": true}
{"timestamp": "15:36:00.443652", "frame": 94, "mu": [-2.0824741935930042, 3.634280398982683, 0.08744214764183042], "Sigma": [[0.007379498161980209, -0.01020241435821048, 0.026365951769985862], [-0.010202414358210482, 0.014879407775092167, -0.03756644154134867], [0.026365951769985862, -0.03756644154134867, 0.10693387575703153]], "chi2_level": 0.99, "chi2_df": 3, "chi2_threshold": 11.344866730144373, "N_raw": 10, "N_roi": 8, "N_inlier": 8, "refit": true}
{"timestamp": "15:36:00.498844", "frame": 95, "mu": [-2.0873154661228783, 3.624361171276866, 1.21229461003997], "Sigma": [[0.011504089271872334, -0.0023983991456586837, 0.027214659753519804], [-0.0023983991456586837, 0.0031191101777808166, -0.004024436971115366], [0.027214659753519804, -0.004024436971115366, 0.07842040206242226]], "chi2_level": 0.99, "chi2_df": 3, "chi2_threshold": 11.344866730144373, "N_raw": 11, "N_roi": 8, "N_inlier": 8, "refit": true}
{"timestamp": "15:36:00.552556", "frame": 96, "mu": [-1.8743852071918536, 3.716875648932935, 1.2964822063415153], "Sigma": [[0.0025584130654634873, 0.0001990365448091733, 0.001371681786616054], [0.00019903654480917307, 0.003692839827075476, -0.00972045707164182], [0.001371681786616054, -0.00972045707164182, 0.03330736751195145]], "chi2_level": 0.99, "chi2_df": 3, "chi2_threshold": 11.344866730144373, "N_raw": 7, "N_roi": 5, "N_inlier": 5, "refit": true}
{"timestamp": "15:36:00.717294", "frame": 99, "mu": [-1.7607486946855646, 3.8586406891240372, 1.3483226356100528], "Sigma": [[0.00011209587876477701, -2.5943020371021227e-05, 0.0005136833047983569], [-2.5943020371021227e-05, 0.005444290272408812, -0.008744190260868997], [0.0005136833047983569, -0.008744190260868995, 0.019484821917886135]], "chi2_level": 0.99, "chi2_df": 3, "chi2_threshold": 11.344866730144373, "N_raw": 5, "N_roi": 5, "N_inlier": 5, "refit": true}
{"timestamp": "15:36:00.877156", "frame": 100, "mu": [-1.754198896968829, 3.9641881938314762, 0.33393522037361884], "Sigma": [[0.00537133778109171, -0.011527975753168804, 0.021273463306026856], [-0.011527975753168803, 0.02726127118513114, -0.04472561752538128], [0.02127346330602686, -0.04472561752538128, 0.08989576912111127]], "chi2_level": 0.99, "chi2_df": 3, "chi2_threshold": 11.344866730144373, "N_raw": 7, "N_roi": 6, "N_inlier": 6, "refit": true}
{"timestamp": "15:36:00.920922", "frame": 101, "mu": [-1.6782019186637136, 3.9495904745461767, 1.4251243806644056], "Sigma": [[0.010557357506014923, 0.0033393965745108344, -0.0019361320361651162], [0.003339396574510834, 0.0031738219479849313, -0.0005523550611378804], [-0.0019361320361651162, -0.0005523550611378804, 0.0004984004163824439]], "chi2_level": 0.99, "chi2_df": 3, "chi2_threshold": 11.344866730144373, "N_raw": 20, "N_roi": 20, "N_inlier": 20, "refit": true}
{"timestamp": "15:36:00.949577", "frame": 102, "mu": [-1.6370450368637666, 3.951432493822149, 1.147598091671086], "Sigma": [[0.006950738824449441, 0.0028404799669080306, -0.004373130543224702], [0.0028404799669080306, 0.01309283302146655, -0.0281509544428419], [-0.004373130543224702, -0.0281509544428419, 0.1723511409808162]], "chi2_level": 0.99, "chi2_df": 3, "chi2_threshold": 11.344866730144373, "N_raw": 15, "N_roi": 14, "N_inlier": 14, "refit": true}
{"timestamp": "15:36:00.974461", "frame": 103, "mu": [-1.6118821196921274, 3.9769010166359102, 1.1770843894676397], "Sigma": [[0.0019348634589911732, 0.004703752431864111, 0.0019406852047214027], [0.004703752431864111, 0.014010410318428278, 0.004715313967810372], [0.0019406852047214027, 0.004715313967810372, 0.003547123954820684]], "chi2_level": 0.99, "chi2_df": 3, "chi2_threshold": 11.344866730144373, "N_raw": 9, "N_roi": 5, "N_inlier": 5, "refit": true}
