{"timestamp": "15:21:03.523208", "frame": 1, "mu": [1.2584055198647104, 1.275014048412322, 1.3297394321511062], "Sigma": [[0.0037375399565098685, -0.0036866894394293696, -0.0014999541412230096], [-0.0036866894394293696, 0.012536795565893119, -0.0016263475433601193], [-0.0014999541412230096, -0.0016263475433601195, 0.005771139793383096]], "chi2_level": 0.99, "chi2_df": 3, "chi2_threshold": 11.344866730144373, "N_raw": 46, "N_roi": 46, "N_inlier": 43, "refit": true}
{"timestamp": "15:21:03.574268", "frame": 2, "mu": [1.1983974893922689, 1.197154483077026, 0.7958247858502667], "Sigma": [[0.013387279123738554, -0.010924837180460433, -0.06771936571269252], [-0.010924837180460433, 0.014715974873403067, 0.06660793068321305], [-0.06771936571269252, 0.06660793068321304, 0.558516399257773]], "chi2_level": 0.99, "chi2_df": 3, "chi2_threshold": 11.344866730144373, "N_raw": 13, "N_roi": 13, "N_inlier": 13, "refit": true}
{"timestamp": "15:21:03.636800", "frame": 3, "mu": [1.1393711685084689, 1.2555970518294695, 1.5052981240575718], "Sigma": [[0.010183181316082259, -0.0013516952683971695, -0.011854614858781963], [-0.0013516952683971695, 0.00314599867494594, -0.0016211224296125227], [-0.011854614858781963, -0.0016211224296125227, 0.021689636622052724]], "chi2_level": 0.99, "chi2_df": 3, "chi2_threshold": 11.344866730144373, "N_raw": 61, "N_roi": 61, "N_inlier": 58, "refit": true}
{"timestamp": "15:21:03.692310", "frame": 4, "mu": [1.2328192884131524, 1.2365195267982163, -0.645867035168795], "Sigma": [[0.00464743384596276, -0.0034321659732862602, 0.004659060222198736], [-0.0034321659732862607, 0.008242570789111999, -0.008007254013157605], [0.004659060222198736, -0.008007254013157605, 0.032000926002846826]], "chi2_level": 0.99, "chi2_df": 3, "chi2_threshold": 11.344866730144373, "N_raw": 60, "N_roi": 60, "N_inlier": 55, "refit": true}
{"timestamp": "15:21:03.743384", "frame": 5, "mu": [1.2508675125354727, 1.0851672600937181, 1.2911142869429133], "Sigma": [[0.009818904133220915, -0.006978489858211374, -0.005130440400489891], [-0.006978489858211374, 0.010130261940304842, -0.0020078762353450633], [-0.005130440400489891, -0.0020078762353450633, 0.027940336953305743]], "chi2_level": 0.99, "chi2_df": 3, "chi2_threshold": 11.344866730144373, "N_raw": 30, "N_roi": 30, "N_inlier": 29, "refit": true}
{"timestamp": "15:21:03.803728", "frame": 6, "mu": [1.101661780576673, 1.220413921116123, 1.2263466920135653], "Sigma": [[0.009959653059922234, -0.0016991720213307992, -0.01934049095959344], [-0.0016991720213307992, 0.0067826591520603495, -0.017573082839804376], [-0.01934049095959344, -0.017573082839804376, 0.14862177184144698]], "chi2_level": 0.99, "chi2_df": 3, "chi2_threshold": 11.344866730144373, "N_raw": 71, "N_roi": 71, "N_inlier": 70, "refit": true}
{"timestamp": "15:21:03.856366", "frame": 7, "mu": [1.140672025637776, 1.1887222377483906, 1.0224942757404942], "Sigma": [[0.003425624528287598, -0.00404725006916482, 0.0059035682131242054], [-0.004047250069164819, 0.009698812896961928, -0.021321371049257746], [0.0059035682131242054, -0.021321371049257746, 0.060915745337951084]], "chi2_level": 0.99, "chi2_df": 3, "chi2_threshold": 11.344866730144373, "N_raw": 53, "N_roi": 53, "N_inlier": 50, "refit": true}
{"timestamp": "15:21:03.907079", "frame": 8, "mu": [1.0205453157985673, 1.2209633402361155, 1.403708442456553], "Sigma": [[0.005659963576210891, 0.0011272859173938458, -0.014523522290707004], [0.0011272859173938458, 0.0024228021461496834, -0.00681346666386083], [-0.014523522290707, -0.00681346666386083, 0.04834875218060841]], "chi2_level": 0.99, "chi2_df": 3, "chi2_threshold": 11.344866730144373, "N_raw": 29, "N_roi": 29, "N_inlier": 27, "refit": true}
{"timestamp": "15:21:03.965160", "frame": 9, "mu": [0.9703301618912967, 1.2034116242016373, 1.3864394853091513], "Sigma": [[0.011530272398420744, -0.0006110575659502729, -0.022228940284753376], [-0.0006110575659502729, 0.0028953241554520964, -0.0026337089269664465], [-0.022228940284753376, -0.002633708926966447, 0.05384830660077662]], "chi2_level": 0.99, "chi2_df": 3, "chi2_threshold": 11.344866730144373, "N_raw": 47, "N_roi": 47, "N_inlier": 46, "refit": true}
{"timestamp": "15:21:04.020988", "frame": 10, "mu": [0.9600152855463332, 1.289283256931289, -0.29331452408421504], "Sigma": [[0.00855182454324207, 0.0008640524353022839, -0.011326497776557962], [0.0008640524353022838, 0.003249166440406557, -0.003853209412816998], [-0.011326497776557962, -0.0038532094128169983, 0.01921195863441582]], "chi2_level": 0.99, "chi2_df": 3, "chi2_threshold": 11.344866730144373, "N_raw": 57, "N_roi": 57, "N_inlier": 55, "refit": true}
{"timestamp": "15:21:04.075178", "frame": 11, "mu": [0.9479974095734681, 1.1131800749771998, 1.479055304283491], "Sigma": [[0.0151924261092204, -0.00620843137985173, -0.019751963353929997], [-0.00620843137985173, 0.004171382357982343, 0.007620837383134269], [-0.019751963353929997, 0.007620837383134269, 0.029562551250620916]], "chi2_level": 0.99, "chi2_df": 3, "chi2_threshold": 11.344866730144373, "N_raw": 45, "N_roi": 45, "N_inlier": 44, "refit": true}
{"timestamp": "15:21:04.131116", "frame": 12, "mu": [0.8657608645296159, 1.107313370013963, 1.417099434747776], "Sigma": [[0.017450027017683153, -0.007584221587655659, -0.02900909638261999], [-0.007584221587655659, 0.0061184971071797664, 0.011686316419325707], [-0.02900909638261999, 0.011686316419325707, 0.05889020604567961]], "chi2_level": 0.99, "chi2_df": 3, "chi2_threshold": 11.344866730144373, "N_raw": 52, "N_roi": 52, "N_inlier": 51, "refit": true}
{"timestamp": "15:21:04.187511", "frame": 13, "mu": [0.8362250121906012, 1.1065836370883306, 1.4691871174738984], "Sigma": [[0.00813971539402523, -0.0026815415765307276, -0.014849306732646898], [-0.0026815415765307276, 0.0027459135783882483, 0.0045454250466117055], [-0.014849306732646898, 0.004545425046611706, 0.0338086086947185]], "chi2_level": 0.99, "chi2_df": 3, "chi2_threshold": 11.344866730144373, "N_raw": 47, "N_roi": 47, "N_inlier": 44, "refit": true}
{"timestamp": "15:21:04.241502", "frame": 14, "mu": [0.815982274085978, 1.0515537541965374, 1.4022704842463873], "Sigma": [[0.017500088741078265, -0.009961307962129455, -0.03157030162317916], [-0.009961307962129455, 0.008511736935838272, 0.019808151645466773], [-0.03157030162317916, 0.019808151645466773, 0.06646983748844149]], "chi2_level": 0.99, "chi2_df": 3, "chi2_threshold": 11.344866730144373, "N_raw": 51, "N_roi": 51, "N_inlier": 50, "refit": true}
{"timestamp": "15:21:04.300851", "frame": 15, "mu": [0.8065735712892232, 1.0431230484622922, 1.3383465089605495], "Sigma": [[0.012321518078929387, -0.005523801193206652, -0.02313250438350587], [-0.005523801193206652, 0.006081356938652309, 0.012618242236731926], [-0.02313250438350587, 0.012618242236731924, 0.06057080678730592]], "chi2_level": 0.99, "chi2_df": 3, "chi2_threshold": 11.344866730144373, "N_raw": 87, "N_roi": 87, "N_inlier": 83, "refit": true}
{"timestamp": "15:21:04.350522", "frame": 16, "mu": [0.6951364147029805, 1.0564050782762047, 1.5389018685263116], "Sigma": [[0.006319136587604129, -0.002431416242564433, -0.00996569056074536], [-0.002431416242564433, 0.0035583714109758617, 0.003970095445007463], [-0.00996569056074536, 0.003970095445007463, 0.02430843290285291]], "chi2_level": 0.99, "chi2_df": 3, "chi2_threshold": 11.344866730144373, "N_raw": 47, "N_roi": 47, "N_inlier": 42, "refit": true}
{"timestamp": "15:21:04.408550", "frame": 17, "mu": [0.7048132969672771, 1.0308209708549585, 1.4011114593991796], "Sigma": [[0.006799713928882937, -0.0036798547559582727, -0.011848483820282581], [-0.0036798547559582727, 0.005087540881494465, 0.006492722480746357], [-0.011848483820282581, 0.006492722480746357, 0.03258088254620536]], "chi2_level": 0.99, "chi2_df": 3, "chi2_threshold": 11.344866730144373, "N_raw": 69, "N_roi": 69, "N_inlier": 68, "refit": true}
{"timestamp": "15:21:04.468685", "frame": 18, "mu": [0.7104539102069386, 1.1181239860771146, -0.4823439354062241], "Sigma": [[0.008897819368351717, 0.005199354419948997, -0.005026525527296705], [0.005199354419948997, 0.00769898748551696, -0.009096166934051755], [-0.005026525527296706, -0.009096166934051755, 0.052025745824687886]], "chi2_level": 0.99, "chi2_df": 3, "chi2_threshold": 11.344866730144373, "N_raw": 101, "N_roi": 101, "N_inlier": 98, "refit": true}
{"timestamp": "15:21:04.523113", "frame": 19, "mu": [0.6765458961381835, 0.9953414068967712, 1.388248344242494], "Sigma": [[0.009932194544744314, -0.001941065416986861, -0.011895926489587254], [-0.001941065416986861, 0.0027811921907784616, -0.0002576958049071286], [-0.011895926489587254, -0.0002576958049071284, 0.020970464876624358]], "chi2_level": 0.99, "chi2_df": 3, "chi2_threshold": 11.344866730144373, "N_raw": 93, "N_roi": 93, "N_inlier": 89, "refit": true}
{"timestamp": "15:21:04.576363", "frame": 20, "mu": [0.5594032794750498, 1.050658333310212, 1.4103784448446275], "Sigma": [[0.004375892630915685, -8.937280571383682e-05, -0.005436311829715098], [-8.937280571383687e-05, 0.00783839648471663, -0.011807333250408968], [-0.005436311829715098, -0.011807333250408968, 0.028466170901293154]], "chi2_level": 0.99, "chi2_df": 3, "chi2_threshold": 11.344866730144373, "N_raw": 80, "N_roi": 80, "N_inlier": 77, "refit": true}
{"timestamp": "15:21:04.638244", "frame": 21, "mu": [0.5610766714680667, 1.1584698982719317, -0.3912155914360884], "Sigma": [[0.007009598716332484, -0.0014214198970145984, -0.004078485042643016], [-0.0014214198970145986, 0.013065380231779876, -0.01371455283592172], [-0.004078485042643016, -0.01371455283592172, 0.026414293411343888]], "chi2_level": 0.99, "chi2_df": 3, "chi2_threshold": 11.344866730144373, "N_raw": 130, "N_roi": 130, "N_inlier": 129, "refit": true}
{"timestamp": "15:21:04.680290", "frame": 22, "mu": [0.4948777956895269, 0.9889866840155079, 1.29389131447079], "Sigma": [[0.004333357401631456, 2.711836852476323e-05, -0.014332505240180076], [2.7118368524763257e-05, 0.004338742332661373, -0.004698521829204476], [-0.014332505240180076, -0.0046985218292044766, 0.19962781604165128]], "chi2_level": 0.99, "chi2_df": 3, "chi2_threshold": 11.344866730144373, "N_raw": 40, "N_roi": 40, "N_inlier": 36, "refit": true}
{"timestamp": "15:21:04.748955", "frame": 23, "mu": [0.49049695056067566, 0.9514829303871155, 1.1548504897338645], "Sigma": [[0.01167376189106716, -0.004678213689725258, -0.038595229845322515], [-0.004678213689725259, 0.005481229540182685, 0.01943550309716279], [-0.038595229845322515, 0.019435503097162788, 0.36753136729980335]], "chi2_level": 0.99, "chi2_df": 3, "chi2_threshold": 11.344866730144373, "N_raw": 138, "N_roi": 138, "N_inlier": 136, "refit": true}
{"timestamp": "15:21:04.794448", "frame": 24, "mu": [0.3307863121033056, 0.9554588417526216, 1.5181019200541217], "Sigma": [[0.002286877260376897, -0.0004513652212018365, -0.0013953526763396584], [-0.0004513652212018365, 0.0031341483121003788, -0.0027417900090978805], [-0.0013953526763396584, -0.0027417900090978805, 0.016394393224708533]], "chi2_level": 0.99, "chi2_df": 3, "chi2_threshold": 11.344866730144373, "N_raw": 67, "N_roi": 67, "N_inlier": 61, "refit": true}
{"timestamp": "15:21:04.848065", "frame": 25, "mu": [0.33664418627561, 0.9497038610977451, 1.2584234751238774], "Sigma": [[0.004362568978635921, -0.0026199114927298994, -0.018456453689934964], [-0.0026199114927298994, 0.012095262267441953, 0.02195554535144852], [-0.018456453689934964, 0.021955545351448516, 0.16689347899362308]], "chi2_level": 0.99, "chi2_df": 3, "chi2_threshold": 11.344866730144373, "N_raw": 69, "N_roi": 69, "N_inlier": 65, "refit": true}
{"timestamp": "15:21:04.906967", "frame": 26, "mu": [0.2902036289352255, 0.9351730265975242, 1.3569790457940345], "Sigma": [[0.003385998495914049, -0.000418968628458328, -0.003823069257294535], [-0.0004189686284583279, 0.0012293591608185871, 0.0012292684384721893], [-0.003823069257294535, 0.001229268438472189, 0.056461314497108304]], "chi2_level": 0.99, "chi2_df": 3, "chi2_threshold": 11.344866730144373, "N_raw": 90, "N_roi": 90, "N_inlier": 87, "refit": true}
{"timestamp": "15:21:04.960596", "frame": 27, "mu": [0.2533405590093945, 1.0721502327718027, -0.32170774864736257], "Sigma": [[0.0040235287590223035, -0.00010363052941845697, -0.0038285141650046504], [-0.000103630529418457, 0.005440471809634482, -0.00826712586050559], [-0.0038285141650046504, -0.00826712586050559, 0.02330453764059944]], "chi2_level": 0.99, "chi2_df": 3, "chi2_threshold": 11.344866730144373, "N_raw": 81, "N_roi": 78, "N_inlier": 72, "refit": true}
{"timestamp": "15:21:05.014005", "frame": 28, "mu": [0.20465628202122282, 0.9706402475414563, 1.26075138518873], "Sigma": [[0.006470495843426662, -0.005050069955278024, 0.006570727722071316], [-0.005050069955278024, 0.005897054664421209, -0.007213057107751617], [0.006570727722071316, -0.007213057107751616, 0.012390874623266936]], "chi2_level": 0.99, "chi2_df": 3, "chi2_threshold": 11.344866730144373, "N_raw": 69, "N_roi": 69, "N_inlier": 67, "refit": true}
{"timestamp": "15:21:05.064269", "frame": 29, "mu": [0.07914559938868308, 0.9761161966441424, 1.1054748731206592], "Sigma": [[0.0037267665034128564, -0.0034139950529692696, 0.0024094613294039446], [-0.003413995052969269, 0.005325253140844567, -0.0055816157911987765], [0.002409461329403944, -0.0055816157911987765, 0.02525856378925908]], "chi2_level": 0.99, "chi2_df": 3, "chi2_threshold": 11.344866730144373, "N_raw": 38, "N_roi": 38, "N_inlier": 35, "refit": true}
{"timestamp": "15:21:05.123058", "frame": 30, "mu": [0.05886008537206331, 0.9642400832132839, 1.3155577183156704], "Sigma": [[0.004872758527333542, -0.000640969830073837, -0.010550942297703935], [-0.000640969830073837, 0.001968159170430571, -0.005377192015033919], [-0.010550942297703935, -0.005377192015033919, 0.055378319981181576]], "chi2_level": 0.99, "chi2_df": 3, "chi2_threshold": 11.344866730144373, "N_raw": 64, "N_roi": 64, "N_inlier": 60, "refit": true}
{"timestamp": "15:21:05.179878", "frame": 31, "mu": [0.08294118247797651, 1.0237784584137288, -0.3312163634530873], "Sigma": [[0.0021362544210468655, -0.0004722966667809373, -0.0023783973989896286], [-0.0004722966667809373, 0.008695810480392405, 0.00042498906861827227], [-0.0023783973989896286, 0.00042498906861827216, 0.005479400330474779]], "chi2_level": 0.99, "chi2_df": 3, "chi2_threshold": 11.344866730144373, "N_raw": 76, "N_roi": 76, "N_inlier": 74, "refit": true}
{"timestamp": "15:21:05.226912", "frame": 32, "mu": [-0.04825374731187753, 0.9233991946790465, 1.3979318602048836], "Sigma": [[0.0095825545350559, -0.0008341844315547565, -0.04333536079420036], [-0.0008341844315547567, 0.0028519717477748056, -0.005983028192994188], [-0.04333536079420036, -0.005983028192994188, 0.30706983152321404]], "chi2_level": 0.99, "chi2_df": 3, "chi2_threshold": 11.344866730144373, "N_raw": 21, "N_roi": 21, "N_inlier": 19, "refit": true}
{"timestamp": "15:21:05.293848", "frame": 33, "mu": [-0.12845022219602187, 0.9612984218950135, 1.454845810868692], "Sigma": [[0.005067999417786301, -0.0021089225184523224, 0.001487503551239686], [-0.0021089225184523224, 0.004550828943010922, -0.008441438215375897], [0.001487503551239686, -0.008441438215375897, 0.027246252559785633]], "chi2_level": 0.99, "chi2_df": 3, "chi2_threshold": 11.344866730144373, "N_raw": 109, "N_roi": 109, "N_inlier": 107, "refit": true}
{"timestamp": "15:21:05.347905", "frame": 34, "mu": [-0.17254272731540815, 0.954926307788116, -0.3689541599402588], "Sigma": [[0.002216034054773405, -0.0004193688204043905, 0.005762183996853808], [-0.0004193688204043905, 0.004044763630465618, -0.004228164348018773], [0.005762183996853808, -0.004228164348018773, 0.14001853209871565]], "chi2_level": 0.99, "chi2_df": 3, "chi2_threshold": 11.344866730144373, "N_raw": 80, "N_roi": 80, "N_inlier": 73, "refit": true}
{"timestamp": "15:21:05.398326", "frame": 35, "mu": [-0.17191551818313575, 0.918725633673934, 1.4428547173601236], "Sigma": [[0.003944565702304246, -0.0038926398093204403, -0.0053461651858630315], [-0.00389263980932044, 0.006536651313689239, 0.003195006753825902], [-0.005346165185863031, 0.0031950067538259017, 0.010355459636982584]], "chi2_level": 0.99, "chi2_df": 3, "chi2_threshold": 11.344866730144373, "N_raw": 74, "N_roi": 74, "N_inlier": 73, "refit": true}
{"timestamp": "15:21:05.456133", "frame": 36, "mu": [-0.2485789517631476, 0.9335702976652308, 1.5357474492520573], "Sigma": [[0.003940234311369768, -0.0014217068126799928, -0.0050023797947455016], [-0.0014217068126799932, 0.004181837763216948, -0.001721667227154217], [-0.0050023797947455016, -0.0017216672271542167, 0.010499022480355684]], "chi2_level": 0.99, "chi2_df": 3, "chi2_threshold": 11.344866730144373, "N_raw": 91, "N_roi": 91, "N_inlier": 91, "refit": true}
{"timestamp": "15:21:05.515004", "frame": 37, "mu": [-0.3069207035723496, 0.9531133672527765, 1.462320509427807], "Sigma": [[0.0044716614722580365, -0.002214138712366783, -0.0013468516998821811], [-0.002214138712366783, 0.003350996537278316, -0.0018363274845435635], [-0.0013468516998821813, -0.0018363274845435635, 0.02013136366043035]], "chi2_level": 0.99, "chi2_df": 3, "chi2_threshold": 11.344866730144373, "N_raw": 109, "N_roi": 106, "N_inlier": 104, "refit": true}
{"timestamp": "15:21:05.564263", "frame": 38, "mu": [-0.3204876544357907, 0.8972781999329539, 1.4450951261197869], "Sigma": [[0.004040098138249542, -0.0034428890572206624, -0.004261899539909367], [-0.0034428890572206624, 0.004950126570525688, 0.0014332061277771242], [-0.004261899539909367, 0.0014332061277771244, 0.008465189135823755]], "chi2_level": 0.99, "chi2_df": 3, "chi2_threshold": 11.344866730144373, "N_raw": 73, "N_roi": 73, "N_inlier": 72, "refit": true}
{"timestamp": "15:21:05.615206", "frame": 39, "mu": [-0.39592482845276916, 0.903298456334794, 1.537667766843962], "Sigma": [[0.0036443567308761795, -0.0029238727980893655, -0.005222839849190323], [-0.0029238727980893655, 0.004018044513659305, 0.0037520172047231987], [-0.005222839849190323, 0.003752017204723199, 0.009030536326155381]], "chi2_level": 0.99, "chi2_df": 3, "chi2_threshold": 11.344866730144373, "N_raw": 45, "N_roi": 43, "N_inlier": 42, "refit": true}
{"timestamp": "15:21:05.666045", "frame": 40, "mu": [-0.5198906907120419, 0.9684628752022764, 1.617309767799213], "Sigma": [[0.001779886988338593, -0.000766117611684828, -0.00046389980538731303], [-0.000766117611684828, 0.0011987597533041343, -0.0002953826036051599], [-0.00046389980538731303, -0.0002953826036051599, 0.0005501422597149612]], "chi2_level": 0.99, "chi2_df": 3, "chi2_threshold": 11.344866730144373, "N_raw": 20, "N_roi": 20, "N_inlier": 19, "refit": true}
{"timestamp": "15:21:05.726151", "frame": 41, "mu": [-0.5298217174947758, 0.9449346449028555, 1.5626157130524758], "Sigma": [[0.0030258062701700875, -0.0014492413091231437, -0.0025667060674761707], [-0.0014492413091231437, 0.0038280281040461196, -0.002189245241385895], [-0.0025667060674761707, -0.002189245241385895, 0.007351435187160024]], "chi2_level": 0.99, "chi2_df": 3, "chi2_threshold": 11.344866730144373, "N_raw": 65, "N_roi": 65, "N_inlier": 63, "refit": true}
{"timestamp": "15:21:05.779870", "frame": 42, "mu": [-0.5900493043995891, 0.9214612032370975, 1.5878174357447774], "Sigma": [[0.0028174178693594325, -0.0019232561423883636, -0.0011198975154671667], [-0.0019232561423883632, 0.004626701909381709, -0.0006379799398990752], [-0.0011198975154671667, -0.0006379799398990751, 0.0013369293664408294]], "chi2_level": 0.99, "chi2_df": 3, "chi2_threshold": 11.344866730144373, "N_raw": 50, "N_roi": 50, "N_inlier": 48, "refit": true}
{"timestamp": "15:21:05.835848", "frame": 43, "mu": [-0.6917569159007925, 0.9218547970913088, 1.6793992581084656], "Sigma": [[0.014466996368438576, 0.007854556802567213, -0.007972393275810645], [0.007854556802567213, 0.008325611395240651, -0.005847132519598056], [-0.007972393275810645, -0.005847132519598056, 0.00518814963917073]], "chi2_level": 0.99, "chi2_df": 3, "chi2_threshold": 11.344866730144373, "N_raw": 55, "N_roi": 55, "N_inlier": 50, "refit": true}
{"timestamp": "15:21:05.889092", "frame": 44, "mu": [-0.8883134349177114, 0.8543500177584936, 1.7586359646861036], "Sigma": [[0.02043034779361694, 0.012011151907654966, -0.012781405804588253], [0.012011151907654966, 0.011852439111235161, -0.010390379764736456], [-0.012781405804588253, -0.010390379764736456, 0.009994433212345158]], "chi2_level": 0.99, "chi2_df": 3, "chi2_threshold": 11.344866730144373, "N_raw": 42, "N_roi": 42, "N_inlier": 41, "refit": true}
{"timestamp": "15:21:05.945385", "frame": 45, "mu": [-0.9330424260990829, 0.846271014600946, 1.6978038895776826], "Sigma": [[0.020596903939662646, 0.01141072014729091, -0.017034013093984734], [0.01141072014729091, 0.011390961514523115, -0.011655108567079882], [-0.017034013093984737, -0.011655108567079884, 0.021100094091943324]], "chi2_level": 0.99, "chi2_df": 3, "chi2_threshold": 11.344866730144373, "N_raw": 48, "N_roi": 48, "N_inlier": 46, "refit": true}
{"timestamp": "15:21:06.008967", "frame": 46, "mu": [-0.9412990320877057, 0.836467265965371, 1.6507312711690898], "Sigma": [[0.01434651078816713, 0.003893794510498109, -0.006963471919009326], [0.003893794510498109, 0.008661988431194126, -0.004498848387373322], [-0.006963471919009326, -0.004498848387373322, 0.005016797649698749]], "chi2_level": 0.99, "chi2_df": 3, "chi2_threshold": 11.344866730144373, "N_raw": 112, "N_roi": 112, "N_inlier": 110, "refit": true}
{"timestamp": "15:21:06.062771", "frame": 47, "mu": [-1.0002029311349776, 0.8432912848511943, 0.26577548219694735], "Sigma": [[0.017102917305143628, 0.005732124885716939, 0.07428333654475525], [0.005732124885716938, 0.008279313904482785, 0.04618497419821434], [0.07428333654475525, 0.04618497419821434, 0.7622909679632109]], "chi2_level": 0.99, "chi2_df": 3, "chi2_threshold": 11.344866730144373, "N_raw": 102, "N_roi": 102, "N_inlier": 102, "refit": true}
{"timestamp": "15:21:06.121565", "frame": 48, "mu": [-1.068591379649495, 0.8633984330222366, 0.657650385625772], "Sigma": [[0.01706149797193097, 0.000350022067089469, 0.0671856143594888], [0.0003500220670894687, 0.008543310543420694, 0.03161505672897197], [0.0671856143594888, 0.03161505672897197, 0.6911402021095493]], "chi2_level": 0.99, "chi2_df": 3, "chi2_threshold": 11.344866730144373, "N_raw": 129, "N_roi": 129, "N_inlier": 127, "refit": true}
{"timestamp": "15:21:06.178730", "frame": 49, "mu": [-1.0901950943613392, 0.9463421120544557, 1.3796251771629446], "Sigma": [[0.016687100596057436, 0.014850979056627836, -0.04438636262943141], [0.014850979056627838, 0.023937551813630033, -0.07578598576200571], [-0.0443863626294314, -0.07578598576200571, 0.3016373045638246]], "chi2_level": 0.99, "chi2_df": 3, "chi2_threshold": 11.344866730144373, "N_raw": 133, "N_roi": 133, "N_inlier": 133, "refit": true}
{"timestamp": "15:21:06.228907", "frame": 50, "mu": [-1.121303665612282, 0.8586085321353472, 1.6395141426653206], "Sigma": [[0.012151745563410936, 0.0019025193403528547, -0.009993793187776729], [0.0019025193403528543, 0.019736036992611852, 0.0031070730925898274], [-0.009993793187776729, 0.0031070730925898274, 0.013389487847048255]], "chi2_level": 0.99, "chi2_df": 3, "chi2_threshold": 11.344866730144373, "N_raw": 108, "N_roi": 108, "N_inlier": 107, "refit": true}
{"timestamp": "15:21:06.281759", "frame": 51, "mu": [-1.1890109472292125, 0.8625681703625548, 1.6311760044033625], "Sigma": [[0.011969207487893674, 0.003466860940194761, -0.006297709505813977], [0.003466860940194761, 0.009426419136680316, -0.004828217759655253], [-0.006297709505813977, -0.004828217759655254, 0.007958295979607555]], "chi2_level": 0.99, "chi2_df": 3, "chi2_threshold": 11.344866730144373, "N_raw": 88, "N_roi": 88, "N_inlier": 84, "refit": true}
{"timestamp": "15:21:06.335475", "frame": 52, "mu": [-1.245499348651649, 0.8851476160762756, 1.6959562638856904], "Sigma": [[0.015347825438542564, 0.005123454539377191, -0.00983155096943572], [0.005123454539377191, 0.01091240980317236, -0.005367556143100869], [-0.00983155096943572, -0.005367556143100869, 0.008211620948791321]], "chi2_level": 0.99, "chi2_df": 3, "chi2_threshold": 11.344866730144373, "N_raw": 88, "N_roi": 88, "N_inlier": 85, "refit": true}
{"timestamp": "15:21:06.392294", "frame": 53, "mu": [-1.2730661077778596, 0.9564756320944048, -0.14315365497469398], "Sigma": [[0.013772816101979852, 0.006322560835277165, -0.006610590367135467], [0.0063225608352771665, 0.012884454761292307, -0.003720137457871037], [-0.006610590367135467, -0.0037201374578710368, 0.0037726119723245737]], "chi2_level": 0.99, "chi2_df": 3, "chi2_threshold": 11.344866730144373, "N_raw": 82, "N_roi": 82, "N_inlier": 80, "refit": true}
{"timestamp": "15:21:06.444938", "frame": 54, "mu": [-1.3228714701954447, 0.9814303047921358, -0.030904075713484594], "Sigma": [[0.011694658216172557, 0.005519334375609591, -0.005054464539681567], [0.005519334375609591, 0.013157077206950932, -0.004943933629297751], [-0.005054464539681567, -0.00494393362929775, 0.0032894567755738335]], "chi2_level": 0.99, "chi2_df": 3, "chi2_threshold": 11.344866730144373, "N_raw": 81, "N_roi": 81, "N_inlier": 78, "refit": true}
{"timestamp": "15:21:06.506696", "frame": 55, "mu": [-1.2680228792905592, 1.1046561459110638, -0.5057134866543725], "Sigma": [[0.026241210047498006, 0.02864783709032563, -0.03029510840258155], [0.02864783709032563, 0.05478003463607908, -0.06080012846386206], [-0.03029510840258155, -0.06080012846386206, 0.11269939690700254]], "chi2_level": 0.99, "chi2_df": 3, "chi2_threshold": 11.344866730144373, "N_raw": 128, "N_roi": 128, "N_inlier": 128, "refit": true}
{"timestamp": "15:21:06.561629", "frame": 56, "mu": [-1.3326682323891723, 0.9894868436499042, 1.4416461543367078], "Sigma": [[0.015639513343834847, 0.00892313574768981, -0.003422585411971245], [0.008923135747689808, 0.014269286152270624, -0.010519184632987944], [-0.003422585411971245, -0.010519184632987944, 0.011167865874724172]], "chi2_level": 0.99, "chi2_df": 3, "chi2_threshold": 11.344866730144373, "N_raw": 121, "N_roi": 121, "N_inlier": 118, "refit": true}
{"timestamp": "15:21:06.611867", "frame": 57, "mu": [-1.3500240482428962, 1.1045946408784137, 1.6080804328206182], "Sigma": [[0.015620774824967583, 0.007161806410508018, -0.012731807277970617], [0.007161806410508018, 0.011759431384433939, -0.008469822585221793], [-0.012731807277970617, -0.008469822585221795, 0.013551106467729588]], "chi2_level": 0.99, "chi2_df": 3, "chi2_threshold": 11.344866730144373, "N_raw": 91, "N_roi": 91, "N_inlier": 87, "refit": true}
{"timestamp": "15:21:06.673832", "frame": 58, "mu": [-1.3495052903115634, 1.2749953324493493, -0.285952876911601], "Sigma": [[0.023494315845981988, 0.026849492615100723, -0.05732168854173775], [0.026849492615100723, 0.055105224989537335, -0.11178095601837654], [-0.05732168854173775, -0.11178095601837654, 0.2838175239070745]], "chi2_level": 0.99, "chi2_df": 3, "chi2_threshold": 11.344866730144373, "N_raw": 138, "N_roi": 138, "N_inlier": 138, "refit": true}
{"timestamp": "15:21:06.727238", "frame": 59, "mu": [-1.430549899068048, 1.1290979627111637, 1.4203663405384863], "Sigma": [[0.01906962616935152, 0.008401918156690755, -0.0472504335422743], [0.008401918156690755, 0.013979717611388064, -0.034005944039244736], [-0.0472504335422743, -0.034005944039244736, 0.24725465046064984]], "chi2_level": 0.99, "chi2_df": 3, "chi2_threshold": 11.344866730144373, "N_raw": 117, "N_roi": 117, "N_inlier": 117, "refit": true}
{"timestamp": "15:21:06.776117", "frame": 60, "mu": [-1.500392414539261, 1.0284527806843233, 1.4573031173660327], "Sigma": [[0.016671682710464472, 0.010234971173162952, -0.008012585636910322], [0.010234971173162952, 0.016746945498609164, -0.0076557199491943655], [-0.008012585636910322, -0.007655719949194366, 0.010596098363616559]], "chi2_level": 0.99, "chi2_df": 3, "chi2_threshold": 11.344866730144373, "N_raw": 81, "N_roi": 81, "N_inlier": 78, "refit": true}
{"timestamp": "15:21:06.829685", "frame": 61, "mu": [-1.5528748207214922, 1.2073237523706104, 0.11740148850104655], "Sigma": [[0.016941968272240832, 0.011264608492428947, -0.008517807386994166], [0.011264608492428947, 0.019478600252563698, -0.0005608569549597817], [-0.008517807386994166, -0.0005608569549597822, 0.01692521937761053]], "chi2_level": 0.99, "chi2_df": 3, "chi2_threshold": 11.344866730144373, "N_raw": 78, "N_roi": 78, "N_inlier": 75, "refit": true}
{"timestamp": "15:21:06.886896", "frame": 62, "mu": [-1.5487724197441677, 1.2417043968533017, -0.04956231744278017], "Sigma": [[0.019420529236315397, 0.014026056779398326, -0.010820850038039554], [0.014026056779398326, 0.020280484228387956, -0.011709815404956598], [-0.010820850038039552, -0.011709815404956598, 0.018202856978567813]], "chi2_level": 0.99, "chi2_df": 3, "chi2_threshold": 11.344866730144373, "N_raw": 90, "N_roi": 90, "N_inlier": 88, "refit": true}
{"timestamp": "15:21:06.942223", "frame": 63, "mu": [-1.510544338151817, 1.2465109641118737, 1.5064266967929745], "Sigma": [[0.019004074486507067, 0.009471051153109046, -0.010854817813919983], [0.009471051153109046, 0.01636088476140933, -0.005598790628898747], [-0.010854817813919983, -0.005598790628898746, 0.008834928583833859]], "chi2_level": 0.99, "chi2_df": 3, "chi2_threshold": 11.344866730144373, "N_raw": 90, "N_roi": 90, "N_inlier": 89, "refit": true}
{"timestamp": "15:21:06.997476", "frame": 64, "mu": [-1.618353158734641, 1.2538912012277306, 1.5004800481863791], "Sigma": [[0.018023548730879156, 0.009820315708597422, -0.009235374631462063], [0.009820315708597422, 0.016441603946232286, -0.019094503931318577], [-0.009235374631462063, -0.019094503931318577, 0.05010611863185011]], "chi2_level": 0.99, "chi2_df": 3, "chi2_threshold": 11.344866730144373, "N_raw": 94, "N_roi": 94, "N_inlier": 94, "refit": true}
{"timestamp": "15:21:07.051463", "frame": 65, "mu": [-1.6065197108054854, 1.3846492124093124, 1.532328561363273], "Sigma": [[0.01998072122287765, 0.013402543939431306, -0.00948076483555803], [0.013402543939431306, 0.017118548555216766, -0.01071774912860694], [-0.00948076483555803, -0.01071774912860694, 0.008347014982931805]], "chi2_level": 0.99, "chi2_df": 3, "chi2_threshold": 11.344866730144373, "N_raw": 91, "N_roi": 91, "N_inlier": 90, "refit": true}
{"timestamp": "15:21:07.109729", "frame": 66, "mu": [-1.6355856097133412, 1.4482587845402524, -0.16080437767049047], "Sigma": [[0.03226392385506971, 0.027274943932543472, -0.041078591378593335], [0.027274943932543476, 0.038067860314402166, -0.03578130039968643], [-0.041078591378593335, -0.035781300399686425, 0.15731465278109721]], "chi2_level": 0.99, "chi2_df": 3, "chi2_threshold": 11.344866730144373, "N_raw": 114, "N_roi": 114, "N_inlier": 114, "refit": true}
{"timestamp": "15:21:07.164718", "frame": 67, "mu": [-1.6937359022255447, 1.3833847487168225, 1.6136922140146968], "Sigma": [[0.024562188791664295, 0.013385612775975112, -0.022745391840174767], [0.013385612775975112, 0.019779900306244165, -0.013549707792328744], [-0.022745391840174767, -0.013549707792328744, 0.027626898372135132]], "chi2_level": 0.99, "chi2_df": 3, "chi2_threshold": 11.344866730144373, "N_raw": 104, "N_roi": 104, "N_inlier": 97, "refit": true}
{"timestamp": "15:21:07.218866", "frame": 68, "mu": [-1.6235105829646173, 1.4959289034797703, 0.06307426085017236], "Sigma": [[0.02714985683599063, 0.013996971367826896, 0.05119891002274863], [0.013996971367826896, 0.018950743542117534, 0.05008315386280161], [0.05119891002274863, 0.05008315386280161, 0.459384627326218]], "chi2_level": 0.99, "chi2_df": 3, "chi2_threshold": 11.344866730144373, "N_raw": 104, "N_roi": 104, "N_inlier": 101, "refit": true}
{"timestamp": "15:21:07.274913", "frame": 69, "mu": [-1.7184538942511218, 1.5440078946277298, 1.7688070212260585], "Sigma": [[0.021779355749086224, 0.013537213010052972, -0.019784116019930104], [0.013537213010052968, 0.022700622884898772, -0.013090577530900944], [-0.019784116019930104, -0.013090577530900944, 0.02060919180969514]], "chi2_level": 0.99, "chi2_df": 3, "chi2_threshold": 11.344866730144373, "N_raw": 104, "N_roi": 104, "N_inlier": 102, "refit": true}
{"timestamp": "15:21:07.329815", "frame": 70, "mu": [-1.721699927658225, 1.6028079791978038, 0.5874407544789333], "Sigma": [[0.028951567108107517, 0.02098814630689078, 0.0686872769010237], [0.02098814630689078, 0.025649449167138284, 0.0532982575614873], [0.06868727690102372, 0.0532982575614873, 0.39474170123847246]], "chi2_level": 0.99, "chi2_df": 3, "chi2_threshold": 11.344866730144373, "N_raw": 107, "N_roi": 107, "N_inlier": 106, "refit": true}
{"timestamp": "15:21:07.382331", "frame": 71, "mu": [-1.7436478609135468, 1.6181784120768388, 1.7503515974181274], "Sigma": [[0.027586714398366446, 0.019313126657101838, -0.025381171508330466], [0.019313126657101838, 0.02220483559823111, -0.016004768773814352], [-0.025381171508330466, -0.016004768773814352, 0.02915591865631378]], "chi2_level": 0.99, "chi2_df": 3, "chi2_threshold": 11.344866730144373, "N_raw": 88, "N_roi": 88, "N_inlier": 82, "refit": true}
{"timestamp": "15:21:07.437758", "frame": 72, "mu": [-1.7196982299573316, 1.7043121738497724, -0.09157431235035036], "Sigma": [[0.023739126782353896, 0.01866089570025127, 0.004637212413453539], [0.01866089570025127, 0.025101619963814492, 0.014478848987729994], [0.004637212413453539, 0.014478848987729994, 0.02841206697583433]], "chi2_level": 0.99, "chi2_df": 3, "chi2_threshold": 11.344866730144373, "N_raw": 90, "N_roi": 90, "N_inlier": 86, "refit": true}
{"timestamp": "15:21:07.487552", "frame": 73, "mu": [-1.6776675225504722, 1.8115053679482016, 0.044402613852740004], "Sigma": [[0.02169601705000666, 0.019283829172535606, -0.012148027136590921], [0.019283829172535606, 0.0240541290722259, -0.012114558493850595], [-0.012148027136590925, -0.012114558493850593, 0.010070823634825343]], "chi2_level": 0.99, "chi2_df": 3, "chi2_threshold": 11.344866730144373, "N_raw": 56, "N_roi": 56, "N_inlier": 55, "refit": true}
{"timestamp": "15:21:07.545770", "frame": 74, "mu": [-1.7164972236535632, 1.8667898890190586, 0.01758981006029086], "Sigma": [[0.020445806668833652, 0.01823447969075026, -0.015484855014285166], [0.01823447969075026, 0.03119832890831433, -0.02685110858385916], [-0.015484855014285166, -0.02685110858385916, 0.04814856465226347]], "chi2_level": 0.99, "chi2_df": 3, "chi2_threshold": 11.344866730144373, "N_raw": 86, "N_roi": 86, "N_inlier": 85, "refit": true}
{"timestamp": "15:21:07.598825", "frame": 75, "mu": [-1.7247983668794051, 1.9371000406350412, 0.09692226442900259], "Sigma": [[0.017657383000148977, 0.010786591114111045, -0.009586679690271632], [0.010786591114111045, 0.0162841055767822, -0.009021140728484239], [-0.009586679690271632, -0.009021140728484239, 0.008586749173841305]], "chi2_level": 0.99, "chi2_df": 3, "chi2_threshold": 11.344866730144373, "N_raw": 71, "N_roi": 71, "N_inlier": 68, "refit": true}
{"timestamp": "15:21:07.648051", "frame": 76, "mu": [-1.6883916967414465, 2.039965876646158, 1.1809472583189065], "Sigma": [[0.004535804982446125, 0.0008285104241341557, 0.002866841671321705], [0.0008285104241341556, 0.0033257771746742185, -0.011249355266835853], [0.002866841671321705, -0.011249355266835853, 0.16373278736224015]], "chi2_level": 0.99, "chi2_df": 3, "chi2_threshold": 11.344866730144373, "N_raw": 23, "N_roi": 22, "N_inlier": 21, "refit": true}
{"timestamp": "15:21:07.702745", "frame": 77, "mu": [-1.9249403747970306, 1.9457493698201642, -0.01647480530435523], "Sigma": [[0.018989154897436127, 0.0176854279076089, -0.006343626624884364], [0.0176854279076089, 0.019678698197667342, -0.006195772072787823], [-0.006343626624884364, -0.006195772072787823, 0.029711777733542027]], "chi2_level": 0.99, "chi2_df": 3, "chi2_threshold": 11.344866730144373, "N_raw": 40, "N_roi": 40, "N_inlier": 39, "refit": true}
{"timestamp": "15:21:07.756191", "frame": 78, "mu": [-1.659439527878119, 2.1144201389995163, 1.4527024899107284], "Sigma": [[0.004594035634280082, 0.0019951028276028624, -0.003406376188597173], [0.0019951028276028624, 0.004229857656097171, -0.0029036470651885096], [-0.003406376188597173, -0.0029036470651885096, 0.004393087448410138]], "chi2_level": 0.99, "chi2_df": 3, "chi2_threshold": 11.344866730144373, "N_raw": 22, "N_roi": 22, "N_inlier": 21, "refit": true}
{"timestamp": "15:21:07.811740", "frame": 79, "mu": [-1.711997245846277, 2.124014870915242, 1.594692453242469], "Sigma": [[0.005554588698011492, 0.0027586843329982934, -0.005963767771845207], [0.002758684332998294, 0.0052447709325509585, -0.005844077963429178], [-0.0059637677718452076, -0.005844077963429177, 0.024178961483729278]], "chi2_level": 0.99, "chi2_df": 3, "chi2_threshold": 11.344866730144373, "N_raw": 27, "N_roi": 25, "N_inlier": 23, "refit": true}
{"timestamp": "15:21:07.865778", "frame": 80, "mu": [-1.7142855934147863, 2.339397605389781, 0.018325889379748442], "Sigma": [[0.007920519187219107, 0.014423340244653148, -0.02962771593324632], [0.014423340244653148, 0.060622777798076316, -0.12896103329990924], [-0.02962771593324632, -0.12896103329990924, 0.28701537218616857]], "chi2_level": 0.99, "chi2_df": 3, "chi2_threshold": 11.344866730144373, "N_raw": 18, "N_roi": 18, "N_inlier": 17, "refit": true}
{"timestamp": "15:21:07.919253", "frame": 81, "mu": [-1.7227759596103434, 2.358072181395814, 0.10231245234000896], "Sigma": [[0.0026237943363485077, 0.005106598286206146, -0.0067279849925390225], [0.005106598286206146, 0.021396950889069916, -0.03836828747919008], [-0.0067279849925390225, -0.03836828747919008, 0.08813140017580673]], "chi2_level": 0.99, "chi2_df": 3, "chi2_threshold": 11.344866730144373, "N_raw": 6, "N_roi": 6, "N_inlier": 6, "refit": true}
{"timestamp": "15:21:07.973428", "frame": 82, "mu": [-1.6826960528565325, 2.4454879232376103, 0.653733317663663], "Sigma": [[0.0212065418862305, 0.008529935889800729, -0.04971944800317903], [0.008529935889800729, 0.01082871148262782, -0.07049129590828346], [-0.049719448003179026, -0.07049129590828346, 0.4975086134876482]], "chi2_level": 0.99, "chi2_df": 3, "chi2_threshold": 11.344866730144373, "N_raw": 9, "N_roi": 9, "N_inlier": 9, "refit": true}
{"timestamp": "15:21:08.037603", "frame": 83, "mu": [-1.767661157792322, 2.418062930844888, 0.1408222372261308], "Sigma": [[0.01706133784325569, 0.004158709100564339, -0.00502435927798454], [0.004158709100564339, 0.02744219603297017, -0.06409992935452191], [-0.00502435927798454, -0.06409992935452191, 0.2226771079577148]], "chi2_level": 0.99, "chi2_df": 3, "chi2_threshold": 11.344866730144373, "N_raw": 70, "N_roi": 70, "N_inlier": 68, "refit": true}
{"timestamp": "15:21:08.089598", "frame": 84, "mu": [-1.7034978305675488, 2.4410360238011846, 0.3694142010467976], "Sigma": [[0.010676949330396887, 0.007085926088960629, -0.010123157848172047], [0.007085926088960629, 0.010568634039654618, -0.007443951457011709], [-0.010123157848172047, -0.007443951457011708, 0.015217403804785819]], "chi2_level": 0.99, "chi2_df": 3, "chi2_threshold": 11.344866730144373, "N_raw": 39, "N_roi": 39, "N_inlier": 36, "refit": true}
{"timestamp": "15:21:08.143431", "frame": 85, "mu": [-1.7280188720943046, 2.4861912615510127, 1.687953847116379], "Sigma": [[0.016031684620055914, 0.00450373963471359, -0.009321965768647378], [0.00450373963471359, 0.005750801369751551, -0.003233121783055708], [-0.009321965768647378, -0.0032331217830557078, 0.007225879734412159]], "chi2_level": 0.99, "chi2_df": 3, "chi2_threshold": 11.344866730144373, "N_raw": 44, "N_roi": 44, "N_inlier": 44, "refit": true}
{"timestamp": "15:21:08.197573", "frame": 86, "mu": [-1.6744470576591979, 2.550219812007207, 1.276770324631953], "Sigma": [[0.009329924982399906, 0.0033712691295495166, -0.006689451467718555], [0.0033712691295495166, 0.0021868537680160343, -0.006211558287419304], [-0.006689451467718555, -0.0062115582874193035, 0.05520576599963481]], "chi2_level": 0.99, "chi2_df": 3, "chi2_threshold": 11.344866730144373, "N_raw": 31, "N_roi": 31, "N_inlier": 29, "refit": true}
