{"timestamp": "15:38:58.054322", "frame": 9, "mu": [2.007007200237269, 0.7830402251201061, 1.374154853982823], "Sigma": [[0.00284025273280642, -0.0012825356223566341, -4.503064424904347e-05], [-0.0012825356223566341, 0.004447070502172582, -0.0013383332920210533], [-4.50306442490435e-05, -0.0013383332920210535, 0.0004791649325203417]], "chi2_level": 0.99, "chi2_df": 3, "chi2_threshold": 11.344866730144373, "N_raw": 13, "N_roi": 13, "N_inlier": 12, "refit": true}
{"timestamp": "15:38:58.163185", "frame": 11, "mu": [1.8356295756453627, 0.7426997454941102, 1.3883222529571324], "Sigma": [[0.30131715305333573, 0.10772302816563575, -0.07495132508821258], [0.10772302816563575, 0.04400528764713155, -0.027390523379548032], [-0.07495132508821258, -0.027390523379548032, 0.01942723884206729]], "chi2_level": 0.99, "chi2_df": 3, "chi2_threshold": 11.344866730144373, "N_raw": 7, "N_roi": 7, "N_inlier": 7, "refit": true}
{"timestamp": "15:38:58.493632", "frame": 17, "mu": [1.7755976137031386, 0.7660052765839881, 1.121422533205163], "Sigma": [[0.0006929070409206651, 0.0005844163169560333, -0.0010636731083686255], [0.0005844163169560333, 0.003219918227713426, -0.013200008731007453], [-0.001063673108368625, -0.013200008731007455, 0.05987134843114067]], "chi2_level": 0.99, "chi2_df": 3, "chi2_threshold": 11.344866730144373, "N_raw": 6, "N_roi": 6, "N_inlier": 6, "refit": true}
{"timestamp": "15:38:58.605622", "frame": 19, "mu": [1.7231864101701249, 0.5059698216966196, 1.2842126978608899], "Sigma": [[0.00610496536286416, -0.002633023169100952, -0.004130722971422945], [-0.002633023169100952, 0.00839285205918209, -0.00778255404329864], [-0.004130722971422946, -0.00778255404329864, 0.02703160994471402]], "chi2_level": 0.99, "chi2_df": 3, "chi2_threshold": 11.344866730144373, "N_raw": 17, "N_roi": 17, "N_inlier": 16, "refit": true}
{"timestamp": "15:38:58.659359", "frame": 20, "mu": [1.6286054401095311, 0.5973240477756764, 1.3759703960802803], "Sigma": [[0.004301145181017404, 0.0013149226196685474, -0.0038023219854524948], [0.0013149226196685474, 0.0011892370390523847, -0.0014905596551357254], [-0.0038023219854524948, -0.0014905596551357256, 0.00402363771951661]], "chi2_level": 0.99, "chi2_df": 3, "chi2_threshold": 11.344866730144373, "N_raw": 5, "N_roi": 5, "N_inlier": 5, "refit": true}
{"timestamp": "15:38:58.715150", "frame": 21, "mu": [1.5672965581020613, 0.6811774551880809, -0.4588003339728509], "Sigma": [[0.006830312497039806, 0.001062719587939635, -0.005463974950859251], [0.001062719587939635, 0.005702232013966181, 0.0010445478990035138], [-0.005463974950859251, 0.0010445478990035138, 0.008863939220562935]], "chi2_level": 0.99, "chi2_df": 3, "chi2_threshold": 11.344866730144373, "N_raw": 11, "N_roi": 11, "N_inlier": 9, "refit": true}
{"timestamp": "15:38:58.769619", "frame": 22, "mu": [1.4599420773454206, 0.6299433201550402, 1.2905446201322053], "Sigma": [[0.004467006022903545, 0.0033346726434338135, -0.010171336725991709], [0.0033346726434338135, 0.004852589495543514, -0.0160260097931492], [-0.010171336725991707, -0.016026009793149203, 0.05715813879882908]], "chi2_level": 0.99, "chi2_df": 3, "chi2_threshold": 11.344866730144373, "N_raw": 9, "N_roi": 9, "N_inlier": 8, "refit": true}
{"timestamp": "15:38:58.823327", "frame": 23, "mu": [1.3979914505176145, 0.5952900503358551, 1.4679798598720055], "Sigma": [[0.013692118339209218, -0.0043314700642516765, -0.0068233712456793475], [-0.0043314700642516765, 0.0018285486663341022, 0.0019731711885619227], [-0.0068233712456793475, 0.0019731711885619227, 0.0038184680371274467]], "chi2_level": 0.99, "chi2_df": 3, "chi2_threshold": 11.344866730144373, "N_raw": 7, "N_roi": 7, "N_inlier": 6, "refit": true}
{"timestamp": "15:38:58.882536", "frame": 24, "mu": [1.3452960318225669, 0.610326218897962, 1.411349626749602], "Sigma": [[0.007517469720106915, -0.004258802261031227, -0.006184708647990215], [-0.004258802261031227, 0.004623092475054685, 0.002265531573702314], [-0.006184708647990215, 0.0022655315737023143, 0.006449240897938999]], "chi2_level": 0.99, "chi2_df": 3, "chi2_threshold": 11.344866730144373, "N_raw": 34, "N_roi": 34, "N_inlier": 29, "refit": true}
{"timestamp": "15:38:58.937270", "frame": 25, "mu": [1.2748596253852003, 0.6593668778037196, 1.2707689791616172], "Sigma": [[0.008756866162790316, -0.0015238831146831126, -0.011716938200127433], [-0.0015238831146831128, 0.009119405732947079, -0.023287760518409167], [-0.011716938200127433, -0.023287760518409164, 0.09737218321593015]], "chi2_level": 0.99, "chi2_df": 3, "chi2_threshold": 11.344866730144373, "N_raw": 10, "N_roi": 10, "N_inlier": 10, "refit": true}
{"timestamp": "15:38:58.997500", "frame": 26, "mu": [1.2007889553807993, 0.6588037418326078, 1.209272251758193], "Sigma": [[0.00578449004950919, -0.0037390117884656716, -0.0013271567721929085], [-0.0037390117884656716, 0.007439800860226368, -0.01600499986273817], [-0.0013271567721929091, -0.01600499986273817, 0.10225109752126055]], "chi2_level": 0.99, "chi2_df": 3, "chi2_threshold": 11.344866730144373, "N_raw": 50, "N_roi": 50, "N_inlier": 49, "refit": true}
{"timestamp": "15:38:59.052205", "frame": 27, "mu": [1.0573457583001606, 0.7385563084802145, 1.1555210996820775], "Sigma": [[0.004905362280994955, -0.002468212699113828, 0.0006884455410573169], [-0.002468212699113828, 0.009551437578108715, -0.02950239959140942], [0.000688445541057316, -0.02950239959140942, 0.1485861017488945]], "chi2_level": 0.99, "chi2_df": 3, "chi2_threshold": 11.344866730144373, "N_raw": 48, "N_roi": 48, "N_inlier": 48, "refit": true}
{"timestamp": "15:38:59.105738", "frame": 28, "mu": [0.9740607269365646, 0.677872162975715, 1.5084780567908616], "Sigma": [[0.005676304293538391, -0.0016632815227290436, -0.004343513610219276], [-0.0016632815227290436, 0.002720463546008328, -0.0001556633774471026], [-0.004343513610219276, -0.00015566337744710255, 0.012454578280227526]], "chi2_level": 0.99, "chi2_df": 3, "chi2_threshold": 11.344866730144373, "N_raw": 35, "N_roi": 35, "N_inlier": 32, "refit": true}
{"timestamp": "15:38:59.162422", "frame": 29, "mu": [0.9600994699877949, 0.5943277875428269, 1.408456325701779], "Sigma": [[0.014344974625560473, -0.013187323744471374, -0.01168307594467944], [-0.013187323744471374, 0.015529732179719992, 0.009731373675639376], [-0.011683075944679443, 0.009731373675639374, 0.010543948705379627]], "chi2_level": 0.99, "chi2_df": 3, "chi2_threshold": 11.344866730144373, "N_raw": 56, "N_roi": 56, "N_inlier": 52, "refit": true}
{"timestamp": "15:38:59.214371", "frame": 30, "mu": [0.8212470604669319, 0.69426838020983, 1.3936454846669575], "Sigma": [[0.005533599934553936, -0.0009226625489119988, -0.012295034870486573], [-0.0009226625489119988, 0.0026324166372151785, 0.00232940094223254], [-0.012295034870486575, 0.00232940094223254, 0.04085959977331536]], "chi2_level": 0.99, "chi2_df": 3, "chi2_threshold": 11.344866730144373, "N_raw": 25, "N_roi": 25, "N_inlier": 24, "refit": true}
{"timestamp": "15:38:59.273568", "frame": 31, "mu": [0.765875563583699, 0.6566260652312701, 1.4049417599173402], "Sigma": [[0.0072533445683621795, -0.0015436562155827626, -0.009921096789221056], [-0.0015436562155827626, 0.0019453663192553307, 0.0008753445776386416], [-0.009921096789221056, 0.0008753445776386419, 0.01762046398511422]], "chi2_level": 0.99, "chi2_df": 3, "chi2_threshold": 11.344866730144373, "N_raw": 61, "N_roi": 61, "N_inlier": 58, "refit": true}
{"timestamp": "15:38:59.328362", "frame": 32, "mu": [0.6515321298506289, 0.7092279520567365, 1.3095400451331296], "Sigma": [[0.005139417508412022, -0.001170835235953564, -0.007262541954870015], [-0.0011708352359535636, 0.005123748676956106, -0.015581996544429901], [-0.0072625419548700155, -0.015581996544429901, 0.09935025225148043]], "chi2_level": 0.99, "chi2_df": 3, "chi2_threshold": 11.344866730144373, "N_raw": 49, "N_roi": 49, "N_inlier": 49, "refit": true}
{"timestamp": "15:38:59.381423", "frame": 33, "mu": [0.5804883122256594, 0.6767237142187597, 1.492292442782694], "Sigma": [[0.003258635218517711, -0.0007091363470733331, -0.003043065791368247], [-0.0007091363470733334, 0.0014862314937355906, -0.0002743504132686863], [-0.0030430657913682467, -0.0002743504132686863, 0.005799595787999699]], "chi2_level": 0.99, "chi2_df": 3, "chi2_threshold": 11.344866730144373, "N_raw": 43, "N_roi": 43, "N_inlier": 41, "refit": true}
{"timestamp": "15:38:59.437337", "frame": 34, "mu": [0.5153477781988184, 0.671788799272011, 1.4737633380857447], "Sigma": [[0.003116495736897366, -0.0007097851844869768, -0.003028252897565916], [-0.0007097851844869768, 0.0016857730319216257, -0.0010376180639672923], [-0.003028252897565916, -0.0010376180639672923, 0.023155662255412705]], "chi2_level": 0.99, "chi2_df": 3, "chi2_threshold": 11.344866730144373, "N_raw": 50, "N_roi": 50, "N_inlier": 47, "refit": true}
{"timestamp": "15:38:59.492238", "frame": 35, "mu": [0.4165067749098424, 0.6908901515033938, 1.4893652957874801], "Sigma": [[0.0033211942844228372, -0.0006745024257616534, -0.0007513647214087684], [-0.0006745024257616534, 0.0016165177409549981, -0.0027492999244329588], [-0.0007513647214087681, -0.0027492999244329588, 0.041574939917238506]], "chi2_level": 0.99, "chi2_df": 3, "chi2_threshold": 11.344866730144373, "N_raw": 47, "N_roi": 47, "N_inlier": 45, "refit": true}
{"timestamp": "15:38:59.550513", "frame": 36, "mu": [0.3503008146136984, 0.7129368731891972, 1.3845157336254084], "Sigma": [[0.00305416472277004, -0.0009619318008386646, -0.0026227872008714116], [-0.0009619318008386646, 0.0012507927571709123, -0.0029241398463645354], [-0.0026227872008714116, -0.002924139846364536, 0.03253248781061478]], "chi2_level": 0.99, "chi2_df": 3, "chi2_threshold": 11.344866730144373, "N_raw": 79, "N_roi": 79, "N_inlier": 75, "refit": true}
{"timestamp": "15:38:59.608357", "frame": 37, "mu": [0.27981184290074845, 0.719872451636573, 1.4429665435273284], "Sigma": [[0.005212772978167845, -0.0014200616418596742, -0.002735026739239998], [-0.0014200616418596742, 0.0028583371386289606, -0.005126997845677292], [-0.0027350267392399984, -0.005126997845677292, 0.018574210294537992]], "chi2_level": 0.99, "chi2_df": 3, "chi2_threshold": 11.344866730144373, "N_raw": 91, "N_roi": 91, "N_inlier": 87, "refit": true}
{"timestamp": "15:38:59.660613", "frame": 38, "mu": [0.19041784600314815, 0.721513111944942, 1.3566471918152396], "Sigma": [[0.0012720444646086007, -0.0006657111745977463, 0.0012401317708760783], [-0.0006657111745977462, 0.0023502360807045874, 0.0023920080381919662], [0.001240131770876078, 0.0023920080381919662, 0.055084547372291584]], "chi2_level": 0.99, "chi2_df": 3, "chi2_threshold": 11.344866730144373, "N_raw": 63, "N_roi": 63, "N_inlier": 58, "refit": true}
{"timestamp": "15:38:59.711760", "frame": 39, "mu": [0.07092484952669514, 0.7236127034912805, 1.415594244831802], "Sigma": [[0.000774119519340243, -0.0009776804809748262, -0.0021628333781176295], [-0.0009776804809748262, 0.002442240240749167, 0.00452657701717756], [-0.0021628333781176295, 0.00452657701717756, 0.023039306502351392]], "chi2_level": 0.99, "chi2_df": 3, "chi2_threshold": 11.344866730144373, "N_raw": 41, "N_roi": 41, "N_inlier": 41, "refit": true}
{"timestamp": "15:38:59.772754", "frame": 40, "mu": [0.07403616132432375, 0.6925766397520331, 1.4288891844103357], "Sigma": [[0.004451548889433662, -0.002955647791387712, -0.006810391783779674], [-0.002955647791387712, 0.004258383476397404, 0.003196960077575167], [-0.006810391783779673, 0.003196960077575167, 0.012901289555467477]], "chi2_level": 0.99, "chi2_df": 3, "chi2_threshold": 11.344866730144373, "N_raw": 84, "N_roi": 84, "N_inlier": 82, "refit": true}
{"timestamp": "15:38:59.826121", "frame": 41, "mu": [-0.021811690466419984, 0.8275638726516978, -0.3242049271159896], "Sigma": [[0.0023865259978838108, -0.0009220792226764032, -0.0037239513214727387], [-0.0009220792226764033, 0.004168660363879979, -0.0005435957721541934], [-0.003723951321472739, -0.0005435957721541934, 0.008406033472997525]], "chi2_level": 0.99, "chi2_df": 3, "chi2_threshold": 11.344866730144373, "N_raw": 76, "N_roi": 76, "N_inlier": 73, "refit": true}
{"timestamp": "15:38:59.879387", "frame": 42, "mu": [-0.15699729830307055, 0.7416596941853504, 1.5454916114493968], "Sigma": [[0.0033816390464414814, -0.0009524661691522247, -0.0010650015114499986], [-0.0009524661691522247, 0.0015851557705306174, -0.0009294777874634811], [-0.0010650015114499986, -0.0009294777874634811, 0.0017997800954536582]], "chi2_level": 0.99, "chi2_df": 3, "chi2_threshold": 11.344866730144373, "N_raw": 66, "N_roi": 66, "N_inlier": 63, "refit": true}
{"timestamp": "15:38:59.939956", "frame": 43, "mu": [-0.19123582027895236, 0.7576929972891119, 1.5004636582990931], "Sigma": [[0.003861128075686682, -0.0009967087541375473, -0.0046163083050110125], [-0.0009967087541375473, 0.002370037392901088, -0.002025105373890685], [-0.004616308305011013, -0.002025105373890685, 0.011526270699354359]], "chi2_level": 0.99, "chi2_df": 3, "chi2_threshold": 11.344866730144373, "N_raw": 101, "N_roi": 101, "N_inlier": 99, "refit": true}
{"timestamp": "15:38:59.996956", "frame": 44, "mu": [-0.2593440463275111, 0.7367600473428425, 1.5052818983516154], "Sigma": [[0.005127506098902875, -0.0019193535936581482, -0.005981667140638039], [-0.0019193535936581482, 0.0026934728922098214, 0.0011462613991041846], [-0.005981667140638039, 0.0011462613991041846, 0.016673325611502907]], "chi2_level": 0.99, "chi2_df": 3, "chi2_threshold": 11.344866730144373, "N_raw": 111, "N_roi": 109, "N_inlier": 107, "refit": true}
{"timestamp": "15:39:00.046659", "frame": 45, "mu": [-0.36110341111803695, 0.7397979264750577, 1.509415012569049], "Sigma": [[0.0027582868922024625, -0.0016573150504986408, -0.002567841724008061], [-0.0016573150504986412, 0.0027156446749418625, -0.0009703464301475465], [-0.002567841724008061, -0.0009703464301475466, 0.009713660554086269]], "chi2_level": 0.99, "chi2_df": 3, "chi2_threshold": 11.344866730144373, "N_raw": 77, "N_roi": 77, "N_inlier": 76, "refit": true}
{"timestamp": "15:39:00.091868", "frame": 46, "mu": [-0.49320935217477335, 0.761462220145138, 1.388401701564049], "Sigma": [[0.01004900131842537, -0.00023354059050768525, 0.04218972405784264], [-0.00023354059050768525, 0.005269232355418567, 0.010976981448579766], [0.04218972405784264, 0.010976981448579766, 0.20770275327745036]], "chi2_level": 0.99, "chi2_df": 3, "chi2_threshold": 11.344866730144373, "N_raw": 6, "N_roi": 6, "N_inlier": 6, "refit": true}
{"timestamp": "15:39:00.148111", "frame": 47, "mu": [-0.7368718373844542, 0.7028146356935835, -0.16102125288133173], "Sigma": [[0.020149201774848517, 0.017867811278790995, -0.007829294687687945], [0.017867811278790995, 0.0203444912056121, -0.009651408372333359], [-0.007829294687687945, -0.009651408372333357, 0.005770973745986829]], "chi2_level": 0.99, "chi2_df": 3, "chi2_threshold": 11.344866730144373, "N_raw": 19, "N_roi": 19, "N_inlier": 17, "refit": true}
{"timestamp": "15:39:00.204094", "frame": 48, "mu": [-0.8633153511948735, 0.619313375293058, 1.7487815983219255], "Sigma": [[0.013778541891045515, 0.0037218136144334304, -0.011271565884882644], [0.0037218136144334304, 0.004469298652699717, -0.006319614859854166], [-0.011271565884882644, -0.006319614859854165, 0.013217076035524791]], "chi2_level": 0.99, "chi2_df": 3, "chi2_threshold": 11.344866730144373, "N_raw": 35, "N_roi": 35, "N_inlier": 34, "refit": true}
{"timestamp": "15:39:00.260453", "frame": 49, "mu": [-0.6789595650170334, 0.6349065565163438, 1.481386100652476], "Sigma": [[0.2733019757164136, -0.07020556651084155, -0.09295957773844861], [-0.07020556651084155, 0.03895259954616827, -0.024159842709554638], [-0.0929595777384486, -0.024159842709554638, 0.2098434650578521]], "chi2_level": 0.99, "chi2_df": 3, "chi2_threshold": 11.344866730144373, "N_raw": 34, "N_roi": 34, "N_inlier": 33, "refit": true}
{"timestamp": "15:39:00.325502", "frame": 50, "mu": [-0.9157642765281071, 0.6481937261497102, 1.6354191384088805], "Sigma": [[0.012549536487013182, 0.004223599346292204, -0.0013722244669473116], [0.004223599346292204, 0.005935852946286961, -0.005181888133352144], [-0.0013722244669473111, -0.005181888133352144, 0.005787748837980602]], "chi2_level": 0.99, "chi2_df": 3, "chi2_threshold": 11.344866730144373, "N_raw": 114, "N_roi": 114, "N_inlier": 110, "refit": true}
{"timestamp": "15:39:00.377289", "frame": 51, "mu": [-0.962495675644975, 0.66209645838437, 1.639952642314766], "Sigma": [[0.010885333177419817, -0.0022088810265387757, -0.005652609847053748], [-0.0022088810265387757, 0.006978125481300873, -0.0008191026175743522], [-0.005652609847053748, -0.0008191026175743521, 0.007394678287030818]], "chi2_level": 0.99, "chi2_df": 3, "chi2_threshold": 11.344866730144373, "N_raw": 85, "N_roi": 85, "N_inlier": 85, "refit": true}
{"timestamp": "15:39:00.430995", "frame": 52, "mu": [-1.0148904462354735, 0.6738855093342494, 1.6616042853162805], "Sigma": [[0.009332746259196218, -0.0016203729773477745, -0.004173874656138193], [-0.0016203729773477742, 0.009902442045840178, -0.00029920607172909613], [-0.004173874656138193, -0.000299206071729096, 0.007024871386169663]], "chi2_level": 0.99, "chi2_df": 3, "chi2_threshold": 11.344866730144373, "N_raw": 80, "N_roi": 80, "N_inlier": 77, "refit": true}
{"timestamp": "15:39:00.484733", "frame": 53, "mu": [-1.1309286962239897, 0.7186849911466909, 1.666851103377024], "Sigma": [[0.006587121469575475, 0.0010044304583545789, -0.0015601715340610987], [0.0010044304583545793, 0.008296480131378178, -0.00452285684002829], [-0.0015601715340610987, -0.0045228568400282896, 0.0032938702713388255]], "chi2_level": 0.99, "chi2_df": 3, "chi2_threshold": 11.344866730144373, "N_raw": 63, "N_roi": 63, "N_inlier": 61, "refit": true}
{"timestamp": "15:39:00.543295", "frame": 54, "mu": [-1.1535560114345533, 0.6679467409569421, 1.5276007556948625], "Sigma": [[0.009952301481546194, 0.0003477816002209073, -0.0030656747686804747], [0.0003477816002209073, 0.013393451391124874, -0.004012136049322076], [-0.0030656747686804747, -0.004012136049322076, 0.0025735191500859283]], "chi2_level": 0.99, "chi2_df": 3, "chi2_threshold": 11.344866730144373, "N_raw": 95, "N_roi": 95, "N_inlier": 94, "refit": true}
{"timestamp": "15:39:00.596833", "frame": 55, "mu": [-1.2470665696238714, 0.810461473193199, -0.24001998780305073], "Sigma": [[0.009258079506007958, 0.0017984269065191305, -0.0013510267240840377], [0.00179842690651913, 0.012521934314716088, 0.002650500146523501], [-0.0013510267240840373, 0.002650500146523501, 0.02529815724751824]], "chi2_level": 0.99, "chi2_df": 3, "chi2_threshold": 11.344866730144373, "N_raw": 77, "N_roi": 77, "N_inlier": 72, "refit": true}
{"timestamp": "15:39:00.650595", "frame": 56, "mu": [-1.3047500121020565, 0.7916973623889028, 1.6087976086986222], "Sigma": [[0.009532214534836289, 0.0025085390949380606, -0.0030940183531070736], [0.0025085390949380606, 0.010657353885187482, -0.005843727523031437], [-0.0030940183531070736, -0.0058437275230314376, 0.0038103914622768264]], "chi2_level": 0.99, "chi2_df": 3, "chi2_threshold": 11.344866730144373, "N_raw": 76, "N_roi": 76, "N_inlier": 76, "refit": true}
{"timestamp": "15:39:00.702727", "frame": 57, "mu": [-1.3587550414288592, 0.795864422690004, 1.5947353966223532], "Sigma": [[0.006363497362027348, 0.002777610512671593, -0.0071802242438668935], [0.002777610512671593, 0.010286521464893903, -0.009655660020090072], [-0.007180224243866893, -0.009655660020090072, 0.026907130213901682]], "chi2_level": 0.99, "chi2_df": 3, "chi2_threshold": 11.344866730144373, "N_raw": 53, "N_roi": 53, "N_inlier": 50, "refit": true}
{"timestamp": "15:39:00.761807", "frame": 58, "mu": [-1.405486406648946, 0.8121387718766216, 1.4511279326544562], "Sigma": [[0.008237339213781275, 0.004661586645980395, -0.0012003274151412254], [0.004661586645980395, 0.013400125287664919, -0.00793630248582207], [-0.0012003274151412254, -0.00793630248582207, 0.012664439684879443]], "chi2_level": 0.99, "chi2_df": 3, "chi2_threshold": 11.344866730144373, "N_raw": 81, "N_roi": 81, "N_inlier": 78, "refit": true}
{"timestamp": "15:39:00.817524", "frame": 59, "mu": [-1.436046361985493, 0.8878567498148434, 1.4469235810660743], "Sigma": [[0.011764173798526767, 0.001965932289973309, -0.013242445857137387], [0.0019659322899733085, 0.007615231259637546, -0.007633876585920642], [-0.013242445857137387, -0.007633876585920643, 0.024945513027468252]], "chi2_level": 0.99, "chi2_df": 3, "chi2_threshold": 11.344866730144373, "N_raw": 83, "N_roi": 83, "N_inlier": 80, "refit": true}
{"timestamp": "15:39:00.871490", "frame": 60, "mu": [-1.4917863936032911, 0.9771322685503843, 1.5194511220293565], "Sigma": [[0.010101183266913182, 0.00036140266149472383, -0.007798174001218088], [0.00036140266149472405, 0.01257444435212123, -0.0038527149322890152], [-0.007798174001218088, -0.0038527149322890152, 0.007796189614953069]], "chi2_level": 0.99, "chi2_df": 3, "chi2_threshold": 11.344866730144373, "N_raw": 77, "N_roi": 77, "N_inlier": 73, "refit": true}
{"timestamp": "15:39:00.927035", "frame": 61, "mu": [-1.5471281091555644, 1.0107916775119206, 1.5532742703441655], "Sigma": [[0.011570197395222847, 0.002213537527943037, -0.008760354087680345], [0.002213537527943037, 0.012114855690238456, -0.006973209368082652], [-0.008760354087680345, -0.006973209368082652, 0.011440858731270485]], "chi2_level": 0.99, "chi2_df": 3, "chi2_threshold": 11.344866730144373, "N_raw": 85, "N_roi": 85, "N_inlier": 78, "refit": true}
{"timestamp": "15:39:00.980426", "frame": 62, "mu": [-1.6376843522930735, 0.9751480328717952, 1.5783378063005915], "Sigma": [[0.011696361803791468, 0.004529668049754663, -0.006126999792121864], [0.004529668049754664, 0.014062631537454046, -0.006841940007831438], [-0.006126999792121864, -0.006841940007831438, 0.0052420962919413425]], "chi2_level": 0.99, "chi2_df": 3, "chi2_threshold": 11.344866730144373, "N_raw": 71, "N_roi": 71, "N_inlier": 68, "refit": true}
{"timestamp": "15:39:01.035042", "frame": 63, "mu": [-1.6840964232006745, 1.01415350491476, 1.5389684072592569], "Sigma": [[0.011887442127459406, 0.002986396734335116, -0.008178484349996488], [0.002986396734335116, 0.012995912996523215, -0.004639163970009038], [-0.008178484349996488, -0.0046391639700090375, 0.007463173398884294]], "chi2_level": 0.99, "chi2_df": 3, "chi2_threshold": 11.344866730144373, "N_raw": 67, "N_roi": 67, "N_inlier": 63, "refit": true}
{"timestamp": "15:39:01.089778", "frame": 64, "mu": [-1.675276600522704, 1.1081496769158061, 1.413602355220151], "Sigma": [[0.008838398642254918, 0.0038119450996800617, -0.0010001510502220877], [0.0038119450996800617, 0.010691747008875698, -0.005420901943580729], [-0.0010001510502220877, -0.005420901943580729, 0.018073262266893216]], "chi2_level": 0.99, "chi2_df": 3, "chi2_threshold": 11.344866730144373, "N_raw": 69, "N_roi": 69, "N_inlier": 68, "refit": true}
{"timestamp": "15:39:01.148312", "frame": 65, "mu": [-1.7030943328876063, 1.182785855603835, 1.3611337716709906], "Sigma": [[0.01328321778898405, 0.00930017166011177, 0.0019837664058848757], [0.00930017166011177, 0.015224667594489887, -0.009356039377155564], [0.0019837664058848757, -0.009356039377155564, 0.016326898692647952]], "chi2_level": 0.99, "chi2_df": 3, "chi2_threshold": 11.344866730144373, "N_raw": 93, "N_roi": 93, "N_inlier": 92, "refit": true}
{"timestamp": "15:39:01.202380", "frame": 66, "mu": [-1.7905135379310793, 1.221117053305458, 1.4578198626201342], "Sigma": [[0.0112970817875891, 0.0065109210986147616, -0.0024624704153193696], [0.0065109210986147616, 0.014808446133111474, -0.010904293016562542], [-0.0024624704153193696, -0.01090429301656254, 0.02652279083792152]], "chi2_level": 0.99, "chi2_df": 3, "chi2_threshold": 11.344866730144373, "N_raw": 85, "N_roi": 85, "N_inlier": 84, "refit": true}
{"timestamp": "15:39:01.258687", "frame": 67, "mu": [-1.8358655780090705, 1.3020551982766084, 1.4014894957214659], "Sigma": [[0.012438938731890758, 0.006316548571194845, -0.0029582569886922204], [0.006316548571194845, 0.01387229818964421, -0.01228612500734412], [-0.0029582569886922204, -0.01228612500734412, 0.038948571638294766]], "chi2_level": 0.99, "chi2_df": 3, "chi2_threshold": 11.344866730144373, "N_raw": 94, "N_roi": 94, "N_inlier": 92, "refit": true}
{"timestamp": "15:39:01.310909", "frame": 68, "mu": [-1.8947764320178462, 1.2955730286967297, 1.3927823148393372], "Sigma": [[0.012900625668587597, 0.008004518450647063, 0.004060590084270924], [0.008004518450647063, 0.009951310082953128, -0.0008654451378444207], [0.004060590084270923, -0.0008654451378444209, 0.046290573818378186]], "chi2_level": 0.99, "chi2_df": 3, "chi2_threshold": 11.344866730144373, "N_raw": 69, "N_roi": 69, "N_inlier": 66, "refit": true}
{"timestamp": "15:39:01.364379", "frame": 69, "mu": [-1.9096465165400416, 1.3625803737716862, 1.5830918559065383], "Sigma": [[0.014014191700351527, 0.007712120579756297, -0.009517301190775563], [0.007712120579756297, 0.015334118365801558, -0.0071930976714097376], [-0.009517301190775564, -0.0071930976714097376, 0.007677567567760626]], "chi2_level": 0.99, "chi2_df": 3, "chi2_threshold": 11.344866730144373, "N_raw": 66, "N_roi": 66, "N_inlier": 65, "refit": true}
{"timestamp": "15:39:01.420054", "frame": 70, "mu": [-1.9247393829540567, 1.4462969688411897, 1.5225186010515845], "Sigma": [[0.01437823195109104, 0.007073125803080313, -0.008957887865373694], [0.007073125803080313, 0.012872548857467038, -0.009726759966158889], [-0.008957887865373694, -0.009726759966158889, 0.011006425581233542]], "chi2_level": 0.99, "chi2_df": 3, "chi2_threshold": 11.344866730144373, "N_raw": 68, "N_roi": 68, "N_inlier": 68, "refit": true}
{"timestamp": "15:39:01.472779", "frame": 71, "mu": [-1.9745129078600663, 1.4656400405027068, 1.6095382455150251], "Sigma": [[0.013325873970094044, 0.009235855044496507, -0.009979429545337967], [0.009235855044496507, 0.014326621458218945, -0.010346388746914383], [-0.009979429545337969, -0.010346388746914383, 0.010829196590709762]], "chi2_level": 0.99, "chi2_df": 3, "chi2_threshold": 11.344866730144373, "N_raw": 58, "N_roi": 58, "N_inlier": 55, "refit": true}
{"timestamp": "15:39:01.525157", "frame": 72, "mu": [-2.0474664531091533, 1.4967000939920942, 1.593612334067489], "Sigma": [[0.008350796552019254, 0.0060862581198940745, -0.007526162360385991], [0.0060862581198940745, 0.011343781353300109, -0.014384659359355985], [-0.007526162360385991, -0.014384659359355985, 0.03312464714249792]], "chi2_level": 0.99, "chi2_df": 3, "chi2_threshold": 11.344866730144373, "N_raw": 35, "N_roi": 35, "N_inlier": 33, "refit": true}
{"timestamp": "15:39:01.585213", "frame": 73, "mu": [-2.050093448260483, 1.5595531390016328, 1.5509220908590997], "Sigma": [[0.01742342432292701, 0.011695540750441304, -0.01230826678578157], [0.011695540750441304, 0.017577702177166504, -0.013452948659315659], [-0.01230826678578157, -0.013452948659315659, 0.02132623949542752]], "chi2_level": 0.99, "chi2_df": 3, "chi2_threshold": 11.344866730144373, "N_raw": 74, "N_roi": 74, "N_inlier": 71, "refit": true}
{"timestamp": "15:39:01.638695", "frame": 74, "mu": [-2.1645046965450883, 1.579360836549574, 1.5770553630240651], "Sigma": [[0.013213966593917123, 0.0074854615640492774, -0.00518179585159528], [0.007485461564049278, 0.013671872456688565, -0.010188683419326522], [-0.00518179585159528, -0.01018868341932652, 0.013309106290291936]], "chi2_level": 0.99, "chi2_df": 3, "chi2_threshold": 11.344866730144373, "N_raw": 61, "N_roi": 61, "N_inlier": 61, "refit": true}
{"timestamp": "15:39:01.694634", "frame": 75, "mu": [-2.1458507617203253, 1.6674507544115067, 1.6136980156144063], "Sigma": [[0.01664286868613182, 0.012865114132040454, -0.010488976178950764], [0.012865114132040454, 0.018641328270451146, -0.014761351914279788], [-0.010488976178950764, -0.014761351914279788, 0.015192712455749796]], "chi2_level": 0.99, "chi2_df": 3, "chi2_threshold": 11.344866730144373, "N_raw": 65, "N_roi": 65, "N_inlier": 64, "refit": true}
{"timestamp": "15:39:01.745865", "frame": 76, "mu": [-2.1569720898305778, 1.7800396474728835, 1.6696622423650553], "Sigma": [[0.010837963603874784, 0.007807828537089938, -0.00933742116348076], [0.007807828537089938, 0.015176094744297491, -0.0069837918046701634], [-0.00933742116348076, -0.0069837918046701634, 0.011647269090492329]], "chi2_level": 0.99, "chi2_df": 3, "chi2_threshold": 11.344866730144373, "N_raw": 36, "N_roi": 36, "N_inlier": 35, "refit": true}
{"timestamp": "15:39:01.803296", "frame": 77, "mu": [-2.2597535262010733, 1.7787584756710069, 1.621364172475935], "Sigma": [[0.016958350895174286, 0.009868718366862789, -0.01331667835607861], [0.009868718366862789, 0.01624241744310712, -0.019330647728087964], [-0.01331667835607861, -0.019330647728087964, 0.10717793613364121]], "chi2_level": 0.99, "chi2_df": 3, "chi2_threshold": 11.344866730144373, "N_raw": 57, "N_roi": 51, "N_inlier": 50, "refit": true}
{"timestamp": "15:39:01.862942", "frame": 78, "mu": [-2.2017706415659375, 1.8983014340967077, 1.6006676789551952], "Sigma": [[0.027088737378254124, 0.016715288400182417, -0.017179887197964747], [0.016715288400182417, 0.02045445384538637, -0.012869182306329977], [-0.017179887197964747, -0.012869182306329977, 0.022338512223407683]], "chi2_level": 0.99, "chi2_df": 3, "chi2_threshold": 11.344866730144373, "N_raw": 85, "N_roi": 78, "N_inlier": 74, "refit": true}
{"timestamp": "15:39:01.913687", "frame": 79, "mu": [-2.1932392443735305, 1.9818160041374904, 1.6618303471736937], "Sigma": [[0.029935380878285754, 0.019034746982436884, -0.005620839167887984], [0.01903474698243688, 0.016430705567046313, -0.008209328029423757], [-0.005620839167887984, -0.008209328029423757, 0.02365137394646078]], "chi2_level": 0.99, "chi2_df": 3, "chi2_threshold": 11.344866730144373, "N_raw": 59, "N_roi": 52, "N_inlier": 51, "refit": true}
{"timestamp": "15:39:01.964516", "frame": 80, "mu": [-2.246398903339005, 2.019349946591553, 1.8136469876140067], "Sigma": [[0.02009270617835437, 0.017097582362850132, -0.01671342662526154], [0.017097582362850135, 0.01933470799436575, -0.013390206755264342], [-0.01671342662526154, -0.01339020675526434, 0.015234145821466122]], "chi2_level": 0.99, "chi2_df": 3, "chi2_threshold": 11.344866730144373, "N_raw": 36, "N_roi": 33, "N_inlier": 32, "refit": true}
{"timestamp": "15:39:02.020865", "frame": 81, "mu": [-2.291202709781393, 2.091416532841266, 1.8563627090553303], "Sigma": [[0.015150197155681432, 0.012329419482531637, -0.01381010055283539], [0.012329419482531637, 0.016305718654404576, -0.013474872408972167], [-0.01381010055283539, -0.013474872408972167, 0.01612287062419989]], "chi2_level": 0.99, "chi2_df": 3, "chi2_threshold": 11.344866730144373, "N_raw": 41, "N_roi": 35, "N_inlier": 32, "refit": true}
{"timestamp": "15:39:02.074766", "frame": 82, "mu": [-2.1077375521837918, 2.3583302252484857, 1.6190193830461084], "Sigma": [[0.018035249858762967, 0.003661536805033917, 0.020113201153706954], [0.003661536805033917, 0.010919181381242742, -0.01419920829623596], [0.020113201153706954, -0.01419920829623596, 0.10963517698254403]], "chi2_level": 0.99, "chi2_df": 3, "chi2_threshold": 11.344866730144373, "N_raw": 33, "N_roi": 32, "N_inlier": 30, "refit": true}
{"timestamp": "15:39:02.131684", "frame": 83, "mu": [-2.0600393956561796, 2.394050978841042, 1.607744403308655], "Sigma": [[0.01491779429773047, 0.005196529648184308, -0.010895531834400222], [0.005196529648184308, 0.008501036401983282, -0.004254334947846028], [-0.010895531834400222, -0.004254334947846028, 0.009752527822980419]], "chi2_level": 0.99, "chi2_df": 3, "chi2_threshold": 11.344866730144373, "N_raw": 55, "N_roi": 49, "N_inlier": 47, "refit": true}
{"timestamp": "15:39:02.184192", "frame": 84, "mu": [-2.042359533512214, 2.41888176617781, 1.541904598889285], "Sigma": [[0.009934307167142784, 0.0038808658042123827, -0.005757002964023551], [0.0038808658042123827, 0.004504852394592018, -0.003371604821777954], [-0.005757002964023551, -0.003371604821777954, 0.005061565940219751]], "chi2_level": 0.99, "chi2_df": 3, "chi2_threshold": 11.344866730144373, "N_raw": 29, "N_roi": 26, "N_inlier": 24, "refit": true}
{"timestamp": "15:39:02.237872", "frame": 85, "mu": [-2.0835361806892494, 2.5811302112960988, 0.7862842297745332], "Sigma": [[0.009397624399281568, 0.0037635654912993003, 0.0036505435824356726], [0.0037635654912993003, 0.00506984040215021, 0.014206453324723249], [0.003650543582435674, 0.01420645332472325, 0.10608785887930389]], "chi2_level": 0.99, "chi2_df": 3, "chi2_threshold": 11.344866730144373, "N_raw": 23, "N_roi": 23, "N_inlier": 22, "refit": true}
{"timestamp": "15:39:02.291591", "frame": 86, "mu": [-2.0810015565190083, 2.7136347008776673, 1.1305655296084745], "Sigma": [[0.005178065987612181, 0.001655432056802586, -0.009115688004370768], [0.001655432056802586, 0.004875120717537855, -0.014869789634114419], [-0.009115688004370768, -0.014869789634114419, 0.1304057042650299]], "chi2_level": 0.99, "chi2_df": 3, "chi2_threshold": 11.344866730144373, "N_raw": 16, "N_roi": 16, "N_inlier": 15, "refit": true}
{"timestamp": "15:39:02.345467", "frame": 87, "mu": [-2.110560094733578, 2.769757220150205, 1.4415573423595212], "Sigma": [[0.005684435115136653, -0.004210832213958835, 0.01303593215988989], [-0.004210832213958835, 0.005252075815540713, -0.005576303063812854], [0.01303593215988989, -0.005576303063812854, 0.0402930400414033]], "chi2_level": 0.99, "chi2_df": 3, "chi2_threshold": 11.344866730144373, "N_raw": 8, "N_roi": 8, "N_inlier": 7, "refit": true}
{"timestamp": "15:39:02.400191", "frame": 88, "mu": [-2.171151472176884, 2.8221330087971506, 1.324871522885772], "Sigma": [[0.0027533072808837602, -0.00047509179216833724, 0.0155942791207089], [-0.0004750917921683371, 0.0017464191941806379, -0.001047136561770156], [0.015594279120708904, -0.0010471365617701564, 0.09704607939556253]], "chi2_level": 0.99, "chi2_df": 3, "chi2_threshold": 11.344866730144373, "N_raw": 6, "N_roi": 6, "N_inlier": 6, "refit": true}
{"timestamp": "15:39:02.456093", "frame": 89, "mu": [-2.1700274305997573, 3.0078241566825508, 0.20062770766606716], "Sigma": [[0.0006142009147474725, -0.001686634102519199, 0.0036673350106053515], [-0.001686634102519199, 0.009926800000318191, -0.02192749823309351], [0.0036673350106053515, -0.02192749823309351, 0.05282511888634376]], "chi2_level": 0.99, "chi2_df": 3, "chi2_threshold": 11.344866730144373, "N_raw": 7, "N_roi": 5, "N_inlier": 5, "refit": true}
{"timestamp": "15:39:02.511470", "frame": 90, "mu": [-2.122525178422074, 2.956685126909417, 1.5803355302400757], "Sigma": [[0.006561153350949884, 0.003908163770223101, -0.009940611564949589], [0.003908163770223101, 0.005348265523536281, -0.009160032849128752], [-0.009940611564949589, -0.009160032849128752, 0.022038452274915674]], "chi2_level": 0.99, "chi2_df": 3, "chi2_threshold": 11.344866730144373, "N_raw": 19, "N_roi": 17, "N_inlier": 16, "refit": true}
{"timestamp": "15:39:02.568030", "frame": 91, "mu": [-2.151727135517083, 3.0743519533229664, 1.1039355612248332], "Sigma": [[0.007972325637105404, -0.004759859650897949, 0.017577145715701594], [-0.004759859650897948, 0.00636952569645897, -0.023472545436010867], [0.017577145715701594, -0.023472545436010867, 0.12430180426780159]], "chi2_level": 0.99, "chi2_df": 3, "chi2_threshold": 11.344866730144373, "N_raw": 17, "N_roi": 15, "N_inlier": 14, "refit": true}
{"timestamp": "15:39:02.626431", "frame": 92, "mu": [-2.06140070814518, 3.06601430878568, 1.633458419650088], "Sigma": [[0.012635307317618189, 0.004834289368560717, -0.005257928872768782], [0.004834289368560717, 0.009500190343856152, -0.009999082968374484], [-0.005257928872768783, -0.009999082968374484, 0.0586620868147673]], "chi2_level": 0.99, "chi2_df": 3, "chi2_threshold": 11.344866730144373, "N_raw": 46, "N_roi": 44, "N_inlier": 42, "refit": true}
{"timestamp": "15:39:02.676384", "frame": 93, "mu": [-2.0269824028170165, 3.1131983660820004, 1.2122113918983584], "Sigma": [[0.0017977357799465845, -0.0032661420974552206, 0.011682869445949328], [-0.0032661420974552206, 0.010512273476217903, -0.04478074931820896], [0.011682869445949328, -0.04478074931820896, 0.22964814356326393]], "chi2_level": 0.99, "chi2_df": 3, "chi2_threshold": 11.344866730144373, "N_raw": 9, "N_roi": 7, "N_inlier": 7, "refit": true}
{"timestamp": "15:39:02.735873", "frame": 94, "mu": [-2.043225107697057, 3.1693143508642723, 1.4075249863361148], "Sigma": [[0.01667441991146392, 0.007916849265528247, -0.009003399109139453], [0.007916849265528247, 0.008124581792283665, -0.01040097987013743], [-0.009003399109139455, -0.010400979870137432, 0.015654103368439795]], "chi2_level": 0.99, "chi2_df": 3, "chi2_threshold": 11.344866730144373, "N_raw": 47, "N_roi": 47, "N_inlier": 47, "refit": true}
{"timestamp": "15:39:02.842808", "frame": 96, "mu": [-2.114484077545509, 3.3575019585932844, 0.8830436417966987], "Sigma": [[0.011344397388296023, 0.0032559336987407882, 0.009931582555257827], [0.0032559336987407882, 0.004903831842081082, -0.009200316584507415], [0.009931582555257827, -0.009200316584507415, 0.10844033527992013]], "chi2_level": 0.99, "chi2_df": 3, "chi2_threshold": 11.344866730144373, "N_raw": 27, "N_roi": 26, "N_inlier": 26, "refit": true}
{"timestamp": "15:39:02.902161", "frame": 97, "mu": [-2.0601829546782064, 3.3928823470107154, 1.169342693641234], "Sigma": [[0.020751380260883696, 0.005249795555154075, 0.03488358498664137], [0.005249795555154075, 0.004566230144363953, 0.0009318859323917297], [0.03488358498664137, 0.0009318859323917297, 0.1683522835381868]], "chi2_level": 0.99, "chi2_df": 3, "chi2_threshold": 11.344866730144373, "N_raw": 45, "N_roi": 41, "N_inlier": 40, "refit": true}
{"timestamp": "15:39:02.951838", "frame": 98, "mu": [-1.9533951689368023, 3.451698595373194, 1.534703205389223], "Sigma": [[0.012914778146587204, 0.0013098855147894652, 0.006809436716736991], [0.0013098855147894652, 0.002630533578585157, -0.0032048618908838158], [0.006809436716736991, -0.0032048618908838153, 0.06301953092131647]], "chi2_level": 0.99, "chi2_df": 3, "chi2_threshold": 11.344866730144373, "N_raw": 14, "N_roi": 14, "N_inlier": 14, "refit": true}
{"timestamp": "15:39:03.162390", "frame": 100, "mu": [-1.486843358149834, 3.0170543877814366, -0.10904539540240965], "Sigma": [[0.6389059223973733, -1.1533060416442278, 0.025253011814265657], [-1.153306041644228, 2.1074789599200163, 0.018292768036076434], [0.025253011814265664, 0.01829276803607642, 0.17570318406375943]], "chi2_level": 0.99, "chi2_df": 3, "chi2_threshold": 11.344866730144373, "N_raw": 5, "N_roi": 5, "N_inlier": 5, "refit": true}
{"timestamp": "15:39:03.164575", "frame": 101, "mu": [-1.951336643112068, 3.917370748664645, -0.3854218814880418], "Sigma": [[0.02147821043037569, -0.0047193576771002044, 0.017764356306663415], [-0.0047193576771002044, 0.013120630372035917, -0.028635777615806893], [0.017764356306663415, -0.028635777615806893, 0.0690193341237238]], "chi2_level": 0.99, "chi2_df": 3, "chi2_threshold": 11.344866730144373, "N_raw": 24, "N_roi": 24, "N_inlier": 24, "refit": true}
{"timestamp": "15:39:03.232992", "frame": 103, "mu": [-1.5879967220383782, 3.7164711367546808, 1.44850436423174], "Sigma": [[0.006128201058548008, 0.0011731509622032229, 0.004971809074882488], [0.0011731509622032233, 0.00240455310685298, -0.007938386779262818], [0.004971809074882486, -0.007938386779262818, 0.2427856015683216]], "chi2_level": 0.99, "chi2_df": 3, "chi2_threshold": 11.344866730144373, "N_raw": 16, "N_roi": 13, "N_inlier": 13, "refit": true}
{"timestamp": "15:39:03.340126", "frame": 105, "mu": [-1.4752930302580278, 3.7749977975025972, 1.3150506300911071], "Sigma": [[0.014644040881444413, 0.00386933616839008, -0.008410758974428252], [0.00386933616839008, 0.0029558151823843738, -0.005511663541533767], [-0.00841075897442825, -0.005511663541533767, 0.013788916358507755]], "chi2_level": 0.99, "chi2_df": 3, "chi2_threshold": 11.344866730144373, "N_raw": 34, "N_roi": 31, "N_inlier": 30, "refit": true}
