{"timestamp": "15:56:29.206366", "frame": 1, "mu": [0.9059198743209974, 1.5823393855834675, 1.2197099382529557], "Sigma": [[0.002047416887075297, 0.0031633562499309344, -0.01121633165966135], [0.0031633562499309344, 0.006680760977701279, -0.01804258638218413], [-0.011216331659661351, -0.01804258638218413, 0.13647666114608553]], "chi2_level": 0.99, "chi2_df": 3, "chi2_threshold": 11.344866730144373, "N_raw": 9, "N_roi": 9, "N_inlier": 9, "refit": true}
{"timestamp": "15:56:29.261295", "frame": 2, "mu": [0.954694860615134, 1.5599162373328457, 1.3602241564762052], "Sigma": [[0.004046443126842993, 0.0032443956332848254, -0.007049151837010098], [0.0032443956332848245, 0.00713283147969005, -0.014943071459618266], [-0.0070491518370100975, -0.014943071459618266, 0.034102245913603356]], "chi2_level": 0.99, "chi2_df": 3, "chi2_threshold": 11.344866730144373, "N_raw": 9, "N_roi": 9, "N_inlier": 8, "refit": true}
{"timestamp": "15:56:29.372275", "frame": 4, "mu": [0.9776634228078017, 1.5262489780040998, 1.454406624000343], "Sigma": [[0.011036028726841353, 0.0009657423373557097, -0.010804350703666823], [0.0009657423373557096, 0.0015407085820138904, -0.001334964546911432], [-0.010804350703666823, -0.0013349645469114318, 0.01122126638877997]], "chi2_level": 0.99, "chi2_df": 3, "chi2_threshold": 11.344866730144373, "N_raw": 16, "N_roi": 16, "N_inlier": 15, "refit": true}
{"timestamp": "15:56:29.433740", "frame": 5, "mu": [1.0073639648257156, 1.4948104919831253, 1.4152223114061762], "Sigma": [[0.011472512307375346, -0.001252540279981922, -0.007505588733834738], [-0.001252540279981922, 0.0032945346177546747, -0.0009090390879017583], [-0.0075055887338347374, -0.0009090390879017583, 0.007554770801969037]], "chi2_level": 0.99, "chi2_df": 3, "chi2_threshold": 11.344866730144373, "N_raw": 61, "N_roi": 61, "N_inlier": 59, "refit": true}
{"timestamp": "15:56:29.493105", "frame": 6, "mu": [1.0044072019970796, 1.4987719084246147, 1.274726721227338], "Sigma": [[0.010718950230908924, -0.0029895160345410603, -0.00879185328726044], [-0.002989516034541061, 0.004413322095723081, -0.006626524252928679], [-0.00879185328726044, -0.006626524252928679, 0.052545420504800947]], "chi2_level": 0.99, "chi2_df": 3, "chi2_threshold": 11.344866730144373, "N_raw": 75, "N_roi": 75, "N_inlier": 75, "refit": true}
{"timestamp": "15:56:29.547447", "frame": 7, "mu": [1.0449133363396512, 1.497926486202506, 1.0741588795866215], "Sigma": [[0.00782942194116455, -0.004162823325369975, 0.0033616481243923793], [-0.004162823325369975, 0.0051641032222197935, -0.008529361490852639], [0.0033616481243923784, -0.008529361490852639, 0.060015895144036484]], "chi2_level": 0.99, "chi2_df": 3, "chi2_threshold": 11.344866730144373, "N_raw": 63, "N_roi": 63, "N_inlier": 61, "refit": true}
{"timestamp": "15:56:29.598396", "frame": 8, "mu": [1.0424375833909032, 1.6753193992548683, -0.4715103753207429], "Sigma": [[0.004739454453955344, -0.006088453108641872, 0.007807444082919644], [-0.006088453108641872, 0.01808710719093676, -0.031163853097248936], [0.007807444082919645, -0.031163853097248936, 0.07786149301174966]], "chi2_level": 0.99, "chi2_df": 3, "chi2_threshold": 11.344866730144373, "N_raw": 38, "N_roi": 38, "N_inlier": 37, "refit": true}
{"timestamp": "15:56:29.652811", "frame": 9, "mu": [1.0691886147752734, 1.6209429302431408, -0.3086666757152159], "Sigma": [[0.003881253079572457, -0.0016320709925961036, -0.002032332542213832], [-0.0016320709925961034, 0.0075521024264602965, -0.0057368065965904816], [-0.002032332542213832, -0.0057368065965904816, 0.01432253827024134]], "chi2_level": 0.99, "chi2_df": 3, "chi2_threshold": 11.344866730144373, "N_raw": 38, "N_roi": 38, "N_inlier": 35, "refit": true}
{"timestamp": "15:56:29.708326", "frame": 10, "mu": [1.046898952541609, 1.447221462955908, 1.3582220725594836], "Sigma": [[0.006157093739668154, -0.0021699333190211873, -0.0014346195622500994], [-0.0021699333190211873, 0.0039369657475082625, 8.572940609554572e-05], [-0.0014346195622500994, 8.572940609554572e-05, 0.0008197031658191652]], "chi2_level": 0.99, "chi2_df": 3, "chi2_threshold": 11.344866730144373, "N_raw": 40, "N_roi": 40, "N_inlier": 38, "refit": true}
{"timestamp": "15:56:29.766142", "frame": 11, "mu": [1.0188274052150863, 1.4730054199420033, 1.3658207223417027], "Sigma": [[0.008396921874533992, -0.0016970023759652275, -0.005897251180799573], [-0.0016970023759652275, 0.005455644719937165, -0.006127279028313545], [-0.005897251180799572, -0.006127279028313545, 0.0182181155888646]], "chi2_level": 0.99, "chi2_df": 3, "chi2_threshold": 11.344866730144373, "N_raw": 59, "N_roi": 59, "N_inlier": 56, "refit": true}
{"timestamp": "15:56:29.823526", "frame": 12, "mu": [1.0218217781463694, 1.4983744202160083, 1.272694991837365], "Sigma": [[0.00806374755052083, -0.002539994569704959, -0.003209189027104631], [-0.002539994569704959, 0.006525393560648184, -0.016873516964374134], [-0.003209189027104631, -0.016873516964374134, 0.06752455572871921]], "chi2_level": 0.99, "chi2_df": 3, "chi2_threshold": 11.344866730144373, "N_raw": 71, "N_roi": 71, "N_inlier": 69, "refit": true}
{"timestamp": "15:56:29.873231", "frame": 13, "mu": [1.063078865686361, 1.4662824637670933, 1.1966679178862853], "Sigma": [[0.00748652115221845, -0.004648538216916262, -0.01629690097305111], [-0.0046485382169162625, 0.009548480457494209, 0.01802664463832111], [-0.01629690097305111, 0.01802664463832111, 0.06595749765890119]], "chi2_level": 0.99, "chi2_df": 3, "chi2_threshold": 11.344866730144373, "N_raw": 37, "N_roi": 37, "N_inlier": 34, "refit": true}
{"timestamp": "15:56:29.927002", "frame": 14, "mu": [0.9681246281520545, 1.458694281523909, 1.4685662888926962], "Sigma": [[0.00551783878541318, -7.884448349995956e-05, -0.0050792664781006865], [-7.884448349995956e-05, 0.0018620830119267999, -0.0010636514919441307], [-0.0050792664781006865, -0.0010636514919441307, 0.005932846028537569]], "chi2_level": 0.99, "chi2_df": 3, "chi2_threshold": 11.344866730144373, "N_raw": 29, "N_roi": 29, "N_inlier": 27, "refit": true}
{"timestamp": "15:56:29.987070", "frame": 15, "mu": [1.0252902310853198, 1.4952846516002798, 1.2843500847149631], "Sigma": [[0.005485111567246736, -0.002636262269576182, -0.001369173322863506], [-0.002636262269576182, 0.0062311921090620675, -0.005123131289778534], [-0.0013691733228635055, -0.005123131289778534, 0.009564403237424742]], "chi2_level": 0.99, "chi2_df": 3, "chi2_threshold": 11.344866730144373, "N_raw": 56, "N_roi": 56, "N_inlier": 53, "refit": true}
{"timestamp": "15:56:30.040000", "frame": 16, "mu": [1.0515204353009389, 1.4273473967862949, 1.311682492720163], "Sigma": [[0.007644256177510705, -0.0021591245231079802, -0.006585370103712436], [-0.0021591245231079802, 0.005295202949371191, 0.0007144570931313688], [-0.006585370103712436, 0.0007144570931313688, 0.030362158428920663]], "chi2_level": 0.99, "chi2_df": 3, "chi2_threshold": 11.344866730144373, "N_raw": 52, "N_roi": 52, "N_inlier": 49, "refit": true}
{"timestamp": "15:56:30.097462", "frame": 17, "mu": [0.9625309626128338, 1.4662966196081835, 1.2886379892461992], "Sigma": [[0.009230341736173315, -0.004714332666616635, 0.008361132136486048], [-0.004714332666616634, 0.00764011653231409, -0.023554762946070267], [0.008361132136486048, -0.02355476294607027, 0.1027631858133992]], "chi2_level": 0.99, "chi2_df": 3, "chi2_threshold": 11.344866730144373, "N_raw": 67, "N_roi": 67, "N_inlier": 64, "refit": true}
{"timestamp": "15:56:30.143852", "frame": 18, "mu": [0.950851159629748, 1.4293491930909057, 0.8956872112393118], "Sigma": [[0.008920739886136118, -0.00015967215982988747, -0.03660462038784308], [-0.00015967215982988747, 0.0009760939079063097, -0.0036299393771415675], [-0.03660462038784308, -0.0036299393771415684, 0.5609952846768905]], "chi2_level": 0.99, "chi2_df": 3, "chi2_threshold": 11.344866730144373, "N_raw": 9, "N_roi": 9, "N_inlier": 9, "refit": true}
{"timestamp": "15:56:30.200715", "frame": 19, "mu": [0.9888411624828022, 1.4180261157197265, 1.3829469250328383], "Sigma": [[0.005892303739904739, -0.0005658251619266297, -0.00558329722109094], [-0.0005658251619266298, 0.0034529249738319005, -0.0006750448950883778], [-0.00558329722109094, -0.0006750448950883776, 0.008037145662939985]], "chi2_level": 0.99, "chi2_df": 3, "chi2_threshold": 11.344866730144373, "N_raw": 25, "N_roi": 25, "N_inlier": 24, "refit": true}
{"timestamp": "15:56:30.261648", "frame": 20, "mu": [0.9299511921196704, 1.4506007097805902, 1.217244490366529], "Sigma": [[0.004237661836044116, -0.0007792830909384685, -0.004356890083181057], [-0.0007792830909384685, 0.00409372707813794, -0.009107960478056749], [-0.004356890083181056, -0.009107960478056747, 0.15580737807976647]], "chi2_level": 0.99, "chi2_df": 3, "chi2_threshold": 11.344866730144373, "N_raw": 67, "N_roi": 67, "N_inlier": 66, "refit": true}
{"timestamp": "15:56:30.321286", "frame": 21, "mu": [0.9712068910928547, 1.447943583851996, 0.9184993634763174], "Sigma": [[0.007503045249809294, -0.0037488201417925017, 0.013202831001650709], [-0.003748820141792502, 0.004579458482664305, -0.009132987889698827], [0.013202831001650709, -0.009132987889698827, 0.07271543298690965]], "chi2_level": 0.99, "chi2_df": 3, "chi2_threshold": 11.344866730144373, "N_raw": 89, "N_roi": 89, "N_inlier": 84, "refit": true}
{"timestamp": "15:56:30.374990", "frame": 22, "mu": [0.9010802132724831, 1.61323779182666, -0.5165646870552962], "Sigma": [[0.010889799942724085, 0.0017219058194426651, -0.01656877187264023], [0.001721905819442665, 0.0231996378688471, -0.05097832221426756], [-0.01656877187264023, -0.05097832221426756, 0.1450103260510241]], "chi2_level": 0.99, "chi2_df": 3, "chi2_threshold": 11.344866730144373, "N_raw": 81, "N_roi": 81, "N_inlier": 80, "refit": true}
{"timestamp": "15:56:30.431082", "frame": 23, "mu": [0.8832291524001505, 1.4256672702415887, 1.288668723183157], "Sigma": [[0.010843997508977523, -0.002489454952754001, -0.00854853697880074], [-0.002489454952754001, 0.008962181271302796, -0.019439166606813406], [-0.00854853697880074, -0.019439166606813406, 0.10686482844408803]], "chi2_level": 0.99, "chi2_df": 3, "chi2_threshold": 11.344866730144373, "N_raw": 95, "N_roi": 95, "N_inlier": 91, "refit": true}
{"timestamp": "15:56:30.482451", "frame": 24, "mu": [0.8720981489035204, 1.4881049310495424, -0.2304889555039725], "Sigma": [[0.009223975863290141, -0.0005495138802425698, -0.005097918867439087], [-0.0005495138802425698, 0.01684040884442476, -0.027623059938551187], [-0.005097918867439087, -0.027623059938551187, 0.055128775780202394]], "chi2_level": 0.99, "chi2_df": 3, "chi2_threshold": 11.344866730144373, "N_raw": 65, "N_roi": 65, "N_inlier": 63, "refit": true}
{"timestamp": "15:56:30.534514", "frame": 25, "mu": [0.9188745423282944, 1.3906676131952682, 1.0213454011959444], "Sigma": [[0.007053863082127343, -0.0049073448694321176, 0.006759328572047142], [-0.0049073448694321176, 0.007619771145326341, -0.01333660109749098], [0.006759328572047141, -0.01333660109749098, 0.08891930074387601]], "chi2_level": 0.99, "chi2_df": 3, "chi2_threshold": 11.344866730144373, "N_raw": 44, "N_roi": 44, "N_inlier": 43, "refit": true}
{"timestamp": "15:56:30.591378", "frame": 26, "mu": [0.8225967857576016, 1.3730611660200722, 1.2537745301057517], "Sigma": [[0.008081114970580477, -0.003259578196614739, -0.008652941809809382], [-0.003259578196614739, 0.006384242040230233, -0.012413730279195472], [-0.008652941809809384, -0.012413730279195472, 0.18915753619500317]], "chi2_level": 0.99, "chi2_df": 3, "chi2_threshold": 11.344866730144373, "N_raw": 58, "N_roi": 58, "N_inlier": 56, "refit": true}
{"timestamp": "15:56:30.645499", "frame": 27, "mu": [0.7721779753605582, 1.3313662272049194, 1.4786551932077705], "Sigma": [[0.009874069169286558, -0.0023047095972509963, -0.011052778744685724], [-0.0023047095972509963, 0.003102191734928896, 0.001178332703399663], [-0.011052778744685724, 0.001178332703399663, 0.016356792998732068]], "chi2_level": 0.99, "chi2_df": 3, "chi2_threshold": 11.344866730144373, "N_raw": 59, "N_roi": 59, "N_inlier": 56, "refit": true}
{"timestamp": "15:56:30.702485", "frame": 28, "mu": [0.7531488750762054, 1.3397786178167024, 1.5071786537115333], "Sigma": [[0.006607865213036022, -0.0011080600195704391, -0.0038554962966367663], [-0.0011080600195704394, 0.005149613445091595, -0.0007779138844403743], [-0.0038554962966367663, -0.0007779138844403743, 0.0053671756928058735]], "chi2_level": 0.99, "chi2_df": 3, "chi2_threshold": 11.344866730144373, "N_raw": 67, "N_roi": 67, "N_inlier": 63, "refit": true}
{"timestamp": "15:56:30.764705", "frame": 29, "mu": [0.801729477330166, 1.3122478840171419, 1.2935984414552775], "Sigma": [[0.009141863447797704, -0.0030226960557704153, -0.015458986759281874], [-0.0030226960557704157, 0.0036062916487376267, 0.0015355818328269455], [-0.015458986759281874, 0.0015355818328269453, 0.06739138004528393]], "chi2_level": 0.99, "chi2_df": 3, "chi2_threshold": 11.344866730144373, "N_raw": 110, "N_roi": 108, "N_inlier": 106, "refit": true}
{"timestamp": "15:56:30.816433", "frame": 30, "mu": [0.7486424456032511, 1.3897040250264154, -0.014915622740140189], "Sigma": [[0.010213421274544481, -0.0030947498652395466, 0.016228468079876733], [-0.0030947498652395466, 0.009811189729595165, -0.042111964698678166], [0.016228468079876737, -0.042111964698678166, 0.28706812028635004]], "chi2_level": 0.99, "chi2_df": 3, "chi2_threshold": 11.344866730144373, "N_raw": 82, "N_roi": 82, "N_inlier": 79, "refit": true}
{"timestamp": "15:56:30.870158", "frame": 31, "mu": [0.7569267192205215, 1.37988385696888, -0.18380212203557494], "Sigma": [[0.005628720839736485, -0.0010117619192178309, 0.022328022442732028], [-0.001011761919217831, 0.007863844143338329, -0.0365504590856906], [0.022328022442732028, -0.0365504590856906, 0.39672566684309685]], "chi2_level": 0.99, "chi2_df": 3, "chi2_threshold": 11.344866730144373, "N_raw": 80, "N_roi": 80, "N_inlier": 77, "refit": true}
{"timestamp": "15:56:30.925189", "frame": 32, "mu": [0.6997100038751718, 1.2887941883284015, 1.3769936800002607], "Sigma": [[0.008604277585042662, -0.00334839539221815, -0.01602730466018338], [-0.00334839539221815, 0.004128339894598378, 0.0033111099248919144], [-0.016027304660183383, 0.003311109924891914, 0.04510500708413097]], "chi2_level": 0.99, "chi2_df": 3, "chi2_threshold": 11.344866730144373, "N_raw": 78, "N_roi": 78, "N_inlier": 77, "refit": true}
{"timestamp": "15:56:30.984746", "frame": 33, "mu": [0.6767545654584021, 1.290977275749516, 1.1926053372126197], "Sigma": [[0.005212333208347944, -0.0021077871431199303, -0.004750378196749262], [-0.0021077871431199303, 0.0027672173464012217, -0.005049605441392211], [-0.004750378196749263, -0.005049605441392211, 0.07193894174322507]], "chi2_level": 0.99, "chi2_df": 3, "chi2_threshold": 11.344866730144373, "N_raw": 114, "N_roi": 114, "N_inlier": 111, "refit": true}
{"timestamp": "15:56:31.036336", "frame": 34, "mu": [0.626195939733471, 1.338553273051891, 1.364945483144917], "Sigma": [[0.006495085516613763, -0.0025673275759180636, -0.003223869088443476], [-0.002567327575918064, 0.00796365756330348, -0.015281937864252915], [-0.0032238690884434755, -0.015281937864252915, 0.05083578464462132]], "chi2_level": 0.99, "chi2_df": 3, "chi2_threshold": 11.344866730144373, "N_raw": 85, "N_roi": 85, "N_inlier": 81, "refit": true}
{"timestamp": "15:56:31.090816", "frame": 35, "mu": [0.5962322476779708, 1.324658306881226, 1.2464162087191941], "Sigma": [[0.0053123955962681955, -0.00016927921673364664, -0.012211311472148498], [-0.00016927921673364664, 0.0063917490054369855, -0.011364219414680674], [-0.012211311472148496, -0.011364219414680674, 0.06869600404373816]], "chi2_level": 0.99, "chi2_df": 3, "chi2_threshold": 11.344866730144373, "N_raw": 88, "N_roi": 86, "N_inlier": 84, "refit": true}
{"timestamp": "15:56:31.145512", "frame": 36, "mu": [0.601754734737959, 1.2829586640402295, 1.4018774568676695], "Sigma": [[0.006076132513018078, -0.0005594569011992335, -0.008322518632842313], [-0.0005594569011992335, 0.005613777362285051, -0.0029596263807441], [-0.008322518632842314, -0.0029596263807441007, 0.045509889853104404]], "chi2_level": 0.99, "chi2_df": 3, "chi2_threshold": 11.344866730144373, "N_raw": 83, "N_roi": 83, "N_inlier": 78, "refit": true}
{"timestamp": "15:56:31.195939", "frame": 37, "mu": [0.5335066479692231, 1.2568699647316341, 1.5038479708992933], "Sigma": [[0.0035106440216353483, -0.0012382100698925035, -0.003038984385945363], [-0.0012382100698925035, 0.0030632128263225083, -0.0009179199320927382], [-0.003038984385945364, -0.0009179199320927382, 0.005006634200877129]], "chi2_level": 0.99, "chi2_df": 3, "chi2_threshold": 11.344866730144373, "N_raw": 48, "N_roi": 48, "N_inlier": 43, "refit": true}
{"timestamp": "15:56:31.252173", "frame": 38, "mu": [0.5091310840792508, 1.2508746076688102, 1.51090774520609], "Sigma": [[0.004844232483087213, 0.0007557711260462509, -0.004289532683564433], [0.0007557711260462509, 0.0048964952204198905, -0.0038981539059713484], [-0.004289532683564433, -0.0038981539059713484, 0.007028302106004956]], "chi2_level": 0.99, "chi2_df": 3, "chi2_threshold": 11.344866730144373, "N_raw": 64, "N_roi": 64, "N_inlier": 61, "refit": true}
{"timestamp": "15:56:31.312912", "frame": 39, "mu": [0.5041324656644216, 1.2261659436112693, 1.3458231952650637], "Sigma": [[0.005108591164563432, -0.0020832260989870795, -0.010041772107281872], [-0.0020832260989870795, 0.00348626539888676, 0.001824228199836422], [-0.010041772107281872, 0.0018242281998364222, 0.049830254005446536]], "chi2_level": 0.99, "chi2_df": 3, "chi2_threshold": 11.344866730144373, "N_raw": 100, "N_roi": 100, "N_inlier": 95, "refit": true}
{"timestamp": "15:56:31.363899", "frame": 40, "mu": [0.4787901811385099, 1.3447665724773235, -0.28705510531135336], "Sigma": [[0.007097941717794958, 0.00296235877386766, -0.01739679718972091], [0.00296235877386766, 0.004150646652877127, -0.011205256387251124], [-0.01739679718972091, -0.011205256387251124, 0.06008027713433625]], "chi2_level": 0.99, "chi2_df": 3, "chi2_threshold": 11.344866730144373, "N_raw": 72, "N_roi": 72, "N_inlier": 69, "refit": true}
{"timestamp": "15:56:31.419838", "frame": 41, "mu": [0.42508827013701794, 1.2077784134264045, 1.2672058648535083], "Sigma": [[0.005221334302198296, -0.0032086292303578953, -0.02790243389888907], [-0.0032086292303578953, 0.006679169519884356, 0.02213082487860038], [-0.02790243389888907, 0.022130824878600377, 0.341391530833356]], "chi2_level": 0.99, "chi2_df": 3, "chi2_threshold": 11.344866730144373, "N_raw": 78, "N_roi": 78, "N_inlier": 77, "refit": true}
{"timestamp": "15:56:31.474199", "frame": 42, "mu": [0.4340690126608661, 1.1512683246090514, 0.7580371322280629], "Sigma": [[0.014901368174285888, -0.009024813350106731, -0.08868151127319601], [-0.009024813350106731, 0.007991449169972277, 0.060355918629628], [-0.08868151127319601, 0.060355918629628004, 0.7247313235621278]], "chi2_level": 0.99, "chi2_df": 3, "chi2_threshold": 11.344866730144373, "N_raw": 76, "N_roi": 76, "N_inlier": 75, "refit": true}
{"timestamp": "15:56:31.526845", "frame": 43, "mu": [0.35806106800690185, 1.1746593563468732, 1.4246222464687874], "Sigma": [[0.00342456401972088, -0.000515222942925853, -0.004245082993313423], [-0.0005152229429258531, 0.002390682283203961, 0.004708190836543696], [-0.004245082993313423, 0.004708190836543696, 0.11164362062428654]], "chi2_level": 0.99, "chi2_df": 3, "chi2_threshold": 11.344866730144373, "N_raw": 53, "N_roi": 53, "N_inlier": 49, "refit": true}
{"timestamp": "15:56:31.586629", "frame": 44, "mu": [0.35256485275798466, 1.182222898260629, 1.334251596555559], "Sigma": [[0.003989707857486268, 0.00012237346986010729, -0.00884235372168432], [0.00012237346986010729, 0.0039103303232701885, -0.007884163368706683], [-0.00884235372168432, -0.007884163368706685, 0.05700440445177884]], "chi2_level": 0.99, "chi2_df": 3, "chi2_threshold": 11.344866730144373, "N_raw": 90, "N_roi": 90, "N_inlier": 84, "refit": true}
{"timestamp": "15:56:31.639995", "frame": 45, "mu": [0.29647647470950583, 1.1386408129986603, 1.5273932195533162], "Sigma": [[0.003916555321300141, 0.00021079276744096192, -0.0036452158281951403], [0.00021079276744096195, 0.004051870298501752, -0.0028854058908645685], [-0.0036452158281951403, -0.0028854058908645685, 0.005522124690633277]], "chi2_level": 0.99, "chi2_df": 3, "chi2_threshold": 11.344866730144373, "N_raw": 76, "N_roi": 76, "N_inlier": 71, "refit": true}
{"timestamp": "15:56:31.701145", "frame": 46, "mu": [0.2942952921394546, 1.150275839890718, 1.413812574578694], "Sigma": [[0.00550109439715118, -0.0009553817010853773, -0.008330969483435273], [-0.0009553817010853774, 0.005015841541735139, -0.004218806676064319], [-0.008330969483435273, -0.004218806676064319, 0.03625927590024443]], "chi2_level": 0.99, "chi2_df": 3, "chi2_threshold": 11.344866730144373, "N_raw": 116, "N_roi": 116, "N_inlier": 112, "refit": true}
{"timestamp": "15:56:31.753007", "frame": 47, "mu": [0.2732776569997521, 1.1308143891089864, 1.385369384533436], "Sigma": [[0.0049341828621342265, -0.0015776916657853663, -0.005947537503679825], [-0.001577691665785366, 0.005411605896274529, -0.00847529219626238], [-0.0059475375036798245, -0.008475292196262378, 0.04381065173222816]], "chi2_level": 0.99, "chi2_df": 3, "chi2_threshold": 11.344866730144373, "N_raw": 101, "N_roi": 101, "N_inlier": 97, "refit": true}
{"timestamp": "15:56:31.803596", "frame": 48, "mu": [0.22860065255709977, 1.1197106456615054, 1.483935426264754], "Sigma": [[0.004464672369538405, -0.0001209429718420591, -0.008334718010154913], [-0.0001209429718420591, 0.0017872426703930226, -0.001352583375832765], [-0.008334718010154913, -0.0013525833758327652, 0.027590794865875894]], "chi2_level": 0.99, "chi2_df": 3, "chi2_threshold": 11.344866730144373, "N_raw": 70, "N_roi": 70, "N_inlier": 67, "refit": true}
{"timestamp": "15:56:31.860738", "frame": 49, "mu": [0.22003768065071838, 1.0958195900337344, 1.153840004832058], "Sigma": [[0.008808955652900392, -0.0032369012608863537, 0.02033917178911302], [-0.003236901260886354, 0.003434763979575979, -0.005972670021632463], [0.02033917178911302, -0.005972670021632463, 0.07227003072280289]], "chi2_level": 0.99, "chi2_df": 3, "chi2_threshold": 11.344866730144373, "N_raw": 86, "N_roi": 86, "N_inlier": 84, "refit": true}
{"timestamp": "15:56:31.908181", "frame": 50, "mu": [0.14013754866553968, 1.1766380008451318, 1.096491970932158], "Sigma": [[0.0029538341000263273, -0.0036357605754728023, -0.012114864339543233], [-0.0036357605754728023, 0.007884654880563004, 0.025216851726563065], [-0.012114864339543233, 0.025216851726563065, 0.1791557948629634]], "chi2_level": 0.99, "chi2_df": 3, "chi2_threshold": 11.344866730144373, "N_raw": 31, "N_roi": 31, "N_inlier": 30, "refit": true}
{"timestamp": "15:56:31.963618", "frame": 51, "mu": [0.1279212599277143, 1.1502227850032138, 1.1920178647104287], "Sigma": [[0.001967311395666183, -0.0008749750760789662, -0.0069780792589186616], [-0.0008749750760789662, 0.0012558265001690672, 0.004851105238600135], [-0.006978079258918661, 0.004851105238600134, 0.12062666701043281]], "chi2_level": 0.99, "chi2_df": 3, "chi2_threshold": 11.344866730144373, "N_raw": 40, "N_roi": 37, "N_inlier": 34, "refit": true}
{"timestamp": "15:56:32.014912", "frame": 52, "mu": [0.06808055672543359, 1.0996036463295358, 1.4645662964090147], "Sigma": [[0.002604296368506908, -0.000957931090903477, 0.002569021857189365], [-0.0009579310909034768, 0.0050176777638868625, -0.026304108072618324], [0.0025690218571893632, -0.026304108072618324, 0.16689538502374052]], "chi2_level": 0.99, "chi2_df": 3, "chi2_threshold": 11.344866730144373, "N_raw": 16, "N_roi": 14, "N_inlier": 13, "refit": true}
{"timestamp": "15:56:32.073349", "frame": 53, "mu": [0.05053648719254075, 1.075122010716106, 1.5885949374084505], "Sigma": [[0.0014352875674749116, -0.00039831393429617734, -0.001517408533668579], [-0.00039831393429617734, 0.003010524748400835, -0.0003746287222472834], [-0.0015174085336685792, -0.00037462872224728347, 0.006207592198867605]], "chi2_level": 0.99, "chi2_df": 3, "chi2_threshold": 11.344866730144373, "N_raw": 39, "N_roi": 39, "N_inlier": 36, "refit": true}
{"timestamp": "15:56:32.123701", "frame": 54, "mu": [-0.02545308634346967, 1.0165519479808347, 0.63458463772736], "Sigma": [[0.03035070299110067, -0.005256719133440684, 0.112672259693256], [-0.005256719133440684, 0.006797183369881675, -0.026284332228646016], [0.112672259693256, -0.02628433222864602, 0.5055701713111279]], "chi2_level": 0.99, "chi2_df": 3, "chi2_threshold": 11.344866730144373, "N_raw": 8, "N_roi": 8, "N_inlier": 8, "refit": true}
{"timestamp": "15:56:32.188775", "frame": 55, "mu": [-0.07025023186200915, 1.1044463781395455, 1.405264658102671], "Sigma": [[0.0024540548696840637, -0.0010356230071476317, 0.0039406715710177224], [-0.0010356230071476317, 0.002456245255825171, -0.00396452811669862], [0.0039406715710177224, -0.00396452811669862, 0.10320352720314911]], "chi2_level": 0.99, "chi2_df": 3, "chi2_threshold": 11.344866730144373, "N_raw": 76, "N_roi": 76, "N_inlier": 76, "refit": true}
{"timestamp": "15:56:32.239485", "frame": 56, "mu": [-0.07052690753528462, 1.1002418316854983, 0.909220622396751], "Sigma": [[0.004131591748612705, -0.0033407645410639267, 0.010953064238064504], [-0.0033407645410639267, 0.0054655289895614925, -0.03433921487889057], [0.010953064238064506, -0.03433921487889057, 0.5786055317103553]], "chi2_level": 0.99, "chi2_df": 3, "chi2_threshold": 11.344866730144373, "N_raw": 42, "N_roi": 42, "N_inlier": 40, "refit": true}
{"timestamp": "15:56:32.297777", "frame": 57, "mu": [-0.08992413259047845, 1.117213416047011, 1.4739736727853319], "Sigma": [[0.002681621475606951, -0.00026879696502895764, -0.002076569932068773], [-0.0002687969650289577, 0.002739046161078401, -0.004248903036887703], [-0.002076569932068773, -0.004248903036887703, 0.013662975261266808]], "chi2_level": 0.99, "chi2_df": 3, "chi2_threshold": 11.344866730144373, "N_raw": 70, "N_roi": 69, "N_inlier": 64, "refit": true}
{"timestamp": "15:56:32.354270", "frame": 58, "mu": [-0.1421580946005115, 1.0977235885312504, 1.526761814686405], "Sigma": [[0.0026341710034806327, -0.00022561608207022577, -0.0021885701339807804], [-0.0002256160820702258, 0.0047876351603910435, -0.0032375795444183446], [-0.0021885701339807804, -0.0032375795444183446, 0.005026399880571636]], "chi2_level": 0.99, "chi2_df": 3, "chi2_threshold": 11.344866730144373, "N_raw": 69, "N_roi": 68, "N_inlier": 66, "refit": true}
{"timestamp": "15:56:32.410767", "frame": 59, "mu": [-0.1602837125527304, 1.0886541029721815, 1.4669336547476406], "Sigma": [[0.0028938835428447547, -0.0012953774374852988, -0.0024251457887055302], [-0.0012953774374852988, 0.006021675102970851, -0.004417321068253167], [-0.0024251457887055302, -0.004417321068253167, 0.008533826104925443]], "chi2_level": 0.99, "chi2_df": 3, "chi2_threshold": 11.344866730144373, "N_raw": 89, "N_roi": 89, "N_inlier": 87, "refit": true}
{"timestamp": "15:56:32.466283", "frame": 60, "mu": [-0.19062889535741132, 1.0657040660865285, 1.5439578140075763], "Sigma": [[0.0021822485486064267, -0.0019082499764221006, -0.0024525973250203534], [-0.0019082499764221006, 0.004505765979393189, 0.0008861649482524608], [-0.0024525973250203534, 0.0008861649482524605, 0.004293852845419458]], "chi2_level": 0.99, "chi2_df": 3, "chi2_threshold": 11.344866730144373, "N_raw": 36, "N_roi": 36, "N_inlier": 35, "refit": true}
{"timestamp": "15:56:32.515814", "frame": 61, "mu": [-0.24587157189299588, 1.110745773051754, 1.5553237931783919], "Sigma": [[0.00254614316994324, -0.0013358292361780005, -0.002303301273198828], [-0.0013358292361780007, 0.004091612017996692, -0.0011799857839166778], [-0.002303301273198828, -0.0011799857839166778, 0.004121112680313979]], "chi2_level": 0.99, "chi2_df": 3, "chi2_threshold": 11.344866730144373, "N_raw": 57, "N_roi": 57, "N_inlier": 56, "refit": true}
{"timestamp": "15:56:32.574046", "frame": 62, "mu": [-0.3117292473040455, 1.206968392801375, -0.1662784533123929], "Sigma": [[0.003178367347696464, -0.0013458238317297123, -0.0009490118286105968], [-0.001345823831729712, 0.00631695211560932, -0.00400135272239896], [-0.0009490118286105968, -0.00400135272239896, 0.004161443016453271]], "chi2_level": 0.99, "chi2_df": 3, "chi2_threshold": 11.344866730144373, "N_raw": 76, "N_roi": 76, "N_inlier": 70, "refit": true}
{"timestamp": "15:56:32.630330", "frame": 63, "mu": [-0.3103579723716563, 1.1048940861088796, 1.4956806033112313], "Sigma": [[0.0037449338169226994, -0.0022417205310345115, -0.00148172101486069], [-0.0022417205310345115, 0.0051361851940025065, -0.002723884515703531], [-0.00148172101486069, -0.0027238845157035304, 0.004943152929835431]], "chi2_level": 0.99, "chi2_df": 3, "chi2_threshold": 11.344866730144373, "N_raw": 79, "N_roi": 79, "N_inlier": 76, "refit": true}
{"timestamp": "15:56:32.684054", "frame": 64, "mu": [-0.3527446060918031, 1.0930677249490852, 1.4934663949588534], "Sigma": [[0.003974268677318914, -0.002671629470197333, -0.001645500926979935], [-0.0026716294701973325, 0.006416520252760052, -0.0020416866166734025], [-0.001645500926979935, -0.002041686616673403, 0.0038159972908064425]], "chi2_level": 0.99, "chi2_df": 3, "chi2_threshold": 11.344866730144373, "N_raw": 77, "N_roi": 77, "N_inlier": 75, "refit": true}
{"timestamp": "15:56:32.738948", "frame": 65, "mu": [-0.39329770386979274, 1.0927101968912285, 1.5373973748137777], "Sigma": [[0.00437429678839541, -0.0031556215762231954, -0.003160552007757775], [-0.003155621576223196, 0.00674705640294591, -4.557775281027022e-05], [-0.003160552007757775, -4.557775281027022e-05, 0.00465330743206144]], "chi2_level": 0.99, "chi2_df": 3, "chi2_threshold": 11.344866730144373, "N_raw": 74, "N_roi": 74, "N_inlier": 70, "refit": true}
{"timestamp": "15:56:32.791430", "frame": 66, "mu": [-0.4638333462578036, 1.126651203304729, 1.5801821981429862], "Sigma": [[0.0047741629771503495, -0.0018204001364376244, -0.0016246663791670292], [-0.0018204001364376247, 0.00381200705412217, -0.001630115049897862], [-0.0016246663791670292, -0.001630115049897862, 0.0024965043924486167]], "chi2_level": 0.99, "chi2_df": 3, "chi2_threshold": 11.344866730144373, "N_raw": 62, "N_roi": 62, "N_inlier": 60, "refit": true}
{"timestamp": "15:56:32.847049", "frame": 67, "mu": [-0.4413916013562513, 1.112859788395308, 1.4994929437086097], "Sigma": [[0.003057179907657713, -0.0016147698926479894, -0.003093098704267447], [-0.0016147698926479894, 0.003829070286784451, -0.001276043443694963], [-0.003093098704267447, -0.0012760434436949629, 0.007421613738129532]], "chi2_level": 0.99, "chi2_df": 3, "chi2_threshold": 11.344866730144373, "N_raw": 61, "N_roi": 61, "N_inlier": 57, "refit": true}
{"timestamp": "15:56:32.896650", "frame": 68, "mu": [-0.5196858310177339, 1.375270769340725, 0.9972751282667524], "Sigma": [[0.020185930582606933, -0.11294061774412309, 0.17613493923916038], [-0.11294061774412309, 0.659099291557994, -1.0415988674265662], [0.17613493923916038, -1.0415988674265662, 1.7125880265809663]], "chi2_level": 0.99, "chi2_df": 3, "chi2_threshold": 11.344866730144373, "N_raw": 22, "N_roi": 21, "N_inlier": 20, "refit": true}
{"timestamp": "15:56:32.955213", "frame": 69, "mu": [-0.5624107854403347, 1.224045174469316, -0.14240422399067038], "Sigma": [[0.002640825124676981, 0.0003364439757560019, -0.0013245992784184182], [0.00033644397575600184, 0.005102140085231769, -0.003103820376253848], [-0.0013245992784184182, -0.003103820376253848, 0.0028447301673250715]], "chi2_level": 0.99, "chi2_df": 3, "chi2_threshold": 11.344866730144373, "N_raw": 55, "N_roi": 55, "N_inlier": 52, "refit": true}
{"timestamp": "15:56:33.010717", "frame": 70, "mu": [-0.61173874358929, 1.07235432144975, 1.5466627506335342], "Sigma": [[0.0037223278554631735, -0.0010631058026130253, -0.004134776370748964], [-0.0010631058026130253, 0.004960669106309324, -0.0015926187954062878], [-0.004134776370748964, -0.0015926187954062878, 0.011419152817680448]], "chi2_level": 0.99, "chi2_df": 3, "chi2_threshold": 11.344866730144373, "N_raw": 55, "N_roi": 55, "N_inlier": 51, "refit": true}
{"timestamp": "15:56:33.065780", "frame": 71, "mu": [-0.6314608695708447, 1.1059976282801978, 1.5511216229798541], "Sigma": [[0.00301444570461621, -0.0016004772555348085, -0.002717987858901835], [-0.001600477255534809, 0.004753624234084416, -0.0010807284425808897], [-0.002717987858901835, -0.0010807284425808895, 0.004883924649141642]], "chi2_level": 0.99, "chi2_df": 3, "chi2_threshold": 11.344866730144373, "N_raw": 55, "N_roi": 55, "N_inlier": 52, "refit": true}
{"timestamp": "15:56:33.118153", "frame": 72, "mu": [-0.6646824788626557, 1.1361455903910378, 1.3014686855876052], "Sigma": [[0.006798958155555867, -0.0047052887054711435, 0.026254218407698097], [-0.0047052887054711435, 0.012593260215465377, 0.001161756171611207], [0.026254218407698097, 0.001161756171611207, 0.20175318732186848]], "chi2_level": 0.99, "chi2_df": 3, "chi2_threshold": 11.344866730144373, "N_raw": 34, "N_roi": 34, "N_inlier": 33, "refit": true}
{"timestamp": "15:56:33.169350", "frame": 73, "mu": [-0.6950835486562652, 1.1025288489121658, 1.3325334651378293], "Sigma": [[0.002461278587567883, -0.0006831853608394109, -0.015222390022544646], [-0.000683185360839411, 0.007164622043423559, 0.0028403919763020217], [-0.015222390022544646, 0.002840391976302022, 0.12194665932736612]], "chi2_level": 0.99, "chi2_df": 3, "chi2_threshold": 11.344866730144373, "N_raw": 14, "N_roi": 14, "N_inlier": 14, "refit": true}
{"timestamp": "15:56:33.233357", "frame": 74, "mu": [-0.6992436101024274, 1.0842250767492358, 0.9326657662817376], "Sigma": [[0.012458463694796293, 0.0036084957773199564, -0.06042568160999009], [0.0036084957773199564, 0.003623982861326251, -0.027337267868767938], [-0.06042568160999009, -0.027337267868767938, 0.39272787150634136]], "chi2_level": 0.99, "chi2_df": 3, "chi2_threshold": 11.344866730144373, "N_raw": 75, "N_roi": 75, "N_inlier": 72, "refit": true}
{"timestamp": "15:56:33.284801", "frame": 75, "mu": [-0.8858957685988795, 1.0178526384828261, 1.4859587834925725], "Sigma": [[0.04029469758497094, 0.024021090250701767, -0.07269154858707529], [0.024021090250701767, 0.0203346077545129, -0.04178405735050857], [-0.07269154858707527, -0.04178405735050857, 0.24701955677381193]], "chi2_level": 0.99, "chi2_df": 3, "chi2_threshold": 11.344866730144373, "N_raw": 40, "N_roi": 40, "N_inlier": 40, "refit": true}
{"timestamp": "15:56:33.345764", "frame": 76, "mu": [-0.8578847589124026, 1.070537433053711, 1.255187994778087], "Sigma": [[0.01784615411065246, 0.010351681221100938, -0.057430467672471355], [0.010351681221100938, 0.014983976517620118, -0.04652616497758409], [-0.057430467672471355, -0.0465261649775841, 0.3522424450288764]], "chi2_level": 0.99, "chi2_df": 3, "chi2_threshold": 11.344866730144373, "N_raw": 93, "N_roi": 93, "N_inlier": 91, "refit": true}
{"timestamp": "15:56:33.399555", "frame": 77, "mu": [-0.9778380848855012, 1.0110206547002232, 1.5861425087734846], "Sigma": [[0.016245696261591537, 0.009801697519823401, -0.005311652823979321], [0.009801697519823401, 0.01933493646606388, -0.00022406676491955666], [-0.005311652823979321, -0.00022406676491955666, 0.007442641954414724]], "chi2_level": 0.99, "chi2_df": 3, "chi2_threshold": 11.344866730144373, "N_raw": 83, "N_roi": 83, "N_inlier": 79, "refit": true}
{"timestamp": "15:56:33.453053", "frame": 78, "mu": [-1.023801119757658, 1.039674835670761, 1.6606680834429273], "Sigma": [[0.02913398415319972, 0.009774931540439544, -0.024998458667839576], [0.009774931540439544, 0.012634674170958218, -0.005824850611308576], [-0.024998458667839576, -0.005824850611308576, 0.02709551462505111]], "chi2_level": 0.99, "chi2_df": 3, "chi2_threshold": 11.344866730144373, "N_raw": 65, "N_roi": 65, "N_inlier": 61, "refit": true}
{"timestamp": "15:56:33.509619", "frame": 79, "mu": [-1.0647352235763876, 1.0430741581262282, 1.6641210807589824], "Sigma": [[0.025332266314804182, 0.011089153952787378, -0.023955288566657598], [0.011089153952787378, 0.00915737773684516, -0.012066386538128658], [-0.023955288566657598, -0.012066386538128658, 0.02948324598389869]], "chi2_level": 0.99, "chi2_df": 3, "chi2_threshold": 11.344866730144373, "N_raw": 78, "N_roi": 78, "N_inlier": 76, "refit": true}
{"timestamp": "15:56:33.563128", "frame": 80, "mu": [-1.1840636113855876, 1.011631242995676, 1.7633926821420385], "Sigma": [[0.020255222149932146, 0.012459052095537947, -0.007954295451076798], [0.012459052095537946, 0.011474825182266791, -0.008178588492578812], [-0.007954295451076798, -0.008178588492578812, 0.00669090554074636]], "chi2_level": 0.99, "chi2_df": 3, "chi2_threshold": 11.344866730144373, "N_raw": 68, "N_roi": 68, "N_inlier": 64, "refit": true}
{"timestamp": "15:56:33.618147", "frame": 81, "mu": [-1.1459514067777399, 1.0763368900003105, -0.04571147344482898], "Sigma": [[0.024488967272665734, 0.017639171036581767, -0.00979709432408836], [0.017639171036581767, 0.018395216925450146, -0.007910264122261958], [-0.00979709432408836, -0.007910264122261958, 0.005282331748058145]], "chi2_level": 0.99, "chi2_df": 3, "chi2_threshold": 11.344866730144373, "N_raw": 75, "N_roi": 75, "N_inlier": 74, "refit": true}
{"timestamp": "15:56:33.674641", "frame": 82, "mu": [-1.1842170845995983, 1.0414781202163, 1.7500628594531826], "Sigma": [[0.018765659487255566, 0.007017861481817284, -0.014834961275627046], [0.007017861481817284, 0.009955876372361862, -0.005224279223812153], [-0.014834961275627046, -0.005224279223812152, 0.014886226282206864]], "chi2_level": 0.99, "chi2_df": 3, "chi2_threshold": 11.344866730144373, "N_raw": 83, "N_roi": 83, "N_inlier": 82, "refit": true}
{"timestamp": "15:56:33.736658", "frame": 83, "mu": [-1.2447262114933035, 1.0835085221430771, 0.03321115198233085], "Sigma": [[0.02251356969330528, 0.010304619960660732, -0.008133396357227375], [0.010304619960660732, 0.01565262276292365, -0.003039581437410174], [-0.008133396357227377, -0.003039581437410174, 0.006855793244322382]], "chi2_level": 0.99, "chi2_df": 3, "chi2_threshold": 11.344866730144373, "N_raw": 123, "N_roi": 123, "N_inlier": 122, "refit": true}
{"timestamp": "15:56:33.784597", "frame": 84, "mu": [-1.2582145238067162, 1.0530666060830165, 1.5825959880195342], "Sigma": [[0.048261292193853514, 0.03165694872670982, -0.06720757383914805], [0.03165694872670982, 0.025795014212654885, -0.043949303456773725], [-0.06720757383914805, -0.043949303456773725, 0.13385971800135726]], "chi2_level": 0.99, "chi2_df": 3, "chi2_threshold": 11.344866730144373, "N_raw": 70, "N_roi": 70, "N_inlier": 70, "refit": true}
{"timestamp": "15:56:33.844329", "frame": 85, "mu": [-1.235230319427147, 1.102198385981646, 1.4480316222380216], "Sigma": [[0.03506967418186952, 0.013414581990197159, -0.08283287870439615], [0.013414581990197157, 0.011235248252573613, -0.03090960872077859], [-0.08283287870439617, -0.03090960872077859, 0.29389610795213666]], "chi2_level": 0.99, "chi2_df": 3, "chi2_threshold": 11.344866730144373, "N_raw": 113, "N_roi": 113, "N_inlier": 112, "refit": true}
{"timestamp": "15:56:33.895499", "frame": 86, "mu": [-1.2591445887918575, 1.1682975822974484, 1.4220647827492305], "Sigma": [[0.041575911447024605, 0.021991892676230654, -0.08291538123980186], [0.021991892676230654, 0.015149483894128084, -0.038560124525944414], [-0.08291538123980186, -0.038560124525944414, 0.2957835677355792]], "chi2_level": 0.99, "chi2_df": 3, "chi2_threshold": 11.344866730144373, "N_raw": 89, "N_roi": 89, "N_inlier": 88, "refit": true}
{"timestamp": "15:56:33.950044", "frame": 87, "mu": [-1.3544851458096805, 1.1606551355077404, 1.844402103323856], "Sigma": [[0.01806757227750748, 0.011279177724710614, -0.011058202225131762], [0.011279177724710612, 0.012895670946848934, -0.008237197644323888], [-0.011058202225131762, -0.008237197644323888, 0.0075607918043062074]], "chi2_level": 0.99, "chi2_df": 3, "chi2_threshold": 11.344866730144373, "N_raw": 82, "N_roi": 82, "N_inlier": 77, "refit": true}
