{"timestamp": "15:33:41.730804", "frame": 7, "mu": [-2.37523112465115, 1.3078112306844336, -0.7807309946827996], "Sigma": [[0.0028054723661276757, 0.002399741006838017, -0.002235189535337531], [0.002399741006838017, 0.005220723282210777, -0.0018328081138186503], [-0.0022351895353375315, -0.0018328081138186503, 0.00272675683276374]], "chi2_level": 0.99, "chi2_df": 3, "chi2_threshold": 11.344866730144373, "N_raw": 13, "N_roi": 11, "N_inlier": 11, "refit": true}
{"timestamp": "15:33:42.501001", "frame": 21, "mu": [-2.4124808235301645, 1.292040937048168, -0.6375092483039788], "Sigma": [[0.0033207800834195588, 0.00444747892192035, -0.001483161639026101], [0.00444747892192035, 0.009072938915537496, -0.0029280783462914007], [-0.001483161639026101, -0.0029280783462914007, 0.0022832942460409436]], "chi2_level": 0.99, "chi2_df": 3, "chi2_threshold": 11.344866730144373, "N_raw": 21, "N_roi": 14, "N_inlier": 14, "refit": true}
{"timestamp": "15:33:42.556418", "frame": 22, "mu": [-2.4122517811073436, 1.0846213028251268, 0.8353815020698956], "Sigma": [[0.0022253981565135486, 0.0013431362674266598, -0.00039880376439243816], [0.0013431362674266598, 0.00374716059295694, -0.002074926113394594], [-0.0003988037643924382, -0.002074926113394594, 0.002400040778511801]], "chi2_level": 0.99, "chi2_df": 3, "chi2_threshold": 11.344866730144373, "N_raw": 18, "N_roi": 12, "N_inlier": 12, "refit": true}
{"timestamp": "15:33:42.610283", "frame": 23, "mu": [-2.363040832532854, 1.0303919544138451, 0.8755852370487704], "Sigma": [[0.002299163635283604, 0.002254061976602952, -0.0007694269222891094], [0.0022540619766029516, 0.0037653311026894605, -0.0015037718567027724], [-0.0007694269222891094, -0.001503771856702772, 0.00210360915212652]], "chi2_level": 0.99, "chi2_df": 3, "chi2_threshold": 11.344866730144373, "N_raw": 12, "N_roi": 10, "N_inlier": 10, "refit": true}
{"timestamp": "15:33:42.722959", "frame": 25, "mu": [-2.3652886369495585, 0.9710392012210951, 0.9561633743861853], "Sigma": [[0.004428013156570799, 0.0056498035895812485, -0.001363726514606863], [0.005649803589581249, 0.00916260361380619, -0.003674515893086946], [-0.001363726514606863, -0.003674515893086946, 0.006436809939930088]], "chi2_level": 0.99, "chi2_df": 3, "chi2_threshold": 11.344866730144373, "N_raw": 25, "N_roi": 20, "N_inlier": 20, "refit": true}
{"timestamp": "15:33:42.780515", "frame": 26, "mu": [-2.3631571614604443, 1.0109042943245925, 0.9504350691272576], "Sigma": [[0.006390218762231468, 0.006026385277937904, -0.002849844405516941], [0.006026385277937904, 0.010826119200390743, -0.00843171357912105], [-0.002849844405516941, -0.00843171357912105, 0.012250476732362079]], "chi2_level": 0.99, "chi2_df": 3, "chi2_threshold": 11.344866730144373, "N_raw": 47, "N_roi": 36, "N_inlier": 36, "refit": true}
{"timestamp": "15:33:42.889653", "frame": 28, "mu": [-2.336633102390642, 1.0739315242080518, 1.0389006235979141], "Sigma": [[0.008250528338047442, 0.008957862035920562, -0.0018229780896592545], [0.008957862035920564, 0.01329045441555139, -0.006284241624516344], [-0.0018229780896592543, -0.006284241624516344, 0.010944682764692022]], "chi2_level": 0.99, "chi2_df": 3, "chi2_threshold": 11.344866730144373, "N_raw": 38, "N_roi": 38, "N_inlier": 38, "refit": true}
{"timestamp": "15:33:43.000891", "frame": 30, "mu": [-2.219968496917992, 1.2467410834302106, 1.259182520770065], "Sigma": [[0.007552576615988538, 0.0072897662797702534, 0.001621246627576345], [0.0072897662797702534, 0.011135516001796934, -0.006622187165729848], [0.0016212466275763453, -0.006622187165729848, 0.019548910942333228]], "chi2_level": 0.99, "chi2_df": 3, "chi2_threshold": 11.344866730144373, "N_raw": 48, "N_roi": 48, "N_inlier": 47, "refit": true}
{"timestamp": "15:33:43.055390", "frame": 31, "mu": [-2.200443577578634, 1.2785006582949103, 1.3353577663103708], "Sigma": [[0.006860407522507365, 0.006169670720391549, -0.0013671572534368992], [0.006169670720391549, 0.010728935417355251, -0.011892482638269995], [-0.0013671572534368988, -0.011892482638269995, 0.03521614387031422]], "chi2_level": 0.99, "chi2_df": 3, "chi2_threshold": 11.344866730144373, "N_raw": 49, "N_roi": 49, "N_inlier": 49, "refit": true}
{"timestamp": "15:33:43.112568", "frame": 32, "mu": [-2.1694007161711277, 1.3095834253584673, 1.3766180371890513], "Sigma": [[0.008538424625815786, 0.008389891401749023, -0.0012301694597147154], [0.008389891401749025, 0.011358060621038517, -0.0034948426411075357], [-0.0012301694597147152, -0.003494842641107535, 0.035915204291529404]], "chi2_level": 0.99, "chi2_df": 3, "chi2_threshold": 11.344866730144373, "N_raw": 45, "N_roi": 45, "N_inlier": 44, "refit": true}
{"timestamp": "15:33:43.167257", "frame": 33, "mu": [-2.1203998125960295, 1.4009497260619024, 1.3827860725426522], "Sigma": [[0.006557786389417894, 0.006683347772694336, 0.0007414736426269366], [0.0066833477726943365, 0.008857821417797729, 0.0018543258825587828], [0.0007414736426269366, 0.0018543258825587828, 0.06233454515354898]], "chi2_level": 0.99, "chi2_df": 3, "chi2_threshold": 11.344866730144373, "N_raw": 36, "N_roi": 36, "N_inlier": 36, "refit": true}
{"timestamp": "15:33:43.215993", "frame": 34, "mu": [-1.9950566650513635, 1.4758986176365751, 1.0340013416450589], "Sigma": [[0.007923082945400487, 0.005575077111691662, -0.0031405541122584793], [0.005575077111691662, 0.003990097585992907, -0.0029222445923637805], [-0.0031405541122584793, -0.0029222445923637796, 0.01001504106363397]], "chi2_level": 0.99, "chi2_df": 3, "chi2_threshold": 11.344866730144373, "N_raw": 6, "N_roi": 6, "N_inlier": 6, "refit": true}
{"timestamp": "15:33:43.275367", "frame": 35, "mu": [-2.0479552737244835, 1.4529527094275372, 1.6211783011834944], "Sigma": [[0.008305896139111547, 0.007192322170286639, -0.0059727069661357594], [0.007192322170286639, 0.010953665216700787, -0.005623888253791625], [-0.0059727069661357594, -0.005623888253791625, 0.004959380110867506]], "chi2_level": 0.99, "chi2_df": 3, "chi2_threshold": 11.344866730144373, "N_raw": 31, "N_roi": 31, "N_inlier": 31, "refit": true}
{"timestamp": "15:33:43.327821", "frame": 36, "mu": [-1.9414389991255017, 1.5957901962546566, 0.05092978716716991], "Sigma": [[0.012600503616811016, 0.021764383349050016, -0.02589760461391798], [0.021764383349050016, 0.041686616588438405, -0.050794477402683696], [-0.02589760461391798, -0.050794477402683696, 0.08765767088279589]], "chi2_level": 0.99, "chi2_df": 3, "chi2_threshold": 11.344866730144373, "N_raw": 14, "N_roi": 14, "N_inlier": 13, "refit": true}
{"timestamp": "15:33:43.383753", "frame": 37, "mu": [-1.989563279586348, 1.7723034310498875, -0.16817916919823908], "Sigma": [[0.028851372067287516, 0.027152657347424135, -0.02080146746669655], [0.027152657347424135, 0.03586984684739784, -0.05760211684065335], [-0.020801467466696547, -0.05760211684065334, 0.18168193851982012]], "chi2_level": 0.99, "chi2_df": 3, "chi2_threshold": 11.344866730144373, "N_raw": 21, "N_roi": 21, "N_inlier": 20, "refit": true}
{"timestamp": "15:33:43.441803", "frame": 38, "mu": [-1.7539923841101304, 1.8674114727964959, 1.3873826404813536], "Sigma": [[0.013983103627558691, 0.010363883083944411, -0.013878291799536275], [0.010363883083944411, 0.008972438984677181, -0.013205570988696867], [-0.013878291799536275, -0.013205570988696867, 0.042594089308486814]], "chi2_level": 0.99, "chi2_df": 3, "chi2_threshold": 11.344866730144373, "N_raw": 44, "N_roi": 44, "N_inlier": 40, "refit": true}
{"timestamp": "15:33:43.494353", "frame": 39, "mu": [-1.7202341013015527, 1.9063325914232732, 1.598160017252408], "Sigma": [[0.02908079796842617, 0.023458587259528818, -0.02048637815087924], [0.023458587259528818, 0.02035318129442089, -0.018878658738585026], [-0.02048637815087924, -0.018878658738585023, 0.042260872914872544]], "chi2_level": 0.99, "chi2_df": 3, "chi2_threshold": 11.344866730144373, "N_raw": 22, "N_roi": 22, "N_inlier": 20, "refit": true}
{"timestamp": "15:33:43.550817", "frame": 40, "mu": [-1.5713118782491102, 2.061577770042434, 1.6210214411645552], "Sigma": [[0.007379971951292433, 0.003161563264690801, -0.005207047145166836], [0.0031615632646908006, 0.006127252549002167, -0.0018271798225795396], [-0.005207047145166836, -0.0018271798225795396, 0.020159785160215375]], "chi2_level": 0.99, "chi2_df": 3, "chi2_threshold": 11.344866730144373, "N_raw": 39, "N_roi": 38, "N_inlier": 35, "refit": true}
{"timestamp": "15:33:43.608563", "frame": 41, "mu": [-1.4949431043657038, 2.139125606254873, 1.3682821279717132], "Sigma": [[0.0071928790703384825, 0.0029424911135232934, -0.004649111337357727], [0.0029424911135232934, 0.00454433511512093, 0.006110131444152589], [-0.004649111337357728, 0.006110131444152589, 0.22399434353963718]], "chi2_level": 0.99, "chi2_df": 3, "chi2_threshold": 11.344866730144373, "N_raw": 51, "N_roi": 48, "N_inlier": 48, "refit": true}
{"timestamp": "15:33:43.662464", "frame": 42, "mu": [-1.4660575094213444, 2.1537344184509437, 1.46497133018964], "Sigma": [[0.0073821997160583045, 0.003423653774561818, -0.008538325573049003], [0.0034236537745618175, 0.005579827252712049, -0.004659170510942961], [-0.008538325573049003, -0.0046591705109429605, 0.25686589380014785]], "chi2_level": 0.99, "chi2_df": 3, "chi2_threshold": 11.344866730144373, "N_raw": 35, "N_roi": 33, "N_inlier": 32, "refit": true}
{"timestamp": "15:33:43.719056", "frame": 43, "mu": [-1.3272844019601355, 2.3007490148265437, 0.08766473899091283], "Sigma": [[0.00677161434203499, 0.003176877688045453, -0.004953603177554998], [0.003176877688045453, 0.009921034263804382, -0.013989958318075648], [-0.004953603177554998, -0.01398995831807565, 0.039699530487009846]], "chi2_level": 0.99, "chi2_df": 3, "chi2_threshold": 11.344866730144373, "N_raw": 43, "N_roi": 39, "N_inlier": 36, "refit": true}
{"timestamp": "15:33:43.773985", "frame": 44, "mu": [-1.2806032773348461, 2.3115770499141277, 1.2635623631656403], "Sigma": [[0.008418240562604998, 0.001285775081320991, -0.0028647152330612095], [0.001285775081320991, 0.004552738847674677, -0.0024570317961040552], [-0.002864715233061209, -0.0024570317961040552, 0.014316061165760934]], "chi2_level": 0.99, "chi2_df": 3, "chi2_threshold": 11.344866730144373, "N_raw": 47, "N_roi": 47, "N_inlier": 44, "refit": true}
{"timestamp": "15:33:43.825879", "frame": 45, "mu": [-1.1572235512527194, 2.434729895286782, 1.1760736252969883], "Sigma": [[0.010504586849829236, 0.002801502148585583, -0.022620746171421555], [0.002801502148585583, 0.005543910480231348, -0.01121975827947901], [-0.022620746171421555, -0.01121975827947901, 0.10589831703971178]], "chi2_level": 0.99, "chi2_df": 3, "chi2_threshold": 11.344866730144373, "N_raw": 32, "N_roi": 32, "N_inlier": 30, "refit": true}
{"timestamp": "15:33:43.881239", "frame": 46, "mu": [-1.1294726116108007, 2.5451951342572396, 1.167651135458428], "Sigma": [[0.014475644288430007, 0.0059019553301108765, -0.03638311262629646], [0.0059019553301108765, 0.008898228476101786, -0.011263572752403323], [-0.03638311262629646, -0.011263572752403323, 0.2599599870598515]], "chi2_level": 0.99, "chi2_df": 3, "chi2_threshold": 11.344866730144373, "N_raw": 33, "N_roi": 31, "N_inlier": 29, "refit": true}
{"timestamp": "15:33:43.944001", "frame": 47, "mu": [-1.0598873925448036, 2.5993737294890495, -0.2895185781962622], "Sigma": [[0.024288792959217955, -0.008482674924730458, 0.03437332676892289], [-0.008482674924730458, 0.019471078536267266, -0.0466492863327334], [0.03437332676892289, -0.0466492863327334, 0.14506320890698376]], "chi2_level": 0.99, "chi2_df": 3, "chi2_threshold": 11.344866730144373, "N_raw": 63, "N_roi": 63, "N_inlier": 60, "refit": true}
{"timestamp": "15:33:43.996831", "frame": 48, "mu": [-1.1111866778614183, 2.6706536789275286, -1.0240147410124074], "Sigma": [[0.032810125121676796, 0.020503464462936452, 0.1113196556898866], [0.020503464462936452, 0.02276828497886459, 0.07149702029360672], [0.1113196556898866, 0.07149702029360672, 0.4858423054464633]], "chi2_level": 0.99, "chi2_df": 3, "chi2_threshold": 11.344866730144373, "N_raw": 70, "N_roi": 70, "N_inlier": 66, "refit": true}
{"timestamp": "15:33:44.049782", "frame": 49, "mu": [-0.9187456141608695, 2.6532718351252207, 1.01647142014678], "Sigma": [[0.020180054663563145, -0.005952813262264045, 0.04573109196363356], [-0.005952813262264045, 0.006692555071829999, -0.02411577727866828], [0.04573109196363356, -0.024115777278668277, 0.20443744493434876]], "chi2_level": 0.99, "chi2_df": 3, "chi2_threshold": 11.344866730144373, "N_raw": 47, "N_roi": 45, "N_inlier": 42, "refit": true}
{"timestamp": "15:33:44.107795", "frame": 50, "mu": [-0.8542858446737208, 2.773708439821469, 1.1095810465750053], "Sigma": [[0.016107236067593893, -0.00029870210541889337, 0.025831849130882125], [-0.0002987021054188934, 0.004096775471181722, -0.01624118294097033], [0.025831849130882125, -0.016241182940970326, 0.20671269688625624]], "chi2_level": 0.99, "chi2_df": 3, "chi2_threshold": 11.344866730144373, "N_raw": 79, "N_roi": 79, "N_inlier": 77, "refit": true}
{"timestamp": "15:33:44.163071", "frame": 51, "mu": [-0.7145571625138603, 2.8222605700580363, 1.4346713615231255], "Sigma": [[0.012209526475450205, 0.0010338366609150167, -0.008831204018778675], [0.0010338366609150165, 0.008011011111117194, -0.0017508822710547703], [-0.008831204018778674, -0.0017508822710547703, 0.010066556960620724]], "chi2_level": 0.99, "chi2_df": 3, "chi2_threshold": 11.344866730144373, "N_raw": 71, "N_roi": 71, "N_inlier": 68, "refit": true}
{"timestamp": "15:33:44.218288", "frame": 52, "mu": [-0.6786366071551284, 2.8506366529818883, 1.4543685096822279], "Sigma": [[0.01250089579710728, -0.0004624504523559406, -0.011792201538457437], [-0.0004624504523559407, 0.009894724990189537, 0.0016133220123829705], [-0.011792201538457437, 0.00161332201238297, 0.015704246871504544]], "chi2_level": 0.99, "chi2_df": 3, "chi2_threshold": 11.344866730144373, "N_raw": 81, "N_roi": 79, "N_inlier": 76, "refit": true}
{"timestamp": "15:33:44.272639", "frame": 53, "mu": [-0.6557893160779107, 2.9361284264270218, 1.5087708372394606], "Sigma": [[0.01262009254738009, -0.0050662401507985035, -0.01706166210748062], [-0.0050662401507985035, 0.011190253611768545, 0.012223894332016464], [-0.01706166210748062, 0.012223894332016464, 0.08434503486762919]], "chi2_level": 0.99, "chi2_df": 3, "chi2_threshold": 11.344866730144373, "N_raw": 75, "N_roi": 53, "N_inlier": 48, "refit": true}
{"timestamp": "15:33:44.327555", "frame": 54, "mu": [-0.5679519390800674, 3.0449915778793186, 1.557739832291262], "Sigma": [[0.016402057624739147, 0.0021538110552766668, -0.011774211087187856], [0.0021538110552766663, 0.0054240587018565154, -0.0029282133272169157], [-0.011774211087187856, -0.0029282133272169157, 0.010105447506977035]], "chi2_level": 0.99, "chi2_df": 3, "chi2_threshold": 11.344866730144373, "N_raw": 75, "N_roi": 64, "N_inlier": 57, "refit": true}
{"timestamp": "15:33:44.383536", "frame": 55, "mu": [-0.4780009564396429, 3.028441987276527, 1.094054720048885], "Sigma": [[0.017211613600481852, -0.01038039841533392, -0.028414362586616282], [-0.010380398415333919, 0.19597067804080362, 0.34551956551530266], [-0.02841436258661629, 0.34551956551530266, 0.6996132194214623]], "chi2_level": 0.99, "chi2_df": 3, "chi2_threshold": 11.344866730144373, "N_raw": 81, "N_roi": 75, "N_inlier": 74, "refit": true}
{"timestamp": "15:33:44.435560", "frame": 56, "mu": [-0.44858801594125114, 3.1713502669138802, 1.1282927120156254], "Sigma": [[0.011614378692533697, 0.010551950089717356, 0.033421641208471575], [0.010551950089717358, 0.02922582661271576, 0.07750863185088001], [0.03342164120847156, 0.07750863185088, 0.3599853898325377]], "chi2_level": 0.99, "chi2_df": 3, "chi2_threshold": 11.344866730144373, "N_raw": 61, "N_roi": 37, "N_inlier": 36, "refit": true}
{"timestamp": "15:33:44.488536", "frame": 57, "mu": [-0.42757472447155476, 3.251488973364287, -0.05560854370187192], "Sigma": [[0.01271625950644077, 0.004991615185484964, 0.05877407577738329], [0.004991615185484964, 0.015993797405342906, 0.06320719520578236], [0.05877407577738329, 0.06320719520578236, 0.6572808138308849]], "chi2_level": 0.99, "chi2_df": 3, "chi2_threshold": 11.344866730144373, "N_raw": 46, "N_roi": 44, "N_inlier": 41, "refit": true}
{"timestamp": "15:33:44.540443", "frame": 58, "mu": [-0.32186631314418546, 3.419540326225506, -0.2185446761564077], "Sigma": [[0.010274551258889838, 0.000821746213289768, 0.03534997588297917], [0.0008217462132897679, 0.005356536030329044, -0.0014015016894526233], [0.03534997588297917, -0.0014015016894526231, 0.21919785976767384]], "chi2_level": 0.99, "chi2_df": 3, "chi2_threshold": 11.344866730144373, "N_raw": 32, "N_roi": 31, "N_inlier": 28, "refit": true}
{"timestamp": "15:33:44.597216", "frame": 59, "mu": [-0.15938865592767038, 3.4138976853868974, 1.1511599641129198], "Sigma": [[0.010904946822742382, -0.0010422871124549948, -0.002142233375078762], [-0.0010422871124549948, 0.0022803728629735803, -0.015251129864937383], [-0.002142233375078762, -0.01525112986493738, 0.16422656355468254]], "chi2_level": 0.99, "chi2_df": 3, "chi2_threshold": 11.344866730144373, "N_raw": 43, "N_roi": 39, "N_inlier": 38, "refit": true}
{"timestamp": "15:33:44.659604", "frame": 60, "mu": [-0.11348193651546289, 3.477300746494284, -0.2874660208313478], "Sigma": [[0.015103709479729081, -0.00206795522745642, 0.08285204610736407], [-0.0020679552274564202, 0.008077036729205126, -0.02696828809586734], [0.08285204610736407, -0.02696828809586734, 0.9611955652466275]], "chi2_level": 0.99, "chi2_df": 3, "chi2_threshold": 11.344866730144373, "N_raw": 93, "N_roi": 93, "N_inlier": 90, "refit": true}
{"timestamp": "15:33:44.712854", "frame": 61, "mu": [-0.06341351665206589, 3.520673491982829, 1.0289030378583035], "Sigma": [[0.017315159099869134, -0.002407158319107227, 0.004143646358213585], [-0.002407158319107227, 0.008091553754898608, -0.04991750832807467], [0.00414364635821358, -0.04991750832807467, 0.6184769905895824]], "chi2_level": 0.99, "chi2_df": 3, "chi2_threshold": 11.344866730144373, "N_raw": 79, "N_roi": 77, "N_inlier": 76, "refit": true}
{"timestamp": "15:33:44.764643", "frame": 62, "mu": [0.00411508394362079, 3.5533987313388553, 1.4686594787823366], "Sigma": [[0.0126582782266627, 0.0011324701489424304, -0.013477780518814278], [0.0011324701489424304, 0.010800848858011932, -0.035296149475807025], [-0.013477780518814278, -0.035296149475807025, 0.19048035443000672]], "chi2_level": 0.99, "chi2_df": 3, "chi2_threshold": 11.344866730144373, "N_raw": 47, "N_roi": 46, "N_inlier": 46, "refit": true}
{"timestamp": "15:33:44.822508", "frame": 63, "mu": [-0.04131024829848724, 3.634021049171269, 0.8623100572673941], "Sigma": [[0.014491852087128063, 0.0017314127591811746, 0.02655904242563024], [0.0017314127591811744, 0.0034376584474363784, 0.007639826882639209], [0.026559042425630244, 0.007639826882639208, 0.3556961415608219]], "chi2_level": 0.99, "chi2_df": 3, "chi2_threshold": 11.344866730144373, "N_raw": 50, "N_roi": 48, "N_inlier": 46, "refit": true}
{"timestamp": "15:33:44.873702", "frame": 64, "mu": [0.03046783003843629, 3.6687497548687715, 1.1127727185734528], "Sigma": [[0.012739243523744665, 0.0038360245021480032, 0.03358335285197264], [0.0038360245021480032, 0.009081545228818674, 0.05897992412649003], [0.03358335285197265, 0.05897992412649002, 0.483556553738276]], "chi2_level": 0.99, "chi2_df": 3, "chi2_threshold": 11.344866730144373, "N_raw": 51, "N_roi": 51, "N_inlier": 48, "refit": true}
{"timestamp": "15:33:44.931897", "frame": 65, "mu": [0.12193824186427465, 3.7809487741604357, 1.348537398038512], "Sigma": [[0.020249575828818433, 1.7896165464469592e-06, 0.035724341052675065], [1.7896165464472845e-06, 0.004100264340165995, -0.002619775826497533], [0.035724341052675065, -0.002619775826497533, 0.21516380543145774]], "chi2_level": 0.99, "chi2_df": 3, "chi2_threshold": 11.344866730144373, "N_raw": 70, "N_roi": 65, "N_inlier": 61, "refit": true}
{"timestamp": "15:33:44.981700", "frame": 66, "mu": [0.23611690572397534, 3.8513441110699445, 1.1936787216723257], "Sigma": [[0.021430217713329168, -0.007092089502376103, 0.015802989814132376], [-0.007092089502376102, 0.004655593459805052, -0.012447336286907622], [0.01580298981413238, -0.012447336286907626, 0.039597606047831115]], "chi2_level": 0.99, "chi2_df": 3, "chi2_threshold": 11.344866730144373, "N_raw": 40, "N_roi": 40, "N_inlier": 40, "refit": true}
{"timestamp": "15:33:45.032789", "frame": 67, "mu": [0.3324955657221208, 3.822101939063321, 1.5154464664975382], "Sigma": [[0.002729357674042479, 4.963189799216599e-05, -0.0012578246074137125], [4.963189799216599e-05, 0.005073081409454823, -0.004448170591659877], [-0.0012578246074137125, -0.004448170591659877, 0.011502426561208168]], "chi2_level": 0.99, "chi2_df": 3, "chi2_threshold": 11.344866730144373, "N_raw": 11, "N_roi": 11, "N_inlier": 11, "refit": true}
{"timestamp": "15:33:45.086792", "frame": 68, "mu": [0.3866743111925945, 3.544125551530679, 1.4762897991307502], "Sigma": [[0.009653210883798889, 0.1088163612489313, -0.023118391668963234], [0.1088163612489313, 1.266119876371701, -0.27373563373791254], [-0.02311839166896323, -0.27373563373791254, 0.07692372004225255]], "chi2_level": 0.99, "chi2_df": 3, "chi2_threshold": 11.344866730144373, "N_raw": 6, "N_roi": 6, "N_inlier": 6, "refit": true}
{"timestamp": "15:33:45.142120", "frame": 69, "mu": [0.5608241661538205, 4.0268941975205275, 0.919458378332264], "Sigma": [[0.0026256821940876924, 0.00201380340224202, -0.020821175975817896], [0.00201380340224202, 0.005262928527281533, -0.03121150807882793], [-0.020821175975817896, -0.031211508078827926, 0.2501653256999108]], "chi2_level": 0.99, "chi2_df": 3, "chi2_threshold": 11.344866730144373, "N_raw": 9, "N_roi": 7, "N_inlier": 7, "refit": true}
{"timestamp": "15:33:45.198121", "frame": 70, "mu": [0.5938661319468073, 4.061376343353911, 0.8817596766063805], "Sigma": [[0.009825748281582634, -0.003744343888921825, -0.02221616030125065], [-0.0037443438889218244, 0.005499440979418846, -0.013957288104826219], [-0.02221616030125065, -0.013957288104826219, 0.19587843862373383]], "chi2_level": 0.99, "chi2_df": 3, "chi2_threshold": 11.344866730144373, "N_raw": 13, "N_roi": 9, "N_inlier": 9, "refit": true}
{"timestamp": "15:33:45.253266", "frame": 71, "mu": [0.6070043655752478, 4.113273389667783, 1.1941870090937385], "Sigma": [[0.0006435443700926721, 0.0005970767200830205, -0.01127249335650931], [0.0005970767200830207, 0.005074600157311958, -0.020231275553027717], [-0.01127249335650931, -0.020231275553027717, 0.35359552314214365]], "chi2_level": 0.99, "chi2_df": 3, "chi2_threshold": 11.344866730144373, "N_raw": 12, "N_roi": 7, "N_inlier": 7, "refit": true}
{"timestamp": "15:33:45.311875", "frame": 72, "mu": [0.6577860748736253, 4.0835385844375836, 0.7690109244203995], "Sigma": [[0.01984712814445403, -0.004545187018698889, -0.021253977331603058], [-0.004545187018698889, 0.003093397787048682, 0.01148611131261552], [-0.021253977331603058, 0.01148611131261552, 0.14382506395404154]], "chi2_level": 0.99, "chi2_df": 3, "chi2_threshold": 11.344866730144373, "N_raw": 46, "N_roi": 46, "N_inlier": 46, "refit": true}
{"timestamp": "15:33:45.364154", "frame": 73, "mu": [0.705061960327017, 4.124419300285269, 0.916704075242362], "Sigma": [[0.0041998206417214416, -0.0016331816324116563, -0.030281130112437805], [-0.0016331816324116563, 0.0034962215599112704, 0.028419955993034988], [-0.030281130112437812, 0.028419955993034988, 0.39078138191218365]], "chi2_level": 0.99, "chi2_df": 3, "chi2_threshold": 11.344866730144373, "N_raw": 11, "N_roi": 9, "N_inlier": 9, "refit": true}
{"timestamp": "15:33:45.418955", "frame": 74, "mu": [0.6502213781608647, 4.210519218275661, 1.1406576580690844], "Sigma": [[0.008200704022625547, -0.0026144325252499636, -0.0009485426596418751], [-0.0026144325252499636, 0.0072139368681433495, 0.043919154829074665], [-0.0009485426596418764, 0.04391915482907466, 0.34574170745480814]], "chi2_level": 0.99, "chi2_df": 3, "chi2_threshold": 11.344866730144373, "N_raw": 20, "N_roi": 18, "N_inlier": 18, "refit": true}
{"timestamp": "15:33:45.476429", "frame": 75, "mu": [0.7885329715149013, 4.162633879712636, 0.6147183414911506], "Sigma": [[0.01725699310968631, -0.0015617696283164954, -0.00038406837286048337], [-0.0015617696283164954, 0.0023946080843091698, 0.007954856884497546], [-0.00038406837286048337, 0.007954856884497548, 0.09950062933202147]], "chi2_level": 0.99, "chi2_df": 3, "chi2_threshold": 11.344866730144373, "N_raw": 38, "N_roi": 38, "N_inlier": 37, "refit": true}
{"timestamp": "15:33:45.530866", "frame": 76, "mu": [0.8105809569887592, 4.209367522524999, 0.5829464015539936], "Sigma": [[0.0184684659159338, 0.00034363084494996334, 0.010444167095090547], [0.00034363084494996334, 0.0014896244201024244, 0.0031457699803369224], [0.010444167095090549, 0.003145769980336923, 0.033906814418347364]], "chi2_level": 0.99, "chi2_df": 3, "chi2_threshold": 11.344866730144373, "N_raw": 29, "N_roi": 26, "N_inlier": 24, "refit": true}
{"timestamp": "15:33:45.584495", "frame": 77, "mu": [0.9340634621207224, 4.418197004724043, 1.7012467852043298], "Sigma": [[0.009828552895657301, -0.002148063095050322, 0.0005598770218192599], [-0.002148063095050322, 0.0023666570003149988, -0.00026393051415105534], [0.0005598770218192598, -0.0002639305141510554, 4.3530340680755855e-05]], "chi2_level": 0.99, "chi2_df": 3, "chi2_threshold": 11.344866730144373, "N_raw": 22, "N_roi": 18, "N_inlier": 17, "refit": true}
{"timestamp": "15:33:45.637431", "frame": 78, "mu": [1.0174502034021733, 4.494805516519939, 1.617057968431559], "Sigma": [[0.0026356043398283683, 0.0033935971351253535, -0.0037714634963503264], [0.0033935971351253535, 0.004814105381604267, -0.005765231128027034], [-0.0037714634963503264, -0.005765231128027034, 0.009327115829458416]], "chi2_level": 0.99, "chi2_df": 3, "chi2_threshold": 11.344866730144373, "N_raw": 8, "N_roi": 5, "N_inlier": 5, "refit": true}
{"timestamp": "15:33:45.692249", "frame": 79, "mu": [1.0697742375933936, 4.58529787016239, 1.4794977072495472], "Sigma": [[0.0014760586781496009, 0.0008584720758549137, -0.002010395478331125], [0.0008584720758549135, 0.0052953764471668835, -0.002858063016791776], [-0.0020103954783311246, -0.0028580630167917764, 0.004645061870508955]], "chi2_level": 0.99, "chi2_df": 3, "chi2_threshold": 11.344866730144373, "N_raw": 7, "N_roi": 5, "N_inlier": 5, "refit": true}
{"timestamp": "15:33:45.748143", "frame": 80, "mu": [1.061147995026969, 4.675123140364974, 1.8793868233269], "Sigma": [[0.00887724287112308, -0.0023538680156335, 0.0005388826960871913], [-0.0023538680156335, 0.002556391312967746, -0.00021621231408132003], [0.0005388826960871913, -0.00021621231408132003, 3.655845049442728e-05]], "chi2_level": 0.99, "chi2_df": 3, "chi2_threshold": 11.344866730144373, "N_raw": 14, "N_roi": 10, "N_inlier": 10, "refit": true}
{"timestamp": "15:33:45.802824", "frame": 81, "mu": [1.2953023568349415, 4.63986158433416, 0.9490763877968805], "Sigma": [[0.0027869268368750375, -0.00015873717701124512, -0.0028039086644139205], [-0.0001587371770112449, 0.011275539736118072, -0.017946998034202022], [-0.002803908664413921, -0.017946998034202022, 0.06398608710772623]], "chi2_level": 0.99, "chi2_df": 3, "chi2_threshold": 11.344866730144373, "N_raw": 10, "N_roi": 8, "N_inlier": 8, "refit": true}
{"timestamp": "15:33:45.857120", "frame": 82, "mu": [1.220159433213915, 4.744589408319035, 1.3154770546074208], "Sigma": [[0.005989161282371302, -0.0014661306659908336, -0.03433730987787708], [-0.0014661306659908336, 0.009622152979312328, -0.003281695291829855], [-0.03433730987787708, -0.003281695291829854, 0.22969720483642378]], "chi2_level": 0.99, "chi2_df": 3, "chi2_threshold": 11.344866730144373, "N_raw": 9, "N_roi": 8, "N_inlier": 8, "refit": true}
{"timestamp": "15:33:45.912155", "frame": 83, "mu": [1.3034779975710429, 4.707281238840914, 1.123068028291505], "Sigma": [[0.003991330725303496, -0.00138446373160892, -0.017249219933480456], [-0.00138446373160892, 0.005071029682323668, -0.005923225787571156], [-0.017249219933480456, -0.005923225787571154, 0.15667588225111465]], "chi2_level": 0.99, "chi2_df": 3, "chi2_threshold": 11.344866730144373, "N_raw": 7, "N_roi": 7, "N_inlier": 7, "refit": true}
{"timestamp": "15:33:45.967107", "frame": 84, "mu": [1.1829652385621356, 4.256388240155378, 1.2190847076068854], "Sigma": [[0.1606968893887836, 0.5694039321768214, -0.15305813792425343], [0.5694039321768214, 2.062939155910136, -0.45331691517575445], [-0.15305813792425343, -0.4533169151757545, 0.45785665973618755]], "chi2_level": 0.99, "chi2_df": 3, "chi2_threshold": 11.344866730144373, "N_raw": 6, "N_roi": 6, "N_inlier": 6, "refit": true}
{"timestamp": "15:33:46.021266", "frame": 85, "mu": [1.3774156873468293, 4.838369037673793, 1.050136394372591], "Sigma": [[0.0006050272554593326, 0.0001778751846556019, -4.540663768609745e-06], [0.00017787518465560184, 0.002661200311132901, -0.008974373743227081], [-4.5406637686097725e-06, -0.008974373743227083, 0.06585026695634358]], "chi2_level": 0.99, "chi2_df": 3, "chi2_threshold": 11.344866730144373, "N_raw": 6, "N_roi": 5, "N_inlier": 5, "refit": true}
{"timestamp": "15:33:46.077099", "frame": 86, "mu": [1.3184917541719017, 4.365971936912273, 1.2668034886189798], "Sigma": [[0.19713512103091124, 0.6456937429478523, -0.11359264440948011], [0.6456937429478522, 2.1201062221636198, -0.37149712131887996], [-0.1135926444094801, -0.37149712131888, 0.13582539269589236]], "chi2_level": 0.99, "chi2_df": 3, "chi2_threshold": 11.344866730144373, "N_raw": 10, "N_roi": 6, "N_inlier": 6, "refit": true}
