{"timestamp": "15:52:40.468853", "frame": 19, "mu": [1.5233841860013617, 0.9141196059204502, 1.1834043879937577], "Sigma": [[0.0030125959063635305, 0.0009183529915059277, -0.020670163512347864], [0.0009183529915059277, 0.0009526381615125525, -0.0014713863391960353], [-0.020670163512347864, -0.001471386339196035, 0.3513066527892699]], "chi2_level": 0.99, "chi2_df": 3, "chi2_threshold": 11.344866730144373, "N_raw": 7, "N_roi": 7, "N_inlier": 7, "refit": true}
{"timestamp": "15:52:40.522828", "frame": 20, "mu": [1.5441804408746322, 0.8028114102282418, 1.5145719585266555], "Sigma": [[0.004568629956161287, -0.0015026497216722098, -0.0035955517902106103], [-0.0015026497216722098, 0.0012986158717395156, 0.0009021560103942695], [-0.0035955517902106103, 0.0009021560103942696, 0.003244112339463768]], "chi2_level": 0.99, "chi2_df": 3, "chi2_threshold": 11.344866730144373, "N_raw": 5, "N_roi": 5, "N_inlier": 5, "refit": true}
{"timestamp": "15:52:40.579780", "frame": 21, "mu": [1.4271406663403294, 0.7444808130171882, 1.5093586002865726], "Sigma": [[0.2064382829260161, 0.06502194604386329, -0.06492474687575026], [0.06502194604386329, 0.04180143995420252, -0.03263890048678777], [-0.06492474687575026, -0.03263890048678777, 0.08018634388406855]], "chi2_level": 0.99, "chi2_df": 3, "chi2_threshold": 11.344866730144373, "N_raw": 7, "N_roi": 7, "N_inlier": 7, "refit": true}
{"timestamp": "15:52:40.633153", "frame": 22, "mu": [1.5074977569396348, 0.8880270715883308, 1.4567621975748508], "Sigma": [[0.0039831632595242715, 0.001581788858751594, -0.0054348013642907585], [0.001581788858751594, 0.0014611239270762924, -0.0015353055855979122], [-0.0054348013642907585, -0.0015353055855979124, 0.008033530883558222]], "chi2_level": 0.99, "chi2_df": 3, "chi2_threshold": 11.344866730144373, "N_raw": 5, "N_roi": 5, "N_inlier": 5, "refit": true}
{"timestamp": "15:52:40.688723", "frame": 23, "mu": [1.5393585893432764, 0.7986541756493687, 1.3433664497255724], "Sigma": [[0.014633772568328181, -0.013252226367556363, -0.008643489924442662], [-0.013252226367556363, 0.020540187205205545, -0.014449069861671514], [-0.00864348992444266, -0.014449069861671512, 0.07742223877757493]], "chi2_level": 0.99, "chi2_df": 3, "chi2_threshold": 11.344866730144373, "N_raw": 8, "N_roi": 8, "N_inlier": 8, "refit": true}
{"timestamp": "15:52:40.744468", "frame": 24, "mu": [1.603917868557893, 0.8319334896811801, 1.1725864493343943], "Sigma": [[0.003880502219973685, -0.00822957184836856, 0.012789369008222912], [-0.008229571848368561, 0.02469587083019331, -0.040218745252611154], [0.012789369008222914, -0.040218745252611154, 0.0706867569363682]], "chi2_level": 0.99, "chi2_df": 3, "chi2_threshold": 11.344866730144373, "N_raw": 9, "N_roi": 9, "N_inlier": 9, "refit": true}
{"timestamp": "15:52:40.798816", "frame": 25, "mu": [1.5646721568859951, 1.0352566582047313, -0.608619732211721], "Sigma": [[0.001968340367064372, -0.003944893818040078, 0.005292002053565243], [-0.003944893818040078, 0.027298730098065212, -0.033948649541388], [0.005292002053565244, -0.033948649541388, 0.042829123727365984]], "chi2_level": 0.99, "chi2_df": 3, "chi2_threshold": 11.344866730144373, "N_raw": 8, "N_roi": 8, "N_inlier": 8, "refit": true}
{"timestamp": "15:52:40.853841", "frame": 26, "mu": [1.524262981034203, 0.986090559799849, -0.5427802028001449], "Sigma": [[0.0031274258378386948, -0.007245513399269504, 0.008403062070024501], [-0.007245513399269504, 0.03072660753737077, -0.034023759180810194], [0.0084030620700245, -0.034023759180810194, 0.043784375062925096]], "chi2_level": 0.99, "chi2_df": 3, "chi2_threshold": 11.344866730144373, "N_raw": 11, "N_roi": 11, "N_inlier": 11, "refit": true}
{"timestamp": "15:52:40.910835", "frame": 27, "mu": [1.5472308668440804, 0.7281886702346533, 1.3112708014706707], "Sigma": [[0.004610227334547927, -0.0019972003035243595, -0.0007575168433057194], [-0.0019972003035243595, 0.0034055918028065048, -0.0008751715528997761], [-0.0007575168433057195, -0.0008751715528997761, 0.0009891453184154928]], "chi2_level": 0.99, "chi2_df": 3, "chi2_threshold": 11.344866730144373, "N_raw": 22, "N_roi": 22, "N_inlier": 20, "refit": true}
{"timestamp": "15:52:40.967792", "frame": 28, "mu": [1.5202679325380433, 0.7339954086828413, 1.3175810688533245], "Sigma": [[0.004593937411686714, -0.003965341542104935, -0.0033189694397440976], [-0.003965341542104935, 0.006002710209561967, 0.001079716179978836], [-0.003318969439744097, 0.0010797161799788355, 0.004452703177411332]], "chi2_level": 0.99, "chi2_df": 3, "chi2_threshold": 11.344866730144373, "N_raw": 25, "N_roi": 25, "N_inlier": 24, "refit": true}
{"timestamp": "15:52:41.024215", "frame": 29, "mu": [1.4785727227354601, 0.7372494748013181, 1.3534842388042445], "Sigma": [[0.005023126831835392, -0.005172638577737374, -0.003992290761305369], [-0.005172638577737374, 0.007986108812547195, 0.0025830483642013307], [-0.003992290761305369, 0.0025830483642013302, 0.004609231265598224]], "chi2_level": 0.99, "chi2_df": 3, "chi2_threshold": 11.344866730144373, "N_raw": 25, "N_roi": 25, "N_inlier": 24, "refit": true}
{"timestamp": "15:52:41.077505", "frame": 30, "mu": [1.4470459299308436, 0.9764651594804254, -0.5205401243547392], "Sigma": [[0.0035894779807068935, -0.0031004193744076022, -0.0016747227191992804], [-0.0031004193744076022, 0.023717531921111173, -0.03074154937883761], [-0.0016747227191992796, -0.03074154937883761, 0.05573099198345656]], "chi2_level": 0.99, "chi2_df": 3, "chi2_threshold": 11.344866730144373, "N_raw": 15, "N_roi": 15, "N_inlier": 15, "refit": true}
{"timestamp": "15:52:41.129989", "frame": 31, "mu": [1.3549740016662184, 0.9099663814025387, 1.5248941948392174], "Sigma": [[0.009560685849922751, 0.00044691980272879516, -0.0016368243093257517], [0.00044691980272879505, 0.000674492630255908, -0.0003800359179275964], [-0.0016368243093257517, -0.0003800359179275964, 0.0004472827042296672]], "chi2_level": 0.99, "chi2_df": 3, "chi2_threshold": 11.344866730144373, "N_raw": 5, "N_roi": 5, "N_inlier": 5, "refit": true}
{"timestamp": "15:52:41.186363", "frame": 32, "mu": [1.3521265131142015, 0.9277898919172434, -0.3511097733265896], "Sigma": [[0.012506006618509062, -0.004937200429592505, -0.01817581352678562], [-0.004937200429592505, 0.004292320230562234, 0.007603900328252446], [-0.01817581352678562, 0.007603900328252446, 0.027249399314980147]], "chi2_level": 0.99, "chi2_df": 3, "chi2_threshold": 11.344866730144373, "N_raw": 6, "N_roi": 6, "N_inlier": 6, "refit": true}
{"timestamp": "15:52:41.241128", "frame": 33, "mu": [1.3226328067018316, 1.1188153070463152, -0.5313026772088668], "Sigma": [[0.008147746926344731, 0.0069358105883546356, -0.03518762470697998], [0.0069358105883546356, 0.01305505471897177, -0.04889536972957413], [-0.03518762470697998, -0.04889536972957413, 0.2401783433929158]], "chi2_level": 0.99, "chi2_df": 3, "chi2_threshold": 11.344866730144373, "N_raw": 7, "N_roi": 7, "N_inlier": 7, "refit": true}
{"timestamp": "15:52:41.296105", "frame": 34, "mu": [1.2043750804838234, 0.9579631223107659, 1.4751748048015094], "Sigma": [[0.005355634948178483, 0.0022723429846526096, -0.009103454573220286], [0.0022723429846526096, 0.007063353175492923, -0.013816956433366197], [-0.009103454573220284, -0.013816956433366195, 0.05711693641864313]], "chi2_level": 0.99, "chi2_df": 3, "chi2_threshold": 11.344866730144373, "N_raw": 6, "N_roi": 6, "N_inlier": 6, "refit": true}
{"timestamp": "15:52:41.354564", "frame": 35, "mu": [1.205080242976015, 0.9238437122822424, 1.4588568312211638], "Sigma": [[0.0056968654206209, -0.0028660010127855963, -0.00713521756932134], [-0.0028660010127855963, 0.004551898963181061, -0.00037900338578891074], [-0.00713521756932134, -0.00037900338578891074, 0.03452272991398972]], "chi2_level": 0.99, "chi2_df": 3, "chi2_threshold": 11.344866730144373, "N_raw": 36, "N_roi": 36, "N_inlier": 35, "refit": true}
{"timestamp": "15:52:41.460339", "frame": 37, "mu": [1.1302199575760656, 1.0680310835762103, -0.33306103185381913], "Sigma": [[0.001694964013832561, 0.0006132253178485134, -0.002575549581862158], [0.0006132253178485135, 0.004416820547087223, -0.009585122126871832], [-0.002575549581862158, -0.00958512212687183, 0.0342945099522238]], "chi2_level": 0.99, "chi2_df": 3, "chi2_threshold": 11.344866730144373, "N_raw": 6, "N_roi": 6, "N_inlier": 6, "refit": true}
{"timestamp": "15:52:41.519405", "frame": 38, "mu": [1.061327430221943, 1.0807744508879715, -0.15593196574469584], "Sigma": [[0.0054049686274354825, -0.0014297104331650306, -0.0016262636833394753], [-0.0014297104331650304, 0.004698556337814542, 0.00016943080663504867], [-0.0016262636833394753, 0.0001694308066350486, 0.0006599789495290322]], "chi2_level": 0.99, "chi2_df": 3, "chi2_threshold": 11.344866730144373, "N_raw": 42, "N_roi": 42, "N_inlier": 42, "refit": true}
{"timestamp": "15:52:41.573626", "frame": 39, "mu": [1.0001807549055521, 1.1104581527582678, -0.14363025131087767], "Sigma": [[0.00232710710736073, -0.0003712384191209904, -0.0006200253029874127], [-0.0003712384191209904, 0.0027947743127645403, 0.00023363692048172324], [-0.0006200253029874127, 0.00023363692048172324, 0.0003499665541768661]], "chi2_level": 0.99, "chi2_df": 3, "chi2_threshold": 11.344866730144373, "N_raw": 24, "N_roi": 24, "N_inlier": 21, "refit": true}
{"timestamp": "15:52:41.632005", "frame": 40, "mu": [1.0207591202230926, 1.0799582170079642, -0.19955944373658316], "Sigma": [[0.006061267637967852, 3.800611435413268e-05, -0.005048306548959694], [3.800611435413257e-05, 0.004807451345382003, -0.002178502021133494], [-0.005048306548959694, -0.002178502021133494, 0.009322096724729098]], "chi2_level": 0.99, "chi2_df": 3, "chi2_threshold": 11.344866730144373, "N_raw": 52, "N_roi": 52, "N_inlier": 49, "refit": true}
{"timestamp": "15:52:41.686420", "frame": 41, "mu": [0.9848937499186391, 1.0035318946368335, 1.5273539561233827], "Sigma": [[0.005770811913771821, -0.0016196328480233113, -0.0047670113025335276], [-0.0016196328480233115, 0.0030394776672581217, 0.0002747482535385833], [-0.004767011302533528, 0.00027474825353858315, 0.0061995895757720005]], "chi2_level": 0.99, "chi2_df": 3, "chi2_threshold": 11.344866730144373, "N_raw": 46, "N_roi": 46, "N_inlier": 44, "refit": true}
{"timestamp": "15:52:41.739462", "frame": 42, "mu": [0.9200096110670387, 1.0166997227329257, 1.5731361269036037], "Sigma": [[0.004367049379400772, -0.00252795282822722, -0.004253674651862063], [-0.0025279528282272194, 0.0048191510475612135, 0.003910157760666582], [-0.004253674651862063, 0.003910157760666582, 0.009189658415432773]], "chi2_level": 0.99, "chi2_df": 3, "chi2_threshold": 11.344866730144373, "N_raw": 34, "N_roi": 34, "N_inlier": 31, "refit": true}
{"timestamp": "15:52:41.797738", "frame": 43, "mu": [0.9271543286207139, 1.079435151257799, -0.21393744727369887], "Sigma": [[0.007230618935035353, -0.0006207119831322884, -0.007459860403401299], [-0.0006207119831322884, 0.0029098606907503686, 0.0007171407690511699], [-0.007459860403401299, 0.0007171407690511698, 0.010702606237647913]], "chi2_level": 0.99, "chi2_df": 3, "chi2_threshold": 11.344866730144373, "N_raw": 49, "N_roi": 49, "N_inlier": 46, "refit": true}
{"timestamp": "15:52:41.848047", "frame": 44, "mu": [1.0366904627061944, 0.9017554970826753, 1.2006364695459644], "Sigma": [[0.0043274098031703566, -0.00032286798927650697, 0.0021694320844695106], [-0.00032286798927650675, 0.0027835398644036422, 0.006555775829671968], [0.0021694320844695106, 0.006555775829671968, 0.11342835620346238]], "chi2_level": 0.99, "chi2_df": 3, "chi2_threshold": 11.344866730144373, "N_raw": 19, "N_roi": 19, "N_inlier": 18, "refit": true}
{"timestamp": "15:52:41.907979", "frame": 45, "mu": [0.8684557129562376, 1.00735371554952, 1.494153518176191], "Sigma": [[0.005320443890350907, -0.0015423697675081235, -0.006071989036767159], [-0.0015423697675081235, 0.0030031702665715147, 0.0007058677220318418], [-0.006071989036767159, 0.0007058677220318419, 0.014422197009268134]], "chi2_level": 0.99, "chi2_df": 3, "chi2_threshold": 11.344866730144373, "N_raw": 56, "N_roi": 56, "N_inlier": 54, "refit": true}
{"timestamp": "15:52:41.956145", "frame": 46, "mu": [0.8333068696653226, 0.989516307206639, 1.6294260717435292], "Sigma": [[0.005650522278204238, -0.001523710466314276, -0.0048847675519535765], [-0.001523710466314276, 0.0013258738232822742, 0.0015260587255348811], [-0.0048847675519535765, 0.0015260587255348814, 0.005519964169582511]], "chi2_level": 0.99, "chi2_df": 3, "chi2_threshold": 11.344866730144373, "N_raw": 12, "N_roi": 12, "N_inlier": 12, "refit": true}
{"timestamp": "15:52:42.015337", "frame": 47, "mu": [0.7933404171753748, 0.9730374112515767, 1.5738157164669968], "Sigma": [[0.0038039243684711453, -0.0010804860334427836, -0.0027754684902440707], [-0.0010804860334427836, 0.002715171466086956, 0.0002777355085155697], [-0.0027754684902440707, 0.00027773550851556975, 0.005170699337313981]], "chi2_level": 0.99, "chi2_df": 3, "chi2_threshold": 11.344866730144373, "N_raw": 41, "N_roi": 41, "N_inlier": 39, "refit": true}
{"timestamp": "15:52:42.074838", "frame": 48, "mu": [0.8138763762589716, 0.9017750387307216, 1.3580971847664327], "Sigma": [[0.010601772649880646, -0.005423848576759675, -0.01906888125415502], [-0.005423848576759675, 0.004722637949154152, 0.007737528016464077], [-0.01906888125415502, 0.007737528016464078, 0.040109712750752466]], "chi2_level": 0.99, "chi2_df": 3, "chi2_threshold": 11.344866730144373, "N_raw": 71, "N_roi": 71, "N_inlier": 71, "refit": true}
{"timestamp": "15:52:42.131012", "frame": 49, "mu": [0.7712680843281016, 0.9270436479638892, 1.4336112681924427], "Sigma": [[0.006309403359110282, -0.0028866746569246814, -0.011553127431879428], [-0.002886674656924682, 0.005186845876726987, 0.005409619935811844], [-0.011553127431879426, 0.005409619935811846, 0.028858524608928793]], "chi2_level": 0.99, "chi2_df": 3, "chi2_threshold": 11.344866730144373, "N_raw": 70, "N_roi": 70, "N_inlier": 67, "refit": true}
{"timestamp": "15:52:42.184297", "frame": 50, "mu": [0.7366243282810331, 0.8979728477001095, 1.4381211810345826], "Sigma": [[0.005815572039297358, -0.0003306797388291587, -0.011686380133854956], [-0.00033067973882915867, 0.0017236072785207683, -0.0020501440983409654], [-0.011686380133854955, -0.0020501440983409654, 0.03397670363680467]], "chi2_level": 0.99, "chi2_df": 3, "chi2_threshold": 11.344866730144373, "N_raw": 56, "N_roi": 56, "N_inlier": 52, "refit": true}
{"timestamp": "15:52:42.239904", "frame": 51, "mu": [0.719960319858926, 0.8761658453998276, 1.3593069914085865], "Sigma": [[0.005703838604195983, -0.0031351880259072795, -0.012408353910537188], [-0.0031351880259072795, 0.004365395077597277, 0.005642661679544395], [-0.012408353910537188, 0.005642661679544395, 0.06152878793830148]], "chi2_level": 0.99, "chi2_df": 3, "chi2_threshold": 11.344866730144373, "N_raw": 64, "N_roi": 64, "N_inlier": 64, "refit": true}
{"timestamp": "15:52:42.294212", "frame": 52, "mu": [0.6840841481522798, 0.9943780195424226, -0.3066917312300802], "Sigma": [[0.004705180988894628, 0.0005853792721567413, -0.006545528230601826], [0.0005853792721567414, 0.003752815688871135, -0.002853272885947453], [-0.006545528230601827, -0.002853272885947453, 0.010975982964238937]], "chi2_level": 0.99, "chi2_df": 3, "chi2_threshold": 11.344866730144373, "N_raw": 62, "N_roi": 62, "N_inlier": 61, "refit": true}
{"timestamp": "15:52:42.347481", "frame": 53, "mu": [0.6084835537064525, 0.9024553858680345, 1.3853897696991702], "Sigma": [[0.004764385594575207, 0.0009820767344025307, -0.012889388874784476], [0.0009820767344025307, 0.0030535200142747763, -0.011649633965769401], [-0.012889388874784476, -0.011649633965769401, 0.09881719160948406]], "chi2_level": 0.99, "chi2_df": 3, "chi2_threshold": 11.344866730144373, "N_raw": 46, "N_roi": 46, "N_inlier": 46, "refit": true}
{"timestamp": "15:52:42.404256", "frame": 54, "mu": [0.5886595852761325, 1.0272303826019427, -0.3423413265939718], "Sigma": [[0.002991848980831516, -0.0008396809477657423, -0.0005156659679269914], [-0.0008396809477657424, 0.019319895561675734, -0.038651221786110614], [-0.000515665967926991, -0.038651221786110614, 0.09838936777000849]], "chi2_level": 0.99, "chi2_df": 3, "chi2_threshold": 11.344866730144373, "N_raw": 69, "N_roi": 69, "N_inlier": 68, "refit": true}
{"timestamp": "15:52:42.461952", "frame": 55, "mu": [0.556281796079979, 1.0343404059902377, -0.3776585303953971], "Sigma": [[0.0035248983079532656, -0.0018700679389752214, 0.0029874305513373353], [-0.0018700679389752214, 0.026062652509565583, -0.049537193238255825], [0.002987430551337336, -0.04953719323825583, 0.10799634428379369]], "chi2_level": 0.99, "chi2_df": 3, "chi2_threshold": 11.344866730144373, "N_raw": 78, "N_roi": 78, "N_inlier": 78, "refit": true}
{"timestamp": "15:52:42.569262", "frame": 56, "mu": [0.565846789299887, 0.9769217637463429, -0.27406130710875276], "Sigma": [[0.004287959276955358, 0.002414925029128354, -0.00467458763309131], [0.002414925029128354, 0.00829443415175502, -0.009284922544520787], [-0.00467458763309131, -0.009284922544520785, 0.014036467677342233]], "chi2_level": 0.99, "chi2_df": 3, "chi2_threshold": 11.344866730144373, "N_raw": 83, "N_roi": 83, "N_inlier": 79, "refit": true}
{"timestamp": "15:52:42.593951", "frame": 57, "mu": [0.5248479745471664, 0.9872993146986193, -0.3852923765662919], "Sigma": [[0.002458200941797885, 0.0022471041232678427, -0.007192541554530511], [0.0022471041232678427, 0.005901714933892666, -0.01393728691562689], [-0.007192541554530511, -0.01393728691562689, 0.03733505210402553]], "chi2_level": 0.99, "chi2_df": 3, "chi2_threshold": 11.344866730144373, "N_raw": 35, "N_roi": 35, "N_inlier": 32, "refit": true}
{"timestamp": "15:52:42.625496", "frame": 58, "mu": [0.5505880069653886, 0.9373464197916316, -0.4108168734911413], "Sigma": [[0.005358045394745243, -0.0010256624899773674, -0.0012053770401012792], [-0.0010256624899773674, 0.00954812255869643, -0.0171177801159405], [-0.0012053770401012779, -0.0171177801159405, 0.05145368225599506]], "chi2_level": 0.99, "chi2_df": 3, "chi2_threshold": 11.344866730144373, "N_raw": 68, "N_roi": 68, "N_inlier": 63, "refit": true}
{"timestamp": "15:52:42.677762", "frame": 59, "mu": [0.45962651850550174, 0.9428831993197386, -0.27398328541302686], "Sigma": [[0.0023645627330386746, -0.0004135929042999261, -0.0013495507410322361], [-0.00041359290429992623, 0.0034567906836644397, -0.0037540160324112705], [-0.0013495507410322361, -0.00375401603241127, 0.011291764369526976]], "chi2_level": 0.99, "chi2_df": 3, "chi2_threshold": 11.344866730144373, "N_raw": 53, "N_roi": 53, "N_inlier": 48, "refit": true}
{"timestamp": "15:52:42.737506", "frame": 60, "mu": [0.4243619721645118, 1.0087613404803966, -0.43479262207556146], "Sigma": [[0.0023477869954516835, 0.0010853359749245525, -0.0052458200548951206], [0.0010853359749245523, 0.011874773159522884, -0.022981591549265767], [-0.0052458200548951206, -0.022981591549265767, 0.06130946623429532]], "chi2_level": 0.99, "chi2_df": 3, "chi2_threshold": 11.344866730144373, "N_raw": 88, "N_roi": 88, "N_inlier": 83, "refit": true}
{"timestamp": "15:52:42.785565", "frame": 61, "mu": [0.36921897797212755, 0.8730229728366765, 1.4060660440618524], "Sigma": [[0.005610048944524594, -0.0012740082064988674, -0.028011272755229157], [-0.0012740082064988671, 0.0009530516749502522, 0.0033338034900899345], [-0.028011272755229157, 0.003333803490089935, 0.18377898622003452]], "chi2_level": 0.99, "chi2_df": 3, "chi2_threshold": 11.344866730144373, "N_raw": 35, "N_roi": 35, "N_inlier": 32, "refit": true}
{"timestamp": "15:52:42.846164", "frame": 62, "mu": [0.3739905149276693, 0.9722511806041779, -0.11266676618580616], "Sigma": [[0.0030991787144651617, 0.00021715353557171197, 0.018858875435766843], [0.00021715353557171207, 0.013159723559053134, -0.024933508282983595], [0.018858875435766843, -0.0249335082829836, 0.527689269829825]], "chi2_level": 0.99, "chi2_df": 3, "chi2_threshold": 11.344866730144373, "N_raw": 81, "N_roi": 81, "N_inlier": 79, "refit": true}
{"timestamp": "15:52:42.898717", "frame": 63, "mu": [0.2629500849970925, 0.8913061103832502, 1.243293443646416], "Sigma": [[0.0016205767024011588, -0.0007466532589127117, 0.006440785798790656], [-0.0007466532589127117, 0.0020756159909398157, -0.01252375622872784], [0.006440785798790656, -0.01252375622872784, 0.12275684790159716]], "chi2_level": 0.99, "chi2_df": 3, "chi2_threshold": 11.344866730144373, "N_raw": 50, "N_roi": 50, "N_inlier": 48, "refit": true}
{"timestamp": "15:52:42.958268", "frame": 64, "mu": [0.29941370122949573, 0.9300174677902003, -0.5601001410419835], "Sigma": [[0.004109555047508301, 0.0005535299910539251, 0.0012236126957983658], [0.0005535299910539251, 0.003332763203656798, -0.0026628533918365803], [0.001223612695798366, -0.0026628533918365803, 0.03257665497134952]], "chi2_level": 0.99, "chi2_df": 3, "chi2_threshold": 11.344866730144373, "N_raw": 87, "N_roi": 87, "N_inlier": 87, "refit": true}
{"timestamp": "15:52:43.011764", "frame": 65, "mu": [0.18868885953090755, 0.9566688654063834, 1.3487344413683902], "Sigma": [[0.0031306229754460135, -0.0003290018994322866, 0.0028589920823721407], [-0.0003290018994322866, 0.001469200234058128, -0.003632852456951304], [0.0028589920823721407, -0.003632852456951304, 0.04090527642605617]], "chi2_level": 0.99, "chi2_df": 3, "chi2_threshold": 11.344866730144373, "N_raw": 79, "N_roi": 79, "N_inlier": 75, "refit": true}
{"timestamp": "15:52:43.062889", "frame": 66, "mu": [0.1386755201011691, 0.946501933166317, 1.493286151900375], "Sigma": [[0.0032053872691814225, 0.00012766850134512557, -0.004801708304193237], [0.00012766850134512557, 0.0007969893939549717, -0.0004800933645947199], [-0.004801708304193237, -0.0004800933645947199, 0.0251076413723004]], "chi2_level": 0.99, "chi2_df": 3, "chi2_threshold": 11.344866730144373, "N_raw": 55, "N_roi": 55, "N_inlier": 51, "refit": true}
{"timestamp": "15:52:43.116401", "frame": 67, "mu": [0.08842341009965744, 0.985402653240749, 1.3415933946073029], "Sigma": [[0.002023219625230912, -0.0007089849760314818, 0.005048544784543108], [-0.0007089849760314818, 0.003999155408010624, -0.0022291051198603173], [0.005048544784543108, -0.0022291051198603173, 0.04539737865198134]], "chi2_level": 0.99, "chi2_df": 3, "chi2_threshold": 11.344866730144373, "N_raw": 46, "N_roi": 46, "N_inlier": 45, "refit": true}
{"timestamp": "15:52:43.180393", "frame": 68, "mu": [0.11322479734410504, 0.9155755070461242, 1.3060710755292932], "Sigma": [[0.0034664988289066314, -0.0004747158306568237, 0.004502619902294087], [-0.0004747158306568238, 0.003655178526801606, 0.0002508634310754264], [0.004502619902294087, 0.00025086343107542626, 0.023506552510163575]], "chi2_level": 0.99, "chi2_df": 3, "chi2_threshold": 11.344866730144373, "N_raw": 80, "N_roi": 80, "N_inlier": 80, "refit": true}
{"timestamp": "15:52:43.228669", "frame": 69, "mu": [0.11908799805635575, 0.8283778163055037, 1.3599545563288402], "Sigma": [[0.0020209190880780296, -0.0007445700984064097, -0.0009274957997372863], [-0.0007445700984064096, 0.005703483815497973, -0.0012139618972640599], [-0.0009274957997372863, -0.0012139618972640599, 0.001199499101271719]], "chi2_level": 0.99, "chi2_df": 3, "chi2_threshold": 11.344866730144373, "N_raw": 59, "N_roi": 59, "N_inlier": 57, "refit": true}
{"timestamp": "15:52:43.277781", "frame": 70, "mu": [0.09287137674753423, 0.9586179843167868, -0.4584046238158476], "Sigma": [[0.004466256641584719, -0.0064772011916810444, 0.00011962556006941461], [-0.0064772011916810444, 0.014952488678579883, 0.001291372753505733], [0.00011962556006941461, 0.001291372753505733, 0.0015915288498095422]], "chi2_level": 0.99, "chi2_df": 3, "chi2_threshold": 11.344866730144373, "N_raw": 15, "N_roi": 15, "N_inlier": 15, "refit": true}
{"timestamp": "15:52:43.334057", "frame": 71, "mu": [0.01921051606497794, 0.9853728431406198, -0.3881705819703341], "Sigma": [[0.0009828965382813017, -0.0004932819753749921, -0.0012789851878858925], [-0.0004932819753749921, 0.0007590256023245573, -0.0007704019171867422], [-0.0012789851878858922, -0.0007704019171867423, 0.013164653960519131]], "chi2_level": 0.99, "chi2_df": 3, "chi2_threshold": 11.344866730144373, "N_raw": 35, "N_roi": 33, "N_inlier": 32, "refit": true}
{"timestamp": "15:52:43.395701", "frame": 72, "mu": [-0.07447420488959809, 0.8921534008961923, 1.3774956764634894], "Sigma": [[0.00204876788129701, -0.0005340174942838047, 0.00023547965304477464], [-0.0005340174942838048, 0.003697731466172951, 0.008676790579684155], [0.00023547965304477486, 0.008676790579684155, 0.06480751132353907]], "chi2_level": 0.99, "chi2_df": 3, "chi2_threshold": 11.344866730144373, "N_raw": 78, "N_roi": 78, "N_inlier": 78, "refit": true}
{"timestamp": "15:52:43.448010", "frame": 73, "mu": [-0.1326592677368312, 0.9773127871326756, -0.30178320007148535], "Sigma": [[0.0021460516255818393, 0.0007265814396539285, 0.00452979981568783], [0.0007265814396539285, 0.00571063611100783, 0.0036763688396950133], [0.00452979981568783, 0.0036763688396950133, 0.01639704885305825]], "chi2_level": 0.99, "chi2_df": 3, "chi2_threshold": 11.344866730144373, "N_raw": 59, "N_roi": 59, "N_inlier": 58, "refit": true}
{"timestamp": "15:52:43.499829", "frame": 74, "mu": [-0.16097950046296391, 0.9393347179633772, -0.21697361154210865], "Sigma": [[0.0013510369055995104, 0.000733750414904492, 0.0020343672458399647], [0.0007337504149044921, 0.0023201595875086854, 0.0022678704714706004], [0.002034367245839965, 0.0022678704714706004, 0.007500459374152959]], "chi2_level": 0.99, "chi2_df": 3, "chi2_threshold": 11.344866730144373, "N_raw": 33, "N_roi": 33, "N_inlier": 29, "refit": true}
{"timestamp": "15:52:43.550902", "frame": 75, "mu": [-0.11753737227151287, 1.257599433356142, -0.8668661995666442], "Sigma": [[0.07927984565284697, 0.2050414114991296, -0.46463928222407364], [0.20504141149912958, 0.5444015420557873, -1.2324697731116416], [-0.4646392822240736, -1.2324697731116419, 2.8028698088203936]], "chi2_level": 0.99, "chi2_df": 3, "chi2_threshold": 11.344866730144373, "N_raw": 7, "N_roi": 7, "N_inlier": 7, "refit": true}
{"timestamp": "15:52:43.613554", "frame": 76, "mu": [-0.21704775656763933, 0.8943383723436449, 1.439297723672626], "Sigma": [[0.002157360960903172, -0.0006152438054153167, -0.00020158496920835307], [-0.0006152438054153167, 0.002728048390812559, -0.003696170070830121], [-0.00020158496920835307, -0.003696170070830121, 0.006069483316638937]], "chi2_level": 0.99, "chi2_df": 3, "chi2_threshold": 11.344866730144373, "N_raw": 69, "N_roi": 69, "N_inlier": 68, "refit": true}
{"timestamp": "15:52:43.669056", "frame": 77, "mu": [-0.22533006445276854, 0.8800107147237926, 1.3912564237228708], "Sigma": [[0.0018183920792479312, -0.001156839935985381, -0.0008538567918079019], [-0.0011568399359853806, 0.0022772830150997727, -0.0024335207878612842], [-0.000853856791807902, -0.002433520787861284, 0.0077084603089134975]], "chi2_level": 0.99, "chi2_df": 3, "chi2_threshold": 11.344866730144373, "N_raw": 61, "N_roi": 61, "N_inlier": 60, "refit": true}
{"timestamp": "15:52:43.723902", "frame": 78, "mu": [-0.32345827335239896, 0.8915650843763216, 1.568574280417891], "Sigma": [[0.0024760575110114777, -0.0008119938406769037, -0.0010083536713031305], [-0.0008119938406769037, 0.00391464260174904, -0.001972986202492341], [-0.0010083536713031305, -0.0019729862024923414, 0.0019716975448575893]], "chi2_level": 0.99, "chi2_df": 3, "chi2_threshold": 11.344866730144373, "N_raw": 63, "N_roi": 63, "N_inlier": 61, "refit": true}
{"timestamp": "15:52:43.776593", "frame": 79, "mu": [-0.3375393194706272, 0.8501771267134854, 1.5641541079044319], "Sigma": [[0.002402251332016129, -0.001709186206631954, -0.00192731517144448], [-0.0017091862066319543, 0.003143336080989987, 0.0004977810656574238], [-0.00192731517144448, 0.0004977810656574239, 0.002674371932989088]], "chi2_level": 0.99, "chi2_df": 3, "chi2_threshold": 11.344866730144373, "N_raw": 48, "N_roi": 47, "N_inlier": 45, "refit": true}
{"timestamp": "15:52:43.834003", "frame": 80, "mu": [-0.40723097648668916, 0.8855864673431806, 1.5479627401290965], "Sigma": [[0.002475085343078706, -0.0008248818177514815, -0.0009509153692001156], [-0.0008248818177514815, 0.004118737205326164, -0.003484166951326381], [-0.0009509153692001157, -0.003484166951326381, 0.00522036097609536]], "chi2_level": 0.99, "chi2_df": 3, "chi2_threshold": 11.344866730144373, "N_raw": 71, "N_roi": 71, "N_inlier": 71, "refit": true}
{"timestamp": "15:52:43.888228", "frame": 81, "mu": [-0.4597465600420471, 0.848775461889508, 1.592667553605712], "Sigma": [[0.003046794797444923, -0.0009845069499301601, -0.0003070913472281278], [-0.0009845069499301601, 0.0031853657980469375, -0.0022190272285607625], [-0.00030709134722812777, -0.002219027228560763, 0.002089157398921883]], "chi2_level": 0.99, "chi2_df": 3, "chi2_threshold": 11.344866730144373, "N_raw": 63, "N_roi": 62, "N_inlier": 61, "refit": true}
{"timestamp": "15:52:43.940567", "frame": 82, "mu": [-0.45980906824223056, 0.9753319484460035, -0.3056113873252876], "Sigma": [[0.0015998616315774168, 0.000564225093769848, 0.002426009707462238], [0.000564225093769848, 0.0036421102332978043, 0.0005852394573721417], [0.002426009707462238, 0.0005852394573721417, 0.009636906248588864]], "chi2_level": 0.99, "chi2_df": 3, "chi2_threshold": 11.344866730144373, "N_raw": 37, "N_roi": 37, "N_inlier": 37, "refit": true}
{"timestamp": "15:52:43.994935", "frame": 83, "mu": [-0.53926948346168, 0.9393551595706624, -0.22089600183467312], "Sigma": [[0.0012672052194224448, -0.0002737969906477913, -0.0010007402300571855], [-0.00027379699064779137, 0.0027409733975584574, -0.002665452635944329], [-0.0010007402300571853, -0.002665452635944329, 0.004112856907266506]], "chi2_level": 0.99, "chi2_df": 3, "chi2_threshold": 11.344866730144373, "N_raw": 36, "N_roi": 36, "N_inlier": 32, "refit": true}
{"timestamp": "15:52:44.049912", "frame": 84, "mu": [-0.6001653669545749, 0.8792953925123329, 1.5925736535347577], "Sigma": [[0.001606097804174534, 0.00020460767949278714, -0.0008385486685557397], [0.0002046076794927871, 0.0022607598704194078, -0.0024740843394803337], [-0.0008385486685557397, -0.0024740843394803337, 0.0032661997270740516]], "chi2_level": 0.99, "chi2_df": 3, "chi2_threshold": 11.344866730144373, "N_raw": 39, "N_roi": 39, "N_inlier": 35, "refit": true}
{"timestamp": "15:52:44.103252", "frame": 85, "mu": [-0.8069751112506452, 0.7524558609391208, 1.5257237871723517], "Sigma": [[0.024207454918776083, 0.015890230888036077, -0.05266407488653606], [0.015890230888036077, 0.018245195913230115, -0.06293505017248167], [-0.05266407488653606, -0.06293505017248167, 0.3803012926925334]], "chi2_level": 0.99, "chi2_df": 3, "chi2_threshold": 11.344866730144373, "N_raw": 24, "N_roi": 24, "N_inlier": 24, "refit": true}
{"timestamp": "15:52:44.161304", "frame": 86, "mu": [-0.669460439278203, 0.8341893079468559, -0.34273808825340546], "Sigma": [[0.00683618860929694, 0.003080589046229844, -0.002451825265847948], [0.0030805890462298445, 0.0057365915632243076, -0.002104527572668652], [-0.002451825265847948, -0.002104527572668652, 0.0063698660421959855]], "chi2_level": 0.99, "chi2_df": 3, "chi2_threshold": 11.344866730144373, "N_raw": 46, "N_roi": 46, "N_inlier": 44, "refit": true}
{"timestamp": "15:52:44.212856", "frame": 87, "mu": [-0.8478008857549236, 0.7477108316329395, -0.10521158494323969], "Sigma": [[0.018764807045294, 0.015856781127265216, -0.013784751582057393], [0.015856781127265213, 0.018342556720437178, -0.014731222156378834], [-0.013784751582057393, -0.014731222156378832, 0.02506812912910745]], "chi2_level": 0.99, "chi2_df": 3, "chi2_threshold": 11.344866730144373, "N_raw": 24, "N_roi": 23, "N_inlier": 23, "refit": true}
{"timestamp": "15:52:44.277831", "frame": 88, "mu": [-0.8656812796584097, 0.8004096051104491, 1.709757427111665], "Sigma": [[0.014090778775623642, 0.005922538285033642, -0.008833524777236151], [0.005922538285033642, 0.0062696895751004475, -0.007217880207664022], [-0.00883352477723615, -0.0072178802076640226, 0.009435564225582518]], "chi2_level": 0.99, "chi2_df": 3, "chi2_threshold": 11.344866730144373, "N_raw": 93, "N_roi": 93, "N_inlier": 92, "refit": true}
{"timestamp": "15:52:44.325887", "frame": 89, "mu": [-0.7345904725889186, 0.7961654876678685, 1.4465550461425525], "Sigma": [[0.0038226742314843715, -0.0032241700509650206, -0.0028912429705655373], [-0.003224170050965021, 0.005000210914840368, 0.0018387956240223258], [-0.0028912429705655373, 0.0018387956240223258, 0.0030154306454376577]], "chi2_level": 0.99, "chi2_df": 3, "chi2_threshold": 11.344866730144373, "N_raw": 40, "N_roi": 40, "N_inlier": 36, "refit": true}
{"timestamp": "15:52:44.380940", "frame": 90, "mu": [-0.9675632107074823, 0.7680461050265119, 1.738460809082912], "Sigma": [[0.007677255293909548, 0.00539445063971378, -0.00638708331416898], [0.00539445063971378, 0.007411580681493177, -0.008058742186334759], [-0.00638708331416898, -0.008058742186334759, 0.010029762635026173]], "chi2_level": 0.99, "chi2_df": 3, "chi2_threshold": 11.344866730144373, "N_raw": 47, "N_roi": 47, "N_inlier": 44, "refit": true}
{"timestamp": "15:52:44.439097", "frame": 91, "mu": [-0.9480431128306799, 0.8051402014270417, 1.6450428469967189], "Sigma": [[0.00979715209374908, 0.0071567148861074546, -0.0035291949786456557], [0.007156714886107455, 0.007718153575539556, -0.005802450968787805], [-0.0035291949786456557, -0.005802450968787804, 0.006254014188433756]], "chi2_level": 0.99, "chi2_df": 3, "chi2_threshold": 11.344866730144373, "N_raw": 66, "N_roi": 66, "N_inlier": 64, "refit": true}
{"timestamp": "15:52:44.492601", "frame": 92, "mu": [-1.0381279476282936, 0.7761925737486549, 1.6521210747983037], "Sigma": [[0.006688225431775303, 0.003462198597938222, -0.0025316494093564706], [0.003462198597938221, 0.00524963707597083, -0.00438130083833684], [-0.0025316494093564706, -0.0043813008383368395, 0.00431325846968171]], "chi2_level": 0.99, "chi2_df": 3, "chi2_threshold": 11.344866730144373, "N_raw": 53, "N_roi": 53, "N_inlier": 51, "refit": true}
{"timestamp": "15:52:44.556325", "frame": 93, "mu": [-0.9937156835326597, 0.7871927993675828, 1.5589349244540929], "Sigma": [[0.012178919885400525, 0.003235724397551684, -0.0068815125997384605], [0.0032357243975516844, 0.00836689741820371, -0.005085864381538238], [-0.0068815125997384605, -0.005085864381538239, 0.0061204245681547136]], "chi2_level": 0.99, "chi2_df": 3, "chi2_threshold": 11.344866730144373, "N_raw": 108, "N_roi": 108, "N_inlier": 102, "refit": true}
{"timestamp": "15:52:44.606120", "frame": 94, "mu": [-1.0392005951534435, 0.8621019902568421, -0.16486157498984458], "Sigma": [[0.01081942558304856, 0.006065757807549185, -0.004782692462839781], [0.006065757807549185, 0.008662646221014605, -0.004834919207973541], [-0.00478269246283978, -0.004834919207973541, 0.00337131070525589]], "chi2_level": 0.99, "chi2_df": 3, "chi2_threshold": 11.344866730144373, "N_raw": 73, "N_roi": 73, "N_inlier": 71, "refit": true}
{"timestamp": "15:52:44.664560", "frame": 95, "mu": [-1.0313413585606694, 0.8333322274826962, 0.3111543637962783], "Sigma": [[0.010633951804124733, -0.0009109963465297831, 0.048432864686487664], [-0.000910996346529783, 0.007777638620360486, 0.012477282267687427], [0.048432864686487664, 0.012477282267687427, 0.6139647294836162]], "chi2_level": 0.99, "chi2_df": 3, "chi2_threshold": 11.344866730144373, "N_raw": 100, "N_roi": 100, "N_inlier": 100, "refit": true}
{"timestamp": "15:52:44.719698", "frame": 96, "mu": [-1.0518319642065141, 0.6996674272392465, 1.4492037337311308], "Sigma": [[0.01113074304480277, 0.0009036363142831443, -0.005618076364893846], [0.0009036363142831448, 0.01558669961413174, 0.00010301250384517295], [-0.005618076364893846, 0.00010301250384517298, 0.004467484392092441]], "chi2_level": 0.99, "chi2_df": 3, "chi2_threshold": 11.344866730144373, "N_raw": 100, "N_roi": 100, "N_inlier": 97, "refit": true}
{"timestamp": "15:52:44.774689", "frame": 97, "mu": [-1.0790001471704325, 0.7863943838467513, 1.577853827775395], "Sigma": [[0.009081516020837127, -0.00024842901696892745, -0.005963150503783095], [-0.00024842901696892745, 0.01165907576870775, -0.0021089818223583834], [-0.005963150503783095, -0.0021089818223583834, 0.005164729880035387]], "chi2_level": 0.99, "chi2_df": 3, "chi2_threshold": 11.344866730144373, "N_raw": 93, "N_roi": 93, "N_inlier": 90, "refit": true}
{"timestamp": "15:52:44.824805", "frame": 98, "mu": [-1.1354674626209, 0.7630597299917314, 1.5773156315656103], "Sigma": [[0.009112355292596155, 0.00048597206052933587, -0.005368798414657302], [0.0004859720605293359, 0.007633648718851002, -0.001827207669296696], [-0.005368798414657302, -0.001827207669296696, 0.005237013957591386]], "chi2_level": 0.99, "chi2_df": 3, "chi2_threshold": 11.344866730144373, "N_raw": 69, "N_roi": 69, "N_inlier": 69, "refit": true}
{"timestamp": "15:52:44.880523", "frame": 99, "mu": [-1.1548886570783883, 0.7192133012639462, 1.486223702407296], "Sigma": [[0.009271093098483852, 0.0011910695297323844, -0.0025354649205287473], [0.0011910695297323846, 0.009329349293657458, -0.00277088512625038], [-0.0025354649205287473, -0.00277088512625038, 0.0017130595809675246]], "chi2_level": 0.99, "chi2_df": 3, "chi2_threshold": 11.344866730144373, "N_raw": 77, "N_roi": 77, "N_inlier": 76, "refit": true}
{"timestamp": "15:52:45.029354", "frame": 100, "mu": [-1.1884918156766984, 0.8110455800023012, 1.567767311283112], "Sigma": [[0.011449968527366431, 0.003554807619359691, -0.003150086569327281], [0.003554807619359691, 0.007823830418956469, -0.005009263982457186], [-0.0031500865693272814, -0.005009263982457186, 0.003867176098546922]], "chi2_level": 0.99, "chi2_df": 3, "chi2_threshold": 11.344866730144373, "N_raw": 84, "N_roi": 84, "N_inlier": 82, "refit": true}
{"timestamp": "15:52:45.036202", "frame": 101, "mu": [-1.2285792648337603, 0.8386430088303058, -0.2935442292458136], "Sigma": [[0.010285488758046753, 0.006118704900110785, 0.002091335120979762], [0.006118704900110784, 0.013342391873583393, 0.00017920883586532046], [0.002091335120979762, 0.0001792088358653204, 0.001387528868750974]], "chi2_level": 0.99, "chi2_df": 3, "chi2_threshold": 11.344866730144373, "N_raw": 77, "N_roi": 77, "N_inlier": 75, "refit": true}
{"timestamp": "15:52:45.070103", "frame": 102, "mu": [-1.2664485285438667, 0.8331025923188305, -0.026209885631289787], "Sigma": [[0.010977045404076161, 0.0016938588655319958, 0.027575598956652077], [0.0016938588655319962, 0.008743397379317156, 0.008920295302079665], [0.027575598956652077, 0.008920295302079665, 0.36584162205891974]], "chi2_level": 0.99, "chi2_df": 3, "chi2_threshold": 11.344866730144373, "N_raw": 81, "N_roi": 81, "N_inlier": 81, "refit": true}
{"timestamp": "15:52:45.102670", "frame": 103, "mu": [-1.3023788420098972, 0.7709816856058213, 1.523657364807342], "Sigma": [[0.008962794494407261, 0.0017238570300992548, -0.004233466946379639], [0.0017238570300992548, 0.010347025815376543, -0.004940138130503766], [-0.004233466946379639, -0.004940138130503766, 0.004914361897831328]], "chi2_level": 0.99, "chi2_df": 3, "chi2_threshold": 11.344866730144373, "N_raw": 73, "N_roi": 72, "N_inlier": 70, "refit": true}
{"timestamp": "15:52:45.153230", "frame": 104, "mu": [-1.3304045528785093, 0.7298248489587125, 1.452694894919488], "Sigma": [[0.005520399330563623, 0.0029225759888437254, -0.0009924937364612784], [0.0029225759888437254, 0.0174075692232344, -0.0014585546380607942], [-0.0009924937364612781, -0.0014585546380607942, 0.0011627555687327856]], "chi2_level": 0.99, "chi2_df": 3, "chi2_threshold": 11.344866730144373, "N_raw": 55, "N_roi": 55, "N_inlier": 54, "refit": true}
{"timestamp": "15:52:45.207263", "frame": 105, "mu": [-1.3585077694199224, 0.8112873647631598, 1.5215426043520035], "Sigma": [[0.005087626462145354, 0.0004774449966436646, -0.0017694796007764403], [0.00047744499664366456, 0.008209459675510773, -0.003608581939560228], [-0.0017694796007764405, -0.003608581939560228, 0.0024737835980848354]], "chi2_level": 0.99, "chi2_df": 3, "chi2_threshold": 11.344866730144373, "N_raw": 51, "N_roi": 51, "N_inlier": 48, "refit": true}
