{"timestamp": "15:55:24.960209", "frame": 1, "mu": [1.6364685906774141, 1.0768941955499924, 1.3613510007345433], "Sigma": [[0.0021695995838296196, -0.0005946036087417993, -0.00016991716134997023], [-0.0005946036087417993, 0.00416063759197484, -8.144354061525906e-05], [-0.00016991716134997023, -8.144354061525909e-05, 0.00018720167855148376]], "chi2_level": 0.99, "chi2_df": 3, "chi2_threshold": 11.344866730144373, "N_raw": 12, "N_roi": 12, "N_inlier": 12, "refit": true}
{"timestamp": "15:55:25.124329", "frame": 4, "mu": [1.5933892532054612, 0.9791565959701343, 1.384594145192316], "Sigma": [[0.004994691774506969, -0.0023681018930784017, -0.01028806263320211], [-0.0023681018930784017, 0.0013510862687346006, 0.005025528182011179], [-0.010288062633202108, 0.005025528182011179, 0.021348307852853427]], "chi2_level": 0.99, "chi2_df": 3, "chi2_threshold": 11.344866730144373, "N_raw": 5, "N_roi": 5, "N_inlier": 5, "refit": true}
{"timestamp": "15:55:25.180172", "frame": 5, "mu": [1.667929364352587, 1.1057624621719113, -0.4477980879401672], "Sigma": [[0.004140154409198866, -0.0020425735602634804, -0.0005165890820539679], [-0.0020425735602634804, 0.0030781795481238184, 2.6640118286208196e-06], [-0.0005165890820539678, 2.664011828620833e-06, 9.62792230077261e-05]], "chi2_level": 0.99, "chi2_df": 3, "chi2_threshold": 11.344866730144373, "N_raw": 15, "N_roi": 15, "N_inlier": 15, "refit": true}
{"timestamp": "15:55:25.238145", "frame": 6, "mu": [1.645064855272012, 1.0429087921235278, 1.3584472726690753], "Sigma": [[0.004251355617228512, -0.0014608624309866503, -0.0012245652044405018], [-0.0014608624309866507, 0.007205649640456925, -0.0024663989448052695], [-0.0012245652044405018, -0.0024663989448052695, 0.0024481578927635517]], "chi2_level": 0.99, "chi2_df": 3, "chi2_threshold": 11.344866730144373, "N_raw": 34, "N_roi": 34, "N_inlier": 32, "refit": true}
{"timestamp": "15:55:25.293384", "frame": 7, "mu": [1.6273579342841862, 1.0750961197761897, 1.3598012436178966], "Sigma": [[0.005224917783063269, -0.0023212301133478455, -0.0019742476060539923], [-0.0023212301133478455, 0.005870574351714115, -0.0012025258161329937], [-0.0019742476060539923, -0.0012025258161329937, 0.0019398471384269617]], "chi2_level": 0.99, "chi2_df": 3, "chi2_threshold": 11.344866730144373, "N_raw": 33, "N_roi": 33, "N_inlier": 32, "refit": true}
{"timestamp": "15:55:25.347422", "frame": 8, "mu": [1.5959455793851538, 1.0443786619532354, 1.3167403105754891], "Sigma": [[0.003525083278483103, -0.002468286713443699, -0.0022779876548228153], [-0.002468286713443699, 0.005601732295364648, -0.0006881035779542862], [-0.0022779876548228153, -0.0006881035779542862, 0.003800037976183184]], "chi2_level": 0.99, "chi2_df": 3, "chi2_threshold": 11.344866730144373, "N_raw": 26, "N_roi": 26, "N_inlier": 25, "refit": true}
{"timestamp": "15:55:25.404064", "frame": 9, "mu": [1.60386707029889, 0.9982636149251565, 1.4323640858024569], "Sigma": [[0.007885126032883735, -0.00430553270607576, -0.0077444807577589925], [-0.00430553270607576, 0.005493463666410732, 0.0012797004471836056], [-0.0077444807577589925, 0.0012797004471836058, 0.011352714626965174]], "chi2_level": 0.99, "chi2_df": 3, "chi2_threshold": 11.344866730144373, "N_raw": 37, "N_roi": 37, "N_inlier": 36, "refit": true}
{"timestamp": "15:55:25.459087", "frame": 10, "mu": [1.6352901591418156, 1.0039062928585172, 1.3942192274294147], "Sigma": [[0.0066553725095634935, -0.0018789246171301874, -0.0030978005935583877], [-0.0018789246171301871, 0.006987759881049863, -0.0013531193412380826], [-0.0030978005935583873, -0.0013531193412380826, 0.003153852560614863]], "chi2_level": 0.99, "chi2_df": 3, "chi2_threshold": 11.344866730144373, "N_raw": 38, "N_roi": 38, "N_inlier": 37, "refit": true}
{"timestamp": "15:55:25.513891", "frame": 11, "mu": [1.6421204063664734, 1.0211553542394907, 1.3082192698057782], "Sigma": [[0.004473296711862212, -0.002625337046481207, -0.001236016250292821], [-0.002625337046481207, 0.009567863640776468, -0.0027833090985210146], [-0.001236016250292821, -0.002783309098521015, 0.0034766165285745076]], "chi2_level": 0.99, "chi2_df": 3, "chi2_threshold": 11.344866730144373, "N_raw": 35, "N_roi": 35, "N_inlier": 34, "refit": true}
{"timestamp": "15:55:25.567239", "frame": 12, "mu": [1.6271406126323675, 1.1165283544915905, -0.2687466539580865], "Sigma": [[0.005089710781149777, -0.0007644736559569634, -0.0009882785908376555], [-0.0007644736559569635, 0.004033201707121621, 3.766821587168872e-05], [-0.0009882785908376555, 3.7668215871688695e-05, 0.00024310401805764466]], "chi2_level": 0.99, "chi2_df": 3, "chi2_threshold": 11.344866730144373, "N_raw": 26, "N_roi": 26, "N_inlier": 25, "refit": true}
{"timestamp": "15:55:25.619737", "frame": 13, "mu": [1.5124771185898769, 1.1299894135874884, 1.3627865926831497], "Sigma": [[0.0037148514646115215, 3.640647910267778e-05, -0.00493490548740488], [3.640647910267778e-05, 0.0113176991562301, -0.013421356096025645], [-0.00493490548740488, -0.013421356096025645, 0.023104761305990918]], "chi2_level": 0.99, "chi2_df": 3, "chi2_threshold": 11.344866730144373, "N_raw": 10, "N_roi": 10, "N_inlier": 10, "refit": true}
{"timestamp": "15:55:25.677495", "frame": 14, "mu": [1.6514937606013997, 0.9243727798753593, 1.306152597429407], "Sigma": [[0.006147068419464411, -0.003266800202824371, -0.00038076804627159286], [-0.003266800202824371, 0.0046358863010970185, -0.0006331269596758273], [-0.00038076804627159286, -0.0006331269596758273, 0.00031522429412382535]], "chi2_level": 0.99, "chi2_df": 3, "chi2_threshold": 11.344866730144373, "N_raw": 25, "N_roi": 25, "N_inlier": 23, "refit": true}
{"timestamp": "15:55:25.737842", "frame": 15, "mu": [1.629438026181859, 1.134301406309842, -0.34112221393066966], "Sigma": [[0.009321569591570293, -0.00116344911561919, -0.002876620719689497], [-0.00116344911561919, 0.007966252844254883, -0.0001403169471717479], [-0.002876620719689497, -0.000140316947171748, 0.001583567260526733]], "chi2_level": 0.99, "chi2_df": 3, "chi2_threshold": 11.344866730144373, "N_raw": 46, "N_roi": 46, "N_inlier": 45, "refit": true}
{"timestamp": "15:55:25.792076", "frame": 16, "mu": [1.6099363698966624, 1.1114277856683852, -0.35981341587350146], "Sigma": [[0.008342272697554744, -0.0015799972974386584, -0.004317346496419356], [-0.0015799972974386586, 0.007894164307676267, 3.865505196347602e-05], [-0.004317346496419356, 3.865505196347591e-05, 0.005942002403814492]], "chi2_level": 0.99, "chi2_df": 3, "chi2_threshold": 11.344866730144373, "N_raw": 36, "N_roi": 36, "N_inlier": 33, "refit": true}
{"timestamp": "15:55:25.842243", "frame": 17, "mu": [1.520362988143833, 1.0042413581382519, 1.3121009920106892], "Sigma": [[0.005163096551029359, 0.0023469328888874917, -0.012353135361524402], [0.0023469328888874917, 0.0018947450277884473, -0.009581405996829401], [-0.012353135361524402, -0.009581405996829401, 0.08528432036435843]], "chi2_level": 0.99, "chi2_df": 3, "chi2_threshold": 11.344866730144373, "N_raw": 9, "N_roi": 9, "N_inlier": 9, "refit": true}
{"timestamp": "15:55:25.902483", "frame": 18, "mu": [1.5409671931069198, 0.9756044116524165, 1.1966351447600865], "Sigma": [[0.004734849729965855, -0.00241129880802278, 0.0011722388073388225], [-0.00241129880802278, 0.006222933658503239, -0.016296439664521864], [0.001172238807338822, -0.016296439664521864, 0.11321651220665097]], "chi2_level": 0.99, "chi2_df": 3, "chi2_threshold": 11.344866730144373, "N_raw": 44, "N_roi": 44, "N_inlier": 43, "refit": true}
{"timestamp": "15:55:25.955373", "frame": 19, "mu": [1.5137604788182792, 1.1476765204056967, 1.3204158884925379], "Sigma": [[0.002793949597223374, -0.0019411484174504065, -6.599186968268708e-05], [-0.0019411484174504065, 0.006116682326145024, -0.0022465629816637357], [-6.599186968268719e-05, -0.0022465629816637357, 0.0052917350061435055]], "chi2_level": 0.99, "chi2_df": 3, "chi2_threshold": 11.344866730144373, "N_raw": 23, "N_roi": 23, "N_inlier": 21, "refit": true}
{"timestamp": "15:55:26.007782", "frame": 20, "mu": [1.542917675592048, 1.0080446016390319, 1.180832607988119], "Sigma": [[0.004922187475412836, -0.0011148454685286902, 0.011352937860974136], [-0.00111484546852869, 0.0024226814227881308, -0.012564845293856677], [0.011352937860974136, -0.012564845293856677, 0.09376120138659164]], "chi2_level": 0.99, "chi2_df": 3, "chi2_threshold": 11.344866730144373, "N_raw": 10, "N_roi": 10, "N_inlier": 9, "refit": true}
{"timestamp": "15:55:26.066141", "frame": 21, "mu": [1.4915226044297683, 0.9976172207983585, 1.1412274864680676], "Sigma": [[0.002531529411563178, -0.0013713684089871098, 0.008475796719202596], [-0.0013713684089871096, 0.0074700778925644385, -0.014593587210001355], [0.008475796719202596, -0.014593587210001351, 0.10011106853666696]], "chi2_level": 0.99, "chi2_df": 3, "chi2_threshold": 11.344866730144373, "N_raw": 30, "N_roi": 30, "N_inlier": 30, "refit": true}
{"timestamp": "15:55:26.120048", "frame": 22, "mu": [1.4113836367635832, 1.104781583183005, 1.0045349443762872], "Sigma": [[0.003444608382737935, -0.004527345856164176, 0.0116603137117555], [-0.004527345856164176, 0.010539923271705652, -0.020261839832164223], [0.0116603137117555, -0.020261839832164223, 0.07538965024624017]], "chi2_level": 0.99, "chi2_df": 3, "chi2_threshold": 11.344866730144373, "N_raw": 24, "N_roi": 24, "N_inlier": 24, "refit": true}
{"timestamp": "15:55:26.176669", "frame": 23, "mu": [1.4505128415735427, 0.9933581496348953, 1.0613951531092274], "Sigma": [[0.006115938936006455, -0.005391185850326936, 0.004034960935138643], [-0.005391185850326936, 0.011251045678069655, -0.02348277612089324], [0.004034960935138643, -0.02348277612089324, 0.08371543193044989]], "chi2_level": 0.99, "chi2_df": 3, "chi2_threshold": 11.344866730144373, "N_raw": 41, "N_roi": 41, "N_inlier": 39, "refit": true}
{"timestamp": "15:55:26.227832", "frame": 24, "mu": [1.3265552982830535, 0.9480556760305143, 1.3919101114282515], "Sigma": [[0.00429489237358105, 0.0019279799802847835, -0.006358970145871946], [0.0019279799802847835, 0.0032043452992264066, -0.010009044693218887], [-0.006358970145871946, -0.010009044693218887, 0.06443379065759641]], "chi2_level": 0.99, "chi2_df": 3, "chi2_threshold": 11.344866730144373, "N_raw": 11, "N_roi": 11, "N_inlier": 11, "refit": true}
{"timestamp": "15:55:26.286508", "frame": 25, "mu": [1.3201834768403315, 0.9798696462731868, 1.2848248084522473], "Sigma": [[0.0038713397528604434, -0.0003283681890564769, 0.00010831174553108352], [-0.0003283681890564767, 0.006370294970352572, -0.013238141549656388], [0.0001083117455310833, -0.013238141549656388, 0.08698310679418236]], "chi2_level": 0.99, "chi2_df": 3, "chi2_threshold": 11.344866730144373, "N_raw": 35, "N_roi": 35, "N_inlier": 35, "refit": true}
{"timestamp": "15:55:26.337613", "frame": 26, "mu": [1.25187995380914, 0.9865816769266987, 1.2382284601930778], "Sigma": [[0.004101075082755385, 0.002940269588902045, -0.0179937485983756], [0.002940269588902045, 0.0038042123849673162, -0.0073207552116125426], [-0.017993748598375603, -0.007320755211612543, 0.10215306078502669]], "chi2_level": 0.99, "chi2_df": 3, "chi2_threshold": 11.344866730144373, "N_raw": 9, "N_roi": 9, "N_inlier": 9, "refit": true}
{"timestamp": "15:55:26.393067", "frame": 27, "mu": [1.2333678452134909, 0.8995613374649899, 1.264208918613015], "Sigma": [[0.004724739390571331, -0.0002732361322657213, -0.015273912655623305], [-0.0002732361322657213, 0.0010217682101022663, 0.0003460852101210138], [-0.015273912655623305, 0.00034608521012101335, 0.12314551255209347]], "chi2_level": 0.99, "chi2_df": 3, "chi2_threshold": 11.344866730144373, "N_raw": 11, "N_roi": 11, "N_inlier": 11, "refit": true}
{"timestamp": "15:55:26.455871", "frame": 28, "mu": [1.2340204981697316, 0.944677202792278, 1.3223362549349107], "Sigma": [[0.006795472955057828, -0.0038683899388915147, -0.0056926827318768275], [-0.003868389938891514, 0.008336477162620528, -0.003954536094113958], [-0.0056926827318768275, -0.003954536094113959, 0.02138783005468683]], "chi2_level": 0.99, "chi2_df": 3, "chi2_threshold": 11.344866730144373, "N_raw": 67, "N_roi": 67, "N_inlier": 64, "refit": true}
{"timestamp": "15:55:26.506603", "frame": 29, "mu": [1.2303988803273294, 0.9584091528539163, 1.1775325376122134], "Sigma": [[0.0033897917874651283, -0.0037595348611735016, 0.007328367654135961], [-0.0037595348611735016, 0.00796696428963598, -0.013372255694456247], [0.007328367654135961, -0.013372255694456246, 0.07583471212213316]], "chi2_level": 0.99, "chi2_df": 3, "chi2_threshold": 11.344866730144373, "N_raw": 41, "N_roi": 41, "N_inlier": 39, "refit": true}
{"timestamp": "15:55:26.562791", "frame": 30, "mu": [1.178854044094552, 0.9693938405098665, 1.3005684833286981], "Sigma": [[0.006987419527092365, -0.00445165401046318, -0.00394833665926792], [-0.00445165401046318, 0.010416852985423362, -0.006758889941593685], [-0.003948336659267918, -0.006758889941593685, 0.02333350759280287]], "chi2_level": 0.99, "chi2_df": 3, "chi2_threshold": 11.344866730144373, "N_raw": 46, "N_roi": 46, "N_inlier": 45, "refit": true}
{"timestamp": "15:55:26.619594", "frame": 31, "mu": [1.0321518609904319, 1.122427110928109, -0.332078582594849], "Sigma": [[0.009281040003711181, 0.005284981608228866, -0.022940562273888437], [0.005284981608228868, 0.00880041182897779, -0.020891505606230917], [-0.022940562273888437, -0.020891505606230917, 0.07850461123934029]], "chi2_level": 0.99, "chi2_df": 3, "chi2_threshold": 11.344866730144373, "N_raw": 59, "N_roi": 59, "N_inlier": 59, "refit": true}
{"timestamp": "15:55:26.674921", "frame": 32, "mu": [1.074608216192084, 0.9303218026922077, 1.3399602266492456], "Sigma": [[0.010495591480057897, -0.004330015598703248, -0.01455117962486922], [-0.004330015598703248, 0.0040101339451426915, 0.005552422828400743], [-0.014551179624869218, 0.005552422828400743, 0.04323274743039831]], "chi2_level": 0.99, "chi2_df": 3, "chi2_threshold": 11.344866730144373, "N_raw": 62, "N_roi": 62, "N_inlier": 62, "refit": true}
{"timestamp": "15:55:26.725845", "frame": 33, "mu": [0.9204516158157269, 0.9474761326384796, 1.535669711072375], "Sigma": [[0.009050400278142252, -0.0030770330899414005, -0.01319280548452093], [-0.0030770330899414005, 0.0028833685141314773, 0.0044197600565684374], [-0.01319280548452093, 0.0044197600565684374, 0.026458122319308164]], "chi2_level": 0.99, "chi2_df": 3, "chi2_threshold": 11.344866730144373, "N_raw": 32, "N_roi": 32, "N_inlier": 30, "refit": true}
{"timestamp": "15:55:26.783252", "frame": 34, "mu": [0.8907438865661339, 0.9620399402097228, 1.5067764485162527], "Sigma": [[0.005933206559865844, -0.0020812142947475186, -0.008744519299384128], [-0.0020812142947475186, 0.00337857374266995, 0.0014181946749767661], [-0.008744519299384128, 0.0014181946749767661, 0.020312910521035937]], "chi2_level": 0.99, "chi2_df": 3, "chi2_threshold": 11.344866730144373, "N_raw": 44, "N_roi": 44, "N_inlier": 40, "refit": true}
{"timestamp": "15:55:26.837128", "frame": 35, "mu": [1.0305498004075497, 0.7958303136556958, 1.3048305252060124], "Sigma": [[0.008189251772405188, -0.006391466757622087, -0.0041379018504111185], [-0.006391466757622086, 0.00835174659046576, -0.0020102638819633955], [-0.004137901850411119, -0.0020102638819633955, 0.02063898779820033]], "chi2_level": 0.99, "chi2_df": 3, "chi2_threshold": 11.344866730144373, "N_raw": 38, "N_roi": 38, "N_inlier": 36, "refit": true}
{"timestamp": "15:55:26.891510", "frame": 36, "mu": [0.8914340615187125, 0.9278439699155531, 0.9865215829121945], "Sigma": [[0.00771791774616687, -0.0005463885635209481, -0.02451473532952818], [-0.0005463885635209481, 0.00228049498175903, -0.00313765961325398], [-0.02451473532952818, -0.00313765961325398, 0.13581387607876053]], "chi2_level": 0.99, "chi2_df": 3, "chi2_threshold": 11.344866730144373, "N_raw": 40, "N_roi": 40, "N_inlier": 40, "refit": true}
{"timestamp": "15:55:26.947547", "frame": 37, "mu": [0.8612188824649452, 1.0503522909909537, -0.5909891732837026], "Sigma": [[0.007728103784099402, 0.0021945853361149993, -0.02136066089314832], [0.002194585336114999, 0.0077025647158984216, -0.006083089423450405], [-0.021360660893148316, -0.006083089423450404, 0.09851523767424182]], "chi2_level": 0.99, "chi2_df": 3, "chi2_threshold": 11.344866730144373, "N_raw": 42, "N_roi": 42, "N_inlier": 41, "refit": true}
{"timestamp": "15:55:27.006767", "frame": 38, "mu": [0.7962980064194561, 0.8605789459139666, 1.4115539985776735], "Sigma": [[0.011396808294299439, -0.0022419778789798213, -0.011361066630817741], [-0.0022419778789798217, 0.002387909805886739, 0.0032013700284695516], [-0.011361066630817741, 0.0032013700284695516, 0.026780602989661756]], "chi2_level": 0.99, "chi2_df": 3, "chi2_threshold": 11.344866730144373, "N_raw": 70, "N_roi": 70, "N_inlier": 67, "refit": true}
{"timestamp": "15:55:27.056159", "frame": 39, "mu": [0.6688709114526767, 0.8527956992998389, 1.5223917433841554], "Sigma": [[0.0034327190718351375, -0.0009794989587047671, -0.0016022243749317755], [-0.0009794989587047671, 0.003052838063491624, 7.804399471262073e-05], [-0.0016022243749317755, 7.804399471262078e-05, 0.0010650923523594733]], "chi2_level": 0.99, "chi2_df": 3, "chi2_threshold": 11.344866730144373, "N_raw": 36, "N_roi": 36, "N_inlier": 34, "refit": true}
{"timestamp": "15:55:27.112337", "frame": 40, "mu": [0.6670649114561359, 0.819080235386213, 1.5122250961118469], "Sigma": [[0.0060092006925225585, -0.00027466206582634335, -0.006529288112460169], [-0.00027466206582634324, 0.0020016749714395618, -0.0008063046786740708], [-0.006529288112460169, -0.0008063046786740708, 0.013906930041614541]], "chi2_level": 0.99, "chi2_df": 3, "chi2_threshold": 11.344866730144373, "N_raw": 44, "N_roi": 44, "N_inlier": 41, "refit": true}
{"timestamp": "15:55:27.176898", "frame": 41, "mu": [0.6462144343248039, 0.8500846823979498, -0.6385459967635784], "Sigma": [[0.010170215964264937, 0.0003899067739495018, 0.0025189225390968573], [0.0003899067739495017, 0.0024123860455054014, -0.005441167642546048], [0.0025189225390968573, -0.005441167642546048, 0.1558181902911232]], "chi2_level": 0.99, "chi2_df": 3, "chi2_threshold": 11.344866730144373, "N_raw": 108, "N_roi": 108, "N_inlier": 107, "refit": true}
{"timestamp": "15:55:27.230286", "frame": 42, "mu": [0.5635452477458789, 0.831902752150871, 1.3027624246223681], "Sigma": [[0.0039001749331986314, -0.0014763949172764993, 0.0024660212106859284], [-0.0014763949172764993, 0.005561283864170744, -0.017608590749872515], [0.002466021210685929, -0.01760859074987251, 0.09131133778602199]], "chi2_level": 0.99, "chi2_df": 3, "chi2_threshold": 11.344866730144373, "N_raw": 89, "N_roi": 89, "N_inlier": 89, "refit": true}
{"timestamp": "15:55:27.283516", "frame": 43, "mu": [0.534025791843874, 0.8061166027672758, 1.458603259625465], "Sigma": [[0.004822981232709473, 0.0008667474657862972, -0.0069655206168248995], [0.0008667474657862973, 0.0022542155948747245, -0.0038123513959637933], [-0.0069655206168248995, -0.0038123513959637933, 0.024525232866953822]], "chi2_level": 0.99, "chi2_df": 3, "chi2_threshold": 11.344866730144373, "N_raw": 73, "N_roi": 73, "N_inlier": 71, "refit": true}
{"timestamp": "15:55:27.334789", "frame": 44, "mu": [0.5031121768990865, 0.7794360635339713, 1.4087747981759096], "Sigma": [[0.004735493452144203, -7.039868330866548e-05, -0.0048172176793532025], [-7.039868330866556e-05, 0.005705388201516624, -0.007060155929080035], [-0.0048172176793532025, -0.007060155929080035, 0.048364097048905284]], "chi2_level": 0.99, "chi2_df": 3, "chi2_threshold": 11.344866730144373, "N_raw": 62, "N_roi": 62, "N_inlier": 61, "refit": true}
{"timestamp": "15:55:27.395125", "frame": 45, "mu": [0.4559846160473841, 0.8238948493571657, 1.3849742621635155], "Sigma": [[0.0035454907914508134, -0.0001963534586201368, -0.004149824585885734], [-0.00019635345862013668, 0.0030207880801610115, -0.004117838623367832], [-0.004149824585885734, -0.004117838623367832, 0.03196093675864268]], "chi2_level": 0.99, "chi2_df": 3, "chi2_threshold": 11.344866730144373, "N_raw": 91, "N_roi": 91, "N_inlier": 87, "refit": true}
{"timestamp": "15:55:27.447257", "frame": 46, "mu": [0.3736536546403661, 0.8140695727342023, 1.2930042658605014], "Sigma": [[0.0028150674176015116, 0.0007349108976156753, -0.005013675484451807], [0.0007349108976156753, 0.0017897026663741807, -0.0033492055890736593], [-0.005013675484451807, -0.003349205589073659, 0.04984106962067857]], "chi2_level": 0.99, "chi2_df": 3, "chi2_threshold": 11.344866730144373, "N_raw": 69, "N_roi": 69, "N_inlier": 65, "refit": true}
{"timestamp": "15:55:27.506206", "frame": 47, "mu": [0.32421346421155245, 0.9158398050018185, 0.16948476472347587], "Sigma": [[0.004968271590876831, -0.0015860891005214798, 0.03248847784896051], [-0.0015860891005214798, 0.011627506913736204, -0.07839997696867135], [0.03248847784896051, -0.07839997696867135, 0.7838674744370182]], "chi2_level": 0.99, "chi2_df": 3, "chi2_threshold": 11.344866730144373, "N_raw": 102, "N_roi": 102, "N_inlier": 97, "refit": true}
{"timestamp": "15:55:27.568549", "frame": 48, "mu": [0.2850362905465264, 0.8199176217763686, 1.3149760247341877], "Sigma": [[0.00386740473291966, -0.0006604510833226821, 0.002294746509076018], [-0.0006604510833226821, 0.0013100781994936491, -0.005702826881953329], [0.002294746509076018, -0.005702826881953329, 0.04536834213936353]], "chi2_level": 0.99, "chi2_df": 3, "chi2_threshold": 11.344866730144373, "N_raw": 139, "N_roi": 139, "N_inlier": 133, "refit": true}
{"timestamp": "15:55:27.609489", "frame": 49, "mu": [0.1792143053078569, 0.8124629965000852, -0.4812562190863737], "Sigma": [[0.0021641434312397807, -0.00044346900193742715, 0.002598780439418058], [-0.0004434690019374271, 0.0019369988343900153, -0.003554261272469908], [0.002598780439418058, -0.003554261272469908, 0.020840319410092338]], "chi2_level": 0.99, "chi2_df": 3, "chi2_threshold": 11.344866730144373, "N_raw": 50, "N_roi": 49, "N_inlier": 44, "refit": true}
{"timestamp": "15:55:27.666853", "frame": 50, "mu": [0.15996203656000155, 0.7935323020376237, 1.1863196723765104], "Sigma": [[0.002888517146429156, -0.0021988783526410037, 0.009488708379356562], [-0.002198878352641004, 0.0022893541073569744, -0.0079566380247497], [0.009488708379356562, -0.0079566380247497, 0.059440300597436636]], "chi2_level": 0.99, "chi2_df": 3, "chi2_threshold": 11.344866730144373, "N_raw": 71, "N_roi": 71, "N_inlier": 68, "refit": true}
{"timestamp": "15:55:27.724510", "frame": 51, "mu": [0.13008726041156665, 0.8267708980699308, 1.2993010821059507], "Sigma": [[0.004048201642132644, -0.003739429201478001, 0.004597985616547632], [-0.0037394292014780012, 0.0053624203044966455, -0.0074600915501402635], [0.004597985616547632, -0.007460091550140262, 0.025959700073363783]], "chi2_level": 0.99, "chi2_df": 3, "chi2_threshold": 11.344866730144373, "N_raw": 92, "N_roi": 91, "N_inlier": 90, "refit": true}
{"timestamp": "15:55:27.780551", "frame": 52, "mu": [0.07716774400377607, 0.7858322717154984, 1.2256658304509118], "Sigma": [[0.014617228436503517, -0.010331831179308627, 0.02602338551708729], [-0.010331831179308627, 0.009969379163591785, -0.02046836796902001], [0.026023385517087286, -0.02046836796902001, 0.06239746851862446]], "chi2_level": 0.99, "chi2_df": 3, "chi2_threshold": 11.344866730144373, "N_raw": 96, "N_roi": 96, "N_inlier": 94, "refit": true}
{"timestamp": "15:55:27.836400", "frame": 53, "mu": [0.05062287325775769, 0.7958673122839871, 1.306092374801652], "Sigma": [[0.005042360731628213, -0.003296346443899818, 0.005911072994289026], [-0.003296346443899818, 0.0054007025223704475, -0.006692515172936971], [0.005911072994289026, -0.006692515172936971, 0.01942525126778896]], "chi2_level": 0.99, "chi2_df": 3, "chi2_threshold": 11.344866730144373, "N_raw": 95, "N_roi": 95, "N_inlier": 95, "refit": true}
{"timestamp": "15:55:27.884708", "frame": 54, "mu": [-0.029661317046792854, 0.7908395404428302, 1.530523795972605], "Sigma": [[0.0016207721693274606, -0.0011027996494282538, -0.0008158068144991329], [-0.001102799649428254, 0.005862279204641137, 0.00023120161167222898], [-0.0008158068144991329, 0.00023120161167222892, 0.003896935721005761]], "chi2_level": 0.99, "chi2_df": 3, "chi2_threshold": 11.344866730144373, "N_raw": 58, "N_roi": 58, "N_inlier": 56, "refit": true}
{"timestamp": "15:55:27.938102", "frame": 55, "mu": [-0.10382268404843041, 0.8229019337520334, 1.5659801591610336], "Sigma": [[0.0014843168385712886, -0.0004982370924157146, -0.0004964195405331943], [-0.0004982370924157145, 0.001956820696360978, -0.0018181893194200338], [-0.0004964195405331943, -0.0018181893194200338, 0.0028920035047153613]], "chi2_level": 0.99, "chi2_df": 3, "chi2_threshold": 11.344866730144373, "N_raw": 51, "N_roi": 51, "N_inlier": 50, "refit": true}
{"timestamp": "15:55:27.997135", "frame": 56, "mu": [-0.14515689341909938, 0.7827522232767334, 1.5354828371375013], "Sigma": [[0.0028630809233784714, -0.003195489908899966, -0.0020399854834392034], [-0.003195489908899966, 0.007674766212443308, 0.002498059538348391], [-0.0020399854834392034, 0.0024980595383483914, 0.005740194793880076]], "chi2_level": 0.99, "chi2_df": 3, "chi2_threshold": 11.344866730144373, "N_raw": 75, "N_roi": 75, "N_inlier": 73, "refit": true}
{"timestamp": "15:55:28.054221", "frame": 57, "mu": [-0.222948294948051, 0.7930070006397314, 1.495997005073592], "Sigma": [[0.002254908412336557, -0.00031752311331007107, -4.7368451351704924e-05], [-0.00031752311331007096, 0.002543887506923417, -0.002078929001067114], [-4.736845135170495e-05, -0.0020789290010671145, 0.014301794990956844]], "chi2_level": 0.99, "chi2_df": 3, "chi2_threshold": 11.344866730144373, "N_raw": 86, "N_roi": 86, "N_inlier": 83, "refit": true}
{"timestamp": "15:55:28.109600", "frame": 58, "mu": [-0.22953606799438292, 0.8096791819218833, 1.4709792177354792], "Sigma": [[0.0026907556265146878, -0.0007847004492363003, -0.0015445830659497053], [-0.0007847004492363003, 0.002285467699177926, -0.002885482919004448], [-0.0015445830659497053, -0.0028854829190044476, 0.012342054584930632]], "chi2_level": 0.99, "chi2_df": 3, "chi2_threshold": 11.344866730144373, "N_raw": 90, "N_roi": 90, "N_inlier": 90, "refit": true}
{"timestamp": "15:55:28.159686", "frame": 59, "mu": [-0.2660114713640802, 0.7643400411467134, 1.4535748899919878], "Sigma": [[0.0014605048434875336, -0.0011345242182440878, -0.0013516422739277818], [-0.0011345242182440878, 0.0031568659817673103, -0.000794524351301394], [-0.001351642273927782, -0.0007945243513013939, 0.006069707262160693]], "chi2_level": 0.99, "chi2_df": 3, "chi2_threshold": 11.344866730144373, "N_raw": 57, "N_roi": 57, "N_inlier": 54, "refit": true}
{"timestamp": "15:55:28.215731", "frame": 60, "mu": [-0.33873714029516494, 0.7697687375483276, 1.4771677243758041], "Sigma": [[0.001755385887034084, -0.00026222025468933437, 0.0005173515493729984], [-0.00026222025468933437, 0.003393089419248983, -0.0038180483122826608], [0.0005173515493729984, -0.003818048312282661, 0.005683383507648908]], "chi2_level": 0.99, "chi2_df": 3, "chi2_threshold": 11.344866730144373, "N_raw": 66, "N_roi": 66, "N_inlier": 60, "refit": true}
{"timestamp": "15:55:28.269004", "frame": 61, "mu": [-0.4360002805911438, 0.8505440206030436, -0.2232826532622209], "Sigma": [[0.0021744163047935196, -5.8187527777373336e-05, 0.002081976552306342], [-5.818752777737342e-05, 0.004246889211510225, 0.000728334619748637], [0.002081976552306342, 0.0007283346197486371, 0.006211368659929985]], "chi2_level": 0.99, "chi2_df": 3, "chi2_threshold": 11.344866730144373, "N_raw": 51, "N_roi": 49, "N_inlier": 47, "refit": true}
{"timestamp": "15:55:28.325734", "frame": 62, "mu": [-0.4756079324972989, 0.8058724598686076, 1.5598429914663303], "Sigma": [[0.0029742754320678643, -0.0014519676266005798, -0.0002693230970318191], [-0.0014519676266005798, 0.004444565304610808, -0.0022973750352142065], [-0.0002693230970318191, -0.002297375035214207, 0.001974731829393592]], "chi2_level": 0.99, "chi2_df": 3, "chi2_threshold": 11.344866730144373, "N_raw": 70, "N_roi": 70, "N_inlier": 68, "refit": true}
{"timestamp": "15:55:28.380351", "frame": 63, "mu": [-0.5075822263342762, 0.7817715366109814, -0.4739813959899167], "Sigma": [[0.001933390311130922, -0.00015635469630160946, 0.001212967266356928], [-0.0001563546963016095, 0.00502584391747513, 0.0004397991880694715], [0.0012129672663569282, 0.00043979918806947167, 0.005359690101841371]], "chi2_level": 0.99, "chi2_df": 3, "chi2_threshold": 11.344866730144373, "N_raw": 58, "N_roi": 53, "N_inlier": 52, "refit": true}
{"timestamp": "15:55:28.435429", "frame": 64, "mu": [-0.6055260192008247, 0.7708139432539836, 1.087795031534072], "Sigma": [[0.0261628397085285, 0.011185566460170136, -0.06711916670534515], [0.011185566460170132, 0.01297291532766523, -0.0525424445163035], [-0.06711916670534512, -0.052542444516303494, 0.38953473297074553]], "chi2_level": 0.99, "chi2_df": 3, "chi2_threshold": 11.344866730144373, "N_raw": 67, "N_roi": 67, "N_inlier": 67, "refit": true}
{"timestamp": "15:55:28.498043", "frame": 65, "mu": [-0.825602315082046, 0.7216316817661401, 0.5439041490506886], "Sigma": [[0.01373096362897572, 0.003265322082150605, 0.06995032881001739], [0.0032653220821506042, 0.006658310206398074, 0.02596246726922252], [0.06995032881001739, 0.025962467269222522, 0.6388365347184576]], "chi2_level": 0.99, "chi2_df": 3, "chi2_threshold": 11.344866730144373, "N_raw": 109, "N_roi": 109, "N_inlier": 104, "refit": true}
{"timestamp": "15:55:28.554750", "frame": 66, "mu": [-0.8357283549762508, 0.7119329990532954, 1.7223195165287328], "Sigma": [[0.012949460430412339, 0.0037881487970638904, -0.007319633403075608], [0.0037881487970638904, 0.00810304256140005, -0.005569530769136454], [-0.00731963340307561, -0.005569530769136454, 0.006282985743068701]], "chi2_level": 0.99, "chi2_df": 3, "chi2_threshold": 11.344866730144373, "N_raw": 117, "N_roi": 117, "N_inlier": 113, "refit": true}
{"timestamp": "15:55:28.603758", "frame": 67, "mu": [-0.8181541989059142, 0.6826002678666088, -0.43708457517447147], "Sigma": [[0.014378792130127343, 0.012928204081803438, 0.0026343881799352426], [0.012928204081803438, 0.019462564353147128, -0.00021046918064338872], [0.0026343881799352426, -0.0002104691806433896, 0.004515385816620508]], "chi2_level": 0.99, "chi2_df": 3, "chi2_threshold": 11.344866730144373, "N_raw": 76, "N_roi": 76, "N_inlier": 72, "refit": true}
{"timestamp": "15:55:28.663760", "frame": 68, "mu": [-0.9047879700169524, 0.6972186333124322, 1.6586463349802785], "Sigma": [[0.014023468000383442, 0.0004164075824101573, -0.008348309664322063], [0.0004164075824101572, 0.005855542808870893, -0.0040146943100657796], [-0.008348309664322063, -0.0040146943100657796, 0.009462897160539092]], "chi2_level": 0.99, "chi2_df": 3, "chi2_threshold": 11.344866730144373, "N_raw": 120, "N_roi": 120, "N_inlier": 117, "refit": true}
{"timestamp": "15:55:28.717585", "frame": 69, "mu": [-0.9266366801104716, 0.735622943650237, 1.6074226461081493], "Sigma": [[0.014052228842027222, 0.0026666798443043625, -0.008689436418486185], [0.0026666798443043625, 0.008060646284204455, -0.002801791075522443], [-0.008689436418486185, -0.002801791075522444, 0.014707364146105064]], "chi2_level": 0.99, "chi2_df": 3, "chi2_threshold": 11.344866730144373, "N_raw": 108, "N_roi": 108, "N_inlier": 104, "refit": true}
{"timestamp": "15:55:28.765749", "frame": 70, "mu": [-1.0094128788485608, 0.6940089959495755, 1.630830496607071], "Sigma": [[0.011398202643901829, -0.005736689369837759, -0.01087522572900004], [-0.005736689369837759, 0.013253078825145766, 0.00824867860812534], [-0.01087522572900004, 0.00824867860812534, 0.014572846524866645]], "chi2_level": 0.99, "chi2_df": 3, "chi2_threshold": 11.344866730144373, "N_raw": 64, "N_roi": 64, "N_inlier": 62, "refit": true}
{"timestamp": "15:55:28.826633", "frame": 71, "mu": [-1.0280146849668326, 0.722763279715792, 1.566669656384754], "Sigma": [[0.01224282572462623, 0.002767590705292417, -0.005801606477673315], [0.0027675907052924177, 0.009521085922113018, -0.004242203180789779], [-0.005801606477673315, -0.004242203180789779, 0.004886312419651091]], "chi2_level": 0.99, "chi2_df": 3, "chi2_threshold": 11.344866730144373, "N_raw": 101, "N_roi": 101, "N_inlier": 99, "refit": true}
{"timestamp": "15:55:28.879634", "frame": 72, "mu": [-1.082292655605686, 0.752926550893264, 1.6128073997299464], "Sigma": [[0.015344158096977244, 0.0010170171732951036, -0.010958823873440056], [0.0010170171732951036, 0.006523081481499846, -0.00266967272640935], [-0.010958823873440056, -0.00266967272640935, 0.013716071146283764]], "chi2_level": 0.99, "chi2_df": 3, "chi2_threshold": 11.344866730144373, "N_raw": 95, "N_roi": 95, "N_inlier": 94, "refit": true}
{"timestamp": "15:55:28.936964", "frame": 73, "mu": [-1.102962799306234, 0.8734974668108542, -0.3133374204317952], "Sigma": [[0.010967775024638747, 0.008551702196921782, 0.007025905091250107], [0.008551702196921782, 0.016360865771076413, 0.0018296598401352396], [0.007025905091250106, 0.001829659840135239, 0.017356401469037122]], "chi2_level": 0.99, "chi2_df": 3, "chi2_threshold": 11.344866730144373, "N_raw": 104, "N_roi": 104, "N_inlier": 102, "refit": true}
{"timestamp": "15:55:28.992155", "frame": 74, "mu": [-1.165370394715609, 0.8489403271207141, 1.6418573501119662], "Sigma": [[0.011878359749686476, 0.0024931615502209016, -0.008844890454109296], [0.0024931615502209016, 0.012554925305383277, -0.005129638954683298], [-0.008844890454109296, -0.005129638954683298, 0.010858872330972342]], "chi2_level": 0.99, "chi2_df": 3, "chi2_threshold": 11.344866730144373, "N_raw": 101, "N_roi": 101, "N_inlier": 97, "refit": true}
{"timestamp": "15:55:29.044569", "frame": 75, "mu": [-1.1921887536893254, 0.893296949997953, 0.30104217819488094], "Sigma": [[0.01508642019693029, 0.0038698984672326433, 0.049514751828317105], [0.0038698984672326433, 0.008572448271661698, 0.022703459889139917], [0.04951475182831711, 0.022703459889139917, 0.49604058679168783]], "chi2_level": 0.99, "chi2_df": 3, "chi2_threshold": 11.344866730144373, "N_raw": 93, "N_roi": 93, "N_inlier": 93, "refit": true}
{"timestamp": "15:55:29.094494", "frame": 76, "mu": [-1.2294575655211257, 0.9140827009623762, 1.6712721751544477], "Sigma": [[0.008435306604674328, 0.00595169158512779, -0.007436112873893352], [0.00595169158512779, 0.009002485094444247, -0.010744498188070087], [-0.007436112873893352, -0.010744498188070089, 0.019721724805880532]], "chi2_level": 0.99, "chi2_df": 3, "chi2_threshold": 11.344866730144373, "N_raw": 54, "N_roi": 54, "N_inlier": 52, "refit": true}
{"timestamp": "15:55:29.151012", "frame": 77, "mu": [-1.247064992734743, 0.9829579678440261, -0.24497724623745906], "Sigma": [[0.010010862781835583, 0.00862222269989176, 0.0034874864305376105], [0.00862222269989176, 0.0186084180338882, 0.008103939433872432], [0.0034874864305376105, 0.008103939433872432, 0.008845547724495483]], "chi2_level": 0.99, "chi2_df": 3, "chi2_threshold": 11.344866730144373, "N_raw": 72, "N_roi": 72, "N_inlier": 69, "refit": true}
{"timestamp": "15:55:29.205980", "frame": 78, "mu": [-1.3004291998347122, 0.9230480297300093, 1.5511490250486157], "Sigma": [[0.011636759253389714, 0.004234435013319031, -0.007084455307155433], [0.004234435013319031, 0.008132208816498244, -0.004480245003203836], [-0.007084455307155433, -0.004480245003203836, 0.00530099079738391]], "chi2_level": 0.99, "chi2_df": 3, "chi2_threshold": 11.344866730144373, "N_raw": 70, "N_roi": 70, "N_inlier": 67, "refit": true}
{"timestamp": "15:55:29.262289", "frame": 79, "mu": [-1.3471093368561868, 0.9211541692968062, 1.5454750878082526], "Sigma": [[0.01099664773039356, 0.0026533804932642345, -0.006981162942835099], [0.002653380493264233, 0.012076134665409579, -0.0031502568056127416], [-0.006981162942835099, -0.0031502568056127416, 0.005004446332528465]], "chi2_level": 0.99, "chi2_df": 3, "chi2_threshold": 11.344866730144373, "N_raw": 76, "N_roi": 76, "N_inlier": 74, "refit": true}
{"timestamp": "15:55:29.319404", "frame": 80, "mu": [-1.3438578870432065, 0.9416425642536392, 1.478383014265364], "Sigma": [[0.011120280022493193, 0.004704404712398238, -0.004816628396412809], [0.004704404712398238, 0.016575299364832742, -0.00452154359330425], [-0.004816628396412809, -0.00452154359330425, 0.0034074293046805234]], "chi2_level": 0.99, "chi2_df": 3, "chi2_threshold": 11.344866730144373, "N_raw": 91, "N_roi": 91, "N_inlier": 88, "refit": true}
{"timestamp": "15:55:29.373757", "frame": 81, "mu": [-1.4247859468976654, 1.0088951158264639, -0.24732107189911579], "Sigma": [[0.012896495658515672, 0.008109148789045104, 0.002638126786211504], [0.008109148789045104, 0.02117762477203581, 0.00997393799937583], [0.002638126786211504, 0.009973937999375833, 0.008670943085032778]], "chi2_level": 0.99, "chi2_df": 3, "chi2_threshold": 11.344866730144373, "N_raw": 82, "N_roi": 82, "N_inlier": 81, "refit": true}
{"timestamp": "15:55:29.424641", "frame": 82, "mu": [-1.478893779595338, 0.9307259070736937, 1.5224138521786672], "Sigma": [[0.008215577040477068, -0.001805985047904824, -0.009476502696892711], [-0.001805985047904824, 0.012271642012625596, 0.0010182825011284793], [-0.009476502696892711, 0.0010182825011284796, 0.015619081541189876]], "chi2_level": 0.99, "chi2_df": 3, "chi2_threshold": 11.344866730144373, "N_raw": 54, "N_roi": 54, "N_inlier": 52, "refit": true}
{"timestamp": "15:55:29.482330", "frame": 83, "mu": [-1.494981333767914, 0.9584600031638696, 1.4519505249356979], "Sigma": [[0.011398226344405083, 0.008053805551913538, -0.004021608922156073], [0.008053805551913538, 0.01899855950465932, 0.00023985362911365478], [-0.004021608922156073, 0.00023985362911365456, 0.00426367060107041]], "chi2_level": 0.99, "chi2_df": 3, "chi2_threshold": 11.344866730144373, "N_raw": 64, "N_roi": 64, "N_inlier": 62, "refit": true}
{"timestamp": "15:55:29.536094", "frame": 84, "mu": [-1.5039826357853225, 1.0359458942772712, 1.501285762901761], "Sigma": [[0.011335052012843563, 0.004977005974730199, -0.004315456583514567], [0.004977005974730198, 0.010262259073411724, -0.005424451719126204], [-0.004315456583514567, -0.005424451719126204, 0.004235894538156111]], "chi2_level": 0.99, "chi2_df": 3, "chi2_threshold": 11.344866730144373, "N_raw": 70, "N_roi": 70, "N_inlier": 68, "refit": true}
{"timestamp": "15:55:29.591498", "frame": 85, "mu": [-1.5882646108618814, 1.1074041323455788, -0.2882675605712729], "Sigma": [[0.011001357382030905, 0.00796251841844116, 0.006864833619926878], [0.00796251841844116, 0.015592071486766354, -0.00047201457696373177], [0.006864833619926878, -0.00047201457696373166, 0.010420293882747582]], "chi2_level": 0.99, "chi2_df": 3, "chi2_threshold": 11.344866730144373, "N_raw": 70, "N_roi": 70, "N_inlier": 68, "refit": true}
{"timestamp": "15:55:29.646538", "frame": 86, "mu": [-1.6097826075311903, 1.085457997434206, 1.4425508753111869], "Sigma": [[0.011282466676370903, 0.006477180660323879, -0.009623917700412647], [0.006477180660323878, 0.015336959130011868, -0.01078969402830407], [-0.009623917700412647, -0.01078969402830407, 0.022542803560089135]], "chi2_level": 0.99, "chi2_df": 3, "chi2_threshold": 11.344866730144373, "N_raw": 66, "N_roi": 66, "N_inlier": 64, "refit": true}
{"timestamp": "15:55:29.703227", "frame": 87, "mu": [-1.607188150807255, 1.1882144304084177, 1.4639461500544206], "Sigma": [[0.014044775126031457, 0.008238692193276572, -0.006905643245976755], [0.00823869219327657, 0.01183665393259274, -0.011031060769665414], [-0.006905643245976754, -0.011031060769665412, 0.013117390918561156]], "chi2_level": 0.99, "chi2_df": 3, "chi2_threshold": 11.344866730144373, "N_raw": 84, "N_roi": 84, "N_inlier": 80, "refit": true}
{"timestamp": "15:55:29.758272", "frame": 88, "mu": [-1.609075119672594, 1.2226482114840747, 1.399298923221484], "Sigma": [[0.0263106113922889, 0.013692302427503945, -0.05180066443842038], [0.013692302427503945, 0.01812864480753792, -0.029229846321384017], [-0.05180066443842038, -0.029229846321384013, 0.14013740100444852]], "chi2_level": 0.99, "chi2_df": 3, "chi2_threshold": 11.344866730144373, "N_raw": 83, "N_roi": 83, "N_inlier": 83, "refit": true}
