{"timestamp": "15:12:34.142696", "frame": 14, "mu": [-1.9772619879567128, 4.940173143080241, 1.017523483839422], "Sigma": [[0.03427241116247441, 0.004206226726689387, -0.011019667524052899], [0.004206226726689387, 0.0019231563590964655, -0.002208611021718686], [-0.011019667524052899, -0.002208611021718685, 0.005662208325258816]], "chi2_level": 0.99, "chi2_df": 3, "chi2_threshold": 11.344866730144373, "N_raw": 40, "N_roi": 22, "N_inlier": 22, "refit": true}
{"timestamp": "15:12:34.200283", "frame": 15, "mu": [-2.003889820229496, 4.9345533563519135, 1.0935323407326425], "Sigma": [[0.03808887467627888, 0.004198152190546938, -0.0208759718617477], [0.004198152190546938, 0.0017301579664792917, -0.0032050277205380607], [-0.020875971861747705, -0.0032050277205380607, 0.015402550336562687]], "chi2_level": 0.99, "chi2_df": 3, "chi2_threshold": 11.344866730144373, "N_raw": 44, "N_roi": 21, "N_inlier": 21, "refit": true}
{"timestamp": "15:12:34.251515", "frame": 16, "mu": [-1.897387060124023, 4.936952449569756, 0.7943916641125383], "Sigma": [[0.008220954133144808, 0.0031927968465819924, -0.006445135043482264], [0.0031927968465819924, 0.004117748557395516, -0.002169762943795826], [-0.006445135043482264, -0.002169762943795826, 0.006862999353151412]], "chi2_level": 0.99, "chi2_df": 3, "chi2_threshold": 11.344866730144373, "N_raw": 17, "N_roi": 7, "N_inlier": 7, "refit": true}
{"timestamp": "15:12:34.365879", "frame": 18, "mu": [-1.8386806797184188, 4.9124227323298735, 0.926889121813958], "Sigma": [[0.05236647571207809, 0.007764081423546535, -0.029107424774482256], [0.007764081423546535, 0.003293219373044955, -0.005029887049731606], [-0.029107424774482256, -0.005029887049731606, 0.018516603532020073]], "chi2_level": 0.99, "chi2_df": 3, "chi2_threshold": 11.344866730144373, "N_raw": 48, "N_roi": 37, "N_inlier": 37, "refit": true}
{"timestamp": "15:12:34.417599", "frame": 19, "mu": [-1.8327994876523854, 4.903462629885918, 0.9797056633886682], "Sigma": [[0.027651368241539066, 0.007855023727802269, -0.012672363319215132], [0.007855023727802269, 0.0036487292392652776, -0.003736673443033564], [-0.012672363319215132, -0.003736673443033564, 0.008170881612678505]], "chi2_level": 0.99, "chi2_df": 3, "chi2_threshold": 11.344866730144373, "N_raw": 25, "N_roi": 22, "N_inlier": 22, "refit": true}
{"timestamp": "15:12:34.532378", "frame": 21, "mu": [-1.6959979895289286, 4.864307817410424, 0.8341440692333126], "Sigma": [[0.037492246382306194, 0.006142513943559057, -0.02633844700828751], [0.006142513943559057, 0.0039398443516205075, -0.008616800971347606], [-0.02633844700828751, -0.008616800971347606, 0.028008927003234676]], "chi2_level": 0.99, "chi2_df": 3, "chi2_threshold": 11.344866730144373, "N_raw": 61, "N_roi": 50, "N_inlier": 50, "refit": true}
{"timestamp": "15:12:34.589645", "frame": 22, "mu": [-1.6255382788945962, 4.810132126631135, 0.5998751890081281], "Sigma": [[0.03766872038687956, 0.00498446870082548, -0.017986299355176285], [0.00498446870082548, 0.005990319508274552, -0.0026007677271230774], [-0.01798629935517629, -0.0026007677271230774, 0.011473341939497958]], "chi2_level": 0.99, "chi2_df": 3, "chi2_threshold": 11.344866730144373, "N_raw": 65, "N_roi": 52, "N_inlier": 52, "refit": true}
{"timestamp": "15:12:34.642416", "frame": 23, "mu": [-1.6059178962640737, 4.791346204273511, 0.7145439924415713], "Sigma": [[0.03734118513699022, 0.00485028574171745, -0.023178257860291495], [0.00485028574171745, 0.0037527707778069355, -0.006312955390123152], [-0.023178257860291495, -0.006312955390123152, 0.021264411311872292]], "chi2_level": 0.99, "chi2_df": 3, "chi2_threshold": 11.344866730144373, "N_raw": 57, "N_roi": 53, "N_inlier": 52, "refit": true}
{"timestamp": "15:12:34.694913", "frame": 24, "mu": [-1.4411725674397133, 4.877288331814357, 0.7755704007931996], "Sigma": [[0.02487279946918644, 0.005780160849279053, -0.017206150532734218], [0.005780160849279053, 0.004885993170156753, -0.00372914103266099], [-0.01720615053273422, -0.00372914103266099, 0.013617314759173946]], "chi2_level": 0.99, "chi2_df": 3, "chi2_threshold": 11.344866730144373, "N_raw": 39, "N_roi": 33, "N_inlier": 33, "refit": true}
{"timestamp": "15:12:34.753230", "frame": 25, "mu": [-1.4655512356126765, 4.724601713373791, 0.6640857854521142], "Sigma": [[0.033369857514434595, 0.0037731382510872253, -0.02689108052828854], [0.0037731382510872253, 0.006011794122192198, -0.004251805767098394], [-0.02689108052828854, -0.004251805767098394, 0.02383287929677068]], "chi2_level": 0.99, "chi2_df": 3, "chi2_threshold": 11.344866730144373, "N_raw": 57, "N_roi": 55, "N_inlier": 54, "refit": true}
{"timestamp": "15:12:34.806032", "frame": 26, "mu": [-1.5389716068546948, 4.6622676151785996, 0.7833819909850411], "Sigma": [[0.034607648591005236, 0.00500061786678826, -0.01190301214967475], [0.005000617866788261, 0.004569959236906986, -0.00029178106440635836], [-0.01190301214967475, -0.00029178106440635836, 0.006285355171385332]], "chi2_level": 0.99, "chi2_df": 3, "chi2_threshold": 11.344866730144373, "N_raw": 44, "N_roi": 41, "N_inlier": 40, "refit": true}
{"timestamp": "15:12:34.861622", "frame": 27, "mu": [-1.5002754651110826, 4.634822708768758, 0.7463106768750304], "Sigma": [[0.02740043234688485, 0.002866904501752177, -0.010855972741871365], [0.002866904501752177, 0.002626464858465187, -0.004202429639477019], [-0.010855972741871365, -0.004202429639477019, 0.018063708636349086]], "chi2_level": 0.99, "chi2_df": 3, "chi2_threshold": 11.344866730144373, "N_raw": 48, "N_roi": 44, "N_inlier": 43, "refit": true}
{"timestamp": "15:12:34.917701", "frame": 28, "mu": [-1.3854769034717145, 4.6293650899345336, 0.8539269011135584], "Sigma": [[0.03854184952146297, 0.006056194124661231, -0.012522795058966635], [0.006056194124661232, 0.004653098303917067, -0.006151502491608394], [-0.012522795058966635, -0.006151502491608394, 0.011903257930900009]], "chi2_level": 0.99, "chi2_df": 3, "chi2_threshold": 11.344866730144373, "N_raw": 61, "N_roi": 58, "N_inlier": 57, "refit": true}
{"timestamp": "15:12:34.971827", "frame": 29, "mu": [-1.2773573918252064, 4.712916006968565, 0.7536234500273459], "Sigma": [[0.02888363045127585, 0.016051956967839717, -0.012524496311856564], [0.016051956967839717, 0.019176269457139156, 0.00027256042359291837], [-0.012524496311856564, 0.0002725604235929186, 0.014701125460321696]], "chi2_level": 0.99, "chi2_df": 3, "chi2_threshold": 11.344866730144373, "N_raw": 45, "N_roi": 41, "N_inlier": 41, "refit": true}
{"timestamp": "15:12:35.028029", "frame": 30, "mu": [-1.2399794655557301, 4.611852999430462, 0.6898368902310155], "Sigma": [[0.03600941688281803, 0.003607113173882969, -0.03814006921395663], [0.00360711317388297, 0.002905495479234798, -0.007074819315995451], [-0.03814006921395663, -0.007074819315995451, 0.05520890712644794]], "chi2_level": 0.99, "chi2_df": 3, "chi2_threshold": 11.344866730144373, "N_raw": 58, "N_roi": 55, "N_inlier": 54, "refit": true}
{"timestamp": "15:12:35.077849", "frame": 31, "mu": [-1.305284507398215, 4.572527837515975, 0.8055397108612459], "Sigma": [[0.019889233186846933, 0.006514144241963995, -0.009826769630295013], [0.0065141442419639935, 0.0075305891704045905, -0.001582938651897173], [-0.009826769630295013, -0.001582938651897173, 0.007378107490679414]], "chi2_level": 0.99, "chi2_df": 3, "chi2_threshold": 11.344866730144373, "N_raw": 26, "N_roi": 26, "N_inlier": 25, "refit": true}
{"timestamp": "15:12:35.130740", "frame": 32, "mu": [-1.2741495579316902, 4.50679006285536, 0.9207404930898443], "Sigma": [[0.00989932061952232, 0.0021642077439869975, 0.005136872335757296], [0.002164207743986998, 0.0025050779811715894, -0.003401295213014063], [0.005136872335757296, -0.0034012952130140633, 0.022155522368533992]], "chi2_level": 0.99, "chi2_df": 3, "chi2_threshold": 11.344866730144373, "N_raw": 12, "N_roi": 8, "N_inlier": 8, "refit": true}
{"timestamp": "15:12:35.190707", "frame": 33, "mu": [-1.0557653473169355, 4.540303654205277, 0.5152106250140289], "Sigma": [[0.025551083536627675, 0.004112226819564414, -0.03099353114249058], [0.004112226819564413, 0.0058165150521419596, -0.00808539340971312], [-0.03099353114249058, -0.00808539340971312, 0.053286548693518884]], "chi2_level": 0.99, "chi2_df": 3, "chi2_threshold": 11.344866730144373, "N_raw": 42, "N_roi": 38, "N_inlier": 38, "refit": true}
{"timestamp": "15:12:35.245521", "frame": 34, "mu": [-0.9617267068410367, 4.522153424591765, 0.3505291981331888], "Sigma": [[0.029565102994151188, -0.006393992603991431, -0.03349348142463665], [-0.006393992603991433, 0.00561332987222063, 0.007637919383109659], [-0.03349348142463665, 0.007637919383109659, 0.04347418112099339]], "chi2_level": 0.99, "chi2_df": 3, "chi2_threshold": 11.344866730144373, "N_raw": 44, "N_roi": 40, "N_inlier": 37, "refit": true}
{"timestamp": "15:12:35.302579", "frame": 35, "mu": [-1.0214913434387343, 4.47165127575284, 0.8619222517293446], "Sigma": [[0.024872083466368454, 0.0026179627341227415, -0.021003850870040565], [0.0026179627341227415, 0.001831288061896149, -0.00844693412998854], [-0.021003850870040565, -0.00844693412998854, 0.06477150307712119]], "chi2_level": 0.99, "chi2_df": 3, "chi2_threshold": 11.344866730144373, "N_raw": 60, "N_roi": 55, "N_inlier": 55, "refit": true}
{"timestamp": "15:12:35.359983", "frame": 36, "mu": [-0.954826309706918, 4.39835925483726, 0.7587470804899185], "Sigma": [[0.02367197527566064, 0.0013453223093128582, -0.01676695766203434], [0.0013453223093128582, 0.004705414172097913, -0.007479624502661104], [-0.01676695766203434, -0.007479624502661104, 0.025143511750865342]], "chi2_level": 0.99, "chi2_df": 3, "chi2_threshold": 11.344866730144373, "N_raw": 68, "N_roi": 62, "N_inlier": 59, "refit": true}
{"timestamp": "15:12:35.412032", "frame": 37, "mu": [-0.9827414169406385, 4.3857362389780405, 0.8783711688714531], "Sigma": [[0.02565814193059284, 0.005013696696899947, -0.017695279840294426], [0.005013696696899949, 0.0034802632442975253, -0.008111742927448012], [-0.017695279840294426, -0.008111742927448012, 0.02398224618220827]], "chi2_level": 0.99, "chi2_df": 3, "chi2_threshold": 11.344866730144373, "N_raw": 50, "N_roi": 48, "N_inlier": 48, "refit": true}
{"timestamp": "15:12:35.465107", "frame": 38, "mu": [-0.8626559514560241, 4.2990875716965125, 0.6307989298315573], "Sigma": [[0.01285689924813096, 0.0008304312958217504, -0.002178361942765724], [0.0008304312958217505, 0.0024067072810434334, -0.01051412920514222], [-0.002178361942765725, -0.01051412920514222, 0.11130249291169181]], "chi2_level": 0.99, "chi2_df": 3, "chi2_threshold": 11.344866730144373, "N_raw": 34, "N_roi": 30, "N_inlier": 29, "refit": true}
{"timestamp": "15:12:35.522781", "frame": 39, "mu": [-0.8299149644990527, 4.294042468668347, 0.7604412090776989], "Sigma": [[0.020823090228754938, 0.0012929138634695334, -0.0075995063490234445], [0.0012929138634695336, 0.0030863198755125987, -0.0018874962181918383], [-0.0075995063490234445, -0.0018874962181918383, 0.010106236394195835]], "chi2_level": 0.99, "chi2_df": 3, "chi2_threshold": 11.344866730144373, "N_raw": 59, "N_roi": 38, "N_inlier": 35, "refit": true}
{"timestamp": "15:12:35.577508", "frame": 40, "mu": [-0.6849335510478183, 4.327224740094222, 0.5503781908001564], "Sigma": [[0.020602126263906454, 0.01727529454140006, 0.012744393669343993], [0.01727529454140006, 0.025102773849335472, 0.03419571408228206], [0.012744393669343997, 0.03419571408228206, 0.1898051437031962]], "chi2_level": 0.99, "chi2_df": 3, "chi2_threshold": 11.344866730144373, "N_raw": 47, "N_roi": 24, "N_inlier": 24, "refit": true}
{"timestamp": "15:12:35.635064", "frame": 41, "mu": [-0.7356347291770253, 4.274228337383915, 0.7398525044059348], "Sigma": [[0.025411169065818875, 0.007582957972693319, -0.00551740095965771], [0.007582957972693318, 0.009959671084178891, 0.0013809238889102315], [-0.00551740095965771, 0.0013809238889102315, 0.005217965413310018]], "chi2_level": 0.99, "chi2_df": 3, "chi2_threshold": 11.344866730144373, "N_raw": 70, "N_roi": 46, "N_inlier": 45, "refit": true}
{"timestamp": "15:12:35.692240", "frame": 42, "mu": [-0.6904169920336232, 4.213809054350786, 0.760874114172628], "Sigma": [[0.0436349458976273, 0.013780333718532265, -0.010244535767796768], [0.013780333718532265, 0.015512420071457683, 0.00013641645860352111], [-0.010244535767796768, 0.00013641645860352114, 0.0100977154941436]], "chi2_level": 0.99, "chi2_df": 3, "chi2_threshold": 11.344866730144373, "N_raw": 85, "N_roi": 82, "N_inlier": 80, "refit": true}
{"timestamp": "15:12:35.749492", "frame": 43, "mu": [-0.5514475743831373, 4.258341727752681, 0.8105116379393336], "Sigma": [[0.032381800858288554, 0.011941564423248278, -0.0072437441713741925], [0.011941564423248277, 0.020579330570813806, -0.003905065129821946], [-0.0072437441713741925, -0.0039050651298219463, 0.013455696629789576]], "chi2_level": 0.99, "chi2_df": 3, "chi2_threshold": 11.344866730144373, "N_raw": 100, "N_roi": 91, "N_inlier": 88, "refit": true}
{"timestamp": "15:12:35.802533", "frame": 44, "mu": [-0.664574432178237, 4.066332535726825, 0.6301123377633823], "Sigma": [[0.03560858946074201, 0.006893947132020115, -0.02316057589017404], [0.006893947132020115, 0.008622336483532016, -0.0029760602269057065], [-0.02316057589017404, -0.0029760602269057065, 0.020567342208927895]], "chi2_level": 0.99, "chi2_df": 3, "chi2_threshold": 11.344866730144373, "N_raw": 82, "N_roi": 62, "N_inlier": 61, "refit": true}
{"timestamp": "15:12:35.854974", "frame": 45, "mu": [-0.51713731733698, 4.170540784737805, 0.729565204380383], "Sigma": [[0.03009585652112002, 0.016245734687448377, 0.0026632344168989242], [0.016245734687448377, 0.029120569294408306, 0.019638539013965256], [0.002663234416898924, 0.019638539013965256, 0.02297844241839226]], "chi2_level": 0.99, "chi2_df": 3, "chi2_threshold": 11.344866730144373, "N_raw": 62, "N_roi": 57, "N_inlier": 55, "refit": true}
{"timestamp": "15:12:35.908714", "frame": 46, "mu": [-0.4726483410119113, 4.135435434517075, 0.7433264208763547], "Sigma": [[0.026028797873944673, 0.010830421287091736, 0.0019231267021369205], [0.010830421287091734, 0.020982859727906804, -0.0014751163448267863], [0.0019231267021369203, -0.0014751163448267863, 0.0399355859890549]], "chi2_level": 0.99, "chi2_df": 3, "chi2_threshold": 11.344866730144373, "N_raw": 66, "N_roi": 60, "N_inlier": 59, "refit": true}
{"timestamp": "15:12:35.959729", "frame": 47, "mu": [-0.44069797950913386, 4.0208690349899046, 0.857301351190831], "Sigma": [[0.013411446404710656, 0.009170091665658082, 0.012510090322009509], [0.009170091665658082, 0.01714513682098284, 0.0003338583670086843], [0.012510090322009509, 0.00033385836700868465, 0.03757170641387459]], "chi2_level": 0.99, "chi2_df": 3, "chi2_threshold": 11.344866730144373, "N_raw": 36, "N_roi": 33, "N_inlier": 33, "refit": true}
{"timestamp": "15:12:36.020597", "frame": 48, "mu": [-0.4663571616239403, 3.944610779250117, 0.908661088329047], "Sigma": [[0.03139469743168658, 0.0077390247556615235, -0.0004321144156439445], [0.0077390247556615235, 0.01412824943788727, 0.0020214689174784524], [-0.0004321144156439444, 0.0020214689174784524, 0.010315668189662983]], "chi2_level": 0.99, "chi2_df": 3, "chi2_threshold": 11.344866730144373, "N_raw": 81, "N_roi": 79, "N_inlier": 79, "refit": true}
{"timestamp": "15:12:36.075164", "frame": 49, "mu": [-0.36230882080528287, 3.9144090285894184, 1.0457818666904166], "Sigma": [[0.026835820099229184, 0.007200477966698045, 0.016669191001402517], [0.007200477966698045, 0.00804548066099309, 0.0004360228627165155], [0.016669191001402517, 0.0004360228627165159, 0.02181357765855645]], "chi2_level": 0.99, "chi2_df": 3, "chi2_threshold": 11.344866730144373, "N_raw": 74, "N_roi": 71, "N_inlier": 70, "refit": true}
{"timestamp": "15:12:36.126788", "frame": 50, "mu": [-0.39268308157956716, 3.809751211171214, 0.8049930761043039], "Sigma": [[0.028961833571963802, 0.011319708489513813, 0.0030751183900380157], [0.011319708489513814, 0.010970665755878546, -0.000403215134969055], [0.0030751183900380157, -0.00040321513496905466, 0.004068705345799954]], "chi2_level": 0.99, "chi2_df": 3, "chi2_threshold": 11.344866730144373, "N_raw": 53, "N_roi": 51, "N_inlier": 50, "refit": true}
{"timestamp": "15:12:36.189580", "frame": 51, "mu": [-0.33572030861365004, 3.796717402261566, 0.7735193596727495], "Sigma": [[0.029717087933351864, 0.008170972220751032, -0.018182679988761243], [0.008170972220751032, 0.015074287637262129, -0.011891687262099802], [-0.018182679988761247, -0.011891687262099802, 0.019101702382976017]], "chi2_level": 0.99, "chi2_df": 3, "chi2_threshold": 11.344866730144373, "N_raw": 98, "N_roi": 96, "N_inlier": 95, "refit": true}
{"timestamp": "15:12:36.243756", "frame": 52, "mu": [-0.27247505855134047, 3.802181441923543, 1.0351312553879382], "Sigma": [[0.03196781180309514, 0.005859850024970374, -0.006646792759606734], [0.005859850024970373, 0.006712157282977455, -0.00897411548730208], [-0.006646792759606735, -0.00897411548730208, 0.04142681802425096]], "chi2_level": 0.99, "chi2_df": 3, "chi2_threshold": 11.344866730144373, "N_raw": 94, "N_roi": 94, "N_inlier": 90, "refit": true}
{"timestamp": "15:12:36.298921", "frame": 53, "mu": [-0.25551659621901723, 3.733354252868119, 0.8891650978684049], "Sigma": [[0.028744537536583327, 0.007328038295356922, -0.01209493308644394], [0.007328038295356923, 0.011900457178237124, -0.005842694695839702], [-0.01209493308644394, -0.005842694695839701, 0.008266294261932336]], "chi2_level": 0.99, "chi2_df": 3, "chi2_threshold": 11.344866730144373, "N_raw": 96, "N_roi": 95, "N_inlier": 92, "refit": true}
{"timestamp": "15:12:36.355016", "frame": 54, "mu": [-0.20686563931752952, 3.6946912250090884, 0.8876671075294937], "Sigma": [[0.03456025414316356, 0.009504024818673974, -0.01998422009288016], [0.009504024818673974, 0.013894166813492757, -0.0074379011663236495], [-0.01998422009288016, -0.0074379011663236495, 0.018440090320023916]], "chi2_level": 0.99, "chi2_df": 3, "chi2_threshold": 11.344866730144373, "N_raw": 104, "N_roi": 104, "N_inlier": 101, "refit": true}
{"timestamp": "15:12:36.406527", "frame": 55, "mu": [-0.1721700744534509, 3.638401838099853, 0.9567083465411347], "Sigma": [[0.026948856045699753, 0.004257451560504829, -0.006182161212458588], [0.004257451560504829, 0.010050943218678743, 0.0024066945362604224], [-0.0061821612124585874, 0.0024066945362604224, 0.006425632942723668]], "chi2_level": 0.99, "chi2_df": 3, "chi2_threshold": 11.344866730144373, "N_raw": 77, "N_roi": 76, "N_inlier": 73, "refit": true}
{"timestamp": "15:12:36.459132", "frame": 56, "mu": [-0.13299288700019857, 3.679899072292787, 1.1669533639592706], "Sigma": [[0.02156203006767049, 0.0011806617302462163, -0.010280795564045818], [0.0011806617302462163, 0.004963195142967425, -0.0025352637192211803], [-0.01028079556404582, -0.0025352637192211803, 0.009534001084094844]], "chi2_level": 0.99, "chi2_df": 3, "chi2_threshold": 11.344866730144373, "N_raw": 64, "N_roi": 62, "N_inlier": 59, "refit": true}
{"timestamp": "15:12:36.514691", "frame": 57, "mu": [-0.07889243137015364, 3.5377118284417275, 1.0775521123354312], "Sigma": [[0.02169185303267072, -0.0027631359281689045, -0.013816740879136676], [-0.002763135928168904, 0.003772076551125993, -0.004510167887160863], [-0.013816740879136674, -0.004510167887160863, 0.023276116249526232]], "chi2_level": 0.99, "chi2_df": 3, "chi2_threshold": 11.344866730144373, "N_raw": 72, "N_roi": 72, "N_inlier": 68, "refit": true}
{"timestamp": "15:12:36.566126", "frame": 58, "mu": [0.06134834659070906, 3.5072505772068348, 1.1854873185359214], "Sigma": [[0.01768268131664974, 0.0038218765070705293, 0.015743798702691388], [0.003821876507070529, 0.0029716916450046255, 0.001609750643839631], [0.015743798702691388, 0.0016097506438396314, 0.01918921742601949]], "chi2_level": 0.99, "chi2_df": 3, "chi2_threshold": 11.344866730144373, "N_raw": 45, "N_roi": 43, "N_inlier": 41, "refit": true}
{"timestamp": "15:12:36.620138", "frame": 59, "mu": [0.14748466434136231, 3.498072321994751, 0.7737943386271602], "Sigma": [[0.0017329013591377296, 0.0003089184153416273, 0.014919377740543218], [0.00030891841534162734, 0.0025475019868908353, -0.011802196732488737], [0.014919377740543218, -0.01180219673248874, 0.457321607100361]], "chi2_level": 0.99, "chi2_df": 3, "chi2_threshold": 11.344866730144373, "N_raw": 8, "N_roi": 8, "N_inlier": 8, "refit": true}
{"timestamp": "15:12:36.680774", "frame": 60, "mu": [0.20298048552890408, 3.514231649685213, 1.0320681783959393], "Sigma": [[0.02425549670677691, 0.0035277380659317504, -0.01849202961148861], [0.0035277380659317504, 0.006360098531685939, -0.012057159433289432], [-0.018492029611488617, -0.012057159433289432, 0.03692891010808708]], "chi2_level": 0.99, "chi2_df": 3, "chi2_threshold": 11.344866730144373, "N_raw": 90, "N_roi": 90, "N_inlier": 89, "refit": true}
{"timestamp": "15:12:36.739360", "frame": 61, "mu": [0.18042626346112464, 3.4380223046949774, 1.0546090818334157], "Sigma": [[0.02334800379647315, 0.0009068241903109004, -0.010530545036511182], [0.0009068241903109002, 0.005264962189805234, -0.009571608130122184], [-0.010530545036511182, -0.009571608130122183, 0.027625022376612195]], "chi2_level": 0.99, "chi2_df": 3, "chi2_threshold": 11.344866730144373, "N_raw": 90, "N_roi": 87, "N_inlier": 84, "refit": true}
{"timestamp": "15:12:36.789428", "frame": 62, "mu": [0.2007852386163213, 3.382632950256745, 0.9683963328760297], "Sigma": [[0.019720000183713816, 0.0052096122544713006, -0.007547318060443857], [0.0052096122544713006, 0.008989704778033457, -0.0049479129194915684], [-0.007547318060443856, -0.0049479129194915684, 0.0265903218023638]], "chi2_level": 0.99, "chi2_df": 3, "chi2_threshold": 11.344866730144373, "N_raw": 64, "N_roi": 62, "N_inlier": 60, "refit": true}
{"timestamp": "15:12:36.844206", "frame": 63, "mu": [0.24698271146988515, 3.3650418896480474, 1.030809327017393], "Sigma": [[0.01902184665172833, 0.001468331101214155, 0.005955935397003917], [0.001468331101214155, 0.0025386283149458518, -0.00352305677672777], [0.005955935397003917, -0.0035230567767277703, 0.014920375512497436]], "chi2_level": 0.99, "chi2_df": 3, "chi2_threshold": 11.344866730144373, "N_raw": 63, "N_roi": 59, "N_inlier": 56, "refit": true}
{"timestamp": "15:12:36.903260", "frame": 64, "mu": [0.4139128773166189, 3.3610595744577276, 0.81140346005256], "Sigma": [[0.04562886019031874, 0.01697183238384013, -0.0024758158950028237], [0.016971832383840132, 0.014416242584023098, 0.0018759215542370014], [-0.0024758158950028237, 0.001875921554237001, 0.00594411308992903]], "chi2_level": 0.99, "chi2_df": 3, "chi2_threshold": 11.344866730144373, "N_raw": 93, "N_roi": 89, "N_inlier": 88, "refit": true}
{"timestamp": "15:12:36.956895", "frame": 65, "mu": [0.3904027151971533, 3.281600571457094, 0.9268432226658421], "Sigma": [[0.02077219824524435, -0.003169320080844827, -0.0077521419096627745], [-0.003169320080844828, 0.004984621886443788, -0.004039448405627611], [-0.007752141909662775, -0.004039448405627611, 0.020530560220827627]], "chi2_level": 0.99, "chi2_df": 3, "chi2_threshold": 11.344866730144373, "N_raw": 79, "N_roi": 76, "N_inlier": 72, "refit": true}
{"timestamp": "15:12:37.006223", "frame": 66, "mu": [0.4444733828421682, 3.3542504201556804, -0.309892161458848], "Sigma": [[0.009667011483141821, 0.0010160222645363118, -0.00930544915044382], [0.0010160222645363118, 0.0034305506165431604, -0.007694858093248599], [-0.00930544915044382, -0.007694858093248599, 0.02798400859343229]], "chi2_level": 0.99, "chi2_df": 3, "chi2_threshold": 11.344866730144373, "N_raw": 39, "N_roi": 33, "N_inlier": 29, "refit": true}
{"timestamp": "15:12:37.061344", "frame": 67, "mu": [0.39724241222388634, 3.170035133634604, 0.7160221836444053], "Sigma": [[0.011326240553233233, 0.003924981845290224, -0.02116733513095003], [0.003924981845290226, 0.00961639063564052, -0.03380099506205493], [-0.02116733513095003, -0.033800995062054924, 0.13149942610735335]], "chi2_level": 0.99, "chi2_df": 3, "chi2_threshold": 11.344866730144373, "N_raw": 47, "N_roi": 40, "N_inlier": 38, "refit": true}
{"timestamp": "15:12:37.118846", "frame": 68, "mu": [0.49245128775175107, 3.0333380538491785, 0.7684624222878389], "Sigma": [[0.01864404218180866, -0.00213861195575899, -0.005712723022942848], [-0.00213861195575899, 0.002591346566871576, -0.0028061950683338555], [-0.005712723022942848, -0.002806195068333856, 0.011278545363036458]], "chi2_level": 0.99, "chi2_df": 3, "chi2_threshold": 11.344866730144373, "N_raw": 66, "N_roi": 64, "N_inlier": 61, "refit": true}
{"timestamp": "15:12:37.169599", "frame": 69, "mu": [0.5297499928632787, 2.975781771921992, 0.9260241533984461], "Sigma": [[0.009743198302734365, -0.0007188599126609507, 0.00522411815186845], [-0.0007188599126609507, 0.004120538174496963, 0.0167693572515049], [0.005224118151868449, 0.016769357251504902, 0.10917319059039884]], "chi2_level": 0.99, "chi2_df": 3, "chi2_threshold": 11.344866730144373, "N_raw": 38, "N_roi": 35, "N_inlier": 35, "refit": true}
{"timestamp": "15:12:37.228680", "frame": 70, "mu": [0.602444400242698, 3.00661103459865, 1.0440734698101322], "Sigma": [[0.013833421466696305, 0.0017878093134591792, 0.010305249980967924], [0.0017878093134591792, 0.004401204276031342, -0.002003661570189311], [0.010305249980967924, -0.0020036615701893115, 0.03542126246840385]], "chi2_level": 0.99, "chi2_df": 3, "chi2_threshold": 11.344866730144373, "N_raw": 66, "N_roi": 63, "N_inlier": 63, "refit": true}
{"timestamp": "15:12:37.283710", "frame": 71, "mu": [0.6652002174979251, 2.9358368734337508, 0.9625190112580237], "Sigma": [[0.015513303950570633, -0.0008155608071562048, -0.0004811377980643294], [-0.0008155608071562048, 0.0026245244547115493, -0.0029092747973349002], [-0.00048113779806432944, -0.0029092747973349002, 0.008799172804130647]], "chi2_level": 0.99, "chi2_df": 3, "chi2_threshold": 11.344866730144373, "N_raw": 58, "N_roi": 58, "N_inlier": 55, "refit": true}
{"timestamp": "15:12:37.339442", "frame": 72, "mu": [0.6961398077350789, 2.9396993825822597, 1.0955171809969475], "Sigma": [[0.015938694034180047, -0.00021098244457309646, -0.0011399220330524345], [-0.00021098244457309646, 0.005696998379557929, -0.002377165127513469], [-0.0011399220330524347, -0.002377165127513469, 0.007250442518677896]], "chi2_level": 0.99, "chi2_df": 3, "chi2_threshold": 11.344866730144373, "N_raw": 69, "N_roi": 69, "N_inlier": 67, "refit": true}
{"timestamp": "15:12:37.391919", "frame": 73, "mu": [0.67543117117222, 2.9824075794891263, -0.33655732964975194], "Sigma": [[0.013739980227908646, -0.0011685358133437143, -0.003829146644985308], [-0.0011685358133437145, 0.003933276366635465, -0.002506132927811871], [-0.0038291466449853085, -0.002506132927811871, 0.0038357924256363584]], "chi2_level": 0.99, "chi2_df": 3, "chi2_threshold": 11.344866730144373, "N_raw": 54, "N_roi": 53, "N_inlier": 50, "refit": true}
{"timestamp": "15:12:37.447053", "frame": 74, "mu": [0.7736411500900983, 2.861621209009733, 1.1932399767511905], "Sigma": [[0.010657899663655724, 6.911578229199748e-05, 0.0026421870300271126], [6.911578229199748e-05, 0.009277276799069588, 0.008175604383561397], [0.0026421870300271126, 0.008175604383561397, 0.010911760577160257]], "chi2_level": 0.99, "chi2_df": 3, "chi2_threshold": 11.344866730144373, "N_raw": 52, "N_roi": 50, "N_inlier": 47, "refit": true}
{"timestamp": "15:12:37.500633", "frame": 75, "mu": [0.750385404626288, 2.8043744754897633, 1.136362364467733], "Sigma": [[0.010747654958763736, -0.0031149218054449105, -0.004415145016478718], [-0.0031149218054449105, 0.0025423726422434774, -0.001194407093804105], [-0.004415145016478718, -0.0011944070938041049, 0.007590903615896688]], "chi2_level": 0.99, "chi2_df": 3, "chi2_threshold": 11.344866730144373, "N_raw": 44, "N_roi": 42, "N_inlier": 39, "refit": true}
{"timestamp": "15:12:37.551536", "frame": 76, "mu": [0.9093930334880731, 2.7854614355724787, 1.1567859909016296], "Sigma": [[0.005105460559664613, 0.003503901255147282, -0.002366455521348468], [0.003503901255147282, 0.004982650649681971, 0.0024391689471573237], [-0.0023664555213484687, 0.0024391689471573237, 0.0865730713556733]], "chi2_level": 0.99, "chi2_df": 3, "chi2_threshold": 11.344866730144373, "N_raw": 16, "N_roi": 14, "N_inlier": 13, "refit": true}
{"timestamp": "15:12:37.614532", "frame": 77, "mu": [0.9276678124633568, 2.755332947935209, 1.1697081650157197], "Sigma": [[0.017230602054103948, -0.001354373911127083, -0.004536774190231629], [-0.001354373911127083, 0.006716601064987723, -0.0007071817984352622], [-0.004536774190231629, -0.000707181798435262, 0.0033022022302778885]], "chi2_level": 0.99, "chi2_df": 3, "chi2_threshold": 11.344866730144373, "N_raw": 73, "N_roi": 70, "N_inlier": 64, "refit": true}
{"timestamp": "15:12:37.663201", "frame": 78, "mu": [0.9871997824864932, 2.9125118932319274, -0.5043826879143627], "Sigma": [[0.009213416462905934, 0.004352307589776855, -0.03034239015850016], [0.004352307589776855, 0.01554486345345815, -0.05487667837518677], [-0.03034239015850016, -0.05487667837518677, 0.2335313845156828]], "chi2_level": 0.99, "chi2_df": 3, "chi2_threshold": 11.344866730144373, "N_raw": 20, "N_roi": 18, "N_inlier": 17, "refit": true}
{"timestamp": "15:12:37.723304", "frame": 79, "mu": [1.0334019184702259, 2.615611430099144, 1.1570439894668334], "Sigma": [[0.015323962478704656, -0.0042612154455808834, -0.003794328918503939], [-0.0042612154455808834, 0.00332793789396168, -0.0029915695137069692], [-0.003794328918503939, -0.0029915695137069692, 0.013296545459376816]], "chi2_level": 0.99, "chi2_df": 3, "chi2_threshold": 11.344866730144373, "N_raw": 65, "N_roi": 61, "N_inlier": 58, "refit": true}
{"timestamp": "15:12:37.775631", "frame": 80, "mu": [1.0812759002143668, 2.610261907296344, 1.2667885377111676], "Sigma": [[0.012309439343312214, -0.0021460062048078397, -0.005395062610471513], [-0.0021460062048078397, 0.0024902078685902834, -0.00023367125962762503], [-0.005395062610471513, -0.00023367125962762514, 0.04022176983355946]], "chi2_level": 0.99, "chi2_df": 3, "chi2_threshold": 11.344866730144373, "N_raw": 43, "N_roi": 42, "N_inlier": 40, "refit": true}
{"timestamp": "15:12:37.831210", "frame": 81, "mu": [1.1796261234705556, 2.5683121112446483, -0.7703489540813577], "Sigma": [[0.008520032253943361, -0.0016106841928235378, -0.007499700613212526], [-0.001610684192823538, 0.0023182927583325495, -0.0016120657457679183], [-0.007499700613212526, -0.0016120657457679185, 0.016935243408909024]], "chi2_level": 0.99, "chi2_df": 3, "chi2_threshold": 11.344866730144373, "N_raw": 44, "N_roi": 40, "N_inlier": 37, "refit": true}
{"timestamp": "15:12:37.886607", "frame": 82, "mu": [1.2155530904456722, 2.5594149177337897, 1.2879574908315399], "Sigma": [[0.015414383509391385, -0.006614939752942509, -0.016183863811584563], [-0.006614939752942507, 0.0042341923348163816, 0.005523016387487233], [-0.016183863811584563, 0.005523016387487233, 0.04260279669398194]], "chi2_level": 0.99, "chi2_df": 3, "chi2_threshold": 11.344866730144373, "N_raw": 52, "N_roi": 52, "N_inlier": 50, "refit": true}
{"timestamp": "15:12:37.938047", "frame": 83, "mu": [1.2455676887136926, 2.591537075644543, 0.034101550897439895], "Sigma": [[0.006224952350780015, -0.00043576177028560137, -0.013150377202544744], [-0.0004357617702856015, 0.002564744068753921, -0.005779556897757167], [-0.013150377202544746, -0.005779556897757167, 0.04994819002190104]], "chi2_level": 0.99, "chi2_df": 3, "chi2_threshold": 11.344866730144373, "N_raw": 25, "N_roi": 21, "N_inlier": 19, "refit": true}
{"timestamp": "15:12:37.990431", "frame": 84, "mu": [1.273403554644546, 2.437971125807041, 1.1640915664868299], "Sigma": [[0.0006124436734607469, -0.0002803531901696949, -0.0016907315572136478], [-0.0002803531901696949, 0.00039504568139617035, 0.005033621679157667], [-0.0016907315572136483, 0.005033621679157667, 0.0961024295801865]], "chi2_level": 0.99, "chi2_df": 3, "chi2_threshold": 11.344866730144373, "N_raw": 11, "N_roi": 8, "N_inlier": 7, "refit": true}
{"timestamp": "15:12:38.044778", "frame": 85, "mu": [1.373362803411029, 2.3265261746963364, 0.4698122018835328], "Sigma": [[0.0244212517620443, -0.012854206543415077, -0.05624440398885232], [-0.012854206543415077, 0.024386395113444738, 0.01917638174180847], [-0.05624440398885232, 0.019176381741808468, 0.2295606903519747]], "chi2_level": 0.99, "chi2_df": 3, "chi2_threshold": 11.344866730144373, "N_raw": 12, "N_roi": 11, "N_inlier": 11, "refit": true}
{"timestamp": "15:12:38.103835", "frame": 86, "mu": [1.2722331120977914, 2.4037134354550367, 1.0992029930208957], "Sigma": [[0.007501367475622934, -0.003810102719917925, -0.014651963564487827], [-0.003810102719917925, 0.004756664426209212, -3.164733039450092e-05], [-0.014651963564487825, -3.1647330394502654e-05, 0.21876299357297402]], "chi2_level": 0.99, "chi2_df": 3, "chi2_threshold": 11.344866730144373, "N_raw": 29, "N_roi": 28, "N_inlier": 27, "refit": true}
{"timestamp": "15:12:38.159766", "frame": 87, "mu": [1.3176638713479065, 2.3164540693707507, 1.1829126526914298], "Sigma": [[0.009564996314424623, -0.004956530018649264, -0.005071215145416654], [-0.004956530018649264, 0.00346515643021231, 0.0004678984455361833], [-0.005071215145416654, 0.0004678984455361836, 0.01748862957656696]], "chi2_level": 0.99, "chi2_df": 3, "chi2_threshold": 11.344866730144373, "N_raw": 40, "N_roi": 40, "N_inlier": 37, "refit": true}
{"timestamp": "15:12:38.220080", "frame": 88, "mu": [1.3733103895319032, 2.2565426612069657, 0.9606914626826155], "Sigma": [[0.01586689949098355, -0.007958569282380219, -0.010379973922602278], [-0.007958569282380219, 0.008243318099839575, 0.0010706595497692083], [-0.010379973922602278, 0.0010706595497692083, 0.015543244266608944]], "chi2_level": 0.99, "chi2_df": 3, "chi2_threshold": 11.344866730144373, "N_raw": 73, "N_roi": 71, "N_inlier": 67, "refit": true}
{"timestamp": "15:12:38.268875", "frame": 89, "mu": [1.422137570607922, 2.1736590954604527, 0.9565109531771794], "Sigma": [[0.007499031776443247, -0.0035220403077159436, -0.0028564631342975866], [-0.0035220403077159436, 0.0024358541217730395, 0.0005690630312363442], [-0.002856463134297587, 0.0005690630312363442, 0.008950101436423987]], "chi2_level": 0.99, "chi2_df": 3, "chi2_threshold": 11.344866730144373, "N_raw": 27, "N_roi": 27, "N_inlier": 25, "refit": true}
{"timestamp": "15:12:38.319905", "frame": 90, "mu": [1.415516497999266, 2.210990931601089, 1.2355006222403906], "Sigma": [[0.005725264222021503, 0.0012965340223003272, 0.0025436273072677977], [0.0012965340223003272, 0.0035791362222763173, 0.007903046006498908], [0.0025436273072677977, 0.007903046006498908, 0.03996185450194906]], "chi2_level": 0.99, "chi2_df": 3, "chi2_threshold": 11.344866730144373, "N_raw": 12, "N_roi": 12, "N_inlier": 11, "refit": true}
{"timestamp": "15:12:38.374317", "frame": 91, "mu": [1.4766981272474482, 2.313025490163934, -0.1509586752382753], "Sigma": [[0.003962236867919681, 0.004378118644118469, -0.004117509825011453], [0.00437811864411847, 0.004980878761356875, -0.0042417509589706545], [-0.004117509825011453, -0.0042417509589706545, 0.007531935256843164]], "chi2_level": 0.99, "chi2_df": 3, "chi2_threshold": 11.344866730144373, "N_raw": 6, "N_roi": 6, "N_inlier": 6, "refit": true}
{"timestamp": "15:12:38.429972", "frame": 92, "mu": [1.509711443462232, 2.181736421414454, 1.4000861629968233], "Sigma": [[0.005435235864062761, 0.0016691933968228864, 0.008729023029053507], [0.0016691933968228864, 0.00152018554993795, 0.004100205239986559], [0.008729023029053507, 0.004100205239986559, 0.043757419444456255]], "chi2_level": 0.99, "chi2_df": 3, "chi2_threshold": 11.344866730144373, "N_raw": 15, "N_roi": 15, "N_inlier": 15, "refit": true}
{"timestamp": "15:12:38.484504", "frame": 93, "mu": [1.5250238044892659, 2.0892944636791553, 1.1243870067034238], "Sigma": [[0.005223695820966326, 0.003708360144871651, -0.0008922807739750139], [0.003708360144871651, 0.0032573164375969284, 0.0002661681023556613], [-0.0008922807739750139, 0.0002661681023556613, 0.0014600156215396536]], "chi2_level": 0.99, "chi2_df": 3, "chi2_threshold": 11.344866730144373, "N_raw": 5, "N_roi": 5, "N_inlier": 5, "refit": true}
{"timestamp": "15:12:38.540329", "frame": 94, "mu": [1.5051061463297988, 2.0946551220654333, 1.2397673865932008], "Sigma": [[0.005588736816534782, 0.003013080175299357, 0.003532001668102345], [0.003013080175299357, 0.005277738679540507, 0.003329302542705818], [0.003532001668102345, 0.003329302542705818, 0.0032294871914681205]], "chi2_level": 0.99, "chi2_df": 3, "chi2_threshold": 11.344866730144373, "N_raw": 10, "N_roi": 10, "N_inlier": 9, "refit": true}
{"timestamp": "15:12:38.594323", "frame": 95, "mu": [1.540578625780362, 2.0508249973590185, 1.316507313953162], "Sigma": [[0.002945011941752472, -0.0011824959930743623, 0.0004907965823447892], [-0.0011824959930743623, 0.0022695413859123163, 0.0008418931657448017], [0.0004907965823447892, 0.0008418931657448017, 0.0009304566346599179]], "chi2_level": 0.99, "chi2_df": 3, "chi2_threshold": 11.344866730144373, "N_raw": 9, "N_roi": 9, "N_inlier": 9, "refit": true}
{"timestamp": "15:12:38.759184", "frame": 98, "mu": [1.4165182740188031, 1.7261891042990969, 1.3400782438547147], "Sigma": [[0.40751971524320524, 0.4390216190491214, -0.10950785735636505], [0.4390216190491214, 0.4994468819004274, -0.1410860330249097], [-0.10950785735636505, -0.14108603302490969, 0.05357590333104073]], "chi2_level": 0.99, "chi2_df": 3, "chi2_threshold": 11.344866730144373, "N_raw": 6, "N_roi": 6, "N_inlier": 6, "refit": true}
{"timestamp": "15:12:38.815319", "frame": 99, "mu": [1.8117207536602615, 2.0376191600834908, 1.4782309657893227], "Sigma": [[0.0024577557068074605, -0.0016572821464768265, -0.0024504006976863303], [-0.0016572821464768265, 0.0024810726512927575, 0.0007301390638920751], [-0.0024504006976863303, 0.0007301390638920751, 0.04272325184111856]], "chi2_level": 0.99, "chi2_df": 3, "chi2_threshold": 11.344866730144373, "N_raw": 12, "N_roi": 12, "N_inlier": 11, "refit": true}
{"timestamp": "15:12:38.968370", "frame": 100, "mu": [1.564091548596886, 1.7330521446583442, 1.481382754084973], "Sigma": [[0.3688398022534483, 0.4290191158745635, -0.08047686242586677], [0.42901911587456343, 0.4995320534640278, -0.0881227301218116], [-0.0804768624258668, -0.08812273012181161, 0.10267847534286312]], "chi2_level": 0.99, "chi2_df": 3, "chi2_threshold": 11.344866730144373, "N_raw": 6, "N_roi": 5, "N_inlier": 5, "refit": true}
{"timestamp": "15:12:39.028021", "frame": 102, "mu": [1.9713489244682187, 1.8523800402800692, -0.3298157288406475], "Sigma": [[0.008187671346040233, -0.004242043229850777, 0.013011488230239565], [-0.004242043229850777, 0.005906627398647841, -0.004176901623001314], [0.013011488230239565, -0.004176901623001314, 0.03621785351727512]], "chi2_level": 0.99, "chi2_df": 3, "chi2_threshold": 11.344866730144373, "N_raw": 12, "N_roi": 12, "N_inlier": 12, "refit": true}
