{"timestamp": "15:30:41.099505", "frame": 4, "mu": [2.367929947042277, 4.5997815773397654, 1.4750224855714715], "Sigma": [[0.0055357889389886965, -0.003499168101607681, -0.004835869632028723], [-0.0034991681016076806, 0.00396541976315479, 0.002422704306526088], [-0.004835869632028722, 0.002422704306526088, 0.00954411533953436]], "chi2_level": 0.99, "chi2_df": 3, "chi2_threshold": 11.344866730144373, "N_raw": 24, "N_roi": 11, "N_inlier": 11, "refit": true}
{"timestamp": "15:30:41.427102", "frame": 10, "mu": [2.37241193154984, 4.624160816669132, 0.6777247751950247], "Sigma": [[0.006870161981857913, -0.004103545082532321, -0.0007683700805595442], [-0.004103545082532321, 0.0031978283005929076, 0.0005341305831860124], [-0.000768370080559544, 0.0005341305831860124, 0.0002470599436800601]], "chi2_level": 0.99, "chi2_df": 3, "chi2_threshold": 11.344866730144373, "N_raw": 12, "N_roi": 6, "N_inlier": 6, "refit": true}
{"timestamp": "15:30:41.482053", "frame": 11, "mu": [2.4264700179741907, 4.462460415388859, 0.993082088187685], "Sigma": [[0.0018893468193798032, 0.0009546877415454329, -0.009837953844683521], [0.0009546877415454329, 0.0006096065775929317, -0.006320400235377563], [-0.00983795384468352, -0.006320400235377562, 0.06865150164681638]], "chi2_level": 0.99, "chi2_df": 3, "chi2_threshold": 11.344866730144373, "N_raw": 6, "N_roi": 5, "N_inlier": 5, "refit": true}
{"timestamp": "15:30:41.538511", "frame": 12, "mu": [2.3610605458579936, 4.675696701404556, 0.19435118756491065], "Sigma": [[0.013199336123795395, 0.014240502309542664, -0.04034972860212084], [0.014240502309542664, 0.01877589682109155, -0.04810137696922159], [-0.04034972860212084, -0.0481013769692216, 0.1343776394843045]], "chi2_level": 0.99, "chi2_df": 3, "chi2_threshold": 11.344866730144373, "N_raw": 15, "N_roi": 7, "N_inlier": 7, "refit": true}
{"timestamp": "15:30:41.597057", "frame": 13, "mu": [2.2852470107469083, 4.541997391289268, 0.5919786176072995], "Sigma": [[0.017306261553027332, -0.007315236181039571, -0.004692316731093591], [-0.007315236181039571, 0.0055315973592911976, -0.0023878677693929787], [-0.004692316731093591, -0.002387867769392979, 0.0420768213143547]], "chi2_level": 0.99, "chi2_df": 3, "chi2_threshold": 11.344866730144373, "N_raw": 41, "N_roi": 28, "N_inlier": 27, "refit": true}
{"timestamp": "15:30:41.650711", "frame": 14, "mu": [2.2460658338062407, 4.443528084696073, 1.0993509435706967], "Sigma": [[0.0064343726952844835, 0.0003680676400918245, -0.01826747880973021], [0.00036806764009182446, 0.00029073117322420627, -0.00045544742618472607], [-0.01826747880973021, -0.00045544742618472585, 0.056224366911434315]], "chi2_level": 0.99, "chi2_df": 3, "chi2_threshold": 11.344866730144373, "N_raw": 11, "N_roi": 5, "N_inlier": 5, "refit": true}
{"timestamp": "15:30:41.707565", "frame": 15, "mu": [2.2364740656209907, 4.468947955644719, 0.4601061008284179], "Sigma": [[0.01709428858065665, -0.00603461339962634, -0.006074292047856177], [-0.00603461339962634, 0.004320271054564712, -0.005255096348593523], [-0.006074292047856177, -0.005255096348593524, 0.11176548566629269]], "chi2_level": 0.99, "chi2_df": 3, "chi2_threshold": 11.344866730144373, "N_raw": 28, "N_roi": 25, "N_inlier": 24, "refit": true}
{"timestamp": "15:30:41.760501", "frame": 16, "mu": [2.1981878314210728, 4.447808677458748, 0.446012755941809], "Sigma": [[0.013076137014367438, -0.005240763563115575, -0.0075356014566024965], [-0.005240763563115576, 0.002826003549774695, -0.0035292269906075425], [-0.0075356014566024965, -0.003529226990607542, 0.0903803700443716]], "chi2_level": 0.99, "chi2_df": 3, "chi2_threshold": 11.344866730144373, "N_raw": 13, "N_roi": 13, "N_inlier": 13, "refit": true}
{"timestamp": "15:30:41.871455", "frame": 18, "mu": [1.8863377647063693, 4.475645609757223, 1.3397252527852739], "Sigma": [[0.0158104956495834, -0.006877842214949209, -0.006882917577255794], [-0.006877842214949209, 0.00440713001102904, 0.0014636750730325546], [-0.006882917577255794, 0.0014636750730325544, 0.007801923341924155]], "chi2_level": 0.99, "chi2_df": 3, "chi2_threshold": 11.344866730144373, "N_raw": 24, "N_roi": 21, "N_inlier": 20, "refit": true}
{"timestamp": "15:30:41.980913", "frame": 20, "mu": [1.7896136152546434, 4.472105863035301, 1.4064037214118636], "Sigma": [[0.009852040936282152, -0.0035096591533547144, -0.01121552739213421], [-0.0035096591533547144, 0.0038756189602984358, 0.003747365750379901], [-0.01121552739213421, 0.003747365750379901, 0.01966921549971369]], "chi2_level": 0.99, "chi2_df": 3, "chi2_threshold": 11.344866730144373, "N_raw": 20, "N_roi": 17, "N_inlier": 15, "refit": true}
{"timestamp": "15:30:42.036414", "frame": 21, "mu": [1.6246420974655673, 4.520667505945904, 1.4578074213533467], "Sigma": [[0.016697041215279065, -0.006176248368935423, -0.008671926178420872], [-0.006176248368935423, 0.004043533409872298, 0.002663159282569967], [-0.008671926178420872, 0.002663159282569967, 0.00648249271492645]], "chi2_level": 0.99, "chi2_df": 3, "chi2_threshold": 11.344866730144373, "N_raw": 23, "N_roi": 22, "N_inlier": 22, "refit": true}
{"timestamp": "15:30:42.093471", "frame": 22, "mu": [1.5113594921755902, 4.517869288407432, 1.4714362782657464], "Sigma": [[0.025512972875104546, -0.008483570903571524, -0.027664391895558207], [-0.008483570903571524, 0.005672528053641267, 0.00863489344932949], [-0.027664391895558207, 0.00863489344932949, 0.035729333250461806]], "chi2_level": 0.99, "chi2_df": 3, "chi2_threshold": 11.344866730144373, "N_raw": 37, "N_roi": 37, "N_inlier": 35, "refit": true}
{"timestamp": "15:30:42.150738", "frame": 23, "mu": [1.5026403535860418, 4.493073325781306, 1.1101534395909909], "Sigma": [[0.03602195111345391, -0.015153438679307353, -0.032615897754128494], [-0.015153438679307353, 0.007580104381864667, 0.008321354500132175], [-0.032615897754128494, 0.008321354500132175, 0.06781199286238171]], "chi2_level": 0.99, "chi2_df": 3, "chi2_threshold": 11.344866730144373, "N_raw": 52, "N_roi": 49, "N_inlier": 48, "refit": true}
{"timestamp": "15:30:42.208037", "frame": 24, "mu": [1.395396511744802, 4.441344006768432, 0.9001981206632368], "Sigma": [[0.034232254488427226, -0.015879273458291467, -0.03859618288361526], [-0.015879273458291467, 0.008473693081076017, 0.0196957610635212], [-0.038596182883615264, 0.0196957610635212, 0.19234422474374596]], "chi2_level": 0.99, "chi2_df": 3, "chi2_threshold": 11.344866730144373, "N_raw": 64, "N_roi": 64, "N_inlier": 63, "refit": true}
{"timestamp": "15:30:42.259286", "frame": 25, "mu": [1.2009061942523653, 4.484762808964246, 1.0996402410918842], "Sigma": [[0.020789441380449143, -0.00940784624673331, -0.05049754883211577], [-0.009407846246733312, 0.006522948167159274, 0.03689287661272736], [-0.05049754883211577, 0.03689287661272736, 0.3085979494139966]], "chi2_level": 0.99, "chi2_df": 3, "chi2_threshold": 11.344866730144373, "N_raw": 37, "N_roi": 33, "N_inlier": 32, "refit": true}
{"timestamp": "15:30:42.312603", "frame": 26, "mu": [1.1071796416063917, 4.513062070386325, 1.409748553037794], "Sigma": [[0.017506975536611423, -0.00439411578009399, -0.011146051532864394], [-0.00439411578009399, 0.0037549413108269192, 0.0030900764619615937], [-0.011146051532864396, 0.0030900764619615937, 0.00994059592475775]], "chi2_level": 0.99, "chi2_df": 3, "chi2_threshold": 11.344866730144373, "N_raw": 32, "N_roi": 28, "N_inlier": 27, "refit": true}
{"timestamp": "15:30:42.364859", "frame": 27, "mu": [1.0876495737937688, 4.479735065135923, 1.2833051560735615], "Sigma": [[0.00464127389486862, 0.0009676326200744436, -0.017390196033897094], [0.0009676326200744436, 0.0015576952668146934, -0.004401303088535411], [-0.017390196033897094, -0.004401303088535411, 0.06687232761161625]], "chi2_level": 0.99, "chi2_df": 3, "chi2_threshold": 11.344866730144373, "N_raw": 11, "N_roi": 5, "N_inlier": 5, "refit": true}
{"timestamp": "15:30:42.418985", "frame": 28, "mu": [0.9618738162436467, 4.455488201881461, 1.2886084720614543], "Sigma": [[0.006711419921094682, -0.002777328069779284, -0.007590507539209325], [-0.002777328069779284, 0.0025325230542175624, 0.004627594073127037], [-0.007590507539209325, 0.004627594073127038, 0.011836083152147401]], "chi2_level": 0.99, "chi2_df": 3, "chi2_threshold": 11.344866730144373, "N_raw": 11, "N_roi": 10, "N_inlier": 9, "refit": true}
{"timestamp": "15:30:42.591850", "frame": 31, "mu": [0.7671773861881133, 4.361330713567556, 1.0034323478691172], "Sigma": [[0.019440195368303253, -0.004791174271818966, -0.01413039756855078], [-0.004791174271818966, 0.004815084740993039, -0.0029401296977177886], [-0.01413039756855078, -0.0029401296977177886, 0.02757212649080413]], "chi2_level": 0.99, "chi2_df": 3, "chi2_threshold": 11.344866730144373, "N_raw": 60, "N_roi": 51, "N_inlier": 51, "refit": true}
{"timestamp": "15:30:42.639665", "frame": 32, "mu": [0.6679086870953544, 4.381714758067903, 0.9045625449991049], "Sigma": [[0.0036455487259894085, 0.000509833286838272, -0.005325175508081585], [0.0005098332868382721, 0.00531222954261337, -0.02424085815584291], [-0.005325175508081585, -0.02424085815584291, 0.12366997279325073]], "chi2_level": 0.99, "chi2_df": 3, "chi2_threshold": 11.344866730144373, "N_raw": 9, "N_roi": 5, "N_inlier": 5, "refit": true}
{"timestamp": "15:30:42.694082", "frame": 33, "mu": [0.5258759325060446, 4.049497085222042, 0.2103885572380252], "Sigma": [[0.042335806576767936, 0.26321149945301614, 0.001956378149341014], [0.26321149945301614, 1.7463127915058771, 0.0527789231486818], [0.001956378149341014, 0.0527789231486818, 0.015217667390430182]], "chi2_level": 0.99, "chi2_df": 3, "chi2_threshold": 11.344866730144373, "N_raw": 6, "N_roi": 6, "N_inlier": 6, "refit": true}
{"timestamp": "15:30:42.751450", "frame": 34, "mu": [0.490560757056475, 4.462756231703535, 1.087989849849399], "Sigma": [[0.018263962093137524, -0.0037917386150024372, -0.014338510878326615], [-0.003791738615002437, 0.00167790647722912, 0.001476839799076509], [-0.014338510878326615, 0.0014768397990765091, 0.017669137360651333]], "chi2_level": 0.99, "chi2_df": 3, "chi2_threshold": 11.344866730144373, "N_raw": 27, "N_roi": 26, "N_inlier": 23, "refit": true}
{"timestamp": "15:30:42.803975", "frame": 35, "mu": [0.20351512010153683, 4.20377574652141, 0.7439074380537376], "Sigma": [[0.029911261435284855, 0.01967245481518292, 0.032450283306035735], [0.019672454815182917, 1.4884021843264363, -0.5607334748711107], [0.032450283306035735, -0.5607334748711106, 0.3586353346608226]], "chi2_level": 0.99, "chi2_df": 3, "chi2_threshold": 11.344866730144373, "N_raw": 10, "N_roi": 8, "N_inlier": 8, "refit": true}
{"timestamp": "15:30:42.866746", "frame": 36, "mu": [0.2758022474214627, 4.555740866952989, 0.6446402637535625], "Sigma": [[0.012791609677650367, 0.0022773844565120863, -0.04184591432814572], [0.0022773844565120867, 0.0019524121521774468, -0.012541973623349825], [-0.04184591432814572, -0.012541973623349825, 0.21630342940778918]], "chi2_level": 0.99, "chi2_df": 3, "chi2_threshold": 11.344866730144373, "N_raw": 63, "N_roi": 6, "N_inlier": 6, "refit": true}
{"timestamp": "15:30:42.915530", "frame": 37, "mu": [0.10959246429317017, 4.603114974387891, 0.1513295677210126], "Sigma": [[0.021731975401155366, 0.018578240725447323, -0.05243799331001929], [0.018578240725447323, 0.023478041754891998, -0.05717119936879946], [-0.05243799331001929, -0.05717119936879947, 0.15278181661241774]], "chi2_level": 0.99, "chi2_df": 3, "chi2_threshold": 11.344866730144373, "N_raw": 13, "N_roi": 7, "N_inlier": 7, "refit": true}
{"timestamp": "15:30:42.969737", "frame": 38, "mu": [0.0518719216880894, 4.518271953898803, 0.6293910280236067], "Sigma": [[0.011750881141794511, 0.00011091911040649119, -0.021548937539679288], [0.00011091911040649096, 0.004663613643935769, -0.010688313720662144], [-0.021548937539679285, -0.010688313720662144, 0.06457856518913957]], "chi2_level": 0.99, "chi2_df": 3, "chi2_threshold": 11.344866730144373, "N_raw": 13, "N_roi": 8, "N_inlier": 7, "refit": true}
{"timestamp": "15:30:43.026890", "frame": 39, "mu": [-0.09537944535196477, 4.518654489907627, 0.9582480251256551], "Sigma": [[0.007351603537758468, 0.0006277960362427164, -0.03959091016734349], [0.0006277960362427166, 0.0018379290959378554, -0.005223551160861616], [-0.03959091016734349, -0.005223551160861614, 0.22003990758646305]], "chi2_level": 0.99, "chi2_df": 3, "chi2_threshold": 11.344866730144373, "N_raw": 28, "N_roi": 7, "N_inlier": 7, "refit": true}
{"timestamp": "15:30:43.078787", "frame": 40, "mu": [-0.2657574866893533, 4.592939832124455, 0.9036733728901714], "Sigma": [[0.0056436854940861755, 0.0030090381188198163, -0.03732105082078008], [0.0030090381188198163, 0.0022842611661709608, -0.017559684578172446], [-0.03732105082078008, -0.017559684578172446, 0.2722854846759489]], "chi2_level": 0.99, "chi2_df": 3, "chi2_threshold": 11.344866730144373, "N_raw": 10, "N_roi": 5, "N_inlier": 5, "refit": true}
{"timestamp": "15:30:43.135915", "frame": 41, "mu": [-0.469581106195543, 4.513037276585805, 1.192599579332459], "Sigma": [[0.017630781851160265, 0.0019150562091450338, -0.014068776009362054], [0.0019150562091450338, 0.0014677047392995296, -0.006121566781362449], [-0.014068776009362054, -0.006121566781362449, 0.05237168554700068]], "chi2_level": 0.99, "chi2_df": 3, "chi2_threshold": 11.344866730144373, "N_raw": 22, "N_roi": 17, "N_inlier": 16, "refit": true}
{"timestamp": "15:30:43.191050", "frame": 42, "mu": [-0.5676718585154326, 4.4702183924373475, 0.7773793013027438], "Sigma": [[0.015526576436762243, -0.005278197076051809, 0.05574590560974203], [-0.005278197076051809, 0.005614916953979974, -0.017112926061602557], [0.05574590560974203, -0.017112926061602557, 0.20693365775056102]], "chi2_level": 0.99, "chi2_df": 3, "chi2_threshold": 11.344866730144373, "N_raw": 15, "N_roi": 8, "N_inlier": 8, "refit": true}
{"timestamp": "15:30:43.249610", "frame": 43, "mu": [-0.6669478229248065, 4.462169452394972, 1.1755795051605993], "Sigma": [[0.023588178730213467, 0.0002956845579746159, -0.009755027493831078], [0.0002956845579746158, 0.0016150057892506885, -7.211756463031702e-05], [-0.009755027493831078, -7.211756463031702e-05, 0.005709137722660432]], "chi2_level": 0.99, "chi2_df": 3, "chi2_threshold": 11.344866730144373, "N_raw": 48, "N_roi": 24, "N_inlier": 22, "refit": true}
{"timestamp": "15:30:43.302155", "frame": 44, "mu": [-0.7724907471341138, 4.4852792122889955, 1.0046254310727742], "Sigma": [[0.031664126719048544, 0.008364297134363286, -0.03589577492371138], [0.008364297134363288, 0.004519303908676561, -0.016800026754937455], [-0.035895774923711384, -0.016800026754937455, 0.09397287800244308]], "chi2_level": 0.99, "chi2_df": 3, "chi2_threshold": 11.344866730144373, "N_raw": 25, "N_roi": 17, "N_inlier": 17, "refit": true}
{"timestamp": "15:30:43.354817", "frame": 45, "mu": [-0.7784897720773447, 4.506588510337668, 0.6940856031286577], "Sigma": [[0.020390737407693437, 0.00777981111517006, -0.0023251624783870344], [0.00777981111517006, 0.016079961981790774, -0.05042114438106833], [-0.0023251624783870344, -0.05042114438106833, 0.2027474189435622]], "chi2_level": 0.99, "chi2_df": 3, "chi2_threshold": 11.344866730144373, "N_raw": 11, "N_roi": 8, "N_inlier": 8, "refit": true}
{"timestamp": "15:30:43.411107", "frame": 46, "mu": [-0.9963332062947293, 4.426726226565613, 1.4426057708730968], "Sigma": [[0.010995869272439196, 0.001674389231542754, -0.004723166205854086], [0.001674389231542754, 0.0042584865414443465, 0.0032103204054552592], [-0.0047231662058540855, 0.0032103204054552597, 0.007272630351393612]], "chi2_level": 0.99, "chi2_df": 3, "chi2_threshold": 11.344866730144373, "N_raw": 25, "N_roi": 22, "N_inlier": 22, "refit": true}
{"timestamp": "15:30:43.465066", "frame": 47, "mu": [-1.1300162436047902, 4.452287004701931, 1.179397514717279], "Sigma": [[0.0037791949541400027, 0.0035102997412941555, -0.023511019186975877], [0.003510299741294155, 0.012589119570327835, -0.03318626918871327], [-0.023511019186975877, -0.03318626918871327, 0.16472576686361795]], "chi2_level": 0.99, "chi2_df": 3, "chi2_threshold": 11.344866730144373, "N_raw": 13, "N_roi": 6, "N_inlier": 6, "refit": true}
{"timestamp": "15:30:43.519521", "frame": 48, "mu": [-1.097223538139867, 4.473344961767264, 0.8118980985049691], "Sigma": [[0.005438040352932399, 0.007323555583463228, -0.022122997011725473], [0.007323555583463228, 0.020716132387026985, -0.04948680584342297], [-0.022122997011725473, -0.04948680584342297, 0.13229041671486233]], "chi2_level": 0.99, "chi2_df": 3, "chi2_threshold": 11.344866730144373, "N_raw": 12, "N_roi": 7, "N_inlier": 7, "refit": true}
{"timestamp": "15:30:43.580139", "frame": 49, "mu": [-1.3466917985694031, 4.3435588892023125, 1.4368805480824092], "Sigma": [[0.018606327796974242, 0.0028161949063690364, -0.017229538693290955], [0.002816194906369037, 0.00672300617480968, -0.0013235416146005566], [-0.017229538693290955, -0.0013235416146005568, 0.01988144626321693]], "chi2_level": 0.99, "chi2_df": 3, "chi2_threshold": 11.344866730144373, "N_raw": 47, "N_roi": 43, "N_inlier": 43, "refit": true}
{"timestamp": "15:30:43.632239", "frame": 50, "mu": [-1.471329275224342, 4.415186039394424, 0.6812109967141525], "Sigma": [[0.017495920054421625, 0.007038979430337253, -0.01760345193558451], [0.007038979430337253, 0.004667488254334608, -0.0071944543206777616], [-0.01760345193558451, -0.0071944543206777616, 0.022588024594000472]], "chi2_level": 0.99, "chi2_df": 3, "chi2_threshold": 11.344866730144373, "N_raw": 27, "N_roi": 22, "N_inlier": 21, "refit": true}
{"timestamp": "15:30:43.684062", "frame": 51, "mu": [-1.5948732187582455, 4.292182847420061, 1.4304680821856273], "Sigma": [[0.005643559832194486, -0.004505355008369478, -0.007656137528879073], [-0.004505355008369478, 0.007088929957847901, 0.0058873154095616526], [-0.007656137528879073, 0.0058873154095616526, 0.01067564534899362]], "chi2_level": 0.99, "chi2_df": 3, "chi2_threshold": 11.344866730144373, "N_raw": 9, "N_roi": 5, "N_inlier": 5, "refit": true}
{"timestamp": "15:30:43.740277", "frame": 52, "mu": [-1.732411484316264, 4.357342060982348, 1.4936936968443046], "Sigma": [[0.004109189309333131, -0.005194554291450857, -0.003669176801164053], [-0.005194554291450857, 0.007379742645866052, 0.003527940259844836], [-0.003669176801164053, 0.003527940259844836, 0.0075980644496768555]], "chi2_level": 0.99, "chi2_df": 3, "chi2_threshold": 11.344866730144373, "N_raw": 11, "N_roi": 6, "N_inlier": 6, "refit": true}
{"timestamp": "15:30:43.795370", "frame": 53, "mu": [-1.806871036335464, 4.344770906013296, 1.4016654231303183], "Sigma": [[0.00013676465940441434, 0.0006453727974541407, -0.0005028401709580486], [0.0006453727974541407, 0.008630704592808769, -0.004828797534203047], [-0.0005028401709580487, -0.004828797534203048, 0.0043751697853521565]], "chi2_level": 0.99, "chi2_df": 3, "chi2_threshold": 11.344866730144373, "N_raw": 11, "N_roi": 5, "N_inlier": 5, "refit": true}
{"timestamp": "15:30:43.849329", "frame": 54, "mu": [-1.7199417460140562, 4.377277875823804, 0.8752230837843451], "Sigma": [[0.013652979251451714, 0.008831657724078838, -0.03434908206220073], [0.008831657724078838, 0.006760487598445078, -0.0221630212160333], [-0.03434908206220073, -0.0221630212160333, 0.0866007409527357]], "chi2_level": 0.99, "chi2_df": 3, "chi2_threshold": 11.344866730144373, "N_raw": 8, "N_roi": 6, "N_inlier": 6, "refit": true}
{"timestamp": "15:30:43.904152", "frame": 55, "mu": [-1.8188667649542551, 4.380824584959032, 0.8610495601942662], "Sigma": [[0.041691345857526055, 0.015836358891137395, -0.08160961157084266], [0.015836358891137395, 0.0075073312791827905, -0.031045360335059058], [-0.08160961157084266, -0.03104536033505905, 0.16399100693563484]], "chi2_level": 0.99, "chi2_df": 3, "chi2_threshold": 11.344866730144373, "N_raw": 6, "N_roi": 6, "N_inlier": 6, "refit": true}
{"timestamp": "15:30:43.959353", "frame": 56, "mu": [-2.071447948582379, 4.440462323748264, 0.8009095624381963], "Sigma": [[0.012506468096539797, 0.0009922195941920984, 0.025273012086965047], [0.0009922195941920986, 0.004677748809816438, -0.019751049648796478], [0.02527301208696505, -0.019751049648796478, 0.16693366616301708]], "chi2_level": 0.99, "chi2_df": 3, "chi2_threshold": 11.344866730144373, "N_raw": 9, "N_roi": 6, "N_inlier": 6, "refit": true}
{"timestamp": "15:30:44.014580", "frame": 57, "mu": [-2.212809642431594, 4.324648350964642, 1.2034003478351856], "Sigma": [[0.011404931604157438, 0.011429713652538902, -0.02971643688904202], [0.011429713652538902, 0.016236916418951638, -0.03149020902751969], [-0.029716436889042012, -0.0314902090275197, 0.08152250832355136]], "chi2_level": 0.99, "chi2_df": 3, "chi2_threshold": 11.344866730144373, "N_raw": 7, "N_roi": 7, "N_inlier": 7, "refit": true}
{"timestamp": "15:30:44.068792", "frame": 58, "mu": [-2.3273155672540056, 4.322951665688275, 1.184470524993754], "Sigma": [[0.0017208857106611921, 0.0033017806806216383, -0.0068115530193636545], [0.0033017806806216383, 0.01583224491330983, -0.015587104777847261], [-0.0068115530193636545, -0.015587104777847261, 0.04044085329375568]], "chi2_level": 0.99, "chi2_df": 3, "chi2_threshold": 11.344866730144373, "N_raw": 8, "N_roi": 7, "N_inlier": 7, "refit": true}
