{"timestamp": "15:55:59.401162", "frame": 1, "mu": [1.2265446734284888, 1.430836893506179, 1.295026504796472], "Sigma": [[0.006306612889734129, 0.0005143257514596815, -0.008620270324688518], [0.0005143257514596815, 0.005513172358758841, -0.01356902269669542], [-0.008620270324688522, -0.01356902269669542, 0.10494324183951051]], "chi2_level": 0.99, "chi2_df": 3, "chi2_threshold": 11.344866730144373, "N_raw": 10, "N_roi": 10, "N_inlier": 10, "refit": true}
{"timestamp": "15:55:59.456037", "frame": 2, "mu": [1.2408807000002335, 1.429361011256905, 1.2736184971874633], "Sigma": [[0.0035119469021249587, 0.0015703375167443908, -0.009727406937501067], [0.001570337516744391, 0.006425373044170992, -0.014496720264983286], [-0.009727406937501067, -0.014496720264983286, 0.09587688490188848]], "chi2_level": 0.99, "chi2_df": 3, "chi2_threshold": 11.344866730144373, "N_raw": 10, "N_roi": 10, "N_inlier": 10, "refit": true}
{"timestamp": "15:55:59.515231", "frame": 3, "mu": [1.2761960528703757, 1.4100380770181027, 1.3816083667513266], "Sigma": [[0.0034971763733019903, -0.001993327044279104, -0.001247874990897894], [-0.001993327044279104, 0.007777184705121743, -0.006790220564573925], [-0.001247874990897894, -0.006790220564573925, 0.016748998049158748]], "chi2_level": 0.99, "chi2_df": 3, "chi2_threshold": 11.344866730144373, "N_raw": 35, "N_roi": 35, "N_inlier": 32, "refit": true}
{"timestamp": "15:55:59.572870", "frame": 4, "mu": [1.2143863620938904, 1.346295525253076, 1.511669469721703], "Sigma": [[0.008861449730052567, -0.0029864148630616614, -0.011496337906925839], [-0.0029864148630616614, 0.005584070044536858, -0.0035279270847777423], [-0.011496337906925839, -0.0035279270847777423, 0.03799035521240859]], "chi2_level": 0.99, "chi2_df": 3, "chi2_threshold": 11.344866730144373, "N_raw": 39, "N_roi": 39, "N_inlier": 37, "refit": true}
{"timestamp": "15:55:59.621627", "frame": 5, "mu": [1.2350506605949612, 1.2984303504061616, 1.4680457735128845], "Sigma": [[0.009309843623008617, -0.001665746883716855, -0.009833735842650534], [-0.001665746883716855, 0.005974154993428058, -0.009676122681567461], [-0.009833735842650534, -0.009676122681567461, 0.11522763055271538]], "chi2_level": 0.99, "chi2_df": 3, "chi2_threshold": 11.344866730144373, "N_raw": 10, "N_roi": 10, "N_inlier": 10, "refit": true}
{"timestamp": "15:55:59.676207", "frame": 6, "mu": [1.192390347198297, 1.4977708506919816, -0.17453614508895177], "Sigma": [[0.0032405357909315678, 0.007907543021056515, -0.010696649935991467], [0.007907543021056515, 0.028210815801735827, -0.03722841879990226], [-0.010696649935991467, -0.03722841879990226, 0.05425790921957978]], "chi2_level": 0.99, "chi2_df": 3, "chi2_threshold": 11.344866730144373, "N_raw": 7, "N_roi": 7, "N_inlier": 7, "refit": true}
{"timestamp": "15:55:59.731580", "frame": 7, "mu": [1.149092706858255, 1.3084021240776327, 1.688141932680593], "Sigma": [[0.0018143809968422873, -0.0013241747294468799, -5.634995518164723e-05], [-0.0013241747294468799, 0.0025956576713506412, 0.0008701759234250513], [-5.6349955181647196e-05, 0.0008701759234250513, 0.0005200751961729401]], "chi2_level": 0.99, "chi2_df": 3, "chi2_threshold": 11.344866730144373, "N_raw": 11, "N_roi": 11, "N_inlier": 11, "refit": true}
{"timestamp": "15:55:59.786228", "frame": 8, "mu": [1.1560483442040168, 1.3204869520026934, 1.6709585409526295], "Sigma": [[0.00068847685747371, 0.00040619392541978996, 7.173920881485942e-05], [0.0004061939254197899, 0.0055783934752342435, 0.0023593167552293675], [7.173920881485942e-05, 0.0023593167552293675, 0.001156418253758639]], "chi2_level": 0.99, "chi2_df": 3, "chi2_threshold": 11.344866730144373, "N_raw": 7, "N_roi": 7, "N_inlier": 6, "refit": true}
{"timestamp": "15:55:59.843437", "frame": 9, "mu": [1.3214666621960167, 1.2433340228035437, 1.1204227305475802], "Sigma": [[0.011549794992948073, -0.004561481042168394, -0.025044800224072718], [-0.004561481042168395, 0.0033124102974879414, 0.011453372239803805], [-0.025044800224072718, 0.011453372239803805, 0.09526971772548791]], "chi2_level": 0.99, "chi2_df": 3, "chi2_threshold": 11.344866730144373, "N_raw": 18, "N_roi": 18, "N_inlier": 16, "refit": true}
{"timestamp": "15:55:59.897582", "frame": 10, "mu": [1.1974640884025916, 1.2926874322977, 1.6295555184687844], "Sigma": [[0.0044715460402221475, -0.001290666489863453, -0.0005353917311695711], [-0.001290666489863453, 0.0016730455191453937, -0.0001637261213903657], [-0.0005353917311695711, -0.0001637261213903657, 0.0003112326525433477]], "chi2_level": 0.99, "chi2_df": 3, "chi2_threshold": 11.344866730144373, "N_raw": 21, "N_roi": 21, "N_inlier": 18, "refit": true}
{"timestamp": "15:55:59.953494", "frame": 11, "mu": [1.2595023023401972, 1.2856009360737506, 1.4293943837825824], "Sigma": [[0.008799368463383592, -0.001208393847182372, -0.01708448522831038], [-0.0012083938471823723, 0.002222997795782701, 0.0008917824125538626], [-0.017084485228310384, 0.0008917824125538626, 0.03890780690159592]], "chi2_level": 0.99, "chi2_df": 3, "chi2_threshold": 11.344866730144373, "N_raw": 24, "N_roi": 24, "N_inlier": 24, "refit": true}
{"timestamp": "15:56:00.009416", "frame": 12, "mu": [1.1724475940852563, 1.357067051079977, -0.01429354600706405], "Sigma": [[0.004253526155578962, -0.0010581787027503602, -0.001554086607720257], [-0.0010581787027503602, 0.0017902764031274907, 0.0005047980179847173], [-0.001554086607720257, 0.0005047980179847173, 0.0008071721511180515]], "chi2_level": 0.99, "chi2_df": 3, "chi2_threshold": 11.344866730144373, "N_raw": 19, "N_roi": 19, "N_inlier": 18, "refit": true}
{"timestamp": "15:56:00.065347", "frame": 13, "mu": [1.2087005260267927, 1.4305512866250307, 1.4186389005241575], "Sigma": [[0.003838793225693232, -0.00041076677814190434, -0.0035897124681124343], [-0.00041076677814190455, 0.005428375246926387, -0.004015374194698372], [-0.003589712468112435, -0.004015374194698372, 0.011495423188519217]], "chi2_level": 0.99, "chi2_df": 3, "chi2_threshold": 11.344866730144373, "N_raw": 25, "N_roi": 25, "N_inlier": 24, "refit": true}
{"timestamp": "15:56:00.119033", "frame": 14, "mu": [1.206599139957385, 1.2663738795977104, 1.6073565669217613], "Sigma": [[0.01050914091508691, -0.003892996096057534, -0.006452149790107165], [-0.003892996096057534, 0.002189367629885231, 0.0021559043617189145], [-0.006452149790107165, 0.0021559043617189145, 0.005034219575976232]], "chi2_level": 0.99, "chi2_df": 3, "chi2_threshold": 11.344866730144373, "N_raw": 13, "N_roi": 13, "N_inlier": 12, "refit": true}
{"timestamp": "15:56:00.181606", "frame": 15, "mu": [1.2817534753103832, 1.2844602092564925, 1.395438765381378], "Sigma": [[0.010056148637741744, -0.003220070266235738, -0.01182364219590072], [-0.0032200702662357377, 0.005437231103222231, -0.001150500539869225], [-0.01182364219590072, -0.0011505005398692247, 0.021951973999485876]], "chi2_level": 0.99, "chi2_df": 3, "chi2_threshold": 11.344866730144373, "N_raw": 65, "N_roi": 65, "N_inlier": 64, "refit": true}
{"timestamp": "15:56:00.230617", "frame": 16, "mu": [1.246663183236379, 1.3462147791170336, 1.3692608752329618], "Sigma": [[0.004014878283910972, -0.0007741855420918607, -0.004759923213273465], [-0.0007741855420918607, 0.00432984487356305, -0.0024104497406952337], [-0.004759923213273466, -0.0024104497406952337, 0.00913818417767834]], "chi2_level": 0.99, "chi2_df": 3, "chi2_threshold": 11.344866730144373, "N_raw": 21, "N_roi": 21, "N_inlier": 21, "refit": true}
{"timestamp": "15:56:00.288772", "frame": 17, "mu": [1.26640099309291, 1.365437191053577, 1.3361164669777912], "Sigma": [[0.003891353493692111, -0.002113507574821534, -0.001792336885522546], [-0.002113507574821534, 0.007831283492657142, -0.004227110747200537], [-0.0017923368855225464, -0.004227110747200536, 0.005601439851496063]], "chi2_level": 0.99, "chi2_df": 3, "chi2_threshold": 11.344866730144373, "N_raw": 42, "N_roi": 42, "N_inlier": 40, "refit": true}
{"timestamp": "15:56:00.345221", "frame": 18, "mu": [1.2737650986309426, 1.2965550175545872, 1.449071534864816], "Sigma": [[0.00878232149640826, -0.00037028107512905524, -0.00807996178269708], [-0.0003702810751290551, 0.008809509348785044, -0.004240119737418396], [-0.00807996178269708, -0.004240119737418396, 0.011869006917313562]], "chi2_level": 0.99, "chi2_df": 3, "chi2_threshold": 11.344866730144373, "N_raw": 47, "N_roi": 47, "N_inlier": 44, "refit": true}
{"timestamp": "15:56:00.396572", "frame": 19, "mu": [1.137905400400146, 1.2675971883192017, 1.6037843801442522], "Sigma": [[0.008939636685956789, -0.0025115627107100353, -0.004449473935521545], [-0.0025115627107100353, 0.002987680795246139, 0.001068360428515111], [-0.004449473935521545, 0.0010683604285151112, 0.002796298916200368]], "chi2_level": 0.99, "chi2_df": 3, "chi2_threshold": 11.344866730144373, "N_raw": 26, "N_roi": 26, "N_inlier": 24, "refit": true}
{"timestamp": "15:56:00.451148", "frame": 20, "mu": [1.2801823440732238, 1.2580650846046408, 1.392570578206955], "Sigma": [[0.008577468511931226, -0.0013575448021230785, -0.004993231838109562], [-0.0013575448021230785, 0.003923347364441, -0.007607007727930462], [-0.004993231838109562, -0.007607007727930462, 0.04422439239349944]], "chi2_level": 0.99, "chi2_df": 3, "chi2_threshold": 11.344866730144373, "N_raw": 31, "N_roi": 31, "N_inlier": 31, "refit": true}
{"timestamp": "15:56:00.504155", "frame": 21, "mu": [1.2288105209818452, 1.25240089201304, 1.397510595533339], "Sigma": [[0.008893751733016356, -0.000557820170097062, -0.007443740442942838], [-0.000557820170097062, 0.001478878304021635, -0.00595075363951084], [-0.0074437404429428386, -0.005950753639510839, 0.062442291227499815]], "chi2_level": 0.99, "chi2_df": 3, "chi2_threshold": 11.344866730144373, "N_raw": 13, "N_roi": 13, "N_inlier": 13, "refit": true}
{"timestamp": "15:56:00.564268", "frame": 22, "mu": [1.290261788332305, 1.2335214936615426, 1.3043588593652338], "Sigma": [[0.005961263520013902, -0.0031875864792405206, -0.0020227637893438163], [-0.003187586479240521, 0.00626563939382043, -0.004725921851946663], [-0.0020227637893438163, -0.004725921851946663, 0.020674211135549146]], "chi2_level": 0.99, "chi2_df": 3, "chi2_threshold": 11.344866730144373, "N_raw": 53, "N_roi": 53, "N_inlier": 49, "refit": true}
{"timestamp": "15:56:00.618706", "frame": 23, "mu": [1.1729056895745251, 1.2248264185642013, 1.496990303194678], "Sigma": [[0.01402384405837588, -0.004178014070790527, -0.011746507931610705], [-0.004178014070790527, 0.0026081794513536363, 0.002755688554896534], [-0.011746507931610703, 0.002755688554896534, 0.010926285851519226]], "chi2_level": 0.99, "chi2_df": 3, "chi2_threshold": 11.344866730144373, "N_raw": 40, "N_roi": 40, "N_inlier": 37, "refit": true}
{"timestamp": "15:56:00.672746", "frame": 24, "mu": [1.1345258595135874, 1.2420381964203189, 1.5142808311352134], "Sigma": [[0.012287309184296375, -0.0016124082963667483, -0.010741151954879452], [-0.0016124082963667485, 0.003314817076793316, 0.0010389689354342439], [-0.010741151954879454, 0.0010389689354342439, 0.010753606567979248]], "chi2_level": 0.99, "chi2_df": 3, "chi2_threshold": 11.344866730144373, "N_raw": 42, "N_roi": 42, "N_inlier": 39, "refit": true}
{"timestamp": "15:56:00.728013", "frame": 25, "mu": [1.1460112973317453, 1.206804913753739, 1.4038762937897216], "Sigma": [[0.015958975575035294, -0.0051658623660508505, -0.01943744895087409], [-0.0051658623660508505, 0.005207376300767177, 0.003364636625282813], [-0.01943744895087409, 0.003364636625282813, 0.03475257866913004]], "chi2_level": 0.99, "chi2_df": 3, "chi2_threshold": 11.344866730144373, "N_raw": 35, "N_roi": 35, "N_inlier": 33, "refit": true}
{"timestamp": "15:56:00.779706", "frame": 26, "mu": [1.1554826086138787, 1.301657048201179, -0.19524092352439282], "Sigma": [[0.010286754740345532, 0.0021620060469534413, -0.007572958696991423], [0.0021620060469534413, 0.001334888923436853, -0.0015029594726236333], [-0.007572958696991423, -0.0015029594726236333, 0.006486608609973683]], "chi2_level": 0.99, "chi2_df": 3, "chi2_threshold": 11.344866730144373, "N_raw": 14, "N_roi": 14, "N_inlier": 14, "refit": true}
{"timestamp": "15:56:00.833869", "frame": 27, "mu": [1.108650272096405, 1.2038670296334621, 1.4286153642322004], "Sigma": [[0.01140996932396668, -0.002054999181626059, -0.010946540184950442], [-0.002054999181626059, 0.0021944155313939635, 0.0017659425749628065], [-0.010946540184950445, 0.0017659425749628065, 0.016483384579313552]], "chi2_level": 0.99, "chi2_df": 3, "chi2_threshold": 11.344866730144373, "N_raw": 15, "N_roi": 15, "N_inlier": 14, "refit": true}
{"timestamp": "15:56:00.891830", "frame": 28, "mu": [1.1287125421934976, 1.2585634422290686, -0.41886562231688895], "Sigma": [[0.011369777665060579, -0.0016686148361777418, -0.017426803117765045], [-0.0016686148361777418, 0.002731120023339811, -0.00014058464098124022], [-0.017426803117765045, -0.0001405846409812401, 0.0327263198790695]], "chi2_level": 0.99, "chi2_df": 3, "chi2_threshold": 11.344866730144373, "N_raw": 33, "N_roi": 33, "N_inlier": 31, "refit": true}
{"timestamp": "15:56:00.946048", "frame": 29, "mu": [1.1328930913563506, 1.1071990462075023, 1.0305625383030246], "Sigma": [[0.00897933688496795, -0.0035383152681027217, -0.025276061876130088], [-0.0035383152681027217, 0.003780509233495374, 0.00496101174195392], [-0.025276061876130088, 0.004961011741953921, 0.12163962298766903]], "chi2_level": 0.99, "chi2_df": 3, "chi2_threshold": 11.344866730144373, "N_raw": 27, "N_roi": 27, "N_inlier": 26, "refit": true}
{"timestamp": "15:56:01.002501", "frame": 30, "mu": [0.9801137606321, 1.1724487933908723, 1.3718095596028155], "Sigma": [[0.014806669184092024, -0.0061207018013058525, -0.018778728373848655], [-0.0061207018013058525, 0.006183764285162791, 0.0007773738348850239], [-0.018778728373848655, 0.0007773738348850241, 0.0581321428505678]], "chi2_level": 0.99, "chi2_df": 3, "chi2_threshold": 11.344866730144373, "N_raw": 35, "N_roi": 35, "N_inlier": 32, "refit": true}
{"timestamp": "15:56:01.054059", "frame": 31, "mu": [1.018225812430317, 1.1518814458544333, 0.9546302536350355], "Sigma": [[0.026786862690475133, -0.008663958921671952, -0.10065175197204848], [-0.008663958921671952, 0.006478148881667777, 0.03807906751819397], [-0.10065175197204848, 0.03807906751819397, 0.4518214699100889]], "chi2_level": 0.99, "chi2_df": 3, "chi2_threshold": 11.344866730144373, "N_raw": 11, "N_roi": 11, "N_inlier": 11, "refit": true}
{"timestamp": "15:56:01.111765", "frame": 32, "mu": [0.9475312980140669, 1.179416953831003, 0.9057942255866183], "Sigma": [[0.017423628481961814, -0.009927956289133354, -0.05281682696479681], [-0.009927956289133354, 0.013830849783903814, 0.013064286801727476], [-0.05281682696479681, 0.013064286801727472, 0.2441589701548519]], "chi2_level": 0.99, "chi2_df": 3, "chi2_threshold": 11.344866730144373, "N_raw": 23, "N_roi": 23, "N_inlier": 23, "refit": true}
{"timestamp": "15:56:01.168204", "frame": 33, "mu": [0.8313026380668814, 1.1886332997598092, 1.5615585466753161], "Sigma": [[0.005668390482326104, -0.0011872320930061855, -0.0027476001664685753], [-0.0011872320930061855, 0.002556591364313252, 0.00011082219549500605], [-0.0027476001664685753, 0.00011082219549500608, 0.0017228946921734216]], "chi2_level": 0.99, "chi2_df": 3, "chi2_threshold": 11.344866730144373, "N_raw": 42, "N_roi": 42, "N_inlier": 39, "refit": true}
{"timestamp": "15:56:01.221487", "frame": 34, "mu": [0.940664989398619, 1.108729442269836, 0.9842186676765634], "Sigma": [[0.017076308304340822, -0.012773101350032803, -0.008271588514540556], [-0.012773101350032803, 0.014040514068683277, -0.002677549773152363], [-0.008271588514540552, -0.002677549773152363, 0.13042337441803925]], "chi2_level": 0.99, "chi2_df": 3, "chi2_threshold": 11.344866730144373, "N_raw": 23, "N_roi": 22, "N_inlier": 20, "refit": true}
{"timestamp": "15:56:01.279065", "frame": 35, "mu": [0.8009323366644404, 1.1829942040190973, 1.1388632181334246], "Sigma": [[0.006212602977120391, -0.0008619323785983054, -0.026069404755629962], [-0.0008619323785983054, 0.004527636505347231, -0.007644951144383174], [-0.026069404755629962, -0.007644951144383175, 0.19029399393567556]], "chi2_level": 0.99, "chi2_df": 3, "chi2_threshold": 11.344866730144373, "N_raw": 51, "N_roi": 51, "N_inlier": 49, "refit": true}
{"timestamp": "15:56:01.335799", "frame": 36, "mu": [0.7768721725457503, 1.1011140711666383, 1.4936170303142788], "Sigma": [[0.009002544089119456, -0.0029372843232558787, -0.010790277962544495], [-0.0029372843232558787, 0.002952064751537975, 0.003020813528234781], [-0.010790277962544495, 0.003020813528234781, 0.015283637472779556]], "chi2_level": 0.99, "chi2_df": 3, "chi2_threshold": 11.344866730144373, "N_raw": 55, "N_roi": 55, "N_inlier": 51, "refit": true}
{"timestamp": "15:56:01.394333", "frame": 37, "mu": [0.7782383578884194, 1.1130591048665563, 1.3271974312869381], "Sigma": [[0.009637485507058485, -0.003461517970886397, -0.003658733808907839], [-0.003461517970886397, 0.00564902573173345, -0.015367900637553812], [-0.0036587338089078382, -0.015367900637553812, 0.08785867916770701]], "chi2_level": 0.99, "chi2_df": 3, "chi2_threshold": 11.344866730144373, "N_raw": 88, "N_roi": 88, "N_inlier": 85, "refit": true}
{"timestamp": "15:56:01.446029", "frame": 38, "mu": [0.6883377235760992, 1.0786519593697428, 1.500030499589578], "Sigma": [[0.004881368866227489, -0.0006693608404396861, -0.004357697615129855], [-0.0006693608404396861, 0.0032403400502166195, -0.0014335579422726625], [-0.004357697615129855, -0.0014335579422726625, 0.007058032389184135]], "chi2_level": 0.99, "chi2_df": 3, "chi2_threshold": 11.344866730144373, "N_raw": 59, "N_roi": 59, "N_inlier": 56, "refit": true}
{"timestamp": "15:56:01.499532", "frame": 39, "mu": [0.6514444630557383, 1.068366078785614, 1.5496824041785378], "Sigma": [[0.005034573781928879, -0.0005815425301663238, -0.002910156046672178], [-0.0005815425301663236, 0.00310258580104544, -0.0005126728636355769], [-0.002910156046672178, -0.0005126728636355769, 0.003585111754079462]], "chi2_level": 0.99, "chi2_df": 3, "chi2_threshold": 11.344866730144373, "N_raw": 51, "N_roi": 51, "N_inlier": 48, "refit": true}
{"timestamp": "15:56:01.557772", "frame": 40, "mu": [0.6191283563564564, 1.0425991165054267, 1.4994888487823945], "Sigma": [[0.005455034946796988, 4.073346656933462e-05, -0.004134156238712136], [4.0733466569334455e-05, 0.0046344537546566915, -0.0021369939768243707], [-0.004134156238712136, -0.0021369939768243703, 0.005196336808330907]], "chi2_level": 0.99, "chi2_df": 3, "chi2_threshold": 11.344866730144373, "N_raw": 67, "N_roi": 67, "N_inlier": 63, "refit": true}
{"timestamp": "15:56:01.618618", "frame": 41, "mu": [0.6505455205468271, 1.0334706018244066, 1.3094097200890404], "Sigma": [[0.007148034695170133, -0.00015302035153962843, -0.004643275421097461], [-0.00015302035153962846, 0.0035038953209737883, -0.009846128082433184], [-0.004643275421097461, -0.009846128082433184, 0.08460413874674538]], "chi2_level": 0.99, "chi2_df": 3, "chi2_threshold": 11.344866730144373, "N_raw": 110, "N_roi": 110, "N_inlier": 108, "refit": true}
{"timestamp": "15:56:01.673477", "frame": 42, "mu": [0.6491840515633858, 0.993573847737185, 1.2367265740671722], "Sigma": [[0.015886440894443528, -7.912603331388607e-05, -0.0431482016342374], [-7.912603331388651e-05, 0.005504747026880111, -0.0184093450692715], [-0.0431482016342374, -0.018409345069271502, 0.2662580514409114]], "chi2_level": 0.99, "chi2_df": 3, "chi2_threshold": 11.344866730144373, "N_raw": 103, "N_roi": 103, "N_inlier": 103, "refit": true}
{"timestamp": "15:56:01.730270", "frame": 43, "mu": [0.6531372967677934, 0.9002800362601304, 1.2440259526177213], "Sigma": [[0.010885843240835115, -0.00477114104841706, -0.016704109912455783], [-0.00477114104841706, 0.006043180498231233, 0.01033282233908826], [-0.016704109912455786, 0.01033282233908826, 0.05665627003322931]], "chi2_level": 0.99, "chi2_df": 3, "chi2_threshold": 11.344866730144373, "N_raw": 115, "N_roi": 115, "N_inlier": 112, "refit": true}
{"timestamp": "15:56:01.773026", "frame": 44, "mu": [0.4974249350480826, 0.9134057792240287, 1.3244586743424043], "Sigma": [[0.006781643256016546, -0.002559194558791907, -0.030878049996861348], [-0.002559194558791907, 0.005113114508037708, 0.026439940992643317], [-0.030878049996861348, 0.02643994099264332, 0.2741075803306797]], "chi2_level": 0.99, "chi2_df": 3, "chi2_threshold": 11.344866730144373, "N_raw": 26, "N_roi": 26, "N_inlier": 23, "refit": true}
{"timestamp": "15:56:01.831904", "frame": 45, "mu": [0.532682425466984, 0.9076258112007606, 1.4377574617100606], "Sigma": [[0.009437614313452716, -0.0012530868537939475, -0.00923494108748764], [-0.0012530868537939475, 0.0016181248608011984, -0.0006651390215371467], [-0.00923494108748764, -0.0006651390215371468, 0.013291032191416188]], "chi2_level": 0.99, "chi2_df": 3, "chi2_threshold": 11.344866730144373, "N_raw": 68, "N_roi": 68, "N_inlier": 63, "refit": true}
{"timestamp": "15:56:01.891080", "frame": 46, "mu": [0.43959045446713113, 0.9447367962975306, 1.3107297640441335], "Sigma": [[0.004059664260075749, 0.0010407353209216093, -0.010045685250886158], [0.001040735320921609, 0.0035963520089791453, -0.009891046375703098], [-0.010045685250886158, -0.009891046375703098, 0.05982911440935185]], "chi2_level": 0.99, "chi2_df": 3, "chi2_threshold": 11.344866730144373, "N_raw": 92, "N_roi": 92, "N_inlier": 90, "refit": true}
{"timestamp": "15:56:01.949129", "frame": 47, "mu": [0.38396138260899604, 0.9614120518023239, 1.3639268376680143], "Sigma": [[0.003699091554217744, 0.0007616979047531899, -0.006005355080102268], [0.0007616979047531901, 0.0044258312907043545, -0.010108592454456135], [-0.006005355080102268, -0.010108592454456135, 0.03234512051851991]], "chi2_level": 0.99, "chi2_df": 3, "chi2_threshold": 11.344866730144373, "N_raw": 101, "N_roi": 101, "N_inlier": 96, "refit": true}
{"timestamp": "15:56:02.002304", "frame": 48, "mu": [0.3738010404827692, 0.9408635158400753, 1.3288507619391279], "Sigma": [[0.0056960256662871075, 0.0010272351204300939, -0.007205602762619423], [0.0010272351204300939, 0.002225803409121729, -0.007224715402067842], [-0.0072056027626194235, -0.007224715402067842, 0.05516196866720126]], "chi2_level": 0.99, "chi2_df": 3, "chi2_threshold": 11.344866730144373, "N_raw": 100, "N_roi": 100, "N_inlier": 97, "refit": true}
{"timestamp": "15:56:02.059716", "frame": 49, "mu": [0.3464602819186376, 0.8145199583483159, 1.019815218606278], "Sigma": [[0.012348885202714625, -0.01959419231821903, -0.04968565062942456], [-0.01959419231821903, 0.06675248537209993, 0.15750620200130908], [-0.049685650629424566, 0.15750620200130908, 0.5368313721895005]], "chi2_level": 0.99, "chi2_df": 3, "chi2_threshold": 11.344866730144373, "N_raw": 113, "N_roi": 113, "N_inlier": 113, "refit": true}
{"timestamp": "15:56:02.118610", "frame": 50, "mu": [0.3089924034968361, 0.8875449472837496, 1.0705195953941158], "Sigma": [[0.007047970065183095, -0.002065543325613593, -0.016526351063938023], [-0.0020655433256135934, 0.00627595081028504, 0.02970665853824709], [-0.016526351063938023, 0.029706658538247086, 0.39247260357661445]], "chi2_level": 0.99, "chi2_df": 3, "chi2_threshold": 11.344866730144373, "N_raw": 135, "N_roi": 135, "N_inlier": 130, "refit": true}
{"timestamp": "15:56:02.164721", "frame": 51, "mu": [0.18697264471995073, 0.8454714702455443, 0.9220154536255156], "Sigma": [[0.002865881229651211, -0.001549472064496254, -0.005445809960628917], [-0.001549472064496254, 0.010997828467710526, 0.07007341392186532], [-0.005445809960628917, 0.07007341392186532, 0.7034803635488435]], "chi2_level": 0.99, "chi2_df": 3, "chi2_threshold": 11.344866730144373, "N_raw": 73, "N_roi": 73, "N_inlier": 72, "refit": true}
{"timestamp": "15:56:02.225304", "frame": 52, "mu": [0.1526994368013131, 0.9477843325205804, 1.3330361373916977], "Sigma": [[0.003235715590675133, 0.00013958703644942574, -0.008251549167309316], [0.00013958703644942572, 0.0012366851404205217, -0.00397926400532101], [-0.008251549167309316, -0.003979264005321011, 0.040433982540363816]], "chi2_level": 0.99, "chi2_df": 3, "chi2_threshold": 11.344866730144373, "N_raw": 100, "N_roi": 100, "N_inlier": 96, "refit": true}
{"timestamp": "15:56:02.271697", "frame": 53, "mu": [0.08926912808414064, 0.9055806350640883, 1.4897468329379295], "Sigma": [[0.0014288389038984994, 0.0002138872396776773, -0.003242071250219217], [0.00021388723967767734, 0.0024833048871610256, -0.005117871854922511], [-0.003242071250219217, -0.005117871854922511, 0.036056132067055345]], "chi2_level": 0.99, "chi2_df": 3, "chi2_threshold": 11.344866730144373, "N_raw": 62, "N_roi": 62, "N_inlier": 56, "refit": true}
{"timestamp": "15:56:02.323438", "frame": 54, "mu": [0.21396631160976826, 0.8458743996034955, 1.313212404026367], "Sigma": [[0.002952583552718932, -0.002155402613531263, 0.007016426206230578], [-0.0021554026135312634, 0.0050402211666546425, -0.008329360569251796], [0.007016426206230578, -0.008329360569251796, 0.05609273998391953]], "chi2_level": 0.99, "chi2_df": 3, "chi2_threshold": 11.344866730144373, "N_raw": 38, "N_roi": 38, "N_inlier": 34, "refit": true}
{"timestamp": "15:56:02.385810", "frame": 55, "mu": [0.08434975854342412, 0.9184607548048495, -0.18916794580044524], "Sigma": [[0.004312606504651811, -0.0022711999160933208, 0.040383537844232625], [-0.002271199916093321, 0.006715570430121438, -0.04162916504478445], [0.04038353784423263, -0.04162916504478444, 0.6277882472087638]], "chi2_level": 0.99, "chi2_df": 3, "chi2_threshold": 11.344866730144373, "N_raw": 89, "N_roi": 89, "N_inlier": 84, "refit": true}
{"timestamp": "15:56:02.436032", "frame": 56, "mu": [0.046211818171692495, 0.8695786503592847, 1.3616271453702782], "Sigma": [[0.0022697418283511004, -0.0013771380150825999, -0.0024453997003833247], [-0.0013771380150825996, 0.003603381011811735, -0.00021643323307279352], [-0.0024453997003833247, -0.00021643323307279357, 0.004823450409618561]], "chi2_level": 0.99, "chi2_df": 3, "chi2_threshold": 11.344866730144373, "N_raw": 57, "N_roi": 57, "N_inlier": 54, "refit": true}
{"timestamp": "15:56:02.486181", "frame": 57, "mu": [0.0063812931489958015, 0.7369000873599189, 1.3202624191297434], "Sigma": [[0.0012718614433235216, -0.001926123701485049, -0.0013598897611383286], [-0.001926123701485049, 0.0045699859309365305, 0.0013162446545639975], [-0.0013598897611383286, 0.0013162446545639977, 0.0028955761605420375]], "chi2_level": 0.99, "chi2_df": 3, "chi2_threshold": 11.344866730144373, "N_raw": 33, "N_roi": 33, "N_inlier": 31, "refit": true}
{"timestamp": "15:56:02.539444", "frame": 58, "mu": [-0.2118009007722893, 0.9184576622498392, 1.0517375275531688], "Sigma": [[0.002857594205539725, -0.00032142751896827916, 0.014981401028910931], [-0.00032142751896827916, 0.0014773270791368785, -0.0004147469738425341], [0.014981401028910931, -0.0004147469738425345, 0.10630164340087764]], "chi2_level": 0.99, "chi2_df": 3, "chi2_threshold": 11.344866730144373, "N_raw": 15, "N_roi": 15, "N_inlier": 15, "refit": true}
{"timestamp": "15:56:02.600935", "frame": 59, "mu": [-0.1406292969964203, 0.8367324506787013, 1.4855299788106422], "Sigma": [[0.0028066168563327166, -0.002671310833897005, -0.0038654731554759974], [-0.002671310833897005, 0.004426742577577219, 0.0018685047677442135], [-0.003865473155475997, 0.0018685047677442137, 0.00835569207297056]], "chi2_level": 0.99, "chi2_df": 3, "chi2_threshold": 11.344866730144373, "N_raw": 67, "N_roi": 67, "N_inlier": 66, "refit": true}
{"timestamp": "15:56:02.654383", "frame": 60, "mu": [-0.1635901668003368, 0.8215501922248375, 1.4654278525325104], "Sigma": [[0.0028642417654741632, -0.0017297510423142615, -0.004967550810423975], [-0.0017297510423142615, 0.0028369068389863727, 0.0020150026252067433], [-0.004967550810423974, 0.0020150026252067433, 0.010120893586812537]], "chi2_level": 0.99, "chi2_df": 3, "chi2_threshold": 11.344866730144373, "N_raw": 53, "N_roi": 53, "N_inlier": 50, "refit": true}
{"timestamp": "15:56:02.708230", "frame": 61, "mu": [-0.26455331462208315, 0.9058185405169953, 1.360048638696591], "Sigma": [[0.0008576290160403215, 0.00022780994393383018, 0.0015259328419142267], [0.00022780994393383012, 0.001379328268892533, 0.002411796758438226], [0.0015259328419142267, 0.0024117967584382258, 0.018384470850460632]], "chi2_level": 0.99, "chi2_df": 3, "chi2_threshold": 11.344866730144373, "N_raw": 30, "N_roi": 30, "N_inlier": 28, "refit": true}
{"timestamp": "15:56:02.771844", "frame": 62, "mu": [-0.325881644092071, 0.8696717195858017, 1.5112590964573656], "Sigma": [[0.004517653851486429, -0.0012276841818331873, -0.00498924501948183], [-0.0012276841818331873, 0.003843741280929679, -0.002427034005082065], [-0.00498924501948183, -0.002427034005082065, 0.010951699268379609]], "chi2_level": 0.99, "chi2_df": 3, "chi2_threshold": 11.344866730144373, "N_raw": 101, "N_roi": 101, "N_inlier": 99, "refit": true}
{"timestamp": "15:56:02.826716", "frame": 63, "mu": [-0.3029347877080943, 0.8444001356648061, 1.4654659340030152], "Sigma": [[0.004705177943624761, -0.0030792068429311295, -0.004572732629162954], [-0.00307920684293113, 0.004973593196212974, -0.0007914316306189192], [-0.004572732629162955, -0.0007914316306189192, 0.01178661840493325]], "chi2_level": 0.99, "chi2_df": 3, "chi2_threshold": 11.344866730144373, "N_raw": 102, "N_roi": 102, "N_inlier": 99, "refit": true}
{"timestamp": "15:56:02.878573", "frame": 64, "mu": [-0.41615410677638276, 0.8849152850716009, 1.5040969464171983], "Sigma": [[0.0030735357991854913, -0.0008170700407132533, -0.001386223075129353], [-0.0008170700407132533, 0.0030061669334589653, -0.0028255377695507963], [-0.001386223075129353, -0.0028255377695507963, 0.0069741230879900975]], "chi2_level": 0.99, "chi2_df": 3, "chi2_threshold": 11.344866730144373, "N_raw": 72, "N_roi": 71, "N_inlier": 69, "refit": true}
{"timestamp": "15:56:02.927489", "frame": 65, "mu": [-0.5653293660834346, 0.844549787859448, 1.6525080181858154], "Sigma": [[0.0015008140968123284, -0.0006545402088439918, -0.00030664567700708313], [-0.0006545402088439917, 0.0020623868128792893, -0.0008900801071913296], [-0.00030664567700708313, -0.0008900801071913296, 0.0007508036655265557]], "chi2_level": 0.99, "chi2_df": 3, "chi2_threshold": 11.344866730144373, "N_raw": 31, "N_roi": 29, "N_inlier": 27, "refit": true}
{"timestamp": "15:56:02.978060", "frame": 66, "mu": [-0.6044144776115614, 0.7838287284578174, 1.5552603085908128], "Sigma": [[0.045529824363720155, 0.02347061941388949, -0.0405307621737941], [0.02347061941388949, 0.014207254238016507, -0.022907315571882726], [-0.0405307621737941, -0.022907315571882726, 0.04427835478156335]], "chi2_level": 0.99, "chi2_df": 3, "chi2_threshold": 11.344866730144373, "N_raw": 10, "N_roi": 10, "N_inlier": 10, "refit": true}
{"timestamp": "15:56:03.037209", "frame": 67, "mu": [-0.8168571493835468, 0.6696007479042699, 1.7752115555828465], "Sigma": [[0.018875583986164318, 0.012522781927094575, -0.01632230259240388], [0.012522781927094575, 0.012033125306012445, -0.015092116455488257], [-0.01632230259240388, -0.015092116455488257, 0.020408057938714814]], "chi2_level": 0.99, "chi2_df": 3, "chi2_threshold": 11.344866730144373, "N_raw": 37, "N_roi": 31, "N_inlier": 28, "refit": true}
{"timestamp": "15:56:03.091167", "frame": 68, "mu": [-0.8657977828192853, 0.6766338921414488, 1.8135894070520573], "Sigma": [[0.013757039730372586, 0.00806631968998175, -0.011212202584866486], [0.00806631968998175, 0.009685142485137561, -0.0095436596412194], [-0.011212202584866484, -0.0095436596412194, 0.01146894704808244]], "chi2_level": 0.99, "chi2_df": 3, "chi2_threshold": 11.344866730144373, "N_raw": 29, "N_roi": 29, "N_inlier": 28, "refit": true}
{"timestamp": "15:56:03.151438", "frame": 69, "mu": [-0.7697464644222118, 0.77747707277432, -0.2927435726647311], "Sigma": [[0.014925459584582619, 0.01325258313981089, 0.0015496968592783873], [0.01325258313981089, 0.02096574833238589, 0.0017148621646990428], [0.0015496968592783877, 0.0017148621646990428, 0.003849416671588898]], "chi2_level": 0.99, "chi2_df": 3, "chi2_threshold": 11.344866730144373, "N_raw": 69, "N_roi": 69, "N_inlier": 69, "refit": true}
{"timestamp": "15:56:03.203597", "frame": 70, "mu": [-0.9431621204654723, 0.6519460986062011, 1.7752410781354306], "Sigma": [[0.0049369040724401205, 0.0010296442119778508, -0.001719517896995247], [0.001029644211977851, 0.004831744496165338, -0.002832801170418749], [-0.0017195178969952472, -0.002832801170418749, 0.00231303592751049]], "chi2_level": 0.99, "chi2_df": 3, "chi2_threshold": 11.344866730144373, "N_raw": 44, "N_roi": 44, "N_inlier": 40, "refit": true}
{"timestamp": "15:56:03.258673", "frame": 71, "mu": [-0.8996486952264392, 0.703168845311148, 1.4822511727277579], "Sigma": [[0.018826909395728987, 0.009746365824180848, -0.04247580721875002], [0.009746365824180847, 0.00918332044962593, -0.03241567675078798], [-0.04247580721875002, -0.03241567675078798, 0.18954275183738897]], "chi2_level": 0.99, "chi2_df": 3, "chi2_threshold": 11.344866730144373, "N_raw": 40, "N_roi": 40, "N_inlier": 39, "refit": true}
{"timestamp": "15:56:03.322911", "frame": 72, "mu": [-0.9282612452335386, 0.7212812642310193, 1.697775587863411], "Sigma": [[0.010208973487563586, 0.003484510383894843, -0.004532594016491991], [0.0034845103838948436, 0.006640832997054232, -0.005913678178309448], [-0.004532594016491991, -0.005913678178309448, 0.0068659464872977295]], "chi2_level": 0.99, "chi2_df": 3, "chi2_threshold": 11.344866730144373, "N_raw": 103, "N_roi": 103, "N_inlier": 96, "refit": true}
{"timestamp": "15:56:03.377309", "frame": 73, "mu": [-0.9345623838732945, 0.7545810238647531, 0.37621700316245676], "Sigma": [[0.01190280307902651, -0.0012350344718482504, 0.05681953296926043], [-0.0012350344718482509, 0.005148876434780357, 0.001058638676325152], [0.05681953296926043, 0.0010586386763251545, 0.6436615205127952]], "chi2_level": 0.99, "chi2_df": 3, "chi2_threshold": 11.344866730144373, "N_raw": 104, "N_roi": 104, "N_inlier": 102, "refit": true}
{"timestamp": "15:56:03.432062", "frame": 74, "mu": [-0.96967182715438, 0.7600176126102839, -0.24692304818788255], "Sigma": [[0.011086552121372892, 0.0007887409939912333, -0.0069365929714195265], [0.0007887409939912332, 0.011538481997684744, 0.001245341612504455], [-0.006936592971419526, 0.0012453416125044548, 0.007911037855630987]], "chi2_level": 0.99, "chi2_df": 3, "chi2_threshold": 11.344866730144373, "N_raw": 98, "N_roi": 98, "N_inlier": 97, "refit": true}
{"timestamp": "15:56:03.486977", "frame": 75, "mu": [-1.0079496189838193, 0.5946959230055737, 0.07517067672181786], "Sigma": [[0.012185349919701884, 0.002266191267659715, 0.05391748078347483], [0.0022661912676597146, 0.015965821285914995, 0.046498072629915385], [0.05391748078347483, 0.046498072629915385, 0.7522712597690532]], "chi2_level": 0.99, "chi2_df": 3, "chi2_threshold": 11.344866730144373, "N_raw": 99, "N_roi": 99, "N_inlier": 99, "refit": true}
{"timestamp": "15:56:03.540172", "frame": 76, "mu": [-1.0472893706298754, 0.6265789768840372, 1.5281596421916352], "Sigma": [[0.01147896282864331, -0.000754314470389757, -0.007283567405962866], [-0.000754314470389757, 0.00965557941615962, -0.0004088289033057766], [-0.007283567405962865, -0.0004088289033057767, 0.005547368167233994]], "chi2_level": 0.99, "chi2_df": 3, "chi2_threshold": 11.344866730144373, "N_raw": 85, "N_roi": 85, "N_inlier": 82, "refit": true}
{"timestamp": "15:56:03.593937", "frame": 77, "mu": [-1.1007634431120425, 0.6843151282287423, 1.598035533136788], "Sigma": [[0.011473126624654524, -0.0008427832683342512, -0.003875903759663522], [-0.0008427832683342511, 0.007555672627680535, -0.0014161980071374898], [-0.003875903759663522, -0.0014161980071374896, 0.003220772119119669]], "chi2_level": 0.99, "chi2_df": 3, "chi2_threshold": 11.344866730144373, "N_raw": 79, "N_roi": 79, "N_inlier": 79, "refit": true}
{"timestamp": "15:56:03.647648", "frame": 78, "mu": [-1.1697298427779297, 0.7307576364092895, 1.5784144782863672], "Sigma": [[0.008548858201774827, 0.0027020934297352977, 0.000586652323168292], [0.0027020934297352973, 0.005406018175845945, -0.004708319755771352], [0.0005866523231682922, -0.004708319755771352, 0.00593522103480184]], "chi2_level": 0.99, "chi2_df": 3, "chi2_threshold": 11.344866730144373, "N_raw": 72, "N_roi": 72, "N_inlier": 71, "refit": true}
{"timestamp": "15:56:03.704433", "frame": 79, "mu": [-1.176913596384642, 0.7338896765384082, 0.08076898101285057], "Sigma": [[0.012731563183143207, 0.0034156608400659756, 0.04531898626801809], [0.003415660840065976, 0.01983676862604513, 0.03986470769327037], [0.0453189862680181, 0.03986470769327037, 0.5642594373684138]], "chi2_level": 0.99, "chi2_df": 3, "chi2_threshold": 11.344866730144373, "N_raw": 90, "N_roi": 90, "N_inlier": 90, "refit": true}
{"timestamp": "15:56:03.760978", "frame": 80, "mu": [-1.224275806221739, 0.7291880871126665, 1.5528044281012185], "Sigma": [[0.01234289684765442, 0.002229555386274891, -0.00454071074072238], [0.002229555386274891, 0.00831493136393139, -0.004848335716798569], [-0.00454071074072238, -0.004848335716798569, 0.010254457179066668]], "chi2_level": 0.99, "chi2_df": 3, "chi2_threshold": 11.344866730144373, "N_raw": 87, "N_roi": 87, "N_inlier": 84, "refit": true}
{"timestamp": "15:56:03.815115", "frame": 81, "mu": [-1.2351794661146787, 0.745755138887226, 1.513062820379059], "Sigma": [[0.008695549639581425, 0.002806073195438096, -0.0023893609037556364], [0.002806073195438096, 0.01237021742451126, -0.005670271652583553], [-0.002389360903755636, -0.0056702716525835525, 0.003344573052248602]], "chi2_level": 0.99, "chi2_df": 3, "chi2_threshold": 11.344866730144373, "N_raw": 83, "N_roi": 83, "N_inlier": 79, "refit": true}
{"timestamp": "15:56:03.868075", "frame": 82, "mu": [-1.272677940534594, 0.8060565385436544, 1.5011785255921892], "Sigma": [[0.010170147660247932, 0.0026674979330505023, -0.0041008546593553725], [0.0026674979330505023, 0.00970091022318303, -0.003574685216699133], [-0.0041008546593553725, -0.003574685216699133, 0.0031838494842306893]], "chi2_level": 0.99, "chi2_df": 3, "chi2_threshold": 11.344866730144373, "N_raw": 74, "N_roi": 74, "N_inlier": 72, "refit": true}
{"timestamp": "15:56:03.921581", "frame": 83, "mu": [-1.3443769104997156, 0.8537361135797905, -0.3516621809599628], "Sigma": [[0.008662618112593588, 0.0029726092041728784, 0.0021097775230625206], [0.0029726092041728784, 0.014567755393059986, 0.002925234893323905], [0.0021097775230625206, 0.002925234893323905, 0.006738509090926065]], "chi2_level": 0.99, "chi2_df": 3, "chi2_threshold": 11.344866730144373, "N_raw": 66, "N_roi": 66, "N_inlier": 66, "refit": true}
{"timestamp": "15:56:03.981919", "frame": 84, "mu": [-1.3031475975818514, 0.867299525260827, 1.490243129625726], "Sigma": [[0.012228082986481816, 0.004288194006424752, -0.008325043570941116], [0.004288194006424752, 0.013222968961664297, -0.008181230802359081], [-0.008325043570941116, -0.008181230802359081, 0.008415872649016082]], "chi2_level": 0.99, "chi2_df": 3, "chi2_threshold": 11.344866730144373, "N_raw": 98, "N_roi": 98, "N_inlier": 94, "refit": true}
{"timestamp": "15:56:04.032762", "frame": 85, "mu": [-1.3518349337699316, 0.8842240172688652, 1.4895843269061688], "Sigma": [[0.01270977350085614, 0.005003186147019813, -0.004526844057031153], [0.005003186147019813, 0.011277438300653165, -0.003967739563181956], [-0.004526844057031153, -0.003967739563181956, 0.002647236770367961]], "chi2_level": 0.99, "chi2_df": 3, "chi2_threshold": 11.344866730144373, "N_raw": 76, "N_roi": 76, "N_inlier": 74, "refit": true}
{"timestamp": "15:56:04.090127", "frame": 86, "mu": [-1.420913399587955, 0.8512003434242646, 1.4352988618763032], "Sigma": [[0.008520502705643215, 0.0036952724145099657, -0.0039009015087857384], [0.0036952724145099657, 0.020484280544096956, -0.001401046025613329], [-0.0039009015087857393, -0.0014010460256133291, 0.006327962611240543]], "chi2_level": 0.99, "chi2_df": 3, "chi2_threshold": 11.344866730144373, "N_raw": 69, "N_roi": 69, "N_inlier": 67, "refit": true}
