{"timestamp": "15:33:14.126578", "frame": 3, "mu": [-1.6704316735131868, 4.963005459092546, 1.0555111168346258], "Sigma": [[0.007755894380989955, -0.0008728116145989017, -2.8794593868764233e-07], [-0.0008728116145989017, 0.0006639670632208496, -0.00011154621564699019], [-2.879459386876559e-07, -0.0001115462156469902, 2.3046338893117293e-05]], "chi2_level": 0.99, "chi2_df": 3, "chi2_threshold": 11.344866730144373, "N_raw": 13, "N_roi": 6, "N_inlier": 6, "refit": true}
{"timestamp": "15:33:14.348868", "frame": 7, "mu": [-1.5721506748417242, 4.960006454925049, 0.8796164173158814], "Sigma": [[0.018537066768380624, 0.0006435525479963563, -0.010923668270206816], [0.0006435525479963563, 0.0008027975746294163, 0.0010215448581656086], [-0.010923668270206816, 0.0010215448581656086, 0.008992804761446605]], "chi2_level": 0.99, "chi2_df": 3, "chi2_threshold": 11.344866730144373, "N_raw": 28, "N_roi": 10, "N_inlier": 9, "refit": true}
{"timestamp": "15:33:14.677014", "frame": 13, "mu": [-1.5995931389028173, 4.9793452524240855, 1.1590179281828596], "Sigma": [[0.008285954589706596, -0.00043708125438129, -0.005817648714810437], [-0.00043708125438128993, 0.00028156948865241764, 0.00041624892333037746], [-0.005817648714810437, 0.0004162489233303775, 0.004762757236474228]], "chi2_level": 0.99, "chi2_df": 3, "chi2_threshold": 11.344866730144373, "N_raw": 22, "N_roi": 5, "N_inlier": 5, "refit": true}
{"timestamp": "15:33:14.732485", "frame": 14, "mu": [-1.56763761118034, 4.95101485481229, 0.8979850304395403], "Sigma": [[0.01473365554710838, 0.0024219849076874754, -0.006286391215483531], [0.0024219849076874754, 0.0006311248505401439, -0.0017337484304893308], [-0.006286391215483532, -0.0017337484304893308, 0.007616508466983813]], "chi2_level": 0.99, "chi2_df": 3, "chi2_threshold": 11.344866730144373, "N_raw": 16, "N_roi": 11, "N_inlier": 11, "refit": true}
{"timestamp": "15:33:14.842737", "frame": 16, "mu": [-1.5740371314603046, 4.94520180859969, 0.8537581135096758], "Sigma": [[0.013214786155464174, 0.002844063214700038, -0.003441649949076637], [0.0028440632147000385, 0.0015845706020188798, -0.0008810476218737963], [-0.003441649949076637, -0.0008810476218737963, 0.002429979099767575]], "chi2_level": 0.99, "chi2_df": 3, "chi2_threshold": 11.344866730144373, "N_raw": 18, "N_roi": 12, "N_inlier": 12, "refit": true}
{"timestamp": "15:33:14.958101", "frame": 18, "mu": [-1.4967940100795185, 4.9565137462239655, 0.7854283030442375], "Sigma": [[0.031395612902784774, 0.002281914916289035, -0.017081450473658083], [0.0022819149162890354, 0.0008125075191940443, -0.0015667706284268749], [-0.017081450473658083, -0.0015667706284268749, 0.01165023901639709]], "chi2_level": 0.99, "chi2_df": 3, "chi2_threshold": 11.344866730144373, "N_raw": 52, "N_roi": 18, "N_inlier": 17, "refit": true}
{"timestamp": "15:33:15.014731", "frame": 19, "mu": [-1.4463111975509828, 4.946966324908438, 0.7140579503207785], "Sigma": [[0.025334290782442658, 0.001606728855841698, -0.015623930121971292], [0.0016067288558416978, 0.0012448980747746278, -0.00018800552772500317], [-0.015623930121971294, -0.00018800552772500325, 0.011054582165647555]], "chi2_level": 0.99, "chi2_df": 3, "chi2_threshold": 11.344866730144373, "N_raw": 64, "N_roi": 14, "N_inlier": 14, "refit": true}
{"timestamp": "15:33:15.123689", "frame": 21, "mu": [-1.3394691654625548, 4.895971342664032, 0.5821838429970914], "Sigma": [[0.01921350347189441, 0.0012535441486540772, -0.01032833881399084], [0.0012535441486540772, 0.0029146503313574757, 0.002085649945593166], [-0.01032833881399084, 0.0020856499455931665, 0.009378292941251374]], "chi2_level": 0.99, "chi2_df": 3, "chi2_threshold": 11.344866730144373, "N_raw": 60, "N_roi": 20, "N_inlier": 20, "refit": true}
{"timestamp": "15:33:15.178897", "frame": 22, "mu": [-1.3506380136650011, 4.896904846747654, 0.751800851890182], "Sigma": [[0.02817748219994503, 0.004655500509677805, -0.012083211114907143], [0.004655500509677805, 0.003310783180253984, -0.002639205807470908], [-0.012083211114907143, -0.002639205807470908, 0.0074698104934362046]], "chi2_level": 0.99, "chi2_df": 3, "chi2_threshold": 11.344866730144373, "N_raw": 47, "N_roi": 34, "N_inlier": 33, "refit": true}
{"timestamp": "15:33:15.232780", "frame": 23, "mu": [-1.2846420105225198, 4.884746283487405, 0.6970978448174104], "Sigma": [[0.02792851711432174, 0.005203721402163314, -0.01137480351668066], [0.005203721402163314, 0.0029933187159770155, -0.0020052209028984724], [-0.01137480351668066, -0.0020052209028984724, 0.006985314724419771]], "chi2_level": 0.99, "chi2_df": 3, "chi2_threshold": 11.344866730144373, "N_raw": 37, "N_roi": 28, "N_inlier": 27, "refit": true}
{"timestamp": "15:33:15.290813", "frame": 24, "mu": [-1.1558226580018311, 4.884471690575323, 0.8954136792870651], "Sigma": [[0.03248955704263523, 0.003677075147442514, -0.0062627459687906685], [0.003677075147442514, 0.0034076125706456496, -0.0037145016556378837], [-0.006262745968790669, -0.0037145016556378837, 0.008018591888818644]], "chi2_level": 0.99, "chi2_df": 3, "chi2_threshold": 11.344866730144373, "N_raw": 55, "N_roi": 47, "N_inlier": 46, "refit": true}
{"timestamp": "15:33:15.341505", "frame": 25, "mu": [-0.9336722912394546, 4.785529702322393, 0.35805005185373534], "Sigma": [[0.013185942738038733, 0.0023119173610683654, -0.00558001883957291], [0.0023119173610683654, 0.005108248115199029, 0.0038527355871484964], [-0.00558001883957291, 0.0038527355871484964, 0.007895619361025178]], "chi2_level": 0.99, "chi2_df": 3, "chi2_threshold": 11.344866730144373, "N_raw": 21, "N_roi": 18, "N_inlier": 17, "refit": true}
{"timestamp": "15:33:15.396021", "frame": 26, "mu": [-1.0257126519102533, 4.617966482109135, 0.30032606689351515], "Sigma": [[0.013676561368440586, 0.001501109760788802, -0.0028419301976702603], [0.0015011097607888022, 0.00238304937664182, 0.00021072546700036051], [-0.00284193019767026, 0.0002107254670003605, 0.002753290156610229]], "chi2_level": 0.99, "chi2_df": 3, "chi2_threshold": 11.344866730144373, "N_raw": 23, "N_roi": 20, "N_inlier": 19, "refit": true}
{"timestamp": "15:33:15.452310", "frame": 27, "mu": [-0.8644152804156472, 4.688588799430588, 0.6692492499839459], "Sigma": [[0.027602742725560542, 0.005920060945519692, -0.007265445679137434], [0.005920060945519692, 0.005880543211565195, -0.0018603958786167884], [-0.007265445679137434, -0.0018603958786167882, 0.004097780150503577]], "chi2_level": 0.99, "chi2_df": 3, "chi2_threshold": 11.344866730144373, "N_raw": 36, "N_roi": 34, "N_inlier": 33, "refit": true}
{"timestamp": "15:33:15.509559", "frame": 28, "mu": [-0.8574611235543192, 4.855187762094806, -0.1815504490771004], "Sigma": [[0.028865348274352463, 0.005664597458519492, -0.007819196874856438], [0.005664597458519492, 0.0054714491909309175, 0.003330916019608428], [-0.007819196874856438, 0.0033309160196084275, 0.011958077933032512]], "chi2_level": 0.99, "chi2_df": 3, "chi2_threshold": 11.344866730144373, "N_raw": 51, "N_roi": 40, "N_inlier": 39, "refit": true}
{"timestamp": "15:33:15.566106", "frame": 29, "mu": [-0.8065016355247568, 4.656648985923226, 0.7280197704200306], "Sigma": [[0.03177420243329642, 0.0065570603866254434, -0.010190552615498337], [0.0065570603866254434, 0.006439446339277855, -0.00444432700849619], [-0.010190552615498337, -0.00444432700849619, 0.006752802794559816]], "chi2_level": 0.99, "chi2_df": 3, "chi2_threshold": 11.344866730144373, "N_raw": 57, "N_roi": 49, "N_inlier": 47, "refit": true}
{"timestamp": "15:33:15.616947", "frame": 30, "mu": [-0.7890781117151228, 4.712577544455622, -0.07594274557534], "Sigma": [[0.01716925638583615, 0.004694273030743174, -0.0006413617725838873], [0.004694273030743174, 0.005953692547279918, -0.004530013300653552], [-0.0006413617725838873, -0.004530013300653552, 0.005212109538417217]], "chi2_level": 0.99, "chi2_df": 3, "chi2_threshold": 11.344866730144373, "N_raw": 27, "N_roi": 23, "N_inlier": 23, "refit": true}
{"timestamp": "15:33:15.675692", "frame": 31, "mu": [-0.8023506570315836, 4.658801542905329, -0.266423969858021], "Sigma": [[0.03238808745358644, 0.012542767778730719, -0.01379053522279091], [0.012542767778730719, 0.010227224825598265, -0.010355528735536525], [-0.01379053522279091, -0.010355528735536525, 0.0135741971581747]], "chi2_level": 0.99, "chi2_df": 3, "chi2_threshold": 11.344866730144373, "N_raw": 60, "N_roi": 53, "N_inlier": 52, "refit": true}
{"timestamp": "15:33:15.730142", "frame": 32, "mu": [-0.7450669690460109, 4.369326019896515, 0.7523839572593811], "Sigma": [[0.03114283540517462, 0.005504380477887557, -0.006121723327130579], [0.0055043804778875565, 0.0036085004530387113, -0.003006004023301254], [-0.006121723327130578, -0.0030060040233012546, 0.010300456127258883]], "chi2_level": 0.99, "chi2_df": 3, "chi2_threshold": 11.344866730144373, "N_raw": 49, "N_roi": 44, "N_inlier": 42, "refit": true}
{"timestamp": "15:33:15.790003", "frame": 33, "mu": [-0.6074562522251473, 4.342257649873727, 0.9336326956031664], "Sigma": [[0.03439028820395791, 0.00593606137094143, 0.006247670683724459], [0.00593606137094143, 0.00627016716596293, -0.010031589486191827], [0.00624767068372446, -0.010031589486191827, 0.04085294873036552]], "chi2_level": 0.99, "chi2_df": 3, "chi2_threshold": 11.344866730144373, "N_raw": 83, "N_roi": 79, "N_inlier": 78, "refit": true}
{"timestamp": "15:33:15.839359", "frame": 34, "mu": [-0.6250858770784248, 4.379823885053361, -0.2034603823450668], "Sigma": [[0.026813411994416142, 0.004131260887034892, 0.0027607509511857285], [0.004131260887034891, 0.005109561859222874, -0.0029151065222536255], [0.0027607509511857285, -0.0029151065222536255, 0.005917082548608117]], "chi2_level": 0.99, "chi2_df": 3, "chi2_threshold": 11.344866730144373, "N_raw": 44, "N_roi": 40, "N_inlier": 37, "refit": true}
{"timestamp": "15:33:15.892837", "frame": 35, "mu": [-0.4991609138890918, 4.3013726091825015, 0.10965315077843055], "Sigma": [[0.029354794548901803, 0.003027681712243581, 0.008531906462470087], [0.003027681712243581, 0.0027735436110377797, -0.003351297556191738], [0.008531906462470087, -0.0033512975561917385, 0.012986062591332951]], "chi2_level": 0.99, "chi2_df": 3, "chi2_threshold": 11.344866730144373, "N_raw": 37, "N_roi": 31, "N_inlier": 29, "refit": true}
{"timestamp": "15:33:15.960294", "frame": 36, "mu": [-0.3426136751943896, 4.059054429464012, 0.4961485494100405], "Sigma": [[0.05559681040187356, -0.002084482104113649, -0.06431855256478292], [-0.002084482104113649, 0.0031107865033211625, 0.0031418518402302077], [-0.06431855256478292, 0.0031418518402302077, 0.1410845975089936]], "chi2_level": 0.99, "chi2_df": 3, "chi2_threshold": 11.344866730144373, "N_raw": 119, "N_roi": 94, "N_inlier": 94, "refit": true}
{"timestamp": "15:33:16.009049", "frame": 37, "mu": [-0.21531582002025856, 4.306998699420766, -0.5289180260651503], "Sigma": [[0.022586591045599354, 0.004809306499253213, -0.030775051785194428], [0.004809306499253213, 0.0071867461755797035, -0.022875375138529476], [-0.030775051785194428, -0.022875375138529476, 0.09303901528123021]], "chi2_level": 0.99, "chi2_df": 3, "chi2_threshold": 11.344866730144373, "N_raw": 69, "N_roi": 29, "N_inlier": 28, "refit": true}
{"timestamp": "15:33:16.064231", "frame": 38, "mu": [-0.3336992626891395, 3.950801456008956, 0.6580178079107225], "Sigma": [[0.046680261787986926, 0.005693662546405277, -0.03553012714488666], [0.005693662546405279, 0.00528150072255944, -0.009758402756129535], [-0.03553012714488667, -0.009758402756129535, 0.03771268430631678]], "chi2_level": 0.99, "chi2_df": 3, "chi2_threshold": 11.344866730144373, "N_raw": 80, "N_roi": 80, "N_inlier": 80, "refit": true}
{"timestamp": "15:33:16.121825", "frame": 39, "mu": [-0.2554776850003947, 3.900067667830059, 0.6224854359301779], "Sigma": [[0.03441110026428246, 0.007885894864904448, -0.012036678235762087], [0.007885894864904448, 0.00969937114845623, -0.005889221641058169], [-0.012036678235762086, -0.005889221641058169, 0.009726350051384128]], "chi2_level": 0.99, "chi2_df": 3, "chi2_threshold": 11.344866730144373, "N_raw": 91, "N_roi": 82, "N_inlier": 82, "refit": true}
{"timestamp": "15:33:16.170703", "frame": 40, "mu": [-0.27460389993098233, 3.8620728937762077, 0.7592859976849523], "Sigma": [[0.020776325627486568, 0.005512074343990533, -0.0017760966006127859], [0.005512074343990533, 0.005123355836745896, -0.002920614562314769], [-0.0017760966006127856, -0.0029206145623147696, 0.0036095880824336965]], "chi2_level": 0.99, "chi2_df": 3, "chi2_threshold": 11.344866730144373, "N_raw": 50, "N_roi": 46, "N_inlier": 45, "refit": true}
{"timestamp": "15:33:16.225949", "frame": 41, "mu": [-0.2668404608774626, 3.8515971966787017, -0.6840885946695737], "Sigma": [[0.025673647303574215, 0.01751967999876794, 0.06485577994914805], [0.01751967999876794, 0.021238971102108973, 0.05692881650695593], [0.06485577994914805, 0.05692881650695593, 0.2425067257602427]], "chi2_level": 0.99, "chi2_df": 3, "chi2_threshold": 11.344866730144373, "N_raw": 59, "N_roi": 59, "N_inlier": 56, "refit": true}
{"timestamp": "15:33:16.283344", "frame": 42, "mu": [-0.07717608799146132, 3.745089048309057, 0.8475680769167412], "Sigma": [[0.024876339694872025, 0.0028343421528173956, 0.004017280211862376], [0.002834342152817395, 0.005656491472638226, -0.004955047862867848], [0.004017280211862376, -0.004955047862867849, 0.013385831450241603]], "chi2_level": 0.99, "chi2_df": 3, "chi2_threshold": 11.344866730144373, "N_raw": 74, "N_roi": 74, "N_inlier": 71, "refit": true}
{"timestamp": "15:33:16.338575", "frame": 43, "mu": [0.04794314555577146, 3.9070428813998728, -0.1563229570888315], "Sigma": [[0.03194402875122657, 0.01470905420001996, -0.009182471299245527], [0.01470905420001996, 0.018411542549380214, -0.01053757730453251], [-0.009182471299245525, -0.010537577304532508, 0.01345219293137872]], "chi2_level": 0.99, "chi2_df": 3, "chi2_threshold": 11.344866730144373, "N_raw": 74, "N_roi": 74, "N_inlier": 71, "refit": true}
{"timestamp": "15:33:16.395113", "frame": 44, "mu": [0.04511556335040689, 3.627398853047455, 0.8313367237179584], "Sigma": [[0.0341263229416265, 0.005858582520236183, -0.007652227308037442], [0.005858582520236183, 0.009140420740742198, -0.0033101051207926648], [-0.007652227308037443, -0.0033101051207926648, 0.023018441493939792]], "chi2_level": 0.99, "chi2_df": 3, "chi2_threshold": 11.344866730144373, "N_raw": 85, "N_roi": 85, "N_inlier": 81, "refit": true}
{"timestamp": "15:33:16.451511", "frame": 45, "mu": [0.14057125108849844, 3.5297069876276566, 0.718638373931609], "Sigma": [[0.03201587104480631, 0.01272565427590866, 0.007715961975541835], [0.01272565427590866, 0.017551985654863395, 0.005351271835137339], [0.007715961975541835, 0.005351271835137339, 0.06351417587760534]], "chi2_level": 0.99, "chi2_df": 3, "chi2_threshold": 11.344866730144373, "N_raw": 95, "N_roi": 93, "N_inlier": 93, "refit": true}
{"timestamp": "15:33:16.507516", "frame": 46, "mu": [0.27870883252307505, 3.4798419649427386, 0.7975424270756271], "Sigma": [[0.02897499058899268, 0.006060582172750462, -0.011767966561794057], [0.0060605821727504625, 0.007896995746554565, -0.011350178173882643], [-0.011767966561794057, -0.011350178173882642, 0.05217503669693246]], "chi2_level": 0.99, "chi2_df": 3, "chi2_threshold": 11.344866730144373, "N_raw": 99, "N_roi": 99, "N_inlier": 99, "refit": true}
{"timestamp": "15:33:16.560914", "frame": 47, "mu": [0.3039993690394378, 3.370643786763697, 0.8236447893644426], "Sigma": [[0.017446087407685894, 0.0053889745914812255, -0.0030410898669792994], [0.005388974591481226, 0.005839355971140441, -0.009985970530373922], [-0.0030410898669792994, -0.009985970530373922, 0.06543429299710288]], "chi2_level": 0.99, "chi2_df": 3, "chi2_threshold": 11.344866730144373, "N_raw": 84, "N_roi": 81, "N_inlier": 80, "refit": true}
{"timestamp": "15:33:16.613142", "frame": 48, "mu": [0.31223689532677784, 3.2962335230725364, 0.9445978397821703], "Sigma": [[0.019315265483782325, -0.000434133983304639, 4.2380123983762504e-05], [-0.0004341339833046389, 0.0018779840616948136, -0.0062721018014392895], [4.2380123983762666e-05, -0.0062721018014392895, 0.03246962258630189]], "chi2_level": 0.99, "chi2_df": 3, "chi2_threshold": 11.344866730144373, "N_raw": 73, "N_roi": 71, "N_inlier": 71, "refit": true}
{"timestamp": "15:33:16.665742", "frame": 49, "mu": [0.3789702132690176, 3.191583296246884, 0.9380938856832214], "Sigma": [[0.010438188325092612, -0.0020096393961355125, -0.0030464757754797944], [-0.002009639396135512, 0.003992372561383871, 0.013747497128643493], [-0.0030464757754797944, 0.013747497128643493, 0.14138048932945135]], "chi2_level": 0.99, "chi2_df": 3, "chi2_threshold": 11.344866730144373, "N_raw": 58, "N_roi": 55, "N_inlier": 55, "refit": true}
{"timestamp": "15:33:16.721949", "frame": 50, "mu": [0.39779752252188455, 3.0907112804847765, 0.7945966907800232], "Sigma": [[0.015702995673952377, -0.002463653958761021, -0.006174293144715803], [-0.002463653958761021, 0.004906867531760932, -0.006400161172515737], [-0.0061742931447158035, -0.006400161172515738, 0.03537334921956358]], "chi2_level": 0.99, "chi2_df": 3, "chi2_threshold": 11.344866730144373, "N_raw": 62, "N_roi": 59, "N_inlier": 55, "refit": true}
{"timestamp": "15:33:16.775971", "frame": 51, "mu": [0.44060210163037955, 3.033634422300687, 0.8958391588501033], "Sigma": [[0.014226620826567145, -0.0004265272159755279, 0.0035242008942139697], [-0.0004265272159755279, 0.0030062781235425107, -0.0030598973780142803], [0.0035242008942139697, -0.0030598973780142803, 0.005567248157679433]], "chi2_level": 0.99, "chi2_df": 3, "chi2_threshold": 11.344866730144373, "N_raw": 57, "N_roi": 54, "N_inlier": 52, "refit": true}
{"timestamp": "15:33:16.837742", "frame": 52, "mu": [0.6274876768979956, 3.0154115773007892, 0.7667080495412555], "Sigma": [[0.02451845686219343, 0.0055143104226055804, -0.011818010287556208], [0.0055143104226055804, 0.009413433469631685, -0.010248539570647771], [-0.011818010287556208, -0.010248539570647771, 0.021731309256893674]], "chi2_level": 0.99, "chi2_df": 3, "chi2_threshold": 11.344866730144373, "N_raw": 103, "N_roi": 97, "N_inlier": 95, "refit": true}
{"timestamp": "15:33:16.889587", "frame": 53, "mu": [0.6325139420132702, 2.9804818815126413, 0.9469554750037079], "Sigma": [[0.024833720136969488, 3.211233418560079e-05, -0.02044403640955781], [3.211233418560079e-05, 0.0032788780063818922, -0.0020379691158984234], [-0.02044403640955781, -0.002037969115898423, 0.03169387592032734]], "chi2_level": 0.99, "chi2_df": 3, "chi2_threshold": 11.344866730144373, "N_raw": 77, "N_roi": 77, "N_inlier": 72, "refit": true}
{"timestamp": "15:33:16.944693", "frame": 54, "mu": [0.6025725775938641, 3.0222511090192743, -0.189968662046481], "Sigma": [[0.015797558042196045, -0.0002123519169673503, 0.00011536802537885746], [-0.00021235191696735052, 0.0074782168317408864, 0.00253890616113026], [0.00011536802537885735, 0.00253890616113026, 0.0036176576906726586]], "chi2_level": 0.99, "chi2_df": 3, "chi2_threshold": 11.344866730144373, "N_raw": 79, "N_roi": 72, "N_inlier": 69, "refit": true}
{"timestamp": "15:33:16.997125", "frame": 55, "mu": [0.8924050851083056, 2.960653360316172, -0.6791578049083768], "Sigma": [[0.039842217533283486, 0.005376224522274023, -0.07872352107550099], [0.005376224522274023, 0.006770812776388624, -0.02556371511445946], [-0.07872352107550099, -0.025563715114459463, 0.22211260184027543]], "chi2_level": 0.99, "chi2_df": 3, "chi2_threshold": 11.344866730144373, "N_raw": 68, "N_roi": 65, "N_inlier": 63, "refit": true}
{"timestamp": "15:33:17.054583", "frame": 56, "mu": [0.8032785204236409, 2.70224015746032, 0.8915251710216804], "Sigma": [[0.019457087181525445, 0.001577517267212353, -0.00351483067867512], [0.0015775172672123532, 0.004906457349555907, -0.004478847154957874], [-0.0035148306786751205, -0.004478847154957874, 0.013993961875291701]], "chi2_level": 0.99, "chi2_df": 3, "chi2_threshold": 11.344866730144373, "N_raw": 79, "N_roi": 72, "N_inlier": 66, "refit": true}
{"timestamp": "15:33:17.100117", "frame": 57, "mu": [1.005582959097296, 2.643346423398131, 0.4910382064783101], "Sigma": [[0.007224243141526831, 0.0006416857615021562, -0.050882613572614796], [0.000641685761502156, 0.002211588285989172, -0.0035716252476835145], [-0.0508826135726148, -0.0035716252476835158, 0.445305912080517]], "chi2_level": 0.99, "chi2_df": 3, "chi2_threshold": 11.344866730144373, "N_raw": 14, "N_roi": 10, "N_inlier": 10, "refit": true}
{"timestamp": "15:33:17.156583", "frame": 58, "mu": [1.0038104036299516, 2.5960547051561775, 1.0455989338130403], "Sigma": [[0.005561671341612757, -0.0010225169528244955, -0.01527093210735087], [-0.0010225169528244955, 0.0011329396755162984, 0.0030618020029129387], [-0.015270932107350869, 0.003061802002912938, 0.2593011750448995]], "chi2_level": 0.99, "chi2_df": 3, "chi2_threshold": 11.344866730144373, "N_raw": 30, "N_roi": 25, "N_inlier": 25, "refit": true}
{"timestamp": "15:33:17.209842", "frame": 59, "mu": [1.0915726810146646, 2.442791315468265, 0.25638861431629], "Sigma": [[0.007894825519818429, -0.005893961232290182, -0.04174015601666238], [-0.005893961232290183, 0.006362157926223405, 0.04334943851881013], [-0.04174015601666238, 0.04334943851881013, 0.5430748032029163]], "chi2_level": 0.99, "chi2_df": 3, "chi2_threshold": 11.344866730144373, "N_raw": 15, "N_roi": 11, "N_inlier": 10, "refit": true}
{"timestamp": "15:33:17.267164", "frame": 60, "mu": [1.1431701925530153, 2.4961193996701967, 1.095399822939193], "Sigma": [[0.012349903346730829, 0.0019433593787816768, 0.0033617928099805116], [0.0019433593787816768, 0.003053460944640171, 0.0017357163660850915], [0.0033617928099805116, 0.0017357163660850913, 0.005134576373842823]], "chi2_level": 0.99, "chi2_df": 3, "chi2_threshold": 11.344866730144373, "N_raw": 35, "N_roi": 31, "N_inlier": 28, "refit": true}
{"timestamp": "15:33:17.326456", "frame": 61, "mu": [1.152089407912243, 2.403853057915671, 1.0229604397629253], "Sigma": [[0.012883385738695189, -0.005106857567675411, -0.009625147525276597], [-0.005106857567675411, 0.003847772866701867, -0.0007900955238927224], [-0.009625147525276597, -0.0007900955238927224, 0.02159521223901527]], "chi2_level": 0.99, "chi2_df": 3, "chi2_threshold": 11.344866730144373, "N_raw": 65, "N_roi": 63, "N_inlier": 60, "refit": true}
{"timestamp": "15:33:17.381003", "frame": 62, "mu": [1.1763848355704047, 2.299500675135671, 0.8914152579408436], "Sigma": [[0.011564955813819467, -0.0014963823274830221, -0.002365017351086576], [-0.0014963823274830221, 0.00418541174960563, -0.0004722390863308985], [-0.002365017351086576, -0.00047223908633089854, 0.0013552994755808318]], "chi2_level": 0.99, "chi2_df": 3, "chi2_threshold": 11.344866730144373, "N_raw": 48, "N_roi": 45, "N_inlier": 43, "refit": true}
{"timestamp": "15:33:17.437005", "frame": 63, "mu": [1.273827284660321, 2.2672281473934657, 1.0453236715376506], "Sigma": [[0.011525418617534334, -0.00508315107638761, -0.003126773407316747], [-0.005083151076387609, 0.003274453730154188, -0.003198819137855013], [-0.0031267734073167474, -0.0031988191378550124, 0.03394283336468541]], "chi2_level": 0.99, "chi2_df": 3, "chi2_threshold": 11.344866730144373, "N_raw": 67, "N_roi": 67, "N_inlier": 64, "refit": true}
{"timestamp": "15:33:17.489239", "frame": 64, "mu": [1.2810428057516083, 2.176950246894461, 0.9221264064054566], "Sigma": [[0.009602564852685751, -0.00467050740814271, -0.004794650009090189], [-0.00467050740814271, 0.00379455701079324, -0.0004107144013700874], [-0.004794650009090188, -0.00041071440137008735, 0.009747006950497674]], "chi2_level": 0.99, "chi2_df": 3, "chi2_threshold": 11.344866730144373, "N_raw": 47, "N_roi": 47, "N_inlier": 44, "refit": true}
{"timestamp": "15:33:17.542019", "frame": 65, "mu": [1.361550283334966, 2.170088516919226, 0.9934445370072111], "Sigma": [[0.007881874995261705, -0.003735718524990192, -0.005149331174941948], [-0.003735718524990192, 0.003292146129194765, 0.0005427349831599398], [-0.005149331174941948, 0.0005427349831599398, 0.010887558729818695]], "chi2_level": 0.99, "chi2_df": 3, "chi2_threshold": 11.344866730144373, "N_raw": 33, "N_roi": 31, "N_inlier": 29, "refit": true}
{"timestamp": "15:33:17.593981", "frame": 66, "mu": [1.464946685901882, 2.0401242937826094, 0.7811783007728815], "Sigma": [[0.0044420878746602764, -0.004359095485100712, -0.014232448888041385], [-0.0043590954851007125, 0.00920021468430984, 0.012087314495185459], [-0.014232448888041387, 0.01208731449518546, 0.20462319914350469]], "chi2_level": 0.99, "chi2_df": 3, "chi2_threshold": 11.344866730144373, "N_raw": 13, "N_roi": 13, "N_inlier": 12, "refit": true}
{"timestamp": "15:33:17.648988", "frame": 67, "mu": [1.4963945393269409, 2.1149364853401265, 0.8974408882004073], "Sigma": [[0.0025798082712180943, -0.0018751348918371363, -0.01785285772211703], [-0.0018751348918371363, 0.006883202879530372, 0.009960902446846462], [-0.017852857722117026, 0.009960902446846463, 0.5423512598525143]], "chi2_level": 0.99, "chi2_df": 3, "chi2_threshold": 11.344866730144373, "N_raw": 10, "N_roi": 9, "N_inlier": 9, "refit": true}
{"timestamp": "15:33:17.701518", "frame": 68, "mu": [1.3023721478214925, 1.7951325137609397, 1.3250802311602485], "Sigma": [[0.2076722509788705, 0.2553013054488644, -0.1330781614194572], [0.2553013054488644, 0.3151446564294271, -0.16776287896422776], [-0.1330781614194572, -0.16776287896422779, 0.1537710853054994]], "chi2_level": 0.99, "chi2_df": 3, "chi2_threshold": 11.344866730144373, "N_raw": 6, "N_roi": 6, "N_inlier": 6, "refit": true}
{"timestamp": "15:33:17.761580", "frame": 69, "mu": [1.5718230197717602, 2.0101182628733536, 1.5815562291972958], "Sigma": [[0.005864524749562098, -0.0029057833025525406, 0.00332643809652373], [-0.0029057833025525406, 0.005274557014913048, -0.0036131935352582472], [0.0033264380965237297, -0.0036131935352582472, 0.004831837183742252]], "chi2_level": 0.99, "chi2_df": 3, "chi2_threshold": 11.344866730144373, "N_raw": 33, "N_roi": 33, "N_inlier": 32, "refit": true}
{"timestamp": "15:33:17.813096", "frame": 70, "mu": [1.5997661717691125, 1.9370336377926085, 1.4248715703730435], "Sigma": [[0.00012542009507091997, 0.0005120922380698578, -0.0018817371873017933], [0.0005120922380698579, 0.004943639115458392, 0.0006039753482342735], [-0.0018817371873017933, 0.000603975348234274, 0.07023644875728244]], "chi2_level": 0.99, "chi2_df": 3, "chi2_threshold": 11.344866730144373, "N_raw": 5, "N_roi": 5, "N_inlier": 5, "refit": true}
{"timestamp": "15:33:17.922522", "frame": 72, "mu": [1.7417001054225683, 1.8211148215187012, 1.4849147855757716], "Sigma": [[0.0003963194471276912, 2.1415531270923546e-05, 0.003383575573616381], [2.1415531270923573e-05, 0.003564488676267627, -0.00633783981326199], [0.003383575573616382, -0.0063378398132619895, 0.06660671297090362]], "chi2_level": 0.99, "chi2_df": 3, "chi2_threshold": 11.344866730144373, "N_raw": 5, "N_roi": 5, "N_inlier": 5, "refit": true}
{"timestamp": "15:33:18.087822", "frame": 75, "mu": [1.661975675407247, 1.5195351976866394, -0.0383852655458078], "Sigma": [[0.49235473085901, 0.37001173508124674, -0.04394168899149137], [0.3700117350812468, 0.28518794158940824, -0.04558203314238371], [-0.04394168899149137, -0.04558203314238371, 0.03625026154339242]], "chi2_level": 0.99, "chi2_df": 3, "chi2_threshold": 11.344866730144373, "N_raw": 5, "N_roi": 5, "N_inlier": 5, "refit": true}
