{"timestamp": "14:09:32.164786", "frame": 2, "mu": [0.7711494199002759, 1.3922388774031829, 1.488226625850734], "Sigma": [[0.0035638973204428614, -0.0018468682417269377, -0.005593656315043791], [-0.0018468682417269377, 0.0019265355121508628, 0.0029918553264542845], [-0.005593656315043791, 0.0029918553264542845, 0.013295413117886476]], "chi2_level": 0.95, "chi2_df": 3, "chi2_threshold": 7.814727903251179, "N_raw": 22, "N_roi": 22, "N_inlier": 20, "refit": true}
{"timestamp": "14:09:32.223330", "frame": 3, "mu": [0.7850677782377476, 1.3945664203095394, 1.5495864596146869], "Sigma": [[0.004319252247387787, -0.0015472974912263489, -0.0013741322516821728], [-0.0015472974912263489, 0.004463710074002277, 0.0005279657162944233], [-0.0013741322516821728, 0.0005279657162944233, 0.0006399938840380458]], "chi2_level": 0.95, "chi2_df": 3, "chi2_threshold": 7.814727903251179, "N_raw": 43, "N_roi": 43, "N_inlier": 40, "refit": true}
{"timestamp": "14:09:32.276256", "frame": 4, "mu": [0.7967669156876449, 1.4049518724534713, 1.5652884128254394], "Sigma": [[0.0034440235805037406, -0.0012934716887279532, -0.0010307072551491792], [-0.0012934716887279532, 0.0023973470185450034, 0.0003619460150811068], [-0.0010307072551491792, 0.0003619460150811068, 0.0011695149651243509]], "chi2_level": 0.95, "chi2_df": 3, "chi2_threshold": 7.814727903251179, "N_raw": 27, "N_roi": 27, "N_inlier": 25, "refit": true}
{"timestamp": "14:09:32.333769", "frame": 5, "mu": [0.7996147829544032, 1.3706137822363325, 1.467628643532532], "Sigma": [[0.004332751772585651, -0.0006781995505761712, -0.0018518945140698411], [-0.0006781995505761712, 0.004975442161481813, 4.623073986643951e-05], [-0.0018518945140698411, 4.623073986643957e-05, 0.0010742458067331425]], "chi2_level": 0.95, "chi2_df": 3, "chi2_threshold": 7.814727903251179, "N_raw": 49, "N_roi": 49, "N_inlier": 46, "refit": true}
{"timestamp": "14:09:32.391145", "frame": 6, "mu": [0.814732651233133, 1.4159298173920514, -0.3005819019473117], "Sigma": [[0.006038936422352748, 0.0009637526938364245, 0.0027664083002838695], [0.0009637526938364243, 0.0028302576519573333, 0.0010718050976035592], [0.0027664083002838695, 0.001071805097603559, 0.01965039535196703]], "chi2_level": 0.95, "chi2_df": 3, "chi2_threshold": 7.814727903251179, "N_raw": 48, "N_roi": 48, "N_inlier": 44, "refit": true}
{"timestamp": "14:09:32.452064", "frame": 7, "mu": [0.826729756160458, 1.3859180449564217, 1.2362691341796606], "Sigma": [[0.007812707532219148, -0.0011118409917693062, -0.010713423612340895], [-0.0011118409917693064, 0.005967000384518936, -0.013844460106698167], [-0.010713423612340895, -0.013844460106698167, 0.1424801881022938]], "chi2_level": 0.95, "chi2_df": 3, "chi2_threshold": 7.814727903251179, "N_raw": 89, "N_roi": 89, "N_inlier": 87, "refit": true}
{"timestamp": "14:09:32.508396", "frame": 8, "mu": [0.8339313139725133, 1.337405001195988, 1.0441423563787742], "Sigma": [[0.007963034702874794, -0.004705804070397411, -0.022840197252261545], [-0.004705804070397411, 0.01393569098243464, 0.05645033937775277], [-0.022840197252261545, 0.05645033937775277, 0.41168635954595895]], "chi2_level": 0.95, "chi2_df": 3, "chi2_threshold": 7.814727903251179, "N_raw": 89, "N_roi": 89, "N_inlier": 86, "refit": true}
{"timestamp": "14:09:32.559240", "frame": 9, "mu": [0.8416964382402968, 1.3316068504334708, 0.33305835069158984], "Sigma": [[0.012526640911402572, -0.017129772419013815, -0.03180912900662217], [-0.017129772419013815, 0.03353573275805563, 0.0666518494466098], [-0.03180912900662217, 0.06665184944660982, 0.15927538428201768]], "chi2_level": 0.95, "chi2_df": 3, "chi2_threshold": 7.814727903251179, "N_raw": 63, "N_roi": 63, "N_inlier": 60, "refit": true}
{"timestamp": "14:09:32.613008", "frame": 10, "mu": [0.7569528795621587, 1.6605687388900052, -0.8906121327012158], "Sigma": [[0.014271709585583338, -0.007789805511224061, -0.03591946197821552], [-0.00778980551122406, 0.021228375478901773, -0.02888596310551487], [-0.03591946197821552, -0.028885963105514872, 0.26654330465633186]], "chi2_level": 0.95, "chi2_df": 3, "chi2_threshold": 7.814727903251179, "N_raw": 53, "N_roi": 53, "N_inlier": 51, "refit": true}
{"timestamp": "14:09:32.666448", "frame": 11, "mu": [0.8522350139842034, 1.2762107599157393, 0.8847499559522896], "Sigma": [[0.003951224938377979, -0.0037567920214678224, -0.02133360597584616], [-0.0037567920214678224, 0.010001397139149987, 0.05868472436459225], [-0.02133360597584616, 0.05868472436459225, 0.4917819043693596]], "chi2_level": 0.95, "chi2_df": 3, "chi2_threshold": 7.814727903251179, "N_raw": 44, "N_roi": 44, "N_inlier": 40, "refit": true}
{"timestamp": "14:09:32.730922", "frame": 12, "mu": [0.7471454661299333, 1.3392889238822123, 0.9214887785279501], "Sigma": [[0.00863604928586765, -0.0017914635111599183, 0.022644752947824802], [-0.0017914635111599185, 0.01374481866481689, 0.03562809217648801], [0.022644752947824802, 0.03562809217648801, 0.40432295875061486]], "chi2_level": 0.95, "chi2_df": 3, "chi2_threshold": 7.814727903251179, "N_raw": 114, "N_roi": 114, "N_inlier": 112, "refit": true}
{"timestamp": "14:09:32.789187", "frame": 13, "mu": [0.704579693221629, 1.3409746776906495, 0.7912463897814113], "Sigma": [[0.008296667342824462, -0.0028626187858101257, 0.019338457235362615], [-0.0028626187858101257, 0.011603556193653683, 0.03660897904769405], [0.019338457235362615, 0.03660897904769404, 0.4468489947699553]], "chi2_level": 0.95, "chi2_df": 3, "chi2_threshold": 7.814727903251179, "N_raw": 128, "N_roi": 128, "N_inlier": 124, "refit": true}
{"timestamp": "14:09:32.835686", "frame": 14, "mu": [0.6480620605431376, 1.3944957146547141, 1.0032904203673225], "Sigma": [[0.0059564757032638605, -0.00032058010979293895, 0.004836953184734925], [-0.00032058010979293906, 0.007464923150806714, 0.051757649244674055], [0.00483695318473493, 0.051757649244674055, 0.5746918715163445]], "chi2_level": 0.95, "chi2_df": 3, "chi2_threshold": 7.814727903251179, "N_raw": 66, "N_roi": 66, "N_inlier": 63, "refit": true}
{"timestamp": "14:09:32.889552", "frame": 15, "mu": [0.7320628361614177, 1.3526734068629067, 1.3538192837550342], "Sigma": [[0.005502549710430015, -0.0012413302221800375, -0.003240468793082013], [-0.0012413302221800375, 0.0033933145352146353, -0.0012220853899718785], [-0.003240468793082013, -0.0012220853899718783, 0.007100314620112226]], "chi2_level": 0.95, "chi2_df": 3, "chi2_threshold": 7.814727903251179, "N_raw": 61, "N_roi": 61, "N_inlier": 55, "refit": true}
{"timestamp": "14:09:32.946226", "frame": 16, "mu": [0.6444569880699045, 1.5777697024784174, -0.7737338092203665], "Sigma": [[0.009904473875006497, -0.010641676477591601, 0.04195206418841066], [-0.0106416764775916, 0.0311798321209387, -0.14462789097506404], [0.04195206418841066, -0.14462789097506407, 0.7581749070766567]], "chi2_level": 0.95, "chi2_df": 3, "chi2_threshold": 7.814727903251179, "N_raw": 75, "N_roi": 75, "N_inlier": 73, "refit": true}
{"timestamp": "14:09:32.993589", "frame": 17, "mu": [0.5927159722434472, 1.3428739083000094, 1.057367692048868], "Sigma": [[0.010413818928782589, -0.006666003866428695, -0.041445068196809765], [-0.006666003866428695, 0.0079200880145564, 0.05343839402532753], [-0.041445068196809765, 0.05343839402532752, 0.47544037124566585]], "chi2_level": 0.95, "chi2_df": 3, "chi2_threshold": 7.814727903251179, "N_raw": 22, "N_roi": 22, "N_inlier": 20, "refit": true}
{"timestamp": "14:09:33.058289", "frame": 18, "mu": [0.6083134711275197, 1.420015387683556, -0.11632350730808906], "Sigma": [[0.005139890368777096, -0.001967540346977376, 0.03482780713930443], [-0.001967540346977376, 0.010341929579859537, -0.04605006495904321], [0.03482780713930443, -0.04605006495904321, 0.672871122079309]], "chi2_level": 0.95, "chi2_df": 3, "chi2_threshold": 7.814727903251179, "N_raw": 92, "N_roi": 92, "N_inlier": 86, "refit": true}
{"timestamp": "14:09:33.107584", "frame": 19, "mu": [0.5282589519380316, 1.3737768594509743, 0.9861247583506917], "Sigma": [[0.004917435900075755, -0.005209079113671701, -0.005656819577328562], [-0.005209079113671701, 0.007652233971247043, 0.0026038123908692892], [-0.005656819577328562, 0.0026038123908692892, 0.026353296769452764]], "chi2_level": 0.95, "chi2_df": 3, "chi2_threshold": 7.814727903251179, "N_raw": 55, "N_roi": 55, "N_inlier": 50, "refit": true}
{"timestamp": "14:09:33.164352", "frame": 20, "mu": [0.5217608267814158, 1.3372575702151328, 1.251550148424209], "Sigma": [[0.006651192797743936, -0.005946060340223704, -0.017923621272860263], [-0.005946060340223704, 0.009619371831307528, 0.024569512416195788], [-0.017923621272860263, 0.024569512416195788, 0.08914582689205809]], "chi2_level": 0.95, "chi2_df": 3, "chi2_threshold": 7.814727903251179, "N_raw": 68, "N_roi": 68, "N_inlier": 62, "refit": true}
{"timestamp": "14:09:33.219077", "frame": 21, "mu": [0.48396012712562236, 1.332856740478367, 1.2421534498627402], "Sigma": [[0.003267785314004972, -0.0008742465203630215, -0.004713513863854299], [-0.0008742465203630216, 0.004937070757200652, 0.013474940635681264], [-0.004713513863854299, 0.013474940635681264, 0.08207895732502511]], "chi2_level": 0.95, "chi2_df": 3, "chi2_threshold": 7.814727903251179, "N_raw": 67, "N_roi": 67, "N_inlier": 64, "refit": true}
{"timestamp": "14:09:33.275155", "frame": 22, "mu": [0.455454634760554, 1.354288365085369, 1.3548266740614106], "Sigma": [[0.005270425576241547, 0.0005102913474318181, -0.0028516216459023346], [0.0005102913474318183, 0.004282159729323454, -0.0032580663914502247], [-0.0028516216459023346, -0.003258066391450225, 0.004305694977622367]], "chi2_level": 0.95, "chi2_df": 3, "chi2_threshold": 7.814727903251179, "N_raw": 71, "N_roi": 71, "N_inlier": 69, "refit": true}
{"timestamp": "14:09:33.321561", "frame": 23, "mu": [0.38229264951292485, 1.284152723393071, 0.6699891661527784], "Sigma": [[0.005717034879262169, -0.0017005892730804265, 0.024842767445317174], [-0.0017005892730804265, 0.002199552966988077, -0.01055838871979225], [0.024842767445317174, -0.010558388719792249, 0.4042503865684594]], "chi2_level": 0.95, "chi2_df": 3, "chi2_threshold": 7.814727903251179, "N_raw": 18, "N_roi": 18, "N_inlier": 17, "refit": true}
{"timestamp": "14:09:33.381503", "frame": 24, "mu": [0.34672755444285247, 1.3839506145760478, 1.4236059242005679], "Sigma": [[0.0029095419691935282, -0.0009510366171981674, -0.003353121556426395], [-0.0009510366171981673, 0.0032244705186919922, -0.0011405185991362394], [-0.003353121556426395, -0.0011405185991362396, 0.010958090141094614]], "chi2_level": 0.95, "chi2_df": 3, "chi2_threshold": 7.814727903251179, "N_raw": 52, "N_roi": 52, "N_inlier": 48, "refit": true}
{"timestamp": "14:09:33.435875", "frame": 25, "mu": [0.30006483063629324, 1.4809173593223526, -0.17022174404698717], "Sigma": [[0.0029414104123009367, -0.00025851800520678304, -0.002736399230013269], [-0.00025851800520678304, 0.003678163213847249, -0.0015768512940936086], [-0.0027363992300132693, -0.0015768512940936086, 0.010556672336557651]], "chi2_level": 0.95, "chi2_df": 3, "chi2_threshold": 7.814727903251179, "N_raw": 49, "N_roi": 49, "N_inlier": 43, "refit": true}
{"timestamp": "14:09:33.491806", "frame": 26, "mu": [0.26307266292677783, 1.4278413803185914, 1.444250369741001], "Sigma": [[0.0025302701079860713, -0.00043189773640479835, -0.0013766959153727496], [-0.0004318977364047984, 0.0033907092263601116, -0.004177763364715434], [-0.0013766959153727496, -0.004177763364715434, 0.009605811106188121]], "chi2_level": 0.95, "chi2_df": 3, "chi2_threshold": 7.814727903251179, "N_raw": 57, "N_roi": 57, "N_inlier": 54, "refit": true}
{"timestamp": "14:09:33.548296", "frame": 27, "mu": [0.30541990168006994, 1.319223496072504, 1.1668169059287743], "Sigma": [[0.0058948168398097935, -0.0011477924572495248, -0.011091564204507494], [-0.0011477924572495248, 0.007669185254285883, 0.0042008067844665955], [-0.011091564204507494, 0.0042008067844665955, 0.031177534955485486]], "chi2_level": 0.95, "chi2_df": 3, "chi2_threshold": 7.814727903251179, "N_raw": 59, "N_roi": 59, "N_inlier": 56, "refit": true}
{"timestamp": "14:09:33.598407", "frame": 28, "mu": [0.1519329269148676, 1.4118490263866406, 1.2619891567647616], "Sigma": [[0.005606550686926667, -0.0005520861514204264, 0.02806681269765668], [-0.0005520861514204264, 0.001685431796267655, 0.0015991523082874006], [0.028066812697656682, 0.0015991523082874008, 0.1973514379216224]], "chi2_level": 0.95, "chi2_df": 3, "chi2_threshold": 7.814727903251179, "N_raw": 23, "N_roi": 23, "N_inlier": 20, "refit": true}
{"timestamp": "14:09:33.652057", "frame": 29, "mu": [0.12746088128389302, 1.353404538960537, 1.1776591406954735], "Sigma": [[0.003699816426977845, 0.0029264113336672287, 0.023454095052668444], [0.0029264113336672287, 0.003994402092887369, 0.018671917556750826], [0.023454095052668447, 0.018671917556750826, 0.3040143886163522]], "chi2_level": 0.95, "chi2_df": 3, "chi2_threshold": 7.814727903251179, "N_raw": 21, "N_roi": 21, "N_inlier": 20, "refit": true}
{"timestamp": "14:09:33.713002", "frame": 30, "mu": [-0.059719072613574106, 1.6622814008262186, -0.5345980506999719], "Sigma": [[0.0167094302916884, -0.015984340848715407, 0.06733715389087809], [-0.015984340848715407, 0.02116100087822272, -0.07883259933422643], [0.06733715389087809, -0.07883259933422643, 0.3535037508452034]], "chi2_level": 0.95, "chi2_df": 3, "chi2_threshold": 7.814727903251179, "N_raw": 62, "N_roi": 62, "N_inlier": 60, "refit": true}
{"timestamp": "14:09:33.770020", "frame": 31, "mu": [0.032789780313690446, 1.44345537537986, 1.4063716716706578], "Sigma": [[0.003358382714056989, -0.0010295522851163045, -0.004387940237340019], [-0.0010295522851163042, 0.003343712527636115, 0.001191698629106897], [-0.004387940237340019, 0.001191698629106897, 0.030742317323687082]], "chi2_level": 0.95, "chi2_df": 3, "chi2_threshold": 7.814727903251179, "N_raw": 66, "N_roi": 66, "N_inlier": 63, "refit": true}
{"timestamp": "14:09:33.819458", "frame": 32, "mu": [0.0019374305702591613, 1.4580969736802654, 1.414622308584995], "Sigma": [[0.0020697690552551355, -0.0003691269925568055, -0.002372047908172704], [-0.0003691269925568055, 0.0014152278684739707, 0.00395215152064511], [-0.002372047908172704, 0.00395215152064511, 0.09044282286499172]], "chi2_level": 0.95, "chi2_df": 3, "chi2_threshold": 7.814727903251179, "N_raw": 30, "N_roi": 30, "N_inlier": 26, "refit": true}
{"timestamp": "14:09:33.881763", "frame": 33, "mu": [-0.030778947688581682, 1.440954124602595, 1.4012981421415287], "Sigma": [[0.005106090905590632, -0.0016591954858532869, -0.00819459606439522], [-0.0016591954858532869, 0.005576653473649163, 0.008304734902516979], [-0.00819459606439522, 0.008304734902516979, 0.048563407438883655]], "chi2_level": 0.95, "chi2_df": 3, "chi2_threshold": 7.814727903251179, "N_raw": 80, "N_roi": 80, "N_inlier": 76, "refit": true}
{"timestamp": "14:09:33.938937", "frame": 34, "mu": [-0.07050249209809739, 1.4630213171929651, -0.1411234257182252], "Sigma": [[0.00535384512891273, -0.0015080693940005235, 0.03810828055013733], [-0.001508069394000523, 0.012294411560469698, -0.019844649647361053], [0.03810828055013733, -0.019844649647361053, 0.46654661045246076]], "chi2_level": 0.95, "chi2_df": 3, "chi2_threshold": 7.814727903251179, "N_raw": 96, "N_roi": 96, "N_inlier": 95, "refit": true}
{"timestamp": "14:09:33.990638", "frame": 35, "mu": [-0.14050830315033752, 1.4622657100799947, 1.3748154278070672], "Sigma": [[0.003961486159415151, -5.6855584584788966e-05, -0.007286255169884243], [-5.6855584584788966e-05, 0.006499817297250921, 0.006584485766873858], [-0.007286255169884244, 0.006584485766873859, 0.05325378739085288]], "chi2_level": 0.95, "chi2_df": 3, "chi2_threshold": 7.814727903251179, "N_raw": 69, "N_roi": 69, "N_inlier": 66, "refit": true}
{"timestamp": "14:09:34.045483", "frame": 36, "mu": [-0.20419257145759623, 1.4638043517911685, 1.4521974214790487], "Sigma": [[0.005527704750158076, -0.0006850277807744217, -0.008767918166205112], [-0.0006850277807744216, 0.007196543258064793, 0.005555717556086623], [-0.00876791816620511, 0.005555717556086623, 0.043712208705914225]], "chi2_level": 0.95, "chi2_df": 3, "chi2_threshold": 7.814727903251179, "N_raw": 75, "N_roi": 75, "N_inlier": 72, "refit": true}
{"timestamp": "14:09:34.098241", "frame": 37, "mu": [-0.22569940195561658, 1.4530876683953062, 1.4909267773124106], "Sigma": [[0.005051734213451225, -0.0012854955095418104, -0.0038893447640170453], [-0.0012854955095418102, 0.004688979476767003, -0.0004923523768819776], [-0.0038893447640170457, -0.0004923523768819776, 0.003885487039609025]], "chi2_level": 0.95, "chi2_df": 3, "chi2_threshold": 7.814727903251179, "N_raw": 62, "N_roi": 62, "N_inlier": 58, "refit": true}
{"timestamp": "14:09:34.156184", "frame": 38, "mu": [-0.23401219535923506, 1.3340337465278698, 1.3280595160529636], "Sigma": [[0.00470135358315468, -0.00416306586392166, -0.005204148077738788], [-0.00416306586392166, 0.014974362001321845, 0.007629175429893264], [-0.005204148077738788, 0.007629175429893265, 0.007650132686356695]], "chi2_level": 0.95, "chi2_df": 3, "chi2_threshold": 7.814727903251179, "N_raw": 79, "N_roi": 79, "N_inlier": 75, "refit": true}
{"timestamp": "14:09:34.211391", "frame": 39, "mu": [-0.27506399277561216, 1.3524038750923295, 1.3616812844909487], "Sigma": [[0.0050387926747179545, -0.003948243532858368, -0.004400265167839699], [-0.003948243532858368, 0.014401687800580376, 0.006894059916276822], [-0.004400265167839699, 0.006894059916276821, 0.005691097665634039]], "chi2_level": 0.95, "chi2_df": 3, "chi2_threshold": 7.814727903251179, "N_raw": 79, "N_roi": 79, "N_inlier": 75, "refit": true}
{"timestamp": "14:09:34.267916", "frame": 40, "mu": [-0.2853820923479572, 1.371180304004667, 1.2703888283699578], "Sigma": [[0.005280972163293127, -0.0029894943626710495, -0.007754967646541794], [-0.002989494362671049, 0.010326135217969627, 0.004328569500166151], [-0.007754967646541794, 0.004328569500166151, 0.020462874580201157]], "chi2_level": 0.95, "chi2_df": 3, "chi2_threshold": 7.814727903251179, "N_raw": 89, "N_roi": 89, "N_inlier": 85, "refit": true}
{"timestamp": "14:09:34.325493", "frame": 41, "mu": [-0.3360290246722601, 1.396353793121087, 1.2523993005468828], "Sigma": [[0.0063010256181416455, -1.200710065406044e-05, -0.009234825454565613], [-1.20071006540605e-05, 0.011437439850764673, 0.002032322098138803], [-0.009234825454565613, 0.002032322098138804, 0.034739815009722015]], "chi2_level": 0.95, "chi2_df": 3, "chi2_threshold": 7.814727903251179, "N_raw": 105, "N_roi": 105, "N_inlier": 102, "refit": true}
{"timestamp": "14:09:34.381016", "frame": 42, "mu": [-0.37858257340758084, 1.4209229340357314, 1.3264844751204408], "Sigma": [[0.005817201602471614, -0.0018551619708322498, -0.0057123161895100225], [-0.0018551619708322498, 0.0111585712262712, 0.000228995643744757], [-0.0057123161895100225, 0.000228995643744757, 0.01576987464249579]], "chi2_level": 0.95, "chi2_df": 3, "chi2_threshold": 7.814727903251179, "N_raw": 103, "N_roi": 103, "N_inlier": 99, "refit": true}
{"timestamp": "14:09:34.434426", "frame": 43, "mu": [-0.4473934451162484, 1.510116647093364, -0.34992484625968934], "Sigma": [[0.0055019426125258895, 0.0006420420865614678, -0.006430698559390177], [0.0006420420865614678, 0.011295458560678309, -0.0005436764747596768], [-0.006430698559390177, -0.000543676474759677, 0.03405520100859719]], "chi2_level": 0.95, "chi2_df": 3, "chi2_threshold": 7.814727903251179, "N_raw": 94, "N_roi": 94, "N_inlier": 90, "refit": true}
{"timestamp": "14:09:34.486954", "frame": 44, "mu": [-0.4746241160398323, 1.4584575606571288, 1.2599560123018088], "Sigma": [[0.005698930191289903, -0.0006734378703687784, -0.002470916738781973], [-0.0006734378703687784, 0.0011832794060276156, -0.001971501298609513], [-0.002470916738781973, -0.001971501298609513, 0.025332435163491856]], "chi2_level": 0.95, "chi2_df": 3, "chi2_threshold": 7.814727903251179, "N_raw": 81, "N_roi": 81, "N_inlier": 73, "refit": true}
{"timestamp": "14:09:34.547506", "frame": 45, "mu": [-0.5223325912981924, 1.4764590066166516, -0.04416371279980656], "Sigma": [[0.009749242204387743, 0.0015191382286440882, 0.04136479813754307], [0.0015191382286440886, 0.008879102224715012, 0.02157043693382118], [0.041364798137543075, 0.02157043693382117, 0.4420374438901871]], "chi2_level": 0.95, "chi2_df": 3, "chi2_threshold": 7.814727903251179, "N_raw": 125, "N_roi": 125, "N_inlier": 123, "refit": true}
{"timestamp": "14:09:34.604482", "frame": 46, "mu": [-0.5649157438982298, 1.4583020724599676, 0.08982115576031335], "Sigma": [[0.00895896256550076, 0.0013134339938180282, 0.0530798948149743], [0.0013134339938180284, 0.009324623930868801, 0.033352096219878585], [0.0530798948149743, 0.033352096219878585, 0.6976523754185989]], "chi2_level": 0.95, "chi2_df": 3, "chi2_threshold": 7.814727903251179, "N_raw": 121, "N_roi": 121, "N_inlier": 117, "refit": true}
{"timestamp": "14:09:34.661241", "frame": 47, "mu": [-0.5906775196297794, 1.4476252070769262, 0.9704003811380639], "Sigma": [[0.010835501019660477, 0.0002814383620543871, -0.0370259684270817], [0.0002814383620543871, 0.008829366764633617, -0.015072567959979006], [-0.0370259684270817, -0.015072567959979006, 0.24746667148948012]], "chi2_level": 0.95, "chi2_df": 3, "chi2_threshold": 7.814727903251179, "N_raw": 147, "N_roi": 147, "N_inlier": 145, "refit": true}
{"timestamp": "14:09:34.714059", "frame": 48, "mu": [-0.6195239635251971, 1.4605967092246943, 1.0664538306810627], "Sigma": [[0.008958765444405903, 0.001413060764595546, -0.026156011023041298], [0.0014130607645955462, 0.004844604344676782, -0.004802035444069947], [-0.026156011023041298, -0.004802035444069947, 0.17117004024336424]], "chi2_level": 0.95, "chi2_df": 3, "chi2_threshold": 7.814727903251179, "N_raw": 120, "N_roi": 120, "N_inlier": 117, "refit": true}
{"timestamp": "14:09:34.767479", "frame": 49, "mu": [-0.6912454424790001, 1.4813270107734273, 1.1758850770528215], "Sigma": [[0.008971866777475796, 0.0025805544485903837, -0.02138258402350223], [0.0025805544485903837, 0.010287796173430433, -0.011698091984105197], [-0.02138258402350223, -0.011698091984105197, 0.18176890029143622]], "chi2_level": 0.95, "chi2_df": 3, "chi2_threshold": 7.814727903251179, "N_raw": 117, "N_roi": 117, "N_inlier": 113, "refit": true}
{"timestamp": "14:09:34.819482", "frame": 50, "mu": [-0.7452501548844667, 1.483330473731361, -0.23261780136198767], "Sigma": [[0.008266112139659472, 0.0024946503060032333, 0.037945202107168424], [0.0024946503060032325, 0.011524868930348953, 0.03730274396504247], [0.037945202107168424, 0.037302743965042476, 0.558193130352011]], "chi2_level": 0.95, "chi2_df": 3, "chi2_threshold": 7.814727903251179, "N_raw": 93, "N_roi": 93, "N_inlier": 93, "refit": true}
{"timestamp": "14:09:34.873148", "frame": 51, "mu": [-0.7605889858722821, 1.6256297324399576, -0.01405115199024054], "Sigma": [[0.0066531778681070295, 0.00036349590034884824, 0.021499394240340634], [0.0003634959003488483, 0.00814994782417331, -0.00548603686831366], [0.02149939424034063, -0.00548603686831366, 0.25338452924927296]], "chi2_level": 0.95, "chi2_df": 3, "chi2_threshold": 7.814727903251179, "N_raw": 86, "N_roi": 86, "N_inlier": 85, "refit": true}
{"timestamp": "14:09:34.926249", "frame": 52, "mu": [-0.7163834396683118, 1.576102084312985, 1.2862164923963573], "Sigma": [[0.006417873069778726, 0.001256969798349949, -0.0019224215099983583], [0.0012569697983499488, 0.005099701406596969, 0.003028736412543284], [-0.0019224215099983583, 0.0030287364125432836, 0.031828559591528444]], "chi2_level": 0.95, "chi2_df": 3, "chi2_threshold": 7.814727903251179, "N_raw": 73, "N_roi": 73, "N_inlier": 70, "refit": true}
{"timestamp": "14:09:34.983851", "frame": 53, "mu": [-0.8108299506169904, 1.5080365869111831, 1.282942993160735], "Sigma": [[0.007975934892446659, 0.0005152832461809488, -0.0031267235010438254], [0.0005152832461809491, 0.004967348912269205, -0.0031048920775757927], [-0.0031267235010438254, -0.0031048920775757927, 0.02377376836782861]], "chi2_level": 0.95, "chi2_df": 3, "chi2_threshold": 7.814727903251179, "N_raw": 95, "N_roi": 95, "N_inlier": 90, "refit": true}
{"timestamp": "14:09:35.039007", "frame": 54, "mu": [-0.8196745802851256, 1.5535289866647404, -0.22284710798961893], "Sigma": [[0.0094767701614913, 0.002575062079395076, 0.04408791624661844], [0.002575062079395076, 0.004710729952966209, 0.01772324455752674], [0.04408791624661844, 0.017723244557526743, 0.5790181210436111]], "chi2_level": 0.95, "chi2_df": 3, "chi2_threshold": 7.814727903251179, "N_raw": 98, "N_roi": 98, "N_inlier": 95, "refit": true}
{"timestamp": "14:09:35.096865", "frame": 55, "mu": [-0.769334609425806, 1.6219310615472329, 1.314957145587058], "Sigma": [[0.01286213942908404, 0.005256542794394935, -0.005837366855670656], [0.005256542794394935, 0.011365163091762593, -0.005139166752254882], [-0.005837366855670657, -0.005139166752254881, 0.005072788895801826]], "chi2_level": 0.95, "chi2_df": 3, "chi2_threshold": 7.814727903251179, "N_raw": 112, "N_roi": 112, "N_inlier": 107, "refit": true}
{"timestamp": "14:09:35.145334", "frame": 56, "mu": [-0.841100625844132, 1.5378533018052383, 0.9231970315269589], "Sigma": [[0.014835193117572596, -0.005007357314000471, -0.050148664501439344], [-0.005007357314000471, 0.00926574661412365, 0.0403386863923508], [-0.050148664501439344, 0.0403386863923508, 0.31490751597490924]], "chi2_level": 0.95, "chi2_df": 3, "chi2_threshold": 7.814727903251179, "N_raw": 66, "N_roi": 66, "N_inlier": 63, "refit": true}
{"timestamp": "14:09:35.203411", "frame": 57, "mu": [-0.8175401052660803, 1.7220701614001683, 1.1776118719944293], "Sigma": [[0.011093186081515773, 0.0025845603616065317, -0.007772379019372225], [0.0025845603616065317, 0.0026962923674394585, 0.00024953131697768823], [-0.0077723790193722254, 0.00024953131697768856, 0.04974347368973747]], "chi2_level": 0.95, "chi2_df": 3, "chi2_threshold": 7.814727903251179, "N_raw": 91, "N_roi": 91, "N_inlier": 87, "refit": true}
{"timestamp": "14:09:35.264013", "frame": 58, "mu": [-0.8116828378465285, 1.8252123153786486, 0.11609667101291334], "Sigma": [[0.014605331080200987, -0.0028520154270936246, 0.07505534063178278], [-0.0028520154270936246, 0.009307280369357893, -0.03246037226972046], [0.07505534063178278, -0.03246037226972046, 0.5966858105687668]], "chi2_level": 0.95, "chi2_df": 3, "chi2_threshold": 7.814727903251179, "N_raw": 131, "N_roi": 131, "N_inlier": 123, "refit": true}
{"timestamp": "14:09:35.327495", "frame": 59, "mu": [-0.8276373524722968, 1.7216335866695518, -0.08985950554322542], "Sigma": [[0.013776046521734088, 0.0039055788261477286, 0.09273014062014112], [0.0039055788261477295, 0.004787453713724949, 0.02817269948660722], [0.09273014062014112, 0.02817269948660722, 0.9272914004512661]], "chi2_level": 0.95, "chi2_df": 3, "chi2_threshold": 7.814727903251179, "N_raw": 150, "N_roi": 150, "N_inlier": 142, "refit": true}
{"timestamp": "14:09:35.368486", "frame": 60, "mu": [-0.8366636972101589, 1.7674754314279209, 1.1254753530464152], "Sigma": [[0.008342709911478157, 0.0007534861951239713, -0.0007418400331489058], [0.0007534861951239714, 0.0009953374311087895, 0.0026601076938124824], [-0.000741840033148906, 0.0026601076938124824, 0.07692134425878475]], "chi2_level": 0.95, "chi2_df": 3, "chi2_threshold": 7.814727903251179, "N_raw": 83, "N_roi": 83, "N_inlier": 78, "refit": true}
{"timestamp": "14:09:35.428855", "frame": 61, "mu": [-0.8848828480504582, 1.8346902470056259, 0.8427335820479671], "Sigma": [[0.021016251459095754, 0.006179929715727948, 0.040407152586445526], [0.006179929715727948, 0.0030000852374660178, 0.011816413687280503], [0.04040715258644552, 0.011816413687280503, 0.1677492454488261]], "chi2_level": 0.95, "chi2_df": 3, "chi2_threshold": 7.814727903251179, "N_raw": 126, "N_roi": 126, "N_inlier": 117, "refit": true}
{"timestamp": "14:09:35.479797", "frame": 62, "mu": [-0.8678780137981127, 1.9090738858681786, 1.072371844382731], "Sigma": [[0.017528960715773194, 0.00020806870186705075, 0.031426944240259866], [0.00020806870186705062, 0.0024248236690246933, 0.0021600124435558117], [0.031426944240259866, 0.002160012443555812, 0.19379594884653192]], "chi2_level": 0.95, "chi2_df": 3, "chi2_threshold": 7.814727903251179, "N_raw": 93, "N_roi": 93, "N_inlier": 88, "refit": true}
{"timestamp": "14:09:35.538958", "frame": 63, "mu": [-0.9524598825377525, 1.9141062738684285, 0.8756306103905025], "Sigma": [[0.0277206635613027, -0.007312594488889679, 0.05077646350559392], [-0.007312594488889678, 0.005562919311833873, -0.026107982962828437], [0.05077646350559392, -0.026107982962828437, 0.1886282637591142]], "chi2_level": 0.95, "chi2_df": 3, "chi2_threshold": 7.814727903251179, "N_raw": 120, "N_roi": 120, "N_inlier": 118, "refit": true}
{"timestamp": "14:09:35.591898", "frame": 64, "mu": [-0.7903318033014699, 1.940785069176502, 1.3510214157041522], "Sigma": [[0.009122779415034631, 0.0004503449071508236, -0.00620713521919312], [0.0004503449071508235, 0.007233282017310361, -0.0008564126021758552], [-0.00620713521919312, -0.0008564126021758549, 0.004961922311539442]], "chi2_level": 0.95, "chi2_df": 3, "chi2_threshold": 7.814727903251179, "N_raw": 68, "N_roi": 68, "N_inlier": 64, "refit": true}
{"timestamp": "14:09:35.639503", "frame": 65, "mu": [-0.8336826091471677, 1.9903089811132229, 1.3742823171435101], "Sigma": [[0.008841589734547796, -0.0005453037554637651, -0.006774608905592723], [-0.0005453037554637651, 0.008624728377831752, -0.0013955005793180697], [-0.006774608905592723, -0.0013955005793180697, 0.0061912486741922635]], "chi2_level": 0.95, "chi2_df": 3, "chi2_threshold": 7.814727903251179, "N_raw": 73, "N_roi": 72, "N_inlier": 70, "refit": true}
{"timestamp": "14:09:35.696563", "frame": 66, "mu": [-0.8438269812836132, 2.001471451286659, 1.258065660367694], "Sigma": [[0.010247658952339372, -0.0019610815137562315, -0.0017210041856293742], [-0.001961081513756232, 0.003961849073020391, -0.005086055016207078], [-0.0017210041856293742, -0.005086055016207078, 0.019478533204406262]], "chi2_level": 0.95, "chi2_df": 3, "chi2_threshold": 7.814727903251179, "N_raw": 81, "N_roi": 79, "N_inlier": 77, "refit": true}
{"timestamp": "14:09:35.753513", "frame": 67, "mu": [-0.8637705055334239, 2.0501982930391707, 1.2647530127503137], "Sigma": [[0.010374271622521003, -0.000776077095165415, -0.0032548987639358052], [-0.0007760770951654151, 0.0035915725937269117, -0.0005897794336442256], [-0.0032548987639358052, -0.0005897794336442255, 0.04475098073614209]], "chi2_level": 0.95, "chi2_df": 3, "chi2_threshold": 7.814727903251179, "N_raw": 93, "N_roi": 84, "N_inlier": 80, "refit": true}
{"timestamp": "14:09:35.809932", "frame": 68, "mu": [-0.8988360856043008, 2.0885751569315656, 1.1496000317038864], "Sigma": [[0.01072799563330402, -0.001562540841360142, -0.011228456012781376], [-0.0015625408413601422, 0.003485193277757241, 0.009605469932313933], [-0.011228456012781374, 0.009605469932313933, 0.12355353339951847]], "chi2_level": 0.95, "chi2_df": 3, "chi2_threshold": 7.814727903251179, "N_raw": 99, "N_roi": 97, "N_inlier": 93, "refit": true}
{"timestamp": "14:09:35.866690", "frame": 69, "mu": [-0.9027017809452264, 2.14253909592264, 1.195435717827853], "Sigma": [[0.012490113454797195, -0.0032471570149935286, -0.012293113242165317], [-0.003247157014993529, 0.007275285056448845, 0.006460821639561645], [-0.012293113242165317, 0.006460821639561645, 0.09037173335980066]], "chi2_level": 0.95, "chi2_df": 3, "chi2_threshold": 7.814727903251179, "N_raw": 110, "N_roi": 110, "N_inlier": 102, "refit": true}
{"timestamp": "14:09:35.920741", "frame": 70, "mu": [-0.9106488274109992, 2.152634374010883, -0.4161465428729456], "Sigma": [[0.010501148066797689, -0.0010646051449963436, 0.04470973026528499], [-0.001064605144996344, 0.006053558506271252, 0.005831419273487218], [0.04470973026528499, 0.005831419273487217, 0.5884117973882194]], "chi2_level": 0.95, "chi2_df": 3, "chi2_threshold": 7.814727903251179, "N_raw": 102, "N_roi": 102, "N_inlier": 99, "refit": true}
{"timestamp": "14:09:35.971803", "frame": 71, "mu": [-0.8793925449529046, 2.226967956970949, 1.2058561840098152], "Sigma": [[0.012986994054829145, 0.0003013296521032781, -0.010220296200307224], [0.0003013296521032779, 0.003866328899186774, -0.004295913599659509], [-0.010220296200307226, -0.00429591359965951, 0.036733456658684084]], "chi2_level": 0.95, "chi2_df": 3, "chi2_threshold": 7.814727903251179, "N_raw": 81, "N_roi": 81, "N_inlier": 77, "refit": true}
{"timestamp": "14:09:36.030302", "frame": 72, "mu": [-0.921516406776408, 2.250166809168155, 0.873935529339095], "Sigma": [[0.01012922964393106, -0.001269073942053255, -0.0011520351219357558], [-0.0012690739420532545, 0.0065377453677461965, 0.004658690019985423], [-0.001152035121935755, 0.004658690019985424, 0.39463276657046276]], "chi2_level": 0.95, "chi2_df": 3, "chi2_threshold": 7.814727903251179, "N_raw": 103, "N_roi": 103, "N_inlier": 100, "refit": true}
{"timestamp": "14:09:36.085435", "frame": 73, "mu": [-0.9302781429965421, 2.3216828879045055, 1.0813079580983607], "Sigma": [[0.011613346992238588, -0.0009506162782592456, 0.005798068824238127], [-0.0009506162782592458, 0.003197898313373024, -0.006201864042003927], [0.005798068824238127, -0.006201864042003928, 0.14136905529439653]], "chi2_level": 0.95, "chi2_df": 3, "chi2_threshold": 7.814727903251179, "N_raw": 101, "N_roi": 101, "N_inlier": 96, "refit": true}
{"timestamp": "14:09:36.141329", "frame": 74, "mu": [-0.9662721169583948, 2.361959126070575, 0.9409549785713394], "Sigma": [[0.01558543323429445, -0.0008703250039645732, 0.010192599376258802], [-0.0008703250039645733, 0.00271622062884415, -0.010493962777957309], [0.010192599376258802, -0.010493962777957309, 0.17705714508586182]], "chi2_level": 0.95, "chi2_df": 3, "chi2_threshold": 7.814727903251179, "N_raw": 113, "N_roi": 113, "N_inlier": 110, "refit": true}
{"timestamp": "14:09:36.192736", "frame": 75, "mu": [-0.9184626605792209, 2.4041680092969124, 0.8969104265589829], "Sigma": [[0.01097568731605581, -0.0044283253885147745, 0.0060993436224257205], [-0.004428325388514775, 0.010506834589944402, -0.0005022354554862787], [0.0060993436224257205, -0.0005022354554862782, 0.3817862761829443]], "chi2_level": 0.95, "chi2_df": 3, "chi2_threshold": 7.814727903251179, "N_raw": 79, "N_roi": 79, "N_inlier": 79, "refit": true}
{"timestamp": "14:09:36.252113", "frame": 76, "mu": [-0.9632659245081883, 2.469214759334269, 0.8032834533420876], "Sigma": [[0.013421105009810324, 0.0008357773607953205, -0.003360176232149084], [0.0008357773607953201, 0.0052453610235491605, -0.002813758835079164], [-0.0033601762321490833, -0.002813758835079165, 0.2878249463852705]], "chi2_level": 0.95, "chi2_df": 3, "chi2_threshold": 7.814727903251179, "N_raw": 116, "N_roi": 116, "N_inlier": 115, "refit": true}
{"timestamp": "14:09:36.300173", "frame": 77, "mu": [-0.9737139136142707, 2.4812776619099073, 1.4508232037212883], "Sigma": [[0.010982347632628413, 0.0004250795800977084, -0.00661696650255153], [0.0004250795800977084, 0.006208892456896203, -0.0017654730473362734], [-0.00661696650255153, -0.0017654730473362734, 0.004883723318189394]], "chi2_level": 0.95, "chi2_df": 3, "chi2_threshold": 7.814727903251179, "N_raw": 60, "N_roi": 60, "N_inlier": 56, "refit": true}
{"timestamp": "14:09:36.354394", "frame": 78, "mu": [-0.9148879147565413, 2.627409122704964, -0.2812173520320227], "Sigma": [[0.013183839619241609, 0.006931401638637548, 0.00501488535240183], [0.006931401638637546, 0.010876476923204011, 0.008975388362919907], [0.005014885352401829, 0.008975388362919907, 0.046833156544470504]], "chi2_level": 0.95, "chi2_df": 3, "chi2_threshold": 7.814727903251179, "N_raw": 61, "N_roi": 61, "N_inlier": 57, "refit": true}
{"timestamp": "14:09:36.410520", "frame": 79, "mu": [-0.9749914624937049, 2.578551539865173, 1.3130295944474226], "Sigma": [[0.015376002299669601, 0.0008450450748418475, 7.231831934337784e-06], [0.0008450450748418473, 0.0035299705051127957, -0.00022687286899398737], [7.2318319343384345e-06, -0.00022687286899398737, 0.06742643707221938]], "chi2_level": 0.95, "chi2_df": 3, "chi2_threshold": 7.814727903251179, "N_raw": 78, "N_roi": 78, "N_inlier": 76, "refit": true}
{"timestamp": "14:09:36.470673", "frame": 80, "mu": [-0.9937433194867902, 2.6033469272619323, 1.1252070707674422], "Sigma": [[0.016091368056443907, 0.004944250140607499, 0.025734143910318037], [0.004944250140607499, 0.008103967776911278, 0.020745501566755087], [0.025734143910318037, 0.020745501566755087, 0.17878772779339494]], "chi2_level": 0.95, "chi2_df": 3, "chi2_threshold": 7.814727903251179, "N_raw": 102, "N_roi": 102, "N_inlier": 99, "refit": true}
{"timestamp": "14:09:36.522986", "frame": 81, "mu": [-0.9236037292304158, 2.6020667164773554, 0.8840355447236066], "Sigma": [[0.015567380540079665, 0.004317772798411281, 0.03416581895901548], [0.004317772798411282, 0.00405677117201642, 0.01773538520801913], [0.03416581895901548, 0.01773538520801913, 0.2270146248002999]], "chi2_level": 0.95, "chi2_df": 3, "chi2_threshold": 7.814727903251179, "N_raw": 87, "N_roi": 87, "N_inlier": 84, "refit": true}
{"timestamp": "14:09:36.581062", "frame": 82, "mu": [-1.0415357996556385, 2.643698698038401, 0.7643810134755222], "Sigma": [[0.020979420964850774, 0.006711921025681241, 0.027182474961730183], [0.00671192102568124, 0.006593191633164638, 0.028129759876809685], [0.02718247496173018, 0.028129759876809685, 0.2385412596631053]], "chi2_level": 0.95, "chi2_df": 3, "chi2_threshold": 7.814727903251179, "N_raw": 101, "N_roi": 101, "N_inlier": 99, "refit": true}
{"timestamp": "14:09:36.629831", "frame": 83, "mu": [-0.9526678668151755, 2.7908667851775912, 0.9769474038601147], "Sigma": [[0.023585044755672642, -0.00026577099020167985, 0.029794945589693728], [-0.0002657709902016799, 0.0013919123526260305, -0.007751717735027897], [0.029794945589693728, -0.007751717735027896, 0.12600047412896387]], "chi2_level": 0.95, "chi2_df": 3, "chi2_threshold": 7.814727903251179, "N_raw": 70, "N_roi": 70, "N_inlier": 68, "refit": true}
{"timestamp": "14:09:36.684718", "frame": 84, "mu": [-0.8418347711779871, 2.774863896104507, 1.1749256560536037], "Sigma": [[0.011450089027367777, -0.00026995951466931027, -0.009584462775487627], [-0.00026995951466931027, 0.0023790169725108785, -0.005542398120236613], [-0.009584462775487627, -0.005542398120236613, 0.03483415008823371]], "chi2_level": 0.95, "chi2_df": 3, "chi2_threshold": 7.814727903251179, "N_raw": 67, "N_roi": 66, "N_inlier": 61, "refit": true}
{"timestamp": "14:09:36.745990", "frame": 85, "mu": [-0.9024399955223864, 2.8308893596371614, -0.39909426705077045], "Sigma": [[0.019882188735170662, -0.002362181040576938, 0.11820928157765527], [-0.002362181040576938, 0.0047636208461011255, -0.013012200328938642], [0.11820928157765527, -0.013012200328938643, 1.018084086376978]], "chi2_level": 0.95, "chi2_df": 3, "chi2_threshold": 7.814727903251179, "N_raw": 109, "N_roi": 109, "N_inlier": 108, "refit": true}
{"timestamp": "14:09:36.801483", "frame": 86, "mu": [-0.9405287344126854, 2.9007746474550036, 0.8431759868752763], "Sigma": [[0.03096451701964215, -0.004656615213380133, 0.03494203399969629], [-0.004656615213380134, 0.002932790841698369, -0.0162438707464612], [0.03494203399969629, -0.0162438707464612, 0.16300186643090056]], "chi2_level": 0.95, "chi2_df": 3, "chi2_threshold": 7.814727903251179, "N_raw": 110, "N_roi": 110, "N_inlier": 106, "refit": true}
{"timestamp": "14:09:36.846623", "frame": 87, "mu": [-0.8120543978394721, 2.8888939621675993, 1.1400844378453825], "Sigma": [[0.009030696693855455, -0.0020550215412503915, -0.013740238475112089], [-0.0020550215412503915, 0.0021527310734889395, -0.00041004428340333263], [-0.013740238475112089, -0.00041004428340333274, 0.03297340458329897]], "chi2_level": 0.95, "chi2_df": 3, "chi2_threshold": 7.814727903251179, "N_raw": 44, "N_roi": 44, "N_inlier": 40, "refit": true}
