{"timestamp": "14:55:54.589883", "frame": 1, "mu": [1.0002411042922246, 2.002016449377875, 1.2262110162978777], "Sigma": [[0.014540981051568687, -0.0029786785297631433, -0.004745423433817406], [-0.002978678529763143, 0.0030239201459936133, -0.0013697070552525755], [-0.004745423433817405, -0.001369707055252576, 0.005157731336091602]], "chi2_level": 0.95, "chi2_df": 3, "chi2_threshold": 7.814727903251179, "N_raw": 60, "N_roi": 60, "N_inlier": 58, "refit": true}
{"timestamp": "14:55:54.647682", "frame": 2, "mu": [0.9981055895521374, 2.0111289523227405, 1.234873304753671], "Sigma": [[0.012702877948743743, -0.0011993391704489972, 0.002895053696232935], [-0.0011993391704489972, 0.004482563052367244, -0.0022501081635961035], [0.002895053696232935, -0.0022501081635961035, 0.0031184604047197776]], "chi2_level": 0.95, "chi2_df": 3, "chi2_threshold": 7.814727903251179, "N_raw": 64, "N_roi": 64, "N_inlier": 61, "refit": true}
{"timestamp": "14:55:54.703584", "frame": 3, "mu": [1.0262515453507932, 1.9894763397888613, 1.1865196711243131], "Sigma": [[0.01220472811754538, -0.0032670883309171618, 0.005301779345382074], [-0.0032670883309171618, 0.0022151161526294304, -0.006326046605517199], [0.005301779345382073, -0.006326046605517199, 0.03541217018582557]], "chi2_level": 0.95, "chi2_df": 3, "chi2_threshold": 7.814727903251179, "N_raw": 71, "N_roi": 71, "N_inlier": 66, "refit": true}
{"timestamp": "14:55:54.761046", "frame": 4, "mu": [1.0448035133666584, 2.0965008088647843, -0.338351286443891], "Sigma": [[0.012040895553165199, -0.0031477591619324748, 0.0014463981871738123], [-0.0031477591619324748, 0.004919792917467257, -0.006056188469295216], [0.0014463981871738125, -0.006056188469295216, 0.008944904614267342]], "chi2_level": 0.95, "chi2_df": 3, "chi2_threshold": 7.814727903251179, "N_raw": 67, "N_roi": 67, "N_inlier": 63, "refit": true}
{"timestamp": "14:55:54.812722", "frame": 5, "mu": [1.0785914151949454, 1.9210351082483608, 0.9905624778197449], "Sigma": [[0.010052239310511175, -0.005961427807403831, 0.0012388228643167307], [-0.005961427807403831, 0.004882844782792131, -0.0032080126563295407], [0.001238822864316731, -0.0032080126563295407, 0.037613308570690826]], "chi2_level": 0.95, "chi2_df": 3, "chi2_threshold": 7.814727903251179, "N_raw": 66, "N_roi": 66, "N_inlier": 62, "refit": true}
{"timestamp": "14:55:54.868731", "frame": 6, "mu": [1.0820480016995022, 1.866720444803173, 1.1803324389534828], "Sigma": [[0.012820297891243958, -0.004688688376919277, -0.00686018150845964], [-0.004688688376919277, 0.004071732093659239, 5.508557199057203e-05], [-0.00686018150845964, 5.5085571990572005e-05, 0.00744254669568545]], "chi2_level": 0.95, "chi2_df": 3, "chi2_threshold": 7.814727903251179, "N_raw": 61, "N_roi": 61, "N_inlier": 56, "refit": true}
{"timestamp": "14:55:54.921878", "frame": 7, "mu": [1.0834637551441553, 1.829089916241126, 1.0512394708922428], "Sigma": [[0.01060498661767605, -0.006422466084919145, -0.004656877209306158], [-0.006422466084919145, 0.006423391096230354, -0.0019748747083109075], [-0.004656877209306158, -0.0019748747083109075, 0.016881393986697437]], "chi2_level": 0.95, "chi2_df": 3, "chi2_threshold": 7.814727903251179, "N_raw": 60, "N_roi": 60, "N_inlier": 58, "refit": true}
{"timestamp": "14:55:54.977959", "frame": 8, "mu": [1.1040382206325419, 1.9467100024550426, -0.4504474756451671], "Sigma": [[0.010285956093906028, -0.002481683635283731, -0.007483051468785442], [-0.0024816836352837303, 0.005029955954440787, -0.004479101750834451], [-0.007483051468785444, -0.004479101750834451, 0.021313138879890142]], "chi2_level": 0.95, "chi2_df": 3, "chi2_threshold": 7.814727903251179, "N_raw": 64, "N_roi": 64, "N_inlier": 64, "refit": true}
{"timestamp": "14:55:55.030988", "frame": 9, "mu": [1.1068782598150633, 1.7489724781809342, 1.130830791261758], "Sigma": [[0.010355913540264657, -0.004524990904598505, -0.009092627860679617], [-0.004524990904598505, 0.003431895518139959, 0.0014667670125704656], [-0.009092627860679617, 0.0014667670125704654, 0.017711474159277936]], "chi2_level": 0.95, "chi2_df": 3, "chi2_threshold": 7.814727903251179, "N_raw": 51, "N_roi": 51, "N_inlier": 48, "refit": true}
{"timestamp": "14:55:55.088886", "frame": 10, "mu": [1.0484561914205326, 1.7436626488009503, 1.0805113658234138], "Sigma": [[0.005583715176170326, -0.001887229592952649, -0.0016555197190017048], [-0.0018872295929526493, 0.002468502760326032, -0.0007745456732560878], [-0.0016555197190017048, -0.0007745456732560876, 0.020642862179307424]], "chi2_level": 0.95, "chi2_df": 3, "chi2_threshold": 7.814727903251179, "N_raw": 46, "N_roi": 46, "N_inlier": 44, "refit": true}
{"timestamp": "14:55:55.142405", "frame": 11, "mu": [1.0557668189038452, 1.8456976630027762, -0.21541496612280708], "Sigma": [[0.006842761589131315, -8.549733074714866e-05, -0.006678883334633902], [-8.549733074714861e-05, 0.00567763388045002, -0.007786985764670783], [-0.006678883334633902, -0.007786985764670784, 0.025651584841724605]], "chi2_level": 0.95, "chi2_df": 3, "chi2_threshold": 7.814727903251179, "N_raw": 64, "N_roi": 64, "N_inlier": 59, "refit": true}
{"timestamp": "14:55:55.197962", "frame": 12, "mu": [1.0028109425337477, 1.6824224853724172, 1.1950805122176575], "Sigma": [[0.006728496537703426, -0.0036992898375043494, -0.004920136425395497], [-0.0036992898375043494, 0.002633105261475921, 0.001960895101702157], [-0.004920136425395495, 0.0019608951017021574, 0.03816040852539879]], "chi2_level": 0.95, "chi2_df": 3, "chi2_threshold": 7.814727903251179, "N_raw": 62, "N_roi": 60, "N_inlier": 56, "refit": true}
{"timestamp": "14:55:55.255072", "frame": 13, "mu": [1.0416968492791663, 1.637744867188057, 1.2184598128009705], "Sigma": [[0.008485690390920259, -0.0043923513246447, -0.0134906507982653], [-0.0043923513246447, 0.0041328260683459106, 0.006222061292727708], [-0.0134906507982653, 0.0062220612927277085, 0.05390367069965627]], "chi2_level": 0.95, "chi2_df": 3, "chi2_threshold": 7.814727903251179, "N_raw": 74, "N_roi": 72, "N_inlier": 68, "refit": true}
{"timestamp": "14:55:55.310633", "frame": 14, "mu": [1.0183633781439037, 1.6279335585304695, 1.2156406693268442], "Sigma": [[0.00794586770385231, -0.0034924999821785794, -0.005515679996758066], [-0.0034924999821785794, 0.002544447953884366, -0.0006357564222641812], [-0.005515679996758066, -0.000635756422264181, 0.03673058802005669]], "chi2_level": 0.95, "chi2_df": 3, "chi2_threshold": 7.814727903251179, "N_raw": 74, "N_roi": 74, "N_inlier": 70, "refit": true}
{"timestamp": "14:55:55.367725", "frame": 15, "mu": [1.009851043607696, 1.6257470857632093, 1.1188132223903624], "Sigma": [[0.010187706455262997, -0.0033490201603325574, -0.006166693211649026], [-0.003349020160332557, 0.003918392345335257, -0.0014666312572941954], [-0.0061666932116490256, -0.0014666312572941954, 0.03970139302387379]], "chi2_level": 0.95, "chi2_df": 3, "chi2_threshold": 7.814727903251179, "N_raw": 89, "N_roi": 89, "N_inlier": 84, "refit": true}
{"timestamp": "14:55:55.418479", "frame": 16, "mu": [0.9765385027869857, 1.639547947483159, 1.0573279363439416], "Sigma": [[0.007979307096989347, -0.0021443539325788916, 0.0018189299441032155], [-0.0021443539325788916, 0.0025970172890878666, -0.005253090900490472], [0.0018189299441032153, -0.005253090900490472, 0.018783303088419696]], "chi2_level": 0.95, "chi2_df": 3, "chi2_threshold": 7.814727903251179, "N_raw": 69, "N_roi": 69, "N_inlier": 64, "refit": true}
{"timestamp": "14:55:55.476955", "frame": 17, "mu": [1.0261411504986233, 1.728455590983076, -0.20788752836080868], "Sigma": [[0.010877666365126165, -0.005124095270113019, 0.0259179429592021], [-0.005124095270113019, 0.01561094835943821, -0.058943806702812296], [0.0259179429592021, -0.058943806702812296, 0.294541124921079]], "chi2_level": 0.95, "chi2_df": 3, "chi2_threshold": 7.814727903251179, "N_raw": 84, "N_roi": 84, "N_inlier": 80, "refit": true}
{"timestamp": "14:55:55.531522", "frame": 18, "mu": [0.9591469680797763, 1.576805116576832, 1.2360984112476445], "Sigma": [[0.007430743242449317, -0.0017299142617707422, -0.0034561285625659996], [-0.0017299142617707424, 0.00346892327365058, -0.006546191895963769], [-0.0034561285625659996, -0.006546191895963769, 0.02654897759712456]], "chi2_level": 0.95, "chi2_df": 3, "chi2_threshold": 7.814727903251179, "N_raw": 85, "N_roi": 85, "N_inlier": 81, "refit": true}
{"timestamp": "14:55:55.591973", "frame": 19, "mu": [0.9444022838796774, 1.5756627542708277, 1.2153081425645471], "Sigma": [[0.012511303325608831, -0.004000600970192764, -0.0049085784316042266], [-0.004000600970192764, 0.005761565381958724, -0.007932155126429346], [-0.0049085784316042266, -0.007932155126429346, 0.030494122109419063]], "chi2_level": 0.95, "chi2_df": 3, "chi2_threshold": 7.814727903251179, "N_raw": 114, "N_roi": 114, "N_inlier": 110, "refit": true}
{"timestamp": "14:55:55.648229", "frame": 20, "mu": [0.9659552366827583, 1.5355429758921177, 1.181365993837232], "Sigma": [[0.01636167011980432, -0.006240673975905808, 0.0005755850612199154], [-0.006240673975905808, 0.007977856153237364, -0.013859185828059466], [0.0005755850612199163, -0.013859185828059466, 0.04905452907258875]], "chi2_level": 0.95, "chi2_df": 3, "chi2_threshold": 7.814727903251179, "N_raw": 122, "N_roi": 122, "N_inlier": 118, "refit": true}
{"timestamp": "14:55:55.699590", "frame": 21, "mu": [0.9675311384640983, 1.491618973877536, 1.200476732444333], "Sigma": [[0.012616070596554282, -0.0043320871526633525, -0.00929272210305051], [-0.0043320871526633525, 0.007083953093077287, -0.003717957257743662], [-0.009292722103050509, -0.003717957257743662, 0.0287796795902286]], "chi2_level": 0.95, "chi2_df": 3, "chi2_threshold": 7.814727903251179, "N_raw": 104, "N_roi": 104, "N_inlier": 102, "refit": true}
{"timestamp": "14:55:55.756549", "frame": 22, "mu": [0.9883474998063665, 1.5428073915667728, 0.23957380336428097], "Sigma": [[0.013292252531238813, -0.006952426410675219, 0.05421648341816553], [-0.00695242641067522, 0.02485955103268895, -0.1046203342138287], [0.05421648341816553, -0.10462033421382869, 0.586104115469671]], "chi2_level": 0.95, "chi2_df": 3, "chi2_threshold": 7.814727903251179, "N_raw": 117, "N_roi": 117, "N_inlier": 115, "refit": true}
{"timestamp": "14:55:55.811008", "frame": 23, "mu": [0.9690552894871869, 1.4083699534152003, 1.1897293023312148], "Sigma": [[0.012163588596042519, -0.004098545220825811, -0.016095661246694495], [-0.00409854522082581, 0.0062420526844974055, 0.0005012530264342115], [-0.016095661246694495, 0.0005012530264342114, 0.032699249174442696]], "chi2_level": 0.95, "chi2_df": 3, "chi2_threshold": 7.814727903251179, "N_raw": 105, "N_roi": 105, "N_inlier": 99, "refit": true}
{"timestamp": "14:55:55.862432", "frame": 24, "mu": [0.9525765747482823, 1.3863573767098227, 1.2239644707896358], "Sigma": [[0.013060727980645155, -0.0025507641615394685, -0.006928636793918969], [-0.002550764161539469, 0.003314979132000636, -0.001924661895032466], [-0.006928636793918969, -0.001924661895032466, 0.017111417274033897]], "chi2_level": 0.95, "chi2_df": 3, "chi2_threshold": 7.814727903251179, "N_raw": 92, "N_roi": 92, "N_inlier": 88, "refit": true}
{"timestamp": "14:55:55.915935", "frame": 25, "mu": [0.9681166103291791, 1.3001561144733371, 1.2055842858172496], "Sigma": [[0.014305252865113275, -0.006141006166498511, -0.01607699525529978], [-0.006141006166498512, 0.007469604137831058, 0.004714882355254206], [-0.01607699525529978, 0.004714882355254206, 0.022118038263217513]], "chi2_level": 0.95, "chi2_df": 3, "chi2_threshold": 7.814727903251179, "N_raw": 83, "N_roi": 83, "N_inlier": 80, "refit": true}
{"timestamp": "14:55:55.973007", "frame": 26, "mu": [0.9690476480153156, 1.4165562501878994, -0.4994483371972191], "Sigma": [[0.015717166969554393, -0.006230076459670646, -0.008619964667936231], [-0.0062300764596706455, 0.0070748316294883045, -0.0006792337046124978], [-0.008619964667936231, -0.0006792337046124979, 0.01168856230035285]], "chi2_level": 0.95, "chi2_df": 3, "chi2_threshold": 7.814727903251179, "N_raw": 87, "N_roi": 87, "N_inlier": 84, "refit": true}
{"timestamp": "14:55:56.034900", "frame": 27, "mu": [0.8927283164883935, 1.334495022853528, 0.3501717574510501], "Sigma": [[0.0215071518716329, -0.02218579842815665, 0.08369182051931251], [-0.02218579842815665, 0.032585437260617446, -0.13442683297950406], [0.08369182051931251, -0.13442683297950403, 0.6417926821464682]], "chi2_level": 0.95, "chi2_df": 3, "chi2_threshold": 7.814727903251179, "N_raw": 139, "N_roi": 139, "N_inlier": 134, "refit": true}
{"timestamp": "14:55:56.080624", "frame": 28, "mu": [0.7845589435708725, 1.3855006589105243, -0.28475772537469124], "Sigma": [[0.009090429276282487, -0.0023525034706532227, -0.011888655162938515], [-0.0023525034706532227, 0.004780900188242989, 0.0011039546739129344], [-0.011888655162938515, 0.0011039546739129344, 0.02162419219670741]], "chi2_level": 0.95, "chi2_df": 3, "chi2_threshold": 7.814727903251179, "N_raw": 77, "N_roi": 77, "N_inlier": 66, "refit": true}
{"timestamp": "14:55:56.139399", "frame": 29, "mu": [0.8184629374273045, 1.2141355506825962, 1.1626137357732187], "Sigma": [[0.016542018894405472, -0.017955396885540004, -0.010662272785801386], [-0.017955396885540004, 0.02940652945225964, -0.012654578525022248], [-0.010662272785801386, -0.012654578525022251, 0.09339887217308654]], "chi2_level": 0.95, "chi2_df": 3, "chi2_threshold": 7.814727903251179, "N_raw": 99, "N_roi": 99, "N_inlier": 92, "refit": true}
{"timestamp": "14:55:56.189880", "frame": 30, "mu": [0.7419681739769944, 1.212835740771334, 1.3358282363050062], "Sigma": [[0.009248632208699847, -0.0043223664310619, -0.011551096373321133], [-0.0043223664310619, 0.005478578198033729, 0.0038048899670644976], [-0.011551096373321135, 0.0038048899670644976, 0.01656844066759388]], "chi2_level": 0.95, "chi2_df": 3, "chi2_threshold": 7.814727903251179, "N_raw": 74, "N_roi": 74, "N_inlier": 70, "refit": true}
{"timestamp": "14:55:56.243509", "frame": 31, "mu": [0.6778082567046583, 1.2444836764038865, 1.3867343296290056], "Sigma": [[0.006467018115613047, -0.0015869478071046522, -0.004889359640953717], [-0.0015869478071046522, 0.0029582285992055604, -0.0009436318574087739], [-0.004889359640953717, -0.0009436318574087737, 0.006586546209272252]], "chi2_level": 0.95, "chi2_df": 3, "chi2_threshold": 7.814727903251179, "N_raw": 64, "N_roi": 64, "N_inlier": 59, "refit": true}
{"timestamp": "14:55:56.298881", "frame": 32, "mu": [0.6237378484692432, 1.3594275332685648, -0.28607671070611257], "Sigma": [[0.0051742643610444535, 0.0006473007498786138, -0.005056016325909793], [0.0006473007498786139, 0.004676459543982692, -0.0033046364913961695], [-0.005056016325909793, -0.00330463649139617, 0.01055405173216103]], "chi2_level": 0.95, "chi2_df": 3, "chi2_threshold": 7.814727903251179, "N_raw": 71, "N_roi": 71, "N_inlier": 66, "refit": true}
{"timestamp": "14:55:56.352672", "frame": 33, "mu": [0.5377841192583083, 1.360326507980718, -0.20514604454334873], "Sigma": [[0.0039176245742490335, 0.0005305479475519139, -0.0021179883837916472], [0.0005305479475519139, 0.0043717757641037235, -0.0014719052664018775], [-0.0021179883837916472, -0.0014719052664018777, 0.0019019005619949731]], "chi2_level": 0.95, "chi2_df": 3, "chi2_threshold": 7.814727903251179, "N_raw": 58, "N_roi": 58, "N_inlier": 52, "refit": true}
{"timestamp": "14:55:56.410425", "frame": 34, "mu": [0.4914226482825919, 1.2073490449054909, 1.3347709722110115], "Sigma": [[0.00518781811077099, -0.0030819281491434756, -0.008677015339495473], [-0.0030819281491434756, 0.0062172964995237095, 0.0029991778494347127], [-0.008677015339495473, 0.0029991778494347122, 0.02136141092788031]], "chi2_level": 0.95, "chi2_df": 3, "chi2_threshold": 7.814727903251179, "N_raw": 74, "N_roi": 74, "N_inlier": 71, "refit": true}
{"timestamp": "14:55:56.466430", "frame": 35, "mu": [0.42727111026113357, 1.2278841598054293, 1.3559869703514216], "Sigma": [[0.005925986665630292, -0.0025331689338180365, -0.0073785279826521395], [-0.0025331689338180365, 0.00799865995622328, 0.0028033159257112167], [-0.0073785279826521395, 0.0028033159257112162, 0.009934833354507124]], "chi2_level": 0.95, "chi2_df": 3, "chi2_threshold": 7.814727903251179, "N_raw": 80, "N_roi": 80, "N_inlier": 75, "refit": true}
{"timestamp": "14:55:56.514312", "frame": 36, "mu": [0.3673056647947295, 1.2853432253707076, 1.2240757381485725], "Sigma": [[0.0029946953853119385, -0.001397035134696628, -0.002210497021015835], [-0.001397035134696628, 0.0030238781186332367, 0.00046743278213415675], [-0.002210497021015835, 0.00046743278213415675, 0.004493020832019564]], "chi2_level": 0.95, "chi2_df": 3, "chi2_threshold": 7.814727903251179, "N_raw": 33, "N_roi": 33, "N_inlier": 29, "refit": true}
{"timestamp": "14:55:56.565357", "frame": 37, "mu": [0.43869396886410544, 1.2257962742856192, 1.0743536151419946], "Sigma": [[0.011483437352235745, -0.009060984011490733, -0.046971047763296365], [-0.009060984011490735, 0.012797588591180518, 0.05128350700597385], [-0.046971047763296365, 0.05128350700597385, 0.27918017960227903]], "chi2_level": 0.95, "chi2_df": 3, "chi2_threshold": 7.814727903251179, "N_raw": 14, "N_roi": 14, "N_inlier": 14, "refit": true}
{"timestamp": "14:55:56.629042", "frame": 38, "mu": [0.254625824778346, 1.2697615398614357, 1.372983535557982], "Sigma": [[0.007525919874012364, 0.00031140722378762025, -0.008578229151308275], [0.0003114072237876204, 0.0016508412892765596, -0.0017047791405449535], [-0.008578229151308275, -0.0017047791405449533, 0.015388857089114789]], "chi2_level": 0.95, "chi2_df": 3, "chi2_threshold": 7.814727903251179, "N_raw": 71, "N_roi": 71, "N_inlier": 66, "refit": true}
{"timestamp": "14:55:56.684616", "frame": 39, "mu": [0.21601306787824961, 1.2970724810432088, 1.4595352298310007], "Sigma": [[0.006350363401025054, 0.0004930255848863455, -0.0037029411028553774], [0.0004930255848863458, 0.0028673461849053825, -0.0021474524754462932], [-0.0037029411028553774, -0.0021474524754462932, 0.0038576198239365775]], "chi2_level": 0.95, "chi2_df": 3, "chi2_threshold": 7.814727903251179, "N_raw": 76, "N_roi": 74, "N_inlier": 70, "refit": true}
{"timestamp": "14:55:56.749123", "frame": 40, "mu": [0.1224974520875141, 1.2503703154588948, 0.9604954927217809], "Sigma": [[0.008134713447814109, -0.006425953829602173, -0.0033616094817823274], [-0.006425953829602173, 0.017383699624658147, 0.03019253901466238], [-0.003361609481782329, 0.03019253901466238, 0.3911714064334316]], "chi2_level": 0.95, "chi2_df": 3, "chi2_threshold": 7.814727903251179, "N_raw": 137, "N_roi": 137, "N_inlier": 135, "refit": true}
{"timestamp": "14:55:56.807249", "frame": 41, "mu": [0.025027918756322758, 1.354072452230275, 1.0074710558933866], "Sigma": [[0.018752545685203934, -0.011453735385622933, 0.03871270073152251], [-0.011453735385622933, 0.012401388278953663, -0.043873600827042544], [0.03871270073152251, -0.04387360082704255, 0.22137401496551892]], "chi2_level": 0.95, "chi2_df": 3, "chi2_threshold": 7.814727903251179, "N_raw": 150, "N_roi": 150, "N_inlier": 145, "refit": true}
{"timestamp": "14:55:56.858132", "frame": 42, "mu": [-0.03506705585547045, 1.2928805481775243, 0.7093652348033185], "Sigma": [[0.023194869886906756, -0.015134365452375325, 0.03273943071665284], [-0.015134365452375325, 0.017767192348623076, -0.021735974053350097], [0.03273943071665285, -0.021735974053350097, 0.08286496409523288]], "chi2_level": 0.95, "chi2_df": 3, "chi2_threshold": 7.814727903251179, "N_raw": 121, "N_roi": 121, "N_inlier": 113, "refit": true}
{"timestamp": "14:55:56.913687", "frame": 43, "mu": [-0.036412904440962214, 1.2512989868764997, 1.0937690938641256], "Sigma": [[0.015643702007187364, -0.011642351547552833, 0.028070988110740783], [-0.011642351547552833, 0.013915346151308563, -0.026364849194652464], [0.028070988110740783, -0.026364849194652464, 0.11592217061101306]], "chi2_level": 0.95, "chi2_df": 3, "chi2_threshold": 7.814727903251179, "N_raw": 125, "N_roi": 125, "N_inlier": 119, "refit": true}
{"timestamp": "14:55:56.960263", "frame": 44, "mu": [-0.05818026275270106, 1.3008454053772616, -0.36444671919539773], "Sigma": [[0.004808896564650102, 0.001577410328608741, 0.005602557679570269], [0.001577410328608741, 0.006865616165877182, 0.00427708337768518], [0.005602557679570271, 0.00427708337768518, 0.015583548701679153]], "chi2_level": 0.95, "chi2_df": 3, "chi2_threshold": 7.814727903251179, "N_raw": 71, "N_roi": 71, "N_inlier": 68, "refit": true}
{"timestamp": "14:55:57.011558", "frame": 45, "mu": [-0.1068124120855956, 1.229941005755956, 1.5117321302977678], "Sigma": [[0.0030955438843956436, -0.0006533037259204391, -0.0010186670154192887], [-0.0006533037259204393, 0.003675509780175801, 0.0005395662284864241], [-0.0010186670154192887, 0.0005395662284864241, 0.004959462189613193]], "chi2_level": 0.95, "chi2_df": 3, "chi2_threshold": 7.814727903251179, "N_raw": 48, "N_roi": 48, "N_inlier": 45, "refit": true}
{"timestamp": "14:55:57.065314", "frame": 46, "mu": [-0.16334454390168235, 1.1402898682299507, 1.3001841014588074], "Sigma": [[0.002832372322788079, -0.0009675803254082785, 0.0008467489017548787], [-0.0009675803254082785, 0.013491577516433905, 0.007624414929493546], [0.0008467489017548787, 0.007624414929493546, 0.007184990582432207]], "chi2_level": 0.95, "chi2_df": 3, "chi2_threshold": 7.814727903251179, "N_raw": 49, "N_roi": 49, "N_inlier": 48, "refit": true}
{"timestamp": "14:55:57.125707", "frame": 47, "mu": [-0.24408359924781264, 1.1161833702680242, 1.3224912393465265], "Sigma": [[0.004111034081355234, -0.0037388530253430335, -0.0035775300173716412], [-0.0037388530253430335, 0.017092204832374565, 0.0066619225359365744], [-0.003577530017371641, 0.006661922535936574, 0.00469221094581984]], "chi2_level": 0.95, "chi2_df": 3, "chi2_threshold": 7.814727903251179, "N_raw": 83, "N_roi": 83, "N_inlier": 78, "refit": true}
{"timestamp": "14:55:57.185669", "frame": 48, "mu": [-0.29203314054067364, 1.147314191086649, 1.2811801557784765], "Sigma": [[0.003973016995691662, -0.0027247976483400597, -0.0037509292511404427], [-0.0027247976483400597, 0.013695349866289367, 0.0018207897483452436], [-0.0037509292511404436, 0.0018207897483452436, 0.01750531936564559]], "chi2_level": 0.95, "chi2_df": 3, "chi2_threshold": 7.814727903251179, "N_raw": 104, "N_roi": 104, "N_inlier": 101, "refit": true}
{"timestamp": "14:55:57.240776", "frame": 49, "mu": [-0.3379148261365883, 1.2136547550168726, 1.3372893335479692], "Sigma": [[0.00461403231432794, -0.0003325197661946422, -0.0032025383051266032], [-0.0003325197661946422, 0.005679373956353128, -0.003245759533138679], [-0.0032025383051266032, -0.003245759533138679, 0.02271914244156456]], "chi2_level": 0.95, "chi2_df": 3, "chi2_threshold": 7.814727903251179, "N_raw": 112, "N_roi": 112, "N_inlier": 106, "refit": true}
{"timestamp": "14:55:57.293296", "frame": 50, "mu": [-0.3918556375998668, 1.2164117621116375, 1.3320082001201583], "Sigma": [[0.00406796174014395, -0.0014238686107084814, -0.008986524158983553], [-0.0014238686107084814, 0.007643205703308701, 0.007441885141233487], [-0.008986524158983553, 0.007441885141233487, 0.06209542566493829]], "chi2_level": 0.95, "chi2_df": 3, "chi2_threshold": 7.814727903251179, "N_raw": 97, "N_roi": 97, "N_inlier": 92, "refit": true}
{"timestamp": "14:55:57.348894", "frame": 51, "mu": [-0.4701507529995582, 1.2090784031709236, 1.3332225976238665], "Sigma": [[0.005939646989757785, 0.0002043471713346482, -0.008165442609833526], [0.00020434717133464822, 0.004004896373038285, -0.002125336843721514], [-0.008165442609833526, -0.002125336843721514, 0.02877653037660924]], "chi2_level": 0.95, "chi2_df": 3, "chi2_threshold": 7.814727903251179, "N_raw": 98, "N_roi": 98, "N_inlier": 93, "refit": true}
{"timestamp": "14:55:57.405235", "frame": 52, "mu": [-0.5085131009926418, 1.192639146590618, 1.2688737407987989], "Sigma": [[0.0044887920913239164, -8.422435939289618e-05, -0.0029649622233894157], [-8.422435939289615e-05, 0.005633224856305058, -0.0036937481299341465], [-0.0029649622233894157, -0.003693748129934147, 0.019135952043429473]], "chi2_level": 0.95, "chi2_df": 3, "chi2_threshold": 7.814727903251179, "N_raw": 102, "N_roi": 102, "N_inlier": 96, "refit": true}
{"timestamp": "14:55:57.457706", "frame": 53, "mu": [-0.6152836436040588, 1.2319268921336026, 1.4642218554582687], "Sigma": [[0.005924268412025323, -0.002666770103340352, -0.0020183432872630932], [-0.002666770103340352, 0.00952000276623491, -0.0009874748243160032], [-0.0020183432872630937, -0.000987474824316003, 0.006786742282054727]], "chi2_level": 0.95, "chi2_df": 3, "chi2_threshold": 7.814727903251179, "N_raw": 92, "N_roi": 91, "N_inlier": 87, "refit": true}
{"timestamp": "14:55:57.514391", "frame": 54, "mu": [-0.6352277067811475, 1.2226043719418092, 1.1832734974260353], "Sigma": [[0.00817336810484756, 0.000783966414614702, -0.006644505054928277], [0.0007839664146147023, 0.0059285336133608315, -0.0025745336582032345], [-0.006644505054928277, -0.002574533658203233, 0.12040401147168306]], "chi2_level": 0.95, "chi2_df": 3, "chi2_threshold": 7.814727903251179, "N_raw": 104, "N_roi": 104, "N_inlier": 101, "refit": true}
{"timestamp": "14:55:57.564694", "frame": 55, "mu": [-0.7302466623549478, 1.227370705828935, 1.3541004243745214], "Sigma": [[0.004238368192607083, 0.00017561562499207093, -0.002643545097758554], [0.00017561562499207104, 0.006407649148506407, -0.004153635260868951], [-0.002643545097758554, -0.004153635260868951, 0.005752545311768476]], "chi2_level": 0.95, "chi2_df": 3, "chi2_threshold": 7.814727903251179, "N_raw": 67, "N_roi": 67, "N_inlier": 64, "refit": true}
{"timestamp": "14:55:57.623555", "frame": 56, "mu": [-0.7575600132319826, 1.248636487300944, 1.1476521825603008], "Sigma": [[0.011740231590689773, -8.595915714033206e-05, -0.03552823991604094], [-8.59591571403321e-05, 0.009412852896434986, 0.009306657607777423], [-0.03552823991604094, 0.009306657607777422, 0.15456424489086]], "chi2_level": 0.95, "chi2_df": 3, "chi2_threshold": 7.814727903251179, "N_raw": 98, "N_roi": 98, "N_inlier": 94, "refit": true}
{"timestamp": "14:55:57.674834", "frame": 57, "mu": [-0.9265498314791468, 1.2627828129912104, 1.554636040209516], "Sigma": [[0.024160998265505104, 0.012424022043143003, -0.018738520671432488], [0.012424022043143003, 0.014271822722935125, -0.010885329038242866], [-0.018738520671432488, -0.010885329038242866, 0.024641056269115003]], "chi2_level": 0.95, "chi2_df": 3, "chi2_threshold": 7.814727903251179, "N_raw": 71, "N_roi": 71, "N_inlier": 65, "refit": true}
{"timestamp": "14:55:57.730522", "frame": 58, "mu": [-0.8739507415936507, 1.2806986149426052, 0.94986959529661], "Sigma": [[0.013102260651888445, 0.005885613844960488, -0.04304096340315182], [0.005885613844960488, 0.011550512656775815, -0.012420445091284215], [-0.04304096340315182, -0.012420445091284215, 0.2059355597427556]], "chi2_level": 0.95, "chi2_df": 3, "chi2_threshold": 7.814727903251179, "N_raw": 79, "N_roi": 79, "N_inlier": 70, "refit": true}
{"timestamp": "14:55:57.783912", "frame": 59, "mu": [-1.0797576225198406, 1.2647171972294162, 1.415460098138034], "Sigma": [[0.03236879674455533, 0.018316927606464008, -0.041070088478274994], [0.018316927606464008, 0.015255242738127379, -0.008513336471221305], [-0.041070088478274994, -0.008513336471221305, 0.2181907916319198]], "chi2_level": 0.95, "chi2_df": 3, "chi2_threshold": 7.814727903251179, "N_raw": 66, "N_roi": 66, "N_inlier": 66, "refit": true}
{"timestamp": "14:55:57.835716", "frame": 60, "mu": [-1.2055430404475735, 1.2968627445515053, 1.0326430287400847], "Sigma": [[0.033886442977728595, 0.02744064636906654, -0.07319977511632057], [0.02744064636906654, 0.03102437165310722, -0.08143421710233653], [-0.07319977511632056, -0.08143421710233653, 0.44315022602390947]], "chi2_level": 0.95, "chi2_df": 3, "chi2_threshold": 7.814727903251179, "N_raw": 51, "N_roi": 51, "N_inlier": 50, "refit": true}
{"timestamp": "14:55:57.900101", "frame": 61, "mu": [-1.1939223881026946, 1.3542101393179973, 1.2916702449757027], "Sigma": [[0.025767873810261514, 0.02282432189312147, -0.015034653858693205], [0.02282432189312147, 0.02888137235415999, -0.034466460904206686], [-0.015034653858693205, -0.034466460904206686, 0.2144406070810356]], "chi2_level": 0.95, "chi2_df": 3, "chi2_threshold": 7.814727903251179, "N_raw": 114, "N_roi": 114, "N_inlier": 109, "refit": true}
{"timestamp": "14:55:57.951661", "frame": 62, "mu": [-1.258615429593683, 1.363985121432782, 0.22412661998640163], "Sigma": [[0.04310260309482486, 0.03270314251918769, 0.029327253543064757], [0.03270314251918769, 0.03271424721201702, 0.017202944262580865], [0.029327253543064757, 0.017202944262580865, 0.23405649596829928]], "chi2_level": 0.95, "chi2_df": 3, "chi2_threshold": 7.814727903251179, "N_raw": 86, "N_roi": 86, "N_inlier": 82, "refit": true}
{"timestamp": "14:55:58.010260", "frame": 63, "mu": [-1.2735978243784172, 1.3150477974945636, 1.4036993400391544], "Sigma": [[0.053051755632464344, 0.025071763151098173, -0.06663205295933164], [0.025071763151098173, 0.018008690908801896, -0.026295168327798206], [-0.06663205295933164, -0.026295168327798206, 0.14417247927292562]], "chi2_level": 0.95, "chi2_df": 3, "chi2_threshold": 7.814727903251179, "N_raw": 114, "N_roi": 114, "N_inlier": 110, "refit": true}
{"timestamp": "14:55:58.062842", "frame": 64, "mu": [-1.3317593337828657, 1.3567033772253134, 1.535882816608483], "Sigma": [[0.06609528064762732, 0.048211867714884685, -0.0736415586799261], [0.048211867714884685, 0.04245547926802136, -0.04211796067461612], [-0.07364155867992608, -0.04211796067461612, 0.16687220349219303]], "chi2_level": 0.95, "chi2_df": 3, "chi2_threshold": 7.814727903251179, "N_raw": 58, "N_roi": 58, "N_inlier": 57, "refit": true}
{"timestamp": "14:55:58.120036", "frame": 65, "mu": [-1.3905292133103262, 1.460129441260529, 1.565328236248277], "Sigma": [[0.05106836646150066, 0.02850208199049989, -0.060854873580763025], [0.02850208199049989, 0.027312509293083632, -0.02420851210016389], [-0.060854873580763025, -0.02420851210016389, 0.15950266519900755]], "chi2_level": 0.95, "chi2_df": 3, "chi2_threshold": 7.814727903251179, "N_raw": 112, "N_roi": 112, "N_inlier": 104, "refit": true}
{"timestamp": "14:55:58.168758", "frame": 66, "mu": [-1.41544756080175, 1.4766146772542301, 1.6229064992053805], "Sigma": [[0.06264152476300236, 0.04534062250538848, -0.02461775017782874], [0.045340622505388485, 0.03891871552423461, -0.01769645546524863], [-0.02461775017782874, -0.01769645546524863, 0.01962832071080678]], "chi2_level": 0.95, "chi2_df": 3, "chi2_threshold": 7.814727903251179, "N_raw": 65, "N_roi": 65, "N_inlier": 60, "refit": true}
{"timestamp": "14:55:58.226857", "frame": 67, "mu": [-1.3476392058538817, 1.5653217129607147, -0.13862346695694838], "Sigma": [[0.1184103957209772, 0.053008859705117234, -0.03385265188556938], [0.053008859705117234, 0.06307069752787622, -0.09540557270888544], [-0.03385265188556938, -0.09540557270888544, 0.2721649493193988]], "chi2_level": 0.95, "chi2_df": 3, "chi2_threshold": 7.814727903251179, "N_raw": 89, "N_roi": 89, "N_inlier": 86, "refit": true}
{"timestamp": "14:55:58.280423", "frame": 68, "mu": [-1.3987051283965948, 1.6666184479151587, 1.3963385843355594], "Sigma": [[0.05578019428420378, 0.0426780408982777, -0.04424762664916258], [0.0426780408982777, 0.038416757027804976, -0.04117214655661782], [-0.04424762664916258, -0.041172146556617814, 0.06566801842736074]], "chi2_level": 0.95, "chi2_df": 3, "chi2_threshold": 7.814727903251179, "N_raw": 70, "N_roi": 67, "N_inlier": 62, "refit": true}
{"timestamp": "14:55:58.327148", "frame": 69, "mu": [-1.5992799759841094, 1.5712412798423434, 1.3272760222795066], "Sigma": [[0.08610139369020241, 0.07684109756055782, -0.11944846591285138], [0.07684109756055782, 0.07829628535278127, -0.1313415726588894], [-0.11944846591285138, -0.1313415726588894, 0.34769949553256546]], "chi2_level": 0.95, "chi2_df": 3, "chi2_threshold": 7.814727903251179, "N_raw": 23, "N_roi": 23, "N_inlier": 23, "refit": true}
{"timestamp": "14:55:58.388762", "frame": 70, "mu": [-1.389973833199431, 1.7458004308506512, 1.2419719191087448], "Sigma": [[0.07552063864496955, 0.05110610683788995, -0.0789903442705207], [0.05110610683788995, 0.040212240415848075, -0.06925085528974653], [-0.0789903442705207, -0.06925085528974653, 0.27739356760321887]], "chi2_level": 0.95, "chi2_df": 3, "chi2_threshold": 7.814727903251179, "N_raw": 70, "N_roi": 69, "N_inlier": 67, "refit": true}
{"timestamp": "14:55:58.440961", "frame": 71, "mu": [-1.348850354147148, 1.9668442149473937, -0.17497220370346458], "Sigma": [[0.0055342567547028605, 0.0016180619652892778, 0.008309412796064841], [0.001618061965289278, 0.013559161764922162, -0.008128352107148185], [0.008309412796064841, -0.008128352107148185, 0.05576840743937013]], "chi2_level": 0.95, "chi2_df": 3, "chi2_threshold": 7.814727903251179, "N_raw": 46, "N_roi": 46, "N_inlier": 43, "refit": true}
{"timestamp": "14:55:58.496912", "frame": 72, "mu": [-1.3892908525886505, 1.9624105053597962, 1.0293710840314447], "Sigma": [[0.008857555563048394, -0.0011490932290646983, 0.003834612332110474], [-0.0011490932290646983, 0.004857546927453383, -0.01846138231585995], [0.0038346123321104726, -0.018461382315859955, 0.11398858578994556]], "chi2_level": 0.95, "chi2_df": 3, "chi2_threshold": 7.814727903251179, "N_raw": 54, "N_roi": 54, "N_inlier": 50, "refit": true}
{"timestamp": "14:55:58.550770", "frame": 73, "mu": [-1.455344535399764, 1.917386812185522, 1.1008503473924798], "Sigma": [[0.010933148006968946, 0.00547936933742321, 0.0015552934057705893], [0.005479369337423209, 0.003677372740290713, -7.546447683288041e-05], [0.0015552934057705893, -7.54644768328805e-05, 0.03120654221163974]], "chi2_level": 0.95, "chi2_df": 3, "chi2_threshold": 7.814727903251179, "N_raw": 50, "N_roi": 50, "N_inlier": 44, "refit": true}
{"timestamp": "14:55:58.601591", "frame": 74, "mu": [-1.6434682909031042, 1.9447982798063306, -0.05192974406094884], "Sigma": [[0.0979603933980113, 0.10642331724329646, -0.08823626323469703], [0.10642331724329646, 0.12152219736447421, -0.10633748232195901], [-0.08823626323469703, -0.10633748232195901, 0.1047031927286115]], "chi2_level": 0.95, "chi2_df": 3, "chi2_threshold": 7.814727903251179, "N_raw": 20, "N_roi": 20, "N_inlier": 19, "refit": true}
{"timestamp": "14:55:58.657425", "frame": 75, "mu": [-1.6044327210960516, 1.9742348834601715, 1.2945817724460904], "Sigma": [[0.09178396401299681, 0.06983909877991619, -0.013268058744563709], [0.06983909877991619, 0.06350288875880641, -0.03242880275752007], [-0.013268058744563707, -0.03242880275752007, 0.06485703071027821]], "chi2_level": 0.95, "chi2_df": 3, "chi2_threshold": 7.814727903251179, "N_raw": 25, "N_roi": 25, "N_inlier": 22, "refit": true}
{"timestamp": "14:55:58.715455", "frame": 76, "mu": [-1.5403864066829063, 2.1455485190726833, 1.3712764416378642], "Sigma": [[0.006390042204676582, 0.0010962383991758098, 0.001129050784462062], [0.0010962383991758098, 0.0027898534212349377, 0.0024051416729876755], [0.0011290507844620616, 0.0024051416729876747, 0.10180313583483294]], "chi2_level": 0.95, "chi2_df": 3, "chi2_threshold": 7.814727903251179, "N_raw": 49, "N_roi": 49, "N_inlier": 42, "refit": true}
{"timestamp": "14:55:58.770685", "frame": 77, "mu": [-1.4034232837411633, 2.285822122562347, 1.186879918270097], "Sigma": [[0.011374433663962258, 0.0027151371223191117, 0.0012866597365384421], [0.0027151371223191117, 0.001068034408952408, -0.0013213347821835915], [0.0012866597365384421, -0.0013213347821835915, 0.033619039791889585]], "chi2_level": 0.95, "chi2_df": 3, "chi2_threshold": 7.814727903251179, "N_raw": 49, "N_roi": 49, "N_inlier": 45, "refit": true}
{"timestamp": "14:55:58.824767", "frame": 78, "mu": [-1.3934707384006897, 2.2492776265388956, 1.3621428459180458], "Sigma": [[0.007034016542334708, 0.0021621261034124413, -0.0056548454807691575], [0.0021621261034124413, 0.004093036762016587, -0.0047058108801680525], [-0.0056548454807691575, -0.0047058108801680525, 0.009897268897859012]], "chi2_level": 0.95, "chi2_df": 3, "chi2_threshold": 7.814727903251179, "N_raw": 41, "N_roi": 41, "N_inlier": 36, "refit": true}
{"timestamp": "14:55:58.883929", "frame": 79, "mu": [-1.4487555675645716, 2.3365253623791373, 1.3574277290658625], "Sigma": [[0.010665882258292516, 0.0032224490321117283, -0.009658479682241202], [0.0032224490321117283, 0.003456294758044168, -0.010101465745681572], [-0.009658479682241204, -0.010101465745681572, 0.0702812605466635]], "chi2_level": 0.95, "chi2_df": 3, "chi2_threshold": 7.814727903251179, "N_raw": 68, "N_roi": 68, "N_inlier": 64, "refit": true}
{"timestamp": "14:55:58.937793", "frame": 80, "mu": [-1.4059803111346627, 2.392058532852727, 1.0498468762540154], "Sigma": [[0.01551309618182793, 0.002493529061141978, -0.005425745732084255], [0.002493529061141978, 0.004129997487865008, -0.004219754329716895], [-0.005425745732084255, -0.004219754329716895, 0.015072125769159174]], "chi2_level": 0.95, "chi2_df": 3, "chi2_threshold": 7.814727903251179, "N_raw": 60, "N_roi": 60, "N_inlier": 55, "refit": true}
{"timestamp": "14:55:59.000308", "frame": 81, "mu": [-1.4825285093340774, 2.4784080779425657, 0.9055827788653033], "Sigma": [[0.04141872212021594, -0.0014180072747800787, 0.03483117970149147], [-0.0014180072747800787, 0.0027247950738345786, -0.010463698908745942], [0.03483117970149148, -0.010463698908745942, 0.09200101242856384]], "chi2_level": 0.95, "chi2_df": 3, "chi2_threshold": 7.814727903251179, "N_raw": 93, "N_roi": 93, "N_inlier": 91, "refit": true}
{"timestamp": "14:55:59.049057", "frame": 82, "mu": [-1.3654596980304803, 2.514520675130845, 1.2481537526830095], "Sigma": [[0.013503645515112907, 0.0021570047163713925, -0.01611849120756574], [0.0021570047163713925, 0.002061190663716159, -0.009389231371813786], [-0.01611849120756574, -0.009389231371813786, 0.06562862675699227]], "chi2_level": 0.95, "chi2_df": 3, "chi2_threshold": 7.814727903251179, "N_raw": 71, "N_roi": 71, "N_inlier": 65, "refit": true}
{"timestamp": "14:55:59.101748", "frame": 83, "mu": [-1.3655261931860754, 2.5615423182742205, 1.2517803363641116], "Sigma": [[0.011118829795958544, 0.0022675477497262446, -0.008828957859715783], [0.0022675477497262446, 0.001804139863894027, -0.005885152632861072], [-0.008828957859715783, -0.005885152632861072, 0.04691660391085303]], "chi2_level": 0.95, "chi2_df": 3, "chi2_threshold": 7.814727903251179, "N_raw": 53, "N_roi": 53, "N_inlier": 49, "refit": true}
{"timestamp": "14:55:59.155592", "frame": 84, "mu": [-1.3954405064125843, 2.630291915035677, 1.3484986189147936], "Sigma": [[0.00933323086394905, 0.002989439362611937, -0.01379015703632801], [0.002989439362611937, 0.0042221389602262885, -0.005332827086949401], [-0.01379015703632801, -0.005332827086949401, 0.062131788745403815]], "chi2_level": 0.95, "chi2_df": 3, "chi2_threshold": 7.814727903251179, "N_raw": 48, "N_roi": 47, "N_inlier": 44, "refit": true}
{"timestamp": "14:55:59.212746", "frame": 85, "mu": [-1.4238203934408662, 2.6408400306722157, 1.0929762821334634], "Sigma": [[0.013984001056044004, 0.003185878206831077, -0.012944253470729073], [0.003185878206831077, 0.0022691317010981264, -0.0019369554489737668], [-0.012944253470729073, -0.0019369554489737668, 0.08862372565136667]], "chi2_level": 0.95, "chi2_df": 3, "chi2_threshold": 7.814727903251179, "N_raw": 66, "N_roi": 66, "N_inlier": 64, "refit": true}
{"timestamp": "14:55:59.270034", "frame": 86, "mu": [-1.3822156556709866, 2.731563728951365, 1.0947216324513143], "Sigma": [[0.014579530378030411, 0.003046808133182439, -0.006469164834066591], [0.003046808133182439, 0.0016204074936152842, -0.0036387149704439695], [-0.006469164834066591, -0.0036387149704439695, 0.10232664924925891]], "chi2_level": 0.95, "chi2_df": 3, "chi2_threshold": 7.814727903251179, "N_raw": 76, "N_roi": 75, "N_inlier": 73, "refit": true}
