{"timestamp": "14:07:32.568896", "frame": 1, "mu": [1.481770868213371, 0.7926022373220665, 1.3324403269469993], "Sigma": [[0.0032609987711532235, -0.0010519056315055444, -0.0003039138449401757], [-0.0010519056315055444, 0.004619385567497429, 0.0003157954341386201], [-0.0003039138449401757, 0.00031579543413862, 0.00036981307489655617]], "chi2_level": 0.95, "chi2_df": 3, "chi2_threshold": 7.814727903251179, "N_raw": 17, "N_roi": 17, "N_inlier": 16, "refit": true}
{"timestamp": "14:07:32.623386", "frame": 2, "mu": [1.451919505977298, 0.7878332539746428, 1.1335711553078265], "Sigma": [[0.001385074844515556, -0.0012349370695844413, -0.00016703925512435544], [-0.0012349370695844413, 0.007045478956173031, -0.0012536102715952264], [-0.00016703925512435546, -0.0012536102715952266, 0.0007451801135567851]], "chi2_level": 0.95, "chi2_df": 3, "chi2_threshold": 7.814727903251179, "N_raw": 17, "N_roi": 17, "N_inlier": 15, "refit": true}
{"timestamp": "14:07:32.679011", "frame": 3, "mu": [1.4407152126133145, 0.8554858426793603, 1.2595700840187716], "Sigma": [[0.001647027069905129, -0.002495787185061428, 0.0001028227274284568], [-0.002495787185061428, 0.010299036900898327, -0.006734775747980592], [0.0001028227274284569, -0.00673477574798059, 0.007712665681554989]], "chi2_level": 0.95, "chi2_df": 3, "chi2_threshold": 7.814727903251179, "N_raw": 22, "N_roi": 22, "N_inlier": 21, "refit": true}
{"timestamp": "14:07:32.736498", "frame": 4, "mu": [1.4237039277702268, 0.7405305146466726, 1.2136644105384957], "Sigma": [[0.002722553200886009, -0.0028885430427623444, -0.0012586374987342925], [-0.0028885430427623444, 0.005921121635903903, -0.0016823420146155283], [-0.0012586374987342925, -0.001682342014615528, 0.006031007532258378]], "chi2_level": 0.95, "chi2_df": 3, "chi2_threshold": 7.814727903251179, "N_raw": 27, "N_roi": 27, "N_inlier": 25, "refit": true}
{"timestamp": "14:07:32.789831", "frame": 5, "mu": [1.4163351545355651, 0.746803342231058, 1.2408184224837375], "Sigma": [[0.0022252859228809006, -0.0003960670443853957, 1.3385803050435321e-05], [-0.0003960670443853957, 0.002128056349891024, -0.0014474970856885165], [1.3385803050435335e-05, -0.0014474970856885165, 0.005795460408963388]], "chi2_level": 0.95, "chi2_df": 3, "chi2_threshold": 7.814727903251179, "N_raw": 18, "N_roi": 18, "N_inlier": 15, "refit": true}
{"timestamp": "14:07:32.899836", "frame": 7, "mu": [1.4223912492931239, 0.6827749165380186, 0.8065008995948212], "Sigma": [[0.009128024394579758, -0.011006611078338646, -0.052549932883440426], [-0.011006611078338646, 0.020792282943324455, 0.07484324885368193], [-0.052549932883440426, 0.07484324885368193, 0.3338502241967241]], "chi2_level": 0.95, "chi2_df": 3, "chi2_threshold": 7.814727903251179, "N_raw": 9, "N_roi": 9, "N_inlier": 8, "refit": true}
{"timestamp": "14:07:32.954598", "frame": 8, "mu": [1.3861198614311758, 0.6871504303406228, 1.0047814798834944], "Sigma": [[0.0020184099217169897, -0.0024328419777050496, -0.013170766896081553], [-0.0024328419777050496, 0.007772691794472501, 0.030063078368319666], [-0.013170766896081555, 0.030063078368319673, 0.22308163775420828]], "chi2_level": 0.95, "chi2_df": 3, "chi2_threshold": 7.814727903251179, "N_raw": 13, "N_roi": 13, "N_inlier": 13, "refit": true}
{"timestamp": "14:07:33.120004", "frame": 11, "mu": [1.1531057046844517, 0.9465606954790456, 1.2404087437987061], "Sigma": [[0.007480159923339182, -0.010597771106679962, -0.02515215764307146], [-0.010597771106679962, 0.016950552954398613, 0.03838885159721904], [-0.02515215764307146, 0.03838885159721904, 0.09606949549277975]], "chi2_level": 0.95, "chi2_df": 3, "chi2_threshold": 7.814727903251179, "N_raw": 18, "N_roi": 18, "N_inlier": 15, "refit": true}
{"timestamp": "14:07:33.175648", "frame": 12, "mu": [1.0767647981799071, 0.97922566075447, 1.4874967959794545], "Sigma": [[0.0024682596152769123, -0.001660037561399881, -0.00048454909285214836], [-0.001660037561399881, 0.0035154158914301797, 0.00010829940025070904], [-0.0004845490928521484, 0.00010829940025070904, 0.0002266531610918099]], "chi2_level": 0.95, "chi2_df": 3, "chi2_threshold": 7.814727903251179, "N_raw": 22, "N_roi": 22, "N_inlier": 21, "refit": true}
{"timestamp": "14:07:33.235185", "frame": 13, "mu": [1.0965428705698836, 0.9160799187381565, 1.4331592984733779], "Sigma": [[0.007520627175439253, -0.0037898507299143217, -0.004599609631867308], [-0.0037898507299143217, 0.004165541427560609, 0.0010727316360523778], [-0.004599609631867308, 0.0010727316360523776, 0.007296973764453847]], "chi2_level": 0.95, "chi2_df": 3, "chi2_threshold": 7.814727903251179, "N_raw": 46, "N_roi": 46, "N_inlier": 44, "refit": true}
{"timestamp": "14:07:33.290816", "frame": 14, "mu": [1.0159731544393216, 0.9441426827585708, 1.3736489742393068], "Sigma": [[0.004245928759776574, -0.002444080206274301, -0.005970027125785765], [-0.002444080206274301, 0.0034824693803131327, 0.0025022415301937098], [-0.005970027125785766, 0.00250224153019371, 0.01861729753889551]], "chi2_level": 0.95, "chi2_df": 3, "chi2_threshold": 7.814727903251179, "N_raw": 50, "N_roi": 50, "N_inlier": 48, "refit": true}
{"timestamp": "14:07:33.343746", "frame": 15, "mu": [0.9806202589330079, 0.9326567899128534, 1.439683986370424], "Sigma": [[0.005446396481564793, -0.002200149603702452, -0.004876228045001265], [-0.002200149603702452, 0.0033038278973500047, 0.0027464488433615944], [-0.004876228045001265, 0.0027464488433615944, 0.01658487370419741]], "chi2_level": 0.95, "chi2_df": 3, "chi2_threshold": 7.814727903251179, "N_raw": 40, "N_roi": 40, "N_inlier": 37, "refit": true}
{"timestamp": "14:07:33.401895", "frame": 16, "mu": [0.913087542545487, 1.0481842747621288, -0.35522286138074743], "Sigma": [[0.0063150325577704565, -0.00134787516833365, -0.008848858701356713], [-0.0013478751683336497, 0.0031758774760742466, -0.000919152241329993], [-0.008848858701356713, -0.0009191522413299928, 0.017066708392552636]], "chi2_level": 0.95, "chi2_df": 3, "chi2_threshold": 7.814727903251179, "N_raw": 62, "N_roi": 62, "N_inlier": 59, "refit": true}
{"timestamp": "14:07:33.454222", "frame": 17, "mu": [0.8651496412053363, 0.933699421599175, 1.436354488606192], "Sigma": [[0.004043242942305037, -0.0018805449335205409, -0.003192437780795604], [-0.0018805449335205409, 0.0026315047338482615, -2.3829742662074624e-06], [-0.0031924377807956046, -2.3829742662074353e-06, 0.005997597769660023]], "chi2_level": 0.95, "chi2_df": 3, "chi2_threshold": 7.814727903251179, "N_raw": 43, "N_roi": 43, "N_inlier": 40, "refit": true}
{"timestamp": "14:07:33.508704", "frame": 18, "mu": [0.8271907162950429, 1.0355607898102326, -0.34317978965865364], "Sigma": [[0.003411088984528375, 0.0002028874003811095, -0.00127429781735877], [0.00020288740038110944, 0.002411518312497625, -0.0009716146966856623], [-0.00127429781735877, -0.0009716146966856624, 0.00803874622817666]], "chi2_level": 0.95, "chi2_df": 3, "chi2_threshold": 7.814727903251179, "N_raw": 40, "N_roi": 40, "N_inlier": 38, "refit": true}
{"timestamp": "14:07:33.558624", "frame": 19, "mu": [0.8526199119581268, 0.8681163181698655, 1.0178429465832046], "Sigma": [[0.004772293570194635, -0.00197602484850021, -0.02017630385291657], [-0.00197602484850021, 0.007374794263069937, 0.056076777442183895], [-0.020176303852916574, 0.056076777442183895, 0.43478091331254254]], "chi2_level": 0.95, "chi2_df": 3, "chi2_threshold": 7.814727903251179, "N_raw": 8, "N_roi": 8, "N_inlier": 7, "refit": true}
{"timestamp": "14:07:33.616238", "frame": 20, "mu": [0.7646836948378491, 0.9214523203978371, 1.3901761372214068], "Sigma": [[0.005678361132610413, -0.0026773324168562927, -0.016019645132717746], [-0.0026773324168562927, 0.0024589152622879738, 0.008351372779129172], [-0.016019645132717746, 0.00835137277912917, 0.11404995280354958]], "chi2_level": 0.95, "chi2_df": 3, "chi2_threshold": 7.814727903251179, "N_raw": 25, "N_roi": 25, "N_inlier": 22, "refit": true}
{"timestamp": "14:07:33.675947", "frame": 21, "mu": [0.7338864983969914, 0.8916046250848647, 1.4236980449916703], "Sigma": [[0.005197234438955116, -0.0013218253495361982, -0.0035552962042172728], [-0.0013218253495361982, 0.0028035518490187516, 0.002738252259595615], [-0.0035552962042172728, 0.002738252259595615, 0.01920330663694291]], "chi2_level": 0.95, "chi2_df": 3, "chi2_threshold": 7.814727903251179, "N_raw": 52, "N_roi": 52, "N_inlier": 49, "refit": true}
{"timestamp": "14:07:33.726692", "frame": 22, "mu": [0.6975035307882922, 0.899424148341904, 1.1763646719407195], "Sigma": [[0.01625411670738397, -0.005214349961127858, -0.0720536453691368], [-0.005214349961127858, 0.005840440010522177, 0.03765671747409632], [-0.0720536453691368, 0.03765671747409632, 0.421575154220331]], "chi2_level": 0.95, "chi2_df": 3, "chi2_threshold": 7.814727903251179, "N_raw": 21, "N_roi": 21, "N_inlier": 19, "refit": true}
{"timestamp": "14:07:33.788071", "frame": 23, "mu": [0.6539834875099592, 0.9189895163835679, 1.464487606930188], "Sigma": [[0.004840183860479912, 0.0003000482501886427, -0.002358484994083374], [0.0003000482501886427, 0.0036403390906994243, -0.001368474798779937], [-0.0023584849940833734, -0.0013684747987799371, 0.007612539745947334]], "chi2_level": 0.95, "chi2_df": 3, "chi2_threshold": 7.814727903251179, "N_raw": 64, "N_roi": 64, "N_inlier": 59, "refit": true}
{"timestamp": "14:07:33.839066", "frame": 24, "mu": [0.5549025868320554, 0.9361638051349972, 1.3629743638237355], "Sigma": [[0.0033143600990865113, -0.0018188950311174993, 0.006345181752558941], [-0.0018188950311174995, 0.005200627156741614, -0.012189028098341423], [0.006345181752558941, -0.012189028098341423, 0.23020511432324445]], "chi2_level": 0.95, "chi2_df": 3, "chi2_threshold": 7.814727903251179, "N_raw": 36, "N_roi": 36, "N_inlier": 32, "refit": true}
{"timestamp": "14:07:33.896831", "frame": 25, "mu": [0.568314917350857, 0.92676194904799, 1.4650168445563512], "Sigma": [[0.003982077469135297, -0.00036816384035376755, -0.0012644990691874623], [-0.0003681638403537675, 0.002876334652484647, 0.0005805993109329862], [-0.0012644990691874623, 0.0005805993109329862, 0.01555123485288654]], "chi2_level": 0.95, "chi2_df": 3, "chi2_threshold": 7.814727903251179, "N_raw": 56, "N_roi": 54, "N_inlier": 49, "refit": true}
{"timestamp": "14:07:33.954217", "frame": 26, "mu": [0.5019885555161328, 0.9608215728937939, 1.437581006652666], "Sigma": [[0.003149969242289859, 0.00037694510426451814, -0.00153464906834728], [0.0003769451042645182, 0.004269452343089287, -0.002790155711207295], [-0.0015346490683472802, -0.002790155711207295, 0.012917823679928107]], "chi2_level": 0.95, "chi2_df": 3, "chi2_threshold": 7.814727903251179, "N_raw": 70, "N_roi": 70, "N_inlier": 65, "refit": true}
{"timestamp": "14:07:34.006689", "frame": 27, "mu": [0.46999586778663605, 0.9339627594361528, 1.4752027071252356], "Sigma": [[0.003366948889588933, 0.0006513430239585256, -0.002439987881158023], [0.0006513430239585255, 0.0028650604481202813, -0.0020049252274776477], [-0.0024399878811580235, -0.0020049252274776477, 0.00300699982006334]], "chi2_level": 0.95, "chi2_df": 3, "chi2_threshold": 7.814727903251179, "N_raw": 57, "N_roi": 57, "N_inlier": 53, "refit": true}
{"timestamp": "14:07:34.061596", "frame": 28, "mu": [0.39989074685007914, 0.9372875411005905, 1.4788798417844076], "Sigma": [[0.0024654868468210038, -8.601077626862228e-06, 0.0003531881999974236], [-8.601077626862242e-06, 0.0017933607480091274, -0.0017503113389624855], [0.0003531881999974236, -0.0017503113389624855, 0.008068925664562028]], "chi2_level": 0.95, "chi2_df": 3, "chi2_threshold": 7.814727903251179, "N_raw": 51, "N_roi": 51, "N_inlier": 46, "refit": true}
{"timestamp": "14:07:34.118587", "frame": 29, "mu": [0.37145796123588193, 0.9763155690260542, 1.4337834828450227], "Sigma": [[0.0036518229970794, 0.00026251875479899175, -0.0036333793051197927], [0.00026251875479899175, 0.002447007073374392, -0.0027045098471427144], [-0.0036333793051197927, -0.0027045098471427144, 0.008975078885246323]], "chi2_level": 0.95, "chi2_df": 3, "chi2_threshold": 7.814727903251179, "N_raw": 73, "N_roi": 73, "N_inlier": 70, "refit": true}
{"timestamp": "14:07:34.169832", "frame": 30, "mu": [0.3022481648858053, 0.9834852585835843, 1.5197512646832274], "Sigma": [[0.0020798513955343507, -3.3434331644908644e-05, -0.0006244551806256736], [-3.343433164490866e-05, 0.0025661338199491467, -0.0011687058596351473], [-0.0006244551806256737, -0.0011687058596351475, 0.0008862384669821043]], "chi2_level": 0.95, "chi2_df": 3, "chi2_threshold": 7.814727903251179, "N_raw": 45, "N_roi": 45, "N_inlier": 41, "refit": true}
{"timestamp": "14:07:34.228853", "frame": 31, "mu": [0.2334926690902936, 0.9885046270623612, 1.485145439525249], "Sigma": [[0.0026991181447069937, 0.00045938106914255775, -0.001403235400550247], [0.00045938106914255775, 0.003981091211258654, -0.0038798094107095507], [-0.001403235400550247, -0.003879809410709551, 0.005474307913789588]], "chi2_level": 0.95, "chi2_df": 3, "chi2_threshold": 7.814727903251179, "N_raw": 76, "N_roi": 76, "N_inlier": 73, "refit": true}
{"timestamp": "14:07:34.280422", "frame": 32, "mu": [0.21440134957547968, 1.0528998551552688, -0.22167809423721768], "Sigma": [[0.002142069941695795, 0.00012107449849310975, -0.0008816230010714489], [0.00012107449849310964, 0.0037779942095056483, -0.0019541226467179955], [-0.0008816230010714489, -0.0019541226467179955, 0.003097555964543813]], "chi2_level": 0.95, "chi2_df": 3, "chi2_threshold": 7.814727903251179, "N_raw": 52, "N_roi": 52, "N_inlier": 47, "refit": true}
{"timestamp": "14:07:34.338485", "frame": 33, "mu": [0.17958651141771767, 0.9760030093359627, 1.4370166336632695], "Sigma": [[0.004047141035320169, 0.0009348687906879801, -0.0044810244981605], [0.0009348687906879801, 0.0017309765782845801, -0.003285322817155923], [-0.0044810244981605, -0.003285322817155923, 0.009881746723979914]], "chi2_level": 0.95, "chi2_df": 3, "chi2_threshold": 7.814727903251179, "N_raw": 74, "N_roi": 74, "N_inlier": 69, "refit": true}
{"timestamp": "14:07:34.392542", "frame": 34, "mu": [0.08526326444265132, 0.9634799126334468, 1.4543017583986813], "Sigma": [[0.0021733796242530048, -0.0005039844228356033, 0.0006062952615023714], [-0.0005039844228356033, 0.001459489691169579, -0.0028254347538594934], [0.0006062952615023714, -0.0028254347538594934, 0.008362902889125163]], "chi2_level": 0.95, "chi2_df": 3, "chi2_threshold": 7.814727903251179, "N_raw": 63, "N_roi": 63, "N_inlier": 59, "refit": true}
{"timestamp": "14:07:34.448485", "frame": 35, "mu": [0.05415484149031365, 0.9761013663928121, 1.433762587785979], "Sigma": [[0.00212401341580488, -0.00023501961305862632, -0.0007550446133892626], [-0.00023501961305862626, 0.002650925880129264, -0.003774548917217149], [-0.0007550446133892626, -0.003774548917217149, 0.007549301004781641]], "chi2_level": 0.95, "chi2_df": 3, "chi2_threshold": 7.814727903251179, "N_raw": 76, "N_roi": 76, "N_inlier": 71, "refit": true}
{"timestamp": "14:07:34.501568", "frame": 36, "mu": [-0.04832719229160497, 0.9393419671614786, 1.2279157147569293], "Sigma": [[0.024442597192731154, -0.0008338718319752792, 0.0631853837923238], [-0.0008338718319752792, 0.001194127241494213, 0.0005541676962040139], [0.0631853837923238, 0.0005541676962040137, 0.21915193820385512]], "chi2_level": 0.95, "chi2_df": 3, "chi2_threshold": 7.814727903251179, "N_raw": 55, "N_roi": 55, "N_inlier": 51, "refit": true}
{"timestamp": "14:07:34.554108", "frame": 37, "mu": [-0.04135087433073256, 0.9496879688527886, 1.5195362627084554], "Sigma": [[0.002087420978215776, 0.0001808557802191277, -0.0007293025822001512], [0.0001808557802191277, 0.0016637751526376314, -0.0013069390594419345], [-0.0007293025822001512, -0.0013069390594419345, 0.0013989945256779517]], "chi2_level": 0.95, "chi2_df": 3, "chi2_threshold": 7.814727903251179, "N_raw": 39, "N_roi": 39, "N_inlier": 37, "refit": true}
{"timestamp": "14:07:34.616592", "frame": 38, "mu": [-0.1160482321048386, 0.9725194037463668, 1.439037093807696], "Sigma": [[0.006969606848458495, -0.002048107997110738, -0.002634699248335387], [-0.002048107997110738, 0.0025882091403785605, -0.001955388937717264], [-0.002634699248335387, -0.001955388937717264, 0.006569624577910741]], "chi2_level": 0.95, "chi2_df": 3, "chi2_threshold": 7.814727903251179, "N_raw": 98, "N_roi": 98, "N_inlier": 94, "refit": true}
{"timestamp": "14:07:34.661709", "frame": 39, "mu": [-0.28914884166694726, 0.9534627131368791, 1.353457558044786], "Sigma": [[0.002264142632731827, -0.00031058133543625027, -0.0016897573304385178], [-0.0003105813354362504, 0.0009727856723895832, -0.00022116873654278585], [-0.0016897573304385178, -0.00022116873654278563, 0.009346449478463036]], "chi2_level": 0.95, "chi2_df": 3, "chi2_threshold": 7.814727903251179, "N_raw": 24, "N_roi": 24, "N_inlier": 20, "refit": true}
{"timestamp": "14:07:34.723609", "frame": 40, "mu": [-0.20474555666734098, 0.9068167641474875, 1.3703553081446977], "Sigma": [[0.002299080973561611, -0.0003424323783227521, 0.0003553423789580787], [-0.0003424323783227521, 0.0008402382952911638, -0.001072268939456326], [0.0003553423789580786, -0.0010722689394563258, 0.017093081626190304]], "chi2_level": 0.95, "chi2_df": 3, "chi2_threshold": 7.814727903251179, "N_raw": 72, "N_roi": 72, "N_inlier": 68, "refit": true}
{"timestamp": "14:07:34.775591", "frame": 41, "mu": [-0.25464772801334795, 0.9405015081658566, 1.4160483008280302], "Sigma": [[0.002006172202552625, -0.000541821955465799, -0.0012028146859200722], [-0.0005418219554657988, 0.0014791939441275582, -0.00021931672551668107], [-0.0012028146859200722, -0.00021931672551668113, 0.011584578627634668]], "chi2_level": 0.95, "chi2_df": 3, "chi2_threshold": 7.814727903251179, "N_raw": 45, "N_roi": 45, "N_inlier": 41, "refit": true}
{"timestamp": "14:07:34.833179", "frame": 42, "mu": [-0.31939058634955825, 0.9423971858801017, 1.4760958221048157], "Sigma": [[0.0020732795488495274, 0.0004148590846676617, -0.002064819635906923], [0.0004148590846676617, 0.004232519105180803, -0.004606663546244222], [-0.0020648196359069233, -0.004606663546244222, 0.006723062976721919]], "chi2_level": 0.95, "chi2_df": 3, "chi2_threshold": 7.814727903251179, "N_raw": 66, "N_roi": 62, "N_inlier": 57, "refit": true}
{"timestamp": "14:07:34.891272", "frame": 43, "mu": [-0.34641247440178724, 0.9298039013539517, 1.472872661520568], "Sigma": [[0.0038033985348583247, -0.001769930971130922, -0.00444903706575827], [-0.0017699309711309216, 0.004106818228324877, -0.0013244846064734022], [-0.004449037065758269, -0.001324484606473402, 0.010447139630581062]], "chi2_level": 0.95, "chi2_df": 3, "chi2_threshold": 7.814727903251179, "N_raw": 87, "N_roi": 87, "N_inlier": 84, "refit": true}
{"timestamp": "14:07:34.947777", "frame": 44, "mu": [-0.4068700246146529, 1.0157047300029365, -0.21438264168540325], "Sigma": [[0.004180932162847873, -0.00115907360484526, 0.010257997946158068], [-0.0011590736048452603, 0.011143775637036125, -0.04639579379194906], [0.010257997946158068, -0.046395793791949066, 0.2607917998945072]], "chi2_level": 0.95, "chi2_df": 3, "chi2_threshold": 7.814727903251179, "N_raw": 89, "N_roi": 86, "N_inlier": 81, "refit": true}
{"timestamp": "14:07:35.004375", "frame": 45, "mu": [-0.45393086016906076, 1.0359222395701018, -0.5162205670982222], "Sigma": [[0.0038772106009299216, 0.0020479363191186345, -0.007250906622669259], [0.002047936319118634, 0.007389956896281975, -0.008154783410719424], [-0.00725090662266926, -0.008154783410719423, 0.06500639929080171]], "chi2_level": 0.95, "chi2_df": 3, "chi2_threshold": 7.814727903251179, "N_raw": 108, "N_roi": 108, "N_inlier": 106, "refit": true}
{"timestamp": "14:07:35.052189", "frame": 46, "mu": [-0.4858088721141257, 0.858968068976219, 1.052183300083749], "Sigma": [[0.003270813896723398, -0.002023529216681569, -0.006854131491891981], [-0.002023529216681569, 0.008678651377029398, 0.023405034643611673], [-0.006854131491891981, 0.023405034643611673, 0.07095938257198996]], "chi2_level": 0.95, "chi2_df": 3, "chi2_threshold": 7.814727903251179, "N_raw": 57, "N_roi": 57, "N_inlier": 52, "refit": true}
{"timestamp": "14:07:35.114824", "frame": 47, "mu": [-0.5647805638344627, 0.8986842929600044, 1.2973287314169606], "Sigma": [[0.004085184825954795, -0.0014436691199742526, -0.007128076373161982], [-0.0014436691199742526, 0.0025658182854393103, -0.0010770725328393851], [-0.007128076373161982, -0.001077072532839385, 0.0564037598705021]], "chi2_level": 0.95, "chi2_df": 3, "chi2_threshold": 7.814727903251179, "N_raw": 107, "N_roi": 107, "N_inlier": 98, "refit": true}
{"timestamp": "14:07:35.175535", "frame": 48, "mu": [-0.6020067045677948, 0.9926915807022028, 1.2461658386979502], "Sigma": [[0.008146579880157514, 0.005628792134332023, -0.019771612842181513], [0.005628792134332022, 0.01550928416101894, -0.03425583455912137], [-0.019771612842181513, -0.03425583455912137, 0.10515077175632004]], "chi2_level": 0.95, "chi2_df": 3, "chi2_threshold": 7.814727903251179, "N_raw": 137, "N_roi": 137, "N_inlier": 120, "refit": true}
{"timestamp": "14:07:35.218664", "frame": 49, "mu": [-0.6870092778362341, 0.8398811349010711, 1.0947605483424978], "Sigma": [[0.049206526818283636, 0.009867530288853493, -0.08861913907803698], [0.009867530288853493, 0.009354429159174164, -0.024888875014865135], [-0.08861913907803698, -0.024888875014865135, 0.1950332863947954]], "chi2_level": 0.95, "chi2_df": 3, "chi2_threshold": 7.814727903251179, "N_raw": 68, "N_roi": 68, "N_inlier": 60, "refit": true}
{"timestamp": "14:07:35.274452", "frame": 50, "mu": [-0.863966751167906, 0.8547384188032711, 1.4805241533772657], "Sigma": [[0.02854160756129951, 0.01570805488853332, -0.02759457533767378], [0.01570805488853332, 0.01459668748655527, -0.018694272565324948], [-0.02759457533767378, -0.018694272565324948, 0.035528184772421256]], "chi2_level": 0.95, "chi2_df": 3, "chi2_threshold": 7.814727903251179, "N_raw": 73, "N_roi": 73, "N_inlier": 69, "refit": true}
{"timestamp": "14:07:35.324343", "frame": 51, "mu": [-1.0174535363893369, 0.7929905002379731, 1.5755099258980578], "Sigma": [[0.03253896232399239, 0.007605112562619787, -0.03775705044162256], [0.0076051125626197865, 0.005039908735527862, -0.009570414823583211], [-0.03775705044162256, -0.009570414823583211, 0.05885391142810524]], "chi2_level": 0.95, "chi2_df": 3, "chi2_threshold": 7.814727903251179, "N_raw": 38, "N_roi": 38, "N_inlier": 33, "refit": true}
{"timestamp": "14:07:35.386933", "frame": 52, "mu": [-0.9186170496300502, 0.8627886179158389, 1.3450412651397872], "Sigma": [[0.034631651944549965, 0.010128342563168746, -0.05418056319444118], [0.010128342563168745, 0.007071245745072399, -0.018775187095004964], [-0.054180563194441186, -0.018775187095004968, 0.10507112699611128]], "chi2_level": 0.95, "chi2_df": 3, "chi2_threshold": 7.814727903251179, "N_raw": 96, "N_roi": 96, "N_inlier": 93, "refit": true}
{"timestamp": "14:07:35.436203", "frame": 53, "mu": [-1.0558375142659626, 0.8495662341095112, 1.5687574848839678], "Sigma": [[0.02638163520657367, 0.013974665480174255, -0.030789960231451162], [0.013974665480174257, 0.010538515587307283, -0.018437432320905663], [-0.030789960231451162, -0.018437432320905667, 0.05460678177636676]], "chi2_level": 0.95, "chi2_df": 3, "chi2_threshold": 7.814727903251179, "N_raw": 53, "N_roi": 53, "N_inlier": 49, "refit": true}
{"timestamp": "14:07:35.493089", "frame": 54, "mu": [-1.0708745004327127, 0.7618639887055344, 1.4977276695506079], "Sigma": [[0.020940039755250703, 0.0029514235411400276, -0.02369551151974966], [0.0029514235411400285, 0.006285442799965583, -0.01139884408290441], [-0.02369551151974966, -0.01139884408290441, 0.053411841286339114]], "chi2_level": 0.95, "chi2_df": 3, "chi2_threshold": 7.814727903251179, "N_raw": 67, "N_roi": 67, "N_inlier": 61, "refit": true}
{"timestamp": "14:07:35.546536", "frame": 55, "mu": [-1.201206004438053, 0.8582975105070053, 1.607584579266649], "Sigma": [[0.015822482032613428, 0.008504920165763827, -0.014526882143223459], [0.008504920165763829, 0.0076087370931896105, -0.009659894043521676], [-0.014526882143223459, -0.009659894043521675, 0.03192689987971762]], "chi2_level": 0.95, "chi2_df": 3, "chi2_threshold": 7.814727903251179, "N_raw": 53, "N_roi": 53, "N_inlier": 48, "refit": true}
{"timestamp": "14:07:35.609044", "frame": 56, "mu": [-1.1512542337152694, 0.9221571200479575, -0.27038277251132903], "Sigma": [[0.016821654308686203, 0.007800158124663972, -0.0039293223265254185], [0.007800158124663973, 0.012103653986048488, -0.004948488079617956], [-0.0039293223265254185, -0.004948488079617956, 0.003287445873349952]], "chi2_level": 0.95, "chi2_df": 3, "chi2_threshold": 7.814727903251179, "N_raw": 105, "N_roi": 105, "N_inlier": 96, "refit": true}
{"timestamp": "14:07:35.661545", "frame": 57, "mu": [-1.174224013592575, 0.9345978930241513, -0.2120305723186895], "Sigma": [[0.0138692154120798, 0.006249846877561423, -0.006999257927439592], [0.006249846877561423, 0.010655771566169406, -0.004939315851257669], [-0.006999257927439592, -0.00493931585125767, 0.004714342209416226]], "chi2_level": 0.95, "chi2_df": 3, "chi2_threshold": 7.814727903251179, "N_raw": 88, "N_roi": 88, "N_inlier": 84, "refit": true}
{"timestamp": "14:07:35.713354", "frame": 58, "mu": [-1.203207826644454, 0.7679147634295184, 1.3960335753424107], "Sigma": [[0.011018670550525597, 0.007299081703037589, -0.008228413812560585], [0.00729908170303759, 0.03374515892923953, 0.010363012664146708], [-0.008228413812560585, 0.010363012664146708, 0.024554012148607644]], "chi2_level": 0.95, "chi2_df": 3, "chi2_threshold": 7.814727903251179, "N_raw": 70, "N_roi": 70, "N_inlier": 67, "refit": true}
{"timestamp": "14:07:35.771698", "frame": 59, "mu": [-1.2468021314318753, 0.790646666396807, 1.3801609506184533], "Sigma": [[0.014451486699206947, 0.01319085025958346, 0.0012318866004824344], [0.01319085025958346, 0.021186878942760792, -0.000752305745788274], [0.0012318866004824344, -0.0007523057457882739, 0.001927577349220527]], "chi2_level": 0.95, "chi2_df": 3, "chi2_threshold": 7.814727903251179, "N_raw": 91, "N_roi": 91, "N_inlier": 81, "refit": true}
{"timestamp": "14:07:35.827328", "frame": 60, "mu": [-1.2910859059326716, 0.926312826430277, -0.3878055350555099], "Sigma": [[0.014998838676183962, 0.009232985419361812, -0.0015432019625275222], [0.009232985419361812, 0.01978108325406197, 0.0022588137276283297], [-0.001543201962527522, 0.0022588137276283297, 0.0033267588677832003]], "chi2_level": 0.95, "chi2_df": 3, "chi2_threshold": 7.814727903251179, "N_raw": 94, "N_roi": 94, "N_inlier": 91, "refit": true}
{"timestamp": "14:07:35.882369", "frame": 61, "mu": [-1.2639332908260168, 0.9092816222175415, -0.3664538527524137], "Sigma": [[0.02329564496778762, 0.01976868256349407, 0.04929010506997755], [0.01976868256349407, 0.024063715336947483, 0.051528740799017356], [0.04929010506997755, 0.05152874079901737, 0.18653748587722532]], "chi2_level": 0.95, "chi2_df": 3, "chi2_threshold": 7.814727903251179, "N_raw": 95, "N_roi": 95, "N_inlier": 93, "refit": true}
{"timestamp": "14:07:35.937725", "frame": 62, "mu": [-1.3200369344799787, 1.1676945449008025, -0.55808276816897], "Sigma": [[0.02203951183921591, 0.028039137442067253, -0.05542646773959145], [0.028039137442067257, 0.05494062361363955, -0.11072349997596605], [-0.05542646773959145, -0.11072349997596603, 0.24915086576346882]], "chi2_level": 0.95, "chi2_df": 3, "chi2_threshold": 7.814727903251179, "N_raw": 92, "N_roi": 92, "N_inlier": 90, "refit": true}
{"timestamp": "14:07:35.991371", "frame": 63, "mu": [-1.368384123627109, 1.1280852636816696, -0.42137568800649355], "Sigma": [[0.0185283463508912, 0.021545057801874736, -0.03968391992560781], [0.021545057801874736, 0.04821048407376578, -0.07846813243689076], [-0.0396839199256078, -0.07846813243689076, 0.16698623974417168]], "chi2_level": 0.95, "chi2_df": 3, "chi2_threshold": 7.814727903251179, "N_raw": 91, "N_roi": 91, "N_inlier": 85, "refit": true}
{"timestamp": "14:07:36.048239", "frame": 64, "mu": [-1.431199139990345, 1.0329412742575703, -0.35593957963279393], "Sigma": [[0.015364900396562584, 0.009188610598801232, 0.007979815488960052], [0.009188610598801232, 0.011877569657252523, -0.0007759023556187657], [0.007979815488960052, -0.0007759023556187662, 0.04049042607759176]], "chi2_level": 0.95, "chi2_df": 3, "chi2_threshold": 7.814727903251179, "N_raw": 93, "N_roi": 93, "N_inlier": 89, "refit": true}
{"timestamp": "14:07:36.107302", "frame": 65, "mu": [-1.339700446752397, 1.0820194698933785, 1.1738505318825605], "Sigma": [[0.019895809166981922, 0.014915297204156831, -0.036152827845177066], [0.014915297204156831, 0.023542620987363868, -0.06234821379273979], [-0.036152827845177066, -0.06234821379273979, 0.201116578835516]], "chi2_level": 0.95, "chi2_df": 3, "chi2_threshold": 7.814727903251179, "N_raw": 135, "N_roi": 135, "N_inlier": 129, "refit": true}
{"timestamp": "14:07:36.158083", "frame": 66, "mu": [-1.3830231552936076, 1.08180473660594, 1.4945648267854847], "Sigma": [[0.013690034210357983, 0.008380706146414108, -0.014257878136984963], [0.008380706146414108, 0.016515688800153493, -0.011565121405986537], [-0.014257878136984963, -0.011565121405986537, 0.017808275863862088]], "chi2_level": 0.95, "chi2_df": 3, "chi2_threshold": 7.814727903251179, "N_raw": 91, "N_roi": 91, "N_inlier": 89, "refit": true}
{"timestamp": "14:07:36.211355", "frame": 67, "mu": [-1.480363169612545, 1.1398535308253963, -0.25612226942963595], "Sigma": [[0.014094032761919032, 0.008006086079465721, -0.0023080789004057333], [0.008006086079465721, 0.01216498098609019, -0.007117053453043348], [-0.0023080789004057333, -0.007117053453043348, 0.00790058096263037]], "chi2_level": 0.95, "chi2_df": 3, "chi2_threshold": 7.814727903251179, "N_raw": 91, "N_roi": 91, "N_inlier": 78, "refit": true}
{"timestamp": "14:07:36.263918", "frame": 68, "mu": [-1.4607171488926896, 1.160182900375149, -0.34016782713936755], "Sigma": [[0.01567459516134905, 0.0113954271210327, 0.00372642414064601], [0.0113954271210327, 0.017250946842275378, 0.004782422247591607], [0.0037264241406460103, 0.004782422247591607, 0.0167639895770527]], "chi2_level": 0.95, "chi2_df": 3, "chi2_threshold": 7.814727903251179, "N_raw": 70, "N_roi": 70, "N_inlier": 67, "refit": true}
{"timestamp": "14:07:36.316898", "frame": 69, "mu": [-1.5937647492312836, 1.120987666175957, 1.5868393225273543], "Sigma": [[0.00890003025117832, 0.00589626643685078, -0.0038880151227180327], [0.00589626643685078, 0.008200509944081792, -0.006681717950944838], [-0.003888015122718033, -0.006681717950944838, 0.0301654732946426]], "chi2_level": 0.95, "chi2_df": 3, "chi2_threshold": 7.814727903251179, "N_raw": 54, "N_roi": 54, "N_inlier": 51, "refit": true}
{"timestamp": "14:07:36.376724", "frame": 70, "mu": [-1.524464044174541, 1.1984940659696455, 1.4973569822158077], "Sigma": [[0.010902151989015644, 0.008595266396616074, -0.008556432586999228], [0.008595266396616074, 0.013385588187473355, -0.013349858633716027], [-0.008556432586999226, -0.013349858633716027, 0.046264159492274456]], "chi2_level": 0.95, "chi2_df": 3, "chi2_threshold": 7.814727903251179, "N_raw": 96, "N_roi": 96, "N_inlier": 93, "refit": true}
{"timestamp": "14:07:36.426421", "frame": 71, "mu": [-1.5958019117408857, 1.1793603947338065, 1.6653027336166626], "Sigma": [[0.009782077227963063, 0.004515551639392417, -0.004926687654781734], [0.004515551639392417, 0.008544061145758486, -0.007333406423802445], [-0.004926687654781734, -0.007333406423802446, 0.014998725897056782]], "chi2_level": 0.95, "chi2_df": 3, "chi2_threshold": 7.814727903251179, "N_raw": 59, "N_roi": 59, "N_inlier": 57, "refit": true}
{"timestamp": "14:07:36.485009", "frame": 72, "mu": [-1.5315052171020944, 1.2870246380419752, -0.13069913367989988], "Sigma": [[0.01908911440863668, 0.011856670891607649, -0.011334634487982422], [0.011856670891607647, 0.014937128353359537, -0.006776985595511743], [-0.011334634487982422, -0.006776985595511743, 0.007492915184116162]], "chi2_level": 0.95, "chi2_df": 3, "chi2_threshold": 7.814727903251179, "N_raw": 77, "N_roi": 77, "N_inlier": 73, "refit": true}
{"timestamp": "14:07:36.537593", "frame": 73, "mu": [-1.56885320448942, 1.449452089781766, -0.3779999564358234], "Sigma": [[0.014027883343144075, 0.022929267541049472, -0.04232652962156878], [0.02292926754104947, 0.062330369598363994, -0.13040380166023796], [-0.04232652962156878, -0.13040380166023796, 0.3024620731750517]], "chi2_level": 0.95, "chi2_df": 3, "chi2_threshold": 7.814727903251179, "N_raw": 65, "N_roi": 65, "N_inlier": 63, "refit": true}
{"timestamp": "14:07:36.590017", "frame": 74, "mu": [-1.4786764822639245, 1.4689886849036928, 0.4238373183705499], "Sigma": [[0.007555994218891996, 0.00060351357219132, -0.0023558255345910916], [0.00060351357219132, 0.0027836557128931554, -0.006016273843661093], [-0.0023558255345910916, -0.006016273843661093, 0.0499172309294085]], "chi2_level": 0.95, "chi2_df": 3, "chi2_threshold": 7.814727903251179, "N_raw": 48, "N_roi": 48, "N_inlier": 42, "refit": true}
{"timestamp": "14:07:36.651912", "frame": 75, "mu": [-1.597905291929083, 1.3545065241136207, 1.6360403132914927], "Sigma": [[0.025694084196016237, 0.013572549267803827, -0.01750772823583998], [0.013572549267803824, 0.01667800228662429, -0.010075609709000994], [-0.01750772823583998, -0.010075609709000994, 0.013221694235051937]], "chi2_level": 0.95, "chi2_df": 3, "chi2_threshold": 7.814727903251179, "N_raw": 98, "N_roi": 98, "N_inlier": 96, "refit": true}
{"timestamp": "14:07:36.703685", "frame": 76, "mu": [-1.5955150152559612, 1.3967365376223133, 1.635298757006183], "Sigma": [[0.0266445436192305, 0.01401692766509302, -0.02629452971053768], [0.01401692766509302, 0.012628630776517982, -0.014639809111213745], [-0.026294529710537685, -0.014639809111213745, 0.030189891219673897]], "chi2_level": 0.95, "chi2_df": 3, "chi2_threshold": 7.814727903251179, "N_raw": 72, "N_roi": 72, "N_inlier": 69, "refit": true}
{"timestamp": "14:07:36.757720", "frame": 77, "mu": [-1.508141261313327, 1.4682673789163634, 1.4247253620339628], "Sigma": [[0.02742053927587536, 0.015560746272552765, -0.018690660803868622], [0.015560746272552765, 0.011018230185014176, -0.013227473171761067], [-0.018690660803868622, -0.013227473171761067, 0.02658483029360871]], "chi2_level": 0.95, "chi2_df": 3, "chi2_threshold": 7.814727903251179, "N_raw": 74, "N_roi": 74, "N_inlier": 68, "refit": true}
{"timestamp": "14:07:36.816835", "frame": 78, "mu": [-1.4934053465209804, 1.5416167424100848, 1.4085036610911255], "Sigma": [[0.02151483592356116, 0.009130178899354385, -0.013362716839031586], [0.009130178899354385, 0.012277977980103582, -0.00606857554386407], [-0.013362716839031587, -0.00606857554386407, 0.050089291663298834]], "chi2_level": 0.95, "chi2_df": 3, "chi2_threshold": 7.814727903251179, "N_raw": 91, "N_roi": 91, "N_inlier": 88, "refit": true}
{"timestamp": "14:07:36.867835", "frame": 79, "mu": [-1.4794380766735753, 1.7503783531393386, -0.19315690139907676], "Sigma": [[0.011181485994953203, 0.001346862600045248, -0.0021519987286979085], [0.001346862600045248, 0.010019035533779181, -0.004967618932997872], [-0.002151998728697909, -0.004967618932997872, 0.004499458754690882]], "chi2_level": 0.95, "chi2_df": 3, "chi2_threshold": 7.814727903251179, "N_raw": 72, "N_roi": 72, "N_inlier": 62, "refit": true}
{"timestamp": "14:07:36.922265", "frame": 80, "mu": [-1.5069320719306918, 1.6880580306620567, 1.4215044740658416], "Sigma": [[0.014489016740313698, 0.005013501945489571, -0.00821772200506587], [0.005013501945489571, 0.006498345498319845, -0.008323671903746402], [-0.00821772200506587, -0.008323671903746402, 0.014131053027133569]], "chi2_level": 0.95, "chi2_df": 3, "chi2_threshold": 7.814727903251179, "N_raw": 62, "N_roi": 62, "N_inlier": 54, "refit": true}
{"timestamp": "14:07:36.974676", "frame": 81, "mu": [-1.4173174967912552, 1.766954972493447, 1.3683374143570226], "Sigma": [[0.009506109242410245, 0.0010137394810740858, -0.008362978638077107], [0.0010137394810740856, 0.00470294204390393, -0.005120802717382453], [-0.008362978638077107, -0.005120802717382454, 0.032379275170735515]], "chi2_level": 0.95, "chi2_df": 3, "chi2_threshold": 7.814727903251179, "N_raw": 46, "N_roi": 46, "N_inlier": 45, "refit": true}
{"timestamp": "14:07:37.032537", "frame": 82, "mu": [-1.5192637596935477, 1.860869181757014, 1.5468896683850935], "Sigma": [[0.017063290270319328, 0.009208489013484717, -0.017312067256997958], [0.009208489013484717, 0.016358934085158025, -0.014167533012520928], [-0.017312067256997958, -0.014167533012520928, 0.021175707869832854]], "chi2_level": 0.95, "chi2_df": 3, "chi2_threshold": 7.814727903251179, "N_raw": 69, "N_roi": 69, "N_inlier": 64, "refit": true}
{"timestamp": "14:07:37.080719", "frame": 83, "mu": [-1.6757148872634016, 1.721898775234968, 1.3943899935405275], "Sigma": [[0.06922504521657918, 0.046271790725114156, -0.1412894196237809], [0.046271790725114156, 0.03838552008131425, -0.08277213924126973], [-0.1412894196237809, -0.08277213924126973, 0.43283919839149493]], "chi2_level": 0.95, "chi2_df": 3, "chi2_threshold": 7.814727903251179, "N_raw": 20, "N_roi": 20, "N_inlier": 19, "refit": true}
{"timestamp": "14:07:37.138480", "frame": 84, "mu": [-1.5217426481238698, 1.9809665570797783, 1.4437500364682974], "Sigma": [[0.005050085429430006, 0.001944082979757064, -0.00848609697839809], [0.0019440829797570639, 0.004196713838327653, -0.009953857267095686], [-0.00848609697839809, -0.009953857267095686, 0.06209260262190604]], "chi2_level": 0.95, "chi2_df": 3, "chi2_threshold": 7.814727903251179, "N_raw": 42, "N_roi": 42, "N_inlier": 39, "refit": true}
{"timestamp": "14:07:37.193308", "frame": 85, "mu": [-1.4919628683530595, 2.026809160129089, 1.1373183355081138], "Sigma": [[0.007914463505035083, 0.0021982160224328024, -0.0075208390346262295], [0.0021982160224328024, 0.001082468965867328, -0.004475800889982506], [-0.0075208390346262295, -0.004475800889982506, 0.0426519356215419]], "chi2_level": 0.95, "chi2_df": 3, "chi2_threshold": 7.814727903251179, "N_raw": 43, "N_roi": 42, "N_inlier": 38, "refit": true}
{"timestamp": "14:07:37.246698", "frame": 86, "mu": [-1.4876091926685315, 2.0563510310087536, 0.6111878799252872], "Sigma": [[0.006221726308012202, 0.0009502695253517162, 0.010334981691589985], [0.0009502695253517163, 0.0014989882515559446, -0.0027269765670268438], [0.010334981691589987, -0.0027269765670268433, 0.1584541017012534]], "chi2_level": 0.95, "chi2_df": 3, "chi2_threshold": 7.814727903251179, "N_raw": 28, "N_roi": 28, "N_inlier": 25, "refit": true}
{"timestamp": "14:07:37.302446", "frame": 87, "mu": [-1.480835681477225, 2.3670165604536755, -0.6460385597280259], "Sigma": [[0.0029864814749483107, 0.00039031475488281165, 0.007209604314689817], [0.00039031475488281165, 0.016139908123393627, -0.06310192611747242], [0.007209604314689816, -0.06310192611747242, 0.34669689205545934]], "chi2_level": 0.95, "chi2_df": 3, "chi2_threshold": 7.814727903251179, "N_raw": 31, "N_roi": 31, "N_inlier": 29, "refit": true}
{"timestamp": "14:07:37.358587", "frame": 88, "mu": [-1.5440137492041655, 2.275743952179421, 0.7378483036778024], "Sigma": [[0.008011104004396787, 0.004616094410867843, -0.007498863535783416], [0.004616094410867843, 0.009698414406836936, -0.03866263632944157], [-0.007498863535783414, -0.03866263632944157, 0.22303743206502238]], "chi2_level": 0.95, "chi2_df": 3, "chi2_threshold": 7.814727903251179, "N_raw": 42, "N_roi": 42, "N_inlier": 40, "refit": true}
{"timestamp": "14:07:37.409922", "frame": 89, "mu": [-1.514538149255301, 2.518929610975736, -0.43514097388543643], "Sigma": [[0.000561289829646406, 0.0038861327770062445, -0.007475836922337498], [0.0038861327770062445, 0.055020280787325695, -0.11343513078104311], [-0.007475836922337498, -0.11343513078104311, 0.24208679280400155]], "chi2_level": 0.95, "chi2_df": 3, "chi2_threshold": 7.814727903251179, "N_raw": 7, "N_roi": 7, "N_inlier": 7, "refit": true}
