{"timestamp": "14:55:21.431753", "frame": 4, "mu": [1.5478476697596149, 0.9640665608723098, 1.3055227016853526], "Sigma": [[0.0033096595730601024, -0.0004925049253381669, -0.0007457208172496922], [-0.0004925049253381669, 0.0023226412651777806, -0.0005952848449962072], [-0.0007457208172496921, -0.0005952848449962072, 0.00042352286293753237]], "chi2_level": 0.95, "chi2_df": 3, "chi2_threshold": 7.814727903251179, "N_raw": 18, "N_roi": 18, "N_inlier": 16, "refit": true}
{"timestamp": "14:55:21.871541", "frame": 12, "mu": [1.42915117860769, 1.0185651336778132, 1.3286277696015567], "Sigma": [[0.005019535084470282, -0.0003270288020024267, -0.012656905110481856], [-0.00032702880200242675, 0.0007492580093814027, 0.00046218697706008254], [-0.012656905110481856, 0.00046218697706008243, 0.03546121845192973]], "chi2_level": 0.95, "chi2_df": 3, "chi2_threshold": 7.814727903251179, "N_raw": 8, "N_roi": 8, "N_inlier": 7, "refit": true}
{"timestamp": "14:55:22.148884", "frame": 17, "mu": [1.4637847824535428, 1.4218523368136375, -0.6806638006901845], "Sigma": [[0.0033267797040148995, 0.0023868401721619716, -0.007721492005058033], [0.0023868401721619716, 0.02190031130264023, -0.04027532561207761], [-0.007721492005058033, -0.04027532561207761, 0.08112401674622896]], "chi2_level": 0.95, "chi2_df": 3, "chi2_threshold": 7.814727903251179, "N_raw": 30, "N_roi": 30, "N_inlier": 30, "refit": true}
{"timestamp": "14:55:22.205444", "frame": 18, "mu": [1.44079934551481, 1.2321007463030558, 0.9884106629730792], "Sigma": [[0.0036808232053115036, -0.0010336991954144688, -0.007249662399911457], [-0.0010336991954144688, 0.01926969474599296, -0.006293170479059677], [-0.007249662399911457, -0.006293170479059676, 0.048584034834779216]], "chi2_level": 0.95, "chi2_df": 3, "chi2_threshold": 7.814727903251179, "N_raw": 33, "N_roi": 33, "N_inlier": 30, "refit": true}
{"timestamp": "14:55:22.256010", "frame": 19, "mu": [1.4326757656954543, 1.0109532074714298, 0.9266112228170669], "Sigma": [[0.013014744909714694, -0.0021105665772775495, -0.055581984159255665], [-0.002110566577277549, 0.014580766385208627, 0.04107570744130436], [-0.055581984159255665, 0.04107570744130436, 0.3392915369741399]], "chi2_level": 0.95, "chi2_df": 3, "chi2_threshold": 7.814727903251179, "N_raw": 9, "N_roi": 9, "N_inlier": 9, "refit": true}
{"timestamp": "14:55:22.314646", "frame": 20, "mu": [1.4014719624775456, 1.2318478415789633, 0.7879559298039475], "Sigma": [[0.005774967299269247, -0.0005736368656327858, -0.0005344419745466366], [-0.0005736368656327857, 0.007785207960918246, -0.00324216465920929], [-0.0005344419745466366, -0.00324216465920929, 0.0016458543532895497]], "chi2_level": 0.95, "chi2_df": 3, "chi2_threshold": 7.814727903251179, "N_raw": 34, "N_roi": 34, "N_inlier": 30, "refit": true}
{"timestamp": "14:55:22.369259", "frame": 21, "mu": [1.4172779420936503, 1.1974013504672485, 0.9833898030865639], "Sigma": [[0.0027632513141481216, 0.0025607623047882904, -0.00045442357536303155], [0.0025607623047882904, 0.016977441385358213, 0.00013081275972185997], [-0.00045442357536303155, 0.00013081275972185987, 0.016973590054846863]], "chi2_level": 0.95, "chi2_df": 3, "chi2_threshold": 7.814727903251179, "N_raw": 29, "N_roi": 29, "N_inlier": 26, "refit": true}
{"timestamp": "14:55:22.422433", "frame": 22, "mu": [1.4252271705969157, 0.9957398938506968, 1.09188296571419], "Sigma": [[0.003520340121711892, -0.006255335360435514, -0.021234979354302245], [-0.006255335360435514, 0.020056301416817003, 0.05746571100180471], [-0.021234979354302245, 0.05746571100180471, 0.29072459628809866]], "chi2_level": 0.95, "chi2_df": 3, "chi2_threshold": 7.814727903251179, "N_raw": 17, "N_roi": 17, "N_inlier": 16, "refit": true}
{"timestamp": "14:55:22.477710", "frame": 23, "mu": [1.4438816163548243, 1.4012497764753569, -0.8431904218122193], "Sigma": [[0.0026904951608231406, 0.00356749635732173, -0.014922150763907623], [0.00356749635732173, 0.043019363843607675, -0.022986918026868797], [-0.014922150763907623, -0.022986918026868794, 0.20238987522642113]], "chi2_level": 0.95, "chi2_df": 3, "chi2_threshold": 7.814727903251179, "N_raw": 16, "N_roi": 16, "N_inlier": 15, "refit": true}
{"timestamp": "14:55:22.531327", "frame": 24, "mu": [1.4260973888142283, 1.1342721888900147, 0.9533242504336693], "Sigma": [[0.0013579569166796122, -0.0010871524392794556, 0.007630062383804186], [-0.0010871524392794556, 0.04027376644234874, -0.03366078030287489], [0.007630062383804188, -0.03366078030287489, 0.10724221132048799]], "chi2_level": 0.95, "chi2_df": 3, "chi2_threshold": 7.814727903251179, "N_raw": 10, "N_roi": 10, "N_inlier": 9, "refit": true}
{"timestamp": "14:55:22.585435", "frame": 25, "mu": [1.384515370792955, 1.032846718688518, 1.1205747038478922], "Sigma": [[0.003130456895614819, -0.00011195453010286459, -0.007844818472026801], [-0.00011195453010286465, 0.0010988039377922796, 0.0038498602343188092], [-0.0078448184720268, 0.0038498602343188092, 0.04210746588214705]], "chi2_level": 0.95, "chi2_df": 3, "chi2_threshold": 7.814727903251179, "N_raw": 7, "N_roi": 7, "N_inlier": 7, "refit": true}
{"timestamp": "14:55:22.697558", "frame": 27, "mu": [1.331680714021673, 0.9552333878095474, 1.2377694825675185], "Sigma": [[0.002970459127645633, -0.003018984223704244, -0.004712297658894462], [-0.003018984223704244, 0.0036653023423536208, 0.006864293412207461], [-0.0047122976588944605, 0.006864293412207461, 0.035112842030532894]], "chi2_level": 0.95, "chi2_df": 3, "chi2_threshold": 7.814727903251179, "N_raw": 12, "N_roi": 12, "N_inlier": 11, "refit": true}
{"timestamp": "14:55:22.752968", "frame": 28, "mu": [1.1378508813878758, 1.1522725152864088, 1.4266532620018313], "Sigma": [[0.003357324946834146, 0.0001862601769944834, -0.001021123711121495], [0.00018626017699448344, 0.002054317388914211, -0.0003261819095305792], [-0.001021123711121495, -0.0003261819095305792, 0.000820038183143518]], "chi2_level": 0.95, "chi2_df": 3, "chi2_threshold": 7.814727903251179, "N_raw": 21, "N_roi": 21, "N_inlier": 19, "refit": true}
{"timestamp": "14:55:22.812296", "frame": 29, "mu": [1.1121786813911683, 1.0958468882997328, 1.4678634882354695], "Sigma": [[0.005544505781701866, -0.0015629242247312452, -0.0007968240867131426], [-0.0015629242247312452, 0.0027866400747055186, -0.0006037881673870701], [-0.0007968240867131426, -0.00060378816738707, 0.0006175238038735785]], "chi2_level": 0.95, "chi2_df": 3, "chi2_threshold": 7.814727903251179, "N_raw": 36, "N_roi": 36, "N_inlier": 33, "refit": true}
{"timestamp": "14:55:22.866199", "frame": 30, "mu": [1.127104978432719, 0.9969340269088611, 1.1852432104499773], "Sigma": [[0.008469066703989456, -0.009255658687449663, -0.019908829394422033], [-0.009255658687449663, 0.011727851434850589, 0.025531362177546407], [-0.019908829394422033, 0.025531362177546403, 0.06771981649672154]], "chi2_level": 0.95, "chi2_df": 3, "chi2_threshold": 7.814727903251179, "N_raw": 29, "N_roi": 29, "N_inlier": 28, "refit": true}
{"timestamp": "14:55:22.923731", "frame": 31, "mu": [1.0362557672436048, 1.0772577622739747, 1.39715929162446], "Sigma": [[0.005214412352554991, -0.0024435076027137705, -0.00470030678100334], [-0.0024435076027137705, 0.0028196127647935037, 0.00039000314707601325], [-0.00470030678100334, 0.00039000314707601303, 0.0081242505000993]], "chi2_level": 0.95, "chi2_df": 3, "chi2_threshold": 7.814727903251179, "N_raw": 46, "N_roi": 46, "N_inlier": 42, "refit": true}
{"timestamp": "14:55:22.978991", "frame": 32, "mu": [1.0789041134665205, 1.0872582802549347, -0.7250796325549714], "Sigma": [[0.004937892805438285, 0.0023779006850130815, 0.0005812762230826285], [0.0023779006850130815, 0.004366289438201164, 0.0065359988949475175], [0.0005812762230826283, 0.0065359988949475175, 0.028787485930816467]], "chi2_level": 0.95, "chi2_df": 3, "chi2_threshold": 7.814727903251179, "N_raw": 47, "N_roi": 47, "N_inlier": 47, "refit": true}
{"timestamp": "14:55:23.031457", "frame": 33, "mu": [0.9872860141669878, 1.049455105001172, 1.2447615302177382], "Sigma": [[0.012350847328023504, -0.009832208648171813, -0.026761775136348264], [-0.009832208648171813, 0.008563510622224485, 0.022356210952504292], [-0.026761775136348264, 0.022356210952504292, 0.0688674793696405]], "chi2_level": 0.95, "chi2_df": 3, "chi2_threshold": 7.814727903251179, "N_raw": 25, "N_roi": 25, "N_inlier": 22, "refit": true}
{"timestamp": "14:55:23.088321", "frame": 34, "mu": [0.8820582616947343, 1.0685500399974701, 1.4603702876664244], "Sigma": [[0.005279192878478326, -0.0012755016462076213, -0.0044769514068091175], [-0.0012755016462076213, 0.0024554962490403436, 0.00026466717080105614], [-0.0044769514068091175, 0.00026466717080105614, 0.005235995338889595]], "chi2_level": 0.95, "chi2_df": 3, "chi2_threshold": 7.814727903251179, "N_raw": 44, "N_roi": 44, "N_inlier": 41, "refit": true}
{"timestamp": "14:55:23.151831", "frame": 35, "mu": [0.9057284819152093, 1.066072756631275, 1.0163040752628834], "Sigma": [[0.009187805067367941, -0.00361439252495428, -0.028769420848286667], [-0.00361439252495428, 0.005155970794271923, 0.00043081639874662696], [-0.028769420848286667, 0.0004308163987466261, 0.2288622729821002]], "chi2_level": 0.95, "chi2_df": 3, "chi2_threshold": 7.814727903251179, "N_raw": 101, "N_roi": 101, "N_inlier": 99, "refit": true}
{"timestamp": "14:55:23.207904", "frame": 36, "mu": [0.8223397161534917, 1.0950530841598973, 1.0735544755773283], "Sigma": [[0.006445131672824819, -0.0009539978819025285, -0.015912369350307105], [-0.0009539978819025285, 0.004797679983968835, -0.012044325137728499], [-0.015912369350307102, -0.0120443251377285, 0.23956653461942823]], "chi2_level": 0.95, "chi2_df": 3, "chi2_threshold": 7.814727903251179, "N_raw": 97, "N_roi": 97, "N_inlier": 95, "refit": true}
{"timestamp": "14:55:23.260634", "frame": 37, "mu": [0.7833271764784574, 1.1107440407416003, 1.082258195485367], "Sigma": [[0.0040447694245420085, -0.0010916825030154076, -0.002909112008957851], [-0.001091682503015408, 0.007044566445741263, -0.02637613322766243], [-0.002909112008957851, -0.02637613322766243, 0.16851465672259014]], "chi2_level": 0.95, "chi2_df": 3, "chi2_threshold": 7.814727903251179, "N_raw": 89, "N_roi": 89, "N_inlier": 83, "refit": true}
{"timestamp": "14:55:23.304963", "frame": 38, "mu": [0.7960868788251432, 0.9961433697921664, 0.8052659299228414], "Sigma": [[0.012707512839436007, -0.0027898689625627574, -0.025959782997523502], [-0.0027898689625627583, 0.019380563294272915, 0.06728763096302486], [-0.0259597829975235, 0.06728763096302486, 0.49835857892125296]], "chi2_level": 0.95, "chi2_df": 3, "chi2_threshold": 7.814727903251179, "N_raw": 13, "N_roi": 12, "N_inlier": 12, "refit": true}
{"timestamp": "14:55:23.364143", "frame": 39, "mu": [0.6866735978441013, 1.1273044912962973, 0.8475272898291804], "Sigma": [[0.0059408384217976866, -0.009508828226600386, 0.009275277049863678], [-0.009508828226600386, 0.024932482129100313, -0.04788970995820882], [0.009275277049863678, -0.04788970995820882, 0.20295980149594242]], "chi2_level": 0.95, "chi2_df": 3, "chi2_threshold": 7.814727903251179, "N_raw": 43, "N_roi": 43, "N_inlier": 37, "refit": true}
{"timestamp": "14:55:23.422605", "frame": 40, "mu": [0.6772159693414468, 1.0217352961306665, 1.3744435570813334], "Sigma": [[0.004945312616481711, -0.0009213804333008449, -0.003970977010544094], [-0.0009213804333008448, 0.004967718014973922, -0.003286043400242974], [-0.003970977010544094, -0.003286043400242974, 0.027847846029249935]], "chi2_level": 0.95, "chi2_df": 3, "chi2_threshold": 7.814727903251179, "N_raw": 74, "N_roi": 74, "N_inlier": 67, "refit": true}
{"timestamp": "14:55:23.483367", "frame": 41, "mu": [0.619232597258028, 1.0476346912155092, 1.3350677440962622], "Sigma": [[0.006274867212317967, -0.003037402091013064, -0.00034083350251653215], [-0.003037402091013064, 0.008407607204505715, -0.00967897997271914], [-0.000340833502516532, -0.00967897997271914, 0.021336877260953138]], "chi2_level": 0.95, "chi2_df": 3, "chi2_threshold": 7.814727903251179, "N_raw": 107, "N_roi": 107, "N_inlier": 101, "refit": true}
{"timestamp": "14:55:23.537155", "frame": 42, "mu": [0.5959506882709332, 1.0336403352198942, 1.322129054400762], "Sigma": [[0.005433804267928745, -0.002666011444587518, -0.001532956681655052], [-0.002666011444587518, 0.008356990910376796, -0.006794126359465848], [-0.001532956681655052, -0.006794126359465848, 0.02591552972729595]], "chi2_level": 0.95, "chi2_df": 3, "chi2_threshold": 7.814727903251179, "N_raw": 101, "N_roi": 100, "N_inlier": 96, "refit": true}
{"timestamp": "14:55:23.590342", "frame": 43, "mu": [0.5327101828695129, 1.0509294239986218, 1.3860129087533268], "Sigma": [[0.004817957208711437, 9.521232593218492e-05, -0.003880216796192843], [9.521232593218492e-05, 0.004246124966580005, -0.003070919694093517], [-0.003880216796192843, -0.003070919694093517, 0.007688583094936694]], "chi2_level": 0.95, "chi2_df": 3, "chi2_threshold": 7.814727903251179, "N_raw": 80, "N_roi": 80, "N_inlier": 74, "refit": true}
{"timestamp": "14:55:23.636610", "frame": 44, "mu": [0.4993626695529528, 0.9449170312202486, 1.3660316887187292], "Sigma": [[0.003327316535816507, -0.0024205795454421333, -0.005383858084677021], [-0.002420579545442134, 0.0041853330784698915, 0.003913206756468217], [-0.005383858084677021, 0.003913206756468217, 0.008944289237303546]], "chi2_level": 0.95, "chi2_df": 3, "chi2_threshold": 7.814727903251179, "N_raw": 29, "N_roi": 29, "N_inlier": 27, "refit": true}
{"timestamp": "14:55:23.699049", "frame": 45, "mu": [0.4120978555895002, 1.0246361430909063, 1.358362776163991], "Sigma": [[0.004106744868784712, -0.0009715294340993203, -0.004035067593380875], [-0.0009715294340993203, 0.004414649436898717, -0.004219245547105921], [-0.004035067593380875, -0.004219245547105921, 0.01967839918128185]], "chi2_level": 0.95, "chi2_df": 3, "chi2_threshold": 7.814727903251179, "N_raw": 81, "N_roi": 81, "N_inlier": 77, "refit": true}
{"timestamp": "14:55:23.756565", "frame": 46, "mu": [0.3540770224971743, 1.0360872078352572, 1.3188098849151884], "Sigma": [[0.0033600356625954884, -0.0005512399187961606, -0.0020529582129248268], [-0.0005512399187961605, 0.002798424227786692, -0.0026150384538447553], [-0.0020529582129248268, -0.0026150384538447553, 0.03967870594334077]], "chi2_level": 0.95, "chi2_df": 3, "chi2_threshold": 7.814727903251179, "N_raw": 90, "N_roi": 90, "N_inlier": 88, "refit": true}
{"timestamp": "14:55:23.807825", "frame": 47, "mu": [0.2918867177216079, 1.0005090081314973, 1.3960910879126014], "Sigma": [[0.0029250076030250946, -0.000844208885898857, 0.00100187822056436], [-0.000844208885898857, 0.003424241015312665, -0.002678590156947461], [0.00100187822056436, -0.0026785901569474613, 0.039897451642419715]], "chi2_level": 0.95, "chi2_df": 3, "chi2_threshold": 7.814727903251179, "N_raw": 70, "N_roi": 70, "N_inlier": 67, "refit": true}
{"timestamp": "14:55:23.868033", "frame": 48, "mu": [0.2584866995816545, 1.0425149040879516, 1.389848646028878], "Sigma": [[0.00439426873116187, 0.0003066592494187658, -0.002634444181678599], [0.00030665924941876573, 0.0027909251637590967, -0.003994341858935265], [-0.002634444181678599, -0.003994341858935265, 0.03055997007662086]], "chi2_level": 0.95, "chi2_df": 3, "chi2_threshold": 7.814727903251179, "N_raw": 107, "N_roi": 107, "N_inlier": 103, "refit": true}
{"timestamp": "14:55:23.926397", "frame": 49, "mu": [0.22051436665273064, 0.9902309893872177, 1.2635191709564113], "Sigma": [[0.004489757795832507, -0.0008719667860649519, -0.0058136272950653906], [-0.0008719667860649519, 0.0031336932824901956, 0.003283851448448496], [-0.0058136272950653906, 0.003283851448448496, 0.05282247651716968]], "chi2_level": 0.95, "chi2_df": 3, "chi2_threshold": 7.814727903251179, "N_raw": 123, "N_roi": 122, "N_inlier": 119, "refit": true}
{"timestamp": "14:55:23.970374", "frame": 50, "mu": [0.10621117712579095, 1.0093173738678822, 1.4652504670444115], "Sigma": [[0.0016742365203298198, 0.00012273279473135152, -0.0016985674150182327], [0.00012273279473135152, 0.00280025875952387, -0.0029758040865933127], [-0.0016985674150182327, -0.0029758040865933127, 0.029797437039084298]], "chi2_level": 0.95, "chi2_df": 3, "chi2_threshold": 7.814727903251179, "N_raw": 45, "N_roi": 45, "N_inlier": 37, "refit": true}
{"timestamp": "14:55:24.021439", "frame": 51, "mu": [0.1316164853877675, 1.0108633662682343, 1.138914041992252], "Sigma": [[0.022939870821481495, 0.000856392873871296, 0.043780974158359236], [0.000856392873871296, 0.001020877100039698, -0.0053296702053151], [0.043780974158359236, -0.005329670205315102, 0.23300900022199245]], "chi2_level": 0.95, "chi2_df": 3, "chi2_threshold": 7.814727903251179, "N_raw": 27, "N_roi": 26, "N_inlier": 23, "refit": true}
{"timestamp": "14:55:24.085050", "frame": 52, "mu": [0.05803124880115183, 0.9327609308078622, 1.2817176663383871], "Sigma": [[0.008785434424514143, -0.003209789462556763, -0.0016053890884851203], [-0.003209789462556763, 0.00256248691366525, -0.0013093511993512703], [-0.0016053890884851203, -0.0013093511993512703, 0.005704643140905711]], "chi2_level": 0.95, "chi2_df": 3, "chi2_threshold": 7.814727903251179, "N_raw": 92, "N_roi": 92, "N_inlier": 88, "refit": true}
{"timestamp": "14:55:24.140195", "frame": 53, "mu": [0.003877634939956169, 0.9584784634673774, 1.396169003009353], "Sigma": [[0.0039016639977045046, -0.000318813041097479, -0.003832952789740432], [-0.0003188130410974789, 0.0017622184400832503, -0.002249100075785792], [-0.003832952789740432, -0.002249100075785792, 0.013676264773150468]], "chi2_level": 0.95, "chi2_df": 3, "chi2_threshold": 7.814727903251179, "N_raw": 86, "N_roi": 86, "N_inlier": 81, "refit": true}
{"timestamp": "14:55:24.197631", "frame": 54, "mu": [-0.05415641124664315, 0.9689186435513963, 1.3556859931368983], "Sigma": [[0.0040656109330293256, -0.00040839007800058674, -0.004840556264335764], [-0.00040839007800058685, 0.003153573067610308, -0.0030966828611483804], [-0.004840556264335764, -0.00309668286114838, 0.01972275323704404]], "chi2_level": 0.95, "chi2_df": 3, "chi2_threshold": 7.814727903251179, "N_raw": 104, "N_roi": 104, "N_inlier": 100, "refit": true}
{"timestamp": "14:55:24.244814", "frame": 55, "mu": [-0.09131694569932385, 0.8683512753608091, 1.2228562217564585], "Sigma": [[0.0019199573509535832, -0.0003238667412411456, 0.0006226140825056176], [-0.0003238667412411455, 0.006588171025531709, 0.0001480839494080992], [0.0006226140825056176, 0.00014808394940809923, 0.0006919422983724136]], "chi2_level": 0.95, "chi2_df": 3, "chi2_threshold": 7.814727903251179, "N_raw": 46, "N_roi": 46, "N_inlier": 40, "refit": true}
{"timestamp": "14:55:24.298934", "frame": 56, "mu": [-0.19180256113442445, 0.9038018702412178, 1.3971030393916564], "Sigma": [[0.0026189149449823926, -0.0013941058117190777, -0.0061871816915473705], [-0.0013941058117190777, 0.002067715589492043, 0.0028752523234231563], [-0.006187181691547371, 0.0028752523234231568, 0.04025637018053088]], "chi2_level": 0.95, "chi2_df": 3, "chi2_threshold": 7.814727903251179, "N_raw": 45, "N_roi": 45, "N_inlier": 42, "refit": true}
{"timestamp": "14:55:24.367194", "frame": 57, "mu": [-0.23222319503521546, 0.9472683296142212, 1.3492590779111553], "Sigma": [[0.00709147838974353, -0.0007688342805797558, -0.012301438415006465], [-0.0007688342805797559, 0.002553537313399784, -0.0004979295451547778], [-0.012301438415006465, -0.0004979295451547779, 0.03849805370097169]], "chi2_level": 0.95, "chi2_df": 3, "chi2_threshold": 7.814727903251179, "N_raw": 106, "N_roi": 106, "N_inlier": 103, "refit": true}
{"timestamp": "14:55:24.419864", "frame": 58, "mu": [-0.25127412311009933, 0.8827034859749933, 1.3118758480737884], "Sigma": [[0.004942601494969616, -0.003758264332577875, -0.009842974646555668], [-0.003758264332577875, 0.005144370310912102, 0.005728592821619643], [-0.009842974646555668, 0.005728592821619642, 0.0372703399099103]], "chi2_level": 0.95, "chi2_df": 3, "chi2_threshold": 7.814727903251179, "N_raw": 118, "N_roi": 118, "N_inlier": 115, "refit": true}
{"timestamp": "14:55:24.467534", "frame": 59, "mu": [-0.35170933256816794, 0.924137919898663, 1.50581864903201], "Sigma": [[0.0021453764676803463, -0.0006928665656219738, -0.000885825832221484], [-0.0006928665656219738, 0.003355055730986334, -0.0023850416992851125], [-0.0008858258322214841, -0.0023850416992851125, 0.002997372135547422]], "chi2_level": 0.95, "chi2_df": 3, "chi2_threshold": 7.814727903251179, "N_raw": 66, "N_roi": 64, "N_inlier": 59, "refit": true}
{"timestamp": "14:55:24.527755", "frame": 60, "mu": [-0.38476719683885885, 0.9207004701423548, 1.4186806347618421], "Sigma": [[0.003602591095545132, -0.0010587686508860342, -0.0016609798430159016], [-0.0010587686508860342, 0.0037315928085615378, -0.004172751763602925], [-0.0016609798430159016, -0.004172751763602925, 0.010544653818504503]], "chi2_level": 0.95, "chi2_df": 3, "chi2_threshold": 7.814727903251179, "N_raw": 103, "N_roi": 102, "N_inlier": 92, "refit": true}
{"timestamp": "14:55:24.578245", "frame": 61, "mu": [-0.4526416148875763, 0.88544926107495, 1.3284074475501089], "Sigma": [[0.005145477208001808, -0.004098625583887702, -0.015106664775469954], [-0.004098625583887702, 0.005260663136758262, 0.012950300774820482], [-0.015106664775469954, 0.012950300774820482, 0.07734541138330303]], "chi2_level": 0.95, "chi2_df": 3, "chi2_threshold": 7.814727903251179, "N_raw": 70, "N_roi": 70, "N_inlier": 64, "refit": true}
{"timestamp": "14:55:24.640714", "frame": 62, "mu": [-0.4807544308638703, 1.0399689865517212, -0.590964877289272], "Sigma": [[0.007249764649649174, 0.006320303140778879, -0.021623535565953325], [0.006320303140778879, 0.01725484599836968, -0.03906947755851564], [-0.021623535565953325, -0.03906947755851564, 0.158157019866353]], "chi2_level": 0.95, "chi2_df": 3, "chi2_threshold": 7.814727903251179, "N_raw": 117, "N_roi": 117, "N_inlier": 105, "refit": true}
{"timestamp": "14:55:24.687670", "frame": 63, "mu": [-0.5744026519037284, 0.9060856468510312, 1.429060991904808], "Sigma": [[0.0031145876292607054, -0.001459749033950539, -0.005272142617924887], [-0.0014597490339505392, 0.0029090844062431166, 0.0045940757110340446], [-0.005272142617924886, 0.004594075711034045, 0.035729989770390866]], "chi2_level": 0.95, "chi2_df": 3, "chi2_threshold": 7.814727903251179, "N_raw": 54, "N_roi": 51, "N_inlier": 47, "refit": true}
{"timestamp": "14:55:24.738899", "frame": 64, "mu": [-0.5589839269836807, 0.8636517826309064, 1.0574066028223772], "Sigma": [[0.002486881750379431, -0.0008271711921059033, -0.006089232739941317], [-0.0008271711921059033, 0.0028323105369986706, 0.010498860780810455], [-0.006089232739941317, 0.010498860780810455, 0.06385656274128465]], "chi2_level": 0.95, "chi2_df": 3, "chi2_threshold": 7.814727903251179, "N_raw": 46, "N_roi": 46, "N_inlier": 41, "refit": true}
{"timestamp": "14:55:24.793203", "frame": 65, "mu": [-0.7283104705419954, 0.8939130670390488, 1.2600112462031856], "Sigma": [[0.046484571053225066, 0.025993981758772735, -0.06808785990041193], [0.02599398175877273, 0.016652090223133003, -0.038006594470492], [-0.06808785990041193, -0.038006594470492, 0.11887007251758533]], "chi2_level": 0.95, "chi2_df": 3, "chi2_threshold": 7.814727903251179, "N_raw": 41, "N_roi": 40, "N_inlier": 35, "refit": true}
{"timestamp": "14:55:24.849249", "frame": 66, "mu": [-0.9440654732654528, 0.8923109589958977, -0.38936282224586494], "Sigma": [[0.04313518752493246, 0.03435792381924904, -0.04837391476078788], [0.03435792381924904, 0.0348557988998523, -0.046075128080807236], [-0.04837391476078788, -0.046075128080807236, 0.06394148269106249]], "chi2_level": 0.95, "chi2_df": 3, "chi2_threshold": 7.814727903251179, "N_raw": 50, "N_roi": 50, "N_inlier": 46, "refit": true}
{"timestamp": "14:55:24.912675", "frame": 67, "mu": [-0.9086413795742575, 0.9814933858273565, -0.39596788866572724], "Sigma": [[0.041846909551131926, 0.03347569673172337, -0.05861803494846105], [0.03347569673172336, 0.030711374536205215, -0.05226316423094142], [-0.05861803494846106, -0.05226316423094142, 0.10130159429207966]], "chi2_level": 0.95, "chi2_df": 3, "chi2_threshold": 7.814727903251179, "N_raw": 108, "N_roi": 108, "N_inlier": 103, "refit": true}
{"timestamp": "14:55:24.963272", "frame": 68, "mu": [-1.0236899970936504, 0.8467164472280738, -0.29613450455216617], "Sigma": [[0.01291094565512545, 0.007912866558995823, -0.0031441541570565055], [0.007912866558995823, 0.009823332432763813, -0.001976064973383574], [-0.0031441541570565055, -0.001976064973383574, 0.00520384488250105]], "chi2_level": 0.95, "chi2_df": 3, "chi2_threshold": 7.814727903251179, "N_raw": 76, "N_roi": 76, "N_inlier": 71, "refit": true}
{"timestamp": "14:55:25.023595", "frame": 69, "mu": [-1.0155704362306943, 0.8817767867039962, 1.2902601657416755], "Sigma": [[0.01707865459440671, -0.0014599473481941671, -0.016758903085345438], [-0.0014599473481941671, 0.00994347558898164, -0.02977044059845999], [-0.016758903085345438, -0.029770440598459992, 0.18284316440165857]], "chi2_level": 0.95, "chi2_df": 3, "chi2_threshold": 7.814727903251179, "N_raw": 107, "N_roi": 107, "N_inlier": 105, "refit": true}
{"timestamp": "14:55:25.073127", "frame": 70, "mu": [-1.073429808741012, 0.9234014002029737, -0.3277037079173862], "Sigma": [[0.02287399521174864, 0.01664890033997332, 0.0010185596865192785], [0.01664890033997332, 0.016209850135269203, 1.0577785799681513e-05], [0.0010185596865192779, 1.0577785799681513e-05, 0.008402459956467987]], "chi2_level": 0.95, "chi2_df": 3, "chi2_threshold": 7.814727903251179, "N_raw": 72, "N_roi": 72, "N_inlier": 66, "refit": true}
{"timestamp": "14:55:25.130608", "frame": 71, "mu": [-1.1398648587910911, 0.8789181964199017, -0.05588145847882257], "Sigma": [[0.019003801307965335, 0.002200249709412167, 0.03333132917805401], [0.002200249709412167, 0.007764000377005826, -0.0033333072735221973], [0.03333132917805401, -0.0033333072735221964, 0.15691875759913665]], "chi2_level": 0.95, "chi2_df": 3, "chi2_threshold": 7.814727903251179, "N_raw": 87, "N_roi": 87, "N_inlier": 83, "refit": true}
{"timestamp": "14:55:25.187114", "frame": 72, "mu": [-1.1929349248971313, 0.7591374664557693, 1.4276426729093767], "Sigma": [[0.017909857359324127, 0.007203714698565621, -0.005894567400532302], [0.007203714698565622, 0.017587986194204333, 0.00024247540609097988], [-0.005894567400532302, 0.00024247540609098, 0.006679339804006664]], "chi2_level": 0.95, "chi2_df": 3, "chi2_threshold": 7.814727903251179, "N_raw": 101, "N_roi": 101, "N_inlier": 97, "refit": true}
{"timestamp": "14:55:25.241707", "frame": 73, "mu": [-1.221296512252197, 0.9643466086874511, -0.25068073403223373], "Sigma": [[0.014335069694581279, 0.009449127680358816, 0.003734244637665992], [0.009449127680358816, 0.01411622534877499, -0.002078383465400648], [0.0037342446376659923, -0.002078383465400648, 0.009459030352671533]], "chi2_level": 0.95, "chi2_df": 3, "chi2_threshold": 7.814727903251179, "N_raw": 94, "N_roi": 94, "N_inlier": 89, "refit": true}
{"timestamp": "14:55:25.294733", "frame": 74, "mu": [-1.2619263888160281, 0.8741876237037953, 1.4052716333250894], "Sigma": [[0.013798644577139708, 0.008195956204060599, -0.019760852879425972], [0.008195956204060599, 0.01000585637042629, -0.018821713755806706], [-0.019760852879425972, -0.018821713755806706, 0.05282539308283786]], "chi2_level": 0.95, "chi2_df": 3, "chi2_threshold": 7.814727903251179, "N_raw": 77, "N_roi": 77, "N_inlier": 74, "refit": true}
{"timestamp": "14:55:25.345067", "frame": 75, "mu": [-1.2506831316905864, 0.9437099136313457, 1.4544638822487763], "Sigma": [[0.012713640917367642, 0.005627144390349841, -0.03854530029220632], [0.005627144390349841, 0.007037365042976046, -0.021524004335832552], [-0.03854530029220632, -0.02152400433583255, 0.16456223655375044]], "chi2_level": 0.95, "chi2_df": 3, "chi2_threshold": 7.814727903251179, "N_raw": 50, "N_roi": 50, "N_inlier": 48, "refit": true}
{"timestamp": "14:55:25.401269", "frame": 76, "mu": [-1.3695333727937817, 0.92816864582918, 1.5729170084240476], "Sigma": [[0.008110257474672498, 0.003733376446890547, -0.0005803975784673058], [0.003733376446890547, 0.006175592432713568, -0.005909497194274627], [-0.0005803975784673056, -0.005909497194274627, 0.025363132972602273]], "chi2_level": 0.95, "chi2_df": 3, "chi2_threshold": 7.814727903251179, "N_raw": 64, "N_roi": 64, "N_inlier": 59, "refit": true}
{"timestamp": "14:55:25.460196", "frame": 77, "mu": [-1.4386943594483113, 0.8655099364555238, 1.3123980651821971], "Sigma": [[0.0105707974530128, 0.003475131266217933, -0.0016191373099551873], [0.0034751312662179333, 0.014544384344213937, -0.0006239955124083544], [-0.0016191373099551864, -0.0006239955124083545, 0.01638312458244938]], "chi2_level": 0.95, "chi2_df": 3, "chi2_threshold": 7.814727903251179, "N_raw": 86, "N_roi": 86, "N_inlier": 79, "refit": true}
{"timestamp": "14:55:25.520712", "frame": 78, "mu": [-1.3476739848313473, 0.9969415857580667, -0.7450613007506467], "Sigma": [[0.01897443516058093, 0.014265431798084899, -0.025026508622497626], [0.014265431798084899, 0.015102408985179585, -0.028791196482276092], [-0.025026508622497626, -0.02879119648227609, 0.114943048066074]], "chi2_level": 0.95, "chi2_df": 3, "chi2_threshold": 7.814727903251179, "N_raw": 119, "N_roi": 119, "N_inlier": 113, "refit": true}
{"timestamp": "14:55:25.575935", "frame": 79, "mu": [-1.3897678887351743, 1.2083752320432974, -0.4617545429202472], "Sigma": [[0.015822009657406017, 0.015106146137487782, -0.008376358917528469], [0.015106146137487782, 0.05569621244974529, -0.06592550857984011], [-0.008376358917528467, -0.06592550857984011, 0.10366817275080985]], "chi2_level": 0.95, "chi2_df": 3, "chi2_threshold": 7.814727903251179, "N_raw": 127, "N_roi": 127, "N_inlier": 120, "refit": true}
{"timestamp": "14:55:25.630436", "frame": 80, "mu": [-1.4215025327737196, 1.148177080839855, 1.2428994570677718], "Sigma": [[0.014925977470526833, 0.010440983249452848, -0.019671708581351085], [0.010440983249452848, 0.029339531228173378, -0.06618912758006086], [-0.019671708581351085, -0.06618912758006086, 0.17611098803228845]], "chi2_level": 0.95, "chi2_df": 3, "chi2_threshold": 7.814727903251179, "N_raw": 125, "N_roi": 125, "N_inlier": 122, "refit": true}
{"timestamp": "14:55:25.680560", "frame": 81, "mu": [-1.4831889199032136, 1.0792151449398502, 1.5263086988521748], "Sigma": [[0.015135329404543556, 0.006770287568290003, -0.006532964833622144], [0.006770287568290003, 0.008057063312815405, -0.008489487142592901], [-0.006532964833622144, -0.008489487142592901, 0.013210679954891603]], "chi2_level": 0.95, "chi2_df": 3, "chi2_threshold": 7.814727903251179, "N_raw": 88, "N_roi": 88, "N_inlier": 79, "refit": true}
{"timestamp": "14:55:25.731502", "frame": 82, "mu": [-1.5222793936060364, 1.1045456500491093, 1.6078332994760247], "Sigma": [[0.010725809435971343, 0.005026226519968239, -0.008909321638447664], [0.005026226519968239, 0.00857567769348942, -0.007202419004908204], [-0.008909321638447664, -0.007202419004908204, 0.010312602615337887]], "chi2_level": 0.95, "chi2_df": 3, "chi2_threshold": 7.814727903251179, "N_raw": 61, "N_roi": 61, "N_inlier": 59, "refit": true}
{"timestamp": "14:55:25.786376", "frame": 83, "mu": [-1.5877850108086808, 1.2304196083080852, -0.1461593612871076], "Sigma": [[0.009652162905005366, 0.0038569537082223156, -0.0006543095908638852], [0.0038569537082223156, 0.009182607542888674, -0.0061729612144951936], [-0.0006543095908638857, -0.0061729612144951936, 0.025263892830232032]], "chi2_level": 0.95, "chi2_df": 3, "chi2_threshold": 7.814727903251179, "N_raw": 59, "N_roi": 59, "N_inlier": 56, "refit": true}
{"timestamp": "14:55:25.845499", "frame": 84, "mu": [-1.6188862790318095, 1.2757247087925765, -0.24925946736171042], "Sigma": [[0.011852085737557383, 0.007480389016861358, -0.0015336627824692989], [0.007480389016861359, 0.016419888667937102, -0.013024117549571747], [-0.0015336627824692984, -0.013024117549571746, 0.029511168771967893]], "chi2_level": 0.95, "chi2_df": 3, "chi2_threshold": 7.814727903251179, "N_raw": 87, "N_roi": 87, "N_inlier": 86, "refit": true}
{"timestamp": "14:55:25.897926", "frame": 85, "mu": [-1.6351195993962535, 1.2401017839474087, 1.5725304557340662], "Sigma": [[0.014993339894190645, 0.0071893100204297195, -0.00923245290418465], [0.0071893100204297195, 0.009242436346946799, -0.008971935853005689], [-0.00923245290418465, -0.008971935853005689, 0.01223249740703175]], "chi2_level": 0.95, "chi2_df": 3, "chi2_threshold": 7.814727903251179, "N_raw": 75, "N_roi": 75, "N_inlier": 68, "refit": true}
{"timestamp": "14:55:25.950521", "frame": 86, "mu": [-1.6870596799670927, 1.2585350630124814, 1.5647522545834702], "Sigma": [[0.01495817202016925, 0.006890864374618575, -0.016148097925464063], [0.006890864374618575, 0.010475357833769771, -0.010343776158644184], [-0.016148097925464063, -0.010343776158644184, 0.025565697302858847]], "chi2_level": 0.95, "chi2_df": 3, "chi2_threshold": 7.814727903251179, "N_raw": 57, "N_roi": 57, "N_inlier": 54, "refit": true}
{"timestamp": "14:55:26.010315", "frame": 87, "mu": [-1.6915220067464247, 1.3333157282901151, 1.5888676925372927], "Sigma": [[0.019805385041147545, 0.013581751382809589, -0.015468963702046513], [0.013581751382809589, 0.016131259476001143, -0.017800230501616148], [-0.015468963702046513, -0.017800230501616148, 0.02526919922731466]], "chi2_level": 0.95, "chi2_df": 3, "chi2_threshold": 7.814727903251179, "N_raw": 89, "N_roi": 89, "N_inlier": 85, "refit": true}
{"timestamp": "14:55:26.062291", "frame": 88, "mu": [-1.7676312303147954, 1.3394401733959724, 1.5672121240178167], "Sigma": [[0.0167850175031461, 0.009985400033350543, -0.005309394280009341], [0.009985400033350543, 0.009628384300702694, -0.007653302498534135], [-0.005309394280009341, -0.007653302498534135, 0.029999968570705315]], "chi2_level": 0.95, "chi2_df": 3, "chi2_threshold": 7.814727903251179, "N_raw": 65, "N_roi": 65, "N_inlier": 61, "refit": true}
{"timestamp": "14:55:26.119626", "frame": 89, "mu": [-1.7351576698375166, 1.4883715480119695, 1.4849026628399298], "Sigma": [[0.015232563595692862, 0.01120117939633685, -0.020561684990384164], [0.01120117939633685, 0.015576074590969359, -0.03512277137528269], [-0.020561684990384164, -0.0351227713752827, 0.218482377331544]], "chi2_level": 0.95, "chi2_df": 3, "chi2_threshold": 7.814727903251179, "N_raw": 91, "N_roi": 91, "N_inlier": 89, "refit": true}
{"timestamp": "14:55:26.174416", "frame": 90, "mu": [-1.7493092455268306, 1.4713934300642426, 1.6875750216597973], "Sigma": [[0.02158018103571272, 0.01281731073206974, -0.01807253484262064], [0.012817310732069744, 0.014306205305671877, -0.013901426999959275], [-0.01807253484262064, -0.013901426999959275, 0.017908850638205576]], "chi2_level": 0.95, "chi2_df": 3, "chi2_threshold": 7.814727903251179, "N_raw": 70, "N_roi": 70, "N_inlier": 67, "refit": true}
{"timestamp": "14:55:26.229041", "frame": 91, "mu": [-1.8124656361567977, 1.4857031512077334, 1.623568905737055], "Sigma": [[0.023076065209789123, 0.01425617808434175, -0.017032959498175113], [0.01425617808434175, 0.020285864351655906, -0.008022538695374705], [-0.017032959498175113, -0.008022538695374705, 0.01499094907352347]], "chi2_level": 0.95, "chi2_df": 3, "chi2_threshold": 7.814727903251179, "N_raw": 79, "N_roi": 79, "N_inlier": 76, "refit": true}
{"timestamp": "14:55:26.278792", "frame": 92, "mu": [-1.8540866560549254, 1.5174978031309827, 1.6695511381903159], "Sigma": [[0.013261140070559419, 0.00872166086291443, -0.013629111008665961], [0.008721660862914428, 0.012403717515857275, -0.018482237370721494], [-0.013629111008665963, -0.018482237370721494, 0.05737580184577039]], "chi2_level": 0.95, "chi2_df": 3, "chi2_threshold": 7.814727903251179, "N_raw": 47, "N_roi": 47, "N_inlier": 46, "refit": true}
{"timestamp": "14:55:26.330164", "frame": 93, "mu": [-1.8630529167813359, 1.6576808702785448, 1.3967027544093735], "Sigma": [[0.026198586936116403, 0.019256845792404043, -0.02226008111244596], [0.01925684579240404, 0.014580283861671681, -0.018542549809794567], [-0.02226008111244596, -0.01854254980979457, 0.06667586887462532]], "chi2_level": 0.95, "chi2_df": 3, "chi2_threshold": 7.814727903251179, "N_raw": 29, "N_roi": 29, "N_inlier": 26, "refit": true}
{"timestamp": "14:55:26.388444", "frame": 94, "mu": [-1.6735409647416775, 1.7527368646488206, 1.1440077316088795], "Sigma": [[0.016622893892976776, 0.010299252953787866, -0.029464203548357645], [0.010299252953787866, 0.007973446555272778, -0.0221283296530093], [-0.029464203548357645, -0.0221283296530093, 0.09714801194501922]], "chi2_level": 0.95, "chi2_df": 3, "chi2_threshold": 7.814727903251179, "N_raw": 44, "N_roi": 44, "N_inlier": 39, "refit": true}
{"timestamp": "14:55:26.447676", "frame": 95, "mu": [-1.9094517853213084, 1.7676488873472185, 1.5420999209834194], "Sigma": [[0.029704683551898172, 0.023285707844409823, -0.015846012600509454], [0.023285707844409823, 0.02219432401386214, -0.01985490634140155], [-0.015846012600509454, -0.01985490634140155, 0.04755901856714903]], "chi2_level": 0.95, "chi2_df": 3, "chi2_threshold": 7.814727903251179, "N_raw": 71, "N_roi": 71, "N_inlier": 68, "refit": true}
{"timestamp": "14:55:26.504858", "frame": 96, "mu": [-1.8712095634153258, 1.8492839408243547, 1.6158262875208744], "Sigma": [[0.026475551710756294, 0.02086039560261389, -0.02414726938304726], [0.02086039560261389, 0.02010068826108375, -0.025664086072499502], [-0.02414726938304726, -0.025664086072499502, 0.05890904918568042]], "chi2_level": 0.95, "chi2_df": 3, "chi2_threshold": 7.814727903251179, "N_raw": 85, "N_roi": 85, "N_inlier": 77, "refit": true}
{"timestamp": "14:55:26.561465", "frame": 97, "mu": [-1.9085703051069571, 1.8667836442448698, 1.776087708432699], "Sigma": [[0.029214216157321053, 0.02002100265510219, -0.022112731653369848], [0.02002100265510219, 0.022700637696879453, -0.020086848267068108], [-0.02211273165336985, -0.02008684826706811, 0.021544729951897133]], "chi2_level": 0.95, "chi2_df": 3, "chi2_threshold": 7.814727903251179, "N_raw": 94, "N_roi": 94, "N_inlier": 89, "refit": true}
{"timestamp": "14:55:26.618983", "frame": 98, "mu": [-1.9883321717526574, 1.8847515171021092, 1.7773395083580228], "Sigma": [[0.04488243847400918, 0.03264193667191283, -0.02125692147795568], [0.03264193667191282, 0.03180110106822718, -0.019457538352727236], [-0.021256921477955677, -0.01945753835272724, 0.018249188349963794]], "chi2_level": 0.95, "chi2_df": 3, "chi2_threshold": 7.814727903251179, "N_raw": 105, "N_roi": 105, "N_inlier": 100, "refit": true}
{"timestamp": "14:55:26.660322", "frame": 99, "mu": [-1.9234732396158836, 2.0788488197724813, 1.293910213209567], "Sigma": [[0.03984755303525783, 0.03196344817015397, -0.03554977115777952], [0.03196344817015397, 0.03420456406864125, -0.05824581733005019], [-0.03554977115777952, -0.058245817330050194, 0.1632252605372491]], "chi2_level": 0.95, "chi2_df": 3, "chi2_threshold": 7.814727903251179, "N_raw": 15, "N_roi": 15, "N_inlier": 14, "refit": true}
{"timestamp": "14:55:26.841722", "frame": 100, "mu": [-1.9496873236507377, 2.019479196551867, 1.6219267356735223], "Sigma": [[0.03290411011021412, 0.028900241695833898, -0.038314245125250404], [0.028900241695833898, 0.03062185092237965, -0.0478480659662341], [-0.038314245125250404, -0.047848065966234095, 0.16331482587398863]], "chi2_level": 0.95, "chi2_df": 3, "chi2_threshold": 7.814727903251179, "N_raw": 33, "N_roi": 33, "N_inlier": 31, "refit": true}
{"timestamp": "14:55:26.846938", "frame": 101, "mu": [-1.8889328858100092, 2.466432550009458, -0.6995551714239052], "Sigma": [[0.008668629238198921, 0.000425338845881486, 0.00596579246187637], [0.0004253388458814862, 0.016915699271635165, -0.04341296050287459], [0.00596579246187637, -0.04341296050287459, 0.12668172094594501]], "chi2_level": 0.95, "chi2_df": 3, "chi2_threshold": 7.814727903251179, "N_raw": 31, "N_roi": 31, "N_inlier": 27, "refit": true}
