{"timestamp": "14:19:48.652017", "frame": 10, "mu": [0.9846447895145362, 4.921225745981053, 0.7470443067637854], "Sigma": [[0.024973179522595944, -0.007000937786801325, -0.011496182665609266], [-0.007000937786801326, 0.003417169895909296, 0.001135439721441251], [-0.011496182665609266, 0.0011354397214412512, 0.016259744636848386]], "chi2_level": 0.95, "chi2_df": 3, "chi2_threshold": 7.814727903251179, "N_raw": 35, "N_roi": 33, "N_inlier": 33, "refit": true}
{"timestamp": "14:19:48.707306", "frame": 11, "mu": [0.9633923351563113, 4.827919775541677, 0.4386813438050648], "Sigma": [[0.013472902738472323, -0.0028100354257003354, -0.0030534276647069406], [-0.0028100354257003354, 0.00169626298485714, -0.0005200680552705859], [-0.0030534276647069406, -0.0005200680552705858, 0.0043105635709863015]], "chi2_level": 0.95, "chi2_df": 3, "chi2_threshold": 7.814727903251179, "N_raw": 24, "N_roi": 16, "N_inlier": 14, "refit": true}
{"timestamp": "14:19:48.762664", "frame": 12, "mu": [0.944386478122602, 4.805505006039741, 0.581025061198243], "Sigma": [[0.012167407349514053, -0.004721885905190539, -0.006620021421046494], [-0.004721885905190539, 0.003904964891578553, 0.0015685945009805418], [-0.006620021421046494, 0.0015685945009805418, 0.006563486432595608]], "chi2_level": 0.95, "chi2_df": 3, "chi2_threshold": 7.814727903251179, "N_raw": 27, "N_roi": 19, "N_inlier": 18, "refit": true}
{"timestamp": "14:19:48.818259", "frame": 13, "mu": [1.0332731855269481, 4.734617822588144, 0.6793375922267932], "Sigma": [[0.024769585089006212, -0.004528655291196566, 0.0012082105934737067], [-0.004528655291196567, 0.002423074293898371, -0.0006646722330135087], [0.0012082105934737067, -0.0006646722330135087, 0.00018347508201068747]], "chi2_level": 0.95, "chi2_df": 3, "chi2_threshold": 7.814727903251179, "N_raw": 32, "N_roi": 26, "N_inlier": 25, "refit": true}
{"timestamp": "14:19:48.872989", "frame": 14, "mu": [0.9020406989149681, 4.697648599153603, 0.6734331511402093], "Sigma": [[0.021224489228084925, -0.003691856207168486, -0.001599801506016172], [-0.003691856207168486, 0.0018534662707832092, -0.00020471970205352948], [-0.0015998015060161722, -0.0002047197020535295, 0.0005626244253389054]], "chi2_level": 0.95, "chi2_df": 3, "chi2_threshold": 7.814727903251179, "N_raw": 25, "N_roi": 23, "N_inlier": 22, "refit": true}
{"timestamp": "14:19:48.930228", "frame": 15, "mu": [0.9322464875625239, 4.611311592670156, 0.6887515128586079], "Sigma": [[0.029437791143907436, -0.00611797094818084, -0.014049101482725656], [-0.00611797094818084, 0.003484083494136262, -0.0007283571826626558], [-0.014049101482725656, -0.0007283571826626557, 0.015943611486758085]], "chi2_level": 0.95, "chi2_df": 3, "chi2_threshold": 7.814727903251179, "N_raw": 47, "N_roi": 47, "N_inlier": 47, "refit": true}
{"timestamp": "14:19:48.983452", "frame": 16, "mu": [1.0795840464123707, 4.529734782743917, 0.5935121017985039], "Sigma": [[0.016737124073318815, -0.004608860522449594, -0.013105172049718412], [-0.004608860522449594, 0.0036040805463569622, 0.002722424759121705], [-0.013105172049718412, 0.002722424759121705, 0.013143518851749051]], "chi2_level": 0.95, "chi2_df": 3, "chi2_threshold": 7.814727903251179, "N_raw": 29, "N_roi": 29, "N_inlier": 28, "refit": true}
{"timestamp": "14:19:49.036734", "frame": 17, "mu": [0.9359645046635117, 4.470492685634809, 0.6256828783098185], "Sigma": [[0.015419482598528168, -0.004355306605633536, -0.007637429192814059], [-0.004355306605633536, 0.0032260494441736483, 0.0026181012937948975], [-0.007637429192814059, 0.0026181012937948975, 0.006157763463551813]], "chi2_level": 0.95, "chi2_df": 3, "chi2_threshold": 7.814727903251179, "N_raw": 23, "N_roi": 23, "N_inlier": 21, "refit": true}
{"timestamp": "14:19:49.093739", "frame": 18, "mu": [0.9142567289642485, 4.392734189202897, 0.678919462072987], "Sigma": [[0.022155424262233915, -0.005514376427987466, -0.010644154061859236], [-0.005514376427987467, 0.004468467447683408, 0.0028980789520538287], [-0.010644154061859236, 0.0028980789520538287, 0.007199233368588733]], "chi2_level": 0.95, "chi2_df": 3, "chi2_threshold": 7.814727903251179, "N_raw": 37, "N_roi": 37, "N_inlier": 34, "refit": true}
{"timestamp": "14:19:49.151869", "frame": 19, "mu": [0.9742991661044136, 4.431133687004038, -0.9928672760661431], "Sigma": [[0.04189690726735157, 0.014781042561680847, 0.06766974293397697], [0.014781042561680847, 0.013952949918575834, 0.04559913424371928], [0.06766974293397697, 0.04559913424371928, 0.22136588640215704]], "chi2_level": 0.95, "chi2_df": 3, "chi2_threshold": 7.814727903251179, "N_raw": 58, "N_roi": 58, "N_inlier": 58, "refit": true}
{"timestamp": "14:19:49.207271", "frame": 20, "mu": [0.9707273302074152, 4.22087828915778, 0.5337838862064757], "Sigma": [[0.025826798259469524, -0.009419681637850109, -0.022052438407444093], [-0.009419681637850107, 0.005214516084652113, 0.004757364070551507], [-0.022052438407444093, 0.004757364070551507, 0.03225256882676253]], "chi2_level": 0.95, "chi2_df": 3, "chi2_threshold": 7.814727903251179, "N_raw": 55, "N_roi": 53, "N_inlier": 50, "refit": true}
{"timestamp": "14:19:49.262843", "frame": 21, "mu": [0.9377265290380727, 4.148127375159885, 0.5678547767177422], "Sigma": [[0.024315432421855937, -0.008352478321021206, -0.024216569565204342], [-0.008352478321021206, 0.0037188106511384885, 0.004490442283341514], [-0.024216569565204342, 0.004490442283341514, 0.055008255193797886]], "chi2_level": 0.95, "chi2_df": 3, "chi2_threshold": 7.814727903251179, "N_raw": 57, "N_roi": 57, "N_inlier": 55, "refit": true}
{"timestamp": "14:19:49.315650", "frame": 22, "mu": [0.8801413432765565, 4.0810047211579565, 0.6495542205471606], "Sigma": [[0.023064502562275987, -0.0032108111320927066, -0.005251362232111467], [-0.0032108111320927066, 0.0026915741545792933, -0.0015017730704557023], [-0.005251362232111467, -0.0015017730704557026, 0.01124680406617984]], "chi2_level": 0.95, "chi2_df": 3, "chi2_threshold": 7.814727903251179, "N_raw": 48, "N_roi": 48, "N_inlier": 46, "refit": true}
{"timestamp": "14:19:49.371689", "frame": 23, "mu": [0.8763519504257244, 4.00135448980844, 0.8303874930980403], "Sigma": [[0.023347119380654965, -0.004393220373132101, -0.0011274695015486167], [-0.004393220373132102, 0.0021257717953040846, -0.004046769034432298], [-0.0011274695015486167, -0.0040467690344322986, 0.021535739255846696]], "chi2_level": 0.95, "chi2_df": 3, "chi2_threshold": 7.814727903251179, "N_raw": 53, "N_roi": 53, "N_inlier": 51, "refit": true}
{"timestamp": "14:19:49.420735", "frame": 24, "mu": [0.9094707794171903, 3.951973527098407, 0.4549230888167468], "Sigma": [[0.0023229033988383632, 0.0022119785165455466, -0.012663490664136412], [0.0022119785165455466, 0.0066186665009188616, -0.02767169745756229], [-0.012663490664136412, -0.02767169745756229, 0.14331371012882957]], "chi2_level": 0.95, "chi2_df": 3, "chi2_threshold": 7.814727903251179, "N_raw": 9, "N_roi": 9, "N_inlier": 8, "refit": true}
{"timestamp": "14:19:49.482389", "frame": 25, "mu": [0.9082416871390349, 3.8434345257127993, 0.6679110106649401], "Sigma": [[0.021342457199843616, -0.0026403917338048716, -0.008264108472784281], [-0.0026403917338048716, 0.0024078406437031408, -0.0033298236411765914], [-0.008264108472784283, -0.0033298236411765914, 0.024258860490072927]], "chi2_level": 0.95, "chi2_df": 3, "chi2_threshold": 7.814727903251179, "N_raw": 60, "N_roi": 60, "N_inlier": 57, "refit": true}
{"timestamp": "14:19:49.535309", "frame": 26, "mu": [0.8619349757366828, 3.773551085490285, 0.6160518629368457], "Sigma": [[0.020645688664908228, -0.0034918313281796474, -0.0078175926185577], [-0.003491831328179648, 0.003828300957280075, 0.0014232197926098155], [-0.0078175926185577, 0.0014232197926098153, 0.012182989241311299]], "chi2_level": 0.95, "chi2_df": 3, "chi2_threshold": 7.814727903251179, "N_raw": 42, "N_roi": 42, "N_inlier": 38, "refit": true}
{"timestamp": "14:19:49.588036", "frame": 27, "mu": [0.9162851136687649, 3.696314023925124, 0.602927628237863], "Sigma": [[0.013483396874373667, -0.0076440014820813775, -0.005823467694434243], [-0.0076440014820813775, 0.009351756691554995, 0.004358063396243519], [-0.005823467694434243, 0.004358063396243518, 0.005864818535735997]], "chi2_level": 0.95, "chi2_df": 3, "chi2_threshold": 7.814727903251179, "N_raw": 29, "N_roi": 29, "N_inlier": 27, "refit": true}
{"timestamp": "14:19:49.648143", "frame": 28, "mu": [0.9050488033233297, 3.5664399388209107, 0.7018863663688258], "Sigma": [[0.022392266468780005, -0.005593650702720835, -0.009537667439347822], [-0.005593650702720835, 0.0026473499884523736, 0.00426891707387609], [-0.009537667439347822, 0.00426891707387609, 0.07427470243629793]], "chi2_level": 0.95, "chi2_df": 3, "chi2_threshold": 7.814727903251179, "N_raw": 62, "N_roi": 62, "N_inlier": 61, "refit": true}
{"timestamp": "14:19:49.702973", "frame": 29, "mu": [0.9833393668376303, 3.4895781665300882, 0.6098295341585728], "Sigma": [[0.023805690199923898, -0.00798750796361431, -0.009582705957648345], [-0.00798750796361431, 0.005218617255870232, 0.0006054518684745574], [-0.009582705957648345, 0.0006054518684745575, 0.014190068072360111]], "chi2_level": 0.95, "chi2_df": 3, "chi2_threshold": 7.814727903251179, "N_raw": 56, "N_roi": 56, "N_inlier": 53, "refit": true}
{"timestamp": "14:19:49.757712", "frame": 30, "mu": [0.9653100391671164, 3.358866086879557, 0.45905995889314766], "Sigma": [[0.026123478519923096, -0.004648313362171684, 0.006696108995736322], [-0.004648313362171684, 0.0017487298435207017, -0.0021626194070005246], [0.006696108995736322, -0.002162619407000525, 0.023886098379069305]], "chi2_level": 0.95, "chi2_df": 3, "chi2_threshold": 7.814727903251179, "N_raw": 58, "N_roi": 58, "N_inlier": 56, "refit": true}
{"timestamp": "14:19:49.812030", "frame": 31, "mu": [0.962294810456521, 3.2937774875260164, 0.6431649397051421], "Sigma": [[0.018884116923206927, -0.006227331571666743, -0.007793247508606941], [-0.0062273315716667435, 0.002665768792874992, 0.0002292970311172321], [-0.007793247508606941, 0.0002292970311172319, 0.024436702659834067]], "chi2_level": 0.95, "chi2_df": 3, "chi2_threshold": 7.814727903251179, "N_raw": 50, "N_roi": 50, "N_inlier": 49, "refit": true}
{"timestamp": "14:19:49.867391", "frame": 32, "mu": [0.9103512867433882, 3.2337424487099122, 0.620402596183321], "Sigma": [[0.026141290842603748, -0.008223469327519212, -0.004318370174289071], [-0.008223469327519212, 0.006844932094567514, -0.0009679053887216994], [-0.0043183701742890695, -0.0009679053887216993, 0.0036874299748043842]], "chi2_level": 0.95, "chi2_df": 3, "chi2_threshold": 7.814727903251179, "N_raw": 64, "N_roi": 63, "N_inlier": 62, "refit": true}
{"timestamp": "14:19:49.923409", "frame": 33, "mu": [0.9395525867555566, 3.1626398663123156, 0.5977621590537122], "Sigma": [[0.022407399663115914, -0.004888924663390221, -0.00743628337286144], [-0.004888924663390221, 0.003568298171405446, -0.002790638228013116], [-0.00743628337286144, -0.002790638228013116, 0.012387619411851307]], "chi2_level": 0.95, "chi2_df": 3, "chi2_threshold": 7.814727903251179, "N_raw": 65, "N_roi": 65, "N_inlier": 63, "refit": true}
{"timestamp": "14:19:49.978555", "frame": 34, "mu": [1.0346869935032885, 3.060056768641935, 0.5036616233170518], "Sigma": [[0.02577472940493216, -0.012116801681164469, -0.013008211526411188], [-0.012116801681164469, 0.009445392913343198, 0.004160462074799056], [-0.013008211526411188, 0.004160462074799056, 0.008969778490139342]], "chi2_level": 0.95, "chi2_df": 3, "chi2_threshold": 7.814727903251179, "N_raw": 62, "N_roi": 62, "N_inlier": 60, "refit": true}
{"timestamp": "14:19:50.035053", "frame": 35, "mu": [0.9228193190820949, 3.056898757322854, 0.7133554982803786], "Sigma": [[0.026330344171794896, -0.00485631041979573, -0.01417510448873567], [-0.004856310419795731, 0.005297558142717482, 0.0015062377934572865], [-0.01417510448873567, 0.0015062377934572863, 0.02637585262475739]], "chi2_level": 0.95, "chi2_df": 3, "chi2_threshold": 7.814727903251179, "N_raw": 76, "N_roi": 75, "N_inlier": 71, "refit": true}
{"timestamp": "14:19:50.091282", "frame": 36, "mu": [0.8452243036734312, 2.9457511453878484, 0.7006636007789517], "Sigma": [[0.021131604055247357, -0.0018987797429247289, 0.007086505311526988], [-0.0018987797429247289, 0.004330225242855231, -0.006299323659361215], [0.007086505311526986, -0.006299323659361214, 0.02038239245770465]], "chi2_level": 0.95, "chi2_df": 3, "chi2_threshold": 7.814727903251179, "N_raw": 83, "N_roi": 83, "N_inlier": 77, "refit": true}
{"timestamp": "14:19:50.146858", "frame": 37, "mu": [0.8566026104147805, 2.873696888562093, 0.7866169332603369], "Sigma": [[0.019601305899564304, -0.003430240625833511, -0.006341453949608559], [-0.003430240625833511, 0.001496619354195721, -0.0025525348782396364], [-0.006341453949608559, -0.0025525348782396364, 0.04546341059021063]], "chi2_level": 0.95, "chi2_df": 3, "chi2_threshold": 7.814727903251179, "N_raw": 84, "N_roi": 83, "N_inlier": 80, "refit": true}
{"timestamp": "14:19:50.202231", "frame": 38, "mu": [0.9232966315354499, 2.73963484463321, 0.6371150684299598], "Sigma": [[0.020389024071137723, -0.0048514304696011335, -0.008284730026920437], [-0.004851430469601133, 0.0031275698085798808, -0.0006732388915530159], [-0.008284730026920437, -0.0006732388915530161, 0.0389326230970956]], "chi2_level": 0.95, "chi2_df": 3, "chi2_threshold": 7.814727903251179, "N_raw": 94, "N_roi": 94, "N_inlier": 89, "refit": true}
{"timestamp": "14:19:50.253176", "frame": 39, "mu": [0.871337620685578, 2.6837480173503363, 0.6118086947599276], "Sigma": [[0.022988953174197954, -0.008013830306547237, -0.021054321764842423], [-0.008013830306547237, 0.003502333603012638, 0.0073622972340965645], [-0.021054321764842426, 0.007362297234096564, 0.04058639606670294]], "chi2_level": 0.95, "chi2_df": 3, "chi2_threshold": 7.814727903251179, "N_raw": 64, "N_roi": 64, "N_inlier": 62, "refit": true}
{"timestamp": "14:19:50.306233", "frame": 40, "mu": [0.8782149264838246, 2.5703132521169176, -1.3359965193762269], "Sigma": [[0.009109685524750255, -0.003473575679314602, 0.00027080434512839443], [-0.0034735756793146015, 0.00369631302113331, 0.00033937984642767914], [0.0002708043451283941, 0.0003393798464276798, 0.02441064988281072]], "chi2_level": 0.95, "chi2_df": 3, "chi2_threshold": 7.814727903251179, "N_raw": 52, "N_roi": 52, "N_inlier": 46, "refit": true}
{"timestamp": "14:19:50.362318", "frame": 41, "mu": [0.8776963294313939, 2.489018170138563, 0.6791738103513866], "Sigma": [[0.01583102714438818, -0.003065637770368048, 3.094774585377512e-05], [-0.003065637770368048, 0.0037750750735489826, -0.002228745698513797], [3.0947745853774955e-05, -0.002228745698513797, 0.0020626500017505065]], "chi2_level": 0.95, "chi2_df": 3, "chi2_threshold": 7.814727903251179, "N_raw": 58, "N_roi": 58, "N_inlier": 54, "refit": true}
{"timestamp": "14:19:50.419759", "frame": 42, "mu": [0.8328547559793582, 2.4286785155901147, 0.7289657056233029], "Sigma": [[0.013236353086470759, -0.0036176367196436004, 0.0024788937961977616], [-0.003617636719643601, 0.001845633183749921, -0.0037560268193989107], [0.0024788937961977625, -0.0037560268193989107, 0.017338636325805252]], "chi2_level": 0.95, "chi2_df": 3, "chi2_threshold": 7.814727903251179, "N_raw": 69, "N_roi": 65, "N_inlier": 60, "refit": true}
{"timestamp": "14:19:50.477334", "frame": 43, "mu": [0.8832389638592162, 2.3421282606422027, 0.75756850083768], "Sigma": [[0.013526488677031918, -0.004181180199044942, 0.008099459844367243], [-0.004181180199044942, 0.0025335338288563877, 0.0012385605021796057], [0.008099459844367244, 0.0012385605021796057, 0.06897799957242527]], "chi2_level": 0.95, "chi2_df": 3, "chi2_threshold": 7.814727903251179, "N_raw": 89, "N_roi": 88, "N_inlier": 81, "refit": true}
{"timestamp": "14:19:50.533251", "frame": 44, "mu": [0.8487318522613855, 2.2831105126296722, 0.8866368012427146], "Sigma": [[0.014178838695738485, -0.0029714473459797677, 0.008223443505502102], [-0.0029714473459797677, 0.0021299357995064874, -0.005828582226385794], [0.0082234435055021, -0.005828582226385794, 0.045244410124408135]], "chi2_level": 0.95, "chi2_df": 3, "chi2_threshold": 7.814727903251179, "N_raw": 96, "N_roi": 96, "N_inlier": 92, "refit": true}
{"timestamp": "14:19:50.592551", "frame": 45, "mu": [0.9341373682631826, 2.183844905195733, 0.8116975046077097], "Sigma": [[0.03442164349248869, -0.010326240043688116, -0.008214235648173918], [-0.010326240043688116, 0.004542180541822836, -0.001516016205700649], [-0.008214235648173918, -0.001516016205700649, 0.03728180499201158]], "chi2_level": 0.95, "chi2_df": 3, "chi2_threshold": 7.814727903251179, "N_raw": 125, "N_roi": 125, "N_inlier": 120, "refit": true}
{"timestamp": "14:19:50.641451", "frame": 46, "mu": [0.8796250414506683, 2.099046076525159, -0.7341473907923222], "Sigma": [[0.016359822205890634, -0.005793900574884019, 0.06976920295849484], [-0.005793900574884019, 0.00277912550150492, -0.024126320591669345], [0.06976920295849484, -0.024126320591669345, 0.6098880735537661]], "chi2_level": 0.95, "chi2_df": 3, "chi2_threshold": 7.814727903251179, "N_raw": 87, "N_roi": 87, "N_inlier": 81, "refit": true}
{"timestamp": "14:19:50.694658", "frame": 47, "mu": [0.8038553399430096, 2.2554664303252574, 0.6786392715177124], "Sigma": [[0.014015242547939049, -4.422200472444307e-05, -0.0007048270133491301], [-4.4222004724442637e-05, 0.1378188095986533, 0.04350342279255819], [-0.0007048270133491301, 0.04350342279255819, 0.038228792328613204]], "chi2_level": 0.95, "chi2_df": 3, "chi2_threshold": 7.814727903251179, "N_raw": 65, "N_roi": 65, "N_inlier": 64, "refit": true}
{"timestamp": "14:19:50.752355", "frame": 48, "mu": [0.9258147892862418, 1.889417337710517, 0.8204377946233389], "Sigma": [[0.015162026274252274, -0.004928397234610527, 0.002498983442153843], [-0.0049283972346105265, 0.004238650332307006, -0.00280190204501913], [0.0024989834421538437, -0.00280190204501913, 0.02093310870255712]], "chi2_level": 0.95, "chi2_df": 3, "chi2_threshold": 7.814727903251179, "N_raw": 89, "N_roi": 89, "N_inlier": 84, "refit": true}
{"timestamp": "14:19:50.806602", "frame": 49, "mu": [0.8159858141194632, 1.8469915419695082, 0.8950925308506543], "Sigma": [[0.010561282558486993, -0.00455231729331506, -0.005717975916515487], [-0.00455231729331506, 0.004913895078935345, 0.0028052186452459512], [-0.005717975916515487, 0.0028052186452459512, 0.031014171922623186]], "chi2_level": 0.95, "chi2_df": 3, "chi2_threshold": 7.814727903251179, "N_raw": 84, "N_roi": 84, "N_inlier": 81, "refit": true}
{"timestamp": "14:19:50.865030", "frame": 50, "mu": [0.9372115087667839, 1.731669811473765, 0.7924742789829673], "Sigma": [[0.024895019053264807, -0.005183403640059321, -0.001407922112504247], [-0.005183403640059321, 0.002617739908441176, -0.002817533111249557], [-0.0014079221125042477, -0.002817533111249557, 0.01432230896710351]], "chi2_level": 0.95, "chi2_df": 3, "chi2_threshold": 7.814727903251179, "N_raw": 103, "N_roi": 103, "N_inlier": 98, "refit": true}
{"timestamp": "14:19:50.923674", "frame": 51, "mu": [0.9322816207754864, 1.6664594717905044, 0.8622744622951937], "Sigma": [[0.02039138821568419, -0.002705528578420742, -0.00186346146329479], [-0.0027055285784207423, 0.0012506946810942274, -0.003477150454932224], [-0.0018634614632947898, -0.0034771504549322243, 0.03337569882168729]], "chi2_level": 0.95, "chi2_df": 3, "chi2_threshold": 7.814727903251179, "N_raw": 129, "N_roi": 129, "N_inlier": 124, "refit": true}
{"timestamp": "14:19:50.972873", "frame": 52, "mu": [0.9284349175270525, 1.8454261507072636, -0.8091835383270038], "Sigma": [[0.013983748510760735, -0.002008971302014274, -0.00372960397183894], [-0.002008971302014274, 0.003959960317048161, -0.005350262035363162], [-0.00372960397183894, -0.005350262035363162, 0.014994234217652438]], "chi2_level": 0.95, "chi2_df": 3, "chi2_threshold": 7.814727903251179, "N_raw": 89, "N_roi": 89, "N_inlier": 84, "refit": true}
{"timestamp": "14:19:51.031050", "frame": 53, "mu": [0.8867765059293922, 1.5118363027005257, 1.0173349971459789], "Sigma": [[0.009849411963166398, -0.003128009883615085, -0.006781193631656799], [-0.003128009883615085, 0.0022139394963697884, -0.0001554038045190996], [-0.006781193631656799, -0.00015540380451909992, 0.05439505382643221]], "chi2_level": 0.95, "chi2_df": 3, "chi2_threshold": 7.814727903251179, "N_raw": 114, "N_roi": 114, "N_inlier": 110, "refit": true}
{"timestamp": "14:19:51.089681", "frame": 54, "mu": [0.8826063778370171, 1.3954613130842999, 0.8659593387833248], "Sigma": [[0.016252938064124492, -0.007532446588205593, -0.015805686843019993], [-0.007532446588205593, 0.006965226313796649, 0.013371590114434739], [-0.015805686843019993, 0.013371590114434739, 0.06615253908595155]], "chi2_level": 0.95, "chi2_df": 3, "chi2_threshold": 7.814727903251179, "N_raw": 129, "N_roi": 129, "N_inlier": 124, "refit": true}
{"timestamp": "14:19:51.146356", "frame": 55, "mu": [0.7825886393360375, 1.3406113482314743, 0.9623818297894917], "Sigma": [[0.019380118802194313, 0.0036544373879436043, 0.01656365486540401], [0.0036544373879436043, 0.0030360949849065795, 0.006523030325233471], [0.01656365486540401, 0.006523030325233471, 0.06245900732406238]], "chi2_level": 0.95, "chi2_df": 3, "chi2_threshold": 7.814727903251179, "N_raw": 150, "N_roi": 150, "N_inlier": 142, "refit": true}
{"timestamp": "14:19:51.201229", "frame": 56, "mu": [0.7811364370357723, 1.4866060142205781, -0.6680512802254095], "Sigma": [[0.027621686202014144, -0.00641024017265188, 0.023977748434969148], [-0.006410240172651879, 0.0072522480780859485, -0.009710175812825697], [0.023977748434969148, -0.009710175812825697, 0.04013634844183692]], "chi2_level": 0.95, "chi2_df": 3, "chi2_threshold": 7.814727903251179, "N_raw": 145, "N_roi": 145, "N_inlier": 141, "refit": true}
{"timestamp": "14:19:51.244230", "frame": 57, "mu": [0.5817745719401788, 1.450400662129647, -0.8780107981233866], "Sigma": [[0.006287113244043885, -0.001064602369951055, -0.0009051527763508454], [-0.0010646023699510546, 0.00469586382789249, -0.00128767768636408], [-0.0009051527763508454, -0.0012876776863640798, 0.0016992506980553531]], "chi2_level": 0.95, "chi2_df": 3, "chi2_threshold": 7.814727903251179, "N_raw": 63, "N_roi": 63, "N_inlier": 57, "refit": true}
{"timestamp": "14:19:51.305240", "frame": 58, "mu": [0.711507395843173, 1.232041352501836, -0.8412953818654855], "Sigma": [[0.009304935814124315, 0.00039209568699502567, 0.010246951561965145], [0.0003920956869950257, 0.013703684461191513, 0.01238279121736108], [0.010246951561965145, 0.01238279121736108, 0.059522430543539145]], "chi2_level": 0.95, "chi2_df": 3, "chi2_threshold": 7.814727903251179, "N_raw": 105, "N_roi": 105, "N_inlier": 98, "refit": true}
{"timestamp": "14:19:51.362764", "frame": 59, "mu": [0.8032962111137868, 1.232300184098529, -0.6022854277565876], "Sigma": [[0.025333607478158576, -0.012116467288141905, 0.005027037136507354], [-0.012116467288141905, 0.009342384257794203, -0.005428557512164759], [0.005027037136507354, -0.005428557512164759, 0.015827880867508366]], "chi2_level": 0.95, "chi2_df": 3, "chi2_threshold": 7.814727903251179, "N_raw": 123, "N_roi": 123, "N_inlier": 121, "refit": true}
{"timestamp": "14:19:51.413808", "frame": 60, "mu": [0.809828051791138, 1.1614399484402576, -0.5447938737467064], "Sigma": [[0.017591679322983056, -0.008474760134987745, -0.007176294838584377], [-0.008474760134987745, 0.00797996796490893, 0.00017309677654177107], [-0.007176294838584377, 0.0001730967765417715, 0.007911305887095241]], "chi2_level": 0.95, "chi2_df": 3, "chi2_threshold": 7.814727903251179, "N_raw": 95, "N_roi": 95, "N_inlier": 91, "refit": true}
{"timestamp": "14:19:51.463328", "frame": 61, "mu": [0.8063772099675557, 0.9393957287258693, 1.2851076757371898], "Sigma": [[0.003234812882786552, -0.0008417141260073242, -0.0015677107683728258], [-0.0008417141260073243, 0.0030011925357485312, -0.002054851100393246], [-0.0015677107683728258, -0.002054851100393246, 0.015314828130895358]], "chi2_level": 0.95, "chi2_df": 3, "chi2_threshold": 7.814727903251179, "N_raw": 60, "N_roi": 60, "N_inlier": 56, "refit": true}
{"timestamp": "14:19:51.517121", "frame": 62, "mu": [0.727151710397443, 1.0391657429412189, -0.4876877695354619], "Sigma": [[0.003598246636419824, -0.0032443135044720253, 0.002293413023103926], [-0.0032443135044720253, 0.006668943738773446, -0.006430488780299909], [0.002293413023103926, -0.00643048878029991, 0.017814884748583195]], "chi2_level": 0.95, "chi2_df": 3, "chi2_threshold": 7.814727903251179, "N_raw": 56, "N_roi": 56, "N_inlier": 53, "refit": true}
{"timestamp": "14:19:51.568939", "frame": 63, "mu": [0.7708108757687693, 0.9219446420535705, -0.41705695718759145], "Sigma": [[0.0022202349826269873, 0.00036908858085335175, -0.002882482103930606], [0.0003690885808533517, 0.0019367752082484909, -0.0044621133645314], [-0.002882482103930606, -0.0044621133645314, 0.015353622605390438]], "chi2_level": 0.95, "chi2_df": 3, "chi2_threshold": 7.814727903251179, "N_raw": 34, "N_roi": 34, "N_inlier": 30, "refit": true}
{"timestamp": "14:19:51.629256", "frame": 64, "mu": [0.785340219536931, 0.885959841469452, -0.43918510733870075], "Sigma": [[0.004122539890139842, 0.0025163958754919388, -0.006594668703574624], [0.0025163958754919388, 0.005933715067513267, -0.007996946145684133], [-0.0065946687035746245, -0.007996946145684133, 0.026344622863588248]], "chi2_level": 0.95, "chi2_df": 3, "chi2_threshold": 7.814727903251179, "N_raw": 63, "N_roi": 63, "N_inlier": 59, "refit": true}
{"timestamp": "14:19:51.679523", "frame": 65, "mu": [0.7779204551623585, 0.6904330399007619, -0.5693700528325985], "Sigma": [[0.009208575921170739, 0.0018095198695443574, -0.012995961987961286], [0.0018095198695443578, 0.003127761022792203, 0.0034011116974464323], [-0.012995961987961286, 0.0034011116974464323, 0.04264959013647446]], "chi2_level": 0.95, "chi2_df": 3, "chi2_threshold": 7.814727903251179, "N_raw": 32, "N_roi": 32, "N_inlier": 30, "refit": true}
{"timestamp": "14:19:51.733639", "frame": 66, "mu": [0.7126298702756838, 0.7592176770285615, -0.5278637222273584], "Sigma": [[0.005520248901009081, -0.0019230588172380967, -0.004139997939307727], [-0.0019230588172380967, 0.0022283174176965428, -0.003113976815560723], [-0.004139997939307727, -0.003113976815560723, 0.019736562665041764]], "chi2_level": 0.95, "chi2_df": 3, "chi2_threshold": 7.814727903251179, "N_raw": 27, "N_roi": 27, "N_inlier": 24, "refit": true}
{"timestamp": "14:19:51.787267", "frame": 67, "mu": [0.8494679123639254, 0.48119834506828857, 1.1357884456047942], "Sigma": [[0.004910345285384288, -0.003100918288239495, -0.017887229075174704], [-0.0031009182882394955, 0.010667328001047149, 0.03667395743069677], [-0.017887229075174704, 0.03667395743069677, 0.14244393673202782]], "chi2_level": 0.95, "chi2_df": 3, "chi2_threshold": 7.814727903251179, "N_raw": 13, "N_roi": 12, "N_inlier": 10, "refit": true}
{"timestamp": "14:19:51.844432", "frame": 68, "mu": [0.7344233179272788, 0.6006710529423414, -0.48918740708427816], "Sigma": [[0.004906313380231392, 0.0011946005048240704, -0.007828806778777791], [0.0011946005048240704, 0.003994657055005596, -0.004904708635934171], [-0.007828806778777791, -0.004904708635934171, 0.016461672598639246]], "chi2_level": 0.95, "chi2_df": 3, "chi2_threshold": 7.814727903251179, "N_raw": 34, "N_roi": 34, "N_inlier": 30, "refit": true}
{"timestamp": "14:19:51.896478", "frame": 69, "mu": [0.7167465295603973, 0.3209938231746652, 1.198632623340581], "Sigma": [[0.00444393665582273, -0.002689286461698485, -0.0067983126484573025], [-0.002689286461698485, 0.010598932663585806, 0.02185237384566756], [-0.006798312648457306, 0.02185237384566756, 0.1351830250220961]], "chi2_level": 0.95, "chi2_df": 3, "chi2_threshold": 7.814727903251179, "N_raw": 13, "N_roi": 13, "N_inlier": 12, "refit": true}
{"timestamp": "14:19:51.953337", "frame": 70, "mu": [0.7194332602869423, 0.37648681228077313, -0.4253963199289535], "Sigma": [[0.0020277973144579645, -4.272654953293357e-05, 0.0004481406564441869], [-4.2726549532933546e-05, 0.001588854192405247, -0.0011801809197218285], [0.0004481406564441871, -0.0011801809197218283, 0.015201807233264204]], "chi2_level": 0.95, "chi2_df": 3, "chi2_threshold": 7.814727903251179, "N_raw": 28, "N_roi": 26, "N_inlier": 22, "refit": true}
{"timestamp": "14:19:52.006972", "frame": 71, "mu": [0.7005580018948733, 0.28252481717567274, 1.4814618664718442], "Sigma": [[0.000992176675536603, 0.0005856156043025083, -0.0010991483017215788], [0.0005856156043025085, 0.003998174518463452, -0.006774886068277918], [-0.0010991483017215788, -0.006774886068277918, 0.01390766875996434]], "chi2_level": 0.95, "chi2_df": 3, "chi2_threshold": 7.814727903251179, "N_raw": 18, "N_roi": 14, "N_inlier": 13, "refit": true}
{"timestamp": "14:19:52.061661", "frame": 72, "mu": [0.6991732464158879, 0.32565211010664147, -0.382211688793206], "Sigma": [[0.0015928818392239516, -0.0013239142229334966, 0.0011079285570428127], [-0.0013239142229334966, 0.0037187950027215604, -0.003671361486033619], [0.0011079285570428127, -0.003671361486033619, 0.006027003053460647]], "chi2_level": 0.95, "chi2_df": 3, "chi2_threshold": 7.814727903251179, "N_raw": 20, "N_roi": 20, "N_inlier": 17, "refit": true}
{"timestamp": "14:19:52.115834", "frame": 73, "mu": [0.699741631933509, 0.20087196482411823, 1.50184667231882], "Sigma": [[0.0012738684294063749, 0.0014215124746431306, -0.0027950364951210907], [0.0014215124746431306, 0.0027202435763902287, -0.004801795715560579], [-0.0027950364951210907, -0.004801795715560579, 0.009391193802369236]], "chi2_level": 0.95, "chi2_df": 3, "chi2_threshold": 7.814727903251179, "N_raw": 11, "N_roi": 9, "N_inlier": 9, "refit": true}
{"timestamp": "14:19:52.172101", "frame": 74, "mu": [0.6297297875939738, 0.43887024459303725, -0.6056173843105767], "Sigma": [[0.002614988763044537, -0.0008050259205469756, -0.0006222347040864356], [-0.0008050259205469756, 0.003220254571973563, 0.0007085068636038865], [-0.0006222347040864356, 0.0007085068636038863, 0.0002885404597221345]], "chi2_level": 0.95, "chi2_df": 3, "chi2_threshold": 7.814727903251179, "N_raw": 19, "N_roi": 19, "N_inlier": 18, "refit": true}
{"timestamp": "14:19:52.280563", "frame": 76, "mu": [0.742525633437981, 0.5283438991555978, -1.7516121896843542], "Sigma": [[0.004243981480252931, 0.0008826227147580596, -0.024933978307213552], [0.0008826227147580594, 0.0033102118060995664, -0.016993258495358564], [-0.024933978307213556, -0.016993258495358564, 0.21440802158186598]], "chi2_level": 0.95, "chi2_df": 3, "chi2_threshold": 7.814727903251179, "N_raw": 16, "N_roi": 16, "N_inlier": 14, "refit": true}
{"timestamp": "14:19:52.334676", "frame": 77, "mu": [0.7490221349073592, 0.4575431640793525, -1.3380507566161166], "Sigma": [[0.0021922587148964327, 0.0006554769486928931, -0.00997301022941012], [0.000655476948692893, 0.00592120569100904, -0.049794936013741235], [-0.00997301022941012, -0.049794936013741235, 0.42993687410063475]], "chi2_level": 0.95, "chi2_df": 3, "chi2_threshold": 7.814727903251179, "N_raw": 8, "N_roi": 8, "N_inlier": 7, "refit": true}
