{"timestamp": "14:42:18.102817", "frame": 2, "mu": [2.3241915341344277, 2.217704509996806, 0.9338739700349166], "Sigma": [[0.006911416423609263, -0.0051441431065552745, -1.6454333952060777e-05], [-0.005144143106555274, 0.006946020286551775, -0.0008867308954573141], [-1.6454333952060763e-05, -0.0008867308954573141, 0.00033841097517730103]], "chi2_level": 0.95, "chi2_df": 3, "chi2_threshold": 7.814727903251179, "N_raw": 25, "N_roi": 17, "N_inlier": 16, "refit": true}
{"timestamp": "14:42:18.213960", "frame": 4, "mu": [2.283048236514537, 2.209055034987718, 1.3435654099792018], "Sigma": [[0.006439070572596268, -0.003608879431076466, 0.0011497779896832531], [-0.003608879431076466, 0.005033870465293251, -0.0051076944282212565], [0.001149777989683253, -0.0051076944282212565, 0.06708927258655947]], "chi2_level": 0.95, "chi2_df": 3, "chi2_threshold": 7.814727903251179, "N_raw": 21, "N_roi": 17, "N_inlier": 17, "refit": true}
{"timestamp": "14:42:18.272555", "frame": 5, "mu": [2.2498285156982947, 2.244743448416242, 1.2475820705595992], "Sigma": [[0.014549206730373498, -0.011656130860338945, -0.009740278694886802], [-0.011656130860338943, 0.014648269633616194, 0.00015540120638095822], [-0.009740278694886802, 0.00015540120638095822, 0.019729021531557284]], "chi2_level": 0.95, "chi2_df": 3, "chi2_threshold": 7.814727903251179, "N_raw": 57, "N_roi": 53, "N_inlier": 53, "refit": true}
{"timestamp": "14:42:18.325114", "frame": 6, "mu": [2.256603559532649, 2.3123653756663125, -0.3754377435823766], "Sigma": [[0.010369551647604081, -0.008552967472220514, -0.005539621383845994], [-0.008552967472220514, 0.009656650943469342, 0.0038777384307464554], [-0.005539621383845993, 0.0038777384307464554, 0.0038085812092525043]], "chi2_level": 0.95, "chi2_df": 3, "chi2_threshold": 7.814727903251179, "N_raw": 26, "N_roi": 23, "N_inlier": 22, "refit": true}
{"timestamp": "14:42:18.383632", "frame": 7, "mu": [2.2131618894965035, 2.1258278442257437, 1.0678162913950076], "Sigma": [[0.013038767963110267, -0.010208736704925697, -0.004242437464653852], [-0.010208736704925697, 0.01051944804302824, -0.0009745271634048764], [-0.004242437464653852, -0.0009745271634048762, 0.010398055933479812]], "chi2_level": 0.95, "chi2_df": 3, "chi2_threshold": 7.814727903251179, "N_raw": 47, "N_roi": 41, "N_inlier": 40, "refit": true}
{"timestamp": "14:42:18.434617", "frame": 8, "mu": [2.108845556954059, 2.1460208476877725, 1.0481171985479836], "Sigma": [[0.00517028904638044, -0.004116435348568571, -0.003797648013808435], [-0.004116435348568571, 0.004861248931122079, 0.0014649782929569124], [-0.0037976480138084343, 0.0014649782929569124, 0.006026887973194669]], "chi2_level": 0.95, "chi2_df": 3, "chi2_threshold": 7.814727903251179, "N_raw": 23, "N_roi": 22, "N_inlier": 19, "refit": true}
{"timestamp": "14:42:18.490231", "frame": 9, "mu": [2.0568812884746226, 2.3122848071249202, -0.3769354380745022], "Sigma": [[0.00915992922650869, -0.006374065107307774, -0.00404964088478146], [-0.0063740651073077755, 0.009253552100500368, 0.0017161702476703791], [-0.00404964088478146, 0.0017161702476703791, 0.0027888404557475563]], "chi2_level": 0.95, "chi2_df": 3, "chi2_threshold": 7.814727903251179, "N_raw": 32, "N_roi": 32, "N_inlier": 31, "refit": true}
{"timestamp": "14:42:18.544881", "frame": 10, "mu": [2.015034985873739, 2.1629196990792536, 1.0554114220051103], "Sigma": [[0.00773957781023982, -0.006148876690183883, -0.002045777150930285], [-0.006148876690183883, 0.008491434589115861, -1.9060372618345776e-05], [-0.002045777150930285, -1.9060372618345776e-05, 0.002271808617940778]], "chi2_level": 0.95, "chi2_df": 3, "chi2_threshold": 7.814727903251179, "N_raw": 30, "N_roi": 30, "N_inlier": 29, "refit": true}
{"timestamp": "14:42:18.600771", "frame": 11, "mu": [1.9686194560100911, 2.157612269068796, 1.1615460477735684], "Sigma": [[0.006203297405063322, -0.005071016352896057, 0.0006525997273817006], [-0.005071016352896057, 0.0068790547458081955, -0.0043979137789403756], [0.0006525997273817005, -0.0043979137789403756, 0.006964963449457059]], "chi2_level": 0.95, "chi2_df": 3, "chi2_threshold": 7.814727903251179, "N_raw": 30, "N_roi": 30, "N_inlier": 29, "refit": true}
{"timestamp": "14:42:18.656825", "frame": 12, "mu": [1.9601943097683234, 2.0687908460386333, 1.1044811019144631], "Sigma": [[0.007828906179750772, -0.007582732234485114, -0.0018666971173036994], [-0.007582732234485114, 0.010807310292771384, -0.004041288349557247], [-0.0018666971173036998, -0.004041288349557247, 0.012909972455728539]], "chi2_level": 0.95, "chi2_df": 3, "chi2_threshold": 7.814727903251179, "N_raw": 43, "N_roi": 43, "N_inlier": 41, "refit": true}
{"timestamp": "14:42:18.711696", "frame": 13, "mu": [1.8958857777201354, 2.0701825352628664, 1.2476695007938192], "Sigma": [[0.009964475785160394, -0.007872522228861409, -0.002441619751670767], [-0.007872522228861409, 0.010936845201289814, 0.0018579415777642116], [-0.002441619751670767, 0.0018579415777642116, 0.001173277506628567]], "chi2_level": 0.95, "chi2_df": 3, "chi2_threshold": 7.814727903251179, "N_raw": 35, "N_roi": 35, "N_inlier": 34, "refit": true}
{"timestamp": "14:42:18.823959", "frame": 15, "mu": [1.8066609988780271, 2.075740535211188, 1.058146670644889], "Sigma": [[0.011825938167007768, -0.00789329024644405, -0.0004773141133691186], [-0.00789329024644405, 0.017723349991354158, 0.0013228118380913425], [-0.0004773141133691187, 0.0013228118380913428, 0.0017362150488116513]], "chi2_level": 0.95, "chi2_df": 3, "chi2_threshold": 7.814727903251179, "N_raw": 59, "N_roi": 58, "N_inlier": 58, "refit": true}
{"timestamp": "14:42:18.931440", "frame": 17, "mu": [1.68685344226711, 2.119463795324523, 1.1455053581732284], "Sigma": [[0.009353487951565502, -0.0075417912723895995, 0.00010846908148385713], [-0.0075417912723895995, 0.009672071694773464, -0.0024056937035873823], [0.000108469081483857, -0.0024056937035873823, 0.002455292275687158]], "chi2_level": 0.95, "chi2_df": 3, "chi2_threshold": 7.814727903251179, "N_raw": 40, "N_roi": 40, "N_inlier": 38, "refit": true}
{"timestamp": "14:42:18.986454", "frame": 18, "mu": [1.6578372257457312, 2.2332463926781037, -0.1738854728277896], "Sigma": [[0.007964532638879354, -0.004376461421750301, -0.003571996764240756], [-0.0043764614217503, 0.006602174952360674, 0.0013327206091506643], [-0.0035719967642407558, 0.0013327206091506643, 0.002242426453398375]], "chi2_level": 0.95, "chi2_df": 3, "chi2_threshold": 7.814727903251179, "N_raw": 35, "N_roi": 35, "N_inlier": 33, "refit": true}
{"timestamp": "14:42:19.039067", "frame": 19, "mu": [1.6019178701698233, 2.0794363051284765, 0.7034316044018623], "Sigma": [[0.006007573933905348, -0.0022769069289840637, 0.002499308831152793], [-0.0022769069289840637, 0.002661999939730928, 0.006424464815176185], [0.002499308831152792, 0.006424464815176185, 0.186408987070083]], "chi2_level": 0.95, "chi2_df": 3, "chi2_threshold": 7.814727903251179, "N_raw": 24, "N_roi": 24, "N_inlier": 21, "refit": true}
{"timestamp": "14:42:19.098263", "frame": 20, "mu": [1.5337756570982115, 2.0571447288327387, 1.0397155800545859], "Sigma": [[0.009429541131938791, -0.007764906793132293, -0.006402913602808236], [-0.007764906793132293, 0.007767281917445644, 0.001904048760725181], [-0.006402913602808236, 0.001904048760725181, 0.027622358114210224]], "chi2_level": 0.95, "chi2_df": 3, "chi2_threshold": 7.814727903251179, "N_raw": 53, "N_roi": 53, "N_inlier": 50, "refit": true}
{"timestamp": "14:42:19.151837", "frame": 21, "mu": [1.5159043194062316, 2.042696068494008, 1.142856114198593], "Sigma": [[0.004892062248211876, -0.0038014237713148566, -0.00802264505147645], [-0.003801423771314857, 0.0058570423876934665, 0.00318414241281803], [-0.00802264505147645, 0.00318414241281803, 0.04873159575272347]], "chi2_level": 0.95, "chi2_df": 3, "chi2_threshold": 7.814727903251179, "N_raw": 33, "N_roi": 33, "N_inlier": 29, "refit": true}
{"timestamp": "14:42:19.207602", "frame": 22, "mu": [1.4448247351134638, 2.0811444232961125, 1.0032775417263438], "Sigma": [[0.009452822804192842, -0.005230440873763419, -0.0025564002836205336], [-0.0052304408737634195, 0.005309456357338233, -0.0017361233039971755], [-0.002556400283620533, -0.0017361233039971755, 0.0062891983157838125]], "chi2_level": 0.95, "chi2_df": 3, "chi2_threshold": 7.814727903251179, "N_raw": 46, "N_roi": 46, "N_inlier": 42, "refit": true}
{"timestamp": "14:42:19.260656", "frame": 23, "mu": [1.4443627451559014, 2.0337185731536698, 0.9439432699810089], "Sigma": [[0.004783090616304724, -0.0037957512106892256, -0.002223426704647362], [-0.0037957512106892256, 0.003938631480578528, -0.0002397358282173682], [-0.0022234267046473623, -0.00023973582821736834, 0.010330754774258445]], "chi2_level": 0.95, "chi2_df": 3, "chi2_threshold": 7.814727903251179, "N_raw": 30, "N_roi": 30, "N_inlier": 27, "refit": true}
{"timestamp": "14:42:19.318095", "frame": 24, "mu": [1.414454651422032, 1.942444238185829, 0.9114080698888241], "Sigma": [[0.006993595293770476, -0.004212825529437483, -0.00703620827258143], [-0.004212825529437483, 0.004733945103084999, 0.00034281789841808627], [-0.007036208272581429, 0.00034281789841808627, 0.02838215575676262]], "chi2_level": 0.95, "chi2_df": 3, "chi2_threshold": 7.814727903251179, "N_raw": 48, "N_roi": 48, "N_inlier": 46, "refit": true}
{"timestamp": "14:42:19.377519", "frame": 25, "mu": [1.3683781358215161, 1.9364235430085133, 0.8042385536343186], "Sigma": [[0.00995343165592945, -0.00809220395256573, -0.01864009690366931], [-0.00809220395256573, 0.023202976208533656, 0.0152230341448107], [-0.018640096903669308, 0.015223034144810698, 0.07687426792461001]], "chi2_level": 0.95, "chi2_df": 3, "chi2_threshold": 7.814727903251179, "N_raw": 77, "N_roi": 75, "N_inlier": 71, "refit": true}
{"timestamp": "14:42:19.434537", "frame": 26, "mu": [1.3337996044990568, 2.0666081313574756, 0.9290737135501607], "Sigma": [[0.01156782582528136, -0.011014544970147436, -0.010681600411467564], [-0.011014544970147436, 0.020724304127986343, 0.00030955564784451175], [-0.010681600411467564, 0.0003095556478445122, 0.03579519474590958]], "chi2_level": 0.95, "chi2_df": 3, "chi2_threshold": 7.814727903251179, "N_raw": 92, "N_roi": 92, "N_inlier": 86, "refit": true}
{"timestamp": "14:42:19.488342", "frame": 27, "mu": [1.2494288734581473, 2.172678635391645, -0.04391697771020614], "Sigma": [[0.012243750563797713, -0.0073752005223908824, 0.03008305673087304], [-0.0073752005223908824, 0.020590749389197215, -0.06591291621820425], [0.03008305673087304, -0.06591291621820425, 0.3879148937210973]], "chi2_level": 0.95, "chi2_df": 3, "chi2_threshold": 7.814727903251179, "N_raw": 83, "N_roi": 83, "N_inlier": 79, "refit": true}
{"timestamp": "14:42:19.546141", "frame": 28, "mu": [1.2123416059496959, 1.9918290359039963, 1.032925444811014], "Sigma": [[0.01576185302561406, -0.01436414852788824, -0.029788117014327452], [-0.01436414852788824, 0.016570704736956262, 0.027491649158450485], [-0.029788117014327452, 0.027491649158450485, 0.09048194367783156]], "chi2_level": 0.95, "chi2_df": 3, "chi2_threshold": 7.814727903251179, "N_raw": 94, "N_roi": 94, "N_inlier": 81, "refit": true}
{"timestamp": "14:42:19.602947", "frame": 29, "mu": [1.1309524459357985, 2.069788918524598, 1.051694162475824], "Sigma": [[0.013951898068339397, -0.01272605676518205, -8.699104952882518e-05], [-0.01272605676518205, 0.024413224874638702, -0.02001913631117713], [-8.699104952882551e-05, -0.02001913631117713, 0.04627795737346643]], "chi2_level": 0.95, "chi2_df": 3, "chi2_threshold": 7.814727903251179, "N_raw": 101, "N_roi": 101, "N_inlier": 94, "refit": true}
{"timestamp": "14:42:19.655957", "frame": 30, "mu": [1.0204639174961752, 2.0870284160462997, 1.0655697249085532], "Sigma": [[0.025432166299931006, -0.026638877424161024, 0.018573140214609207], [-0.026638877424161024, 0.03299159516584722, -0.025841949469085322], [0.018573140214609207, -0.025841949469085322, 0.056335326656895834]], "chi2_level": 0.95, "chi2_df": 3, "chi2_threshold": 7.814727903251179, "N_raw": 88, "N_roi": 88, "N_inlier": 83, "refit": true}
{"timestamp": "14:42:19.709912", "frame": 31, "mu": [1.0448773407007945, 1.9991357254618678, 1.172956079810612], "Sigma": [[0.012312052876584626, -0.00946593190101195, -0.012286055768705477], [-0.00946593190101195, 0.015386815591384778, 0.007258834826958651], [-0.012286055768705475, 0.0072588348269586505, 0.02309630883833697]], "chi2_level": 0.95, "chi2_df": 3, "chi2_threshold": 7.814727903251179, "N_raw": 90, "N_roi": 90, "N_inlier": 84, "refit": true}
{"timestamp": "14:42:19.761861", "frame": 32, "mu": [0.9579522707447328, 2.0180575876419677, 1.1484326585105464], "Sigma": [[0.011183500415626078, -0.00902249981922858, -0.016680367382590683], [-0.00902249981922858, 0.01280039436761682, 0.01080207636958578], [-0.016680367382590686, 0.01080207636958578, 0.03698084979911612]], "chi2_level": 0.95, "chi2_df": 3, "chi2_threshold": 7.814727903251179, "N_raw": 75, "N_roi": 75, "N_inlier": 73, "refit": true}
{"timestamp": "14:42:19.818336", "frame": 33, "mu": [0.9103875440377878, 1.9332225972514985, 1.0085796213952472], "Sigma": [[0.008023229662756546, -0.004517293131281068, -0.0007173540670036265], [-0.004517293131281068, 0.00584543788639419, -0.006461001689127439], [-0.0007173540670036259, -0.006461001689127439, 0.022703357370367827]], "chi2_level": 0.95, "chi2_df": 3, "chi2_threshold": 7.814727903251179, "N_raw": 79, "N_roi": 78, "N_inlier": 75, "refit": true}
{"timestamp": "14:42:19.872020", "frame": 34, "mu": [0.8334689405712692, 1.996424404553974, 1.1674789944463262], "Sigma": [[0.008929795710385548, -0.0029450846511641987, 0.0031065427686945554], [-0.002945084651164198, 0.0052515293185879065, -0.000684998892838157], [0.0031065427686945554, -0.0006849988928381568, 0.03125324190606813]], "chi2_level": 0.95, "chi2_df": 3, "chi2_threshold": 7.814727903251179, "N_raw": 72, "N_roi": 69, "N_inlier": 67, "refit": true}
{"timestamp": "14:42:19.927516", "frame": 35, "mu": [0.7684015385035442, 2.078931469059464, 1.2769116340526405], "Sigma": [[0.007567046504884733, -0.0038782590881381983, -0.0043755825970883434], [-0.0038782590881381983, 0.011231564063939504, 0.003016899184710507], [-0.0043755825970883434, 0.003016899184710507, 0.011256427100091317]], "chi2_level": 0.95, "chi2_df": 3, "chi2_threshold": 7.814727903251179, "N_raw": 68, "N_roi": 68, "N_inlier": 63, "refit": true}
{"timestamp": "14:42:19.981418", "frame": 36, "mu": [0.6932487501445892, 2.115814597035498, 1.3511461089937953], "Sigma": [[0.007416274071588804, -0.0027027485504537204, -0.005007400941469353], [-0.0027027485504537204, 0.007198537797870829, -0.002273545389293078], [-0.005007400941469353, -0.002273545389293078, 0.012012807589714848]], "chi2_level": 0.95, "chi2_df": 3, "chi2_threshold": 7.814727903251179, "N_raw": 68, "N_roi": 67, "N_inlier": 63, "refit": true}
{"timestamp": "14:42:20.033381", "frame": 37, "mu": [0.6109081883186298, 2.016233559765846, 0.8636831959445084], "Sigma": [[0.006687145348954017, 0.0005860405753889233, 0.0026860004992379917], [0.0005860405753889235, 0.0023831555604825775, -0.0007763485596671839], [0.002686000499237992, -0.000776348559667184, 0.007857187045919062]], "chi2_level": 0.95, "chi2_df": 3, "chi2_threshold": 7.814727903251179, "N_raw": 46, "N_roi": 44, "N_inlier": 39, "refit": true}
{"timestamp": "14:42:20.093313", "frame": 38, "mu": [0.5570375675983634, 2.0862054283831615, 1.2747946400993775], "Sigma": [[0.008312336074586804, -0.003284291551205566, -0.006512186795955403], [-0.003284291551205566, 0.00827969611142317, 0.004889597275116397], [-0.006512186795955404, 0.004889597275116397, 0.038937320514758025]], "chi2_level": 0.95, "chi2_df": 3, "chi2_threshold": 7.814727903251179, "N_raw": 85, "N_roi": 83, "N_inlier": 80, "refit": true}
{"timestamp": "14:42:20.148406", "frame": 39, "mu": [0.47875033033177117, 2.130205573373857, 1.3139191243683732], "Sigma": [[0.007934043168515549, -0.0005623338392566164, 0.005671262572116805], [-0.0005623338392566165, 0.008052454851244659, -0.0013552439244891039], [0.005671262572116805, -0.0013552439244891037, 0.13005300869516132]], "chi2_level": 0.95, "chi2_df": 3, "chi2_threshold": 7.814727903251179, "N_raw": 78, "N_roi": 78, "N_inlier": 72, "refit": true}
{"timestamp": "14:42:20.199462", "frame": 40, "mu": [0.3762104686409234, 2.1839037217380612, 1.395926997363318], "Sigma": [[0.006571104152021894, -0.002327491791976077, -0.013071557877873532], [-0.002327491791976077, 0.0035508408530895794, 0.013340718116848855], [-0.013071557877873532, 0.013340718116848853, 0.1380808590353442]], "chi2_level": 0.95, "chi2_df": 3, "chi2_threshold": 7.814727903251179, "N_raw": 55, "N_roi": 55, "N_inlier": 51, "refit": true}
{"timestamp": "14:42:20.250815", "frame": 41, "mu": [0.34137773786580733, 2.174524199901719, 1.447783643661633], "Sigma": [[0.007175977663787442, -0.0008631095706786211, 0.022117846236465222], [-0.0008631095706786215, 0.0018188467257308283, 0.0007609708435008521], [0.022117846236465222, 0.0007609708435008522, 0.2167033723549339]], "chi2_level": 0.95, "chi2_df": 3, "chi2_threshold": 7.814727903251179, "N_raw": 30, "N_roi": 30, "N_inlier": 26, "refit": true}
{"timestamp": "14:42:20.306888", "frame": 42, "mu": [0.16771034785442313, 2.1678324515395393, 0.786760337814793], "Sigma": [[0.03190984772317975, 0.005602104702687957, 0.12754968725742516], [0.005602104702687957, 0.006702017363486377, 0.03890532318452668], [0.1275496872574252, 0.03890532318452668, 0.6548048369296656]], "chi2_level": 0.95, "chi2_df": 3, "chi2_threshold": 7.814727903251179, "N_raw": 43, "N_roi": 43, "N_inlier": 42, "refit": true}
{"timestamp": "14:42:20.365230", "frame": 43, "mu": [0.21970123721962737, 2.0730677054534414, 1.3283533842991087], "Sigma": [[0.006793252632567209, -0.001509107849263671, -0.0034077523449705417], [-0.0015091078492636707, 0.009211484942246625, 0.005579152184143331], [-0.0034077523449705417, 0.005579152184143331, 0.005326452076381948]], "chi2_level": 0.95, "chi2_df": 3, "chi2_threshold": 7.814727903251179, "N_raw": 63, "N_roi": 61, "N_inlier": 56, "refit": true}
{"timestamp": "14:42:20.424894", "frame": 44, "mu": [0.1667273439804258, 2.115436111262619, 1.3189436109822559], "Sigma": [[0.007407769115986733, -0.0004518395982111108, -0.0032303620768738737], [-0.0004518395982111105, 0.013786803068651246, 0.0035674271343396602], [-0.0032303620768738737, 0.0035674271343396602, 0.004275855087443629]], "chi2_level": 0.95, "chi2_df": 3, "chi2_threshold": 7.814727903251179, "N_raw": 89, "N_roi": 83, "N_inlier": 80, "refit": true}
{"timestamp": "14:42:20.468875", "frame": 45, "mu": [0.17605749981994612, 2.111989406522227, 0.786727176345536], "Sigma": [[0.010277370959924014, -0.0045127186163991945, -0.02822854596047633], [-0.0045127186163991945, 0.0087804386950681, 0.029926183631675533], [-0.02822854596047633, 0.029926183631675533, 0.5140305487914153]], "chi2_level": 0.95, "chi2_df": 3, "chi2_threshold": 7.814727903251179, "N_raw": 13, "N_roi": 11, "N_inlier": 11, "refit": true}
{"timestamp": "14:42:20.532101", "frame": 46, "mu": [0.13078189936572332, 2.055362717101912, 0.38556969186019957], "Sigma": [[0.008001998960393553, -0.0015216316837806754, -0.017958885380231486], [-0.0015216316837806752, 0.0019094148281250582, 0.009336396261563004], [-0.017958885380231483, 0.009336396261563004, 0.20318553777421092]], "chi2_level": 0.95, "chi2_df": 3, "chi2_threshold": 7.814727903251179, "N_raw": 78, "N_roi": 55, "N_inlier": 52, "refit": true}
{"timestamp": "14:42:20.580346", "frame": 47, "mu": [-0.06048612768266739, 2.4942313264429106, -1.2392765691460395], "Sigma": [[0.005331919321052211, -0.0009672696825506187, 0.002260400427445228], [-0.0009672696825506187, 0.011856961074337324, -0.039786631484397136], [0.0022604004274452277, -0.039786631484397136, 0.14212037941326688]], "chi2_level": 0.95, "chi2_df": 3, "chi2_threshold": 7.814727903251179, "N_raw": 27, "N_roi": 27, "N_inlier": 25, "refit": true}
{"timestamp": "14:42:20.639846", "frame": 48, "mu": [-0.12776453372681953, 2.3963027729917035, -0.5840974228411903], "Sigma": [[0.018278780656256596, -0.007238066330128055, 0.07070230877212222], [-0.007238066330128055, 0.00835377902383745, -0.05335327648246409], [0.07070230877212222, -0.05335327648246409, 0.4492356635754266]], "chi2_level": 0.95, "chi2_df": 3, "chi2_threshold": 7.814727903251179, "N_raw": 62, "N_roi": 60, "N_inlier": 58, "refit": true}
{"timestamp": "14:42:20.690391", "frame": 49, "mu": [-0.28752611308618947, 2.1316687934171554, 0.33425432171948466], "Sigma": [[0.029898942438542853, -0.002251007567137822, 0.0677488312625957], [-0.002251007567137822, 0.005538918430537677, -0.015178112113775531], [0.0677488312625957, -0.015178112113775531, 0.23672142826645898]], "chi2_level": 0.95, "chi2_df": 3, "chi2_threshold": 7.814727903251179, "N_raw": 26, "N_roi": 25, "N_inlier": 24, "refit": true}
{"timestamp": "14:42:20.748263", "frame": 50, "mu": [-0.22046262178356224, 2.1696703379619637, 1.3721477375348274], "Sigma": [[0.007301791893332515, -0.0019463781440114698, -0.002436292097407108], [-0.0019463781440114698, 0.00399174835421253, 0.000345680952470574], [-0.0024362920974071076, 0.000345680952470574, 0.0020269999985724173]], "chi2_level": 0.95, "chi2_df": 3, "chi2_threshold": 7.814727903251179, "N_raw": 46, "N_roi": 46, "N_inlier": 40, "refit": true}
{"timestamp": "14:42:20.803911", "frame": 51, "mu": [-0.2642327937057229, 2.11000815599405, 1.4152783621918084], "Sigma": [[0.009368089116210041, -0.0036087835786884183, -0.00974058930894612], [-0.0036087835786884183, 0.004839806103358533, 0.006250521741806554], [-0.00974058930894612, 0.006250521741806554, 0.0233841271811843]], "chi2_level": 0.95, "chi2_df": 3, "chi2_threshold": 7.814727903251179, "N_raw": 46, "N_roi": 43, "N_inlier": 39, "refit": true}
{"timestamp": "14:42:20.858288", "frame": 52, "mu": [-0.32317007804881803, 2.0229883778074322, 0.8661566717288598], "Sigma": [[0.006666156366714713, -0.001943370796578952, 0.0054170735036750675], [-0.0019433707965789515, 0.0010687711782430846, -0.002249078964348347], [0.0054170735036750675, -0.002249078964348347, 0.03702682107389621]], "chi2_level": 0.95, "chi2_df": 3, "chi2_threshold": 7.814727903251179, "N_raw": 46, "N_roi": 40, "N_inlier": 36, "refit": true}
{"timestamp": "14:42:20.915991", "frame": 53, "mu": [-0.4077557870610247, 2.200900129473101, -0.07359928814467459], "Sigma": [[0.007099925065108027, 0.0016803814490504007, -0.005530532942156996], [0.0016803814490504007, 0.005928610872010127, 0.0004652833063062298], [-0.005530532942156998, 0.0004652833063062297, 0.009652038646324725]], "chi2_level": 0.95, "chi2_df": 3, "chi2_threshold": 7.814727903251179, "N_raw": 59, "N_roi": 57, "N_inlier": 52, "refit": true}
{"timestamp": "14:42:20.974336", "frame": 54, "mu": [-0.46157560328439284, 2.1231482032216453, 0.9690865804557375], "Sigma": [[0.010262051590363017, -0.00014683878033645219, -0.03336712663812795], [-0.00014683878033645219, 0.005012275427730116, -0.016473735464601208], [-0.03336712663812795, -0.016473735464601208, 0.32081183769621974]], "chi2_level": 0.95, "chi2_df": 3, "chi2_threshold": 7.814727903251179, "N_raw": 90, "N_roi": 89, "N_inlier": 88, "refit": true}
{"timestamp": "14:42:21.024119", "frame": 55, "mu": [-0.5073906892359968, 2.0897387671471668, 1.248402464512474], "Sigma": [[0.004845881753966699, -0.0011387300520221476, -0.015073550155741019], [-0.0011387300520221476, 0.011526912649382846, -0.0004909683815478932], [-0.015073550155741019, -0.0004909683815478932, 0.11934310671118484]], "chi2_level": 0.95, "chi2_df": 3, "chi2_threshold": 7.814727903251179, "N_raw": 47, "N_roi": 47, "N_inlier": 44, "refit": true}
{"timestamp": "14:42:21.081872", "frame": 56, "mu": [-0.5973801547269147, 2.1291546266874155, 1.2888374657633968], "Sigma": [[0.008841873777691498, 0.0003889246666363622, -0.024080619143002767], [0.00038892466663636223, 0.006492520924241037, -0.0014404644660253596], [-0.024080619143002767, -0.0014404644660253592, 0.20052390416694502]], "chi2_level": 0.95, "chi2_df": 3, "chi2_threshold": 7.814727903251179, "N_raw": 80, "N_roi": 80, "N_inlier": 78, "refit": true}
{"timestamp": "14:42:21.133923", "frame": 57, "mu": [-0.6720551064135678, 2.1941467735823914, -0.1188912751226302], "Sigma": [[0.006090909634720342, -0.00028952203201070177, -0.00788327600243981], [-0.00028952203201070177, 0.005211632679419493, -0.00058419635922359], [-0.00788327600243981, -0.00058419635922359, 0.023501899378913303]], "chi2_level": 0.95, "chi2_df": 3, "chi2_threshold": 7.814727903251179, "N_raw": 51, "N_roi": 49, "N_inlier": 48, "refit": true}
{"timestamp": "14:42:21.192746", "frame": 58, "mu": [-0.6402602385220195, 2.0023996296561353, 1.086013858664174], "Sigma": [[0.007625351254244558, 0.0008702168197188912, -0.006830255124786794], [0.0008702168197188914, 0.0075215259757726435, -0.005908316108263314], [-0.006830255124786794, -0.005908316108263314, 0.013466535899635984]], "chi2_level": 0.95, "chi2_df": 3, "chi2_threshold": 7.814727903251179, "N_raw": 82, "N_roi": 82, "N_inlier": 76, "refit": true}
{"timestamp": "14:42:21.250492", "frame": 59, "mu": [-0.755516500294508, 1.9961495020039923, 1.104879185291583], "Sigma": [[0.009592810498382126, 0.0018839551510220563, -0.0038483309205141676], [0.001883955151022056, 0.005246011060726342, -0.00780508698631361], [-0.003848330920514168, -0.007805086986313611, 0.021562066697073792]], "chi2_level": 0.95, "chi2_df": 3, "chi2_threshold": 7.814727903251179, "N_raw": 95, "N_roi": 94, "N_inlier": 89, "refit": true}
{"timestamp": "14:42:21.300497", "frame": 60, "mu": [-0.8360609685814201, 2.019353674008202, 1.098317337285246], "Sigma": [[0.00813464002808842, 0.0013548676462846521, -0.006318193595696423], [0.0013548676462846521, 0.0011563091422394922, -0.003650254474216392], [-0.006318193595696423, -0.003650254474216392, 0.029867190122603915]], "chi2_level": 0.95, "chi2_df": 3, "chi2_threshold": 7.814727903251179, "N_raw": 63, "N_roi": 62, "N_inlier": 57, "refit": true}
{"timestamp": "14:42:21.349993", "frame": 61, "mu": [-0.9544349583615783, 2.1714604198368805, 1.319868861325406], "Sigma": [[0.002889756838442309, 0.0006105099340725944, -0.001445429452273809], [0.0006105099340725944, 0.0020250344033725235, -0.0007542546930252666], [-0.0014454294522738085, -0.0007542546930252665, 0.03270925613689776]], "chi2_level": 0.95, "chi2_df": 3, "chi2_threshold": 7.814727903251179, "N_raw": 25, "N_roi": 23, "N_inlier": 19, "refit": true}
{"timestamp": "14:42:21.410842", "frame": 62, "mu": [-0.9985210951803061, 2.0491247769633536, 1.3164835327588111], "Sigma": [[0.007450421748807713, 0.00027958863115401023, -0.006873594114808556], [0.0002795886311540104, 0.0075138331796180255, -0.0034803331703810196], [-0.006873594114808555, -0.0034803331703810196, 0.010940009187528675]], "chi2_level": 0.95, "chi2_df": 3, "chi2_threshold": 7.814727903251179, "N_raw": 69, "N_roi": 69, "N_inlier": 63, "refit": true}
{"timestamp": "14:42:21.469212", "frame": 63, "mu": [-1.0672478853616483, 2.072870121250797, 1.1927981430723236], "Sigma": [[0.016501012835774258, 0.0023218797126528202, -0.04169305098390093], [0.0023218797126528194, 0.009056551874167448, -0.0036790445367346552], [-0.041693050983900935, -0.0036790445367346552, 0.16103348810936227]], "chi2_level": 0.95, "chi2_df": 3, "chi2_threshold": 7.814727903251179, "N_raw": 85, "N_roi": 82, "N_inlier": 77, "refit": true}
{"timestamp": "14:42:21.527098", "frame": 64, "mu": [-1.1099191916095381, 2.050361100461447, 1.2085734039265565], "Sigma": [[0.014743399048959804, -0.001265206180488288, -0.03345520115767964], [-0.0012652061804882884, 0.011509695659875264, 0.00036144676823109654], [-0.03345520115767964, 0.0003614467682310962, 0.14685571551961035]], "chi2_level": 0.95, "chi2_df": 3, "chi2_threshold": 7.814727903251179, "N_raw": 100, "N_roi": 100, "N_inlier": 96, "refit": true}
{"timestamp": "14:42:21.575267", "frame": 65, "mu": [-1.20022950845465, 1.9810558799139122, 1.3230343070869417], "Sigma": [[0.011591070663831879, 0.0012731092660025717, -0.0214970340661954], [0.0012731092660025717, 0.005412789723652387, -0.005225463334497245], [-0.0214970340661954, -0.0052254633344972455, 0.0738473517880374]], "chi2_level": 0.95, "chi2_df": 3, "chi2_threshold": 7.814727903251179, "N_raw": 52, "N_roi": 50, "N_inlier": 46, "refit": true}
{"timestamp": "14:42:21.632270", "frame": 66, "mu": [-1.30100697511888, 2.056265260201064, 1.4432921302101689], "Sigma": [[0.009298138402188861, -0.0010028311629207115, -0.014682732691876414], [-0.0010028311629207117, 0.015983700383698295, 0.002853270105884643], [-0.014682732691876412, 0.002853270105884643, 0.04143055675614413]], "chi2_level": 0.95, "chi2_df": 3, "chi2_threshold": 7.814727903251179, "N_raw": 74, "N_roi": 74, "N_inlier": 69, "refit": true}
{"timestamp": "14:42:21.683302", "frame": 67, "mu": [-1.3021191193635884, 2.107180720105414, 1.1356695227934819], "Sigma": [[0.007564446773459737, 0.0017237861467859351, 0.0029443328548364135], [0.0017237861467859351, 0.009018408819149093, -0.004886532866583176], [0.0029443328548364135, -0.004886532866583177, 0.06964400633285525]], "chi2_level": 0.95, "chi2_df": 3, "chi2_threshold": 7.814727903251179, "N_raw": 46, "N_roi": 46, "N_inlier": 43, "refit": true}
{"timestamp": "14:42:21.737988", "frame": 68, "mu": [-1.3910067448836498, 2.035729670833438, 1.0693569710910624], "Sigma": [[0.009848456103563363, 0.0012629555261493514, -0.00442445811834509], [0.0012629555261493516, 0.003633499974539058, -0.004865217405334417], [-0.00442445811834509, -0.004865217405334419, 0.020946744377818335]], "chi2_level": 0.95, "chi2_df": 3, "chi2_threshold": 7.814727903251179, "N_raw": 50, "N_roi": 50, "N_inlier": 46, "refit": true}
{"timestamp": "14:42:21.787514", "frame": 69, "mu": [-1.526891600750515, 2.0022752690595573, 0.8167530643935945], "Sigma": [[0.006536395070507241, -0.0007760260189217741, 0.00258099137303642], [-0.000776026018921774, 0.00496427145483998, -0.027309933954144168], [0.0025809913730364207, -0.027309933954144168, 0.35323487463259357]], "chi2_level": 0.95, "chi2_df": 3, "chi2_threshold": 7.814727903251179, "N_raw": 10, "N_roi": 10, "N_inlier": 10, "refit": true}
{"timestamp": "14:42:21.842606", "frame": 70, "mu": [-1.4261537022254247, 2.0836061197876505, 0.8445688063904582], "Sigma": [[0.015881487842734743, 0.003778458295843567, 0.04196157362922695], [0.003778458295843567, 0.014933121017785999, -0.00033166871324564334], [0.04196157362922695, -0.00033166871324564334, 0.19131210546554808]], "chi2_level": 0.95, "chi2_df": 3, "chi2_threshold": 7.814727903251179, "N_raw": 13, "N_roi": 13, "N_inlier": 13, "refit": true}
{"timestamp": "14:42:21.899927", "frame": 71, "mu": [-1.6495960459265573, 1.9944571970850549, 1.4481632658638204], "Sigma": [[0.004777603008794204, 0.0032511391201993727, 0.007896642008849437], [0.0032511391201993727, 0.007731896258102452, 0.027441677564474874], [0.007896642008849437, 0.027441677564474874, 0.2669190221081721]], "chi2_level": 0.95, "chi2_df": 3, "chi2_threshold": 7.814727903251179, "N_raw": 28, "N_roi": 28, "N_inlier": 23, "refit": true}
{"timestamp": "14:42:21.954305", "frame": 72, "mu": [-1.648424069636404, 2.0200882094857704, 1.0192300078863636], "Sigma": [[0.04011491189521274, 0.025977760488212882, -0.11186692688373877], [0.025977760488212882, 0.024998079786351567, -0.08024605451383701], [-0.11186692688373877, -0.08024605451383698, 0.3958976578904316]], "chi2_level": 0.95, "chi2_df": 3, "chi2_threshold": 7.814727903251179, "N_raw": 18, "N_roi": 18, "N_inlier": 17, "refit": true}
{"timestamp": "14:42:22.017709", "frame": 73, "mu": [-1.9009477817550218, 1.842152543655033, -0.1804720650843408], "Sigma": [[0.030944893898835632, 0.02657185191202053, 0.01629316333884289], [0.02657185191202053, 0.030662351770465567, 0.019469385752170762], [0.01629316333884289, 0.019469385752170762, 0.03123964602244232]], "chi2_level": 0.95, "chi2_df": 3, "chi2_threshold": 7.814727903251179, "N_raw": 74, "N_roi": 74, "N_inlier": 70, "refit": true}
{"timestamp": "14:42:22.073405", "frame": 74, "mu": [-1.995055616131007, 1.8048937069576962, 1.6986035995811535], "Sigma": [[0.031139773725591714, 0.02576685505305141, -0.02229162132878866], [0.02576685505305141, 0.031103846568665328, -0.01666914432267462], [-0.02229162132878866, -0.01666914432267462, 0.02537088159379049]], "chi2_level": 0.95, "chi2_df": 3, "chi2_threshold": 7.814727903251179, "N_raw": 86, "N_roi": 86, "N_inlier": 79, "refit": true}
{"timestamp": "14:42:22.124754", "frame": 75, "mu": [-2.061645594327466, 1.77716888256078, 1.6875586453378006], "Sigma": [[0.017276870039837487, 0.011126443747908788, -0.01969815455686658], [0.011126443747908788, 0.018483378235223072, -0.0032380710230835753], [-0.01969815455686658, -0.003238071023083575, 0.03223568956610591]], "chi2_level": 0.95, "chi2_df": 3, "chi2_threshold": 7.814727903251179, "N_raw": 61, "N_roi": 61, "N_inlier": 57, "refit": true}
{"timestamp": "14:42:22.180248", "frame": 76, "mu": [-2.137691815730358, 1.7699530624267519, 1.6213858483739867], "Sigma": [[0.018179467782591, 0.01574719066236827, -0.011991461758933706], [0.01574719066236827, 0.018640497542552748, -0.01732203532364946], [-0.011991461758933706, -0.01732203532364946, 0.02082383393287165]], "chi2_level": 0.95, "chi2_df": 3, "chi2_threshold": 7.814727903251179, "N_raw": 62, "N_roi": 62, "N_inlier": 57, "refit": true}
{"timestamp": "14:42:22.235785", "frame": 77, "mu": [-2.179210180097652, 1.7039534172631507, 1.5894869899326414], "Sigma": [[0.02137397903891375, 0.015804708441507696, -0.0213703140249411], [0.015804708441507692, 0.022609328961706678, -0.014453608883766787], [-0.0213703140249411, -0.014453608883766789, 0.0251485261863581]], "chi2_level": 0.95, "chi2_df": 3, "chi2_threshold": 7.814727903251179, "N_raw": 70, "N_roi": 70, "N_inlier": 66, "refit": true}
{"timestamp": "14:42:22.289036", "frame": 78, "mu": [-2.2305087004182442, 1.7116863020880766, 1.6562876158972135], "Sigma": [[0.018394522926522792, 0.013138338801398622, -0.016303945793283058], [0.013138338801398624, 0.019573851192984798, -0.012406237813558192], [-0.016303945793283058, -0.012406237813558194, 0.017546079765658588]], "chi2_level": 0.95, "chi2_df": 3, "chi2_threshold": 7.814727903251179, "N_raw": 61, "N_roi": 61, "N_inlier": 58, "refit": true}
{"timestamp": "14:42:22.347576", "frame": 79, "mu": [-2.2303768824052104, 1.7281592998149382, 1.5381920657083281], "Sigma": [[0.017988671779229953, 0.01569152435645343, -0.01819556401002905], [0.01569152435645343, 0.02907112631208214, -0.016179090757935933], [-0.01819556401002905, -0.016179090757935933, 0.01980119723228492]], "chi2_level": 0.95, "chi2_df": 3, "chi2_threshold": 7.814727903251179, "N_raw": 77, "N_roi": 73, "N_inlier": 72, "refit": true}
{"timestamp": "14:42:22.400425", "frame": 80, "mu": [-2.2635621551850678, 1.6618541525965105, 1.4426512749106324], "Sigma": [[0.015757460467649923, 0.011218714072699016, -0.014526685913652602], [0.011218714072699016, 0.02052288613603802, -0.007673476080257452], [-0.014526685913652602, -0.007673476080257452, 0.014856023094481694]], "chi2_level": 0.95, "chi2_df": 3, "chi2_threshold": 7.814727903251179, "N_raw": 62, "N_roi": 58, "N_inlier": 55, "refit": true}
{"timestamp": "14:42:22.453912", "frame": 81, "mu": [-2.3173892285974156, 1.6546314381900455, 1.504408531855065], "Sigma": [[0.009989459113698371, 0.004418564557132742, -0.010124878151611533], [0.004418564557132742, 0.01938643900604561, -0.0008251451589835069], [-0.010124878151611534, -0.0008251451589835069, 0.012389934648148025]], "chi2_level": 0.95, "chi2_df": 3, "chi2_threshold": 7.814727903251179, "N_raw": 55, "N_roi": 50, "N_inlier": 48, "refit": true}
{"timestamp": "14:42:22.509438", "frame": 82, "mu": [-2.343574370922763, 1.7226189275465122, 1.466346190513966], "Sigma": [[0.009397629722161703, 0.005789576439538906, -0.009631301180447829], [0.005789576439538906, 0.015072098351256705, -0.009665969473450704], [-0.009631301180447829, -0.009665969473450704, 0.01640333274913266]], "chi2_level": 0.95, "chi2_df": 3, "chi2_threshold": 7.814727903251179, "N_raw": 57, "N_roi": 44, "N_inlier": 41, "refit": true}
{"timestamp": "14:42:22.565330", "frame": 83, "mu": [-2.386052816534055, 1.7976644899199525, 1.4361779185670804], "Sigma": [[0.005117841135395623, 0.0028219595353386247, -0.0035350509621527564], [0.0028219595353386247, 0.012516450160264163, -0.014135839689699402], [-0.003535050962152757, -0.014135839689699404, 0.031594659874066205]], "chi2_level": 0.95, "chi2_df": 3, "chi2_threshold": 7.814727903251179, "N_raw": 64, "N_roi": 41, "N_inlier": 38, "refit": true}
{"timestamp": "14:42:22.616486", "frame": 84, "mu": [-2.4042917530884664, 1.855382713592446, -0.25981531367845145], "Sigma": [[0.004505186686638786, 0.005348089149499358, -0.005051131339795971], [0.005348089149499358, 0.018279226742225915, -0.010062056908367102], [-0.005051131339795973, -0.010062056908367104, 0.012658591029195894]], "chi2_level": 0.95, "chi2_df": 3, "chi2_threshold": 7.814727903251179, "N_raw": 39, "N_roi": 24, "N_inlier": 22, "refit": true}
{"timestamp": "14:42:22.673341", "frame": 85, "mu": [-2.4154593630028023, 1.8632946961725247, 1.1575009948450194], "Sigma": [[0.004628735290267218, 0.004301386505210372, -0.021192509127407954], [0.004301386505210372, 0.011565935736722462, -0.02710942200464413], [-0.021192509127407957, -0.027109422004644133, 0.11988662274364426]], "chi2_level": 0.95, "chi2_df": 3, "chi2_threshold": 7.814727903251179, "N_raw": 50, "N_roi": 18, "N_inlier": 17, "refit": true}
{"timestamp": "14:42:22.728450", "frame": 86, "mu": [-2.453997003171944, 1.7747333831290437, 1.1390218553186575], "Sigma": [[0.001214321223067859, 0.0001296522759756991, -0.003795140922173267], [0.0001296522759756991, 0.009230376062910673, -0.015777945645877065], [-0.003795140922173267, -0.01577794564587706, 0.08282582809843164]], "chi2_level": 0.95, "chi2_df": 3, "chi2_threshold": 7.814727903251179, "N_raw": 54, "N_roi": 15, "N_inlier": 15, "refit": true}
