{"timestamp": "14:21:21.269799", "frame": 14, "mu": [-2.4288114508672383, 3.294418042526353, 0.8056699758715744], "Sigma": [[0.002548122404869267, 0.002422375454127322, -0.005647910267518583], [0.0024223754541273217, 0.006308311925558008, -0.019354685419714017], [-0.005647910267518583, -0.019354685419714017, 0.07571496427772417]], "chi2_level": 0.95, "chi2_df": 3, "chi2_threshold": 7.814727903251179, "N_raw": 51, "N_roi": 18, "N_inlier": 18, "refit": true}
{"timestamp": "14:21:21.376439", "frame": 16, "mu": [-2.4033405124500953, 3.3448071242990887, 0.49326800638218926], "Sigma": [[0.004403691871247682, 0.002418332758568372, -0.0025985856404427588], [0.002418332758568372, 0.0025311427854737487, -0.0034574770491680243], [-0.0025985856404427588, -0.0034574770491680243, 0.007762014110585806]], "chi2_level": 0.95, "chi2_df": 3, "chi2_threshold": 7.814727903251179, "N_raw": 20, "N_roi": 12, "N_inlier": 10, "refit": true}
{"timestamp": "14:21:21.430839", "frame": 17, "mu": [-2.34562434756402, 3.2297632729149206, 0.9108686146752143], "Sigma": [[0.005280152887485323, 0.004479232381956218, -0.006439868472844173], [0.004479232381956218, 0.011465137535565778, -0.02549705790350579], [-0.006439868472844173, -0.025497057903505795, 0.07930444426779451]], "chi2_level": 0.95, "chi2_df": 3, "chi2_threshold": 7.814727903251179, "N_raw": 19, "N_roi": 16, "N_inlier": 15, "refit": true}
{"timestamp": "14:21:21.487029", "frame": 18, "mu": [-2.3058555503178524, 3.2086892935696083, 1.0480670019308524], "Sigma": [[0.007946620184799557, 0.005469121130663742, -0.0054574824163619315], [0.005469121130663742, 0.007717166784419825, -0.013182050654171436], [-0.0054574824163619315, -0.013182050654171436, 0.03455300595211046]], "chi2_level": 0.95, "chi2_df": 3, "chi2_threshold": 7.814727903251179, "N_raw": 33, "N_roi": 28, "N_inlier": 26, "refit": true}
{"timestamp": "14:21:21.599292", "frame": 20, "mu": [-2.16707348232707, 3.229418834999396, 1.1496589354602613], "Sigma": [[0.014276256813152418, 0.005518967138822122, -0.009198563537725307], [0.005518967138822122, 0.00658048507432249, -0.002654234943350456], [-0.009198563537725307, -0.002654234943350456, 0.007007854959370993]], "chi2_level": 0.95, "chi2_df": 3, "chi2_threshold": 7.814727903251179, "N_raw": 31, "N_roi": 31, "N_inlier": 30, "refit": true}
{"timestamp": "14:21:21.652141", "frame": 21, "mu": [-2.0950148513444016, 3.17575689850987, 1.0365545497561268], "Sigma": [[0.008999381403731167, 0.0045492333321333804, -0.0069005293834237405], [0.0045492333321333804, 0.005003574843363713, -0.0024590594085163193], [-0.0069005293834237405, -0.002459059408516319, 0.0077104154957791365]], "chi2_level": 0.95, "chi2_df": 3, "chi2_threshold": 7.814727903251179, "N_raw": 14, "N_roi": 14, "N_inlier": 12, "refit": true}
{"timestamp": "14:21:21.707431", "frame": 22, "mu": [-2.149991354766617, 3.206304890127195, 0.8948966120932936], "Sigma": [[0.006231262688289993, 0.0018322826928186195, -0.006033561455967238], [0.0018322826928186195, 0.0030508263522224226, -0.0014790340507200134], [-0.006033561455967238, -0.0014790340507200134, 0.006985860684230746]], "chi2_level": 0.95, "chi2_df": 3, "chi2_threshold": 7.814727903251179, "N_raw": 15, "N_roi": 15, "N_inlier": 13, "refit": true}
{"timestamp": "14:21:21.767918", "frame": 23, "mu": [-2.031927917252065, 3.2213580995043043, 0.9826927305122749], "Sigma": [[0.015927922185897222, 0.005171157474228505, -0.021147177157172], [0.005171157474228505, 0.0051626063886455395, -0.011888238751788988], [-0.021147177157171997, -0.011888238751788988, 0.049814920007588526]], "chi2_level": 0.95, "chi2_df": 3, "chi2_threshold": 7.814727903251179, "N_raw": 47, "N_roi": 47, "N_inlier": 43, "refit": true}
{"timestamp": "14:21:21.823702", "frame": 24, "mu": [-1.9569494249348718, 3.200145347121177, 0.8210879585265595], "Sigma": [[0.019075767770517046, 0.005416765188072155, -0.017557342522671247], [0.005416765188072155, 0.00569987369264161, -0.011577710075285418], [-0.01755734252267125, -0.011577710075285418, 0.030259466173723132]], "chi2_level": 0.95, "chi2_df": 3, "chi2_threshold": 7.814727903251179, "N_raw": 56, "N_roi": 55, "N_inlier": 53, "refit": true}
{"timestamp": "14:21:21.877098", "frame": 25, "mu": [-1.938029248833392, 3.325267640168132, -0.08437194387279037], "Sigma": [[0.014909449022250294, 0.007259950728396613, -0.014601827275507313], [0.007259950728396613, 0.0075371583051793405, -0.011237222096681002], [-0.014601827275507313, -0.011237222096681002, 0.020972849527313354]], "chi2_level": 0.95, "chi2_df": 3, "chi2_threshold": 7.814727903251179, "N_raw": 41, "N_roi": 38, "N_inlier": 35, "refit": true}
{"timestamp": "14:21:21.927231", "frame": 26, "mu": [-1.6017259129922798, 3.4301435681811325, 0.6514707833684363], "Sigma": [[0.031013604462307293, 0.026234489666660255, -0.02801065255944781], [0.026234489666660255, 0.02843219807028003, -0.026281518239599677], [-0.02801065255944781, -0.026281518239599677, 0.02969966236627041]], "chi2_level": 0.95, "chi2_df": 3, "chi2_threshold": 7.814727903251179, "N_raw": 15, "N_roi": 15, "N_inlier": 15, "refit": true}
{"timestamp": "14:21:21.989226", "frame": 27, "mu": [-1.5589160046581856, 3.6408365985928377, -0.3968582553347081], "Sigma": [[0.02310074514155197, 0.023152898707249278, -0.022729935142538776], [0.023152898707249278, 0.03848338527709168, -0.02246171126161298], [-0.022729935142538776, -0.02246171126161298, 0.04356679821221365]], "chi2_level": 0.95, "chi2_df": 3, "chi2_threshold": 7.814727903251179, "N_raw": 56, "N_roi": 56, "N_inlier": 55, "refit": true}
{"timestamp": "14:21:22.044659", "frame": 28, "mu": [-1.5220265585318775, 3.390117456194546, 0.6261941206527468], "Sigma": [[0.01779768247855374, 0.01281331928442862, -0.010966464832336242], [0.01281331928442862, 0.024645188112513587, -0.010106306209659676], [-0.010966464832336242, -0.010106306209659676, 0.010601956693391255]], "chi2_level": 0.95, "chi2_df": 3, "chi2_threshold": 7.814727903251179, "N_raw": 59, "N_roi": 57, "N_inlier": 52, "refit": true}
{"timestamp": "14:21:22.094485", "frame": 29, "mu": [-1.4759283950916902, 3.2816185856232227, 0.6315526624110701], "Sigma": [[0.004585720545455563, 0.003471228673948925, -0.008051185159913803], [0.003471228673948925, 0.0082050711003568, -0.01888559597624519], [-0.008051185159913803, -0.018885595976245187, 0.09641846421429015]], "chi2_level": 0.95, "chi2_df": 3, "chi2_threshold": 7.814727903251179, "N_raw": 23, "N_roi": 17, "N_inlier": 16, "refit": true}
{"timestamp": "14:21:22.153490", "frame": 30, "mu": [-1.4070715239595366, 3.2648914918323078, 0.9708325174213874], "Sigma": [[0.021272229058205003, 0.0033869911487516935, -0.016455681559711728], [0.0033869911487516935, 0.0028948666325892118, -0.007069659826568831], [-0.01645568155971173, -0.0070696598265688314, 0.02633913850571158]], "chi2_level": 0.95, "chi2_df": 3, "chi2_threshold": 7.814727903251179, "N_raw": 60, "N_roi": 57, "N_inlier": 54, "refit": true}
{"timestamp": "14:21:22.211137", "frame": 31, "mu": [-1.3408553525816207, 3.255023576194825, 0.9501216613248128], "Sigma": [[0.021596433426919397, 0.004270205614970166, -0.014231502945170072], [0.004270205614970166, 0.00408809065707992, -0.008907944870541584], [-0.014231502945170072, -0.008907944870541584, 0.023664548398777664]], "chi2_level": 0.95, "chi2_df": 3, "chi2_threshold": 7.814727903251179, "N_raw": 65, "N_roi": 65, "N_inlier": 62, "refit": true}
{"timestamp": "14:21:22.264542", "frame": 32, "mu": [-1.262627182661741, 3.2419338670859696, 0.9583525001092794], "Sigma": [[0.021476756144002716, 0.003998107207332331, -0.015928534776648712], [0.003998107207332331, 0.0036083245671122335, -0.007394659854025166], [-0.015928534776648712, -0.007394659854025166, 0.021301797458869252]], "chi2_level": 0.95, "chi2_df": 3, "chi2_threshold": 7.814727903251179, "N_raw": 61, "N_roi": 57, "N_inlier": 56, "refit": true}
{"timestamp": "14:21:22.315537", "frame": 33, "mu": [-1.1780100781963025, 3.2142623454510506, 0.9049775399716528], "Sigma": [[0.013455800575180463, -0.0008302500729738462, -0.01469610611851915], [-0.0008302500729738462, 0.0033916668833401708, -7.652251573567016e-05], [-0.01469610611851915, -7.652251573567006e-05, 0.017892208898198037]], "chi2_level": 0.95, "chi2_df": 3, "chi2_threshold": 7.814727903251179, "N_raw": 35, "N_roi": 35, "N_inlier": 35, "refit": true}
{"timestamp": "14:21:22.374530", "frame": 34, "mu": [-1.1026700478972113, 3.1973706789795697, 0.9832468643116437], "Sigma": [[0.018466305260811146, -0.0022682024455270705, -0.020765645527222557], [-0.0022682024455270705, 0.011335055118793824, 0.007580389475136061], [-0.020765645527222557, 0.0075803894751360614, 0.02726991716933968]], "chi2_level": 0.95, "chi2_df": 3, "chi2_threshold": 7.814727903251179, "N_raw": 67, "N_roi": 65, "N_inlier": 64, "refit": true}
{"timestamp": "14:21:22.427893", "frame": 35, "mu": [-1.008838255213751, 3.197722381627476, 1.0362738969547964], "Sigma": [[0.014087259387557822, -0.004493440696067832, -0.02232604105238925], [-0.004493440696067832, 0.01015720825790651, 0.013623217086965808], [-0.022326041052389247, 0.013623217086965808, 0.042143648059625394]], "chi2_level": 0.95, "chi2_df": 3, "chi2_threshold": 7.814727903251179, "N_raw": 50, "N_roi": 50, "N_inlier": 47, "refit": true}
{"timestamp": "14:21:22.485018", "frame": 36, "mu": [-0.9425976442994595, 3.1905378952845407, 1.0010198621322592], "Sigma": [[0.02010680169009332, -0.003024320217764585, -0.01637114108682195], [-0.0030243202177645846, 0.010570373677456512, 0.00684494109443603], [-0.01637114108682195, 0.00684494109443603, 0.016465354544832375]], "chi2_level": 0.95, "chi2_df": 3, "chi2_threshold": 7.814727903251179, "N_raw": 73, "N_roi": 73, "N_inlier": 68, "refit": true}
{"timestamp": "14:21:22.538877", "frame": 37, "mu": [-0.9241886652545859, 3.1986574479587544, 1.1391842727612227], "Sigma": [[0.015800643262684325, 0.000805239869329695, -0.007876277263827626], [0.000805239869329695, 0.005938706111401578, -0.0005006804238766106], [-0.007876277263827626, -0.0005006804238766108, 0.005604431061698741]], "chi2_level": 0.95, "chi2_df": 3, "chi2_threshold": 7.814727903251179, "N_raw": 58, "N_roi": 57, "N_inlier": 54, "refit": true}
{"timestamp": "14:21:22.592805", "frame": 38, "mu": [-0.8033300045021428, 3.2674711680955975, 1.1829647298115942], "Sigma": [[0.012221428297750091, 9.779808947198805e-05, -0.012904347299681668], [9.779808947198794e-05, 0.010377901218572723, 0.002113648361367948], [-0.012904347299681668, 0.002113648361367948, 0.05578244769777437]], "chi2_level": 0.95, "chi2_df": 3, "chi2_threshold": 7.814727903251179, "N_raw": 49, "N_roi": 49, "N_inlier": 46, "refit": true}
{"timestamp": "14:21:22.652475", "frame": 39, "mu": [-0.7252337258516978, 3.254077508710169, 1.0381831948237683], "Sigma": [[0.01973976231434816, -0.0012868401307368153, -0.015583538040513784], [-0.0012868401307368155, 0.004486562555188626, -0.0031713743950223658], [-0.015583538040513784, -0.003171374395022365, 0.0309153469368662]], "chi2_level": 0.95, "chi2_df": 3, "chi2_threshold": 7.814727903251179, "N_raw": 79, "N_roi": 76, "N_inlier": 71, "refit": true}
{"timestamp": "14:21:22.703625", "frame": 40, "mu": [-0.694847757736232, 3.2968747895737436, 1.0232032375755529], "Sigma": [[0.02264818067709084, -0.0011585385713421379, -0.0019533073931276403], [-0.0011585385713421379, 0.0010798683502319904, -0.002779913234386239], [-0.00195330739312764, -0.0027799132343862393, 0.017878811828044332]], "chi2_level": 0.95, "chi2_df": 3, "chi2_threshold": 7.814727903251179, "N_raw": 56, "N_roi": 56, "N_inlier": 51, "refit": true}
{"timestamp": "14:21:22.761141", "frame": 41, "mu": [-0.6107057300013385, 3.3993218014942115, -0.024343189944462412], "Sigma": [[0.020914388128789464, 0.0021564688874253168, -0.011043190284023771], [0.0021564688874253168, 0.006998946945699532, -0.00860010024276223], [-0.011043190284023773, -0.00860010024276223, 0.020549870585080246]], "chi2_level": 0.95, "chi2_df": 3, "chi2_threshold": 7.814727903251179, "N_raw": 70, "N_roi": 68, "N_inlier": 65, "refit": true}
{"timestamp": "14:21:22.812585", "frame": 42, "mu": [-0.4846757226816947, 3.366491688411573, 1.323777116643262], "Sigma": [[0.019263415269671784, 0.0005086928197774575, -0.006113201542621184], [0.0005086928197774575, 0.0009218531111938319, -0.002882767760579816], [-0.006113201542621184, -0.002882767760579816, 0.028576158830644505]], "chi2_level": 0.95, "chi2_df": 3, "chi2_threshold": 7.814727903251179, "N_raw": 49, "N_roi": 44, "N_inlier": 40, "refit": true}
{"timestamp": "14:21:22.869071", "frame": 43, "mu": [-0.45000007932214453, 3.342402590000487, 1.3710028468921895], "Sigma": [[0.019485079827853708, 0.001151325935621493, -0.004913062879979908], [0.0011513259356214927, 0.004858957917350242, 0.00024659487287757083], [-0.004913062879979908, 0.0002465948728775708, 0.012193765243627547]], "chi2_level": 0.95, "chi2_df": 3, "chi2_threshold": 7.814727903251179, "N_raw": 60, "N_roi": 57, "N_inlier": 51, "refit": true}
{"timestamp": "14:21:22.925072", "frame": 44, "mu": [-0.3993890527575009, 3.314015676259048, 0.9216045308449053], "Sigma": [[0.018442096678403734, 0.0037707400766176, 0.02893195358039196], [0.0037707400766176, 0.004865250170505207, 0.02432902981567986], [0.02893195358039196, 0.02432902981567986, 0.46511892464475285]], "chi2_level": 0.95, "chi2_df": 3, "chi2_threshold": 7.814727903251179, "N_raw": 68, "N_roi": 65, "N_inlier": 64, "refit": true}
{"timestamp": "14:21:22.979465", "frame": 45, "mu": [-0.3350180583871626, 3.28656898258076, 1.2619027958599394], "Sigma": [[0.01993686386628159, -0.0005631661062024885, -0.011013540093633114], [-0.0005631661062024887, 0.007117794616157357, 0.004281286483096733], [-0.011013540093633114, 0.004281286483096733, 0.009506536454251651]], "chi2_level": 0.95, "chi2_df": 3, "chi2_threshold": 7.814727903251179, "N_raw": 63, "N_roi": 61, "N_inlier": 56, "refit": true}
{"timestamp": "14:21:23.039663", "frame": 46, "mu": [-0.3216560388558961, 3.224529444622033, 1.0625685043640407], "Sigma": [[0.01920191209787445, 0.0015077380742429991, -0.010656322587932268], [0.0015077380742429987, 0.005180528752992487, -0.0017667383803030886], [-0.010656322587932266, -0.0017667383803030886, 0.00720046863033814]], "chi2_level": 0.95, "chi2_df": 3, "chi2_threshold": 7.814727903251179, "N_raw": 93, "N_roi": 59, "N_inlier": 55, "refit": true}
{"timestamp": "14:21:23.093267", "frame": 47, "mu": [-0.23971471912910963, 3.2543001875367223, 0.7676668860139841], "Sigma": [[0.018800200965863836, 0.0020701961579447353, 0.0008902192448455636], [0.0020701961579447353, 0.01094090471435775, -0.01935241447998272], [0.0008902192448455637, -0.019352414479982722, 0.14001808513149186]], "chi2_level": 0.95, "chi2_df": 3, "chi2_threshold": 7.814727903251179, "N_raw": 86, "N_roi": 84, "N_inlier": 83, "refit": true}
{"timestamp": "14:21:23.146812", "frame": 48, "mu": [-0.11144547102515764, 3.2874265857062674, -0.8002058944039787], "Sigma": [[0.018394280447931982, 0.004958152143595587, 0.020237927448643053], [0.004958152143595587, 0.007943014045802351, 0.010639366538288295], [0.020237927448643056, 0.010639366538288297, 0.09446188553021362]], "chi2_level": 0.95, "chi2_df": 3, "chi2_threshold": 7.814727903251179, "N_raw": 75, "N_roi": 74, "N_inlier": 69, "refit": true}
{"timestamp": "14:21:23.197739", "frame": 49, "mu": [-0.08787052871195795, 3.2360692051684308, 1.0864931894710297], "Sigma": [[0.012560472741533277, 0.007207183444534589, 0.012848171411974961], [0.0072071834445345895, 0.00833679479430864, 0.007718505094481366], [0.01284817141197496, 0.007718505094481366, 0.02020628247896626]], "chi2_level": 0.95, "chi2_df": 3, "chi2_threshold": 7.814727903251179, "N_raw": 48, "N_roi": 48, "N_inlier": 42, "refit": true}
{"timestamp": "14:21:23.255008", "frame": 50, "mu": [0.052673803717865134, 3.258656069295605, 1.1727515251556515], "Sigma": [[0.017760805378549224, -0.001462110180338283, -0.006546184856364287], [-0.001462110180338283, 0.005272758561946165, -0.0027902553275488814], [-0.006546184856364287, -0.0027902553275488814, 0.006632973424079027]], "chi2_level": 0.95, "chi2_df": 3, "chi2_threshold": 7.814727903251179, "N_raw": 68, "N_roi": 68, "N_inlier": 64, "refit": true}
{"timestamp": "14:21:23.310928", "frame": 51, "mu": [0.12522713047024572, 3.204306861109936, 1.0847719421103679], "Sigma": [[0.018683495392252968, 0.00045973337507162646, -0.005591983461486854], [0.00045973337507162646, 0.006792475903491754, -0.002108609876203529], [-0.005591983461486854, -0.002108609876203529, 0.00383073101677271]], "chi2_level": 0.95, "chi2_df": 3, "chi2_threshold": 7.814727903251179, "N_raw": 74, "N_roi": 72, "N_inlier": 70, "refit": true}
{"timestamp": "14:21:23.357323", "frame": 52, "mu": [0.2518846012803793, 3.305980327681299, 0.9563156278780564], "Sigma": [[0.001097482829488739, -0.0010730086503114695, 0.012555529853257485], [-0.001073008650311469, 0.010902287243350045, -0.04191924571000265], [0.012555529853257485, -0.041919245710002655, 0.3100230875737524]], "chi2_level": 0.95, "chi2_df": 3, "chi2_threshold": 7.814727903251179, "N_raw": 8, "N_roi": 7, "N_inlier": 7, "refit": true}
{"timestamp": "14:21:23.412034", "frame": 53, "mu": [0.3035305615525069, 3.2935860070641474, 0.7802025693939878], "Sigma": [[0.0025026151722377264, -0.0031042232005243768, 0.020980276751882253], [-0.0031042232005243768, 0.010424229801083863, -0.045657238978885385], [0.020980276751882253, -0.045657238978885385, 0.25608337498406764]], "chi2_level": 0.95, "chi2_df": 3, "chi2_threshold": 7.814727903251179, "N_raw": 13, "N_roi": 9, "N_inlier": 8, "refit": true}
{"timestamp": "14:21:23.469084", "frame": 54, "mu": [0.3715927946530508, 3.276579240903638, 1.3746129267724967], "Sigma": [[0.008969919560131963, -0.00232340515365101, -0.01324142237992853], [-0.00232340515365101, 0.005532642489276369, 0.008906986428008927], [-0.013241422379928529, 0.008906986428008927, 0.02852366661879924]], "chi2_level": 0.95, "chi2_df": 3, "chi2_threshold": 7.814727903251179, "N_raw": 31, "N_roi": 30, "N_inlier": 28, "refit": true}
{"timestamp": "14:21:23.526419", "frame": 55, "mu": [0.42335526300675685, 3.286854415420172, 1.1601263744434318], "Sigma": [[0.010714324765023776, -0.0018608915266820876, -0.012592468916763262], [-0.0018608915266820872, 0.0024340525368172165, -0.00538858544136973], [-0.012592468916763265, -0.005388585441369729, 0.054649841389023825]], "chi2_level": 0.95, "chi2_df": 3, "chi2_threshold": 7.814727903251179, "N_raw": 40, "N_roi": 37, "N_inlier": 34, "refit": true}
{"timestamp": "14:21:23.581460", "frame": 56, "mu": [0.5113656586778036, 3.2425519074086058, 0.12407341417248945], "Sigma": [[0.012854348413140867, -0.0014668229360338362, -0.007006755221442615], [-0.0014668229360338364, 0.003446374361580861, 0.001712043383420735], [-0.007006755221442615, 0.001712043383420735, 0.00525395846689826]], "chi2_level": 0.95, "chi2_df": 3, "chi2_threshold": 7.814727903251179, "N_raw": 44, "N_roi": 41, "N_inlier": 39, "refit": true}
{"timestamp": "14:21:23.639833", "frame": 57, "mu": [0.5538571884070768, 3.2583237429222542, 1.3149027980798675], "Sigma": [[0.012416415714902958, -0.003158314962279986, -0.005882581446036424], [-0.003158314962279986, 0.005644411887797918, 0.0003352167464204216], [-0.005882581446036424, 0.0003352167464204217, 0.004526346772852104]], "chi2_level": 0.95, "chi2_df": 3, "chi2_threshold": 7.814727903251179, "N_raw": 59, "N_roi": 52, "N_inlier": 47, "refit": true}
{"timestamp": "14:21:23.694420", "frame": 58, "mu": [0.6679309277626343, 3.2322172630059938, 1.119904285460762], "Sigma": [[0.01163474269729498, -0.0028062547002791413, -0.0025710030980467457], [-0.0028062547002791413, 0.0052850625675867095, -0.004567628642803769], [-0.0025710030980467457, -0.004567628642803769, 0.00867774571850587]], "chi2_level": 0.95, "chi2_df": 3, "chi2_threshold": 7.814727903251179, "N_raw": 60, "N_roi": 58, "N_inlier": 53, "refit": true}
{"timestamp": "14:21:23.742392", "frame": 59, "mu": [0.7009188993204438, 3.216138314272332, 0.6158701293168114], "Sigma": [[0.013509677093241832, -0.0044433704880436475, 0.003939990999872033], [-0.0044433704880436475, 0.00494282031960838, 0.0004153775814569015], [0.003939990999872031, 0.00041537758145690235, 0.24369765669466448]], "chi2_level": 0.95, "chi2_df": 3, "chi2_threshold": 7.814727903251179, "N_raw": 15, "N_roi": 12, "N_inlier": 11, "refit": true}
{"timestamp": "14:21:23.798350", "frame": 60, "mu": [0.814788840965935, 3.2045372516588535, 1.2459242897716092], "Sigma": [[0.002924519547852768, -0.0018980900750140326, -0.00025414751105888925], [-0.0018980900750140324, 0.0029462530777557227, -0.0028317049021706273], [-0.00025414751105888925, -0.0028317049021706273, 0.02889658986410341]], "chi2_level": 0.95, "chi2_df": 3, "chi2_threshold": 7.814727903251179, "N_raw": 22, "N_roi": 18, "N_inlier": 15, "refit": true}
{"timestamp": "14:21:23.855661", "frame": 61, "mu": [0.9494485679154512, 3.1867434396474987, 1.2276281875621664], "Sigma": [[0.00840411899138009, -0.0027479068122116153, -0.006361614963799382], [-0.0027479068122116153, 0.0034542942514728526, 0.00032468743720721774], [-0.006361614963799382, 0.0003246874372072179, 0.013125909199148286]], "chi2_level": 0.95, "chi2_df": 3, "chi2_threshold": 7.814727903251179, "N_raw": 42, "N_roi": 37, "N_inlier": 31, "refit": true}
{"timestamp": "14:21:23.912341", "frame": 62, "mu": [0.9645474244530586, 3.2191902079976846, 0.9928529710307866], "Sigma": [[0.014480586512454372, -0.004078141183989932, 0.0324078381882496], [-0.004078141183989932, 0.0038994152369520073, -0.0070879138440024005], [0.0324078381882496, -0.0070879138440024005, 0.23962447253629152]], "chi2_level": 0.95, "chi2_df": 3, "chi2_threshold": 7.814727903251179, "N_raw": 46, "N_roi": 46, "N_inlier": 45, "refit": true}
{"timestamp": "14:21:23.963281", "frame": 63, "mu": [0.9887995915361953, 3.2848147054736168, 0.8669042469579659], "Sigma": [[0.009906905258044753, -6.110535269688991e-05, 0.04745685379893167], [-6.110535269688989e-05, 0.0012205134383314576, -0.0002341150241728262], [0.04745685379893168, -0.0002341150241728262, 0.27331200372396947]], "chi2_level": 0.95, "chi2_df": 3, "chi2_threshold": 7.814727903251179, "N_raw": 13, "N_roi": 8, "N_inlier": 8, "refit": true}
{"timestamp": "14:21:24.022096", "frame": 64, "mu": [1.1603974122638752, 3.212790328876536, 1.1694162538586037], "Sigma": [[0.01099660921032406, -0.006040357894696032, 9.775577576678939e-05], [-0.006040357894696032, 0.005863183612593585, -0.006750318717553622], [9.775577576678939e-05, -0.006750318717553622, 0.03963286353255175]], "chi2_level": 0.95, "chi2_df": 3, "chi2_threshold": 7.814727903251179, "N_raw": 49, "N_roi": 46, "N_inlier": 41, "refit": true}
{"timestamp": "14:21:24.075158", "frame": 65, "mu": [1.250450470070876, 3.3525561007410993, -0.025952611081953434], "Sigma": [[0.010922954108637388, -0.005406251292471456, -0.008794409886515668], [-0.005406251292471454, 0.011166080143577808, -0.016680144670921486], [-0.008794409886515668, -0.016680144670921486, 0.06567832406006928]], "chi2_level": 0.95, "chi2_df": 3, "chi2_threshold": 7.814727903251179, "N_raw": 36, "N_roi": 32, "N_inlier": 29, "refit": true}
{"timestamp": "14:21:24.128503", "frame": 66, "mu": [1.3304046916158914, 3.247943958770767, 1.210755765739219], "Sigma": [[0.006044544511526179, -0.0012061716498041268, -0.015332112796555426], [-0.0012061716498041268, 0.0055553421408103135, -0.009075448283534812], [-0.015332112796555424, -0.009075448283534812, 0.10944869105653099]], "chi2_level": 0.95, "chi2_df": 3, "chi2_threshold": 7.814727903251179, "N_raw": 19, "N_roi": 19, "N_inlier": 17, "refit": true}
{"timestamp": "14:21:24.182249", "frame": 67, "mu": [1.4403957573678379, 3.111266382169326, 0.9707823694579139], "Sigma": [[0.014662107726887414, 0.0045077800656868035, -0.019650369751591408], [0.0045077800656868035, 0.01723660401733781, -0.002541541151295665], [-0.019650369751591408, -0.002541541151295665, 0.03533786339289368]], "chi2_level": 0.95, "chi2_df": 3, "chi2_threshold": 7.814727903251179, "N_raw": 16, "N_roi": 16, "N_inlier": 14, "refit": true}
{"timestamp": "14:21:24.241356", "frame": 68, "mu": [1.4624624768391024, 3.0320011941442058, 0.9505846743207148], "Sigma": [[0.017174299072576595, -0.009823228885200328, -0.010671707438419102], [-0.009823228885200328, 0.009051079976458442, 0.006258647500754798], [-0.010671707438419102, 0.006258647500754798, 0.0077670876435934405]], "chi2_level": 0.95, "chi2_df": 3, "chi2_threshold": 7.814727903251179, "N_raw": 42, "N_roi": 39, "N_inlier": 37, "refit": true}
{"timestamp": "14:21:24.299690", "frame": 69, "mu": [1.4564419288898185, 3.1396384306585703, 1.1259561007467656], "Sigma": [[0.017538197559814974, -0.009964256907981566, -0.00503973371167729], [-0.009964256907981564, 0.028654973952614127, 0.04019515764690416], [-0.005039733711677291, 0.04019515764690416, 0.06620461774638647]], "chi2_level": 0.95, "chi2_df": 3, "chi2_threshold": 7.814727903251179, "N_raw": 61, "N_roi": 61, "N_inlier": 57, "refit": true}
{"timestamp": "14:21:24.346696", "frame": 70, "mu": [1.5526394708185138, 3.275204532430204, 1.2718645004961855], "Sigma": [[0.00433397022656973, -0.001482361483495045, 0.025692835889540938], [-0.0014823614834950445, 0.005816002755496165, -0.018855953412350312], [0.025692835889540938, -0.018855953412350312, 0.2145764306417229]], "chi2_level": 0.95, "chi2_df": 3, "chi2_threshold": 7.814727903251179, "N_raw": 9, "N_roi": 9, "N_inlier": 9, "refit": true}
{"timestamp": "14:21:24.405805", "frame": 71, "mu": [1.5518213469925737, 3.0982538540357956, 1.0268580235054123], "Sigma": [[0.01658831990846002, -0.004586137585384427, 0.0029412202541435205], [-0.004586137585384427, 0.005890827084944529, 0.0017588782391670093], [0.00294122025414352, 0.0017588782391670093, 0.00305726399872388]], "chi2_level": 0.95, "chi2_df": 3, "chi2_threshold": 7.814727903251179, "N_raw": 40, "N_roi": 38, "N_inlier": 35, "refit": true}
{"timestamp": "14:21:24.460352", "frame": 72, "mu": [1.6641038746536243, 3.142052899064446, 1.1676735331878616], "Sigma": [[0.013017726262628941, -0.006645276440772281, -0.0017606754454776367], [-0.006645276440772282, 0.009169284939410138, 0.005518273791669172], [-0.0017606754454776367, 0.005518273791669172, 0.004663808738649664]], "chi2_level": 0.95, "chi2_df": 3, "chi2_threshold": 7.814727903251179, "N_raw": 34, "N_roi": 34, "N_inlier": 31, "refit": true}
{"timestamp": "14:21:24.606342", "frame": 73, "mu": [1.68362080600989, 3.3022435369846734, 1.0422803535968372], "Sigma": [[0.00413567399208895, -0.002297321200370388, 0.028143445721996507], [-0.0022973212003703884, 0.011416961892892747, -0.047100447573869365], [0.028143445721996507, -0.047100447573869365, 0.3070183324140949]], "chi2_level": 0.95, "chi2_df": 3, "chi2_threshold": 7.814727903251179, "N_raw": 7, "N_roi": 7, "N_inlier": 7, "refit": true}
{"timestamp": "14:21:24.649989", "frame": 75, "mu": [1.8360971936159038, 3.2842853369215526, 0.9304493053574352], "Sigma": [[0.0012274639203603069, 0.001431916117251792, -0.004998307473134373], [0.001431916117251792, 0.00819974338873448, -0.04155380337095021], [-0.004998307473134373, -0.04155380337095021, 0.2289042665880073]], "chi2_level": 0.95, "chi2_df": 3, "chi2_threshold": 7.814727903251179, "N_raw": 9, "N_roi": 8, "N_inlier": 7, "refit": true}
{"timestamp": "14:21:24.785964", "frame": 78, "mu": [1.9543257381802104, 3.2474042078345176, 1.5276534417710248], "Sigma": [[0.0010657661700980124, 0.0002894878577215716, -0.0015598154153030242], [0.00028948785772157167, 0.005917217142430636, -0.002453811633625517], [-0.0015598154153030242, -0.002453811633625516, 0.00349361062500454]], "chi2_level": 0.95, "chi2_df": 3, "chi2_threshold": 7.814727903251179, "N_raw": 10, "N_roi": 7, "N_inlier": 7, "refit": true}
{"timestamp": "14:21:24.843201", "frame": 79, "mu": [1.9976847599000491, 3.2388879888769617, 1.3174343614856132], "Sigma": [[0.002952362970320372, -0.002215430219678587, -0.015731924032148657], [-0.002215430219678587, 0.005433054839857576, 0.025198658289948526], [-0.015731924032148657, 0.025198658289948526, 0.21664905008250687]], "chi2_level": 0.95, "chi2_df": 3, "chi2_threshold": 7.814727903251179, "N_raw": 12, "N_roi": 11, "N_inlier": 11, "refit": true}
{"timestamp": "14:21:25.448368", "frame": 90, "mu": [2.3127381558583173, 3.2156724666186505, 1.4260314670241447], "Sigma": [[0.011336930407225453, -0.006560098338708252, 0.0014758032391542029], [-0.006560098338708251, 0.005641551042647902, -0.0011179218392098705], [0.0014758032391542027, -0.0011179218392098705, 0.00029794018768963956]], "chi2_level": 0.95, "chi2_df": 3, "chi2_threshold": 7.814727903251179, "N_raw": 30, "N_roi": 20, "N_inlier": 18, "refit": true}
