{"timestamp": "14:36:35.797058", "frame": 6, "mu": [-2.3190679572322823, 4.952144956161688, 0.7970555947725395], "Sigma": [[0.006534765316826804, 0.000351781014318793, -0.004381272590707737], [0.000351781014318793, 0.0011390916336901677, -0.00204188002906731], [-0.0043812725907077365, -0.00204188002906731, 0.007163791125009008]], "chi2_level": 0.95, "chi2_df": 3, "chi2_threshold": 7.814727903251179, "N_raw": 11, "N_roi": 8, "N_inlier": 7, "refit": true}
{"timestamp": "14:36:35.963859", "frame": 9, "mu": [-2.3321261944563845, 4.693772818290411, 0.46123378973854334], "Sigma": [[0.009326950688764792, 0.0013743080135139565, -0.0033814250114720425], [0.0013743080135139565, 0.0006856449982958424, -0.0026307348778764937], [-0.003381425011472043, -0.0026307348778764937, 0.028435588774757634]], "chi2_level": 0.95, "chi2_df": 3, "chi2_threshold": 7.814727903251179, "N_raw": 25, "N_roi": 19, "N_inlier": 18, "refit": true}
{"timestamp": "14:36:36.074293", "frame": 11, "mu": [-2.2826810470379324, 4.563792537149651, 0.722740783894844], "Sigma": [[0.013960604051994568, 0.0010993181963532038, 0.0015440623708919295], [0.0010993181963532036, 0.0026455235124902524, -0.006995584171605793], [0.0015440623708919293, -0.006995584171605793, 0.027307335042025333]], "chi2_level": 0.95, "chi2_df": 3, "chi2_threshold": 7.814727903251179, "N_raw": 24, "N_roi": 23, "N_inlier": 23, "refit": true}
{"timestamp": "14:36:36.184090", "frame": 13, "mu": [-2.253871424957933, 4.466663654562096, 0.8985425772831531], "Sigma": [[0.01028608708786965, 0.0026709071916573364, -0.008859427454575065], [0.0026709071916573364, 0.0019627100689538057, -0.005622814947922376], [-0.008859427454575065, -0.005622814947922376, 0.02139912523917143]], "chi2_level": 0.95, "chi2_df": 3, "chi2_threshold": 7.814727903251179, "N_raw": 14, "N_roi": 13, "N_inlier": 12, "refit": true}
{"timestamp": "14:36:36.240153", "frame": 14, "mu": [-2.262656530348052, 4.39831149176771, 0.8108896556887524], "Sigma": [[0.0184834887133178, 0.00462092353635056, -0.017046435321167487], [0.00462092353635056, 0.00201036620359084, -0.005936492700381406], [-0.01704643532116749, -0.005936492700381406, 0.023346712155373785]], "chi2_level": 0.95, "chi2_df": 3, "chi2_threshold": 7.814727903251179, "N_raw": 24, "N_roi": 22, "N_inlier": 21, "refit": true}
{"timestamp": "14:36:36.405236", "frame": 17, "mu": [-2.09611735993714, 4.4732058193426365, -0.30362219698013126], "Sigma": [[0.012880244033712183, 0.006190920592958238, -0.01642290458887139], [0.006190920592958239, 0.0043166870789555336, -0.011151086742598793], [-0.01642290458887139, -0.011151086742598793, 0.03157248563141797]], "chi2_level": 0.95, "chi2_df": 3, "chi2_threshold": 7.814727903251179, "N_raw": 19, "N_roi": 19, "N_inlier": 17, "refit": true}
{"timestamp": "14:36:36.513546", "frame": 19, "mu": [-2.2174808002451267, 4.061403313599998, 0.5198232299626231], "Sigma": [[0.021828425609178227, -0.0038050806424841654, -0.01031850360135377], [-0.0038050806424841663, 0.0010320870241079436, 0.0016867854866631947], [-0.01031850360135377, 0.0016867854866631947, 0.0067370256045992715]], "chi2_level": 0.95, "chi2_df": 3, "chi2_threshold": 7.814727903251179, "N_raw": 8, "N_roi": 8, "N_inlier": 7, "refit": true}
{"timestamp": "14:36:36.569527", "frame": 20, "mu": [-2.1997245874173506, 3.9340636849571253, 0.711319300658418], "Sigma": [[0.009610188538415124, 0.0036832929854554008, -0.006349448296736242], [0.0036832929854554008, 0.0022122812165497247, -0.004230299780764617], [-0.006349448296736242, -0.004230299780764617, 0.012334275034052935]], "chi2_level": 0.95, "chi2_df": 3, "chi2_threshold": 7.814727903251179, "N_raw": 12, "N_roi": 12, "N_inlier": 11, "refit": true}
{"timestamp": "14:36:36.625104", "frame": 21, "mu": [-2.2748828170725024, 3.8749094024928747, 0.8797273900540663], "Sigma": [[0.018317215603518015, 0.005098546998621532, -0.010876725688642848], [0.005098546998621532, 0.002542379052357881, -0.004453255963884262], [-0.010876725688642846, -0.004453255963884262, 0.010801960835672272]], "chi2_level": 0.95, "chi2_df": 3, "chi2_threshold": 7.814727903251179, "N_raw": 21, "N_roi": 19, "N_inlier": 17, "refit": true}
{"timestamp": "14:36:36.680075", "frame": 22, "mu": [-2.1888625388324425, 3.8209366842893635, 0.6833419429376164], "Sigma": [[0.010130328177813999, 0.0017312127875036363, -0.002651994639624055], [0.0017312127875036363, 0.0009459332699914607, -0.0027480018534575996], [-0.0026519946396240555, -0.0027480018534576005, 0.015541857629202262]], "chi2_level": 0.95, "chi2_df": 3, "chi2_threshold": 7.814727903251179, "N_raw": 16, "N_roi": 16, "N_inlier": 15, "refit": true}
{"timestamp": "14:36:36.738681", "frame": 23, "mu": [-2.1347812233107892, 3.7727596778273007, 0.693805470494626], "Sigma": [[0.02077365169372642, 0.0024963473116027587, -0.01860545227136974], [0.0024963473116027587, 0.001661308718220448, -0.006391674349963613], [-0.01860545227136974, -0.006391674349963613, 0.038086479165563125]], "chi2_level": 0.95, "chi2_df": 3, "chi2_threshold": 7.814727903251179, "N_raw": 43, "N_roi": 43, "N_inlier": 42, "refit": true}
{"timestamp": "14:36:36.790098", "frame": 24, "mu": [-2.0564672114455202, 3.6968782310764063, 0.833250767456554], "Sigma": [[0.00959658941189361, 0.0022511141158775474, -0.006697417138769763], [0.0022511141158775474, 0.0023037610311905034, -0.0025675027040131006], [-0.006697417138769763, -0.0025675027040131006, 0.007653419769012446]], "chi2_level": 0.95, "chi2_df": 3, "chi2_threshold": 7.814727903251179, "N_raw": 17, "N_roi": 17, "N_inlier": 16, "refit": true}
{"timestamp": "14:36:36.850513", "frame": 25, "mu": [-2.2337064189819786, 3.608280229499843, 0.9282795529143171], "Sigma": [[0.02569124543655192, 0.006650324287310436, -0.01497928458981217], [0.006650324287310437, 0.00424434523877659, -0.00846114768784066], [-0.014979284589812169, -0.00846114768784066, 0.022849798700083426]], "chi2_level": 0.95, "chi2_df": 3, "chi2_threshold": 7.814727903251179, "N_raw": 53, "N_roi": 50, "N_inlier": 48, "refit": true}
{"timestamp": "14:36:36.904333", "frame": 26, "mu": [-2.231661388442514, 3.5296917674062733, 0.8858908837142397], "Sigma": [[0.018481488813630653, 0.006272741748068201, -0.013148849223113167], [0.006272741748068201, 0.0031617134301904822, -0.008628349400795016], [-0.013148849223113164, -0.008628349400795016, 0.04538322908137332]], "chi2_level": 0.95, "chi2_df": 3, "chi2_threshold": 7.814727903251179, "N_raw": 45, "N_roi": 45, "N_inlier": 44, "refit": true}
{"timestamp": "14:36:36.961651", "frame": 27, "mu": [-2.2130710467705166, 3.437633443736329, 0.8710386088536543], "Sigma": [[0.018689222667168975, 0.00535718908354403, -0.012094226582615254], [0.00535718908354403, 0.004175699085670702, -0.008525775467069494], [-0.012094226582615254, -0.008525775467069494, 0.070552534579985]], "chi2_level": 0.95, "chi2_df": 3, "chi2_threshold": 7.814727903251179, "N_raw": 61, "N_roi": 59, "N_inlier": 58, "refit": true}
{"timestamp": "14:36:37.011716", "frame": 28, "mu": [-2.125515293365508, 3.33794419664588, 0.8103032699911178], "Sigma": [[0.010210247205751307, 0.003074565786994202, -0.004776438875171463], [0.0030745657869942016, 0.003098874036748667, -0.002691926161403985], [-0.004776438875171464, -0.002691926161403985, 0.006945553097189815]], "chi2_level": 0.95, "chi2_df": 3, "chi2_threshold": 7.814727903251179, "N_raw": 23, "N_roi": 23, "N_inlier": 20, "refit": true}
{"timestamp": "14:36:37.064305", "frame": 29, "mu": [-2.204502249789365, 3.270719845686063, 0.8524472756140531], "Sigma": [[0.01234472354148364, -0.0005537503210239763, -0.0028507982570248145], [-0.0005537503210239765, 0.0012951886213715422, -0.0013006535468575654], [-0.0028507982570248154, -0.0013006535468575652, 0.007094724865116461]], "chi2_level": 0.95, "chi2_df": 3, "chi2_threshold": 7.814727903251179, "N_raw": 12, "N_roi": 9, "N_inlier": 8, "refit": true}
{"timestamp": "14:36:37.121966", "frame": 30, "mu": [-2.1526054383574724, 3.1987762873345233, 1.0240829158349827], "Sigma": [[0.018279947484707196, 0.0063062800348578675, -0.012620500304559462], [0.006306280034857869, 0.004330399499975394, -0.006358396300528854], [-0.012620500304559462, -0.006358396300528854, 0.012657344196687109]], "chi2_level": 0.95, "chi2_df": 3, "chi2_threshold": 7.814727903251179, "N_raw": 36, "N_roi": 36, "N_inlier": 33, "refit": true}
{"timestamp": "14:36:37.177787", "frame": 31, "mu": [-2.088925172442017, 3.132301053451898, 0.9072257956120859], "Sigma": [[0.016193492944220865, 0.005445321217535602, -0.01689110043959988], [0.005445321217535602, 0.003637052996360893, -0.008954501360822334], [-0.01689110043959988, -0.008954501360822334, 0.032209417476064484]], "chi2_level": 0.95, "chi2_df": 3, "chi2_threshold": 7.814727903251179, "N_raw": 39, "N_roi": 39, "N_inlier": 36, "refit": true}
{"timestamp": "14:36:37.230046", "frame": 32, "mu": [-2.1967075984553666, 3.050376848830715, 1.0087967466304546], "Sigma": [[0.006901086583872298, 0.002280055828059694, -0.004145912692754095], [0.002280055828059694, 0.0021211565011068608, -0.005029025459412988], [-0.004145912692754095, -0.005029025459412988, 0.014581996621140665]], "chi2_level": 0.95, "chi2_df": 3, "chi2_threshold": 7.814727903251179, "N_raw": 20, "N_roi": 20, "N_inlier": 17, "refit": true}
{"timestamp": "14:36:37.286783", "frame": 33, "mu": [-2.177102606139144, 2.968042700205136, 0.8647526775011752], "Sigma": [[0.01085307868348539, 0.004651941618873474, -0.0064087867720973475], [0.004651941618873474, 0.004877723223583252, -0.005708393928197481], [-0.0064087867720973475, -0.005708393928197481, 0.008700793953438929]], "chi2_level": 0.95, "chi2_df": 3, "chi2_threshold": 7.814727903251179, "N_raw": 33, "N_roi": 33, "N_inlier": 31, "refit": true}
{"timestamp": "14:36:37.341599", "frame": 34, "mu": [-2.197537708988521, 2.8779090354749237, 0.7419056894040329], "Sigma": [[0.016753544370044702, 0.006134236053639042, -0.004115178007612064], [0.006134236053639042, 0.002835015334958182, -0.0028517480849881483], [-0.004115178007612064, -0.0028517480849881483, 0.007361872991927702]], "chi2_level": 0.95, "chi2_df": 3, "chi2_threshold": 7.814727903251179, "N_raw": 27, "N_roi": 27, "N_inlier": 25, "refit": true}
{"timestamp": "14:36:37.394607", "frame": 35, "mu": [-2.0669372295155295, 2.8520471216793744, 0.6799091437311741], "Sigma": [[0.011078127745840128, 0.0029667141728025, -0.004432097884185257], [0.0029667141728025, 0.0018562504666200382, -0.0020473686735074416], [-0.004432097884185257, -0.0020473686735074416, 0.004193270763632574]], "chi2_level": 0.95, "chi2_df": 3, "chi2_threshold": 7.814727903251179, "N_raw": 21, "N_roi": 21, "N_inlier": 19, "refit": true}
{"timestamp": "14:36:37.453175", "frame": 36, "mu": [-2.173558756696955, 2.682079057149891, 1.0818431104629274], "Sigma": [[0.016158420514579, 0.005598086454525607, -0.010382765888771905], [0.005598086454525608, 0.0052458332924508475, -0.006632367052150829], [-0.010382765888771905, -0.006632367052150829, 0.01254325919292471]], "chi2_level": 0.95, "chi2_df": 3, "chi2_threshold": 7.814727903251179, "N_raw": 41, "N_roi": 41, "N_inlier": 39, "refit": true}
{"timestamp": "14:36:37.509781", "frame": 37, "mu": [-2.103451074352327, 2.6138970405204183, 0.7888325428937004], "Sigma": [[0.01598211916965618, 0.0058210114100590675, -0.006702666895690113], [0.0058210114100590675, 0.005335731971216327, -0.006663287405684816], [-0.006702666895690114, -0.006663287405684816, 0.010631904498388743]], "chi2_level": 0.95, "chi2_df": 3, "chi2_threshold": 7.814727903251179, "N_raw": 48, "N_roi": 48, "N_inlier": 47, "refit": true}
{"timestamp": "14:36:37.562740", "frame": 38, "mu": [-2.092401663073114, 2.538647268803274, 0.9117560784969704], "Sigma": [[0.011566167375148628, 0.004597389654707148, -0.003884782754970032], [0.004597389654707148, 0.004017954300892306, -0.005168260193298708], [-0.0038847827549700325, -0.005168260193298708, 0.012005442411437492]], "chi2_level": 0.95, "chi2_df": 3, "chi2_threshold": 7.814727903251179, "N_raw": 33, "N_roi": 29, "N_inlier": 28, "refit": true}
{"timestamp": "14:36:37.620464", "frame": 39, "mu": [-2.141639059754123, 2.472070318784651, 1.0395115815776237], "Sigma": [[0.009069674276996268, 0.005352451542037045, -0.010744578428584846], [0.005352451542037045, 0.007478708236982824, -0.01314070245261751], [-0.010744578428584846, -0.01314070245261751, 0.026748363952637952]], "chi2_level": 0.95, "chi2_df": 3, "chi2_threshold": 7.814727903251179, "N_raw": 62, "N_roi": 45, "N_inlier": 42, "refit": true}
{"timestamp": "14:36:37.673114", "frame": 40, "mu": [-2.2205470082831895, 2.3544490392041144, 1.0083981606080425], "Sigma": [[0.009327018416114653, 0.005267428664114851, -0.0068252132458170856], [0.00526742866411485, 0.004613764363041477, -0.007868777611691302], [-0.0068252132458170856, -0.007868777611691302, 0.017724252263534763]], "chi2_level": 0.95, "chi2_df": 3, "chi2_threshold": 7.814727903251179, "N_raw": 43, "N_roi": 30, "N_inlier": 27, "refit": true}
{"timestamp": "14:36:37.725709", "frame": 41, "mu": [-2.0948585125342953, 2.310293144845276, 0.9001989947716875], "Sigma": [[0.01085694324883946, 0.004783405211627763, -0.004657569889976911], [0.004783405211627763, 0.002471645638292564, -0.003176147844744242], [-0.004657569889976912, -0.003176147844744242, 0.014672661325908413]], "chi2_level": 0.95, "chi2_df": 3, "chi2_threshold": 7.814727903251179, "N_raw": 24, "N_roi": 24, "N_inlier": 22, "refit": true}
{"timestamp": "14:36:37.783075", "frame": 42, "mu": [-2.08666798282876, 2.202234925537814, 0.6947664752852769], "Sigma": [[0.023754391437086096, 0.007070580389141153, 0.017105307498743436], [0.007070580389141153, 0.003381291059520798, 0.0053333794791581585], [0.017105307498743436, 0.0053333794791581585, 0.03160626153502234]], "chi2_level": 0.95, "chi2_df": 3, "chi2_threshold": 7.814727903251179, "N_raw": 39, "N_roi": 34, "N_inlier": 34, "refit": true}
{"timestamp": "14:36:37.833791", "frame": 43, "mu": [-2.0236606051983803, 2.155631761631087, 0.8195713979992639], "Sigma": [[0.021971527008459855, 0.0021359013198934493, 0.012702516915718583], [0.0021359013198934493, 0.0009692532781623975, 0.0013193929616370829], [0.012702516915718583, 0.0013193929616370829, 0.010515658241372466]], "chi2_level": 0.95, "chi2_df": 3, "chi2_threshold": 7.814727903251179, "N_raw": 14, "N_roi": 11, "N_inlier": 10, "refit": true}
{"timestamp": "14:36:37.893958", "frame": 44, "mu": [-2.3363111232441076, 1.881898199103357, 1.1867137431324202], "Sigma": [[0.01466495549055373, 0.01054208942526115, -0.013330409896194925], [0.010542089425261152, 0.010331796179027089, -0.014337164650875662], [-0.013330409896194925, -0.01433716465087566, 0.023010326235655888]], "chi2_level": 0.95, "chi2_df": 3, "chi2_threshold": 7.814727903251179, "N_raw": 48, "N_roi": 34, "N_inlier": 32, "refit": true}
{"timestamp": "14:36:37.951211", "frame": 45, "mu": [-2.225098358831667, 1.8448143179295313, 1.1090974128806477], "Sigma": [[0.02517921417701203, 0.01540933853115823, -0.012768312924818722], [0.01540933853115823, 0.012420666969138164, -0.014072823796179], [-0.012768312924818724, -0.014072823796179, 0.024775842553951724]], "chi2_level": 0.95, "chi2_df": 3, "chi2_threshold": 7.814727903251179, "N_raw": 62, "N_roi": 61, "N_inlier": 59, "refit": true}
{"timestamp": "14:36:38.005477", "frame": 46, "mu": [-2.267430465892292, 1.8227077656256452, -0.3688517249372486], "Sigma": [[0.019602688487291756, 0.025306605888592473, -0.002849687669915069], [0.025306605888592473, 0.04582758340565586, -0.004958659392754122], [-0.002849687669915069, -0.004958659392754123, 0.030840403364271837]], "chi2_level": 0.95, "chi2_df": 3, "chi2_threshold": 7.814727903251179, "N_raw": 58, "N_roi": 54, "N_inlier": 51, "refit": true}
{"timestamp": "14:36:38.066487", "frame": 47, "mu": [-2.140306986587966, 1.7548431173083092, 0.9479910262998719], "Sigma": [[0.01859855196741482, 0.014944485795833833, -0.021127445851632065], [0.014944485795833833, 0.015752285938502846, -0.027050084497368603], [-0.021127445851632065, -0.027050084497368603, 0.06977538724812718]], "chi2_level": 0.95, "chi2_df": 3, "chi2_threshold": 7.814727903251179, "N_raw": 99, "N_roi": 99, "N_inlier": 97, "refit": true}
{"timestamp": "14:36:38.115769", "frame": 48, "mu": [-2.1511792789053414, 1.6837472825396667, 1.1595486453693298], "Sigma": [[0.018840770627113687, 0.014429190284824903, -0.014376763476757905], [0.014429190284824903, 0.012914144734408167, -0.014678958304720442], [-0.014376763476757905, -0.014678958304720444, 0.028724142046903475]], "chi2_level": 0.95, "chi2_df": 3, "chi2_threshold": 7.814727903251179, "N_raw": 54, "N_roi": 54, "N_inlier": 52, "refit": true}
{"timestamp": "14:36:38.168880", "frame": 49, "mu": [-2.2253187584789877, 1.4952601656575495, 1.158539763607522], "Sigma": [[0.01199216593810938, 0.009667928696718049, -0.008735290266923218], [0.00966792869671805, 0.014048465852881541, -0.013068974477862583], [-0.008735290266923218, -0.013068974477862582, 0.015187787977699561]], "chi2_level": 0.95, "chi2_df": 3, "chi2_threshold": 7.814727903251179, "N_raw": 48, "N_roi": 48, "N_inlier": 45, "refit": true}
{"timestamp": "14:36:38.224793", "frame": 50, "mu": [-2.199994619956754, 1.4235379621091104, 1.103286444296354], "Sigma": [[0.011675408258655063, 0.008913740517510722, -0.008569196053626946], [0.008913740517510722, 0.011705508576787095, -0.00806074622988781], [-0.008569196053626944, -0.008060746229887812, 0.04627987160918656]], "chi2_level": 0.95, "chi2_df": 3, "chi2_threshold": 7.814727903251179, "N_raw": 47, "N_roi": 47, "N_inlier": 45, "refit": true}
{"timestamp": "14:36:38.283227", "frame": 51, "mu": [-2.1843334365073512, 1.409202011164127, 0.9546772510975796], "Sigma": [[0.015633162428256703, 0.011307897165053062, -0.0045565079047256395], [0.011307897165053062, 0.011892549295047202, -0.006383424081836995], [-0.0045565079047256395, -0.006383424081836994, 0.029837886670293974]], "chi2_level": 0.95, "chi2_df": 3, "chi2_threshold": 7.814727903251179, "N_raw": 73, "N_roi": 73, "N_inlier": 71, "refit": true}
{"timestamp": "14:36:38.339229", "frame": 52, "mu": [-2.117878456938186, 1.3765144259715418, 0.9228758688421831], "Sigma": [[0.016525230124822238, 0.014200316717384502, -0.012335853069587933], [0.014200316717384502, 0.014231721254359881, -0.010143234246706106], [-0.012335853069587937, -0.010143234246706106, 0.07386074520599395]], "chi2_level": 0.95, "chi2_df": 3, "chi2_threshold": 7.814727903251179, "N_raw": 86, "N_roi": 86, "N_inlier": 85, "refit": true}
{"timestamp": "14:36:38.389958", "frame": 53, "mu": [-2.1219353359448796, 1.2113759772140555, 1.0423235634588612], "Sigma": [[0.007859415889257709, 0.00776166615956801, -0.00167320249750143], [0.00776166615956801, 0.012122220876973564, -0.0071097549105284905], [-0.00167320249750143, -0.0071097549105284905, 0.014562400235722773]], "chi2_level": 0.95, "chi2_df": 3, "chi2_threshold": 7.814727903251179, "N_raw": 52, "N_roi": 52, "N_inlier": 48, "refit": true}
{"timestamp": "14:36:38.446523", "frame": 54, "mu": [-2.115327006322759, 1.1814630904405088, 1.097230192937247], "Sigma": [[0.01358662130935831, 0.008974467616682833, -0.00636027029002471], [0.008974467616682833, 0.012813611641429063, -0.01075817033999885], [-0.00636027029002471, -0.01075817033999885, 0.011105979047288746]], "chi2_level": 0.95, "chi2_df": 3, "chi2_threshold": 7.814727903251179, "N_raw": 64, "N_roi": 64, "N_inlier": 62, "refit": true}
{"timestamp": "14:36:38.503770", "frame": 55, "mu": [-2.0702492623230686, 1.1477384739613934, 0.9750992333890791], "Sigma": [[0.012181016650382421, 0.010120426103520007, -0.005570552092083421], [0.010120426103520007, 0.01059627624642045, -0.009149624435380647], [-0.005570552092083421, -0.009149624435380647, 0.036507699512086156]], "chi2_level": 0.95, "chi2_df": 3, "chi2_threshold": 7.814727903251179, "N_raw": 73, "N_roi": 73, "N_inlier": 70, "refit": true}
{"timestamp": "14:36:38.561252", "frame": 56, "mu": [-2.0576223100904953, 1.0593521041830378, 0.9749448664225813], "Sigma": [[0.014466237697785404, 0.015117951402513917, -0.006196742239913633], [0.015117951402513917, 0.02070097469295733, -0.015954577526651612], [-0.006196742239913632, -0.015954577526651612, 0.026654581177245527]], "chi2_level": 0.95, "chi2_df": 3, "chi2_threshold": 7.814727903251179, "N_raw": 88, "N_roi": 88, "N_inlier": 85, "refit": true}
{"timestamp": "14:36:38.616392", "frame": 57, "mu": [-2.0473511635929804, 0.9906611275736457, 1.0211741528629044], "Sigma": [[0.015187637428032438, 0.013638988043793506, 0.0010310277419500863], [0.013638988043793506, 0.017223409227912212, -0.006303593867117185], [0.0010310277419500863, -0.006303593867117185, 0.015290505930103213]], "chi2_level": 0.95, "chi2_df": 3, "chi2_threshold": 7.814727903251179, "N_raw": 76, "N_roi": 76, "N_inlier": 74, "refit": true}
{"timestamp": "14:36:38.666457", "frame": 58, "mu": [-2.048438697936164, 0.9431292169208865, 1.042073810966642], "Sigma": [[0.013522524995735018, 0.013847855205368593, 0.000571036684187894], [0.013847855205368593, 0.020949954746991364, -0.005887261264464899], [0.000571036684187894, -0.005887261264464898, 0.010203371787315946]], "chi2_level": 0.95, "chi2_df": 3, "chi2_threshold": 7.814727903251179, "N_raw": 62, "N_roi": 62, "N_inlier": 62, "refit": true}
{"timestamp": "14:36:38.722045", "frame": 59, "mu": [-2.0164606368091538, 0.9205977495193388, 1.047763438624957], "Sigma": [[0.009622235485444556, 0.009298005828634333, 0.0002471880122601871], [0.009298005828634333, 0.01639245558315023, -0.007468171555788087], [0.0002471880122601869, -0.007468171555788087, 0.02455955993408718]], "chi2_level": 0.95, "chi2_df": 3, "chi2_threshold": 7.814727903251179, "N_raw": 72, "N_roi": 72, "N_inlier": 70, "refit": true}
{"timestamp": "14:36:38.780024", "frame": 60, "mu": [-1.9901652205993954, 1.0932971074186717, -0.793343525770778], "Sigma": [[0.010246504937024373, 0.008009366099062575, 0.002903392749980955], [0.008009366099062575, 0.016858852902927948, -0.012914890258029454], [0.002903392749980955, -0.012914890258029457, 0.033079419572461896]], "chi2_level": 0.95, "chi2_df": 3, "chi2_threshold": 7.814727903251179, "N_raw": 85, "N_roi": 85, "N_inlier": 83, "refit": true}
{"timestamp": "14:36:38.831228", "frame": 61, "mu": [-1.9514841281998196, 0.8100675750956972, 1.0758015353014798], "Sigma": [[0.010757349096601705, 0.011558973916574025, -0.002932508254739753], [0.011558973916574023, 0.018534000952327025, -0.009268312904759515], [-0.002932508254739753, -0.009268312904759515, 0.009100420391709095]], "chi2_level": 0.95, "chi2_df": 3, "chi2_threshold": 7.814727903251179, "N_raw": 58, "N_roi": 58, "N_inlier": 54, "refit": true}
{"timestamp": "14:36:38.887370", "frame": 62, "mu": [-1.9000111588021287, 0.8339494584778466, -0.8334650364585796], "Sigma": [[0.010345100061378605, 0.01344499099935104, 0.004773533063029403], [0.01344499099935104, 0.04966349014189561, 0.0047155830851042385], [0.0047735330630294046, 0.0047155830851042385, 0.01099835680657678]], "chi2_level": 0.95, "chi2_df": 3, "chi2_threshold": 7.814727903251179, "N_raw": 72, "N_roi": 72, "N_inlier": 71, "refit": true}
{"timestamp": "14:36:38.943019", "frame": 63, "mu": [-1.8931236120299548, 0.7366324083456492, 0.9976816438533569], "Sigma": [[0.008518366606249649, 0.007391766445392163, 0.0003732682795286348], [0.007391766445392164, 0.014885809626259463, -0.00922819701929328], [0.0003732682795286353, -0.00922819701929328, 0.025856709764274934]], "chi2_level": 0.95, "chi2_df": 3, "chi2_threshold": 7.814727903251179, "N_raw": 77, "N_roi": 77, "N_inlier": 73, "refit": true}
{"timestamp": "14:36:38.998360", "frame": 64, "mu": [-1.86980551285859, 0.6499363427588914, 1.0273849644845974], "Sigma": [[0.009994119294964634, 0.0080039950856476, 0.0008822975709197315], [0.0080039950856476, 0.013752262381174147, -0.008100456376235353], [0.0008822975709197316, -0.008100456376235354, 0.02090694636236308]], "chi2_level": 0.95, "chi2_df": 3, "chi2_threshold": 7.814727903251179, "N_raw": 77, "N_roi": 77, "N_inlier": 71, "refit": true}
{"timestamp": "14:36:39.053277", "frame": 65, "mu": [-1.7711477395417061, 0.8351901905240416, -0.6573580566839016], "Sigma": [[0.011753706678865381, 0.007844797213682067, 0.004149373660705514], [0.007844797213682066, 0.01699600907742094, -0.00426771839161119], [0.004149373660705514, -0.00426771839161119, 0.007003688795511927]], "chi2_level": 0.95, "chi2_df": 3, "chi2_threshold": 7.814727903251179, "N_raw": 72, "N_roi": 72, "N_inlier": 65, "refit": true}
{"timestamp": "14:36:39.108798", "frame": 66, "mu": [-1.7521534737600999, 0.7489426374015257, -0.6983081526309907], "Sigma": [[0.01080980326659928, 0.009603161499474898, 0.008185514976751396], [0.009603161499474898, 0.04159619853957616, 0.008254562471441516], [0.008185514976751396, 0.008254562471441516, 0.009705456668002063]], "chi2_level": 0.95, "chi2_df": 3, "chi2_threshold": 7.814727903251179, "N_raw": 75, "N_roi": 75, "N_inlier": 63, "refit": true}
{"timestamp": "14:36:39.161627", "frame": 67, "mu": [-1.7378797733667273, 0.612072561323492, 1.1352004517136836], "Sigma": [[0.00914433877322134, 0.0070679732476395096, -0.0001753548930322431], [0.0070679732476395096, 0.017614236846650047, -0.005843903790152261], [-0.0001753548930322431, -0.005843903790152261, 0.003044201086798891]], "chi2_level": 0.95, "chi2_df": 3, "chi2_threshold": 7.814727903251179, "N_raw": 59, "N_roi": 59, "N_inlier": 52, "refit": true}
{"timestamp": "14:36:39.222748", "frame": 68, "mu": [-1.683193078543151, 0.6152125800825979, 1.1059641134032867], "Sigma": [[0.01175581813476324, 0.0072879727090636205, 0.013780498045411718], [0.00728797270906362, 0.013925261150652712, 0.0005114248316903419], [0.013780498045411718, 0.000511424831690342, 0.05448745805628821]], "chi2_level": 0.95, "chi2_df": 3, "chi2_threshold": 7.814727903251179, "N_raw": 101, "N_roi": 101, "N_inlier": 98, "refit": true}
{"timestamp": "14:36:39.278764", "frame": 69, "mu": [-1.6662525556168393, 0.5497519679616018, 1.0197340734287084], "Sigma": [[0.011721989793904772, 0.006016241266086504, 0.018523504866202006], [0.006016241266086504, 0.012614230406674426, -0.0015346034302578186], [0.018523504866202006, -0.001534603430257818, 0.06767004168802818]], "chi2_level": 0.95, "chi2_df": 3, "chi2_threshold": 7.814727903251179, "N_raw": 104, "N_roi": 104, "N_inlier": 92, "refit": true}
{"timestamp": "14:36:39.330002", "frame": 70, "mu": [-1.6123273553293056, 0.514064447770613, 1.1286455213374975], "Sigma": [[0.012638004444049654, 0.003987568206653223, 0.006825405565910882], [0.003987568206653223, 0.010876003184010595, -0.0017821866503799834], [0.006825405565910882, -0.0017821866503799836, 0.02428187675255774]], "chi2_level": 0.95, "chi2_df": 3, "chi2_threshold": 7.814727903251179, "N_raw": 83, "N_roi": 83, "N_inlier": 73, "refit": true}
{"timestamp": "14:36:39.380773", "frame": 71, "mu": [-1.536446020708973, 0.6408160495903752, 1.27795022080408], "Sigma": [[0.008412920882525467, 0.005933078520520012, 0.0027279715130945374], [0.005933078520520012, 0.0061205965801301295, -0.0008064825010720726], [0.0027279715130945374, -0.0008064825010720725, 0.014479180495426491]], "chi2_level": 0.95, "chi2_df": 3, "chi2_threshold": 7.814727903251179, "N_raw": 56, "N_roi": 56, "N_inlier": 54, "refit": true}
{"timestamp": "14:36:39.436252", "frame": 72, "mu": [-1.5036271174665952, 0.5246929775291576, 1.211895081434888], "Sigma": [[0.007844204690790732, 0.00222651674079128, -0.002821583443263092], [0.0022265167407912803, 0.0037447041552701485, -0.0040846903716892135], [-0.002821583443263092, -0.0040846903716892135, 0.013417338686372538]], "chi2_level": 0.95, "chi2_df": 3, "chi2_threshold": 7.814727903251179, "N_raw": 63, "N_roi": 63, "N_inlier": 58, "refit": true}
{"timestamp": "14:36:39.494247", "frame": 73, "mu": [-1.4986046471339582, 0.6194788280894524, 1.2757433688516582], "Sigma": [[0.01199205607214097, 0.004220112942589466, -0.0021278509577692213], [0.004220112942589466, 0.007884604301883967, -0.005673418679762413], [-0.002127850957769221, -0.005673418679762413, 0.008471877085206683]], "chi2_level": 0.95, "chi2_df": 3, "chi2_threshold": 7.814727903251179, "N_raw": 77, "N_roi": 77, "N_inlier": 74, "refit": true}
{"timestamp": "14:36:39.547790", "frame": 74, "mu": [-1.4917469104397816, 0.6694243139995227, 1.2674421836266232], "Sigma": [[0.010034671149952924, 0.0010740829689778134, -0.0035327695185288013], [0.0010740829689778134, 0.00823828166213785, -0.00594414325105643], [-0.0035327695185288013, -0.00594414325105643, 0.006644584427512404]], "chi2_level": 0.95, "chi2_df": 3, "chi2_threshold": 7.814727903251179, "N_raw": 70, "N_roi": 70, "N_inlier": 66, "refit": true}
{"timestamp": "14:36:39.602021", "frame": 75, "mu": [-1.4457122321982925, 0.6916817486362523, 1.3399392962690417], "Sigma": [[0.009315232541460976, 0.002002797974841003, -0.0019553628892861026], [0.002002797974841003, 0.007014265255545392, -0.0032983840198208764], [-0.0019553628892861026, -0.003298384019820876, 0.007003069572618846]], "chi2_level": 0.95, "chi2_df": 3, "chi2_threshold": 7.814727903251179, "N_raw": 63, "N_roi": 63, "N_inlier": 61, "refit": true}
{"timestamp": "14:36:39.657660", "frame": 76, "mu": [-1.467766582824747, 0.6398454899679521, 1.2211375887987916], "Sigma": [[0.008270162518916775, 0.006755386347162225, 0.004555395872610396], [0.006755386347162225, 0.007882917838823335, 0.0012935041284164823], [0.004555395872610396, 0.0012935041284164823, 0.02022362385360001]], "chi2_level": 0.95, "chi2_df": 3, "chi2_threshold": 7.814727903251179, "N_raw": 71, "N_roi": 71, "N_inlier": 70, "refit": true}
{"timestamp": "14:36:39.709938", "frame": 77, "mu": [-1.4335399524147985, 0.7166288949848333, 1.2700862761546745], "Sigma": [[0.007402489996935777, 0.0022270451182270085, -0.0008856334637742682], [0.0022270451182270076, 0.0069691535793719355, -0.0022754834517270373], [-0.0008856334637742686, -0.0022754834517270373, 0.008241025122627905]], "chi2_level": 0.95, "chi2_df": 3, "chi2_threshold": 7.814727903251179, "N_raw": 50, "N_roi": 50, "N_inlier": 47, "refit": true}
{"timestamp": "14:36:39.765261", "frame": 78, "mu": [-1.3945199242209982, 0.8920002832747138, 1.5065078125209521], "Sigma": [[0.007050696486609866, 0.003334461419496472, 0.000898361645952875], [0.0033344614194964722, 0.008990765229746457, 0.005643417432233552], [0.0008983616459528757, 0.005643417432233552, 0.021121988921074083]], "chi2_level": 0.95, "chi2_df": 3, "chi2_threshold": 7.814727903251179, "N_raw": 55, "N_roi": 55, "N_inlier": 48, "refit": true}
{"timestamp": "14:36:39.823178", "frame": 79, "mu": [-1.3307771664580494, 0.8524053860508747, 1.3617004876376764], "Sigma": [[0.011589193931472418, 0.0018029646466218743, -0.008453177000400245], [0.0018029646466218743, 0.009086250241870377, -0.00462989685334227], [-0.008453177000400245, -0.00462989685334227, 0.009052812238538275]], "chi2_level": 0.95, "chi2_df": 3, "chi2_threshold": 7.814727903251179, "N_raw": 79, "N_roi": 79, "N_inlier": 76, "refit": true}
{"timestamp": "14:36:39.879963", "frame": 80, "mu": [-1.3093009143349292, 0.9226434550934827, 1.3839030932704053], "Sigma": [[0.013535345583577885, 0.0012036618558092364, -0.010967402571302357], [0.001203661855809236, 0.007633340568658053, -0.003592888495638268], [-0.010967402571302357, -0.003592888495638268, 0.01240616516903441]], "chi2_level": 0.95, "chi2_df": 3, "chi2_threshold": 7.814727903251179, "N_raw": 82, "N_roi": 82, "N_inlier": 77, "refit": true}
{"timestamp": "14:36:39.934908", "frame": 81, "mu": [-1.2529472290018713, 1.1236790547635913, -0.2694997750675947], "Sigma": [[0.01805519891125647, 0.009315874893166855, -0.01724755139975348], [0.009315874893166855, 0.013859720565412957, -0.004608341313513086], [-0.01724755139975348, -0.004608341313513086, 0.0247968077357146]], "chi2_level": 0.95, "chi2_df": 3, "chi2_threshold": 7.814727903251179, "N_raw": 86, "N_roi": 86, "N_inlier": 81, "refit": true}
{"timestamp": "14:36:39.990880", "frame": 82, "mu": [-1.3346849337094895, 1.03176602395825, 1.605916048727603], "Sigma": [[0.023399769363936174, 0.007318725280268903, -0.014830168068097236], [0.0073187252802689035, 0.00741955842354356, -0.007764228856749949], [-0.014830168068097236, -0.0077642288567499485, 0.01379064628941354]], "chi2_level": 0.95, "chi2_df": 3, "chi2_threshold": 7.814727903251179, "N_raw": 92, "N_roi": 92, "N_inlier": 87, "refit": true}
{"timestamp": "14:36:40.040564", "frame": 83, "mu": [-1.3948279279574542, 1.020292820820565, 1.6101142398672108], "Sigma": [[0.011906573161861065, 0.008024037369751706, 0.0002780968745264834], [0.008024037369751706, 0.007913818849138436, -0.002208659317921095], [0.0002780968745264836, -0.002208659317921095, 0.01624086596368289]], "chi2_level": 0.95, "chi2_df": 3, "chi2_threshold": 7.814727903251179, "N_raw": 57, "N_roi": 57, "N_inlier": 53, "refit": true}
{"timestamp": "14:36:40.099851", "frame": 84, "mu": [-1.3701028523243817, 1.0654284260694686, 1.4187919165645013], "Sigma": [[0.024271220116970076, 0.013496461117771152, -0.06818683926924947], [0.013496461117771152, 0.012582945037791301, -0.036982908238035725], [-0.06818683926924947, -0.036982908238035725, 0.33019888199001907]], "chi2_level": 0.95, "chi2_df": 3, "chi2_threshold": 7.814727903251179, "N_raw": 88, "N_roi": 88, "N_inlier": 87, "refit": true}
{"timestamp": "14:36:40.162082", "frame": 85, "mu": [-1.2921746967291081, 1.186685740626654, 1.2098303376924777], "Sigma": [[0.02773221675557099, 0.014271250331045216, -0.07732697301795528], [0.014271250331045218, 0.01225409832907819, -0.03957873996723467], [-0.07732697301795528, -0.03957873996723467, 0.46365638415269855]], "chi2_level": 0.95, "chi2_df": 3, "chi2_threshold": 7.814727903251179, "N_raw": 132, "N_roi": 132, "N_inlier": 131, "refit": true}
{"timestamp": "14:36:40.212512", "frame": 86, "mu": [-1.2279369978492853, 1.2644014499998983, 1.2959329494232559], "Sigma": [[0.04322260262395855, 0.022646684033335675, -0.07044878830252628], [0.022646684033335675, 0.016061322442516436, -0.041314916522672274], [-0.07044878830252628, -0.041314916522672274, 0.3339567631372649]], "chi2_level": 0.95, "chi2_df": 3, "chi2_threshold": 7.814727903251179, "N_raw": 100, "N_roi": 100, "N_inlier": 99, "refit": true}
{"timestamp": "14:36:40.258983", "frame": 87, "mu": [-1.1656676212280879, 1.4824006946277035, -0.22587520052251847], "Sigma": [[0.010932886646565056, 0.006550962940902504, -0.002176885371669107], [0.006550962940902506, 0.009887551247369758, -0.0023813218934695827], [-0.002176885371669107, -0.0023813218934695827, 0.00450447888989781]], "chi2_level": 0.95, "chi2_df": 3, "chi2_threshold": 7.814727903251179, "N_raw": 41, "N_roi": 41, "N_inlier": 34, "refit": true}
{"timestamp": "14:36:40.321565", "frame": 88, "mu": [-1.2930003785141415, 1.388751694454476, 1.6065220271083507], "Sigma": [[0.053666373833528874, 0.03079156180295855, -0.03548684228993254], [0.03079156180295855, 0.023652778638975913, -0.023129094723761963], [-0.035486842289932534, -0.023129094723761963, 0.027702622773183347]], "chi2_level": 0.95, "chi2_df": 3, "chi2_threshold": 7.814727903251179, "N_raw": 97, "N_roi": 97, "N_inlier": 94, "refit": true}
{"timestamp": "14:36:40.372114", "frame": 89, "mu": [-1.3773793252457156, 1.4171000949738701, 1.701235382190901], "Sigma": [[0.06120845021365342, 0.04725847816074806, -0.046107917537922226], [0.04725847816074805, 0.041128542209582335, -0.03874019859273835], [-0.04610791753792222, -0.03874019859273836, 0.03791820200459692]], "chi2_level": 0.95, "chi2_df": 3, "chi2_threshold": 7.814727903251179, "N_raw": 65, "N_roi": 65, "N_inlier": 61, "refit": true}
{"timestamp": "14:36:40.430150", "frame": 90, "mu": [-1.2013418583715287, 1.5025454483275222, 1.2500217466406947], "Sigma": [[0.040407679679088614, 0.005921856082069146, -0.08408175271717838], [0.005921856082069146, 0.01626558182698764, 0.013278830558634004], [-0.08408175271717838, 0.013278830558634002, 0.27018604110503047]], "chi2_level": 0.95, "chi2_df": 3, "chi2_threshold": 7.814727903251179, "N_raw": 91, "N_roi": 91, "N_inlier": 83, "refit": true}
{"timestamp": "14:36:40.476788", "frame": 91, "mu": [-1.4149342764955068, 1.414121984164301, 1.3017636041594474], "Sigma": [[0.11585939263031206, 0.03118676980208618, -0.18419680721417056], [0.031186769802086175, 0.027074798933099845, -0.01795121661365124], [-0.18419680721417053, -0.017951216613651243, 0.38741951908367245]], "chi2_level": 0.95, "chi2_df": 3, "chi2_threshold": 7.814727903251179, "N_raw": 22, "N_roi": 22, "N_inlier": 21, "refit": true}
{"timestamp": "14:36:40.529013", "frame": 92, "mu": [-1.117305179058268, 1.654936959936951, 0.8732386679454094], "Sigma": [[0.007730517303543497, -0.009729767708290924, -0.03842374887910098], [-0.009729767708290924, 0.013386587514960682, 0.04758872252990467], [-0.03842374887910098, 0.047588722529904676, 0.2440848859799189]], "chi2_level": 0.95, "chi2_df": 3, "chi2_threshold": 7.814727903251179, "N_raw": 11, "N_roi": 11, "N_inlier": 11, "refit": true}
{"timestamp": "14:36:40.593359", "frame": 93, "mu": [-1.2942389152554692, 1.8258496666297295, 1.471235411676807], "Sigma": [[0.009746475404372889, -0.0016038669948595533, -0.022904436212342123], [-0.0016038669948595533, 0.008568647654037741, 0.015609481809832087], [-0.022904436212342123, 0.015609481809832087, 0.1442399191785477]], "chi2_level": 0.95, "chi2_df": 3, "chi2_threshold": 7.814727903251179, "N_raw": 73, "N_roi": 67, "N_inlier": 60, "refit": true}
{"timestamp": "14:36:40.655563", "frame": 94, "mu": [-1.1904346113214805, 1.864883012953041, 1.035183634499625], "Sigma": [[0.008809969951354408, -0.001917735529920472, -0.01817201928910745], [-0.0019177355299204717, 0.007309481134960087, 0.022399163756812113], [-0.01817201928910745, 0.022399163756812116, 0.259710969524719]], "chi2_level": 0.95, "chi2_df": 3, "chi2_threshold": 7.814727903251179, "N_raw": 116, "N_roi": 114, "N_inlier": 112, "refit": true}
{"timestamp": "14:36:40.707605", "frame": 95, "mu": [-1.2625730525049765, 1.9706069227386975, 1.2311576630151948], "Sigma": [[0.009034932048771682, 0.0010629383846529352, -0.02188319594322021], [0.0010629383846529352, 0.004236950407341713, -0.005521079438612733], [-0.021883195943220215, -0.005521079438612733, 0.25759882154862224]], "chi2_level": 0.95, "chi2_df": 3, "chi2_threshold": 7.814727903251179, "N_raw": 100, "N_roi": 100, "N_inlier": 97, "refit": true}
{"timestamp": "14:36:40.763434", "frame": 96, "mu": [-1.2870636878209871, 2.148457122523597, -0.11209071226333839], "Sigma": [[0.010129705025066361, 0.00011110751596196841, 0.0032471526925553044], [0.00011110751596196782, 0.022787933895732446, -0.055531502905274255], [0.0032471526925553044, -0.05553150290527425, 0.18532009681384362]], "chi2_level": 0.95, "chi2_df": 3, "chi2_threshold": 7.814727903251179, "N_raw": 91, "N_roi": 91, "N_inlier": 88, "refit": true}
{"timestamp": "14:36:40.878978", "frame": 97, "mu": [-1.3236081115578426, 2.477279730163484, -0.8753155129666116], "Sigma": [[0.00908471885753964, -0.00030114692494781134, -0.002665696403023284], [-0.000301146924947811, 0.017065073146509874, -0.00044991914687444274], [-0.002665696403023284, -0.0004499191468744432, 0.04334610143271954]], "chi2_level": 0.95, "chi2_df": 3, "chi2_threshold": 7.814727903251179, "N_raw": 49, "N_roi": 49, "N_inlier": 46, "refit": true}
{"timestamp": "14:36:40.899628", "frame": 98, "mu": [-1.3093724707483172, 2.1507386277393814, 0.9734269875478343], "Sigma": [[0.005032859054320537, -0.003920747008491387, 0.020047646597675793], [-0.003920747008491387, 0.008310268160599021, -0.029321719218916187], [0.020047646597675793, -0.029321719218916187, 0.11791677045739696]], "chi2_level": 0.95, "chi2_df": 3, "chi2_threshold": 7.814727903251179, "N_raw": 12, "N_roi": 12, "N_inlier": 10, "refit": true}
