{"timestamp": "14:27:27.055084", "frame": 24, "mu": [-2.2163541519176206, 0.8556374955600431, 0.9919621024949019], "Sigma": [[0.008423145965534385, 0.009968346434157753, -0.004586330693454323], [0.009968346434157751, 0.013201352586354308, -0.006099140352775636], [-0.004586330693454323, -0.006099140352775635, 0.0030609861318910974]], "chi2_level": 0.95, "chi2_df": 3, "chi2_threshold": 7.814727903251179, "N_raw": 8, "N_roi": 8, "N_inlier": 8, "refit": true}
{"timestamp": "14:27:27.110915", "frame": 25, "mu": [-2.249244650633522, 0.782989062233194, 1.0166612857217552], "Sigma": [[0.0037059014217737723, 0.0029032078859668594, -0.0017718297274663308], [0.0029032078859668594, 0.006808168227373488, -0.002639876848372182], [-0.001771829727466331, -0.0026398768483721817, 0.002067734065096382]], "chi2_level": 0.95, "chi2_df": 3, "chi2_threshold": 7.814727903251179, "N_raw": 14, "N_roi": 14, "N_inlier": 14, "refit": true}
{"timestamp": "14:27:27.167233", "frame": 26, "mu": [-2.296722000578092, 0.929467103532372, -1.043444594918659], "Sigma": [[0.006902033465389844, 0.008947747367378432, -0.0037980278402068787], [0.008947747367378432, 0.019116784400573843, -0.0035689530774169], [-0.0037980278402068787, -0.0035689530774169, 0.0028281964934014285]], "chi2_level": 0.95, "chi2_df": 3, "chi2_threshold": 7.814727903251179, "N_raw": 20, "N_roi": 20, "N_inlier": 18, "refit": true}
{"timestamp": "14:27:27.224785", "frame": 27, "mu": [-2.2073808105554407, 0.9088838285472834, 1.0330651225253948], "Sigma": [[0.007673137658116694, 0.00596347344965572, 0.002639291765187188], [0.00596347344965572, 0.009274185272338071, 0.0010618508655070532], [0.002639291765187188, 0.0010618508655070532, 0.03226594888231407]], "chi2_level": 0.95, "chi2_df": 3, "chi2_threshold": 7.814727903251179, "N_raw": 31, "N_roi": 31, "N_inlier": 31, "refit": true}
{"timestamp": "14:27:27.282059", "frame": 28, "mu": [-2.2433428366371557, 0.8441749317012971, 1.0477399399002902], "Sigma": [[0.010130018582290408, 0.012269714036672333, -7.71693041070145e-06], [0.012269714036672336, 0.0197791396062826, -0.006448670501557948], [-7.716930410701559e-06, -0.006448670501557948, 0.020061650518759428]], "chi2_level": 0.95, "chi2_df": 3, "chi2_threshold": 7.814727903251179, "N_raw": 57, "N_roi": 57, "N_inlier": 55, "refit": true}
{"timestamp": "14:27:27.341833", "frame": 29, "mu": [-2.1865139138157823, 0.9072480835376846, 1.0464456830214324], "Sigma": [[0.01498602269559228, 0.004902056840181907, 0.0073167784503285335], [0.004902056840181907, 0.02656080103113181, -0.024632822019125797], [0.0073167784503285335, -0.024632822019125797, 0.04274195104571721]], "chi2_level": 0.95, "chi2_df": 3, "chi2_threshold": 7.814727903251179, "N_raw": 66, "N_roi": 66, "N_inlier": 63, "refit": true}
{"timestamp": "14:27:27.392868", "frame": 30, "mu": [-2.1079818770190113, 0.9832221138890836, 1.1759647093236671], "Sigma": [[0.006383397270042521, 0.002557303337795863, -0.005425769405835074], [0.002557303337795863, 0.018668201751979516, -0.0009530297971934265], [-0.005425769405835074, -0.0009530297971934261, 0.005613973188247194]], "chi2_level": 0.95, "chi2_df": 3, "chi2_threshold": 7.814727903251179, "N_raw": 38, "N_roi": 38, "N_inlier": 34, "refit": true}
{"timestamp": "14:27:27.447615", "frame": 31, "mu": [-2.166865772926868, 1.2283449340843082, -0.5195799194418255], "Sigma": [[0.008341828633940309, 0.01060910341553451, 8.278237535784354e-05], [0.010609103415534511, 0.019398496330347754, -0.008461939742528252], [8.278237535784333e-05, -0.008461939742528252, 0.014161058395021568]], "chi2_level": 0.95, "chi2_df": 3, "chi2_threshold": 7.814727903251179, "N_raw": 44, "N_roi": 44, "N_inlier": 43, "refit": true}
{"timestamp": "14:27:27.504791", "frame": 32, "mu": [-2.069298703693757, 1.0517960763225633, 1.2166577718025513], "Sigma": [[0.011636935692250808, 0.006190276205072764, -0.005906255100214943], [0.006190276205072763, 0.015450624165621216, -0.008858233205671816], [-0.005906255100214943, -0.008858233205671816, 0.006603253819061621]], "chi2_level": 0.95, "chi2_df": 3, "chi2_threshold": 7.814727903251179, "N_raw": 56, "N_roi": 56, "N_inlier": 56, "refit": true}
{"timestamp": "14:27:27.559571", "frame": 33, "mu": [-2.0028342068945513, 1.0761606315914185, 1.0821744619034366], "Sigma": [[0.008156832986867922, 0.0037529106254594272, -5.58248394845826e-05], [0.0037529106254594272, 0.007675738071552995, -0.006213049401099626], [-5.582483948458258e-05, -0.006213049401099626, 0.00829626921529621]], "chi2_level": 0.95, "chi2_df": 3, "chi2_threshold": 7.814727903251179, "N_raw": 54, "N_roi": 54, "N_inlier": 49, "refit": true}
{"timestamp": "14:27:27.616890", "frame": 34, "mu": [-1.9366576157548692, 1.1986258312496867, 1.2676014276814689], "Sigma": [[0.018341064202241485, 0.006833923774247935, -0.012900896718923057], [0.006833923774247935, 0.015668577529918126, -0.005592136321940026], [-0.012900896718923057, -0.005592136321940026, 0.009721445968561258]], "chi2_level": 0.95, "chi2_df": 3, "chi2_threshold": 7.814727903251179, "N_raw": 70, "N_roi": 70, "N_inlier": 68, "refit": true}
{"timestamp": "14:27:27.671181", "frame": 35, "mu": [-1.8762048850101112, 1.2407276052352438, 1.2482195197976353], "Sigma": [[0.012094706285335455, 0.007766537312440133, -0.009298748332828455], [0.007766537312440133, 0.016894016070042553, -0.007903495880770075], [-0.009298748332828455, -0.007903495880770075, 0.00793514832288057]], "chi2_level": 0.95, "chi2_df": 3, "chi2_threshold": 7.814727903251179, "N_raw": 62, "N_roi": 62, "N_inlier": 60, "refit": true}
{"timestamp": "14:27:27.719295", "frame": 36, "mu": [-1.8268081680194133, 1.2334541188281318, 1.2148722911054364], "Sigma": [[0.00753185388689557, 0.007815656927837675, -0.0017226103728655501], [0.007815656927837675, 0.009536941829929318, -0.0034846753686773343], [-0.0017226103728655501, -0.003484675368677334, 0.003578006487777027]], "chi2_level": 0.95, "chi2_df": 3, "chi2_threshold": 7.814727903251179, "N_raw": 18, "N_roi": 18, "N_inlier": 16, "refit": true}
{"timestamp": "14:27:27.776312", "frame": 37, "mu": [-1.8595129237995185, 1.3519777113657347, 1.401160330414504], "Sigma": [[0.009485758561682692, 0.00575845540808477, -0.009133769158464887], [0.00575845540808477, 0.01144730672232175, -0.005126817422854391], [-0.009133769158464885, -0.005126817422854391, 0.009260036365690269]], "chi2_level": 0.95, "chi2_df": 3, "chi2_threshold": 7.814727903251179, "N_raw": 31, "N_roi": 31, "N_inlier": 29, "refit": true}
{"timestamp": "14:27:27.828037", "frame": 38, "mu": [-1.804015109523347, 1.4857226169439606, 1.5165705142594148], "Sigma": [[0.010211292447171645, 0.010972807894542946, -0.01205681564053998], [0.010972807894542946, 0.018856474418405336, -0.012663220425318686], [-0.01205681564053998, -0.012663220425318686, 0.015069010151018433]], "chi2_level": 0.95, "chi2_df": 3, "chi2_threshold": 7.814727903251179, "N_raw": 15, "N_roi": 15, "N_inlier": 14, "refit": true}
{"timestamp": "14:27:27.888022", "frame": 39, "mu": [-1.910562949438783, 1.4545754807910918, 1.737931246176904], "Sigma": [[0.011135488381161721, 0.007742130065133295, -0.005305437135727891], [0.0077421300651332944, 0.010356862351008892, -0.007925586095385632], [-0.005305437135727891, -0.007925586095385632, 0.014862320815156132]], "chi2_level": 0.95, "chi2_df": 3, "chi2_threshold": 7.814727903251179, "N_raw": 49, "N_roi": 49, "N_inlier": 45, "refit": true}
{"timestamp": "14:27:27.947381", "frame": 40, "mu": [-1.7472282567993977, 1.564254128952695, 1.4938035381313493], "Sigma": [[0.024786104938629917, 0.014512018573584064, -0.018871458361779364], [0.014512018573584064, 0.016016907488279317, -0.010346749866617433], [-0.018871458361779364, -0.010346749866617435, 0.015084555600016834]], "chi2_level": 0.95, "chi2_df": 3, "chi2_threshold": 7.814727903251179, "N_raw": 73, "N_roi": 73, "N_inlier": 72, "refit": true}
{"timestamp": "14:27:27.999208", "frame": 41, "mu": [-1.556616907333031, 1.7381024161827674, 1.312352730916959], "Sigma": [[0.005687683829472791, 0.0013519715233447221, -0.0014081889898154834], [0.0013519715233447221, 0.0034229701892045643, -0.0019156916196589988], [-0.0014081889898154834, -0.0019156916196589988, 0.028070178639232404]], "chi2_level": 0.95, "chi2_df": 3, "chi2_threshold": 7.814727903251179, "N_raw": 46, "N_roi": 46, "N_inlier": 40, "refit": true}
{"timestamp": "14:27:28.055686", "frame": 42, "mu": [-1.4859720691469822, 1.798307205839492, 1.3224904798650412], "Sigma": [[0.009914741742018717, 0.002520497259470007, -0.0045244613444440284], [0.0025204972594700067, 0.005898958535494305, -0.004435242582727346], [-0.0045244613444440284, -0.004435242582727346, 0.005063226862048486]], "chi2_level": 0.95, "chi2_df": 3, "chi2_threshold": 7.814727903251179, "N_raw": 59, "N_roi": 59, "N_inlier": 53, "refit": true}
{"timestamp": "14:27:28.114813", "frame": 43, "mu": [-1.500855119005038, 1.905661992466057, 1.412909378951868], "Sigma": [[0.02108279948376964, 0.003422210621287562, -0.019951637150661672], [0.003422210621287562, 0.007653483901879821, -0.009271011245149618], [-0.019951637150661672, -0.009271011245149618, 0.04073143086470754]], "chi2_level": 0.95, "chi2_df": 3, "chi2_threshold": 7.814727903251179, "N_raw": 86, "N_roi": 85, "N_inlier": 74, "refit": true}
{"timestamp": "14:27:28.160775", "frame": 44, "mu": [-1.40780893605547, 2.0249909937508175, 0.029251004595878278], "Sigma": [[0.012878665728709255, -0.0005420911737635822, -0.019910897370340113], [-0.0005420911737635819, 0.0025154932123558887, -0.00012578635321826293], [-0.019910897370340113, -0.00012578635321826282, 0.03613186332472846]], "chi2_level": 0.95, "chi2_df": 3, "chi2_threshold": 7.814727903251179, "N_raw": 26, "N_roi": 26, "N_inlier": 22, "refit": true}
{"timestamp": "14:27:28.218096", "frame": 45, "mu": [-1.268119808647649, 2.0319840894879273, 1.1658554626143645], "Sigma": [[0.004781791901672493, 9.5219167227553e-05, -9.708100792023494e-05], [9.521916722755321e-05, 0.007462677973149563, 0.022141093942355455], [-9.708100792023581e-05, 0.022141093942355455, 0.135262491134823]], "chi2_level": 0.95, "chi2_df": 3, "chi2_threshold": 7.814727903251179, "N_raw": 33, "N_roi": 33, "N_inlier": 30, "refit": true}
{"timestamp": "14:27:28.276177", "frame": 46, "mu": [-1.3460253875639356, 2.1477433342329633, 1.4142867734181697], "Sigma": [[0.010080146984459798, -0.001725220683487467, -0.015692857269550456], [-0.001725220683487467, 0.005481069351413979, 0.006708760690870113], [-0.01569285726955046, 0.006708760690870112, 0.12715951577650877]], "chi2_level": 0.95, "chi2_df": 3, "chi2_threshold": 7.814727903251179, "N_raw": 63, "N_roi": 63, "N_inlier": 58, "refit": true}
{"timestamp": "14:27:28.334290", "frame": 47, "mu": [-1.1732005691849887, 2.149497835405932, 1.189681911530506], "Sigma": [[0.01024085452368082, 0.00043934261195746827, -0.004136553804190906], [0.0004393426119574684, 0.004703401683684289, -0.007824288513113033], [-0.004136553804190906, -0.007824288513113033, 0.03073252138078488]], "chi2_level": 0.95, "chi2_df": 3, "chi2_threshold": 7.814727903251179, "N_raw": 74, "N_roi": 72, "N_inlier": 66, "refit": true}
{"timestamp": "14:27:28.388449", "frame": 48, "mu": [-1.2081808203717033, 2.319342473858784, 1.1021485728165081], "Sigma": [[0.013935922731635473, 0.0048587316737237225, -0.041597335108517944], [0.004858731673723722, 0.0040792204743518206, -0.02133366612382181], [-0.041597335108517944, -0.02133366612382181, 0.2884886485236591]], "chi2_level": 0.95, "chi2_df": 3, "chi2_threshold": 7.814727903251179, "N_raw": 74, "N_roi": 73, "N_inlier": 69, "refit": true}
{"timestamp": "14:27:28.435958", "frame": 49, "mu": [-1.1311361973538845, 2.3006868766725956, 1.1738088492619636], "Sigma": [[0.0030493139504216647, -0.0007796436795576423, 0.0015680533537087145], [-0.0007796436795576424, 0.0029643373954510105, -4.2758519707489446e-05], [0.0015680533537087145, -4.2758519707489446e-05, 0.31493742889053294]], "chi2_level": 0.95, "chi2_df": 3, "chi2_threshold": 7.814727903251179, "N_raw": 22, "N_roi": 22, "N_inlier": 21, "refit": true}
{"timestamp": "14:27:28.491380", "frame": 50, "mu": [-1.0582402608649075, 2.352561461021528, 1.295100729876681], "Sigma": [[0.006628396975852391, 0.0018426477922166846, -0.013875074373941303], [0.0018426477922166848, 0.007960596836543954, -0.027166393533115063], [-0.013875074373941303, -0.027166393533115063, 0.1523835038074998]], "chi2_level": 0.95, "chi2_df": 3, "chi2_threshold": 7.814727903251179, "N_raw": 29, "N_roi": 29, "N_inlier": 27, "refit": true}
{"timestamp": "14:27:28.552544", "frame": 51, "mu": [-1.0426435317751115, 2.3882816240737483, 1.1611915453641792], "Sigma": [[0.01655055873254334, -0.0008621546358187825, 0.01917673738082501], [-0.0008621546358187827, 0.0064813842425108835, 0.012386960109647313], [0.01917673738082501, 0.012386960109647313, 0.21549395375019897]], "chi2_level": 0.95, "chi2_df": 3, "chi2_threshold": 7.814727903251179, "N_raw": 71, "N_roi": 69, "N_inlier": 66, "refit": true}
{"timestamp": "14:27:28.602984", "frame": 52, "mu": [-0.8355249581609505, 2.3210937319922404, 0.8141507425890239], "Sigma": [[0.01869529515856786, -0.0004212694171504963, 0.010119998917526782], [-0.0004212694171504964, 0.0034134149544483515, -0.011703156468598753], [0.010119998917526782, -0.011703156468598753, 0.059024581655798825]], "chi2_level": 0.95, "chi2_df": 3, "chi2_threshold": 7.814727903251179, "N_raw": 35, "N_roi": 35, "N_inlier": 30, "refit": true}
{"timestamp": "14:27:28.663023", "frame": 53, "mu": [-0.9717650168816375, 2.6859704428874327, -0.5831195169807735], "Sigma": [[0.03821997260847597, -0.008737387715874456, 0.056108689391115005], [-0.008737387715874456, 0.006996064759034522, -0.024981949788953323], [0.056108689391115005, -0.024981949788953326, 0.16802900909242965]], "chi2_level": 0.95, "chi2_df": 3, "chi2_threshold": 7.814727903251179, "N_raw": 75, "N_roi": 75, "N_inlier": 73, "refit": true}
{"timestamp": "14:27:28.722171", "frame": 54, "mu": [-0.9596434785813278, 2.541118511773434, 0.8520218090681524], "Sigma": [[0.037099644720360536, 0.008473168027817994, 0.064727560664296], [0.008473168027817994, 0.006795516379819605, 0.027535648266561845], [0.064727560664296, 0.027535648266561845, 0.2665190512824636]], "chi2_level": 0.95, "chi2_df": 3, "chi2_threshold": 7.814727903251179, "N_raw": 102, "N_roi": 102, "N_inlier": 100, "refit": true}
{"timestamp": "14:27:28.773065", "frame": 55, "mu": [-0.8001642695416806, 2.6735273375289847, 0.9374109445436868], "Sigma": [[0.014950898412737763, -0.0037683670000074167, 0.02187226382472522], [-0.0037683670000074167, 0.002336535910847823, -0.009406869872640505], [0.02187226382472522, -0.009406869872640507, 0.19498592720249205]], "chi2_level": 0.95, "chi2_df": 3, "chi2_threshold": 7.814727903251179, "N_raw": 70, "N_roi": 70, "N_inlier": 68, "refit": true}
{"timestamp": "14:27:28.823637", "frame": 56, "mu": [-0.9568082319575131, 2.7786192960906275, 0.4082716277378203], "Sigma": [[0.012915632736335949, 0.0006147995306578079, -0.003701837883947677], [0.0006147995306578079, 0.0007805859351307944, 0.0005803989702667487], [-0.0037018378839476767, 0.0005803989702667487, 0.028850313502851388]], "chi2_level": 0.95, "chi2_df": 3, "chi2_threshold": 7.814727903251179, "N_raw": 44, "N_roi": 44, "N_inlier": 39, "refit": true}
{"timestamp": "14:27:28.880143", "frame": 57, "mu": [-0.737775089273318, 2.765897003607416, 1.3734952589517473], "Sigma": [[0.010762997886809665, -0.0012046153664882413, -0.007270948046874023], [-0.0012046153664882413, 0.0040560192521769955, -0.001881997313790442], [-0.007270948046874022, -0.001881997313790442, 0.008398755047437796]], "chi2_level": 0.95, "chi2_df": 3, "chi2_threshold": 7.814727903251179, "N_raw": 58, "N_roi": 52, "N_inlier": 50, "refit": true}
{"timestamp": "14:27:28.937140", "frame": 58, "mu": [-0.6897347280872832, 2.8562891017189918, 1.5167133293696768], "Sigma": [[0.011343106963977218, -0.0014019751167504914, -0.007169944535532005], [-0.001401975116750491, 0.00637699316650227, -0.0004049100068654563], [-0.007169944535532005, -0.0004049100068654563, 0.006980307287673964]], "chi2_level": 0.95, "chi2_df": 3, "chi2_threshold": 7.814727903251179, "N_raw": 65, "N_roi": 62, "N_inlier": 58, "refit": true}
{"timestamp": "14:27:28.993076", "frame": 59, "mu": [-0.6324023140001876, 3.010188923114214, -0.05251364910471094], "Sigma": [[0.009391505704166728, 0.001882257224150519, -0.005554071220912094], [0.0018822572241505187, 0.011340680513365045, -0.04621125673091543], [-0.005554071220912094, -0.04621125673091543, 0.25077880538653813]], "chi2_level": 0.95, "chi2_df": 3, "chi2_threshold": 7.814727903251179, "N_raw": 69, "N_roi": 64, "N_inlier": 61, "refit": true}
{"timestamp": "14:27:29.048757", "frame": 60, "mu": [-0.6318543316499221, 2.991809172890901, 1.2793978803740254], "Sigma": [[0.015247975905180641, 0.001219977747346914, -0.003931272169840801], [0.001219977747346914, 0.00405883107084538, 0.006544481186275606], [-0.003931272169840801, 0.006544481186275606, 0.12137769250909061]], "chi2_level": 0.95, "chi2_df": 3, "chi2_threshold": 7.814727903251179, "N_raw": 80, "N_roi": 79, "N_inlier": 75, "refit": true}
{"timestamp": "14:27:29.201641", "frame": 61, "mu": [-0.6124137529693652, 3.036168279944897, 1.5697456724854402], "Sigma": [[0.015567390716439576, -0.0009575651017531212, -0.008737359055506825], [-0.0009575651017531212, 0.005158147402373306, -0.0005952816668767556], [-0.008737359055506827, -0.0005952816668767553, 0.028574597475463023]], "chi2_level": 0.95, "chi2_df": 3, "chi2_threshold": 7.814727903251179, "N_raw": 64, "N_roi": 61, "N_inlier": 57, "refit": true}
{"timestamp": "14:27:29.213899", "frame": 62, "mu": [-0.5389296135995152, 3.156648178607541, 0.028362198949215628], "Sigma": [[0.013557751056586754, 0.0009820677265735274, 0.012035038953191957], [0.0009820677265735278, 0.007755814163702198, -0.008246061334948922], [0.012035038953191957, -0.008246061334948922, 0.36600430916599824]], "chi2_level": 0.95, "chi2_df": 3, "chi2_threshold": 7.814727903251179, "N_raw": 81, "N_roi": 80, "N_inlier": 80, "refit": true}
{"timestamp": "14:27:29.241440", "frame": 63, "mu": [-0.5391701382621497, 3.1876614271799957, 1.2936339058503628], "Sigma": [[0.01575853451600018, 0.001974469667851704, 0.0011439301740159358], [0.001974469667851705, 0.011229994368524173, 0.0343533270517075], [0.0011439301740159358, 0.034353327051707495, 0.20683490024175616]], "chi2_level": 0.95, "chi2_df": 3, "chi2_threshold": 7.814727903251179, "N_raw": 70, "N_roi": 68, "N_inlier": 63, "refit": true}
{"timestamp": "14:27:29.278044", "frame": 64, "mu": [-0.4632939136139936, 3.231593937789497, 1.3476831954995323], "Sigma": [[0.01850142842752962, 0.003122110186735867, 0.020716413923553344], [0.003122110186735867, 0.006726711385403838, 0.021395962967132552], [0.020716413923553344, 0.021395962967132556, 0.22530742834792625]], "chi2_level": 0.95, "chi2_df": 3, "chi2_threshold": 7.814727903251179, "N_raw": 78, "N_roi": 76, "N_inlier": 72, "refit": true}
{"timestamp": "14:27:29.314364", "frame": 65, "mu": [-0.43667550359787566, 3.3322698145884395, 1.0462309940428884], "Sigma": [[0.004195672871396068, -0.0029402519364585956, 0.004325452929458378], [-0.0029402519364585956, 0.004000730380233727, -0.013825714117031193], [0.004325452929458378, -0.013825714117031191, 0.35499765077264483]], "chi2_level": 0.95, "chi2_df": 3, "chi2_threshold": 7.814727903251179, "N_raw": 17, "N_roi": 16, "N_inlier": 16, "refit": true}
{"timestamp": "14:27:29.373882", "frame": 66, "mu": [-0.31722361529239684, 3.3620708341959555, 1.0640015049552067], "Sigma": [[0.010830258312319508, -0.00017100460337893342, -0.006272813500368179], [-0.00017100460337893337, 0.0028929861041740077, -0.011356613112611014], [-0.006272813500368178, -0.011356613112611016, 0.2977469357857882]], "chi2_level": 0.95, "chi2_df": 3, "chi2_threshold": 7.814727903251179, "N_raw": 52, "N_roi": 52, "N_inlier": 51, "refit": true}
{"timestamp": "14:27:29.430547", "frame": 67, "mu": [-0.2861757777905805, 3.4214036623475304, -1.0021232896549717], "Sigma": [[0.012528696575589438, 0.0016509844756255323, 0.042122536482023465], [0.0016509844756255323, 0.005315823513173718, 0.008463232464652398], [0.042122536482023465, 0.008463232464652394, 0.4233158082563577]], "chi2_level": 0.95, "chi2_df": 3, "chi2_threshold": 7.814727903251179, "N_raw": 56, "N_roi": 56, "N_inlier": 54, "refit": true}
{"timestamp": "14:27:29.484011", "frame": 68, "mu": [-0.19573181461268596, 3.5153933017268244, 1.4276163299281948], "Sigma": [[0.012215014778860098, -0.00285643053026794, -0.009184563619359959], [-0.00285643053026794, 0.005416611952190059, -0.013135683214094366], [-0.009184563619359959, -0.013135683214094366, 0.11260644716808958]], "chi2_level": 0.95, "chi2_df": 3, "chi2_threshold": 7.814727903251179, "N_raw": 41, "N_roi": 41, "N_inlier": 37, "refit": true}
{"timestamp": "14:27:29.544052", "frame": 69, "mu": [-0.12227233513881111, 3.483522659715155, 1.2958490529332731], "Sigma": [[0.021562989209989766, -0.008073348444937914, -0.004268647853326325], [-0.008073348444937914, 0.008376799778660123, -0.0012739783358895755], [-0.004268647853326324, -0.0012739783358895764, 0.0365849073234949]], "chi2_level": 0.95, "chi2_df": 3, "chi2_threshold": 7.814727903251179, "N_raw": 78, "N_roi": 78, "N_inlier": 74, "refit": true}
{"timestamp": "14:27:29.600816", "frame": 70, "mu": [-0.14737244138978026, 3.527466833933861, 1.0680426854274032], "Sigma": [[0.02377337062166532, -0.0028333173527946842, 0.03259563500881896], [-0.0028333173527946842, 0.006513088932490277, -0.0003473349109656248], [0.03259563500881896, -0.00034733491096562534, 0.16745904250797808]], "chi2_level": 0.95, "chi2_df": 3, "chi2_threshold": 7.814727903251179, "N_raw": 90, "N_roi": 88, "N_inlier": 87, "refit": true}
{"timestamp": "14:27:29.651716", "frame": 71, "mu": [-0.06613146244490206, 3.581279770457685, 1.2830364777093175], "Sigma": [[0.0186951846441097, -0.0006294278044505369, 0.015644022281766687], [-0.0006294278044505369, 0.006357705801186427, 0.012914301275258767], [0.015644022281766687, 0.012914301275258767, 0.16708575051205765]], "chi2_level": 0.95, "chi2_df": 3, "chi2_threshold": 7.814727903251179, "N_raw": 68, "N_roi": 68, "N_inlier": 67, "refit": true}
{"timestamp": "14:27:29.708541", "frame": 72, "mu": [-0.10784508066539167, 3.6755256658173563, 1.187354635743279], "Sigma": [[0.024028496581414097, -0.002256706255964921, 0.03961179169591121], [-0.002256706255964921, 0.0038719319663558655, -0.0071322747998695535], [0.03961179169591121, -0.0071322747998695535, 0.15966846449045216]], "chi2_level": 0.95, "chi2_df": 3, "chi2_threshold": 7.814727903251179, "N_raw": 74, "N_roi": 74, "N_inlier": 73, "refit": true}
{"timestamp": "14:27:29.758715", "frame": 73, "mu": [0.07905313604994825, 3.738784867933567, 1.513158642325264], "Sigma": [[0.01332894864113865, -0.003462236731937974, -0.008460665889619157], [-0.003462236731937974, 0.004284080731110397, -0.0014608813531511694], [-0.008460665889619159, -0.0014608813531511694, 0.01638743670434633]], "chi2_level": 0.95, "chi2_df": 3, "chi2_threshold": 7.814727903251179, "N_raw": 45, "N_roi": 44, "N_inlier": 41, "refit": true}
{"timestamp": "14:27:29.811131", "frame": 74, "mu": [0.150388348272995, 3.769897981882192, 1.3843636288058863], "Sigma": [[0.008778976876408806, -0.0008398130824040865, -0.0047587113110280025], [-0.0008398130824040865, 0.0011672501896126417, -0.0012474380831897025], [-0.004758711311028002, -0.0012474380831897025, 0.009684091146566898]], "chi2_level": 0.95, "chi2_df": 3, "chi2_threshold": 7.814727903251179, "N_raw": 26, "N_roi": 24, "N_inlier": 20, "refit": true}
{"timestamp": "14:27:29.868388", "frame": 75, "mu": [0.11005774317818458, 3.871840939014519, 0.38086057067191714], "Sigma": [[0.017464918383081344, 0.000186734762722648, 0.02023689458900981], [0.00018673476272264796, 0.0042396882336695205, -0.003072886163767116], [0.02023689458900981, -0.0030728861637671166, 0.1061178385257823]], "chi2_level": 0.95, "chi2_df": 3, "chi2_threshold": 7.814727903251179, "N_raw": 45, "N_roi": 45, "N_inlier": 42, "refit": true}
{"timestamp": "14:27:29.923700", "frame": 76, "mu": [0.23020369501602103, 3.960210310709111, 0.25213229138577964], "Sigma": [[0.019653372560854098, 0.0004953577295453446, -0.009534155841485183], [0.0004953577295453444, 0.004784971911976106, -0.003511137915917345], [-0.009534155841485183, -0.003511137915917345, 0.012847112553210817]], "chi2_level": 0.95, "chi2_df": 3, "chi2_threshold": 7.814727903251179, "N_raw": 46, "N_roi": 46, "N_inlier": 43, "refit": true}
{"timestamp": "14:27:29.984952", "frame": 77, "mu": [0.25344080984699613, 3.9513182208515443, 1.1548120673955777], "Sigma": [[0.025221778355060245, -0.005475724928252237, -0.04286960847009444], [-0.005475724928252237, 0.00463941133565446, 0.01279860639237257], [-0.04286960847009443, 0.01279860639237257, 0.22772027369664694]], "chi2_level": 0.95, "chi2_df": 3, "chi2_threshold": 7.814727903251179, "N_raw": 84, "N_roi": 84, "N_inlier": 81, "refit": true}
{"timestamp": "14:27:30.032436", "frame": 78, "mu": [0.3197924979141578, 3.986797886936385, 1.0946785975854483], "Sigma": [[0.017557477195725243, -0.0018618738671497405, -0.007092605739789639], [-0.0018618738671497405, 0.0008244652875646566, -0.002190774616904898], [-0.007092605739789639, -0.002190774616904898, 0.029687639074403617]], "chi2_level": 0.95, "chi2_df": 3, "chi2_threshold": 7.814727903251179, "N_raw": 37, "N_roi": 37, "N_inlier": 36, "refit": true}
{"timestamp": "14:27:30.089669", "frame": 79, "mu": [0.2979987406750897, 4.079226701435146, 0.5877103097120414], "Sigma": [[0.02248587599717086, -0.0015077802308605896, -0.007661505356993785], [-0.0015077802308605896, 0.006787743043401357, -0.0066388142675289225], [-0.007661505356993784, -0.0066388142675289225, 0.016547084906827277]], "chi2_level": 0.95, "chi2_df": 3, "chi2_threshold": 7.814727903251179, "N_raw": 54, "N_roi": 53, "N_inlier": 51, "refit": true}
{"timestamp": "14:27:30.141438", "frame": 80, "mu": [0.32371558517720095, 4.158111885366532, 1.1615501306618803], "Sigma": [[0.013316749623611669, -0.00021599942023593847, -0.0026270096302328737], [-0.00021599942023593847, 0.0008466582916145784, 0.0017391136238594082], [-0.0026270096302328733, 0.0017391136238594077, 0.0587122515912124]], "chi2_level": 0.95, "chi2_df": 3, "chi2_threshold": 7.814727903251179, "N_raw": 29, "N_roi": 26, "N_inlier": 25, "refit": true}
{"timestamp": "14:27:30.197382", "frame": 81, "mu": [0.35162514029726344, 4.271406660679598, 0.43672292687310804], "Sigma": [[0.016646478173774775, -0.0008459409403589789, -0.008997416763742851], [-0.0008459409403589792, 0.003832329785717701, 7.800837854557259e-05], [-0.008997416763742851, 7.800837854557259e-05, 0.008576950368339204]], "chi2_level": 0.95, "chi2_df": 3, "chi2_threshold": 7.814727903251179, "N_raw": 38, "N_roi": 35, "N_inlier": 33, "refit": true}
{"timestamp": "14:27:30.249375", "frame": 82, "mu": [0.4524329981012706, 4.248567867270771, 1.0392872018482], "Sigma": [[0.002742358076806525, -0.0011383570669139694, 0.006069549240236663], [-0.0011383570669139696, 0.002866070894880162, -0.004423442391654787], [0.006069549240236663, -0.004423442391654787, 0.062062168779296885]], "chi2_level": 0.95, "chi2_df": 3, "chi2_threshold": 7.814727903251179, "N_raw": 13, "N_roi": 10, "N_inlier": 8, "refit": true}
{"timestamp": "14:27:30.303191", "frame": 83, "mu": [0.5272591640649769, 4.347722089145788, 1.3927167384031243], "Sigma": [[0.004366986874933928, -0.001489183194102422, -0.0018912723055628307], [-0.001489183194102422, 0.003209123390704173, -0.0026013530356236722], [-0.0018912723055628305, -0.0026013530356236727, 0.007299325243970354]], "chi2_level": 0.95, "chi2_df": 3, "chi2_threshold": 7.814727903251179, "N_raw": 10, "N_roi": 10, "N_inlier": 10, "refit": true}
{"timestamp": "14:27:30.357839", "frame": 84, "mu": [0.5469151438980269, 4.490442803530228, 1.0608113190805015], "Sigma": [[0.0019241631599123462, -0.00015883055567581796, -0.0004707892939704813], [-0.00015883055567581775, 0.008556539927713646, -0.02499139369207733], [-0.0004707892939704815, -0.02499139369207733, 0.08225553361411012]], "chi2_level": 0.95, "chi2_df": 3, "chi2_threshold": 7.814727903251179, "N_raw": 8, "N_roi": 8, "N_inlier": 8, "refit": true}
{"timestamp": "14:27:30.415393", "frame": 85, "mu": [0.5860635419127581, 4.47102023559508, 1.0776589111087227], "Sigma": [[0.008012586969526066, -0.00032700683736347697, -0.010081583891786431], [-0.00032700683736347697, 0.003973363170585808, -0.0036006738367404707], [-0.01008158389178643, -0.00360067383674047, 0.054274217051173475]], "chi2_level": 0.95, "chi2_df": 3, "chi2_threshold": 7.814727903251179, "N_raw": 24, "N_roi": 21, "N_inlier": 20, "refit": true}
{"timestamp": "14:27:30.468100", "frame": 86, "mu": [0.675781989973738, 4.52285045003206, 0.7938992214527868], "Sigma": [[0.00263040857779422, -0.0034693370101177654, 0.011829943249126559], [-0.0034693370101177654, 0.00961198377531581, -0.0256930999060506], [0.011829943249126559, -0.0256930999060506, 0.08336620417924698]], "chi2_level": 0.95, "chi2_df": 3, "chi2_threshold": 7.814727903251179, "N_raw": 11, "N_roi": 9, "N_inlier": 9, "refit": true}
{"timestamp": "14:27:30.525567", "frame": 87, "mu": [0.6286737379633905, 4.5791401307551265, 0.8703979173663021], "Sigma": [[0.007839179220166173, -0.0028948142660835258, -0.00251122599026216], [-0.0028948142660835258, 0.002201852999148353, -0.0023723075728976895], [-0.0025112259902621598, -0.0023723075728976895, 0.06514386972593819]], "chi2_level": 0.95, "chi2_df": 3, "chi2_threshold": 7.814727903251179, "N_raw": 24, "N_roi": 22, "N_inlier": 19, "refit": true}
{"timestamp": "14:27:30.578255", "frame": 88, "mu": [0.8421347014874628, 4.519365888092652, 1.0005027334955883], "Sigma": [[0.011237874166985943, -0.012426988011379274, -0.003728776584931281], [-0.012426988011379274, 0.01478116494407547, 0.006493062533177028], [-0.003728776584931281, 0.0064930625331770285, 0.019276039817182275]], "chi2_level": 0.95, "chi2_df": 3, "chi2_threshold": 7.814727903251179, "N_raw": 11, "N_roi": 9, "N_inlier": 8, "refit": true}
{"timestamp": "14:27:30.636900", "frame": 89, "mu": [0.6999268981956297, 4.641234897859369, 1.103047189937604], "Sigma": [[0.019441553913716554, -0.003707298142180814, 0.011605869524287413], [-0.0037072981421808135, 0.0017318783594848757, -0.0038139983841050658], [0.011605869524287413, -0.0038139983841050658, 0.059058102044072906]], "chi2_level": 0.95, "chi2_df": 3, "chi2_threshold": 7.814727903251179, "N_raw": 37, "N_roi": 30, "N_inlier": 29, "refit": true}
{"timestamp": "14:27:30.689569", "frame": 90, "mu": [0.799716662198436, 4.609271544376541, 0.524861430359512], "Sigma": [[0.009237902232099887, -0.002556149289786171, -3.4652222887113178e-06], [-0.002556149289786171, 0.0028463884067875278, 0.0011802195664416145], [-3.4652222887113788e-06, 0.0011802195664416147, 0.0017014329316698963]], "chi2_level": 0.95, "chi2_df": 3, "chi2_threshold": 7.814727903251179, "N_raw": 18, "N_roi": 17, "N_inlier": 15, "refit": true}
{"timestamp": "14:27:30.800170", "frame": 92, "mu": [0.9317892904984786, 4.883970528762789, 1.2627941092384547], "Sigma": [[0.01646187775646881, -0.0030315761352235006, 0.0008094150202208838], [-0.0030315761352235006, 0.002327254213603425, -0.000422604056081202], [0.0008094150202208838, -0.000422604056081202, 8.31581979458264e-05]], "chi2_level": 0.95, "chi2_df": 3, "chi2_threshold": 7.814727903251179, "N_raw": 26, "N_roi": 23, "N_inlier": 21, "refit": true}
{"timestamp": "14:27:30.907709", "frame": 94, "mu": [1.1578889056946295, 4.931422934080361, 0.9234617078778388], "Sigma": [[0.019433511513696405, 0.0034988681569117354, -0.06223213408819733], [0.003498868156911735, 0.0015478521679983621, -0.012521725929445893], [-0.06223213408819733, -0.012521725929445893, 0.22366972782667224]], "chi2_level": 0.95, "chi2_df": 3, "chi2_threshold": 7.814727903251179, "N_raw": 7, "N_roi": 7, "N_inlier": 7, "refit": true}
{"timestamp": "14:27:30.964649", "frame": 95, "mu": [1.1822524743878544, 4.937933264743672, 1.130307676530623], "Sigma": [[0.010526905050638599, -0.0011613493540128474, -0.024703165146969106], [-0.0011613493540128474, 0.0007977242842266147, 0.00028548741274980077], [-0.024703165146969106, 0.00028548741274980077, 0.07776546406397529]], "chi2_level": 0.95, "chi2_df": 3, "chi2_threshold": 7.814727903251179, "N_raw": 22, "N_roi": 12, "N_inlier": 12, "refit": true}
