{"timestamp": "14:20:12.711600", "frame": 29, "mu": [1.8396992698926118, 1.0094696908246126, 1.4492260793113219], "Sigma": [[0.0019621540505745916, -0.001494551547043523, -0.00044283314750573116], [-0.001494551547043523, 0.004639418959286734, -0.00043129235550709664], [-0.00044283314750573116, -0.00043129235550709664, 0.000600638171407576]], "chi2_level": 0.95, "chi2_df": 3, "chi2_threshold": 7.814727903251179, "N_raw": 14, "N_roi": 14, "N_inlier": 12, "refit": true}
{"timestamp": "14:20:13.041998", "frame": 35, "mu": [1.699575040175768, 1.6752729923029348, 0.05689347393842083], "Sigma": [[0.005221389595685299, -0.003607409076194264, 0.0015884856542527702], [-0.003607409076194264, 0.005799781105743206, -0.0004933849214622804], [0.0015884856542527702, -0.0004933849214622804, 0.001210966756712295]], "chi2_level": 0.95, "chi2_df": 3, "chi2_threshold": 7.814727903251179, "N_raw": 21, "N_roi": 21, "N_inlier": 19, "refit": true}
{"timestamp": "14:20:13.207448", "frame": 38, "mu": [1.7492730005391302, 1.8126925572328703, 1.3013952579934016], "Sigma": [[0.0015365103076444603, 0.0008064109229604226, -0.00585986410757454], [0.0008064109229604227, 0.0035666226370769656, 0.015093043215781329], [-0.00585986410757454, 0.015093043215781329, 0.14828846470707704]], "chi2_level": 0.95, "chi2_df": 3, "chi2_threshold": 7.814727903251179, "N_raw": 7, "N_roi": 7, "N_inlier": 7, "refit": true}
{"timestamp": "14:20:13.262907", "frame": 39, "mu": [1.772041590281444, 2.0084595448613842, 0.17629605617696786], "Sigma": [[0.003005447542040241, -0.0020000100267652484, 0.00023747423040503104], [-0.002000010026765248, 0.004470720734382614, -0.0034590802647977217], [0.000237474230405031, -0.0034590802647977217, 0.0706193179390386]], "chi2_level": 0.95, "chi2_df": 3, "chi2_threshold": 7.814727903251179, "N_raw": 19, "N_roi": 19, "N_inlier": 17, "refit": true}
{"timestamp": "14:20:13.317016", "frame": 40, "mu": [1.7460368002962308, 2.019530486854194, 1.3820807754368434], "Sigma": [[0.005027366431071802, 0.002025778685285873, -0.0033338553758744875], [0.002025778685285873, 0.0014740365103396995, 0.008712944974877516], [-0.0033338553758744875, 0.008712944974877516, 0.19488919196164853]], "chi2_level": 0.95, "chi2_df": 3, "chi2_threshold": 7.814727903251179, "N_raw": 9, "N_roi": 7, "N_inlier": 7, "refit": true}
{"timestamp": "14:20:13.482148", "frame": 43, "mu": [1.6869028286335104, 2.251272331352016, 1.2100098663679062], "Sigma": [[0.008615717392176514, 0.005016240015266826, -0.02570703170779614], [0.005016240015266826, 0.006630555436627353, -0.02389081781894311], [-0.02570703170779614, -0.02389081781894311, 0.1023922504914645]], "chi2_level": 0.95, "chi2_df": 3, "chi2_threshold": 7.814727903251179, "N_raw": 7, "N_roi": 7, "N_inlier": 7, "refit": true}
{"timestamp": "14:20:13.537810", "frame": 44, "mu": [1.8765249651475415, 2.0807545978304436, 0.8176078753340731], "Sigma": [[0.014811883091328628, -0.019745730470682184, -0.05084673717026409], [-0.01974573047068218, 0.03241133159665515, 0.07716373189485194], [-0.0508467371702641, 0.07716373189485194, 0.2128695715910776]], "chi2_level": 0.95, "chi2_df": 3, "chi2_threshold": 7.814727903251179, "N_raw": 16, "N_roi": 14, "N_inlier": 13, "refit": true}
{"timestamp": "14:20:13.756498", "frame": 48, "mu": [1.6367757134263836, 2.5909806936999717, 1.0570205947973659], "Sigma": [[0.017065129296420147, -0.008399383691991502, -0.0419974234460441], [-0.008399383691991502, 0.005269831744030473, 0.022249930016005913], [-0.0419974234460441, 0.02224993001600591, 0.12375142639056451]], "chi2_level": 0.95, "chi2_df": 3, "chi2_threshold": 7.814727903251179, "N_raw": 8, "N_roi": 7, "N_inlier": 7, "refit": true}
{"timestamp": "14:20:14.308391", "frame": 58, "mu": [1.7492573725203648, 3.420583566133384, 1.365560505024397], "Sigma": [[0.012350806800530115, -0.0054786814055720915, 0.0015010987306690723], [-0.005478681405572092, 0.003997920188018163, -0.0009821612560854166], [0.0015010987306690723, -0.0009821612560854166, 0.0002473170673432783]], "chi2_level": 0.95, "chi2_df": 3, "chi2_threshold": 7.814727903251179, "N_raw": 25, "N_roi": 23, "N_inlier": 21, "refit": true}
{"timestamp": "14:20:14.416782", "frame": 60, "mu": [1.7352747021096138, 3.549919046337648, 1.5015018577877297], "Sigma": [[0.004230544420818559, -0.0011876140974166694, 0.0003998257418110335], [-0.0011876140974166694, 0.0013837179438700982, -0.0002843436312334075], [0.0003998257418110335, -0.0002843436312334075, 6.702294592602492e-05]], "chi2_level": 0.95, "chi2_df": 3, "chi2_threshold": 7.814727903251179, "N_raw": 14, "N_roi": 10, "N_inlier": 8, "refit": true}
{"timestamp": "14:20:14.470873", "frame": 61, "mu": [1.8569175384504737, 3.588202439345678, 1.0060912951826615], "Sigma": [[0.007415777717611081, -0.0020876475837700577, -0.018090439731638402], [-0.0020876475837700572, 0.002116640304822333, -0.005006162800263075], [-0.018090439731638402, -0.005006162800263075, 0.16719703432303534]], "chi2_level": 0.95, "chi2_df": 3, "chi2_threshold": 7.814727903251179, "N_raw": 8, "N_roi": 7, "N_inlier": 7, "refit": true}
{"timestamp": "14:20:14.582951", "frame": 63, "mu": [1.8678978467020662, 3.675708487068105, 1.361941546296119], "Sigma": [[0.007407865490866305, -0.0011698868353327311, -0.006878438156008698], [-0.0011698868353327311, 0.0021416973132972273, -0.00028664808131307696], [-0.006878438156008699, -0.00028664808131307685, 0.010599641984953688]], "chi2_level": 0.95, "chi2_df": 3, "chi2_threshold": 7.814727903251179, "N_raw": 12, "N_roi": 11, "N_inlier": 11, "refit": true}
{"timestamp": "14:20:14.691585", "frame": 65, "mu": [1.8996544023197695, 3.9755940647436265, -0.0697149441350343], "Sigma": [[0.0056665472616976775, -0.0005178268198808387, -0.0033745891975719604], [-0.0005178268198808386, 0.0028078222503830313, -0.0005786006164123505], [-0.003374589197571961, -0.0005786006164123505, 0.003986867405519035]], "chi2_level": 0.95, "chi2_df": 3, "chi2_threshold": 7.814727903251179, "N_raw": 8, "N_roi": 7, "N_inlier": 7, "refit": true}
{"timestamp": "14:20:14.748070", "frame": 66, "mu": [1.871068077198311, 3.8931152765107315, 1.0005600199371811], "Sigma": [[0.020452172815047125, -0.009702932736638891, -0.02370167106644055], [-0.00970293273663889, 0.005395764028393774, 0.01002288948631876], [-0.023701671066440555, 0.01002288948631876, 0.03612482840421288]], "chi2_level": 0.95, "chi2_df": 3, "chi2_threshold": 7.814727903251179, "N_raw": 25, "N_roi": 23, "N_inlier": 22, "refit": true}
{"timestamp": "14:20:14.807210", "frame": 67, "mu": [1.8936779698316308, 4.109448032855414, 0.10954288247227877], "Sigma": [[0.027232913554608003, -0.005524129181125157, -0.019149011852456616], [-0.005524129181125157, 0.005544337317750969, 0.002721934574799079], [-0.019149011852456616, 0.002721934574799079, 0.01605696454791583]], "chi2_level": 0.95, "chi2_df": 3, "chi2_threshold": 7.814727903251179, "N_raw": 44, "N_roi": 43, "N_inlier": 42, "refit": true}
{"timestamp": "14:20:14.966230", "frame": 70, "mu": [1.7514825941838148, 4.27124618017481, 1.357104158790754], "Sigma": [[0.0057349711179874845, 0.0005781993142788765, -0.0035743371581374844], [0.0005781993142788765, 0.0014110660414890816, -0.00034485982231491233], [-0.0035743371581374844, -0.00034485982231491233, 0.004334766400003561]], "chi2_level": 0.95, "chi2_df": 3, "chi2_threshold": 7.814727903251179, "N_raw": 7, "N_roi": 7, "N_inlier": 7, "refit": true}
{"timestamp": "14:20:15.023582", "frame": 71, "mu": [1.867396965720831, 4.234706805423554, 1.151681826142835], "Sigma": [[0.02318472749735074, -0.011131031672734217, -0.010283580972205126], [-0.011131031672734219, 0.007460039009030322, 0.005444861217802086], [-0.010283580972205126, 0.005444861217802086, 0.007159083147498116]], "chi2_level": 0.95, "chi2_df": 3, "chi2_threshold": 7.814727903251179, "N_raw": 25, "N_roi": 25, "N_inlier": 25, "refit": true}
{"timestamp": "14:20:15.079334", "frame": 72, "mu": [1.8656954862177928, 4.3587730648252325, 0.5043629781467357], "Sigma": [[0.02155604861709924, -0.006191571719017244, -0.013197437367654621], [-0.006191571719017244, 0.004409116267291691, 1.1519810991918568e-05], [-0.013197437367654621, 1.1519810991918351e-05, 0.015999769559235398]], "chi2_level": 0.95, "chi2_df": 3, "chi2_threshold": 7.814727903251179, "N_raw": 25, "N_roi": 25, "N_inlier": 23, "refit": true}
