{"timestamp": "14:09:02.807801", "frame": 1, "mu": [1.1718627247026125, 1.1350282658960913, 1.4003653280249244], "Sigma": [[0.0016496934274156496, 0.00010116703239256797, -0.0013989759449016875], [0.00010116703239256808, 0.0027685474979598943, -0.0019411761065136553], [-0.0013989759449016873, -0.0019411761065136555, 0.003014964035050824]], "chi2_level": 0.95, "chi2_df": 3, "chi2_threshold": 7.814727903251179, "N_raw": 18, "N_roi": 18, "N_inlier": 17, "refit": true}
{"timestamp": "14:09:02.861882", "frame": 2, "mu": [1.2246503280074776, 1.1467479710709803, 1.0910801963277454], "Sigma": [[0.0016415887499087072, 0.005224918120315616, -0.005148749081847438], [0.005224918120315617, 0.027371011376745545, -0.03419571255589706], [-0.005148749081847438, -0.03419571255589706, 0.059947985970422245]], "chi2_level": 0.95, "chi2_df": 3, "chi2_threshold": 7.814727903251179, "N_raw": 9, "N_roi": 9, "N_inlier": 9, "refit": true}
{"timestamp": "14:09:02.974086", "frame": 4, "mu": [1.2115229819238453, 1.0215560204729013, 1.214822847140881], "Sigma": [[0.0017947953525360393, -0.00125111130367272, -0.0012811953532049984], [-0.0012511113036727203, 0.003302189675835428, -0.0017174796915812756], [-0.0012811953532049984, -0.0017174796915812756, 0.004338061845979667]], "chi2_level": 0.95, "chi2_df": 3, "chi2_threshold": 7.814727903251179, "N_raw": 25, "N_roi": 25, "N_inlier": 23, "refit": true}
{"timestamp": "14:09:03.027909", "frame": 5, "mu": [1.1812784573713893, 1.1051078206009222, 1.219804650154126], "Sigma": [[0.0013011660975269905, -0.00124656566552807, -0.0023623480825989826], [-0.00124656566552807, 0.0033553178897793683, 0.0009751265002009403], [-0.0023623480825989826, 0.0009751265002009403, 0.013667868613813167]], "chi2_level": 0.95, "chi2_df": 3, "chi2_threshold": 7.814727903251179, "N_raw": 17, "N_roi": 17, "N_inlier": 15, "refit": true}
{"timestamp": "14:09:03.086798", "frame": 6, "mu": [1.1281420305762928, 1.1704276128082503, 1.4131038804800677], "Sigma": [[0.005018215658600076, -0.0016425539588133548, -0.0039884893878241855], [-0.0016425539588133544, 0.0037998079561245555, -0.0009709752202963747], [-0.0039884893878241855, -0.0009709752202963745, 0.00615696263263897]], "chi2_level": 0.95, "chi2_df": 3, "chi2_threshold": 7.814727903251179, "N_raw": 46, "N_roi": 46, "N_inlier": 43, "refit": true}
{"timestamp": "14:09:03.144184", "frame": 7, "mu": [1.0920628953244795, 1.2712049239205157, -0.25822178127411705], "Sigma": [[0.0065714724289784214, -0.00036387365151663114, -0.007666924655737671], [-0.00036387365151663114, 0.002870225557065148, -0.001742200332544242], [-0.007666924655737671, -0.0017422003325442423, 0.012007851804699302]], "chi2_level": 0.95, "chi2_df": 3, "chi2_threshold": 7.814727903251179, "N_raw": 47, "N_roi": 47, "N_inlier": 45, "refit": true}
{"timestamp": "14:09:03.197332", "frame": 8, "mu": [1.018398666930162, 1.2047873554768727, 1.5161625515316268], "Sigma": [[0.0030959468296253723, -0.0007999307001662168, -0.0010495821682522438], [-0.0007999307001662166, 0.0035974632588486426, -0.0003895301377339371], [-0.0010495821682522438, -0.00038953013773393707, 0.0008143543743818097]], "chi2_level": 0.95, "chi2_df": 3, "chi2_threshold": 7.814727903251179, "N_raw": 34, "N_roi": 34, "N_inlier": 31, "refit": true}
{"timestamp": "14:09:03.248755", "frame": 9, "mu": [1.090134592580085, 0.9788732178077529, 0.9342645338615184], "Sigma": [[0.013715673670269758, -0.026563923981752176, -0.060337562241089576], [-0.026563923981752172, 0.07814368457027071, 0.10910995602072597], [-0.060337562241089576, 0.10910995602072597, 0.41335717998956906]], "chi2_level": 0.95, "chi2_df": 3, "chi2_threshold": 7.814727903251179, "N_raw": 10, "N_roi": 10, "N_inlier": 10, "refit": true}
{"timestamp": "14:09:03.304807", "frame": 10, "mu": [1.0009130023433725, 1.143013306768419, 1.3590881756853592], "Sigma": [[0.002821899076475943, -0.0038047986777159327, -0.01810640607117391], [-0.0038047986777159327, 0.010949544021006114, 0.04370615725931667], [-0.01810640607117391, 0.04370615725931667, 0.21336293159977596]], "chi2_level": 0.95, "chi2_df": 3, "chi2_threshold": 7.814727903251179, "N_raw": 22, "N_roi": 22, "N_inlier": 19, "refit": true}
{"timestamp": "14:09:03.364538", "frame": 11, "mu": [0.964564551454823, 1.1917256713530489, 1.4777184475713674], "Sigma": [[0.005572677973728585, -0.0005463934740404767, -0.0021854950608030652], [-0.0005463934740404768, 0.003708319586582331, -0.000697360392883708], [-0.0021854950608030652, -0.000697360392883708, 0.0012476801763776182]], "chi2_level": 0.95, "chi2_df": 3, "chi2_threshold": 7.814727903251179, "N_raw": 49, "N_roi": 49, "N_inlier": 45, "refit": true}
{"timestamp": "14:09:03.422377", "frame": 12, "mu": [0.9474534838874642, 1.1877330351770528, 1.4749148218585653], "Sigma": [[0.007476045937191786, -0.0015848211323146399, -0.003999915350049137], [-0.00158482113231464, 0.003899178863375317, 0.00040219114895663336], [-0.003999915350049136, 0.00040219114895663315, 0.004357865238539572]], "chi2_level": 0.95, "chi2_df": 3, "chi2_threshold": 7.814727903251179, "N_raw": 58, "N_roi": 58, "N_inlier": 52, "refit": true}
{"timestamp": "14:09:03.470394", "frame": 13, "mu": [0.8794001518695138, 1.1401366641452926, 1.4659725698900523], "Sigma": [[0.007972740060080618, -0.0039712302067774746, -0.011893797222419508], [-0.0039712302067774746, 0.0030868574065622623, 0.005454524650736068], [-0.011893797222419508, 0.00545452465073607, 0.020015758819689023]], "chi2_level": 0.95, "chi2_df": 3, "chi2_threshold": 7.814727903251179, "N_raw": 19, "N_roi": 19, "N_inlier": 17, "refit": true}
{"timestamp": "14:09:03.528204", "frame": 14, "mu": [0.8788061245594295, 1.2236142532563377, -0.2220873027290808], "Sigma": [[0.0037590117533411174, 5.373193478162185e-05, -0.0022128761239766925], [5.373193478162196e-05, 0.0034475351111442065, -0.00026808856300938866], [-0.0022128761239766925, -0.00026808856300938866, 0.0016267595167715522]], "chi2_level": 0.95, "chi2_df": 3, "chi2_threshold": 7.814727903251179, "N_raw": 39, "N_roi": 39, "N_inlier": 35, "refit": true}
{"timestamp": "14:09:03.582304", "frame": 15, "mu": [0.7991150698648896, 1.1467249067322514, 1.3908720045688316], "Sigma": [[0.004081817829059118, -0.0009215926629597556, 0.010996548719155546], [-0.000921592662959756, 0.00439256021857109, 0.009081503989391893], [0.010996548719155546, 0.009081503989391893, 0.1603795183253459]], "chi2_level": 0.95, "chi2_df": 3, "chi2_threshold": 7.814727903251179, "N_raw": 31, "N_roi": 31, "N_inlier": 28, "refit": true}
{"timestamp": "14:09:03.642296", "frame": 16, "mu": [0.8671737092382195, 1.0751265531083414, 1.377290827126209], "Sigma": [[0.00887548113953404, -0.0015066304786935012, -0.006151544859044714], [-0.0015066304786935012, 0.0027967708967387363, -0.0009031013032464255], [-0.006151544859044714, -0.0009031013032464255, 0.006180528057773424]], "chi2_level": 0.95, "chi2_df": 3, "chi2_threshold": 7.814727903251179, "N_raw": 69, "N_roi": 69, "N_inlier": 64, "refit": true}
{"timestamp": "14:09:03.692458", "frame": 17, "mu": [0.8223728839295367, 1.0876476280565948, 1.3752742630736308], "Sigma": [[0.0035565081835762812, -0.000899792646382544, -0.005274320199590787], [-0.0008997926463825439, 0.0011338132488033124, 0.000732160455547403], [-0.005274320199590787, 0.000732160455547403, 0.012295090837306557]], "chi2_level": 0.95, "chi2_df": 3, "chi2_threshold": 7.814727903251179, "N_raw": 30, "N_roi": 30, "N_inlier": 25, "refit": true}
{"timestamp": "14:09:03.750622", "frame": 18, "mu": [0.8001393744402482, 1.013096512128244, 1.3693256968142349], "Sigma": [[0.005064853803658789, -0.0010838308002912814, -0.0033003434675774285], [-0.0010838308002912816, 0.0028099029950013825, -0.001163236397644176], [-0.0033003434675774285, -0.0011632363976441763, 0.008362331945242453]], "chi2_level": 0.95, "chi2_df": 3, "chi2_threshold": 7.814727903251179, "N_raw": 62, "N_roi": 62, "N_inlier": 58, "refit": true}
{"timestamp": "14:09:03.808915", "frame": 19, "mu": [0.743182723720828, 1.0369374071421193, 1.331027342135988], "Sigma": [[0.004165832142181852, -0.0012877086426100412, -0.002668039968225764], [-0.0012877086426100414, 0.003784752241288943, -0.0034733146962715126], [-0.002668039968225764, -0.0034733146962715126, 0.02040066244312948]], "chi2_level": 0.95, "chi2_df": 3, "chi2_threshold": 7.814727903251179, "N_raw": 77, "N_roi": 77, "N_inlier": 74, "refit": true}
{"timestamp": "14:09:03.862175", "frame": 20, "mu": [0.6651624993047205, 1.0828352123055924, 1.3677429564987802], "Sigma": [[0.004793745155719617, -0.0003294274502697891, -0.011070842096972521], [-0.00032942745026978915, 0.004462539061445604, -0.005554757672713444], [-0.011070842096972521, -0.005554757672713444, 0.04925577376371093]], "chi2_level": 0.95, "chi2_df": 3, "chi2_threshold": 7.814727903251179, "N_raw": 69, "N_roi": 69, "N_inlier": 68, "refit": true}
{"timestamp": "14:09:03.916330", "frame": 21, "mu": [0.6475206225982992, 1.0913271102449347, 1.3898497879727545], "Sigma": [[0.004223611864450436, 0.0009487148354820763, -0.006526367229294648], [0.0009487148354820763, 0.005980266442984023, -0.009936477398098203], [-0.006526367229294648, -0.009936477398098203, 0.029424411563950287]], "chi2_level": 0.95, "chi2_df": 3, "chi2_threshold": 7.814727903251179, "N_raw": 62, "N_roi": 62, "N_inlier": 61, "refit": true}
{"timestamp": "14:09:03.974391", "frame": 22, "mu": [0.6168662713555775, 1.0584530071430078, 1.421397093932406], "Sigma": [[0.003949898054991136, 0.00025318298901545256, -0.0010379577068119444], [0.00025318298901545245, 0.007051078483675233, -0.008181731723264174], [-0.0010379577068119442, -0.008181731723264174, 0.01875508141570824]], "chi2_level": 0.95, "chi2_df": 3, "chi2_threshold": 7.814727903251179, "N_raw": 80, "N_roi": 80, "N_inlier": 76, "refit": true}
{"timestamp": "14:09:04.028581", "frame": 23, "mu": [0.6171793204844329, 1.017958759721358, 1.4356123077910854], "Sigma": [[0.005538309519456843, 0.0005514952430401793, -0.003543017676059924], [0.0005514952430401793, 0.002693193364032143, -0.0030024020572245015], [-0.003543017676059924, -0.0030024020572245015, 0.006734556513374747]], "chi2_level": 0.95, "chi2_df": 3, "chi2_threshold": 7.814727903251179, "N_raw": 75, "N_roi": 75, "N_inlier": 71, "refit": true}
{"timestamp": "14:09:04.081336", "frame": 24, "mu": [0.5151193442287263, 1.16690580843919, -0.3072456419766373], "Sigma": [[0.0026084049990059855, -0.00019731388066168083, -0.0013293932850429496], [-0.00019731388066168077, 0.006690912420209157, -0.011506262772783046], [-0.0013293932850429496, -0.011506262772783046, 0.049034957846827536]], "chi2_level": 0.95, "chi2_df": 3, "chi2_threshold": 7.814727903251179, "N_raw": 63, "N_roi": 63, "N_inlier": 59, "refit": true}
{"timestamp": "14:09:04.136166", "frame": 25, "mu": [0.5226188319620325, 1.036924273945622, 1.4963935000240711], "Sigma": [[0.005006293779644116, 0.0024356005587652385, -0.002244939234636414], [0.0024356005587652385, 0.004626417143440199, -0.001258153082161005], [-0.002244939234636414, -0.001258153082161005, 0.003712646811396939]], "chi2_level": 0.95, "chi2_df": 3, "chi2_threshold": 7.814727903251179, "N_raw": 63, "N_roi": 63, "N_inlier": 58, "refit": true}
{"timestamp": "14:09:04.193513", "frame": 26, "mu": [0.46540421615736627, 1.0138561210268622, 1.4558148819485577], "Sigma": [[0.0036468871150123466, 0.0010220827356979532, -0.0021120711633411983], [0.001022082735697953, 0.002775804185127073, -0.0029810529192057693], [-0.002112071163341198, -0.0029810529192057693, 0.004699653625915981]], "chi2_level": 0.95, "chi2_df": 3, "chi2_threshold": 7.814727903251179, "N_raw": 59, "N_roi": 59, "N_inlier": 53, "refit": true}
{"timestamp": "14:09:04.246400", "frame": 27, "mu": [0.38620186927553624, 1.0546425747388672, 1.4334336545867052], "Sigma": [[0.0021473709897390945, 0.00018646603165837792, 0.0009261516263248953], [0.00018646603165837795, 0.0033595135408883443, -0.0057855828213323945], [0.0009261516263248953, -0.0057855828213323945, 0.02195224906749785]], "chi2_level": 0.95, "chi2_df": 3, "chi2_threshold": 7.814727903251179, "N_raw": 62, "N_roi": 62, "N_inlier": 57, "refit": true}
{"timestamp": "14:09:04.303527", "frame": 28, "mu": [0.3460669749458624, 1.0663401836193247, 1.4429006086609775], "Sigma": [[0.0038670372312415513, 0.0003692341924819391, -0.0035976837640792955], [0.0003692341924819391, 0.0029783947453500144, -0.003049977163746113], [-0.0035976837640792955, -0.003049977163746113, 0.008787084335734075]], "chi2_level": 0.95, "chi2_df": 3, "chi2_threshold": 7.814727903251179, "N_raw": 73, "N_roi": 73, "N_inlier": 69, "refit": true}
{"timestamp": "14:09:04.356029", "frame": 29, "mu": [0.3172462985197165, 1.055029262741715, 1.4132473889580848], "Sigma": [[0.0038677696359538973, -0.0005373632238976062, -0.0060317998540081], [-0.0005373632238976062, 0.0020808738193915806, -0.0005662626461588352], [-0.0060317998540080995, -0.0005662626461588354, 0.013083568031593247]], "chi2_level": 0.95, "chi2_df": 3, "chi2_threshold": 7.814727903251179, "N_raw": 58, "N_roi": 58, "N_inlier": 54, "refit": true}
{"timestamp": "14:09:04.411818", "frame": 30, "mu": [0.2468553588631508, 1.084118766725096, 1.431160887775751], "Sigma": [[0.002695546871713493, -0.0006953095771851406, -0.002321053801938522], [-0.0006953095771851405, 0.00472466907064385, -0.0023364050130828713], [-0.002321053801938522, -0.0023364050130828718, 0.004652139775553144]], "chi2_level": 0.95, "chi2_df": 3, "chi2_threshold": 7.814727903251179, "N_raw": 68, "N_roi": 68, "N_inlier": 64, "refit": true}
{"timestamp": "14:09:04.467200", "frame": 31, "mu": [0.26015939901999885, 1.049592914449402, 1.3714293231930483], "Sigma": [[0.003277948763141094, 9.021544951487456e-05, -0.0038918819965171087], [9.021544951487453e-05, 0.0046027285696499925, -0.0019616150040414238], [-0.0038918819965171082, -0.0019616150040414238, 0.005907521279578418]], "chi2_level": 0.95, "chi2_df": 3, "chi2_threshold": 7.814727903251179, "N_raw": 67, "N_roi": 67, "N_inlier": 64, "refit": true}
{"timestamp": "14:09:04.523329", "frame": 32, "mu": [0.16721890427586308, 1.0810687925662814, 1.3981098338293536], "Sigma": [[0.003116219556884293, -0.00048252731199566667, 0.0006459407659772305], [-0.0004825273119956668, 0.003719068610648052, -0.003164056250169768], [0.0006459407659772304, -0.0031640562501697674, 0.01610582188199256]], "chi2_level": 0.95, "chi2_df": 3, "chi2_threshold": 7.814727903251179, "N_raw": 73, "N_roi": 73, "N_inlier": 68, "refit": true}
{"timestamp": "14:09:04.571995", "frame": 33, "mu": [0.19275152399064088, 1.0216640173709308, 1.3294886639819061], "Sigma": [[0.0013319310397330556, -0.0008968138510611127, -0.0019563440181331855], [-0.0008968138510611127, 0.003147267352809008, 0.00039553370282134246], [-0.0019563440181331855, 0.00039553370282134246, 0.0035650378944264653]], "chi2_level": 0.95, "chi2_df": 3, "chi2_threshold": 7.814727903251179, "N_raw": 24, "N_roi": 24, "N_inlier": 20, "refit": true}
{"timestamp": "14:09:04.630119", "frame": 34, "mu": [0.08420950086650453, 1.0413958301336521, 1.386145921839363], "Sigma": [[0.0033032123319225496, -0.0031446093990765414, -0.002663519947027747], [-0.0031446093990765414, 0.005187844478796134, 0.0006815937230107148], [-0.002663519947027747, 0.0006815937230107149, 0.004313843733436524]], "chi2_level": 0.95, "chi2_df": 3, "chi2_threshold": 7.814727903251179, "N_raw": 57, "N_roi": 57, "N_inlier": 54, "refit": true}
{"timestamp": "14:09:04.687656", "frame": 35, "mu": [0.0742879982001421, 1.168419960490725, -0.3934028942654585], "Sigma": [[0.0026063167848359016, -0.0002101603563819414, -0.0009864575514278377], [-0.00021016035638194146, 0.007004327919363603, 0.0014735883564297228], [-0.0009864575514278377, 0.0014735883564297228, 0.0008148761500711858]], "chi2_level": 0.95, "chi2_df": 3, "chi2_threshold": 7.814727903251179, "N_raw": 65, "N_roi": 65, "N_inlier": 60, "refit": true}
{"timestamp": "14:09:04.741689", "frame": 36, "mu": [-0.04230743326012455, 1.1141867084296782, 1.2227607960134976], "Sigma": [[0.003494174480488392, -0.001412701010755718, 0.003450616728809066], [-0.001412701010755718, 0.0018870232040809475, -0.0035024907571584215], [0.0034506167288090657, -0.0035024907571584224, 0.008351264519353854]], "chi2_level": 0.95, "chi2_df": 3, "chi2_threshold": 7.814727903251179, "N_raw": 59, "N_roi": 59, "N_inlier": 54, "refit": true}
{"timestamp": "14:09:04.792061", "frame": 37, "mu": [-0.25370209792782783, 1.097484379995881, 1.031079888866897], "Sigma": [[0.02005686861626662, 0.0028003673012614106, 0.06854699952194461], [0.0028003673012614106, 0.0023864437165251823, 0.00958998771600749], [0.06854699952194461, 0.009589987716007489, 0.2428611562574214]], "chi2_level": 0.95, "chi2_df": 3, "chi2_threshold": 7.814727903251179, "N_raw": 29, "N_roi": 29, "N_inlier": 27, "refit": true}
{"timestamp": "14:09:04.847470", "frame": 38, "mu": [-0.14852204187427342, 1.0542869366031489, 1.377881431293847], "Sigma": [[0.0017256356542452252, 0.0005481851282454241, 0.00024229857458635175], [0.0005481851282454241, 0.0011290283252946643, -0.0006479577254173781], [0.0002422985745863517, -0.0006479577254173781, 0.0009989317115052002]], "chi2_level": 0.95, "chi2_df": 3, "chi2_threshold": 7.814727903251179, "N_raw": 33, "N_roi": 33, "N_inlier": 27, "refit": true}
{"timestamp": "14:09:04.899132", "frame": 39, "mu": [-0.07630354110480272, 1.1162410871697115, 0.9792774110862554], "Sigma": [[0.0020637860497410084, 0.0014263023534945183, -0.022354058682927534], [0.0014263023534945183, 0.0032733606877255943, -0.015109522773597945], [-0.022354058682927534, -0.015109522773597945, 0.45008920186397977]], "chi2_level": 0.95, "chi2_df": 3, "chi2_threshold": 7.814727903251179, "N_raw": 8, "N_roi": 8, "N_inlier": 7, "refit": true}
{"timestamp": "14:09:04.957339", "frame": 40, "mu": [-0.20131651327867217, 1.0677877009745522, 1.3380690795046326], "Sigma": [[0.0018234997299051974, -0.0003465931241667236, 0.0006698350847476126], [-0.0003465931241667236, 0.001022322450709669, -0.0011880142582606074], [0.0006698350847476125, -0.0011880142582606074, 0.006523412296903615]], "chi2_level": 0.95, "chi2_df": 3, "chi2_threshold": 7.814727903251179, "N_raw": 40, "N_roi": 40, "N_inlier": 38, "refit": true}
{"timestamp": "14:09:05.016453", "frame": 41, "mu": [-0.2661580013085604, 1.0584254546299174, 1.4359912114297197], "Sigma": [[0.002870297625041862, 0.0005438391271281433, -0.0016534177894788975], [0.000543839127128143, 0.0038031044146312094, -0.0029054332296909735], [-0.0016534177894788975, -0.0029054332296909735, 0.003168104213498213]], "chi2_level": 0.95, "chi2_df": 3, "chi2_threshold": 7.814727903251179, "N_raw": 64, "N_roi": 64, "N_inlier": 61, "refit": true}
{"timestamp": "14:09:05.073626", "frame": 42, "mu": [-0.2979954962618735, 1.0011767910037717, 1.3094020387924243], "Sigma": [[0.003018644949494134, 0.0005397832474758942, -6.306745856662514e-05], [0.0005397832474758941, 0.007180677076385721, -0.00256134914957655], [-6.306745856662509e-05, -0.00256134914957655, 0.0018406829231574647]], "chi2_level": 0.95, "chi2_df": 3, "chi2_threshold": 7.814727903251179, "N_raw": 77, "N_roi": 76, "N_inlier": 73, "refit": true}
{"timestamp": "14:09:05.130201", "frame": 43, "mu": [-0.35250729951622634, 1.0376645437817864, 1.3604271634164022], "Sigma": [[0.003272257618356202, -0.0007843387921735287, -0.004378051652743693], [-0.0007843387921735288, 0.003544451641162103, -0.003516993617574217], [-0.004378051652743693, -0.003516993617574217, 0.018092876771635735]], "chi2_level": 0.95, "chi2_df": 3, "chi2_threshold": 7.814727903251179, "N_raw": 87, "N_roi": 85, "N_inlier": 83, "refit": true}
{"timestamp": "14:09:05.189207", "frame": 44, "mu": [-0.3672434159652822, 1.0337480285579592, 1.2558811841622932], "Sigma": [[0.003567697887189535, -0.0010962557396842654, -0.007189914516374898], [-0.0010962557396842654, 0.0030581334916594646, 0.002021187383205882], [-0.007189914516374898, 0.002021187383205882, 0.054387451758210074]], "chi2_level": 0.95, "chi2_df": 3, "chi2_threshold": 7.814727903251179, "N_raw": 116, "N_roi": 116, "N_inlier": 113, "refit": true}
{"timestamp": "14:09:05.240718", "frame": 45, "mu": [-0.4232853926772471, 1.0283177325728805, 1.3640279252824212], "Sigma": [[0.004575674696310505, -0.0031266915869780218, -0.009642839054597278], [-0.0031266915869780218, 0.005992672319711868, 0.0062022394200913706], [-0.009642839054597278, 0.006202239420091371, 0.03884733943224403]], "chi2_level": 0.95, "chi2_df": 3, "chi2_threshold": 7.814727903251179, "N_raw": 89, "N_roi": 87, "N_inlier": 85, "refit": true}
{"timestamp": "14:09:05.297327", "frame": 46, "mu": [-0.4448789130232021, 0.9772849316448042, 1.1546687549090908], "Sigma": [[0.004731387071418426, -0.0032582240333383153, -0.013942392209463104], [-0.0032582240333383157, 0.011550915093651215, 0.0169018410298305], [-0.013942392209463103, 0.0169018410298305, 0.07274174233410305]], "chi2_level": 0.95, "chi2_df": 3, "chi2_threshold": 7.814727903251179, "N_raw": 95, "N_roi": 95, "N_inlier": 94, "refit": true}
{"timestamp": "14:09:05.349411", "frame": 47, "mu": [-0.4906888112241272, 1.018898565143023, 1.0700162374696662], "Sigma": [[0.003947182346963962, -9.9406754967126e-05, -0.0032833969507655584], [-9.940675496712589e-05, 0.009987778555720455, 0.01852305498694829], [-0.0032833969507655584, 0.01852305498694829, 0.061405624360351185]], "chi2_level": 0.95, "chi2_df": 3, "chi2_threshold": 7.814727903251179, "N_raw": 78, "N_roi": 78, "N_inlier": 74, "refit": true}
{"timestamp": "14:09:05.400522", "frame": 48, "mu": [-0.5938817005281766, 1.0938730377090256, 1.5086813359064501], "Sigma": [[0.00423104231034435, 0.0006473740866186602, -0.003926758497566853], [0.0006473740866186602, 0.0042441077355575155, -0.0037920747512549023], [-0.003926758497566853, -0.0037920747512549023, 0.006432438686639329]], "chi2_level": 0.95, "chi2_df": 3, "chi2_threshold": 7.814727903251179, "N_raw": 53, "N_roi": 53, "N_inlier": 50, "refit": true}
{"timestamp": "14:09:05.453340", "frame": 49, "mu": [-0.7171253645581359, 1.1024028455062396, 1.545298607037352], "Sigma": [[0.02277532788686601, 0.015621604157168149, -0.0215031556117494], [0.015621604157168149, 0.01605702880855662, -0.017626943118922298], [-0.021503155611749397, -0.017626943118922298, 0.02340708084259106]], "chi2_level": 0.95, "chi2_df": 3, "chi2_threshold": 7.814727903251179, "N_raw": 43, "N_roi": 43, "N_inlier": 38, "refit": true}
{"timestamp": "14:09:05.514698", "frame": 50, "mu": [-0.6173002688054189, 1.0375621421320067, 1.2021725461257267], "Sigma": [[0.005161839111508692, 0.006502874657967261, -0.01812702959282935], [0.006502874657967259, 0.015536071909968417, -0.03455193252273147], [-0.01812702959282935, -0.03455193252273147, 0.0906968816257426]], "chi2_level": 0.95, "chi2_df": 3, "chi2_threshold": 7.814727903251179, "N_raw": 61, "N_roi": 61, "N_inlier": 50, "refit": true}
{"timestamp": "14:09:05.564454", "frame": 51, "mu": [-0.7296402098562407, 1.0936946573223392, 1.2722308694448416], "Sigma": [[0.017897802856694976, 0.005488951647769691, -0.028835852669936563], [0.005488951647769691, 0.011425817852725945, -0.007749412955484643], [-0.028835852669936563, -0.0077494129554846435, 0.062227959373494124]], "chi2_level": 0.95, "chi2_df": 3, "chi2_threshold": 7.814727903251179, "N_raw": 46, "N_roi": 45, "N_inlier": 39, "refit": true}
{"timestamp": "14:09:05.620565", "frame": 52, "mu": [-0.6408467868406705, 1.2661210912408658, 0.7643636436072989], "Sigma": [[0.008540337515193014, 0.006642632235427854, -0.03286653879617238], [0.006642632235427855, 0.00835046045529174, -0.026484844329549624], [-0.03286653879617238, -0.026484844329549628, 0.1769841718979617]], "chi2_level": 0.95, "chi2_df": 3, "chi2_threshold": 7.814727903251179, "N_raw": 39, "N_roi": 39, "N_inlier": 31, "refit": true}
{"timestamp": "14:09:05.670622", "frame": 53, "mu": [-0.9109299444605364, 1.059564145371193, 1.3544796228419616], "Sigma": [[0.04617087481510192, 0.03501585539763717, -0.046126075466916515], [0.03501585539763717, 0.029715271533668715, -0.03851149219867574], [-0.046126075466916515, -0.03851149219867574, 0.06882360993834158]], "chi2_level": 0.95, "chi2_df": 3, "chi2_threshold": 7.814727903251179, "N_raw": 20, "N_roi": 20, "N_inlier": 18, "refit": true}
{"timestamp": "14:09:05.735832", "frame": 54, "mu": [-0.9462135088248611, 1.0306075697434922, 1.3039807943892718], "Sigma": [[0.034456972242877484, 0.02617262425496457, -0.0280013167914313], [0.02617262425496457, 0.028578428393884095, -0.02661239715336945], [-0.0280013167914313, -0.02661239715336945, 0.029403819094687943]], "chi2_level": 0.95, "chi2_df": 3, "chi2_threshold": 7.814727903251179, "N_raw": 87, "N_roi": 87, "N_inlier": 81, "refit": true}
{"timestamp": "14:09:05.789685", "frame": 55, "mu": [-1.0833387185041963, 1.0875003709074011, 1.6485618862416376], "Sigma": [[0.03456264954527722, 0.018935166847663033, -0.025316824535393974], [0.018935166847663033, 0.01594462880356374, -0.015447547388373378], [-0.025316824535393974, -0.015447547388373378, 0.0197529279170484]], "chi2_level": 0.95, "chi2_df": 3, "chi2_threshold": 7.814727903251179, "N_raw": 73, "N_roi": 73, "N_inlier": 67, "refit": true}
{"timestamp": "14:09:05.845985", "frame": 56, "mu": [-1.1637851360144555, 1.0259754320597532, 1.5851255853036834], "Sigma": [[0.031824609561895825, 0.01964230245022601, -0.020090751836730814], [0.01964230245022601, 0.03296692885868322, 0.003979970618335889], [-0.020090751836730814, 0.003979970618335889, 0.037397891983071065]], "chi2_level": 0.95, "chi2_df": 3, "chi2_threshold": 7.814727903251179, "N_raw": 90, "N_roi": 90, "N_inlier": 81, "refit": true}
{"timestamp": "14:09:05.898640", "frame": 57, "mu": [-1.223515162002514, 1.1995285296774207, -0.3810914113767228], "Sigma": [[0.031332699087444335, 0.03594380060103911, -0.05262073095965945], [0.03594380060103911, 0.08340293631931064, -0.1402127125239838], [-0.05262073095965945, -0.1402127125239838, 0.2573615046828372]], "chi2_level": 0.95, "chi2_df": 3, "chi2_threshold": 7.814727903251179, "N_raw": 73, "N_roi": 73, "N_inlier": 69, "refit": true}
{"timestamp": "14:09:05.957004", "frame": 58, "mu": [-1.1690288460293867, 1.1140817204441498, 1.2326368145806101], "Sigma": [[0.027081623954538423, 0.01766345247712503, -0.03318004666202533], [0.01766345247712503, 0.02418274782027027, -0.05641689597464963], [-0.03318004666202533, -0.05641689597464963, 0.27323076455141876]], "chi2_level": 0.95, "chi2_df": 3, "chi2_threshold": 7.814727903251179, "N_raw": 95, "N_roi": 95, "N_inlier": 95, "refit": true}
{"timestamp": "14:09:06.010434", "frame": 59, "mu": [-1.3174097854983713, 1.0569836903458238, 1.6909738958249656], "Sigma": [[0.026445804756024385, 0.015150713343724195, -0.008029884643622628], [0.015150713343724195, 0.01285770363123771, -0.007994342822761123], [-0.008029884643622628, -0.007994342822761125, 0.012831912937578547]], "chi2_level": 0.95, "chi2_df": 3, "chi2_threshold": 7.814727903251179, "N_raw": 87, "N_roi": 87, "N_inlier": 79, "refit": true}
{"timestamp": "14:09:06.067731", "frame": 60, "mu": [-1.2775730140502723, 1.0961574763553528, 1.5739495771088565], "Sigma": [[0.035968612338585254, 0.020710610318970743, -0.02142325355997575], [0.02071061031897074, 0.015243635830827329, -0.015781071828842443], [-0.02142325355997575, -0.015781071828842443, 0.024471933894607386]], "chi2_level": 0.95, "chi2_df": 3, "chi2_threshold": 7.814727903251179, "N_raw": 93, "N_roi": 93, "N_inlier": 87, "refit": true}
{"timestamp": "14:09:06.114155", "frame": 61, "mu": [-1.4438916192401918, 1.0423636401471787, 1.7511572245755158], "Sigma": [[0.011296958439050002, 0.0036127782430541884, -0.00840138483157287], [0.0036127782430541884, 0.005554191092411078, -0.0038827989271217403], [-0.00840138483157287, -0.0038827989271217403, 0.010133921055683167]], "chi2_level": 0.95, "chi2_df": 3, "chi2_threshold": 7.814727903251179, "N_raw": 40, "N_roi": 40, "N_inlier": 36, "refit": true}
{"timestamp": "14:09:06.170051", "frame": 62, "mu": [-1.4747372471866997, 1.0667159954815546, 1.6881006933291938], "Sigma": [[0.017307551426033276, 0.010100668715224973, -0.013254389929802324], [0.010100668715224973, 0.015051672178362776, -0.006055725149114932], [-0.013254389929802324, -0.006055725149114932, 0.015609893613354521]], "chi2_level": 0.95, "chi2_df": 3, "chi2_threshold": 7.814727903251179, "N_raw": 53, "N_roi": 53, "N_inlier": 48, "refit": true}
{"timestamp": "14:09:06.229928", "frame": 63, "mu": [-1.30122113507394, 1.2685845530114177, 1.6471289311455548], "Sigma": [[0.03787557244326559, 0.02180890560889791, -0.027256429900701287], [0.02180890560889791, 0.019165334103393456, -0.01720499940118146], [-0.027256429900701287, -0.01720499940118146, 0.02099810011622447]], "chi2_level": 0.95, "chi2_df": 3, "chi2_threshold": 7.814727903251179, "N_raw": 82, "N_roi": 82, "N_inlier": 76, "refit": true}
{"timestamp": "14:09:06.283433", "frame": 64, "mu": [-1.1941782866571364, 1.3039126126722909, 1.200303915480317], "Sigma": [[0.05332465665810493, 0.021369807507950728, -0.0953809285599862], [0.021369807507950728, 0.01265667413053099, -0.031732599361415745], [-0.0953809285599862, -0.031732599361415745, 0.26206067858959103]], "chi2_level": 0.95, "chi2_df": 3, "chi2_threshold": 7.814727903251179, "N_raw": 69, "N_roi": 69, "N_inlier": 66, "refit": true}
{"timestamp": "14:09:06.339747", "frame": 65, "mu": [-1.3766475829657663, 1.2513579929754113, 1.4579634798788041], "Sigma": [[0.0676327124391835, 0.03267088582036655, -0.12439845958423788], [0.03267088582036655, 0.020440014206530473, -0.05804909201177588], [-0.12439845958423788, -0.058049092011775875, 0.27714453029550146]], "chi2_level": 0.95, "chi2_df": 3, "chi2_threshold": 7.814727903251179, "N_raw": 79, "N_roi": 79, "N_inlier": 76, "refit": true}
{"timestamp": "14:09:06.396642", "frame": 66, "mu": [-1.2821216983793675, 1.3611124159842354, 1.3675385517842455], "Sigma": [[0.04560161830696302, 0.03343324498630991, -0.0218650839778617], [0.03343324498630991, 0.029898700120767098, -0.01975385899870026], [-0.0218650839778617, -0.01975385899870026, 0.016124326575186858]], "chi2_level": 0.95, "chi2_df": 3, "chi2_threshold": 7.814727903251179, "N_raw": 91, "N_roi": 91, "N_inlier": 85, "refit": true}
{"timestamp": "14:09:06.445277", "frame": 67, "mu": [-1.43675518102275, 1.284578666986865, 1.173959949122114], "Sigma": [[0.09340579587918656, 0.04842828127291921, -0.20161300024657766], [0.04842828127291921, 0.029370866608032592, -0.10759534885549775], [-0.20161300024657766, -0.10759534885549775, 0.4576379079113985]], "chi2_level": 0.95, "chi2_df": 3, "chi2_threshold": 7.814727903251179, "N_raw": 52, "N_roi": 52, "N_inlier": 47, "refit": true}
{"timestamp": "14:09:06.504127", "frame": 68, "mu": [-1.341666024152227, 1.43254220768961, 1.171460695395071], "Sigma": [[0.07082092232204854, 0.041356572859839395, -0.14599643731682319], [0.0413565728598394, 0.02899404592750293, -0.09829406769708608], [-0.14599643731682319, -0.09829406769708607, 0.44917858265813587]], "chi2_level": 0.95, "chi2_df": 3, "chi2_threshold": 7.814727903251179, "N_raw": 84, "N_roi": 84, "N_inlier": 82, "refit": true}
{"timestamp": "14:09:06.555751", "frame": 69, "mu": [-1.4656963219285182, 1.4314106372896105, 1.4194886864051497], "Sigma": [[0.06912304936214192, 0.054171597437318406, -0.10339271520989149], [0.054171597437318406, 0.04953703273629055, -0.08193219248005515], [-0.10339271520989149, -0.08193219248005515, 0.2466468595378106]], "chi2_level": 0.95, "chi2_df": 3, "chi2_threshold": 7.814727903251179, "N_raw": 53, "N_roi": 53, "N_inlier": 50, "refit": true}
{"timestamp": "14:09:06.609613", "frame": 70, "mu": [-1.3353233251615204, 1.5898537883779307, 1.0636156839312867], "Sigma": [[0.04363192353250058, 0.030851193290472475, -0.08528429364015952], [0.03085119329047248, 0.026242551244990548, -0.07303694429377466], [-0.08528429364015952, -0.07303694429377468, 0.38528008411779896]], "chi2_level": 0.95, "chi2_df": 3, "chi2_threshold": 7.814727903251179, "N_raw": 46, "N_roi": 46, "N_inlier": 45, "refit": true}
{"timestamp": "14:09:06.662130", "frame": 71, "mu": [-1.308527247566939, 1.7381328658979274, -0.330501432499129], "Sigma": [[0.061437498612052194, 0.04978059116872853, -0.05782668262610566], [0.049780591168728516, 0.061071556437672356, -0.08825543729031265], [-0.057826682626105665, -0.08825543729031265, 0.1518730383566508]], "chi2_level": 0.95, "chi2_df": 3, "chi2_threshold": 7.814727903251179, "N_raw": 31, "N_roi": 31, "N_inlier": 29, "refit": true}
{"timestamp": "14:09:06.719547", "frame": 72, "mu": [-1.5159450776999868, 1.548727780863589, 1.705856511473064], "Sigma": [[0.051160103941458576, 0.03294302909894137, -0.03813482489092743], [0.03294302909894137, 0.025006056379643555, -0.02556576891226138], [-0.038134824890927434, -0.02556576891226138, 0.03007928234594022]], "chi2_level": 0.95, "chi2_df": 3, "chi2_threshold": 7.814727903251179, "N_raw": 52, "N_roi": 52, "N_inlier": 49, "refit": true}
{"timestamp": "14:09:06.776963", "frame": 73, "mu": [-1.3486967079472378, 1.7058154823377019, 1.497781201534499], "Sigma": [[0.02370745724357133, 0.011912269378516452, -0.019952369660571505], [0.011912269378516454, 0.012667450715994824, -0.013506933285753529], [-0.019952369660571505, -0.013506933285753527, 0.021774273685926118]], "chi2_level": 0.95, "chi2_df": 3, "chi2_threshold": 7.814727903251179, "N_raw": 63, "N_roi": 63, "N_inlier": 55, "refit": true}
{"timestamp": "14:09:06.831561", "frame": 74, "mu": [-1.4537481101222958, 1.7724548654523162, 0.1555669489290925], "Sigma": [[0.026153426281553344, 0.03224775885512494, -0.019370791753207536], [0.03224775885512493, 0.048789809523098956, -0.02704803744367853], [-0.01937079175320754, -0.02704803744367853, 0.016356259229152872]], "chi2_level": 0.95, "chi2_df": 3, "chi2_threshold": 7.814727903251179, "N_raw": 64, "N_roi": 64, "N_inlier": 55, "refit": true}
{"timestamp": "14:09:06.885555", "frame": 75, "mu": [-1.4495413183665329, 1.7959094494895806, 1.7004735108642997], "Sigma": [[0.03716128417387952, 0.02534225209391488, -0.028823465250207764], [0.02534225209391488, 0.021917751698758668, -0.022030395033346827], [-0.028823465250207764, -0.022030395033346827, 0.02558402527794193]], "chi2_level": 0.95, "chi2_df": 3, "chi2_threshold": 7.814727903251179, "N_raw": 56, "N_roi": 55, "N_inlier": 51, "refit": true}
{"timestamp": "14:09:06.938354", "frame": 76, "mu": [-1.4918153076677707, 1.7825549240052958, 1.770836960077183], "Sigma": [[0.05960810460245606, 0.045807757861068124, -0.050733355992742465], [0.04580775786106813, 0.04017483216249401, -0.04308109584650981], [-0.050733355992742465, -0.04308109584650981, 0.04766487098348944]], "chi2_level": 0.95, "chi2_df": 3, "chi2_threshold": 7.814727903251179, "N_raw": 39, "N_roi": 37, "N_inlier": 33, "refit": true}
{"timestamp": "14:09:06.992802", "frame": 77, "mu": [-1.2983755402469157, 1.9179094850890825, 1.3544126143979351], "Sigma": [[0.008054528696733135, 0.0018543804322791663, 0.001242444970791921], [0.0018543804322791668, 0.004799145667890639, 0.01255746037259322], [0.001242444970791921, 0.012557460372593221, 0.13317166330634359]], "chi2_level": 0.95, "chi2_df": 3, "chi2_threshold": 7.814727903251179, "N_raw": 36, "N_roi": 36, "N_inlier": 34, "refit": true}
{"timestamp": "14:09:07.048516", "frame": 78, "mu": [-1.305223364524522, 2.0236544194288113, 1.3476817476117473], "Sigma": [[0.0051831412234160925, 0.0010456144957562347, 0.0015235024243143258], [0.0010456144957562347, 0.0011494299437237146, -0.003004539491576694], [0.0015235024243143254, -0.003004539491576694, 0.05453271525094738]], "chi2_level": 0.95, "chi2_df": 3, "chi2_threshold": 7.814727903251179, "N_raw": 46, "N_roi": 45, "N_inlier": 40, "refit": true}
{"timestamp": "14:09:07.105221", "frame": 79, "mu": [-1.2555298909603863, 2.0968274020539424, 1.4315148455791342], "Sigma": [[0.006518273276603128, 0.0017588815204905607, -0.004377578472502604], [0.0017588815204905607, 0.005064597822101826, -0.003683508711771394], [-0.004377578472502604, -0.0036835087117713947, 0.05820754487900898]], "chi2_level": 0.95, "chi2_df": 3, "chi2_threshold": 7.814727903251179, "N_raw": 50, "N_roi": 50, "N_inlier": 46, "refit": true}
{"timestamp": "14:09:07.160203", "frame": 80, "mu": [-1.2417339236991285, 2.1149120764408136, 1.4443041446075913], "Sigma": [[0.009038896622984197, 0.0007833085072694503, 0.0007962513841987089], [0.0007833085072694503, 0.004957914266598504, -0.0014659786147999273], [0.000796251384198708, -0.0014659786147999277, 0.05835961405283652]], "chi2_level": 0.95, "chi2_df": 3, "chi2_threshold": 7.814727903251179, "N_raw": 51, "N_roi": 50, "N_inlier": 46, "refit": true}
{"timestamp": "14:09:07.212271", "frame": 81, "mu": [-1.1838578977225065, 2.1513978673748966, 1.2144720570057406], "Sigma": [[0.013073429670094826, -0.0033847336786828985, 0.009945502090436951], [-0.0033847336786828985, 0.006531109184456675, -0.004255891658966109], [0.009945502090436951, -0.004255891658966109, 0.042648361487211586]], "chi2_level": 0.95, "chi2_df": 3, "chi2_threshold": 7.814727903251179, "N_raw": 29, "N_roi": 29, "N_inlier": 26, "refit": true}
{"timestamp": "14:09:07.263813", "frame": 82, "mu": [-1.2688977718274397, 2.159935263632784, 1.1502498485130355], "Sigma": [[0.002793469380491415, -0.0025350542827263355, -0.024015444335265278], [-0.0025350542827263355, 0.019717590442352932, 0.06519381773669267], [-0.024015444335265278, 0.06519381773669265, 0.4622393324053247]], "chi2_level": 0.95, "chi2_df": 3, "chi2_threshold": 7.814727903251179, "N_raw": 8, "N_roi": 8, "N_inlier": 8, "refit": true}
{"timestamp": "14:09:07.324437", "frame": 83, "mu": [-1.2108042361083817, 2.222918089353386, 1.337682424111974], "Sigma": [[0.0075671630972493084, 7.60585028932865e-05, -0.0035538077497369916], [7.605850289328661e-05, 0.00334193126474049, -0.0033147090443263476], [-0.0035538077497369916, -0.0033147090443263476, 0.00984742619011513]], "chi2_level": 0.95, "chi2_df": 3, "chi2_threshold": 7.814727903251179, "N_raw": 47, "N_roi": 47, "N_inlier": 43, "refit": true}
{"timestamp": "14:09:07.383696", "frame": 84, "mu": [-1.2164952920483572, 2.3951830208253924, -0.1270236673571818], "Sigma": [[0.013007194217331963, 0.0022871499697912903, -0.003742631418216568], [0.0022871499697912903, 0.009298836382434242, -0.012991134898049168], [-0.0037426314182165683, -0.012991134898049168, 0.022039642589249238]], "chi2_level": 0.95, "chi2_df": 3, "chi2_threshold": 7.814727903251179, "N_raw": 79, "N_roi": 79, "N_inlier": 77, "refit": true}
{"timestamp": "14:09:07.439532", "frame": 85, "mu": [-1.2241530996271681, 2.30875012347712, 1.1241467053859915], "Sigma": [[0.012767559305169122, 0.0017406656499156163, -0.0042294529255554195], [0.0017406656499156163, 0.0017605055900463483, -0.0023628370645328647], [-0.00422945292555542, -0.0023628370645328647, 0.05616596114639118]], "chi2_level": 0.95, "chi2_df": 3, "chi2_threshold": 7.814727903251179, "N_raw": 75, "N_roi": 75, "N_inlier": 72, "refit": true}
{"timestamp": "14:09:07.493300", "frame": 86, "mu": [-1.2223721816027857, 2.4315157015748374, 1.0621332653951734], "Sigma": [[0.012620777095734923, 0.0017242321783962487, -0.003809914494221755], [0.0017242321783962487, 0.0018380251459985159, 0.004498115430842203], [-0.0038099144942217557, 0.004498115430842203, 0.07698591574533195]], "chi2_level": 0.95, "chi2_df": 3, "chi2_threshold": 7.814727903251179, "N_raw": 67, "N_roi": 67, "N_inlier": 63, "refit": true}
{"timestamp": "14:09:07.551516", "frame": 87, "mu": [-1.2525722723903157, 2.479810690665821, 1.2679607194770939], "Sigma": [[0.014925319309847628, 0.0008317952917508049, -0.006591367327024358], [0.0008317952917508051, 0.004639169002234693, -0.007904256507433694], [-0.006591367327024356, -0.007904256507433694, 0.049821830388226955]], "chi2_level": 0.95, "chi2_df": 3, "chi2_threshold": 7.814727903251179, "N_raw": 98, "N_roi": 98, "N_inlier": 89, "refit": true}
