{"timestamp": "14:22:15.242474", "frame": 18, "mu": [2.0681662504251337, 2.171558031386451, 1.2801314940034716], "Sigma": [[0.0024971661409960567, -0.0010918497879987418, -0.0033288147387761768], [-0.0010918497879987418, 0.0011994943539493856, -0.0011601954689395213], [-0.0033288147387761763, -0.0011601954689395213, 0.01413803134243355]], "chi2_level": 0.95, "chi2_df": 3, "chi2_threshold": 7.814727903251179, "N_raw": 13, "N_roi": 13, "N_inlier": 12, "refit": true}
{"timestamp": "14:22:15.518392", "frame": 23, "mu": [1.922279667471928, 2.006531516755217, 1.0548164078657338], "Sigma": [[0.025489382779537884, -0.039038444779219826, -0.08986106258631402], [-0.039038444779219826, 0.06702561150287503, 0.14969389677533962], [-0.08986106258631402, 0.14969389677533962, 0.3586806934736663]], "chi2_level": 0.95, "chi2_df": 3, "chi2_threshold": 7.814727903251179, "N_raw": 11, "N_roi": 11, "N_inlier": 11, "refit": true}
{"timestamp": "14:22:15.577438", "frame": 24, "mu": [1.734756271823744, 2.1147593443466097, 1.1474971488083234], "Sigma": [[0.008141183241050346, -0.009012944318166568, -0.014265940254546338], [-0.009012944318166568, 0.011110898454133667, 0.019794539027713477], [-0.014265940254546338, 0.019794539027713477, 0.08063539208180262]], "chi2_level": 0.95, "chi2_df": 3, "chi2_threshold": 7.814727903251179, "N_raw": 42, "N_roi": 41, "N_inlier": 40, "refit": true}
{"timestamp": "14:22:15.634888", "frame": 25, "mu": [1.728528780961736, 2.1484236882720653, -0.8223239706751033], "Sigma": [[0.011105994787551665, 0.001260965538850743, 0.01293504242291744], [0.0012609655388507433, 0.004999095002144903, 0.013583302252789605], [0.012935042422917441, 0.013583302252789605, 0.10189116548235463]], "chi2_level": 0.95, "chi2_df": 3, "chi2_threshold": 7.814727903251179, "N_raw": 41, "N_roi": 41, "N_inlier": 39, "refit": true}
{"timestamp": "14:22:15.686371", "frame": 26, "mu": [1.621969562397965, 2.198583485155629, 0.8490641317034752], "Sigma": [[0.002515067660783725, -0.0038429594321993817, -0.001206090039810889], [-0.0038429594321993813, 0.027486611138574372, -0.006663563786278739], [-0.0012060900398108882, -0.006663563786278739, 0.01946688084590655]], "chi2_level": 0.95, "chi2_df": 3, "chi2_threshold": 7.814727903251179, "N_raw": 19, "N_roi": 19, "N_inlier": 17, "refit": true}
{"timestamp": "14:22:15.746175", "frame": 27, "mu": [1.5302545158123249, 2.0691601582477746, 1.0500529577097344], "Sigma": [[0.008801296229846966, -0.0071171099963100335, -0.008396980263498803], [-0.0071171099963100335, 0.006679900998716157, 0.0036203371241484627], [-0.008396980263498803, 0.0036203371241484627, 0.041304996249596236]], "chi2_level": 0.95, "chi2_df": 3, "chi2_threshold": 7.814727903251179, "N_raw": 52, "N_roi": 52, "N_inlier": 47, "refit": true}
{"timestamp": "14:22:15.802461", "frame": 28, "mu": [1.5713522466488405, 1.9514562950536631, 0.85903143728961], "Sigma": [[0.013040796655634445, -0.011121598452663927, -0.0070855435870738285], [-0.011121598452663927, 0.01386801716107905, 0.00364390004662306], [-0.007085543587073829, 0.00364390004662306, 0.019401418279059758]], "chi2_level": 0.95, "chi2_df": 3, "chi2_threshold": 7.814727903251179, "N_raw": 59, "N_roi": 59, "N_inlier": 56, "refit": true}
{"timestamp": "14:22:15.855671", "frame": 29, "mu": [1.488603995003212, 1.8906558913964409, 0.8373866690497709], "Sigma": [[0.012114882296966117, -0.010723879928817745, -0.015561356393228927], [-0.010723879928817745, 0.012740112064181143, 0.015753125038305775], [-0.015561356393228929, 0.015753125038305775, 0.04026285716220135]], "chi2_level": 0.95, "chi2_df": 3, "chi2_threshold": 7.814727903251179, "N_raw": 49, "N_roi": 47, "N_inlier": 43, "refit": true}
{"timestamp": "14:22:15.910360", "frame": 30, "mu": [1.4271814427776106, 1.8548167258571755, 0.7800421752187744], "Sigma": [[0.012531653714316757, -0.009869587471675885, -0.0057526725962327024], [-0.009869587471675885, 0.01031510745944071, 0.0029975607855280877], [-0.0057526725962327024, 0.0029975607855280877, 0.00572663310272942]], "chi2_level": 0.95, "chi2_df": 3, "chi2_threshold": 7.814727903251179, "N_raw": 49, "N_roi": 49, "N_inlier": 44, "refit": true}
{"timestamp": "14:22:15.967279", "frame": 31, "mu": [1.273831774575123, 1.949274699255917, 1.0763324651518802], "Sigma": [[0.014433894625249062, -0.010256947907416318, -0.022029811886580927], [-0.010256947907416318, 0.009572362047395377, 0.017191374617661223], [-0.022029811886580927, 0.017191374617661223, 0.06697277222397642]], "chi2_level": 0.95, "chi2_df": 3, "chi2_threshold": 7.814727903251179, "N_raw": 63, "N_roi": 63, "N_inlier": 63, "refit": true}
{"timestamp": "14:22:16.022656", "frame": 32, "mu": [1.2627335370308652, 1.8914049625795266, 0.9216862362188268], "Sigma": [[0.010171799702976892, -0.00628072891566232, -0.009277833183232862], [-0.00628072891566232, 0.0058172872897620685, 0.004523235898574708], [-0.00927783318323286, 0.004523235898574708, 0.032308529890730006]], "chi2_level": 0.95, "chi2_df": 3, "chi2_threshold": 7.814727903251179, "N_raw": 62, "N_roi": 61, "N_inlier": 59, "refit": true}
{"timestamp": "14:22:16.075966", "frame": 33, "mu": [1.1247777518206312, 1.922008544574741, 1.2183032199242287], "Sigma": [[0.00808467789676342, -0.006317945712610452, -0.016161277848232562], [-0.006317945712610451, 0.008318700732282991, 0.01193324330954037], [-0.016161277848232562, 0.011933243309540369, 0.051981466445657654]], "chi2_level": 0.95, "chi2_df": 3, "chi2_threshold": 7.814727903251179, "N_raw": 49, "N_roi": 48, "N_inlier": 46, "refit": true}
{"timestamp": "14:22:16.133470", "frame": 34, "mu": [1.0598842054578406, 1.9310085584895615, 1.2255525499681148], "Sigma": [[0.01034751042847649, -0.0057822605110392465, -0.00989776360070484], [-0.0057822605110392465, 0.009149393931871344, 0.0041553915033293], [-0.009897763600704839, 0.0041553915033293, 0.012271347386566338]], "chi2_level": 0.95, "chi2_df": 3, "chi2_threshold": 7.814727903251179, "N_raw": 67, "N_roi": 63, "N_inlier": 60, "refit": true}
{"timestamp": "14:22:16.188995", "frame": 35, "mu": [0.9934935171097139, 1.9516379919897306, 1.2908042926663228], "Sigma": [[0.00784472352575346, -0.00662061713619652, -0.008627723868068506], [-0.00662061713619652, 0.013282849300955158, 0.008017261882557152], [-0.008627723868068506, 0.008017261882557152, 0.011594001718509701]], "chi2_level": 0.95, "chi2_df": 3, "chi2_threshold": 7.814727903251179, "N_raw": 61, "N_roi": 60, "N_inlier": 55, "refit": true}
{"timestamp": "14:22:16.243675", "frame": 36, "mu": [0.9457585793598312, 1.9511581603708368, 1.2178040256489089], "Sigma": [[0.00884110181703058, -0.0045711465006787, -0.010445770876786557], [-0.0045711465006787, 0.006705009194835735, 0.00887689711305455], [-0.010445770876786557, 0.00887689711305455, 0.05571471819824292]], "chi2_level": 0.95, "chi2_df": 3, "chi2_threshold": 7.814727903251179, "N_raw": 65, "N_roi": 63, "N_inlier": 59, "refit": true}
{"timestamp": "14:22:16.290704", "frame": 37, "mu": [0.8502730738788573, 1.903069567885219, 0.5337665956417953], "Sigma": [[0.008621911200823206, -4.2225444042468874e-05, 0.024885813078525616], [-4.2225444042468874e-05, 0.002485838102467758, -0.024922371820789792], [0.024885813078525613, -0.024922371820789792, 0.42567363661550245]], "chi2_level": 0.95, "chi2_df": 3, "chi2_threshold": 7.814727903251179, "N_raw": 14, "N_roi": 14, "N_inlier": 14, "refit": true}
{"timestamp": "14:22:16.352212", "frame": 38, "mu": [0.8019987888407393, 1.9381436800168312, 0.8826941151742402], "Sigma": [[0.008627898207395561, -0.002920644760937668, -0.004583174646509267], [-0.0029206447609376675, 0.003344574550017714, 0.00033161671497347297], [-0.004583174646509267, 0.00033161671497347297, 0.03576244278430081]], "chi2_level": 0.95, "chi2_df": 3, "chi2_threshold": 7.814727903251179, "N_raw": 59, "N_roi": 59, "N_inlier": 54, "refit": true}
{"timestamp": "14:22:16.411875", "frame": 39, "mu": [0.6744873862396763, 1.977304295070679, 1.143387426840559], "Sigma": [[0.008467943176026381, -0.0036376118102401877, -0.006924149008576307], [-0.0036376118102401872, 0.007848395534417149, -4.834965815283653e-06], [-0.006924149008576307, -4.834965815284304e-06, 0.025987481727042232]], "chi2_level": 0.95, "chi2_df": 3, "chi2_threshold": 7.814727903251179, "N_raw": 87, "N_roi": 85, "N_inlier": 81, "refit": true}
{"timestamp": "14:22:16.464683", "frame": 40, "mu": [0.5694488074162819, 2.172950853664485, -0.2530676032202524], "Sigma": [[0.0064495825020426155, -0.0007985983709507616, -0.007294322292741491], [-0.0007985983709507616, 0.0043759334762608, -0.010483096725052043], [-0.0072943222927414906, -0.010483096725052043, 0.05761580215827874]], "chi2_level": 0.95, "chi2_df": 3, "chi2_threshold": 7.814727903251179, "N_raw": 65, "N_roi": 65, "N_inlier": 61, "refit": true}
{"timestamp": "14:22:16.516837", "frame": 41, "mu": [0.4954424763759056, 2.081325234984239, 1.413716303722109], "Sigma": [[0.005918788023147915, -0.002178049210217657, -0.0060789361665954875], [-0.002178049210217657, 0.007487513073784258, 0.003852894514627954], [-0.0060789361665954875, 0.003852894514627954, 0.010008580069389667]], "chi2_level": 0.95, "chi2_df": 3, "chi2_threshold": 7.814727903251179, "N_raw": 55, "N_roi": 55, "N_inlier": 51, "refit": true}
{"timestamp": "14:22:16.577029", "frame": 42, "mu": [0.41156904551458595, 2.0515456515798274, 1.2788278552612395], "Sigma": [[0.00804168521898619, -0.004500488661146825, -0.012727322351913765], [-0.004500488661146826, 0.012797482588317829, 0.017277756089079013], [-0.012727322351913765, 0.017277756089079013, 0.0664539551140243]], "chi2_level": 0.95, "chi2_df": 3, "chi2_threshold": 7.814727903251179, "N_raw": 86, "N_roi": 86, "N_inlier": 83, "refit": true}
{"timestamp": "14:22:16.625098", "frame": 43, "mu": [0.451797585784956, 1.9433431653516677, 0.7599349362090015], "Sigma": [[0.0037362873111732964, -0.0016835017335942203, -0.00443515379858871], [-0.0016835017335942203, 0.00263829628184973, 0.0038342793398353386], [-0.00443515379858871, 0.0038342793398353395, 0.03624889530966271]], "chi2_level": 0.95, "chi2_df": 3, "chi2_threshold": 7.814727903251179, "N_raw": 40, "N_roi": 29, "N_inlier": 25, "refit": true}
{"timestamp": "14:22:16.687005", "frame": 44, "mu": [0.25958377644697356, 2.118223572670172, 1.4262547085518869], "Sigma": [[0.011099227671349807, -0.0026959030470290798, -0.01900929964173148], [-0.0026959030470290793, 0.009422480069399464, 0.012363071146389052], [-0.01900929964173148, 0.012363071146389052, 0.07647780235529272]], "chi2_level": 0.95, "chi2_df": 3, "chi2_threshold": 7.814727903251179, "N_raw": 90, "N_roi": 84, "N_inlier": 77, "refit": true}
{"timestamp": "14:22:16.740978", "frame": 45, "mu": [0.15873747677757696, 2.0664106650747396, 1.1648681463594317], "Sigma": [[0.007676013045104423, -0.0037656829169008224, -0.02224904491705381], [-0.003765682916900822, 0.011238205542854296, 0.053444678163846335], [-0.02224904491705381, 0.053444678163846335, 0.4153005640789209]], "chi2_level": 0.95, "chi2_df": 3, "chi2_threshold": 7.814727903251179, "N_raw": 77, "N_roi": 72, "N_inlier": 71, "refit": true}
{"timestamp": "14:22:16.798319", "frame": 46, "mu": [0.006179543065369546, 2.2217444551973244, 0.0067996331037776135], "Sigma": [[0.01212836817055605, -0.0052664657059368365, 0.10113473973823431], [-0.005266465705936836, 0.024957043741829082, -0.08155462730524624], [0.10113473973823431, -0.08155462730524625, 1.2433912266609786]], "chi2_level": 0.95, "chi2_df": 3, "chi2_threshold": 7.814727903251179, "N_raw": 95, "N_roi": 93, "N_inlier": 90, "refit": true}
{"timestamp": "14:22:16.852280", "frame": 47, "mu": [-0.10256661711378896, 2.290320505655136, -0.4938993508509102], "Sigma": [[0.031697990768017784, -0.034422500345811416, 0.05703152441269244], [-0.034422500345811416, 0.056407780870650806, -0.054856228435397406], [0.05703152441269244, -0.054856228435397406, 0.20155872576878966]], "chi2_level": 0.95, "chi2_df": 3, "chi2_threshold": 7.814727903251179, "N_raw": 92, "N_roi": 92, "N_inlier": 89, "refit": true}
{"timestamp": "14:22:16.904015", "frame": 48, "mu": [-0.028596757145940274, 2.0154927676239094, 1.0749067233351055], "Sigma": [[0.005939782567721667, -0.002989921526678281, -0.002321327374485846], [-0.0029899215266782813, 0.005470537649727151, -0.0024019429690063264], [-0.002321327374485846, -0.0024019429690063264, 0.009793519488352219]], "chi2_level": 0.95, "chi2_df": 3, "chi2_threshold": 7.814727903251179, "N_raw": 67, "N_roi": 63, "N_inlier": 58, "refit": true}
{"timestamp": "14:22:16.957084", "frame": 49, "mu": [-0.11640673229199683, 2.0024140351127895, 1.1284239577834798], "Sigma": [[0.006831152020249862, -0.009386798381451116, -0.02089189706879927], [-0.009386798381451116, 0.015716565087255108, 0.031635932445996856], [-0.02089189706879927, 0.031635932445996856, 0.08503608114177895]], "chi2_level": 0.95, "chi2_df": 3, "chi2_threshold": 7.814727903251179, "N_raw": 52, "N_roi": 49, "N_inlier": 43, "refit": true}
{"timestamp": "14:22:17.008529", "frame": 50, "mu": [-0.2076602701107522, 1.982774665805107, 1.2239182641414286], "Sigma": [[0.01064337830506172, -0.0019924832993711682, 0.014060487520746295], [-0.0019924832993711682, 0.003166029755975513, -0.00104117109743147], [0.014060487520746295, -0.00104117109743147, 0.05178537481072047]], "chi2_level": 0.95, "chi2_df": 3, "chi2_threshold": 7.814727903251179, "N_raw": 31, "N_roi": 31, "N_inlier": 27, "refit": true}
{"timestamp": "14:22:17.073089", "frame": 51, "mu": [-0.3044532759031302, 2.0902731976212356, 1.0060452023050934], "Sigma": [[0.015180040254814205, 0.0029459064099663047, -0.04133783039763546], [0.002945906409966305, 0.004452279460278861, -0.021359266309163297], [-0.04133783039763546, -0.021359266309163297, 0.2090108412358236]], "chi2_level": 0.95, "chi2_df": 3, "chi2_threshold": 7.814727903251179, "N_raw": 103, "N_roi": 102, "N_inlier": 98, "refit": true}
{"timestamp": "14:22:17.128807", "frame": 52, "mu": [-0.370141226869337, 2.097930373527258, 0.8723942994291503], "Sigma": [[0.014608413414414963, -0.0009824207383150906, -0.04835645535177655], [-0.0009824207383150904, 0.0015404167635276105, -0.0031767239902340217], [-0.04835645535177656, -0.003176723990234022, 0.3014043366682306]], "chi2_level": 0.95, "chi2_df": 3, "chi2_threshold": 7.814727903251179, "N_raw": 97, "N_roi": 94, "N_inlier": 91, "refit": true}
{"timestamp": "14:22:17.181471", "frame": 53, "mu": [-0.496966663862317, 2.0441718572105994, 1.0840797488498697], "Sigma": [[0.00994465892890371, 0.0011086304856087635, -0.03331974387486872], [0.0011086304856087635, 0.005064019976599805, -0.015294847973870741], [-0.03331974387486872, -0.015294847973870741, 0.26570967733539863]], "chi2_level": 0.95, "chi2_df": 3, "chi2_threshold": 7.814727903251179, "N_raw": 84, "N_roi": 82, "N_inlier": 80, "refit": true}
{"timestamp": "14:22:17.237987", "frame": 54, "mu": [-0.5675886694270912, 2.0330407529002725, 1.0786410869323957], "Sigma": [[0.007837874777205335, 0.0006338907798600315, -0.02201767576993394], [0.0006338907798600314, 0.00578830968290034, -0.01535680946363192], [-0.02201767576993394, -0.015356809463631922, 0.17041983930407795]], "chi2_level": 0.95, "chi2_df": 3, "chi2_threshold": 7.814727903251179, "N_raw": 97, "N_roi": 97, "N_inlier": 93, "refit": true}
{"timestamp": "14:22:17.286313", "frame": 55, "mu": [-0.672536835981105, 1.9465160770136025, 1.3801402067070085], "Sigma": [[0.006402307755040522, -0.0014674408934838956, -0.006983568402668538], [-0.0014674408934838956, 0.00952367936792393, 0.010065758982612909], [-0.006983568402668538, 0.010065758982612909, 0.017352181854615144]], "chi2_level": 0.95, "chi2_df": 3, "chi2_threshold": 7.814727903251179, "N_raw": 47, "N_roi": 45, "N_inlier": 42, "refit": true}
{"timestamp": "14:22:17.345043", "frame": 56, "mu": [-0.7453978850891176, 1.9488536141454995, 1.211203642683119], "Sigma": [[0.008953204690044259, 0.0002973148256660198, -0.005814015985742998], [0.0002973148256660195, 0.00860568666382395, -0.00463501889072603], [-0.005814015985742998, -0.00463501889072603, 0.007847339813583739]], "chi2_level": 0.95, "chi2_df": 3, "chi2_threshold": 7.814727903251179, "N_raw": 85, "N_roi": 85, "N_inlier": 80, "refit": true}
{"timestamp": "14:22:17.398974", "frame": 57, "mu": [-0.8446233401153533, 1.9646703947505189, 1.3078363425556896], "Sigma": [[0.007899958554592803, 0.003541562829814167, -0.004910791469856035], [0.003541562829814167, 0.011782960187531348, -0.0019165663604434158], [-0.004910791469856035, -0.0019165663604434158, 0.004193047270108897]], "chi2_level": 0.95, "chi2_df": 3, "chi2_threshold": 7.814727903251179, "N_raw": 68, "N_roi": 68, "N_inlier": 64, "refit": true}
{"timestamp": "14:22:17.452837", "frame": 58, "mu": [-0.8826946662321034, 2.055409545713628, 1.3467760676729723], "Sigma": [[0.006838162235408468, 0.0011654916928229315, -0.006624562426681389], [0.0011654916928229317, 0.0037795250983455905, -0.004883301354852598], [-0.006624562426681389, -0.004883301354852598, 0.021515213460672866]], "chi2_level": 0.95, "chi2_df": 3, "chi2_threshold": 7.814727903251179, "N_raw": 61, "N_roi": 61, "N_inlier": 54, "refit": true}
{"timestamp": "14:22:17.500531", "frame": 59, "mu": [-0.9148549870372031, 2.0311824152403317, 0.6899086814745718], "Sigma": [[0.037000099212587054, -0.006849644456507845, -0.035467961202293834], [-0.006849644456507846, 0.005215764060235207, 0.018431480207866727], [-0.035467961202293834, 0.018431480207866727, 0.4514766263715871]], "chi2_level": 0.95, "chi2_df": 3, "chi2_threshold": 7.814727903251179, "N_raw": 11, "N_roi": 11, "N_inlier": 11, "refit": true}
{"timestamp": "14:22:17.565267", "frame": 60, "mu": [-0.9984623227572533, 2.112219437334, -0.728671068585348], "Sigma": [[0.03450962512845772, 0.027261498439845114, -0.04100233579870029], [0.027261498439845114, 0.02852206713771771, -0.03542377492272808], [-0.04100233579870029, -0.03542377492272808, 0.052734863661955664]], "chi2_level": 0.95, "chi2_df": 3, "chi2_threshold": 7.814727903251179, "N_raw": 81, "N_roi": 81, "N_inlier": 73, "refit": true}
{"timestamp": "14:22:17.624777", "frame": 61, "mu": [-1.107051570578477, 2.0544150632144733, -0.2324118153865845], "Sigma": [[0.02427181518886666, 0.004814333729783115, 0.06234420991055959], [0.004814333729783115, 0.016294477309669094, 0.028892503290279783], [0.06234420991055959, 0.02889250329027978, 0.3113116159186195]], "chi2_level": 0.95, "chi2_df": 3, "chi2_threshold": 7.814727903251179, "N_raw": 102, "N_roi": 101, "N_inlier": 99, "refit": true}
{"timestamp": "14:22:17.670441", "frame": 62, "mu": [-1.2571864165818478, 2.0407133171279344, 1.3212892598021961], "Sigma": [[0.025077412254844486, 0.00074757255523692, -0.07250361966061422], [0.00074757255523692, 0.004513961396659862, -0.0024581381746642656], [-0.07250361966061422, -0.0024581381746642656, 0.24205586124964967]], "chi2_level": 0.95, "chi2_df": 3, "chi2_threshold": 7.814727903251179, "N_raw": 39, "N_roi": 39, "N_inlier": 35, "refit": true}
{"timestamp": "14:22:17.725244", "frame": 63, "mu": [-1.344582944985577, 2.007439691989867, 1.4127593857073093], "Sigma": [[0.00923307712018037, 0.0006097867039361149, -0.022224295176527877], [0.0006097867039361151, 0.007955715236392174, 0.00035623116364201686], [-0.022224295176527877, 0.0003562311636420164, 0.07795880735375889]], "chi2_level": 0.95, "chi2_df": 3, "chi2_threshold": 7.814727903251179, "N_raw": 46, "N_roi": 46, "N_inlier": 42, "refit": true}
{"timestamp": "14:22:17.783383", "frame": 64, "mu": [-1.4478444659812795, 2.0808620685952017, -0.7034290823712439], "Sigma": [[0.014207320471945827, 0.011248408153835857, -0.012570474427508572], [0.011248408153835857, 0.019386743170696705, -0.017604573037216634], [-0.012570474427508574, -0.017604573037216634, 0.03107972076096769]], "chi2_level": 0.95, "chi2_df": 3, "chi2_threshold": 7.814727903251179, "N_raw": 68, "N_roi": 68, "N_inlier": 60, "refit": true}
{"timestamp": "14:22:17.836514", "frame": 65, "mu": [-1.574593454061384, 2.0502619194911382, 1.516501122765162], "Sigma": [[0.00741792422812737, 0.0022593338157636325, -0.011052166436717251], [0.002259333815763632, 0.005249242066894874, -0.009836064914560915], [-0.011052166436717251, -0.009836064914560915, 0.060484867123312816]], "chi2_level": 0.95, "chi2_df": 3, "chi2_threshold": 7.814727903251179, "N_raw": 53, "N_roi": 53, "N_inlier": 46, "refit": true}
{"timestamp": "14:22:17.892001", "frame": 66, "mu": [-1.605441125542789, 2.0198328221538846, 1.4598732906119014], "Sigma": [[0.007150336500151584, 0.002160428242809114, -0.0008743083077261348], [0.002160428242809114, 0.010498303636007235, 0.0008421853409863327], [-0.0008743083077261346, 0.0008421853409863329, 0.04877417141337733]], "chi2_level": 0.95, "chi2_df": 3, "chi2_threshold": 7.814727903251179, "N_raw": 51, "N_roi": 51, "N_inlier": 46, "refit": true}
{"timestamp": "14:22:17.943533", "frame": 67, "mu": [-1.7595758408676208, 1.9192325894063176, 1.427455416900787], "Sigma": [[0.029508714809188055, 0.01911900539282784, -0.023123957428497884], [0.01911900539282784, 0.02529605095010244, -0.05556089672815146], [-0.023123957428497884, -0.05556089672815146, 0.19330749142081566]], "chi2_level": 0.95, "chi2_df": 3, "chi2_threshold": 7.814727903251179, "N_raw": 31, "N_roi": 31, "N_inlier": 30, "refit": true}
{"timestamp": "14:22:18.006238", "frame": 68, "mu": [-1.8978156397147148, 1.7660971467971276, 1.576184944917075], "Sigma": [[0.03955105654603108, 0.017582801200295872, -0.052274366354986584], [0.017582801200295872, 0.02050610458820141, -0.013624209074878827], [-0.0522743663549866, -0.013624209074878827, 0.08392838331081885]], "chi2_level": 0.95, "chi2_df": 3, "chi2_threshold": 7.814727903251179, "N_raw": 87, "N_roi": 87, "N_inlier": 83, "refit": true}
{"timestamp": "14:22:18.064162", "frame": 69, "mu": [-1.9998795047585163, 1.7603358198505992, 1.585236005143686], "Sigma": [[0.02953631299410215, 0.014843389543221966, -0.03098863588751388], [0.014843389543221962, 0.025755227661933174, -0.008437522242685982], [-0.030988635887513875, -0.008437522242685982, 0.041020739972078744]], "chi2_level": 0.95, "chi2_df": 3, "chi2_threshold": 7.814727903251179, "N_raw": 103, "N_roi": 103, "N_inlier": 101, "refit": true}
{"timestamp": "14:22:18.120385", "frame": 70, "mu": [-2.053415335236505, 1.774813714511112, 1.6117168392333703], "Sigma": [[0.0362804310288153, 0.0196606434061379, -0.037865826271224944], [0.0196606434061379, 0.0264850449819459, -0.014445992150795391], [-0.03786582627122494, -0.014445992150795391, 0.04361687106036154]], "chi2_level": 0.95, "chi2_df": 3, "chi2_threshold": 7.814727903251179, "N_raw": 106, "N_roi": 106, "N_inlier": 103, "refit": true}
{"timestamp": "14:22:18.174041", "frame": 71, "mu": [-2.1561017571497065, 1.7523268930025102, 1.5962157376809787], "Sigma": [[0.025184108592656903, 0.016568498459718008, -0.026314156252033157], [0.016568498459718008, 0.02854153737014179, -0.018654864595754356], [-0.026314156252033157, -0.018654864595754356, 0.03500955322489229]], "chi2_level": 0.95, "chi2_df": 3, "chi2_threshold": 7.814727903251179, "N_raw": 98, "N_roi": 97, "N_inlier": 94, "refit": true}
{"timestamp": "14:22:18.222113", "frame": 72, "mu": [-2.2477767832212607, 1.7331078482842037, 1.5923998064534712], "Sigma": [[0.014259390520523154, 0.010802719262214489, -0.01351918762487295], [0.010802719262214489, 0.018304543811645754, -0.011722056429210714], [-0.01351918762487295, -0.011722056429210714, 0.016085568356753264]], "chi2_level": 0.95, "chi2_df": 3, "chi2_threshold": 7.814727903251179, "N_raw": 59, "N_roi": 58, "N_inlier": 54, "refit": true}
{"timestamp": "14:22:18.276958", "frame": 73, "mu": [-2.309681227484164, 1.8246368547198137, -0.013165168961169102], "Sigma": [[0.008551973016785277, 0.008177705332206707, -0.007138044371367073], [0.008177705332206707, 0.01866648772717893, -0.012819776678734428], [-0.007138044371367072, -0.012819776678734428, 0.01743788797875572]], "chi2_level": 0.95, "chi2_df": 3, "chi2_threshold": 7.814727903251179, "N_raw": 54, "N_roi": 48, "N_inlier": 42, "refit": true}
{"timestamp": "14:22:18.402548", "frame": 74, "mu": [-2.3585142109462653, 1.7672884025111164, -0.05661080819788848], "Sigma": [[0.007532031587132247, 0.006859674312037434, -0.0036978856145703067], [0.006859674312037434, 0.022146130418206428, -0.0028821422324758522], [-0.0036978856145703067, -0.002882142232475852, 0.009629797982882387]], "chi2_level": 0.95, "chi2_df": 3, "chi2_threshold": 7.814727903251179, "N_raw": 59, "N_roi": 45, "N_inlier": 44, "refit": true}
{"timestamp": "14:22:18.429309", "frame": 75, "mu": [-2.345293098558363, 1.7763667128206713, 1.3510058290111677], "Sigma": [[0.007170220666323906, 0.004144625273319747, -0.0064771796868461655], [0.004144625273319747, 0.014887471774370152, -0.008058824357190136], [-0.0064771796868461655, -0.008058824357190136, 0.010413112933108157]], "chi2_level": 0.95, "chi2_df": 3, "chi2_threshold": 7.814727903251179, "N_raw": 66, "N_roi": 45, "N_inlier": 41, "refit": true}
{"timestamp": "14:22:18.461000", "frame": 76, "mu": [-2.394058355958143, 1.7157341172012495, 1.1077746929483234], "Sigma": [[0.005571242124661062, 0.004706434569964145, -0.006099593964332849], [0.004706434569964145, 0.009524915401446154, -0.010362721601340061], [-0.006099593964332849, -0.010362721601340061, 0.020416178551787748]], "chi2_level": 0.95, "chi2_df": 3, "chi2_threshold": 7.814727903251179, "N_raw": 48, "N_roi": 29, "N_inlier": 28, "refit": true}
{"timestamp": "14:22:18.495975", "frame": 77, "mu": [-2.418059691851041, 1.7408306492076402, 1.384003618533441], "Sigma": [[0.0029516344947266323, 0.0015517191884879336, -0.0011543359766083136], [0.0015517191884879336, 0.011024834216323637, -0.003475126486096616], [-0.0011543359766083131, -0.0034751264860966155, 0.0019397038580070895]], "chi2_level": 0.95, "chi2_df": 3, "chi2_threshold": 7.814727903251179, "N_raw": 53, "N_roi": 21, "N_inlier": 20, "refit": true}
{"timestamp": "14:22:18.552456", "frame": 78, "mu": [-2.4386876907671047, 1.7917623396369946, 1.2970637654071613], "Sigma": [[0.0017863579324222977, 0.00017460077876178026, -0.002334527815394599], [0.00017460077876178026, 0.010828222435729357, -0.006444698970935115], [-0.0023345278153945985, -0.006444698970935116, 0.013089866670238308]], "chi2_level": 0.95, "chi2_df": 3, "chi2_threshold": 7.814727903251179, "N_raw": 62, "N_roi": 17, "N_inlier": 15, "refit": true}
