{"timestamp": "14:15:25.948072", "frame": 25, "mu": [-2.4031618892245796, 4.668159314232654, 0.0460433491108626], "Sigma": [[0.004020106305423337, 0.0011360196507240337, 0.0019254465221481927], [0.001136019650724034, 0.005015483610528946, -0.009026178643622968], [0.0019254465221481927, -0.009026178643622968, 0.02518134336933405]], "chi2_level": 0.95, "chi2_df": 3, "chi2_threshold": 7.814727903251179, "N_raw": 56, "N_roi": 11, "N_inlier": 11, "refit": true}
{"timestamp": "14:15:26.271155", "frame": 31, "mu": [-2.3367391568509146, 4.351596676773304, 0.7454369288435189], "Sigma": [[0.006627274834185252, 0.004893774359341982, -0.012099783015740238], [0.004893774359341982, 0.016091519365555883, -0.012762754492370377], [-0.012099783015740238, -0.012762754492370375, 0.023672029277410897]], "chi2_level": 0.95, "chi2_df": 3, "chi2_threshold": 7.814727903251179, "N_raw": 9, "N_roi": 7, "N_inlier": 7, "refit": true}
{"timestamp": "14:15:26.380392", "frame": 33, "mu": [-2.148100107410492, 4.373799837793061, 0.7211443566326914], "Sigma": [[0.0013765358556088547, -4.53830064161137e-05, -0.005142881098936568], [-4.5383006416113486e-05, 0.017081611287380387, -0.002914744564515754], [-0.005142881098936568, -0.002914744564515755, 0.02188940146817716]], "chi2_level": 0.95, "chi2_df": 3, "chi2_threshold": 7.814727903251179, "N_raw": 11, "N_roi": 7, "N_inlier": 7, "refit": true}
{"timestamp": "14:15:26.436433", "frame": 34, "mu": [-2.1735394198053832, 4.3557152628046305, 0.9689725588910851], "Sigma": [[0.015902174607643305, 0.008743693367215338, -0.02545029631393103], [0.008743693367215338, 0.008309288872969813, -0.02068612895013633], [-0.02545029631393103, -0.02068612895013633, 0.07139471955313831]], "chi2_level": 0.95, "chi2_df": 3, "chi2_threshold": 7.814727903251179, "N_raw": 17, "N_roi": 16, "N_inlier": 15, "refit": true}
{"timestamp": "14:15:26.544716", "frame": 36, "mu": [-2.023580442664738, 4.323950240583746, 0.6961511430639082], "Sigma": [[0.013049710579726797, 0.005986672723122646, -0.03196102952046928], [0.005986672723122646, 0.008549865144138774, -0.027053513249266307], [-0.03196102952046928, -0.027053513249266303, 0.1108119969986638]], "chi2_level": 0.95, "chi2_df": 3, "chi2_threshold": 7.814727903251179, "N_raw": 7, "N_roi": 7, "N_inlier": 7, "refit": true}
{"timestamp": "14:15:26.765662", "frame": 40, "mu": [-1.8174543004129995, 4.421983379951503, 1.2306843673377466], "Sigma": [[0.005891096761252773, 0.001916417447421916, -0.014785841843461819], [0.001916417447421916, 0.003532102821917445, -0.007055199674248157], [-0.014785841843461822, -0.007055199674248157, 0.08062874325855802]], "chi2_level": 0.95, "chi2_df": 3, "chi2_threshold": 7.814727903251179, "N_raw": 14, "N_roi": 14, "N_inlier": 12, "refit": true}
{"timestamp": "14:15:26.822757", "frame": 41, "mu": [-1.6616682584602434, 4.355396218328519, 1.0195869619269033], "Sigma": [[0.01530415308846253, 0.004581356222427623, -0.010255524572359676], [0.004581356222427623, 0.003857551440290292, -0.0006515026733518204], [-0.010255524572359676, -0.0006515026733518202, 0.010860445705568442]], "chi2_level": 0.95, "chi2_df": 3, "chi2_threshold": 7.814727903251179, "N_raw": 23, "N_roi": 19, "N_inlier": 18, "refit": true}
{"timestamp": "14:15:26.879446", "frame": 42, "mu": [-1.6804908292906082, 4.32059515263736, 1.0106398009222808], "Sigma": [[0.020311780771653184, 0.00416387197676795, -0.014885242222486859], [0.004163871976767951, 0.0069512361340209215, 0.0023302584639033727], [-0.01488524222248686, 0.0023302584639033727, 0.01721360288431382]], "chi2_level": 0.95, "chi2_df": 3, "chi2_threshold": 7.814727903251179, "N_raw": 38, "N_roi": 35, "N_inlier": 32, "refit": true}
{"timestamp": "14:15:26.937687", "frame": 43, "mu": [-1.6250796199066253, 4.292641196711305, 0.7242124397847247], "Sigma": [[0.027461724416007215, 0.004621003302918692, -0.022031444560513327], [0.004621003302918691, 0.004569519149322642, -0.007295109017843646], [-0.022031444560513327, -0.007295109017843646, 0.024558649414803048]], "chi2_level": 0.95, "chi2_df": 3, "chi2_threshold": 7.814727903251179, "N_raw": 50, "N_roi": 49, "N_inlier": 48, "refit": true}
{"timestamp": "14:15:26.989634", "frame": 44, "mu": [-1.6013960934240865, 4.232893183540421, 0.650095239528102], "Sigma": [[0.02228821622076825, 0.003526955649374816, -0.010021537784476751], [0.003526955649374816, 0.003011038171328492, -0.002828924874522535], [-0.01002153778447675, -0.002828924874522535, 0.0066944073577873825]], "chi2_level": 0.95, "chi2_df": 3, "chi2_threshold": 7.814727903251179, "N_raw": 29, "N_roi": 29, "N_inlier": 29, "refit": true}
{"timestamp": "14:15:27.043240", "frame": 45, "mu": [-1.5159178046380246, 4.3185540114497565, 0.8073023417712667], "Sigma": [[0.007779375594512598, 0.0023116771792576936, -0.0026940447437910687], [0.0023116771792576936, 0.002922664450522183, -0.0009136685525636889], [-0.002694044743791069, -0.0009136685525636889, 0.002075744048403586]], "chi2_level": 0.95, "chi2_df": 3, "chi2_threshold": 7.814727903251179, "N_raw": 12, "N_roi": 12, "N_inlier": 11, "refit": true}
{"timestamp": "14:15:27.097067", "frame": 46, "mu": [-1.4733028522480214, 4.266207799615996, 0.6984437852095845], "Sigma": [[0.009870329310152763, 0.0032118824816978705, -0.010120610912920356], [0.003211882481697871, 0.0013535465883211407, -0.004253512463538449], [-0.010120610912920354, -0.004253512463538449, 0.032973787820220674]], "chi2_level": 0.95, "chi2_df": 3, "chi2_threshold": 7.814727903251179, "N_raw": 15, "N_roi": 14, "N_inlier": 12, "refit": true}
{"timestamp": "14:15:27.153979", "frame": 47, "mu": [-1.4017732781352361, 4.207190612708413, 0.611694787781353], "Sigma": [[0.005125445945332815, 0.0014836066727276455, -0.0039881427987097495], [0.0014836066727276455, 0.0016597688727625914, -0.0037218823493074702], [-0.0039881427987097495, -0.0037218823493074702, 0.011595782776866468]], "chi2_level": 0.95, "chi2_df": 3, "chi2_threshold": 7.814727903251179, "N_raw": 18, "N_roi": 16, "N_inlier": 14, "refit": true}
{"timestamp": "14:15:27.209518", "frame": 48, "mu": [-1.3272915797159346, 4.295981859570311, 0.546815838130603], "Sigma": [[0.008704342227690806, 0.01044102402502673, -0.021673992587407268], [0.01044102402502673, 0.015025574527604163, -0.025948784372867247], [-0.021673992587407265, -0.02594878437286724, 0.05723842047485035]], "chi2_level": 0.95, "chi2_df": 3, "chi2_threshold": 7.814727903251179, "N_raw": 14, "N_roi": 9, "N_inlier": 9, "refit": true}
{"timestamp": "14:15:27.271054", "frame": 49, "mu": [-1.2456249183633865, 4.2820925388239885, 0.7832106699317384], "Sigma": [[0.02513113064064554, 0.0014716153942808674, -0.019275456180667266], [0.0014716153942808674, 0.0017814216297859138, -0.004721769072796807], [-0.019275456180667266, -0.004721769072796807, 0.02858682888430642]], "chi2_level": 0.95, "chi2_df": 3, "chi2_threshold": 7.814727903251179, "N_raw": 69, "N_roi": 47, "N_inlier": 45, "refit": true}
{"timestamp": "14:15:27.320529", "frame": 50, "mu": [-1.2308961068666944, 4.328834020227695, 1.140404569567612], "Sigma": [[0.015953720000386338, 0.002576621342059659, -0.00988733465971343], [0.002576621342059659, 0.001220036709714839, -0.00329890138110276], [-0.00988733465971343, -0.00329890138110276, 0.016229298570693378]], "chi2_level": 0.95, "chi2_df": 3, "chi2_threshold": 7.814727903251179, "N_raw": 27, "N_roi": 24, "N_inlier": 23, "refit": true}
{"timestamp": "14:15:27.376606", "frame": 51, "mu": [-1.1477757898164789, 4.243898293900959, 0.8333270716037057], "Sigma": [[0.018573360265266764, 0.002099122020624179, -0.011842471902514178], [0.002099122020624179, 0.0014866035566802858, -0.003833968933084197], [-0.011842471902514175, -0.0038339689330841964, 0.01664685301374974]], "chi2_level": 0.95, "chi2_df": 3, "chi2_threshold": 7.814727903251179, "N_raw": 38, "N_roi": 34, "N_inlier": 33, "refit": true}
{"timestamp": "14:15:27.431154", "frame": 52, "mu": [-1.1128998715968381, 4.230931384754629, 1.0261012034935844], "Sigma": [[0.010301248888700716, 0.0037697187824815475, -0.004165151406482347], [0.0037697187824815475, 0.004923359138080834, -0.0012062388538437918], [-0.004165151406482347, -0.0012062388538437918, 0.003092160326433931]], "chi2_level": 0.95, "chi2_df": 3, "chi2_threshold": 7.814727903251179, "N_raw": 31, "N_roi": 26, "N_inlier": 25, "refit": true}
{"timestamp": "14:15:27.485650", "frame": 53, "mu": [-1.0147375981667839, 4.184068391569063, 0.9385616751386328], "Sigma": [[0.022236552018136485, 0.000294420128057565, -0.019683132075906898], [0.0002944201280575651, 0.004166085511591329, 0.004125192218339174], [-0.019683132075906898, 0.004125192218339175, 0.023346412472023587]], "chi2_level": 0.95, "chi2_df": 3, "chi2_threshold": 7.814727903251179, "N_raw": 35, "N_roi": 33, "N_inlier": 32, "refit": true}
{"timestamp": "14:15:27.543020", "frame": 54, "mu": [-0.9539282416979457, 4.181685315110282, 0.9830363337618561], "Sigma": [[0.020030294880818027, 0.00022027209268766026, -0.013697446515092656], [0.0002202720926876602, 0.005007112991410056, 0.005236946302712734], [-0.013697446515092656, 0.005236946302712734, 0.016433233439758024]], "chi2_level": 0.95, "chi2_df": 3, "chi2_threshold": 7.814727903251179, "N_raw": 42, "N_roi": 36, "N_inlier": 33, "refit": true}
{"timestamp": "14:15:27.600765", "frame": 55, "mu": [-0.8666920202302242, 4.188954688395095, 0.9113617872667862], "Sigma": [[0.03466072330340529, -0.0008078516100262754, -0.02211000922884017], [-0.0008078516100262754, 0.01210406593120347, 0.010114581997610514], [-0.02211000922884017, 0.010114581997610514, 0.023190928696809738]], "chi2_level": 0.95, "chi2_df": 3, "chi2_threshold": 7.814727903251179, "N_raw": 69, "N_roi": 69, "N_inlier": 67, "refit": true}
{"timestamp": "14:15:27.656310", "frame": 56, "mu": [-0.8224803716776699, 4.218841920091068, 1.0198731453940026], "Sigma": [[0.0329144320670544, -0.0028754423611062024, -0.020640723012916966], [-0.0028754423611062024, 0.013451215881399655, 0.014352208561653427], [-0.020640723012916966, 0.014352208561653427, 0.02815887243663765]], "chi2_level": 0.95, "chi2_df": 3, "chi2_threshold": 7.814727903251179, "N_raw": 69, "N_roi": 67, "N_inlier": 66, "refit": true}
{"timestamp": "14:15:27.703731", "frame": 57, "mu": [-0.7055195870202875, 4.2837964493089515, 0.5397851959073713], "Sigma": [[0.009492650199768, 0.012332830033124322, -0.033701956989891715], [0.012332830033124322, 0.02150574883072598, -0.05366083120128652], [-0.033701956989891715, -0.05366083120128652, 0.1993587993118352]], "chi2_level": 0.95, "chi2_df": 3, "chi2_threshold": 7.814727903251179, "N_raw": 12, "N_roi": 10, "N_inlier": 9, "refit": true}
{"timestamp": "14:15:27.759255", "frame": 58, "mu": [-0.7422884046766963, 4.2627583189905955, 1.1188407590687797], "Sigma": [[0.020846187427567907, 0.0012525381612336554, -0.036058739211203825], [0.0012525381612336554, 0.00423582388364595, -0.007468215992831813], [-0.036058739211203825, -0.007468215992831813, 0.12374042477045859]], "chi2_level": 0.95, "chi2_df": 3, "chi2_threshold": 7.814727903251179, "N_raw": 27, "N_roi": 27, "N_inlier": 25, "refit": true}
{"timestamp": "14:15:27.811498", "frame": 59, "mu": [-0.6982148398440752, 4.280810585078417, 0.6281653744782], "Sigma": [[0.006793099919822172, 0.0009757220426361347, -0.026743230205027658], [0.0009757220426361346, 0.008220413554997412, -0.03360603902305876], [-0.026743230205027654, -0.03360603902305876, 0.22068164286515227]], "chi2_level": 0.95, "chi2_df": 3, "chi2_threshold": 7.814727903251179, "N_raw": 8, "N_roi": 8, "N_inlier": 8, "refit": true}
{"timestamp": "14:15:27.869405", "frame": 60, "mu": [-0.6389071532893239, 4.271396270675203, 0.29337744711499086], "Sigma": [[0.027667582881183442, 0.004625930393533264, -0.003975864124306491], [0.004625930393533264, 0.0024026661809280264, -0.0006634358323152574], [-0.003975864124306491, -0.0006634358323152573, 0.0011364387517873945]], "chi2_level": 0.95, "chi2_df": 3, "chi2_threshold": 7.814727903251179, "N_raw": 28, "N_roi": 28, "N_inlier": 27, "refit": true}
{"timestamp": "14:15:27.981258", "frame": 62, "mu": [-0.4677263242349483, 4.380420919165481, 1.2141062085090748], "Sigma": [[0.02915284772830773, 0.0005096133550089265, -0.012243131162882923], [0.0005096133550089264, 0.0011244172504904768, -0.003945573235458987], [-0.012243131162882923, -0.003945573235458987, 0.022604895967040236]], "chi2_level": 0.95, "chi2_df": 3, "chi2_threshold": 7.814727903251179, "N_raw": 41, "N_roi": 39, "N_inlier": 37, "refit": true}
{"timestamp": "14:15:28.037991", "frame": 63, "mu": [-0.42014904297400735, 4.339957165359232, 1.389937951776676], "Sigma": [[0.025014097735224356, 0.005699193228360584, -0.0007086484729613732], [0.005699193228360585, 0.008408923324297672, 0.009537540317599298], [-0.0007086484729613732, 0.0095375403175993, 0.016229748747259277]], "chi2_level": 0.95, "chi2_df": 3, "chi2_threshold": 7.814727903251179, "N_raw": 45, "N_roi": 44, "N_inlier": 42, "refit": true}
{"timestamp": "14:15:28.092984", "frame": 64, "mu": [-0.37300451169232424, 4.358815794651256, 1.4291756864131566], "Sigma": [[0.02609584661240786, 0.0008406471066437085, -0.006266019837850179], [0.0008406471066437089, 0.006434018019069559, 0.007773936601710414], [-0.006266019837850181, 0.0077739366017104145, 0.013146348163981617]], "chi2_level": 0.95, "chi2_df": 3, "chi2_threshold": 7.814727903251179, "N_raw": 47, "N_roi": 43, "N_inlier": 41, "refit": true}
{"timestamp": "14:15:28.142985", "frame": 65, "mu": [-0.344058885718744, 4.349000632760748, 0.9998827255380272], "Sigma": [[0.0026866321027729963, -0.0032327426775507254, -0.015139498200745305], [-0.003232742677550726, 0.015020639517667014, -0.008737874158048735], [-0.015139498200745307, -0.008737874158048737, 0.18500402130461704]], "chi2_level": 0.95, "chi2_df": 3, "chi2_threshold": 7.814727903251179, "N_raw": 11, "N_roi": 7, "N_inlier": 7, "refit": true}
{"timestamp": "14:15:28.199976", "frame": 66, "mu": [-0.24944436142975646, 4.200766799850008, 0.7993311699522594], "Sigma": [[0.012148346329821483, 0.0044782471022342205, -0.008055291913955058], [0.0044782471022342205, 0.01344660687338821, -0.013554105574371976], [-0.008055291913955058, -0.013554105574371974, 0.0280859815853234]], "chi2_level": 0.95, "chi2_df": 3, "chi2_threshold": 7.814727903251179, "N_raw": 29, "N_roi": 25, "N_inlier": 23, "refit": true}
{"timestamp": "14:15:28.256880", "frame": 67, "mu": [-0.2254764522002836, 4.205749972023328, 0.7967123864607303], "Sigma": [[0.01736261946451757, 0.0003076936835886184, -0.004165494875731687], [0.00030769368358861854, 0.009425878192327602, -0.020270630336768392], [-0.004165494875731687, -0.020270630336768392, 0.06596818911019388]], "chi2_level": 0.95, "chi2_df": 3, "chi2_threshold": 7.814727903251179, "N_raw": 36, "N_roi": 31, "N_inlier": 29, "refit": true}
{"timestamp": "14:15:28.421692", "frame": 70, "mu": [-0.06416713066079953, 4.231695763345556, 1.006425672277317], "Sigma": [[0.024753994053301698, 0.0008313904077963248, -0.002668356933710715], [0.0008313904077963255, 0.00472938924421676, -0.0007585461862109791], [-0.0026683569337107153, -0.0007585461862109786, 0.016481686119766463]], "chi2_level": 0.95, "chi2_df": 3, "chi2_threshold": 7.814727903251179, "N_raw": 37, "N_roi": 37, "N_inlier": 33, "refit": true}
{"timestamp": "14:15:28.473155", "frame": 71, "mu": [-0.034226878816486825, 4.29297793538026, 0.9824407019825667], "Sigma": [[0.01531749032833418, -0.007848417177888459, 0.010712343992624903], [-0.007848417177888459, 0.007871089312784607, -0.017255672018938392], [0.010712343992624902, -0.017255672018938392, 0.05378881107888389]], "chi2_level": 0.95, "chi2_df": 3, "chi2_threshold": 7.814727903251179, "N_raw": 15, "N_roi": 15, "N_inlier": 13, "refit": true}
{"timestamp": "14:15:28.530093", "frame": 72, "mu": [0.049827226700845405, 4.351241885403453, 1.1282116607323527], "Sigma": [[0.00825902264343553, -0.005029040562008212, 0.009635611301240916], [-0.005029040562008212, 0.011160716297394188, -0.027565331000312183], [0.009635611301240916, -0.027565331000312186, 0.10200215706536288]], "chi2_level": 0.95, "chi2_df": 3, "chi2_threshold": 7.814727903251179, "N_raw": 15, "N_roi": 15, "N_inlier": 14, "refit": true}
{"timestamp": "14:15:28.581668", "frame": 73, "mu": [0.0909278779006617, 4.437466079553052, 0.9943874847626214], "Sigma": [[0.004278919728415294, -0.005912782534768391, 0.0285673773387465], [-0.005912782534768391, 0.01340693037121739, -0.03891936268461377], [0.0285673773387465, -0.03891936268461377, 0.24183956599800777]], "chi2_level": 0.95, "chi2_df": 3, "chi2_threshold": 7.814727903251179, "N_raw": 7, "N_roi": 7, "N_inlier": 7, "refit": true}
{"timestamp": "14:15:28.640820", "frame": 74, "mu": [0.20154646438090412, 4.501762091357707, 0.6739802996777319], "Sigma": [[0.0005199013769399579, -0.0020524065183066035, 0.008396772934551969], [-0.0020524065183066035, 0.019992293883360733, -0.07086162516599681], [0.008396772934551969, -0.07086162516599681, 0.30941592361924186]], "chi2_level": 0.95, "chi2_df": 3, "chi2_threshold": 7.814727903251179, "N_raw": 8, "N_roi": 7, "N_inlier": 7, "refit": true}
{"timestamp": "14:15:28.693345", "frame": 75, "mu": [0.31348654851419316, 4.369393498938254, 1.2629293715090486], "Sigma": [[0.00889580801688516, -0.0017187036464381405, -0.007845844299211856], [-0.0017187036464381405, 0.001548423516620714, 0.00012658317855434846], [-0.007845844299211856, 0.00012658317855434833, 0.011945215196205252]], "chi2_level": 0.95, "chi2_df": 3, "chi2_threshold": 7.814727903251179, "N_raw": 21, "N_roi": 17, "N_inlier": 15, "refit": true}
{"timestamp": "14:15:28.802298", "frame": 77, "mu": [0.33413723233280224, 4.392972951575619, 1.374451911389987], "Sigma": [[0.007656652316794817, 0.00047108591960163436, -0.042678654293407864], [0.0004710859196016344, 0.004617026494996968, -0.007033493395646242], [-0.042678654293407864, -0.007033493395646242, 0.3046157398470602]], "chi2_level": 0.95, "chi2_df": 3, "chi2_threshold": 7.814727903251179, "N_raw": 14, "N_roi": 8, "N_inlier": 8, "refit": true}
{"timestamp": "14:15:28.861761", "frame": 78, "mu": [0.440549589569694, 4.401630751083285, 1.4708737025107912], "Sigma": [[0.011779049768395507, -0.0018201331361083696, -0.006885549354930723], [-0.0018201331361083692, 0.001755680660205466, -0.00015224684277924345], [-0.006885549354930723, -0.00015224684277924348, 0.008159518056230927]], "chi2_level": 0.95, "chi2_df": 3, "chi2_threshold": 7.814727903251179, "N_raw": 42, "N_roi": 21, "N_inlier": 20, "refit": true}
{"timestamp": "14:15:28.970311", "frame": 80, "mu": [0.5523417211953194, 4.370187496718085, 1.3253635260086858], "Sigma": [[0.009081292861042164, -0.0012883214817491957, -0.0009187453901908363], [-0.001288321481749196, 0.002013750311791976, -0.0002747481102300399], [-0.0009187453901908363, -0.0002747481102300399, 0.00035756807622741333]], "chi2_level": 0.95, "chi2_df": 3, "chi2_threshold": 7.814727903251179, "N_raw": 33, "N_roi": 18, "N_inlier": 18, "refit": true}
{"timestamp": "14:15:29.080013", "frame": 82, "mu": [0.6739434524856939, 4.426576374178571, 1.3988576088747364], "Sigma": [[0.015509665669020099, -0.0037230467026744254, -0.007834466214506688], [-0.0037230467026744254, 0.0020377055619379978, 7.492523178557114e-05], [-0.007834466214506687, 7.492523178557103e-05, 0.01008512851002808]], "chi2_level": 0.95, "chi2_df": 3, "chi2_threshold": 7.814727903251179, "N_raw": 27, "N_roi": 23, "N_inlier": 22, "refit": true}
{"timestamp": "14:15:29.188052", "frame": 84, "mu": [0.7670980059470947, 4.412781759957095, 0.923335392289946], "Sigma": [[0.004833937499695152, -0.002074323094741779, 0.01529249572965783], [-0.002074323094741779, 0.0026092874914820222, -0.01589695926286755], [0.015292495729657829, -0.01589695926286755, 0.26502398009009037]], "chi2_level": 0.95, "chi2_df": 3, "chi2_threshold": 7.814727903251179, "N_raw": 8, "N_roi": 8, "N_inlier": 8, "refit": true}
{"timestamp": "14:15:29.243714", "frame": 85, "mu": [0.8214548570669418, 4.471343990000635, 1.5171767683663218], "Sigma": [[0.012300495339546299, -0.0024673961596805693, -0.0019159750583577927], [-0.002467396159680569, 0.0018524116504245174, 0.00016458353539951129], [-0.0019159750583577927, 0.00016458353539951134, 0.0017399464810752842]], "chi2_level": 0.95, "chi2_df": 3, "chi2_threshold": 7.814727903251179, "N_raw": 20, "N_roi": 20, "N_inlier": 18, "refit": true}
{"timestamp": "14:15:29.300659", "frame": 86, "mu": [0.9426800604005836, 4.402070362382079, 1.3195998686617687], "Sigma": [[0.015800621869082047, -0.0033272243112209953, -0.0129223830939417], [-0.0033272243112209953, 0.004706286516700189, 0.004994444588772306], [-0.012922383093941697, 0.004994444588772306, 0.0252973363616085]], "chi2_level": 0.95, "chi2_df": 3, "chi2_threshold": 7.814727903251179, "N_raw": 35, "N_roi": 34, "N_inlier": 31, "refit": true}
{"timestamp": "14:15:29.571241", "frame": 91, "mu": [1.2069070817129692, 4.345096816577857, 0.8012199927892026], "Sigma": [[0.0014231683466958038, -0.004250442569874361, 0.0037670483744366634], [-0.004250442569874361, 0.021851457379163965, -0.02956995179343367], [0.0037670483744366634, -0.02956995179343367, 0.1642050763756863]], "chi2_level": 0.95, "chi2_df": 3, "chi2_threshold": 7.814727903251179, "N_raw": 7, "N_roi": 7, "N_inlier": 7, "refit": true}
{"timestamp": "14:15:30.511226", "frame": 108, "mu": [1.9578744554250203, 4.0988150733320055, 0.8903663443331536], "Sigma": [[0.029406865303904926, -0.013756309541017232, -0.006647316730062143], [-0.013756309541017232, 0.009410645213482262, 0.0013800919769748287], [-0.006647316730062143, 0.0013800919769748287, 0.005141905775324244]], "chi2_level": 0.95, "chi2_df": 3, "chi2_threshold": 7.814727903251179, "N_raw": 41, "N_roi": 41, "N_inlier": 40, "refit": true}
{"timestamp": "14:15:30.564197", "frame": 109, "mu": [1.9469860531239491, 4.052795700891473, 0.8659317612018339], "Sigma": [[0.018829099957310823, -0.00853649915527302, -0.0005115798942005134], [-0.00853649915527302, 0.005207260061840154, -0.00031492754842623433], [-0.0005115798942005135, -0.00031492754842623444, 0.001118653095034194]], "chi2_level": 0.95, "chi2_df": 3, "chi2_threshold": 7.814727903251179, "N_raw": 24, "N_roi": 24, "N_inlier": 21, "refit": true}
{"timestamp": "14:15:30.621412", "frame": 110, "mu": [1.978612283602914, 3.995434580192574, 0.7957877993693627], "Sigma": [[0.020805893992608463, -0.008524810669085963, -0.0017252562962716505], [-0.008524810669085961, 0.004697406435560476, -0.002075117676803747], [-0.0017252562962716505, -0.0020751176768037467, 0.008281713810683301]], "chi2_level": 0.95, "chi2_df": 3, "chi2_threshold": 7.814727903251179, "N_raw": 33, "N_roi": 33, "N_inlier": 31, "refit": true}
{"timestamp": "14:15:30.675082", "frame": 111, "mu": [2.0316997233399103, 3.9575838667925605, 0.7770720428923045], "Sigma": [[0.01644548522831092, -0.007414197223201857, -0.008483357571568356], [-0.007414197223201857, 0.004579276855062749, 0.0012000666280380509], [-0.008483357571568356, 0.0012000666280380509, 0.01394526669105692]], "chi2_level": 0.95, "chi2_df": 3, "chi2_threshold": 7.814727903251179, "N_raw": 27, "N_roi": 27, "N_inlier": 27, "refit": true}
{"timestamp": "14:15:30.729191", "frame": 112, "mu": [2.0107530045346453, 3.9306177675733514, 0.7510802652967971], "Sigma": [[0.015752731957433586, -0.004720530931549012, -0.006143717319319296], [-0.004720530931549012, 0.0030432607391445666, 0.0017122131216973989], [-0.006143717319319296, 0.0017122131216973989, 0.008542785365796573]], "chi2_level": 0.95, "chi2_df": 3, "chi2_threshold": 7.814727903251179, "N_raw": 19, "N_roi": 19, "N_inlier": 17, "refit": true}
{"timestamp": "14:15:30.786048", "frame": 113, "mu": [1.8976835695086856, 3.9535537659662325, 1.056288952523112], "Sigma": [[0.025447042826426066, -0.013453107698962026, -0.01852334714870374], [-0.013453107698962026, 0.00874935251051361, 0.007104403537999682], [-0.01852334714870374, 0.007104403537999683, 0.022771838031291187]], "chi2_level": 0.95, "chi2_df": 3, "chi2_threshold": 7.814727903251179, "N_raw": 37, "N_roi": 37, "N_inlier": 36, "refit": true}
{"timestamp": "14:15:30.838532", "frame": 114, "mu": [1.9829805433196448, 3.883493959673886, 0.8255963079276579], "Sigma": [[0.01605115675059615, -0.00718111746308508, -0.0058141120832520335], [-0.00718111746308508, 0.0036954408860239134, 0.001279372826200222], [-0.0058141120832520335, 0.001279372826200222, 0.010140972703450343]], "chi2_level": 0.95, "chi2_df": 3, "chi2_threshold": 7.814727903251179, "N_raw": 22, "N_roi": 22, "N_inlier": 19, "refit": true}
{"timestamp": "14:15:30.896468", "frame": 115, "mu": [2.1076734095829925, 3.779192495055118, 0.6752922454017564], "Sigma": [[0.024623925611489274, -0.013823835920107084, -0.013578812145322298], [-0.013823835920107082, 0.009808541724531076, 0.004838371515257054], [-0.013578812145322297, 0.004838371515257053, 0.015558851730951876]], "chi2_level": 0.95, "chi2_df": 3, "chi2_threshold": 7.814727903251179, "N_raw": 39, "N_roi": 39, "N_inlier": 38, "refit": true}
{"timestamp": "14:15:30.950658", "frame": 116, "mu": [1.954972465725577, 3.8497035855129895, 0.8146203199374158], "Sigma": [[0.021732736305580223, -0.011487400304856196, -0.00802012661788612], [-0.011487400304856196, 0.007079437366873027, 0.0015512621317392793], [-0.00802012661788612, 0.0015512621317392797, 0.017735917348589224]], "chi2_level": 0.95, "chi2_df": 3, "chi2_threshold": 7.814727903251179, "N_raw": 36, "N_roi": 36, "N_inlier": 35, "refit": true}
{"timestamp": "14:15:31.006630", "frame": 117, "mu": [2.1397467801327226, 3.62721431038313, 0.65750710943117], "Sigma": [[0.017739375257459864, -0.014172678485148006, -0.01439801918603066], [-0.01417267848514801, 0.014010297506700619, 0.009862672253886803], [-0.01439801918603066, 0.009862672253886803, 0.015091793675034246]], "chi2_level": 0.95, "chi2_df": 3, "chi2_threshold": 7.814727903251179, "N_raw": 38, "N_roi": 34, "N_inlier": 32, "refit": true}
{"timestamp": "14:15:31.061537", "frame": 118, "mu": [2.052757423232241, 3.655550985364274, 0.8080210755568614], "Sigma": [[0.020740240373457758, -0.013610283256576861, -0.004274265699394797], [-0.013610283256576861, 0.011463773970556423, 0.0003363489351254789], [-0.004274265699394797, 0.00033634893512547883, 0.006303832723812492]], "chi2_level": 0.95, "chi2_df": 3, "chi2_threshold": 7.814727903251179, "N_raw": 37, "N_roi": 36, "N_inlier": 36, "refit": true}
{"timestamp": "14:15:31.115486", "frame": 119, "mu": [1.9992394642544864, 3.7889401507581058, -0.2742318817650321], "Sigma": [[0.01665067881817099, -0.0050225782253728, 0.008890546780762705], [-0.0050225782253728, 0.005741497777276286, 0.0015602849018327934], [0.008890546780762705, 0.0015602849018327934, 0.07615297367455787]], "chi2_level": 0.95, "chi2_df": 3, "chi2_threshold": 7.814727903251179, "N_raw": 33, "N_roi": 33, "N_inlier": 32, "refit": true}
{"timestamp": "14:15:31.171885", "frame": 120, "mu": [2.005277374935972, 3.7874371789782, -0.28448088881577727], "Sigma": [[0.02106705813181681, -0.010752667272513857, -0.011587871880296738], [-0.010752667272513857, 0.008144892051804747, 0.0031574679535314983], [-0.011587871880296741, 0.0031574679535314987, 0.012170528188392276]], "chi2_level": 0.95, "chi2_df": 3, "chi2_threshold": 7.814727903251179, "N_raw": 37, "N_roi": 37, "N_inlier": 33, "refit": true}
{"timestamp": "14:15:31.229244", "frame": 121, "mu": [1.9909977993445993, 3.5312239875449363, 0.7066583227288792], "Sigma": [[0.03201494552785415, -0.01850761367419783, -0.009839712095153547], [-0.01850761367419783, 0.013230481466979303, 0.0017308188446243722], [-0.009839712095153547, 0.0017308188446243722, 0.016145140279489906]], "chi2_level": 0.95, "chi2_df": 3, "chi2_threshold": 7.814727903251179, "N_raw": 58, "N_roi": 58, "N_inlier": 57, "refit": true}
{"timestamp": "14:15:31.282002", "frame": 122, "mu": [1.9904931477599648, 3.461172083305547, 0.6013832736121418], "Sigma": [[0.02545893332210397, -0.015747091019848412, -0.011010688564335885], [-0.015747091019848412, 0.010602006884962241, 0.004991551261585836], [-0.011010688564335885, 0.004991551261585836, 0.01734112629401155]], "chi2_level": 0.95, "chi2_df": 3, "chi2_threshold": 7.814727903251179, "N_raw": 41, "N_roi": 41, "N_inlier": 39, "refit": true}
{"timestamp": "14:15:31.340389", "frame": 123, "mu": [1.9716516501587715, 3.4275431525025475, 0.8463424270460348], "Sigma": [[0.0277328491766037, -0.017932369130898025, -0.017869383401617124], [-0.017932369130898025, 0.015020169697363603, 0.0058387357271059565], [-0.017869383401617124, 0.0058387357271059565, 0.024092057827089036]], "chi2_level": 0.95, "chi2_df": 3, "chi2_threshold": 7.814727903251179, "N_raw": 62, "N_roi": 62, "N_inlier": 61, "refit": true}
{"timestamp": "14:15:31.390812", "frame": 124, "mu": [1.85950944179823, 3.480273026313673, 0.8667093524120975], "Sigma": [[0.02019913800668943, -0.012937162869162614, -0.017806777514229544], [-0.012937162869162614, 0.010044182951834324, 0.008923343274906292], [-0.017806777514229544, 0.008923343274906292, 0.023195645078090847]], "chi2_level": 0.95, "chi2_df": 3, "chi2_threshold": 7.814727903251179, "N_raw": 37, "N_roi": 37, "N_inlier": 35, "refit": true}
{"timestamp": "14:15:31.445657", "frame": 125, "mu": [1.8585997970817154, 3.421944067696079, 0.9291238022309012], "Sigma": [[0.01900571123091723, -0.01243167533151254, -0.008804961924449234], [-0.01243167533151254, 0.011333627836204058, 0.0041247681063397304], [-0.008804961924449234, 0.004124768106339731, 0.006687657998231144]], "chi2_level": 0.95, "chi2_df": 3, "chi2_threshold": 7.814727903251179, "N_raw": 37, "N_roi": 37, "N_inlier": 37, "refit": true}
{"timestamp": "14:15:31.500548", "frame": 126, "mu": [1.7963517398418163, 3.39098959166591, 1.013703963960703], "Sigma": [[0.015066154649149425, -0.00948794080904369, -0.009695104853288606], [-0.00948794080904369, 0.007494567614840907, 0.0036087212812255607], [-0.009695104853288606, 0.003608721281225561, 0.013819926072541998]], "chi2_level": 0.95, "chi2_df": 3, "chi2_threshold": 7.814727903251179, "N_raw": 31, "N_roi": 31, "N_inlier": 30, "refit": true}
{"timestamp": "14:15:31.553726", "frame": 127, "mu": [1.6982674472216392, 3.392110022862162, 1.1083580270393516], "Sigma": [[0.010237519512468523, -0.0058879987462953, -0.011667675484822266], [-0.005887998746295302, 0.0052624122821478, 0.007320795230798496], [-0.011667675484822266, 0.007320795230798496, 0.015456884625700903]], "chi2_level": 0.95, "chi2_df": 3, "chi2_threshold": 7.814727903251179, "N_raw": 16, "N_roi": 16, "N_inlier": 15, "refit": true}
{"timestamp": "14:15:31.608033", "frame": 128, "mu": [1.7254664347566635, 3.3002151901559484, 0.9363600841092241], "Sigma": [[0.005956385172450555, -0.005196606486120775, -0.008328229106683991], [-0.005196606486120774, 0.006459825122533994, 0.006205327066385801], [-0.00832822910668399, 0.006205327066385801, 0.014702651755263684]], "chi2_level": 0.95, "chi2_df": 3, "chi2_threshold": 7.814727903251179, "N_raw": 14, "N_roi": 13, "N_inlier": 13, "refit": true}
{"timestamp": "14:15:31.665966", "frame": 129, "mu": [1.6891012068895255, 3.31836422651596, 0.9325195352138791], "Sigma": [[0.01030064772785458, -0.006115463549985329, -0.00958653024215432], [-0.00611546354998533, 0.00785127155877361, 0.002148382315457124], [-0.00958653024215432, 0.0021483823154571247, 0.016098511335292044]], "chi2_level": 0.95, "chi2_df": 3, "chi2_threshold": 7.814727903251179, "N_raw": 37, "N_roi": 37, "N_inlier": 34, "refit": true}
{"timestamp": "14:15:31.776424", "frame": 131, "mu": [1.4634634112194984, 3.3584550132756195, 1.0720995214196325], "Sigma": [[0.016148106217484803, -0.015439353988668714, -0.03085542983756892], [-0.015439353988668714, 0.024839691523698262, 0.044701046036935074], [-0.030855429837568914, 0.04470104603693507, 0.08740365502054134]], "chi2_level": 0.95, "chi2_df": 3, "chi2_threshold": 7.814727903251179, "N_raw": 41, "N_roi": 41, "N_inlier": 37, "refit": true}
{"timestamp": "14:15:31.829886", "frame": 132, "mu": [1.4836900514555458, 3.303069765635472, 0.9971074985847096], "Sigma": [[0.015140997976388921, -0.00888037978924066, -0.009504156992072342], [-0.00888037978924066, 0.00860504485019774, 0.008887287005319797], [-0.009504156992072342, 0.008887287005319797, 0.012248535872496078]], "chi2_level": 0.95, "chi2_df": 3, "chi2_threshold": 7.814727903251179, "N_raw": 28, "N_roi": 28, "N_inlier": 26, "refit": true}
{"timestamp": "14:15:31.885920", "frame": 133, "mu": [1.3757967609914836, 3.331060338114698, 0.8510051202889927], "Sigma": [[0.009891280910902547, -0.0027728535693316136, -2.8320343241817808e-05], [-0.002772853569331613, 0.0047608732910125965, 0.00041824883142860063], [-2.8320343241817754e-05, 0.00041824883142860063, 0.0024876521706530944]], "chi2_level": 0.95, "chi2_df": 3, "chi2_threshold": 7.814727903251179, "N_raw": 32, "N_roi": 32, "N_inlier": 29, "refit": true}
{"timestamp": "14:15:31.942552", "frame": 134, "mu": [1.2934243109535954, 3.3977449983249586, 1.0190929227035352], "Sigma": [[0.016781517784858237, -0.0037325421595368414, 0.0020933843835691567], [-0.0037325421595368414, 0.005117757878056284, -0.0024455679855459062], [0.0020933843835691567, -0.0024455679855459062, 0.005218358351957781]], "chi2_level": 0.95, "chi2_df": 3, "chi2_threshold": 7.814727903251179, "N_raw": 47, "N_roi": 47, "N_inlier": 45, "refit": true}
{"timestamp": "14:15:31.992467", "frame": 135, "mu": [1.295892354495479, 3.509397695040955, 0.6008451823474441], "Sigma": [[0.0033271076092447832, 0.002018573067557432, -0.0014433335089116613], [0.002018573067557432, 0.004501644589475281, -0.017322425368930236], [-0.0014433335089116613, -0.017322425368930236, 0.31087074895200556]], "chi2_level": 0.95, "chi2_df": 3, "chi2_threshold": 7.814727903251179, "N_raw": 9, "N_roi": 9, "N_inlier": 8, "refit": true}
{"timestamp": "14:15:32.048015", "frame": 136, "mu": [1.319606216129979, 3.413817954930215, 0.7314792048795582], "Sigma": [[0.004380288087925705, -0.0022659998353113816, 0.007795661929352093], [-0.002265999835311382, 0.005452043353596092, -0.026759963172945364], [0.007795661929352093, -0.026759963172945364, 0.14874321875285332]], "chi2_level": 0.95, "chi2_df": 3, "chi2_threshold": 7.814727903251179, "N_raw": 15, "N_roi": 11, "N_inlier": 10, "refit": true}
{"timestamp": "14:15:32.102966", "frame": 137, "mu": [1.1955630685419083, 3.5001861838565356, 0.8537973140952978], "Sigma": [[0.008895798130434646, -0.00033023314626742865, -0.04350177364272936], [-0.0003302331462674284, 0.005518806526479621, 0.003768194100414792], [-0.04350177364272936, 0.003768194100414792, 0.29253425011539486]], "chi2_level": 0.95, "chi2_df": 3, "chi2_threshold": 7.814727903251179, "N_raw": 10, "N_roi": 7, "N_inlier": 7, "refit": true}
{"timestamp": "14:15:32.216301", "frame": 139, "mu": [1.0827815005815995, 3.4959753351247507, 0.9285022181552818], "Sigma": [[0.0199313670670316, -0.009368436623573432, -0.022135797614108502], [-0.009368436623573432, 0.006289168080731306, 0.00834896348148683], [-0.022135797614108502, 0.00834896348148683, 0.03121422366678548]], "chi2_level": 0.95, "chi2_df": 3, "chi2_threshold": 7.814727903251179, "N_raw": 41, "N_roi": 38, "N_inlier": 35, "refit": true}
{"timestamp": "14:15:32.266989", "frame": 140, "mu": [0.93063320354372, 3.477302531985483, 0.7487028245025749], "Sigma": [[0.00454232951459101, -0.004893791318803457, -0.012839076987773654], [-0.004893791318803458, 0.026735210591309396, -0.004217398918726933], [-0.012839076987773656, -0.004217398918726936, 0.13141885162333825]], "chi2_level": 0.95, "chi2_df": 3, "chi2_threshold": 7.814727903251179, "N_raw": 7, "N_roi": 7, "N_inlier": 7, "refit": true}
{"timestamp": "14:15:32.325952", "frame": 141, "mu": [0.9150932510084251, 3.4537128237386616, 1.001752917949868], "Sigma": [[0.012666261835260565, -0.005858384634164859, -0.008618018357589487], [-0.005858384634164859, 0.006366776170182757, 0.006696996710853102], [-0.008618018357589487, 0.006696996710853102, 0.015543560493510898]], "chi2_level": 0.95, "chi2_df": 3, "chi2_threshold": 7.814727903251179, "N_raw": 35, "N_roi": 35, "N_inlier": 31, "refit": true}
{"timestamp": "14:15:32.382260", "frame": 142, "mu": [0.8779345450705145, 3.3601556203334546, 0.7887538548367604], "Sigma": [[0.013947737588973887, -0.0026863313686428295, -7.415198507124723e-05], [-0.002686331368642829, 0.0018092481404322937, -0.0015811680954242887], [-7.415198507124723e-05, -0.0015811680954242885, 0.004894864746805978]], "chi2_level": 0.95, "chi2_df": 3, "chi2_threshold": 7.814727903251179, "N_raw": 38, "N_roi": 38, "N_inlier": 33, "refit": true}
{"timestamp": "14:15:32.433852", "frame": 143, "mu": [0.7379864039258398, 3.516999365326328, 0.7630491023436501], "Sigma": [[0.013457299524127811, -0.011610937826729404, 0.021935099474997402], [-0.011610937826729404, 0.01924509510574863, -0.014947822603438505], [0.021935099474997406, -0.014947822603438504, 0.0622720973683059]], "chi2_level": 0.95, "chi2_df": 3, "chi2_threshold": 7.814727903251179, "N_raw": 18, "N_roi": 16, "N_inlier": 15, "refit": true}
{"timestamp": "14:15:32.487579", "frame": 144, "mu": [0.6352273795802736, 3.697558940487562, 0.8717726555981049], "Sigma": [[0.004116497195203934, -0.007763867820979447, 0.01765479811130562], [-0.0077638678209794474, 0.020639284544598603, -0.02094421883087508], [0.01765479811130562, -0.02094421883087508, 0.2061891566332618]], "chi2_level": 0.95, "chi2_df": 3, "chi2_threshold": 7.814727903251179, "N_raw": 9, "N_roi": 9, "N_inlier": 8, "refit": true}
{"timestamp": "14:15:32.542490", "frame": 145, "mu": [0.6359075368730547, 3.5575316278840434, 0.8209192880985293], "Sigma": [[0.014087590668827052, -0.010511661702090338, 0.05105266590795324], [-0.01051166170209034, 0.013809171875892461, -0.043296785782809995], [0.05105266590795323, -0.04329678578280999, 0.21547058961979856]], "chi2_level": 0.95, "chi2_df": 3, "chi2_threshold": 7.814727903251179, "N_raw": 10, "N_roi": 8, "N_inlier": 8, "refit": true}
{"timestamp": "14:15:32.602578", "frame": 146, "mu": [0.6162434034667029, 3.4543931019596674, 1.0428613451052966], "Sigma": [[0.013151854631237367, -0.002923507463439414, -0.0064083705093821676], [-0.002923507463439414, 0.0027344241501954898, -0.0022574774587499407], [-0.0064083705093821676, -0.0022574774587499407, 0.014906430751263541]], "chi2_level": 0.95, "chi2_df": 3, "chi2_threshold": 7.814727903251179, "N_raw": 49, "N_roi": 47, "N_inlier": 43, "refit": true}
{"timestamp": "14:15:32.653398", "frame": 147, "mu": [0.6020082383042448, 3.7173798564505622, -0.2712698595458805], "Sigma": [[0.0011666107223753629, 0.004579330865052003, -0.005661154797378093], [0.004579330865052003, 0.042165972917030524, -0.04192847857170169], [-0.005661154797378094, -0.04192847857170169, 0.045558141662083405]], "chi2_level": 0.95, "chi2_df": 3, "chi2_threshold": 7.814727903251179, "N_raw": 10, "N_roi": 7, "N_inlier": 7, "refit": true}
{"timestamp": "14:15:32.713017", "frame": 148, "mu": [0.3916967327856156, 3.630456272206583, 0.3981307195732137], "Sigma": [[0.018781519246192247, -0.00044089656499544976, -0.010547420821036617], [-0.0004408965649954499, 0.0038532512505062245, 0.0013117917399275323], [-0.010547420821036617, 0.0013117917399275323, 0.00789441961246991]], "chi2_level": 0.95, "chi2_df": 3, "chi2_threshold": 7.814727903251179, "N_raw": 50, "N_roi": 47, "N_inlier": 46, "refit": true}
{"timestamp": "14:15:32.767052", "frame": 149, "mu": [0.30245781138799493, 3.6385747029640765, 1.6281277472921853], "Sigma": [[0.012023666772311514, -0.0012600612019015693, -0.007724486755823419], [-0.0012600612019015693, 0.0027438939291312466, -7.444214623716835e-05], [-0.007724486755823419, -7.44421462371684e-05, 0.006863178573845966]], "chi2_level": 0.95, "chi2_df": 3, "chi2_threshold": 7.814727903251179, "N_raw": 37, "N_roi": 35, "N_inlier": 32, "refit": true}
