{"timestamp": "14:31:09.852003", "frame": 2, "mu": [1.0781857122340939, 0.41990828886294906, 0.8560982254312023], "Sigma": [[0.00918970688844325, -0.015935238202284457, -0.060581579633678086], [-0.015935238202284457, 0.04249021581581161, 0.11817262774904652], [-0.060581579633678086, 0.11817262774904652, 0.42712049241151834]], "chi2_level": 0.95, "chi2_df": 3, "chi2_threshold": 7.814727903251179, "N_raw": 8, "N_roi": 8, "N_inlier": 8, "refit": true}
{"timestamp": "14:31:10.017199", "frame": 5, "mu": [1.0059116191373652, 0.7807904000306862, -0.6419142426346637], "Sigma": [[0.002845040711596102, 0.002738148230670492, -0.011470844411181385], [0.002738148230670492, 0.008939560192645645, -0.03558334142412009], [-0.011470844411181385, -0.0355833414241201, 0.20027507904777253]], "chi2_level": 0.95, "chi2_df": 3, "chi2_threshold": 7.814727903251179, "N_raw": 10, "N_roi": 10, "N_inlier": 10, "refit": true}
{"timestamp": "14:31:10.077756", "frame": 6, "mu": [0.9228931718729471, 0.8180321631744458, 0.999569817673171], "Sigma": [[0.004788890706310303, 0.0008439603526171639, -0.03266101695911476], [0.0008439603526171639, 0.003839496299035905, -0.02421492905424342], [-0.03266101695911476, -0.024214929054243422, 0.4208880305376676]], "chi2_level": 0.95, "chi2_df": 3, "chi2_threshold": 7.814727903251179, "N_raw": 46, "N_roi": 46, "N_inlier": 44, "refit": true}
{"timestamp": "14:31:10.131823", "frame": 7, "mu": [0.8571316558836475, 0.8239333528789595, 0.9369188517634368], "Sigma": [[0.0019009488402031518, -0.0007224941862204904, -0.021260873984092057], [-0.0007224941862204904, 0.0014776082532958618, 0.011559501579518912], [-0.021260873984092054, 0.011559501579518912, 0.5436766174784332]], "chi2_level": 0.95, "chi2_df": 3, "chi2_threshold": 7.814727903251179, "N_raw": 20, "N_roi": 20, "N_inlier": 18, "refit": true}
{"timestamp": "14:31:10.188013", "frame": 8, "mu": [0.8739298425049633, 0.8646635617775851, 0.5088296260660903], "Sigma": [[0.002734612534694649, -0.0024241439587726343, 0.0032952313377469337], [-0.0024241439587726343, 0.012306681104973143, -0.05528807984504081], [0.0032952313377469337, -0.05528807984504081, 0.3709121035116871]], "chi2_level": 0.95, "chi2_df": 3, "chi2_threshold": 7.814727903251179, "N_raw": 33, "N_roi": 33, "N_inlier": 31, "refit": true}
{"timestamp": "14:31:10.242960", "frame": 9, "mu": [0.8987339306197745, 0.817848736839613, 0.042116483427185374], "Sigma": [[0.006073793262723077, -0.006825695380264079, -0.0004610616803658363], [-0.006825695380264079, 0.010537963066453252, 2.4920827634962407e-05], [-0.0004610616803658363, 2.4920827634962407e-05, 0.001341074001902421]], "chi2_level": 0.95, "chi2_df": 3, "chi2_threshold": 7.814727903251179, "N_raw": 30, "N_roi": 30, "N_inlier": 26, "refit": true}
{"timestamp": "14:31:10.351119", "frame": 11, "mu": [0.7759659541908015, 0.8957196397397416, 1.311201333548156], "Sigma": [[0.009409659160620032, -0.005772455084862964, -0.04196467742462758], [-0.005772455084862964, 0.005936531255159865, 0.02904601498311985], [-0.04196467742462758, 0.02904601498311985, 0.2170322517826456]], "chi2_level": 0.95, "chi2_df": 3, "chi2_threshold": 7.814727903251179, "N_raw": 25, "N_roi": 25, "N_inlier": 23, "refit": true}
{"timestamp": "14:31:10.406635", "frame": 12, "mu": [0.7268469109007796, 0.9303914212845957, 1.4595030791513106], "Sigma": [[0.0017325636225262557, -3.5124990460471653e-06, -0.002061516643097839], [-3.5124990460472195e-06, 0.0013856058150434225, -0.0006575835196414197], [-0.0020615166430978387, -0.0006575835196414197, 0.0030850106310938248]], "chi2_level": 0.95, "chi2_df": 3, "chi2_threshold": 7.814727903251179, "N_raw": 22, "N_roi": 22, "N_inlier": 18, "refit": true}
{"timestamp": "14:31:10.519745", "frame": 14, "mu": [0.6872963274787126, 1.0573486060555497, -0.3904218542515308], "Sigma": [[0.0031178304995913395, 0.0016092485754169166, 0.0037254780691529563], [0.0016092485754169166, 0.0031058410464590127, 0.0018910635415108979], [0.0037254780691529567, 0.001891063541510898, 0.012751624449780055]], "chi2_level": 0.95, "chi2_df": 3, "chi2_threshold": 7.814727903251179, "N_raw": 42, "N_roi": 41, "N_inlier": 38, "refit": true}
{"timestamp": "14:31:10.571546", "frame": 15, "mu": [0.8270570512351065, 1.026510033331427, 1.3439264700185338], "Sigma": [[0.0029275736881657216, -0.00046146059793482976, -0.002200916718934373], [-0.00046146059793482976, 0.0012465904768468197, 0.0002774688473811087], [-0.002200916718934373, 0.00027746884738110876, 0.003955769065842141]], "chi2_level": 0.95, "chi2_df": 3, "chi2_threshold": 7.814727903251179, "N_raw": 21, "N_roi": 21, "N_inlier": 19, "refit": true}
{"timestamp": "14:31:10.626820", "frame": 16, "mu": [0.6677303349380055, 0.9893495834483135, 1.3357875442374365], "Sigma": [[0.0027094847215567604, 0.0012165798998652827, 0.00026618762722503914], [0.0012165798998652827, 0.002331918083384051, -0.00021565330201811015], [0.0002661876272250391, -0.0002156533020181102, 0.00038429129136580045]], "chi2_level": 0.95, "chi2_df": 3, "chi2_threshold": 7.814727903251179, "N_raw": 23, "N_roi": 23, "N_inlier": 21, "refit": true}
{"timestamp": "14:31:10.684496", "frame": 17, "mu": [0.6332112652722693, 1.1397010974883814, 1.4706786080366605], "Sigma": [[0.0032953536119153734, 0.00023295740579113298, -0.0017817223039917835], [0.0002329574057911329, 0.005009869425421942, 0.0009713919672176246], [-0.0017817223039917835, 0.0009713919672176246, 0.003102023155337841]], "chi2_level": 0.95, "chi2_df": 3, "chi2_threshold": 7.814727903251179, "N_raw": 46, "N_roi": 46, "N_inlier": 43, "refit": true}
{"timestamp": "14:31:10.739986", "frame": 18, "mu": [0.6370475466280057, 1.2917054387227593, -0.2565814788560461], "Sigma": [[0.0046184382007785985, 0.0005488720963770978, -0.004066104802732975], [0.0005488720963770979, 0.0029290318449009343, -0.000447902052056999], [-0.004066104802732975, -0.0004479020520569991, 0.007205863858353524]], "chi2_level": 0.95, "chi2_df": 3, "chi2_threshold": 7.814727903251179, "N_raw": 43, "N_roi": 43, "N_inlier": 40, "refit": true}
{"timestamp": "14:31:10.797135", "frame": 19, "mu": [0.7516294149920983, 1.3380421959526154, -1.1027862316105996], "Sigma": [[0.020699133475201126, -0.0025196741292257047, -0.09352388786068722], [-0.0025196741292257047, 0.004786331414456242, -0.0038956067378542424], [-0.09352388786068722, -0.0038956067378542424, 0.5090478082341465]], "chi2_level": 0.95, "chi2_df": 3, "chi2_threshold": 7.814727903251179, "N_raw": 62, "N_roi": 60, "N_inlier": 57, "refit": true}
{"timestamp": "14:31:10.850162", "frame": 20, "mu": [0.6100387440728765, 1.206461646673319, 1.2835210280068217], "Sigma": [[0.003230541378681435, -0.0004452495777164299, -0.0025565538421984217], [-0.00044524957771642986, 0.008885226815304369, 0.0029657968600928088], [-0.0025565538421984217, 0.0029657968600928088, 0.003024971971130729]], "chi2_level": 0.95, "chi2_df": 3, "chi2_threshold": 7.814727903251179, "N_raw": 44, "N_roi": 44, "N_inlier": 40, "refit": true}
{"timestamp": "14:31:10.910650", "frame": 21, "mu": [0.6519487523015923, 1.1119714669224718, 0.7357717259597415], "Sigma": [[0.006547395866878048, -0.009985884108749989, -0.028863155139796624], [-0.009985884108749989, 0.06605806414365928, 0.18349361655788304], [-0.028863155139796627, 0.18349361655788304, 0.5422077917868952]], "chi2_level": 0.95, "chi2_df": 3, "chi2_threshold": 7.814727903251179, "N_raw": 83, "N_roi": 83, "N_inlier": 80, "refit": true}
{"timestamp": "14:31:10.959268", "frame": 22, "mu": [0.5800723633401553, 1.6043547591971639, -0.8112557385164508], "Sigma": [[0.007374743521201228, 0.006376009638864502, -0.04665044799051282], [0.006376009638864502, 0.017286056690390295, -0.09340688305986652], [-0.04665044799051282, -0.09340688305986652, 0.5768912403530702]], "chi2_level": 0.95, "chi2_df": 3, "chi2_threshold": 7.814727903251179, "N_raw": 40, "N_roi": 39, "N_inlier": 38, "refit": true}
{"timestamp": "14:31:11.017776", "frame": 23, "mu": [0.5251500092547043, 1.3294807425278388, 0.9522942472336303], "Sigma": [[0.0076901314798942, -0.005947446377812842, -0.041443632239550214], [-0.005947446377812842, 0.009987213799621126, 0.057368179621835824], [-0.04144363223955022, 0.057368179621835824, 0.46366247997401877]], "chi2_level": 0.95, "chi2_df": 3, "chi2_threshold": 7.814727903251179, "N_raw": 63, "N_roi": 63, "N_inlier": 61, "refit": true}
{"timestamp": "14:31:11.066212", "frame": 24, "mu": [0.4960477723949276, 1.6058275327144598, -0.6231204386690388], "Sigma": [[0.01306515324636496, 0.0030262097017623914, -0.027154752832942997], [0.003026209701762392, 0.027891114185255462, -0.09233481717124838], [-0.027154752832942997, -0.09233481717124838, 0.36604574907284765]], "chi2_level": 0.95, "chi2_df": 3, "chi2_threshold": 7.814727903251179, "N_raw": 11, "N_roi": 9, "N_inlier": 9, "refit": true}
{"timestamp": "14:31:11.130833", "frame": 25, "mu": [0.4257544335454332, 1.777592953849415, -1.1103558218419924], "Sigma": [[0.009225422327488521, 0.0040453855127571565, -0.02724270997150601], [0.0040453855127571565, 0.039392461172018556, -0.1366469830083603], [-0.02724270997150601, -0.13664698300836028, 0.5546467266095535]], "chi2_level": 0.95, "chi2_df": 3, "chi2_threshold": 7.814727903251179, "N_raw": 81, "N_roi": 79, "N_inlier": 71, "refit": true}
{"timestamp": "14:31:11.178734", "frame": 26, "mu": [0.2900752028833415, 1.420564059500201, 0.25269149680566527], "Sigma": [[0.006966998828344545, 0.0011787915013595318, 0.013009675386791986], [0.0011787915013595318, 0.0026041126941694845, 0.004387970676135813], [0.013009675386791986, 0.004387970676135814, 0.23099347506703508]], "chi2_level": 0.95, "chi2_df": 3, "chi2_threshold": 7.814727903251179, "N_raw": 35, "N_roi": 35, "N_inlier": 32, "refit": true}
{"timestamp": "14:31:11.236285", "frame": 27, "mu": [0.28718235024006794, 1.4529663246136566, 1.388052762235431], "Sigma": [[0.0028801704752957217, 1.6123459513763508e-05, -0.00288545073499091], [1.612345951376352e-05, 0.002621666832168716, -0.0020825174835970347], [-0.00288545073499091, -0.002082517483597035, 0.004850545686475483]], "chi2_level": 0.95, "chi2_df": 3, "chi2_threshold": 7.814727903251179, "N_raw": 49, "N_roi": 49, "N_inlier": 43, "refit": true}
{"timestamp": "14:31:11.288788", "frame": 28, "mu": [0.1286605010242754, 1.6307528364741508, -0.39765644439605374], "Sigma": [[0.008392957064856108, 0.0013950186908337928, -0.007978688915595777], [0.0013950186908337926, 0.029387290955806118, -0.10289069262313502], [-0.007978688915595777, -0.10289069262313502, 0.3887641010489069]], "chi2_level": 0.95, "chi2_df": 3, "chi2_threshold": 7.814727903251179, "N_raw": 34, "N_roi": 34, "N_inlier": 31, "refit": true}
{"timestamp": "14:31:11.348527", "frame": 29, "mu": [0.2261420887103353, 1.3897318774805913, 1.2949227642613634], "Sigma": [[0.003370285004334399, -0.002746298318269895, -0.0026993341641562136], [-0.002746298318269895, 0.010298897333225398, 0.0003158045090888821], [-0.0026993341641562136, 0.000315804509088882, 0.00413102835910769]], "chi2_level": 0.95, "chi2_df": 3, "chi2_threshold": 7.814727903251179, "N_raw": 69, "N_roi": 69, "N_inlier": 64, "refit": true}
{"timestamp": "14:31:11.398888", "frame": 30, "mu": [0.13057046139071046, 1.470774362360484, 1.3079084037750646], "Sigma": [[0.002415862793216866, 0.0001245900300100294, -0.005327600474043293], [0.00012459003001002926, 0.002859074852684722, -0.010274816039176859], [-0.005327600474043293, -0.010274816039176859, 0.12472116993994879]], "chi2_level": 0.95, "chi2_df": 3, "chi2_threshold": 7.814727903251179, "N_raw": 36, "N_roi": 36, "N_inlier": 31, "refit": true}
{"timestamp": "14:31:11.457866", "frame": 31, "mu": [0.09055898759268863, 1.6258499663379768, -0.6084798586000915], "Sigma": [[0.0029090318052350924, -0.0006399152430026983, -0.001070990737413199], [-0.0006399152430026986, 0.04563547576981351, -0.12384127295251846], [-0.0010709907374131982, -0.12384127295251846, 0.35499063606483033]], "chi2_level": 0.95, "chi2_df": 3, "chi2_threshold": 7.814727903251179, "N_raw": 58, "N_roi": 57, "N_inlier": 56, "refit": true}
{"timestamp": "14:31:11.515051", "frame": 32, "mu": [0.08120849170106924, 1.3386344921647422, 1.2245448280991662], "Sigma": [[0.003250822259318483, -0.001687960360756179, -0.0043696025746827035], [-0.001687960360756179, 0.0062458453072035255, -0.0013857850941029698], [-0.0043696025746827035, -0.0013857850941029698, 0.01322347605934316]], "chi2_level": 0.95, "chi2_df": 3, "chi2_threshold": 7.814727903251179, "N_raw": 76, "N_roi": 76, "N_inlier": 71, "refit": true}
{"timestamp": "14:31:11.566989", "frame": 33, "mu": [-0.022631967511415274, 1.3576808649136956, 1.4009817153824566], "Sigma": [[0.003605823691057523, -0.0026499350205335297, -0.004654127170692878], [-0.0026499350205335297, 0.006720315483290461, 0.0030875323353523193], [-0.004654127170692878, 0.0030875323353523193, 0.0062387717864798]], "chi2_level": 0.95, "chi2_df": 3, "chi2_threshold": 7.814727903251179, "N_raw": 58, "N_roi": 58, "N_inlier": 54, "refit": true}
{"timestamp": "14:31:11.623829", "frame": 34, "mu": [-0.05068439779966663, 1.3546564811609523, 1.198801666112342], "Sigma": [[0.017285485109139603, -0.006332326626280642, -0.040432980202586066], [-0.006332326626280642, 0.004232898441117019, 0.017234145873475146], [-0.040432980202586066, 0.017234145873475146, 0.12078879613660606]], "chi2_level": 0.95, "chi2_df": 3, "chi2_threshold": 7.814727903251179, "N_raw": 65, "N_roi": 65, "N_inlier": 59, "refit": true}
{"timestamp": "14:31:11.683601", "frame": 35, "mu": [-0.11214327595206132, 1.3512967565290348, 1.0195400046840897], "Sigma": [[0.010056086201327348, -0.0029186180686903034, -0.039351206153698734], [-0.0029186180686903034, 0.006970337106956913, -0.005396753269677284], [-0.039351206153698734, -0.005396753269677285, 0.36255851636503306]], "chi2_level": 0.95, "chi2_df": 3, "chi2_threshold": 7.814727903251179, "N_raw": 97, "N_roi": 97, "N_inlier": 91, "refit": true}
{"timestamp": "14:31:11.733914", "frame": 36, "mu": [-0.18548450916838097, 1.360706933085295, 1.219289640046913], "Sigma": [[0.002417175733564033, -0.0006063237524334392, -0.0029101338408767793], [-0.0006063237524334391, 0.006291177050940531, -0.003303215395021262], [-0.0029101338408767797, -0.003303215395021262, 0.009087439614471586]], "chi2_level": 0.95, "chi2_df": 3, "chi2_threshold": 7.814727903251179, "N_raw": 63, "N_roi": 62, "N_inlier": 56, "refit": true}
{"timestamp": "14:31:11.790040", "frame": 37, "mu": [-0.2853583485210614, 1.4726879292700596, 1.2670817630159072], "Sigma": [[0.012345097633333942, -0.0021026171193927025, -0.020625012521429398], [-0.0021026171193927025, 0.0023951850980036605, 0.006564383658388194], [-0.0206250125214294, 0.006564383658388194, 0.05446509686139994]], "chi2_level": 0.95, "chi2_df": 3, "chi2_threshold": 7.814727903251179, "N_raw": 78, "N_roi": 78, "N_inlier": 72, "refit": true}
{"timestamp": "14:31:11.847887", "frame": 38, "mu": [-0.3780362845743476, 1.4049837929178388, 1.2959117605655697], "Sigma": [[0.006258703507841732, -0.002339097291235173, -0.01689840907880458], [-0.002339097291235173, 0.004930871364139277, 0.005353444867198702], [-0.01689840907880458, 0.0053534448671987015, 0.13193106773445637]], "chi2_level": 0.95, "chi2_df": 3, "chi2_threshold": 7.814727903251179, "N_raw": 89, "N_roi": 89, "N_inlier": 82, "refit": true}
{"timestamp": "14:31:11.902358", "frame": 39, "mu": [-0.37285690505233515, 1.4183860577747038, 1.2370089097836359], "Sigma": [[0.006386741569273234, -0.002455448723019077, -0.01233594151659041], [-0.0024554487230190776, 0.006544590226789923, 0.008337463725489106], [-0.01233594151659041, 0.008337463725489108, 0.05432008874276085]], "chi2_level": 0.95, "chi2_df": 3, "chi2_threshold": 7.814727903251179, "N_raw": 95, "N_roi": 95, "N_inlier": 90, "refit": true}
{"timestamp": "14:31:11.960324", "frame": 40, "mu": [-0.42966392801078424, 1.346939141878439, 1.1834481268508663], "Sigma": [[0.005837970541209605, -0.0018635180494888889, -0.010274461129103702], [-0.0018635180494888889, 0.00880397787991239, -0.001087208773914869], [-0.010274461129103702, -0.001087208773914869, 0.031992173941342794]], "chi2_level": 0.95, "chi2_df": 3, "chi2_threshold": 7.814727903251179, "N_raw": 112, "N_roi": 112, "N_inlier": 107, "refit": true}
{"timestamp": "14:31:12.016190", "frame": 41, "mu": [-0.4937425530461272, 1.3870071325987015, 1.216540033372275], "Sigma": [[0.008687966372665694, -0.0020444620351696453, -0.017054315054156676], [-0.0020444620351696453, 0.007947726234286336, 0.005602462062224746], [-0.01705431505415668, 0.005602462062224745, 0.059862956312026844]], "chi2_level": 0.95, "chi2_df": 3, "chi2_threshold": 7.814727903251179, "N_raw": 116, "N_roi": 116, "N_inlier": 111, "refit": true}
{"timestamp": "14:31:12.070431", "frame": 42, "mu": [-0.5523339152838375, 1.4123588953574224, 1.2464083250178462], "Sigma": [[0.00789496319967921, 0.0011453592458080955, -0.011256596165130726], [0.0011453592458080958, 0.008119629617625352, -0.005705028740393489], [-0.011256596165130726, -0.005705028740393489, 0.0352558569954054]], "chi2_level": 0.95, "chi2_df": 3, "chi2_threshold": 7.814727903251179, "N_raw": 114, "N_roi": 114, "N_inlier": 103, "refit": true}
{"timestamp": "14:31:12.128540", "frame": 43, "mu": [-0.6218772407903966, 1.3288728444440447, 1.0400950165621181], "Sigma": [[0.007894159990616673, 0.00037720840721619346, 0.007469946285722106], [0.00037720840721619335, 0.004927494266655844, -0.006083440805591518], [0.007469946285722105, -0.006083440805591518, 0.10898548485199319]], "chi2_level": 0.95, "chi2_df": 3, "chi2_threshold": 7.814727903251179, "N_raw": 130, "N_roi": 130, "N_inlier": 124, "refit": true}
{"timestamp": "14:31:12.180121", "frame": 44, "mu": [-0.6657098481511885, 1.3763146839576774, 1.1818571757891843], "Sigma": [[0.006785314805554864, 0.0020856353168754293, -0.007256470683845139], [0.0020856353168754293, 0.006597858904642081, -0.007604989831086088], [-0.007256470683845139, -0.007604989831086088, 0.020455103778874415]], "chi2_level": 0.95, "chi2_df": 3, "chi2_threshold": 7.814727903251179, "N_raw": 103, "N_roi": 103, "N_inlier": 96, "refit": true}
{"timestamp": "14:31:12.230543", "frame": 45, "mu": [-0.7433320591363393, 1.3853261402802537, 1.277511184436054], "Sigma": [[0.006266869452660255, 0.0017773541344099039, -0.0083067749911044], [0.0017773541344099039, 0.007470458535605847, -0.005302077367801067], [-0.0083067749911044, -0.005302077367801066, 0.03366460737684267]], "chi2_level": 0.95, "chi2_df": 3, "chi2_threshold": 7.814727903251179, "N_raw": 76, "N_roi": 76, "N_inlier": 72, "refit": true}
{"timestamp": "14:31:12.285500", "frame": 46, "mu": [-0.6853645562943768, 1.4584731512819056, 0.8707461057816885], "Sigma": [[0.018404838058488242, -0.00039332542211289925, -0.06396329717073836], [-0.0003933254221128992, 0.00669812481292364, 0.00607221454453165], [-0.06396329717073837, 0.006072214544531648, 0.2777028396810208]], "chi2_level": 0.95, "chi2_df": 3, "chi2_threshold": 7.814727903251179, "N_raw": 85, "N_roi": 85, "N_inlier": 83, "refit": true}
{"timestamp": "14:31:12.344736", "frame": 47, "mu": [-0.8169457399147304, 1.455612914557526, 1.0672636729670408], "Sigma": [[0.017888877390133978, 0.0003283210775388134, -0.05317497806096556], [0.0003283210775388136, 0.007804498844430771, 0.0008919027179665425], [-0.05317497806096556, 0.0008919027179665427, 0.22149749277623315]], "chi2_level": 0.95, "chi2_df": 3, "chi2_threshold": 7.814727903251179, "N_raw": 109, "N_roi": 109, "N_inlier": 108, "refit": true}
{"timestamp": "14:31:12.405538", "frame": 48, "mu": [-0.8271964283031386, 1.495356888686532, 1.0257236151939833], "Sigma": [[0.014062939001641414, 0.0008666812587522857, -0.039548361403495026], [0.0008666812587522857, 0.008696853180306581, 0.004555912638261755], [-0.039548361403495026, 0.004555912638261755, 0.245051124572782]], "chi2_level": 0.95, "chi2_df": 3, "chi2_threshold": 7.814727903251179, "N_raw": 150, "N_roi": 150, "N_inlier": 141, "refit": true}
{"timestamp": "14:31:12.455996", "frame": 49, "mu": [-0.8799555240260428, 1.7150471382517676, -0.40800964557741415], "Sigma": [[0.009412431235580257, 0.008412494545856531, -0.022875265128923426], [0.008412494545856531, 0.021646714835062433, -0.048631455726504694], [-0.022875265128923426, -0.048631455726504694, 0.1670679555604587]], "chi2_level": 0.95, "chi2_df": 3, "chi2_threshold": 7.814727903251179, "N_raw": 117, "N_roi": 117, "N_inlier": 106, "refit": true}
{"timestamp": "14:31:12.508676", "frame": 50, "mu": [-0.8832770470456349, 1.6799648589088212, 1.2060957031083432], "Sigma": [[0.009133016798907453, 0.0004025269518268656, -0.006415564509350858], [0.0004025269518268654, 0.006458920556766491, -0.008210255072494599], [-0.006415564509350857, -0.0082102550724946, 0.15885835011679886]], "chi2_level": 0.95, "chi2_df": 3, "chi2_threshold": 7.814727903251179, "N_raw": 103, "N_roi": 103, "N_inlier": 93, "refit": true}
{"timestamp": "14:31:12.566197", "frame": 51, "mu": [-0.9121504795736579, 1.653966228410766, 1.34881466485291], "Sigma": [[0.011044436516944572, -0.0006517582656528568, -0.006789794388288271], [-0.0006517582656528568, 0.00900077832558271, -0.003965496561653761], [-0.006789794388288271, -0.003965496561653761, 0.006938029764881978]], "chi2_level": 0.95, "chi2_df": 3, "chi2_threshold": 7.814727903251179, "N_raw": 123, "N_roi": 123, "N_inlier": 96, "refit": true}
{"timestamp": "14:31:12.621649", "frame": 52, "mu": [-0.9883435442612882, 1.6913629426212184, 1.359276151955182], "Sigma": [[0.011525052933665595, 0.00037797765768510835, -0.0072680300263008564], [0.00037797765768510824, 0.011277656592178944, -0.004747971518469802], [-0.007268030026300856, -0.004747971518469802, 0.0103560008616186]], "chi2_level": 0.95, "chi2_df": 3, "chi2_threshold": 7.814727903251179, "N_raw": 118, "N_roi": 118, "N_inlier": 103, "refit": true}
{"timestamp": "14:31:12.679295", "frame": 53, "mu": [-0.934127906613795, 1.6569495085987962, 0.9600203575913328], "Sigma": [[0.011176010797054851, -0.001234013464829182, -0.010901426652778635], [-0.0012340134648291818, 0.021967579659476294, 0.05183212958290406], [-0.010901426652778635, 0.05183212958290406, 0.17536366784292287]], "chi2_level": 0.95, "chi2_df": 3, "chi2_threshold": 7.814727903251179, "N_raw": 130, "N_roi": 130, "N_inlier": 120, "refit": true}
{"timestamp": "14:31:12.725477", "frame": 54, "mu": [-1.0411327359581086, 1.9515476721763672, -0.23279191758083542], "Sigma": [[0.008292789865339432, 0.005048242753746622, -0.013468439049744454], [0.005048242753746621, 0.010660782645607157, -0.0026358849504018013], [-0.013468439049744454, -0.002635884950401802, 0.10249167066889935]], "chi2_level": 0.95, "chi2_df": 3, "chi2_threshold": 7.814727903251179, "N_raw": 79, "N_roi": 79, "N_inlier": 77, "refit": true}
{"timestamp": "14:31:12.789893", "frame": 55, "mu": [-1.0281117875091756, 1.9285640263627646, 1.331641377270242], "Sigma": [[0.019626817595791123, 0.005593092282814204, -0.012393111507689111], [0.0055930922828142035, 0.011191582956509355, -0.008032401765181513], [-0.012393111507689111, -0.008032401765181513, 0.012600686348612984]], "chi2_level": 0.95, "chi2_df": 3, "chi2_threshold": 7.814727903251179, "N_raw": 139, "N_roi": 139, "N_inlier": 113, "refit": true}
{"timestamp": "14:31:12.845139", "frame": 56, "mu": [-1.0541167421472903, 1.9669412681767773, 0.31412461868289315], "Sigma": [[0.017552535954384565, -0.003886660036642316, 0.06305655636283083], [-0.0038866600366423165, 0.013300462580291326, -0.02635224423384268], [0.06305655636283083, -0.026352244233842678, 0.40579599411529194]], "chi2_level": 0.95, "chi2_df": 3, "chi2_threshold": 7.814727903251179, "N_raw": 142, "N_roi": 142, "N_inlier": 135, "refit": true}
{"timestamp": "14:31:12.897466", "frame": 57, "mu": [-1.0780373628883444, 2.0372402008790953, 1.1699465427242666], "Sigma": [[0.018299395977136246, 0.0027412180203270483, 0.0033610184901444956], [0.0027412180203270483, 0.006467522779587224, -0.0016969872527386608], [0.003361018490144496, -0.0016969872527386608, 0.13312253388104242]], "chi2_level": 0.95, "chi2_df": 3, "chi2_threshold": 7.814727903251179, "N_raw": 120, "N_roi": 120, "N_inlier": 111, "refit": true}
{"timestamp": "14:31:12.941788", "frame": 58, "mu": [-0.9607449703727478, 2.158883535189214, -0.120800753662871], "Sigma": [[0.007216777512489145, 0.0023168662508937397, -0.0005298717580032838], [0.0023168662508937397, 0.006316866253719082, 0.0010601882964309853], [-0.0005298717580032838, 0.0010601882964309853, 0.0013302763329127167]], "chi2_level": 0.95, "chi2_df": 3, "chi2_threshold": 7.814727903251179, "N_raw": 49, "N_roi": 49, "N_inlier": 43, "refit": true}
{"timestamp": "14:31:12.998926", "frame": 59, "mu": [-1.0445116177806137, 2.29329012413416, -0.01743655158907202], "Sigma": [[0.010164353134748625, 0.004535304907704594, -0.010057632237013309], [0.004535304907704596, 0.010172876367982404, -0.005944773783085635], [-0.010057632237013307, -0.005944773783085635, 0.01641592820470081]], "chi2_level": 0.95, "chi2_df": 3, "chi2_threshold": 7.814727903251179, "N_raw": 73, "N_roi": 73, "N_inlier": 65, "refit": true}
{"timestamp": "14:31:13.053933", "frame": 60, "mu": [-1.0517227777276492, 2.220265418130733, 1.204449575160207], "Sigma": [[0.02285187734749037, -0.00039773153277196176, 0.016034987895608137], [-0.0003977315327719617, 0.0022052525373074893, -0.0008348963100548359], [0.016034987895608137, -0.0008348963100548352, 0.1019818834547652]], "chi2_level": 0.95, "chi2_df": 3, "chi2_threshold": 7.814727903251179, "N_raw": 70, "N_roi": 70, "N_inlier": 67, "refit": true}
{"timestamp": "14:31:13.109602", "frame": 61, "mu": [-1.0796697344266029, 2.3584348901268086, -0.1363404319935188], "Sigma": [[0.009487027453395561, -0.0014371255533626001, -0.003707583019528688], [-0.0014371255533626001, 0.010801949336269354, -0.026649639072372003], [-0.003707583019528689, -0.026649639072372003, 0.10720979215178295]], "chi2_level": 0.95, "chi2_df": 3, "chi2_threshold": 7.814727903251179, "N_raw": 78, "N_roi": 78, "N_inlier": 73, "refit": true}
{"timestamp": "14:31:13.164245", "frame": 62, "mu": [-1.132092650744225, 2.393740620220456, 1.4478587493326818], "Sigma": [[0.011437370443220983, 0.0035563164309811773, -0.007472814493973789], [0.0035563164309811773, 0.010529575281659627, -0.0027554424879347996], [-0.0074728144939737885, -0.0027554424879347996, 0.007391369690036167]], "chi2_level": 0.95, "chi2_df": 3, "chi2_threshold": 7.814727903251179, "N_raw": 71, "N_roi": 71, "N_inlier": 66, "refit": true}
{"timestamp": "14:31:13.218631", "frame": 63, "mu": [-1.1094194447251349, 2.4039875122859975, 1.1105956880280696], "Sigma": [[0.012088760150083982, 6.621704260571025e-05, -0.013717970868452136], [6.621704260571014e-05, 0.011944792466708582, 0.04233465691061889], [-0.013717970868452136, 0.04233465691061889, 0.22832312327101814]], "chi2_level": 0.95, "chi2_df": 3, "chi2_threshold": 7.814727903251179, "N_raw": 74, "N_roi": 74, "N_inlier": 72, "refit": true}
{"timestamp": "14:31:13.277189", "frame": 64, "mu": [-1.1364338482985883, 2.5136420593007336, 1.3064338720405482], "Sigma": [[0.01608620061514912, 0.0032307918097988757, -0.007815149293219012], [0.003230791809798876, 0.009407572744928374, 0.008073506753252784], [-0.007815149293219012, 0.008073506753252784, 0.08623130361597278]], "chi2_level": 0.95, "chi2_df": 3, "chi2_threshold": 7.814727903251179, "N_raw": 92, "N_roi": 92, "N_inlier": 83, "refit": true}
{"timestamp": "14:31:13.327536", "frame": 65, "mu": [-1.1417629271001628, 2.5742604929249877, 1.2496091772535902], "Sigma": [[0.00938917166947255, 0.000913982126616547, 0.002177516993138493], [0.0009139821266165469, 0.003166602149748078, 0.0005600165490954874], [0.002177516993138493, 0.0005600165490954876, 0.07611375164011559]], "chi2_level": 0.95, "chi2_df": 3, "chi2_threshold": 7.814727903251179, "N_raw": 62, "N_roi": 62, "N_inlier": 61, "refit": true}
{"timestamp": "14:31:13.378393", "frame": 66, "mu": [-1.2133067937555682, 2.648082734494493, 1.3401901923329191], "Sigma": [[0.005554667818253651, 0.0009705326711489286, -0.00012330445480631877], [0.0009705326711489284, 0.0023692990285927563, 0.002506241482399524], [-0.00012330445480631877, 0.002506241482399524, 0.30066273032675955]], "chi2_level": 0.95, "chi2_df": 3, "chi2_threshold": 7.814727903251179, "N_raw": 30, "N_roi": 30, "N_inlier": 29, "refit": true}
{"timestamp": "14:31:13.439909", "frame": 67, "mu": [-1.2411188644571396, 2.699911679731995, -0.9679920667712192], "Sigma": [[0.012128336147692391, 0.004492125944883695, 0.042225362132124286], [0.004492125944883695, 0.00465378144492288, 0.019768210621433198], [0.042225362132124286, 0.019768210621433198, 0.3484395551157124]], "chi2_level": 0.95, "chi2_df": 3, "chi2_threshold": 7.814727903251179, "N_raw": 75, "N_roi": 74, "N_inlier": 69, "refit": true}
{"timestamp": "14:31:13.488289", "frame": 68, "mu": [-1.2599554411565574, 2.7959664273244966, 0.6787878269054041], "Sigma": [[0.013716966514302905, 0.0008299098557821033, 0.013908592856586792], [0.0008299098557821034, 0.0011116931312582195, -0.004850159273794557], [0.013908592856586792, -0.004850159273794557, 0.06422242943426226]], "chi2_level": 0.95, "chi2_df": 3, "chi2_threshold": 7.814727903251179, "N_raw": 30, "N_roi": 30, "N_inlier": 28, "refit": true}
{"timestamp": "14:31:13.549836", "frame": 69, "mu": [-1.1318757821855556, 3.0072190090357496, -0.3462606763464801], "Sigma": [[0.0237923673406258, -0.014517143724384996, 0.05103155705457914], [-0.014517143724384993, 0.023869319175620424, -0.07166891338940615], [0.05103155705457914, -0.07166891338940615, 0.2696285335566352]], "chi2_level": 0.95, "chi2_df": 3, "chi2_threshold": 7.814727903251179, "N_raw": 82, "N_roi": 79, "N_inlier": 77, "refit": true}
{"timestamp": "14:31:13.605211", "frame": 70, "mu": [-0.9847821589600633, 2.8356004685243335, 1.1945844245485], "Sigma": [[0.024471917880234256, -0.0013993416828986588, 0.011077026308040371], [-0.0013993416828986588, 0.010540487036037573, 0.018410640973118293], [0.01107702630804037, 0.018410640973118293, 0.11510710583165164]], "chi2_level": 0.95, "chi2_df": 3, "chi2_threshold": 7.814727903251179, "N_raw": 80, "N_roi": 80, "N_inlier": 76, "refit": true}
{"timestamp": "14:31:13.657574", "frame": 71, "mu": [-1.0279031595564712, 2.883927397814432, 1.1995648121829678], "Sigma": [[0.027326220805656228, 0.001292250596517509, 0.027297597948194717], [0.0012922505965175092, 0.008172910628241853, 0.023250094224003728], [0.027297597948194717, 0.023250094224003728, 0.1473573182340917]], "chi2_level": 0.95, "chi2_df": 3, "chi2_threshold": 7.814727903251179, "N_raw": 63, "N_roi": 63, "N_inlier": 59, "refit": true}
{"timestamp": "14:31:13.719713", "frame": 72, "mu": [-1.1316352845762976, 2.91860695890775, 0.9330736617779629], "Sigma": [[0.04990172538633184, 0.010108521636798082, 0.05982936372952032], [0.010108521636798082, 0.005633460231395482, 0.015200852776353087], [0.059829363729520316, 0.015200852776353089, 0.1677356374133218]], "chi2_level": 0.95, "chi2_df": 3, "chi2_threshold": 7.814727903251179, "N_raw": 109, "N_roi": 109, "N_inlier": 105, "refit": true}
{"timestamp": "14:31:13.762986", "frame": 73, "mu": [-0.9080486824589, 2.9725448990117673, 1.1380310156521458], "Sigma": [[0.0067343048658294975, -0.0022115999216229245, -0.008774078314108997], [-0.0022115999216229245, 0.002993409425999049, 0.0015449666286069185], [-0.008774078314108997, 0.0015449666286069192, 0.016675124452901466]], "chi2_level": 0.95, "chi2_df": 3, "chi2_threshold": 7.814727903251179, "N_raw": 32, "N_roi": 32, "N_inlier": 28, "refit": true}
{"timestamp": "14:31:13.815140", "frame": 74, "mu": [-0.9914820798040127, 3.0688516145623477, 1.121823299560292], "Sigma": [[0.010543416254766461, -0.0031775982070344332, 0.021722062314394684], [-0.0031775982070344337, 0.0027191121928419218, -0.01083626872476661], [0.021722062314394684, -0.01083626872476661, 0.1655533960158089]], "chi2_level": 0.95, "chi2_df": 3, "chi2_threshold": 7.814727903251179, "N_raw": 17, "N_roi": 17, "N_inlier": 16, "refit": true}
{"timestamp": "14:31:13.878281", "frame": 75, "mu": [-0.9612998201231694, 3.0960129845878197, 0.9767307681192596], "Sigma": [[0.03704097920334232, -0.00333773354766945, 0.07246423158206242], [-0.00333773354766945, 0.004675408113870392, -0.01451027445394871], [0.07246423158206242, -0.014510274453948712, 0.26032713935262114]], "chi2_level": 0.95, "chi2_df": 3, "chi2_threshold": 7.814727903251179, "N_raw": 74, "N_roi": 74, "N_inlier": 73, "refit": true}
{"timestamp": "14:31:13.928102", "frame": 76, "mu": [-0.8703555892907647, 3.130427073128158, 1.0536492757886775], "Sigma": [[0.014153052506806785, -0.00019515238198876647, 0.002881714886488272], [-0.00019515238198876647, 0.001040915298478225, -0.0026095684851149097], [0.002881714886488272, -0.0026095684851149105, 0.057508427077981074]], "chi2_level": 0.95, "chi2_df": 3, "chi2_threshold": 7.814727903251179, "N_raw": 32, "N_roi": 32, "N_inlier": 28, "refit": true}
{"timestamp": "14:31:13.983214", "frame": 77, "mu": [-0.7255751675882076, 3.206809768306187, 1.4294316464071701], "Sigma": [[0.01047881038220241, 0.001009427425188455, -0.004254244408541957], [0.001009427425188455, 0.002202931254419596, -0.002199091517451258], [-0.004254244408541957, -0.0021990915174512574, 0.004155713213048059]], "chi2_level": 0.95, "chi2_df": 3, "chi2_threshold": 7.814727903251179, "N_raw": 36, "N_roi": 36, "N_inlier": 32, "refit": true}
{"timestamp": "14:31:14.036183", "frame": 78, "mu": [-0.743621540287903, 3.1748704157259198, 0.05840626279435979], "Sigma": [[0.008000456851669117, 0.0004572749578072697, -0.002561909571924027], [0.0004572749578072697, 0.002609309520722914, 0.0002170353115802268], [-0.002561909571924027, 0.00021703531158022668, 0.0030690525816676837]], "chi2_level": 0.95, "chi2_df": 3, "chi2_threshold": 7.814727903251179, "N_raw": 26, "N_roi": 24, "N_inlier": 23, "refit": true}
{"timestamp": "14:31:14.095065", "frame": 79, "mu": [-0.6577092037624979, 3.1531638065147933, 1.3085474796505883], "Sigma": [[0.014352738708154634, 0.002550796465978262, -0.004481932325097904], [0.0025507964659782626, 0.005727835973467192, 0.0005783376274030125], [-0.004481932325097904, 0.0005783376274030125, 0.004024250764343221]], "chi2_level": 0.95, "chi2_df": 3, "chi2_threshold": 7.814727903251179, "N_raw": 50, "N_roi": 47, "N_inlier": 45, "refit": true}
{"timestamp": "14:31:14.146523", "frame": 80, "mu": [-0.6046630903664254, 3.255001825343851, 0.21176248191350666], "Sigma": [[0.011308131345452914, 0.002657395265071569, 0.00041239770913547506], [0.002657395265071569, 0.0022002734808899576, 0.0011411170721538151], [0.00041239770913547506, 0.0011411170721538151, 0.0009152490859596037]], "chi2_level": 0.95, "chi2_df": 3, "chi2_threshold": 7.814727903251179, "N_raw": 27, "N_roi": 27, "N_inlier": 24, "refit": true}
{"timestamp": "14:31:14.202779", "frame": 81, "mu": [-0.5466252048916632, 3.2679737036716094, 1.3217448569342067], "Sigma": [[0.013966930720965559, 0.0010638318337394448, 0.0058771394425828115], [0.0010638318337394448, 0.002127213750840961, -0.0010712372964566774], [0.005877139442582812, -0.0010712372964566774, 0.02394005750142847]], "chi2_level": 0.95, "chi2_df": 3, "chi2_threshold": 7.814727903251179, "N_raw": 31, "N_roi": 29, "N_inlier": 25, "refit": true}
{"timestamp": "14:31:14.255841", "frame": 82, "mu": [-0.5751033990167501, 3.4170773108799266, -0.05636013909262083], "Sigma": [[0.006124752624030679, -0.0038298264306952175, 0.01864644124842129], [-0.0038298264306952175, 0.02075567022423906, -0.07383866272888354], [0.01864644124842129, -0.07383866272888354, 0.30842035871981127]], "chi2_level": 0.95, "chi2_df": 3, "chi2_threshold": 7.814727903251179, "N_raw": 18, "N_roi": 15, "N_inlier": 13, "refit": true}
{"timestamp": "14:31:14.308757", "frame": 83, "mu": [-0.4860789294426535, 3.291501050507058, 0.601446978029071], "Sigma": [[0.0033955079550351142, -0.000567064299888054, 0.013193867101944614], [-0.000567064299888054, 0.01333737119136877, -0.043599478866834664], [0.01319386710194461, -0.043599478866834664, 0.4872226918819947]], "chi2_level": 0.95, "chi2_df": 3, "chi2_threshold": 7.814727903251179, "N_raw": 12, "N_roi": 12, "N_inlier": 11, "refit": true}
{"timestamp": "14:31:14.367157", "frame": 84, "mu": [-0.38238414098638385, 3.293380214256738, 0.9212033099456665], "Sigma": [[0.009766229950235829, -0.0007651552657250635, 0.005300278232990658], [-0.0007651552657250635, 0.0014639405516849282, -0.012370270083185376], [0.005300278232990657, -0.012370270083185378, 0.1564468494210827]], "chi2_level": 0.95, "chi2_df": 3, "chi2_threshold": 7.814727903251179, "N_raw": 34, "N_roi": 31, "N_inlier": 28, "refit": true}
{"timestamp": "14:31:14.423807", "frame": 85, "mu": [-0.29360211789506147, 3.330414618800165, 1.337116385525736], "Sigma": [[0.01638376788207153, 0.0016892039773712423, -0.0013317625338664138], [0.0016892039773712423, 0.0035106518827223844, -6.057522001628009e-05], [-0.0013317625338664135, -6.057522001628031e-05, 0.00153964401390706]], "chi2_level": 0.95, "chi2_df": 3, "chi2_threshold": 7.814727903251179, "N_raw": 45, "N_roi": 45, "N_inlier": 40, "refit": true}
{"timestamp": "14:31:14.478758", "frame": 86, "mu": [-0.1882653024743742, 3.1612998229902924, 0.9040443253195963], "Sigma": [[0.012924236930901457, -0.004076662153013572, -0.016817264319892312], [-0.004076662153013572, 0.0031511755745611564, 0.0035969068664705095], [-0.016817264319892312, 0.0035969068664705095, 0.02576883994353734]], "chi2_level": 0.95, "chi2_df": 3, "chi2_threshold": 7.814727903251179, "N_raw": 39, "N_roi": 39, "N_inlier": 37, "refit": true}
{"timestamp": "14:31:14.533864", "frame": 87, "mu": [-0.2126528433001646, 3.2283821512070885, 1.157551706199977], "Sigma": [[0.01567720845607127, -1.746498910635381e-05, -0.007527643415720246], [-1.7464989106353917e-05, 0.003028915522021673, 7.503338799159077e-05], [-0.007527643415720246, 7.50333879915908e-05, 0.004215061583475665]], "chi2_level": 0.95, "chi2_df": 3, "chi2_threshold": 7.814727903251179, "N_raw": 45, "N_roi": 45, "N_inlier": 40, "refit": true}
{"timestamp": "14:31:14.591814", "frame": 88, "mu": [-0.1658461514086901, 3.3131440534201615, -0.12752760940910576], "Sigma": [[0.017413892903139137, 0.0004816331554055845, -0.005362325661430258], [0.00048163315540558453, 0.004489086141588921, -0.0010487475820830812], [-0.005362325661430258, -0.0010487475820830814, 0.0035437311359607228]], "chi2_level": 0.95, "chi2_df": 3, "chi2_threshold": 7.814727903251179, "N_raw": 59, "N_roi": 59, "N_inlier": 54, "refit": true}
{"timestamp": "14:31:14.643880", "frame": 89, "mu": [-0.06857741654008552, 3.3190360987252934, 1.177138090535637], "Sigma": [[0.005953097268649681, 0.0025698230347472946, -0.0008649090355508639], [0.002569823034747294, 0.008785482393236474, 0.0011678345926213292], [-0.0008649090355508637, 0.00116783459262133, 0.02662345166532993]], "chi2_level": 0.95, "chi2_df": 3, "chi2_threshold": 7.814727903251179, "N_raw": 34, "N_roi": 30, "N_inlier": 27, "refit": true}
{"timestamp": "14:31:14.700082", "frame": 90, "mu": [-0.029506635848166297, 3.2578511048097143, 1.1065913629012338], "Sigma": [[0.013642372722051791, 0.006975113795534447, 0.00919162248429704], [0.006975113795534447, 0.008669818871238086, 0.0049378065392999115], [0.00919162248429704, 0.0049378065392999115, 0.008424481623739705]], "chi2_level": 0.95, "chi2_df": 3, "chi2_threshold": 7.814727903251179, "N_raw": 49, "N_roi": 49, "N_inlier": 45, "refit": true}
{"timestamp": "14:31:14.759332", "frame": 91, "mu": [0.03146827873523297, 3.452162201769102, -0.06937444667979963], "Sigma": [[0.014207537151263468, 0.00372138066480753, 0.007921034643263831], [0.0037213806648075305, 0.04053446394711302, -0.039411549653657334], [0.007921034643263831, -0.039411549653657334, 0.05834374604723116]], "chi2_level": 0.95, "chi2_df": 3, "chi2_threshold": 7.814727903251179, "N_raw": 67, "N_roi": 61, "N_inlier": 60, "refit": true}
