{"timestamp": "19:05:07.001005", "frame": 8, "mu": [1.6089900496280032, 1.0393333856428695, -0.22334772672338501], "Sigma": [[0.002201952297622818, -0.0013671293226423169, -0.0019321275610390454], [-0.0013671293226423169, 0.003988895785727664, -0.0012088613981223507], [-0.0019321275610390454, -0.0012088613981223505, 0.0036938452895555344]], "chi2_level": 0.95, "chi2_df": 3, "chi2_threshold": 7.814727903251179, "N_raw": 16, "N_roi": 16, "N_inlier": 15, "refit": true}
{"timestamp": "19:05:07.166116", "frame": 11, "mu": [1.5905701608805511, 0.9375371771992899, 1.4487871186582932], "Sigma": [[0.004241318879625837, -0.0013057386673522864, -0.00767800338815491], [-0.0013057386673522861, 0.0032830817600257764, -0.001424296172908241], [-0.00767800338815491, -0.0014242961729082403, 0.03743444750913488]], "chi2_level": 0.95, "chi2_df": 3, "chi2_threshold": 7.814727903251179, "N_raw": 21, "N_roi": 21, "N_inlier": 21, "refit": true}
{"timestamp": "19:05:07.222335", "frame": 12, "mu": [1.5917265940839256, 0.9093868957357374, 1.5324669210577946], "Sigma": [[0.004656737943204063, -0.0028250823999782905, -0.002038416594014536], [-0.0028250823999782905, 0.005657906880838921, -0.0008000325390851122], [-0.002038416594014536, -0.0008000325390851123, 0.002494543405017832]], "chi2_level": 0.95, "chi2_df": 3, "chi2_threshold": 7.814727903251179, "N_raw": 28, "N_roi": 28, "N_inlier": 26, "refit": true}
{"timestamp": "19:05:07.278649", "frame": 13, "mu": [1.5988462842209175, 0.8903168878806069, 1.4104211171925538], "Sigma": [[0.0056468790578846845, -0.004396787148124616, -0.007709696385884641], [-0.004396787148124616, 0.005220774868195204, 0.004685331443908602], [-0.007709696385884641, 0.004685331443908602, 0.017332701050501324]], "chi2_level": 0.95, "chi2_df": 3, "chi2_threshold": 7.814727903251179, "N_raw": 31, "N_roi": 31, "N_inlier": 28, "refit": true}
{"timestamp": "19:05:07.388255", "frame": 15, "mu": [1.5451903934222428, 0.9323129560596825, 1.4838376573230407], "Sigma": [[0.003890572172290875, -0.0008958943082381615, -0.0038378149011759695], [-0.0008958943082381614, 0.004872100588673372, -0.0021172656569635783], [-0.003837814901175969, -0.002117265656963578, 0.006129259825257006]], "chi2_level": 0.95, "chi2_df": 3, "chi2_threshold": 7.814727903251179, "N_raw": 30, "N_roi": 30, "N_inlier": 28, "refit": true}
{"timestamp": "19:05:07.444028", "frame": 16, "mu": [1.5486218213572476, 0.988888619381219, -0.3323804719886012], "Sigma": [[0.005063976025502685, -0.0017285198369865948, -0.005822155748046853], [-0.0017285198369865946, 0.004210580898761224, 0.000496616821510751], [-0.005822155748046853, 0.000496616821510751, 0.008557080860307577]], "chi2_level": 0.95, "chi2_df": 3, "chi2_threshold": 7.814727903251179, "N_raw": 27, "N_roi": 27, "N_inlier": 26, "refit": true}
{"timestamp": "19:05:07.498257", "frame": 17, "mu": [1.4794915958497301, 0.8837452150212537, 1.569530419206169], "Sigma": [[0.00394195607707317, -0.0008389660663106831, -0.0023731552301284402], [-0.000838966066310683, 0.0030919125467824154, -0.0004142872163925812], [-0.0023731552301284402, -0.0004142872163925813, 0.007149467124878215]], "chi2_level": 0.95, "chi2_df": 3, "chi2_threshold": 7.814727903251179, "N_raw": 22, "N_roi": 22, "N_inlier": 21, "refit": true}
{"timestamp": "19:05:07.556231", "frame": 18, "mu": [1.4644284450876746, 0.9061074596038484, 1.448017063715773], "Sigma": [[0.005653579858990013, -0.0015447015790323723, -0.006094534250439527], [-0.0015447015790323723, 0.005504028827335134, -0.002923247306448822], [-0.006094534250439527, -0.0029232473064488224, 0.012378251460442842]], "chi2_level": 0.95, "chi2_df": 3, "chi2_threshold": 7.814727903251179, "N_raw": 46, "N_roi": 46, "N_inlier": 45, "refit": true}
{"timestamp": "19:05:07.611191", "frame": 19, "mu": [1.443830198829055, 0.8549505286327838, 1.440523124278608], "Sigma": [[0.0050378217220342055, -0.0026638733356071547, -0.00545678073456805], [-0.0026638733356071547, 0.0056073320827811305, -0.0016829689807382354], [-0.00545678073456805, -0.0016829689807382358, 0.012349079211156685]], "chi2_level": 0.95, "chi2_df": 3, "chi2_threshold": 7.814727903251179, "N_raw": 45, "N_roi": 45, "N_inlier": 43, "refit": true}
{"timestamp": "19:05:07.666334", "frame": 20, "mu": [1.4076774366687816, 0.8412177131573765, 1.382255415265066], "Sigma": [[0.005041423876574987, -0.004722175167916036, -0.00735681164139906], [-0.004722175167916036, 0.006579913403682761, 0.003902115113711329], [-0.00735681164139906, 0.0039021151137113293, 0.019032061549734306]], "chi2_level": 0.95, "chi2_df": 3, "chi2_threshold": 7.814727903251179, "N_raw": 44, "N_roi": 44, "N_inlier": 40, "refit": true}
{"timestamp": "19:05:07.717264", "frame": 21, "mu": [1.3309955954274235, 0.8605524114778739, 1.509059855347146], "Sigma": [[0.003044036612368454, 0.0007799930847361383, -0.004579371489699319], [0.0007799930847361381, 0.0019909964616620637, -0.0007090441959507218], [-0.004579371489699319, -0.0007090441959507218, 0.024285577261401202]], "chi2_level": 0.95, "chi2_df": 3, "chi2_threshold": 7.814727903251179, "N_raw": 12, "N_roi": 12, "N_inlier": 12, "refit": true}
{"timestamp": "19:05:07.941008", "frame": 25, "mu": [1.1538800742999824, 0.915018075089922, 1.454135319012503], "Sigma": [[0.0029594047563665455, -0.0022215286305650016, -0.0019865449952695545], [-0.002221528630565002, 0.004844748999338176, -0.003431575850522733], [-0.0019865449952695545, -0.003431575850522733, 0.011600746719990512]], "chi2_level": 0.95, "chi2_df": 3, "chi2_threshold": 7.814727903251179, "N_raw": 42, "N_roi": 42, "N_inlier": 39, "refit": true}
{"timestamp": "19:05:08.159697", "frame": 29, "mu": [0.9661108910632323, 1.0034201460460028, -0.22648216774407343], "Sigma": [[0.0029571785096322105, 0.00017279658067161714, -0.0025567755672712654], [0.00017279658067161704, 0.004488321121934193, -0.005184381085207981], [-0.0025567755672712654, -0.005184381085207982, 0.013755326420013758]], "chi2_level": 0.95, "chi2_df": 3, "chi2_threshold": 7.814727903251179, "N_raw": 32, "N_roi": 32, "N_inlier": 26, "refit": true}
{"timestamp": "19:05:08.216389", "frame": 30, "mu": [0.9143726743704406, 0.9441405873433203, 1.4831519022867725], "Sigma": [[0.004500435634274475, -0.0012314385063514604, -0.003798468892166891], [-0.0012314385063514604, 0.002920614667390163, -0.0007897386690439696], [-0.003798468892166891, -0.0007897386690439696, 0.004927479879219816]], "chi2_level": 0.95, "chi2_df": 3, "chi2_threshold": 7.814727903251179, "N_raw": 47, "N_roi": 47, "N_inlier": 45, "refit": true}
{"timestamp": "19:05:08.274009", "frame": 31, "mu": [0.8465879836185963, 0.9663608923083556, 1.5793819442418144], "Sigma": [[0.004269026217687432, -0.0006631431784674365, -0.0028578077268547088], [-0.0006631431784674365, 0.005806524141695516, 0.0005618998795955096], [-0.002857807726854709, 0.0005618998795955096, 0.0057696216114379]], "chi2_level": 0.95, "chi2_df": 3, "chi2_threshold": 7.814727903251179, "N_raw": 59, "N_roi": 59, "N_inlier": 53, "refit": true}
{"timestamp": "19:05:08.325720", "frame": 32, "mu": [0.7952757800067446, 0.9648692089693016, -0.31650068223192973], "Sigma": [[0.0027294528578372906, 0.0002541784061983918, 0.0031105656296101], [0.0002541784061983918, 0.0013792877518286036, 0.00026514452699964383], [0.0031105656296101, 0.00026514452699964383, 0.010782119655022718]], "chi2_level": 0.95, "chi2_df": 3, "chi2_threshold": 7.814727903251179, "N_raw": 33, "N_roi": 33, "N_inlier": 27, "refit": true}
{"timestamp": "19:05:08.382918", "frame": 33, "mu": [0.835106589068716, 0.8621812887773733, 1.4095436064108176], "Sigma": [[0.005851568007264792, -0.002859621026001589, -0.008201124211842433], [-0.0028596210260015895, 0.003571105704190941, 0.003061185098413925], [-0.008201124211842433, 0.003061185098413925, 0.012911452714426619]], "chi2_level": 0.95, "chi2_df": 3, "chi2_threshold": 7.814727903251179, "N_raw": 48, "N_roi": 48, "N_inlier": 44, "refit": true}
{"timestamp": "19:05:08.435149", "frame": 34, "mu": [0.7351286693490329, 0.9298424121837225, 1.532071988650783], "Sigma": [[0.0026905964336431127, 5.81235554949358e-05, -0.0030221720500412576], [5.8123555494935816e-05, 0.0016319310242932604, -0.0008679335347494873], [-0.0030221720500412576, -0.0008679335347494871, 0.013746691237928762]], "chi2_level": 0.95, "chi2_df": 3, "chi2_threshold": 7.814727903251179, "N_raw": 37, "N_roi": 37, "N_inlier": 35, "refit": true}
{"timestamp": "19:05:08.486748", "frame": 35, "mu": [0.772653711761565, 0.8783879156099708, 0.9363558275404334], "Sigma": [[0.008203274008602572, -0.0016566941846428457, -0.05292067265332874], [-0.0016566941846428457, 0.002258397328615813, 0.00804539592983712], [-0.05292067265332874, 0.00804539592983712, 0.4480285055853552]], "chi2_level": 0.95, "chi2_df": 3, "chi2_threshold": 7.814727903251179, "N_raw": 10, "N_roi": 10, "N_inlier": 10, "refit": true}
{"timestamp": "19:05:08.546910", "frame": 36, "mu": [0.6749102465558453, 0.9028988329915973, 1.5136620968920513], "Sigma": [[0.004130387266183789, -0.00020791455961552134, -0.004455022750347962], [-0.00020791455961552134, 0.0025783547269629275, 0.000752435158163441], [-0.004455022750347962, 0.000752435158163441, 0.008803716325661558]], "chi2_level": 0.95, "chi2_df": 3, "chi2_threshold": 7.814727903251179, "N_raw": 48, "N_roi": 48, "N_inlier": 44, "refit": true}
{"timestamp": "19:05:08.658950", "frame": 38, "mu": [0.5580994026273042, 0.9164863954856788, 1.5502698394596466], "Sigma": [[0.0026965799940481218, -0.00025197004164281166, -0.0035971571852555072], [-0.0002519700416428117, 0.003668693919371982, -0.001112852400725229], [-0.0035971571852555072, -0.0011128524007252287, 0.014018362004768317]], "chi2_level": 0.95, "chi2_df": 3, "chi2_threshold": 7.814727903251179, "N_raw": 56, "N_roi": 56, "N_inlier": 51, "refit": true}
{"timestamp": "19:05:08.714307", "frame": 39, "mu": [0.6022634073055608, 0.8640998756362177, 1.4202593063945042], "Sigma": [[0.005894056185173988, -0.0006560573739378792, -0.007171205299533808], [-0.0006560573739378791, 0.0021463061290301045, -0.0005940443619403657], [-0.007171205299533808, -0.0005940443619403655, 0.01689529017360028]], "chi2_level": 0.95, "chi2_df": 3, "chi2_threshold": 7.814727903251179, "N_raw": 66, "N_roi": 66, "N_inlier": 61, "refit": true}
{"timestamp": "19:05:08.771972", "frame": 40, "mu": [0.5282199957029698, 0.8903794512465857, 1.5418104889695439], "Sigma": [[0.0028988545178570083, 0.00044868847656750316, -0.002368215676142197], [0.00044868847656750316, 0.0028320045360752766, -0.0010408519512423776], [-0.002368215676142197, -0.0010408519512423776, 0.011546527598365894]], "chi2_level": 0.95, "chi2_df": 3, "chi2_threshold": 7.814727903251179, "N_raw": 60, "N_roi": 60, "N_inlier": 57, "refit": true}
{"timestamp": "19:05:08.820540", "frame": 41, "mu": [0.4457450022641144, 0.89084564022678, 1.4759670256544881], "Sigma": [[0.0011331480465863527, -0.00033452576889376193, 0.00022428622231346676], [-0.00033452576889376193, 0.0009488836018463439, -0.0021123487572029935], [0.0002242862223134667, -0.0021123487572029935, 0.005417798623998735]], "chi2_level": 0.95, "chi2_df": 3, "chi2_threshold": 7.814727903251179, "N_raw": 34, "N_roi": 34, "N_inlier": 30, "refit": true}
{"timestamp": "19:05:08.936994", "frame": 43, "mu": [0.4007551797637694, 0.9833879710748119, -0.2874751044255871], "Sigma": [[0.004188185987937636, 0.0007256181793206123, -0.004198938944302297], [0.0007256181793206123, 0.003086525014154544, -0.0031543760220399935], [-0.004198938944302298, -0.0031543760220399935, 0.00866828967618605]], "chi2_level": 0.95, "chi2_df": 3, "chi2_threshold": 7.814727903251179, "N_raw": 74, "N_roi": 74, "N_inlier": 70, "refit": true}
{"timestamp": "19:05:08.990079", "frame": 44, "mu": [0.3316082512631642, 0.8998665730798204, 1.4412172582245306], "Sigma": [[0.0016187845779648466, -0.0003058784667341096, -0.00026048262151532914], [-0.0003058784667341094, 0.007549803222045851, -0.012073660116256848], [-0.0002604826215153289, -0.01207366011625685, 0.038818639587709515]], "chi2_level": 0.95, "chi2_df": 3, "chi2_threshold": 7.814727903251179, "N_raw": 65, "N_roi": 65, "N_inlier": 61, "refit": true}
{"timestamp": "19:05:09.045527", "frame": 45, "mu": [0.2383472984642237, 0.8789927781981143, 1.4367346586479524], "Sigma": [[0.0015823078648212517, -0.0004909075585245734, -0.0006085178914642821], [-0.0004909075585245734, 0.0020850436014267695, -0.003796716679882745], [-0.000608517891464282, -0.003796716679882745, 0.009979556804306462]], "chi2_level": 0.95, "chi2_df": 3, "chi2_threshold": 7.814727903251179, "N_raw": 70, "N_roi": 70, "N_inlier": 64, "refit": true}
{"timestamp": "19:05:09.102310", "frame": 46, "mu": [0.20527176074305029, 0.8712146104994422, 1.517240819169352], "Sigma": [[0.0025798592508569666, -0.0009172528892040423, 0.0012009323963310223], [-0.0009172528892040423, 0.0024818585049868683, -0.0035885670653858256], [0.0012009323963310225, -0.0035885670653858256, 0.011311104263235606]], "chi2_level": 0.95, "chi2_df": 3, "chi2_threshold": 7.814727903251179, "N_raw": 80, "N_roi": 80, "N_inlier": 77, "refit": true}
{"timestamp": "19:05:09.155591", "frame": 47, "mu": [0.19293833863930257, 0.8613715864504629, 1.5375386044935775], "Sigma": [[0.0029300394250219054, 0.0007505783119184682, -0.0016679822444436577], [0.0007505783119184682, 0.0019248939341815435, -0.0021755363976814967], [-0.0016679822444436577, -0.0021755363976814967, 0.008232992937161177]], "chi2_level": 0.95, "chi2_df": 3, "chi2_threshold": 7.814727903251179, "N_raw": 68, "N_roi": 68, "N_inlier": 65, "refit": true}
{"timestamp": "19:05:09.210013", "frame": 48, "mu": [0.12987081329594996, 0.948126078989938, -0.17558380245271166], "Sigma": [[0.0016708856561211377, 0.00015154688784429197, -0.0006703477559230957], [0.00015154688784429197, 0.004876259830637601, -0.001155772079666986], [-0.0006703477559230957, -0.001155772079666986, 0.002880315921166946]], "chi2_level": 0.95, "chi2_df": 3, "chi2_threshold": 7.814727903251179, "N_raw": 67, "N_roi": 66, "N_inlier": 62, "refit": true}
{"timestamp": "19:05:09.265442", "frame": 49, "mu": [0.09643544960919971, 0.863128026962431, 1.4929390826644355], "Sigma": [[0.0031385178240943097, -0.0004071215696034434, -0.005144378543557983], [-0.0004071215696034434, 0.0020872655942289855, -0.0014163226420834158], [-0.005144378543557983, -0.0014163226420834158, 0.01257685597363578]], "chi2_level": 0.95, "chi2_df": 3, "chi2_threshold": 7.814727903251179, "N_raw": 71, "N_roi": 71, "N_inlier": 69, "refit": true}
{"timestamp": "19:05:09.317284", "frame": 50, "mu": [0.06603491315023942, 0.8406523610482479, 1.488179588946139], "Sigma": [[0.0014048616525814336, -0.0005036744102018324, -0.002615847466995521], [-0.0005036744102018323, 0.001674836973588361, 7.576930362275251e-05], [-0.002615847466995521, 7.57693036227526e-05, 0.011984054059522747]], "chi2_level": 0.95, "chi2_df": 3, "chi2_threshold": 7.814727903251179, "N_raw": 50, "N_roi": 50, "N_inlier": 48, "refit": true}
{"timestamp": "19:05:09.375456", "frame": 51, "mu": [-0.011045072518594722, 0.8483211105454287, 1.4644895652040697], "Sigma": [[0.002005541042830942, -0.0005600680217150337, -0.002062947250300417], [-0.0005600680217150336, 0.0018685501666723676, -0.0014483723343178948], [-0.0020629472503004165, -0.001448372334317895, 0.015937677049884663]], "chi2_level": 0.95, "chi2_df": 3, "chi2_threshold": 7.814727903251179, "N_raw": 75, "N_roi": 75, "N_inlier": 71, "refit": true}
{"timestamp": "19:05:09.431416", "frame": 52, "mu": [-0.05983211002093991, 0.8591035291396341, 1.4787918183823903], "Sigma": [[0.002008781411912552, -0.0001767066738484426, -0.0008520264757904948], [-0.0001767066738484426, 0.0021733504744891182, -0.003876130777681337], [-0.0008520264757904948, -0.003876130777681337, 0.007987155684854133]], "chi2_level": 0.95, "chi2_df": 3, "chi2_threshold": 7.814727903251179, "N_raw": 74, "N_roi": 74, "N_inlier": 72, "refit": true}
{"timestamp": "19:05:09.484163", "frame": 53, "mu": [-0.09612800578016154, 0.8522996522488094, 1.5346801674506403], "Sigma": [[0.0017761674004100573, -3.887844429420131e-06, 7.158215526450627e-05], [-3.887844429420158e-06, 0.0021106165332912485, -0.0023982691332776977], [7.158215526450627e-05, -0.0023982691332776977, 0.0037393254925134614]], "chi2_level": 0.95, "chi2_df": 3, "chi2_threshold": 7.814727903251179, "N_raw": 61, "N_roi": 61, "N_inlier": 58, "refit": true}
{"timestamp": "19:05:09.540046", "frame": 54, "mu": [-0.16221290254464413, 0.9833323876386139, -0.22228410950760139], "Sigma": [[0.0016885414124510046, -0.0001838413996070026, -0.0024768252163993357], [-0.0001838413996070026, 0.004928350310390629, -0.0032755828896826947], [-0.0024768252163993357, -0.0032755828896826947, 0.015903359862248435]], "chi2_level": 0.95, "chi2_df": 3, "chi2_threshold": 7.814727903251179, "N_raw": 66, "N_roi": 66, "N_inlier": 63, "refit": true}
{"timestamp": "19:05:09.598161", "frame": 55, "mu": [-0.20840306361883576, 0.990031983165083, -0.2505123059091815], "Sigma": [[0.0023034675542429285, -0.0001129217795015321, -0.0006848638825902325], [-0.00011292177950153207, 0.005885557608612244, -0.005740098838623635], [-0.0006848638825902324, -0.005740098838623633, 0.006504333409304335]], "chi2_level": 0.95, "chi2_df": 3, "chi2_threshold": 7.814727903251179, "N_raw": 88, "N_roi": 88, "N_inlier": 86, "refit": true}
{"timestamp": "19:05:09.654021", "frame": 56, "mu": [-0.26705570894097985, 0.9010197881324616, 1.5030380346703414], "Sigma": [[0.0025268861866310135, -0.0010563789425997966, -0.002388579344423301], [-0.0010563789425997966, 0.0038043858484628403, 0.002768594618870235], [-0.002388579344423301, 0.002768594618870235, 0.027504139646531804]], "chi2_level": 0.95, "chi2_df": 3, "chi2_threshold": 7.814727903251179, "N_raw": 86, "N_roi": 86, "N_inlier": 83, "refit": true}
{"timestamp": "19:05:09.706933", "frame": 57, "mu": [-0.3135122058352876, 0.8616590983705856, 1.5233384496422095], "Sigma": [[0.002841156260346564, 0.0007818431337101801, 0.0011886426958872343], [0.0007818431337101802, 0.00431156042328831, -0.002278753948646051], [0.0011886426958872343, -0.002278753948646051, 0.0041075065638118205]], "chi2_level": 0.95, "chi2_df": 3, "chi2_threshold": 7.814727903251179, "N_raw": 79, "N_roi": 79, "N_inlier": 76, "refit": true}
{"timestamp": "19:05:09.760179", "frame": 58, "mu": [-0.37287212063096037, 0.9760698385788146, -0.18006766835137505], "Sigma": [[0.0031321686584328445, 0.0007594210170357858, -0.0031073415851129525], [0.000759421017035786, 0.006593068693288333, -0.0054536890196723725], [-0.0031073415851129525, -0.005453689019672373, 0.008270454283930799]], "chi2_level": 0.95, "chi2_df": 3, "chi2_threshold": 7.814727903251179, "N_raw": 69, "N_roi": 69, "N_inlier": 68, "refit": true}
{"timestamp": "19:05:09.815551", "frame": 59, "mu": [-0.4194855548519169, 0.8943352780232041, 1.52481702757698], "Sigma": [[0.0022570497753966147, -0.00037339228570247595, -0.0014678294368042676], [-0.00037339228570247595, 0.002370695102491024, -0.0033311562032680288], [-0.0014678294368042676, -0.0033311562032680288, 0.010996011793676866]], "chi2_level": 0.95, "chi2_df": 3, "chi2_threshold": 7.814727903251179, "N_raw": 68, "N_roi": 66, "N_inlier": 62, "refit": true}
{"timestamp": "19:05:09.870573", "frame": 60, "mu": [-0.4809852670188578, 0.8974620466279136, 1.5878699392688052], "Sigma": [[0.002741188474660695, -0.0003490580681392116, -0.0002411726643581232], [-0.00034905806813921163, 0.0027972332705819983, -0.0033753692550189986], [-0.00024117266435812315, -0.0033753692550189986, 0.006425660642206941]], "chi2_level": 0.95, "chi2_df": 3, "chi2_threshold": 7.814727903251179, "N_raw": 69, "N_roi": 69, "N_inlier": 66, "refit": true}
{"timestamp": "19:05:09.925784", "frame": 61, "mu": [-0.512236677278357, 0.8808844934435145, 1.5856683285538817], "Sigma": [[0.0032040201724447934, -0.0011387462254742456, -0.0008565601849877082], [-0.0011387462254742458, 0.003732684620570332, -0.0027374823264356717], [-0.0008565601849877082, -0.002737482326435672, 0.0032847273602511808]], "chi2_level": 0.95, "chi2_df": 3, "chi2_threshold": 7.814727903251179, "N_raw": 71, "N_roi": 71, "N_inlier": 69, "refit": true}
{"timestamp": "19:05:09.978645", "frame": 62, "mu": [-0.537848713715584, 0.9264754988026176, -0.25623772078131907], "Sigma": [[0.002156605711950423, 0.0009599586557790716, 0.001912254769056518], [0.0009599586557790716, 0.00807114442615453, 0.003184240500774779], [0.001912254769056518, 0.003184240500774779, 0.010545758813576311]], "chi2_level": 0.95, "chi2_df": 3, "chi2_threshold": 7.814727903251179, "N_raw": 53, "N_roi": 53, "N_inlier": 47, "refit": true}
{"timestamp": "19:05:10.032135", "frame": 63, "mu": [-0.5874831704518377, 0.9532219325333914, -0.22551560088311834], "Sigma": [[0.002416059147392101, 0.001561528631429152, 0.0025188374381045512], [0.001561528631429152, 0.007140307119031675, 0.0025967152582085868], [0.002518837438104552, 0.0025967152582085868, 0.00878723448088546]], "chi2_level": 0.95, "chi2_df": 3, "chi2_threshold": 7.814727903251179, "N_raw": 51, "N_roi": 51, "N_inlier": 49, "refit": true}
{"timestamp": "19:05:10.091440", "frame": 64, "mu": [-0.6454283268182686, 0.8557871754212307, 1.493210182227835], "Sigma": [[0.00958952390541751, 0.0024397676131622218, -0.016445707123954056], [0.0024397676131622218, 0.004633925727100442, -0.008818005198074633], [-0.01644570712395406, -0.008818005198074632, 0.04983175987193332]], "chi2_level": 0.95, "chi2_df": 3, "chi2_threshold": 7.814727903251179, "N_raw": 79, "N_roi": 79, "N_inlier": 71, "refit": true}
{"timestamp": "19:05:10.140270", "frame": 65, "mu": [-0.9309703107020496, 0.6584081444007863, 1.6412148307194587], "Sigma": [[0.014971274057945568, 0.00813993967669664, -0.008672486551157297], [0.00813993967669664, 0.005411487508435348, -0.007103863538754502], [-0.008672486551157297, -0.007103863538754502, 0.016559852524724528]], "chi2_level": 0.95, "chi2_df": 3, "chi2_threshold": 7.814727903251179, "N_raw": 33, "N_roi": 33, "N_inlier": 27, "refit": true}
{"timestamp": "19:05:10.195421", "frame": 66, "mu": [-0.8023748524138392, 0.9203086530396309, -0.26095902884686806], "Sigma": [[0.010871014906532117, 0.006704408577047544, -0.0068997295551495265], [0.006704408577047544, 0.00756050432626591, -0.007497446851610777], [-0.006899729555149526, -0.007497446851610777, 0.010394027448426959]], "chi2_level": 0.95, "chi2_df": 3, "chi2_threshold": 7.814727903251179, "N_raw": 36, "N_roi": 36, "N_inlier": 29, "refit": true}
{"timestamp": "19:05:10.262058", "frame": 67, "mu": [-0.9058081461168809, 0.7505677288869737, 0.3933215737524363], "Sigma": [[0.011031450910796646, 0.004029878981092371, 0.05429711073430345], [0.004029878981092372, 0.0066043360326873005, 0.016121204873572787], [0.05429711073430345, 0.016121204873572787, 0.5978264986843823]], "chi2_level": 0.95, "chi2_df": 3, "chi2_threshold": 7.814727903251179, "N_raw": 108, "N_roi": 108, "N_inlier": 101, "refit": true}
{"timestamp": "19:05:10.315733", "frame": 68, "mu": [-0.9337692032745085, 0.8377031053159602, -0.302927458086996], "Sigma": [[0.014294114822505703, 0.0102761336953909, -0.01309283545973294], [0.0102761336953909, 0.015393541595942249, -0.023079071727669945], [-0.01309283545973294, -0.023079071727669945, 0.040787757850739285]], "chi2_level": 0.95, "chi2_df": 3, "chi2_threshold": 7.814727903251179, "N_raw": 108, "N_roi": 108, "N_inlier": 96, "refit": true}
{"timestamp": "19:05:10.369182", "frame": 69, "mu": [-1.0102053328969893, 0.7891259617945491, 1.6237515078980638], "Sigma": [[0.012347153715362243, 0.005393493513516161, -0.0041088626366406426], [0.005393493513516161, 0.005659549287133855, -0.0057723867697231914], [-0.0041088626366406426, -0.0057723867697231914, 0.007660795805634832]], "chi2_level": 0.95, "chi2_df": 3, "chi2_threshold": 7.814727903251179, "N_raw": 91, "N_roi": 91, "N_inlier": 87, "refit": true}
{"timestamp": "19:05:10.425195", "frame": 70, "mu": [-1.0308543133157702, 0.77356873924821, 1.5603822576194548], "Sigma": [[0.011738049061424087, 0.003024377286188584, -0.004672991506486609], [0.003024377286188584, 0.004333138890067791, -0.005438164736712305], [-0.004672991506486608, -0.005438164736712305, 0.008734291293403935]], "chi2_level": 0.95, "chi2_df": 3, "chi2_threshold": 7.814727903251179, "N_raw": 93, "N_roi": 93, "N_inlier": 91, "refit": true}
{"timestamp": "19:05:10.473787", "frame": 71, "mu": [-1.0857516050673084, 0.696641106924206, 1.475377428546201], "Sigma": [[0.007389813722587182, 0.004105914485233628, -0.0012489873842694925], [0.004105914485233628, 0.004672887541216679, -0.003382770888720426], [-0.0012489873842694925, -0.003382770888720426, 0.004094362805370742]], "chi2_level": 0.95, "chi2_df": 3, "chi2_threshold": 7.814727903251179, "N_raw": 56, "N_roi": 56, "N_inlier": 54, "refit": true}
{"timestamp": "19:05:10.528517", "frame": 72, "mu": [-1.1615672125346705, 0.6905042538018782, 1.4933091372968794], "Sigma": [[0.00791813616456355, 0.004957162030064067, 0.0009172246876399299], [0.004957162030064067, 0.014644473610037885, 0.0019097026679749441], [0.0009172246876399301, 0.0019097026679749443, 0.004209303109911478]], "chi2_level": 0.95, "chi2_df": 3, "chi2_threshold": 7.814727903251179, "N_raw": 61, "N_roi": 61, "N_inlier": 58, "refit": true}
{"timestamp": "19:05:10.585725", "frame": 73, "mu": [-1.163596982266053, 0.7913024210407315, -0.4165002969797334], "Sigma": [[0.00552701842939837, 0.0041271079195487805, 0.002148068225373761], [0.0041271079195487805, 0.006023891706172557, -0.001588188032117036], [0.002148068225373761, -0.0015881880321170355, 0.010659906716304275]], "chi2_level": 0.95, "chi2_df": 3, "chi2_threshold": 7.814727903251179, "N_raw": 51, "N_roi": 51, "N_inlier": 49, "refit": true}
{"timestamp": "19:05:10.642831", "frame": 74, "mu": [-1.1522094928778381, 0.9016146320300681, -0.3179588169453736], "Sigma": [[0.010210779127490034, 0.007760071763142805, -0.001238187863985355], [0.007760071763142805, 0.014893763818557755, -0.004278088916513851], [-0.001238187863985355, -0.004278088916513852, 0.0019366004928437236]], "chi2_level": 0.95, "chi2_df": 3, "chi2_threshold": 7.814727903251179, "N_raw": 88, "N_roi": 88, "N_inlier": 86, "refit": true}
{"timestamp": "19:05:10.699794", "frame": 75, "mu": [-1.2156775842918128, 0.8453212150095111, -0.39276034128709675], "Sigma": [[0.013940403304009223, 0.007944714976909, 0.004624195131527963], [0.007944714976909002, 0.022760625702572507, 0.00783006071953099], [0.004624195131527963, 0.00783006071953099, 0.005801937412527006]], "chi2_level": 0.95, "chi2_df": 3, "chi2_threshold": 7.814727903251179, "N_raw": 99, "N_roi": 99, "N_inlier": 97, "refit": true}
{"timestamp": "19:05:10.748113", "frame": 76, "mu": [-1.2804260459980292, 0.8127847176133516, -0.4517689273762078], "Sigma": [[0.008111985603253359, 0.0070079357643879365, 0.006719132994813572], [0.0070079357643879365, 0.020546339400322855, 0.012180032146158384], [0.006719132994813572, 0.012180032146158384, 0.012268861994707862]], "chi2_level": 0.95, "chi2_df": 3, "chi2_threshold": 7.814727903251179, "N_raw": 52, "N_roi": 52, "N_inlier": 50, "refit": true}
{"timestamp": "19:05:10.804617", "frame": 77, "mu": [-1.2953980255987139, 0.8734670700859942, 1.4595167128480078], "Sigma": [[0.010651924408761232, 0.005722978800371594, -0.010881753867888614], [0.005722978800371593, 0.0077597735635853435, -0.013137977593365848], [-0.010881753867888613, -0.013137977593365848, 0.054672711936870955]], "chi2_level": 0.95, "chi2_df": 3, "chi2_threshold": 7.814727903251179, "N_raw": 72, "N_roi": 72, "N_inlier": 68, "refit": true}
{"timestamp": "19:05:10.863770", "frame": 78, "mu": [-1.2824259893316883, 0.8734709257295109, 1.319765218228638], "Sigma": [[0.010664001886177905, 0.007537397567310649, -0.003348899077286213], [0.007537397567310649, 0.01590077066820935, -0.005298985623582556], [-0.003348899077286213, -0.005298985623582556, 0.010046060851858685]], "chi2_level": 0.95, "chi2_df": 3, "chi2_threshold": 7.814727903251179, "N_raw": 95, "N_roi": 95, "N_inlier": 86, "refit": true}
{"timestamp": "19:05:10.919916", "frame": 79, "mu": [-1.3171968784754737, 0.9162842189829438, 1.4504511835081628], "Sigma": [[0.013647936437679352, 0.00799224558175353, -0.0015195907630553126], [0.00799224558175353, 0.01252656622393226, -0.006602167721541525], [-0.0015195907630553124, -0.006602167721541525, 0.006403827741043736]], "chi2_level": 0.95, "chi2_df": 3, "chi2_threshold": 7.814727903251179, "N_raw": 102, "N_roi": 102, "N_inlier": 95, "refit": true}
{"timestamp": "19:05:10.968462", "frame": 80, "mu": [-1.3541635155539666, 0.945559256939843, 1.4984285648670725], "Sigma": [[0.009004963792522575, 0.004981078574166295, -0.00421759186330201], [0.004981078574166295, 0.008432102812595214, -0.005877899304760614], [-0.00421759186330201, -0.005877899304760614, 0.004862279198298347]], "chi2_level": 0.95, "chi2_df": 3, "chi2_threshold": 7.814727903251179, "N_raw": 62, "N_roi": 62, "N_inlier": 59, "refit": true}
{"timestamp": "19:05:11.025588", "frame": 81, "mu": [-1.335587804657808, 1.0493366031362537, 1.3935950724991741], "Sigma": [[0.009775890685620115, 0.0037365672239219943, -0.0008512775128653049], [0.0037365672239219935, 0.008118365610824676, -0.019083124260052865], [-0.0008512775128653046, -0.019083124260052865, 0.1573906437279609]], "chi2_level": 0.95, "chi2_df": 3, "chi2_threshold": 7.814727903251179, "N_raw": 72, "N_roi": 72, "N_inlier": 71, "refit": true}
{"timestamp": "19:05:11.076216", "frame": 82, "mu": [-1.3812080702480398, 1.0467939362389025, 1.5946468747959428], "Sigma": [[0.008620615318449527, 0.005241396608202343, -0.008099573503982785], [0.005241396608202343, 0.0072085484115701455, -0.009398741121981823], [-0.008099573503982785, -0.009398741121981823, 0.017214721785141204]], "chi2_level": 0.95, "chi2_df": 3, "chi2_threshold": 7.814727903251179, "N_raw": 46, "N_roi": 45, "N_inlier": 40, "refit": true}
{"timestamp": "19:05:11.132880", "frame": 83, "mu": [-1.3886262374700125, 1.0744230758275313, 1.5854692182308712], "Sigma": [[0.009372767579366979, 0.006544864019822702, -0.007887849270245453], [0.006544864019822702, 0.017408921169485198, -0.013264828438603686], [-0.007887849270245453, -0.013264828438603684, 0.011937079936283429]], "chi2_level": 0.95, "chi2_df": 3, "chi2_threshold": 7.814727903251179, "N_raw": 61, "N_roi": 61, "N_inlier": 58, "refit": true}
{"timestamp": "19:05:11.188494", "frame": 84, "mu": [-1.4950882024774372, 1.095439700293798, 1.6512467048914936], "Sigma": [[0.01113509600783334, 0.0009466973192931777, -0.005843366446754839], [0.0009466973192931773, 0.010048603998264594, -0.005406349897655101], [-0.005843366446754839, -0.005406349897655101, 0.00618649664425678]], "chi2_level": 0.95, "chi2_df": 3, "chi2_threshold": 7.814727903251179, "N_raw": 69, "N_roi": 69, "N_inlier": 66, "refit": true}
{"timestamp": "19:05:11.252591", "frame": 85, "mu": [-1.4224830545082519, 1.252267885405668, 0.5570667344042483], "Sigma": [[0.012939286961346276, 0.002927711520326424, 0.04686062587158376], [0.002927711520326424, 0.016819935040351095, 0.057569092259788415], [0.04686062587158376, 0.057569092259788415, 0.5985018974627344]], "chi2_level": 0.95, "chi2_df": 3, "chi2_threshold": 7.814727903251179, "N_raw": 115, "N_roi": 115, "N_inlier": 114, "refit": true}
{"timestamp": "19:05:11.306853", "frame": 86, "mu": [-1.4646693955662975, 1.2385478172489415, 1.6277146412660495], "Sigma": [[0.0209024282140789, 0.003468817429354676, -0.018644059549069066], [0.003468817429354676, 0.01566811362459895, -0.002594564067805437], [-0.018644059549069066, -0.002594564067805437, 0.01788768238638819]], "chi2_level": 0.95, "chi2_df": 3, "chi2_threshold": 7.814727903251179, "N_raw": 117, "N_roi": 117, "N_inlier": 115, "refit": true}
{"timestamp": "19:05:11.361371", "frame": 87, "mu": [-1.487520315909563, 1.209668038168166, 1.5486123738269273], "Sigma": [[0.01522540079188143, 0.008397818643202309, -0.009628345360768299], [0.008397818643202309, 0.021232873066630523, -0.012103387516740298], [-0.009628345360768299, -0.012103387516740298, 0.010007820868668018]], "chi2_level": 0.95, "chi2_df": 3, "chi2_threshold": 7.814727903251179, "N_raw": 110, "N_roi": 110, "N_inlier": 107, "refit": true}
{"timestamp": "19:05:11.410125", "frame": 88, "mu": [-1.526726155537286, 1.2285773573678571, 1.6295136975760627], "Sigma": [[0.01599300180990576, 0.004631419587318525, -0.013139173564142952], [0.004631419587318525, 0.011730169305335545, -0.0059466065499649895], [-0.013139173564142952, -0.0059466065499649895, 0.012009851513484398]], "chi2_level": 0.95, "chi2_df": 3, "chi2_threshold": 7.814727903251179, "N_raw": 64, "N_roi": 64, "N_inlier": 62, "refit": true}
{"timestamp": "19:05:11.466447", "frame": 89, "mu": [-1.539029052216172, 1.23112971756842, 1.494478873264364], "Sigma": [[0.021446654159252246, 0.010027225213269, -0.03893387020980603], [0.010027225213268999, 0.011522733805329883, -0.0201864518669332], [-0.03893387020980603, -0.0201864518669332, 0.12752698420748945]], "chi2_level": 0.95, "chi2_df": 3, "chi2_threshold": 7.814727903251179, "N_raw": 78, "N_roi": 78, "N_inlier": 73, "refit": true}
{"timestamp": "19:05:11.519674", "frame": 90, "mu": [-1.6067553043360177, 1.277468157461666, 1.7067417445502209], "Sigma": [[0.009861925944665227, 0.005661491080027639, -0.009617057607571807], [0.00566149108002764, 0.0127928239649489, -0.01285687413448688], [-0.009617057607571809, -0.01285687413448688, 0.022602525140691332]], "chi2_level": 0.95, "chi2_df": 3, "chi2_threshold": 7.814727903251179, "N_raw": 64, "N_roi": 64, "N_inlier": 61, "refit": true}
{"timestamp": "19:05:11.571661", "frame": 91, "mu": [-1.585032980779847, 1.3553717549692608, 1.488205115035299], "Sigma": [[0.02005704396683436, 0.015516496233155451, -0.050981423256536526], [0.015516496233155451, 0.016775647706592525, -0.0510747779286803], [-0.050981423256536526, -0.0510747779286803, 0.1858523191419433]], "chi2_level": 0.95, "chi2_df": 3, "chi2_threshold": 7.814727903251179, "N_raw": 43, "N_roi": 43, "N_inlier": 41, "refit": true}
{"timestamp": "19:05:11.633215", "frame": 92, "mu": [-1.5156020385502897, 1.442442109440105, 1.3151150990386804], "Sigma": [[0.02039207097823472, 0.015133442189702629, -0.059262953051907756], [0.015133442189702629, 0.017024609054499623, -0.051384784778776296], [-0.059262953051907756, -0.051384784778776296, 0.29712736424234676]], "chi2_level": 0.95, "chi2_df": 3, "chi2_threshold": 7.814727903251179, "N_raw": 92, "N_roi": 92, "N_inlier": 91, "refit": true}
{"timestamp": "19:05:11.691334", "frame": 93, "mu": [-1.6097735306404188, 1.4318583511347365, 1.599668742752458], "Sigma": [[0.01927674559978245, 0.01452801130820522, -0.020783334993087953], [0.01452801130820522, 0.020499048766725585, -0.03154022043812085], [-0.020783334993087953, -0.03154022043812085, 0.06285445703269085]], "chi2_level": 0.95, "chi2_df": 3, "chi2_threshold": 7.814727903251179, "N_raw": 108, "N_roi": 108, "N_inlier": 104, "refit": true}
{"timestamp": "19:05:11.735819", "frame": 94, "mu": [-1.7560775059500249, 1.3930302950529256, 1.761337359008468], "Sigma": [[0.013435011129567213, 0.00882274656579347, -0.011245251535896443], [0.008822746565793469, 0.013835854144362078, -0.017545244540823877], [-0.011245251535896443, -0.017545244540823873, 0.02648582483141998]], "chi2_level": 0.95, "chi2_df": 3, "chi2_threshold": 7.814727903251179, "N_raw": 42, "N_roi": 42, "N_inlier": 40, "refit": true}
{"timestamp": "19:05:11.793634", "frame": 95, "mu": [-1.6854071724624669, 1.4382027795432037, 1.7405539153509786], "Sigma": [[0.017690837850017772, 0.014011148648509084, -0.014453066172815441], [0.014011148648509088, 0.01609561150492843, -0.014643407249679424], [-0.014453066172815441, -0.014643407249679422, 0.01522475952745308]], "chi2_level": 0.95, "chi2_df": 3, "chi2_threshold": 7.814727903251179, "N_raw": 59, "N_roi": 59, "N_inlier": 58, "refit": true}
{"timestamp": "19:05:11.851562", "frame": 96, "mu": [-1.661797969691057, 1.502842994997991, 1.6491572978561575], "Sigma": [[0.02150178580287744, 0.01460132312224239, -0.014605545301633062], [0.01460132312224239, 0.015644822036439188, -0.012798053608974555], [-0.014605545301633063, -0.012798053608974555, 0.012670235938584037]], "chi2_level": 0.95, "chi2_df": 3, "chi2_threshold": 7.814727903251179, "N_raw": 74, "N_roi": 74, "N_inlier": 71, "refit": true}
{"timestamp": "19:05:11.905215", "frame": 97, "mu": [-1.613389769972976, 1.6243032029492017, -0.20676925753500675], "Sigma": [[0.018390181191562847, 0.012523982649954137, 0.0059691772073340536], [0.012523982649954137, 0.017170238263313854, 0.011021533738144913], [0.0059691772073340536, 0.011021533738144915, 0.02441439710029262]], "chi2_level": 0.95, "chi2_df": 3, "chi2_threshold": 7.814727903251179, "N_raw": 74, "N_roi": 74, "N_inlier": 70, "refit": true}
{"timestamp": "19:05:11.963587", "frame": 98, "mu": [-1.650677674220827, 1.7027582283084692, 0.3356316553996193], "Sigma": [[0.02394146626118323, 0.016118570354382307, 0.04525102437436415], [0.016118570354382307, 0.02195024274662977, 0.013554862314184676], [0.04525102437436415, 0.013554862314184677, 0.3292452389133496]], "chi2_level": 0.95, "chi2_df": 3, "chi2_threshold": 7.814727903251179, "N_raw": 92, "N_roi": 92, "N_inlier": 89, "refit": true}
{"timestamp": "19:05:12.013237", "frame": 99, "mu": [-1.5244500853280287, 1.7662784925171973, 1.5166069930871502], "Sigma": [[0.007227004108340636, 0.0022895926015699835, -0.00454608764306335], [0.002289592601569983, 0.006083658776283024, -0.004642778125168001], [-0.004546087643063351, -0.004642778125168001, 0.0057656463847810795]], "chi2_level": 0.95, "chi2_df": 3, "chi2_threshold": 7.814727903251179, "N_raw": 54, "N_roi": 54, "N_inlier": 45, "refit": true}
{"timestamp": "19:05:12.182500", "frame": 100, "mu": [-1.5253980764444675, 1.811348037152383, 1.5545251485944773], "Sigma": [[0.007126008133161033, 0.0014524518234060486, -0.0013071940405851722], [0.0014524518234060486, 0.00401101735388924, -0.004769798535098966], [-0.0013071940405851726, -0.004769798535098966, 0.008504447818830294]], "chi2_level": 0.95, "chi2_df": 3, "chi2_threshold": 7.814727903251179, "N_raw": 40, "N_roi": 40, "N_inlier": 36, "refit": true}
{"timestamp": "19:05:12.191820", "frame": 101, "mu": [-1.5111402329185977, 1.8687075154528328, 1.562589122215763], "Sigma": [[0.008796846818249627, 0.002894550691402406, -0.007011300464404834], [0.002894550691402406, 0.008155604943878923, -0.004750729601721264], [-0.007011300464404834, -0.004750729601721264, 0.007977902264103472]], "chi2_level": 0.95, "chi2_df": 3, "chi2_threshold": 7.814727903251179, "N_raw": 57, "N_roi": 57, "N_inlier": 53, "refit": true}
{"timestamp": "19:05:12.221214", "frame": 102, "mu": [-1.5057285897415875, 1.941143687829426, 1.6156927709390536], "Sigma": [[0.008738815925059465, 0.0025395082412194804, -0.006802037886119267], [0.0025395082412194804, 0.00802503488892962, -0.003216245285251406], [-0.006802037886119267, -0.0032162452852514062, 0.006760523634635745]], "chi2_level": 0.95, "chi2_df": 3, "chi2_threshold": 7.814727903251179, "N_raw": 55, "N_roi": 55, "N_inlier": 50, "refit": true}
{"timestamp": "19:05:12.253224", "frame": 103, "mu": [-1.5962859388970514, 1.9723971988468672, 1.336093054579642], "Sigma": [[0.009682607329517546, 0.004971602866235615, 0.0028746956137191988], [0.004971602866235615, 0.006783620417080207, -0.009067900885936203], [0.0028746956137191996, -0.009067900885936203, 0.31334466750160433]], "chi2_level": 0.95, "chi2_df": 3, "chi2_threshold": 7.814727903251179, "N_raw": 67, "N_roi": 67, "N_inlier": 59, "refit": true}
{"timestamp": "19:05:12.289436", "frame": 104, "mu": [-1.512081406595, 2.0540135179115655, 1.516399098689957], "Sigma": [[0.0070218747908947785, 0.0007542939979643464, -0.00469261809309272], [0.0007542939979643464, 0.007290373088944665, -0.010293021344483635], [-0.00469261809309272, -0.010293021344483637, 0.044276641590834796]], "chi2_level": 0.95, "chi2_df": 3, "chi2_threshold": 7.814727903251179, "N_raw": 64, "N_roi": 64, "N_inlier": 51, "refit": true}
