{"timestamp": "17:43:36.518879", "frame": 39, "mu": [1.2190936639073213, 1.3460058322772244, 0.9292403986887582], "Sigma": [[0.016925303712001013, -0.006475465004861942, 0.03927981011192589], [-0.006475465004861942, 0.024590396668306418, -0.07729386131310248], [0.03927981011192589, -0.07729386131310248, 0.29567696524905057]], "chi2_level": 0.95, "chi2_df": 3, "chi2_threshold": 7.814727903251179, "N_raw": 11, "N_roi": 11, "N_inlier": 11, "refit": true}
{"timestamp": "17:43:36.630478", "frame": 41, "mu": [1.2321738370743132, 1.1836798516352347, 0.9035940447239311], "Sigma": [[0.002302341070265953, 5.479848197075034e-05, -0.0009564875437527373], [5.479848197075034e-05, 0.023727740951081176, -0.007464883089494256], [-0.0009564875437527372, -0.007464883089494256, 0.0029766300636099056]], "chi2_level": 0.95, "chi2_df": 3, "chi2_threshold": 7.814727903251179, "N_raw": 24, "N_roi": 24, "N_inlier": 21, "refit": true}
{"timestamp": "17:43:36.687612", "frame": 42, "mu": [1.177310167614791, 1.2337869745041938, 1.2736308088512205], "Sigma": [[0.00485202211304446, -0.004291493478096938, -0.01005435627343582], [-0.004291493478096938, 0.01013214177712521, 0.02690606125608684], [-0.01005435627343582, 0.02690606125608684, 0.10274960352273577]], "chi2_level": 0.95, "chi2_df": 3, "chi2_threshold": 7.814727903251179, "N_raw": 42, "N_roi": 42, "N_inlier": 42, "refit": true}
{"timestamp": "17:43:36.795149", "frame": 44, "mu": [0.9501565368617401, 1.4418390366832643, 1.5061174772271149], "Sigma": [[0.0029465104109076866, -0.0010269962956061594, -0.0005464268137190867], [-0.0010269962956061594, 0.0031327886728509946, 0.0009088204799324396], [-0.0005464268137190867, 0.0009088204799324396, 0.0005412498926935197]], "chi2_level": 0.95, "chi2_df": 3, "chi2_threshold": 7.814727903251179, "N_raw": 22, "N_roi": 22, "N_inlier": 21, "refit": true}
{"timestamp": "17:43:36.907265", "frame": 46, "mu": [0.9217605547572516, 1.4026042680525166, 1.3380528440636361], "Sigma": [[0.0022607283964668247, -0.00017760298349459773, -0.00011478484641020521], [-0.00017760298349459784, 0.0023588308549627474, 0.000541364322780599], [-0.00011478484641020521, 0.000541364322780599, 0.0015743074602435592]], "chi2_level": 0.95, "chi2_df": 3, "chi2_threshold": 7.814727903251179, "N_raw": 20, "N_roi": 20, "N_inlier": 18, "refit": true}
{"timestamp": "17:43:36.967358", "frame": 47, "mu": [0.9430073023593253, 1.4073762913803094, 1.1753297449153137], "Sigma": [[0.004435136492882373, -0.0029706639772192666, -0.007524349103386916], [-0.0029706639772192666, 0.002763903816155303, 0.005495293261217218], [-0.007524349103386916, 0.005495293261217219, 0.04369539554826865]], "chi2_level": 0.95, "chi2_df": 3, "chi2_threshold": 7.814727903251179, "N_raw": 54, "N_roi": 54, "N_inlier": 50, "refit": true}
{"timestamp": "17:43:37.023608", "frame": 48, "mu": [0.9066302977265743, 1.44059325411501, 1.225070254986452], "Sigma": [[0.006382910184902584, -0.0033987563544318512, -0.008899579791464694], [-0.0033987563544318512, 0.0025430882629413148, 0.0038756788576427936], [-0.008899579791464694, 0.0038756788576427936, 0.033962884525555966]], "chi2_level": 0.95, "chi2_df": 3, "chi2_threshold": 7.814727903251179, "N_raw": 62, "N_roi": 62, "N_inlier": 56, "refit": true}
{"timestamp": "17:43:37.081374", "frame": 49, "mu": [0.8827387508193172, 1.5464392497936539, 1.3847340464258409], "Sigma": [[0.007400871877935744, -0.0011713503710241752, -0.006277958582482899], [-0.0011713503710241747, 0.006151669348623879, 0.01292133017345901], [-0.006277958582482898, 0.01292133017345901, 0.07420240407098819]], "chi2_level": 0.95, "chi2_df": 3, "chi2_threshold": 7.814727903251179, "N_raw": 77, "N_roi": 77, "N_inlier": 74, "refit": true}
{"timestamp": "17:43:37.132042", "frame": 50, "mu": [0.8639171499645225, 1.5897358509192159, 1.3027086962892789], "Sigma": [[0.00541049913621128, -0.0021419332419217226, -0.009608022460458606], [-0.0021419332419217226, 0.0047570446856066055, 0.01519992547773906], [-0.009608022460458606, 0.015199925477739061, 0.11760159032331101]], "chi2_level": 0.95, "chi2_df": 3, "chi2_threshold": 7.814727903251179, "N_raw": 51, "N_roi": 51, "N_inlier": 49, "refit": true}
{"timestamp": "17:43:37.186672", "frame": 51, "mu": [0.8158142553410571, 1.591130162094926, 1.0763335432985641], "Sigma": [[0.003941373461486831, -0.0007482255698776652, -0.0019960503502502044], [-0.0007482255698776652, 0.003957171247515069, -0.004578844557705771], [-0.001996050350250204, -0.004578844557705771, 0.025959070402340696]], "chi2_level": 0.95, "chi2_df": 3, "chi2_threshold": 7.814727903251179, "N_raw": 50, "N_roi": 50, "N_inlier": 46, "refit": true}
{"timestamp": "17:43:37.247747", "frame": 52, "mu": [0.81242178168244, 1.8471637008655815, -0.24232626813441668], "Sigma": [[0.006989089090528393, -0.001285827423677453, 0.001997777906211548], [-0.001285827423677453, 0.006994952617188271, -0.01020074933380773], [0.0019977779062115477, -0.01020074933380773, 0.03236937700174485]], "chi2_level": 0.95, "chi2_df": 3, "chi2_threshold": 7.814727903251179, "N_raw": 80, "N_roi": 80, "N_inlier": 77, "refit": true}
{"timestamp": "17:43:37.299113", "frame": 53, "mu": [0.769016331687916, 1.7082674373952909, 1.4292942332908836], "Sigma": [[0.010273558879032507, 0.003961032235154344, 0.005858914554658737], [0.003961032235154344, 0.005344330003970108, 0.0007289883815747722], [0.005858914554658737, 0.0007289883815747722, 0.005715793782579265]], "chi2_level": 0.95, "chi2_df": 3, "chi2_threshold": 7.814727903251179, "N_raw": 67, "N_roi": 65, "N_inlier": 64, "refit": true}
{"timestamp": "17:43:37.354767", "frame": 54, "mu": [0.7248255663602308, 1.7975255302451578, 1.3272266796038616], "Sigma": [[0.008603978074827648, 0.003607317329401441, 0.0005725455819650815], [0.0036073173294014415, 0.0050094025546092375, 0.0030368541608187948], [0.0005725455819650813, 0.0030368541608187948, 0.06299164131367105]], "chi2_level": 0.95, "chi2_df": 3, "chi2_threshold": 7.814727903251179, "N_raw": 69, "N_roi": 69, "N_inlier": 64, "refit": true}
{"timestamp": "17:43:37.408094", "frame": 55, "mu": [0.6517633667494681, 1.878760569854086, -0.0660685354413529], "Sigma": [[0.006804972515202483, 6.772982178912979e-05, -0.0006292854800356007], [6.772982178912974e-05, 0.005323673345764263, 0.001977371456960173], [-0.0006292854800356006, 0.001977371456960173, 0.0017390276237114497]], "chi2_level": 0.95, "chi2_df": 3, "chi2_threshold": 7.814727903251179, "N_raw": 57, "N_roi": 57, "N_inlier": 53, "refit": true}
{"timestamp": "17:43:37.462746", "frame": 56, "mu": [0.603652847285785, 1.8409841191114327, 1.3478783766290872], "Sigma": [[0.0057853774101573685, -0.0009997963412608237, 0.003724728440158383], [-0.000999796341260824, 0.004562117458704153, 0.006717259581069578], [0.0037247284401583833, 0.006717259581069578, 0.05826029889048881]], "chi2_level": 0.95, "chi2_df": 3, "chi2_threshold": 7.814727903251179, "N_raw": 59, "N_roi": 59, "N_inlier": 57, "refit": true}
{"timestamp": "17:43:37.519536", "frame": 57, "mu": [0.5370949028060271, 1.8451314936689014, 1.2689387450723655], "Sigma": [[0.005628476966438772, -0.00080832490701201, -0.005040126352876454], [-0.00080832490701201, 0.0020287076753911213, -0.0021024918678308356], [-0.005040126352876454, -0.0021024918678308356, 0.04453995153853493]], "chi2_level": 0.95, "chi2_df": 3, "chi2_threshold": 7.814727903251179, "N_raw": 61, "N_roi": 58, "N_inlier": 52, "refit": true}
{"timestamp": "17:43:37.570630", "frame": 58, "mu": [0.5780412852976149, 1.8691539714085044, 1.2170306363599486], "Sigma": [[0.0038454481652365896, 0.0004513664269982011, 0.00016402707478612062], [0.00045136642699820115, 0.0008814682774254437, -0.0018926242091513571], [0.00016402707478612084, -0.0018926242091513571, 0.038919698105264036]], "chi2_level": 0.95, "chi2_df": 3, "chi2_threshold": 7.814727903251179, "N_raw": 42, "N_roi": 40, "N_inlier": 36, "refit": true}
{"timestamp": "17:43:37.630377", "frame": 59, "mu": [0.5163529205561116, 1.931773730720137, 1.1416170506372123], "Sigma": [[0.005361998816377001, -0.0001422180647887204, 0.0006170548674221015], [-0.0001422180647887203, 0.003509453275001878, -0.005541277250990446], [0.0006170548674221022, -0.005541277250990446, 0.03416015212024913]], "chi2_level": 0.95, "chi2_df": 3, "chi2_threshold": 7.814727903251179, "N_raw": 70, "N_roi": 70, "N_inlier": 66, "refit": true}
{"timestamp": "17:43:37.680934", "frame": 60, "mu": [0.48637367667508863, 2.015294491054779, 1.355278645553795], "Sigma": [[0.006813398941951222, 0.00216047047983985, -0.0017220144529777651], [0.0021604704798398504, 0.0039488562074227965, -0.0010222778152383439], [-0.0017220144529777651, -0.0010222778152383437, 0.0009299897350115942]], "chi2_level": 0.95, "chi2_df": 3, "chi2_threshold": 7.814727903251179, "N_raw": 45, "N_roi": 45, "N_inlier": 42, "refit": true}
{"timestamp": "17:43:37.733067", "frame": 61, "mu": [0.4078842339250263, 2.0260307798887824, 1.3821995669844889], "Sigma": [[0.0020535483672708523, 0.0007592095206511323, 0.00011071768358825084], [0.0007592095206511323, 0.007750098106163242, 0.0027304695389854744], [0.00011071768358825087, 0.002730469538985474, 0.004374005402826895]], "chi2_level": 0.95, "chi2_df": 3, "chi2_threshold": 7.814727903251179, "N_raw": 24, "N_roi": 24, "N_inlier": 23, "refit": true}
{"timestamp": "17:43:37.793578", "frame": 62, "mu": [0.39945747249660246, 2.1789703525048605, -0.024083126872800596], "Sigma": [[0.006359992127749534, -0.00016227637177695958, 0.007483490937391023], [-0.00016227637177695963, 0.006686796701346836, 0.0007922697678028214], [0.007483490937391023, 0.0007922697678028215, 0.026259923983589967]], "chi2_level": 0.95, "chi2_df": 3, "chi2_threshold": 7.814727903251179, "N_raw": 63, "N_roi": 61, "N_inlier": 58, "refit": true}
{"timestamp": "17:43:37.852692", "frame": 63, "mu": [0.4271150056250955, 2.1566907016700267, 1.0525012302099612], "Sigma": [[0.020307646455572145, 0.004530318924364693, -0.05145898949425881], [0.004530318924364693, 0.005426388739004186, -0.020663399145408393], [-0.051458989494258804, -0.020663399145408393, 0.18382856163004166]], "chi2_level": 0.95, "chi2_df": 3, "chi2_threshold": 7.814727903251179, "N_raw": 86, "N_roi": 83, "N_inlier": 83, "refit": true}
{"timestamp": "17:43:37.909732", "frame": 64, "mu": [0.33015776690539744, 2.19531663801587, 1.238379436469434], "Sigma": [[0.017097648954980824, 0.0034573227028861864, -0.04258829522671165], [0.0034573227028861864, 0.00636429087535513, -0.016049710012220768], [-0.04258829522671165, -0.016049710012220768, 0.17583218474743825]], "chi2_level": 0.95, "chi2_df": 3, "chi2_threshold": 7.814727903251179, "N_raw": 94, "N_roi": 93, "N_inlier": 89, "refit": true}
{"timestamp": "17:43:37.964283", "frame": 65, "mu": [0.26283390437975945, 2.217625488755965, 1.174762617138433], "Sigma": [[0.015852457376260124, 0.005002683349132136, -0.039934410941505225], [0.005002683349132136, 0.007149952005500942, -0.02353964479654272], [-0.039934410941505225, -0.02353964479654272, 0.1603190091449311]], "chi2_level": 0.95, "chi2_df": 3, "chi2_threshold": 7.814727903251179, "N_raw": 96, "N_roi": 94, "N_inlier": 90, "refit": true}
{"timestamp": "17:43:38.012305", "frame": 66, "mu": [0.21279359419043284, 2.3703187481259276, -0.1140982802451518], "Sigma": [[0.005884436185816753, 0.003712150218634821, -0.006024252393572327], [0.003712150218634821, 0.01939869066458956, -0.05654159307397852], [-0.006024252393572328, -0.05654159307397852, 0.18448660982376322]], "chi2_level": 0.95, "chi2_df": 3, "chi2_threshold": 7.814727903251179, "N_raw": 49, "N_roi": 48, "N_inlier": 46, "refit": true}
{"timestamp": "17:43:38.067972", "frame": 67, "mu": [0.12141681591875049, 2.2827657909354926, 1.2378230897247888], "Sigma": [[0.003792847009159157, -0.000453339787759089, 0.0031287929138135366], [-0.000453339787759089, 0.0022380951882814875, -0.006307720592747512], [0.0031287929138135366, -0.006307720592747511, 0.17113515650858788]], "chi2_level": 0.95, "chi2_df": 3, "chi2_threshold": 7.814727903251179, "N_raw": 49, "N_roi": 45, "N_inlier": 41, "refit": true}
{"timestamp": "17:43:38.125424", "frame": 68, "mu": [0.06859720277168098, 2.3962546143603416, 0.15414512096145028], "Sigma": [[0.009350502507790777, -0.0020902641110590327, 0.028126121897796216], [-0.0020902641110590323, 0.014768396611474785, -0.04563784146100833], [0.028126121897796216, -0.04563784146100833, 0.35794791143945887]], "chi2_level": 0.95, "chi2_df": 3, "chi2_threshold": 7.814727903251179, "N_raw": 78, "N_roi": 75, "N_inlier": 72, "refit": true}
{"timestamp": "17:43:38.182176", "frame": 69, "mu": [0.0180212189922292, 2.4036672921020057, 0.3984238382321611], "Sigma": [[0.009464711979632572, -0.0019220968890798088, 0.027474395644308952], [-0.0019220968890798083, 0.009318253590810604, -0.008705744336934457], [0.027474395644308952, -0.008705744336934457, 0.22273311011512467]], "chi2_level": 0.95, "chi2_df": 3, "chi2_threshold": 7.814727903251179, "N_raw": 82, "N_roi": 80, "N_inlier": 76, "refit": true}
{"timestamp": "17:43:38.242267", "frame": 70, "mu": [-0.009709975810350277, 2.4479963153956903, 1.4906692179546597], "Sigma": [[0.010019894066377948, -0.0006556471283374948, 0.011538305480352283], [-0.0006556471283374949, 0.005866206982781958, -0.02394629503219248], [0.011538305480352281, -0.02394629503219248, 0.2807653272700563]], "chi2_level": 0.95, "chi2_df": 3, "chi2_threshold": 7.814727903251179, "N_raw": 87, "N_roi": 87, "N_inlier": 76, "refit": true}
{"timestamp": "17:43:38.298896", "frame": 71, "mu": [-0.06755348225679715, 2.529919947405355, 1.037051167435963], "Sigma": [[0.03083358614310948, 0.003253679116905571, 0.04148948843105732], [0.003253679116905571, 0.011910464152987806, -0.02165729443751991], [0.04148948843105732, -0.02165729443751991, 0.5455805182509478]], "chi2_level": 0.95, "chi2_df": 3, "chi2_threshold": 7.814727903251179, "N_raw": 127, "N_roi": 126, "N_inlier": 123, "refit": true}
{"timestamp": "17:43:38.347297", "frame": 72, "mu": [-0.06621201333171708, 2.5616046518395277, 1.380622652448293], "Sigma": [[0.020507811457927187, 0.006854745137334441, 0.0024584132846720667], [0.006854745137334443, 0.008013856489373116, -0.027599468465390083], [0.0024584132846720667, -0.027599468465390083, 0.3742893418617846]], "chi2_level": 0.95, "chi2_df": 3, "chi2_threshold": 7.814727903251179, "N_raw": 72, "N_roi": 71, "N_inlier": 67, "refit": true}
{"timestamp": "17:43:38.403088", "frame": 73, "mu": [-0.06487411136465149, 2.5898378372008635, 1.206897197233418], "Sigma": [[0.014931161886389035, 0.007033063485900596, -0.019921248852536662], [0.007033063485900595, 0.008993921980914104, -0.013779906367092032], [-0.019921248852536662, -0.013779906367092034, 0.08564058603899169]], "chi2_level": 0.95, "chi2_df": 3, "chi2_threshold": 7.814727903251179, "N_raw": 88, "N_roi": 88, "N_inlier": 82, "refit": true}
{"timestamp": "17:43:38.463754", "frame": 74, "mu": [-0.19641292846316966, 2.334932514033535, 0.8387089264537904], "Sigma": [[0.020726035963878058, 0.046902970739754926, 0.0847655678328082], [0.046902970739754926, 0.32518215581038395, 0.5543330523349781], [0.0847655678328082, 0.5543330523349781, 1.1592227072666674]], "chi2_level": 0.95, "chi2_df": 3, "chi2_threshold": 7.814727903251179, "N_raw": 128, "N_roi": 128, "N_inlier": 124, "refit": true}
{"timestamp": "17:43:38.515099", "frame": 75, "mu": [-0.15186207074836885, 2.591421447526851, 1.2231441210742686], "Sigma": [[0.0200303007700063, -0.001736813956599184, -0.04492484847974834], [-0.0017368139565991842, 0.007740696270143681, 0.015167129762257417], [-0.04492484847974834, 0.015167129762257417, 0.22929997170608382]], "chi2_level": 0.95, "chi2_df": 3, "chi2_threshold": 7.814727903251179, "N_raw": 107, "N_roi": 107, "N_inlier": 103, "refit": true}
{"timestamp": "17:43:38.569968", "frame": 76, "mu": [-0.2554711909372032, 2.748176964837119, 0.06021495805561643], "Sigma": [[0.015120149631605203, 0.0019002590096276058, -0.005213195666440696], [0.001900259009627606, 0.023449045883579128, -0.047343800312712826], [-0.0052131956664406955, -0.047343800312712826, 0.10921473015503291]], "chi2_level": 0.95, "chi2_df": 3, "chi2_threshold": 7.814727903251179, "N_raw": 97, "N_roi": 97, "N_inlier": 93, "refit": true}
{"timestamp": "17:43:38.626478", "frame": 77, "mu": [-0.3365807565120345, 2.7159557266211074, 1.1648631395331688], "Sigma": [[0.014198927878954609, -0.0015605432378845228, 0.01574502643181373], [-0.0015605432378845228, 0.012266048713875067, -0.046511631013862784], [0.015745026431813733, -0.046511631013862784, 0.4234572746805346]], "chi2_level": 0.95, "chi2_df": 3, "chi2_threshold": 7.814727903251179, "N_raw": 114, "N_roi": 114, "N_inlier": 114, "refit": true}
{"timestamp": "17:43:38.679025", "frame": 78, "mu": [-0.41662115677848577, 2.757975917780884, 1.1786643201975144], "Sigma": [[0.01815429111135498, -0.007232089854076468, 0.01926339850184071], [-0.007232089854076468, 0.01724457985480094, -0.04747301261602056], [0.019263398501840705, -0.04747301261602056, 0.14075320507364136]], "chi2_level": 0.95, "chi2_df": 3, "chi2_threshold": 7.814727903251179, "N_raw": 95, "N_roi": 95, "N_inlier": 91, "refit": true}
{"timestamp": "17:43:38.731502", "frame": 79, "mu": [-0.4125830168101659, 2.865904866726916, 0.049456132567394624], "Sigma": [[0.011243220145727225, 0.0011703599317912814, 0.015342006103379583], [0.0011703599317912819, 0.03442283853134234, -0.09087739852484493], [0.015342006103379583, -0.09087739852484493, 0.3582835295439809]], "chi2_level": 0.95, "chi2_df": 3, "chi2_threshold": 7.814727903251179, "N_raw": 79, "N_roi": 79, "N_inlier": 76, "refit": true}
{"timestamp": "17:43:38.783209", "frame": 80, "mu": [-0.3969589368054427, 2.7972388342023082, 1.437413573311004], "Sigma": [[0.014126206319429848, 0.002015820596852493, -0.004103289821904613], [0.002015820596852493, 0.0037479232497527612, -0.004150851740292203], [-0.004103289821904613, -0.004150851740292203, 0.010198335173495107]], "chi2_level": 0.95, "chi2_df": 3, "chi2_threshold": 7.814727903251179, "N_raw": 56, "N_roi": 56, "N_inlier": 52, "refit": true}
{"timestamp": "17:43:38.840136", "frame": 81, "mu": [-0.4593319962353411, 2.8192472919430074, 1.5049907485060872], "Sigma": [[0.014209308125965868, 0.004823501909398967, 0.006866536406133272], [0.004823501909398967, 0.005934848142728437, -0.0036799488858587984], [0.006866536406133272, -0.0036799488858587984, 0.03389257452845483]], "chi2_level": 0.95, "chi2_df": 3, "chi2_threshold": 7.814727903251179, "N_raw": 76, "N_roi": 73, "N_inlier": 69, "refit": true}
{"timestamp": "17:43:38.904344", "frame": 82, "mu": [-0.5133854374948336, 3.0353729326469767, -0.22398098551085374], "Sigma": [[0.01784073211041081, -0.002724741659642352, 0.016300898125504067], [-0.002724741659642352, 0.0426904133730928, -0.12055972962995604], [0.016300898125504067, -0.12055972962995604, 0.41260929110884903]], "chi2_level": 0.95, "chi2_df": 3, "chi2_threshold": 7.814727903251179, "N_raw": 131, "N_roi": 109, "N_inlier": 107, "refit": true}
{"timestamp": "17:43:38.955739", "frame": 83, "mu": [-0.5104091585369593, 2.859541713013616, 1.1284190437151425], "Sigma": [[0.0420461437516477, 0.010157138395325727, -0.06787054817370308], [0.010157138395325727, 0.006447464564345724, -0.02422344909014993], [-0.06787054817370308, -0.02422344909014993, 0.14135645224366458]], "chi2_level": 0.95, "chi2_df": 3, "chi2_threshold": 7.814727903251179, "N_raw": 92, "N_roi": 86, "N_inlier": 82, "refit": true}
{"timestamp": "17:43:39.005616", "frame": 84, "mu": [-0.609650417584878, 2.9013519250303004, 1.2872917894046227], "Sigma": [[0.015299701756081136, 0.0058895214211620445, -0.010005131902747669], [0.0058895214211620445, 0.006136694547654988, -0.010668000352495228], [-0.010005131902747669, -0.01066800035249523, 0.02750152407046355]], "chi2_level": 0.95, "chi2_df": 3, "chi2_threshold": 7.814727903251179, "N_raw": 70, "N_roi": 67, "N_inlier": 63, "refit": true}
{"timestamp": "17:43:39.063605", "frame": 85, "mu": [-0.6261768909608576, 2.9745316819581964, 1.207438716917152], "Sigma": [[0.026363275786143406, 0.008978785231993625, -0.03482321017542739], [0.008978785231993625, 0.008061796171857713, -0.018944954337997234], [-0.03482321017542739, -0.01894495433799723, 0.09385515481596354]], "chi2_level": 0.95, "chi2_df": 3, "chi2_threshold": 7.814727903251179, "N_raw": 91, "N_roi": 91, "N_inlier": 86, "refit": true}
{"timestamp": "17:43:39.115727", "frame": 86, "mu": [-0.6929165728572441, 3.1456174477345176, 0.020099468210123785], "Sigma": [[0.011248910443636214, 0.012490718888960991, -0.023912537873004514], [0.012490718888960991, 0.050334262748360614, -0.09396482675868108], [-0.02391253787300451, -0.09396482675868109, 0.18341338985233224]], "chi2_level": 0.95, "chi2_df": 3, "chi2_threshold": 7.814727903251179, "N_raw": 65, "N_roi": 63, "N_inlier": 60, "refit": true}
{"timestamp": "17:43:39.167603", "frame": 87, "mu": [-0.7428782360027288, 2.998461196251868, 1.4803719356367258], "Sigma": [[0.011738377846942441, 0.0021794050287226798, -0.006080239640231814], [0.0021794050287226798, 0.004152274090037413, -0.004947397238024089], [-0.006080239640231815, -0.004947397238024088, 0.010908926031324205]], "chi2_level": 0.95, "chi2_df": 3, "chi2_threshold": 7.814727903251179, "N_raw": 57, "N_roi": 54, "N_inlier": 50, "refit": true}
{"timestamp": "17:43:39.220099", "frame": 88, "mu": [-0.7289338292524059, 3.0707905970473837, 0.3508899140093366], "Sigma": [[0.00949536802481134, 0.00292603061692585, -0.00045063809449670154], [0.0029260306169258503, 0.005619711502005103, -0.00034655063749873495], [-0.00045063809449670154, -0.00034655063749873484, 0.0006223532280401401]], "chi2_level": 0.95, "chi2_df": 3, "chi2_threshold": 7.814727903251179, "N_raw": 44, "N_roi": 44, "N_inlier": 40, "refit": true}
{"timestamp": "17:43:39.330310", "frame": 90, "mu": [-0.8165462470060145, 3.0969209221823415, 1.3101028344106114], "Sigma": [[0.009805421265328903, 0.000607296966861225, -0.009703107555546417], [0.0006072969668612251, 0.0027489503877267856, -0.005535108925238444], [-0.009703107555546417, -0.005535108925238444, 0.022314426926992887]], "chi2_level": 0.95, "chi2_df": 3, "chi2_threshold": 7.814727903251179, "N_raw": 45, "N_roi": 45, "N_inlier": 42, "refit": true}
{"timestamp": "17:43:39.386045", "frame": 91, "mu": [-0.877096055300639, 3.140018366241483, 1.2615759400941713], "Sigma": [[0.0095774388499498, 0.0020540488672658643, -0.00712267584020989], [0.0020540488672658643, 0.0022732039708238754, -0.005295623535376744], [-0.00712267584020989, -0.005295623535376744, 0.01727844358581662]], "chi2_level": 0.95, "chi2_df": 3, "chi2_threshold": 7.814727903251179, "N_raw": 40, "N_roi": 40, "N_inlier": 35, "refit": true}
{"timestamp": "17:43:39.440779", "frame": 92, "mu": [-0.840804237435878, 3.18386810767873, 0.814463927246042], "Sigma": [[0.012840097193091198, 0.0010209000008029356, -0.026255547118303923], [0.0010209000008029356, 0.0005990315405320922, -0.007031805721839172], [-0.026255547118303926, -0.007031805721839172, 0.1556762224344533]], "chi2_level": 0.95, "chi2_df": 3, "chi2_threshold": 7.814727903251179, "N_raw": 43, "N_roi": 40, "N_inlier": 35, "refit": true}
{"timestamp": "17:43:39.499898", "frame": 93, "mu": [-0.9820487466177178, 3.2319937858738004, 1.4427013403141886], "Sigma": [[0.01613437165346093, 0.004218142432140681, -0.029996847160223238], [0.00421814243214068, 0.007179893754439348, -0.01096924214559217], [-0.029996847160223238, -0.01096924214559217, 0.09887298055383062]], "chi2_level": 0.95, "chi2_df": 3, "chi2_threshold": 7.814727903251179, "N_raw": 70, "N_roi": 70, "N_inlier": 68, "refit": true}
{"timestamp": "17:43:39.553936", "frame": 94, "mu": [-1.00694171706524, 3.319015587271245, 1.3490545977093753], "Sigma": [[0.014307583580500985, 0.003907342296167809, -0.010236384534497572], [0.003907342296167809, 0.005918357488110369, -0.008951144585500653], [-0.010236384534497572, -0.008951144585500653, 0.023506841346519206]], "chi2_level": 0.95, "chi2_df": 3, "chi2_threshold": 7.814727903251179, "N_raw": 62, "N_roi": 62, "N_inlier": 59, "refit": true}
{"timestamp": "17:43:39.608005", "frame": 95, "mu": [-0.8852348028365872, 3.332561411618117, 0.7670823499744315], "Sigma": [[0.024708203587298916, -0.00872048138695537, -0.06300355671874264], [-0.00872048138695537, 0.006771866147587032, 0.021305872998403686], [-0.06300355671874264, 0.021305872998403683, 0.20558146647810768]], "chi2_level": 0.95, "chi2_df": 3, "chi2_threshold": 7.814727903251179, "N_raw": 52, "N_roi": 52, "N_inlier": 46, "refit": true}
{"timestamp": "17:43:39.666802", "frame": 96, "mu": [-1.070880372798044, 3.4334758388916784, 0.14783275967021373], "Sigma": [[0.020654125532695734, 0.004708805917494587, 0.06152454280608628], [0.004708805917494588, 0.013433168086103264, 0.00809024564706639], [0.06152454280608628, 0.00809024564706639, 0.26156283403259234]], "chi2_level": 0.95, "chi2_df": 3, "chi2_threshold": 7.814727903251179, "N_raw": 85, "N_roi": 85, "N_inlier": 83, "refit": true}
{"timestamp": "17:43:39.712242", "frame": 97, "mu": [-1.1514044645078687, 3.3466069162557806, 1.5581669040390551], "Sigma": [[0.0046104816379114785, 0.001506017091306138, -0.0016689273286248415], [0.0015060170913061381, 0.0025660369008629128, -0.0016816680825108166], [-0.0016689273286248415, -0.001681668082510817, 0.0038284526883671493]], "chi2_level": 0.95, "chi2_df": 3, "chi2_threshold": 7.814727903251179, "N_raw": 18, "N_roi": 16, "N_inlier": 14, "refit": true}
{"timestamp": "17:43:39.828956", "frame": 99, "mu": [-1.2331902113153144, 3.506100100651995, 1.210149528157904], "Sigma": [[0.01702342370647117, 0.00018431822392867432, 0.009603423706523721], [0.000184318223928674, 0.009863437519862668, -0.026643086608454596], [0.009603423706523721, -0.026643086608454596, 0.08582614399465664]], "chi2_level": 0.95, "chi2_df": 3, "chi2_threshold": 7.814727903251179, "N_raw": 71, "N_roi": 71, "N_inlier": 69, "refit": true}
{"timestamp": "17:43:39.974407", "frame": 100, "mu": [-1.3028877551717137, 3.551373739220208, 1.114262646961619], "Sigma": [[0.03394040287144445, -0.007470453681491183, 0.04041950401169251], [-0.007470453681491184, 0.006611028676557605, -0.02494797880779178], [0.0404195040116925, -0.02494797880779178, 0.10702986696765726]], "chi2_level": 0.95, "chi2_df": 3, "chi2_threshold": 7.814727903251179, "N_raw": 50, "N_roi": 47, "N_inlier": 46, "refit": true}
{"timestamp": "17:43:39.987885", "frame": 101, "mu": [-1.2685584729239132, 3.53065084296753, 1.53060503584825], "Sigma": [[0.01718581148018944, 0.004623234305883456, -0.009572664641024912], [0.004623234305883456, 0.005065320646703111, -0.0052886770222047574], [-0.009572664641024912, -0.0052886770222047574, 0.009139598457672619]], "chi2_level": 0.95, "chi2_df": 3, "chi2_threshold": 7.814727903251179, "N_raw": 46, "N_roi": 46, "N_inlier": 42, "refit": true}
{"timestamp": "17:43:40.018043", "frame": 102, "mu": [-1.3090884976707293, 3.5459611340593247, 1.4284434326393078], "Sigma": [[0.014527356128595176, 0.004861674693956286, -0.010100103841088871], [0.004861674693956286, 0.005512271639427209, -0.008092380256396829], [-0.010100103841088871, -0.00809238025639683, 0.015013843195579643]], "chi2_level": 0.95, "chi2_df": 3, "chi2_threshold": 7.814727903251179, "N_raw": 44, "N_roi": 44, "N_inlier": 42, "refit": true}
{"timestamp": "17:43:40.065170", "frame": 103, "mu": [-1.2886114377561648, 3.686860357700331, -0.28839807867094824], "Sigma": [[0.03491540910883728, 0.03298679310381464, 0.0036797964773809524], [0.03298679310381464, 0.04282766934440166, -0.003221678881936599], [0.0036797964773809524, -0.0032216788819365997, 0.09291216105347855]], "chi2_level": 0.95, "chi2_df": 3, "chi2_threshold": 7.814727903251179, "N_raw": 71, "N_roi": 71, "N_inlier": 70, "refit": true}
{"timestamp": "17:43:40.111954", "frame": 104, "mu": [-1.440132598087526, 3.6206374099611236, 0.43472151950747107], "Sigma": [[0.01770255587601086, 0.009820914433409166, -0.012547254290690098], [0.009820914433409166, 0.011024857864986389, -0.012810909133544284], [-0.012547254290690098, -0.012810909133544284, 0.01776884058728668]], "chi2_level": 0.95, "chi2_df": 3, "chi2_threshold": 7.814727903251179, "N_raw": 41, "N_roi": 40, "N_inlier": 38, "refit": true}
{"timestamp": "17:43:40.153553", "frame": 105, "mu": [-1.4664077989127118, 3.6536720661541415, 1.4049621340876337], "Sigma": [[0.014711790741314065, 0.007906727714982846, -0.011775174861996043], [0.007906727714982846, 0.00667492184839901, -0.007716003700259102], [-0.011775174861996043, -0.0077160037002591015, 0.01198086950938048]], "chi2_level": 0.95, "chi2_df": 3, "chi2_threshold": 7.814727903251179, "N_raw": 32, "N_roi": 32, "N_inlier": 29, "refit": true}
{"timestamp": "17:43:40.208155", "frame": 106, "mu": [-1.3013551784534831, 3.7816794753180694, 0.7808242643480028], "Sigma": [[0.02049052722506276, 0.002830755917319935, -0.030455601575165442], [0.0028307559173199343, 0.0021200857844710453, -0.007827899974686484], [-0.030455601575165442, -0.007827899974686484, 0.06275693927336859]], "chi2_level": 0.95, "chi2_df": 3, "chi2_threshold": 7.814727903251179, "N_raw": 26, "N_roi": 26, "N_inlier": 25, "refit": true}
{"timestamp": "17:43:40.376627", "frame": 109, "mu": [-1.6179698464610681, 3.768314422287495, 1.4644089213901803], "Sigma": [[0.020295912513256922, 0.006217939629676726, -0.016223606509082746], [0.006217939629676727, 0.006259679628690646, -0.010485590907965834], [-0.016223606509082746, -0.010485590907965834, 0.022138280186208812]], "chi2_level": 0.95, "chi2_df": 3, "chi2_threshold": 7.814727903251179, "N_raw": 50, "N_roi": 50, "N_inlier": 47, "refit": true}
{"timestamp": "17:43:40.483617", "frame": 111, "mu": [-1.7506528067936604, 3.8143639101458136, 1.6656220174232792], "Sigma": [[0.013316778738403822, 0.005045801082226306, -0.011136083806219329], [0.005045801082226306, 0.004375287828894614, -0.0054016297034403474], [-0.011136083806219329, -0.0054016297034403474, 0.011962315934896972]], "chi2_level": 0.95, "chi2_df": 3, "chi2_threshold": 7.814727903251179, "N_raw": 30, "N_roi": 27, "N_inlier": 25, "refit": true}
{"timestamp": "17:43:40.536674", "frame": 112, "mu": [-1.8955431001739491, 3.752504342024451, 1.5708907987861924], "Sigma": [[0.004441402613184766, 0.0034364248867358605, -0.006765516904826768], [0.003436424886735861, 0.005482514633820397, -0.008225094902567107], [-0.006765516904826768, -0.008225094902567105, 0.014311239138650194]], "chi2_level": 0.95, "chi2_df": 3, "chi2_threshold": 7.814727903251179, "N_raw": 12, "N_roi": 12, "N_inlier": 11, "refit": true}
{"timestamp": "17:43:40.590664", "frame": 113, "mu": [-1.893737279186167, 3.802272978357432, 1.466897285457103], "Sigma": [[0.010570698403768172, 0.0062660062180542484, -0.03534092131392405], [0.0062660062180542484, 0.006798815185944324, -0.030636451544675376], [-0.035340921313924044, -0.030636451544675376, 0.1714703199684358]], "chi2_level": 0.95, "chi2_df": 3, "chi2_threshold": 7.814727903251179, "N_raw": 14, "N_roi": 14, "N_inlier": 13, "refit": true}
{"timestamp": "17:43:40.645589", "frame": 114, "mu": [-1.9537629732094741, 3.8440681415070106, 1.6775641222339697], "Sigma": [[0.011147805175804435, 0.007854867286239523, -0.022665645769359935], [0.007854867286239523, 0.00768421144459714, -0.02045161446764115], [-0.022665645769359935, -0.02045161446764115, 0.10107553952940204]], "chi2_level": 0.95, "chi2_df": 3, "chi2_threshold": 7.814727903251179, "N_raw": 13, "N_roi": 13, "N_inlier": 13, "refit": true}
{"timestamp": "17:43:40.814521", "frame": 117, "mu": [-1.917758124901104, 4.0508228197184835, 1.2672057473518683], "Sigma": [[0.02033770938782573, 0.005387704720763107, -0.03541736639931436], [0.005387704720763107, 0.0032303935861251534, -0.012377873031032355], [-0.03541736639931436, -0.012377873031032355, 0.09581706322458804]], "chi2_level": 0.95, "chi2_df": 3, "chi2_threshold": 7.814727903251179, "N_raw": 35, "N_roi": 35, "N_inlier": 34, "refit": true}
{"timestamp": "17:43:41.032863", "frame": 121, "mu": [-2.174393848640853, 4.122763575992274, 0.6523637268690325], "Sigma": [[0.017754842543784486, 0.010510558867788143, -0.010263900817148678], [0.010510558867788143, 0.009547133333246012, -0.009686565298864861], [-0.010263900817148678, -0.009686565298864861, 0.011316743576875345]], "chi2_level": 0.95, "chi2_df": 3, "chi2_threshold": 7.814727903251179, "N_raw": 22, "N_roi": 22, "N_inlier": 22, "refit": true}
{"timestamp": "17:43:41.141182", "frame": 123, "mu": [-2.0484776106403753, 4.540908362831726, -0.08925303185587682], "Sigma": [[0.014333235983120918, 0.007824576442714764, -0.009526068451812808], [0.007824576442714766, 0.006426860827541424, -0.006961711834591689], [-0.009526068451812808, -0.006961711834591689, 0.009178114030993015]], "chi2_level": 0.95, "chi2_df": 3, "chi2_threshold": 7.814727903251179, "N_raw": 14, "N_roi": 14, "N_inlier": 12, "refit": true}
{"timestamp": "17:43:41.267550", "frame": 125, "mu": [-2.245257251593668, 4.314998056365586, 1.454974866778855], "Sigma": [[0.01762634431658456, 0.0074734314410837745, -0.013931110254271396], [0.007473431441083773, 0.004693929506351326, -0.008203533352167718], [-0.013931110254271396, -0.008203533352167718, 0.018472716102184955]], "chi2_level": 0.95, "chi2_df": 3, "chi2_threshold": 7.814727903251179, "N_raw": 25, "N_roi": 22, "N_inlier": 21, "refit": true}
{"timestamp": "17:43:41.307406", "frame": 126, "mu": [-2.3505172783476906, 4.281870204882965, 1.6593897127227437], "Sigma": [[0.0077650876404951885, 0.004239798978327272, -0.005628434353634314], [0.004239798978327272, 0.004632875303515495, -0.005454647665812565], [-0.005628434353634314, -0.005454647665812565, 0.00874369254987343]], "chi2_level": 0.95, "chi2_df": 3, "chi2_threshold": 7.814727903251179, "N_raw": 21, "N_roi": 16, "N_inlier": 15, "refit": true}
{"timestamp": "17:43:41.361391", "frame": 127, "mu": [-2.365988275805908, 4.3220081572884395, 0.6479304822093702], "Sigma": [[0.004993524558348135, 0.0022192677325417035, -0.001149467704486855], [0.002219267732541704, 0.004702050552715688, -0.007573734820480632], [-0.001149467704486855, -0.007573734820480632, 0.015277955695109445]], "chi2_level": 0.95, "chi2_df": 3, "chi2_threshold": 7.814727903251179, "N_raw": 13, "N_roi": 13, "N_inlier": 11, "refit": true}
