{"timestamp": "19:04:07.014372", "frame": 32, "mu": [1.4639347118548056, 0.5219416837341446, 1.3722206754943227], "Sigma": [[0.0027973532299638997, -0.002733099373394756, -0.0028288044446303836], [-0.002733099373394756, 0.005830496550836906, -0.0015542698188629428], [-0.002828804444630383, -0.0015542698188629432, 0.008849962871337743]], "chi2_level": 0.95, "chi2_df": 3, "chi2_threshold": 7.814727903251179, "N_raw": 31, "N_roi": 31, "N_inlier": 28, "refit": true}
{"timestamp": "19:04:07.122783", "frame": 34, "mu": [1.3467451076467598, 0.5249616674485033, 1.385629779809361], "Sigma": [[0.0025390964841956864, -0.0034749620272272195, -0.0008979556248862653], [-0.0034749620272272195, 0.011732902214290587, -0.011641342884497415], [-0.0008979556248862655, -0.011641342884497412, 0.04220480729920306]], "chi2_level": 0.95, "chi2_df": 3, "chi2_threshold": 7.814727903251179, "N_raw": 17, "N_roi": 17, "N_inlier": 15, "refit": true}
{"timestamp": "19:04:07.177668", "frame": 35, "mu": [1.254604412363778, 0.5945064965207987, 1.475219047827431], "Sigma": [[0.0015969580763353108, -0.001476274906363718, -0.0010276940501463005], [-0.001476274906363718, 0.0024752481641291345, -0.00045302898408006284], [-0.0010276940501463005, -0.00045302898408006273, 0.00246191512807757]], "chi2_level": 0.95, "chi2_df": 3, "chi2_threshold": 7.814727903251179, "N_raw": 17, "N_roi": 17, "N_inlier": 14, "refit": true}
{"timestamp": "19:04:07.233039", "frame": 36, "mu": [1.1928173806702347, 0.6856323310790229, 1.3365710268850457], "Sigma": [[0.00184314599256622, -0.0017884629288575592, 0.005558201796724564], [-0.0017884629288575592, 0.0143848486965344, -0.03576991654632636], [0.005558201796724564, -0.03576991654632636, 0.09585138223098078]], "chi2_level": 0.95, "chi2_df": 3, "chi2_threshold": 7.814727903251179, "N_raw": 11, "N_roi": 11, "N_inlier": 11, "refit": true}
{"timestamp": "19:04:07.345136", "frame": 38, "mu": [1.1397944988839253, 0.6504663470096695, 1.465622583211866], "Sigma": [[0.004521644426321089, -0.0002476994473926069, -0.004282108752069999], [-0.0002476994473926071, 0.002342605347133234, -0.001041259866233111], [-0.004282108752069999, -0.001041259866233111, 0.005207585649524124]], "chi2_level": 0.95, "chi2_df": 3, "chi2_threshold": 7.814727903251179, "N_raw": 29, "N_roi": 29, "N_inlier": 26, "refit": true}
{"timestamp": "19:04:07.507338", "frame": 41, "mu": [1.0694241135577451, 0.5670696821477037, 1.3842671959630461], "Sigma": [[0.003514212101084077, -0.001342110524264403, -0.003499789182550353], [-0.0013421105242644028, 0.0019607393280039144, 0.00023796390307391317], [-0.003499789182550353, 0.00023796390307391315, 0.0056227527412400615]], "chi2_level": 0.95, "chi2_df": 3, "chi2_threshold": 7.814727903251179, "N_raw": 13, "N_roi": 13, "N_inlier": 12, "refit": true}
{"timestamp": "19:04:07.618365", "frame": 43, "mu": [0.9301736137635843, 0.6409912164659136, 1.4894634171299868], "Sigma": [[0.0023922270193609896, -0.0005852576739372899, -0.0009023178640197878], [-0.0005852576739372902, 0.0026003673663522594, -0.0012208702890465087], [-0.0009023178640197878, -0.0012208702890465087, 0.0018776038667547986]], "chi2_level": 0.95, "chi2_df": 3, "chi2_threshold": 7.814727903251179, "N_raw": 21, "N_roi": 21, "N_inlier": 19, "refit": true}
{"timestamp": "19:04:07.675048", "frame": 44, "mu": [0.9155482130955103, 0.5982867473511676, 1.4356046298743457], "Sigma": [[0.005219557250675603, -0.002338325558317843, -0.0030327640897461158], [-0.002338325558317843, 0.0030903042787818347, 0.0003311859238579716], [-0.003032764089746116, 0.0003311859238579716, 0.0025335888012525338]], "chi2_level": 0.95, "chi2_df": 3, "chi2_threshold": 7.814727903251179, "N_raw": 30, "N_roi": 30, "N_inlier": 30, "refit": true}
{"timestamp": "19:04:07.789143", "frame": 46, "mu": [0.8295776102405166, 0.5772628054510636, 1.4477518168306138], "Sigma": [[0.0059061236505949305, -0.0027694821093361523, -0.0042669353330030725], [-0.0027694821093361523, 0.00359097054340372, 0.0003544078152686508], [-0.0042669353330030725, 0.00035440781526865076, 0.004678724680085899]], "chi2_level": 0.95, "chi2_df": 3, "chi2_threshold": 7.814727903251179, "N_raw": 56, "N_roi": 56, "N_inlier": 53, "refit": true}
{"timestamp": "19:04:07.842413", "frame": 47, "mu": [0.7416093867080746, 0.6023802311443408, 1.4800029722970354], "Sigma": [[0.00445659472753633, -0.0006285083879276504, -0.0055879557806244665], [-0.0006285083879276504, 0.0011593758460116273, -0.00018046945745939247], [-0.0055879557806244665, -0.0001804694574593924, 0.009092063595375937]], "chi2_level": 0.95, "chi2_df": 3, "chi2_threshold": 7.814727903251179, "N_raw": 44, "N_roi": 43, "N_inlier": 41, "refit": true}
{"timestamp": "19:04:07.897153", "frame": 48, "mu": [0.69421804739983, 0.6048050747251211, 1.5432291045172086], "Sigma": [[0.003352231476778247, -0.0007109447417577784, -0.004060596224295459], [-0.0007109447417577785, 0.0024922121038980487, -0.0003406702425721641], [-0.004060596224295459, -0.0003406702425721643, 0.008698431848085969]], "chi2_level": 0.95, "chi2_df": 3, "chi2_threshold": 7.814727903251179, "N_raw": 44, "N_roi": 44, "N_inlier": 39, "refit": true}
{"timestamp": "19:04:07.953524", "frame": 49, "mu": [0.6788848890416649, 0.5786076406857815, 1.4239715554945747], "Sigma": [[0.003978513843668411, 0.00024011022769789174, -0.008100147143702451], [0.00024011022769789174, 0.0013573975046653785, -0.00274897200110194], [-0.008100147143702451, -0.00274897200110194, 0.02327188579337304]], "chi2_level": 0.95, "chi2_df": 3, "chi2_threshold": 7.814727903251179, "N_raw": 53, "N_roi": 53, "N_inlier": 48, "refit": true}
{"timestamp": "19:04:08.007687", "frame": 50, "mu": [0.5682394334440978, 0.6453968799736888, 1.0290046464391485], "Sigma": [[0.0029704661761013156, -0.004981862127717789, 0.011414736015915465], [-0.0049818621277177896, 0.012384255391816834, -0.03730653171399859], [0.011414736015915463, -0.037306531713998586, 0.13980638322513947]], "chi2_level": 0.95, "chi2_df": 3, "chi2_threshold": 7.814727903251179, "N_raw": 44, "N_roi": 44, "N_inlier": 40, "refit": true}
{"timestamp": "19:04:08.061216", "frame": 51, "mu": [0.5675944381108138, 0.5575782034138175, 1.5637134626990885], "Sigma": [[0.0016926444407714656, 0.00043139258510044136, -0.0011457328620581159], [0.00043139258510044146, 0.0014500608257610981, -0.001480608527611949], [-0.0011457328620581159, -0.001480608527611949, 0.0021785605336559644]], "chi2_level": 0.95, "chi2_df": 3, "chi2_threshold": 7.814727903251179, "N_raw": 37, "N_roi": 37, "N_inlier": 32, "refit": true}
{"timestamp": "19:04:08.118921", "frame": 52, "mu": [0.5539160408005273, 0.6089404625018627, -0.42505289841786476], "Sigma": [[0.0017339543006344483, 0.000860742090803029, -0.0021510428371267166], [0.000860742090803029, 0.0015094479675390826, 0.0011465640015685798], [-0.0021510428371267166, 0.0011465640015685798, 0.020807940675706182]], "chi2_level": 0.95, "chi2_df": 3, "chi2_threshold": 7.814727903251179, "N_raw": 48, "N_roi": 48, "N_inlier": 42, "refit": true}
{"timestamp": "19:04:08.173484", "frame": 53, "mu": [0.5278594734273551, 0.5798230626057753, 1.5042036206634093], "Sigma": [[0.0020669559770385626, 0.0004199247240731067, -0.002301219589009817], [0.0004199247240731067, 0.0018925648206872087, -0.0019866264744009417], [-0.002301219589009817, -0.0019866264744009417, 0.005931429706224814]], "chi2_level": 0.95, "chi2_df": 3, "chi2_threshold": 7.814727903251179, "N_raw": 53, "N_roi": 53, "N_inlier": 49, "refit": true}
{"timestamp": "19:04:08.230139", "frame": 54, "mu": [0.4651757117687642, 0.6070784023686923, -0.40589817205731166], "Sigma": [[0.0013414019335662585, 0.001514292570675705, 0.0007945942954376618], [0.001514292570675705, 0.0024661265423096736, 0.0010433631192369773], [0.0007945942954376619, 0.0010433631192369773, 0.012275221616797066]], "chi2_level": 0.95, "chi2_df": 3, "chi2_threshold": 7.814727903251179, "N_raw": 48, "N_roi": 48, "N_inlier": 45, "refit": true}
{"timestamp": "19:04:08.278414", "frame": 55, "mu": [0.33664214037224627, 0.9005089093588888, -0.8844371928166681], "Sigma": [[0.024579817485510115, -0.036898340283255726, 0.08974792753104166], [-0.03689834028325574, 0.06731965141964016, -0.1611226800667678], [0.08974792753104166, -0.1611226800667678, 0.39662751819090186]], "chi2_level": 0.95, "chi2_df": 3, "chi2_threshold": 7.814727903251179, "N_raw": 12, "N_roi": 12, "N_inlier": 11, "refit": true}
{"timestamp": "19:04:08.333946", "frame": 56, "mu": [0.313375995325528, 0.577992227232918, 1.2585187083845362], "Sigma": [[0.005462750574750528, -0.004738886209882273, 0.0432166939793607], [-0.004738886209882273, 0.005364342138900966, -0.04413491545282999], [0.043216693979360704, -0.04413491545282999, 0.3998199337986338]], "chi2_level": 0.95, "chi2_df": 3, "chi2_threshold": 7.814727903251179, "N_raw": 21, "N_roi": 21, "N_inlier": 18, "refit": true}
{"timestamp": "19:04:08.394027", "frame": 57, "mu": [0.3308628571578024, 0.5831797290813421, 1.545158906956025], "Sigma": [[0.0018664020385480236, 0.00040253369249745457, -0.0016046670009882836], [0.0004025336924974545, 0.0015880878699675715, -0.0016161811505043403], [-0.0016046670009882836, -0.0016161811505043403, 0.004376071349918564]], "chi2_level": 0.95, "chi2_df": 3, "chi2_threshold": 7.814727903251179, "N_raw": 60, "N_roi": 60, "N_inlier": 55, "refit": true}
{"timestamp": "19:04:08.453576", "frame": 58, "mu": [0.28317931318085937, 0.6076635363266871, 1.5360719578939723], "Sigma": [[0.0021727960220465333, 0.0005151688248929702, -0.0005619264355592679], [0.0005151688248929702, 0.003435582483824682, -0.003086390678387117], [-0.0005619264355592679, -0.003086390678387117, 0.003932750903242003]], "chi2_level": 0.95, "chi2_df": 3, "chi2_threshold": 7.814727903251179, "N_raw": 88, "N_roi": 88, "N_inlier": 84, "refit": true}
{"timestamp": "19:04:08.507697", "frame": 59, "mu": [0.24292513382532038, 0.5750789408171315, 1.4758425376491644], "Sigma": [[0.0022085237853007203, -0.0006745796704430064, -0.0033991011957233063], [-0.0006745796704430064, 0.0011885301390417958, -0.00033013748125488305], [-0.0033991011957233063, -0.00033013748125488315, 0.010519197486086332]], "chi2_level": 0.95, "chi2_df": 3, "chi2_threshold": 7.814727903251179, "N_raw": 78, "N_roi": 76, "N_inlier": 72, "refit": true}
{"timestamp": "19:04:08.560156", "frame": 60, "mu": [0.18107961163111957, 0.5635477798089935, 1.4608955609528773], "Sigma": [[0.0009233798703570437, 0.0005554705387735838, 0.0005681097909526296], [0.0005554705387735838, 0.0023605561363373674, 0.0034057303355786374], [0.0005681097909526298, 0.0034057303355786374, 0.015134326977337206]], "chi2_level": 0.95, "chi2_df": 3, "chi2_threshold": 7.814727903251179, "N_raw": 54, "N_roi": 52, "N_inlier": 49, "refit": true}
{"timestamp": "19:04:08.613679", "frame": 61, "mu": [0.19782277467506604, 0.5944337406334367, 1.5231977380343245], "Sigma": [[0.0019003002387077094, 0.0007618587754987179, -0.002461421811499602], [0.0007618587754987179, 0.001406375017571018, -0.0018963313116686707], [-0.002461421811499602, -0.0018963313116686707, 0.0043145001345066365]], "chi2_level": 0.95, "chi2_df": 3, "chi2_threshold": 7.814727903251179, "N_raw": 51, "N_roi": 51, "N_inlier": 47, "refit": true}
{"timestamp": "19:04:08.666524", "frame": 62, "mu": [0.12382549177475169, 0.5900447723054587, 1.5717154881222606], "Sigma": [[0.0024340340188279226, 0.0015517788968118615, -0.0024740257955572762], [0.0015517788968118615, 0.002115311042571817, -0.0019512409310424516], [-0.0024740257955572762, -0.0019512409310424518, 0.004667017276562887]], "chi2_level": 0.95, "chi2_df": 3, "chi2_threshold": 7.814727903251179, "N_raw": 40, "N_roi": 40, "N_inlier": 37, "refit": true}
{"timestamp": "19:04:08.723761", "frame": 63, "mu": [0.06315698845880759, 0.5888740352271327, 1.492879217169174], "Sigma": [[0.0009783722331599145, -0.00047446900462682885, 0.001737600992971211], [-0.00047446900462682885, 0.001812045908014207, -0.0006551944977685378], [0.0017376009929712113, -0.000655194497768538, 0.024741016176028505]], "chi2_level": 0.95, "chi2_df": 3, "chi2_threshold": 7.814727903251179, "N_raw": 53, "N_roi": 53, "N_inlier": 49, "refit": true}
{"timestamp": "19:04:08.776807", "frame": 64, "mu": [0.027800778631419235, 0.5842127768036367, 1.6195669609109378], "Sigma": [[0.00047965582069705844, 0.00014213903910798953, -0.00022271824081379962], [0.00014213903910798953, 0.0025094613789591854, -0.0009488756021130314], [-0.00022271824081379962, -0.0009488756021130314, 0.00051042086062735]], "chi2_level": 0.95, "chi2_df": 3, "chi2_threshold": 7.814727903251179, "N_raw": 39, "N_roi": 39, "N_inlier": 36, "refit": true}
{"timestamp": "19:04:08.831315", "frame": 65, "mu": [0.0022845860598655005, 0.600892312752646, 1.4546713373034308], "Sigma": [[0.0006637167140492894, 0.00032886898245338043, 0.001030161638935686], [0.00032886898245338043, 0.0008466005908149234, -0.0012425226229927204], [0.001030161638935686, -0.0012425226229927202, 0.007661816884780093]], "chi2_level": 0.95, "chi2_df": 3, "chi2_threshold": 7.814727903251179, "N_raw": 40, "N_roi": 40, "N_inlier": 36, "refit": true}
{"timestamp": "19:04:08.886305", "frame": 66, "mu": [-0.05383891965269203, 0.5915529979191895, 1.438948806110833], "Sigma": [[0.0009152365927909742, 0.0007981823843275313, -0.0008812524179424928], [0.0007981823843275313, 0.0012635903058832458, 0.00023079288407741393], [-0.0008812524179424928, 0.00023079288407741404, 0.011611306335504293]], "chi2_level": 0.95, "chi2_df": 3, "chi2_threshold": 7.814727903251179, "N_raw": 31, "N_roi": 31, "N_inlier": 28, "refit": true}
{"timestamp": "19:04:08.947756", "frame": 67, "mu": [-0.10098990717685147, 0.5327267713737964, 1.4813483408416361], "Sigma": [[0.001059309880463193, 0.0009200560395399024, 0.0009560159286960677], [0.0009200560395399024, 0.0036535804165975377, 0.0035854578932047786], [0.0009560159286960677, 0.0035854578932047786, 0.01763983276947706]], "chi2_level": 0.95, "chi2_df": 3, "chi2_threshold": 7.814727903251179, "N_raw": 78, "N_roi": 78, "N_inlier": 74, "refit": true}
{"timestamp": "19:04:08.998313", "frame": 68, "mu": [-0.09588820148561622, 0.5770961965437461, 1.5082980533331263], "Sigma": [[0.0008060761802691717, 2.6057346022171295e-05, 0.0002722669600823135], [2.6057346022171316e-05, 0.0005755743359425, -0.0013931085966535648], [0.0002722669600823135, -0.0013931085966535648, 0.003967868180202485]], "chi2_level": 0.95, "chi2_df": 3, "chi2_threshold": 7.814727903251179, "N_raw": 44, "N_roi": 44, "N_inlier": 40, "refit": true}
{"timestamp": "19:04:09.054918", "frame": 69, "mu": [-0.20482130666414913, 0.6198051512611245, -0.30913539020521696], "Sigma": [[0.0007821316299057862, -0.0004416833457299728, -0.0003949494198684561], [-0.00044168334572997287, 0.003207166161371057, 0.0021675434266296236], [-0.0003949494198684561, 0.0021675434266296236, 0.0172474925840993]], "chi2_level": 0.95, "chi2_df": 3, "chi2_threshold": 7.814727903251179, "N_raw": 59, "N_roi": 55, "N_inlier": 52, "refit": true}
{"timestamp": "19:04:09.110074", "frame": 70, "mu": [-0.2613374202620637, 0.5221537389383684, 1.5884444865858323], "Sigma": [[0.0014775774604512486, -0.0010183451474554265, 0.0007871716913229591], [-0.0010183451474554265, 0.001734420851144736, -0.0018816221486356003], [0.0007871716913229591, -0.0018816221486356, 0.0024920256234709677]], "chi2_level": 0.95, "chi2_df": 3, "chi2_threshold": 7.814727903251179, "N_raw": 57, "N_roi": 54, "N_inlier": 50, "refit": true}
{"timestamp": "19:04:09.165820", "frame": 71, "mu": [-0.294762853503863, 0.5010813161883017, 1.498743060470081], "Sigma": [[0.0011285221648142006, -0.0005490568296913907, 0.0004713594326695474], [-0.0005490568296913907, 0.001643324740839994, 0.0005613747980299169], [0.0004713594326695474, 0.0005613747980299168, 0.013733439196726647]], "chi2_level": 0.95, "chi2_df": 3, "chi2_threshold": 7.814727903251179, "N_raw": 65, "N_roi": 65, "N_inlier": 64, "refit": true}
{"timestamp": "19:04:09.220910", "frame": 72, "mu": [-0.29226659420809487, 0.4906557471444368, 1.403463636592505], "Sigma": [[0.001311333985255037, 0.000538385174981393, 0.0005418613954981476], [0.000538385174981393, 0.0021259909090047715, -0.0010606534558799097], [0.0005418613954981475, -0.0010606534558799097, 0.008295792729364131]], "chi2_level": 0.95, "chi2_df": 3, "chi2_threshold": 7.814727903251179, "N_raw": 68, "N_roi": 68, "N_inlier": 63, "refit": true}
{"timestamp": "19:04:09.274462", "frame": 73, "mu": [-0.3512915126275796, 0.4925522531751905, 1.4097114120387393], "Sigma": [[0.0010848997841014813, -0.00061577498198494, -0.00033175018729941037], [-0.0006157749819849401, 0.0011895510081091668, -0.0020023027681524254], [-0.0003317501872994104, -0.0020023027681524254, 0.006971755044362757]], "chi2_level": 0.95, "chi2_df": 3, "chi2_threshold": 7.814727903251179, "N_raw": 54, "N_roi": 54, "N_inlier": 48, "refit": true}
{"timestamp": "19:04:09.327540", "frame": 74, "mu": [-0.41725409925717505, 0.4985089859648658, 1.4702965012686666], "Sigma": [[0.011482161959153907, 0.004273696303274057, -0.009552609563770742], [0.004273696303274057, 0.0023297352163532056, -0.004137226788343958], [-0.009552609563770742, -0.004137226788343958, 0.01554202407088044]], "chi2_level": 0.95, "chi2_df": 3, "chi2_threshold": 7.814727903251179, "N_raw": 45, "N_roi": 45, "N_inlier": 42, "refit": true}
{"timestamp": "19:04:09.382587", "frame": 75, "mu": [-0.5943125626803152, 0.49249668481094666, 1.6077531447123923], "Sigma": [[0.007756471368006752, 0.004095109095349029, -0.008037590104034001], [0.004095109095349029, 0.0035371693458803154, -0.005933271257874646], [-0.008037590104034001, -0.005933271257874646, 0.01582121522330574]], "chi2_level": 0.95, "chi2_df": 3, "chi2_threshold": 7.814727903251179, "N_raw": 42, "N_roi": 42, "N_inlier": 39, "refit": true}
{"timestamp": "19:04:09.442871", "frame": 76, "mu": [-0.6200035589538455, 0.4470115810809081, 1.6317192236887452], "Sigma": [[0.008182688857740166, 0.0019934805769809974, -0.00493435399158384], [0.001993480576980998, 0.0022928936650443528, -0.003562042545467525], [-0.00493435399158384, -0.003562042545467525, 0.009336106838358409]], "chi2_level": 0.95, "chi2_df": 3, "chi2_threshold": 7.814727903251179, "N_raw": 82, "N_roi": 82, "N_inlier": 79, "refit": true}
{"timestamp": "19:04:09.498690", "frame": 77, "mu": [-0.6764865149959052, 0.44429045259641603, 1.6677767171452031], "Sigma": [[0.009354567158361369, 0.0007975196418538753, -0.000888854020973288], [0.0007975196418538752, 0.0019152925227598082, -0.0015604108451424423], [-0.0008888540209732879, -0.001560410845142442, 0.0014941826737474707]], "chi2_level": 0.95, "chi2_df": 3, "chi2_threshold": 7.814727903251179, "N_raw": 82, "N_roi": 82, "N_inlier": 79, "refit": true}
{"timestamp": "19:04:09.552665", "frame": 78, "mu": [-0.7115902299980161, 0.44923705944855685, 1.6411981484882712], "Sigma": [[0.006987592575201753, 0.0013440976914358101, -0.0003858461598023789], [0.0013440976914358101, 0.0029772493860386554, -0.0016849021807215873], [-0.0003858461598023789, -0.0016849021807215873, 0.001335259052171037]], "chi2_level": 0.95, "chi2_df": 3, "chi2_threshold": 7.814727903251179, "N_raw": 75, "N_roi": 75, "N_inlier": 71, "refit": true}
{"timestamp": "19:04:09.608298", "frame": 79, "mu": [-0.7839631813312724, 0.4332854889824646, -0.3394888687274342], "Sigma": [[0.007081153137511973, 0.0031874229741856988, 0.003100185259721344], [0.0031874229741856983, 0.006799746814939045, 0.00030783078658253287], [0.003100185259721344, 0.00030783078658253287, 0.004761264558829053]], "chi2_level": 0.95, "chi2_df": 3, "chi2_threshold": 7.814727903251179, "N_raw": 78, "N_roi": 78, "N_inlier": 73, "refit": true}
{"timestamp": "19:04:09.664044", "frame": 80, "mu": [-0.8166074943257375, 0.4349323162535678, 1.6135015593440603], "Sigma": [[0.007877718657906752, 0.0009836636373516945, -0.001106320351369506], [0.0009836636373516945, 0.0029512503067887184, -0.003822620493614183], [-0.001106320351369506, -0.003822620493614183, 0.007215302300215356]], "chi2_level": 0.95, "chi2_df": 3, "chi2_threshold": 7.814727903251179, "N_raw": 83, "N_roi": 83, "N_inlier": 79, "refit": true}
{"timestamp": "19:04:09.714422", "frame": 81, "mu": [-0.8776372293241275, 0.4051653145811192, 1.6273452832636044], "Sigma": [[0.0039866951585125045, 0.0007036902279244735, 0.0004034477392911838], [0.0007036902279244737, 0.004263591188332625, -0.0028910747070653763], [0.0004034477392911838, -0.0028910747070653763, 0.0025531773035202456]], "chi2_level": 0.95, "chi2_df": 3, "chi2_threshold": 7.814727903251179, "N_raw": 55, "N_roi": 55, "N_inlier": 51, "refit": true}
{"timestamp": "19:04:09.768678", "frame": 82, "mu": [-0.9119492946895531, 0.4110311230216859, 1.530651673318155], "Sigma": [[0.004006238889738668, 0.00044984640701905285, -0.00039105647849963627], [0.00044984640701905285, 0.0012034327477897357, -0.002261974390276063], [-0.0003910564784996361, -0.002261974390276063, 0.007852072990364967]], "chi2_level": 0.95, "chi2_df": 3, "chi2_threshold": 7.814727903251179, "N_raw": 57, "N_roi": 57, "N_inlier": 54, "refit": true}
{"timestamp": "19:04:09.822888", "frame": 83, "mu": [-0.9499065799003059, 0.40324635140832304, 1.5229272751839118], "Sigma": [[0.005155781016319825, 0.001920528087044518, -0.0008851224643981288], [0.001920528087044518, 0.0037650535953034237, -0.004884409547613858], [-0.000885122464398129, -0.004884409547613857, 0.009834698051771276]], "chi2_level": 0.95, "chi2_df": 3, "chi2_threshold": 7.814727903251179, "N_raw": 49, "N_roi": 49, "N_inlier": 45, "refit": true}
{"timestamp": "19:04:09.880225", "frame": 84, "mu": [-0.971006319832385, 0.4509836729638551, 1.592320464315847], "Sigma": [[0.004877069076087305, 0.0008812225800151337, -0.0009272440593798572], [0.0008812225800151337, 0.00406560280008164, -0.0053667299501915355], [-0.0009272440593798572, -0.0053667299501915355, 0.010501777462298719]], "chi2_level": 0.95, "chi2_df": 3, "chi2_threshold": 7.814727903251179, "N_raw": 57, "N_roi": 57, "N_inlier": 53, "refit": true}
{"timestamp": "19:04:09.934163", "frame": 85, "mu": [-1.0148475675846895, 0.40472902088986884, 1.560834822325854], "Sigma": [[0.005336488253182361, -0.00019074889799534618, -9.95795281305859e-05], [-0.0001907488979953462, 0.0062576270412459944, -0.0040898871901815705], [-9.957952813058595e-05, -0.0040898871901815705, 0.003112503350889821]], "chi2_level": 0.95, "chi2_df": 3, "chi2_threshold": 7.814727903251179, "N_raw": 55, "N_roi": 55, "N_inlier": 54, "refit": true}
{"timestamp": "19:04:09.987275", "frame": 86, "mu": [-1.0452656021179652, 0.49805136464173616, -0.39159031277102396], "Sigma": [[0.003104477584542385, 0.0010322807109688181, 0.0015197203241452684], [0.0010322807109688181, 0.0033617999993024537, -0.002777209633472026], [0.0015197203241452684, -0.002777209633472026, 0.00534396591012926]], "chi2_level": 0.95, "chi2_df": 3, "chi2_threshold": 7.814727903251179, "N_raw": 43, "N_roi": 43, "N_inlier": 40, "refit": true}
{"timestamp": "19:04:10.043523", "frame": 87, "mu": [-1.0820566413181651, 0.5425896535113643, -0.34427798797766374], "Sigma": [[0.005250621075275226, 0.00027070209618857647, 0.0012198882263755205], [0.00027070209618857625, 0.00734670779641191, -0.0031758932097773504], [0.0012198882263755205, -0.0031758932097773504, 0.002113797623472753]], "chi2_level": 0.95, "chi2_df": 3, "chi2_threshold": 7.814727903251179, "N_raw": 56, "N_roi": 56, "N_inlier": 52, "refit": true}
{"timestamp": "19:04:10.095682", "frame": 88, "mu": [-1.1411728036606341, 0.4791078144506051, 1.510380441089104], "Sigma": [[0.002681115911319587, 0.0011488574342766729, 0.00039404951789272143], [0.0011488574342766729, 0.004295785351095469, -0.0038043170026932794], [0.0003940495178927215, -0.0038043170026932794, 0.008387653034735362]], "chi2_level": 0.95, "chi2_df": 3, "chi2_threshold": 7.814727903251179, "N_raw": 38, "N_roi": 38, "N_inlier": 37, "refit": true}
{"timestamp": "19:04:10.152732", "frame": 89, "mu": [-0.7362598738082486, 0.36085454249086196, 1.4283861308222239], "Sigma": [[0.8470463375554961, -0.02718447668924151, 0.010047996455890523], [-0.027184476689241517, 0.006089114587310917, -0.0024059743218477073], [0.010047996455890523, -0.0024059743218477073, 0.0013798441898991293]], "chi2_level": 0.95, "chi2_df": 3, "chi2_threshold": 7.814727903251179, "N_raw": 44, "N_roi": 44, "N_inlier": 44, "refit": true}
{"timestamp": "19:04:10.205293", "frame": 90, "mu": [-1.169846834473393, 0.5196010693868103, -0.4409226864132552], "Sigma": [[0.0030371162398198765, 0.0017615215096537919, -6.231245796991195e-05], [0.001761521509653792, 0.005979316756384961, -0.0014425261589755345], [-6.231245796991193e-05, -0.001442526158975535, 0.000657287919422454]], "chi2_level": 0.95, "chi2_df": 3, "chi2_threshold": 7.814727903251179, "N_raw": 29, "N_roi": 29, "N_inlier": 27, "refit": true}
{"timestamp": "19:04:10.261337", "frame": 91, "mu": [-1.1380274386794555, 0.38694029277519953, 1.3863626569929333], "Sigma": [[0.2124800975640356, -0.007305063695019185, 0.00988051080934998], [-0.007305063695019185, 0.003972308614736961, -0.002713597610378594], [0.00988051080934998, -0.002713597610378594, 0.0031762885066488073]], "chi2_level": 0.95, "chi2_df": 3, "chi2_threshold": 7.814727903251179, "N_raw": 34, "N_roi": 34, "N_inlier": 31, "refit": true}
{"timestamp": "19:04:10.312204", "frame": 92, "mu": [-1.2538995107633373, 0.510024672400567, 1.1008216140079892], "Sigma": [[0.0014023089213421375, 0.0030342456201696935, -0.004057229602009913], [0.0030342456201696935, 0.017779923908604233, -0.04714203908783293], [-0.004057229602009913, -0.04714203908783293, 0.15258685570893502]], "chi2_level": 0.95, "chi2_df": 3, "chi2_threshold": 7.814727903251179, "N_raw": 15, "N_roi": 15, "N_inlier": 15, "refit": true}
{"timestamp": "19:04:10.371720", "frame": 93, "mu": [-0.5926636824927211, 0.36930689165651936, 1.1178193416046742], "Sigma": [[1.4039109895371265, -0.03558757952076575, -0.035181599462997974], [-0.03558757952076575, 0.018476496328971432, -0.011454841791594414], [-0.03518159946299798, -0.011454841791594414, 0.0769351769629768]], "chi2_level": 0.95, "chi2_df": 3, "chi2_threshold": 7.814727903251179, "N_raw": 38, "N_roi": 38, "N_inlier": 37, "refit": true}
{"timestamp": "19:04:10.481735", "frame": 95, "mu": [-0.8170514208111714, 0.3980310845043795, 1.3113738416450758], "Sigma": [[1.243950587357063, -0.02971068071065691, 0.028820667243847235], [-0.02971068071065691, 0.005997250037767294, -0.003927299150988859], [0.028820667243847235, -0.003927299150988859, 0.004378247914550001]], "chi2_level": 0.95, "chi2_df": 3, "chi2_threshold": 7.814727903251179, "N_raw": 40, "N_roi": 40, "N_inlier": 38, "refit": true}
{"timestamp": "19:04:10.535287", "frame": 96, "mu": [-1.3800539040628053, 0.45905645536334283, 1.3456584044655957], "Sigma": [[0.0038072882573156946, 0.00230138115013778, -0.0009584307759926184], [0.0023013811501377806, 0.007647103604685788, -0.00444871176815401], [-0.0009584307759926184, -0.00444871176815401, 0.003112707888306851]], "chi2_level": 0.95, "chi2_df": 3, "chi2_threshold": 7.814727903251179, "N_raw": 34, "N_roi": 34, "N_inlier": 30, "refit": true}
{"timestamp": "19:04:10.587656", "frame": 97, "mu": [-1.4583137909207056, 0.578877505787763, 1.0846205657610204], "Sigma": [[0.015455552423361415, -0.0036388865574374834, 0.028116858626156094], [-0.0036388865574374834, 0.001732654130696261, -0.008230315879967472], [0.028116858626156094, -0.008230315879967472, 0.05932846435338666]], "chi2_level": 0.95, "chi2_df": 3, "chi2_threshold": 7.814727903251179, "N_raw": 17, "N_roi": 17, "N_inlier": 16, "refit": true}
{"timestamp": "19:04:10.645317", "frame": 98, "mu": [-1.4134143479250345, 0.48402283870363544, 1.361111429661185], "Sigma": [[0.0034068861182872216, 0.0036747674529882886, -0.0009317600955711508], [0.003674767452988288, 0.009366462259303241, -0.00485581221158021], [-0.0009317600955711509, -0.00485581221158021, 0.004970235151825855]], "chi2_level": 0.95, "chi2_df": 3, "chi2_threshold": 7.814727903251179, "N_raw": 34, "N_roi": 34, "N_inlier": 27, "refit": true}
{"timestamp": "19:04:10.823195", "frame": 100, "mu": [-1.5354116379567573, 0.5147424423901246, 1.312581214154971], "Sigma": [[0.0036369367437965924, 0.003382634746223587, -0.001745268644014932], [0.003382634746223587, 0.007628734872427912, -0.0038784088111992005], [-0.001745268644014932, -0.003878408811199201, 0.006742996647782349]], "chi2_level": 0.95, "chi2_df": 3, "chi2_threshold": 7.814727903251179, "N_raw": 34, "N_roi": 34, "N_inlier": 29, "refit": true}
{"timestamp": "19:04:10.836378", "frame": 101, "mu": [-1.532520851950797, 0.4980209271387298, 1.3807516943068208], "Sigma": [[0.004881154930957889, 0.0068475789844188815, -0.003671700827860798], [0.0068475789844188815, 0.01219025150285589, -0.006815929515744319], [-0.003671700827860798, -0.006815929515744319, 0.003943624309118932]], "chi2_level": 0.95, "chi2_df": 3, "chi2_threshold": 7.814727903251179, "N_raw": 10, "N_roi": 10, "N_inlier": 10, "refit": true}
{"timestamp": "19:04:10.868439", "frame": 102, "mu": [-0.48992802872496294, 0.4151686876101005, 1.0628625299531775], "Sigma": [[2.593963718101403, 0.015816670655562547, 0.026810386141363572], [0.015816670655562547, 0.007344614195251446, 0.0002916327345964952], [0.026810386141363565, 0.0002916327345964954, 0.002641223445355869]], "chi2_level": 0.95, "chi2_df": 3, "chi2_threshold": 7.814727903251179, "N_raw": 21, "N_roi": 21, "N_inlier": 21, "refit": true}
{"timestamp": "19:04:10.920689", "frame": 103, "mu": [-0.41391553997458874, 0.34004362398002336, 0.7163308454758669], "Sigma": [[3.009266248290584, 0.07001180496453047, -0.04121688181418207], [0.07001180496453047, 0.008965835170141935, 0.006153609770810417], [-0.04121688181418207, 0.006153609770810417, 0.02882612508741058]], "chi2_level": 0.95, "chi2_df": 3, "chi2_threshold": 7.814727903251179, "N_raw": 40, "N_roi": 40, "N_inlier": 37, "refit": true}
{"timestamp": "19:04:10.974532", "frame": 104, "mu": [-0.23594132418161973, 0.6981006970258408, -0.8025439355687867], "Sigma": [[2.9811260425273756, -0.009235868074618618, 0.02527670830631463], [-0.009235868074618611, 0.007747223186854719, 0.0010768048928153995], [0.02527670830631463, 0.0010768048928153997, 0.00407916940311234]], "chi2_level": 0.95, "chi2_df": 3, "chi2_threshold": 7.814727903251179, "N_raw": 28, "N_roi": 28, "N_inlier": 26, "refit": true}
{"timestamp": "19:04:11.028642", "frame": 105, "mu": [0.891853680193876, 0.3629518134968841, 0.5687605057668459], "Sigma": [[2.786315090782564, 0.08447311373854069, -0.026961108822289935], [0.08447311373854069, 0.011662168792712337, -0.0009134838123042201], [-0.026961108822289935, -0.0009134838123042201, 0.004436836402149734]], "chi2_level": 0.95, "chi2_df": 3, "chi2_threshold": 7.814727903251179, "N_raw": 20, "N_roi": 20, "N_inlier": 20, "refit": true}
{"timestamp": "19:04:11.193756", "frame": 108, "mu": [-0.7699487985687131, 0.5489226121641464, 0.8894182861857141], "Sigma": [[3.0134352545287952, 0.024203797021730672, -0.2310324627295476], [0.02420379702173066, 0.022724978196912247, 0.0038637088579522912], [-0.23103246272954758, 0.003863708857952292, 0.06021206769918869]], "chi2_level": 0.95, "chi2_df": 3, "chi2_threshold": 7.814727903251179, "N_raw": 25, "N_roi": 25, "N_inlier": 24, "refit": true}
{"timestamp": "19:04:11.252310", "frame": 109, "mu": [-1.3142757529898805, 0.5441043338464059, 1.102848664324698], "Sigma": [[1.6535821584982051, -0.03902692946801489, 0.016118655923155405], [-0.03902692946801489, 0.010827420459477289, -0.0025114808423816254], [0.016118655923155402, -0.0025114808423816254, 0.01666989190359172]], "chi2_level": 0.95, "chi2_df": 3, "chi2_threshold": 7.814727903251179, "N_raw": 46, "N_roi": 46, "N_inlier": 42, "refit": true}
{"timestamp": "19:04:11.304385", "frame": 110, "mu": [-1.810381464683497, 0.6631056721437065, 1.0874777141491323], "Sigma": [[0.007881225635602219, 0.007291957881201373, 0.002074904551952249], [0.007291957881201372, 0.009662817841059046, 0.00013916091737630658], [0.002074904551952249, 0.00013916091737630642, 0.00484455604156927]], "chi2_level": 0.95, "chi2_df": 3, "chi2_threshold": 7.814727903251179, "N_raw": 23, "N_roi": 23, "N_inlier": 23, "refit": true}
{"timestamp": "19:04:11.416044", "frame": 112, "mu": [-1.8440072131935155, 0.6723338039831631, 1.224149510068136], "Sigma": [[0.007483264200554315, 0.007012521590849228, -7.549617022138976e-05], [0.007012521590849228, 0.011431009917675492, -0.005359643436130106], [-7.549617022138959e-05, -0.005359643436130107, 0.008144743869172617]], "chi2_level": 0.95, "chi2_df": 3, "chi2_threshold": 7.814727903251179, "N_raw": 45, "N_roi": 45, "N_inlier": 44, "refit": true}
{"timestamp": "19:04:11.473240", "frame": 113, "mu": [-1.8724812545936547, 0.6484401386744877, 1.1655466011260482], "Sigma": [[0.00975659634711873, 0.009057481715605591, 0.0013291239020275345], [0.009057481715605591, 0.011807235082327236, -0.0034500828360854493], [0.0013291239020275345, -0.00345008283608545, 0.011493402003158171]], "chi2_level": 0.95, "chi2_df": 3, "chi2_threshold": 7.814727903251179, "N_raw": 53, "N_roi": 53, "N_inlier": 52, "refit": true}
{"timestamp": "19:04:11.525646", "frame": 114, "mu": [-1.9467430281620832, 0.6604251768991038, 1.0843971509363088], "Sigma": [[0.005407977454292871, 0.006120417566897176, -0.0032796056056284243], [0.006120417566897176, 0.013377383683614139, -0.008375623831174838], [-0.0032796056056284243, -0.008375623831174836, 0.0068895797774495724]], "chi2_level": 0.95, "chi2_df": 3, "chi2_threshold": 7.814727903251179, "N_raw": 34, "N_roi": 34, "N_inlier": 32, "refit": true}
{"timestamp": "19:04:11.583768", "frame": 115, "mu": [-1.8883549776807982, 0.7227973616978715, 1.2323683032846902], "Sigma": [[0.00919375694988901, 0.006044098162754647, 0.0004893329304568709], [0.006044098162754647, 0.013532042107525325, -0.007588612466931194], [0.000489332930456871, -0.007588612466931195, 0.00814199080871514]], "chi2_level": 0.95, "chi2_df": 3, "chi2_threshold": 7.814727903251179, "N_raw": 57, "N_roi": 57, "N_inlier": 57, "refit": true}
{"timestamp": "19:04:11.638642", "frame": 116, "mu": [-1.929775629425911, 0.7666894645701607, 1.2390387802460228], "Sigma": [[0.009980020425215572, 0.007602792295756281, 0.0004728860311500778], [0.007602792295756281, 0.013566083949993219, -0.007164090473789616], [0.0004728860311500779, -0.007164090473789616, 0.008874185070572178]], "chi2_level": 0.95, "chi2_df": 3, "chi2_threshold": 7.814727903251179, "N_raw": 55, "N_roi": 55, "N_inlier": 54, "refit": true}
{"timestamp": "19:04:11.696331", "frame": 117, "mu": [-2.0180314099950833, 0.7514237322071101, 1.0626745577463634], "Sigma": [[0.011991481840744994, 0.01671731080722714, 0.014781700766774326], [0.01671731080722714, 0.028675957745119572, 0.023038450858802198], [0.014781700766774326, 0.023038450858802198, 0.06994485825632989]], "chi2_level": 0.95, "chi2_df": 3, "chi2_threshold": 7.814727903251179, "N_raw": 76, "N_roi": 76, "N_inlier": 70, "refit": true}
{"timestamp": "19:04:11.750216", "frame": 118, "mu": [-1.9625640279050902, 0.8062790677915822, 1.234594361143622], "Sigma": [[0.009516679550437841, 0.006990189881979093, -0.001179942015982711], [0.006990189881979093, 0.011651949916295269, -0.00769829054616346], [-0.0011799420159827108, -0.00769829054616346, 0.010805276607963753]], "chi2_level": 0.95, "chi2_df": 3, "chi2_threshold": 7.814727903251179, "N_raw": 61, "N_roi": 61, "N_inlier": 52, "refit": true}
{"timestamp": "19:04:11.804683", "frame": 119, "mu": [-2.017566596350508, 0.8071951994324337, 1.1870806275689476], "Sigma": [[0.011141981988064108, 0.009170203936454608, 0.0015850992167418484], [0.009170203936454607, 0.01395772227444166, -0.006139440394453545], [0.001585099216741848, -0.006139440394453545, 0.01265441705677909]], "chi2_level": 0.95, "chi2_df": 3, "chi2_threshold": 7.814727903251179, "N_raw": 61, "N_roi": 61, "N_inlier": 57, "refit": true}
{"timestamp": "19:04:11.860928", "frame": 120, "mu": [-2.0298319282484663, 0.8315129507706498, 1.1706241234854466], "Sigma": [[0.011849091585558314, 0.008583191918955905, 0.0022848107500027916], [0.008583191918955905, 0.015372033642476501, -0.009328417281944622], [0.0022848107500027916, -0.009328417281944624, 0.017075349421214945]], "chi2_level": 0.95, "chi2_df": 3, "chi2_threshold": 7.814727903251179, "N_raw": 71, "N_roi": 71, "N_inlier": 60, "refit": true}
{"timestamp": "19:04:11.911075", "frame": 121, "mu": [-2.046051396218804, 0.8884908047749167, 1.077157916141885], "Sigma": [[0.007027803451575064, 0.0066251726453596255, 0.0019467415081570617], [0.0066251726453596255, 0.01048570939355769, -0.002779722701429288], [0.0019467415081570617, -0.002779722701429288, 0.015397447249888424]], "chi2_level": 0.95, "chi2_df": 3, "chi2_threshold": 7.814727903251179, "N_raw": 41, "N_roi": 41, "N_inlier": 41, "refit": true}
{"timestamp": "19:04:11.971439", "frame": 122, "mu": [-2.0827430375051676, 0.8880181586808538, 1.1938041356525244], "Sigma": [[0.010304782722728474, 0.009956027918625508, 0.0005529110276593398], [0.009956027918625508, 0.015075635070960833, -0.007577662798558756], [0.0005529110276593395, -0.007577662798558756, 0.017440530430584484]], "chi2_level": 0.95, "chi2_df": 3, "chi2_threshold": 7.814727903251179, "N_raw": 56, "N_roi": 56, "N_inlier": 56, "refit": true}
{"timestamp": "19:04:12.021197", "frame": 123, "mu": [-2.115160232524783, 1.1020339694667656, -0.5439886791334264], "Sigma": [[0.009081950139578222, 0.013638573765273183, 0.005798269677518798], [0.013638573765273183, 0.03409942025401923, 0.010047525975507243], [0.005798269677518798, 0.010047525975507243, 0.009311043656673837]], "chi2_level": 0.95, "chi2_df": 3, "chi2_threshold": 7.814727903251179, "N_raw": 38, "N_roi": 38, "N_inlier": 38, "refit": true}
{"timestamp": "19:04:12.127914", "frame": 125, "mu": [-2.0829733419705394, 1.058864831863104, 1.2325987066037047], "Sigma": [[0.004615393214134181, 0.00453159739389313, -0.0008993682148237016], [0.00453159739389313, 0.007322959144831754, -0.0037466070520526433], [-0.0008993682148237015, -0.0037466070520526433, 0.00442210661672992]], "chi2_level": 0.95, "chi2_df": 3, "chi2_threshold": 7.814727903251179, "N_raw": 24, "N_roi": 24, "N_inlier": 24, "refit": true}
{"timestamp": "19:04:12.186702", "frame": 126, "mu": [-2.12922263926756, 1.0077862362411918, 1.21999063769595], "Sigma": [[0.007638293594199915, 0.008966944980999978, -0.0006200636230355062], [0.008966944980999978, 0.015256249203789445, -0.00688378979418966], [-0.0006200636230355062, -0.00688378979418966, 0.010545028550193491]], "chi2_level": 0.95, "chi2_df": 3, "chi2_threshold": 7.814727903251179, "N_raw": 41, "N_roi": 41, "N_inlier": 40, "refit": true}
{"timestamp": "19:04:12.243227", "frame": 127, "mu": [-2.147549513912601, 1.052637247393734, 1.234494953343151], "Sigma": [[0.00907493970714367, 0.008459410681243675, -0.0017970669045808542], [0.008459410681243675, 0.012171929027151104, -0.009800951959064247], [-0.001797066904580854, -0.009800951959064247, 0.020701246656451497]], "chi2_level": 0.95, "chi2_df": 3, "chi2_threshold": 7.814727903251179, "N_raw": 51, "N_roi": 51, "N_inlier": 50, "refit": true}
{"timestamp": "19:04:12.308660", "frame": 128, "mu": [-2.231371495780536, 1.053543471158934, 0.9514946310667932], "Sigma": [[0.01731786832936017, 0.015877218839839995, 0.02463696161210008], [0.015877218839839995, 0.01814515801614751, 0.015569082366202767], [0.024636961612100085, 0.015569082366202764, 0.08144465980718246]], "chi2_level": 0.95, "chi2_df": 3, "chi2_threshold": 7.814727903251179, "N_raw": 102, "N_roi": 85, "N_inlier": 81, "refit": true}
{"timestamp": "19:04:12.357277", "frame": 129, "mu": [-2.202068914482519, 1.1244688971715053, 1.028974451499884], "Sigma": [[0.016686024850657077, 0.009135407069118424, 0.020549128236073213], [0.009135407069118424, 0.008487467055760254, 0.003541990060372272], [0.02054912823607321, 0.003541990060372272, 0.0553888658198407]], "chi2_level": 0.95, "chi2_df": 3, "chi2_threshold": 7.814727903251179, "N_raw": 71, "N_roi": 60, "N_inlier": 59, "refit": true}
