{"timestamp": "17:45:20.596815", "frame": 24, "mu": [2.3596593349655355, 4.902849353615784, 0.9661677604361514], "Sigma": [[0.008407192620712255, -0.004115277831873371, -0.007471194364772811], [-0.004115277831873371, 0.0034581122927492837, 0.00019013929959112662], [-0.007471194364772811, 0.00019013929959112706, 0.027780676668868742]], "chi2_level": 0.95, "chi2_df": 3, "chi2_threshold": 7.814727903251179, "N_raw": 76, "N_roi": 14, "N_inlier": 14, "refit": true}
{"timestamp": "17:45:20.700444", "frame": 26, "mu": [2.3234312961655172, 4.897658179428193, 0.9421744831274678], "Sigma": [[0.01071988297234139, -0.0047826173751864326, -0.007348131729611225], [-0.004782617375186433, 0.0037794542631733835, 0.0017905233950445748], [-0.007348131729611224, 0.0017905233950445746, 0.009775935081768406]], "chi2_level": 0.95, "chi2_df": 3, "chi2_threshold": 7.814727903251179, "N_raw": 35, "N_roi": 13, "N_inlier": 13, "refit": true}
{"timestamp": "17:45:20.755381", "frame": 27, "mu": [2.2983071854102226, 4.879382176636883, -0.9149247968296771], "Sigma": [[0.013076424070732957, -0.00048522994615203817, 0.056102586424001594], [-0.0004852299461520382, 0.0030369993253472477, 0.007332941887726066], [0.0561025864240016, 0.007332941887726066, 0.3555721261465558]], "chi2_level": 0.95, "chi2_df": 3, "chi2_threshold": 7.814727903251179, "N_raw": 32, "N_roi": 19, "N_inlier": 18, "refit": true}
{"timestamp": "17:45:20.975853", "frame": 31, "mu": [2.2135899394398963, 4.746884742163102, 0.901588423290541], "Sigma": [[0.012713266710701755, -0.005671027614590152, -0.0009195118336948488], [-0.005671027614590153, 0.003995267309270031, -0.0001202435861290904], [-0.0009195118336948488, -0.0001202435861290904, 0.0017098044365781602]], "chi2_level": 0.95, "chi2_df": 3, "chi2_threshold": 7.814727903251179, "N_raw": 17, "N_roi": 16, "N_inlier": 15, "refit": true}
{"timestamp": "17:45:21.141281", "frame": 34, "mu": [2.146124688158083, 4.593034164985285, 1.1079368700166574], "Sigma": [[0.01655980913573523, -0.010312543039810003, -0.0017131680642585075], [-0.010312543039810003, 0.007926369048657487, -0.0032795912946508203], [-0.0017131680642585062, -0.0032795912946508203, 0.031067429761412357]], "chi2_level": 0.95, "chi2_df": 3, "chi2_threshold": 7.814727903251179, "N_raw": 24, "N_roi": 22, "N_inlier": 21, "refit": true}
{"timestamp": "17:45:21.199301", "frame": 35, "mu": [2.1257756044932488, 4.569749010361899, 1.1940459691505894], "Sigma": [[0.026922136603265805, -0.015234068383995884, -0.011803692882073499], [-0.01523406838399588, 0.011172064420130726, 0.0016534593809158496], [-0.011803692882073499, 0.0016534593809158496, 0.020482327879752862]], "chi2_level": 0.95, "chi2_df": 3, "chi2_threshold": 7.814727903251179, "N_raw": 39, "N_roi": 39, "N_inlier": 37, "refit": true}
{"timestamp": "17:45:21.421233", "frame": 39, "mu": [1.9838572174504348, 4.493150087665724, 0.15563210633958494], "Sigma": [[0.026466226847927043, -0.009671269303042147, -0.011925049031419279], [-0.009671269303042147, 0.015066895603155946, -0.025808173490077378], [-0.011925049031419279, -0.025808173490077378, 0.09005790060350387]], "chi2_level": 0.95, "chi2_df": 3, "chi2_threshold": 7.814727903251179, "N_raw": 59, "N_roi": 58, "N_inlier": 57, "refit": true}
{"timestamp": "17:45:21.474750", "frame": 40, "mu": [1.9321973175818101, 4.362460333177925, 0.9330870806758534], "Sigma": [[0.019678834293512866, -0.00924915433430689, -0.008794738828376671], [-0.009249154334306888, 0.00471569808537898, 0.0014850078908167147], [-0.00879473882837667, 0.0014850078908167147, 0.08015163106201749]], "chi2_level": 0.95, "chi2_df": 3, "chi2_threshold": 7.814727903251179, "N_raw": 42, "N_roi": 42, "N_inlier": 41, "refit": true}
{"timestamp": "17:45:21.580717", "frame": 42, "mu": [1.8322748310695474, 4.345724912851903, -0.6172839428885699], "Sigma": [[0.008772080462038917, -0.0013134780009171224, 0.03103552212504488], [-0.0013134780009171224, 0.0022295303062950687, -0.0034405690038314244], [0.03103552212504488, -0.003440569003831424, 0.2336285387043013]], "chi2_level": 0.95, "chi2_df": 3, "chi2_threshold": 7.814727903251179, "N_raw": 19, "N_roi": 19, "N_inlier": 19, "refit": true}
{"timestamp": "17:45:21.634327", "frame": 43, "mu": [1.7727899511483907, 4.292731539055504, 1.0957117354601542], "Sigma": [[0.00208471657276777, -9.303365046267148e-05, -0.0023979900032987363], [-9.303365046267148e-05, 0.00434543582497639, -0.007165900877529985], [-0.0023979900032987363, -0.007165900877529985, 0.01759553136724938]], "chi2_level": 0.95, "chi2_df": 3, "chi2_threshold": 7.814727903251179, "N_raw": 10, "N_roi": 10, "N_inlier": 10, "refit": true}
{"timestamp": "17:45:21.691530", "frame": 44, "mu": [1.7856695932094302, 4.237917395161351, 1.1751631545288777], "Sigma": [[0.0162695620982465, -0.008681268276070292, -0.015172499407799668], [-0.008681268276070294, 0.005520583062134303, 0.004440190797868585], [-0.015172499407799668, 0.004440190797868585, 0.04293467698474991]], "chi2_level": 0.95, "chi2_df": 3, "chi2_threshold": 7.814727903251179, "N_raw": 32, "N_roi": 32, "N_inlier": 30, "refit": true}
{"timestamp": "17:45:21.750099", "frame": 45, "mu": [1.7670063727795695, 4.283981974908191, -0.1309896022505609], "Sigma": [[0.025881751100755093, -0.0049597120183761095, 0.03684002063910804], [-0.0049597120183761095, 0.008148427447666145, -0.0033256989520004405], [0.03684002063910803, -0.003325698952000439, 0.1657448715944716]], "chi2_level": 0.95, "chi2_df": 3, "chi2_threshold": 7.814727903251179, "N_raw": 55, "N_roi": 55, "N_inlier": 54, "refit": true}
{"timestamp": "17:45:21.803521", "frame": 46, "mu": [1.7742235339409682, 4.138166325881584, 0.9678429170510766], "Sigma": [[0.020902075531479644, -0.00947636102743189, -0.006502691070057959], [-0.00947636102743189, 0.00808217355745043, 0.0014622949247957502], [-0.006502691070057959, 0.0014622949247957502, 0.005137156142704616]], "chi2_level": 0.95, "chi2_df": 3, "chi2_threshold": 7.814727903251179, "N_raw": 40, "N_roi": 40, "N_inlier": 39, "refit": true}
{"timestamp": "17:45:21.855691", "frame": 47, "mu": [1.696547210553501, 4.096490087474438, 0.8492921778697187], "Sigma": [[0.009875411870097283, -0.0032671448983510308, -5.4215269400084145e-05], [-0.0032671448983510308, 0.0025193010817616463, -0.00045383176372243244], [-5.4215269400084145e-05, -0.00045383176372243244, 0.000304414529642117]], "chi2_level": 0.95, "chi2_df": 3, "chi2_threshold": 7.814727903251179, "N_raw": 19, "N_roi": 19, "N_inlier": 17, "refit": true}
{"timestamp": "17:45:21.915883", "frame": 48, "mu": [1.6644015989586929, 4.216183668898418, -0.32163997156999835], "Sigma": [[0.023811987244443833, -0.008905610444797457, -0.009232278635406824], [-0.008905610444797457, 0.005617386701578616, -0.0006374076710675333], [-0.009232278635406824, -0.0006374076710675335, 0.013274345429747201]], "chi2_level": 0.95, "chi2_df": 3, "chi2_threshold": 7.814727903251179, "N_raw": 46, "N_roi": 39, "N_inlier": 35, "refit": true}
{"timestamp": "17:45:21.965740", "frame": 49, "mu": [1.6833837575803634, 3.921481166972864, 0.7503793111611724], "Sigma": [[0.01345379427813019, -0.006782924267430088, -0.005191237201573596], [-0.006782924267430088, 0.00417157325568276, 0.00835093289215761], [-0.005191237201573595, 0.008350932892157612, 0.05342088396634471]], "chi2_level": 0.95, "chi2_df": 3, "chi2_threshold": 7.814727903251179, "N_raw": 23, "N_roi": 23, "N_inlier": 22, "refit": true}
{"timestamp": "17:45:22.024316", "frame": 50, "mu": [1.6670110697990022, 3.883972411126557, 0.8197259537568462], "Sigma": [[0.022288445905037105, -0.012466071317245711, -0.02551533263255778], [-0.012466071317245711, 0.007719794236419453, 0.012841783612059884], [-0.02551533263255778, 0.012841783612059881, 0.08010505271375742]], "chi2_level": 0.95, "chi2_df": 3, "chi2_threshold": 7.814727903251179, "N_raw": 46, "N_roi": 46, "N_inlier": 45, "refit": true}
{"timestamp": "17:45:22.074553", "frame": 51, "mu": [1.5383753588174098, 3.9119601838979774, 0.7580584647685282], "Sigma": [[0.00653311464094145, -0.006166778396107244, 0.002195375848303124], [-0.006166778396107245, 0.007595999658106382, -0.004119060815838534], [0.002195375848303124, -0.004119060815838534, 0.00569785340995694]], "chi2_level": 0.95, "chi2_df": 3, "chi2_threshold": 7.814727903251179, "N_raw": 13, "N_roi": 13, "N_inlier": 12, "refit": true}
{"timestamp": "17:45:22.131731", "frame": 52, "mu": [1.5944518935179914, 3.9520612712823535, 0.005380747347390703], "Sigma": [[0.010104405507978202, -0.003838167589228914, -0.004930797184447866], [-0.003838167589228914, 0.003499686143267837, -0.002603656657105025], [-0.004930797184447866, -0.002603656657105025, 0.014869510482728276]], "chi2_level": 0.95, "chi2_df": 3, "chi2_threshold": 7.814727903251179, "N_raw": 23, "N_roi": 23, "N_inlier": 20, "refit": true}
{"timestamp": "17:45:22.188242", "frame": 53, "mu": [1.5188045914272532, 3.7941916339422628, 1.021876936616517], "Sigma": [[0.01792341869736077, -0.008338345245539901, -0.01626520841120825], [-0.008338345245539901, 0.004942851109936359, 0.0034895203650500196], [-0.01626520841120825, 0.0034895203650500196, 0.03680955474396942]], "chi2_level": 0.95, "chi2_df": 3, "chi2_threshold": 7.814727903251179, "N_raw": 39, "N_roi": 39, "N_inlier": 37, "refit": true}
{"timestamp": "17:45:22.241421", "frame": 54, "mu": [1.4262146609102322, 3.8369622913269277, 0.9845527101231665], "Sigma": [[0.01777252079674483, -0.013104443967328142, 0.0005104788778800434], [-0.013104443967328142, 0.012416045359791269, -0.004529331278741021], [0.000510478877880043, -0.004529331278741021, 0.013428826378705074]], "chi2_level": 0.95, "chi2_df": 3, "chi2_threshold": 7.814727903251179, "N_raw": 25, "N_roi": 25, "N_inlier": 22, "refit": true}
{"timestamp": "17:45:22.298315", "frame": 55, "mu": [1.623354627995238, 3.551715456857471, 0.7005856036907556], "Sigma": [[0.014270416525819217, -0.009281798321619497, -0.005604231697919675], [-0.009281798321619497, 0.008426610637725707, 0.0008779812807242117], [-0.005604231697919675, 0.0008779812807242115, 0.009483603011123443]], "chi2_level": 0.95, "chi2_df": 3, "chi2_threshold": 7.814727903251179, "N_raw": 38, "N_roi": 38, "N_inlier": 34, "refit": true}
{"timestamp": "17:45:22.352372", "frame": 56, "mu": [1.484530964838367, 3.6100898353177557, 0.8996644231765977], "Sigma": [[0.01725391043627427, -0.01597612659617965, -0.004624773000602072], [-0.01597612659617965, 0.018665955166440915, -0.00051483430302257], [-0.004624773000602073, -0.0005148343030225695, 0.02244544088695285]], "chi2_level": 0.95, "chi2_df": 3, "chi2_threshold": 7.814727903251179, "N_raw": 34, "N_roi": 34, "N_inlier": 31, "refit": true}
{"timestamp": "17:45:22.409848", "frame": 57, "mu": [1.345108932810642, 3.754168926241509, -0.3846190856234059], "Sigma": [[0.01922999756302828, -0.0009493955835852587, 0.053550267731873526], [-0.0009493955835852587, 0.0060182042748525, 0.00229172620446921], [0.053550267731873526, 0.0022917262044692107, 0.2616438916012729]], "chi2_level": 0.95, "chi2_df": 3, "chi2_threshold": 7.814727903251179, "N_raw": 40, "N_roi": 40, "N_inlier": 39, "refit": true}
{"timestamp": "17:45:22.469736", "frame": 58, "mu": [1.3010648434658894, 3.5971754098158524, 0.958081113998181], "Sigma": [[0.024419955253571254, -0.010820678317442892, 0.02060628606913128], [-0.010820678317442892, 0.006322105085910945, -0.013508105217746721], [0.02060628606913128, -0.01350810521774672, 0.06224534419206469]], "chi2_level": 0.95, "chi2_df": 3, "chi2_threshold": 7.814727903251179, "N_raw": 59, "N_roi": 59, "N_inlier": 56, "refit": true}
{"timestamp": "17:45:22.521236", "frame": 59, "mu": [1.2874411265816397, 3.6627905426169898, 0.10177634121752666], "Sigma": [[0.022502289915462582, -0.009119565317903429, -0.0071308575631884], [-0.009119565317903429, 0.009232514342257471, -0.0011075520528559851], [-0.0071308575631884, -0.0011075520528559851, 0.00867281659329895]], "chi2_level": 0.95, "chi2_df": 3, "chi2_threshold": 7.814727903251179, "N_raw": 53, "N_roi": 53, "N_inlier": 50, "refit": true}
{"timestamp": "17:45:22.575091", "frame": 60, "mu": [1.1911012694132754, 3.5200605005129915, 0.7359879602089705], "Sigma": [[0.019811349213557938, -0.00678371222625817, 0.015077709036438895], [-0.006783712226258169, 0.003950737035526934, -0.00407121560922844], [0.015077709036438899, -0.00407121560922844, 0.1037068919455962]], "chi2_level": 0.95, "chi2_df": 3, "chi2_threshold": 7.814727903251179, "N_raw": 48, "N_roi": 48, "N_inlier": 48, "refit": true}
{"timestamp": "17:45:22.689127", "frame": 62, "mu": [1.0853347689726545, 3.5300852740438025, -0.4036606416036191], "Sigma": [[0.018956672823108634, 0.005175610990750047, 0.04204554032508454], [0.005175610990750047, 0.011304190719728465, 0.015822171569199992], [0.04204554032508454, 0.01582217156919999, 0.1831988976218137]], "chi2_level": 0.95, "chi2_df": 3, "chi2_threshold": 7.814727903251179, "N_raw": 72, "N_roi": 70, "N_inlier": 68, "refit": true}
{"timestamp": "17:45:22.791985", "frame": 64, "mu": [1.0169836062897084, 3.380653433077181, 1.010766414163335], "Sigma": [[0.012389947693411065, -0.006033814046657638, -0.006149478056118985], [-0.006033814046657639, 0.0052030852126478495, 0.0015475027450841507], [-0.006149478056118984, 0.0015475027450841505, 0.006266073940486135]], "chi2_level": 0.95, "chi2_df": 3, "chi2_threshold": 7.814727903251179, "N_raw": 33, "N_roi": 33, "N_inlier": 32, "refit": true}
{"timestamp": "17:45:22.850423", "frame": 65, "mu": [1.0612658392205383, 3.2865999014940375, 0.9442767862886394], "Sigma": [[0.022020362900272192, -0.0066288007197323655, -0.016863176955970963], [-0.0066288007197323655, 0.004182752828439482, 0.0007970221297512957], [-0.016863176955970956, 0.0007970221297512956, 0.025685267711717648]], "chi2_level": 0.95, "chi2_df": 3, "chi2_threshold": 7.814727903251179, "N_raw": 57, "N_roi": 57, "N_inlier": 55, "refit": true}
{"timestamp": "17:45:22.908777", "frame": 66, "mu": [0.9364498474474914, 3.3368982721802563, 0.9628012493190461], "Sigma": [[0.020163888238824305, -0.011329808787673059, -0.005021815585491444], [-0.011329808787673059, 0.0120332579994757, -0.0030316511064250847], [-0.005021815585491444, -0.0030316511064250847, 0.01155918162640261]], "chi2_level": 0.95, "chi2_df": 3, "chi2_threshold": 7.814727903251179, "N_raw": 74, "N_roi": 74, "N_inlier": 72, "refit": true}
{"timestamp": "17:45:22.958608", "frame": 67, "mu": [0.8427221222687081, 3.346565743702314, -1.0656697443086869], "Sigma": [[0.02213988634207025, -0.0041832750597658175, 0.034809209407418384], [-0.0041832750597658175, 0.007396000565395071, 0.005597259407964449], [0.034809209407418384, 0.005597259407964449, 0.10603344649243482]], "chi2_level": 0.95, "chi2_df": 3, "chi2_threshold": 7.814727903251179, "N_raw": 44, "N_roi": 44, "N_inlier": 44, "refit": true}
{"timestamp": "17:45:23.018607", "frame": 68, "mu": [0.7833624956910492, 3.2517691504345447, 0.9802252149982251], "Sigma": [[0.01913220120741515, -0.010475909735185302, -0.0027877448786324584], [-0.010475909735185304, 0.009725222941056154, -0.006283329835982334], [-0.002787744878632459, -0.006283329835982334, 0.04209322786885611]], "chi2_level": 0.95, "chi2_df": 3, "chi2_threshold": 7.814727903251179, "N_raw": 75, "N_roi": 75, "N_inlier": 74, "refit": true}
{"timestamp": "17:45:23.072054", "frame": 69, "mu": [0.7743677672164492, 3.2412922570110245, 0.6676125750879741], "Sigma": [[0.026857525442476313, -0.004588390370121445, -0.05064878336927752], [-0.004588390370121446, 0.008697461144123722, -0.006697378205147493], [-0.05064878336927753, -0.006697378205147493, 0.17123679306471995]], "chi2_level": 0.95, "chi2_df": 3, "chi2_threshold": 7.814727903251179, "N_raw": 59, "N_roi": 57, "N_inlier": 55, "refit": true}
{"timestamp": "17:45:23.133755", "frame": 70, "mu": [0.7238220050235921, 3.3153840198998985, -0.07596564335110488], "Sigma": [[0.019137833325800938, -0.0069458714322616286, -0.004697938903857571], [-0.006945871432261629, 0.014197082283985871, -0.02111459622321398], [-0.004697938903857571, -0.02111459622321398, 0.04790885218408206]], "chi2_level": 0.95, "chi2_df": 3, "chi2_threshold": 7.814727903251179, "N_raw": 101, "N_roi": 101, "N_inlier": 90, "refit": true}
{"timestamp": "17:45:23.182250", "frame": 71, "mu": [0.7736467998119079, 3.0496309626593163, 0.9513300900406798], "Sigma": [[0.01629655727332776, -0.005328474347356981, -0.004166863808010965], [-0.005328474347356981, 0.00434098822934282, -0.0027420352156870102], [-0.004166863808010965, -0.0027420352156870102, 0.010340845748930442]], "chi2_level": 0.95, "chi2_df": 3, "chi2_threshold": 7.814727903251179, "N_raw": 62, "N_roi": 62, "N_inlier": 57, "refit": true}
{"timestamp": "17:45:23.235787", "frame": 72, "mu": [0.6510629678682732, 3.077298443261908, 0.98111239564856], "Sigma": [[0.010902227544143413, -0.005167480442517091, -0.006346173967594872], [-0.005167480442517091, 0.006791085056093718, -7.650366268503262e-05], [-0.006346173967594872, -7.65036626850324e-05, 0.010767145092193174]], "chi2_level": 0.95, "chi2_df": 3, "chi2_threshold": 7.814727903251179, "N_raw": 51, "N_roi": 51, "N_inlier": 47, "refit": true}
{"timestamp": "17:45:23.295931", "frame": 73, "mu": [0.5832725481644173, 3.0431121676684807, 1.0232547207513665], "Sigma": [[0.024058545416745784, -0.014324046449317361, -0.0022092105354159803], [-0.014324046449317361, 0.014931087629781452, -0.0030554240730728214], [-0.0022092105354159807, -0.0030554240730728214, 0.007784086995693972]], "chi2_level": 0.95, "chi2_df": 3, "chi2_threshold": 7.814727903251179, "N_raw": 90, "N_roi": 87, "N_inlier": 86, "refit": true}
{"timestamp": "17:45:23.352636", "frame": 74, "mu": [0.5979532343845099, 2.9819299789124605, 1.0250102101671077], "Sigma": [[0.02023958863782431, -0.012331721047316505, -0.00016617529905311275], [-0.012331721047316507, 0.012889654598707482, -0.0074062464753176654], [-0.00016617529905311275, -0.007406246475317665, 0.01699253558618056]], "chi2_level": 0.95, "chi2_df": 3, "chi2_threshold": 7.814727903251179, "N_raw": 92, "N_roi": 92, "N_inlier": 88, "refit": true}
{"timestamp": "17:45:23.410210", "frame": 75, "mu": [0.5418109796720192, 2.9451791634029965, 1.00493241022395], "Sigma": [[0.023169216854754673, -0.01679041262945248, -0.00863463192867267], [-0.01679041262945248, 0.018638038294590837, -0.0011575558722071988], [-0.00863463192867267, -0.0011575558722071988, 0.019787371543894844]], "chi2_level": 0.95, "chi2_df": 3, "chi2_threshold": 7.814727903251179, "N_raw": 106, "N_roi": 104, "N_inlier": 102, "refit": true}
{"timestamp": "17:45:23.465966", "frame": 76, "mu": [0.5878230946318604, 2.7939314639783395, 0.9043544999603605], "Sigma": [[0.03375892621836721, -0.018196578727446205, 0.004603162175543779], [-0.018196578727446205, 0.014521813459345289, -0.0019422629700140376], [0.004603162175543779, -0.0019422629700140371, 0.04530893219292059]], "chi2_level": 0.95, "chi2_df": 3, "chi2_threshold": 7.814727903251179, "N_raw": 114, "N_roi": 111, "N_inlier": 107, "refit": true}
{"timestamp": "17:45:23.516415", "frame": 77, "mu": [0.5529630693978886, 2.750586624746825, 0.998631616125495], "Sigma": [[0.022224731148368204, -0.011514326434459158, 0.0030220218099870065], [-0.011514326434459158, 0.010592528544759153, -0.0028673244860457775], [0.0030220218099870065, -0.0028673244860457775, 0.030848182864019368]], "chi2_level": 0.95, "chi2_df": 3, "chi2_threshold": 7.814727903251179, "N_raw": 84, "N_roi": 84, "N_inlier": 80, "refit": true}
{"timestamp": "17:45:23.571288", "frame": 78, "mu": [0.44366109744219767, 2.7339931042063776, 1.0208098639898209], "Sigma": [[0.022907675114556263, -0.01071752909930488, 0.012778829298238634], [-0.01071752909930488, 0.008701899033379893, -0.008853298099462257], [0.012778829298238634, -0.008853298099462257, 0.05040853090302884]], "chi2_level": 0.95, "chi2_df": 3, "chi2_threshold": 7.814727903251179, "N_raw": 89, "N_roi": 89, "N_inlier": 85, "refit": true}
{"timestamp": "17:45:23.628978", "frame": 79, "mu": [0.41932678783437766, 2.722429508850294, -0.16613713605290686], "Sigma": [[0.02215116556127112, -0.010214186480433955, 0.1317251780124887], [-0.010214186480433953, 0.011753947791041277, -0.06683297808213709], [0.1317251780124887, -0.06683297808213709, 1.0696343610433408]], "chi2_level": 0.95, "chi2_df": 3, "chi2_threshold": 7.814727903251179, "N_raw": 110, "N_roi": 110, "N_inlier": 107, "refit": true}
{"timestamp": "17:45:23.677434", "frame": 80, "mu": [0.46948015742869825, 2.6508299811345806, 1.249531182223131], "Sigma": [[0.01657989988309483, -0.005818985017961317, 0.002597646701578306], [-0.005818985017961317, 0.006777146054252518, -0.002422533090277351], [0.002597646701578306, -0.002422533090277351, 0.008796312373234656]], "chi2_level": 0.95, "chi2_df": 3, "chi2_threshold": 7.814727903251179, "N_raw": 58, "N_roi": 58, "N_inlier": 48, "refit": true}
{"timestamp": "17:45:23.734695", "frame": 81, "mu": [0.36951830534508406, 2.64849923102413, -0.48053968697613303], "Sigma": [[0.014278129144655443, 0.0021035092858788674, 0.05748593601930112], [0.002103509285878868, 0.01053405425169725, -0.005058113625108565], [0.05748593601930112, -0.005058113625108565, 0.4429362715573673]], "chi2_level": 0.95, "chi2_df": 3, "chi2_threshold": 7.814727903251179, "N_raw": 80, "N_roi": 78, "N_inlier": 73, "refit": true}
{"timestamp": "17:45:23.791223", "frame": 82, "mu": [0.2911306880963311, 2.569425481799726, 1.1614923717350205], "Sigma": [[0.015193140034757963, -0.0009754203881070872, -0.0002355381392794861], [-0.0009754203881070874, 0.007547131982936498, -0.001357205154705416], [-0.00023553813927948593, -0.0013572051547054158, 0.0015288387150126852]], "chi2_level": 0.95, "chi2_df": 3, "chi2_threshold": 7.814727903251179, "N_raw": 83, "N_roi": 82, "N_inlier": 77, "refit": true}
{"timestamp": "17:45:23.840821", "frame": 83, "mu": [0.29536852230727906, 2.496878591153175, 1.1674166749874264], "Sigma": [[0.011466220211973625, -5.713095205626235e-05, 0.0010416586682936528], [-5.7130952056262294e-05, 0.002395990967534246, -0.0009705020287898526], [0.0010416586682936528, -0.0009705020287898526, 0.0026153184737719897]], "chi2_level": 0.95, "chi2_df": 3, "chi2_threshold": 7.814727903251179, "N_raw": 49, "N_roi": 46, "N_inlier": 43, "refit": true}
{"timestamp": "17:45:23.899466", "frame": 84, "mu": [0.1889019761665057, 2.4873330137656184, 1.1329990392368148], "Sigma": [[0.015026653908747831, -0.0009113875658631722, 0.0022597343362028726], [-0.0009113875658631724, 0.003509402561561439, -0.004937481111458645], [0.0022597343362028726, -0.004937481111458645, 0.009739138323941599]], "chi2_level": 0.95, "chi2_df": 3, "chi2_threshold": 7.814727903251179, "N_raw": 81, "N_roi": 79, "N_inlier": 78, "refit": true}
{"timestamp": "17:45:23.953551", "frame": 85, "mu": [0.12962135578961406, 2.5186477871468735, 1.2205128385745267], "Sigma": [[0.012359164736970346, -0.0038919558314396796, -0.004595723495582619], [-0.00389195583143968, 0.005321590154812056, -0.0037651243044113302], [-0.004595723495582618, -0.0037651243044113302, 0.011286310514699896]], "chi2_level": 0.95, "chi2_df": 3, "chi2_threshold": 7.814727903251179, "N_raw": 76, "N_roi": 76, "N_inlier": 73, "refit": true}
{"timestamp": "17:45:24.010902", "frame": 86, "mu": [0.0976279125604343, 2.4670508946786844, 1.3109601816189556], "Sigma": [[0.012440230494612617, -0.0009027728055726075, -0.008241886176297656], [-0.0009027728055726076, 0.002360442446556362, -0.00551391553144277], [-0.008241886176297656, -0.00551391553144277, 0.05540832043905839]], "chi2_level": 0.95, "chi2_df": 3, "chi2_threshold": 7.814727903251179, "N_raw": 85, "N_roi": 85, "N_inlier": 81, "refit": true}
{"timestamp": "17:45:24.067489", "frame": 87, "mu": [0.07448723713881059, 2.5738560614486823, -0.282520886490708], "Sigma": [[0.011623879824496997, -0.002117619641473085, -0.005821154644402036], [-0.002117619641473085, 0.0065289045417522, -0.013551453558965264], [-0.005821154644402037, -0.013551453558965264, 0.04690019889129932]], "chi2_level": 0.95, "chi2_df": 3, "chi2_threshold": 7.814727903251179, "N_raw": 86, "N_roi": 86, "N_inlier": 82, "refit": true}
{"timestamp": "17:45:24.126277", "frame": 88, "mu": [0.015924181662573332, 2.369116638707938, 1.1581349761995612], "Sigma": [[0.013434007659177011, -0.0033984005982925676, -0.015327850762903912], [-0.0033984005982925676, 0.004998252939074451, -0.0018171984422683742], [-0.01532785076290391, -0.0018171984422683737, 0.12098585735556625]], "chi2_level": 0.95, "chi2_df": 3, "chi2_threshold": 7.814727903251179, "N_raw": 113, "N_roi": 113, "N_inlier": 106, "refit": true}
{"timestamp": "17:45:24.183877", "frame": 89, "mu": [-0.10014261636183575, 2.371788481454728, 1.0797752738054416], "Sigma": [[0.01717951161999913, -0.005980444215941499, 0.007833882099555031], [-0.005980444215941499, 0.008309266706708151, -0.016776393319731263], [0.007833882099555031, -0.016776393319731263, 0.34749502567380325]], "chi2_level": 0.95, "chi2_df": 3, "chi2_threshold": 7.814727903251179, "N_raw": 137, "N_roi": 137, "N_inlier": 135, "refit": true}
{"timestamp": "17:45:24.237896", "frame": 90, "mu": [-0.13780535804035832, 2.313355857359818, 1.2663130569350567], "Sigma": [[0.01598457234313516, -0.0049259987284740216, 0.006511021403177537], [-0.0049259987284740216, 0.005928634819493446, -0.015583735960020509], [0.006511021403177537, -0.015583735960020509, 0.06378393089466103]], "chi2_level": 0.95, "chi2_df": 3, "chi2_threshold": 7.814727903251179, "N_raw": 123, "N_roi": 123, "N_inlier": 118, "refit": true}
{"timestamp": "17:45:24.293471", "frame": 91, "mu": [-0.22242997093975655, 2.278039548308973, 1.193332277601085], "Sigma": [[0.03324347347574677, -0.009096010599180538, 0.022701195239714787], [-0.009096010599180538, 0.006522685077971821, -0.015644867850064456], [0.02270119523971479, -0.015644867850064456, 0.0672151654013322]], "chi2_level": 0.95, "chi2_df": 3, "chi2_threshold": 7.814727903251179, "N_raw": 130, "N_roi": 130, "N_inlier": 126, "refit": true}
{"timestamp": "17:45:24.351266", "frame": 92, "mu": [-0.32099866066844396, 2.3922658581367378, -0.32140744840423324], "Sigma": [[0.03059405867434311, -0.014484894986835218, 0.02189762590678291], [-0.014484894986835216, 0.020742633188719023, -0.0352149152664397], [0.02189762590678291, -0.0352149152664397, 0.09410131295903237]], "chi2_level": 0.95, "chi2_df": 3, "chi2_threshold": 7.814727903251179, "N_raw": 150, "N_roi": 150, "N_inlier": 137, "refit": true}
{"timestamp": "17:45:24.467719", "frame": 93, "mu": [-0.22183750499981775, 2.2766903081921503, -0.22519495311119048], "Sigma": [[0.02358202457956618, -0.00649344090764838, -0.007861609564724533], [-0.0064934409076483806, 0.01591921304725829, -0.027335992174995164], [-0.007861609564724531, -0.027335992174995164, 0.07889959675442879]], "chi2_level": 0.95, "chi2_df": 3, "chi2_threshold": 7.814727903251179, "N_raw": 136, "N_roi": 136, "N_inlier": 130, "refit": true}
{"timestamp": "17:45:24.480142", "frame": 94, "mu": [-0.22611876490081181, 2.1834942609216075, -0.14470113786272443], "Sigma": [[0.011396644451407605, 0.003970505911478442, -0.01559088949683702], [0.003970505911478442, 0.012193551183545996, -0.024185039293896926], [-0.01559088949683702, -0.024185039293896926, 0.06506908570693459]], "chi2_level": 0.95, "chi2_df": 3, "chi2_threshold": 7.814727903251179, "N_raw": 103, "N_roi": 103, "N_inlier": 98, "refit": true}
{"timestamp": "17:45:24.512148", "frame": 95, "mu": [-0.26945754549809275, 2.0298236639917846, 1.3783125415462791], "Sigma": [[0.00878274280599164, -0.0009428148405258188, -0.010867205041919542], [-0.0009428148405258186, 0.0028431319814535604, -0.00405782161926899], [-0.010867205041919542, -0.00405782161926899, 0.031462186069679654]], "chi2_level": 0.95, "chi2_df": 3, "chi2_threshold": 7.814727903251179, "N_raw": 74, "N_roi": 74, "N_inlier": 69, "refit": true}
{"timestamp": "17:45:24.558930", "frame": 96, "mu": [-0.2819283253744657, 1.9955393963080543, 1.271617553570721], "Sigma": [[0.007693282375951681, -0.0021610948119076315, -0.0054742596177571115], [-0.002161094811907632, 0.002732691241299862, -0.004162121573628599], [-0.0054742596177571115, -0.004162121573628599, 0.022499404196935257]], "chi2_level": 0.95, "chi2_df": 3, "chi2_threshold": 7.814727903251179, "N_raw": 72, "N_roi": 72, "N_inlier": 66, "refit": true}
{"timestamp": "17:45:24.608904", "frame": 97, "mu": [-0.3085576650520587, 2.017260092729972, -0.10035622804793165], "Sigma": [[0.004882328302849345, -0.0001631026468497297, -0.003926057518566464], [-0.00016310264684972963, 0.0027408992199669333, -0.0020908813075585985], [-0.003926057518566464, -0.002090881307558598, 0.009015535816582949]], "chi2_level": 0.95, "chi2_df": 3, "chi2_threshold": 7.814727903251179, "N_raw": 37, "N_roi": 37, "N_inlier": 30, "refit": true}
{"timestamp": "17:45:24.670311", "frame": 98, "mu": [-0.3806079970277387, 1.8984157834968771, 1.3953018510794306], "Sigma": [[0.009535705493466466, -0.0031348045490763175, -0.005681421338156142], [-0.003134804549076317, 0.006227953691323947, -0.00154488628030238], [-0.005681421338156143, -0.0015448862803023797, 0.026470770730491026]], "chi2_level": 0.95, "chi2_df": 3, "chi2_threshold": 7.814727903251179, "N_raw": 86, "N_roi": 86, "N_inlier": 81, "refit": true}
{"timestamp": "17:45:24.718252", "frame": 99, "mu": [-0.37281542751084173, 1.7921817639457926, 1.3466692134807083], "Sigma": [[0.003697962030154365, -0.0016582606430130835, -0.004543348073864964], [-0.0016582606430130835, 0.0026294866130159864, 0.00045603378823570436], [-0.004543348073864964, 0.00045603378823570463, 0.007541276023879922]], "chi2_level": 0.95, "chi2_df": 3, "chi2_threshold": 7.814727903251179, "N_raw": 33, "N_roi": 33, "N_inlier": 28, "refit": true}
{"timestamp": "17:45:24.879136", "frame": 100, "mu": [-0.4957579078093254, 1.8148801110688286, 1.4543782488153616], "Sigma": [[0.01350715117008154, -0.0020472686405338817, -0.01362448360994461], [-0.0020472686405338817, 0.0025034273849849505, 0.000665389122049083], [-0.01362448360994461, 0.000665389122049083, 0.01528632568666433]], "chi2_level": 0.95, "chi2_df": 3, "chi2_threshold": 7.814727903251179, "N_raw": 66, "N_roi": 66, "N_inlier": 62, "refit": true}
{"timestamp": "17:45:24.916577", "frame": 101, "mu": [-0.41045938358240697, 1.7511603896741177, 1.2601792698267198], "Sigma": [[0.0030524461928927026, -0.0009953211100653088, -0.0020542946782205985], [-0.0009953211100653086, 0.006661792796958939, -0.002795309430203856], [-0.0020542946782205985, -0.002795309430203856, 0.004535765663347653]], "chi2_level": 0.95, "chi2_df": 3, "chi2_threshold": 7.814727903251179, "N_raw": 55, "N_roi": 55, "N_inlier": 50, "refit": true}
{"timestamp": "17:45:24.948036", "frame": 102, "mu": [-0.5255927503903424, 1.7183644615873062, 1.3034475404835022], "Sigma": [[0.006886738806297325, 0.0008881926025182082, -0.009457334025977624], [0.0008881926025182082, 0.005235852145439331, -0.007409889624396529], [-0.009457334025977624, -0.007409889624396529, 0.03366180317945139]], "chi2_level": 0.95, "chi2_df": 3, "chi2_threshold": 7.814727903251179, "N_raw": 91, "N_roi": 91, "N_inlier": 86, "refit": true}
{"timestamp": "17:45:24.979390", "frame": 103, "mu": [-0.7035670919941217, 1.7104738342390287, 1.5393349793675213], "Sigma": [[0.006064125923780735, -0.0003122714079788568, -0.006155904433177466], [-0.0003122714079788567, 0.003043827216923904, -0.0030222412866593032], [-0.006155904433177466, -0.0030222412866593037, 0.012331814254116592]], "chi2_level": 0.95, "chi2_df": 3, "chi2_threshold": 7.814727903251179, "N_raw": 51, "N_roi": 51, "N_inlier": 47, "refit": true}
{"timestamp": "17:45:25.010120", "frame": 104, "mu": [-0.6524669909353094, 1.651169069272149, 1.1459433162358086], "Sigma": [[0.009837272370928333, -0.0006553960245445627, -0.03490128376982157], [-0.0006553960245445628, 0.0028177852864146305, -0.011253805678604362], [-0.03490128376982157, -0.011253805678604362, 0.2915138147456735]], "chi2_level": 0.95, "chi2_df": 3, "chi2_threshold": 7.814727903251179, "N_raw": 24, "N_roi": 24, "N_inlier": 22, "refit": true}
{"timestamp": "17:45:25.047558", "frame": 105, "mu": [-0.6737139036246798, 1.6097071786450161, 0.9528459097017359], "Sigma": [[0.005319518411653037, -0.001092151370271467, -0.008049408704589695], [-0.001092151370271467, 0.000978861897219467, -0.00019038485246133528], [-0.008049408704589695, -0.00019038485246133526, 0.02777380821888553]], "chi2_level": 0.95, "chi2_df": 3, "chi2_threshold": 7.814727903251179, "N_raw": 29, "N_roi": 29, "N_inlier": 24, "refit": true}
{"timestamp": "17:45:25.105547", "frame": 106, "mu": [-0.6888253953918038, 1.5497480935341785, 1.3763441725059888], "Sigma": [[0.006156556422663628, -0.002081656322420364, -0.005078024408002066], [-0.002081656322420364, 0.0028967823524340113, -0.0010860874306554788], [-0.005078024408002067, -0.001086087430655479, 0.008422153140112002]], "chi2_level": 0.95, "chi2_df": 3, "chi2_threshold": 7.814727903251179, "N_raw": 57, "N_roi": 57, "N_inlier": 55, "refit": true}
{"timestamp": "17:45:25.160924", "frame": 107, "mu": [-0.8326136513388155, 1.5810324616816795, -0.02461621180479487], "Sigma": [[0.0054127379527157725, 0.0015816945590347387, -0.004423316395672139], [0.0015816945590347387, 0.005188014629435683, -0.0045140917557028775], [-0.004423316395672139, -0.0045140917557028775, 0.008281806840378604]], "chi2_level": 0.95, "chi2_df": 3, "chi2_threshold": 7.814727903251179, "N_raw": 45, "N_roi": 45, "N_inlier": 42, "refit": true}
{"timestamp": "17:45:25.213174", "frame": 108, "mu": [-0.7711666378197832, 1.481444242825407, 1.3967166578479704], "Sigma": [[0.0039660881521154726, -0.0012436598291110821, -0.0021052180495865517], [-0.0012436598291110821, 0.002787197396883334, -0.0008696013787126087], [-0.0021052180495865517, -0.0008696013787126086, 0.0033369574048922384]], "chi2_level": 0.95, "chi2_df": 3, "chi2_threshold": 7.814727903251179, "N_raw": 34, "N_roi": 34, "N_inlier": 32, "refit": true}
{"timestamp": "17:45:25.268418", "frame": 109, "mu": [-0.9425054297357874, 1.4294837043268815, 1.5537294013567065], "Sigma": [[0.0032479630846541634, 0.0009909102178765426, -0.007070073689687622], [0.0009909102178765426, 0.003142856610772748, -0.009293433983889994], [-0.007070073689687622, -0.009293433983889994, 0.10730270527731933]], "chi2_level": 0.95, "chi2_df": 3, "chi2_threshold": 7.814727903251179, "N_raw": 33, "N_roi": 33, "N_inlier": 29, "refit": true}
{"timestamp": "17:45:25.320094", "frame": 110, "mu": [-0.9782335950082793, 1.4255387206076398, 0.8423370197651541], "Sigma": [[0.0036456133366301745, 0.0005959761355186994, -0.011894008668965832], [0.0005959761355186994, 0.008163470280485538, -0.023858971842249305], [-0.011894008668965826, -0.023858971842249305, 0.5530703988284774]], "chi2_level": 0.95, "chi2_df": 3, "chi2_threshold": 7.814727903251179, "N_raw": 15, "N_roi": 15, "N_inlier": 12, "refit": true}
{"timestamp": "17:45:25.378503", "frame": 111, "mu": [-1.027071762517042, 1.3764463182421853, 1.5936037749001941], "Sigma": [[0.0032230346878016685, 0.000387172712065409, -0.0008953339938228605], [0.000387172712065409, 0.0033633380958616424, -0.0017870250597226511], [-0.0008953339938228606, -0.001787025059722651, 0.00613044453079817]], "chi2_level": 0.95, "chi2_df": 3, "chi2_threshold": 7.814727903251179, "N_raw": 38, "N_roi": 38, "N_inlier": 33, "refit": true}
{"timestamp": "17:45:25.440759", "frame": 112, "mu": [-1.2210448238067917, 1.2042037929775056, 1.6988024540993238], "Sigma": [[0.02384217818644177, 0.011784058120362755, -0.011962494641024734], [0.011784058120362755, 0.010788516092070677, -0.008019195187073482], [-0.011962494641024734, -0.008019195187073482, 0.0074900906735378735]], "chi2_level": 0.95, "chi2_df": 3, "chi2_threshold": 7.814727903251179, "N_raw": 90, "N_roi": 90, "N_inlier": 85, "refit": true}
{"timestamp": "17:45:25.494360", "frame": 113, "mu": [-1.2184022714193388, 1.1382711636514582, 1.6201454698745361], "Sigma": [[0.02029234987893557, 0.012060521615086712, -0.011748671483928795], [0.012060521615086712, 0.010469894832318213, -0.010065085894003878], [-0.011748671483928795, -0.010065085894003876, 0.014332186174065177]], "chi2_level": 0.95, "chi2_df": 3, "chi2_threshold": 7.814727903251179, "N_raw": 77, "N_roi": 77, "N_inlier": 72, "refit": true}
{"timestamp": "17:45:25.545369", "frame": 114, "mu": [-1.2441771606537186, 1.0832631816688534, 1.7016627022183926], "Sigma": [[0.010498889880736745, 0.006232976434037437, -0.013585757182144498], [0.006232976434037437, 0.007038918246167033, -0.011417062835097965], [-0.013585757182144498, -0.011417062835097965, 0.03854535033301233]], "chi2_level": 0.95, "chi2_df": 3, "chi2_threshold": 7.814727903251179, "N_raw": 46, "N_roi": 46, "N_inlier": 43, "refit": true}
{"timestamp": "17:45:25.605992", "frame": 115, "mu": [-1.300522943857295, 1.0281387483547029, 1.571322829679479], "Sigma": [[0.02031359674583649, 0.004673936242720996, 0.011325251505628143], [0.004673936242720996, 0.008949889827085137, -0.01216384896474134], [0.011325251505628142, -0.01216384896474134, 0.05289771884501286]], "chi2_level": 0.95, "chi2_df": 3, "chi2_threshold": 7.814727903251179, "N_raw": 83, "N_roi": 83, "N_inlier": 76, "refit": true}
{"timestamp": "17:45:25.655206", "frame": 116, "mu": [-1.3401512596886538, 0.9695042390549584, 1.7355078487994615], "Sigma": [[0.0059075792017266515, 0.002345559431179807, -0.003090389998115932], [0.0023455594311798072, 0.006358296875880779, -0.004559066269352532], [-0.003090389998115932, -0.004559066269352532, 0.004626903232056118]], "chi2_level": 0.95, "chi2_df": 3, "chi2_threshold": 7.814727903251179, "N_raw": 46, "N_roi": 46, "N_inlier": 43, "refit": true}
{"timestamp": "17:45:25.708467", "frame": 117, "mu": [-1.3114365912177806, 0.8521338122749945, 1.40901751704223], "Sigma": [[0.007474697052274318, 0.003822248587543778, -0.0015461217349472833], [0.003822248587543778, 0.005614528863836186, -0.0033196177997392527], [-0.0015461217349472833, -0.0033196177997392527, 0.0032717805411851945]], "chi2_level": 0.95, "chi2_df": 3, "chi2_threshold": 7.814727903251179, "N_raw": 41, "N_roi": 41, "N_inlier": 39, "refit": true}
{"timestamp": "17:45:25.763750", "frame": 118, "mu": [-1.3413838484090965, 1.0067139105179546, -0.22826690724915608], "Sigma": [[0.004556812145448666, 0.005306726136354422, -0.00401842054016284], [0.005306726136354422, 0.00921985135738469, -0.009901508956147049], [-0.00401842054016284, -0.009901508956147049, 0.015556158222583945]], "chi2_level": 0.95, "chi2_df": 3, "chi2_threshold": 7.814727903251179, "N_raw": 32, "N_roi": 32, "N_inlier": 29, "refit": true}
{"timestamp": "17:45:25.818000", "frame": 119, "mu": [-1.3378199495170595, 0.8629778837019306, 1.4745777709963659], "Sigma": [[0.006043749254815473, 0.0034273142993729976, -0.007109643197491538], [0.0034273142993729976, 0.006737701887406653, -0.00941524639265551], [-0.007109643197491538, -0.00941524639265551, 0.058165307642049684]], "chi2_level": 0.95, "chi2_df": 3, "chi2_threshold": 7.814727903251179, "N_raw": 36, "N_roi": 36, "N_inlier": 35, "refit": true}
{"timestamp": "17:45:25.877797", "frame": 120, "mu": [-1.409754345411907, 0.8861796729538817, -0.260064232608179], "Sigma": [[0.007914040282638103, 0.0016543953642172496, -0.006999310062497002], [0.00165439536421725, 0.01127192391255114, -0.005719851429351342], [-0.006999310062497001, -0.0057198514293513416, 0.008980212981150483]], "chi2_level": 0.95, "chi2_df": 3, "chi2_threshold": 7.814727903251179, "N_raw": 61, "N_roi": 61, "N_inlier": 59, "refit": true}
{"timestamp": "17:45:25.934934", "frame": 121, "mu": [-1.4100975462533025, 0.7678044882443045, 1.3971765795677984], "Sigma": [[0.007384909389050945, 0.003325215933749866, 8.595411469302532e-05], [0.003325215933749866, 0.009272132522100714, -0.010238632949709354], [8.595411469302513e-05, -0.010238632949709354, 0.01990204349739335]], "chi2_level": 0.95, "chi2_df": 3, "chi2_threshold": 7.814727903251179, "N_raw": 80, "N_roi": 80, "N_inlier": 79, "refit": true}
