{"timestamp": "19:01:41.599756", "frame": 28, "mu": [-2.4368833535417354, 3.5030562232489713, 1.0693417773053735], "Sigma": [[0.0015750851094614748, 0.0007200290583373019, -0.0007801225695725485], [0.0007200290583373019, 0.0019413631121203082, -0.0040180629676522224], [-0.0007801225695725484, -0.0040180629676522224, 0.011251824562119168]], "chi2_level": 0.95, "chi2_df": 3, "chi2_threshold": 7.814727903251179, "N_raw": 35, "N_roi": 10, "N_inlier": 10, "refit": true}
{"timestamp": "19:01:41.708481", "frame": 30, "mu": [-2.4314802615071343, 3.4231212014107077, 1.1982356054116308], "Sigma": [[0.0024936544000844804, 0.0017352283000883785, -0.002059173672172279], [0.0017352283000883783, 0.0033764438569511214, -0.005832151039162855], [-0.0020591736721722784, -0.005832151039162854, 0.013013598269007078]], "chi2_level": 0.95, "chi2_df": 3, "chi2_threshold": 7.814727903251179, "N_raw": 26, "N_roi": 12, "N_inlier": 11, "refit": true}
{"timestamp": "19:01:41.765402", "frame": 31, "mu": [-2.4054396016683683, 3.41395413919208, 1.2672408406641633], "Sigma": [[0.004353894402148218, 0.0018865516847262954, -0.002785446064465522], [0.0018865516847262954, 0.002949752800886176, -0.004138289305597582], [-0.002785446064465522, -0.004138289305597582, 0.006960137236615462]], "chi2_level": 0.95, "chi2_df": 3, "chi2_threshold": 7.814727903251179, "N_raw": 35, "N_roi": 11, "N_inlier": 11, "refit": true}
{"timestamp": "19:01:41.872871", "frame": 33, "mu": [-2.3085919264770745, 3.3680241065236896, 0.833764923593137], "Sigma": [[0.007839351724657955, 0.0024718230757661726, -0.00839855409834245], [0.0024718230757661726, 0.004077283353410794, -0.0037199203608480605], [-0.00839855409834245, -0.0037199203608480605, 0.010592342817018669]], "chi2_level": 0.95, "chi2_df": 3, "chi2_threshold": 7.814727903251179, "N_raw": 24, "N_roi": 21, "N_inlier": 20, "refit": true}
{"timestamp": "19:01:41.983769", "frame": 35, "mu": [-2.441262111979482, 3.2400450542199395, 1.1393440559421306], "Sigma": [[0.0032529732829177415, -0.0013523105010500437, 0.00578886593198688], [-0.001352310501050044, 0.003658994853011402, -0.003387853912986501], [0.00578886593198688, -0.003387853912986501, 0.012945989067453144]], "chi2_level": 0.95, "chi2_df": 3, "chi2_threshold": 7.814727903251179, "N_raw": 15, "N_roi": 10, "N_inlier": 10, "refit": true}
{"timestamp": "19:01:42.044074", "frame": 36, "mu": [-2.253135063356329, 3.315416865163777, 1.0989431144632331], "Sigma": [[0.021993345152926405, 0.013600698503677875, -0.00552908691337722], [0.013600698503677875, 0.010007414125890098, -0.006441161168215395], [-0.00552908691337722, -0.006441161168215395, 0.008865994069811225]], "chi2_level": 0.95, "chi2_df": 3, "chi2_threshold": 7.814727903251179, "N_raw": 53, "N_roi": 40, "N_inlier": 36, "refit": true}
{"timestamp": "19:01:42.098206", "frame": 37, "mu": [-2.2468273585119825, 3.2784493889840203, 1.087743451954264], "Sigma": [[0.018007583955304815, 0.007265809440375292, -0.011186464760370933], [0.007265809440375292, 0.0064322677472394415, -0.009618258148021527], [-0.011186464760370933, -0.009618258148021527, 0.017985350551031565]], "chi2_level": 0.95, "chi2_df": 3, "chi2_threshold": 7.814727903251179, "N_raw": 47, "N_roi": 46, "N_inlier": 44, "refit": true}
{"timestamp": "19:01:42.156179", "frame": 38, "mu": [-2.242865891738926, 3.2012990702377593, 1.1140564343491182], "Sigma": [[0.020888760879187313, 0.009044959951571438, -0.01190476142160417], [0.009044959951571438, 0.008071080266671788, -0.01255886704729753], [-0.011904761421604168, -0.012558867047297528, 0.02291763053822834]], "chi2_level": 0.95, "chi2_df": 3, "chi2_threshold": 7.814727903251179, "N_raw": 63, "N_roi": 55, "N_inlier": 52, "refit": true}
{"timestamp": "19:01:42.212572", "frame": 39, "mu": [-2.1911832405234044, 3.1842617834369973, 1.1619368542797597], "Sigma": [[0.021914426605020194, 0.00892726332746312, -0.015654629041189437], [0.00892726332746312, 0.011627319156207362, -0.015163260972501286], [-0.015654629041189437, -0.015163260972501286, 0.02326546668200693]], "chi2_level": 0.95, "chi2_df": 3, "chi2_threshold": 7.814727903251179, "N_raw": 69, "N_roi": 67, "N_inlier": 66, "refit": true}
{"timestamp": "19:01:42.264310", "frame": 40, "mu": [-2.1838656831433614, 3.0749602916245258, 1.1505154752911169], "Sigma": [[0.017061407299720978, 0.007108959968870824, -0.011557319683606477], [0.007108959968870824, 0.006367682136523529, -0.009670873629123918], [-0.011557319683606477, -0.009670873629123918, 0.01721749339504755]], "chi2_level": 0.95, "chi2_df": 3, "chi2_threshold": 7.814727903251179, "N_raw": 43, "N_roi": 43, "N_inlier": 42, "refit": true}
{"timestamp": "19:01:42.319372", "frame": 41, "mu": [-2.2163274210203525, 3.0842893938397333, -0.22799143316228568], "Sigma": [[0.020520445627865973, 0.016954115610096594, 0.031118671933040732], [0.016954115610096594, 0.024811138891802018, 0.04168133503283687], [0.031118671933040735, 0.04168133503283687, 0.10682418344065629]], "chi2_level": 0.95, "chi2_df": 3, "chi2_threshold": 7.814727903251179, "N_raw": 55, "N_roi": 54, "N_inlier": 54, "refit": true}
{"timestamp": "19:01:42.374333", "frame": 42, "mu": [-2.1290783721216013, 3.022107127553413, 1.3132943036295095], "Sigma": [[0.017779269925780564, 0.010376914232337145, -0.007162237990029196], [0.010376914232337145, 0.010843711261755597, -0.009154436045014567], [-0.007162237990029195, -0.009154436045014567, 0.010458184037113218]], "chi2_level": 0.95, "chi2_df": 3, "chi2_threshold": 7.814727903251179, "N_raw": 49, "N_roi": 49, "N_inlier": 48, "refit": true}
{"timestamp": "19:01:42.426702", "frame": 43, "mu": [-2.06756686870269, 3.0249782990874854, 1.308219288328203], "Sigma": [[0.015967261168315695, 0.00832539951604753, -0.009393618278751015], [0.008325399516047528, 0.006852903866604542, -0.010199975297460369], [-0.009393618278751015, -0.010199975297460369, 0.02035856678629575]], "chi2_level": 0.95, "chi2_df": 3, "chi2_threshold": 7.814727903251179, "N_raw": 36, "N_roi": 36, "N_inlier": 34, "refit": true}
{"timestamp": "19:01:42.485912", "frame": 44, "mu": [-2.0925842530859713, 2.932729443369756, 1.1368028062843796], "Sigma": [[0.02603777694783596, 0.015726757692108642, -0.031066033846024015], [0.015726757692108642, 0.017552022928814633, -0.023105750935246038], [-0.031066033846024015, -0.023105750935246038, 0.04163139446655804]], "chi2_level": 0.95, "chi2_df": 3, "chi2_threshold": 7.814727903251179, "N_raw": 57, "N_roi": 57, "N_inlier": 56, "refit": true}
{"timestamp": "19:01:42.539779", "frame": 45, "mu": [-2.006127874571514, 2.909923339482683, 1.1781352939966157], "Sigma": [[0.018955673566503604, 0.005411935857938631, -0.014679163606440516], [0.005411935857938631, 0.006906946485423161, -0.005665433812958455], [-0.014679163606440516, -0.005665433812958455, 0.013139975129225111]], "chi2_level": 0.95, "chi2_df": 3, "chi2_threshold": 7.814727903251179, "N_raw": 47, "N_roi": 47, "N_inlier": 45, "refit": true}
{"timestamp": "19:01:42.591247", "frame": 46, "mu": [-1.7943871479835034, 3.109553437958601, 0.9083986236426778], "Sigma": [[0.010973005909049264, 0.0002404210890176537, -0.013255223585873116], [0.0002404210890176537, 0.0032215015930677966, -0.00048541234549495085], [-0.013255223585873116, -0.00048541234549495085, 0.017125034825301946]], "chi2_level": 0.95, "chi2_df": 3, "chi2_threshold": 7.814727903251179, "N_raw": 26, "N_roi": 26, "N_inlier": 23, "refit": true}
{"timestamp": "19:01:42.649120", "frame": 47, "mu": [-1.9397208302065543, 2.959249661761061, -0.4055980183470058], "Sigma": [[0.030128163826179787, 0.0327114672289162, 0.01886992644805422], [0.032711467228916206, 0.04717787047890375, 0.028742024654039224], [0.01886992644805422, 0.028742024654039224, 0.05925009412991511]], "chi2_level": 0.95, "chi2_df": 3, "chi2_threshold": 7.814727903251179, "N_raw": 51, "N_roi": 51, "N_inlier": 49, "refit": true}
{"timestamp": "19:01:42.699247", "frame": 48, "mu": [-1.8978656300949992, 2.9538812014839206, -0.6624764356474095], "Sigma": [[0.006504419351451493, 0.009476368077483067, 0.017015661503511338], [0.009476368077483067, 0.02655411321697184, 0.0421315302781478], [0.017015661503511338, 0.0421315302781478, 0.0900729868798768]], "chi2_level": 0.95, "chi2_df": 3, "chi2_threshold": 7.814727903251179, "N_raw": 14, "N_roi": 14, "N_inlier": 13, "refit": true}
{"timestamp": "19:01:42.758987", "frame": 49, "mu": [-1.8571483147260721, 2.8233340355768726, 0.9475986711263027], "Sigma": [[0.04698192316940353, 0.03583090161937558, -0.06397674492296378], [0.03583090161937558, 0.030773259559270558, -0.05268680784054895], [-0.06397674492296378, -0.05268680784054895, 0.09960219722642366]], "chi2_level": 0.95, "chi2_df": 3, "chi2_threshold": 7.814727903251179, "N_raw": 52, "N_roi": 47, "N_inlier": 45, "refit": true}
{"timestamp": "19:01:42.816192", "frame": 50, "mu": [-1.849743613874617, 2.7910827415028043, 1.1557372659798804], "Sigma": [[0.0360166964624879, 0.021158115964039284, -0.05593916391924722], [0.021158115964039284, 0.016672691749559453, -0.03696362751048782], [-0.05593916391924722, -0.03696362751048782, 0.1084055629549063]], "chi2_level": 0.95, "chi2_df": 3, "chi2_threshold": 7.814727903251179, "N_raw": 58, "N_roi": 55, "N_inlier": 55, "refit": true}
{"timestamp": "19:01:42.867027", "frame": 51, "mu": [-1.6352244907115991, 2.8609020825174154, 0.8524729226385148], "Sigma": [[0.02189194289845133, 0.012367324281413251, -0.0383346240159955], [0.012367324281413251, 0.00959402471483504, -0.028672112855763637], [-0.038334624015995494, -0.028672112855763637, 0.09245726514205674]], "chi2_level": 0.95, "chi2_df": 3, "chi2_threshold": 7.814727903251179, "N_raw": 32, "N_roi": 31, "N_inlier": 31, "refit": true}
{"timestamp": "19:01:42.923392", "frame": 52, "mu": [-1.735044822990535, 2.7680444545840346, 1.2387305140103602], "Sigma": [[0.011257291036626184, 0.003047102456649709, -0.011684804510144448], [0.003047102456649709, 0.001897831866458138, -0.0073637917172362215], [-0.011684804510144448, -0.0073637917172362215, 0.03660607867197428]], "chi2_level": 0.95, "chi2_df": 3, "chi2_threshold": 7.814727903251179, "N_raw": 39, "N_roi": 36, "N_inlier": 35, "refit": true}
{"timestamp": "19:01:42.979058", "frame": 53, "mu": [-1.6656905376482523, 2.729906745813165, 1.15716755380731], "Sigma": [[0.02650217573517582, 0.01295362126876843, -0.03255667878994171], [0.01295362126876843, 0.008968096141579734, -0.01979499823720853], [-0.03255667878994171, -0.01979499823720853, 0.06595565563585931]], "chi2_level": 0.95, "chi2_df": 3, "chi2_threshold": 7.814727903251179, "N_raw": 55, "N_roi": 55, "N_inlier": 54, "refit": true}
{"timestamp": "19:01:43.033172", "frame": 54, "mu": [-1.6123671826973676, 2.7532705611791917, 1.2278912512606968], "Sigma": [[0.01676781804473427, 0.005577254346249888, -0.013898080987833334], [0.005577254346249887, 0.005022660781156784, -0.006427146273571719], [-0.013898080987833334, -0.006427146273571719, 0.014373526629782607]], "chi2_level": 0.95, "chi2_df": 3, "chi2_threshold": 7.814727903251179, "N_raw": 45, "N_roi": 45, "N_inlier": 42, "refit": true}
{"timestamp": "19:01:43.087147", "frame": 55, "mu": [-1.626571472745266, 2.7408417872249538, 1.2276651026453926], "Sigma": [[0.011429887608112652, 0.0048108323251960065, -0.01657618719386238], [0.0048108323251960065, 0.00400464805125287, -0.009867602755724854], [-0.01657618719386238, -0.009867602755724854, 0.03059978112642446]], "chi2_level": 0.95, "chi2_df": 3, "chi2_threshold": 7.814727903251179, "N_raw": 39, "N_roi": 37, "N_inlier": 34, "refit": true}
{"timestamp": "19:01:43.144635", "frame": 56, "mu": [-1.5846777265127536, 2.691508012021059, 1.1291942834107669], "Sigma": [[0.01180873292868826, 0.0032009786238468927, -0.01564154074336814], [0.0032009786238468927, 0.002354245475175724, -0.008263767895801792], [-0.01564154074336814, -0.008263767895801792, 0.05439329601960248]], "chi2_level": 0.95, "chi2_df": 3, "chi2_threshold": 7.814727903251179, "N_raw": 53, "N_roi": 53, "N_inlier": 48, "refit": true}
{"timestamp": "19:01:43.202151", "frame": 57, "mu": [-1.4734416063576128, 2.66512459457307, 1.0367946227271294], "Sigma": [[0.014739676695430923, 0.003215501745266521, -0.01626757828153854], [0.003215501745266521, 0.0025122307829034277, -0.00942154879159005], [-0.01626757828153854, -0.00942154879159005, 0.04754629766874328]], "chi2_level": 0.95, "chi2_df": 3, "chi2_threshold": 7.814727903251179, "N_raw": 63, "N_roi": 63, "N_inlier": 59, "refit": true}
{"timestamp": "19:01:43.258451", "frame": 58, "mu": [-1.4473165503089624, 2.6683274411990956, 1.1313501297424255], "Sigma": [[0.01693890496209514, 0.0015254673545148228, -0.019822211868446318], [0.0015254673545148228, 0.0019612525409485404, -0.00892677655432505], [-0.019822211868446318, -0.00892677655432505, 0.06951274465911184]], "chi2_level": 0.95, "chi2_df": 3, "chi2_threshold": 7.814727903251179, "N_raw": 72, "N_roi": 72, "N_inlier": 68, "refit": true}
{"timestamp": "19:01:43.311905", "frame": 59, "mu": [-1.3906746134843053, 2.6093169945448587, 1.0024998227214323], "Sigma": [[0.017184356805821907, 0.004689041593277949, -0.012822623700895226], [0.004689041593277949, 0.003023515744016766, -0.008086852802057846], [-0.012822623700895226, -0.008086852802057847, 0.03022572864328305]], "chi2_level": 0.95, "chi2_df": 3, "chi2_threshold": 7.814727903251179, "N_raw": 65, "N_roi": 65, "N_inlier": 62, "refit": true}
{"timestamp": "19:01:43.369436", "frame": 60, "mu": [-1.302404289326446, 2.6285863862551095, 0.9425489251288153], "Sigma": [[0.020919477773300457, 0.01190381830476954, -0.016498207783283737], [0.01190381830476954, 0.012133743233892087, -0.015274325337403073], [-0.016498207783283737, -0.015274325337403073, 0.02470210557344927]], "chi2_level": 0.95, "chi2_df": 3, "chi2_threshold": 7.814727903251179, "N_raw": 81, "N_roi": 81, "N_inlier": 80, "refit": true}
{"timestamp": "19:01:43.422333", "frame": 61, "mu": [-1.3819186975052733, 2.5371986933302173, 1.0525282915440481], "Sigma": [[0.010775581962028167, 0.004497971827591638, -0.01204198933669991], [0.004497971827591638, 0.004577783969086605, -0.013596457602032899], [-0.01204198933669991, -0.013596457602032899, 0.06024164545503833]], "chi2_level": 0.95, "chi2_df": 3, "chi2_threshold": 7.814727903251179, "N_raw": 62, "N_roi": 62, "N_inlier": 60, "refit": true}
{"timestamp": "19:01:43.480984", "frame": 62, "mu": [-1.1415945327216013, 2.6424049731978227, 0.6907508700733928], "Sigma": [[0.02909501266717826, 0.003883196957914725, 0.012648090837199758], [0.003883196957914725, 0.013187006507337834, -0.018002145975319045], [0.01264809083719976, -0.018002145975319045, 0.050535147331306804]], "chi2_level": 0.95, "chi2_df": 3, "chi2_threshold": 7.814727903251179, "N_raw": 95, "N_roi": 95, "N_inlier": 94, "refit": true}
{"timestamp": "19:01:43.530662", "frame": 63, "mu": [-1.0302508488854056, 2.547795510747895, 0.9298271900491751], "Sigma": [[0.025415831106967345, 0.010271672119455413, -0.03301310288209475], [0.010271672119455413, 0.005617337901851428, -0.01366962286922714], [-0.03301310288209475, -0.013669622869227138, 0.059677846974944646]], "chi2_level": 0.95, "chi2_df": 3, "chi2_threshold": 7.814727903251179, "N_raw": 56, "N_roi": 56, "N_inlier": 52, "refit": true}
{"timestamp": "19:01:43.587877", "frame": 64, "mu": [-1.0683923367696786, 2.520230509249591, 1.104704770115799], "Sigma": [[0.02507005771244857, 0.01187383207442189, -0.035880683026784446], [0.011873832074421893, 0.009552768838934049, -0.02406573356968464], [-0.035880683026784446, -0.02406573356968464, 0.07620945885096621]], "chi2_level": 0.95, "chi2_df": 3, "chi2_threshold": 7.814727903251179, "N_raw": 78, "N_roi": 78, "N_inlier": 78, "refit": true}
{"timestamp": "19:01:43.642380", "frame": 65, "mu": [-1.023278135751016, 2.4850994564502145, 1.0511916936939476], "Sigma": [[0.01879177566257955, 0.009595962507816854, -0.023176720610431776], [0.00959596250781685, 0.007099097047992899, -0.01855408007962989], [-0.023176720610431776, -0.018554080079629894, 0.054099125630262285]], "chi2_level": 0.95, "chi2_df": 3, "chi2_threshold": 7.814727903251179, "N_raw": 73, "N_roi": 73, "N_inlier": 69, "refit": true}
{"timestamp": "19:01:43.702851", "frame": 66, "mu": [-1.0553307348910033, 2.5511181465953503, -0.009753928477899963], "Sigma": [[0.019584628272803946, 0.0030560483410399754, 0.04906661832081236], [0.003056048341039975, 0.011123378426845321, -0.006251617812618867], [0.04906661832081236, -0.006251617812618867, 0.24834008952292944]], "chi2_level": 0.95, "chi2_df": 3, "chi2_threshold": 7.814727903251179, "N_raw": 102, "N_roi": 102, "N_inlier": 101, "refit": true}
{"timestamp": "19:01:43.758814", "frame": 67, "mu": [-1.0541397772894172, 2.4692576144501146, -0.7842958087639635], "Sigma": [[0.023138424538499174, 0.02137059692252631, 0.002315158915576788], [0.021370596922526314, 0.04197116118292776, 0.010714697061236591], [0.0023151589155767883, 0.010714697061236591, 0.07743728154683646]], "chi2_level": 0.95, "chi2_df": 3, "chi2_threshold": 7.814727903251179, "N_raw": 112, "N_roi": 110, "N_inlier": 107, "refit": true}
{"timestamp": "19:01:43.807590", "frame": 68, "mu": [-1.0640300605984976, 2.26570690282482, 0.9826544744417922], "Sigma": [[0.012051868636711953, 0.0020447018617084146, -0.01543512186444269], [0.0020447018617084146, 0.008659994401282213, -0.004928782786930721], [-0.01543512186444269, -0.004928782786930721, 0.025077141934244956]], "chi2_level": 0.95, "chi2_df": 3, "chi2_threshold": 7.814727903251179, "N_raw": 68, "N_roi": 68, "N_inlier": 64, "refit": true}
{"timestamp": "19:01:43.867567", "frame": 69, "mu": [-1.0037685492924004, 2.2602070613139817, 0.9791332889199528], "Sigma": [[0.013847339566787539, -0.00414622787882405, -0.029810180998549773], [-0.004146227878824049, 0.023234711099639253, 0.016339991720527962], [-0.029810180998549773, 0.016339991720527962, 0.08100810069755925]], "chi2_level": 0.95, "chi2_df": 3, "chi2_threshold": 7.814727903251179, "N_raw": 103, "N_roi": 103, "N_inlier": 95, "refit": true}
{"timestamp": "19:01:43.926418", "frame": 70, "mu": [-0.993193224485567, 2.21908959128049, 1.0086877309867108], "Sigma": [[0.018246514481483574, 0.0016154785081245867, -0.025012835529781313], [0.0016154785081245863, 0.01242852434901545, -0.007601793451345993], [-0.025012835529781313, -0.0076017934513459935, 0.040777719499781984]], "chi2_level": 0.95, "chi2_df": 3, "chi2_threshold": 7.814727903251179, "N_raw": 111, "N_roi": 111, "N_inlier": 106, "refit": true}
{"timestamp": "19:01:43.975996", "frame": 71, "mu": [-0.9403190370690467, 2.194642863094371, 0.890909506163107], "Sigma": [[0.022351080424544943, 0.01335662927105673, -0.022459001149787442], [0.013356629271056727, 0.020634577929247826, -0.020196489138065446], [-0.02245900114978744, -0.020196489138065446, 0.02755761070282239]], "chi2_level": 0.95, "chi2_df": 3, "chi2_threshold": 7.814727903251179, "N_raw": 91, "N_roi": 91, "N_inlier": 86, "refit": true}
{"timestamp": "19:01:44.033355", "frame": 72, "mu": [-0.9262361227218036, 2.2298161034051565, 1.0622233104354346], "Sigma": [[0.016827670296219895, 0.005501793663538339, -0.025845120018297262], [0.0055017936635383385, 0.011225512507381909, -0.016568602515025423], [-0.025845120018297262, -0.01656860251502542, 0.0490049156333625]], "chi2_level": 0.95, "chi2_df": 3, "chi2_threshold": 7.814727903251179, "N_raw": 112, "N_roi": 109, "N_inlier": 106, "refit": true}
{"timestamp": "19:01:44.087810", "frame": 73, "mu": [-0.9106529090843523, 2.369146416643446, -0.3198297405528036], "Sigma": [[0.01613419253281453, 0.011885644959367246, -0.01102487950705434], [0.011885644959367246, 0.01914900482430819, -0.01390510442986718], [-0.01102487950705434, -0.01390510442986718, 0.046550050019813057]], "chi2_level": 0.95, "chi2_df": 3, "chi2_threshold": 7.814727903251179, "N_raw": 102, "N_roi": 102, "N_inlier": 97, "refit": true}
{"timestamp": "19:01:44.145011", "frame": 74, "mu": [-0.8700860897774425, 2.2013227249869165, 1.113468237271688], "Sigma": [[0.014904360967605614, 0.004478698616730988, -0.018815446734347617], [0.004478698616730988, 0.006290746912175967, -0.016780588888635407], [-0.018815446734347617, -0.016780588888635407, 0.06075140301190447]], "chi2_level": 0.95, "chi2_df": 3, "chi2_threshold": 7.814727903251179, "N_raw": 118, "N_roi": 118, "N_inlier": 115, "refit": true}
{"timestamp": "19:01:44.192979", "frame": 75, "mu": [-0.7920613044809656, 2.152107959512401, 0.9034117626242368], "Sigma": [[0.009734143870767705, 0.0009138881099368243, -0.016907153689249287], [0.0009138881099368241, 0.001580909283376589, -0.0003771555475896159], [-0.01690715368924929, -0.0003771555475896161, 0.0850518817062137]], "chi2_level": 0.95, "chi2_df": 3, "chi2_threshold": 7.814727903251179, "N_raw": 74, "N_roi": 72, "N_inlier": 70, "refit": true}
{"timestamp": "19:01:44.246399", "frame": 76, "mu": [-0.7012933236003304, 2.1940929316673197, 0.8159522830299766], "Sigma": [[0.011654093479125329, 0.002992574733781838, -0.013959946930431224], [0.0029925747337818374, 0.0031271712891746983, -0.010909062069932005], [-0.013959946930431223, -0.010909062069932007, 0.04660993530001672]], "chi2_level": 0.95, "chi2_df": 3, "chi2_threshold": 7.814727903251179, "N_raw": 66, "N_roi": 66, "N_inlier": 59, "refit": true}
{"timestamp": "19:01:44.301195", "frame": 77, "mu": [-0.790563797997387, 2.148403482193681, 0.921820978812431], "Sigma": [[0.013015548920123606, -0.006209415480964977, 0.034902125356819705], [-0.006209415480964977, 0.008197079656748858, -0.04289229798700324], [0.034902125356819705, -0.04289229798700324, 0.2905195026125451]], "chi2_level": 0.95, "chi2_df": 3, "chi2_threshold": 7.814727903251179, "N_raw": 62, "N_roi": 62, "N_inlier": 59, "refit": true}
{"timestamp": "19:01:44.358793", "frame": 78, "mu": [-0.7288809877757574, 2.1130838564522794, -0.6336750661095384], "Sigma": [[0.009753421811523853, 0.003313479035667485, 0.024727045043568634], [0.003313479035667485, 0.007245467884094831, 0.005936544300872414], [0.024727045043568638, 0.005936544300872414, 0.2151943051754203]], "chi2_level": 0.95, "chi2_df": 3, "chi2_threshold": 7.814727903251179, "N_raw": 77, "N_roi": 77, "N_inlier": 71, "refit": true}
{"timestamp": "19:01:44.413286", "frame": 79, "mu": [-0.6792971301964057, 2.0902244954795264, 1.2532485555656931], "Sigma": [[0.011774171249122221, 0.0048442737620468905, -0.003916518478089548], [0.0048442737620468905, 0.0048459119857864495, -0.0068386879512126065], [-0.003916518478089548, -0.0068386879512126065, 0.01524615627143983]], "chi2_level": 0.95, "chi2_df": 3, "chi2_threshold": 7.814727903251179, "N_raw": 77, "N_roi": 77, "N_inlier": 76, "refit": true}
{"timestamp": "19:01:44.468380", "frame": 80, "mu": [-0.6353793732297014, 2.0613518391127985, 1.3121148948630765], "Sigma": [[0.00946457799562876, 0.0017342916864382248, -0.009261452189207178], [0.001734291686438225, 0.0033416686171952393, -0.007131935274428744], [-0.009261452189207178, -0.007131935274428744, 0.04120552706601678]], "chi2_level": 0.95, "chi2_df": 3, "chi2_threshold": 7.814727903251179, "N_raw": 73, "N_roi": 73, "N_inlier": 68, "refit": true}
{"timestamp": "19:01:44.525759", "frame": 81, "mu": [-0.6348466413330076, 2.0390312046672734, 1.2168783492704554], "Sigma": [[0.011657278957051506, 0.0038834330062449173, -0.007588444592145829], [0.0038834330062449173, 0.004851796714164971, -0.008021120778883915], [-0.007588444592145829, -0.008021120778883915, 0.023090479928090022]], "chi2_level": 0.95, "chi2_df": 3, "chi2_threshold": 7.814727903251179, "N_raw": 92, "N_roi": 92, "N_inlier": 87, "refit": true}
{"timestamp": "19:01:44.584478", "frame": 82, "mu": [-0.5846873741392004, 1.9656120402529782, 1.026685776413916], "Sigma": [[0.012678281667108668, -0.0007343707033487532, -0.0272059876972182], [-0.0007343707033487532, 0.00948303940744917, 0.03836188561970045], [-0.0272059876972182, 0.03836188561970045, 0.33963110914407896]], "chi2_level": 0.95, "chi2_df": 3, "chi2_threshold": 7.814727903251179, "N_raw": 115, "N_roi": 115, "N_inlier": 109, "refit": true}
{"timestamp": "19:01:44.639371", "frame": 83, "mu": [-0.5302154904661398, 1.996925120259382, 1.2679167328057597], "Sigma": [[0.009670160650084093, -0.0004015676953550551, -0.011220234333246778], [-0.00040156769535505514, 0.006285976364994789, -0.006461762488236852], [-0.011220234333246778, -0.006461762488236851, 0.051547677475565455]], "chi2_level": 0.95, "chi2_df": 3, "chi2_threshold": 7.814727903251179, "N_raw": 109, "N_roi": 107, "N_inlier": 103, "refit": true}
{"timestamp": "19:01:44.695490", "frame": 84, "mu": [-0.568604354025613, 1.9322422920938713, 1.2432922665192485], "Sigma": [[0.00983940268780455, 0.0013167164086290456, 0.00405730226752048], [0.0013167164086290459, 0.0040664243051630414, 0.000592802955493603], [0.00405730226752048, 0.0005928029554936028, 0.0635689606579827]], "chi2_level": 0.95, "chi2_df": 3, "chi2_threshold": 7.814727903251179, "N_raw": 85, "N_roi": 85, "N_inlier": 81, "refit": true}
{"timestamp": "19:01:44.742945", "frame": 85, "mu": [-0.47435410038079445, 1.9378981296995514, 1.335714023142477], "Sigma": [[0.005539392109068439, 0.0005075261112509495, -0.0013525782684956906], [0.0005075261112509495, 0.003907165906157606, -0.008308300442289347], [-0.00135257826849569, -0.008308300442289345, 0.06314117850193948]], "chi2_level": 0.95, "chi2_df": 3, "chi2_threshold": 7.814727903251179, "N_raw": 66, "N_roi": 66, "N_inlier": 61, "refit": true}
{"timestamp": "19:01:44.805508", "frame": 86, "mu": [-0.3406329221691618, 2.0053993815449638, 1.2469681881823547], "Sigma": [[0.015824957048538767, 0.005843885661288053, -0.024000439594640145], [0.005843885661288053, 0.008270914672614094, -0.018776840680135957], [-0.02400043959464014, -0.018776840680135957, 0.06884960470603244]], "chi2_level": 0.95, "chi2_df": 3, "chi2_threshold": 7.814727903251179, "N_raw": 123, "N_roi": 123, "N_inlier": 119, "refit": true}
{"timestamp": "19:01:44.858300", "frame": 87, "mu": [-0.2729283545253235, 1.9418897741547665, 1.2377210826250131], "Sigma": [[0.03765100028273501, 0.01408126246638101, -0.04726171144482305], [0.01408126246638101, 0.010816282608348327, -0.025178216356680817], [-0.04726171144482305, -0.025178216356680817, 0.08477959331208385]], "chi2_level": 0.95, "chi2_df": 3, "chi2_threshold": 7.814727903251179, "N_raw": 105, "N_roi": 105, "N_inlier": 101, "refit": true}
{"timestamp": "19:01:44.914395", "frame": 88, "mu": [-0.3401594987549443, 1.852831779297045, 1.2462169553903109], "Sigma": [[0.014903161048348034, 0.0070954106892376495, -0.00958522733414843], [0.0070954106892376495, 0.00892554028754254, -0.013703138142898967], [-0.009585227334148428, -0.013703138142898967, 0.03758117813034005]], "chi2_level": 0.95, "chi2_df": 3, "chi2_threshold": 7.814727903251179, "N_raw": 108, "N_roi": 108, "N_inlier": 103, "refit": true}
{"timestamp": "19:01:44.971104", "frame": 89, "mu": [-0.2674585458164997, 1.8800539888085666, -0.11418923450331543], "Sigma": [[0.01780697306455794, 0.010736869120604346, 0.10199633349067722], [0.010736869120604346, 0.015009938192594758, 0.0831023742191748], [0.10199633349067722, 0.0831023742191748, 0.94006102362254]], "chi2_level": 0.95, "chi2_df": 3, "chi2_threshold": 7.814727903251179, "N_raw": 121, "N_roi": 116, "N_inlier": 114, "refit": true}
{"timestamp": "19:01:45.024327", "frame": 90, "mu": [-0.2678451901596752, 1.7376050525963638, 1.1349311340109693], "Sigma": [[0.008121183555598798, 0.001773036219211618, -0.0024106698039434303], [0.001773036219211618, 0.0031462528413096326, -0.007685215341704277], [-0.0024106698039434303, -0.007685215341704278, 0.0677819357289739]], "chi2_level": 0.95, "chi2_df": 3, "chi2_threshold": 7.814727903251179, "N_raw": 116, "N_roi": 116, "N_inlier": 108, "refit": true}
{"timestamp": "19:01:45.080239", "frame": 91, "mu": [-0.28840015331596325, 1.6883515181674742, 1.0137881006450264], "Sigma": [[0.007221746429610257, -0.0009732290199489972, -0.002381639068878775], [-0.000973229019948997, 0.0033692878417564054, 0.020455932952921557], [-0.0023816390688787743, 0.020455932952921557, 0.34685390179552533]], "chi2_level": 0.95, "chi2_df": 3, "chi2_threshold": 7.814727903251179, "N_raw": 129, "N_roi": 129, "N_inlier": 128, "refit": true}
{"timestamp": "19:01:45.131165", "frame": 92, "mu": [-0.24556109994321546, 1.7120889723097896, 1.3743866356860233], "Sigma": [[0.006301964436925376, 0.0008909125082550596, 0.001325388639733539], [0.0008909125082550597, 0.00534808771139388, 1.2098826380688155e-06], [0.0013253886397335385, 1.2098826380685986e-06, 0.057595962690775104]], "chi2_level": 0.95, "chi2_df": 3, "chi2_threshold": 7.814727903251179, "N_raw": 80, "N_roi": 80, "N_inlier": 72, "refit": true}
{"timestamp": "19:01:45.187363", "frame": 93, "mu": [-0.22009991874240933, 1.6492354446414677, 1.3064869980398495], "Sigma": [[0.007947437884612168, 0.002461849949874989, 0.010839491209702946], [0.002461849949874989, 0.0023749702242669, -0.00039637584731344946], [0.010839491209702946, -0.0003963758473134495, 0.04636034410251455]], "chi2_level": 0.95, "chi2_df": 3, "chi2_threshold": 7.814727903251179, "N_raw": 94, "N_roi": 94, "N_inlier": 88, "refit": true}
{"timestamp": "19:01:45.245081", "frame": 94, "mu": [-0.189764845637029, 1.659507073162864, 1.4101607405507142], "Sigma": [[0.007135045115193121, 0.0034056227728442618, 0.0023119169178014306], [0.0034056227728442618, 0.008167516550269883, 0.0020612138387903064], [0.0023119169178014306, 0.0020612138387903064, 0.05228220578339293]], "chi2_level": 0.95, "chi2_df": 3, "chi2_threshold": 7.814727903251179, "N_raw": 108, "N_roi": 108, "N_inlier": 103, "refit": true}
{"timestamp": "19:01:45.297435", "frame": 95, "mu": [-0.16095626271411878, 1.6035896120358635, 1.3961478517116275], "Sigma": [[0.006633027685364295, 0.003312332053117416, 0.008191042188950576], [0.003312332053117416, 0.01385804296340187, 0.020129595189496828], [0.008191042188950578, 0.020129595189496828, 0.07785686908382947]], "chi2_level": 0.95, "chi2_df": 3, "chi2_threshold": 7.814727903251179, "N_raw": 98, "N_roi": 98, "N_inlier": 94, "refit": true}
{"timestamp": "19:01:45.351850", "frame": 96, "mu": [-0.15126766103221984, 1.6178530872554773, -0.16993843782154544], "Sigma": [[0.0068883433817001115, 0.0010487773275003269, 0.03614754462670773], [0.001048777327500327, 0.007799443785459384, 0.015489445086991165], [0.03614754462670773, 0.015489445086991165, 0.554665710179061]], "chi2_level": 0.95, "chi2_df": 3, "chi2_threshold": 7.814727903251179, "N_raw": 94, "N_roi": 94, "N_inlier": 93, "refit": true}
{"timestamp": "19:01:45.406837", "frame": 97, "mu": [-0.1327140635140343, 1.527908084114588, 1.350658207851201], "Sigma": [[0.006295219455251013, 0.004284600598511596, 0.005391797314629773], [0.004284600598511596, 0.011852344635559621, 0.008406826164427058], [0.005391797314629773, 0.008406826164427058, 0.04965368527923686]], "chi2_level": 0.95, "chi2_df": 3, "chi2_threshold": 7.814727903251179, "N_raw": 98, "N_roi": 96, "N_inlier": 91, "refit": true}
{"timestamp": "19:01:45.467017", "frame": 98, "mu": [-0.11684485289559952, 1.6346347052115622, -0.388137383278097], "Sigma": [[0.009039774705697974, 0.0113363691378083, 0.015756988297586223], [0.011336369137808298, 0.024095123928333656, 0.019575603509672718], [0.015756988297586223, 0.019575603509672718, 0.04485379446321221]], "chi2_level": 0.95, "chi2_df": 3, "chi2_threshold": 7.814727903251179, "N_raw": 116, "N_roi": 116, "N_inlier": 105, "refit": true}
{"timestamp": "19:01:45.515470", "frame": 99, "mu": [-0.1157638508197634, 1.5342740498580754, 1.3698788420301815], "Sigma": [[0.005764064817178643, -0.0003624993203355585, 0.00544857357689101], [-0.00036249932033555855, 0.008014992446438666, -0.007438835657385132], [0.00544857357689101, -0.007438835657385132, 0.07250736255412699]], "chi2_level": 0.95, "chi2_df": 3, "chi2_threshold": 7.814727903251179, "N_raw": 88, "N_roi": 88, "N_inlier": 79, "refit": true}
{"timestamp": "19:01:45.712842", "frame": 100, "mu": [-0.04345205301291459, 1.5099536858583786, 1.3863021594591713], "Sigma": [[0.005627478593185403, -0.0015176764651909085, 0.013096481832994847], [-0.0015176764651909085, 0.007411646663859152, -0.0168043752189823], [0.013096481832994845, -0.0168043752189823, 0.15654961432901685]], "chi2_level": 0.95, "chi2_df": 3, "chi2_threshold": 7.814727903251179, "N_raw": 88, "N_roi": 88, "N_inlier": 80, "refit": true}
{"timestamp": "19:01:45.858428", "frame": 101, "mu": [0.0012076760341127317, 1.5276514292090644, 1.1674044350521853], "Sigma": [[0.013391468783583696, -0.0032720280366445057, 0.0565971860178302], [-0.0032720280366445057, 0.0052087509163709815, -0.023233379838123753], [0.0565971860178302, -0.023233379838123753, 0.41310842096805384]], "chi2_level": 0.95, "chi2_df": 3, "chi2_threshold": 7.814727903251179, "N_raw": 105, "N_roi": 105, "N_inlier": 102, "refit": true}
{"timestamp": "19:01:45.900662", "frame": 102, "mu": [0.03846490061946021, 1.4404963077351982, 1.5297697117207918], "Sigma": [[0.0033285268089638994, -0.00027824878209061464, 0.0012247910466686293], [-0.0002782487820906144, 0.003026334474930008, -0.0014698053234545026], [0.0012247910466686293, -0.0014698053234545026, 0.0014443248457873038]], "chi2_level": 0.95, "chi2_df": 3, "chi2_threshold": 7.814727903251179, "N_raw": 49, "N_roi": 47, "N_inlier": 43, "refit": true}
{"timestamp": "19:01:45.931858", "frame": 103, "mu": [0.10609980281113536, 1.442577111377264, 1.1856835903137535], "Sigma": [[0.01278188716548514, -0.0015370781342762241, 0.04379823765358], [-0.0015370781342762241, 0.0054240559508097605, -0.02478145658066994], [0.04379823765358001, -0.024781456580669943, 0.27445208554006206]], "chi2_level": 0.95, "chi2_df": 3, "chi2_threshold": 7.814727903251179, "N_raw": 134, "N_roi": 132, "N_inlier": 126, "refit": true}
{"timestamp": "19:01:45.962084", "frame": 104, "mu": [0.12535144748514102, 1.4094486999236222, 1.4250935764651231], "Sigma": [[0.006915286298861282, 0.003914685016516122, 0.000408048625557393], [0.003914685016516122, 0.007080859410446426, -0.0041937515421748145], [0.0004080486255573929, -0.0041937515421748145, 0.008029532918869547]], "chi2_level": 0.95, "chi2_df": 3, "chi2_threshold": 7.814727903251179, "N_raw": 96, "N_roi": 96, "N_inlier": 92, "refit": true}
{"timestamp": "19:01:45.992006", "frame": 105, "mu": [0.14026080243949537, 1.358863256141673, 1.2282454209821194], "Sigma": [[0.02193147381069176, 0.0006817330357750812, 0.050412084440131955], [0.0006817330357750809, 0.003790508178094814, -0.009841776754063782], [0.050412084440131955, -0.009841776754063782, 0.33865038278283305]], "chi2_level": 0.95, "chi2_df": 3, "chi2_threshold": 7.814727903251179, "N_raw": 150, "N_roi": 150, "N_inlier": 149, "refit": true}
{"timestamp": "19:01:46.022486", "frame": 106, "mu": [0.1982147673394407, 1.341507160938341, 1.4703712427162288], "Sigma": [[0.0043749135500388186, 0.0005294224582867524, 0.0032988780810282933], [0.0005294224582867523, 0.0074156848375821855, 0.0035654656258892357], [0.0032988780810282938, 0.0035654656258892357, 0.0277400805281283]], "chi2_level": 0.95, "chi2_df": 3, "chi2_threshold": 7.814727903251179, "N_raw": 94, "N_roi": 94, "N_inlier": 85, "refit": true}
{"timestamp": "19:01:46.054530", "frame": 107, "mu": [0.22967350858903046, 1.3652986840899675, 1.4420420789129555], "Sigma": [[0.004197586669498694, 0.0006086872388500531, -0.001510840673959224], [0.000608687238850053, 0.006503699285833693, -0.007123240897053326], [-0.0015108406739592238, -0.007123240897053326, 0.011364901670724228]], "chi2_level": 0.95, "chi2_df": 3, "chi2_threshold": 7.814727903251179, "N_raw": 116, "N_roi": 105, "N_inlier": 97, "refit": true}
{"timestamp": "19:01:46.085485", "frame": 108, "mu": [0.27547657608110815, 1.3121372214925642, 1.4605454945540175], "Sigma": [[0.0032709846486399232, -9.659636666850331e-05, -0.0005971595103374816], [-9.659636666850338e-05, 0.004433072427811857, -0.004416994606715934], [-0.0005971595103374814, -0.004416994606715933, 0.004747901237792374]], "chi2_level": 0.95, "chi2_df": 3, "chi2_threshold": 7.814727903251179, "N_raw": 91, "N_roi": 73, "N_inlier": 69, "refit": true}
{"timestamp": "19:01:46.116279", "frame": 109, "mu": [0.3186230049475916, 1.2502241180120537, 1.5204910164198533], "Sigma": [[0.003085969181318806, -0.00035235396274884714, 0.0017634111648133846], [-0.00035235396274884724, 0.004642872330496757, -0.006632778234982532], [0.0017634111648133846, -0.006632778234982532, 0.08874530752883635]], "chi2_level": 0.95, "chi2_df": 3, "chi2_threshold": 7.814727903251179, "N_raw": 66, "N_roi": 66, "N_inlier": 58, "refit": true}
{"timestamp": "19:01:46.146965", "frame": 110, "mu": [0.38063396509346237, 1.2057143979932599, 1.601094021831226], "Sigma": [[0.003950589072471535, 0.0005185341568631311, -0.0013862149828286086], [0.0005185341568631312, 0.002615733660744952, -0.0006076488442638807], [-0.0013862149828286086, -0.0006076488442638807, 0.002619964300942843]], "chi2_level": 0.95, "chi2_df": 3, "chi2_threshold": 7.814727903251179, "N_raw": 51, "N_roi": 49, "N_inlier": 43, "refit": true}
{"timestamp": "19:01:46.177968", "frame": 111, "mu": [0.40528234253982015, 1.139676655899539, 1.5454948166435967], "Sigma": [[0.0034188614701822742, -3.7254241057204545e-05, 0.000680563132196558], [-3.725424105720465e-05, 0.0034220493887274087, -0.0059222204360340515], [0.0006805631321965579, -0.0059222204360340515, 0.013914138169083037]], "chi2_level": 0.95, "chi2_df": 3, "chi2_threshold": 7.814727903251179, "N_raw": 46, "N_roi": 46, "N_inlier": 41, "refit": true}
{"timestamp": "19:01:46.225608", "frame": 112, "mu": [0.3780082217828103, 1.1388611348475433, 1.5231103503513883], "Sigma": [[0.0035795904239451955, -0.0022572723841614174, 0.003212523039929581], [-0.0022572723841614174, 0.004076846915564529, -0.0041905846368377655], [0.003212523039929581, -0.0041905846368377655, 0.004958385608865831]], "chi2_level": 0.95, "chi2_df": 3, "chi2_threshold": 7.814727903251179, "N_raw": 52, "N_roi": 52, "N_inlier": 45, "refit": true}
{"timestamp": "19:01:46.277428", "frame": 113, "mu": [0.36372692421753444, 1.2557394906989174, -0.5502834329241452], "Sigma": [[0.0044554109478452085, 0.0026585910389088615, -0.026081354792619495], [0.0026585910389088615, 0.008689939999859323, -0.036086415994709985], [-0.0260813547926195, -0.036086415994709985, 0.26054739367984886]], "chi2_level": 0.95, "chi2_df": 3, "chi2_threshold": 7.814727903251179, "N_raw": 30, "N_roi": 30, "N_inlier": 29, "refit": true}
{"timestamp": "19:01:46.330896", "frame": 114, "mu": [0.41947364576465845, 1.100022944883968, 1.3254969640993766], "Sigma": [[0.0032514744410191243, -0.000937157771287746, -0.006062969920197236], [-0.000937157771287746, 0.004586793638693374, 0.011296273015658132], [-0.006062969920197236, 0.011296273015658134, 0.05927373841768848]], "chi2_level": 0.95, "chi2_df": 3, "chi2_threshold": 7.814727903251179, "N_raw": 25, "N_roi": 25, "N_inlier": 21, "refit": true}
{"timestamp": "19:01:46.393156", "frame": 115, "mu": [0.4696090908860216, 1.0206035498304429, 1.4775718928790968], "Sigma": [[0.003330537155887323, -1.41300554659126e-05, 0.003173060195068475], [-1.41300554659126e-05, 0.0027424127608469628, -0.0037572424331980226], [0.0031730601950684754, -0.0037572424331980226, 0.011110774293829546]], "chi2_level": 0.95, "chi2_df": 3, "chi2_threshold": 7.814727903251179, "N_raw": 76, "N_roi": 76, "N_inlier": 70, "refit": true}
{"timestamp": "19:01:46.446146", "frame": 116, "mu": [0.521036627518831, 1.0082033105079038, -0.45240855212660697], "Sigma": [[0.003792136684611634, 0.000842731627817945, -0.0010908557948194283], [0.0008427316278179451, 0.003883206114592551, -0.0021074428655508516], [-0.001090855794819428, -0.0021074428655508516, 0.0058852231253244125]], "chi2_level": 0.95, "chi2_df": 3, "chi2_threshold": 7.814727903251179, "N_raw": 56, "N_roi": 56, "N_inlier": 53, "refit": true}
