{"timestamp": "18:49:37.259156", "frame": 1, "mu": [1.5639875228618854, 2.695888816574218, 1.0458837460306656], "Sigma": [[0.01609211426996803, -0.007286539601306699, -0.0029851432850432477], [-0.007286539601306699, 0.008925591004730947, 0.00044741066555007325], [-0.002985143285043248, 0.00044741066555007314, 0.0024678418581823795]], "chi2_level": 0.95, "chi2_df": 3, "chi2_threshold": 7.814727903251179, "N_raw": 54, "N_roi": 54, "N_inlier": 51, "refit": true}
{"timestamp": "18:49:37.317158", "frame": 2, "mu": [1.631947933431436, 2.7212204567057183, 1.150078769092292], "Sigma": [[0.014110312825842337, -0.004748132269402339, -0.004915928892613074], [-0.004748132269402339, 0.007708007757912658, -0.00047300004716441154], [-0.004915928892613074, -0.00047300004716441154, 0.006975738476141603]], "chi2_level": 0.95, "chi2_df": 3, "chi2_threshold": 7.814727903251179, "N_raw": 57, "N_roi": 57, "N_inlier": 55, "refit": true}
{"timestamp": "18:49:37.368757", "frame": 3, "mu": [1.484825195423304, 2.738224888721611, 1.2902498132908848], "Sigma": [[0.014833146820929599, -0.006146950768970235, 0.00036966496818432944], [-0.006146950768970235, 0.005000128682834553, -8.37870760726156e-05], [0.00036966496818432944, -8.378707607261573e-05, 0.005160095191957077]], "chi2_level": 0.95, "chi2_df": 3, "chi2_threshold": 7.814727903251179, "N_raw": 30, "N_roi": 30, "N_inlier": 28, "refit": true}
{"timestamp": "18:49:37.425333", "frame": 4, "mu": [1.5560282707658202, 2.7599741267667737, 1.3047939324413944], "Sigma": [[0.0098609860601963, -0.0046913964645112745, -0.001180548357328255], [-0.0046913964645112745, 0.003935699654011856, -0.0057176084224688905], [-0.0011805483573282547, -0.0057176084224688905, 0.02373076290153655]], "chi2_level": 0.95, "chi2_df": 3, "chi2_threshold": 7.814727903251179, "N_raw": 46, "N_roi": 44, "N_inlier": 39, "refit": true}
{"timestamp": "18:49:37.477324", "frame": 5, "mu": [1.5495560758231735, 2.7095443752434774, 1.424854050770271], "Sigma": [[0.0017131958329852871, -0.00019726978073823483, 1.4240367759436401e-05], [-0.00019726978073823478, 0.0021430579459200167, -0.005126960753249567], [1.4240367759436401e-05, -0.005126960753249567, 0.020536578606013347]], "chi2_level": 0.95, "chi2_df": 3, "chi2_threshold": 7.814727903251179, "N_raw": 14, "N_roi": 14, "N_inlier": 12, "refit": true}
{"timestamp": "18:49:37.539958", "frame": 6, "mu": [1.5724506222237233, 2.8264745985690602, -0.17891159366973555], "Sigma": [[0.02010095908424489, -0.0033405505880077955, -0.0057005442690645485], [-0.0033405505880077955, 0.00795271081709429, -0.012809761388324277], [-0.0057005442690645485, -0.012809761388324277, 0.034452963545953466]], "chi2_level": 0.95, "chi2_df": 3, "chi2_threshold": 7.814727903251179, "N_raw": 72, "N_roi": 72, "N_inlier": 69, "refit": true}
{"timestamp": "18:49:37.594265", "frame": 7, "mu": [1.5479216458469158, 2.6932930012108476, 1.0916052100056193], "Sigma": [[0.01518380239860852, -0.005368915621359413, -0.004070066187079217], [-0.005368915621359414, 0.003361439060801427, -0.005572038588701038], [-0.004070066187079218, -0.005572038588701037, 0.062284982482566253]], "chi2_level": 0.95, "chi2_df": 3, "chi2_threshold": 7.814727903251179, "N_raw": 63, "N_roi": 63, "N_inlier": 62, "refit": true}
{"timestamp": "18:49:37.645799", "frame": 8, "mu": [1.5590845485356961, 2.7011657001498928, 1.0421553926384737], "Sigma": [[0.011997132375925383, -0.004736207976139942, -0.002774542947626161], [-0.004736207976139942, 0.0038557375784574292, -0.001849476470284548], [-0.002774542947626161, -0.001849476470284548, 0.007250041872244641]], "chi2_level": 0.95, "chi2_df": 3, "chi2_threshold": 7.814727903251179, "N_raw": 41, "N_roi": 41, "N_inlier": 37, "refit": true}
{"timestamp": "18:49:37.703465", "frame": 9, "mu": [1.5649233116915653, 2.693129360790503, 1.2912308325805388], "Sigma": [[0.011354222780962056, -0.004588468405309608, -0.003883063130313508], [-0.004588468405309608, 0.00458669915353924, -0.009452755278422618], [-0.0038830631303135073, -0.009452755278422618, 0.05041598741306205]], "chi2_level": 0.95, "chi2_df": 3, "chi2_threshold": 7.814727903251179, "N_raw": 64, "N_roi": 64, "N_inlier": 59, "refit": true}
{"timestamp": "18:49:37.753092", "frame": 10, "mu": [1.571146048205843, 2.717640261108219, 1.1638749620046043], "Sigma": [[0.009444212061060824, -0.0053885999259497795, -0.004657947836071701], [-0.0053885999259497795, 0.004013731308520485, -0.0009797208092228453], [-0.004657947836071702, -0.0009797208092228453, 0.02193656572263357]], "chi2_level": 0.95, "chi2_df": 3, "chi2_threshold": 7.814727903251179, "N_raw": 26, "N_roi": 26, "N_inlier": 23, "refit": true}
{"timestamp": "18:49:37.810207", "frame": 11, "mu": [1.514232880101523, 2.689626994605068, 1.5128191955615342], "Sigma": [[0.010229662803669914, -0.005217745527951626, -0.0021928356028467506], [-0.005217745527951626, 0.007926869115799949, -0.0020751322471825734], [-0.0021928356028467506, -0.0020751322471825734, 0.004114566515724145]], "chi2_level": 0.95, "chi2_df": 3, "chi2_threshold": 7.814727903251179, "N_raw": 46, "N_roi": 46, "N_inlier": 46, "refit": true}
{"timestamp": "18:49:37.861010", "frame": 12, "mu": [1.4945538501299593, 2.7004321251739816, 1.532205401477667], "Sigma": [[0.003152828719588583, -0.0006345005164842889, -0.005553550231910494], [-0.0006345005164842889, 0.0015915551054241745, -0.0034726632164426043], [-0.005553550231910495, -0.0034726632164426047, 0.03202076454124099]], "chi2_level": 0.95, "chi2_df": 3, "chi2_threshold": 7.814727903251179, "N_raw": 11, "N_roi": 11, "N_inlier": 10, "refit": true}
{"timestamp": "18:49:37.918359", "frame": 13, "mu": [1.6203190999135315, 2.6694287725277137, 1.198111541047119], "Sigma": [[0.011137975802310905, -0.004252933856748755, -0.000943968025936047], [-0.004252933856748755, 0.0032370695955083015, -0.0018594254450119319], [-0.0009439680259360473, -0.0018594254450119319, 0.005117171530705555]], "chi2_level": 0.95, "chi2_df": 3, "chi2_threshold": 7.814727903251179, "N_raw": 33, "N_roi": 32, "N_inlier": 30, "refit": true}
{"timestamp": "18:49:37.975589", "frame": 14, "mu": [1.6048181908074812, 2.6350351428980217, 1.3174478419333169], "Sigma": [[0.01347567511048207, -0.008575858920941482, -0.004234704662515689], [-0.008575858920941482, 0.009457557307803064, 0.001965083451581376], [-0.004234704662515689, 0.001965083451581376, 0.0027522578745603162]], "chi2_level": 0.95, "chi2_df": 3, "chi2_threshold": 7.814727903251179, "N_raw": 43, "N_roi": 43, "N_inlier": 41, "refit": true}
{"timestamp": "18:49:38.035513", "frame": 15, "mu": [1.5560707847609798, 2.63712169037051, 1.185585215872956], "Sigma": [[0.02262248390200943, -0.010795226086893688, -0.02763112588776814], [-0.010795226086893688, 0.008226586205565361, 0.00628134054869821], [-0.027631125887768136, 0.00628134054869821, 0.06477214108683113]], "chi2_level": 0.95, "chi2_df": 3, "chi2_threshold": 7.814727903251179, "N_raw": 81, "N_roi": 81, "N_inlier": 80, "refit": true}
{"timestamp": "18:49:38.084238", "frame": 16, "mu": [1.6280970592372408, 2.6248612762375427, 0.9253598138935801], "Sigma": [[0.011469000954417758, -0.0050191479992831075, -0.009337319540838477], [-0.0050191479992831075, 0.005702309556653187, 0.0031269670080579393], [-0.009337319540838477, 0.0031269670080579393, 0.02269711969441749]], "chi2_level": 0.95, "chi2_df": 3, "chi2_threshold": 7.814727903251179, "N_raw": 33, "N_roi": 33, "N_inlier": 31, "refit": true}
{"timestamp": "18:49:38.135899", "frame": 17, "mu": [1.4782115669987563, 2.5966006355713396, 1.2603318233975913], "Sigma": [[0.0013912297801863466, -0.0004863192399642511, -0.001329494617566521], [-0.0004863192399642511, 0.001914957409599418, -0.0058380160506241695], [-0.001329494617566521, -0.0058380160506241695, 0.03985233363058113]], "chi2_level": 0.95, "chi2_df": 3, "chi2_threshold": 7.814727903251179, "N_raw": 12, "N_roi": 12, "N_inlier": 11, "refit": true}
{"timestamp": "18:49:38.201715", "frame": 18, "mu": [1.5411825434260085, 2.5413773590518915, 1.0697687006708276], "Sigma": [[0.019816618917110465, -0.007748869784678982, -0.011659838809648687], [-0.007748869784678982, 0.0060885195016379704, -0.002645879490628052], [-0.011659838809648689, -0.002645879490628051, 0.06521831306430129]], "chi2_level": 0.95, "chi2_df": 3, "chi2_threshold": 7.814727903251179, "N_raw": 88, "N_roi": 88, "N_inlier": 86, "refit": true}
{"timestamp": "18:49:38.257268", "frame": 19, "mu": [1.5300518584773948, 2.4856412941516233, 0.9802735699863122], "Sigma": [[0.02012513863590364, -0.0023958189161444646, -0.0050383480484085825], [-0.0023958189161444646, 0.0047619850732859865, -0.005438709459248651], [-0.005038348048408583, -0.00543870945924865, 0.03642750500712606]], "chi2_level": 0.95, "chi2_df": 3, "chi2_threshold": 7.814727903251179, "N_raw": 87, "N_roi": 87, "N_inlier": 84, "refit": true}
{"timestamp": "18:49:38.311872", "frame": 20, "mu": [1.5058821334737125, 2.4311557824623202, 0.9456100412598182], "Sigma": [[0.02011517799769485, -0.003225544198270697, 0.0009759232455722505], [-0.003225544198270697, 0.005426183203483524, -0.0051233508284405285], [0.0009759232455722505, -0.0051233508284405285, 0.016774540092712977]], "chi2_level": 0.95, "chi2_df": 3, "chi2_threshold": 7.814727903251179, "N_raw": 84, "N_roi": 84, "N_inlier": 81, "refit": true}
{"timestamp": "18:49:38.368601", "frame": 21, "mu": [1.4962987305023656, 2.452056991682357, 1.1478045592846937], "Sigma": [[0.021245820743617118, -0.0075725873424590945, -0.022132985056508084], [-0.0075725873424590945, 0.005908094343791733, 0.00048097210140409056], [-0.022132985056508084, 0.0004809721014040906, 0.061291180724814646]], "chi2_level": 0.95, "chi2_df": 3, "chi2_threshold": 7.814727903251179, "N_raw": 90, "N_roi": 90, "N_inlier": 88, "refit": true}
{"timestamp": "18:49:38.419350", "frame": 22, "mu": [1.5027270848922123, 2.309600047972915, 0.8548564638398322], "Sigma": [[0.016114765426611808, -0.0020865256635181437, -0.0014839055387572216], [-0.0020865256635181437, 0.010401448607219026, 0.0016353122063785274], [-0.0014839055387572213, 0.0016353122063785276, 0.0019241946466139969]], "chi2_level": 0.95, "chi2_df": 3, "chi2_threshold": 7.814727903251179, "N_raw": 65, "N_roi": 65, "N_inlier": 62, "refit": true}
{"timestamp": "18:49:38.475550", "frame": 23, "mu": [1.518043710021858, 2.2981482758543383, 0.9716614043658327], "Sigma": [[0.016200388738883666, -0.006561560165607136, -0.012958339336720625], [-0.006561560165607136, 0.004316592115220229, 0.0007898706734687318], [-0.012958339336720623, 0.0007898706734687318, 0.04149504175173168]], "chi2_level": 0.95, "chi2_df": 3, "chi2_threshold": 7.814727903251179, "N_raw": 69, "N_roi": 69, "N_inlier": 68, "refit": true}
{"timestamp": "18:49:38.529474", "frame": 24, "mu": [1.4522561180215774, 2.2868656713949753, 1.1536067574347337], "Sigma": [[0.014024287196428798, -0.007380210497454776, -0.011672022849673128], [-0.007380210497454775, 0.005930094988070912, 0.002790012325805199], [-0.011672022849673128, 0.002790012325805199, 0.037745461928002384]], "chi2_level": 0.95, "chi2_df": 3, "chi2_threshold": 7.814727903251179, "N_raw": 65, "N_roi": 65, "N_inlier": 61, "refit": true}
{"timestamp": "18:49:38.586183", "frame": 25, "mu": [1.4413174752077844, 2.253079690847291, 1.1912327384439672], "Sigma": [[0.014568849107895307, -0.006396051767332441, -0.007512706193386513], [-0.006396051767332441, 0.005296692852478203, -0.00382398031815176], [-0.007512706193386512, -0.0038239803181517604, 0.03268027836550312]], "chi2_level": 0.95, "chi2_df": 3, "chi2_threshold": 7.814727903251179, "N_raw": 77, "N_roi": 77, "N_inlier": 75, "refit": true}
{"timestamp": "18:49:38.640079", "frame": 26, "mu": [1.4161453143447513, 2.2413326500540913, 1.1752074036323266], "Sigma": [[0.012134733875682436, -0.00593396390637774, -0.0013977345410618287], [-0.00593396390637774, 0.006884999044315624, -0.0059950400413492], [-0.001397734541061829, -0.0059950400413492, 0.016511942780389036]], "chi2_level": 0.95, "chi2_df": 3, "chi2_threshold": 7.814727903251179, "N_raw": 69, "N_roi": 69, "N_inlier": 67, "refit": true}
{"timestamp": "18:49:38.701275", "frame": 27, "mu": [1.418542036366365, 2.3198119634255288, -0.42509502070072624], "Sigma": [[0.020883868936649425, -0.005679673131743199, -0.01247197663742131], [-0.005679673131743199, 0.008578560415036803, -0.013328019066266534], [-0.01247197663742131, -0.013328019066266534, 0.057365352137211965]], "chi2_level": 0.95, "chi2_df": 3, "chi2_threshold": 7.814727903251179, "N_raw": 107, "N_roi": 107, "N_inlier": 107, "refit": true}
{"timestamp": "18:49:38.752547", "frame": 28, "mu": [1.3674734227250402, 2.1105904096159334, 1.0852697236245707], "Sigma": [[0.012033062742447118, -0.006194060207448577, 0.004831715245103152], [-0.006194060207448577, 0.005156523488539733, -0.00691738011345682], [0.004831715245103152, -0.006917380113456821, 0.06264485136110502]], "chi2_level": 0.95, "chi2_df": 3, "chi2_threshold": 7.814727903251179, "N_raw": 85, "N_roi": 85, "N_inlier": 82, "refit": true}
{"timestamp": "18:49:38.806663", "frame": 29, "mu": [1.4156760692414112, 2.0338909634655984, 0.915965747140833], "Sigma": [[0.013433458795553388, -0.00594046583101668, -0.003349364069807236], [-0.005940465831016679, 0.004459121542723943, 0.004919337890312524], [-0.0033493640698072356, 0.004919337890312524, 0.05092628150302086]], "chi2_level": 0.95, "chi2_df": 3, "chi2_threshold": 7.814727903251179, "N_raw": 75, "N_roi": 75, "N_inlier": 69, "refit": true}
{"timestamp": "18:49:38.864431", "frame": 30, "mu": [1.382570280635834, 1.9834459629865229, 1.0815744345973524], "Sigma": [[0.0134418406647428, -0.00640715580049369, -0.008758841548247607], [-0.00640715580049369, 0.0068338686366085, 0.004663169773653416], [-0.008758841548247605, 0.004663169773653416, 0.0727400612626889]], "chi2_level": 0.95, "chi2_df": 3, "chi2_threshold": 7.814727903251179, "N_raw": 96, "N_roi": 96, "N_inlier": 94, "refit": true}
{"timestamp": "18:49:38.919530", "frame": 31, "mu": [1.3368543517874236, 1.9674932043030982, 1.1426743861279152], "Sigma": [[0.014324095174576586, -0.007729227592190674, -0.00574811195223403], [-0.007729227592190674, 0.008985687704946085, 0.003953843933227864], [-0.0057481119522340305, 0.003953843933227864, 0.046465577386610675]], "chi2_level": 0.95, "chi2_df": 3, "chi2_threshold": 7.814727903251179, "N_raw": 93, "N_roi": 93, "N_inlier": 90, "refit": true}
{"timestamp": "18:49:38.977663", "frame": 32, "mu": [1.3297869376836364, 1.8903505131502831, 1.0930053907031838], "Sigma": [[0.013577853477774132, -0.009750148802024138, -0.015874313597974896], [-0.009750148802024138, 0.011115688850475263, 0.006172427888560353], [-0.0158743135979749, 0.006172427888560354, 0.07293312692922052]], "chi2_level": 0.95, "chi2_df": 3, "chi2_threshold": 7.814727903251179, "N_raw": 115, "N_roi": 114, "N_inlier": 110, "refit": true}
{"timestamp": "18:49:39.027348", "frame": 33, "mu": [1.3169248712984467, 1.9610863616881082, -0.6061731735356076], "Sigma": [[0.010695573612591157, 0.0024541641489902854, 0.009890735133924224], [0.0024541641489902854, 0.006172085437273655, 0.006335143168562165], [0.009890735133924224, 0.006335143168562165, 0.08526668363298366]], "chi2_level": 0.95, "chi2_df": 3, "chi2_threshold": 7.814727903251179, "N_raw": 74, "N_roi": 74, "N_inlier": 68, "refit": true}
{"timestamp": "18:49:39.083409", "frame": 34, "mu": [1.2600850758318367, 1.8143399885971705, 1.1972943123092274], "Sigma": [[0.01140141725956161, -0.007199052234628758, -0.004569877355405011], [-0.007199052234628758, 0.01252149736676724, 0.0010015594749958234], [-0.004569877355405011, 0.0010015594749958234, 0.026264999694947493]], "chi2_level": 0.95, "chi2_df": 3, "chi2_threshold": 7.814727903251179, "N_raw": 90, "N_roi": 90, "N_inlier": 86, "refit": true}
{"timestamp": "18:49:39.138889", "frame": 35, "mu": [1.2107240226498304, 1.744989776357476, 1.0910279109598349], "Sigma": [[0.00831491599354474, -0.0054153870847613375, -0.006884658507436365], [-0.0054153870847613375, 0.007038467407192822, 0.003948318695188988], [-0.006884658507436364, 0.003948318695188987, 0.07132634152742781]], "chi2_level": 0.95, "chi2_df": 3, "chi2_threshold": 7.814727903251179, "N_raw": 92, "N_roi": 92, "N_inlier": 89, "refit": true}
{"timestamp": "18:49:39.194038", "frame": 36, "mu": [1.1784609844840366, 1.745214547931793, 1.2448864145439946], "Sigma": [[0.011455510345539167, -0.004286224500197831, -0.007638415979291745], [-0.004286224500197831, 0.0055061281847193135, -0.003455539507577792], [-0.007638415979291745, -0.003455539507577792, 0.035178193687576825]], "chi2_level": 0.95, "chi2_df": 3, "chi2_threshold": 7.814727903251179, "N_raw": 100, "N_roi": 100, "N_inlier": 93, "refit": true}
{"timestamp": "18:49:39.247743", "frame": 37, "mu": [1.2050252710845906, 1.6094046177856005, 1.1900729397032912], "Sigma": [[0.015150402403279228, -0.00843216387235221, -0.02151972650165364], [-0.00843216387235221, 0.007382045843017256, 0.010298467273310722], [-0.02151972650165364, 0.010298467273310722, 0.0502725005717292]], "chi2_level": 0.95, "chi2_df": 3, "chi2_threshold": 7.814727903251179, "N_raw": 80, "N_roi": 80, "N_inlier": 77, "refit": true}
{"timestamp": "18:49:39.303236", "frame": 38, "mu": [1.197721678582305, 1.5769438563800844, 1.0248332382618512], "Sigma": [[0.013017470690925396, -0.011596649393940641, -0.021507017110753167], [-0.011596649393940641, 0.015147188674457784, 0.02665930504709445], [-0.021507017110753167, 0.026659305047094455, 0.09050381876489538]], "chi2_level": 0.95, "chi2_df": 3, "chi2_threshold": 7.814727903251179, "N_raw": 87, "N_roi": 87, "N_inlier": 82, "refit": true}
{"timestamp": "18:49:39.361739", "frame": 39, "mu": [1.1639042912051902, 1.5257458322650423, 1.0046849302750818], "Sigma": [[0.016657239944395677, -0.01545630294766961, -0.02233877442994248], [-0.01545630294766961, 0.017221992722255386, 0.0171709045227788], [-0.022338774429942476, 0.017170904522778797, 0.05876201861367775]], "chi2_level": 0.95, "chi2_df": 3, "chi2_threshold": 7.814727903251179, "N_raw": 111, "N_roi": 111, "N_inlier": 109, "refit": true}
{"timestamp": "18:49:39.416345", "frame": 40, "mu": [1.050022097805879, 1.561273001742124, 1.158159621329085], "Sigma": [[0.015239730178561848, -0.006368759615249223, -0.003372918480456761], [-0.006368759615249223, 0.005100970850459114, -0.003433837674335675], [-0.0033729184804567615, -0.003433837674335675, 0.031238075599136446]], "chi2_level": 0.95, "chi2_df": 3, "chi2_threshold": 7.814727903251179, "N_raw": 105, "N_roi": 105, "N_inlier": 102, "refit": true}
{"timestamp": "18:49:39.477232", "frame": 41, "mu": [0.9152363244013412, 1.5552331903993253, 1.156380515836174], "Sigma": [[0.028178042098999646, -0.010523099514451592, 0.020272863236561283], [-0.010523099514451592, 0.006882059153721641, -0.01368571102957677], [0.020272863236561283, -0.01368571102957677, 0.08036379897412495]], "chi2_level": 0.95, "chi2_df": 3, "chi2_threshold": 7.814727903251179, "N_raw": 149, "N_roi": 148, "N_inlier": 146, "refit": true}
{"timestamp": "18:49:39.524038", "frame": 42, "mu": [0.9311028041789081, 1.6318716826868642, -0.4757104090205109], "Sigma": [[0.05006749376605785, -0.029804513287900763, 0.013692143147862558], [-0.02980451328790077, 0.023507397336181353, -0.01676069429187601], [0.013692143147862558, -0.01676069429187601, 0.02790438512095962]], "chi2_level": 0.95, "chi2_df": 3, "chi2_threshold": 7.814727903251179, "N_raw": 93, "N_roi": 93, "N_inlier": 91, "refit": true}
{"timestamp": "18:49:39.585291", "frame": 43, "mu": [0.8595507296263881, 1.4700889953822216, 1.099177870819838], "Sigma": [[0.039059934470184784, -0.024310842195841557, 0.01702286254146076], [-0.024310842195841557, 0.018848414211009926, -0.019221597078757736], [0.01702286254146076, -0.019221597078757736, 0.04885451788791122]], "chi2_level": 0.95, "chi2_df": 3, "chi2_threshold": 7.814727903251179, "N_raw": 135, "N_roi": 135, "N_inlier": 134, "refit": true}
{"timestamp": "18:49:39.640119", "frame": 44, "mu": [0.8163227711569809, 1.4067788143454447, 1.1605440073721618], "Sigma": [[0.042872189770025146, -0.025416771567918585, 0.014736940806566127], [-0.025416771567918585, 0.018918082512023454, -0.013118639686816685], [0.014736940806566127, -0.013118639686816685, 0.05985782095530232]], "chi2_level": 0.95, "chi2_df": 3, "chi2_threshold": 7.814727903251179, "N_raw": 132, "N_roi": 132, "N_inlier": 129, "refit": true}
{"timestamp": "18:49:39.692461", "frame": 45, "mu": [0.7566054695628983, 1.413348400636801, 1.1133570890705997], "Sigma": [[0.026497346581198532, -0.024199869321761783, 0.014844027928268088], [-0.024199869321761783, 0.029656314164186112, -0.022541540987304383], [0.014844027928268088, -0.022541540987304383, 0.03794691661085972]], "chi2_level": 0.95, "chi2_df": 3, "chi2_threshold": 7.814727903251179, "N_raw": 118, "N_roi": 118, "N_inlier": 116, "refit": true}
{"timestamp": "18:49:39.741506", "frame": 46, "mu": [0.8143789721080319, 1.4153446687718483, -0.3657983949421551], "Sigma": [[0.00788247164121548, 0.0010594935672895668, -0.0005744195626460743], [0.0010594935672895668, 0.003920648138860373, -0.0024737621290333413], [-0.0005744195626460743, -0.0024737621290333413, 0.02982993863973764]], "chi2_level": 0.95, "chi2_df": 3, "chi2_threshold": 7.814727903251179, "N_raw": 73, "N_roi": 73, "N_inlier": 66, "refit": true}
{"timestamp": "18:49:39.796448", "frame": 47, "mu": [0.7693388195745551, 1.2784369069372683, 1.2983672231611005], "Sigma": [[0.005625923253311344, -0.0019938792031332837, -0.005141106632605052], [-0.0019938792031332837, 0.0037056242734541615, -0.0033735525035466295], [-0.005141106632605051, -0.0033735525035466295, 0.021543268421664888]], "chi2_level": 0.95, "chi2_df": 3, "chi2_threshold": 7.814727903251179, "N_raw": 75, "N_roi": 75, "N_inlier": 68, "refit": true}
{"timestamp": "18:49:39.852123", "frame": 48, "mu": [0.69277890172594, 1.2602659697591534, 1.1049007396242567], "Sigma": [[0.004139392464866338, -0.0012329724158971788, -0.0005663572737418228], [-0.0012329724158971788, 0.005211173821828704, 0.022338781006911924], [-0.0005663572737418231, 0.022338781006911928, 0.3177427405172105]], "chi2_level": 0.95, "chi2_df": 3, "chi2_threshold": 7.814727903251179, "N_raw": 79, "N_roi": 79, "N_inlier": 77, "refit": true}
{"timestamp": "18:49:39.909610", "frame": 49, "mu": [0.6763962975174209, 1.1761618023598028, -0.412570585519296], "Sigma": [[0.0070320679100354675, -0.0061083403461832195, 0.006521670085530411], [-0.0061083403461832195, 0.01321503158299237, 0.051125405233760135], [0.00652167008553041, 0.05112540523376015, 1.7146918667733224]], "chi2_level": 0.95, "chi2_df": 3, "chi2_threshold": 7.814727903251179, "N_raw": 99, "N_roi": 99, "N_inlier": 97, "refit": true}
{"timestamp": "18:49:39.964305", "frame": 50, "mu": [0.608533497710058, 1.2186421473743803, 1.344979174135926], "Sigma": [[0.008296382548640605, -0.0053854996445580425, -0.0016712384212124298], [-0.0053854996445580425, 0.008204743776102317, -0.0036075033802208953], [-0.0016712384212124298, -0.0036075033802208953, 0.010751269057497554]], "chi2_level": 0.95, "chi2_df": 3, "chi2_threshold": 7.814727903251179, "N_raw": 96, "N_roi": 96, "N_inlier": 91, "refit": true}
{"timestamp": "18:49:40.016836", "frame": 51, "mu": [0.5055878916011464, 1.2268170680221189, 1.4319681770020587], "Sigma": [[0.003662304299737, -0.0014547054200975602, -0.0038594439540602836], [-0.0014547054200975602, 0.005570087029859265, -0.0020317853939603673], [-0.0038594439540602836, -0.0020317853939603673, 0.012083822323224793]], "chi2_level": 0.95, "chi2_df": 3, "chi2_threshold": 7.814727903251179, "N_raw": 74, "N_roi": 74, "N_inlier": 69, "refit": true}
{"timestamp": "18:49:40.072374", "frame": 52, "mu": [0.4809582190236474, 1.1748206413851832, 1.4273417363382148], "Sigma": [[0.004716778136010878, -0.0015723831278691234, -0.0064956753377569286], [-0.0015723831278691234, 0.006652134665047052, 0.0008435647389012695], [-0.0064956753377569286, 0.0008435647389012695, 0.010287877314243077]], "chi2_level": 0.95, "chi2_df": 3, "chi2_threshold": 7.814727903251179, "N_raw": 75, "N_roi": 75, "N_inlier": 71, "refit": true}
{"timestamp": "18:49:40.124302", "frame": 53, "mu": [0.43225843759573157, 1.1505889739286896, 1.3983846721193838], "Sigma": [[0.004207642223161118, -0.0018943811390471734, -0.005985834021768351], [-0.0018943811390471734, 0.004828884555611409, 0.0017944114236735278], [-0.00598583402176835, 0.0017944114236735278, 0.015925159481606423]], "chi2_level": 0.95, "chi2_df": 3, "chi2_threshold": 7.814727903251179, "N_raw": 61, "N_roi": 61, "N_inlier": 55, "refit": true}
{"timestamp": "18:49:40.178923", "frame": 54, "mu": [0.32920712061396595, 1.2088334284232714, 1.4667866657499746], "Sigma": [[0.0037008897583709274, -0.00045518935702200354, -0.002713393854431625], [-0.00045518935702200354, 0.0035147821728674904, -0.0017041729406467214], [-0.0027133938544316254, -0.0017041729406467214, 0.007033229663442779]], "chi2_level": 0.95, "chi2_df": 3, "chi2_threshold": 7.814727903251179, "N_raw": 65, "N_roi": 65, "N_inlier": 60, "refit": true}
{"timestamp": "18:49:40.234058", "frame": 55, "mu": [0.30259018174188, 1.187673345282459, -0.5246648963874746], "Sigma": [[0.002624022285158196, 0.0008082545921667126, 0.0034147239190777065], [0.0008082545921667127, 0.007730018715112168, 0.005638425774323757], [0.0034147239190777065, 0.005638425774323757, 0.018794102349860762]], "chi2_level": 0.95, "chi2_df": 3, "chi2_threshold": 7.814727903251179, "N_raw": 52, "N_roi": 52, "N_inlier": 49, "refit": true}
{"timestamp": "18:49:40.293550", "frame": 56, "mu": [0.20185686038882464, 1.282595671672015, 0.16669209213060857], "Sigma": [[0.003952665361571145, -0.0017532521563492845, 0.023692842757949417], [-0.0017532521563492847, 0.010374239797706523, -0.033624026369221904], [0.023692842757949417, -0.033624026369221904, 0.36557321253111513]], "chi2_level": 0.95, "chi2_df": 3, "chi2_threshold": 7.814727903251179, "N_raw": 88, "N_roi": 88, "N_inlier": 85, "refit": true}
{"timestamp": "18:49:40.347026", "frame": 57, "mu": [0.15263178141899764, 1.2548072977071771, -0.31569094080612453], "Sigma": [[0.003194958416505057, 0.0008167947502991629, 0.005851806989982137], [0.0008167947502991629, 0.007210431067376202, 0.001310716265887738], [0.005851806989982138, 0.001310716265887738, 0.0943592533951141]], "chi2_level": 0.95, "chi2_df": 3, "chi2_threshold": 7.814727903251179, "N_raw": 80, "N_roi": 80, "N_inlier": 71, "refit": true}
{"timestamp": "18:49:40.400945", "frame": 58, "mu": [0.10277593953966593, 1.25001604603316, 1.5811552449012845], "Sigma": [[0.0035605216198632836, -0.00015093584697400728, -0.0025214557240683605], [-0.00015093584697400733, 0.0046220763298422856, -0.004595001378589663], [-0.0025214557240683605, -0.004595001378589663, 0.007593936976598357]], "chi2_level": 0.95, "chi2_df": 3, "chi2_threshold": 7.814727903251179, "N_raw": 81, "N_roi": 81, "N_inlier": 78, "refit": true}
{"timestamp": "18:49:40.455845", "frame": 59, "mu": [0.028604096920072805, 1.2501665069151566, 1.5666918109718486], "Sigma": [[0.0029841233070108403, 0.0002642301919186273, -0.002359123330800521], [0.00026423019191862727, 0.00346017561040933, -0.006045954158180081], [-0.002359123330800521, -0.006045954158180081, 0.012487406692905849]], "chi2_level": 0.95, "chi2_df": 3, "chi2_threshold": 7.814727903251179, "N_raw": 74, "N_roi": 74, "N_inlier": 72, "refit": true}
{"timestamp": "18:49:40.504401", "frame": 60, "mu": [-0.018641134803155046, 1.1664723354174078, 1.568668789628391], "Sigma": [[0.001493675714886257, 7.722570663868248e-05, -0.0008851497295496818], [7.722570663868251e-05, 0.0021502220141616786, -8.475670660337722e-05], [-0.0008851497295496818, -8.475670660337717e-05, 0.00977960529292888]], "chi2_level": 0.95, "chi2_df": 3, "chi2_threshold": 7.814727903251179, "N_raw": 31, "N_roi": 31, "N_inlier": 27, "refit": true}
{"timestamp": "18:49:40.563116", "frame": 61, "mu": [-0.06711889862579783, 1.2162571078855344, 1.5432137907929167], "Sigma": [[0.002697092913150791, 0.0009735366556491962, -0.00333069113981446], [0.0009735366556491963, 0.006831739355531352, -0.0011453695319236256], [-0.00333069113981446, -0.0011453695319236256, 0.006055060578798044]], "chi2_level": 0.95, "chi2_df": 3, "chi2_threshold": 7.814727903251179, "N_raw": 64, "N_roi": 64, "N_inlier": 59, "refit": true}
{"timestamp": "18:49:40.621790", "frame": 62, "mu": [-0.1370619340461635, 1.234558352715635, 1.5496818599857827], "Sigma": [[0.004723057132725593, 0.0005687824646270624, -0.0034026541664102304], [0.0005687824646270625, 0.0036563158750575926, -0.004283178242147622], [-0.0034026541664102304, -0.004283178242147622, 0.011684046455729855]], "chi2_level": 0.95, "chi2_df": 3, "chi2_threshold": 7.814727903251179, "N_raw": 85, "N_roi": 85, "N_inlier": 80, "refit": true}
{"timestamp": "18:49:40.683086", "frame": 63, "mu": [-0.22474955070439517, 1.1928964613535715, 1.4864286129077993], "Sigma": [[0.004467396747812572, 0.00254715070846174, 0.003654408013202603], [0.00254715070846174, 0.008104767953153668, 0.0007813761052659835], [0.003654408013202603, 0.0007813761052659833, 0.006985439820457143]], "chi2_level": 0.95, "chi2_df": 3, "chi2_threshold": 7.814727903251179, "N_raw": 89, "N_roi": 88, "N_inlier": 83, "refit": true}
{"timestamp": "18:49:40.729168", "frame": 64, "mu": [-0.31669339166553767, 1.2388966422717433, 1.570323043560889], "Sigma": [[0.0034546633307216005, -0.0009370033187349868, -0.002304536449564779], [-0.0009370033187349866, 0.003471663221014832, -0.0018831579360167688], [-0.002304536449564779, -0.0018831579360167688, 0.009372650681897214]], "chi2_level": 0.95, "chi2_df": 3, "chi2_threshold": 7.814727903251179, "N_raw": 63, "N_roi": 63, "N_inlier": 58, "refit": true}
{"timestamp": "18:49:40.784100", "frame": 65, "mu": [-0.33551661757748935, 1.241817845544599, 1.4936556800480412], "Sigma": [[0.003203025629179922, 0.0002911198458657705, -0.004472103823295516], [0.00029111984586577044, 0.003596601211411128, -0.005204735937555927], [-0.004472103823295517, -0.005204735937555927, 0.029718939256697406]], "chi2_level": 0.95, "chi2_df": 3, "chi2_threshold": 7.814727903251179, "N_raw": 70, "N_roi": 70, "N_inlier": 69, "refit": true}
{"timestamp": "18:49:40.851164", "frame": 66, "mu": [-0.3743547755157348, 1.2367808246304222, 1.075732090401671], "Sigma": [[0.004937236455533515, 9.116584979333085e-05, -0.012500649231257422], [9.116584979333088e-05, 0.005313065729568856, -0.015077740965937569], [-0.012500649231257424, -0.015077740965937569, 0.22790027048396777]], "chi2_level": 0.95, "chi2_df": 3, "chi2_threshold": 7.814727903251179, "N_raw": 150, "N_roi": 150, "N_inlier": 144, "refit": true}
{"timestamp": "18:49:40.903521", "frame": 67, "mu": [-0.4844878808579488, 1.2060940728488367, 0.9866487316383515], "Sigma": [[0.0051740415578818205, 0.0002831484238540942, -0.022936054775124427], [0.0002831484238540944, 0.012189333498150807, -0.010571935145783314], [-0.022936054775124427, -0.010571935145783314, 0.2911318687238411]], "chi2_level": 0.95, "chi2_df": 3, "chi2_threshold": 7.814727903251179, "N_raw": 121, "N_roi": 121, "N_inlier": 120, "refit": true}
{"timestamp": "18:49:40.955565", "frame": 68, "mu": [-0.5896486511992313, 1.2429564595452085, 1.6130418270504117], "Sigma": [[0.005366238235971711, 0.00023693733095435225, -0.0015003971802120698], [0.0002369373309543522, 0.00509436324763999, -0.003812467787027738], [-0.0015003971802120698, -0.0038124677870277385, 0.0043071116342629735]], "chi2_level": 0.95, "chi2_df": 3, "chi2_threshold": 7.814727903251179, "N_raw": 79, "N_roi": 79, "N_inlier": 74, "refit": true}
{"timestamp": "18:49:41.011255", "frame": 69, "mu": [-0.6275063452121299, 1.227994642327836, 1.4385795514057622], "Sigma": [[0.006998762185367046, -0.00065275020031111, -0.011507436315320354], [-0.00065275020031111, 0.007413702909348206, 0.0005063825864933709], [-0.011507436315320353, 0.0005063825864933711, 0.05320594117113822]], "chi2_level": 0.95, "chi2_df": 3, "chi2_threshold": 7.814727903251179, "N_raw": 108, "N_roi": 108, "N_inlier": 104, "refit": true}
{"timestamp": "18:49:41.061104", "frame": 70, "mu": [-0.7025226622881701, 1.2183746228976695, 1.3002707874308854], "Sigma": [[0.003428603449768622, -0.0015480313056630665, -0.0079895990404989], [-0.0015480313056630665, 0.009124073750498651, 0.021987758726576156], [-0.0079895990404989, 0.021987758726576153, 0.09830851575388752]], "chi2_level": 0.95, "chi2_df": 3, "chi2_threshold": 7.814727903251179, "N_raw": 78, "N_roi": 78, "N_inlier": 71, "refit": true}
{"timestamp": "18:49:41.114446", "frame": 71, "mu": [-0.7573660446293459, 1.2291921467243687, 1.431057548914431], "Sigma": [[0.005863599222147659, 0.00035121551231557055, -0.010361046944950878], [0.0003512155123155707, 0.004933428641501355, -0.0014475472253136197], [-0.010361046944950878, -0.00144754722531362, 0.033941424238407875]], "chi2_level": 0.95, "chi2_df": 3, "chi2_threshold": 7.814727903251179, "N_raw": 72, "N_roi": 72, "N_inlier": 67, "refit": true}
{"timestamp": "18:49:41.183505", "frame": 72, "mu": [-0.8959482624953584, 1.2677878662601851, 1.686874728051066], "Sigma": [[0.007177065517081318, 0.0007375024441291256, -0.010773508785274088], [0.0007375024441291256, 0.0025022972750431745, -0.0036971165403729216], [-0.010773508785274088, -0.003697116540372922, 0.03670137456619489]], "chi2_level": 0.95, "chi2_df": 3, "chi2_threshold": 7.814727903251179, "N_raw": 51, "N_roi": 49, "N_inlier": 44, "refit": true}
{"timestamp": "18:49:41.263034", "frame": 73, "mu": [-0.8607038774473285, 1.43867902194419, -0.4371188355693613], "Sigma": [[0.0022856124250117266, 0.0011788955095058278, -0.0045947740383442855], [0.001178895509505828, 0.007782021374991758, -0.011033200368848186], [-0.004594774038344285, -0.011033200368848186, 0.03547762700600674]], "chi2_level": 0.95, "chi2_df": 3, "chi2_threshold": 7.814727903251179, "N_raw": 18, "N_roi": 18, "N_inlier": 15, "refit": true}
{"timestamp": "18:49:41.302248", "frame": 74, "mu": [-0.8994386957237337, 1.4648336286733326, -0.6632133971077521], "Sigma": [[0.008736187207127854, 0.004184503419516089, -0.029252669226937384], [0.004184503419516089, 0.008472921709151439, -0.019518645858737686], [-0.029252669226937384, -0.019518645858737686, 0.20361039496322395]], "chi2_level": 0.95, "chi2_df": 3, "chi2_threshold": 7.814727903251179, "N_raw": 84, "N_roi": 84, "N_inlier": 83, "refit": true}
{"timestamp": "18:49:41.366502", "frame": 75, "mu": [-0.9893426640785311, 1.5246300547067781, -0.7000544780991698], "Sigma": [[0.06002442471660967, 0.0628204123164225, -0.07208032504340042], [0.0628204123164225, 0.07954650263784724, -0.05475006531244689], [-0.07208032504340042, -0.05475006531244689, 0.20870377440093293]], "chi2_level": 0.95, "chi2_df": 3, "chi2_threshold": 7.814727903251179, "N_raw": 44, "N_roi": 44, "N_inlier": 43, "refit": true}
{"timestamp": "18:49:41.396198", "frame": 76, "mu": [-1.1278445813471112, 1.250031730700517, 1.1545526177385623], "Sigma": [[0.060638542900217404, 0.01930124503117972, -0.16466372096586585], [0.01930124503117972, 0.014358645320370615, -0.03771126544742631], [-0.16466372096586582, -0.03771126544742631, 0.543597452066528]], "chi2_level": 0.95, "chi2_df": 3, "chi2_threshold": 7.814727903251179, "N_raw": 58, "N_roi": 58, "N_inlier": 56, "refit": true}
{"timestamp": "18:49:41.463635", "frame": 77, "mu": [-1.0537416218736289, 1.6872874693154394, -0.7056550092245704], "Sigma": [[0.006149617353123929, 0.006331187884684938, -0.02118196346340102], [0.006331187884684938, 0.022880496454909915, -0.06316002522807336], [-0.021181963463401024, -0.06316002522807336, 0.21940520554835982]], "chi2_level": 0.95, "chi2_df": 3, "chi2_threshold": 7.814727903251179, "N_raw": 71, "N_roi": 71, "N_inlier": 69, "refit": true}
{"timestamp": "18:49:41.501396", "frame": 78, "mu": [-1.309775017750759, 1.3719545750858242, 1.6468205244671315], "Sigma": [[0.015423951758895259, 0.012435380439209155, -0.0197972726193021], [0.012435380439209153, 0.018577433195618817, -0.023775141159191868], [-0.0197972726193021, -0.023775141159191868, 0.09026787227761121]], "chi2_level": 0.95, "chi2_df": 3, "chi2_threshold": 7.814727903251179, "N_raw": 87, "N_roi": 83, "N_inlier": 78, "refit": true}
{"timestamp": "18:49:41.566170", "frame": 79, "mu": [-1.4225792110201017, 1.3196076084084025, 1.7651015498023257], "Sigma": [[0.02531027538291541, 0.02515943209352619, -0.02885205611131847], [0.02515943209352619, 0.03226306612583045, -0.036956470944317685], [-0.02885205611131847, -0.036956470944317685, 0.05665100644751766]], "chi2_level": 0.95, "chi2_df": 3, "chi2_threshold": 7.814727903251179, "N_raw": 74, "N_roi": 74, "N_inlier": 68, "refit": true}
{"timestamp": "18:49:41.628067", "frame": 80, "mu": [-1.4601483183784758, 1.3742877816414203, 1.736307730252377], "Sigma": [[0.028256626510828234, 0.034017682440285066, -0.03892858861290332], [0.034017682440285066, 0.04660667756784927, -0.04840948351029357], [-0.03892858861290332, -0.04840948351029357, 0.06846515463787878]], "chi2_level": 0.95, "chi2_df": 3, "chi2_threshold": 7.814727903251179, "N_raw": 39, "N_roi": 39, "N_inlier": 35, "refit": true}
{"timestamp": "18:49:41.662766", "frame": 81, "mu": [-1.6608653267731435, 1.2217295416179001, 1.7760429336612715], "Sigma": [[0.014722008164163318, 0.01068589481041127, -0.006891567108927167], [0.010685894810411274, 0.016499572482011497, -0.005364036059774868], [-0.006891567108927167, -0.005364036059774868, 0.0037610939676286557]], "chi2_level": 0.95, "chi2_df": 3, "chi2_threshold": 7.814727903251179, "N_raw": 58, "N_roi": 58, "N_inlier": 54, "refit": true}
{"timestamp": "18:49:41.727755", "frame": 82, "mu": [-1.5643889798304418, 1.4007776923227406, 1.5629479853544508], "Sigma": [[0.02995716230623486, 0.02499463365526232, -0.03851461407769567], [0.02499463365526232, 0.03404517663215625, -0.03367017824393956], [-0.03851461407769567, -0.03367017824393956, 0.10186166310609623]], "chi2_level": 0.95, "chi2_df": 3, "chi2_threshold": 7.814727903251179, "N_raw": 128, "N_roi": 128, "N_inlier": 127, "refit": true}
{"timestamp": "18:49:41.783413", "frame": 83, "mu": [-1.6131548800352933, 1.5394374262034713, -0.0028534652702037113], "Sigma": [[0.02881819505271844, 0.02313718768569334, -0.014986013606059055], [0.02313718768569334, 0.03710349288362424, -0.03478124737313634], [-0.014986013606059055, -0.03478124737313634, 0.04914012388649478]], "chi2_level": 0.95, "chi2_df": 3, "chi2_threshold": 7.814727903251179, "N_raw": 130, "N_roi": 130, "N_inlier": 127, "refit": true}
{"timestamp": "18:49:41.834575", "frame": 84, "mu": [-1.699222391558849, 1.4980622996113124, 0.2943975559631653], "Sigma": [[0.026704726446828843, 0.021612020581988668, 0.07601895285979435], [0.021612020581988668, 0.02635332814703745, 0.07042434050234361], [0.07601895285979435, 0.0704243405023436, 0.41193055923925265]], "chi2_level": 0.95, "chi2_df": 3, "chi2_threshold": 7.814727903251179, "N_raw": 97, "N_roi": 97, "N_inlier": 94, "refit": true}
{"timestamp": "18:49:41.887217", "frame": 85, "mu": [-1.7199911821303007, 1.529159936677232, 1.697685014530035], "Sigma": [[0.027225601175376438, 0.02221878735643481, -0.022576842721724902], [0.02221878735643481, 0.026042646523985847, -0.01998960135483621], [-0.0225768427217249, -0.01998960135483621, 0.020346133250832406]], "chi2_level": 0.95, "chi2_df": 3, "chi2_threshold": 7.814727903251179, "N_raw": 88, "N_roi": 88, "N_inlier": 84, "refit": true}
{"timestamp": "18:49:41.939364", "frame": 86, "mu": [-1.7873430800135286, 1.5475658842238367, 1.713664339311401], "Sigma": [[0.02757604845868126, 0.01895088950602282, -0.013467259158864871], [0.01895088950602282, 0.0186771922146425, -0.009638395405623671], [-0.013467259158864871, -0.009638395405623671, 0.014183175985231338]], "chi2_level": 0.95, "chi2_df": 3, "chi2_threshold": 7.814727903251179, "N_raw": 64, "N_roi": 64, "N_inlier": 57, "refit": true}
