{"timestamp": "18:49:08.485714", "frame": 1, "mu": [1.888015202217314, 3.0568970365742696, 1.521370059199287], "Sigma": [[0.01697371620726595, -0.010825248117319143, 0.003958192907751529], [-0.010825248117319143, 0.012151075690346609, -0.006749727114334999], [0.003958192907751529, -0.006749727114334999, 0.012049964205832767]], "chi2_level": 0.95, "chi2_df": 3, "chi2_threshold": 7.814727903251179, "N_raw": 49, "N_roi": 49, "N_inlier": 48, "refit": true}
{"timestamp": "18:49:08.538294", "frame": 2, "mu": [1.9456713445592833, 3.015907752303958, 1.4414450326447845], "Sigma": [[0.006647126553654749, -0.004121922786260864, -0.00171562288072011], [-0.004121922786260864, 0.004737455658163925, -0.0020254195501338812], [-0.00171562288072011, -0.0020254195501338812, 0.007624100001511623]], "chi2_level": 0.95, "chi2_df": 3, "chi2_threshold": 7.814727903251179, "N_raw": 20, "N_roi": 20, "N_inlier": 18, "refit": true}
{"timestamp": "18:49:08.648386", "frame": 4, "mu": [1.9657599598609279, 3.02925749836866, 1.5644355197610962], "Sigma": [[0.00843178952548025, -0.004118582379335633, -0.002338486862573473], [-0.004118582379335634, 0.004002942869560926, -0.0010309310816723513], [-0.0023384868625734726, -0.0010309310816723515, 0.010164919087081994]], "chi2_level": 0.95, "chi2_df": 3, "chi2_threshold": 7.814727903251179, "N_raw": 25, "N_roi": 23, "N_inlier": 21, "refit": true}
{"timestamp": "18:49:08.706627", "frame": 5, "mu": [1.9703152670798605, 2.9819084449854496, 1.5893695188072403], "Sigma": [[0.012965602286090549, -0.0077566184725341054, -0.0008605863737664551], [-0.0077566184725341054, 0.00877848132652906, -0.00019347505962567262], [-0.0008605863737664551, -0.00019347505962567267, 0.0007797836293933943]], "chi2_level": 0.95, "chi2_df": 3, "chi2_threshold": 7.814727903251179, "N_raw": 36, "N_roi": 36, "N_inlier": 34, "refit": true}
{"timestamp": "18:49:08.760083", "frame": 6, "mu": [1.8999915843694508, 3.0296450920406937, 1.5553697488566618], "Sigma": [[0.007686139995107745, -0.004088627915821338, -0.0013865944567630702], [-0.004088627915821338, 0.005279593390628451, -0.001746344036859197], [-0.0013865944567630702, -0.001746344036859197, 0.0038612593261518036]], "chi2_level": 0.95, "chi2_df": 3, "chi2_threshold": 7.814727903251179, "N_raw": 28, "N_roi": 28, "N_inlier": 26, "refit": true}
{"timestamp": "18:49:08.817031", "frame": 7, "mu": [1.9133639537663418, 2.9804558829533034, 1.5253565923625199], "Sigma": [[0.013860905906507558, -0.007757525607529694, -0.00563699099137803], [-0.007757525607529694, 0.010126946490769591, 0.001787130752970329], [-0.00563699099137803, 0.001787130752970329, 0.003962999689570913]], "chi2_level": 0.95, "chi2_df": 3, "chi2_threshold": 7.814727903251179, "N_raw": 47, "N_roi": 45, "N_inlier": 44, "refit": true}
{"timestamp": "18:49:08.871424", "frame": 8, "mu": [1.9415107642023541, 2.972547811797767, 1.5888974080730531], "Sigma": [[0.014506735537872876, -0.007426779793663279, -0.0017193696291866018], [-0.007426779793663279, 0.009934798580020375, -4.764453130746895e-05], [-0.0017193696291866018, -4.764453130746895e-05, 0.001777608398586129]], "chi2_level": 0.95, "chi2_df": 3, "chi2_threshold": 7.814727903251179, "N_raw": 47, "N_roi": 47, "N_inlier": 45, "refit": true}
{"timestamp": "18:49:08.925433", "frame": 9, "mu": [1.9865091504865067, 2.99124664521388, 0.2391421541664069], "Sigma": [[0.014706050536478237, -0.005398816831050717, -0.008757730567881762], [-0.005398816831050717, 0.005554036345711363, 0.002309478033370832], [-0.008757730567881762, 0.002309478033370832, 0.00681147442795412]], "chi2_level": 0.95, "chi2_df": 3, "chi2_threshold": 7.814727903251179, "N_raw": 35, "N_roi": 35, "N_inlier": 33, "refit": true}
{"timestamp": "18:49:08.984056", "frame": 10, "mu": [1.898080365576932, 2.956890305143838, 1.5147136714409373], "Sigma": [[0.017377283680516976, -0.009239118848124145, -0.00906286335267943], [-0.009239118848124145, 0.01258993988840077, 0.0013383126735216021], [-0.00906286335267943, 0.0013383126735216021, 0.009795816780037313]], "chi2_level": 0.95, "chi2_df": 3, "chi2_threshold": 7.814727903251179, "N_raw": 67, "N_roi": 65, "N_inlier": 58, "refit": true}
{"timestamp": "18:49:09.040065", "frame": 11, "mu": [1.9434260214692103, 2.919208029940703, 1.4529321331012541], "Sigma": [[0.018696508913933006, -0.01015768821523083, -0.0036457568291064666], [-0.010157688215230831, 0.012775813242949486, -0.0021116757042538214], [-0.0036457568291064666, -0.002111675704253821, 0.005223265312311194]], "chi2_level": 0.95, "chi2_df": 3, "chi2_threshold": 7.814727903251179, "N_raw": 63, "N_roi": 61, "N_inlier": 59, "refit": true}
{"timestamp": "18:49:09.096066", "frame": 12, "mu": [1.9299995243085712, 2.938029792110601, 0.18002659215933292], "Sigma": [[0.01938214859793758, -0.008196962578546768, -0.01275853200749143], [-0.008196962578546768, 0.013299643693851225, -0.00372507144783834], [-0.01275853200749143, -0.00372507144783834, 0.031489041923164686]], "chi2_level": 0.95, "chi2_df": 3, "chi2_threshold": 7.814727903251179, "N_raw": 68, "N_roi": 65, "N_inlier": 64, "refit": true}
{"timestamp": "18:49:09.149731", "frame": 13, "mu": [1.9643995038200055, 2.8077905045682443, 1.2203985412800429], "Sigma": [[0.01919938195908598, -0.013591318762059422, -0.016344955181973504], [-0.01359131876205942, 0.012400140137562443, 0.006822659098218005], [-0.016344955181973504, 0.006822659098218005, 0.05754038241548444]], "chi2_level": 0.95, "chi2_df": 3, "chi2_threshold": 7.814727903251179, "N_raw": 61, "N_roi": 61, "N_inlier": 60, "refit": true}
{"timestamp": "18:49:09.202925", "frame": 14, "mu": [1.8442594590107897, 2.8228505708549667, 1.1800885077777257], "Sigma": [[0.012535455872771875, -0.00883367212856264, -0.003317931451579024], [-0.008833672128562644, 0.007677285028674827, -0.003036831355577201], [-0.003317931451579024, -0.003036831355577201, 0.05759551624171278]], "chi2_level": 0.95, "chi2_df": 3, "chi2_threshold": 7.814727903251179, "N_raw": 49, "N_roi": 49, "N_inlier": 48, "refit": true}
{"timestamp": "18:49:09.260867", "frame": 15, "mu": [1.9128342433533827, 2.8593264558794234, -0.11084010470429573], "Sigma": [[0.017863926693561637, -0.009080350477173184, 0.003581397879634218], [-0.009080350477173184, 0.014070816932393157, -0.018890037325939885], [0.0035813978796342175, -0.018890037325939885, 0.03854874493917633]], "chi2_level": 0.95, "chi2_df": 3, "chi2_threshold": 7.814727903251179, "N_raw": 70, "N_roi": 67, "N_inlier": 67, "refit": true}
{"timestamp": "18:49:09.315391", "frame": 16, "mu": [1.8717927771758291, 2.669497662861401, 1.0581794766718553], "Sigma": [[0.018360075734391336, -0.0076790765551598954, 0.007626639562271219], [-0.0076790765551598954, 0.006351611108809404, -0.009082337401111541], [0.0076266395622712185, -0.00908233740111154, 0.021167224017748905]], "chi2_level": 0.95, "chi2_df": 3, "chi2_threshold": 7.814727903251179, "N_raw": 62, "N_roi": 62, "N_inlier": 60, "refit": true}
{"timestamp": "18:49:09.371311", "frame": 17, "mu": [1.8430306099536629, 2.6416763727387926, 1.1568791289031881], "Sigma": [[0.0210633954324389, -0.017029769628304877, -0.02829744542484567], [-0.017029769628304877, 0.018579301504348583, 0.025145907696188286], [-0.02829744542484567, 0.025145907696188286, 0.10224603691846848]], "chi2_level": 0.95, "chi2_df": 3, "chi2_threshold": 7.814727903251179, "N_raw": 72, "N_roi": 72, "N_inlier": 71, "refit": true}
{"timestamp": "18:49:09.424219", "frame": 18, "mu": [1.8316439003647287, 2.6424050993790718, -0.6208062079900095], "Sigma": [[0.020151320370115154, -0.004407334875110592, 0.0272892229722889], [-0.004407334875110592, 0.007909536648057451, -0.009105971528943824], [0.0272892229722889, -0.009105971528943824, 0.09038221714720238]], "chi2_level": 0.95, "chi2_df": 3, "chi2_threshold": 7.814727903251179, "N_raw": 69, "N_roi": 69, "N_inlier": 69, "refit": true}
{"timestamp": "18:49:09.482278", "frame": 19, "mu": [1.773826532981059, 2.550288441985825, 1.1684921944258089], "Sigma": [[0.01951632847823719, -0.008650815438825142, 0.00370877684842943], [-0.008650815438825142, 0.008640235592661924, -0.009502816769458591], [0.00370877684842943, -0.009502816769458591, 0.01631654778307772]], "chi2_level": 0.95, "chi2_df": 3, "chi2_threshold": 7.814727903251179, "N_raw": 75, "N_roi": 75, "N_inlier": 72, "refit": true}
{"timestamp": "18:49:09.533824", "frame": 20, "mu": [1.75407623479765, 2.507746617170413, 1.1595797796668867], "Sigma": [[0.014208818483573029, -0.005401000181473932, 0.01074477514785806], [-0.005401000181473932, 0.0051704896891445985, -0.008326163258579305], [0.010744775147858057, -0.008326163258579305, 0.018246625314821165]], "chi2_level": 0.95, "chi2_df": 3, "chi2_threshold": 7.814727903251179, "N_raw": 52, "N_roi": 50, "N_inlier": 49, "refit": true}
{"timestamp": "18:49:09.592600", "frame": 21, "mu": [1.7267316055590758, 2.455273622329068, 1.131676500989194], "Sigma": [[0.013729688147435427, -0.0070849415173937415, -0.0025461611938375405], [-0.0070849415173937415, 0.00648324336875789, -0.007790654572136615], [-0.0025461611938375405, -0.007790654572136615, 0.05950518951463983]], "chi2_level": 0.95, "chi2_df": 3, "chi2_threshold": 7.814727903251179, "N_raw": 85, "N_roi": 83, "N_inlier": 77, "refit": true}
{"timestamp": "18:49:09.642113", "frame": 22, "mu": [1.6920943118124894, 2.444400248752164, 1.3372836712236371], "Sigma": [[0.010580263903302696, -0.005510548075197096, -0.003199411457851353], [-0.005510548075197096, 0.005521503102781394, 0.000682166868548522], [-0.0031994114578513524, 0.000682166868548522, 0.0348439642698655]], "chi2_level": 0.95, "chi2_df": 3, "chi2_threshold": 7.814727903251179, "N_raw": 43, "N_roi": 43, "N_inlier": 41, "refit": true}
{"timestamp": "18:49:09.699369", "frame": 23, "mu": [1.7319543533252577, 2.2844750405145238, 0.9372303833032573], "Sigma": [[0.012103451853228255, -0.009094675715019745, -0.00684976607756301], [-0.009094675715019745, 0.014990353767203134, 0.02648532650353622], [-0.006849766077563008, 0.02648532650353622, 0.1296099475071744]], "chi2_level": 0.95, "chi2_df": 3, "chi2_threshold": 7.814727903251179, "N_raw": 66, "N_roi": 66, "N_inlier": 62, "refit": true}
{"timestamp": "18:49:09.754211", "frame": 24, "mu": [1.6797562224201446, 2.2613759756635083, 0.9096462542990562], "Sigma": [[0.010102954321365813, -0.005872031801076885, 0.0004463889979914326], [-0.005872031801076885, 0.006057567558870912, 0.004653693309010583], [0.00044638899799143226, 0.004653693309010583, 0.07815404858704704]], "chi2_level": 0.95, "chi2_df": 3, "chi2_threshold": 7.814727903251179, "N_raw": 57, "N_roi": 57, "N_inlier": 56, "refit": true}
{"timestamp": "18:49:09.811184", "frame": 25, "mu": [1.6685426319654337, 2.2013948346015972, 1.0233983674208187], "Sigma": [[0.01198244667187654, -0.010341873992654311, -0.008155663713576582], [-0.010341873992654311, 0.012439328406114182, 0.016214380931811573], [-0.008155663713576582, 0.016214380931811573, 0.11288717481151198]], "chi2_level": 0.95, "chi2_df": 3, "chi2_threshold": 7.814727903251179, "N_raw": 73, "N_roi": 73, "N_inlier": 70, "refit": true}
{"timestamp": "18:49:09.865806", "frame": 26, "mu": [1.6192584154325347, 2.1636629867532746, 0.9675587597445842], "Sigma": [[0.012679369066064733, -0.01171679220735233, -0.011045411856466026], [-0.01171679220735233, 0.01225743403221744, 0.01044866454344935], [-0.011045411856466026, 0.01044866454344935, 0.06257310659254572]], "chi2_level": 0.95, "chi2_df": 3, "chi2_threshold": 7.814727903251179, "N_raw": 68, "N_roi": 68, "N_inlier": 67, "refit": true}
{"timestamp": "18:49:09.920396", "frame": 27, "mu": [1.6093341950850129, 2.0443609404409964, 0.8600524802794798], "Sigma": [[0.009369104234416009, -0.008075919531534475, -0.004483841745176502], [-0.008075919531534475, 0.008669076432020193, 0.009799149363205261], [-0.004483841745176502, 0.009799149363205261, 0.08417399939787538]], "chi2_level": 0.95, "chi2_df": 3, "chi2_threshold": 7.814727903251179, "N_raw": 69, "N_roi": 69, "N_inlier": 68, "refit": true}
{"timestamp": "18:49:09.972053", "frame": 28, "mu": [1.5407636167929788, 2.0121981067499903, 0.9812445115277091], "Sigma": [[0.00910446759277323, -0.005750944713672888, 0.0013211786189343702], [-0.005750944713672888, 0.005490067584454003, 0.0029506524483242165], [0.0013211786189343698, 0.0029506524483242174, 0.12813005572578376]], "chi2_level": 0.95, "chi2_df": 3, "chi2_threshold": 7.814727903251179, "N_raw": 52, "N_roi": 52, "N_inlier": 51, "refit": true}
{"timestamp": "18:49:10.032438", "frame": 29, "mu": [1.498458450339791, 2.0029941489689653, 1.060527576830692], "Sigma": [[0.012245790838929444, -0.007272454194038663, -0.0025090534945209925], [-0.007272454194038663, 0.007092153425019787, -0.003999424583651882], [-0.0025090534945209934, -0.003999424583651882, 0.04237044926517172]], "chi2_level": 0.95, "chi2_df": 3, "chi2_threshold": 7.814727903251179, "N_raw": 84, "N_roi": 84, "N_inlier": 82, "refit": true}
{"timestamp": "18:49:10.087099", "frame": 30, "mu": [1.4984637728094778, 1.9533090992498587, 1.232383226675647], "Sigma": [[0.012657043514844445, -0.008541295021578712, -0.010333067294289391], [-0.008541295021578712, 0.009547701544140494, 0.0034944602924736794], [-0.010333067294289393, 0.00349446029247368, 0.03566425198720785]], "chi2_level": 0.95, "chi2_df": 3, "chi2_threshold": 7.814727903251179, "N_raw": 74, "N_roi": 74, "N_inlier": 71, "refit": true}
{"timestamp": "18:49:10.143011", "frame": 31, "mu": [1.448329667800277, 1.8907578900224593, 1.1463414187482692], "Sigma": [[0.015551832737871972, -0.012047183073126463, -0.02123557336870128], [-0.012047183073126463, 0.01397227313094345, 0.018046147533472612], [-0.021235573368701282, 0.018046147533472612, 0.06548477164468436]], "chi2_level": 0.95, "chi2_df": 3, "chi2_threshold": 7.814727903251179, "N_raw": 83, "N_roi": 83, "N_inlier": 80, "refit": true}
{"timestamp": "18:49:10.198669", "frame": 32, "mu": [1.3842600877659013, 1.8645351183909864, 1.192022794360611], "Sigma": [[0.016482823448751877, -0.011657183195630754, -0.016594391104288307], [-0.011657183195630754, 0.013378950588365598, 0.015273387350067523], [-0.016594391104288307, 0.015273387350067526, 0.05874762821806192]], "chi2_level": 0.95, "chi2_df": 3, "chi2_threshold": 7.814727903251179, "N_raw": 89, "N_roi": 89, "N_inlier": 85, "refit": true}
{"timestamp": "18:49:10.255700", "frame": 33, "mu": [1.3367437000385747, 1.7530642994527208, 0.9883921169328128], "Sigma": [[0.014241735761186038, -0.004539365035408374, 0.008761719963893029], [-0.004539365035408374, 0.004313019845036591, 0.0026796777344487736], [0.008761719963893029, 0.002679677734448774, 0.0813708849858211]], "chi2_level": 0.95, "chi2_df": 3, "chi2_threshold": 7.814727903251179, "N_raw": 97, "N_roi": 97, "N_inlier": 95, "refit": true}
{"timestamp": "18:49:10.309301", "frame": 34, "mu": [1.354306922613637, 1.6935835423328172, 0.9692335780795625], "Sigma": [[0.0170717168691414, -0.01027737976004663, -0.012969876672312995], [-0.01027737976004663, 0.00980563210369311, 0.014309692662137854], [-0.012969876672312995, 0.014309692662137857, 0.06003870433786315]], "chi2_level": 0.95, "chi2_df": 3, "chi2_threshold": 7.814727903251179, "N_raw": 89, "N_roi": 89, "N_inlier": 86, "refit": true}
{"timestamp": "18:49:10.364182", "frame": 35, "mu": [1.3347581301587175, 1.6830501872159942, 1.15316407445637], "Sigma": [[0.013681292353238032, -0.008062853955453125, -0.013821284713571025], [-0.008062853955453125, 0.009108831760238323, 0.002212680597032256], [-0.013821284713571025, 0.002212680597032256, 0.032420081940549184]], "chi2_level": 0.95, "chi2_df": 3, "chi2_threshold": 7.814727903251179, "N_raw": 93, "N_roi": 93, "N_inlier": 92, "refit": true}
{"timestamp": "18:49:10.413192", "frame": 36, "mu": [1.143185279551653, 1.7350843361925539, 1.1091511063931236], "Sigma": [[0.010371176459334006, -0.005028759667943394, -0.004256634344319746], [-0.005028759667943394, 0.004833946596724833, -0.00011911610580759668], [-0.004256634344319746, -0.00011911610580759668, 0.013470144101709148]], "chi2_level": 0.95, "chi2_df": 3, "chi2_threshold": 7.814727903251179, "N_raw": 49, "N_roi": 49, "N_inlier": 45, "refit": true}
{"timestamp": "18:49:10.468292", "frame": 37, "mu": [1.1771306737584106, 1.6052219565643597, 1.2514502541769437], "Sigma": [[0.0064106179241698105, -0.002379924379705873, -0.0020467276894580444], [-0.002379924379705873, 0.0020833238390668123, -0.0016324610910491725], [-0.002046727689458044, -0.0016324610910491723, 0.025814953876040193]], "chi2_level": 0.95, "chi2_df": 3, "chi2_threshold": 7.814727903251179, "N_raw": 53, "N_roi": 53, "N_inlier": 49, "refit": true}
{"timestamp": "18:49:10.527618", "frame": 38, "mu": [1.1722251482242225, 1.4830172994670894, 1.2460291810113149], "Sigma": [[0.013370898707813347, -0.0074026341704379675, -0.019000343297724494], [-0.0074026341704379675, 0.00639856789396058, 0.011570452355651264], [-0.019000343297724494, 0.011570452355651264, 0.060726982602198436]], "chi2_level": 0.95, "chi2_df": 3, "chi2_threshold": 7.814727903251179, "N_raw": 83, "N_roi": 83, "N_inlier": 80, "refit": true}
{"timestamp": "18:49:10.583308", "frame": 39, "mu": [1.102495938916623, 1.4809613238887827, 1.2484845991482494], "Sigma": [[0.010506461845973184, -0.004092372091285832, -0.006461464324417321], [-0.004092372091285832, 0.0043858085739654695, -0.002433890538874634], [-0.006461464324417321, -0.002433890538874634, 0.023691497787364207]], "chi2_level": 0.95, "chi2_df": 3, "chi2_threshold": 7.814727903251179, "N_raw": 85, "N_roi": 85, "N_inlier": 81, "refit": true}
{"timestamp": "18:49:10.638001", "frame": 40, "mu": [0.9988807686010306, 1.6203693630675664, -0.261005110297806], "Sigma": [[0.012155744069306846, -0.013429437492874063, 0.026478197814535663], [-0.01342943749287406, 0.02452319188089442, -0.054459692459983416], [0.026478197814535663, -0.05445969245998343, 0.23398695846646536]], "chi2_level": 0.95, "chi2_df": 3, "chi2_threshold": 7.814727903251179, "N_raw": 80, "N_roi": 80, "N_inlier": 74, "refit": true}
{"timestamp": "18:49:10.697911", "frame": 41, "mu": [1.044719495334947, 1.3363733906602904, 0.9512025070421858], "Sigma": [[0.008772681339758887, -0.0039030498817282343, 0.00219825628622153], [-0.0039030498817282343, 0.004946742332010799, 0.003196087175833787], [0.00219825628622153, 0.003196087175833787, 0.06811237412782745]], "chi2_level": 0.95, "chi2_df": 3, "chi2_threshold": 7.814727903251179, "N_raw": 115, "N_roi": 115, "N_inlier": 111, "refit": true}
{"timestamp": "18:49:10.754307", "frame": 42, "mu": [0.9691692269538459, 1.4263399247808906, 0.10974456631036059], "Sigma": [[0.011431354164704673, -0.007936974076493573, 0.024381888920459734], [-0.007936974076493575, 0.023613335175703756, -0.13066524750593966], [0.024381888920459734, -0.13066524750593966, 0.9485462450593745]], "chi2_level": 0.95, "chi2_df": 3, "chi2_threshold": 7.814727903251179, "N_raw": 116, "N_roi": 116, "N_inlier": 112, "refit": true}
{"timestamp": "18:49:10.809602", "frame": 43, "mu": [0.9007732800221673, 1.2124833642864643, 0.94438079326835], "Sigma": [[0.01174222490477632, -0.006652161691043917, 0.0021012340000252394], [-0.006652161691043917, 0.028486051065619973, 0.0661529211775719], [0.0021012340000252385, 0.0661529211775719, 0.2971821248266399]], "chi2_level": 0.95, "chi2_df": 3, "chi2_threshold": 7.814727903251179, "N_raw": 125, "N_roi": 125, "N_inlier": 119, "refit": true}
{"timestamp": "18:49:10.857379", "frame": 44, "mu": [0.9013483239801973, 1.1651206001257324, 1.095707397447449], "Sigma": [[0.014290568961631984, -0.015140342797294006, -0.0040160416462727], [-0.015140342797294006, 0.020271497445660362, 0.0048078921969564115], [-0.0040160416462727, 0.0048078921969564115, 0.08353470500637594]], "chi2_level": 0.95, "chi2_df": 3, "chi2_threshold": 7.814727903251179, "N_raw": 70, "N_roi": 70, "N_inlier": 67, "refit": true}
{"timestamp": "18:49:10.921083", "frame": 45, "mu": [0.8516060383080152, 1.1841717502977642, 1.250935547772007], "Sigma": [[0.01079778629762049, -0.004839446954052108, -0.013697729600828771], [-0.004839446954052107, 0.006256533513644315, 0.0023684700207233134], [-0.013697729600828771, 0.0023684700207233134, 0.045765408239442355]], "chi2_level": 0.95, "chi2_df": 3, "chi2_threshold": 7.814727903251179, "N_raw": 131, "N_roi": 131, "N_inlier": 120, "refit": true}
{"timestamp": "18:49:10.967414", "frame": 46, "mu": [0.8035122029127316, 1.1201928062834408, 1.255997041233685], "Sigma": [[0.009217202824317967, -0.007298847148182708, -0.01364246570078935], [-0.007298847148182708, 0.009980274231897382, 0.013716704255384436], [-0.01364246570078935, 0.013716704255384436, 0.041522742532390355]], "chi2_level": 0.95, "chi2_df": 3, "chi2_threshold": 7.814727903251179, "N_raw": 78, "N_roi": 78, "N_inlier": 75, "refit": true}
{"timestamp": "18:49:11.024212", "frame": 47, "mu": [0.7764062580545849, 1.250924674262418, -0.4188341404527382], "Sigma": [[0.007456426200510287, -0.0011889406024224577, -0.008873038682601475], [-0.001188940602422458, 0.006314314735958963, -0.0019284969736662976], [-0.008873038682601475, -0.0019284969736662974, 0.016352919905311042]], "chi2_level": 0.95, "chi2_df": 3, "chi2_threshold": 7.814727903251179, "N_raw": 86, "N_roi": 86, "N_inlier": 79, "refit": true}
{"timestamp": "18:49:11.076952", "frame": 48, "mu": [0.6736049259098007, 1.0998422558857328, 1.4016301185073177], "Sigma": [[0.006959792132071482, -0.0035745602476720305, -0.007464047593119773], [-0.0035745602476720305, 0.005497917658216987, 0.00191460409174723], [-0.007464047593119773, 0.00191460409174723, 0.010633632511897957]], "chi2_level": 0.95, "chi2_df": 3, "chi2_threshold": 7.814727903251179, "N_raw": 72, "N_roi": 72, "N_inlier": 67, "refit": true}
{"timestamp": "18:49:11.123383", "frame": 49, "mu": [0.683224837432575, 1.0247614838717967, 1.350152850039816], "Sigma": [[0.0021891781119616847, -0.0008516782596825227, -0.0014024701270696942], [-0.0008516782596825227, 0.0030067141871946133, -0.0004249001617344971], [-0.0014024701270696942, -0.00042490016173449713, 0.0016913606392521263]], "chi2_level": 0.95, "chi2_df": 3, "chi2_threshold": 7.814727903251179, "N_raw": 24, "N_roi": 24, "N_inlier": 21, "refit": true}
{"timestamp": "18:49:11.188228", "frame": 50, "mu": [0.5362050126504522, 1.1106768202347796, 1.434650353284791], "Sigma": [[0.006167642100484777, -0.0007873259330021234, -0.0071115725353840045], [-0.0007873259330021233, 0.004298609059139601, -0.0026734494255770064], [-0.0071115725353840045, -0.0026734494255770064, 0.016280575493251327]], "chi2_level": 0.95, "chi2_df": 3, "chi2_threshold": 7.814727903251179, "N_raw": 92, "N_roi": 92, "N_inlier": 87, "refit": true}
{"timestamp": "18:49:11.240310", "frame": 51, "mu": [0.46995345060134347, 1.0912315429114785, 1.496798025568553], "Sigma": [[0.003912496838968132, -5.501099515599653e-05, -0.001562862547550449], [-5.501099515599662e-05, 0.003795003865296572, -0.0017670887888179862], [-0.001562862547550449, -0.001767088788817986, 0.001932622048983889]], "chi2_level": 0.95, "chi2_df": 3, "chi2_threshold": 7.814727903251179, "N_raw": 65, "N_roi": 65, "N_inlier": 62, "refit": true}
{"timestamp": "18:49:11.295547", "frame": 52, "mu": [0.40046614343536385, 1.0897541331224583, 1.3601692180087857], "Sigma": [[0.006553786804177405, -0.0036123639914705723, 0.011924231830594482], [-0.0036123639914705727, 0.0055322968042412655, -0.014946427128890083], [0.011924231830594482, -0.014946427128890083, 0.05611936095663303]], "chi2_level": 0.95, "chi2_df": 3, "chi2_threshold": 7.814727903251179, "N_raw": 73, "N_roi": 73, "N_inlier": 67, "refit": true}
{"timestamp": "18:49:11.357114", "frame": 53, "mu": [0.2965054101151291, 1.1110797249390731, 1.2306869005214596], "Sigma": [[0.013358314966164875, -0.009743590782915687, 0.022492382784468745], [-0.009743590782915687, 0.011972472633475681, -0.029167080759023436], [0.02249238278446874, -0.029167080759023436, 0.08019523240856684]], "chi2_level": 0.95, "chi2_df": 3, "chi2_threshold": 7.814727903251179, "N_raw": 108, "N_roi": 108, "N_inlier": 105, "refit": true}
{"timestamp": "18:49:11.411301", "frame": 54, "mu": [0.22405466118709122, 1.107991148480493, 1.372256415777319], "Sigma": [[0.015232710419900257, -0.010232304700716698, 0.024500764656533003], [-0.010232304700716698, 0.014918300359706333, -0.029325674272050538], [0.024500764656533003, -0.029325674272050538, 0.06553030138556556]], "chi2_level": 0.95, "chi2_df": 3, "chi2_threshold": 7.814727903251179, "N_raw": 108, "N_roi": 108, "N_inlier": 103, "refit": true}
{"timestamp": "18:49:11.469163", "frame": 55, "mu": [0.11865009291133957, 1.121281569497649, 1.2829072239013886], "Sigma": [[0.032635217263458104, -0.01867349225949541, 0.04352535044442585], [-0.018673492259495408, 0.016625297027058575, -0.03144332920525633], [0.04352535044442585, -0.031443329205256325, 0.08743546772552159]], "chi2_level": 0.95, "chi2_df": 3, "chi2_threshold": 7.814727903251179, "N_raw": 127, "N_roi": 127, "N_inlier": 124, "refit": true}
{"timestamp": "18:49:11.523080", "frame": 56, "mu": [0.08435241583336454, 1.078853743034287, 1.4315331663261561], "Sigma": [[0.016017169575814387, -0.008674481447308448, 0.022744673353475315], [-0.008674481447308448, 0.011361163629740975, -0.019959101395437627], [0.02274467335347531, -0.019959101395437627, 0.058324719763485855]], "chi2_level": 0.95, "chi2_df": 3, "chi2_threshold": 7.814727903251179, "N_raw": 111, "N_roi": 111, "N_inlier": 107, "refit": true}
{"timestamp": "18:49:11.572536", "frame": 57, "mu": [0.044986906724432424, 1.0446303904123744, 1.5429141962518507], "Sigma": [[0.002312249267131805, 0.00031478468637123077, -0.0007374115752903171], [0.000314784686371231, 0.006535891492507834, -0.0021671513717182607], [-0.0007374115752903171, -0.0021671513717182603, 0.001523768059871508]], "chi2_level": 0.95, "chi2_df": 3, "chi2_threshold": 7.814727903251179, "N_raw": 77, "N_roi": 77, "N_inlier": 72, "refit": true}
{"timestamp": "18:49:11.625796", "frame": 58, "mu": [0.009687879280232117, 1.0008791612579613, 1.4525160549336193], "Sigma": [[0.002327243503652098, -0.0007090159916707639, -0.003674558387804048], [-0.0007090159916707639, 0.003893521077776764, -0.001800796665875181], [-0.0036745583878040485, -0.001800796665875181, 0.011072171314165699]], "chi2_level": 0.95, "chi2_df": 3, "chi2_threshold": 7.814727903251179, "N_raw": 72, "N_roi": 72, "N_inlier": 69, "refit": true}
{"timestamp": "18:49:11.680586", "frame": 59, "mu": [-0.0482884578397333, 1.0581417212207216, 1.506184444739059], "Sigma": [[0.0025927211919545136, -0.0003982031227027415, -0.0013528557457392159], [-0.00039820312270274144, 0.0018409759758001277, -0.0031439462300892848], [-0.001352855745739216, -0.0031439462300892848, 0.008083702761936554]], "chi2_level": 0.95, "chi2_df": 3, "chi2_threshold": 7.814727903251179, "N_raw": 62, "N_roi": 62, "N_inlier": 60, "refit": true}
{"timestamp": "18:49:11.739689", "frame": 60, "mu": [-0.14024596244086784, 1.0486089411522537, 1.5294721750323856], "Sigma": [[0.003597870120404238, -0.00038066083680347125, -0.0051081793335863174], [-0.00038066083680347125, 0.004314729876256656, -0.004414063781323361], [-0.0051081793335863174, -0.004414063781323361, 0.017949407479342757]], "chi2_level": 0.95, "chi2_df": 3, "chi2_threshold": 7.814727903251179, "N_raw": 100, "N_roi": 98, "N_inlier": 96, "refit": true}
{"timestamp": "18:49:11.795681", "frame": 61, "mu": [-0.20653442438124403, 1.035827012506756, 1.5576490106843268], "Sigma": [[0.005263227237182965, 0.00019218619200848697, -0.0017830708652773171], [0.00019218619200848694, 0.0049437760976199134, -0.0028512927228490103], [-0.0017830708652773171, -0.0028512927228490103, 0.003306407720702887]], "chi2_level": 0.95, "chi2_df": 3, "chi2_threshold": 7.814727903251179, "N_raw": 102, "N_roi": 102, "N_inlier": 100, "refit": true}
{"timestamp": "18:49:11.848151", "frame": 62, "mu": [-0.29374410105040005, 1.0236296866026164, 1.5029336092949146], "Sigma": [[0.004734373796416394, -0.0006802607203686374, -0.0022852265013889026], [-0.0006802607203686374, 0.0020692952404199358, -0.0028246630131206632], [-0.0022852265013889026, -0.0028246630131206632, 0.009537730534671494]], "chi2_level": 0.95, "chi2_df": 3, "chi2_threshold": 7.814727903251179, "N_raw": 82, "N_roi": 82, "N_inlier": 77, "refit": true}
{"timestamp": "18:49:11.903440", "frame": 63, "mu": [-0.36312566275490854, 1.1234522174335895, -0.20732114227150703], "Sigma": [[0.0034589562339297866, 0.000542524763060648, 0.0013405932543456693], [0.0005425247630606479, 0.006892022839325598, -0.0024800655667980647], [0.0013405932543456695, -0.0024800655667980643, 0.010908583324274723]], "chi2_level": 0.95, "chi2_df": 3, "chi2_threshold": 7.814727903251179, "N_raw": 84, "N_roi": 84, "N_inlier": 78, "refit": true}
{"timestamp": "18:49:11.961728", "frame": 64, "mu": [-0.3930316282780737, 1.1240690436213943, -0.49282442553761946], "Sigma": [[0.004036938579006993, 0.002482348827948337, -0.0025848409642524987], [0.002482348827948337, 0.007867272865710333, -0.006805084766049686], [-0.0025848409642524987, -0.006805084766049687, 0.030702366506984304]], "chi2_level": 0.95, "chi2_df": 3, "chi2_threshold": 7.814727903251179, "N_raw": 104, "N_roi": 104, "N_inlier": 95, "refit": true}
{"timestamp": "18:49:12.017294", "frame": 65, "mu": [-0.4664186167647024, 0.9951451766980822, -0.17981145977136165], "Sigma": [[0.0037555803181023822, -0.0009349477147829016, 0.02836229974035178], [-0.0009349477147829016, 0.006681273072619961, 0.005061134809088123], [0.02836229974035178, 0.005061134809088125, 0.6242590472052645]], "chi2_level": 0.95, "chi2_df": 3, "chi2_threshold": 7.814727903251179, "N_raw": 103, "N_roi": 103, "N_inlier": 101, "refit": true}
{"timestamp": "18:49:12.065208", "frame": 66, "mu": [-0.5313110916977356, 1.1683929426195943, -0.18218229926590984], "Sigma": [[0.003959615761600823, -0.00042008481702608897, -0.0009410611243390851], [-0.00042008481702608897, 0.004850578636733271, -0.002004963760061586], [-0.0009410611243390852, -0.002004963760061586, 0.0013404699344424246]], "chi2_level": 0.95, "chi2_df": 3, "chi2_threshold": 7.814727903251179, "N_raw": 66, "N_roi": 66, "N_inlier": 63, "refit": true}
{"timestamp": "18:49:12.121288", "frame": 67, "mu": [-0.48777245848673084, 1.1725378829432758, 1.176021060185359], "Sigma": [[0.002821618456975825, -0.00033413130428172367, -0.002282365287603649], [-0.00033413130428172367, 0.00040547121027686875, -0.0002882744390053243], [-0.002282365287603649, -0.0002882744390053243, 0.011333973908846872]], "chi2_level": 0.95, "chi2_df": 3, "chi2_threshold": 7.814727903251179, "N_raw": 44, "N_roi": 44, "N_inlier": 37, "refit": true}
{"timestamp": "18:49:12.172315", "frame": 68, "mu": [-0.7168008471019126, 1.0974442827337099, 1.53138303152856], "Sigma": [[0.004677572439932246, -0.00017166826315166418, -0.005602063072908292], [-0.0001716682631516643, 0.002342719513225096, 0.00047495622000337924], [-0.005602063072908292, 0.00047495622000337913, 0.03369542852316594]], "chi2_level": 0.95, "chi2_df": 3, "chi2_threshold": 7.814727903251179, "N_raw": 49, "N_roi": 49, "N_inlier": 43, "refit": true}
{"timestamp": "18:49:12.230719", "frame": 69, "mu": [-0.7841891373059842, 1.0784427288814853, 1.5040363239944516], "Sigma": [[0.004969039060349544, -7.161082111057211e-05, -0.0016828816826970003], [-7.16108211105723e-05, 0.004271408331031879, -0.001616537866413932], [-0.0016828816826970003, -0.001616537866413932, 0.005581231590718441]], "chi2_level": 0.95, "chi2_df": 3, "chi2_threshold": 7.814727903251179, "N_raw": 69, "N_roi": 69, "N_inlier": 56, "refit": true}
{"timestamp": "18:49:12.285676", "frame": 70, "mu": [-0.795198628416628, 1.1813244544540498, 1.5630248546582295], "Sigma": [[0.004452484797626363, -0.0003324210121831057, -0.004562762566957684], [-0.0003324210121831058, 0.0023369021644977883, -0.003338399602681428], [-0.004562762566957684, -0.003338399602681428, 0.02260530367659965]], "chi2_level": 0.95, "chi2_df": 3, "chi2_threshold": 7.814727903251179, "N_raw": 63, "N_roi": 62, "N_inlier": 57, "refit": true}
{"timestamp": "18:49:12.344337", "frame": 71, "mu": [-0.8639050151069291, 1.2415428315567167, -0.27981619972204735], "Sigma": [[0.004197642770502359, 0.002183390425101971, 0.002067142542654204], [0.002183390425101971, 0.008717621018005267, 0.0012552061783142443], [0.002067142542654204, 0.0012552061783142443, 0.014076409119241682]], "chi2_level": 0.95, "chi2_df": 3, "chi2_threshold": 7.814727903251179, "N_raw": 60, "N_roi": 60, "N_inlier": 55, "refit": true}
{"timestamp": "18:49:12.393412", "frame": 72, "mu": [-1.042944160681199, 1.1435078856500525, -0.3077311532433888], "Sigma": [[0.042810736973570615, 0.02735381286565792, -0.03121304314750093], [0.02735381286565792, 0.020998490389227464, -0.024219148359478998], [-0.03121304314750093, -0.024219148359478998, 0.044106428621023444]], "chi2_level": 0.95, "chi2_df": 3, "chi2_threshold": 7.814727903251179, "N_raw": 54, "N_roi": 54, "N_inlier": 51, "refit": true}
{"timestamp": "18:49:12.447004", "frame": 73, "mu": [-1.1266394375699398, 1.1130332643982719, 1.6341010397245694], "Sigma": [[0.02543234201154802, 0.0139038416198571, -0.017885192840440656], [0.0139038416198571, 0.009513709608397312, -0.01100308186547989], [-0.017885192840440656, -0.01100308186547989, 0.017727695535783808]], "chi2_level": 0.95, "chi2_df": 3, "chi2_threshold": 7.814727903251179, "N_raw": 46, "N_roi": 46, "N_inlier": 42, "refit": true}
{"timestamp": "18:49:12.504799", "frame": 74, "mu": [-1.0564948071560087, 1.1925941335409802, 1.076760409475017], "Sigma": [[0.07491545267868335, 0.04197305739437169, -0.17307608177058426], [0.04197305739437169, 0.026740670187175318, -0.0979469477642202], [-0.17307608177058423, -0.0979469477642202, 0.41757920355383277]], "chi2_level": 0.95, "chi2_df": 3, "chi2_threshold": 7.814727903251179, "N_raw": 60, "N_roi": 60, "N_inlier": 56, "refit": true}
{"timestamp": "18:49:12.566287", "frame": 75, "mu": [-1.1995615678735922, 1.1994249191022555, 1.375838947526705], "Sigma": [[0.05633958829037858, 0.035811497144267734, -0.1287739889017594], [0.035811497144267734, 0.028417763760504606, -0.08647585281419043], [-0.1287739889017594, -0.08647585281419044, 0.34415964329673493]], "chi2_level": 0.95, "chi2_df": 3, "chi2_threshold": 7.814727903251179, "N_raw": 103, "N_roi": 103, "N_inlier": 102, "refit": true}
{"timestamp": "18:49:12.620079", "frame": 76, "mu": [-1.104155615747272, 1.295354964069357, 0.9104096228653674], "Sigma": [[0.082871861873584, 0.043753700208835546, -0.1860990309286616], [0.043753700208835546, 0.027771103641286342, -0.1062554038206689], [-0.1860990309286616, -0.1062554038206689, 0.4455921403088522]], "chi2_level": 0.95, "chi2_df": 3, "chi2_threshold": 7.814727903251179, "N_raw": 98, "N_roi": 98, "N_inlier": 90, "refit": true}
{"timestamp": "18:49:12.673989", "frame": 77, "mu": [-1.2854958904875744, 1.294334485622156, 1.13230359818769], "Sigma": [[0.06941858819946205, 0.044073967968843886, -0.18179813320648514], [0.04407396796884388, 0.03317634383075008, -0.12514911723085897], [-0.18179813320648514, -0.12514911723085895, 0.5202040304778789]], "chi2_level": 0.95, "chi2_df": 3, "chi2_threshold": 7.814727903251179, "N_raw": 88, "N_roi": 88, "N_inlier": 83, "refit": true}
{"timestamp": "18:49:12.732272", "frame": 78, "mu": [-1.4855302385078661, 1.2316384777951437, 1.4978248575357562], "Sigma": [[0.03191897349536658, 0.03130295939423555, -0.07317731724831525], [0.03130295939423555, 0.04408310202842646, -0.08400332329435063], [-0.07317731724831525, -0.08400332329435063, 0.23531099329958918]], "chi2_level": 0.95, "chi2_df": 3, "chi2_threshold": 7.814727903251179, "N_raw": 113, "N_roi": 113, "N_inlier": 110, "refit": true}
{"timestamp": "18:49:12.786852", "frame": 79, "mu": [-1.4949568271154257, 1.294124177073716, 1.6929352001639675], "Sigma": [[0.021740613340165887, 0.016521925266753085, -0.014219068537372443], [0.016521925266753085, 0.027362983965737563, -0.009446297466124636], [-0.014219068537372443, -0.009446297466124635, 0.010980527326461273]], "chi2_level": 0.95, "chi2_df": 3, "chi2_threshold": 7.814727903251179, "N_raw": 108, "N_roi": 108, "N_inlier": 103, "refit": true}
{"timestamp": "18:49:12.837231", "frame": 80, "mu": [-1.597938549221845, 1.2227953965072755, 1.6588375233195116], "Sigma": [[0.01818494431609413, 0.012336207563632656, -0.010697894925628313], [0.012336207563632656, 0.01919637709822077, -0.008582487872693344], [-0.010697894925628313, -0.008582487872693344, 0.007825657735683915]], "chi2_level": 0.95, "chi2_df": 3, "chi2_threshold": 7.814727903251179, "N_raw": 77, "N_roi": 77, "N_inlier": 73, "refit": true}
{"timestamp": "18:49:12.895584", "frame": 81, "mu": [-1.607888839025978, 1.3786794463204206, 1.7199743803215508], "Sigma": [[0.018875786984052192, 0.013328469097079085, -0.01164933095125446], [0.013328469097079085, 0.020285950657347916, -0.011496876779191464], [-0.01164933095125446, -0.011496876779191464, 0.013655255172900336]], "chi2_level": 0.95, "chi2_df": 3, "chi2_threshold": 7.814727903251179, "N_raw": 99, "N_roi": 99, "N_inlier": 95, "refit": true}
{"timestamp": "18:49:12.949348", "frame": 82, "mu": [-1.7456682475905032, 1.3819378539173983, -0.07849320256799355], "Sigma": [[0.02462387765547252, 0.019698803163035856, 0.030366679152284283], [0.019698803163035856, 0.023691091904246054, 0.020212226662676764], [0.030366679152284283, 0.020212226662676764, 0.07044792576928298]], "chi2_level": 0.95, "chi2_df": 3, "chi2_threshold": 7.814727903251179, "N_raw": 86, "N_roi": 86, "N_inlier": 83, "refit": true}
{"timestamp": "18:49:13.003074", "frame": 83, "mu": [-1.8145948453588587, 1.380806984540292, 1.6634080170794068], "Sigma": [[0.0245849044310118, 0.019068559198804, 0.004668714525314383], [0.019068559198804, 0.01998454267964686, -0.006867572431549432], [0.004668714525314382, -0.006867572431549432, 0.04349338235354224]], "chi2_level": 0.95, "chi2_df": 3, "chi2_threshold": 7.814727903251179, "N_raw": 85, "N_roi": 85, "N_inlier": 82, "refit": true}
{"timestamp": "18:49:13.059154", "frame": 84, "mu": [-1.709771629646002, 1.5193565044214237, 1.7617478498373855], "Sigma": [[0.032967713492049334, 0.021344839521571415, -0.017683285417233883], [0.021344839521571415, 0.01973896582136511, -0.015215489341033051], [-0.017683285417233883, -0.015215489341033051, 0.020598209617405674]], "chi2_level": 0.95, "chi2_df": 3, "chi2_threshold": 7.814727903251179, "N_raw": 91, "N_roi": 91, "N_inlier": 87, "refit": true}
{"timestamp": "18:49:13.109051", "frame": 85, "mu": [-1.8769634729977052, 1.4354563439056134, 1.712504881525337], "Sigma": [[0.03108897074340916, 0.023185102797879865, -0.014864836851581093], [0.023185102797879865, 0.020891926335883243, -0.017334725675588414], [-0.014864836851581093, -0.017334725675588414, 0.03615178034768368]], "chi2_level": 0.95, "chi2_df": 3, "chi2_threshold": 7.814727903251179, "N_raw": 58, "N_roi": 58, "N_inlier": 54, "refit": true}
{"timestamp": "18:49:13.159566", "frame": 86, "mu": [-1.9139419529178452, 1.5539443491737384, 1.6249593929859234], "Sigma": [[0.03168904185474293, 0.02817448777162171, -0.013334732021293308], [0.02817448777162171, 0.027549430421263857, -0.01779598331479118], [-0.013334732021293308, -0.017795983314791177, 0.061599437559754264]], "chi2_level": 0.95, "chi2_df": 3, "chi2_threshold": 7.814727903251179, "N_raw": 31, "N_roi": 31, "N_inlier": 30, "refit": true}
{"timestamp": "18:49:13.213939", "frame": 87, "mu": [-1.987339382997396, 1.6000884693217372, -0.006060162356553819], "Sigma": [[0.038547754149286205, 0.03557601307752019, -0.00659710380963381], [0.03557601307752019, 0.039523341625029074, -0.020199335102676297], [-0.00659710380963381, -0.020199335102676293, 0.03353997370801415]], "chi2_level": 0.95, "chi2_df": 3, "chi2_threshold": 7.814727903251179, "N_raw": 30, "N_roi": 30, "N_inlier": 28, "refit": true}
