{"timestamp": "17:53:22.455755", "frame": 19, "mu": [2.1152256199393333, 2.5465209711435013, 1.334383075383089], "Sigma": [[0.00936360287696975, -0.008337822572531059, -0.004357426743740333], [-0.008337822572531059, 0.00957410237486511, -0.0036235624439957892], [-0.004357426743740333, -0.0036235624439957897, 0.04523614254549386]], "chi2_level": 0.95, "chi2_df": 3, "chi2_threshold": 7.814727903251179, "N_raw": 41, "N_roi": 41, "N_inlier": 40, "refit": true}
{"timestamp": "17:53:22.511582", "frame": 20, "mu": [2.1441817087520247, 2.5098139533121646, 1.4636529728246797], "Sigma": [[0.010770323444500653, -0.007271044060686526, -0.002260264688929343], [-0.007271044060686526, 0.009786976329678643, 0.00016141811757653933], [-0.002260264688929343, 0.00016141811757653928, 0.002001767543701489]], "chi2_level": 0.95, "chi2_df": 3, "chi2_threshold": 7.814727903251179, "N_raw": 33, "N_roi": 33, "N_inlier": 33, "refit": true}
{"timestamp": "17:53:22.565779", "frame": 21, "mu": [2.0804190694234976, 2.545172608448856, 1.3701193076163123], "Sigma": [[0.003856437916537279, -0.0031300206477872703, 7.011811281088139e-05], [-0.0031300206477872703, 0.0053515309109749935, -0.0025160583463350043], [7.011811281088158e-05, -0.0025160583463350043, 0.021871653181246748]], "chi2_level": 0.95, "chi2_df": 3, "chi2_threshold": 7.814727903251179, "N_raw": 21, "N_roi": 19, "N_inlier": 18, "refit": true}
{"timestamp": "17:53:22.677050", "frame": 23, "mu": [2.0379468855748297, 2.4835729061390013, 1.231655734053276], "Sigma": [[0.0058130992091902445, -0.005687367376456998, 0.004870967150047662], [-0.005687367376456998, 0.0077023993197537525, -0.010300743810627747], [0.004870967150047661, -0.010300743810627747, 0.02304252543719866]], "chi2_level": 0.95, "chi2_df": 3, "chi2_threshold": 7.814727903251179, "N_raw": 32, "N_roi": 30, "N_inlier": 28, "refit": true}
{"timestamp": "17:53:22.733317", "frame": 24, "mu": [2.0758031249621913, 2.4120206946970875, 1.3016019094333955], "Sigma": [[0.010563551303526788, -0.00619252471430733, 0.006499983729594242], [-0.00619252471430733, 0.006241931434673667, -0.01023199119302556], [0.006499983729594241, -0.010231991193025558, 0.03233691085171764]], "chi2_level": 0.95, "chi2_df": 3, "chi2_threshold": 7.814727903251179, "N_raw": 45, "N_roi": 45, "N_inlier": 44, "refit": true}
{"timestamp": "17:53:22.787680", "frame": 25, "mu": [2.0760218563407635, 2.3681668364352264, 1.2209373295753783], "Sigma": [[0.010387068762789392, -0.007428867382820796, -0.001604523265165216], [-0.007428867382820796, 0.007420847612688067, -0.0029112363538334415], [-0.0016045232651652169, -0.002911236353833442, 0.022737182778181857]], "chi2_level": 0.95, "chi2_df": 3, "chi2_threshold": 7.814727903251179, "N_raw": 41, "N_roi": 41, "N_inlier": 40, "refit": true}
{"timestamp": "17:53:22.842262", "frame": 26, "mu": [1.927380466757763, 2.4712484756225583, -0.24797478338820708], "Sigma": [[0.009703167829041156, -0.0022532214065720127, 0.023760232459637855], [-0.0022532214065720127, 0.005054417329176108, -0.004294176813793981], [0.023760232459637858, -0.004294176813793982, 0.09873115328457388]], "chi2_level": 0.95, "chi2_df": 3, "chi2_threshold": 7.814727903251179, "N_raw": 35, "N_roi": 35, "N_inlier": 34, "refit": true}
{"timestamp": "17:53:22.951660", "frame": 28, "mu": [1.9383255467261515, 2.327317886032909, 1.3708892100622463], "Sigma": [[0.009728125309139664, -0.007030738902402609, -0.0009255971086214879], [-0.007030738902402609, 0.00707478290775737, -0.0023741283964817854], [-0.0009255971086214878, -0.0023741283964817854, 0.014925462574487645]], "chi2_level": 0.95, "chi2_df": 3, "chi2_threshold": 7.814727903251179, "N_raw": 35, "N_roi": 35, "N_inlier": 33, "refit": true}
{"timestamp": "17:53:23.061669", "frame": 30, "mu": [1.9076752579373875, 2.1868301236069705, 1.3795526238133227], "Sigma": [[0.009682007989892535, -0.004809287905160857, 0.0016659279864232762], [-0.004809287905160857, 0.006643312122371515, -0.0021345108432141444], [0.0016659279864232764, -0.0021345108432141444, 0.0025120804151398564]], "chi2_level": 0.95, "chi2_df": 3, "chi2_threshold": 7.814727903251179, "N_raw": 37, "N_roi": 37, "N_inlier": 34, "refit": true}
{"timestamp": "17:53:23.119679", "frame": 31, "mu": [1.8197392966960464, 2.2472968494107453, 1.2887815179571296], "Sigma": [[0.012617093595755512, -0.006725046378820419, -0.0025546707613480543], [-0.00672504637882042, 0.00798858116783451, -0.0043780057892814275], [-0.0025546707613480543, -0.0043780057892814275, 0.011734980796972565]], "chi2_level": 0.95, "chi2_df": 3, "chi2_threshold": 7.814727903251179, "N_raw": 57, "N_roi": 57, "N_inlier": 54, "refit": true}
{"timestamp": "17:53:23.172899", "frame": 32, "mu": [1.8071741895685831, 2.1917845259312023, 1.4031725790556293], "Sigma": [[0.011971139827974353, -0.009394712900538657, -0.0027450445960598216], [-0.009394712900538655, 0.01124638049069296, -0.00037488071436714813], [-0.0027450445960598216, -0.0003748807143671483, 0.004403781139875845]], "chi2_level": 0.95, "chi2_df": 3, "chi2_threshold": 7.814727903251179, "N_raw": 43, "N_roi": 43, "N_inlier": 41, "refit": true}
{"timestamp": "17:53:23.227159", "frame": 33, "mu": [1.8714485233036964, 2.049132891704009, 1.1782009864476732], "Sigma": [[0.006206651464353474, -0.004351365555693005, 0.0014116688856651363], [-0.004351365555693004, 0.005217982702829493, 0.0032899397839707724], [0.0014116688856651363, 0.003289939783970772, 0.07975266139336797]], "chi2_level": 0.95, "chi2_df": 3, "chi2_threshold": 7.814727903251179, "N_raw": 32, "N_roi": 32, "N_inlier": 31, "refit": true}
{"timestamp": "17:53:23.283311", "frame": 34, "mu": [1.853757193562052, 2.164898561721442, -0.3588691460428414], "Sigma": [[0.00509898863325878, -0.0039044954080698943, 0.0009286667501732904], [-0.0039044954080698947, 0.008683885613555584, -0.008518528897491263], [0.0009286667501732906, -0.008518528897491263, 0.016835575811292244]], "chi2_level": 0.95, "chi2_df": 3, "chi2_threshold": 7.814727903251179, "N_raw": 38, "N_roi": 38, "N_inlier": 34, "refit": true}
{"timestamp": "17:53:23.337589", "frame": 35, "mu": [1.8195037532929679, 2.0189865409657264, 1.3012330097064224], "Sigma": [[0.006966277939816881, -0.0034921628109068044, -0.001061069531866293], [-0.0034921628109068044, 0.006338980028646752, 0.0010325137508627833], [-0.0010610695318662932, 0.0010325137508627833, 0.023879490117285018]], "chi2_level": 0.95, "chi2_df": 3, "chi2_threshold": 7.814727903251179, "N_raw": 40, "N_roi": 40, "N_inlier": 38, "refit": true}
{"timestamp": "17:53:23.397579", "frame": 36, "mu": [1.7668765768144132, 1.976367075028941, 1.2675964039062133], "Sigma": [[0.011721704851858873, -0.0053010784338066615, -0.003278478096221749], [-0.0053010784338066615, 0.01086063629301876, -0.0046005565288402125], [-0.003278478096221749, -0.0046005565288402125, 0.010416790518883492]], "chi2_level": 0.95, "chi2_df": 3, "chi2_threshold": 7.814727903251179, "N_raw": 74, "N_roi": 72, "N_inlier": 67, "refit": true}
{"timestamp": "17:53:23.449210", "frame": 37, "mu": [1.77462223821531, 1.8749567338465385, 1.2531808677879475], "Sigma": [[0.012457156166787267, -0.006810378889541247, -0.0009062145719420534], [-0.006810378889541247, 0.00991657942128363, -0.001053245232929316], [-0.0009062145719420534, -0.0010532452329293162, 0.0010210193303093343]], "chi2_level": 0.95, "chi2_df": 3, "chi2_threshold": 7.814727903251179, "N_raw": 51, "N_roi": 51, "N_inlier": 50, "refit": true}
{"timestamp": "17:53:23.506066", "frame": 38, "mu": [1.6874083139400762, 1.8455900439824167, 1.0539260101091732], "Sigma": [[0.007510618485811181, -0.005882926780508644, -0.0037617652762131273], [-0.005882926780508644, 0.006136630968154875, -0.003089899853709902], [-0.0037617652762131273, -0.0030898998537099015, 0.04682165153246907]], "chi2_level": 0.95, "chi2_df": 3, "chi2_threshold": 7.814727903251179, "N_raw": 62, "N_roi": 62, "N_inlier": 60, "refit": true}
{"timestamp": "17:53:23.560140", "frame": 39, "mu": [1.6818452647319504, 1.77598902587101, 0.9770259655065056], "Sigma": [[0.006403499345224157, -0.004007588205173882, 0.00030878580573983423], [-0.004007588205173881, 0.004095155772590457, -0.004824134016403197], [0.000308785805739834, -0.004824134016403197, 0.03194176509861307]], "chi2_level": 0.95, "chi2_df": 3, "chi2_threshold": 7.814727903251179, "N_raw": 52, "N_roi": 52, "N_inlier": 52, "refit": true}
{"timestamp": "17:53:23.615929", "frame": 40, "mu": [1.5500586296455994, 1.8136631242264152, 1.0698640655965552], "Sigma": [[0.009839829610044782, -0.007452872112108419, -0.004334671140801615], [-0.007452872112108419, 0.009605078239310262, -0.0015491135386186605], [-0.004334671140801615, -0.0015491135386186607, 0.01219772083449786]], "chi2_level": 0.95, "chi2_df": 3, "chi2_threshold": 7.814727903251179, "N_raw": 59, "N_roi": 59, "N_inlier": 57, "refit": true}
{"timestamp": "17:53:23.666066", "frame": 41, "mu": [1.5661657094599117, 1.73783659840484, 1.3010886497814715], "Sigma": [[0.004961209713676611, -0.0034028394870616215, -0.0013947011364117586], [-0.0034028394870616215, 0.0041423353986992555, 0.0005342793901373117], [-0.0013947011364117586, 0.0005342793901373121, 0.010172959157081924]], "chi2_level": 0.95, "chi2_df": 3, "chi2_threshold": 7.814727903251179, "N_raw": 25, "N_roi": 25, "N_inlier": 23, "refit": true}
{"timestamp": "17:53:23.724520", "frame": 42, "mu": [1.5080744839817257, 1.7522733628893734, 1.2490447344347606], "Sigma": [[0.008718324513536121, -0.004085674486793272, -0.0024859197759052394], [-0.004085674486793272, 0.006896639730271255, -0.00024057101945900214], [-0.0024859197759052394, -0.00024057101945900212, 0.002063544765840907]], "chi2_level": 0.95, "chi2_df": 3, "chi2_threshold": 7.814727903251179, "N_raw": 47, "N_roi": 47, "N_inlier": 45, "refit": true}
{"timestamp": "17:53:23.785087", "frame": 43, "mu": [1.4787347562479094, 1.709028271316603, 1.2020090014150109], "Sigma": [[0.01230658328950888, -0.009847743214087455, -0.012126801302628172], [-0.009847743214087455, 0.012801672120518068, 0.016460636946706443], [-0.012126801302628172, 0.016460636946706447, 0.077596409259922]], "chi2_level": 0.95, "chi2_df": 3, "chi2_threshold": 7.814727903251179, "N_raw": 79, "N_roi": 79, "N_inlier": 76, "refit": true}
{"timestamp": "17:53:23.830839", "frame": 44, "mu": [1.3977480934933764, 1.6896002731545852, 1.2998543500291733], "Sigma": [[0.0059983731172158685, -0.005554332254515205, -0.008342953224792974], [-0.005554332254515205, 0.00681159208513087, 0.007819680785705115], [-0.008342953224792974, 0.007819680785705115, 0.03747690837083847]], "chi2_level": 0.95, "chi2_df": 3, "chi2_threshold": 7.814727903251179, "N_raw": 25, "N_roi": 25, "N_inlier": 24, "refit": true}
{"timestamp": "17:53:23.895898", "frame": 45, "mu": [1.4491848496580617, 1.5770306800434821, 1.110108359286384], "Sigma": [[0.015051268338390532, -0.006338911149966592, 0.0008422625300115929], [-0.006338911149966592, 0.003893355809946847, -0.0011385377450788413], [0.0008422625300115935, -0.0011385377450788413, 0.05531652301902483]], "chi2_level": 0.95, "chi2_df": 3, "chi2_threshold": 7.814727903251179, "N_raw": 92, "N_roi": 92, "N_inlier": 89, "refit": true}
{"timestamp": "17:53:23.948177", "frame": 46, "mu": [1.407507140398958, 1.6751153261586655, -0.5246623153379475], "Sigma": [[0.008361968297139274, 0.0009894701837463251, 0.010849179366703703], [0.0009894701837463253, 0.004909518410329474, 0.0041637625968594895], [0.0108491793667037, 0.004163762596859489, 0.09630045475012054]], "chi2_level": 0.95, "chi2_df": 3, "chi2_threshold": 7.814727903251179, "N_raw": 69, "N_roi": 69, "N_inlier": 67, "refit": true}
{"timestamp": "17:53:23.997517", "frame": 47, "mu": [1.3502805782834342, 1.6638246955163982, 1.2731601058553323], "Sigma": [[0.005776416745727323, -0.005639397327925865, -0.0005844632890684262], [-0.005639397327925865, 0.006962894160175815, -0.001099815207845827], [-0.0005844632890684262, -0.0010998152078458272, 0.006095580602196793]], "chi2_level": 0.95, "chi2_df": 3, "chi2_threshold": 7.814727903251179, "N_raw": 35, "N_roi": 35, "N_inlier": 32, "refit": true}
{"timestamp": "17:53:24.050762", "frame": 48, "mu": [1.251017078712085, 1.720706542484613, -0.7492971734578402], "Sigma": [[0.013801553797782347, -0.0019022461893394066, -0.0026564426766557177], [-0.0019022461893394064, 0.0026049295940027287, -0.0008247056458111343], [-0.0026564426766557177, -0.0008247056458111344, 0.001358784643527583]], "chi2_level": 0.95, "chi2_df": 3, "chi2_threshold": 7.814727903251179, "N_raw": 23, "N_roi": 23, "N_inlier": 21, "refit": true}
{"timestamp": "17:53:24.106433", "frame": 49, "mu": [1.311919316239542, 1.4574066686089606, 1.2881471248937784], "Sigma": [[0.005140058324175219, -0.003108219324101766, 0.005333909199868132], [-0.003108219324101766, 0.0033109848821368058, -0.009250896837565433], [0.005333909199868132, -0.009250896837565433, 0.0373938603979975]], "chi2_level": 0.95, "chi2_df": 3, "chi2_threshold": 7.814727903251179, "N_raw": 32, "N_roi": 32, "N_inlier": 30, "refit": true}
{"timestamp": "17:53:24.166679", "frame": 50, "mu": [1.32292739629197, 1.344871809570846, 1.2797892348821065], "Sigma": [[0.011737839891526592, -0.004217318362904071, -0.0005041821588741981], [-0.004217318362904071, 0.004182072928977217, -0.0030174686810515673], [-0.000504182158874198, -0.0030174686810515673, 0.010198565059695547]], "chi2_level": 0.95, "chi2_df": 3, "chi2_threshold": 7.814727903251179, "N_raw": 68, "N_roi": 68, "N_inlier": 63, "refit": true}
{"timestamp": "17:53:24.222268", "frame": 51, "mu": [1.171971057422033, 1.4032141439864265, 1.2111026156687426], "Sigma": [[0.0029241076744469493, -0.0026171804449572796, 0.0023436128238607467], [-0.0026171804449572796, 0.006032388708081268, -0.01323057982987411], [0.002343612823860747, -0.01323057982987411, 0.04674106373696477]], "chi2_level": 0.95, "chi2_df": 3, "chi2_threshold": 7.814727903251179, "N_raw": 64, "N_roi": 64, "N_inlier": 61, "refit": true}
{"timestamp": "17:53:24.272632", "frame": 52, "mu": [1.2121272301953865, 1.3013061717845105, 1.3296908369166216], "Sigma": [[0.004653795576921677, -0.004261697780816542, -0.0016443223249791822], [-0.004261697780816542, 0.008931219718089951, -0.002331540771933662], [-0.0016443223249791822, -0.002331540771933662, 0.009010516837171067]], "chi2_level": 0.95, "chi2_df": 3, "chi2_threshold": 7.814727903251179, "N_raw": 34, "N_roi": 34, "N_inlier": 31, "refit": true}
{"timestamp": "17:53:24.337658", "frame": 53, "mu": [1.1760768158768697, 1.2620465566119223, 1.206402777810811], "Sigma": [[0.009694655696864772, -0.00540644783879244, -0.0012883493692255128], [-0.00540644783879244, 0.009188662299822974, 0.0008176023971235768], [-0.001288349369225512, 0.0008176023971235768, 0.06059931906919398]], "chi2_level": 0.95, "chi2_df": 3, "chi2_threshold": 7.814727903251179, "N_raw": 110, "N_roi": 110, "N_inlier": 109, "refit": true}
{"timestamp": "17:53:24.388829", "frame": 54, "mu": [1.1258878258167375, 1.2149385725324215, 1.1494149587012439], "Sigma": [[0.006645462160558879, -0.0050250392744320745, -0.008888791757027363], [-0.0050250392744320745, 0.0072688111439886864, 0.009401161115948383], [-0.008888791757027363, 0.009401161115948383, 0.0681495096313143]], "chi2_level": 0.95, "chi2_df": 3, "chi2_threshold": 7.814727903251179, "N_raw": 75, "N_roi": 75, "N_inlier": 72, "refit": true}
{"timestamp": "17:53:24.443179", "frame": 55, "mu": [1.0986313538924661, 1.2021518817973258, 1.3250119182949252], "Sigma": [[0.006463247267804811, -0.0028276132801297576, -0.009395482128644992], [-0.0028276132801297576, 0.0037648446597863547, 0.003569544287632391], [-0.00939548212864499, 0.003569544287632391, 0.0600535983016431]], "chi2_level": 0.95, "chi2_df": 3, "chi2_threshold": 7.814727903251179, "N_raw": 66, "N_roi": 66, "N_inlier": 63, "refit": true}
{"timestamp": "17:53:24.498110", "frame": 56, "mu": [1.0809848941972147, 1.235578500660535, -0.8245464205165735], "Sigma": [[0.006689096508305014, -0.00015829300445427663, 0.0135504692901396], [-0.00015829300445427668, 0.006533007617763338, 0.020321023785969276], [0.013550469290139602, 0.020321023785969276, 0.171478625108111]], "chi2_level": 0.95, "chi2_df": 3, "chi2_threshold": 7.814727903251179, "N_raw": 68, "N_roi": 68, "N_inlier": 65, "refit": true}
{"timestamp": "17:53:24.551743", "frame": 57, "mu": [1.0490608165310602, 1.0134895750728785, 0.9801246146757697], "Sigma": [[0.004707345115134788, -0.0045918652412076716, 0.003669944385521578], [-0.0045918652412076716, 0.011842019777204395, -0.012722122253906717], [0.003669944385521578, -0.012722122253906717, 0.030316222785574817]], "chi2_level": 0.95, "chi2_df": 3, "chi2_threshold": 7.814727903251179, "N_raw": 63, "N_roi": 63, "N_inlier": 58, "refit": true}
{"timestamp": "17:53:24.604266", "frame": 58, "mu": [0.8655122809715078, 1.1372570328726959, 1.497003568611337], "Sigma": [[0.006787215373817092, -0.0036292712198557012, -0.00642330272461406], [-0.0036292712198557012, 0.004333071883234048, 0.003078373652624933], [-0.0064233027246140585, 0.003078373652624933, 0.008925493736463334]], "chi2_level": 0.95, "chi2_df": 3, "chi2_threshold": 7.814727903251179, "N_raw": 48, "N_roi": 48, "N_inlier": 44, "refit": true}
{"timestamp": "17:53:24.669151", "frame": 59, "mu": [0.8808797604266456, 1.0666645084600876, -0.7799432101814217], "Sigma": [[0.010687897710110235, -0.0020457936671969515, -0.012902593402438368], [-0.002045793667196951, 0.011085605473252607, 0.019711439554004204], [-0.012902593402438368, 0.019711439554004204, 0.1121333948765291]], "chi2_level": 0.95, "chi2_df": 3, "chi2_threshold": 7.814727903251179, "N_raw": 107, "N_roi": 107, "N_inlier": 105, "refit": true}
{"timestamp": "17:53:24.722954", "frame": 60, "mu": [0.8210151827780954, 1.15984180456857, -0.30404530842104804], "Sigma": [[0.010316643450394729, -0.0009833338815109928, -0.016030399903873636], [-0.000983333881510993, 0.002784928059737084, 0.0011116391914607446], [-0.016030399903873636, 0.0011116391914607448, 0.03192139377447567]], "chi2_level": 0.95, "chi2_df": 3, "chi2_threshold": 7.814727903251179, "N_raw": 68, "N_roi": 68, "N_inlier": 64, "refit": true}
{"timestamp": "17:53:24.769159", "frame": 61, "mu": [0.7216723459198701, 1.0546380923608953, 1.5170639595017263], "Sigma": [[0.0050825982369853175, -0.0014052051374008777, -0.0057852373017057476], [-0.0014052051374008779, 0.0033783829729755284, 0.0007326476622510432], [-0.0057852373017057476, 0.0007326476622510431, 0.009418909938118277]], "chi2_level": 0.95, "chi2_df": 3, "chi2_threshold": 7.814727903251179, "N_raw": 44, "N_roi": 44, "N_inlier": 41, "refit": true}
{"timestamp": "17:53:24.822610", "frame": 62, "mu": [0.6943272421921582, 1.039749709897401, 1.3889244994335548], "Sigma": [[0.003544842005167965, -0.0002964555170560545, -0.008771046404405822], [-0.00029645551705605454, 0.0022046165424311434, -0.006197990529077772], [-0.008771046404405822, -0.006197990529077771, 0.09965567142012172]], "chi2_level": 0.95, "chi2_df": 3, "chi2_threshold": 7.814727903251179, "N_raw": 38, "N_roi": 38, "N_inlier": 35, "refit": true}
{"timestamp": "17:53:24.881614", "frame": 63, "mu": [0.6692394729044178, 1.0090462202084982, 1.4487255378306423], "Sigma": [[0.004720490851806991, -0.001030578890459107, -0.006238233739710176], [-0.001030578890459107, 0.0018621057597738384, -0.0013774502136449408], [-0.006238233739710176, -0.0013774502136449408, 0.018689506589438964]], "chi2_level": 0.95, "chi2_df": 3, "chi2_threshold": 7.814727903251179, "N_raw": 66, "N_roi": 66, "N_inlier": 64, "refit": true}
{"timestamp": "17:53:24.942066", "frame": 64, "mu": [0.6415504469966864, 1.0219010412750145, 1.4294867826644015], "Sigma": [[0.004557163302611507, 0.0006437725182408419, -0.007477670530847518], [0.0006437725182408419, 0.0059367348975552575, -0.007500016218093923], [-0.007477670530847518, -0.007500016218093923, 0.027023211445158693]], "chi2_level": 0.95, "chi2_df": 3, "chi2_threshold": 7.814727903251179, "N_raw": 101, "N_roi": 100, "N_inlier": 97, "refit": true}
{"timestamp": "17:53:24.996944", "frame": 65, "mu": [0.6447112505915211, 0.9614505017128507, 1.4225904880499018], "Sigma": [[0.007188314438463671, -0.0017305285140455462, -0.001371598257607023], [-0.0017305285140455462, 0.004836788669266221, -0.004907617452082432], [-0.0013715982576070224, -0.004907617452082432, 0.04142679382242847]], "chi2_level": 0.95, "chi2_df": 3, "chi2_threshold": 7.814727903251179, "N_raw": 87, "N_roi": 86, "N_inlier": 80, "refit": true}
{"timestamp": "17:53:25.047341", "frame": 66, "mu": [0.568864535893018, 1.0691245975068682, 1.2048936856609151], "Sigma": [[0.003189331197799904, 0.0010208961735750002, 0.005147783266337507], [0.0010208961735750002, 0.00983130310989421, -0.00036778515399803115], [0.005147783266337507, -0.000367785153998032, 0.063625492938546]], "chi2_level": 0.95, "chi2_df": 3, "chi2_threshold": 7.814727903251179, "N_raw": 21, "N_roi": 21, "N_inlier": 18, "refit": true}
{"timestamp": "17:53:25.103909", "frame": 67, "mu": [0.5105069825503238, 0.9704414246462035, 1.4625841429433075], "Sigma": [[0.0023010976169758777, -0.00012948537704125869, -0.0016292189640735534], [-0.00012948537704125869, 0.004427370570904058, -0.006461904815607523], [-0.0016292189640735532, -0.0064619048156075234, 0.013261018335272967]], "chi2_level": 0.95, "chi2_df": 3, "chi2_threshold": 7.814727903251179, "N_raw": 82, "N_roi": 82, "N_inlier": 76, "refit": true}
{"timestamp": "17:53:25.162447", "frame": 68, "mu": [0.4123672262739896, 1.0042210770849471, 1.1741299354467183], "Sigma": [[0.007498950897603613, -0.004315244891096583, 0.009423945850868767], [-0.004315244891096583, 0.0059221217514113895, -0.016317956321226103], [0.009423945850868767, -0.016317956321226103, 0.07534458063054324]], "chi2_level": 0.95, "chi2_df": 3, "chi2_threshold": 7.814727903251179, "N_raw": 83, "N_roi": 83, "N_inlier": 80, "refit": true}
{"timestamp": "17:53:25.208900", "frame": 69, "mu": [0.3798962695689857, 0.8830104747694153, 1.577844197416378], "Sigma": [[0.0017237960068653831, -0.0002807326590991904, -0.0005453831539450571], [-0.0002807326590991903, 0.0015992683559570063, -0.0008476354622835146], [-0.0005453831539450571, -0.0008476354622835148, 0.0008191811048740271]], "chi2_level": 0.95, "chi2_df": 3, "chi2_threshold": 7.814727903251179, "N_raw": 37, "N_roi": 37, "N_inlier": 29, "refit": true}
{"timestamp": "17:53:25.275484", "frame": 70, "mu": [0.3194325718587675, 0.9320645354760131, 1.2099222633083262], "Sigma": [[0.015091748503927407, -0.01197467321080376, 0.019747884700014637], [-0.01197467321080376, 0.0153256838028246, -0.010134485896306802], [0.019747884700014633, -0.010134485896306802, 0.09453457888441034]], "chi2_level": 0.95, "chi2_df": 3, "chi2_threshold": 7.814727903251179, "N_raw": 124, "N_roi": 124, "N_inlier": 124, "refit": true}
{"timestamp": "17:53:25.325096", "frame": 71, "mu": [0.2952533119256259, 0.9542239287361528, -0.20485423709924502], "Sigma": [[0.00721239799168496, -0.0021232913888438497, 0.044145219959606095], [-0.00212329138884385, 0.006933124662667795, -0.01418230217568934], [0.0441452199596061, -0.014182302175689339, 0.6881086423035775]], "chi2_level": 0.95, "chi2_df": 3, "chi2_threshold": 7.814727903251179, "N_raw": 82, "N_roi": 81, "N_inlier": 74, "refit": true}
{"timestamp": "17:53:25.379007", "frame": 72, "mu": [0.23777819373793244, 0.8986543224592981, 1.5117622028676396], "Sigma": [[0.002302176729060786, 0.00044200307693372225, -0.0016058553793614307], [0.00044200307693372215, 0.003279598130401738, 0.00015456097815222847], [-0.0016058553793614307, 0.00015456097815222836, 0.017492620409164893]], "chi2_level": 0.95, "chi2_df": 3, "chi2_threshold": 7.814727903251179, "N_raw": 74, "N_roi": 72, "N_inlier": 63, "refit": true}
{"timestamp": "17:53:25.433690", "frame": 73, "mu": [0.18227843427870274, 0.8855952882265848, 1.4787688089364643], "Sigma": [[0.0037347680581276102, -0.00226073991349578, -0.004715792809719642], [-0.00226073991349578, 0.003247804873685818, 0.0011287908850651578], [-0.004715792809719642, 0.0011287908850651578, 0.011962493998331034]], "chi2_level": 0.95, "chi2_df": 3, "chi2_threshold": 7.814727903251179, "N_raw": 78, "N_roi": 78, "N_inlier": 75, "refit": true}
{"timestamp": "17:53:25.484886", "frame": 74, "mu": [0.1660503367797005, 0.8516233340422023, 1.4655580531901957], "Sigma": [[0.0019151183172944851, -0.001691907982175136, -0.00522314284019161], [-0.001691907982175136, 0.004981613516517913, 0.009653766132220479], [-0.005223142840191611, 0.009653766132220479, 0.03600080474063737]], "chi2_level": 0.95, "chi2_df": 3, "chi2_threshold": 7.814727903251179, "N_raw": 56, "N_roi": 56, "N_inlier": 51, "refit": true}
{"timestamp": "17:53:25.541417", "frame": 75, "mu": [0.1138346415140711, 0.8537093128868443, 1.4085596556386561], "Sigma": [[0.0019549334363013274, 0.000147894814345464, -0.0008985720777819063], [0.000147894814345464, 0.004769290260478739, -0.0018988955821236946], [-0.0008985720777819063, -0.0018988955821236944, 0.0016387855301291329]], "chi2_level": 0.95, "chi2_df": 3, "chi2_threshold": 7.814727903251179, "N_raw": 62, "N_roi": 62, "N_inlier": 59, "refit": true}
{"timestamp": "17:53:25.654342", "frame": 77, "mu": [-0.031727209975601314, 0.9326887969150421, 1.2588450348705775], "Sigma": [[0.0033189585527519066, -0.0007937689639556086, 0.01754442264227675], [-0.0007937689639556087, 0.0030132223607950348, -0.0032685675752911728], [0.01754442264227675, -0.003268567575291173, 0.31917568957126313]], "chi2_level": 0.95, "chi2_df": 3, "chi2_threshold": 7.814727903251179, "N_raw": 91, "N_roi": 91, "N_inlier": 88, "refit": true}
{"timestamp": "17:53:25.707499", "frame": 78, "mu": [-0.08928638194991116, 0.9163215709606884, 1.509577924009213], "Sigma": [[0.002839694496730539, 0.002964688534147185, 0.0030598780799975375], [0.002964688534147185, 0.00941889335348192, 0.0065696611642003504], [0.0030598780799975375, 0.0065696611642003504, 0.01414180416475207]], "chi2_level": 0.95, "chi2_df": 3, "chi2_threshold": 7.814727903251179, "N_raw": 71, "N_roi": 71, "N_inlier": 65, "refit": true}
{"timestamp": "17:53:25.759995", "frame": 79, "mu": [-0.09862830588516201, 0.9610182680246427, 1.4187801255249355], "Sigma": [[0.0018162703980401645, -0.0007759556629929761, -0.002413357584669749], [-0.0007759556629929761, 0.0035936096270317132, 0.011873578404136774], [-0.002413357584669749, 0.011873578404136774, 0.061528825427215786]], "chi2_level": 0.95, "chi2_df": 3, "chi2_threshold": 7.814727903251179, "N_raw": 54, "N_roi": 54, "N_inlier": 49, "refit": true}
{"timestamp": "17:53:25.821605", "frame": 80, "mu": [-0.18689315662635597, 1.0059446478840801, 1.5697242997432792], "Sigma": [[0.0037277991396023357, -0.0010379133691599271, -0.0008964106721589602], [-0.001037913369159927, 0.002674799639578621, -0.0023121149477359606], [-0.00089641067215896, -0.0023121149477359606, 0.00330691930870989]], "chi2_level": 0.95, "chi2_df": 3, "chi2_threshold": 7.814727903251179, "N_raw": 77, "N_roi": 77, "N_inlier": 71, "refit": true}
{"timestamp": "17:53:25.880462", "frame": 81, "mu": [-0.24443153513126242, 0.9664520769721772, 1.4155440937663806], "Sigma": [[0.005369754409759251, -5.016566913384319e-05, -0.0015455945154794746], [-5.016566913384324e-05, 0.004999929491116177, 0.005492128122970585], [-0.0015455945154794746, 0.005492128122970586, 0.04117950318896084]], "chi2_level": 0.95, "chi2_df": 3, "chi2_threshold": 7.814727903251179, "N_raw": 123, "N_roi": 123, "N_inlier": 120, "refit": true}
{"timestamp": "17:53:25.930649", "frame": 82, "mu": [-0.29714023753084695, 1.0243146721986665, -0.09543622528032249], "Sigma": [[0.003125576402978742, 0.0014431479182572269, 0.02465728676281917], [0.0014431479182572269, 0.00825634413196453, 0.024872276723029392], [0.02465728676281917, 0.024872276723029392, 0.4884583813682702]], "chi2_level": 0.95, "chi2_df": 3, "chi2_threshold": 7.814727903251179, "N_raw": 92, "N_roi": 92, "N_inlier": 91, "refit": true}
{"timestamp": "17:53:25.984810", "frame": 83, "mu": [-0.3576350771876995, 1.1095322970750248, -0.14115132559819904], "Sigma": [[0.003164823225953334, 0.0007038447711046721, -0.005429266631571715], [0.000703844771104672, 0.005368279593860585, -0.003985423636274393], [-0.005429266631571715, -0.003985423636274393, 0.035314164895930734]], "chi2_level": 0.95, "chi2_df": 3, "chi2_threshold": 7.814727903251179, "N_raw": 73, "N_roi": 73, "N_inlier": 70, "refit": true}
{"timestamp": "17:53:26.039441", "frame": 84, "mu": [-0.42476598933733556, 1.0216428129305384, 1.52746757171866], "Sigma": [[0.0032621623694373335, -0.0013354156924683992, -0.00013507934779178178], [-0.0013354156924683988, 0.005335443989855916, -0.004062607660325315], [-0.00013507934779178178, -0.004062607660325315, 0.0037288628340350414]], "chi2_level": 0.95, "chi2_df": 3, "chi2_threshold": 7.814727903251179, "N_raw": 83, "N_roi": 83, "N_inlier": 77, "refit": true}
{"timestamp": "17:53:26.097488", "frame": 85, "mu": [-0.46432505891854003, 1.0002187609902202, 1.4549213604293814], "Sigma": [[0.003825834017916898, -0.0004975193959525189, -0.00033553182429939537], [-0.0004975193959525189, 0.003487027352998321, -0.002638355395227091], [-0.0003355318242993954, -0.0026383553952270904, 0.0026476048234585184]], "chi2_level": 0.95, "chi2_df": 3, "chi2_threshold": 7.814727903251179, "N_raw": 79, "N_roi": 79, "N_inlier": 66, "refit": true}
{"timestamp": "17:53:26.149281", "frame": 86, "mu": [-0.47659458462403265, 1.0840369188963948, 1.538717034562001], "Sigma": [[0.0037055925098735936, -0.0015310381224067735, -0.0010169625804395375], [-0.0015310381224067735, 0.005901639674956659, -0.003295090136983734], [-0.0010169625804395375, -0.003295090136983734, 0.0035547093189567587]], "chi2_level": 0.95, "chi2_df": 3, "chi2_threshold": 7.814727903251179, "N_raw": 80, "N_roi": 80, "N_inlier": 76, "refit": true}
{"timestamp": "17:53:26.198491", "frame": 87, "mu": [-0.5297133230934188, 1.0809023506030153, 1.607654355815189], "Sigma": [[0.003596233556813649, 0.001017586239951835, -0.009034028841720018], [0.0010175862399518353, 0.0022761823418427996, -0.004140445350653229], [-0.009034028841720018, -0.004140445350653229, 0.04389507187103138]], "chi2_level": 0.95, "chi2_df": 3, "chi2_threshold": 7.814727903251179, "N_raw": 43, "N_roi": 43, "N_inlier": 39, "refit": true}
{"timestamp": "17:53:26.260970", "frame": 88, "mu": [-0.5940097568454715, 1.1437001695427844, 1.5622187876136717], "Sigma": [[0.004201755864270786, -0.0005478643190016769, -0.0031313941208376984], [-0.0005478643190016769, 0.004346322956451575, -0.007604486364156808], [-0.0031313941208376984, -0.007604486364156808, 0.024423105918945302]], "chi2_level": 0.95, "chi2_df": 3, "chi2_threshold": 7.814727903251179, "N_raw": 96, "N_roi": 96, "N_inlier": 90, "refit": true}
{"timestamp": "17:53:26.315870", "frame": 89, "mu": [-0.6712349446432591, 1.1998013807991397, -0.08215909275066055], "Sigma": [[0.004558764314771076, -0.0004074494194187995, -0.0018564147778745586], [-0.00040744941941879944, 0.006947471942551092, -0.0022310169210975847], [-0.0018564147778745586, -0.0022310169210975847, 0.002347946304405504]], "chi2_level": 0.95, "chi2_df": 3, "chi2_threshold": 7.814727903251179, "N_raw": 80, "N_roi": 80, "N_inlier": 71, "refit": true}
{"timestamp": "17:53:26.364314", "frame": 90, "mu": [-0.7095986795905143, 1.2201550353385526, -0.19598317733107887], "Sigma": [[0.0036544784026618362, 0.0025132087164838695, -0.006464412297271755], [0.002513208716483869, 0.008121737014958991, -0.0192954531713704], [-0.006464412297271753, -0.0192954531713704, 0.047794765612269065]], "chi2_level": 0.95, "chi2_df": 3, "chi2_threshold": 7.814727903251179, "N_raw": 48, "N_roi": 48, "N_inlier": 46, "refit": true}
{"timestamp": "17:53:26.419925", "frame": 91, "mu": [-0.6947513548034435, 1.1787041232086888, 1.2073402581219883], "Sigma": [[0.00390142593336521, -6.975883653257957e-05, -0.00919888768620342], [-6.975883653257954e-05, 0.0011407656302056706, 0.004837162411575625], [-0.00919888768620342, 0.004837162411575625, 0.053764582322752705]], "chi2_level": 0.95, "chi2_df": 3, "chi2_threshold": 7.814727903251179, "N_raw": 53, "N_roi": 53, "N_inlier": 51, "refit": true}
{"timestamp": "17:53:26.528461", "frame": 93, "mu": [-0.6980432413610149, 1.2609666572652556, 0.5489091855306368], "Sigma": [[0.004556005969839075, 0.0009092501051037921, -0.006523913683430169], [0.0009092501051037922, 0.0019054711508100857, -0.004821514421246146], [-0.006523913683430169, -0.004821514421246147, 0.034573489616607354]], "chi2_level": 0.95, "chi2_df": 3, "chi2_threshold": 7.814727903251179, "N_raw": 44, "N_roi": 44, "N_inlier": 38, "refit": true}
{"timestamp": "17:53:26.587217", "frame": 94, "mu": [-1.0399057132441798, 1.233081472865356, -0.4202632629546653], "Sigma": [[0.06535171069529119, 0.08695635432912388, -0.14802199208907085], [0.08695635432912391, 0.12636065010342465, -0.21165354131285033], [-0.14802199208907085, -0.21165354131285033, 0.3664769956430905]], "chi2_level": 0.95, "chi2_df": 3, "chi2_threshold": 7.814727903251179, "N_raw": 70, "N_roi": 70, "N_inlier": 66, "refit": true}
{"timestamp": "17:53:26.643104", "frame": 95, "mu": [-1.074170895139725, 1.109315925988781, 1.3172184285861026], "Sigma": [[0.05015059705552225, 0.02973990116744432, -0.14076860576306874], [0.02973990116744432, 0.021425656681256136, -0.08802604269600606], [-0.14076860576306874, -0.08802604269600607, 0.4704572972860269]], "chi2_level": 0.95, "chi2_df": 3, "chi2_threshold": 7.814727903251179, "N_raw": 78, "N_roi": 78, "N_inlier": 76, "refit": true}
{"timestamp": "17:53:26.701384", "frame": 96, "mu": [-1.1204385266148738, 1.1415779955936824, 1.090112218746237], "Sigma": [[0.03592259471817955, 0.03802537076531343, -0.08442605561860286], [0.03802537076531343, 0.04786153911588802, -0.1035559826301799], [-0.08442605561860286, -0.1035559826301799, 0.261845925904386]], "chi2_level": 0.95, "chi2_df": 3, "chi2_threshold": 7.814727903251179, "N_raw": 98, "N_roi": 98, "N_inlier": 95, "refit": true}
{"timestamp": "17:53:26.759833", "frame": 97, "mu": [-1.2169071557581916, 1.203123793878846, 0.11461321185583075], "Sigma": [[0.03032625355698685, 0.030607425862590888, 0.0350187916688257], [0.03060742586259088, 0.04208185020342712, 0.047404643456748635], [0.0350187916688257, 0.047404643456748635, 0.09451770762829484]], "chi2_level": 0.95, "chi2_df": 3, "chi2_threshold": 7.814727903251179, "N_raw": 118, "N_roi": 118, "N_inlier": 110, "refit": true}
{"timestamp": "17:53:26.808722", "frame": 98, "mu": [-1.3384169209181846, 1.0768188039906788, 1.710813032688088], "Sigma": [[0.01386229950145887, 0.008862489385027428, -0.009520179223400527], [0.008862489385027428, 0.011160759940634734, -0.009337543896708721], [-0.009520179223400527, -0.009337543896708721, 0.01523213174260989]], "chi2_level": 0.95, "chi2_df": 3, "chi2_threshold": 7.814727903251179, "N_raw": 70, "N_roi": 70, "N_inlier": 65, "refit": true}
{"timestamp": "17:53:26.860063", "frame": 99, "mu": [-1.4374583832898034, 1.0338482963312228, 1.752692088128614], "Sigma": [[0.0102900472605291, 0.0064848726023909176, -0.005075511445185933], [0.0064848726023909176, 0.010945339201804745, -0.004112648759687027], [-0.005075511445185933, -0.004112648759687027, 0.0030531828429935653]], "chi2_level": 0.95, "chi2_df": 3, "chi2_threshold": 7.814727903251179, "N_raw": 58, "N_roi": 58, "N_inlier": 55, "refit": true}
{"timestamp": "17:53:27.040664", "frame": 100, "mu": [-1.3888712918421324, 1.2014907138534514, -0.2241789370263425], "Sigma": [[0.014269003039201457, 0.01089234154510782, 0.00015203218274867326], [0.01089234154510782, 0.01997702996044071, 0.0011812387586577692], [0.00015203218274867283, 0.0011812387586577697, 0.011415342382090217]], "chi2_level": 0.95, "chi2_df": 3, "chi2_threshold": 7.814727903251179, "N_raw": 95, "N_roi": 95, "N_inlier": 92, "refit": true}
{"timestamp": "17:53:27.073562", "frame": 101, "mu": [-1.418195632242664, 1.2112872890487862, 1.5628535711463059], "Sigma": [[0.01789969442620148, 0.013771784495802401, -0.013471071671414354], [0.013771784495802401, 0.020140594435597438, -0.0172526375861116], [-0.013471071671414354, -0.0172526375861116, 0.018866764942584838]], "chi2_level": 0.95, "chi2_df": 3, "chi2_threshold": 7.814727903251179, "N_raw": 108, "N_roi": 108, "N_inlier": 104, "refit": true}
{"timestamp": "17:53:27.105578", "frame": 102, "mu": [-1.4336610832666155, 1.4892696948790975, -0.3685980481400912], "Sigma": [[0.0219352126785307, 0.033179390638263216, -0.03347774156519852], [0.033179390638263216, 0.10466119429294722, -0.12966411834403052], [-0.03347774156519852, -0.12966411834403055, 0.17665548864140732]], "chi2_level": 0.95, "chi2_df": 3, "chi2_threshold": 7.814727903251179, "N_raw": 21, "N_roi": 21, "N_inlier": 20, "refit": true}
{"timestamp": "17:53:27.136135", "frame": 103, "mu": [-1.428893717057587, 1.302095888144087, 1.347532689695955], "Sigma": [[0.043073467237199195, 0.015774322735053754, -0.10475999766912203], [0.015774322735053754, 0.01875002787782954, -0.024810454842945327], [-0.10475999766912204, -0.024810454842945327, 0.3246365631756923]], "chi2_level": 0.95, "chi2_df": 3, "chi2_threshold": 7.814727903251179, "N_raw": 76, "N_roi": 76, "N_inlier": 73, "refit": true}
{"timestamp": "17:53:27.168250", "frame": 104, "mu": [-1.5270803403070028, 1.4187456077864211, -0.01971825477746091], "Sigma": [[0.01788243041606031, 0.01644891783981021, -0.016266346094844793], [0.01644891783981021, 0.02782561592567162, -0.02081438369414627], [-0.016266346094844793, -0.02081438369414627, 0.029377005718206485]], "chi2_level": 0.95, "chi2_df": 3, "chi2_threshold": 7.814727903251179, "N_raw": 86, "N_roi": 86, "N_inlier": 81, "refit": true}
{"timestamp": "17:53:27.200154", "frame": 105, "mu": [-1.5280221807035308, 1.4270693268162662, 1.4522918966168605], "Sigma": [[0.011030070933851754, 0.008391085410726324, -0.0064459775995920066], [0.008391085410726324, 0.011128142452134296, -0.0072791945750268535], [-0.0064459775995920066, -0.0072791945750268535, 0.07047117883165682]], "chi2_level": 0.95, "chi2_df": 3, "chi2_threshold": 7.814727903251179, "N_raw": 85, "N_roi": 85, "N_inlier": 79, "refit": true}
{"timestamp": "17:53:27.257732", "frame": 106, "mu": [-1.5248192526075974, 1.603580800213144, -0.2315436086737673], "Sigma": [[0.026578981052634534, 0.03306640222331034, -0.035433267932373204], [0.03306640222331034, 0.05810377736165843, -0.06536434157512874], [-0.035433267932373204, -0.06536434157512874, 0.1507135969643069]], "chi2_level": 0.95, "chi2_df": 3, "chi2_threshold": 7.814727903251179, "N_raw": 125, "N_roi": 125, "N_inlier": 123, "refit": true}
{"timestamp": "17:53:27.303631", "frame": 107, "mu": [-1.7441498740087307, 1.3536222553978674, 1.6899382845562925], "Sigma": [[0.014245913254402906, 0.00869479997731554, -0.011106005938938276], [0.00869479997731554, 0.017156044751914727, -0.007197513052818058], [-0.011106005938938276, -0.007197513052818058, 0.012367525580161364]], "chi2_level": 0.95, "chi2_df": 3, "chi2_threshold": 7.814727903251179, "N_raw": 73, "N_roi": 73, "N_inlier": 71, "refit": true}
{"timestamp": "17:53:27.362289", "frame": 108, "mu": [-1.7323819170201862, 1.4430024341778123, 0.5854282268601215], "Sigma": [[0.026426128790865748, 0.017680386578384687, 0.07681325651330595], [0.01768038657838469, 0.02387292452645059, 0.06576091646336886], [0.07681325651330595, 0.06576091646336886, 0.47643310091547353]], "chi2_level": 0.95, "chi2_df": 3, "chi2_threshold": 7.814727903251179, "N_raw": 109, "N_roi": 109, "N_inlier": 107, "refit": true}
{"timestamp": "17:53:27.418918", "frame": 109, "mu": [-1.7460441664489177, 1.4894490187976543, 1.6579233856767976], "Sigma": [[0.02544385034323674, 0.020554028616148766, -0.022760320054691485], [0.020554028616148766, 0.031822259021924926, -0.02627740381175791], [-0.022760320054691485, -0.02627740381175791, 0.03606713647911769]], "chi2_level": 0.95, "chi2_df": 3, "chi2_threshold": 7.814727903251179, "N_raw": 111, "N_roi": 111, "N_inlier": 106, "refit": true}
