{"timestamp": "19:08:39.958007", "frame": 1, "mu": [1.520114285479075, 3.141784636773999, 1.1525422601274626], "Sigma": [[0.012991920287408367, -0.004344751900988856, -0.0048572067798175085], [-0.004344751900988856, 0.0024060304910289063, -0.0013320678178194904], [-0.004857206779817509, -0.0013320678178194907, 0.014042419097940073]], "chi2_level": 0.95, "chi2_df": 3, "chi2_threshold": 7.814727903251179, "N_raw": 32, "N_roi": 31, "N_inlier": 29, "refit": true}
{"timestamp": "19:08:40.015387", "frame": 2, "mu": [1.5482620386228902, 3.1535721861049666, 1.2291969129154818], "Sigma": [[0.01833700742915081, -0.0039946070879313565, -0.017355074795444715], [-0.003994607087931357, 0.003071622639658405, 0.0009582928582900574], [-0.017355074795444715, 0.0009582928582900574, 0.030180254798370835]], "chi2_level": 0.95, "chi2_df": 3, "chi2_threshold": 7.814727903251179, "N_raw": 27, "N_roi": 27, "N_inlier": 26, "refit": true}
{"timestamp": "19:08:40.069616", "frame": 3, "mu": [1.4818524000059339, 3.086314247821097, 1.56077840037871], "Sigma": [[0.008893507908161012, -0.0037179473535877148, -0.0055657044962671536], [-0.0037179473535877148, 0.0028210811747592214, -0.0009672229871292347], [-0.005565704496267153, -0.0009672229871292347, 0.01693101013856236]], "chi2_level": 0.95, "chi2_df": 3, "chi2_threshold": 7.814727903251179, "N_raw": 25, "N_roi": 25, "N_inlier": 23, "refit": true}
{"timestamp": "19:08:40.129847", "frame": 4, "mu": [1.5478013034900318, 3.0756803667855577, 1.1116804791537889], "Sigma": [[0.020398370976583986, -0.005379913313715686, -0.01014804347554443], [-0.005379913313715687, 0.0056394757272497245, -0.007998899339196643], [-0.01014804347554443, -0.007998899339196643, 0.07137710972996479]], "chi2_level": 0.95, "chi2_df": 3, "chi2_threshold": 7.814727903251179, "N_raw": 59, "N_roi": 59, "N_inlier": 56, "refit": true}
{"timestamp": "19:08:40.181517", "frame": 5, "mu": [1.7081511209209284, 3.101250677912211, 1.025624149299902], "Sigma": [[0.013322944928017841, -0.006257239178091539, -0.0013337342593815879], [-0.006257239178091539, 0.008194767639374195, 0.0037960246602215244], [-0.0013337342593815879, 0.003796024660221525, 0.002625577150211834]], "chi2_level": 0.95, "chi2_df": 3, "chi2_threshold": 7.814727903251179, "N_raw": 38, "N_roi": 38, "N_inlier": 33, "refit": true}
{"timestamp": "19:08:40.241648", "frame": 6, "mu": [1.484541603826258, 3.0875987178050455, 1.2896222066856486], "Sigma": [[0.015322220336568387, -0.005393260434789762, -0.01809333484140036], [-0.005393260434789762, 0.00490560643745412, -0.005900132098666366], [-0.01809333484140036, -0.005900132098666366, 0.10677079211993282]], "chi2_level": 0.95, "chi2_df": 3, "chi2_threshold": 7.814727903251179, "N_raw": 68, "N_roi": 68, "N_inlier": 65, "refit": true}
{"timestamp": "19:08:40.292780", "frame": 7, "mu": [1.5631502584821322, 3.1083237752182, 0.13182502839075727], "Sigma": [[0.021868417210475076, 0.006776677371054707, -0.0394629949912111], [0.006776677371054707, 0.011244963804482923, -0.028451607428435884], [-0.0394629949912111, -0.028451607428435884, 0.10448999677443387]], "chi2_level": 0.95, "chi2_df": 3, "chi2_threshold": 7.814727903251179, "N_raw": 47, "N_roi": 47, "N_inlier": 46, "refit": true}
{"timestamp": "19:08:40.348277", "frame": 8, "mu": [1.5076555548082022, 3.0573972451721803, 0.9930950205175475], "Sigma": [[0.017719774701652466, -0.007090171393649193, -0.005817839115915777], [-0.007090171393649194, 0.007061697680187933, 0.0014809774726578786], [-0.005817839115915779, 0.0014809774726578786, 0.006746906661941393]], "chi2_level": 0.95, "chi2_df": 3, "chi2_threshold": 7.814727903251179, "N_raw": 53, "N_roi": 52, "N_inlier": 48, "refit": true}
{"timestamp": "19:08:40.407410", "frame": 9, "mu": [1.5899761025873815, 3.0803328937437566, 0.8964759429940404], "Sigma": [[0.02171618308530239, -0.004640689248270196, -0.016897189726855572], [-0.004640689248270196, 0.008006630940409515, -0.006714246181824332], [-0.016897189726855572, -0.006714246181824332, 0.20041608086211746]], "chi2_level": 0.95, "chi2_df": 3, "chi2_threshold": 7.814727903251179, "N_raw": 75, "N_roi": 75, "N_inlier": 74, "refit": true}
{"timestamp": "19:08:40.457637", "frame": 10, "mu": [1.4320236593453788, 3.0701614126483068, 1.3156646743077995], "Sigma": [[0.017236276804973596, -0.005261484188556844, -0.021731242926333744], [-0.005261484188556844, 0.003507517423754801, -0.0010524916428548726], [-0.021731242926333744, -0.0010524916428548729, 0.0627914492613148]], "chi2_level": 0.95, "chi2_df": 3, "chi2_threshold": 7.814727903251179, "N_raw": 43, "N_roi": 43, "N_inlier": 40, "refit": true}
{"timestamp": "19:08:40.512241", "frame": 11, "mu": [1.6415788745625481, 2.9612419981439193, 0.8018440927403936], "Sigma": [[0.020691539491785902, -0.011553041271861922, -0.008963215434252915], [-0.011553041271861922, 0.009036557115335606, 0.0040365222215946826], [-0.008963215434252913, 0.0040365222215946826, 0.0058357475896414586]], "chi2_level": 0.95, "chi2_df": 3, "chi2_threshold": 7.814727903251179, "N_raw": 43, "N_roi": 42, "N_inlier": 40, "refit": true}
{"timestamp": "19:08:40.571799", "frame": 12, "mu": [1.529871912836435, 3.108074704532889, -0.07419777491520632], "Sigma": [[0.019211542992911404, 0.0018027156613336377, -0.02559404589657976], [0.0018027156613336372, 0.014765748953659103, -0.035129185211134256], [-0.02559404589657976, -0.035129185211134256, 0.12119549657800925]], "chi2_level": 0.95, "chi2_df": 3, "chi2_threshold": 7.814727903251179, "N_raw": 68, "N_roi": 68, "N_inlier": 66, "refit": true}
{"timestamp": "19:08:40.625820", "frame": 13, "mu": [1.6040206867479168, 2.9579425357065334, 1.049016479180455], "Sigma": [[0.02359992968381132, -0.005300193644074534, -0.021400920370656676], [-0.005300193644074533, 0.004324114263867667, -0.0056608380321026535], [-0.021400920370656676, -0.005660838032102653, 0.09245710386468393]], "chi2_level": 0.95, "chi2_df": 3, "chi2_threshold": 7.814727903251179, "N_raw": 63, "N_roi": 63, "N_inlier": 59, "refit": true}
{"timestamp": "19:08:40.676886", "frame": 14, "mu": [1.571671627776636, 3.1178123480397155, -0.19435390349331977], "Sigma": [[0.01381858182395505, 0.0004389732470148303, -0.013600179337757454], [0.0004389732470148305, 0.011353645582214826, -0.020644198200125388], [-0.013600179337757454, -0.020644198200125388, 0.062320131703576254]], "chi2_level": 0.95, "chi2_df": 3, "chi2_threshold": 7.814727903251179, "N_raw": 39, "N_roi": 39, "N_inlier": 38, "refit": true}
{"timestamp": "19:08:40.736419", "frame": 15, "mu": [1.4792307108620775, 2.888835702719581, 1.100209705812169], "Sigma": [[0.01584668580267476, -0.0066743692865658885, -0.010932589513288446], [-0.0066743692865658885, 0.006874252678410895, -0.002202529024797244], [-0.010932589513288446, -0.002202529024797245, 0.07970295351702986]], "chi2_level": 0.95, "chi2_df": 3, "chi2_threshold": 7.814727903251179, "N_raw": 70, "N_roi": 70, "N_inlier": 69, "refit": true}
{"timestamp": "19:08:40.792642", "frame": 16, "mu": [1.539894895903867, 2.8048086569243793, 0.8799724029979799], "Sigma": [[0.028721394973513274, -0.006980137220550938, -0.008963568514692141], [-0.006980137220550938, 0.006604335781449913, -0.0017162224072869267], [-0.008963568514692141, -0.001716222407286927, 0.007517505695779824]], "chi2_level": 0.95, "chi2_df": 3, "chi2_threshold": 7.814727903251179, "N_raw": 81, "N_roi": 80, "N_inlier": 75, "refit": true}
{"timestamp": "19:08:40.845034", "frame": 17, "mu": [1.5120150788354179, 2.8068593145032796, 1.0963492413038156], "Sigma": [[0.020528986969865062, -0.0061521329904998786, 0.003080806234875011], [-0.006152132990499879, 0.005831340782094792, -0.004055078293659792], [0.003080806234875011, -0.004055078293659792, 0.004677760007775758]], "chi2_level": 0.95, "chi2_df": 3, "chi2_threshold": 7.814727903251179, "N_raw": 59, "N_roi": 59, "N_inlier": 56, "refit": true}
{"timestamp": "19:08:40.900509", "frame": 18, "mu": [1.5212531504140625, 2.7984462164688333, 0.9943136913473922], "Sigma": [[0.02921329873049582, -0.0068830212322211655, -0.014759146071012348], [-0.006883021232221165, 0.005700623516571547, 0.0007846846218527782], [-0.01475914607101235, 0.0007846846218527782, 0.01656127888437202]], "chi2_level": 0.95, "chi2_df": 3, "chi2_threshold": 7.814727903251179, "N_raw": 69, "N_roi": 69, "N_inlier": 69, "refit": true}
{"timestamp": "19:08:40.956705", "frame": 19, "mu": [1.5206132599549762, 2.734831881360642, 1.027877904500829], "Sigma": [[0.025095219696888174, -0.008449093606066192, -0.00864119644012179], [-0.008449093606066192, 0.006145053232015457, -0.0006891665976738867], [-0.008641196440121792, -0.0006891665976738867, 0.013454146331829451]], "chi2_level": 0.95, "chi2_df": 3, "chi2_threshold": 7.814727903251179, "N_raw": 70, "N_roi": 70, "N_inlier": 69, "refit": true}
{"timestamp": "19:08:41.012792", "frame": 20, "mu": [1.5055743156791783, 2.668378096524826, 0.9364812714318758], "Sigma": [[0.024425555481484312, -0.004313048299278183, -0.0033142081154851283], [-0.004313048299278183, 0.0041866287579415485, -0.0034235847393097505], [-0.0033142081154851283, -0.0034235847393097505, 0.0171756047053506]], "chi2_level": 0.95, "chi2_df": 3, "chi2_threshold": 7.814727903251179, "N_raw": 77, "N_roi": 77, "N_inlier": 73, "refit": true}
{"timestamp": "19:08:41.070407", "frame": 21, "mu": [1.4973409659676542, 2.7044772677771274, 1.1977026205415737], "Sigma": [[0.021386375815381817, -0.0071486957299712415, -0.016871136924073507], [-0.007148695729971242, 0.006194019792134818, -0.005243287782021813], [-0.016871136924073507, -0.005243287782021813, 0.05841508689432485]], "chi2_level": 0.95, "chi2_df": 3, "chi2_threshold": 7.814727903251179, "N_raw": 89, "N_roi": 89, "N_inlier": 88, "refit": true}
{"timestamp": "19:08:41.122211", "frame": 22, "mu": [1.4714456455322418, 2.6388458102018713, 1.2131532987846765], "Sigma": [[0.014154548976866318, -0.005006078468752029, 0.007247324361413459], [-0.005006078468752029, 0.0038408816823177283, -0.012682455731447795], [0.00724732436141346, -0.012682455731447793, 0.07339492548545926]], "chi2_level": 0.95, "chi2_df": 3, "chi2_threshold": 7.814727903251179, "N_raw": 74, "N_roi": 74, "N_inlier": 73, "refit": true}
{"timestamp": "19:08:41.177223", "frame": 23, "mu": [1.5090016171177112, 2.7620980636635903, -0.2244592558649407], "Sigma": [[0.013872377185371827, -0.004765833563769247, -0.0064891814989805185], [-0.004765833563769247, 0.009804048968103283, -0.015684914756743752], [-0.006489181498980517, -0.015684914756743752, 0.04678136702497797]], "chi2_level": 0.95, "chi2_df": 3, "chi2_threshold": 7.814727903251179, "N_raw": 67, "N_roi": 66, "N_inlier": 64, "refit": true}
{"timestamp": "19:08:41.227280", "frame": 24, "mu": [1.507895058875888, 2.609944080321846, 1.2766973703219207], "Sigma": [[0.008182460875226108, -0.004463826772445562, -0.005627696152436105], [-0.004463826772445561, 0.003176046622119515, -0.00044110826141687], [-0.005627696152436105, -0.0004411082614168701, 0.03747433215695769]], "chi2_level": 0.95, "chi2_df": 3, "chi2_threshold": 7.814727903251179, "N_raw": 39, "N_roi": 36, "N_inlier": 34, "refit": true}
{"timestamp": "19:08:41.285275", "frame": 25, "mu": [1.526648960755486, 2.640919756286662, -0.30368911561574347], "Sigma": [[0.020453251856241222, -0.0018240271223021126, 0.00787138552510798], [-0.0018240271223021126, 0.004136496552814045, -0.007326279820643352], [0.007871385525107978, -0.007326279820643352, 0.09310744019923561]], "chi2_level": 0.95, "chi2_df": 3, "chi2_threshold": 7.814727903251179, "N_raw": 63, "N_roi": 63, "N_inlier": 62, "refit": true}
{"timestamp": "19:08:41.341479", "frame": 26, "mu": [1.482911528886322, 2.516083817277961, 1.1891844193476517], "Sigma": [[0.01240842684967016, -0.0072675065289146655, -0.012896918697096048], [-0.007267506528914667, 0.005541705143917658, 0.003997658114656704], [-0.012896918697096048, 0.003997658114656703, 0.09619605653567322]], "chi2_level": 0.95, "chi2_df": 3, "chi2_threshold": 7.814727903251179, "N_raw": 69, "N_roi": 69, "N_inlier": 68, "refit": true}
{"timestamp": "19:08:41.398373", "frame": 27, "mu": [1.50755783167917, 2.4591107589135333, 0.9991150045122237], "Sigma": [[0.016597974481920852, -0.00931629684674943, -0.001895082247226943], [-0.009316296846749433, 0.0077905659094439925, -0.006478450991412789], [-0.001895082247226943, -0.00647845099141279, 0.04955013555988716]], "chi2_level": 0.95, "chi2_df": 3, "chi2_threshold": 7.814727903251179, "N_raw": 86, "N_roi": 86, "N_inlier": 84, "refit": true}
{"timestamp": "19:08:41.453927", "frame": 28, "mu": [1.5013581068820931, 2.3938616700608955, 1.0431455654116963], "Sigma": [[0.016931206321102638, -0.00948228897130178, -0.019309422082322447], [-0.00948228897130178, 0.007432140184765409, 0.014330410601740961], [-0.019309422082322447, 0.014330410601740961, 0.10854193716166546]], "chi2_level": 0.95, "chi2_df": 3, "chi2_threshold": 7.814727903251179, "N_raw": 82, "N_roi": 82, "N_inlier": 81, "refit": true}
{"timestamp": "19:08:41.509466", "frame": 29, "mu": [1.486324081354792, 2.365216880302903, 0.9510641475003054], "Sigma": [[0.015838947932930204, -0.00716159554447611, -0.005932732848822406], [-0.00716159554447611, 0.00547458736891178, 6.467528031916464e-05], [-0.005932732848822406, 6.46752803191645e-05, 0.0593513452254463]], "chi2_level": 0.95, "chi2_df": 3, "chi2_threshold": 7.814727903251179, "N_raw": 86, "N_roi": 83, "N_inlier": 83, "refit": true}
{"timestamp": "19:08:41.563570", "frame": 30, "mu": [1.5146051275049768, 2.2843598634196165, 0.9925215566134921], "Sigma": [[0.023679221191084388, -0.01280900713575863, -0.02308170695129204], [-0.01280900713575863, 0.009358608618844634, 0.013302791557463719], [-0.02308170695129204, 0.013302791557463719, 0.07077447068115478]], "chi2_level": 0.95, "chi2_df": 3, "chi2_threshold": 7.814727903251179, "N_raw": 88, "N_roi": 88, "N_inlier": 87, "refit": true}
{"timestamp": "19:08:41.616284", "frame": 31, "mu": [1.4873314750309696, 2.274634096711695, 1.0054012200648998], "Sigma": [[0.013527091583747715, -0.008359497611800869, -0.013750592465413302], [-0.008359497611800869, 0.00684400329430382, 0.004528065081185026], [-0.013750592465413302, 0.004528065081185027, 0.04395869818183214]], "chi2_level": 0.95, "chi2_df": 3, "chi2_threshold": 7.814727903251179, "N_raw": 65, "N_roi": 65, "N_inlier": 63, "refit": true}
{"timestamp": "19:08:41.669701", "frame": 32, "mu": [1.3927150859626352, 2.2512802365298823, 1.076280902091589], "Sigma": [[0.01345998321615245, -0.0075881645316027025, -0.007314783954391538], [-0.0075881645316027025, 0.004937501588981473, 0.004257418718581217], [-0.007314783954391538, 0.004257418718581216, 0.040654090133878135]], "chi2_level": 0.95, "chi2_df": 3, "chi2_threshold": 7.814727903251179, "N_raw": 58, "N_roi": 58, "N_inlier": 55, "refit": true}
{"timestamp": "19:08:41.725368", "frame": 33, "mu": [1.36448182779554, 2.182927678457383, 1.0095814702456067], "Sigma": [[0.014689227355447313, -0.006271664529054489, 0.0008606423006894948], [-0.006271664529054489, 0.004850362211991115, -0.00514880539994088], [0.0008606423006894949, -0.00514880539994088, 0.01312336146787803]], "chi2_level": 0.95, "chi2_df": 3, "chi2_threshold": 7.814727903251179, "N_raw": 66, "N_roi": 66, "N_inlier": 64, "refit": true}
{"timestamp": "19:08:41.787039", "frame": 34, "mu": [1.3922757317044776, 2.1431084804282157, -0.4104918757029802], "Sigma": [[0.020731134912059558, -0.008021748259012935, 0.0916233682366013], [-0.008021748259012935, 0.005997547319310237, -0.05171727248068788], [0.0916233682366013, -0.05171727248068788, 0.8817362324714467]], "chi2_level": 0.95, "chi2_df": 3, "chi2_threshold": 7.814727903251179, "N_raw": 102, "N_roi": 102, "N_inlier": 99, "refit": true}
{"timestamp": "19:08:41.840070", "frame": 35, "mu": [1.3749018718671382, 2.0658932487955446, 0.8659370821245196], "Sigma": [[0.024724650369820814, -0.006756742401524742, -0.005885107887636233], [-0.006756742401524742, 0.005516486802727921, -0.0009095704626437074], [-0.005885107887636235, -0.0009095704626437074, 0.008720195981861807]], "chi2_level": 0.95, "chi2_df": 3, "chi2_threshold": 7.814727903251179, "N_raw": 88, "N_roi": 88, "N_inlier": 82, "refit": true}
{"timestamp": "19:08:41.894628", "frame": 36, "mu": [1.279092588968465, 2.2411759319498814, 0.10883687294260587], "Sigma": [[0.017415490554789827, -0.01214590718511649, 0.04307784641453837], [-0.012145907185116493, 0.020883132680098997, -0.06692277253591468], [0.04307784641453837, -0.06692277253591467, 0.3463571914255766]], "chi2_level": 0.95, "chi2_df": 3, "chi2_threshold": 7.814727903251179, "N_raw": 91, "N_roi": 91, "N_inlier": 86, "refit": true}
{"timestamp": "19:08:41.952088", "frame": 37, "mu": [1.349727623468354, 2.0150932801427848, 0.9727570183465197], "Sigma": [[0.022569576154765354, -0.006756761040399635, -0.013242533521537762], [-0.006756761040399635, 0.004422864787782705, 0.00021638499698369213], [-0.013242533521537762, 0.00021638499698369202, 0.033578261041349734]], "chi2_level": 0.95, "chi2_df": 3, "chi2_threshold": 7.814727903251179, "N_raw": 98, "N_roi": 98, "N_inlier": 94, "refit": true}
{"timestamp": "19:08:42.007051", "frame": 38, "mu": [1.3258708929712646, 2.0373467689445035, 1.1108925327602022], "Sigma": [[0.0192758239040405, -0.008132321713449877, -0.021230736761708217], [-0.008132321713449877, 0.006325747045114278, 0.0023431431209720074], [-0.021230736761708217, 0.002343143120972008, 0.05815681280503244]], "chi2_level": 0.95, "chi2_df": 3, "chi2_threshold": 7.814727903251179, "N_raw": 106, "N_roi": 106, "N_inlier": 105, "refit": true}
{"timestamp": "19:08:42.059029", "frame": 39, "mu": [1.3166016112869021, 1.9738346062301588, 1.1276074350660783], "Sigma": [[0.016289729451792884, -0.009707557390647954, -0.01610818659074212], [-0.009707557390647954, 0.008790203708709986, 0.007956276060484104], [-0.01610818659074212, 0.007956276060484104, 0.04585420985987622]], "chi2_level": 0.95, "chi2_df": 3, "chi2_threshold": 7.814727903251179, "N_raw": 86, "N_roi": 86, "N_inlier": 83, "refit": true}
{"timestamp": "19:08:42.114889", "frame": 40, "mu": [1.222782236394216, 1.9767004038920728, 1.1651545643599437], "Sigma": [[0.014816093094479467, -0.009209895162136189, -0.004204521528181819], [-0.009209895162136189, 0.010438014493318442, -0.004190185918925024], [-0.004204521528181819, -0.004190185918925024, 0.016423061609547318]], "chi2_level": 0.95, "chi2_df": 3, "chi2_threshold": 7.814727903251179, "N_raw": 93, "N_roi": 93, "N_inlier": 90, "refit": true}
{"timestamp": "19:08:42.169730", "frame": 41, "mu": [1.173531761058064, 1.9211925224166513, 1.2467146977931114], "Sigma": [[0.010695230555232707, -0.005366311834378343, -0.006197378437842159], [-0.005366311834378344, 0.006558902379445927, -0.005434884483532784], [-0.00619737843784216, -0.005434884483532784, 0.037172769237836106]], "chi2_level": 0.95, "chi2_df": 3, "chi2_threshold": 7.814727903251179, "N_raw": 85, "N_roi": 85, "N_inlier": 83, "refit": true}
{"timestamp": "19:08:42.220479", "frame": 42, "mu": [1.1387792272370867, 1.8721532142504138, 1.2272903124857477], "Sigma": [[0.012488733732213117, -0.008668165562291618, 0.0022621856284985326], [-0.008668165562291618, 0.009316116660755857, -0.013507947301685565], [0.0022621856284985326, -0.013507947301685565, 0.07683993686758266]], "chi2_level": 0.95, "chi2_df": 3, "chi2_threshold": 7.814727903251179, "N_raw": 63, "N_roi": 63, "N_inlier": 57, "refit": true}
{"timestamp": "19:08:42.278062", "frame": 43, "mu": [1.1910139202556669, 1.7980931381414815, 1.246357225944184], "Sigma": [[0.012696452790019774, -0.004708985299981068, -0.00274461102697143], [-0.004708985299981068, 0.0048427508170772625, -0.005292621643118512], [-0.0027446110269714295, -0.005292621643118512, 0.02797865575596451]], "chi2_level": 0.95, "chi2_df": 3, "chi2_threshold": 7.814727903251179, "N_raw": 83, "N_roi": 83, "N_inlier": 79, "refit": true}
{"timestamp": "19:08:42.331410", "frame": 44, "mu": [1.173074627653699, 1.7888494742402816, 1.3224982793119606], "Sigma": [[0.0096643825956847, -0.0048899468754575025, 0.0003514169035775623], [-0.004889946875457502, 0.007297993203539393, -0.003369879909404247], [0.0003514169035775624, -0.003369879909404247, 0.0033874697109654616]], "chi2_level": 0.95, "chi2_df": 3, "chi2_threshold": 7.814727903251179, "N_raw": 62, "N_roi": 62, "N_inlier": 59, "refit": true}
{"timestamp": "19:08:42.396460", "frame": 45, "mu": [1.138907115617812, 1.729849865182078, 1.0539066448875116], "Sigma": [[0.011526088153053575, -0.004761245642038356, 0.0005279289743290571], [-0.004761245642038356, 0.006016487239901275, 0.0017461382347305377], [0.0005279289743290571, 0.0017461382347305377, 0.09440194785229232]], "chi2_level": 0.95, "chi2_df": 3, "chi2_threshold": 7.814727903251179, "N_raw": 128, "N_roi": 128, "N_inlier": 124, "refit": true}
{"timestamp": "19:08:42.448017", "frame": 46, "mu": [1.1022021031710154, 1.6869127791814185, 1.0537232985947447], "Sigma": [[0.011246035901375556, -0.006929212763219953, -0.0207941139292448], [-0.006929212763219953, 0.00957565532727106, 0.024991402619586628], [-0.0207941139292448, 0.024991402619586628, 0.20795819569402524]], "chi2_level": 0.95, "chi2_df": 3, "chi2_threshold": 7.814727903251179, "N_raw": 112, "N_roi": 112, "N_inlier": 109, "refit": true}
{"timestamp": "19:08:42.499675", "frame": 47, "mu": [1.0947964911686645, 1.679730959337703, 1.192209353670968], "Sigma": [[0.008859132466275257, -0.00427040696483839, -0.002503338949652372], [-0.00427040696483839, 0.009462690788080708, -0.0007655166475844654], [-0.0025033389496523723, -0.0007655166475844654, 0.027413173787807655]], "chi2_level": 0.95, "chi2_df": 3, "chi2_threshold": 7.814727903251179, "N_raw": 81, "N_roi": 81, "N_inlier": 77, "refit": true}
{"timestamp": "19:08:42.556689", "frame": 48, "mu": [1.0446003636633705, 1.6407968099551518, 1.1509378951515998], "Sigma": [[0.008682040058705669, -0.00327748935694706, 0.00545349736898813], [-0.00327748935694706, 0.0063809635549873745, -0.003841817013347297], [0.00545349736898813, -0.003841817013347297, 0.07144095824763977]], "chi2_level": 0.95, "chi2_df": 3, "chi2_threshold": 7.814727903251179, "N_raw": 100, "N_roi": 100, "N_inlier": 96, "refit": true}
{"timestamp": "19:08:42.617274", "frame": 49, "mu": [1.022613345093383, 1.6309714914165097, 0.9975318128649326], "Sigma": [[0.011741410421741098, -0.01182022313158728, 0.0008085856230870362], [-0.01182022313158728, 0.01769574891665296, -0.012361154627232078], [0.0008085856230870364, -0.012361154627232075, 0.06236539368429195]], "chi2_level": 0.95, "chi2_df": 3, "chi2_threshold": 7.814727903251179, "N_raw": 142, "N_roi": 142, "N_inlier": 135, "refit": true}
{"timestamp": "19:08:42.667358", "frame": 50, "mu": [0.9689972318712485, 1.6075210819492445, 1.0848902064202466], "Sigma": [[0.007263495240572312, -0.006810462320815279, 0.006601640195235062], [-0.006810462320815279, 0.011896633839685547, -0.022378529798177303], [0.006601640195235063, -0.022378529798177303, 0.09406984872462094]], "chi2_level": 0.95, "chi2_df": 3, "chi2_threshold": 7.814727903251179, "N_raw": 103, "N_roi": 103, "N_inlier": 101, "refit": true}
{"timestamp": "19:08:42.726481", "frame": 51, "mu": [0.9391926502423643, 1.5279564277523128, 1.018410575332215], "Sigma": [[0.014863574334131458, -0.01605573411114348, 0.00013183354111475113], [-0.01605573411114348, 0.02671409835476543, -0.024354794165764578], [0.000131833541114752, -0.024354794165764578, 0.12304294220418077]], "chi2_level": 0.95, "chi2_df": 3, "chi2_threshold": 7.814727903251179, "N_raw": 130, "N_roi": 130, "N_inlier": 125, "refit": true}
{"timestamp": "19:08:42.777371", "frame": 52, "mu": [1.0050780398367554, 1.4618566991668958, 0.8168433247762311], "Sigma": [[0.01451810134490391, -0.0018203013726421056, -0.047247941518000464], [-0.0018203013726421058, 0.00883052477960804, -0.022250773090016353], [-0.047247941518000464, -0.022250773090016353, 0.27459047139759035]], "chi2_level": 0.95, "chi2_df": 3, "chi2_threshold": 7.814727903251179, "N_raw": 103, "N_roi": 103, "N_inlier": 102, "refit": true}
{"timestamp": "19:08:42.837999", "frame": 53, "mu": [0.8909696458762255, 1.4352982055787287, 1.1451248472844322], "Sigma": [[0.012335805779854393, -0.0068962514475069195, -0.0026937107865111004], [-0.0068962514475069195, 0.008745051361436003, -0.011394974611193187], [-0.0026937107865111004, -0.011394974611193187, 0.08456251161493344]], "chi2_level": 0.95, "chi2_df": 3, "chi2_threshold": 7.814727903251179, "N_raw": 147, "N_roi": 147, "N_inlier": 142, "refit": true}
{"timestamp": "19:08:42.884586", "frame": 54, "mu": [0.8038235035026894, 1.4711560090199665, 1.2203017356811616], "Sigma": [[0.007457602577356265, -0.0036470863693001555, 0.006626822709876117], [-0.003647086369300156, 0.0046852646967824605, -0.01814236872971031], [0.006626822709876117, -0.01814236872971031, 0.12764447351283575]], "chi2_level": 0.95, "chi2_df": 3, "chi2_threshold": 7.814727903251179, "N_raw": 93, "N_roi": 93, "N_inlier": 92, "refit": true}
{"timestamp": "19:08:42.943665", "frame": 55, "mu": [0.7956868850611614, 1.4153357610227726, 1.2974280921765582], "Sigma": [[0.0075422998937643366, -0.0022416612019567216, -0.004746960291483881], [-0.0022416612019567216, 0.0036741022509006287, -0.00504505940677131], [-0.004746960291483882, -0.005045059406771309, 0.06370255983751671]], "chi2_level": 0.95, "chi2_df": 3, "chi2_threshold": 7.814727903251179, "N_raw": 114, "N_roi": 114, "N_inlier": 110, "refit": true}
{"timestamp": "19:08:42.996497", "frame": 56, "mu": [0.7757724482677029, 1.360367688619514, 1.35632726644544], "Sigma": [[0.008905555745095795, -0.003072899159410189, -0.015480121966091094], [-0.0030728991594101886, 0.00441999147195921, 0.001399706123573698], [-0.015480121966091094, 0.001399706123573698, 0.044985387545330546]], "chi2_level": 0.95, "chi2_df": 3, "chi2_threshold": 7.814727903251179, "N_raw": 99, "N_roi": 99, "N_inlier": 96, "refit": true}
{"timestamp": "19:08:43.046588", "frame": 57, "mu": [0.7532272334617163, 1.3460320266432888, 1.3268277358518883], "Sigma": [[0.006424553696727948, -0.0035451442720748224, -0.008761711590314497], [-0.003545144272074823, 0.0029442734960695976, 0.004731779524959574], [-0.008761711590314497, 0.004731779524959574, 0.039791629836143774]], "chi2_level": 0.95, "chi2_df": 3, "chi2_threshold": 7.814727903251179, "N_raw": 65, "N_roi": 65, "N_inlier": 59, "refit": true}
{"timestamp": "19:08:43.105453", "frame": 58, "mu": [0.5960515975359216, 1.3890002483869188, 1.1842768833522335], "Sigma": [[0.013791887697732695, -0.004633903344242454, 0.024573070607143237], [-0.004633903344242454, 0.005536199618287753, -0.01640992078477954], [0.024573070607143237, -0.01640992078477954, 0.10272016186770008]], "chi2_level": 0.95, "chi2_df": 3, "chi2_threshold": 7.814727903251179, "N_raw": 99, "N_roi": 99, "N_inlier": 95, "refit": true}
{"timestamp": "19:08:43.163580", "frame": 59, "mu": [0.5163902868244347, 1.3744609806056312, 1.2185794100835965], "Sigma": [[0.022480237543422557, -0.007212691571443778, 0.039139535022618306], [-0.007212691571443778, 0.006592847702080582, -0.017875492565324266], [0.039139535022618306, -0.017875492565324266, 0.10454921420520912]], "chi2_level": 0.95, "chi2_df": 3, "chi2_threshold": 7.814727903251179, "N_raw": 112, "N_roi": 112, "N_inlier": 109, "refit": true}
{"timestamp": "19:08:43.219746", "frame": 60, "mu": [0.5294994249392464, 1.3762969435182837, 1.258841711958556], "Sigma": [[0.01508961216592339, -0.008697397117790752, 0.020906136831423082], [-0.008697397117790752, 0.009274373864363738, -0.021737114167303638], [0.020906136831423082, -0.021737114167303638, 0.06755546992862099]], "chi2_level": 0.95, "chi2_df": 3, "chi2_threshold": 7.814727903251179, "N_raw": 113, "N_roi": 111, "N_inlier": 108, "refit": true}
{"timestamp": "19:08:43.271326", "frame": 61, "mu": [0.46084887532023094, 1.3749963776895353, 1.222183322140867], "Sigma": [[0.01987503972963507, -0.012915278365823294, 0.0274476894161383], [-0.012915278365823294, 0.013827776129383804, -0.025534103149553483], [0.0274476894161383, -0.025534103149553483, 0.060106871428562934]], "chi2_level": 0.95, "chi2_df": 3, "chi2_threshold": 7.814727903251179, "N_raw": 96, "N_roi": 96, "N_inlier": 92, "refit": true}
{"timestamp": "19:08:43.327912", "frame": 62, "mu": [0.46996600168485086, 1.2930913365670333, 1.1536573249581035], "Sigma": [[0.027607962765846657, -0.023990626168404458, 0.011805291229592296], [-0.023990626168404458, 0.024141160778204877, -0.009593409442265109], [0.011805291229592294, -0.009593409442265107, 0.06438396988449258]], "chi2_level": 0.95, "chi2_df": 3, "chi2_threshold": 7.814727903251179, "N_raw": 104, "N_roi": 104, "N_inlier": 97, "refit": true}
{"timestamp": "19:08:43.382777", "frame": 63, "mu": [0.5118777670509294, 1.2210919820024184, 1.3626591791711529], "Sigma": [[0.0058835164000799614, -0.0028374659246131967, -0.008702304315618033], [-0.0028374659246131967, 0.004808067121929406, 0.0013144006675185854], [-0.008702304315618033, 0.0013144006675185854, 0.03265643599421815]], "chi2_level": 0.95, "chi2_df": 3, "chi2_threshold": 7.814727903251179, "N_raw": 102, "N_roi": 102, "N_inlier": 96, "refit": true}
{"timestamp": "19:08:43.437979", "frame": 64, "mu": [0.4543387005522467, 1.219460947206703, 1.172255083196764], "Sigma": [[0.019376534245788266, -0.015378175038791582, 0.005111127541319812], [-0.015378175038791582, 0.01705001962503625, -0.01065146842516099], [0.005111127541319813, -0.010651468425160989, 0.04583822067251946]], "chi2_level": 0.95, "chi2_df": 3, "chi2_threshold": 7.814727903251179, "N_raw": 107, "N_roi": 107, "N_inlier": 99, "refit": true}
{"timestamp": "19:08:43.489662", "frame": 65, "mu": [0.4548277817781405, 1.1363628606581582, 1.3196840907495748], "Sigma": [[0.005274125740132764, -0.0022640710786493616, -0.013363869839102026], [-0.0022640710786493616, 0.006350533155611044, 0.008016537150859985], [-0.013363869839102026, 0.008016537150859985, 0.057070610641610724]], "chi2_level": 0.95, "chi2_df": 3, "chi2_threshold": 7.814727903251179, "N_raw": 82, "N_roi": 82, "N_inlier": 76, "refit": true}
{"timestamp": "19:08:43.546093", "frame": 66, "mu": [0.37069978145699484, 1.1667369415136934, 1.352309049917499], "Sigma": [[0.0036298405709120816, -6.045463692861601e-05, -0.005216544192349104], [-6.0454636928616065e-05, 0.003681616409930703, 0.0015883648344537306], [-0.005216544192349104, 0.0015883648344537308, 0.06426693173888834]], "chi2_level": 0.95, "chi2_df": 3, "chi2_threshold": 7.814727903251179, "N_raw": 100, "N_roi": 100, "N_inlier": 90, "refit": true}
{"timestamp": "19:08:43.597667", "frame": 67, "mu": [0.31177996347588854, 1.1433161367964382, 1.299395888387837], "Sigma": [[0.0022073896599268967, 0.00043602755543114137, 0.0020494972347912207], [0.00043602755543114126, 0.01809489585433719, 0.024298007173125767], [0.0020494972347912203, 0.024298007173125764, 0.06265650712645005]], "chi2_level": 0.95, "chi2_df": 3, "chi2_threshold": 7.814727903251179, "N_raw": 68, "N_roi": 68, "N_inlier": 64, "refit": true}
{"timestamp": "19:08:43.653405", "frame": 68, "mu": [0.26863695983623376, 1.1365583242528647, 1.296220976186569], "Sigma": [[0.0037099783553800328, -0.0024800050803773697, -0.0016396108729664802], [-0.0024800050803773692, 0.006049925393830563, 0.007649486252734058], [-0.0016396108729664807, 0.007649486252734058, 0.23499171580237402]], "chi2_level": 0.95, "chi2_df": 3, "chi2_threshold": 7.814727903251179, "N_raw": 76, "N_roi": 76, "N_inlier": 74, "refit": true}
{"timestamp": "19:08:43.705829", "frame": 69, "mu": [0.2068050572319247, 1.1498033260544251, 0.9308434364305986], "Sigma": [[0.004213914900822795, 0.0003903766984458012, 0.017361036062182967], [0.0003903766984458011, 0.0028125323521222315, 0.02512200507704155], [0.017361036062182967, 0.02512200507704155, 0.550755667680397]], "chi2_level": 0.95, "chi2_df": 3, "chi2_threshold": 7.814727903251179, "N_raw": 64, "N_roi": 64, "N_inlier": 61, "refit": true}
{"timestamp": "19:08:43.763030", "frame": 70, "mu": [0.17792237772302635, 1.176766449474215, 1.5852906128946216], "Sigma": [[0.002881707092244995, 0.0001317733518874226, -0.0025827185583011296], [0.00013177335188742248, 0.006349852345882203, -0.001209353115707073], [-0.0025827185583011296, -0.001209353115707073, 0.003732707211228736]], "chi2_level": 0.95, "chi2_df": 3, "chi2_threshold": 7.814727903251179, "N_raw": 74, "N_roi": 74, "N_inlier": 70, "refit": true}
{"timestamp": "19:08:43.815890", "frame": 71, "mu": [0.11186590171108293, 1.1810981515472407, 1.575791625004262], "Sigma": [[0.0031374244139989256, 0.0012384305305210808, -0.0041398813350729275], [0.0012384305305210808, 0.005086683243886128, -0.0026730694773113173], [-0.0041398813350729275, -0.0026730694773113178, 0.008392025898883056]], "chi2_level": 0.95, "chi2_df": 3, "chi2_threshold": 7.814727903251179, "N_raw": 65, "N_roi": 65, "N_inlier": 61, "refit": true}
{"timestamp": "19:08:43.863038", "frame": 72, "mu": [0.08319596634616223, 1.1978479853618744, 0.8777022244015784], "Sigma": [[0.016580181523589376, -0.008990377951043804, 0.034847485916614504], [-0.008990377951043804, 0.007532145604369732, -0.030533157401354566], [0.034847485916614504, -0.030533157401354566, 0.539543845546191]], "chi2_level": 0.95, "chi2_df": 3, "chi2_threshold": 7.814727903251179, "N_raw": 10, "N_roi": 10, "N_inlier": 10, "refit": true}
{"timestamp": "19:08:43.921064", "frame": 73, "mu": [0.05306613157750977, 1.0124678005479992, 1.1923252488492289], "Sigma": [[0.0020375782405387573, 0.0012808466684806111, -0.008019218314844687], [0.0012808466684806113, 0.0021831669424417556, -0.01476053480345008], [-0.008019218314844685, -0.01476053480345008, 0.108968293106009]], "chi2_level": 0.95, "chi2_df": 3, "chi2_threshold": 7.814727903251179, "N_raw": 32, "N_roi": 32, "N_inlier": 28, "refit": true}
{"timestamp": "19:08:43.976022", "frame": 74, "mu": [-0.057850219758955754, 1.1896962822560404, 1.6287085110986337], "Sigma": [[0.00343296280133765, -0.0009119318692198174, -0.0055594891572188065], [-0.0009119318692198172, 0.0018460438702721787, 0.000727838910303376], [-0.0055594891572188065, 0.0007278389103033763, 0.02037487685623251]], "chi2_level": 0.95, "chi2_df": 3, "chi2_threshold": 7.814727903251179, "N_raw": 36, "N_roi": 36, "N_inlier": 31, "refit": true}
{"timestamp": "19:08:44.034282", "frame": 75, "mu": [-0.03728917394877398, 1.159734893675075, 1.1288440035001484], "Sigma": [[0.007971254367121474, -0.004644782696968351, -0.057563932860752134], [-0.004644782696968351, 0.005460236263825839, 0.046996541602709906], [-0.057563932860752134, 0.04699654160270991, 0.5817563510606549]], "chi2_level": 0.95, "chi2_df": 3, "chi2_threshold": 7.814727903251179, "N_raw": 58, "N_roi": 58, "N_inlier": 57, "refit": true}
{"timestamp": "19:08:44.087928", "frame": 76, "mu": [-0.13062488104415182, 1.2028031841528437, 1.5842440314300055], "Sigma": [[0.002746709259375757, 0.00030221374392857723, -0.0010911037504805847], [0.00030221374392857723, 0.0020556970426198764, -0.002848062956194773], [-0.0010911037504805847, -0.002848062956194773, 0.009910567827021747]], "chi2_level": 0.95, "chi2_df": 3, "chi2_threshold": 7.814727903251179, "N_raw": 50, "N_roi": 50, "N_inlier": 47, "refit": true}
{"timestamp": "19:08:44.140959", "frame": 77, "mu": [-0.18026185444120096, 1.202541780902017, 1.645995099543431], "Sigma": [[0.0017135964266876736, -0.0003901577753836488, 1.173565819249505e-05], [-0.0003901577753836488, 0.0019339988752732178, -0.0012566875560874819], [1.173565819249505e-05, -0.0012566875560874819, 0.0015625413740922764]], "chi2_level": 0.95, "chi2_df": 3, "chi2_threshold": 7.814727903251179, "N_raw": 25, "N_roi": 25, "N_inlier": 21, "refit": true}
{"timestamp": "19:08:44.199475", "frame": 78, "mu": [-0.2460573904902321, 1.2119010944048483, 1.6378432616969552], "Sigma": [[0.002999645718854814, -0.0009942278352695708, -0.0013103566417225184], [-0.0009942278352695708, 0.005281898722719149, 0.0021663910096449165], [-0.0013103566417225182, 0.0021663910096449165, 0.00871173814951449]], "chi2_level": 0.95, "chi2_df": 3, "chi2_threshold": 7.814727903251179, "N_raw": 58, "N_roi": 58, "N_inlier": 54, "refit": true}
{"timestamp": "19:08:44.256948", "frame": 79, "mu": [-0.2659036326699547, 1.2169307308869195, 1.510043228160612], "Sigma": [[0.0022177391389448273, -0.00011531077643906555, -0.0024165203712181284], [-0.00011531077643906558, 0.003782281868012079, -0.004384234816429201], [-0.0024165203712181284, -0.004384234816429201, 0.02307114746463529]], "chi2_level": 0.95, "chi2_df": 3, "chi2_threshold": 7.814727903251179, "N_raw": 68, "N_roi": 68, "N_inlier": 65, "refit": true}
{"timestamp": "19:08:44.303629", "frame": 80, "mu": [-0.3508987372502559, 1.2581754665703897, 0.9479570678237106], "Sigma": [[0.004666632137046502, -5.2851240377831e-05, 0.03842511605741369], [-5.285124037783073e-05, 0.006406171951719401, -0.027534334342328704], [0.038425116057413694, -0.027534334342328704, 0.5423923373255589]], "chi2_level": 0.95, "chi2_df": 3, "chi2_threshold": 7.814727903251179, "N_raw": 10, "N_roi": 10, "N_inlier": 10, "refit": true}
{"timestamp": "19:08:44.367225", "frame": 81, "mu": [-0.3454118152544031, 1.2453843400083517, 1.5600343073757459], "Sigma": [[0.004251181022330933, 0.0008789555163078441, -0.0018161330710548796], [0.0008789555163078441, 0.002406397750936586, -0.0048351288363681294], [-0.0018161330710548796, -0.0048351288363681294, 0.016149838308596298]], "chi2_level": 0.95, "chi2_df": 3, "chi2_threshold": 7.814727903251179, "N_raw": 74, "N_roi": 74, "N_inlier": 70, "refit": true}
{"timestamp": "19:08:44.425547", "frame": 82, "mu": [-0.38293342128305946, 1.2934054392495369, 0.14943741456503998], "Sigma": [[0.004564394397175725, -0.0005159129353831723, 0.017994355239429844], [-0.0005159129353831723, 0.005947235838962736, -0.011435655923732961], [0.01799435523942984, -0.011435655923732963, 0.22661286283372253]], "chi2_level": 0.95, "chi2_df": 3, "chi2_threshold": 7.814727903251179, "N_raw": 91, "N_roi": 91, "N_inlier": 87, "refit": true}
{"timestamp": "19:08:44.482375", "frame": 83, "mu": [-0.4618614515759227, 1.1819023037579957, 1.3727420103963823], "Sigma": [[0.005460569181919187, 0.0019592754543630605, -0.0001425743863083788], [0.0019592754543630605, 0.012128643011775351, -0.003109318377223536], [-0.0001425743863083788, -0.003109318377223536, 0.0028113572912396236]], "chi2_level": 0.95, "chi2_df": 3, "chi2_threshold": 7.814727903251179, "N_raw": 101, "N_roi": 101, "N_inlier": 99, "refit": true}
{"timestamp": "19:08:44.529439", "frame": 84, "mu": [-0.4853174573693858, 1.2436126160508996, 1.5655865778687015], "Sigma": [[0.0036712677901391067, -0.00014746418976033392, -0.004029112769220043], [-0.00014746418976033384, 0.0028710644780779522, -0.0038320476258896464], [-0.004029112769220043, -0.0038320476258896464, 0.014327707273563093]], "chi2_level": 0.95, "chi2_df": 3, "chi2_threshold": 7.814727903251179, "N_raw": 50, "N_roi": 50, "N_inlier": 49, "refit": true}
{"timestamp": "19:08:44.580739", "frame": 85, "mu": [-0.5384191534719974, 1.2454182136942569, 1.5750102884637283], "Sigma": [[0.0019162885595757153, 5.317298084591749e-05, -0.003244752617989933], [5.317298084591749e-05, 0.0007728476484241321, -0.0016225992199767761], [-0.003244752617989933, -0.0016225992199767763, 0.014074153185048758]], "chi2_level": 0.95, "chi2_df": 3, "chi2_threshold": 7.814727903251179, "N_raw": 28, "N_roi": 28, "N_inlier": 23, "refit": true}
{"timestamp": "19:08:44.648744", "frame": 86, "mu": [-0.6242108325328859, 1.2406068851182663, 1.2713385188465147], "Sigma": [[0.013340612980179056, 0.007288830225654647, -0.030237222988983733], [0.007288830225654647, 0.008212693821304072, -0.02079991327270179], [-0.030237222988983736, -0.02079991327270179, 0.17940383327037088]], "chi2_level": 0.95, "chi2_df": 3, "chi2_threshold": 7.814727903251179, "N_raw": 121, "N_roi": 121, "N_inlier": 107, "refit": true}
