{"timestamp": "17:53:22.175884", "frame": 14, "mu": [2.1352862552218475, 2.6368397557391505, 1.4398962789333698], "Sigma": [[0.0035297077224023107, 8.839004401375752e-05, -0.004342150318876796], [8.839004401375752e-05, 0.0026174658750080164, -0.006035647746993367], [-0.004342150318876797, -0.006035647746993367, 0.02261214082819907]], "chi2_level": 0.997, "chi2_df": 3, "chi2_threshold": 13.931422665512084, "N_raw": 8, "N_roi": 8, "N_inlier": 8, "refit": true}
{"timestamp": "17:53:22.455755", "frame": 19, "mu": [2.1152256199393333, 2.5465209711435013, 1.334383075383089], "Sigma": [[0.00936360287696975, -0.008337822572531059, -0.004357426743740333], [-0.008337822572531059, 0.00957410237486511, -0.0036235624439957892], [-0.004357426743740333, -0.0036235624439957897, 0.04523614254549386]], "chi2_level": 0.997, "chi2_df": 3, "chi2_threshold": 13.931422665512084, "N_raw": 41, "N_roi": 41, "N_inlier": 40, "refit": true}
{"timestamp": "17:53:22.511582", "frame": 20, "mu": [2.1441817087520247, 2.5098139533121646, 1.4636529728246797], "Sigma": [[0.010770323444500653, -0.007271044060686526, -0.002260264688929343], [-0.007271044060686526, 0.009786976329678643, 0.00016141811757653933], [-0.002260264688929343, 0.00016141811757653928, 0.002001767543701489]], "chi2_level": 0.997, "chi2_df": 3, "chi2_threshold": 13.931422665512084, "N_raw": 33, "N_roi": 33, "N_inlier": 33, "refit": true}
{"timestamp": "17:53:22.565779", "frame": 21, "mu": [2.0830940793410173, 2.5427083711702325, 1.336576857789104], "Sigma": [[0.0038113217293258466, -0.0031088177932885146, -0.0017018218426987366], [-0.0031088177932885146, 0.005212874027651456, -0.0007653671721755491], [-0.0017018218426987364, -0.0007653671721755497, 0.042991870521681214]], "chi2_level": 0.997, "chi2_df": 3, "chi2_threshold": 13.931422665512084, "N_raw": 21, "N_roi": 19, "N_inlier": 19, "refit": true}
{"timestamp": "17:53:22.677050", "frame": 23, "mu": [2.042109599679021, 2.4829965307643835, 1.2341612555737145], "Sigma": [[0.00609787127905026, -0.005558431265262169, 0.0049950363191644965], [-0.005558431265262169, 0.0074461356659982795, -0.009985981133531241], [0.0049950363191644965, -0.009985981133531241, 0.022423763943797734]], "chi2_level": 0.997, "chi2_df": 3, "chi2_threshold": 13.931422665512084, "N_raw": 32, "N_roi": 30, "N_inlier": 29, "refit": true}
{"timestamp": "17:53:22.733317", "frame": 24, "mu": [2.074529109473295, 2.4093620369608373, 1.3056099219998112], "Sigma": [[0.010400245021728033, -0.005905877524020316, 0.006130863762784771], [-0.005905877524020317, 0.006414256351633862, -0.010473474690092723], [0.006130863762784771, -0.010473474690092723, 0.03232515830324473]], "chi2_level": 0.997, "chi2_df": 3, "chi2_threshold": 13.931422665512084, "N_raw": 45, "N_roi": 45, "N_inlier": 45, "refit": true}
{"timestamp": "17:53:22.787680", "frame": 25, "mu": [2.075208436319733, 2.3650798834152216, 1.224506962893648], "Sigma": [[0.01016021609770207, -0.007147235919816639, -0.0016815329997335723], [-0.007147235919816639, 0.007621046877604682, -0.0032810022031916014], [-0.0016815329997335719, -0.0032810022031916023, 0.022692333015887432]], "chi2_level": 0.997, "chi2_df": 3, "chi2_threshold": 13.931422665512084, "N_raw": 41, "N_roi": 41, "N_inlier": 41, "refit": true}
{"timestamp": "17:53:22.842262", "frame": 26, "mu": [1.927380466757763, 2.4712484756225583, -0.24797478338820708], "Sigma": [[0.009703167829041156, -0.0022532214065720127, 0.023760232459637855], [-0.0022532214065720127, 0.005054417329176108, -0.004294176813793981], [0.023760232459637858, -0.004294176813793982, 0.09873115328457388]], "chi2_level": 0.997, "chi2_df": 3, "chi2_threshold": 13.931422665512084, "N_raw": 35, "N_roi": 35, "N_inlier": 34, "refit": true}
{"timestamp": "17:53:22.951660", "frame": 28, "mu": [1.936287839959937, 2.327160326972169, 1.3675308386426055], "Sigma": [[0.009566306530950848, -0.006478360098702143, -0.0013566121789263443], [-0.006478360098702143, 0.007040118892286758, -0.0030163886508116516], [-0.0013566121789263443, -0.003016388650811651, 0.016539985090691853]], "chi2_level": 0.997, "chi2_df": 3, "chi2_threshold": 13.931422665512084, "N_raw": 35, "N_roi": 35, "N_inlier": 35, "refit": true}
{"timestamp": "17:53:23.061669", "frame": 30, "mu": [1.9076752579373875, 2.1868301236069705, 1.3795526238133227], "Sigma": [[0.009682007989892535, -0.004809287905160857, 0.0016659279864232762], [-0.004809287905160857, 0.006643312122371515, -0.0021345108432141444], [0.0016659279864232764, -0.0021345108432141444, 0.0025120804151398564]], "chi2_level": 0.997, "chi2_df": 3, "chi2_threshold": 13.931422665512084, "N_raw": 37, "N_roi": 37, "N_inlier": 34, "refit": true}
{"timestamp": "17:53:23.119679", "frame": 31, "mu": [1.8308951325691876, 2.239708898371929, 1.2928118749065165], "Sigma": [[0.01426775521745092, -0.007779505026226638, -0.0015339329739137752], [-0.007779505026226638, 0.00881050205347658, -0.004570008690795084], [-0.0015339329739137752, -0.004570008690795084, 0.011492208078654581]], "chi2_level": 0.997, "chi2_df": 3, "chi2_threshold": 13.931422665512084, "N_raw": 57, "N_roi": 57, "N_inlier": 57, "refit": true}
{"timestamp": "17:53:23.172899", "frame": 32, "mu": [1.8071741895685831, 2.1917845259312023, 1.4031725790556293], "Sigma": [[0.011971139827974353, -0.009394712900538657, -0.0027450445960598216], [-0.009394712900538655, 0.01124638049069296, -0.00037488071436714813], [-0.0027450445960598216, -0.0003748807143671483, 0.004403781139875845]], "chi2_level": 0.997, "chi2_df": 3, "chi2_threshold": 13.931422665512084, "N_raw": 43, "N_roi": 43, "N_inlier": 41, "refit": true}
{"timestamp": "17:53:23.227159", "frame": 33, "mu": [1.8698454087517118, 2.048534086915823, 1.1840829939629571], "Sigma": [[0.006265098384567388, -0.00422269481098554, 0.0008098551085635095], [-0.004222694810985541, 0.005156433986786494, 0.003020890624827108], [0.0008098551085635097, 0.0030208906248271085, 0.0806002296617579]], "chi2_level": 0.997, "chi2_df": 3, "chi2_threshold": 13.931422665512084, "N_raw": 32, "N_roi": 32, "N_inlier": 32, "refit": true}
{"timestamp": "17:53:23.283311", "frame": 34, "mu": [1.853757193562052, 2.164898561721442, -0.3588691460428414], "Sigma": [[0.00509898863325878, -0.0039044954080698943, 0.0009286667501732904], [-0.0039044954080698947, 0.008683885613555584, -0.008518528897491263], [0.0009286667501732906, -0.008518528897491263, 0.016835575811292244]], "chi2_level": 0.997, "chi2_df": 3, "chi2_threshold": 13.931422665512084, "N_raw": 38, "N_roi": 38, "N_inlier": 34, "refit": true}
{"timestamp": "17:53:23.337589", "frame": 35, "mu": [1.8202971320074475, 2.0165229181226763, 1.285480126356278], "Sigma": [[0.006809370264622514, -0.0034750815062868003, -0.0015031885175657738], [-0.0034750815062868, 0.00640274668417046, 0.0024640411664219233], [-0.0015031885175657736, 0.0024640411664219233, 0.032585101183172344]], "chi2_level": 0.997, "chi2_df": 3, "chi2_threshold": 13.931422665512084, "N_raw": 40, "N_roi": 40, "N_inlier": 39, "refit": true}
{"timestamp": "17:53:23.397579", "frame": 36, "mu": [1.7631415086892144, 1.979415290420395, 1.2411867486806316], "Sigma": [[0.011358997116107125, -0.0052390418506598185, -0.001429221821293722], [-0.0052390418506598185, 0.010437433273127525, -0.005698619123466399], [-0.001429221821293722, -0.005698619123466399, 0.0215149734091815]], "chi2_level": 0.997, "chi2_df": 3, "chi2_threshold": 13.931422665512084, "N_raw": 74, "N_roi": 72, "N_inlier": 71, "refit": true}
{"timestamp": "17:53:23.449210", "frame": 37, "mu": [1.77462223821531, 1.8749567338465385, 1.2531808677879475], "Sigma": [[0.012457156166787267, -0.006810378889541247, -0.0009062145719420534], [-0.006810378889541247, 0.00991657942128363, -0.001053245232929316], [-0.0009062145719420534, -0.0010532452329293162, 0.0010210193303093343]], "chi2_level": 0.997, "chi2_df": 3, "chi2_threshold": 13.931422665512084, "N_raw": 51, "N_roi": 51, "N_inlier": 50, "refit": true}
{"timestamp": "17:53:23.506066", "frame": 38, "mu": [1.6874083139400762, 1.8455900439824167, 1.0539260101091732], "Sigma": [[0.007510618485811181, -0.005882926780508644, -0.0037617652762131273], [-0.005882926780508644, 0.006136630968154875, -0.003089899853709902], [-0.0037617652762131273, -0.0030898998537099015, 0.04682165153246907]], "chi2_level": 0.997, "chi2_df": 3, "chi2_threshold": 13.931422665512084, "N_raw": 62, "N_roi": 62, "N_inlier": 60, "refit": true}
{"timestamp": "17:53:23.560140", "frame": 39, "mu": [1.6818452647319504, 1.77598902587101, 0.9770259655065056], "Sigma": [[0.006403499345224157, -0.004007588205173882, 0.00030878580573983423], [-0.004007588205173881, 0.004095155772590457, -0.004824134016403197], [0.000308785805739834, -0.004824134016403197, 0.03194176509861307]], "chi2_level": 0.997, "chi2_df": 3, "chi2_threshold": 13.931422665512084, "N_raw": 52, "N_roi": 52, "N_inlier": 52, "refit": true}
{"timestamp": "17:53:23.615929", "frame": 40, "mu": [1.5514532511296097, 1.8133145163944793, 1.065271190645455], "Sigma": [[0.00989349836460174, -0.007408787402183835, -0.004834611943850431], [-0.007408787402183835, 0.00950491976469819, -0.0013938306485407315], [-0.004834611943850431, -0.0013938306485407315, 0.013868098910053387]], "chi2_level": 0.997, "chi2_df": 3, "chi2_threshold": 13.931422665512084, "N_raw": 59, "N_roi": 59, "N_inlier": 58, "refit": true}
{"timestamp": "17:53:23.666066", "frame": 41, "mu": [1.5725739386401325, 1.733476937795366, 1.2651591686670522], "Sigma": [[0.0052770058489218655, -0.0035783736720548702, -0.00472964239146691], [-0.0035783736720548702, 0.004183677385070574, 0.0028008671803927097], [-0.004729642391466909, 0.0028008671803927097, 0.028640135959776346]], "chi2_level": 0.997, "chi2_df": 3, "chi2_threshold": 13.931422665512084, "N_raw": 25, "N_roi": 25, "N_inlier": 25, "refit": true}
{"timestamp": "17:53:23.724520", "frame": 42, "mu": [1.5080744839817257, 1.7522733628893734, 1.2490447344347606], "Sigma": [[0.008718324513536121, -0.004085674486793272, -0.0024859197759052394], [-0.004085674486793272, 0.006896639730271255, -0.00024057101945900214], [-0.0024859197759052394, -0.00024057101945900212, 0.002063544765840907]], "chi2_level": 0.997, "chi2_df": 3, "chi2_threshold": 13.931422665512084, "N_raw": 47, "N_roi": 47, "N_inlier": 45, "refit": true}
{"timestamp": "17:53:23.785087", "frame": 43, "mu": [1.4808194810362454, 1.7068059381560288, 1.1882177090806223], "Sigma": [[0.012595049174959114, -0.01018907942136529, -0.014751817082848742], [-0.01018907942136529, 0.013141715701240982, 0.01922237183197572], [-0.014751817082848742, 0.01922237183197572, 0.09498913298012326]], "chi2_level": 0.997, "chi2_df": 3, "chi2_threshold": 13.931422665512084, "N_raw": 79, "N_roi": 79, "N_inlier": 77, "refit": true}
{"timestamp": "17:53:23.830839", "frame": 44, "mu": [1.3977480934933764, 1.6896002731545852, 1.2998543500291733], "Sigma": [[0.0059983731172158685, -0.005554332254515205, -0.008342953224792974], [-0.005554332254515205, 0.00681159208513087, 0.007819680785705115], [-0.008342953224792974, 0.007819680785705115, 0.03747690837083847]], "chi2_level": 0.997, "chi2_df": 3, "chi2_threshold": 13.931422665512084, "N_raw": 25, "N_roi": 25, "N_inlier": 24, "refit": true}
{"timestamp": "17:53:23.895898", "frame": 45, "mu": [1.4543144845777893, 1.572560991754549, 1.1051806562641464], "Sigma": [[0.016140372339051714, -0.007198264017192779, -0.001412009758758991], [-0.0071982640171927795, 0.004579481867549893, 0.00018894000390179253], [-0.0014120097587589908, 0.0001889400039017927, 0.05776717557025936]], "chi2_level": 0.997, "chi2_df": 3, "chi2_threshold": 13.931422665512084, "N_raw": 92, "N_roi": 92, "N_inlier": 92, "refit": true}
{"timestamp": "17:53:23.948177", "frame": 46, "mu": [1.4116005910192166, 1.6753446560844896, -0.533749103965446], "Sigma": [[0.008776964872306609, 0.0009174620309447513, 0.009172919898633709], [0.0009174620309447512, 0.005199699978038237, 0.004055797417108367], [0.00917291989863371, 0.004055797417108367, 0.09683256003505612]], "chi2_level": 0.997, "chi2_df": 3, "chi2_threshold": 13.931422665512084, "N_raw": 69, "N_roi": 69, "N_inlier": 69, "refit": true}
{"timestamp": "17:53:23.997517", "frame": 47, "mu": [1.352194255891335, 1.6566244966347972, 1.26151568919193], "Sigma": [[0.005601388223119934, -0.005496789460436389, -0.0014727957201605328], [-0.005496789460436389, 0.007392113639198706, 0.00013912573042495395], [-0.001472795720160533, 0.00013912573042495363, 0.010927582991978413]], "chi2_level": 0.997, "chi2_df": 3, "chi2_threshold": 13.931422665512084, "N_raw": 35, "N_roi": 35, "N_inlier": 34, "refit": true}
{"timestamp": "17:53:24.050762", "frame": 48, "mu": [1.2511249263834079, 1.7057369237949502, -0.6858727165106372], "Sigma": [[0.012636010094115776, -0.0017112674988502643, -0.0023541725884440204], [-0.0017112674988502643, 0.0047840182484288505, -0.010722787640682335], [-0.0023541725884440195, -0.010722787640682335, 0.04347867337024698]], "chi2_level": 0.997, "chi2_df": 3, "chi2_threshold": 13.931422665512084, "N_raw": 23, "N_roi": 23, "N_inlier": 23, "refit": true}
{"timestamp": "17:53:24.106433", "frame": 49, "mu": [1.309304663827446, 1.4557383963673545, 1.283275192457777], "Sigma": [[0.0050169181333558225, -0.002824111318295973, 0.004923608760176723], [-0.002824111318295973, 0.003262170570054207, -0.009258163635731384], [0.004923608760176723, -0.009258163635731384, 0.041320530209584774]], "chi2_level": 0.997, "chi2_df": 3, "chi2_threshold": 13.931422665512084, "N_raw": 32, "N_roi": 32, "N_inlier": 32, "refit": true}
{"timestamp": "17:53:24.166679", "frame": 50, "mu": [1.320114747230653, 1.3470985292845696, 1.2740455396550665], "Sigma": [[0.012795259263288998, -0.005143162214934636, -0.000409993020647201], [-0.005143162214934635, 0.004929728744698316, -0.004120497607178546], [-0.0004099930206472009, -0.004120497607178546, 0.01744642634329297]], "chi2_level": 0.997, "chi2_df": 3, "chi2_threshold": 13.931422665512084, "N_raw": 68, "N_roi": 68, "N_inlier": 68, "refit": true}
{"timestamp": "17:53:24.222268", "frame": 51, "mu": [1.170355974309862, 1.4051761836009866, 1.2104245741341972], "Sigma": [[0.003278608094590637, -0.002576296977607522, 0.0018618456144710006], [-0.002576296977607522, 0.005848011604841682, -0.012869116521460215], [0.0018618456144710008, -0.012869116521460215, 0.04806873012936963]], "chi2_level": 0.997, "chi2_df": 3, "chi2_threshold": 13.931422665512084, "N_raw": 64, "N_roi": 64, "N_inlier": 64, "refit": true}
{"timestamp": "17:53:24.272632", "frame": 52, "mu": [1.2099031204826074, 1.3006252200126929, 1.33357649117655], "Sigma": [[0.004886634856252966, -0.004100152073807335, -0.0021540335087255652], [-0.004100152073807335, 0.008818219312079517, -0.0024585806682173353], [-0.0021540335087255652, -0.0024585806682173358, 0.00980360381719256]], "chi2_level": 0.997, "chi2_df": 3, "chi2_threshold": 13.931422665512084, "N_raw": 34, "N_roi": 34, "N_inlier": 32, "refit": true}
{"timestamp": "17:53:24.337658", "frame": 53, "mu": [1.1784961005835155, 1.2598906184196912, 1.2074004997118772], "Sigma": [[0.01024266477082343, -0.005924260397694005, -0.0010141725489952224], [-0.005924260397694003, 0.009610284707010487, 0.0005762827192296442], [-0.0010141725489952226, 0.0005762827192296441, 0.060155268735887266]], "chi2_level": 0.997, "chi2_df": 3, "chi2_threshold": 13.931422665512084, "N_raw": 110, "N_roi": 110, "N_inlier": 110, "refit": true}
{"timestamp": "17:53:24.388829", "frame": 54, "mu": [1.1248483072659001, 1.224034945744722, 1.1537283699841976], "Sigma": [[0.006419411552090664, -0.005062718279305613, -0.008643248753880273], [-0.005062718279305613, 0.008970325951467671, 0.009967124222893465], [-0.008643248753880273, 0.009967124222893463, 0.06586472386999995]], "chi2_level": 0.997, "chi2_df": 3, "chi2_threshold": 13.931422665512084, "N_raw": 75, "N_roi": 75, "N_inlier": 75, "refit": true}
{"timestamp": "17:53:24.443179", "frame": 55, "mu": [1.0986313538924661, 1.2021518817973258, 1.3250119182949252], "Sigma": [[0.006463247267804811, -0.0028276132801297576, -0.009395482128644992], [-0.0028276132801297576, 0.0037648446597863547, 0.003569544287632391], [-0.00939548212864499, 0.003569544287632391, 0.0600535983016431]], "chi2_level": 0.997, "chi2_df": 3, "chi2_threshold": 13.931422665512084, "N_raw": 66, "N_roi": 66, "N_inlier": 63, "refit": true}
{"timestamp": "17:53:24.498110", "frame": 56, "mu": [1.0798712648271278, 1.2325860973682732, -0.8346957323271537], "Sigma": [[0.0067926163625912596, 0.00026267987210304016, 0.01486731388188257], [0.0002626798721030401, 0.007609389407935418, 0.023986222594816354], [0.01486731388188257, 0.023986222594816357, 0.18310202774478282]], "chi2_level": 0.997, "chi2_df": 3, "chi2_threshold": 13.931422665512084, "N_raw": 68, "N_roi": 68, "N_inlier": 66, "refit": true}
{"timestamp": "17:53:24.551743", "frame": 57, "mu": [1.0471524722270384, 1.0112438971995357, 0.9803166898912922], "Sigma": [[0.0048180152242966855, -0.004277179575507433, 0.003583356784808389], [-0.004277179575507433, 0.01189833718470004, -0.012513731797823106], [0.003583356784808389, -0.012513731797823106, 0.029766223284955984]], "chi2_level": 0.997, "chi2_df": 3, "chi2_threshold": 13.931422665512084, "N_raw": 63, "N_roi": 63, "N_inlier": 59, "refit": true}
{"timestamp": "17:53:24.604266", "frame": 58, "mu": [0.8655122809715078, 1.1372570328726959, 1.497003568611337], "Sigma": [[0.006787215373817092, -0.0036292712198557012, -0.00642330272461406], [-0.0036292712198557012, 0.004333071883234048, 0.003078373652624933], [-0.0064233027246140585, 0.003078373652624933, 0.008925493736463334]], "chi2_level": 0.997, "chi2_df": 3, "chi2_threshold": 13.931422665512084, "N_raw": 48, "N_roi": 48, "N_inlier": 44, "refit": true}
{"timestamp": "17:53:24.669151", "frame": 59, "mu": [0.8808797604266456, 1.0666645084600876, -0.7799432101814217], "Sigma": [[0.010687897710110235, -0.0020457936671969515, -0.012902593402438368], [-0.002045793667196951, 0.011085605473252607, 0.019711439554004204], [-0.012902593402438368, 0.019711439554004204, 0.1121333948765291]], "chi2_level": 0.997, "chi2_df": 3, "chi2_threshold": 13.931422665512084, "N_raw": 107, "N_roi": 107, "N_inlier": 105, "refit": true}
{"timestamp": "17:53:24.722954", "frame": 60, "mu": [0.823187050113809, 1.1598294704138947, -0.32153137708883084], "Sigma": [[0.010103443436249868, -0.0008371819749106532, -0.01635955344138903], [-0.0008371819749106534, 0.002803510920736646, 0.0009861524018109713], [-0.01635955344138903, 0.0009861524018109713, 0.037971374824284386]], "chi2_level": 0.997, "chi2_df": 3, "chi2_threshold": 13.931422665512084, "N_raw": 68, "N_roi": 68, "N_inlier": 67, "refit": true}
{"timestamp": "17:53:24.769159", "frame": 61, "mu": [0.7216723459198701, 1.0546380923608953, 1.5170639595017263], "Sigma": [[0.0050825982369853175, -0.0014052051374008777, -0.0057852373017057476], [-0.0014052051374008779, 0.0033783829729755284, 0.0007326476622510432], [-0.0057852373017057476, 0.0007326476622510431, 0.009418909938118277]], "chi2_level": 0.997, "chi2_df": 3, "chi2_threshold": 13.931422665512084, "N_raw": 44, "N_roi": 44, "N_inlier": 41, "refit": true}
{"timestamp": "17:53:24.822610", "frame": 62, "mu": [0.7134081390689462, 1.0173754489443303, 1.277696856857116], "Sigma": [[0.008255544245183242, -0.0060619493195180835, -0.037022568019884586], [-0.006061949319518083, 0.00888169057797353, 0.027962222173192094], [-0.037022568019884586, 0.0279622221731921, 0.2609746755680345]], "chi2_level": 0.997, "chi2_df": 3, "chi2_threshold": 13.931422665512084, "N_raw": 38, "N_roi": 38, "N_inlier": 38, "refit": true}
{"timestamp": "17:53:24.881614", "frame": 63, "mu": [0.6692394729044178, 1.0090462202084982, 1.4487255378306423], "Sigma": [[0.004720490851806991, -0.001030578890459107, -0.006238233739710176], [-0.001030578890459107, 0.0018621057597738384, -0.0013774502136449408], [-0.006238233739710176, -0.0013774502136449408, 0.018689506589438964]], "chi2_level": 0.997, "chi2_df": 3, "chi2_threshold": 13.931422665512084, "N_raw": 66, "N_roi": 66, "N_inlier": 64, "refit": true}
{"timestamp": "17:53:24.942066", "frame": 64, "mu": [0.6415623651187632, 1.020994139918803, 1.4263151232483382], "Sigma": [[0.0045329115149593145, 0.0006383244960962858, -0.007444880415328632], [0.0006383244960962859, 0.006058630866918637, -0.006923134066072836], [-0.007444880415328632, -0.006923134066072835, 0.02875695118889437]], "chi2_level": 0.997, "chi2_df": 3, "chi2_threshold": 13.931422665512084, "N_raw": 101, "N_roi": 100, "N_inlier": 98, "refit": true}
{"timestamp": "17:53:24.996944", "frame": 65, "mu": [0.638787642101243, 0.9653335356800591, 1.393927882050101], "Sigma": [[0.007852657192950243, -0.0022518045282299407, 0.0030221370139677847], [-0.002251804528229941, 0.0050454340227547275, -0.007584261277721247], [0.0030221370139677847, -0.007584261277721247, 0.06096396476071247]], "chi2_level": 0.997, "chi2_df": 3, "chi2_threshold": 13.931422665512084, "N_raw": 87, "N_roi": 86, "N_inlier": 84, "refit": true}
{"timestamp": "17:53:25.047341", "frame": 66, "mu": [0.5737898029504971, 1.1114667571750596, 1.2038589039316994], "Sigma": [[0.0037042041494092888, 0.006421758907424293, 0.004824766143996795], [0.006421758907424295, 0.056223209798175064, -0.0014968266328953712], [0.004824766143996795, -0.00149682663289537, 0.061303779726437906]], "chi2_level": 0.997, "chi2_df": 3, "chi2_threshold": 13.931422665512084, "N_raw": 21, "N_roi": 21, "N_inlier": 19, "refit": true}
{"timestamp": "17:53:25.103909", "frame": 67, "mu": [0.5076421104942233, 0.9717806522102321, 1.4402905538918935], "Sigma": [[0.0027362888347401007, -0.00062069934573485, 0.0003617203723485658], [-0.0006206993457348496, 0.004899882537602762, -0.007236292089264236], [0.00036172037234856566, -0.007236292089264235, 0.027415750863387017]], "chi2_level": 0.997, "chi2_df": 3, "chi2_threshold": 13.931422665512084, "N_raw": 82, "N_roi": 82, "N_inlier": 79, "refit": true}
{"timestamp": "17:53:25.162447", "frame": 68, "mu": [0.4123672262739896, 1.0042210770849471, 1.1741299354467183], "Sigma": [[0.007498950897603613, -0.004315244891096583, 0.009423945850868767], [-0.004315244891096583, 0.0059221217514113895, -0.016317956321226103], [0.009423945850868767, -0.016317956321226103, 0.07534458063054324]], "chi2_level": 0.997, "chi2_df": 3, "chi2_threshold": 13.931422665512084, "N_raw": 83, "N_roi": 83, "N_inlier": 80, "refit": true}
{"timestamp": "17:53:25.208900", "frame": 69, "mu": [0.3855098192219229, 0.8972948306621888, 1.5113333554764097], "Sigma": [[0.002747173797036883, 9.651628674434335e-05, -0.0006125258429642827], [9.651628674434316e-05, 0.0030854115092780084, -0.005448220526277851], [-0.0006125258429642827, -0.005448220526277851, 0.034577764985310996]], "chi2_level": 0.997, "chi2_df": 3, "chi2_threshold": 13.931422665512084, "N_raw": 37, "N_roi": 37, "N_inlier": 35, "refit": true}
{"timestamp": "17:53:25.275484", "frame": 70, "mu": [0.3194325718587675, 0.9320645354760131, 1.2099222633083262], "Sigma": [[0.015091748503927407, -0.01197467321080376, 0.019747884700014637], [-0.01197467321080376, 0.0153256838028246, -0.010134485896306802], [0.019747884700014633, -0.010134485896306802, 0.09453457888441034]], "chi2_level": 0.997, "chi2_df": 3, "chi2_threshold": 13.931422665512084, "N_raw": 124, "N_roi": 124, "N_inlier": 124, "refit": true}
{"timestamp": "17:53:25.325096", "frame": 71, "mu": [0.2801285732286636, 0.9539511924364068, -0.3239626796190449], "Sigma": [[0.009969625736351647, -0.003695161142587578, 0.05614033659772254], [-0.0036951611425875782, 0.010208708460412738, -0.004420655391696996], [0.056140336597722544, -0.004420655391696996, 0.8023676580232827]], "chi2_level": 0.997, "chi2_df": 3, "chi2_threshold": 13.931422665512084, "N_raw": 82, "N_roi": 81, "N_inlier": 80, "refit": true}
{"timestamp": "17:53:25.379007", "frame": 72, "mu": [0.23777819373793244, 0.8986543224592981, 1.5117622028676396], "Sigma": [[0.002302176729060786, 0.00044200307693372225, -0.0016058553793614307], [0.00044200307693372215, 0.003279598130401738, 0.00015456097815222847], [-0.0016058553793614307, 0.00015456097815222836, 0.017492620409164893]], "chi2_level": 0.997, "chi2_df": 3, "chi2_threshold": 13.931422665512084, "N_raw": 74, "N_roi": 72, "N_inlier": 63, "refit": true}
{"timestamp": "17:53:25.433690", "frame": 73, "mu": [0.18227843427870274, 0.8855952882265848, 1.4787688089364643], "Sigma": [[0.0037347680581276102, -0.00226073991349578, -0.004715792809719642], [-0.00226073991349578, 0.003247804873685818, 0.0011287908850651578], [-0.004715792809719642, 0.0011287908850651578, 0.011962493998331034]], "chi2_level": 0.997, "chi2_df": 3, "chi2_threshold": 13.931422665512084, "N_raw": 78, "N_roi": 78, "N_inlier": 75, "refit": true}
{"timestamp": "17:53:25.484886", "frame": 74, "mu": [0.1660503367797005, 0.8516233340422023, 1.4655580531901957], "Sigma": [[0.0019151183172944851, -0.001691907982175136, -0.00522314284019161], [-0.001691907982175136, 0.004981613516517913, 0.009653766132220479], [-0.005223142840191611, 0.009653766132220479, 0.03600080474063737]], "chi2_level": 0.997, "chi2_df": 3, "chi2_threshold": 13.931422665512084, "N_raw": 56, "N_roi": 56, "N_inlier": 51, "refit": true}
{"timestamp": "17:53:25.541417", "frame": 75, "mu": [0.1138346415140711, 0.8537093128868443, 1.4085596556386561], "Sigma": [[0.0019549334363013274, 0.000147894814345464, -0.0008985720777819063], [0.000147894814345464, 0.004769290260478739, -0.0018988955821236946], [-0.0008985720777819063, -0.0018988955821236944, 0.0016387855301291329]], "chi2_level": 0.997, "chi2_df": 3, "chi2_threshold": 13.931422665512084, "N_raw": 62, "N_roi": 62, "N_inlier": 59, "refit": true}
{"timestamp": "17:53:25.587948", "frame": 76, "mu": [0.05598777637437639, 0.9079416659734596, 1.2964712300915995], "Sigma": [[0.001347793747588186, 0.0013248747066341177, 0.007085282956162444], [0.0013248747066341177, 0.010092763553303252, 0.03519618249221596], [0.007085282956162444, 0.03519618249221596, 0.2439886556784198]], "chi2_level": 0.997, "chi2_df": 3, "chi2_threshold": 13.931422665512084, "N_raw": 8, "N_roi": 8, "N_inlier": 8, "refit": true}
{"timestamp": "17:53:25.654342", "frame": 77, "mu": [-0.03358046890124631, 0.9332427916725212, 1.2299843444442757], "Sigma": [[0.003619887541249949, -0.0009949698333446924, 0.019456098657404303], [-0.0009949698333446926, 0.003093179872157464, -0.003876907634685436], [0.019456098657404303, -0.003876907634685435, 0.34816365183553866]], "chi2_level": 0.997, "chi2_df": 3, "chi2_threshold": 13.931422665512084, "N_raw": 91, "N_roi": 91, "N_inlier": 90, "refit": true}
{"timestamp": "17:53:25.707499", "frame": 78, "mu": [-0.0864212696553896, 0.9170315745427191, 1.4927060001194163], "Sigma": [[0.0029933432577208133, 0.0030287511327126747, 0.0020248590509314357], [0.0030287511327126747, 0.009343149730492323, 0.006520290208412298], [0.0020248590509314357, 0.006520290208412298, 0.02143131794915304]], "chi2_level": 0.997, "chi2_df": 3, "chi2_threshold": 13.931422665512084, "N_raw": 71, "N_roi": 71, "N_inlier": 68, "refit": true}
{"timestamp": "17:53:25.759995", "frame": 79, "mu": [-0.10057236873276207, 0.9577871097854347, 1.344501385440732], "Sigma": [[0.001839936537325371, -0.0006459080890726316, 0.00044834355681960597], [-0.0006459080890726316, 0.0036172436934889056, 0.015666928988405847], [0.0004483435568196062, 0.015666928988405847, 0.16053602623239563]], "chi2_level": 0.997, "chi2_df": 3, "chi2_threshold": 13.931422665512084, "N_raw": 54, "N_roi": 54, "N_inlier": 52, "refit": true}
{"timestamp": "17:53:25.821605", "frame": 80, "mu": [-0.18689315662635597, 1.0059446478840801, 1.5697242997432792], "Sigma": [[0.0037277991396023357, -0.0010379133691599271, -0.0008964106721589602], [-0.001037913369159927, 0.002674799639578621, -0.0023121149477359606], [-0.00089641067215896, -0.0023121149477359606, 0.00330691930870989]], "chi2_level": 0.997, "chi2_df": 3, "chi2_threshold": 13.931422665512084, "N_raw": 77, "N_roi": 77, "N_inlier": 71, "refit": true}
{"timestamp": "17:53:25.880462", "frame": 81, "mu": [-0.24443153513126242, 0.9664520769721772, 1.4155440937663806], "Sigma": [[0.005369754409759251, -5.016566913384319e-05, -0.0015455945154794746], [-5.016566913384324e-05, 0.004999929491116177, 0.005492128122970585], [-0.0015455945154794746, 0.005492128122970586, 0.04117950318896084]], "chi2_level": 0.997, "chi2_df": 3, "chi2_threshold": 13.931422665512084, "N_raw": 123, "N_roi": 123, "N_inlier": 120, "refit": true}
{"timestamp": "17:53:25.930649", "frame": 82, "mu": [-0.29714023753084695, 1.0243146721986665, -0.09543622528032249], "Sigma": [[0.003125576402978742, 0.0014431479182572269, 0.02465728676281917], [0.0014431479182572269, 0.00825634413196453, 0.024872276723029392], [0.02465728676281917, 0.024872276723029392, 0.4884583813682702]], "chi2_level": 0.997, "chi2_df": 3, "chi2_threshold": 13.931422665512084, "N_raw": 92, "N_roi": 92, "N_inlier": 91, "refit": true}
{"timestamp": "17:53:25.984810", "frame": 83, "mu": [-0.3576350771876995, 1.1095322970750248, -0.14115132559819904], "Sigma": [[0.003164823225953334, 0.0007038447711046721, -0.005429266631571715], [0.000703844771104672, 0.005368279593860585, -0.003985423636274393], [-0.005429266631571715, -0.003985423636274393, 0.035314164895930734]], "chi2_level": 0.997, "chi2_df": 3, "chi2_threshold": 13.931422665512084, "N_raw": 73, "N_roi": 73, "N_inlier": 70, "refit": true}
{"timestamp": "17:53:26.039441", "frame": 84, "mu": [-0.42476598933733556, 1.0216428129305384, 1.52746757171866], "Sigma": [[0.0032621623694373335, -0.0013354156924683992, -0.00013507934779178178], [-0.0013354156924683988, 0.005335443989855916, -0.004062607660325315], [-0.00013507934779178178, -0.004062607660325315, 0.0037288628340350414]], "chi2_level": 0.997, "chi2_df": 3, "chi2_threshold": 13.931422665512084, "N_raw": 83, "N_roi": 83, "N_inlier": 77, "refit": true}
{"timestamp": "17:53:26.097488", "frame": 85, "mu": [-0.47003051417268005, 1.005328746162118, 1.359735815890577], "Sigma": [[0.004372073872800138, -0.0005072321285578673, 0.005506897553651965], [-0.0005072321285578673, 0.003468462374677108, -0.005828200385058373], [0.005506897553651965, -0.005828200385058373, 0.07913242681439626]], "chi2_level": 0.997, "chi2_df": 3, "chi2_threshold": 13.931422665512084, "N_raw": 79, "N_roi": 79, "N_inlier": 79, "refit": true}
{"timestamp": "17:53:26.149281", "frame": 86, "mu": [-0.47659458462403265, 1.0840369188963948, 1.538717034562001], "Sigma": [[0.0037055925098735936, -0.0015310381224067735, -0.0010169625804395375], [-0.0015310381224067735, 0.005901639674956659, -0.003295090136983734], [-0.0010169625804395375, -0.003295090136983734, 0.0035547093189567587]], "chi2_level": 0.997, "chi2_df": 3, "chi2_threshold": 13.931422665512084, "N_raw": 80, "N_roi": 80, "N_inlier": 76, "refit": true}
{"timestamp": "17:53:26.198491", "frame": 87, "mu": [-0.5338791633049725, 1.084712528378778, 1.5015103351098482], "Sigma": [[0.003621551410876658, 0.0006338847084702537, -0.0023205817477477673], [0.000633884708470254, 0.002649434090546391, -0.00948230723553065], [-0.0023205817477477686, -0.00948230723553065, 0.19622421079151064]], "chi2_level": 0.997, "chi2_df": 3, "chi2_threshold": 13.931422665512084, "N_raw": 43, "N_roi": 43, "N_inlier": 42, "refit": true}
{"timestamp": "17:53:26.260970", "frame": 88, "mu": [-0.5940097568454715, 1.1437001695427844, 1.5622187876136717], "Sigma": [[0.004201755864270786, -0.0005478643190016769, -0.0031313941208376984], [-0.0005478643190016769, 0.004346322956451575, -0.007604486364156808], [-0.0031313941208376984, -0.007604486364156808, 0.024423105918945302]], "chi2_level": 0.997, "chi2_df": 3, "chi2_threshold": 13.931422665512084, "N_raw": 96, "N_roi": 96, "N_inlier": 90, "refit": true}
{"timestamp": "17:53:26.315870", "frame": 89, "mu": [-0.6697126329510257, 1.2016782796372047, -0.08774718402843684], "Sigma": [[0.004855215244358233, 2.8601414157577217e-07, -0.0030488559080069583], [2.8601414157566375e-07, 0.007397982128264642, -0.0037016145925449946], [-0.0030488559080069583, -0.003701614592544995, 0.006756457532068412]], "chi2_level": 0.997, "chi2_df": 3, "chi2_threshold": 13.931422665512084, "N_raw": 80, "N_roi": 80, "N_inlier": 72, "refit": true}
{"timestamp": "17:53:26.364314", "frame": 90, "mu": [-0.7087735125453216, 1.2169581227696529, -0.1931558092138216], "Sigma": [[0.003607982150909038, 0.0023384427717684487, -0.0062195298230798505], [0.0023384427717684487, 0.008418586500981288, -0.019300058556053604], [-0.0062195298230798505, -0.0193000585560536, 0.047144534188371674]], "chi2_level": 0.997, "chi2_df": 3, "chi2_threshold": 13.931422665512084, "N_raw": 48, "N_roi": 48, "N_inlier": 47, "refit": true}
{"timestamp": "17:53:26.419925", "frame": 91, "mu": [-0.6962759492188769, 1.177433969179265, 1.216592606742175], "Sigma": [[0.003944539300681557, 3.012864730185475e-05, -0.009739434308120902], [3.0128647301854804e-05, 0.0012008969147860838, 0.004145908181120542], [-0.009739434308120902, 0.004145908181120542, 0.05708475141281046]], "chi2_level": 0.997, "chi2_df": 3, "chi2_threshold": 13.931422665512084, "N_raw": 53, "N_roi": 53, "N_inlier": 52, "refit": true}
{"timestamp": "17:53:26.467968", "frame": 92, "mu": [-0.7955181489890635, 1.1586559106928869, 1.2626203557607016], "Sigma": [[0.015953009235861695, 0.014151459582952395, -0.04123760815050061], [0.014151459582952396, 0.013103702545900051, -0.038269602801988635], [-0.04123760815050061, -0.03826960280198864, 0.15906863198068874]], "chi2_level": 0.997, "chi2_df": 3, "chi2_threshold": 13.931422665512084, "N_raw": 8, "N_roi": 8, "N_inlier": 8, "refit": true}
{"timestamp": "17:53:26.528461", "frame": 93, "mu": [-0.7144632901418823, 1.2514298651487816, 0.6517317363665608], "Sigma": [[0.006752910426384265, 0.0023647371168581924, -0.022258242626399156], [0.0023647371168581924, 0.0029679729078127288, -0.0142980857501919], [-0.022258242626399156, -0.014298085750191904, 0.1338732540467123]], "chi2_level": 0.997, "chi2_df": 3, "chi2_threshold": 13.931422665512084, "N_raw": 44, "N_roi": 44, "N_inlier": 42, "refit": true}
{"timestamp": "17:53:26.587217", "frame": 94, "mu": [-1.0374663699625737, 1.2371651422027137, -0.4102632410920663], "Sigma": [[0.06350714242549492, 0.08453548904913297, -0.1426287201108235], [0.08453548904913295, 0.12285550346940576, -0.20370592472541676], [-0.1426287201108235, -0.20370592472541676, 0.3575799415878813]], "chi2_level": 0.997, "chi2_df": 3, "chi2_threshold": 13.931422665512084, "N_raw": 70, "N_roi": 70, "N_inlier": 68, "refit": true}
{"timestamp": "17:53:26.643104", "frame": 95, "mu": [-1.0723804273257789, 1.1150174423083186, 1.3217203387578444], "Sigma": [[0.04885709687312936, 0.029264528472549445, -0.13656902055325748], [0.029264528472549445, 0.02195325206677843, -0.08471343250319907], [-0.13656902055325748, -0.08471343250319907, 0.45809588398901857]], "chi2_level": 0.997, "chi2_df": 3, "chi2_threshold": 13.931422665512084, "N_raw": 78, "N_roi": 78, "N_inlier": 78, "refit": true}
{"timestamp": "17:53:26.701384", "frame": 96, "mu": [-1.123529756264591, 1.1398867854035568, 1.089128711942399], "Sigma": [[0.03623241346848276, 0.038801498035674654, -0.08432012387099805], [0.038801498035674654, 0.04979942807685364, -0.10511945099793124], [-0.08432012387099806, -0.10511945099793124, 0.26147724299902236]], "chi2_level": 0.997, "chi2_df": 3, "chi2_threshold": 13.931422665512084, "N_raw": 98, "N_roi": 98, "N_inlier": 98, "refit": true}
{"timestamp": "17:53:26.759833", "frame": 97, "mu": [-1.2097916769339134, 1.205346146316782, 0.23000088701579263], "Sigma": [[0.028873521289349953, 0.02853165486680615, 0.04308432397829685], [0.02853165486680615, 0.0392641772773146, 0.04709048899736303], [0.04308432397829685, 0.04709048899736303, 0.25898571732660963]], "chi2_level": 0.997, "chi2_df": 3, "chi2_threshold": 13.931422665512084, "N_raw": 118, "N_roi": 118, "N_inlier": 118, "refit": true}
{"timestamp": "17:53:26.808722", "frame": 98, "mu": [-1.3366586252491468, 1.0816533102681447, 1.6981285067276786], "Sigma": [[0.013988137265576916, 0.009529973738819782, -0.011422428814700365], [0.00952997373881978, 0.013141207016079307, -0.014752932851948604], [-0.011422428814700365, -0.014752932851948604, 0.029542615991942304]], "chi2_level": 0.997, "chi2_df": 3, "chi2_threshold": 13.931422665512084, "N_raw": 70, "N_roi": 70, "N_inlier": 66, "refit": true}
{"timestamp": "17:53:26.860063", "frame": 99, "mu": [-1.4342365892722755, 1.0399401006909132, 1.750138862847309], "Sigma": [[0.010643849744069138, 0.007395891959907157, -0.005413344982884118], [0.007395891959907157, 0.012692489254743115, -0.004853775654931515], [-0.005413344982884118, -0.004853775654931515, 0.0033390150858572244]], "chi2_level": 0.997, "chi2_df": 3, "chi2_threshold": 13.931422665512084, "N_raw": 58, "N_roi": 58, "N_inlier": 56, "refit": true}
{"timestamp": "17:53:27.040664", "frame": 100, "mu": [-1.3871490843168066, 1.2053450993860908, -0.2274049969876453], "Sigma": [[0.014671787700006473, 0.01192068475758675, -0.0007645738675602732], [0.011920684757586751, 0.02230505833497756, -0.0008752427623735161], [-0.0007645738675602733, -0.0008752427623735166, 0.013061783533347577]], "chi2_level": 0.997, "chi2_df": 3, "chi2_threshold": 13.931422665512084, "N_raw": 95, "N_roi": 95, "N_inlier": 93, "refit": true}
{"timestamp": "17:53:27.073562", "frame": 101, "mu": [-1.4184635893934558, 1.209775836198425, 1.5633706844841369], "Sigma": [[0.017817436864948855, 0.013773609635764843, -0.013424898701248517], [0.013773609635764844, 0.020458313282468173, -0.01730597745496258], [-0.013424898701248517, -0.01730597745496258, 0.01881575763731526]], "chi2_level": 0.997, "chi2_df": 3, "chi2_threshold": 13.931422665512084, "N_raw": 108, "N_roi": 108, "N_inlier": 105, "refit": true}
{"timestamp": "17:53:27.105578", "frame": 102, "mu": [-1.4336610832666155, 1.4892696948790975, -0.3685980481400912], "Sigma": [[0.0219352126785307, 0.033179390638263216, -0.03347774156519852], [0.033179390638263216, 0.10466119429294722, -0.12966411834403052], [-0.03347774156519852, -0.12966411834403055, 0.17665548864140732]], "chi2_level": 0.997, "chi2_df": 3, "chi2_threshold": 13.931422665512084, "N_raw": 21, "N_roi": 21, "N_inlier": 20, "refit": true}
{"timestamp": "17:53:27.136135", "frame": 103, "mu": [-1.428893717057587, 1.302095888144087, 1.347532689695955], "Sigma": [[0.043073467237199195, 0.015774322735053754, -0.10475999766912203], [0.015774322735053754, 0.01875002787782954, -0.024810454842945327], [-0.10475999766912204, -0.024810454842945327, 0.3246365631756923]], "chi2_level": 0.997, "chi2_df": 3, "chi2_threshold": 13.931422665512084, "N_raw": 76, "N_roi": 76, "N_inlier": 73, "refit": true}
{"timestamp": "17:53:27.168250", "frame": 104, "mu": [-1.5270803403070028, 1.4187456077864211, -0.01971825477746091], "Sigma": [[0.01788243041606031, 0.01644891783981021, -0.016266346094844793], [0.01644891783981021, 0.02782561592567162, -0.02081438369414627], [-0.016266346094844793, -0.02081438369414627, 0.029377005718206485]], "chi2_level": 0.997, "chi2_df": 3, "chi2_threshold": 13.931422665512084, "N_raw": 86, "N_roi": 86, "N_inlier": 81, "refit": true}
{"timestamp": "17:53:27.200154", "frame": 105, "mu": [-1.5307061037100091, 1.4201614222348882, 1.4230440765218102], "Sigma": [[0.012240370243275284, 0.009764610906248476, -0.007149197548890797], [0.009764610906248476, 0.012879720749428348, -0.00486113356227191], [-0.007149197548890797, -0.00486113356227191, 0.09143306815226622]], "chi2_level": 0.997, "chi2_df": 3, "chi2_threshold": 13.931422665512084, "N_raw": 85, "N_roi": 85, "N_inlier": 84, "refit": true}
{"timestamp": "17:53:27.257732", "frame": 106, "mu": [-1.5245281923131182, 1.607174372363619, -0.23660599005932204], "Sigma": [[0.02646602748172893, 0.033116978347129754, -0.03555911603088423], [0.033116978347129754, 0.06044309179851668, -0.06874055478221322], [-0.03555911603088423, -0.0687405547822132, 0.15518262687618398]], "chi2_level": 0.997, "chi2_df": 3, "chi2_threshold": 13.931422665512084, "N_raw": 125, "N_roi": 125, "N_inlier": 124, "refit": true}
