{"timestamp": "18:41:04.476782", "frame": 13, "mu": [2.3820610041244046, 2.1134408207077935, 1.1744012846973808], "Sigma": [[0.0007479316199375127, -0.002354756209386665, -0.0012143944810924386], [-0.002354756209386665, 0.028019694758425476, -0.006615223216139722], [-0.0012143944810924386, -0.006615223216139722, 0.014054820330334951]], "chi2_level": 0.997, "chi2_df": 3, "chi2_threshold": 13.931422665512084, "N_raw": 7, "N_roi": 7, "N_inlier": 7, "refit": true}
{"timestamp": "18:41:04.531580", "frame": 14, "mu": [2.3189570346839408, 2.1151210185941145, 1.263109903765917], "Sigma": [[0.00032388706410933267, 0.0008365893553156948, -0.002629529090679682], [0.0008365893553156948, 0.011589153824356364, -0.016641156746341753], [-0.0026295290906796815, -0.016641156746341753, 0.03712008501109326]], "chi2_level": 0.997, "chi2_df": 3, "chi2_threshold": 13.931422665512084, "N_raw": 10, "N_roi": 7, "N_inlier": 7, "refit": true}
{"timestamp": "18:41:04.697412", "frame": 17, "mu": [2.1959549276510066, 2.012900772079284, 1.1206274903504678], "Sigma": [[0.0029618208036783803, -0.008359551154000085, -7.464219383202151e-05], [-0.008359551154000085, 0.03600139124566228, -0.010588369569130377], [-7.464219383202149e-05, -0.010588369569130375, 0.010675491391379651]], "chi2_level": 0.997, "chi2_df": 3, "chi2_threshold": 13.931422665512084, "N_raw": 7, "N_roi": 7, "N_inlier": 7, "refit": true}
{"timestamp": "18:41:04.751377", "frame": 18, "mu": [2.084527011252153, 2.0173942844835278, 1.2091306735031881], "Sigma": [[0.0013761587593782488, -0.0008937260347135147, -0.001771078207640322], [-0.0008937260347135147, 0.004516144179201235, -0.005737712131703318], [-0.0017710782076403222, -0.005737712131703318, 0.015921249322349503]], "chi2_level": 0.997, "chi2_df": 3, "chi2_threshold": 13.931422665512084, "N_raw": 11, "N_roi": 11, "N_inlier": 11, "refit": true}
{"timestamp": "18:41:04.861272", "frame": 20, "mu": [2.010636693149272, 1.9898332547581703, 0.8705890511609894], "Sigma": [[0.010156307111199173, -0.010017359145163744, -0.07561583401464031], [-0.010017359145163744, 0.014802158218695426, 0.08195713554288103], [-0.07561583401464032, 0.08195713554288103, 0.6135359203500562]], "chi2_level": 0.997, "chi2_df": 3, "chi2_threshold": 13.931422665512084, "N_raw": 9, "N_roi": 9, "N_inlier": 9, "refit": true}
{"timestamp": "18:41:04.917148", "frame": 21, "mu": [1.8702654802075491, 2.0335122401948578, 1.1956144837053118], "Sigma": [[0.0011287044939659486, -0.0005951501471285819, -0.006963502449016573], [-0.0005951501471285819, 0.0036955617021572663, -0.002218895618341824], [-0.006963502449016573, -0.002218895618341824, 0.12376603429663213]], "chi2_level": 0.997, "chi2_df": 3, "chi2_threshold": 13.931422665512084, "N_raw": 7, "N_roi": 7, "N_inlier": 7, "refit": true}
{"timestamp": "18:41:04.981470", "frame": 22, "mu": [1.7983761282337758, 2.070895423498173, 0.9922153767461914], "Sigma": [[0.007787815638699949, -0.006858711400907441, 0.0016118216181664402], [-0.006858711400907441, 0.01028227831153965, -0.013734760041886498], [0.0016118216181664404, -0.013734760041886498, 0.09141735503992227]], "chi2_level": 0.997, "chi2_df": 3, "chi2_threshold": 13.931422665512084, "N_raw": 77, "N_roi": 77, "N_inlier": 76, "refit": true}
{"timestamp": "18:41:05.032304", "frame": 23, "mu": [1.7328825657903277, 1.9767021149350061, 1.330659144479823], "Sigma": [[0.007228339244357419, -0.005960972539801504, -0.0038911040877108475], [-0.005960972539801504, 0.013048248612840133, 0.007120814778599556], [-0.0038911040877108475, 0.007120814778599556, 0.004893888657252327]], "chi2_level": 0.997, "chi2_df": 3, "chi2_threshold": 13.931422665512084, "N_raw": 33, "N_roi": 33, "N_inlier": 33, "refit": true}
{"timestamp": "18:41:05.089354", "frame": 24, "mu": [1.6258743900904105, 1.811276717230724, 0.8495895543126772], "Sigma": [[0.007915819544725545, -0.0013741557925037269, -0.004760706774240955], [-0.0013741557925037269, 0.012477175704003375, -0.0038662487959523484], [-0.004760706774240955, -0.003866248795952348, 0.006964183886053838]], "chi2_level": 0.997, "chi2_df": 3, "chi2_threshold": 13.931422665512084, "N_raw": 42, "N_roi": 42, "N_inlier": 40, "refit": true}
{"timestamp": "18:41:05.145292", "frame": 25, "mu": [1.5422435067913027, 1.839152445156241, 0.9538424410328527], "Sigma": [[0.01035435038874624, -0.005657234675210648, -0.00190145739208309], [-0.005657234675210648, 0.01043152552328552, 0.0004956894733428418], [-0.00190145739208309, 0.0004956894733428416, 0.0013958766819102228]], "chi2_level": 0.997, "chi2_df": 3, "chi2_threshold": 13.931422665512084, "N_raw": 50, "N_roi": 50, "N_inlier": 49, "refit": true}
{"timestamp": "18:41:05.196722", "frame": 26, "mu": [1.4793611242259064, 2.0228029027335253, -0.5603382277092763], "Sigma": [[0.005199612386001335, -0.002593077275587024, 0.002975658533840176], [-0.002593077275587024, 0.004004002474111538, -0.0036071507620518955], [0.002975658533840176, -0.0036071507620518955, 0.03473191711950542]], "chi2_level": 0.997, "chi2_df": 3, "chi2_threshold": 13.931422665512084, "N_raw": 29, "N_roi": 29, "N_inlier": 27, "refit": true}
{"timestamp": "18:41:05.251179", "frame": 27, "mu": [1.420485504157749, 1.9501344670665364, 0.894257517857711], "Sigma": [[0.01162713171899169, -0.0035186291573407547, -0.027590192478812958], [-0.0035186291573407556, 0.008270864081049335, 0.0146444900436571], [-0.027590192478812954, 0.014644490043657098, 0.11727903652245425]], "chi2_level": 0.997, "chi2_df": 3, "chi2_threshold": 13.931422665512084, "N_raw": 27, "N_roi": 27, "N_inlier": 27, "refit": true}
{"timestamp": "18:41:05.306232", "frame": 28, "mu": [1.376165201270448, 1.9955837596339907, 1.1919811044266562], "Sigma": [[0.01488030473443889, -0.010596767063558058, -0.05668680390011442], [-0.010596767063558058, 0.00930676921639786, 0.04181030285407843], [-0.05668680390011442, 0.04181030285407843, 0.29506245289092653]], "chi2_level": 0.997, "chi2_df": 3, "chi2_threshold": 13.931422665512084, "N_raw": 27, "N_roi": 27, "N_inlier": 26, "refit": true}
{"timestamp": "18:41:05.361346", "frame": 29, "mu": [1.3927096758917248, 1.877461724893006, 0.9069056440240288], "Sigma": [[0.010172097709843711, -0.008237633202869035, -0.03488553400245432], [-0.008237633202869035, 0.010198081792745294, 0.030873679872780425], [-0.03488553400245432, 0.030873679872780425, 0.1798021541446839]], "chi2_level": 0.997, "chi2_df": 3, "chi2_threshold": 13.931422665512084, "N_raw": 32, "N_roi": 32, "N_inlier": 31, "refit": true}
{"timestamp": "18:41:05.418546", "frame": 30, "mu": [1.3559358530454484, 1.8301563545544968, 0.8473949386295345], "Sigma": [[0.006768637847851586, -0.005803961359161393, -0.007368741398534593], [-0.005803961359161393, 0.007763734220670195, 0.004974609817840059], [-0.007368741398534592, 0.004974609817840058, 0.04331055920879692]], "chi2_level": 0.997, "chi2_df": 3, "chi2_threshold": 13.931422665512084, "N_raw": 37, "N_roi": 37, "N_inlier": 34, "refit": true}
{"timestamp": "18:41:05.472015", "frame": 31, "mu": [1.2299768207252424, 1.9186419790278637, 1.0934081096806854], "Sigma": [[0.006112056098574061, -0.005566057071346314, -0.011481342442006718], [-0.005566057071346314, 0.005684437609477857, 0.009251015417328354], [-0.011481342442006716, 0.009251015417328354, 0.03459055875533779]], "chi2_level": 0.997, "chi2_df": 3, "chi2_threshold": 13.931422665512084, "N_raw": 33, "N_roi": 33, "N_inlier": 30, "refit": true}
{"timestamp": "18:41:05.525588", "frame": 32, "mu": [1.2019095089090692, 1.860054006102013, 0.8896219015080917], "Sigma": [[0.0056004506283902624, -0.00253158746496423, -0.003328522068401467], [-0.00253158746496423, 0.0028004236815177778, 0.001490071626541421], [-0.003328522068401467, 0.001490071626541421, 0.01872429737710335]], "chi2_level": 0.997, "chi2_df": 3, "chi2_threshold": 13.931422665512084, "N_raw": 26, "N_roi": 26, "N_inlier": 24, "refit": true}
{"timestamp": "18:41:05.583775", "frame": 33, "mu": [1.0463647213411298, 1.9763277545916502, 1.3390350965848166], "Sigma": [[0.010930189382223931, -0.003512391589178725, -0.022134745548026587], [-0.003512391589178725, 0.005158576778576194, -0.005244383754030104], [-0.022134745548026587, -0.005244383754030104, 0.11859937333073876]], "chi2_level": 0.997, "chi2_df": 3, "chi2_threshold": 13.931422665512084, "N_raw": 42, "N_roi": 42, "N_inlier": 40, "refit": true}
{"timestamp": "18:41:05.636807", "frame": 34, "mu": [0.9093295831298888, 1.8765449683093383, 0.600705845535858], "Sigma": [[0.03297400383634376, -0.008876003487244748, 0.0717971300457923], [-0.008876003487244748, 0.006126055284423459, -0.00771978202047166], [0.0717971300457923, -0.007719782020471659, 0.2689314569625268]], "chi2_level": 0.997, "chi2_df": 3, "chi2_threshold": 13.931422665512084, "N_raw": 29, "N_roi": 29, "N_inlier": 28, "refit": true}
{"timestamp": "18:41:05.700438", "frame": 35, "mu": [0.9030825605999102, 1.901328610706485, 1.2471811784904345], "Sigma": [[0.008618420005439437, -0.0033158050933024793, -0.008538643619008822], [-0.0033158050933024793, 0.005868552975465794, 0.01572257243553489], [-0.008538643619008822, 0.01572257243553489, 0.15848059513373444]], "chi2_level": 0.997, "chi2_df": 3, "chi2_threshold": 13.931422665512084, "N_raw": 86, "N_roi": 86, "N_inlier": 83, "refit": true}
{"timestamp": "18:41:05.751874", "frame": 36, "mu": [0.8381104431556542, 1.9088032516986642, 1.3198009051638628], "Sigma": [[0.007560392479682506, -0.002432582890105693, -0.013481988035423574], [-0.002432582890105693, 0.00300513880153125, 0.0037419916990571716], [-0.013481988035423574, 0.003741991699057171, 0.08092048427576387]], "chi2_level": 0.997, "chi2_df": 3, "chi2_threshold": 13.931422665512084, "N_raw": 61, "N_roi": 61, "N_inlier": 61, "refit": true}
{"timestamp": "18:41:05.810681", "frame": 37, "mu": [0.7476004097810287, 1.8950249040860947, 1.2679290187950147], "Sigma": [[0.00937979183257588, -0.006163107335967449, -0.021198743408062583], [-0.006163107335967449, 0.007460129170626618, 0.0154129426563326], [-0.021198743408062583, 0.0154129426563326, 0.1628033502138706]], "chi2_level": 0.997, "chi2_df": 3, "chi2_threshold": 13.931422665512084, "N_raw": 84, "N_roi": 84, "N_inlier": 83, "refit": true}
{"timestamp": "18:41:05.863605", "frame": 38, "mu": [0.6856679693261379, 1.8946269141521939, 1.3346141779892307], "Sigma": [[0.005781099121273663, -0.004525164092304181, -0.009836220679191663], [-0.00452516409230418, 0.00820897891461425, 0.00864293790664796], [-0.009836220679191664, 0.008642937906647961, 0.11486876942676459]], "chi2_level": 0.997, "chi2_df": 3, "chi2_threshold": 13.931422665512084, "N_raw": 59, "N_roi": 54, "N_inlier": 51, "refit": true}
{"timestamp": "18:41:05.916881", "frame": 39, "mu": [0.5817375674877717, 1.85932844364639, 1.3443187843043882], "Sigma": [[0.00783035293331111, -0.004291501301197558, -0.00906062883260515], [-0.004291501301197558, 0.007595577536110606, 0.004816342936602717], [-0.00906062883260515, 0.004816342936602717, 0.04644518045711232]], "chi2_level": 0.997, "chi2_df": 3, "chi2_threshold": 13.931422665512084, "N_raw": 65, "N_roi": 65, "N_inlier": 61, "refit": true}
{"timestamp": "18:41:05.972215", "frame": 40, "mu": [0.48432464669434183, 1.8858009890902352, 1.2745381757976], "Sigma": [[0.006232080842699363, -0.001609671106920294, -0.004721342823540493], [-0.001609671106920294, 0.006665031193572846, 0.002287073882605792], [-0.004721342823540492, 0.002287073882605792, 0.11717060398341037]], "chi2_level": 0.997, "chi2_df": 3, "chi2_threshold": 13.931422665512084, "N_raw": 63, "N_roi": 63, "N_inlier": 62, "refit": true}
{"timestamp": "18:41:06.027805", "frame": 41, "mu": [0.43843822457924747, 1.8887538949844889, 1.2336524405354456], "Sigma": [[0.005968553809177269, -0.0010225957309048144, -0.012547328940708119], [-0.0010225957309048144, 0.0037487322089333965, 0.00031450197151675926], [-0.012547328940708119, 0.00031450197151675904, 0.10470976579699999]], "chi2_level": 0.997, "chi2_df": 3, "chi2_threshold": 13.931422665512084, "N_raw": 65, "N_roi": 61, "N_inlier": 59, "refit": true}
{"timestamp": "18:41:06.077201", "frame": 42, "mu": [0.288471397806945, 1.9336117145560077, 1.0217785588645654], "Sigma": [[0.012703636033408327, -0.006383075874602396, 0.053370948171275155], [-0.006383075874602396, 0.004952120120676937, -0.026016494742070004], [0.05337094817127516, -0.026016494742070004, 0.3560501214353711]], "chi2_level": 0.997, "chi2_df": 3, "chi2_threshold": 13.931422665512084, "N_raw": 29, "N_roi": 27, "N_inlier": 27, "refit": true}
{"timestamp": "18:41:06.140166", "frame": 43, "mu": [0.2281697874186695, 1.9561113064172213, 1.4306633976325085], "Sigma": [[0.006650062118670357, -0.00015536504693709345, -0.004807825391372266], [-0.00015536504693709324, 0.008774201178114685, -0.0002606517698850354], [-0.004807825391372266, -0.0002606517698850353, 0.006068478989924405]], "chi2_level": 0.997, "chi2_df": 3, "chi2_threshold": 13.931422665512084, "N_raw": 83, "N_roi": 80, "N_inlier": 75, "refit": true}
{"timestamp": "18:41:06.190053", "frame": 44, "mu": [0.14167053451527095, 1.920893165913198, 1.2632399877833937], "Sigma": [[0.005709015041309269, -0.0008230360992024973, -0.0015616539277425049], [-0.0008230360992024974, 0.0032891084837914364, -0.003953463036489025], [-0.0015616539277425055, -0.003953463036489025, 0.18217020711105072]], "chi2_level": 0.997, "chi2_df": 3, "chi2_threshold": 13.931422665512084, "N_raw": 50, "N_roi": 46, "N_inlier": 46, "refit": true}
{"timestamp": "18:41:06.250629", "frame": 45, "mu": [0.09365207961241569, 2.000609516655385, 0.23958238056387707], "Sigma": [[0.005222163250731312, -0.004395328989368744, 0.033986860632071236], [-0.004395328989368744, 0.021008477917891386, -0.0775751999455696], [0.033986860632071236, -0.0775751999455696, 0.545466056186504]], "chi2_level": 0.997, "chi2_df": 3, "chi2_threshold": 13.931422665512084, "N_raw": 85, "N_roi": 50, "N_inlier": 49, "refit": true}
{"timestamp": "18:41:06.297983", "frame": 46, "mu": [-0.047993726468888366, 1.9345983027354445, 0.4464207018656404], "Sigma": [[0.005312080076847397, -0.0009994427059392547, 0.021519229751708047], [-0.0009994427059392544, 0.005836556363028309, -0.01194420783964002], [0.021519229751708044, -0.011944207839640019, 0.515356454176492]], "chi2_level": 0.997, "chi2_df": 3, "chi2_threshold": 13.931422665512084, "N_raw": 38, "N_roi": 35, "N_inlier": 35, "refit": true}
{"timestamp": "18:41:06.353252", "frame": 47, "mu": [-0.08070248787800027, 1.9025401680503877, 1.25456228185709], "Sigma": [[0.004407761887800293, -0.000805863100608453, 0.004468579565918569], [-0.000805863100608453, 0.0026217147512492744, -0.000523315303463947], [0.004468579565918569, -0.000523315303463947, 0.26978358853391554]], "chi2_level": 0.997, "chi2_df": 3, "chi2_threshold": 13.931422665512084, "N_raw": 37, "N_roi": 36, "N_inlier": 36, "refit": true}
{"timestamp": "18:41:06.412712", "frame": 48, "mu": [-0.1848413608836287, 2.0218887322098467, -0.04404565455986112], "Sigma": [[0.008091236192619542, 0.0005074527526142948, -0.006532391585861568], [0.0005074527526142948, 0.021880772584596607, -0.056074757617296064], [-0.006532391585861567, -0.05607475761729607, 0.21097313934027115]], "chi2_level": 0.997, "chi2_df": 3, "chi2_threshold": 13.931422665512084, "N_raw": 70, "N_roi": 67, "N_inlier": 67, "refit": true}
{"timestamp": "18:41:06.471412", "frame": 49, "mu": [-0.22543072871234562, 2.0277358033047284, -0.008554214557120469], "Sigma": [[0.009473695332327734, -0.001148388741030223, -0.0030150807136691627], [-0.0011483887410302233, 0.02123473991857952, -0.0536844748821485], [-0.0030150807136691622, -0.053684474882148496, 0.2499608372609568]], "chi2_level": 0.997, "chi2_df": 3, "chi2_threshold": 13.931422665512084, "N_raw": 90, "N_roi": 86, "N_inlier": 85, "refit": true}
{"timestamp": "18:41:06.525686", "frame": 50, "mu": [-0.30304353989796595, 2.0138919971793334, 0.018689547920637355], "Sigma": [[0.009274600659796657, 0.0019427076848148603, -0.004001891724859219], [0.00194270768481486, 0.009655299279671925, 0.0006762004061161382], [-0.004001891724859219, 0.0006762004061161382, 0.005204573354029219]], "chi2_level": 0.997, "chi2_df": 3, "chi2_threshold": 13.931422665512084, "N_raw": 92, "N_roi": 88, "N_inlier": 83, "refit": true}
{"timestamp": "18:41:06.582456", "frame": 51, "mu": [-0.3840347000258249, 2.0226177810649837, -0.1564867191374161], "Sigma": [[0.00780186277988851, 0.002065409868251539, -0.006061057149170236], [0.0020654098682515395, 0.010287642864431082, -0.011785998100078403], [-0.006061057149170237, -0.011785998100078403, 0.03959704343272231]], "chi2_level": 0.997, "chi2_df": 3, "chi2_threshold": 13.931422665512084, "N_raw": 98, "N_roi": 98, "N_inlier": 94, "refit": true}
{"timestamp": "18:41:06.635940", "frame": 52, "mu": [-0.4670435060635403, 1.9135908355710705, 1.276318995185623], "Sigma": [[0.007454127573878856, -0.0008531357849161661, 0.001268103356993503], [-0.000853135784916166, 0.004672282734272481, -0.0014318092739034627], [0.0012681033569935031, -0.0014318092739034622, 0.05153832328368836]], "chi2_level": 0.997, "chi2_df": 3, "chi2_threshold": 13.931422665512084, "N_raw": 86, "N_roi": 86, "N_inlier": 83, "refit": true}
{"timestamp": "18:41:06.689609", "frame": 53, "mu": [-0.5767014061718035, 1.9080532427855044, 1.3713265414464717], "Sigma": [[0.009487673410188715, 0.0001714549106342976, -0.015538808895094658], [0.00017145491063429792, 0.007991022694777581, -0.011538799395578999], [-0.015538808895094658, -0.011538799395579, 0.07368912420126109]], "chi2_level": 0.997, "chi2_df": 3, "chi2_threshold": 13.931422665512084, "N_raw": 78, "N_roi": 76, "N_inlier": 73, "refit": true}
{"timestamp": "18:41:06.752966", "frame": 54, "mu": [-0.5962040085566429, 1.9659275591531404, 0.9444862332774946], "Sigma": [[0.012904677548097584, 0.0036597530722652627, -0.02908763207728145], [0.0036597530722652623, 0.013253934975725726, -0.046971719663674624], [-0.02908763207728145, -0.046971719663674624, 0.28931335020244703]], "chi2_level": 0.997, "chi2_df": 3, "chi2_threshold": 13.931422665512084, "N_raw": 140, "N_roi": 138, "N_inlier": 135, "refit": true}
{"timestamp": "18:41:06.806148", "frame": 55, "mu": [-0.6709869327720195, 2.026163707375621, 0.09657265044264038], "Sigma": [[0.008397283851095337, -0.004463272556468403, 0.024445125369407336], [-0.004463272556468403, 0.01830716532859774, -0.0377751591844314], [0.024445125369407333, -0.0377751591844314, 0.2597343905445341]], "chi2_level": 0.997, "chi2_df": 3, "chi2_threshold": 13.931422665512084, "N_raw": 123, "N_roi": 123, "N_inlier": 123, "refit": true}
{"timestamp": "18:41:06.855632", "frame": 56, "mu": [-0.8017216935381115, 1.9066220262346851, 1.4111751121527065], "Sigma": [[0.008233715747774107, -0.0008433507328210383, -0.01238017974109646], [-0.0008433507328210383, 0.007267100545970924, -0.0036464507288781886], [-0.01238017974109646, -0.003646450728878189, 0.03975665427878681]], "chi2_level": 0.997, "chi2_df": 3, "chi2_threshold": 13.931422665512084, "N_raw": 86, "N_roi": 86, "N_inlier": 83, "refit": true}
{"timestamp": "18:41:06.911374", "frame": 57, "mu": [-0.8898149638616986, 1.8668439683700089, 1.3488671434818813], "Sigma": [[0.007980593813251054, -0.000541677160699505, -0.011702329074414024], [-0.000541677160699505, 0.007608888224036767, -0.006382090174613735], [-0.011702329074414024, -0.006382090174613735, 0.03154679178744399]], "chi2_level": 0.997, "chi2_df": 3, "chi2_threshold": 13.931422665512084, "N_raw": 89, "N_roi": 89, "N_inlier": 86, "refit": true}
{"timestamp": "18:41:06.964962", "frame": 58, "mu": [-0.9926076369066967, 1.8572661847047272, 1.3836162351559995], "Sigma": [[0.00859924758770112, 0.0008274083197065587, -0.009406846505459088], [0.0008274083197065587, 0.007557307918173439, -0.0036676396264146566], [-0.009406846505459088, -0.003667639626414657, 0.01902646704362285]], "chi2_level": 0.997, "chi2_df": 3, "chi2_threshold": 13.931422665512084, "N_raw": 77, "N_roi": 77, "N_inlier": 72, "refit": true}
{"timestamp": "18:41:07.019250", "frame": 59, "mu": [-1.0737017997947227, 1.8685545884044807, 1.373057866579878], "Sigma": [[0.007615849482442052, 0.002514751937935315, -0.005701225725887276], [0.002514751937935315, 0.007044874025682425, -0.011092849834945687], [-0.005701225725887276, -0.011092849834945687, 0.029334808323256783]], "chi2_level": 0.997, "chi2_df": 3, "chi2_threshold": 13.931422665512084, "N_raw": 82, "N_roi": 82, "N_inlier": 79, "refit": true}
{"timestamp": "18:41:07.074621", "frame": 60, "mu": [-1.1643192994645972, 1.8994143007639956, 1.43608584362936], "Sigma": [[0.007719548110867821, 0.002360493883204952, -0.01004026095919213], [0.002360493883204952, 0.0070390396175138105, -0.012736573686078483], [-0.010040260959192129, -0.012736573686078482, 0.05070654184299046]], "chi2_level": 0.997, "chi2_df": 3, "chi2_threshold": 13.931422665512084, "N_raw": 82, "N_roi": 82, "N_inlier": 79, "refit": true}
{"timestamp": "18:41:07.125397", "frame": 61, "mu": [-1.251615732664993, 1.904319141753621, 1.451279223911833], "Sigma": [[0.0056894440447733405, 0.0039569783401452365, -0.011905190151935979], [0.0039569783401452365, 0.007068431706475861, -0.02032855701726949], [-0.011905190151935977, -0.02032855701726949, 0.08087063939563527]], "chi2_level": 0.997, "chi2_df": 3, "chi2_threshold": 13.931422665512084, "N_raw": 52, "N_roi": 49, "N_inlier": 47, "refit": true}
{"timestamp": "18:41:07.184612", "frame": 62, "mu": [-1.278567347417193, 1.942313846230207, 1.2700415442236517], "Sigma": [[0.014677376564167129, -2.1015462743939942e-05, -0.05467741998683504], [-2.1015462743939725e-05, 0.004613893664241861, -0.0010174506116954174], [-0.05467741998683504, -0.0010174506116954174, 0.3347845722831577]], "chi2_level": 0.997, "chi2_df": 3, "chi2_threshold": 13.931422665512084, "N_raw": 79, "N_roi": 79, "N_inlier": 78, "refit": true}
{"timestamp": "18:41:07.235718", "frame": 63, "mu": [-1.3706786636936195, 1.8276920489514499, 1.3563434493097077], "Sigma": [[0.026384811149129737, 0.010467415958784216, -0.07925896890915135], [0.010467415958784216, 0.009420097727796407, -0.029964535205758088], [-0.07925896890915135, -0.029964535205758088, 0.28013476379366514]], "chi2_level": 0.997, "chi2_df": 3, "chi2_threshold": 13.931422665512084, "N_raw": 52, "N_roi": 52, "N_inlier": 49, "refit": true}
{"timestamp": "18:41:07.294854", "frame": 64, "mu": [-1.5681864949067008, 1.7513002321052469, 1.5257438597314126], "Sigma": [[0.03347129934272833, 0.025318338154770744, -0.03646398369740461], [0.025318338154770744, 0.028001208122428387, -0.03271552310764614], [-0.036463983697404605, -0.03271552310764614, 0.12028641744986698]], "chi2_level": 0.997, "chi2_df": 3, "chi2_threshold": 13.931422665512084, "N_raw": 80, "N_roi": 80, "N_inlier": 80, "refit": true}
{"timestamp": "18:41:07.346012", "frame": 65, "mu": [-1.6114311815712965, 1.869252565598255, 0.11700446184200504], "Sigma": [[0.0227582030978422, 0.02492484578703101, -0.013062297929385926], [0.02492484578703101, 0.037853792436083736, -0.018390335820112527], [-0.013062297929385923, -0.01839033582011253, 0.013834324602926494]], "chi2_level": 0.997, "chi2_df": 3, "chi2_threshold": 13.931422665512084, "N_raw": 61, "N_roi": 61, "N_inlier": 57, "refit": true}
{"timestamp": "18:41:07.401222", "frame": 66, "mu": [-1.7729450463910892, 1.7362383340613814, 1.6573572775019179], "Sigma": [[0.030213459864070653, 0.03531282788117045, -0.0281004696427669], [0.03531282788117045, 0.053604326494194623, -0.0316502405033153], [-0.028100469642766898, -0.0316502405033153, 0.04650771042523881]], "chi2_level": 0.997, "chi2_df": 3, "chi2_threshold": 13.931422665512084, "N_raw": 63, "N_roi": 63, "N_inlier": 63, "refit": true}
{"timestamp": "18:41:07.454085", "frame": 67, "mu": [-1.8741154318532403, 1.5689425467089313, 1.909251008447252], "Sigma": [[0.015950792583707782, 0.014919171214461362, -0.02322196732766896], [0.014919171214461364, 0.019744618937931648, -0.017134961388331364], [-0.02322196732766896, -0.01713496138833136, 0.03986311319402289]], "chi2_level": 0.997, "chi2_df": 3, "chi2_threshold": 13.931422665512084, "N_raw": 49, "N_roi": 49, "N_inlier": 47, "refit": true}
{"timestamp": "18:41:07.512475", "frame": 68, "mu": [-1.9498841897858048, 1.6428362710826938, 1.7704681927922061], "Sigma": [[0.015347270810011915, 0.014332987491719539, -0.010635813482935026], [0.014332987491719539, 0.0232596810237536, -0.016828061989855928], [-0.010635813482935026, -0.016828061989855928, 0.05171225718971095]], "chi2_level": 0.997, "chi2_df": 3, "chi2_threshold": 13.931422665512084, "N_raw": 76, "N_roi": 75, "N_inlier": 73, "refit": true}
{"timestamp": "18:41:07.570521", "frame": 69, "mu": [-1.9261262965908617, 1.7050328541543842, 0.33637574227319506], "Sigma": [[0.018460996571327652, 0.016583197590230227, 0.03675957457896889], [0.016583197590230227, 0.02850131569096747, 0.011424444592190022], [0.03675957457896889, 0.011424444592190022, 0.25524542557427804]], "chi2_level": 0.997, "chi2_df": 3, "chi2_threshold": 13.931422665512084, "N_raw": 88, "N_roi": 88, "N_inlier": 87, "refit": true}
{"timestamp": "18:41:07.624998", "frame": 70, "mu": [-1.9818834401981864, 1.6675323971471783, 1.5212642724080667], "Sigma": [[0.019014304205211902, 0.014851812011614687, -0.01377209347939765], [0.014851812011614687, 0.019472048890550812, -0.017963818085726592], [-0.01377209347939765, -0.017963818085726592, 0.019325032781185955]], "chi2_level": 0.997, "chi2_df": 3, "chi2_threshold": 13.931422665512084, "N_raw": 79, "N_roi": 79, "N_inlier": 76, "refit": true}
{"timestamp": "18:41:07.678783", "frame": 71, "mu": [-2.0635905129923673, 1.6612749068175074, -0.014144681540585449], "Sigma": [[0.018041531225885872, 0.015774290434830668, -0.011060122310859713], [0.01577429043483067, 0.026434340288178163, -0.016566362403537156], [-0.011060122310859712, -0.016566362403537156, 0.017885444064253776]], "chi2_level": 0.997, "chi2_df": 3, "chi2_threshold": 13.931422665512084, "N_raw": 70, "N_roi": 70, "N_inlier": 67, "refit": true}
{"timestamp": "18:41:07.733573", "frame": 72, "mu": [-2.1109830343337395, 1.57174244133623, 1.3208582805179525], "Sigma": [[0.01647026308800311, 0.014594599868779633, -0.0155331884314559], [0.014594599868779633, 0.021882283138237493, -0.027072512961143942], [-0.0155331884314559, -0.027072512961143942, 0.04350191683806398]], "chi2_level": 0.997, "chi2_df": 3, "chi2_threshold": 13.931422665512084, "N_raw": 70, "N_roi": 70, "N_inlier": 69, "refit": true}
{"timestamp": "18:41:07.792763", "frame": 73, "mu": [-2.2622112587271546, 1.7630283702569431, -0.407223807064353], "Sigma": [[0.013509230028228557, 0.00633610308731816, 0.0031597613142755943], [0.00633610308731816, 0.09346379289340029, -0.10406079738324422], [0.003159761314275593, -0.10406079738324422, 0.12985012630817763]], "chi2_level": 0.997, "chi2_df": 3, "chi2_threshold": 13.931422665512084, "N_raw": 100, "N_roi": 89, "N_inlier": 89, "refit": true}
{"timestamp": "18:41:07.843458", "frame": 74, "mu": [-2.2889314432751395, 1.5967692208691775, 1.2097358612462588], "Sigma": [[0.011857490498774588, 0.0017793487468739783, 0.00999639351046503], [0.001779348746873978, 0.023235435211534698, -0.03634736661065963], [0.00999639351046503, -0.03634736661065963, 0.07633146295617688]], "chi2_level": 0.997, "chi2_df": 3, "chi2_threshold": 13.931422665512084, "N_raw": 70, "N_roi": 57, "N_inlier": 57, "refit": true}
{"timestamp": "18:41:07.893626", "frame": 75, "mu": [-2.329827116037537, 1.6164511669621042, -0.08018890688317262], "Sigma": [[0.007472388447419833, 0.007135490079742536, -0.0029339130529662362], [0.007135490079742536, 0.021498716218784478, -0.0247093727382283], [-0.002933913052966236, -0.0247093727382283, 0.046928273189013534]], "chi2_level": 0.997, "chi2_df": 3, "chi2_threshold": 13.931422665512084, "N_raw": 50, "N_roi": 48, "N_inlier": 48, "refit": true}
{"timestamp": "18:41:07.950285", "frame": 76, "mu": [-2.337338766586662, 1.454445138497368, 1.4098707257202827], "Sigma": [[0.007859096274593151, 0.006817854378096825, -0.004034693100243441], [0.006817854378096825, 0.02140855503773874, -0.012566239766675742], [-0.004034693100243441, -0.01256623976667574, 0.009313417826321129]], "chi2_level": 0.997, "chi2_df": 3, "chi2_threshold": 13.931422665512084, "N_raw": 55, "N_roi": 47, "N_inlier": 47, "refit": true}
{"timestamp": "18:41:08.004095", "frame": 77, "mu": [-2.385719750321257, 1.5130563722535602, 1.312264383826678], "Sigma": [[0.004372393354812578, 0.002410400104113697, -0.003280755521723457], [0.002410400104113697, 0.011695770443836026, -0.009425363962068738], [-0.003280755521723457, -0.00942536396206874, 0.019164811946865735]], "chi2_level": 0.997, "chi2_df": 3, "chi2_threshold": 13.931422665512084, "N_raw": 50, "N_roi": 37, "N_inlier": 36, "refit": true}
{"timestamp": "18:41:08.056847", "frame": 78, "mu": [-2.408181276951926, 1.5232643756140702, 1.4074569748402133], "Sigma": [[0.0033979452768881846, 0.0034955567893073173, -0.0023590158168635867], [0.003495556789307317, 0.009059856305994452, -0.009944883567002079], [-0.0023590158168635862, -0.009944883567002079, 0.02397123366749706]], "chi2_level": 0.997, "chi2_df": 3, "chi2_threshold": 13.931422665512084, "N_raw": 34, "N_roi": 24, "N_inlier": 24, "refit": true}
{"timestamp": "18:41:08.114895", "frame": 79, "mu": [-2.430957313105316, 1.6624933301676583, -0.21017008130438072], "Sigma": [[0.0020739765430735587, 0.001585340607803731, -0.0013694536134714803], [0.0015853406078037311, 0.02316392226016245, -0.02331799837823464], [-0.0013694536134714803, -0.023317998378234644, 0.03265392063087515]], "chi2_level": 0.997, "chi2_df": 3, "chi2_threshold": 13.931422665512084, "N_raw": 51, "N_roi": 22, "N_inlier": 22, "refit": true}
{"timestamp": "18:41:08.170597", "frame": 80, "mu": [-2.462794562812292, 1.6211508777715824, 1.0508728900626756], "Sigma": [[0.0008213995916647856, 0.0005951090252329002, -0.0014409264751615238], [0.0005951090252329002, 0.007658860568712516, -0.02330210750200473], [-0.0014409264751615242, -0.023302107502004732, 0.08841217472408915]], "chi2_level": 0.997, "chi2_df": 3, "chi2_threshold": 13.931422665512084, "N_raw": 50, "N_roi": 11, "N_inlier": 11, "refit": true}
