{"timestamp": "17:43:36.408210", "frame": 37, "mu": [1.360877023086014, 1.1451278616551201, 0.9367479947313687], "Sigma": [[0.011075941406869617, 0.0016612952754268629, 0.056828024277331794], [0.0016612952754268629, 0.00956269178610885, -0.03448373070822455], [0.056828024277331794, -0.03448373070822455, 0.5186261653917019]], "chi2_level": 0.997, "chi2_df": 3, "chi2_threshold": 13.931422665512084, "N_raw": 7, "N_roi": 7, "N_inlier": 7, "refit": true}
{"timestamp": "17:43:36.518879", "frame": 39, "mu": [1.2190936639073213, 1.3460058322772244, 0.9292403986887582], "Sigma": [[0.016925303712001013, -0.006475465004861942, 0.03927981011192589], [-0.006475465004861942, 0.024590396668306418, -0.07729386131310248], [0.03927981011192589, -0.07729386131310248, 0.29567696524905057]], "chi2_level": 0.997, "chi2_df": 3, "chi2_threshold": 13.931422665512084, "N_raw": 11, "N_roi": 11, "N_inlier": 11, "refit": true}
{"timestamp": "17:43:36.630478", "frame": 41, "mu": [1.2361850418217781, 1.1957936294452107, 0.8986756093105807], "Sigma": [[0.0026927844602017397, 0.0014635457405522334, -0.0014973564358099092], [0.0014635457405522336, 0.027197535185694562, -0.00894590576936817], [-0.001497356435809909, -0.00894590576936817, 0.0035797950429246285]], "chi2_level": 0.997, "chi2_df": 3, "chi2_threshold": 13.931422665512084, "N_raw": 24, "N_roi": 24, "N_inlier": 22, "refit": true}
{"timestamp": "17:43:36.687612", "frame": 42, "mu": [1.177310167614791, 1.2337869745041938, 1.2736308088512205], "Sigma": [[0.00485202211304446, -0.004291493478096938, -0.01005435627343582], [-0.004291493478096938, 0.01013214177712521, 0.02690606125608684], [-0.01005435627343582, 0.02690606125608684, 0.10274960352273577]], "chi2_level": 0.997, "chi2_df": 3, "chi2_threshold": 13.931422665512084, "N_raw": 42, "N_roi": 42, "N_inlier": 42, "refit": true}
{"timestamp": "17:43:36.795149", "frame": 44, "mu": [0.9501565368617401, 1.4418390366832643, 1.5061174772271149], "Sigma": [[0.0029465104109076866, -0.0010269962956061594, -0.0005464268137190867], [-0.0010269962956061594, 0.0031327886728509946, 0.0009088204799324396], [-0.0005464268137190867, 0.0009088204799324396, 0.0005412498926935197]], "chi2_level": 0.997, "chi2_df": 3, "chi2_threshold": 13.931422665512084, "N_raw": 22, "N_roi": 22, "N_inlier": 21, "refit": true}
{"timestamp": "17:43:36.907265", "frame": 46, "mu": [0.9304481358512552, 1.393006267744744, 1.2949831274954258], "Sigma": [[0.0027846574874952484, -0.0009188831345954675, -0.0036757167829341423], [-0.0009188831345954673, 0.0030472124866711206, 0.004371086546086651], [-0.003675716782934142, 0.004371086546086651, 0.01902757278295452]], "chi2_level": 0.997, "chi2_df": 3, "chi2_threshold": 13.931422665512084, "N_raw": 20, "N_roi": 20, "N_inlier": 20, "refit": true}
{"timestamp": "17:43:36.967358", "frame": 47, "mu": [0.944210096215421, 1.409093696997359, 1.1847617584608272], "Sigma": [[0.004420528293093772, -0.0028091314177099637, -0.006809574449300308], [-0.0028091314177099637, 0.0028572033341983916, 0.006197472065115393], [-0.0068095744493003076, 0.006197472065115393, 0.04728678667051797]], "chi2_level": 0.997, "chi2_df": 3, "chi2_threshold": 13.931422665512084, "N_raw": 54, "N_roi": 54, "N_inlier": 51, "refit": true}
{"timestamp": "17:43:37.023608", "frame": 48, "mu": [0.910819940156056, 1.4438483845194339, 1.2468935510103192], "Sigma": [[0.006393415833313881, -0.0029764701862382056, -0.006740450702513024], [-0.002976470186238205, 0.002614349463330146, 0.005002087802611712], [-0.006740450702513022, 0.005002087802611711, 0.041114312635632116]], "chi2_level": 0.997, "chi2_df": 3, "chi2_threshold": 13.931422665512084, "N_raw": 62, "N_roi": 62, "N_inlier": 59, "refit": true}
{"timestamp": "17:43:37.081374", "frame": 49, "mu": [0.8827387508193172, 1.5464392497936539, 1.3847340464258409], "Sigma": [[0.007400871877935744, -0.0011713503710241752, -0.006277958582482899], [-0.0011713503710241747, 0.006151669348623879, 0.01292133017345901], [-0.006277958582482898, 0.01292133017345901, 0.07420240407098819]], "chi2_level": 0.997, "chi2_df": 3, "chi2_threshold": 13.931422665512084, "N_raw": 77, "N_roi": 77, "N_inlier": 74, "refit": true}
{"timestamp": "17:43:37.132042", "frame": 50, "mu": [0.8658066269431568, 1.5877443130634086, 1.281754354129225], "Sigma": [[0.005577463430845216, -0.002369097247413009, -0.012184056486241105], [-0.0023690972474130095, 0.004960557690405807, 0.01784216827736522], [-0.012184056486241105, 0.01784216827736522, 0.14601102968367202]], "chi2_level": 0.997, "chi2_df": 3, "chi2_threshold": 13.931422665512084, "N_raw": 51, "N_roi": 51, "N_inlier": 50, "refit": true}
{"timestamp": "17:43:37.186672", "frame": 51, "mu": [0.8192314107260366, 1.5983561179263948, 1.029098943392769], "Sigma": [[0.004060682834038717, -0.0001526839245950267, -0.0056884396045835065], [-0.0001526839245950267, 0.0050524916085793155, -0.012428068317563174], [-0.0056884396045835065, -0.012428068317563174, 0.07726841744907965]], "chi2_level": 0.997, "chi2_df": 3, "chi2_threshold": 13.931422665512084, "N_raw": 50, "N_roi": 50, "N_inlier": 48, "refit": true}
{"timestamp": "17:43:37.247747", "frame": 52, "mu": [0.8112536786994685, 1.844769787669136, -0.24226446626996162], "Sigma": [[0.006997176700976593, -0.0010614664839110036, 0.00196583037097816], [-0.0010614664839110038, 0.007326561525294163, -0.010075906892147315], [0.00196583037097816, -0.010075906892147313, 0.03193872523887843]], "chi2_level": 0.997, "chi2_df": 3, "chi2_threshold": 13.931422665512084, "N_raw": 80, "N_roi": 80, "N_inlier": 78, "refit": true}
{"timestamp": "17:43:37.299113", "frame": 53, "mu": [0.769016331687916, 1.7082674373952909, 1.4292942332908836], "Sigma": [[0.010273558879032507, 0.003961032235154344, 0.005858914554658737], [0.003961032235154344, 0.005344330003970108, 0.0007289883815747722], [0.005858914554658737, 0.0007289883815747722, 0.005715793782579265]], "chi2_level": 0.997, "chi2_df": 3, "chi2_threshold": 13.931422665512084, "N_raw": 67, "N_roi": 65, "N_inlier": 64, "refit": true}
{"timestamp": "17:43:37.354767", "frame": 54, "mu": [0.7278133978343757, 1.794203536068628, 1.3018774468119378], "Sigma": [[0.008696849444424252, 0.0031511858043358544, -0.0021518539358869127], [0.003151185804335854, 0.005269192285158715, 0.005966630969869825], [-0.0021518539358869127, 0.005966630969869825, 0.08426774070371537]], "chi2_level": 0.997, "chi2_df": 3, "chi2_threshold": 13.931422665512084, "N_raw": 69, "N_roi": 69, "N_inlier": 67, "refit": true}
{"timestamp": "17:43:37.408094", "frame": 55, "mu": [0.6525062384924987, 1.8853589804803204, -0.09246205752715857], "Sigma": [[0.006709301764609425, 0.0003281238217729261, -0.0016642662466513844], [0.0003281238217729259, 0.0075497493300486695, -0.007354796545429568], [-0.0016642662466513844, -0.007354796545429568, 0.03889010941038572]], "chi2_level": 0.997, "chi2_df": 3, "chi2_threshold": 13.931422665512084, "N_raw": 57, "N_roi": 57, "N_inlier": 54, "refit": true}
{"timestamp": "17:43:37.462746", "frame": 56, "mu": [0.603652847285785, 1.8409841191114327, 1.3478783766290872], "Sigma": [[0.0057853774101573685, -0.0009997963412608237, 0.003724728440158383], [-0.000999796341260824, 0.004562117458704153, 0.006717259581069578], [0.0037247284401583833, 0.006717259581069578, 0.05826029889048881]], "chi2_level": 0.997, "chi2_df": 3, "chi2_threshold": 13.931422665512084, "N_raw": 59, "N_roi": 59, "N_inlier": 57, "refit": true}
{"timestamp": "17:43:37.519536", "frame": 57, "mu": [0.5433823082722423, 1.851020023388468, 1.1983581534304015], "Sigma": [[0.00558863315710569, -0.0003245190765363826, -0.007518701701975187], [-0.00032451907653638254, 0.0022681068537858153, -0.0039696997466959014], [-0.007518701701975186, -0.003969699746695902, 0.14826153802437678]], "chi2_level": 0.997, "chi2_df": 3, "chi2_threshold": 13.931422665512084, "N_raw": 61, "N_roi": 58, "N_inlier": 58, "refit": true}
{"timestamp": "17:43:37.570630", "frame": 58, "mu": [0.5859619375289008, 1.870032558219308, 1.1168246375230138], "Sigma": [[0.004458462818358302, 0.0005623243910855655, -0.009709216463497018], [0.0005623243910855656, 0.0008899598322431134, -0.002888106055515921], [-0.009709216463497018, -0.002888106055515921, 0.15945260708591083]], "chi2_level": 0.997, "chi2_df": 3, "chi2_threshold": 13.931422665512084, "N_raw": 42, "N_roi": 40, "N_inlier": 39, "refit": true}
{"timestamp": "17:43:37.630377", "frame": 59, "mu": [0.5150764842862934, 1.9337091384658427, 1.1402479356532944], "Sigma": [[0.005426462455331525, -0.000338407770239856, 0.000749474137475053], [-0.00033840777023985604, 0.00376633826082214, -0.0056852867201260225], [0.000749474137475053, -0.0056852867201260225, 0.03388927637759791]], "chi2_level": 0.997, "chi2_df": 3, "chi2_threshold": 13.931422665512084, "N_raw": 70, "N_roi": 70, "N_inlier": 67, "refit": true}
{"timestamp": "17:43:37.680934", "frame": 60, "mu": [0.48637367667508863, 2.015294491054779, 1.355278645553795], "Sigma": [[0.006813398941951222, 0.00216047047983985, -0.0017220144529777651], [0.0021604704798398504, 0.0039488562074227965, -0.0010222778152383439], [-0.0017220144529777651, -0.0010222778152383437, 0.0009299897350115942]], "chi2_level": 0.997, "chi2_df": 3, "chi2_threshold": 13.931422665512084, "N_raw": 45, "N_roi": 45, "N_inlier": 42, "refit": true}
{"timestamp": "17:43:37.733067", "frame": 61, "mu": [0.4078842339250263, 2.0260307798887824, 1.3821995669844889], "Sigma": [[0.0020535483672708523, 0.0007592095206511323, 0.00011071768358825084], [0.0007592095206511323, 0.007750098106163242, 0.0027304695389854744], [0.00011071768358825087, 0.002730469538985474, 0.004374005402826895]], "chi2_level": 0.997, "chi2_df": 3, "chi2_threshold": 13.931422665512084, "N_raw": 24, "N_roi": 24, "N_inlier": 23, "refit": true}
{"timestamp": "17:43:37.793578", "frame": 62, "mu": [0.39945747249660246, 2.1789703525048605, -0.024083126872800596], "Sigma": [[0.006359992127749534, -0.00016227637177695958, 0.007483490937391023], [-0.00016227637177695963, 0.006686796701346836, 0.0007922697678028214], [0.007483490937391023, 0.0007922697678028215, 0.026259923983589967]], "chi2_level": 0.997, "chi2_df": 3, "chi2_threshold": 13.931422665512084, "N_raw": 63, "N_roi": 61, "N_inlier": 58, "refit": true}
{"timestamp": "17:43:37.852692", "frame": 63, "mu": [0.4271150056250955, 2.1566907016700267, 1.0525012302099612], "Sigma": [[0.020307646455572145, 0.004530318924364693, -0.05145898949425881], [0.004530318924364693, 0.005426388739004186, -0.020663399145408393], [-0.051458989494258804, -0.020663399145408393, 0.18382856163004166]], "chi2_level": 0.997, "chi2_df": 3, "chi2_threshold": 13.931422665512084, "N_raw": 86, "N_roi": 83, "N_inlier": 83, "refit": true}
{"timestamp": "17:43:37.909732", "frame": 64, "mu": [0.3305745632692963, 2.194453417298326, 1.228383674218653], "Sigma": [[0.016991486358170296, 0.0033839141790632755, -0.04281487063890513], [0.0033839141790632755, 0.0064142770490252165, -0.014793760254277474], [-0.04281487063890513, -0.014793760254277474, 0.1876463747467552]], "chi2_level": 0.997, "chi2_df": 3, "chi2_threshold": 13.931422665512084, "N_raw": 94, "N_roi": 93, "N_inlier": 90, "refit": true}
{"timestamp": "17:43:37.964283", "frame": 65, "mu": [0.26284609659133346, 2.217483619088548, 1.1663480081790798], "Sigma": [[0.015737202253347387, 0.0049660665732441265, -0.03965800366354526], [0.0049660665732441265, 0.007100710721037171, -0.02320549719685825], [-0.03965800366354526, -0.02320549719685825, 0.1688187785629387]], "chi2_level": 0.997, "chi2_df": 3, "chi2_threshold": 13.931422665512084, "N_raw": 96, "N_roi": 94, "N_inlier": 91, "refit": true}
{"timestamp": "17:43:38.012305", "frame": 66, "mu": [0.2138670222579591, 2.3766655690375527, -0.13706169357671863], "Sigma": [[0.005846718414121076, 0.004031168210280522, -0.007307683862854908], [0.004031168210280522, 0.021329434210633262, -0.06376515074257999], [-0.007307683862854909, -0.06376515074257999, 0.21097252264353697]], "chi2_level": 0.997, "chi2_df": 3, "chi2_threshold": 13.931422665512084, "N_raw": 49, "N_roi": 48, "N_inlier": 47, "refit": true}
{"timestamp": "17:43:38.067972", "frame": 67, "mu": [0.12141681591875049, 2.2827657909354926, 1.2378230897247888], "Sigma": [[0.003792847009159157, -0.000453339787759089, 0.0031287929138135366], [-0.000453339787759089, 0.0022380951882814875, -0.006307720592747512], [0.0031287929138135366, -0.006307720592747511, 0.17113515650858788]], "chi2_level": 0.997, "chi2_df": 3, "chi2_threshold": 13.931422665512084, "N_raw": 49, "N_roi": 45, "N_inlier": 41, "refit": true}
{"timestamp": "17:43:38.125424", "frame": 68, "mu": [0.06361439242340765, 2.407089459934517, 0.1106852370177362], "Sigma": [[0.009964944920573513, -0.003931554023109851, 0.03496272527100104], [-0.003931554023109851, 0.018509525603672118, -0.06094307263920185], [0.03496272527100104, -0.06094307263920186, 0.41446346469461604]], "chi2_level": 0.997, "chi2_df": 3, "chi2_threshold": 13.931422665512084, "N_raw": 78, "N_roi": 75, "N_inlier": 74, "refit": true}
{"timestamp": "17:43:38.182176", "frame": 69, "mu": [0.014762014287514273, 2.419412459667319, 0.338478747122879], "Sigma": [[0.009509636643672733, -0.003391399186189234, 0.0319861339448028], [-0.003391399186189235, 0.016168399121922916, -0.034983319518597455], [0.031986133944802805, -0.03498331951859746, 0.3166806389972408]], "chi2_level": 0.997, "chi2_df": 3, "chi2_threshold": 13.931422665512084, "N_raw": 82, "N_roi": 80, "N_inlier": 79, "refit": true}
{"timestamp": "17:43:38.242267", "frame": 70, "mu": [0.007004663646363219, 2.461780305457066, 1.394424268630431], "Sigma": [[0.016924454858110838, 0.0035058819903232273, 0.005207554728146458], [0.0035058819903232277, 0.008291595040141507, -0.02914953722931309], [0.005207554728146458, -0.029149537229313086, 0.3591859829341821]], "chi2_level": 0.997, "chi2_df": 3, "chi2_threshold": 13.931422665512084, "N_raw": 87, "N_roi": 87, "N_inlier": 87, "refit": true}
{"timestamp": "17:43:38.298896", "frame": 71, "mu": [-0.06325149708870272, 2.5292737766122566, 1.0307461582381159], "Sigma": [[0.03222083029335826, 0.0031842669063443683, 0.03910492254271801], [0.0031842669063443683, 0.012283928425084068, -0.020001138639918856], [0.03910492254271801, -0.020001138639918856, 0.5453547338860393]], "chi2_level": 0.997, "chi2_df": 3, "chi2_threshold": 13.931422665512084, "N_raw": 127, "N_roi": 126, "N_inlier": 125, "refit": true}
{"timestamp": "17:43:38.347297", "frame": 72, "mu": [-0.06304149433853849, 2.564783952641291, 1.3446269509028508], "Sigma": [[0.02226631225335022, 0.007869024640656846, 0.0033439126838083633], [0.007869024640656846, 0.008840431876297777, -0.02819517455970673], [0.0033439126838083646, -0.02819517455970673, 0.4053776047510695]], "chi2_level": 0.997, "chi2_df": 3, "chi2_threshold": 13.931422665512084, "N_raw": 72, "N_roi": 71, "N_inlier": 70, "refit": true}
{"timestamp": "17:43:38.403088", "frame": 73, "mu": [-0.06481593863616927, 2.5905053732145205, 1.1689221067695255], "Sigma": [[0.014738428469574237, 0.007082844062016758, -0.0195859045775523], [0.007082844062016758, 0.00906819685884413, -0.014363659397043508], [-0.019585904577552295, -0.014363659397043507, 0.13221184826110105]], "chi2_level": 0.997, "chi2_df": 3, "chi2_threshold": 13.931422665512084, "N_raw": 88, "N_roi": 88, "N_inlier": 85, "refit": true}
{"timestamp": "17:43:38.463754", "frame": 74, "mu": [-0.20191012622980742, 2.3297315997564176, 0.8020535836981761], "Sigma": [[0.02162517677389985, 0.04286708098291974, 0.08543850480585527], [0.04286708098291975, 0.33258341223311777, 0.5547060302404239], [0.08543850480585527, 0.5547060302404239, 1.1706217051473395]], "chi2_level": 0.997, "chi2_df": 3, "chi2_threshold": 13.931422665512084, "N_raw": 128, "N_roi": 128, "N_inlier": 128, "refit": true}
{"timestamp": "17:43:38.515099", "frame": 75, "mu": [-0.15305288419842478, 2.5922541141189264, 1.2126473810676202], "Sigma": [[0.019988877665191196, -0.0018240550871826615, -0.04319216582440146], [-0.0018240550871826615, 0.00773989258052321, 0.01410944768698733], [-0.043192165824401454, 0.01410944768698733, 0.23865038409256636]], "chi2_level": 0.997, "chi2_df": 3, "chi2_threshold": 13.931422665512084, "N_raw": 107, "N_roi": 107, "N_inlier": 104, "refit": true}
{"timestamp": "17:43:38.569968", "frame": 76, "mu": [-0.25730733406213663, 2.754333162843207, 0.03994757150944707], "Sigma": [[0.014828621126515859, 0.0014581671891832726, -0.0037803692960217093], [0.0014581671891832728, 0.027225923799918617, -0.056509465123651875], [-0.00378036929602171, -0.056509465123651875, 0.13283029618534745]], "chi2_level": 0.997, "chi2_df": 3, "chi2_threshold": 13.931422665512084, "N_raw": 97, "N_roi": 97, "N_inlier": 96, "refit": true}
{"timestamp": "17:43:38.626478", "frame": 77, "mu": [-0.3365807565120345, 2.7159557266211074, 1.1648631395331688], "Sigma": [[0.014198927878954609, -0.0015605432378845228, 0.01574502643181373], [-0.0015605432378845228, 0.012266048713875067, -0.046511631013862784], [0.015745026431813733, -0.046511631013862784, 0.4234572746805346]], "chi2_level": 0.997, "chi2_df": 3, "chi2_threshold": 13.931422665512084, "N_raw": 114, "N_roi": 114, "N_inlier": 114, "refit": true}
{"timestamp": "17:43:38.679025", "frame": 78, "mu": [-0.4162139349797347, 2.757299976333189, 1.1726234118097631], "Sigma": [[0.017846962432520652, -0.007364660994919767, 0.01956242938890352], [-0.007364660994919767, 0.017790374026995605, -0.04894024431426586], [0.01956242938890352, -0.04894024431426586, 0.14727957184262955]], "chi2_level": 0.997, "chi2_df": 3, "chi2_threshold": 13.931422665512084, "N_raw": 95, "N_roi": 95, "N_inlier": 93, "refit": true}
{"timestamp": "17:43:38.731502", "frame": 79, "mu": [-0.40444958184603985, 2.863337863700881, 0.10177107419769654], "Sigma": [[0.012494702529277521, 0.0006140046175509599, 0.025415622618836224], [0.0006140046175509602, 0.033286123599102976, -0.09082315728833551], [0.025415622618836224, -0.09082315728833551, 0.4135525134140953]], "chi2_level": 0.997, "chi2_df": 3, "chi2_threshold": 13.931422665512084, "N_raw": 79, "N_roi": 79, "N_inlier": 79, "refit": true}
{"timestamp": "17:43:38.783209", "frame": 80, "mu": [-0.3969589368054427, 2.7972388342023082, 1.437413573311004], "Sigma": [[0.014126206319429848, 0.002015820596852493, -0.004103289821904613], [0.002015820596852493, 0.0037479232497527612, -0.004150851740292203], [-0.004103289821904613, -0.004150851740292203, 0.010198335173495107]], "chi2_level": 0.997, "chi2_df": 3, "chi2_threshold": 13.931422665512084, "N_raw": 56, "N_roi": 56, "N_inlier": 52, "refit": true}
{"timestamp": "17:43:38.840136", "frame": 81, "mu": [-0.45670959987642307, 2.818065654964177, 1.5061053713701673], "Sigma": [[0.014479747217568445, 0.00454101965259792, 0.006969644276685322], [0.00454101965259792, 0.005946129004068766, -0.003718024918581429], [0.006969644276685322, -0.00371802491858143, 0.033493218629763205]], "chi2_level": 0.997, "chi2_df": 3, "chi2_threshold": 13.931422665512084, "N_raw": 76, "N_roi": 73, "N_inlier": 70, "refit": true}
{"timestamp": "17:43:38.904344", "frame": 82, "mu": [-0.5133854374948336, 3.0353729326469767, -0.22398098551085374], "Sigma": [[0.01784073211041081, -0.002724741659642352, 0.016300898125504067], [-0.002724741659642352, 0.0426904133730928, -0.12055972962995604], [0.016300898125504067, -0.12055972962995604, 0.41260929110884903]], "chi2_level": 0.997, "chi2_df": 3, "chi2_threshold": 13.931422665512084, "N_raw": 131, "N_roi": 109, "N_inlier": 107, "refit": true}
{"timestamp": "17:43:38.955739", "frame": 83, "mu": [-0.5104091585369593, 2.859541713013616, 1.1284190437151425], "Sigma": [[0.0420461437516477, 0.010157138395325727, -0.06787054817370308], [0.010157138395325727, 0.006447464564345724, -0.02422344909014993], [-0.06787054817370308, -0.02422344909014993, 0.14135645224366458]], "chi2_level": 0.997, "chi2_df": 3, "chi2_threshold": 13.931422665512084, "N_raw": 92, "N_roi": 86, "N_inlier": 82, "refit": true}
{"timestamp": "17:43:39.005616", "frame": 84, "mu": [-0.605350782511598, 2.9017738589915423, 1.277154737280098], "Sigma": [[0.016150328016026963, 0.006319575589456035, -0.012739145982473568], [0.006319575589456035, 0.0065499743975338245, -0.011886954061400355], [-0.012739145982473568, -0.011886954061400355, 0.03415941962747725]], "chi2_level": 0.997, "chi2_df": 3, "chi2_threshold": 13.931422665512084, "N_raw": 70, "N_roi": 67, "N_inlier": 65, "refit": true}
{"timestamp": "17:43:39.063605", "frame": 85, "mu": [-0.6184496613589278, 2.9736366542969703, 1.1913295745038208], "Sigma": [[0.02865107381886551, 0.009179741126016567, -0.040223679507110865], [0.009179741126016567, 0.008264487249572261, -0.01937927722934208], [-0.040223679507110865, -0.019379277229342084, 0.10455534534319712]], "chi2_level": 0.997, "chi2_df": 3, "chi2_threshold": 13.931422665512084, "N_raw": 91, "N_roi": 91, "N_inlier": 89, "refit": true}
{"timestamp": "17:43:39.115727", "frame": 86, "mu": [-0.6951729912393454, 3.156898095136371, -0.014940013639950954], "Sigma": [[0.011077663148900086, 0.011288405339170556, -0.020691218670785036], [0.011288405339170554, 0.052777378954637806, -0.10342952364118438], [-0.020691218670785036, -0.10342952364118438, 0.216150884154652]], "chi2_level": 0.997, "chi2_df": 3, "chi2_threshold": 13.931422665512084, "N_raw": 65, "N_roi": 63, "N_inlier": 62, "refit": true}
{"timestamp": "17:43:39.167603", "frame": 87, "mu": [-0.7414656388895416, 3.0026376490244626, 1.4613107123787332], "Sigma": [[0.011608004713486228, 0.002431653853283473, -0.007307310702532676], [0.0024316538532834727, 0.004943014446945397, -0.008830804385286663], [-0.007307310702532676, -0.008830804385286663, 0.0288615567333022]], "chi2_level": 0.997, "chi2_df": 3, "chi2_threshold": 13.931422665512084, "N_raw": 57, "N_roi": 54, "N_inlier": 51, "refit": true}
{"timestamp": "17:43:39.220099", "frame": 88, "mu": [-0.728368784937362, 3.0916164133346236, 0.3139152857906722], "Sigma": [[0.0090769831153239, 0.003035799503660141, -0.0008729749586855714], [0.003035799503660141, 0.014621491572657073, -0.016691799339292546], [-0.0008729749586855715, -0.016691799339292546, 0.02963251111764856]], "chi2_level": 0.997, "chi2_df": 3, "chi2_threshold": 13.931422665512084, "N_raw": 44, "N_roi": 44, "N_inlier": 42, "refit": true}
{"timestamp": "17:43:39.270340", "frame": 89, "mu": [-0.8102611231086561, 3.11863525050789, 1.1416005433260108], "Sigma": [[0.003367361454807247, -0.002971981657401393, 0.022689817466996373], [-0.002971981657401393, 0.005738941844097433, -0.030215554296829095], [0.022689817466996373, -0.030215554296829095, 0.27539605022135144]], "chi2_level": 0.997, "chi2_df": 3, "chi2_threshold": 13.931422665512084, "N_raw": 8, "N_roi": 8, "N_inlier": 8, "refit": true}
{"timestamp": "17:43:39.330310", "frame": 90, "mu": [-0.8165462470060145, 3.0969209221823415, 1.3101028344106114], "Sigma": [[0.009805421265328903, 0.000607296966861225, -0.009703107555546417], [0.0006072969668612251, 0.0027489503877267856, -0.005535108925238444], [-0.009703107555546417, -0.005535108925238444, 0.022314426926992887]], "chi2_level": 0.997, "chi2_df": 3, "chi2_threshold": 13.931422665512084, "N_raw": 45, "N_roi": 45, "N_inlier": 42, "refit": true}
{"timestamp": "17:43:39.386045", "frame": 91, "mu": [-0.8969533104170534, 3.1496223786029667, 1.1710497516805964], "Sigma": [[0.013678264494576615, -0.000553184273968662, 0.013863092145582474], [-0.0005531842739686617, 0.0034866204575750223, -0.014567987809313319], [0.013863092145582474, -0.014567987809313319, 0.10969759282346687]], "chi2_level": 0.997, "chi2_df": 3, "chi2_threshold": 13.931422665512084, "N_raw": 40, "N_roi": 40, "N_inlier": 38, "refit": true}
{"timestamp": "17:43:39.440779", "frame": 92, "mu": [-0.8482030760526538, 3.1792338910559628, 0.7895371530705542], "Sigma": [[0.013899077591017673, 0.0011572556053214128, -0.02599752438504169], [0.0011572556053214126, 0.0011541343736452354, -0.008951000931532768], [-0.025997524385041687, -0.008951000931532768, 0.20101182800713793]], "chi2_level": 0.997, "chi2_df": 3, "chi2_threshold": 13.931422665512084, "N_raw": 43, "N_roi": 40, "N_inlier": 39, "refit": true}
{"timestamp": "17:43:39.499898", "frame": 93, "mu": [-0.9820487466177178, 3.2319937858738004, 1.4427013403141886], "Sigma": [[0.01613437165346093, 0.004218142432140681, -0.029996847160223238], [0.00421814243214068, 0.007179893754439348, -0.01096924214559217], [-0.029996847160223238, -0.01096924214559217, 0.09887298055383062]], "chi2_level": 0.997, "chi2_df": 3, "chi2_threshold": 13.931422665512084, "N_raw": 70, "N_roi": 70, "N_inlier": 68, "refit": true}
{"timestamp": "17:43:39.553936", "frame": 94, "mu": [-0.9994048250203279, 3.320417637370129, 1.329495211881636], "Sigma": [[0.015504104368475572, 0.00408894961367876, -0.01420482355775279], [0.00408894961367876, 0.0057804053063699986, -0.009456154509362526], [-0.014204823557752789, -0.009456154509362526, 0.033905284059231156]], "chi2_level": 0.997, "chi2_df": 3, "chi2_threshold": 13.931422665512084, "N_raw": 62, "N_roi": 62, "N_inlier": 61, "refit": true}
{"timestamp": "17:43:39.608005", "frame": 95, "mu": [-0.9044315712051498, 3.1298355880328192, 0.530544651141691], "Sigma": [[0.026017620269328412, 0.026182999028454213, -0.01724615600582333], [0.026182999028454213, 0.3986483494961278, 0.4956676304019752], [-0.017246156005823333, 0.49566763040197515, 0.7738031283421279]], "chi2_level": 0.997, "chi2_df": 3, "chi2_threshold": 13.931422665512084, "N_raw": 52, "N_roi": 52, "N_inlier": 52, "refit": true}
{"timestamp": "17:43:39.666802", "frame": 96, "mu": [-1.070880372798044, 3.4334758388916784, 0.14783275967021373], "Sigma": [[0.020654125532695734, 0.004708805917494587, 0.06152454280608628], [0.004708805917494588, 0.013433168086103264, 0.00809024564706639], [0.06152454280608628, 0.00809024564706639, 0.26156283403259234]], "chi2_level": 0.997, "chi2_df": 3, "chi2_threshold": 13.931422665512084, "N_raw": 85, "N_roi": 85, "N_inlier": 83, "refit": true}
{"timestamp": "17:43:39.712242", "frame": 97, "mu": [-1.1495787973744787, 3.3558751422327138, 1.5104472846271983], "Sigma": [[0.004227376271643724, 0.0015609587676403713, -0.0023868001524127583], [0.0015609587676403713, 0.0032855165964624186, -0.005941288969392227], [-0.0023868001524127583, -0.005941288969392227, 0.026063799138223202]], "chi2_level": 0.997, "chi2_df": 3, "chi2_threshold": 13.931422665512084, "N_raw": 18, "N_roi": 16, "N_inlier": 16, "refit": true}
{"timestamp": "17:43:39.828956", "frame": 99, "mu": [-1.234622598133778, 3.50792102953368, 1.2004227849343092], "Sigma": [[0.017047608012645946, -6.979753237577813e-05, 0.010852449586725571], [-6.979753237577793e-05, 0.01008314268105064, -0.02808317726281153], [0.010852449586725571, -0.02808317726281153, 0.0940967915700448]], "chi2_level": 0.997, "chi2_df": 3, "chi2_threshold": 13.931422665512084, "N_raw": 71, "N_roi": 71, "N_inlier": 70, "refit": true}
{"timestamp": "17:43:39.974407", "frame": 100, "mu": [-1.3028877551717137, 3.551373739220208, 1.114262646961619], "Sigma": [[0.03394040287144445, -0.007470453681491183, 0.04041950401169251], [-0.007470453681491184, 0.006611028676557605, -0.02494797880779178], [0.0404195040116925, -0.02494797880779178, 0.10702986696765726]], "chi2_level": 0.997, "chi2_df": 3, "chi2_threshold": 13.931422665512084, "N_raw": 50, "N_roi": 47, "N_inlier": 46, "refit": true}
{"timestamp": "17:43:39.987885", "frame": 101, "mu": [-1.2715267558891834, 3.5358138238211674, 1.5040295632210186], "Sigma": [[0.016927344022309256, 0.004016038705467765, -0.006803172280725904], [0.004016038705467766, 0.005710712636984561, -0.009257627546314061], [-0.006803172280725904, -0.009257627546314061, 0.030453992724218705]], "chi2_level": 0.997, "chi2_df": 3, "chi2_threshold": 13.931422665512084, "N_raw": 46, "N_roi": 46, "N_inlier": 44, "refit": true}
{"timestamp": "17:43:40.018043", "frame": 102, "mu": [-1.3090884976707293, 3.5459611340593247, 1.4284434326393078], "Sigma": [[0.014527356128595176, 0.004861674693956286, -0.010100103841088871], [0.004861674693956286, 0.005512271639427209, -0.008092380256396829], [-0.010100103841088871, -0.00809238025639683, 0.015013843195579643]], "chi2_level": 0.997, "chi2_df": 3, "chi2_threshold": 13.931422665512084, "N_raw": 44, "N_roi": 44, "N_inlier": 42, "refit": true}
{"timestamp": "17:43:40.065170", "frame": 103, "mu": [-1.2886114377561648, 3.686860357700331, -0.28839807867094824], "Sigma": [[0.03491540910883728, 0.03298679310381464, 0.0036797964773809524], [0.03298679310381464, 0.04282766934440166, -0.003221678881936599], [0.0036797964773809524, -0.0032216788819365997, 0.09291216105347855]], "chi2_level": 0.997, "chi2_df": 3, "chi2_threshold": 13.931422665512084, "N_raw": 71, "N_roi": 71, "N_inlier": 70, "refit": true}
{"timestamp": "17:43:40.111954", "frame": 104, "mu": [-1.4362880423465638, 3.6257685441262377, 0.4261443917172305], "Sigma": [[0.01856030021451227, 0.011149761859412872, -0.014820125819314404], [0.011149761859412872, 0.01282618493785589, -0.01589686620131666], [-0.014820125819314404, -0.01589686620131666, 0.022975903133684084]], "chi2_level": 0.997, "chi2_df": 3, "chi2_threshold": 13.931422665512084, "N_raw": 41, "N_roi": 40, "N_inlier": 39, "refit": true}
{"timestamp": "17:43:40.153553", "frame": 105, "mu": [-1.4557441331681908, 3.6633217019803275, 1.3666474427733404], "Sigma": [[0.01609544750212292, 0.009396776364383054, -0.01885069231664202], [0.009396776364383054, 0.00823291106985659, -0.014034096044346966], [-0.018850692316642027, -0.014034096044346968, 0.03905363508692513]], "chi2_level": 0.997, "chi2_df": 3, "chi2_threshold": 13.931422665512084, "N_raw": 32, "N_roi": 32, "N_inlier": 31, "refit": true}
{"timestamp": "17:43:40.208155", "frame": 106, "mu": [-1.3013551784534831, 3.7816794753180694, 0.7808242643480028], "Sigma": [[0.02049052722506276, 0.002830755917319935, -0.030455601575165442], [0.0028307559173199343, 0.0021200857844710453, -0.007827899974686484], [-0.030455601575165442, -0.007827899974686484, 0.06275693927336859]], "chi2_level": 0.997, "chi2_df": 3, "chi2_threshold": 13.931422665512084, "N_raw": 26, "N_roi": 26, "N_inlier": 25, "refit": true}
{"timestamp": "17:43:40.315199", "frame": 108, "mu": [-1.6286144147313228, 3.7858989913947796, 1.3247454696130139], "Sigma": [[0.006578155720920958, 0.008283864315772297, -0.032289679710816366], [0.008283864315772297, 0.014492802679717661, -0.04547451961853941], [-0.032289679710816366, -0.045474519618539405, 0.17119280359742642]], "chi2_level": 0.997, "chi2_df": 3, "chi2_threshold": 13.931422665512084, "N_raw": 7, "N_roi": 7, "N_inlier": 7, "refit": true}
{"timestamp": "17:43:40.376627", "frame": 109, "mu": [-1.6306281508432223, 3.766988652479507, 1.469216430637713], "Sigma": [[0.022172433129320983, 0.006357953249415776, -0.016777221091580544], [0.006357953249415776, 0.006290070015909084, -0.010953512930577874], [-0.016777221091580544, -0.010953512930577874, 0.02400864828301947]], "chi2_level": 0.997, "chi2_df": 3, "chi2_threshold": 13.931422665512084, "N_raw": 50, "N_roi": 50, "N_inlier": 50, "refit": true}
{"timestamp": "17:43:40.483617", "frame": 111, "mu": [-1.7506528067936604, 3.8143639101458136, 1.6656220174232792], "Sigma": [[0.013316778738403822, 0.005045801082226306, -0.011136083806219329], [0.005045801082226306, 0.004375287828894614, -0.0054016297034403474], [-0.011136083806219329, -0.0054016297034403474, 0.011962315934896972]], "chi2_level": 0.997, "chi2_df": 3, "chi2_threshold": 13.931422665512084, "N_raw": 30, "N_roi": 27, "N_inlier": 25, "refit": true}
{"timestamp": "17:43:40.536674", "frame": 112, "mu": [-1.8955431001739491, 3.752504342024451, 1.5708907987861924], "Sigma": [[0.004441402613184766, 0.0034364248867358605, -0.006765516904826768], [0.003436424886735861, 0.005482514633820397, -0.008225094902567107], [-0.006765516904826768, -0.008225094902567105, 0.014311239138650194]], "chi2_level": 0.997, "chi2_df": 3, "chi2_threshold": 13.931422665512084, "N_raw": 12, "N_roi": 12, "N_inlier": 11, "refit": true}
{"timestamp": "17:43:40.590664", "frame": 113, "mu": [-1.893737279186167, 3.802272978357432, 1.466897285457103], "Sigma": [[0.010570698403768172, 0.0062660062180542484, -0.03534092131392405], [0.0062660062180542484, 0.006798815185944324, -0.030636451544675376], [-0.035340921313924044, -0.030636451544675376, 0.1714703199684358]], "chi2_level": 0.997, "chi2_df": 3, "chi2_threshold": 13.931422665512084, "N_raw": 14, "N_roi": 14, "N_inlier": 13, "refit": true}
{"timestamp": "17:43:40.645589", "frame": 114, "mu": [-1.9537629732094741, 3.8440681415070106, 1.6775641222339697], "Sigma": [[0.011147805175804435, 0.007854867286239523, -0.022665645769359935], [0.007854867286239523, 0.00768421144459714, -0.02045161446764115], [-0.022665645769359935, -0.02045161446764115, 0.10107553952940204]], "chi2_level": 0.997, "chi2_df": 3, "chi2_threshold": 13.931422665512084, "N_raw": 13, "N_roi": 13, "N_inlier": 13, "refit": true}
{"timestamp": "17:43:40.699823", "frame": 115, "mu": [-1.6979145192688911, 3.6489749156456326, 1.3733804414119464], "Sigma": [[0.30006471293360826, -0.5553156269644554, 0.06147013685593849], [-0.5553156269644552, 1.0639044471495775, -0.1903416277425933], [0.06147013685593847, -0.19034162774259333, 0.20227291231053343]], "chi2_level": 0.997, "chi2_df": 3, "chi2_threshold": 13.931422665512084, "N_raw": 7, "N_roi": 7, "N_inlier": 7, "refit": true}
{"timestamp": "17:43:40.814521", "frame": 117, "mu": [-1.917758124901104, 4.0508228197184835, 1.2672057473518683], "Sigma": [[0.02033770938782573, 0.005387704720763107, -0.03541736639931436], [0.005387704720763107, 0.0032303935861251534, -0.012377873031032355], [-0.03541736639931436, -0.012377873031032355, 0.09581706322458804]], "chi2_level": 0.997, "chi2_df": 3, "chi2_threshold": 13.931422665512084, "N_raw": 35, "N_roi": 35, "N_inlier": 34, "refit": true}
{"timestamp": "17:43:41.032863", "frame": 121, "mu": [-2.174393848640853, 4.122763575992274, 0.6523637268690325], "Sigma": [[0.017754842543784486, 0.010510558867788143, -0.010263900817148678], [0.010510558867788143, 0.009547133333246012, -0.009686565298864861], [-0.010263900817148678, -0.009686565298864861, 0.011316743576875345]], "chi2_level": 0.997, "chi2_df": 3, "chi2_threshold": 13.931422665512084, "N_raw": 22, "N_roi": 22, "N_inlier": 22, "refit": true}
{"timestamp": "17:43:41.141182", "frame": 123, "mu": [-2.0579184747534027, 4.5446153285775885, -0.0872464002581114], "Sigma": [[0.015177809921567533, 0.006783371095106794, -0.009363780417450314], [0.006783371095106794, 0.006334674604558722, -0.0064609113510233586], [-0.009363780417450316, -0.0064609113510233586, 0.008766342141936884]], "chi2_level": 0.997, "chi2_df": 3, "chi2_threshold": 13.931422665512084, "N_raw": 14, "N_roi": 14, "N_inlier": 13, "refit": true}
{"timestamp": "17:43:41.267550", "frame": 125, "mu": [-2.240373676851466, 4.320393503090632, 1.4354815890281893], "Sigma": [[0.017643661668522444, 0.007920166190292097, -0.016010871574267935], [0.007920166190292097, 0.0053144878424134555, -0.010757424989679572], [-0.016010871574267938, -0.010757424989679572, 0.02809764345655224]], "chi2_level": 0.997, "chi2_df": 3, "chi2_threshold": 13.931422665512084, "N_raw": 25, "N_roi": 22, "N_inlier": 22, "refit": true}
{"timestamp": "17:43:41.307406", "frame": 126, "mu": [-2.341020365279604, 4.29159090214192, 1.616019725595965], "Sigma": [[0.00862498146370281, 0.005352588322294361, -0.011427099016597098], [0.005352588322294361, 0.005753552318250184, -0.011409179226753266], [-0.011427099016597098, -0.011409179226753266, 0.03628903535502169]], "chi2_level": 0.997, "chi2_df": 3, "chi2_threshold": 13.931422665512084, "N_raw": 21, "N_roi": 16, "N_inlier": 16, "refit": true}
{"timestamp": "17:43:41.361391", "frame": 127, "mu": [-2.356426373034775, 4.334148956701003, 0.6113049535964145], "Sigma": [[0.0071382208830623505, 0.007030239647052782, -0.008828388033258432], [0.00703023964705278, 0.013334210005617035, -0.02007478757399167], [-0.008828388033258432, -0.02007478757399167, 0.03516902605834]], "chi2_level": 0.997, "chi2_df": 3, "chi2_threshold": 13.931422665512084, "N_raw": 13, "N_roi": 13, "N_inlier": 13, "refit": true}
