{"timestamp": "19:03:26.981037", "frame": 41, "mu": [-1.0071669931136882, 0.38605946055033974, 1.4089874952086634], "Sigma": [[0.6013545308611252, -0.020221764744562342, 0.016453714428553742], [-0.02022176474456234, 0.0063883921283496535, -0.0031794202152897947], [0.016453714428553742, -0.0031794202152897947, 0.002196509302317651]], "chi2_level": 0.997, "chi2_df": 3, "chi2_threshold": 13.931422665512084, "N_raw": 36, "N_roi": 36, "N_inlier": 33, "refit": true}
{"timestamp": "19:03:27.035707", "frame": 42, "mu": [-1.1218357442226854, 0.38322831821824, 1.4334813780736648], "Sigma": [[0.21133440493838201, -0.006657701562369487, 0.005115868376175688], [-0.006657701562369487, 0.005099272380743521, -0.0028476044329073923], [0.005115868376175688, -0.0028476044329073923, 0.002115776817602578]], "chi2_level": 0.997, "chi2_df": 3, "chi2_threshold": 13.931422665512084, "N_raw": 34, "N_roi": 34, "N_inlier": 31, "refit": true}
{"timestamp": "19:03:27.090287", "frame": 43, "mu": [-0.986427282766698, 0.41396461170523136, 1.2814257751150862], "Sigma": [[0.6168707090636645, -0.01585535155159972, 0.017573228709003956], [-0.01585535155159972, 0.010978686030067823, -0.03304684704973061], [0.017573228709003956, -0.03304684704973062, 0.13300613277326334]], "chi2_level": 0.997, "chi2_df": 3, "chi2_threshold": 13.931422665512084, "N_raw": 25, "N_roi": 25, "N_inlier": 25, "refit": true}
{"timestamp": "19:03:27.144810", "frame": 44, "mu": [-0.9230888061457286, 0.33782763692664264, 1.3925741812035224], "Sigma": [[0.5913458635463639, -0.01439132976195323, 0.004377371324649236], [-0.01439132976195323, 0.004153010080979617, -3.6869948647442314e-05], [0.004377371324649236, -3.6869948647442314e-05, 0.004920803607481996]], "chi2_level": 0.997, "chi2_df": 3, "chi2_threshold": 13.931422665512084, "N_raw": 29, "N_roi": 29, "N_inlier": 29, "refit": true}
{"timestamp": "19:03:27.202990", "frame": 45, "mu": [-1.1918455862593638, 0.5282668735864811, -0.46594647592560423], "Sigma": [[0.006115256570629038, 0.002702667177720019, 0.001847563908767235], [0.0027026671777200194, 0.013349338970774604, -0.0005114581699053333], [0.001847563908767235, -0.0005114581699053333, 0.0021914923176230717]], "chi2_level": 0.997, "chi2_df": 3, "chi2_threshold": 13.931422665512084, "N_raw": 50, "N_roi": 50, "N_inlier": 49, "refit": true}
{"timestamp": "19:03:27.260024", "frame": 46, "mu": [-1.1814455760874158, 0.42400715488399, 1.4150883290132852], "Sigma": [[0.007034052615523745, 0.001057532381190305, 0.010015642196396666], [0.001057532381190305, 0.00491264384220104, -0.001520057074723944], [0.010015642196396668, -0.001520057074723944, 0.07129172501559441]], "chi2_level": 0.997, "chi2_df": 3, "chi2_threshold": 13.931422665512084, "N_raw": 54, "N_roi": 54, "N_inlier": 52, "refit": true}
{"timestamp": "19:03:27.313927", "frame": 47, "mu": [-1.1632052590889543, 0.4478586688243286, 1.470308356939611], "Sigma": [[0.0065147713734876175, -0.00030874720163689994, -0.006029981954988141], [-0.00030874720163689983, 0.005128346255753114, -0.0030404967533231046], [-0.006029981954988141, -0.0030404967533231046, 0.019902273118642858]], "chi2_level": 0.997, "chi2_df": 3, "chi2_threshold": 13.931422665512084, "N_raw": 51, "N_roi": 51, "N_inlier": 49, "refit": true}
{"timestamp": "19:03:27.369918", "frame": 48, "mu": [-1.1160196176983952, 0.4822725068848374, 1.468099725094778], "Sigma": [[0.006432882275593926, -0.0005181079007726107, -0.003722117803872545], [-0.0005181079007726107, 0.0030272263950574443, -0.0032323601925880983], [-0.003722117803872545, -0.0032323601925880983, 0.01698993527709819]], "chi2_level": 0.997, "chi2_df": 3, "chi2_threshold": 13.931422665512084, "N_raw": 58, "N_roi": 58, "N_inlier": 56, "refit": true}
{"timestamp": "19:03:27.425396", "frame": 49, "mu": [-1.1222958242156058, 0.4887946773509768, 1.4912404138123374], "Sigma": [[0.0067926731622063126, 0.0014139701471236304, 0.00010761011575766166], [0.0014139701471236304, 0.003148069949397096, -0.002613805510225496], [0.00010761011575766182, -0.002613805510225496, 0.012017969187912867]], "chi2_level": 0.997, "chi2_df": 3, "chi2_threshold": 13.931422665512084, "N_raw": 66, "N_roi": 66, "N_inlier": 65, "refit": true}
{"timestamp": "19:03:27.479921", "frame": 50, "mu": [-1.0978420517346152, 0.4925066036849483, 1.4752114648963108], "Sigma": [[0.008312468140594094, 0.002100311219851404, -0.0013661349739106051], [0.002100311219851404, 0.00461262339670131, -0.004172686054744816], [-0.001366134973910605, -0.004172686054744816, 0.005049504853249347]], "chi2_level": 0.997, "chi2_df": 3, "chi2_threshold": 13.931422665512084, "N_raw": 71, "N_roi": 71, "N_inlier": 69, "refit": true}
{"timestamp": "19:03:27.534547", "frame": 51, "mu": [-1.0526691724746668, 0.6210357414744236, -0.412917959198196], "Sigma": [[0.007390590475586063, 0.004410900555365883, -0.0006799312728552852], [0.004410900555365883, 0.010376491469874157, -0.001978449911848863], [-0.000679931272855285, -0.0019784499118488627, 0.0023924120366296204]], "chi2_level": 0.997, "chi2_df": 3, "chi2_threshold": 13.931422665512084, "N_raw": 63, "N_roi": 63, "N_inlier": 61, "refit": true}
{"timestamp": "19:03:27.648660", "frame": 53, "mu": [-1.0020458638510603, 0.674139800143448, -0.4898149600581576], "Sigma": [[0.008556485111635521, 0.007919042638567651, -0.0015008078570840754], [0.00791904263856765, 0.020927416044251787, -0.0019534672340395434], [-0.001500807857084075, -0.001953467234039544, 0.011195771215242274]], "chi2_level": 0.997, "chi2_df": 3, "chi2_threshold": 13.931422665512084, "N_raw": 77, "N_roi": 77, "N_inlier": 74, "refit": true}
{"timestamp": "19:03:27.697294", "frame": 54, "mu": [-0.9526530750030683, 0.7137954626212824, 1.0977324855628707], "Sigma": [[0.01393524276968864, 0.017593608557515843, -0.039856116280897774], [0.017593608557515843, 0.042237942273736936, -0.0956109722756878], [-0.039856116280897774, -0.09561097227568778, 0.22385205939438793]], "chi2_level": 0.997, "chi2_df": 3, "chi2_threshold": 13.931422665512084, "N_raw": 25, "N_roi": 25, "N_inlier": 25, "refit": true}
{"timestamp": "19:03:27.754692", "frame": 55, "mu": [-0.958410189237602, 0.7758203579040341, 1.3020140988216193], "Sigma": [[0.030396373009927376, 0.00989707096738804, -0.07045125325929114], [0.00989707096738804, 0.00569947230918279, -0.02662850299975594], [-0.07045125325929114, -0.02662850299975594, 0.19289706145723265]], "chi2_level": 0.997, "chi2_df": 3, "chi2_threshold": 13.931422665512084, "N_raw": 48, "N_roi": 48, "N_inlier": 48, "refit": true}
{"timestamp": "19:03:27.816636", "frame": 56, "mu": [-1.0375573190908416, 0.8303181823148326, -0.2709977206060604], "Sigma": [[0.01313530791147939, 0.006279639753508339, -0.014049690737807475], [0.006279639753508339, 0.014310031621392189, -0.014321056110578236], [-0.014049690737807475, -0.014321056110578236, 0.028901020011563597]], "chi2_level": 0.997, "chi2_df": 3, "chi2_threshold": 13.931422665512084, "N_raw": 87, "N_roi": 87, "N_inlier": 85, "refit": true}
{"timestamp": "19:03:27.866626", "frame": 57, "mu": [-0.9880017340479591, 0.7942251126631203, 1.4109961734184866], "Sigma": [[0.03114924727162548, 0.011300034565264738, -0.05771965673706002], [0.011300034565264738, 0.006148387863733287, -0.024541120232933956], [-0.05771965673706002, -0.024541120232933956, 0.14446682761205148]], "chi2_level": 0.997, "chi2_df": 3, "chi2_threshold": 13.931422665512084, "N_raw": 53, "N_roi": 53, "N_inlier": 53, "refit": true}
{"timestamp": "19:03:27.919903", "frame": 58, "mu": [-0.8332416159860584, 0.9055245480453114, 1.096164431135893], "Sigma": [[0.042708020081939455, 0.015988850522836565, -0.0905522360766674], [0.015988850522836565, 0.007554113404406357, -0.03760323882299793], [-0.0905522360766674, -0.03760323882299793, 0.22422466591342305]], "chi2_level": 0.997, "chi2_df": 3, "chi2_threshold": 13.931422665512084, "N_raw": 45, "N_roi": 45, "N_inlier": 44, "refit": true}
{"timestamp": "19:03:27.974290", "frame": 59, "mu": [-0.9428547009583877, 0.8570187969868325, 1.512930378186395], "Sigma": [[0.03212378478287624, 0.008631667896494125, -0.03702218127537883], [0.008631667896494125, 0.006292094776497709, -0.011873529333454511], [-0.03702218127537883, -0.01187352933345451, 0.05419714699621084]], "chi2_level": 0.997, "chi2_df": 3, "chi2_threshold": 13.931422665512084, "N_raw": 37, "N_roi": 37, "N_inlier": 36, "refit": true}
{"timestamp": "19:03:28.031398", "frame": 60, "mu": [-0.8038494529008995, 0.9402055705138003, 1.186919163496316], "Sigma": [[0.06075248415357834, 0.023223853538106482, -0.1282877043469719], [0.023223853538106482, 0.011812642907707007, -0.05161116708833661], [-0.1282877043469719, -0.05161116708833661, 0.289848721001734]], "chi2_level": 0.997, "chi2_df": 3, "chi2_threshold": 13.931422665512084, "N_raw": 55, "N_roi": 55, "N_inlier": 54, "refit": true}
{"timestamp": "19:03:28.085198", "frame": 61, "mu": [-0.810221795598046, 0.9556546990276714, 1.262570467680864], "Sigma": [[0.08134877541458452, 0.02371497244011051, -0.15842528300583958], [0.02371497244011051, 0.010081407429202239, -0.04802098949801814], [-0.15842528300583958, -0.04802098949801814, 0.3262452672046213]], "chi2_level": 0.997, "chi2_df": 3, "chi2_threshold": 13.931422665512084, "N_raw": 43, "N_roi": 42, "N_inlier": 41, "refit": true}
{"timestamp": "19:03:28.146459", "frame": 62, "mu": [-0.7086670640374413, 1.2389203896189287, -0.4847736721399618], "Sigma": [[0.025811691086040582, 0.018120109046991753, -0.060124214148861904], [0.018120109046991753, 0.018432683921487933, -0.050118297729677894], [-0.060124214148861904, -0.050118297729677894, 0.16003102859924728]], "chi2_level": 0.997, "chi2_df": 3, "chi2_threshold": 13.931422665512084, "N_raw": 91, "N_roi": 91, "N_inlier": 89, "refit": true}
{"timestamp": "19:03:28.194679", "frame": 63, "mu": [-0.7778365913455887, 1.1046053319298548, 1.4696369295280705], "Sigma": [[0.008644036959595413, 0.0006728583298942272, -0.03354547645776996], [0.0006728583298942274, 0.004870878620916599, -0.019526077923572166], [-0.033545476457769965, -0.019526077923572166, 0.2464573682337276]], "chi2_level": 0.997, "chi2_df": 3, "chi2_threshold": 13.931422665512084, "N_raw": 39, "N_roi": 39, "N_inlier": 38, "refit": true}
{"timestamp": "19:03:28.252142", "frame": 64, "mu": [-0.7364775574978859, 1.1431008351912693, 1.4101142616700724], "Sigma": [[0.006251215268365427, -0.000503873836389331, -0.014742126604124843], [-0.000503873836389331, 0.002668931303766989, -0.0111750329793652], [-0.014742126604124843, -0.0111750329793652, 0.126928835126112]], "chi2_level": 0.997, "chi2_df": 3, "chi2_threshold": 13.931422665512084, "N_raw": 60, "N_roi": 60, "N_inlier": 59, "refit": true}
{"timestamp": "19:03:28.301734", "frame": 65, "mu": [-0.6282516128805835, 1.2040052115896678, 0.9072059961550961], "Sigma": [[0.007525391775534562, 0.00025699969275309615, -0.03658603772952854], [0.0002569996927530962, 0.0035371133059491884, -0.026490688698947145], [-0.03658603772952854, -0.026490688698947145, 0.42459509205729695]], "chi2_level": 0.997, "chi2_df": 3, "chi2_threshold": 13.931422665512084, "N_raw": 13, "N_roi": 13, "N_inlier": 12, "refit": true}
{"timestamp": "19:03:28.357897", "frame": 66, "mu": [-0.6693953677754982, 1.2031475830413525, 1.4539486389619278], "Sigma": [[0.0068702670093734345, -0.0014612188794451034, -0.01168179353802064], [-0.0014612188794451038, 0.007654060977677451, -0.015641749247883915], [-0.011681793538020641, -0.015641749247883918, 0.06906479596856387]], "chi2_level": 0.997, "chi2_df": 3, "chi2_threshold": 13.931422665512084, "N_raw": 31, "N_roi": 31, "N_inlier": 29, "refit": true}
{"timestamp": "19:03:28.412500", "frame": 67, "mu": [-0.5432044474583974, 1.330257510823259, 0.8535181953991402], "Sigma": [[0.01156319772813851, 0.011541460182929522, -0.05063368605782159], [0.011541460182929522, 0.021834603447068224, -0.0527844553206439], [-0.05063368605782159, -0.052784455320643894, 0.3055410237070465]], "chi2_level": 0.997, "chi2_df": 3, "chi2_threshold": 13.931422665512084, "N_raw": 14, "N_roi": 14, "N_inlier": 14, "refit": true}
{"timestamp": "19:03:28.465749", "frame": 68, "mu": [-0.5465661230031222, 1.260280545980918, 0.9625479199012589], "Sigma": [[0.0019127573139990377, -0.0011255876347263407, -0.00661836600210401], [-0.0011255876347263407, 0.0030690406949662524, -0.018408025338734105], [-0.00661836600210401, -0.018408025338734105, 0.3589177126278997]], "chi2_level": 0.997, "chi2_df": 3, "chi2_threshold": 13.931422665512084, "N_raw": 14, "N_roi": 14, "N_inlier": 14, "refit": true}
{"timestamp": "19:03:28.528075", "frame": 69, "mu": [-0.551480957628372, 1.3083823379339354, 1.4983886991741542], "Sigma": [[0.004195470574087138, -0.0006015804714724468, -0.0016801362167963635], [-0.0006015804714724468, 0.002861913296503726, -0.003877632701109222], [-0.0016801362167963639, -0.0038776327011092217, 0.015616535575771978]], "chi2_level": 0.997, "chi2_df": 3, "chi2_threshold": 13.931422665512084, "N_raw": 66, "N_roi": 66, "N_inlier": 61, "refit": true}
{"timestamp": "19:03:28.578472", "frame": 70, "mu": [-0.3910770893789972, 1.2753980631945236, 0.9408924455824593], "Sigma": [[0.004055607294627625, -0.0006039005880744844, 0.0005899369727225792], [-0.0006039005880744844, 0.0006068323122192543, 0.0016922931224119878], [0.0005899369727225792, 0.001692293122411988, 0.06514818574547471]], "chi2_level": 0.997, "chi2_df": 3, "chi2_threshold": 13.931422665512084, "N_raw": 36, "N_roi": 36, "N_inlier": 35, "refit": true}
{"timestamp": "19:03:28.639757", "frame": 71, "mu": [-0.42649320596667567, 1.3434623310939173, 1.1432664121070673], "Sigma": [[0.0047893881181546, -0.0015792793089932627, -0.007233924796441812], [-0.0015792793089932629, 0.0019224357583467646, 0.0007150751642744949], [-0.007233924796441813, 0.0007150751642744952, 0.0552120474798825]], "chi2_level": 0.997, "chi2_df": 3, "chi2_threshold": 13.931422665512084, "N_raw": 68, "N_roi": 68, "N_inlier": 65, "refit": true}
{"timestamp": "19:03:28.702338", "frame": 72, "mu": [-0.3818303392604605, 1.4355963941623775, -0.5732032962177547], "Sigma": [[0.00584508466437511, 0.0020685790339424687, 0.012164755719485259], [0.0020685790339424683, 0.018652782477698086, -0.011576182630341022], [0.012164755719485259, -0.011576182630341022, 0.10081942279844687]], "chi2_level": 0.997, "chi2_df": 3, "chi2_threshold": 13.931422665512084, "N_raw": 120, "N_roi": 120, "N_inlier": 117, "refit": true}
{"timestamp": "19:03:28.764025", "frame": 73, "mu": [-0.36406385355257226, 1.6438104112027, -0.6074354853177638], "Sigma": [[0.007029433160330679, -0.0002521572749339427, -0.007539616261213992], [-0.0002521572749339426, 0.013515856544329278, -0.060820450844643166], [-0.007539616261213991, -0.060820450844643166, 0.3513035573621763]], "chi2_level": 0.997, "chi2_df": 3, "chi2_threshold": 13.931422665512084, "N_raw": 78, "N_roi": 78, "N_inlier": 77, "refit": true}
{"timestamp": "19:03:28.810152", "frame": 74, "mu": [-0.36155577686740575, 1.4487158888859901, 1.3794886586122865], "Sigma": [[0.005254498597077348, -0.0017468096142215454, -0.006463276669113678], [-0.0017468096142215454, 0.004396321451170492, 0.0006354081806941161], [-0.006463276669113678, 0.0006354081806941158, 0.06474925209337062]], "chi2_level": 0.997, "chi2_df": 3, "chi2_threshold": 13.931422665512084, "N_raw": 109, "N_roi": 109, "N_inlier": 105, "refit": true}
{"timestamp": "19:03:28.864550", "frame": 75, "mu": [-0.2954333917997334, 1.5835698006153178, -0.2914516647337149], "Sigma": [[0.00514314763865603, 0.0005768861616200734, -0.006533626809997763], [0.0005768861616200734, 0.008069119451322824, -0.01328785632587526], [-0.006533626809997762, -0.013287856325875258, 0.062051239873138764]], "chi2_level": 0.997, "chi2_df": 3, "chi2_threshold": 13.931422665512084, "N_raw": 101, "N_roi": 101, "N_inlier": 100, "refit": true}
{"timestamp": "19:03:28.916962", "frame": 76, "mu": [-0.27986032306614655, 1.7600776890825274, -0.7945187049717569], "Sigma": [[0.005828291023499561, -0.0014780375721039907, -0.010405537235506112], [-0.0014780375721039907, 0.01870419060331792, -0.06983908743526956], [-0.010405537235506112, -0.06983908743526956, 0.3746587230713602]], "chi2_level": 0.997, "chi2_df": 3, "chi2_threshold": 13.931422665512084, "N_raw": 67, "N_roi": 67, "N_inlier": 66, "refit": true}
{"timestamp": "19:03:28.967392", "frame": 77, "mu": [-0.27689253612555087, 1.588740194522344, 1.2413579180706344], "Sigma": [[0.005766993889520744, -0.001905607467367493, -0.004646770292699168], [-0.0019056074673674927, 0.009069408481415554, 0.008769946661438037], [-0.004646770292699168, 0.008769946661438039, 0.1769475206883714]], "chi2_level": 0.997, "chi2_df": 3, "chi2_threshold": 13.931422665512084, "N_raw": 54, "N_roi": 53, "N_inlier": 51, "refit": true}
{"timestamp": "19:03:29.026444", "frame": 78, "mu": [-0.22503169939854237, 1.6329408423758451, -0.7380711585699596], "Sigma": [[0.009101390678194593, 0.004000500823734786, -0.0018555812079535045], [0.004000500823734787, 0.023861428270987018, -0.05262706896544812], [-0.0018555812079535058, -0.05262706896544812, 0.25798734811867036]], "chi2_level": 0.997, "chi2_df": 3, "chi2_threshold": 13.931422665512084, "N_raw": 88, "N_roi": 88, "N_inlier": 87, "refit": true}
{"timestamp": "19:03:29.083222", "frame": 79, "mu": [-0.16763926175041236, 1.7112224140784253, -0.49105078534497815], "Sigma": [[0.009763318875972177, -0.009644584546542804, 0.021127889396966092], [-0.009644584546542802, 0.034265337846011046, -0.08120706645808069], [0.02112788939696609, -0.08120706645808069, 0.27840186221875163]], "chi2_level": 0.997, "chi2_df": 3, "chi2_threshold": 13.931422665512084, "N_raw": 93, "N_roi": 93, "N_inlier": 90, "refit": true}
{"timestamp": "19:03:29.152163", "frame": 80, "mu": [-0.16187679147027484, 1.8443347882397643, -0.7283822798538904], "Sigma": [[0.006545035318345281, -0.0033956520483372304, 0.019029870950011976], [-0.003395652048337231, 0.0235401202586304, -0.08933423516312257], [0.019029870950011976, -0.08933423516312257, 0.43557680805504545]], "chi2_level": 0.997, "chi2_df": 3, "chi2_threshold": 13.931422665512084, "N_raw": 100, "N_roi": 100, "N_inlier": 98, "refit": true}
{"timestamp": "19:03:29.223361", "frame": 81, "mu": [-0.11308924692801726, 1.749290382475575, -0.2519043665576665], "Sigma": [[0.006368384381263565, -0.0017779608005634934, 0.0024805221079391695], [-0.0017779608005634934, 0.0096123109982153, -0.013929112598905823], [0.0024805221079391695, -0.013929112598905825, 0.02922278712472061]], "chi2_level": 0.997, "chi2_df": 3, "chi2_threshold": 13.931422665512084, "N_raw": 111, "N_roi": 109, "N_inlier": 104, "refit": true}
{"timestamp": "19:03:29.248377", "frame": 82, "mu": [-0.14020427668893115, 1.963705988357061, -0.517239940147797], "Sigma": [[0.007754762692488531, -0.008497513596147444, 0.024132431417285435], [-0.008497513596147444, 0.036870889035754154, -0.09755563364346823], [0.02413243141728543, -0.09755563364346823, 0.3226262795855843]], "chi2_level": 0.997, "chi2_df": 3, "chi2_threshold": 13.931422665512084, "N_raw": 92, "N_roi": 90, "N_inlier": 90, "refit": true}
{"timestamp": "19:03:29.303049", "frame": 83, "mu": [-0.06848328101965014, 1.9913344264607373, -0.5871554442652799], "Sigma": [[0.005758234198710435, -0.004531772553450648, 0.013569683465136338], [-0.004531772553450647, 0.028511688236662024, -0.11012076472483182], [0.013569683465136336, -0.11012076472483182, 0.4964087102351337]], "chi2_level": 0.997, "chi2_df": 3, "chi2_threshold": 13.931422665512084, "N_raw": 94, "N_roi": 94, "N_inlier": 92, "refit": true}
{"timestamp": "19:03:29.355200", "frame": 84, "mu": [-0.0744594903138792, 1.8978058423671955, 0.06695885912458324], "Sigma": [[0.006292199740173151, 0.0008610915192397604, -0.010822696195364415], [0.0008610915192397608, 0.011062214769924188, -0.01858700047931597], [-0.010822696195364415, -0.01858700047931597, 0.1051633971575367]], "chi2_level": 0.997, "chi2_df": 3, "chi2_threshold": 13.931422665512084, "N_raw": 76, "N_roi": 76, "N_inlier": 74, "refit": true}
{"timestamp": "19:03:29.405449", "frame": 85, "mu": [-0.0018641391185454503, 2.08504503693457, -0.7215009074830216], "Sigma": [[0.004432473498711147, -0.0011771421859630184, 0.005727538210489883], [-0.0011771421859630184, 0.020716869838569713, -0.10508166150743015], [0.005727538210489883, -0.10508166150743015, 0.6054419645712734]], "chi2_level": 0.997, "chi2_df": 3, "chi2_threshold": 13.931422665512084, "N_raw": 45, "N_roi": 45, "N_inlier": 44, "refit": true}
{"timestamp": "19:03:29.460188", "frame": 86, "mu": [-0.004023579006188655, 1.979189500151749, -0.3501733560118162], "Sigma": [[0.003141305403426502, 0.0011964504600272536, -0.007736850114785726], [0.0011964504600272534, 0.03070799044551438, -0.11014847823159266], [-0.007736850114785727, -0.11014847823159266, 0.4362700818101739]], "chi2_level": 0.997, "chi2_df": 3, "chi2_threshold": 13.931422665512084, "N_raw": 43, "N_roi": 43, "N_inlier": 43, "refit": true}
{"timestamp": "19:03:29.518586", "frame": 87, "mu": [0.026690338343431937, 2.057590541086179, -0.4300933501745956], "Sigma": [[0.005746502056263957, -0.00041222341817822466, 0.0019440445337975342], [-0.00041222341817822466, 0.052512258150963255, -0.17242934846526042], [0.0019440445337975338, -0.17242934846526042, 0.6111385878770039]], "chi2_level": 0.997, "chi2_df": 3, "chi2_threshold": 13.931422665512084, "N_raw": 66, "N_roi": 66, "N_inlier": 65, "refit": true}
{"timestamp": "19:03:29.581907", "frame": 88, "mu": [0.02886537417070913, 2.15479674816249, -0.6359358225637571], "Sigma": [[0.009835089684234792, -0.0033468710791978813, 0.01425234820823295], [-0.003346871079197882, 0.05035696542469702, -0.16002286755354572], [0.01425234820823295, -0.16002286755354572, 0.59215734236547]], "chi2_level": 0.997, "chi2_df": 3, "chi2_threshold": 13.931422665512084, "N_raw": 119, "N_roi": 118, "N_inlier": 118, "refit": true}
{"timestamp": "19:03:29.630543", "frame": 89, "mu": [0.06899731186069397, 2.0003151265799697, 0.16411173623673858], "Sigma": [[0.006526247127755778, 0.0002240472857022897, -0.006153113537583254], [0.0002240472857022897, 0.008325572315391458, -0.0029021464402489102], [-0.006153113537583254, -0.0029021464402489107, 0.009749433649917665]], "chi2_level": 0.997, "chi2_df": 3, "chi2_threshold": 13.931422665512084, "N_raw": 76, "N_roi": 74, "N_inlier": 70, "refit": true}
{"timestamp": "19:03:29.688112", "frame": 90, "mu": [0.11171191395476555, 2.109693422922057, -0.21169397828436037], "Sigma": [[0.008087145735715279, -0.007172651759420133, 0.018413065174774534], [-0.007172651759420133, 0.03471449534617366, -0.0913464441515259], [0.018413065174774534, -0.0913464441515259, 0.2967547480255139]], "chi2_level": 0.997, "chi2_df": 3, "chi2_threshold": 13.931422665512084, "N_raw": 98, "N_roi": 98, "N_inlier": 95, "refit": true}
{"timestamp": "19:03:29.741075", "frame": 91, "mu": [0.15969772307863012, 2.090765867613387, 0.016335208014315136], "Sigma": [[0.006877604216420985, -0.0007686741497246318, -0.004412124971981535], [-0.0007686741497246318, 0.00968420541570541, -0.0033499351455422706], [-0.004412124971981535, -0.0033499351455422706, 0.005602999248875276]], "chi2_level": 0.997, "chi2_df": 3, "chi2_threshold": 13.931422665512084, "N_raw": 82, "N_roi": 82, "N_inlier": 78, "refit": true}
{"timestamp": "19:03:29.794350", "frame": 92, "mu": [0.18270924488113166, 2.253672895086657, -0.4260957011478043], "Sigma": [[0.012822868879722773, -0.009819190896324275, 0.026640302696943948], [-0.009819190896324275, 0.02674202946827507, -0.07852261616209683], [0.026640302696943948, -0.07852261616209683, 0.2653253587280775]], "chi2_level": 0.997, "chi2_df": 3, "chi2_threshold": 13.931422665512084, "N_raw": 69, "N_roi": 68, "N_inlier": 67, "refit": true}
{"timestamp": "19:03:29.845921", "frame": 93, "mu": [0.18465858519301648, 2.241099045980392, -0.41839128885388066], "Sigma": [[0.01621616662542618, -0.014121356172222672, 0.04740130144797691], [-0.014121356172222672, 0.03036679136681065, -0.09481193185047354], [0.047401301447976905, -0.09481193185047354, 0.31156742151818356]], "chi2_level": 0.997, "chi2_df": 3, "chi2_threshold": 13.931422665512084, "N_raw": 48, "N_roi": 47, "N_inlier": 46, "refit": true}
{"timestamp": "19:03:29.904880", "frame": 94, "mu": [0.20878586357665943, 2.094749913746266, -0.8396100191444351], "Sigma": [[0.018250683477704498, 0.0027304073593625616, 0.06978278309346803], [0.0027304073593625616, 0.004266773417360151, 0.002953793695015825], [0.06978278309346803, 0.0029537936950158267, 0.4075693617939942]], "chi2_level": 0.997, "chi2_df": 3, "chi2_threshold": 13.931422665512084, "N_raw": 71, "N_roi": 71, "N_inlier": 70, "refit": true}
{"timestamp": "19:03:29.956707", "frame": 95, "mu": [0.24149188364072113, 2.293645645463281, -0.7030160984756831], "Sigma": [[0.01701036262408763, 0.00043241017883939256, 0.06857966419875428], [0.0004324101788393921, 0.027489906955795815, -0.024486098824964643], [0.06857966419875428, -0.024486098824964643, 0.41841603953005235]], "chi2_level": 0.997, "chi2_df": 3, "chi2_threshold": 13.931422665512084, "N_raw": 52, "N_roi": 52, "N_inlier": 52, "refit": true}
{"timestamp": "19:03:30.014702", "frame": 96, "mu": [0.3482964899877105, 2.164706849880053, 1.3774815779625542], "Sigma": [[0.008074444318429545, -0.0018824337833959757, 0.0006566962098277936], [-0.0018824337833959755, 0.004720120779526216, -0.008669080214747233], [0.0006566962098277936, -0.008669080214747233, 0.08619707386975234]], "chi2_level": 0.997, "chi2_df": 3, "chi2_threshold": 13.931422665512084, "N_raw": 74, "N_roi": 74, "N_inlier": 71, "refit": true}
{"timestamp": "19:03:30.072234", "frame": 97, "mu": [0.3785235399960551, 2.3200514880666128, -0.3694858636623136], "Sigma": [[0.006559700800484057, 0.0025936570326978363, -0.0017317644463049117], [0.0025936570326978363, 0.029627253554478837, -0.0776295817474646], [-0.001731764446304912, -0.07762958174746458, 0.45280891851931043]], "chi2_level": 0.997, "chi2_df": 3, "chi2_threshold": 13.931422665512084, "N_raw": 89, "N_roi": 89, "N_inlier": 87, "refit": true}
{"timestamp": "19:03:30.121831", "frame": 98, "mu": [0.41342277950761963, 2.2199010622519584, 1.2662561424281003], "Sigma": [[0.00940283563720633, -0.002663724353673928, -0.01836865520176171], [-0.0026637243536739275, 0.002621667025585459, 0.009049616859588971], [-0.01836865520176171, 0.009049616859588971, 0.14125419241188084]], "chi2_level": 0.997, "chi2_df": 3, "chi2_threshold": 13.931422665512084, "N_raw": 50, "N_roi": 50, "N_inlier": 48, "refit": true}
{"timestamp": "19:03:30.178195", "frame": 99, "mu": [0.4129438334605474, 2.254785280310289, 1.2911276471764401], "Sigma": [[0.006031866452356748, -0.0009673965963263698, -0.000346384939690819], [-0.0009673965963263698, 0.004106538680504804, 0.0038230220971518613], [-0.000346384939690819, 0.003823022097151861, 0.12593741967076147]], "chi2_level": 0.997, "chi2_df": 3, "chi2_threshold": 13.931422665512084, "N_raw": 61, "N_roi": 61, "N_inlier": 59, "refit": true}
{"timestamp": "19:03:30.355941", "frame": 100, "mu": [0.48460157730918096, 2.417161953708272, -0.39064071913439413], "Sigma": [[0.0022924739124498437, 0.0026937558846752644, -0.010688802004025347], [0.0026937558846752644, 0.03405096339513893, -0.11792601734421804], [-0.010688802004025347, -0.11792601734421802, 0.42332102024231927]], "chi2_level": 0.997, "chi2_df": 3, "chi2_threshold": 13.931422665512084, "N_raw": 15, "N_roi": 15, "N_inlier": 15, "refit": true}
{"timestamp": "19:03:30.386871", "frame": 101, "mu": [0.4737668080288203, 2.306079262766882, 1.0741126596160833], "Sigma": [[0.007039651896512995, -0.0013016112707595856, -0.0023111113120948485], [-0.0013016112707595854, 0.006011406972911107, 0.007584426725204469], [-0.0023111113120948485, 0.007584426725204469, 0.05931561138836933]], "chi2_level": 0.997, "chi2_df": 3, "chi2_threshold": 13.931422665512084, "N_raw": 44, "N_roi": 44, "N_inlier": 42, "refit": true}
{"timestamp": "19:03:30.416959", "frame": 102, "mu": [0.48013170726698967, 2.2888192689784708, 0.706573732531605], "Sigma": [[0.002471905760072053, -0.0019345772261869013, -0.020554045268154977], [-0.0019345772261869015, 0.02391477317911234, 0.10608006684262604], [-0.02055404526815497, 0.10608006684262603, 0.7973296976005012]], "chi2_level": 0.997, "chi2_df": 3, "chi2_threshold": 13.931422665512084, "N_raw": 11, "N_roi": 11, "N_inlier": 11, "refit": true}
{"timestamp": "19:03:30.449141", "frame": 103, "mu": [0.490177445420737, 2.4145380176382116, 1.2482647427211413], "Sigma": [[0.005462600310263791, -0.0018820055179193506, -0.004944178686903076], [-0.0018820055179193506, 0.0013606443082800495, -0.0013023456245157689], [-0.004944178686903075, -0.0013023456245157689, 0.029483548027474268]], "chi2_level": 0.997, "chi2_df": 3, "chi2_threshold": 13.931422665512084, "N_raw": 38, "N_roi": 38, "N_inlier": 35, "refit": true}
{"timestamp": "19:03:30.479832", "frame": 104, "mu": [0.5266258668379928, 2.4646147952182504, -0.8950754029040484], "Sigma": [[0.00989475705851557, -0.007501188611486983, -0.034553059395106445], [-0.007501188611486983, 0.013880303113873864, 0.05862732431766075], [-0.034553059395106445, 0.05862732431766075, 0.4434937057044944]], "chi2_level": 0.997, "chi2_df": 3, "chi2_threshold": 13.931422665512084, "N_raw": 75, "N_roi": 75, "N_inlier": 72, "refit": true}
{"timestamp": "19:03:30.511341", "frame": 105, "mu": [0.5948373871081855, 2.4748043031781717, 1.2938541908520242], "Sigma": [[0.004636548969257388, -0.0030043904154100592, -0.0014790174172508701], [-0.003004390415410059, 0.005352780909106556, 0.007311156582874527], [-0.0014790174172508697, 0.007311156582874527, 0.10332128619277425]], "chi2_level": 0.997, "chi2_df": 3, "chi2_threshold": 13.931422665512084, "N_raw": 40, "N_roi": 40, "N_inlier": 37, "refit": true}
{"timestamp": "19:03:30.559995", "frame": 106, "mu": [0.6472608591746759, 2.4876863843206687, 1.3164435233214244], "Sigma": [[0.008669210673587486, 0.0012538084969241617, 0.021425208654398058], [0.0012538084969241615, 0.0043436914680813786, 0.011345016565340114], [0.021425208654398058, 0.011345016565340116, 0.22078201088468064]], "chi2_level": 0.997, "chi2_df": 3, "chi2_threshold": 13.931422665512084, "N_raw": 44, "N_roi": 44, "N_inlier": 42, "refit": true}
{"timestamp": "19:03:30.614312", "frame": 107, "mu": [0.6372197386868648, 2.566726926698432, 0.7547475309636972], "Sigma": [[0.004209792936046543, -0.0015265242522316679, 0.0200341446911892], [-0.0015265242522316677, 0.004175391977633745, -0.015008375643354808], [0.0200341446911892, -0.015008375643354808, 0.5662109000914154]], "chi2_level": 0.997, "chi2_df": 3, "chi2_threshold": 13.931422665512084, "N_raw": 34, "N_roi": 34, "N_inlier": 34, "refit": true}
{"timestamp": "19:03:30.668940", "frame": 108, "mu": [0.6741223699373711, 2.6121041645438385, 1.2757027025952006], "Sigma": [[0.0060679014136862065, -0.004445964230000024, 0.016606553885870987], [-0.004445964230000024, 0.008451724731747802, -0.030510197732655037], [0.016606553885870987, -0.030510197732655037, 0.14241034003480954]], "chi2_level": 0.997, "chi2_df": 3, "chi2_threshold": 13.931422665512084, "N_raw": 38, "N_roi": 38, "N_inlier": 37, "refit": true}
{"timestamp": "19:03:30.721486", "frame": 109, "mu": [0.6927813657248445, 2.6659967262158535, 1.0627773470191968], "Sigma": [[0.0037290705764851237, -0.006403450523350029, 0.024492818877831984], [-0.00640345052335003, 0.017698553870349912, -0.05294453308921979], [0.024492818877831987, -0.0529445330892198, 0.26044137554094293]], "chi2_level": 0.997, "chi2_df": 3, "chi2_threshold": 13.931422665512084, "N_raw": 15, "N_roi": 15, "N_inlier": 15, "refit": true}
{"timestamp": "19:03:30.785931", "frame": 110, "mu": [0.736117197741729, 2.679569262670201, 1.0136937183850352], "Sigma": [[0.007290331939208924, -0.0019821215145914735, 0.004370940267257076], [-0.0019821215145914735, 0.007140261498714559, -0.023344922418133362], [0.004370940267257077, -0.023344922418133362, 0.33356327076814707]], "chi2_level": 0.997, "chi2_df": 3, "chi2_threshold": 13.931422665512084, "N_raw": 82, "N_roi": 78, "N_inlier": 78, "refit": true}
{"timestamp": "19:03:30.839917", "frame": 111, "mu": [0.820478083854664, 2.7721874133530324, -0.6577134024613748], "Sigma": [[0.009228824296569672, 0.0042094368360746925, 0.01932687297101692], [0.0042094368360746925, 0.028919809363370717, -0.061447380656064574], [0.01932687297101692, -0.061447380656064574, 0.7824157888951323]], "chi2_level": 0.997, "chi2_df": 3, "chi2_threshold": 13.931422665512084, "N_raw": 71, "N_roi": 71, "N_inlier": 70, "refit": true}
{"timestamp": "19:03:30.889977", "frame": 112, "mu": [0.8299496878638649, 2.870138263687162, -0.5371241559591321], "Sigma": [[0.007284502058288328, 1.9670217557459305e-05, -0.012891644501185927], [1.9670217557459305e-05, 0.046357010457761305, -0.1478941410615882], [-0.01289164450118593, -0.1478941410615882, 0.5854385937087877]], "chi2_level": 0.997, "chi2_df": 3, "chi2_threshold": 13.931422665512084, "N_raw": 39, "N_roi": 39, "N_inlier": 38, "refit": true}
{"timestamp": "19:03:30.945497", "frame": 113, "mu": [0.7832464349159369, 2.706528691651272, 1.4304914059013005], "Sigma": [[0.008832614395420607, -0.0036561560798175257, 0.008384323857749516], [-0.0036561560798175265, 0.00489694143011885, -0.009800266749926602], [0.008384323857749518, -0.009800266749926602, 0.08682997137921045]], "chi2_level": 0.997, "chi2_df": 3, "chi2_threshold": 13.931422665512084, "N_raw": 43, "N_roi": 43, "N_inlier": 40, "refit": true}
{"timestamp": "19:03:31.004980", "frame": 114, "mu": [0.8033776858281656, 2.7889715256394605, 1.1170358207315583], "Sigma": [[0.016797349464256726, -0.0053796249517563755, 0.01584416655292251], [-0.0053796249517563755, 0.006018249678788491, -0.027470680073564856], [0.01584416655292251, -0.027470680073564863, 0.20091130904929963]], "chi2_level": 0.997, "chi2_df": 3, "chi2_threshold": 13.931422665512084, "N_raw": 77, "N_roi": 77, "N_inlier": 74, "refit": true}
{"timestamp": "19:03:31.056389", "frame": 115, "mu": [0.8410311322588884, 2.8224464386581105, 1.0951463439286395], "Sigma": [[0.014570223959273142, -0.0051397761442262034, 0.028160576791083913], [-0.0051397761442262034, 0.0048757374107025195, -0.011865489558364018], [0.028160576791083913, -0.011865489558364016, 0.2924006334611413]], "chi2_level": 0.997, "chi2_df": 3, "chi2_threshold": 13.931422665512084, "N_raw": 55, "N_roi": 55, "N_inlier": 54, "refit": true}
{"timestamp": "19:03:31.111388", "frame": 116, "mu": [0.938930157110745, 2.8916350713148367, 0.06337617102330377], "Sigma": [[0.012036539954355802, 0.001512297481153145, -0.016613699764178858], [0.001512297481153145, 0.019388336633401212, -0.048038863609602134], [-0.016613699764178858, -0.048038863609602134, 0.14713883685109688]], "chi2_level": 0.997, "chi2_df": 3, "chi2_threshold": 13.931422665512084, "N_raw": 50, "N_roi": 50, "N_inlier": 49, "refit": true}
{"timestamp": "19:03:31.164591", "frame": 117, "mu": [1.0059024862694306, 2.828015041233505, 1.3866378713568963], "Sigma": [[0.010483510498892812, -0.003367877299822444, 0.00084161701352614], [-0.0033678772998224442, 0.005212218440968932, -0.015569103079741953], [0.0008416170135261409, -0.015569103079741953, 0.14995660398393845]], "chi2_level": 0.997, "chi2_df": 3, "chi2_threshold": 13.931422665512084, "N_raw": 42, "N_roi": 42, "N_inlier": 41, "refit": true}
{"timestamp": "19:03:31.222784", "frame": 118, "mu": [1.010724819644566, 2.856653138527178, 1.2378521086526622], "Sigma": [[0.025626964046848354, -0.012360161959762674, 0.022445692507873715], [-0.012360161959762674, 0.009677413278105403, -0.028137335861688602], [0.02244569250787371, -0.028137335861688602, 0.166888772453927]], "chi2_level": 0.997, "chi2_df": 3, "chi2_threshold": 13.931422665512084, "N_raw": 66, "N_roi": 66, "N_inlier": 64, "refit": true}
{"timestamp": "19:03:31.274598", "frame": 119, "mu": [1.0850905151580954, 2.850931543413795, 1.455364599299695], "Sigma": [[0.01213173304640526, -0.0037034003512366343, -0.006494825252332921], [-0.0037034003512366343, 0.0038525755750046086, -0.001109554398381062], [-0.006494825252332921, -0.001109554398381062, 0.009615044272830914]], "chi2_level": 0.997, "chi2_df": 3, "chi2_threshold": 13.931422665512084, "N_raw": 42, "N_roi": 42, "N_inlier": 40, "refit": true}
{"timestamp": "19:03:31.329908", "frame": 120, "mu": [1.0922026277648897, 3.0446135327688757, -0.06913222692642537], "Sigma": [[0.01703086817592174, -0.007920828699874044, -0.002135897333292411], [-0.007920828699874044, 0.020095633410270115, -0.025754538646098273], [-0.002135897333292411, -0.025754538646098273, 0.04831134190122953]], "chi2_level": 0.997, "chi2_df": 3, "chi2_threshold": 13.931422665512084, "N_raw": 46, "N_roi": 46, "N_inlier": 44, "refit": true}
{"timestamp": "19:03:31.386089", "frame": 121, "mu": [1.129042168880223, 2.928963239983673, 1.3697159548895852], "Sigma": [[0.014820790996309884, -0.00779778015516742, -0.00576702233005483], [-0.007797780155167421, 0.009211166747059686, -0.01298265300037453], [-0.005767022330054831, -0.012982653000374532, 0.07541120686079554]], "chi2_level": 0.997, "chi2_df": 3, "chi2_threshold": 13.931422665512084, "N_raw": 52, "N_roi": 52, "N_inlier": 50, "refit": true}
{"timestamp": "19:03:31.438315", "frame": 122, "mu": [1.135799900058446, 2.9676546585265653, 1.375912833025538], "Sigma": [[0.010224611989928052, -0.006077249605689301, -0.006242547800865215], [-0.006077249605689301, 0.0094880118297694, -0.016966668011315075], [-0.006242547800865215, -0.016966668011315075, 0.09853892253207577]], "chi2_level": 0.997, "chi2_df": 3, "chi2_threshold": 13.931422665512084, "N_raw": 34, "N_roi": 34, "N_inlier": 33, "refit": true}
{"timestamp": "19:03:31.492726", "frame": 123, "mu": [1.135046784449255, 2.972098644002096, 1.4957969384396177], "Sigma": [[0.009447373299233095, -0.0037202043623182743, -0.008880752013559512], [-0.0037202043623182743, 0.0037732393272714615, 0.0012348720354986365], [-0.00888075201355951, 0.0012348720354986363, 0.016594854037590857]], "chi2_level": 0.997, "chi2_df": 3, "chi2_threshold": 13.931422665512084, "N_raw": 36, "N_roi": 36, "N_inlier": 34, "refit": true}
{"timestamp": "19:03:31.545797", "frame": 124, "mu": [1.1421734877522238, 3.0618676016175908, 1.2908403207425827], "Sigma": [[0.009925730192095599, -0.003725524796559927, -0.053161025481562485], [-0.003725524796559927, 0.00564630252994222, 0.02402232454650984], [-0.053161025481562485, 0.02402232454650984, 0.33721144956144616]], "chi2_level": 0.997, "chi2_df": 3, "chi2_threshold": 13.931422665512084, "N_raw": 15, "N_roi": 15, "N_inlier": 15, "refit": true}
{"timestamp": "19:03:31.601366", "frame": 125, "mu": [1.1584913694132433, 3.0666371453000565, 1.4696085566867296], "Sigma": [[0.010213937171576403, -0.0046101580926318315, -0.007876563363448906], [-0.0046101580926318315, 0.004181673567898987, 0.0028897694749246013], [-0.007876563363448906, 0.002889769474924601, 0.008074691908230031]], "chi2_level": 0.997, "chi2_df": 3, "chi2_threshold": 13.931422665512084, "N_raw": 27, "N_roi": 27, "N_inlier": 26, "refit": true}
{"timestamp": "19:03:31.653945", "frame": 126, "mu": [1.2374960064007814, 3.0249263985634816, 1.1863649761287263], "Sigma": [[0.0008971056683549635, 0.00024062704966779024, -0.004190967794820049], [0.0002406270496677902, 0.000966190266097045, -0.002369325808287446], [-0.004190967794820049, -0.0023693258082874468, 0.07175884694126747]], "chi2_level": 0.997, "chi2_df": 3, "chi2_threshold": 13.931422665512084, "N_raw": 7, "N_roi": 7, "N_inlier": 7, "refit": true}
{"timestamp": "19:03:31.718325", "frame": 127, "mu": [1.2158954008632332, 3.143530644038035, 1.436303097651323], "Sigma": [[0.015145576577073126, -0.006134932017097297, -0.00731298723683486], [-0.006134932017097297, 0.008009497929280273, -0.00333344279672391], [-0.007312987236834861, -0.0033334427967239106, 0.019840824970133862]], "chi2_level": 0.997, "chi2_df": 3, "chi2_threshold": 13.931422665512084, "N_raw": 65, "N_roi": 65, "N_inlier": 63, "refit": true}
