{"timestamp": "19:04:06.348866", "frame": 20, "mu": [1.9208435179783927, 0.5987670640995819, 1.2996336592326496], "Sigma": [[0.0018727095045521654, -0.0007945307839472004, -0.0010165141604647383], [-0.0007945307839472007, 0.004678375073264072, 0.0010115273474208724], [-0.0010165141604647383, 0.0010115273474208724, 0.0007905094508976093]], "chi2_level": 0.997, "chi2_df": 3, "chi2_threshold": 13.931422665512084, "N_raw": 7, "N_roi": 7, "N_inlier": 7, "refit": true}
{"timestamp": "19:04:06.790126", "frame": 28, "mu": [1.156319880521564, 0.7827508903792704, -0.8333053660143115], "Sigma": [[1.282208459401504, 0.11448558602103477, -0.1236991758507667], [0.11448558602103477, 0.020614255362882895, -0.030380692336341997], [-0.1236991758507667, -0.030380692336341997, 0.08795267025821736]], "chi2_level": 0.997, "chi2_df": 3, "chi2_threshold": 13.931422665512084, "N_raw": 8, "N_roi": 8, "N_inlier": 8, "refit": true}
{"timestamp": "19:04:06.845659", "frame": 29, "mu": [1.593439591317951, 0.5859171956243623, 0.7583501452562497], "Sigma": [[0.0012348482820332418, 0.0008474603217117343, -0.004499875072351487], [0.0008474603217117345, 0.015738679141464092, -0.029656112408702084], [-0.004499875072351487, -0.02965611240870208, 0.1147730772697724]], "chi2_level": 0.997, "chi2_df": 3, "chi2_threshold": 13.931422665512084, "N_raw": 8, "N_roi": 8, "N_inlier": 8, "refit": true}
{"timestamp": "19:04:06.900248", "frame": 30, "mu": [1.5114917825236627, 0.6112438149183741, 1.1738212226834615], "Sigma": [[0.0016490751859452564, -0.0031590758002353805, 0.007263567866935978], [-0.0031590758002353805, 0.022953227916360334, -0.034449799941470016], [0.007263567866935978, -0.034449799941470016, 0.06170048555855959]], "chi2_level": 0.997, "chi2_df": 3, "chi2_threshold": 13.931422665512084, "N_raw": 9, "N_roi": 8, "N_inlier": 8, "refit": true}
{"timestamp": "19:04:06.955248", "frame": 31, "mu": [0.8874191077701212, 0.5512173041875394, 1.1478649852415992], "Sigma": [[1.4267081966323159, 0.14395326572243597, 0.01503069615201132], [0.14395326572243597, 0.026387755826104975, -0.027371729705275544], [0.01503069615201133, -0.027371729705275544, 0.0756466564398234]], "chi2_level": 0.997, "chi2_df": 3, "chi2_threshold": 13.931422665512084, "N_raw": 8, "N_roi": 8, "N_inlier": 8, "refit": true}
{"timestamp": "19:04:07.014372", "frame": 32, "mu": [1.4626739472403643, 0.5197630878736695, 1.372414181470815], "Sigma": [[0.0032691186973283623, -0.0026620650909940824, -0.003793848647338273], [-0.0026620650909940824, 0.005595673311361967, -0.001224840135386335], [-0.003793848647338273, -0.0012248401353863348, 0.01041550637115199]], "chi2_level": 0.997, "chi2_df": 3, "chi2_threshold": 13.931422665512084, "N_raw": 31, "N_roi": 31, "N_inlier": 30, "refit": true}
{"timestamp": "19:04:07.067506", "frame": 33, "mu": [1.3880822530353822, 0.5965274565568237, 1.1542888619082614], "Sigma": [[0.003066008973464868, -0.002669278217732232, 0.004809246304820205], [-0.0026692782177322317, 0.011934439533295262, -0.03119244069105829], [0.004809246304820205, -0.03119244069105829, 0.08759771131775168]], "chi2_level": 0.997, "chi2_df": 3, "chi2_threshold": 13.931422665512084, "N_raw": 8, "N_roi": 8, "N_inlier": 8, "refit": true}
{"timestamp": "19:04:07.122783", "frame": 34, "mu": [1.339169003413022, 0.5267090458566646, 1.3925929850787226], "Sigma": [[0.0035948643471157143, -0.0035837879210943906, -0.001935188177644248], [-0.0035837879210943906, 0.01124854535545161, -0.010849866920635646], [-0.0019351881776442483, -0.010849866920635646, 0.04122951608129578]], "chi2_level": 0.997, "chi2_df": 3, "chi2_threshold": 13.931422665512084, "N_raw": 17, "N_roi": 17, "N_inlier": 16, "refit": true}
{"timestamp": "19:04:07.177668", "frame": 35, "mu": [1.2546047132570781, 0.5992255668566678, 1.4666852803255759], "Sigma": [[0.002191085788674857, -0.001279518933985074, -0.002208612179869813], [-0.001279518933985074, 0.0028815586719801774, -0.0004530629075451768], [-0.002208612179869813, -0.0004530629075451769, 0.00449312697397605]], "chi2_level": 0.997, "chi2_df": 3, "chi2_threshold": 13.931422665512084, "N_raw": 17, "N_roi": 17, "N_inlier": 17, "refit": true}
{"timestamp": "19:04:07.233039", "frame": 36, "mu": [1.1928173806702347, 0.6856323310790229, 1.3365710268850457], "Sigma": [[0.00184314599256622, -0.0017884629288575592, 0.005558201796724564], [-0.0017884629288575592, 0.0143848486965344, -0.03576991654632636], [0.005558201796724564, -0.03576991654632636, 0.09585138223098078]], "chi2_level": 0.997, "chi2_df": 3, "chi2_threshold": 13.931422665512084, "N_raw": 11, "N_roi": 11, "N_inlier": 11, "refit": true}
{"timestamp": "19:04:07.286981", "frame": 37, "mu": [1.1914102289935669, 0.6650979828704735, 1.3778273181152514], "Sigma": [[0.005766551524026429, -0.0008302476648997302, -0.004538043009568124], [-0.0008302476648997303, 0.002039176779229461, -0.0009222835495220057], [-0.004538043009568124, -0.0009222835495220057, 0.0052976658394674634]], "chi2_level": 0.997, "chi2_df": 3, "chi2_threshold": 13.931422665512084, "N_raw": 9, "N_roi": 9, "N_inlier": 8, "refit": true}
{"timestamp": "19:04:07.345136", "frame": 38, "mu": [1.1397944988839253, 0.6504663470096695, 1.465622583211866], "Sigma": [[0.004521644426321089, -0.0002476994473926069, -0.004282108752069999], [-0.0002476994473926071, 0.002342605347133234, -0.001041259866233111], [-0.004282108752069999, -0.001041259866233111, 0.005207585649524124]], "chi2_level": 0.997, "chi2_df": 3, "chi2_threshold": 13.931422665512084, "N_raw": 29, "N_roi": 29, "N_inlier": 26, "refit": true}
{"timestamp": "19:04:07.507338", "frame": 41, "mu": [1.0694241135577451, 0.5670696821477037, 1.3842671959630461], "Sigma": [[0.003514212101084077, -0.001342110524264403, -0.003499789182550353], [-0.0013421105242644028, 0.0019607393280039144, 0.00023796390307391317], [-0.003499789182550353, 0.00023796390307391315, 0.0056227527412400615]], "chi2_level": 0.997, "chi2_df": 3, "chi2_threshold": 13.931422665512084, "N_raw": 13, "N_roi": 13, "N_inlier": 12, "refit": true}
{"timestamp": "19:04:07.618365", "frame": 43, "mu": [0.9316562994923075, 0.641501112757254, 1.4777425967100386], "Sigma": [[0.0023743865579650297, -0.0005438621213550125, -0.001369119483339595], [-0.0005438621213550125, 0.002520033369361422, -0.001350656339793598], [-0.0013691194833395951, -0.001350656339793598, 0.005745222566383243]], "chi2_level": 0.997, "chi2_df": 3, "chi2_threshold": 13.931422665512084, "N_raw": 21, "N_roi": 21, "N_inlier": 20, "refit": true}
{"timestamp": "19:04:07.675048", "frame": 44, "mu": [0.9155482130955103, 0.5982867473511676, 1.4356046298743457], "Sigma": [[0.005219557250675603, -0.002338325558317843, -0.0030327640897461158], [-0.002338325558317843, 0.0030903042787818347, 0.0003311859238579716], [-0.003032764089746116, 0.0003311859238579716, 0.0025335888012525338]], "chi2_level": 0.997, "chi2_df": 3, "chi2_threshold": 13.931422665512084, "N_raw": 30, "N_roi": 30, "N_inlier": 30, "refit": true}
{"timestamp": "19:04:07.727217", "frame": 45, "mu": [0.7831224049913074, 0.5931291855377547, 0.8961800409017754], "Sigma": [[0.009610167291726847, 0.0034068898563705662, 0.046190553890065926], [0.0034068898563705662, 0.004413214854024677, 0.025259729592955783], [0.046190553890065926, 0.025259729592955783, 0.40942207468342895]], "chi2_level": 0.997, "chi2_df": 3, "chi2_threshold": 13.931422665512084, "N_raw": 9, "N_roi": 9, "N_inlier": 9, "refit": true}
{"timestamp": "19:04:07.789143", "frame": 46, "mu": [0.8295776102405166, 0.5772628054510636, 1.4477518168306138], "Sigma": [[0.0059061236505949305, -0.0027694821093361523, -0.0042669353330030725], [-0.0027694821093361523, 0.00359097054340372, 0.0003544078152686508], [-0.0042669353330030725, 0.00035440781526865076, 0.004678724680085899]], "chi2_level": 0.997, "chi2_df": 3, "chi2_threshold": 13.931422665512084, "N_raw": 56, "N_roi": 56, "N_inlier": 53, "refit": true}
{"timestamp": "19:04:07.842413", "frame": 47, "mu": [0.7416093867080746, 0.6023802311443408, 1.4800029722970354], "Sigma": [[0.00445659472753633, -0.0006285083879276504, -0.0055879557806244665], [-0.0006285083879276504, 0.0011593758460116273, -0.00018046945745939247], [-0.0055879557806244665, -0.0001804694574593924, 0.009092063595375937]], "chi2_level": 0.997, "chi2_df": 3, "chi2_threshold": 13.931422665512084, "N_raw": 44, "N_roi": 43, "N_inlier": 41, "refit": true}
{"timestamp": "19:04:07.897153", "frame": 48, "mu": [0.6997116497940379, 0.5992192350097094, 1.5045340692583529], "Sigma": [[0.004424909805060309, -0.001870136330097622, -0.012112673744227495], [-0.001870136330097622, 0.0036259439292846618, 0.007960142674003268], [-0.012112673744227496, 0.007960142674003268, 0.06592012078597254]], "chi2_level": 0.997, "chi2_df": 3, "chi2_threshold": 13.931422665512084, "N_raw": 44, "N_roi": 44, "N_inlier": 40, "refit": true}
{"timestamp": "19:04:07.953524", "frame": 49, "mu": [0.6788848890416649, 0.5786076406857815, 1.4239715554945747], "Sigma": [[0.003978513843668411, 0.00024011022769789174, -0.008100147143702451], [0.00024011022769789174, 0.0013573975046653785, -0.00274897200110194], [-0.008100147143702451, -0.00274897200110194, 0.02327188579337304]], "chi2_level": 0.997, "chi2_df": 3, "chi2_threshold": 13.931422665512084, "N_raw": 53, "N_roi": 53, "N_inlier": 48, "refit": true}
{"timestamp": "19:04:08.007687", "frame": 50, "mu": [0.5752237391228918, 0.6417216733454276, 1.0409981518463112], "Sigma": [[0.003741296465633301, -0.005223861418900629, 0.012432215815367825], [-0.005223861418900629, 0.01203726001605711, -0.03629504388547585], [0.012432215815367825, -0.03629504388547586, 0.13552309644191315]], "chi2_level": 0.997, "chi2_df": 3, "chi2_threshold": 13.931422665512084, "N_raw": 44, "N_roi": 44, "N_inlier": 42, "refit": true}
{"timestamp": "19:04:08.061216", "frame": 51, "mu": [0.5669533522148773, 0.564522037555429, 1.5186927460382886], "Sigma": [[0.0016127128134266222, 0.0003204227375334255, -0.0005974119710317812], [0.0003204227375334255, 0.002243454243863107, -0.006847758277206325], [-0.0005974119710317812, -0.006847758277206325, 0.03782452133965752]], "chi2_level": 0.997, "chi2_df": 3, "chi2_threshold": 13.931422665512084, "N_raw": 37, "N_roi": 37, "N_inlier": 34, "refit": true}
{"timestamp": "19:04:08.118921", "frame": 52, "mu": [0.5470743125756364, 0.6188395831125877, -0.516945588964869], "Sigma": [[0.0028498517550437034, -0.00041228804271327066, 0.0020819736269645167], [-0.0004122880427132706, 0.0027328737360137255, -0.0068671323697388], [0.0020819736269645167, -0.0068671323697388, 0.11633467156934757]], "chi2_level": 0.997, "chi2_df": 3, "chi2_threshold": 13.931422665512084, "N_raw": 48, "N_roi": 48, "N_inlier": 46, "refit": true}
{"timestamp": "19:04:08.173484", "frame": 53, "mu": [0.5349720091455287, 0.5688230287921499, 1.41697288251842], "Sigma": [[0.0028318734375370803, -0.0008921681715933725, -0.012430507167245931], [-0.0008921681715933727, 0.0037725793506903707, 0.013882519190032878], [-0.012430507167245931, 0.013882519190032878, 0.13064181150574353]], "chi2_level": 0.997, "chi2_df": 3, "chi2_threshold": 13.931422665512084, "N_raw": 53, "N_roi": 53, "N_inlier": 52, "refit": true}
{"timestamp": "19:04:08.230139", "frame": 54, "mu": [0.4651757117687642, 0.6070784023686923, -0.40589817205731166], "Sigma": [[0.0013414019335662585, 0.001514292570675705, 0.0007945942954376618], [0.001514292570675705, 0.0024661265423096736, 0.0010433631192369773], [0.0007945942954376619, 0.0010433631192369773, 0.012275221616797066]], "chi2_level": 0.997, "chi2_df": 3, "chi2_threshold": 13.931422665512084, "N_raw": 48, "N_roi": 48, "N_inlier": 45, "refit": true}
{"timestamp": "19:04:08.278414", "frame": 55, "mu": [0.32578315394302415, 1.052936997662906, -1.2692902307255771], "Sigma": [[0.024385289211543263, -0.055994710779254005, 0.13820459188985554], [-0.055994710779254005, 0.36729864215263885, -0.9191413069504357], [0.13820459188985554, -0.9191413069504357, 2.311206946125239]], "chi2_level": 0.997, "chi2_df": 3, "chi2_threshold": 13.931422665512084, "N_raw": 12, "N_roi": 12, "N_inlier": 12, "refit": true}
{"timestamp": "19:04:08.333946", "frame": 56, "mu": [0.33516801531520385, 0.581685008459196, 1.2732877761115617], "Sigma": [[0.008220753041900952, -0.003686897706210391, 0.03976062682033472], [-0.003686897706210391, 0.0048606048075585575, -0.037956592687069746], [0.03976062682033473, -0.037956592687069746, 0.35162578923816223]], "chi2_level": 0.997, "chi2_df": 3, "chi2_threshold": 13.931422665512084, "N_raw": 21, "N_roi": 21, "N_inlier": 21, "refit": true}
{"timestamp": "19:04:08.394027", "frame": 57, "mu": [0.33821078078186656, 0.5781880412744012, 1.4524593338058542], "Sigma": [[0.0024654649621032526, -6.020626702465567e-05, -0.009216063735237678], [-6.0206267024655716e-05, 0.0018091248498506775, 0.005098767122496938], [-0.009216063735237678, 0.005098767122496937, 0.13689231507712876]], "chi2_level": 0.997, "chi2_df": 3, "chi2_threshold": 13.931422665512084, "N_raw": 60, "N_roi": 60, "N_inlier": 59, "refit": true}
{"timestamp": "19:04:08.453576", "frame": 58, "mu": [0.28317931318085937, 0.6076635363266871, 1.5360719578939723], "Sigma": [[0.0021727960220465333, 0.0005151688248929702, -0.0005619264355592679], [0.0005151688248929702, 0.003435582483824682, -0.003086390678387117], [-0.0005619264355592679, -0.003086390678387117, 0.003932750903242003]], "chi2_level": 0.997, "chi2_df": 3, "chi2_threshold": 13.931422665512084, "N_raw": 88, "N_roi": 88, "N_inlier": 84, "refit": true}
{"timestamp": "19:04:08.507697", "frame": 59, "mu": [0.24408688207471668, 0.57623588696891, 1.4734211888034314], "Sigma": [[0.0022723152774514845, -0.0005707168995159168, -0.0035489309851171064], [-0.0005707168995159168, 0.0012658597926991008, -0.0005222371697269621], [-0.0035489309851171064, -0.000522237169726962, 0.010783269929005286]], "chi2_level": 0.997, "chi2_df": 3, "chi2_threshold": 13.931422665512084, "N_raw": 78, "N_roi": 76, "N_inlier": 73, "refit": true}
{"timestamp": "19:04:08.560156", "frame": 60, "mu": [0.18107961163111957, 0.5635477798089935, 1.4608955609528773], "Sigma": [[0.0009233798703570437, 0.0005554705387735838, 0.0005681097909526296], [0.0005554705387735838, 0.0023605561363373674, 0.0034057303355786374], [0.0005681097909526298, 0.0034057303355786374, 0.015134326977337206]], "chi2_level": 0.997, "chi2_df": 3, "chi2_threshold": 13.931422665512084, "N_raw": 54, "N_roi": 52, "N_inlier": 49, "refit": true}
{"timestamp": "19:04:08.613679", "frame": 61, "mu": [0.19782277467506604, 0.5944337406334367, 1.5231977380343245], "Sigma": [[0.0019003002387077094, 0.0007618587754987179, -0.002461421811499602], [0.0007618587754987179, 0.001406375017571018, -0.0018963313116686707], [-0.002461421811499602, -0.0018963313116686707, 0.0043145001345066365]], "chi2_level": 0.997, "chi2_df": 3, "chi2_threshold": 13.931422665512084, "N_raw": 51, "N_roi": 51, "N_inlier": 47, "refit": true}
{"timestamp": "19:04:08.666524", "frame": 62, "mu": [0.12671531003331196, 0.5929479392545447, 1.5285301779054496], "Sigma": [[0.0026521273683821666, 0.001796122732077605, -0.006691600777485342], [0.001796122732077605, 0.0023450757778567134, -0.0062034073374165975], [-0.006691600777485342, -0.0062034073374165975, 0.06860798885049244]], "chi2_level": 0.997, "chi2_df": 3, "chi2_threshold": 13.931422665512084, "N_raw": 40, "N_roi": 40, "N_inlier": 38, "refit": true}
{"timestamp": "19:04:08.723761", "frame": 63, "mu": [0.06221170044795057, 0.5904428250723791, 1.4895376169186019], "Sigma": [[0.0010429149116094004, -0.0005949341002782214, 0.001985740218465439], [-0.0005949341002782214, 0.002000059704588486, -0.0010929300943209358], [0.001985740218465439, -0.0010929300943209356, 0.025401826592499094]], "chi2_level": 0.997, "chi2_df": 3, "chi2_threshold": 13.931422665512084, "N_raw": 53, "N_roi": 53, "N_inlier": 50, "refit": true}
{"timestamp": "19:04:08.776807", "frame": 64, "mu": [0.027800778631419235, 0.5842127768036367, 1.6195669609109378], "Sigma": [[0.00047965582069705844, 0.00014213903910798953, -0.00022271824081379962], [0.00014213903910798953, 0.0025094613789591854, -0.0009488756021130314], [-0.00022271824081379962, -0.0009488756021130314, 0.00051042086062735]], "chi2_level": 0.997, "chi2_df": 3, "chi2_threshold": 13.931422665512084, "N_raw": 39, "N_roi": 39, "N_inlier": 36, "refit": true}
{"timestamp": "19:04:08.831315", "frame": 65, "mu": [0.0022845860598655005, 0.600892312752646, 1.4546713373034308], "Sigma": [[0.0006637167140492894, 0.00032886898245338043, 0.001030161638935686], [0.00032886898245338043, 0.0008466005908149234, -0.0012425226229927204], [0.001030161638935686, -0.0012425226229927202, 0.007661816884780093]], "chi2_level": 0.997, "chi2_df": 3, "chi2_threshold": 13.931422665512084, "N_raw": 40, "N_roi": 40, "N_inlier": 36, "refit": true}
{"timestamp": "19:04:08.886305", "frame": 66, "mu": [-0.05453175353480416, 0.596429641773545, 1.3886546838662404], "Sigma": [[0.0008971517191092322, 0.0006760551392213402, 0.00012480881140930884], [0.0006760551392213401, 0.0018859390570307242, -0.006644628111555376], [0.00012480881140930863, -0.006644628111555376, 0.08203691545054564]], "chi2_level": 0.997, "chi2_df": 3, "chi2_threshold": 13.931422665512084, "N_raw": 31, "N_roi": 31, "N_inlier": 29, "refit": true}
{"timestamp": "19:04:08.947756", "frame": 67, "mu": [-0.10098990717685147, 0.5327267713737964, 1.4813483408416361], "Sigma": [[0.001059309880463193, 0.0009200560395399024, 0.0009560159286960677], [0.0009200560395399024, 0.0036535804165975377, 0.0035854578932047786], [0.0009560159286960677, 0.0035854578932047786, 0.01763983276947706]], "chi2_level": 0.997, "chi2_df": 3, "chi2_threshold": 13.931422665512084, "N_raw": 78, "N_roi": 78, "N_inlier": 74, "refit": true}
{"timestamp": "19:04:08.998313", "frame": 68, "mu": [-0.10624228585812925, 0.575281963963545, 1.434850217752529], "Sigma": [[0.0029084193186777246, 0.0003943754731769536, 0.015389831184043534], [0.00039437547317695354, 0.0006146521442407498, 0.0013139843065563348], [0.015389831184043534, 0.0013139843065563344, 0.110998854405389]], "chi2_level": 0.997, "chi2_df": 3, "chi2_threshold": 13.931422665512084, "N_raw": 44, "N_roi": 44, "N_inlier": 42, "refit": true}
{"timestamp": "19:04:09.054918", "frame": 69, "mu": [-0.20482130666414913, 0.6198051512611245, -0.30913539020521696], "Sigma": [[0.0007821316299057862, -0.0004416833457299728, -0.0003949494198684561], [-0.00044168334572997287, 0.003207166161371057, 0.0021675434266296236], [-0.0003949494198684561, 0.0021675434266296236, 0.0172474925840993]], "chi2_level": 0.997, "chi2_df": 3, "chi2_threshold": 13.931422665512084, "N_raw": 59, "N_roi": 55, "N_inlier": 52, "refit": true}
{"timestamp": "19:04:09.110074", "frame": 70, "mu": [-0.2618289749088836, 0.5220564793066286, 1.5831378961471558], "Sigma": [[0.0014684758399987582, -0.0009989952209082079, 0.0009334800721531225], [-0.0009989952209082079, 0.0017070210487932324, -0.001819791317532527], [0.0009334800721531225, -0.001819791317532527, 0.00416844952017049]], "chi2_level": 0.997, "chi2_df": 3, "chi2_threshold": 13.931422665512084, "N_raw": 57, "N_roi": 54, "N_inlier": 51, "refit": true}
{"timestamp": "19:04:09.165820", "frame": 71, "mu": [-0.294762853503863, 0.5010813161883017, 1.498743060470081], "Sigma": [[0.0011285221648142006, -0.0005490568296913907, 0.0004713594326695474], [-0.0005490568296913907, 0.001643324740839994, 0.0005613747980299169], [0.0004713594326695474, 0.0005613747980299168, 0.013733439196726647]], "chi2_level": 0.997, "chi2_df": 3, "chi2_threshold": 13.931422665512084, "N_raw": 65, "N_roi": 65, "N_inlier": 64, "refit": true}
{"timestamp": "19:04:09.220910", "frame": 72, "mu": [-0.2942636879864065, 0.4926216784876631, 1.383320286661235], "Sigma": [[0.0015411111451948715, 0.0002835209398498815, 0.0030582436347326956], [0.0002835209398498815, 0.0023352407446319175, -0.0035295016105627852], [0.0030582436347326965, -0.0035295016105627852, 0.03363248524812863]], "chi2_level": 0.997, "chi2_df": 3, "chi2_threshold": 13.931422665512084, "N_raw": 68, "N_roi": 68, "N_inlier": 64, "refit": true}
{"timestamp": "19:04:09.274462", "frame": 73, "mu": [-0.35272891109309484, 0.4920865764883123, 1.380883084116788], "Sigma": [[0.0011607220879950274, -0.0005712789584817418, 0.0016438808139259016], [-0.0005712789584817418, 0.0011753540677902235, -0.001323194980033997], [0.0016438808139259016, -0.0013231949800339969, 0.04631397986091801]], "chi2_level": 0.997, "chi2_df": 3, "chi2_threshold": 13.931422665512084, "N_raw": 54, "N_roi": 54, "N_inlier": 49, "refit": true}
{"timestamp": "19:04:09.327540", "frame": 74, "mu": [-0.4218693494683841, 0.4975815839150676, 1.4737730640143556], "Sigma": [[0.012566035084823157, 0.004459123760684957, -0.010354185542005146], [0.0044591237606849575, 0.0023428011408320217, -0.004261796389826515], [-0.010354185542005147, -0.004261796389826515, 0.016008476920403993]], "chi2_level": 0.997, "chi2_df": 3, "chi2_threshold": 13.931422665512084, "N_raw": 45, "N_roi": 45, "N_inlier": 43, "refit": true}
{"timestamp": "19:04:09.382587", "frame": 75, "mu": [-0.5943125626803152, 0.49249668481094666, 1.6077531447123923], "Sigma": [[0.007756471368006752, 0.004095109095349029, -0.008037590104034001], [0.004095109095349029, 0.0035371693458803154, -0.005933271257874646], [-0.008037590104034001, -0.005933271257874646, 0.01582121522330574]], "chi2_level": 0.997, "chi2_df": 3, "chi2_threshold": 13.931422665512084, "N_raw": 42, "N_roi": 42, "N_inlier": 39, "refit": true}
{"timestamp": "19:04:09.442871", "frame": 76, "mu": [-0.6200035589538455, 0.4470115810809081, 1.6317192236887452], "Sigma": [[0.008182688857740166, 0.0019934805769809974, -0.00493435399158384], [0.001993480576980998, 0.0022928936650443528, -0.003562042545467525], [-0.00493435399158384, -0.003562042545467525, 0.009336106838358409]], "chi2_level": 0.997, "chi2_df": 3, "chi2_threshold": 13.931422665512084, "N_raw": 82, "N_roi": 82, "N_inlier": 79, "refit": true}
{"timestamp": "19:04:09.498690", "frame": 77, "mu": [-0.6813501810079522, 0.44385352826240554, 1.6669415152266127], "Sigma": [[0.0097853561822992, 0.0010314768671804758, -0.0009281803331958479], [0.0010314768671804758, 0.0021506192370226024, -0.0017582885023418406], [-0.0009281803331958479, -0.0017582885023418406, 0.0016916271281104912]], "chi2_level": 0.997, "chi2_df": 3, "chi2_threshold": 13.931422665512084, "N_raw": 82, "N_roi": 82, "N_inlier": 82, "refit": true}
{"timestamp": "19:04:09.552665", "frame": 78, "mu": [-0.710128386389288, 0.4500863612380187, 1.6375961328582664], "Sigma": [[0.007149577719083985, 0.0014635159275508225, -0.000941858429943732], [0.0014635159275508227, 0.003026164568312972, -0.0019943176503225456], [-0.0009418584299437322, -0.0019943176503225456, 0.002701710725597899]], "chi2_level": 0.997, "chi2_df": 3, "chi2_threshold": 13.931422665512084, "N_raw": 75, "N_roi": 75, "N_inlier": 72, "refit": true}
{"timestamp": "19:04:09.608298", "frame": 79, "mu": [-0.7839631813312724, 0.4332854889824646, -0.3394888687274342], "Sigma": [[0.007081153137511973, 0.0031874229741856988, 0.003100185259721344], [0.0031874229741856983, 0.006799746814939045, 0.00030783078658253287], [0.003100185259721344, 0.00030783078658253287, 0.004761264558829053]], "chi2_level": 0.997, "chi2_df": 3, "chi2_threshold": 13.931422665512084, "N_raw": 78, "N_roi": 78, "N_inlier": 73, "refit": true}
{"timestamp": "19:04:09.664044", "frame": 80, "mu": [-0.814856015381751, 0.43715807272847085, 1.6084594655410624], "Sigma": [[0.008014131661143455, 0.0012723308953290595, -0.0017745844364393333], [0.0012723308953290595, 0.0032963628847583392, -0.004640965770468223], [-0.0017745844364393335, -0.004640965770468223, 0.00908759629365087]], "chi2_level": 0.997, "chi2_df": 3, "chi2_threshold": 13.931422665512084, "N_raw": 83, "N_roi": 83, "N_inlier": 80, "refit": true}
{"timestamp": "19:04:09.714422", "frame": 81, "mu": [-0.8776372293241275, 0.4051653145811192, 1.6273452832636044], "Sigma": [[0.0039866951585125045, 0.0007036902279244735, 0.0004034477392911838], [0.0007036902279244737, 0.004263591188332625, -0.0028910747070653763], [0.0004034477392911838, -0.0028910747070653763, 0.0025531773035202456]], "chi2_level": 0.997, "chi2_df": 3, "chi2_threshold": 13.931422665512084, "N_raw": 55, "N_roi": 55, "N_inlier": 51, "refit": true}
{"timestamp": "19:04:09.768678", "frame": 82, "mu": [-0.9143075313007963, 0.4098833267233055, 1.5308238991229672], "Sigma": [[0.0042766457136689, 0.0006058971186828245, -0.0004091986786553359], [0.0006058971186828244, 0.0012633574358081462, -0.002237042662968501], [-0.0004091986786553359, -0.002237042662968501, 0.00772591314317602]], "chi2_level": 0.997, "chi2_df": 3, "chi2_threshold": 13.931422665512084, "N_raw": 57, "N_roi": 57, "N_inlier": 55, "refit": true}
{"timestamp": "19:04:09.822888", "frame": 83, "mu": [-0.9438321462623915, 0.4085618904855222, 1.4977233323690233], "Sigma": [[0.005721940245829281, 0.0025182350154926286, -0.004116465628372302], [0.0025182350154926286, 0.0042200072450216146, -0.007561056828364222], [-0.0041164656283723036, -0.007561056828364221, 0.023044443132146066]], "chi2_level": 0.997, "chi2_df": 3, "chi2_threshold": 13.931422665512084, "N_raw": 49, "N_roi": 49, "N_inlier": 47, "refit": true}
{"timestamp": "19:04:09.880225", "frame": 84, "mu": [-0.9685105727013803, 0.45370662500140824, 1.5822449210549017], "Sigma": [[0.005104636291294322, 0.001214122098822731, -0.002203531011353098], [0.001214122098822731, 0.004369653350667935, -0.006676185816271534], [-0.002203531011353098, -0.006676185816271534, 0.015525440601830665]], "chi2_level": 0.997, "chi2_df": 3, "chi2_threshold": 13.931422665512084, "N_raw": 57, "N_roi": 57, "N_inlier": 54, "refit": true}
{"timestamp": "19:04:09.934163", "frame": 85, "mu": [-1.0148475675846895, 0.40472902088986884, 1.560834822325854], "Sigma": [[0.005336488253182361, -0.00019074889799534618, -9.95795281305859e-05], [-0.0001907488979953462, 0.0062576270412459944, -0.0040898871901815705], [-9.957952813058595e-05, -0.0040898871901815705, 0.003112503350889821]], "chi2_level": 0.997, "chi2_df": 3, "chi2_threshold": 13.931422665512084, "N_raw": 55, "N_roi": 55, "N_inlier": 54, "refit": true}
{"timestamp": "19:04:09.987275", "frame": 86, "mu": [-1.0452656021179652, 0.49805136464173616, -0.39159031277102396], "Sigma": [[0.003104477584542385, 0.0010322807109688181, 0.0015197203241452684], [0.0010322807109688181, 0.0033617999993024537, -0.002777209633472026], [0.0015197203241452684, -0.002777209633472026, 0.00534396591012926]], "chi2_level": 0.997, "chi2_df": 3, "chi2_threshold": 13.931422665512084, "N_raw": 43, "N_roi": 43, "N_inlier": 40, "refit": true}
{"timestamp": "19:04:10.043523", "frame": 87, "mu": [-1.0791726506233577, 0.5472815547004196, -0.35684168979763503], "Sigma": [[0.005461782707424132, 0.0008073925127877089, -0.00027443084749527295], [0.0008073925127877089, 0.008090033382609668, -0.005501920900732047], [-0.00027443084749527316, -0.005501920900732047, 0.008463680157095942]], "chi2_level": 0.997, "chi2_df": 3, "chi2_threshold": 13.931422665512084, "N_raw": 56, "N_roi": 56, "N_inlier": 54, "refit": true}
{"timestamp": "19:04:10.095682", "frame": 88, "mu": [-1.1411728036606341, 0.4791078144506051, 1.510380441089104], "Sigma": [[0.002681115911319587, 0.0011488574342766729, 0.00039404951789272143], [0.0011488574342766729, 0.004295785351095469, -0.0038043170026932794], [0.0003940495178927215, -0.0038043170026932794, 0.008387653034735362]], "chi2_level": 0.997, "chi2_df": 3, "chi2_threshold": 13.931422665512084, "N_raw": 38, "N_roi": 38, "N_inlier": 37, "refit": true}
{"timestamp": "19:04:10.152732", "frame": 89, "mu": [-0.7362598738082486, 0.36085454249086196, 1.4283861308222239], "Sigma": [[0.8470463375554961, -0.02718447668924151, 0.010047996455890523], [-0.027184476689241517, 0.006089114587310917, -0.0024059743218477073], [0.010047996455890523, -0.0024059743218477073, 0.0013798441898991293]], "chi2_level": 0.997, "chi2_df": 3, "chi2_threshold": 13.931422665512084, "N_raw": 44, "N_roi": 44, "N_inlier": 44, "refit": true}
{"timestamp": "19:04:10.205293", "frame": 90, "mu": [-0.9743089616768447, 0.5096507472188154, -0.4377372569111773], "Sigma": [[0.4351432164671402, -0.020357711000720775, 0.006963097423895899], [-0.02035771100072077, 0.006619843590077165, -0.0016906772895142917], [0.006963097423895899, -0.0016906772895142917, 0.0007257764486263947]], "chi2_level": 0.997, "chi2_df": 3, "chi2_threshold": 13.931422665512084, "N_raw": 29, "N_roi": 29, "N_inlier": 29, "refit": true}
{"timestamp": "19:04:10.261337", "frame": 91, "mu": [-0.9154762819552265, 0.379181324136277, 1.39197615760394], "Sigma": [[0.6782815601217478, -0.023489558840277227, 0.021029712808082933], [-0.023489558840277234, 0.0042724636845281804, -0.002994191896370354], [0.021029712808082926, -0.002994191896370354, 0.0034256816740123874]], "chi2_level": 0.997, "chi2_df": 3, "chi2_threshold": 13.931422665512084, "N_raw": 34, "N_roi": 34, "N_inlier": 34, "refit": true}
{"timestamp": "19:04:10.312204", "frame": 92, "mu": [-1.2538995107633373, 0.510024672400567, 1.1008216140079892], "Sigma": [[0.0014023089213421375, 0.0030342456201696935, -0.004057229602009913], [0.0030342456201696935, 0.017779923908604233, -0.04714203908783293], [-0.004057229602009913, -0.04714203908783293, 0.15258685570893502]], "chi2_level": 0.997, "chi2_df": 3, "chi2_threshold": 13.931422665512084, "N_raw": 15, "N_roi": 15, "N_inlier": 15, "refit": true}
{"timestamp": "19:04:10.371720", "frame": 93, "mu": [-0.6082031174531581, 0.3765139206525736, 1.1023806323511962], "Sigma": [[1.3879476902993455, -0.040408109510736534, -0.02264251269084882], [-0.040408109510736534, 0.02067307814161938, -0.016718808306556015], [-0.022642512690848826, -0.01671880830655601, 0.0871709520123756]], "chi2_level": 0.997, "chi2_df": 3, "chi2_threshold": 13.931422665512084, "N_raw": 38, "N_roi": 38, "N_inlier": 38, "refit": true}
{"timestamp": "19:04:10.481735", "frame": 95, "mu": [-0.8170514208111714, 0.3980310845043795, 1.3113738416450758], "Sigma": [[1.243950587357063, -0.02971068071065691, 0.028820667243847235], [-0.02971068071065691, 0.005997250037767294, -0.003927299150988859], [0.028820667243847235, -0.003927299150988859, 0.004378247914550001]], "chi2_level": 0.997, "chi2_df": 3, "chi2_threshold": 13.931422665512084, "N_raw": 40, "N_roi": 40, "N_inlier": 38, "refit": true}
{"timestamp": "19:04:10.535287", "frame": 96, "mu": [-1.1030335093622992, 0.44589585310688473, 1.3538756118040662], "Sigma": [[0.7075120297397669, -0.03131467222861811, 0.019928218769165368], [-0.03131467222861811, 0.008495121772670398, -0.005022729361575451], [0.019928218769165368, -0.005022729361575451, 0.0034602971319437456]], "chi2_level": 0.997, "chi2_df": 3, "chi2_threshold": 13.931422665512084, "N_raw": 34, "N_roi": 34, "N_inlier": 33, "refit": true}
{"timestamp": "19:04:10.587656", "frame": 97, "mu": [-1.4583137909207056, 0.578877505787763, 1.0846205657610204], "Sigma": [[0.015455552423361415, -0.0036388865574374834, 0.028116858626156094], [-0.0036388865574374834, 0.001732654130696261, -0.008230315879967472], [0.028116858626156094, -0.008230315879967472, 0.05932846435338666]], "chi2_level": 0.997, "chi2_df": 3, "chi2_threshold": 13.931422665512084, "N_raw": 17, "N_roi": 17, "N_inlier": 16, "refit": true}
{"timestamp": "19:04:10.645317", "frame": 98, "mu": [-1.0802049154621791, 0.46035741108184636, 1.295809801734477], "Sigma": [[0.842260228203677, -0.032665586899596186, -0.1316433175262615], [-0.032665586899596186, 0.012705774521152036, 0.0049179577301924834], [-0.1316433175262615, 0.004917957730192484, 0.029711747974860193]], "chi2_level": 0.997, "chi2_df": 3, "chi2_threshold": 13.931422665512084, "N_raw": 34, "N_roi": 34, "N_inlier": 32, "refit": true}
{"timestamp": "19:04:10.823195", "frame": 100, "mu": [-1.2490551155472145, 0.4929926934149598, 1.2675491367898248], "Sigma": [[0.7994571787000798, -0.039634893121476736, -0.09760253044658114], [-0.039634893121476736, 0.010770370200773994, 0.003662477407868202], [-0.09760253044658114, 0.003662477407868202, 0.020944689346764463]], "chi2_level": 0.997, "chi2_df": 3, "chi2_threshold": 13.931422665512084, "N_raw": 34, "N_roi": 34, "N_inlier": 33, "refit": true}
{"timestamp": "19:04:10.836378", "frame": 101, "mu": [-1.532520851950797, 0.4980209271387298, 1.3807516943068208], "Sigma": [[0.004881154930957889, 0.0068475789844188815, -0.003671700827860798], [0.0068475789844188815, 0.01219025150285589, -0.006815929515744319], [-0.003671700827860798, -0.006815929515744319, 0.003943624309118932]], "chi2_level": 0.997, "chi2_df": 3, "chi2_threshold": 13.931422665512084, "N_raw": 10, "N_roi": 10, "N_inlier": 10, "refit": true}
{"timestamp": "19:04:10.868439", "frame": 102, "mu": [-0.48992802872496294, 0.4151686876101005, 1.0628625299531775], "Sigma": [[2.593963718101403, 0.015816670655562547, 0.026810386141363572], [0.015816670655562547, 0.007344614195251446, 0.0002916327345964952], [0.026810386141363565, 0.0002916327345964954, 0.002641223445355869]], "chi2_level": 0.997, "chi2_df": 3, "chi2_threshold": 13.931422665512084, "N_raw": 21, "N_roi": 21, "N_inlier": 21, "refit": true}
{"timestamp": "19:04:10.920689", "frame": 103, "mu": [-0.4253850244545153, 0.3517477943789875, 0.7047864704430695], "Sigma": [[3.0181074242268044, 0.07628915081807364, -0.0029004498752072116], [0.07628915081807364, 0.011729403377060217, 0.005930370848766717], [-0.002900449875207208, 0.005930370848766717, 0.03617573518009422]], "chi2_level": 0.997, "chi2_df": 3, "chi2_threshold": 13.931422665512084, "N_raw": 40, "N_roi": 40, "N_inlier": 40, "refit": true}
{"timestamp": "19:04:10.974532", "frame": 104, "mu": [-0.23594132418161973, 0.6981006970258408, -0.8025439355687867], "Sigma": [[2.9811260425273756, -0.009235868074618618, 0.02527670830631463], [-0.009235868074618611, 0.007747223186854719, 0.0010768048928153995], [0.02527670830631463, 0.0010768048928153997, 0.00407916940311234]], "chi2_level": 0.997, "chi2_df": 3, "chi2_threshold": 13.931422665512084, "N_raw": 28, "N_roi": 28, "N_inlier": 26, "refit": true}
{"timestamp": "19:04:11.028642", "frame": 105, "mu": [0.891853680193876, 0.3629518134968841, 0.5687605057668459], "Sigma": [[2.786315090782564, 0.08447311373854069, -0.026961108822289935], [0.08447311373854069, 0.011662168792712337, -0.0009134838123042201], [-0.026961108822289935, -0.0009134838123042201, 0.004436836402149734]], "chi2_level": 0.997, "chi2_df": 3, "chi2_threshold": 13.931422665512084, "N_raw": 20, "N_roi": 20, "N_inlier": 20, "refit": true}
{"timestamp": "19:04:11.080693", "frame": 106, "mu": [1.0757931170440929, 0.3935971429381794, 0.49172053688905526], "Sigma": [[2.619519934438639, 0.13257674488822524, -0.04189682698196637], [0.13257674488822524, 0.01597547961673207, -0.003982674171088619], [-0.04189682698196637, -0.003982674171088619, 0.0016943878453227325]], "chi2_level": 0.997, "chi2_df": 3, "chi2_threshold": 13.931422665512084, "N_raw": 9, "N_roi": 9, "N_inlier": 9, "refit": true}
{"timestamp": "19:04:11.193756", "frame": 108, "mu": [-0.7699487985687131, 0.5489226121641464, 0.8894182861857141], "Sigma": [[3.0134352545287952, 0.024203797021730672, -0.2310324627295476], [0.02420379702173066, 0.022724978196912247, 0.0038637088579522912], [-0.23103246272954758, 0.003863708857952292, 0.06021206769918869]], "chi2_level": 0.997, "chi2_df": 3, "chi2_threshold": 13.931422665512084, "N_raw": 25, "N_roi": 25, "N_inlier": 24, "refit": true}
{"timestamp": "19:04:11.252310", "frame": 109, "mu": [-1.3142757529898805, 0.5441043338464059, 1.102848664324698], "Sigma": [[1.6535821584982051, -0.03902692946801489, 0.016118655923155405], [-0.03902692946801489, 0.010827420459477289, -0.0025114808423816254], [0.016118655923155402, -0.0025114808423816254, 0.01666989190359172]], "chi2_level": 0.997, "chi2_df": 3, "chi2_threshold": 13.931422665512084, "N_raw": 46, "N_roi": 46, "N_inlier": 42, "refit": true}
{"timestamp": "19:04:11.304385", "frame": 110, "mu": [-1.810381464683497, 0.6631056721437065, 1.0874777141491323], "Sigma": [[0.007881225635602219, 0.007291957881201373, 0.002074904551952249], [0.007291957881201372, 0.009662817841059046, 0.00013916091737630658], [0.002074904551952249, 0.00013916091737630642, 0.00484455604156927]], "chi2_level": 0.997, "chi2_df": 3, "chi2_threshold": 13.931422665512084, "N_raw": 23, "N_roi": 23, "N_inlier": 23, "refit": true}
{"timestamp": "19:04:11.416044", "frame": 112, "mu": [-1.8440072131935155, 0.6723338039831631, 1.224149510068136], "Sigma": [[0.007483264200554315, 0.007012521590849228, -7.549617022138976e-05], [0.007012521590849228, 0.011431009917675492, -0.005359643436130106], [-7.549617022138959e-05, -0.005359643436130107, 0.008144743869172617]], "chi2_level": 0.997, "chi2_df": 3, "chi2_threshold": 13.931422665512084, "N_raw": 45, "N_roi": 45, "N_inlier": 44, "refit": true}
{"timestamp": "19:04:11.473240", "frame": 113, "mu": [-1.8724812545936547, 0.6484401386744877, 1.1655466011260482], "Sigma": [[0.00975659634711873, 0.009057481715605591, 0.0013291239020275345], [0.009057481715605591, 0.011807235082327236, -0.0034500828360854493], [0.0013291239020275345, -0.00345008283608545, 0.011493402003158171]], "chi2_level": 0.997, "chi2_df": 3, "chi2_threshold": 13.931422665512084, "N_raw": 53, "N_roi": 53, "N_inlier": 52, "refit": true}
{"timestamp": "19:04:11.525646", "frame": 114, "mu": [-1.949998046895012, 0.6567188391814278, 1.0836868016991845], "Sigma": [[0.005693654693783151, 0.006446599001648154, -0.003107280479503432], [0.006446599001648154, 0.013590774573014797, -0.008064942781394812], [-0.0031072804795034326, -0.00806494278139481, 0.0067396511850885904]], "chi2_level": 0.997, "chi2_df": 3, "chi2_threshold": 13.931422665512084, "N_raw": 34, "N_roi": 34, "N_inlier": 33, "refit": true}
{"timestamp": "19:04:11.583768", "frame": 115, "mu": [-1.8883549776807982, 0.7227973616978715, 1.2323683032846902], "Sigma": [[0.00919375694988901, 0.006044098162754647, 0.0004893329304568709], [0.006044098162754647, 0.013532042107525325, -0.007588612466931194], [0.000489332930456871, -0.007588612466931195, 0.00814199080871514]], "chi2_level": 0.997, "chi2_df": 3, "chi2_threshold": 13.931422665512084, "N_raw": 57, "N_roi": 57, "N_inlier": 57, "refit": true}
{"timestamp": "19:04:11.638642", "frame": 116, "mu": [-1.9271952092112423, 0.7682031120149544, 1.2386355997590088], "Sigma": [[0.010430990023972977, 0.007847017035073671, 0.0003788302765900266], [0.007847017035073671, 0.013603624879367034, -0.0071328625539345296], [0.0003788302765900267, -0.007132862553934529, 0.008785000057799428]], "chi2_level": 0.997, "chi2_df": 3, "chi2_threshold": 13.931422665512084, "N_raw": 55, "N_roi": 55, "N_inlier": 55, "refit": true}
{"timestamp": "19:04:11.696331", "frame": 117, "mu": [-2.0180314099950833, 0.7514237322071101, 1.0626745577463634], "Sigma": [[0.011991481840744994, 0.01671731080722714, 0.014781700766774326], [0.01671731080722714, 0.028675957745119572, 0.023038450858802198], [0.014781700766774326, 0.023038450858802198, 0.06994485825632989]], "chi2_level": 0.997, "chi2_df": 3, "chi2_threshold": 13.931422665512084, "N_raw": 76, "N_roi": 76, "N_inlier": 70, "refit": true}
{"timestamp": "19:04:11.750216", "frame": 118, "mu": [-1.9722710347116699, 0.7951873814834763, 1.207434082876103], "Sigma": [[0.011257801611904742, 0.009186215735893245, 0.004710264326908098], [0.009186215735893245, 0.014087525252950919, -0.0007255694581818511], [0.004710264326908098, -0.0007255694581818513, 0.026819624112921006]], "chi2_level": 0.997, "chi2_df": 3, "chi2_threshold": 13.931422665512084, "N_raw": 61, "N_roi": 61, "N_inlier": 56, "refit": true}
{"timestamp": "19:04:11.804683", "frame": 119, "mu": [-2.0123543522023457, 0.8088202727380616, 1.1799495005197451], "Sigma": [[0.01118484321852785, 0.008883159482374005, 0.001071748742385112], [0.008883159482374005, 0.014008430554693908, -0.007024181191930669], [0.001071748742385112, -0.007024181191930669, 0.01457945771869157]], "chi2_level": 0.997, "chi2_df": 3, "chi2_threshold": 13.931422665512084, "N_raw": 61, "N_roi": 61, "N_inlier": 61, "refit": true}
