{"timestamp": "19:06:33.064004", "frame": 1, "mu": [0.8290723784719904, 1.528682951011992, 1.5179813681346213], "Sigma": [[0.0018834009109262898, -0.0003200101178129246, -0.0006591547133758026], [-0.0003200101178129247, 0.0023608674064029035, 0.00039733942606900926], [-0.0006591547133758026, 0.0003973394260690093, 0.0004903537867702419]], "chi2_level": 0.997, "chi2_df": 3, "chi2_threshold": 13.931422665512084, "N_raw": 19, "N_roi": 19, "N_inlier": 18, "refit": true}
{"timestamp": "19:06:33.118178", "frame": 2, "mu": [0.774029068292891, 1.4270885598305099, 1.591979948364459], "Sigma": [[0.04674855914001512, 0.07691818031447643, -0.032485656212321766], [0.07691818031447643, 0.14068479115988294, -0.02806006721912566], [-0.032485656212321766, -0.028060067219125653, 0.07111562996131526]], "chi2_level": 0.997, "chi2_df": 3, "chi2_threshold": 13.931422665512084, "N_raw": 7, "N_roi": 7, "N_inlier": 7, "refit": true}
{"timestamp": "19:06:33.227630", "frame": 4, "mu": [0.9276429045910447, 1.418970407231135, 1.11159578677183], "Sigma": [[0.001885362492320768, -0.00017183892034646183, -0.021619018383280467], [-0.00017183892034646194, 0.0015236793867308479, 0.01015313324192483], [-0.021619018383280467, 0.010153133241924829, 0.31603449038703696]], "chi2_level": 0.997, "chi2_df": 3, "chi2_threshold": 13.931422665512084, "N_raw": 9, "N_roi": 9, "N_inlier": 9, "refit": true}
{"timestamp": "19:06:33.286438", "frame": 5, "mu": [0.9182688331919662, 1.4521787247150275, 1.271031044357906], "Sigma": [[0.005117260326184185, -0.0011535267378763273, -0.012740622397311635], [-0.0011535267378763273, 0.0025596066507268273, 0.011868346085646539], [-0.012740622397311635, 0.01186834608564654, 0.16392477602767752]], "chi2_level": 0.997, "chi2_df": 3, "chi2_threshold": 13.931422665512084, "N_raw": 28, "N_roi": 28, "N_inlier": 28, "refit": true}
{"timestamp": "19:06:33.343099", "frame": 6, "mu": [0.9734109665294196, 1.3410285018645154, 0.10325401606173805], "Sigma": [[0.008521235897840984, -0.007609528705097915, -0.02166903802741124], [-0.007609528705097915, 0.010750651335872009, 0.030734804733159416], [-0.02166903802741124, 0.030734804733159416, 0.23769830954639484]], "chi2_level": 0.997, "chi2_df": 3, "chi2_threshold": 13.931422665512084, "N_raw": 42, "N_roi": 42, "N_inlier": 41, "refit": true}
{"timestamp": "19:06:33.395275", "frame": 7, "mu": [0.8909397459658691, 1.738720464862968, -1.2416121280365215], "Sigma": [[0.0037580979286758022, 0.002844144090900732, -0.025396491362228248], [0.0028441440909007312, 0.015817196741622068, -0.05241067902046664], [-0.025396491362228248, -0.05241067902046664, 0.3641205670781168]], "chi2_level": 0.997, "chi2_df": 3, "chi2_threshold": 13.931422665512084, "N_raw": 17, "N_roi": 17, "N_inlier": 16, "refit": true}
{"timestamp": "19:06:33.452945", "frame": 8, "mu": [0.8614128887618447, 1.4854670155707381, 0.9970849191726769], "Sigma": [[0.0028485363485168756, -0.0029190210751286264, 0.0026269398000045283], [-0.002919021075128626, 0.013068642515637012, 0.014617076846779457], [0.0026269398000045288, 0.014617076846779457, 0.3365456532386758]], "chi2_level": 0.997, "chi2_df": 3, "chi2_threshold": 13.931422665512084, "N_raw": 43, "N_roi": 43, "N_inlier": 43, "refit": true}
{"timestamp": "19:06:33.509911", "frame": 9, "mu": [0.8630784808969314, 1.4589704115839903, 0.9204993020378356], "Sigma": [[0.00625312833028653, -0.0017182527746270222, 0.0054856056685006725], [-0.0017182527746270218, 0.015270336387721422, 0.07593683154886288], [0.005485605668500676, 0.07593683154886288, 0.5490205525922819]], "chi2_level": 0.997, "chi2_df": 3, "chi2_threshold": 13.931422665512084, "N_raw": 33, "N_roi": 32, "N_inlier": 31, "refit": true}
{"timestamp": "19:06:33.568103", "frame": 10, "mu": [0.7757536334615548, 1.4709428219102192, 1.1113686697147795], "Sigma": [[0.012690830764378068, 0.002141642511380861, 0.049939661952016885], [0.002141642511380861, 0.007929598539243366, 0.04637833035163635], [0.04993966195201689, 0.04637833035163635, 0.5567618591220574]], "chi2_level": 0.997, "chi2_df": 3, "chi2_threshold": 13.931422665512084, "N_raw": 63, "N_roi": 63, "N_inlier": 61, "refit": true}
{"timestamp": "19:06:33.619852", "frame": 11, "mu": [0.6284889267736467, 1.4327372755871244, 0.3556920696535085], "Sigma": [[0.03009319458043558, 4.601812512032658e-05, 0.053791126130529804], [4.6018125120326255e-05, 0.0036147796731753213, 0.026061258287959535], [0.053791126130529804, 0.026061258287959535, 0.44810823781153747]], "chi2_level": 0.997, "chi2_df": 3, "chi2_threshold": 13.931422665512084, "N_raw": 35, "N_roi": 35, "N_inlier": 35, "refit": true}
{"timestamp": "19:06:33.682305", "frame": 12, "mu": [0.6907439541958816, 1.4739445694266669, 1.0101281444779935], "Sigma": [[0.03187086401350661, -0.003506410071415252, 0.08643819348128544], [-0.003506410071415252, 0.004032389552150767, 0.007896798368008263], [0.08643819348128544, 0.007896798368008263, 0.4083206155673213]], "chi2_level": 0.997, "chi2_df": 3, "chi2_threshold": 13.931422665512084, "N_raw": 58, "N_roi": 58, "N_inlier": 55, "refit": true}
{"timestamp": "19:06:33.735132", "frame": 13, "mu": [0.7939296657293811, 1.4185050666298555, 1.2509516188768863], "Sigma": [[0.007642141151658826, -0.0033019982424009166, -0.025468911544302333], [-0.0033019982424009166, 0.0033415603420488523, 0.014411440358426456], [-0.025468911544302336, 0.014411440358426456, 0.16044172013196306]], "chi2_level": 0.997, "chi2_df": 3, "chi2_threshold": 13.931422665512084, "N_raw": 65, "N_roi": 65, "N_inlier": 62, "refit": true}
{"timestamp": "19:06:33.790136", "frame": 14, "mu": [0.5876315738932546, 1.4691818407360608, 0.5377516169367214], "Sigma": [[0.05064098420114092, -0.017234075405907007, 0.07939012042910916], [-0.017234075405907007, 0.008715748653328756, -0.016727065748127243], [0.07939012042910917, -0.016727065748127243, 0.2682769207160921]], "chi2_level": 0.997, "chi2_df": 3, "chi2_threshold": 13.931422665512084, "N_raw": 64, "N_roi": 64, "N_inlier": 63, "refit": true}
{"timestamp": "19:06:33.843272", "frame": 15, "mu": [0.7726465535526642, 1.3821365361349238, 1.0776569632027375], "Sigma": [[0.00410458339830705, -0.0015191866638081283, -0.004082422024664921], [-0.0015191866638081288, 0.002958027133247716, -0.0005951751037290117], [-0.004082422024664921, -0.0005951751037290111, 0.06494243791098699]], "chi2_level": 0.997, "chi2_df": 3, "chi2_threshold": 13.931422665512084, "N_raw": 53, "N_roi": 53, "N_inlier": 48, "refit": true}
{"timestamp": "19:06:33.895470", "frame": 16, "mu": [0.6904392063986718, 1.6713250300939229, -0.9758670562065354], "Sigma": [[0.007929035759626567, -0.005316175742942534, 0.014120840324558941], [-0.005316175742942535, 0.02052472542509671, -0.07168409613099114], [0.014120840324558941, -0.07168409613099114, 0.29049709039394106]], "chi2_level": 0.997, "chi2_df": 3, "chi2_threshold": 13.931422665512084, "N_raw": 30, "N_roi": 30, "N_inlier": 29, "refit": true}
{"timestamp": "19:06:33.956354", "frame": 17, "mu": [0.6545807654134406, 1.3716624002238718, 1.054013937833946], "Sigma": [[0.0065487734376085726, -0.004982566527783934, -0.02568504221854659], [-0.004982566527783934, 0.005843503157702464, 0.014583638420365927], [-0.02568504221854659, 0.014583638420365927, 0.22347139350674425]], "chi2_level": 0.997, "chi2_df": 3, "chi2_threshold": 13.931422665512084, "N_raw": 75, "N_roi": 75, "N_inlier": 74, "refit": true}
{"timestamp": "19:06:34.014044", "frame": 18, "mu": [0.5969012265215422, 1.392546883943697, 1.2901622283707406], "Sigma": [[0.005979629353103969, -0.0023321990118654315, -0.012482308166719908], [-0.0023321990118654315, 0.0029724335555098803, 0.0018567393922851812], [-0.01248230816671991, 0.0018567393922851812, 0.058044842523390885]], "chi2_level": 0.997, "chi2_df": 3, "chi2_threshold": 13.931422665512084, "N_raw": 94, "N_roi": 94, "N_inlier": 90, "refit": true}
{"timestamp": "19:06:34.065350", "frame": 19, "mu": [0.574039935864114, 1.3788228601435921, 1.2250764829480807], "Sigma": [[0.005168663536937945, -0.0040752317502650934, -0.017385022588576177], [-0.0040752317502650934, 0.0063569065552334285, 0.019578756277452345], [-0.017385022588576177, 0.019578756277452345, 0.1932905380078977]], "chi2_level": 0.997, "chi2_df": 3, "chi2_threshold": 13.931422665512084, "N_raw": 68, "N_roi": 68, "N_inlier": 67, "refit": true}
{"timestamp": "19:06:34.117666", "frame": 20, "mu": [0.5213762261206313, 1.4997593390253394, -0.2567417288777628], "Sigma": [[0.004367442905221671, -0.00019228775475825025, -0.0035747705203686164], [-0.00019228775475825017, 0.003808341005730447, -0.003641559215379774], [-0.003574770520368617, -0.003641559215379774, 0.007471016766168075]], "chi2_level": 0.997, "chi2_df": 3, "chi2_threshold": 13.931422665512084, "N_raw": 57, "N_roi": 57, "N_inlier": 54, "refit": true}
{"timestamp": "19:06:34.174575", "frame": 21, "mu": [0.4895155858194483, 1.3957691426246515, 1.471820916739825], "Sigma": [[0.004975359658795818, -0.0003209329361895259, -0.0033318528448190434], [-0.0003209329361895259, 0.0066211899804889665, -0.0003191317264196608], [-0.0033318528448190434, -0.00031913172641966076, 0.002461163577192863]], "chi2_level": 0.997, "chi2_df": 3, "chi2_threshold": 13.931422665512084, "N_raw": 69, "N_roi": 69, "N_inlier": 65, "refit": true}
{"timestamp": "19:06:34.228190", "frame": 22, "mu": [0.42565540932966206, 1.3723921140876865, 1.467604712466682], "Sigma": [[0.003909210188540104, -0.0007183496731599683, 0.0011233787958374074], [-0.0007183496731599684, 0.003855278665348895, -0.0014571764744943992], [0.0011233787958374077, -0.0014571764744943992, 0.004058242277873192]], "chi2_level": 0.997, "chi2_df": 3, "chi2_threshold": 13.931422665512084, "N_raw": 53, "N_roi": 53, "N_inlier": 49, "refit": true}
{"timestamp": "19:06:34.290810", "frame": 23, "mu": [0.378218817145786, 1.5909701213956993, -0.054622391047251646], "Sigma": [[0.013650353268990683, -0.025643384400761204, 0.1185922632479446], [-0.025643384400761204, 0.07292229098289238, -0.30319901176472963], [0.1185922632479446, -0.30319901176472963, 1.4717163430259448]], "chi2_level": 0.997, "chi2_df": 3, "chi2_threshold": 13.931422665512084, "N_raw": 114, "N_roi": 114, "N_inlier": 114, "refit": true}
{"timestamp": "19:06:34.341780", "frame": 24, "mu": [0.31824412242809585, 1.5836585028953272, -0.5346174716450146], "Sigma": [[0.021129548331406317, -0.030729206868856912, 0.06933943387830449], [-0.030729206868856912, 0.05948401827945797, -0.13600713607659282], [0.06933943387830449, -0.13600713607659282, 0.35063202351287687]], "chi2_level": 0.997, "chi2_df": 3, "chi2_threshold": 13.931422665512084, "N_raw": 74, "N_roi": 74, "N_inlier": 71, "refit": true}
{"timestamp": "19:06:34.394863", "frame": 25, "mu": [0.3581078104648198, 1.376534995511896, 1.3923613380798203], "Sigma": [[0.004443047972488289, 0.00012679660558989245, -0.0012583179227795408], [0.00012679660558989256, 0.007141425689722965, 0.0011797709409975842], [-0.0012583179227795408, 0.0011797709409975842, 0.0006722950022114584]], "chi2_level": 0.997, "chi2_df": 3, "chi2_threshold": 13.931422665512084, "N_raw": 60, "N_roi": 60, "N_inlier": 57, "refit": true}
{"timestamp": "19:06:34.445059", "frame": 26, "mu": [0.30506322381515677, 1.3793318094969949, 1.2928319578218843], "Sigma": [[0.003733984309957412, -0.0011304419566556833, 0.013153044395279914], [-0.0011304419566556833, 0.005771149718559364, -0.013768549674028414], [0.013153044395279914, -0.013768549674028416, 0.17812515769805964]], "chi2_level": 0.997, "chi2_df": 3, "chi2_threshold": 13.931422665512084, "N_raw": 35, "N_roi": 35, "N_inlier": 34, "refit": true}
{"timestamp": "19:06:34.503106", "frame": 27, "mu": [0.27924749980268293, 1.3740492010190068, 0.6735949685918237], "Sigma": [[0.007186374105154593, -0.0025333375297702963, -0.0021766714856831224], [-0.0025333375297702963, 0.008307774961061574, -0.04688259961404858], [-0.0021766714856831237, -0.04688259961404858, 0.34457244876064186]], "chi2_level": 0.997, "chi2_df": 3, "chi2_threshold": 13.931422665512084, "N_raw": 55, "N_roi": 55, "N_inlier": 54, "refit": true}
{"timestamp": "19:06:34.560897", "frame": 28, "mu": [0.15676396137936266, 1.4859104706887483, 1.2775444900602098], "Sigma": [[0.011551402897668503, -0.0027190807638169875, 0.05140397623867212], [-0.0027190807638169875, 0.005243093756499752, -0.02028769905715616], [0.05140397623867212, -0.020287699057156165, 0.40171640152117793]], "chi2_level": 0.997, "chi2_df": 3, "chi2_threshold": 13.931422665512084, "N_raw": 75, "N_roi": 75, "N_inlier": 75, "refit": true}
{"timestamp": "19:06:34.609626", "frame": 29, "mu": [0.19627819237667166, 1.5027070361119823, 1.4569333371404327], "Sigma": [[0.003137274073586203, 0.0004440802885353427, -0.010721341772564511], [0.00044408028853534277, 0.0020283720830133727, 0.0014452629518386505], [-0.010721341772564511, 0.0014452629518386505, 0.12358483991781731]], "chi2_level": 0.997, "chi2_df": 3, "chi2_threshold": 13.931422665512084, "N_raw": 33, "N_roi": 33, "N_inlier": 32, "refit": true}
{"timestamp": "19:06:34.664246", "frame": 30, "mu": [0.12895678336262975, 1.4574061521382908, 0.8350383457146827], "Sigma": [[0.0026966025133616173, 0.0006318336365265052, 0.0171894803820717], [0.0006318336365265053, 0.006467039255626691, 0.037200798464900375], [0.0171894803820717, 0.037200798464900375, 0.5906268634219881]], "chi2_level": 0.997, "chi2_df": 3, "chi2_threshold": 13.931422665512084, "N_raw": 34, "N_roi": 33, "N_inlier": 33, "refit": true}
{"timestamp": "19:06:34.719795", "frame": 31, "mu": [0.1058788091938555, 1.404661533576488, 1.151932068341335], "Sigma": [[0.0019289961742506192, 5.7848673409301594e-05, -0.0018463670196432547], [5.784867340930165e-05, 0.0027404464280018507, -0.0013230655763754253], [-0.0018463670196432545, -0.001323065576375426, 0.2025764494277544]], "chi2_level": 0.997, "chi2_df": 3, "chi2_threshold": 13.931422665512084, "N_raw": 31, "N_roi": 31, "N_inlier": 31, "refit": true}
{"timestamp": "19:06:34.779850", "frame": 32, "mu": [0.03823544367369868, 1.461853536479506, 1.2775284578515547], "Sigma": [[0.003713201016442183, -0.0009075059808996974, -0.014047781257615632], [-0.0009075059808996972, 0.00554971843461671, 0.01253729553127891], [-0.014047781257615632, 0.012537295531278908, 0.24685317684121552]], "chi2_level": 0.997, "chi2_df": 3, "chi2_threshold": 13.931422665512084, "N_raw": 70, "N_roi": 70, "N_inlier": 69, "refit": true}
{"timestamp": "19:06:34.825478", "frame": 33, "mu": [-0.05079061824195617, 1.499749107758717, 0.8531126900114798], "Sigma": [[0.0014509409689067085, -0.000458195056339867, 0.0160331985757823], [-0.00045819505633986723, 0.006104779566751243, 0.0032680642282302153], [0.0160331985757823, 0.003268064228230216, 0.4708355705243627]], "chi2_level": 0.997, "chi2_df": 3, "chi2_threshold": 13.931422665512084, "N_raw": 9, "N_roi": 9, "N_inlier": 9, "refit": true}
{"timestamp": "19:06:34.886405", "frame": 34, "mu": [-0.020132246601560884, 1.4598143369213, 1.4091554159229704], "Sigma": [[0.003031377752467754, -0.0002710632344960758, 0.004585222031475125], [-0.0002710632344960758, 0.004510943178468083, -0.0017906961426969845], [0.004585222031475125, -0.0017906961426969845, 0.07499608259965726]], "chi2_level": 0.997, "chi2_df": 3, "chi2_threshold": 13.931422665512084, "N_raw": 51, "N_roi": 51, "N_inlier": 49, "refit": true}
{"timestamp": "19:06:34.936101", "frame": 35, "mu": [-0.1442752287339223, 1.4830162999803687, 0.8860608351301047], "Sigma": [[0.003977101705345184, 0.0007014161744697413, 0.025992447828296253], [0.0007014161744697412, 0.0038738260847293107, -0.010207899052459883], [0.025992447828296253, -0.010207899052459883, 0.5232102734362166]], "chi2_level": 0.997, "chi2_df": 3, "chi2_threshold": 13.931422665512084, "N_raw": 10, "N_roi": 10, "N_inlier": 10, "refit": true}
{"timestamp": "19:06:34.999897", "frame": 36, "mu": [-0.14942190270201544, 1.5145460999055629, 1.7109748002357308], "Sigma": [[0.003997084195588307, 0.00045458709195222687, -0.0016931797091294036], [0.0004545870919522268, 0.0037221962043990924, -0.0038121346154143926], [-0.0016931797091294036, -0.0038121346154143926, 0.005233872901238339]], "chi2_level": 0.997, "chi2_df": 3, "chi2_threshold": 13.931422665512084, "N_raw": 57, "N_roi": 57, "N_inlier": 54, "refit": true}
{"timestamp": "19:06:35.048381", "frame": 37, "mu": [-0.15397789000031437, 1.6109915592639201, -0.11669910707600568], "Sigma": [[0.004649976912139546, -0.0031289432717365347, 0.015867692747529367], [-0.0031289432717365347, 0.013167604327465722, -0.04470160206526605], [0.015867692747529367, -0.04470160206526605, 0.17797457417678256]], "chi2_level": 0.997, "chi2_df": 3, "chi2_threshold": 13.931422665512084, "N_raw": 36, "N_roi": 36, "N_inlier": 35, "refit": true}
{"timestamp": "19:06:35.105372", "frame": 38, "mu": [-0.2486799853255226, 1.533168644058285, 1.5769803631845798], "Sigma": [[0.00537233224442035, 0.0015484411216178122, 0.0072432877436046685], [0.001548441121617812, 0.0025283878793064974, 0.003039129153761512], [0.00724328774360467, 0.003039129153761513, 0.22080347025640296]], "chi2_level": 0.997, "chi2_df": 3, "chi2_threshold": 13.931422665512084, "N_raw": 40, "N_roi": 40, "N_inlier": 38, "refit": true}
{"timestamp": "19:06:35.161527", "frame": 39, "mu": [-0.22136859452129815, 1.3574901596797309, 1.35592449105886], "Sigma": [[0.00267781254655088, -0.0008093946095237411, -0.0019550129679384203], [-0.0008093946095237411, 0.002785318566050449, -0.0006138105405620614], [-0.0019550129679384207, -0.0006138105405620615, 0.002280316683547865]], "chi2_level": 0.997, "chi2_df": 3, "chi2_threshold": 13.931422665512084, "N_raw": 44, "N_roi": 41, "N_inlier": 38, "refit": true}
{"timestamp": "19:06:35.218603", "frame": 40, "mu": [-0.28498243704001214, 1.50001459406688, -0.17292286589396583], "Sigma": [[0.003921206458008038, 0.001888119294582454, 0.0075779616627587474], [0.0018881192945824539, 0.007272772577324703, 0.006322917346120872], [0.0075779616627587474, 0.006322917346120872, 0.027712525996864606]], "chi2_level": 0.997, "chi2_df": 3, "chi2_threshold": 13.931422665512084, "N_raw": 60, "N_roi": 59, "N_inlier": 56, "refit": true}
{"timestamp": "19:06:35.270666", "frame": 41, "mu": [-0.34698021651328204, 1.416495306354901, 1.421675134835038], "Sigma": [[0.002865171719681615, -0.0006443947166449959, -0.000800620351739456], [-0.0006443947166449959, 0.0026634400560992763, -0.0005158672149794952], [-0.000800620351739456, -0.0005158672149794951, 0.0006234654468185824]], "chi2_level": 0.997, "chi2_df": 3, "chi2_threshold": 13.931422665512084, "N_raw": 39, "N_roi": 36, "N_inlier": 35, "refit": true}
{"timestamp": "19:06:35.328582", "frame": 42, "mu": [-0.399606437829799, 1.4014215346416499, 1.4746382023213223], "Sigma": [[0.0036663800645334605, 5.895625747361472e-05, 0.001044252143028931], [5.895625747361465e-05, 0.004848456913531985, -0.0009879836807122726], [0.001044252143028931, -0.0009879836807122726, 0.0011110738138456644]], "chi2_level": 0.997, "chi2_df": 3, "chi2_threshold": 13.931422665512084, "N_raw": 60, "N_roi": 60, "N_inlier": 56, "refit": true}
{"timestamp": "19:06:35.392400", "frame": 43, "mu": [-0.42412575204855507, 1.4361987868280826, 1.325563703224123], "Sigma": [[0.0049795710731094425, -0.0004965298144144266, -0.007426697112352285], [-0.0004965298144144266, 0.005712648685911155, 0.00048340785028725395], [-0.007426697112352286, 0.0004834078502872546, 0.1617418713932723]], "chi2_level": 0.997, "chi2_df": 3, "chi2_threshold": 13.931422665512084, "N_raw": 116, "N_roi": 116, "N_inlier": 115, "refit": true}
{"timestamp": "19:06:35.441620", "frame": 44, "mu": [-0.457587873951163, 1.4773486946851175, 1.3919064491504989], "Sigma": [[0.0038670181941083946, -0.0002149687627125625, -0.0021163629314743023], [-0.0002149687627125625, 0.0035138817820092342, -0.006169050934946378], [-0.0021163629314743023, -0.006169050934946378, 0.1116691230864273]], "chi2_level": 0.997, "chi2_df": 3, "chi2_threshold": 13.931422665512084, "N_raw": 76, "N_roi": 76, "N_inlier": 74, "refit": true}
{"timestamp": "19:06:35.500009", "frame": 45, "mu": [-0.5282523628370339, 1.4205650055223855, 1.4082254833403387], "Sigma": [[0.005822260595301253, -0.0008215244404960003, -0.00398749170127893], [-0.0008215244404960002, 0.005488399622147204, 0.010467277317338826], [-0.003987491701278929, 0.010467277317338824, 0.10368303592133411]], "chi2_level": 0.997, "chi2_df": 3, "chi2_threshold": 13.931422665512084, "N_raw": 106, "N_roi": 106, "N_inlier": 103, "refit": true}
{"timestamp": "19:06:35.553508", "frame": 46, "mu": [-0.5164882209532096, 1.5570971729831915, -0.35980546140205943], "Sigma": [[0.0051352750669117495, 0.0023739051011425955, -0.007960754894189334], [0.0023739051011425955, 0.005778792299146113, -0.014498232256946762], [-0.007960754894189334, -0.014498232256946762, 0.0821388534660773]], "chi2_level": 0.997, "chi2_df": 3, "chi2_threshold": 13.931422665512084, "N_raw": 92, "N_roi": 92, "N_inlier": 90, "refit": true}
{"timestamp": "19:06:35.607114", "frame": 47, "mu": [-0.5823436853019353, 1.452188980449325, 1.2995293834141755], "Sigma": [[0.005736605051500049, -0.0019076080040920434, -0.004947487917295565], [-0.0019076080040920436, 0.007898703602626098, 0.007719317014381841], [-0.0049474879172955654, 0.007719317014381842, 0.125204374747828]], "chi2_level": 0.997, "chi2_df": 3, "chi2_threshold": 13.931422665512084, "N_raw": 85, "N_roi": 85, "N_inlier": 83, "refit": true}
{"timestamp": "19:06:35.665252", "frame": 48, "mu": [-0.5754821175194628, 1.4617900176322984, 1.3258512113908436], "Sigma": [[0.005502878824648662, 0.0007197911087103558, -0.00386355924009086], [0.0007197911087103556, 0.006040738773888271, 0.014826909052850376], [-0.00386355924009086, 0.014826909052850376, 0.14172486385283517]], "chi2_level": 0.997, "chi2_df": 3, "chi2_threshold": 13.931422665512084, "N_raw": 93, "N_roi": 92, "N_inlier": 90, "refit": true}
{"timestamp": "19:06:35.720019", "frame": 49, "mu": [-0.6290832384027599, 1.5723584062101879, -0.3103226070317997], "Sigma": [[0.006793423882338233, 0.0028845344666934237, -0.008787450025547486], [0.0028845344666934237, 0.007249471380760449, -0.014211324960313642], [-0.008787450025547485, -0.014211324960313642, 0.03656518161761679]], "chi2_level": 0.997, "chi2_df": 3, "chi2_threshold": 13.931422665512084, "N_raw": 97, "N_roi": 97, "N_inlier": 93, "refit": true}
{"timestamp": "19:06:35.776376", "frame": 50, "mu": [-0.6903406485906222, 1.4791177633272972, 1.365290468179871], "Sigma": [[0.006535643242681328, 6.872716813475599e-05, -0.012068369830262504], [6.87271681347558e-05, 0.00592318697938778, 0.0045375721845885755], [-0.012068369830262504, 0.004537572184588576, 0.06067589448960614]], "chi2_level": 0.997, "chi2_df": 3, "chi2_threshold": 13.931422665512084, "N_raw": 80, "N_roi": 80, "N_inlier": 77, "refit": true}
{"timestamp": "19:06:35.827941", "frame": 51, "mu": [-0.7103799749271178, 1.4962923174904976, 1.3497538919384646], "Sigma": [[0.005806802454649993, 0.00021438089316814802, -0.00777454400504618], [0.00021438089316814802, 0.0034845013669274247, -0.00037710182998731495], [-0.00777454400504618, -0.00037710182998731495, 0.059782022695513484]], "chi2_level": 0.997, "chi2_df": 3, "chi2_threshold": 13.931422665512084, "N_raw": 90, "N_roi": 90, "N_inlier": 86, "refit": true}
{"timestamp": "19:06:35.880533", "frame": 52, "mu": [-0.7407663062342429, 1.5462949414360958, 1.4403914744194968], "Sigma": [[0.004580820891630998, 0.002339352834553462, -0.004265797706511602], [0.0023393528345534626, 0.0067240149644963365, 0.004810395151100334], [-0.004265797706511602, 0.004810395151100333, 0.07688385318112652]], "chi2_level": 0.997, "chi2_df": 3, "chi2_threshold": 13.931422665512084, "N_raw": 67, "N_roi": 66, "N_inlier": 63, "refit": true}
{"timestamp": "19:06:35.931458", "frame": 53, "mu": [-0.7361088941703785, 1.6133556246963026, 1.4487593397313159], "Sigma": [[0.0034496036054733207, 0.0013993317911892844, -0.0014289620976254552], [0.0013993317911892844, 0.003975767019976592, 0.00679732621998498], [-0.0014289620976254552, 0.00679732621998498, 0.06034992831617313]], "chi2_level": 0.997, "chi2_df": 3, "chi2_threshold": 13.931422665512084, "N_raw": 47, "N_roi": 47, "N_inlier": 44, "refit": true}
{"timestamp": "19:06:35.986943", "frame": 54, "mu": [-0.7799135260726475, 1.7333555177335098, -0.5968801308626851], "Sigma": [[0.004108399385165753, 0.00715892358572919, 0.0010313223185476003], [0.00715892358572919, 0.04526194242000414, -0.03833111098573769], [0.001031322318547601, -0.03833111098573769, 0.09154412292883882]], "chi2_level": 0.997, "chi2_df": 3, "chi2_threshold": 13.931422665512084, "N_raw": 51, "N_roi": 51, "N_inlier": 51, "refit": true}
{"timestamp": "19:06:36.048377", "frame": 55, "mu": [-0.749767686189583, 1.6068038579599433, 1.0334221483212116], "Sigma": [[0.007409793598272903, -0.0016361722157108517, -0.02331691937284225], [-0.001636172215710852, 0.005505755294332583, 0.013433825677307509], [-0.02331691937284225, 0.013433825677307509, 0.15429903396900616]], "chi2_level": 0.997, "chi2_df": 3, "chi2_threshold": 13.931422665512084, "N_raw": 96, "N_roi": 96, "N_inlier": 93, "refit": true}
{"timestamp": "19:06:36.104997", "frame": 56, "mu": [-0.80454864505681, 1.6244730427211913, 0.9622325253737484], "Sigma": [[0.007285382656316249, -0.001208172617457285, -0.013629042421683894], [-0.0012081726174572854, 0.004979663131925553, 0.022480471145802258], [-0.01362904242168389, 0.022480471145802258, 0.19216313960234363]], "chi2_level": 0.997, "chi2_df": 3, "chi2_threshold": 13.931422665512084, "N_raw": 107, "N_roi": 107, "N_inlier": 107, "refit": true}
{"timestamp": "19:06:36.153465", "frame": 57, "mu": [-0.8126023111113364, 1.7011784437552306, 1.1675482994730038], "Sigma": [[0.0053999979869643775, 0.001572256679108416, 0.0025244677649594325], [0.0015722566791084162, 0.006367332309884798, 0.018302459659615987], [0.002524467764959433, 0.018302459659615987, 0.18566478602606992]], "chi2_level": 0.997, "chi2_df": 3, "chi2_threshold": 13.931422665512084, "N_raw": 55, "N_roi": 55, "N_inlier": 55, "refit": true}
{"timestamp": "19:06:36.215671", "frame": 58, "mu": [-0.8640072273077477, 1.7393995793779315, 1.217594816661907], "Sigma": [[0.009865246741710748, 0.0013497237854844892, 0.007683166719718503], [0.0013497237854844892, 0.006091864626742845, -0.005631289676584685], [0.007683166719718503, -0.005631289676584685, 0.1896605580127981]], "chi2_level": 0.997, "chi2_df": 3, "chi2_threshold": 13.931422665512084, "N_raw": 111, "N_roi": 111, "N_inlier": 110, "refit": true}
{"timestamp": "19:06:36.271661", "frame": 59, "mu": [-0.89429177902058, 1.7668690110320506, 1.1727733558123499], "Sigma": [[0.010056958922585757, 0.0002898211551178973, 0.004327170747859772], [0.0002898211551178974, 0.008686856676811792, -0.028152282883759823], [0.0043271707478597715, -0.028152282883759823, 0.2714000565383741]], "chi2_level": 0.997, "chi2_df": 3, "chi2_threshold": 13.931422665512084, "N_raw": 112, "N_roi": 112, "N_inlier": 111, "refit": true}
{"timestamp": "19:06:36.326495", "frame": 60, "mu": [-0.9290634440579791, 1.8150601343286774, 1.1471198774534324], "Sigma": [[0.015826779589516116, -0.001030755803928705, 0.02974803767608889], [-0.001030755803928705, 0.0065038482135572635, -0.02129577935101254], [0.02974803767608889, -0.02129577935101254, 0.18194496101034127]], "chi2_level": 0.997, "chi2_df": 3, "chi2_threshold": 13.931422665512084, "N_raw": 107, "N_roi": 107, "N_inlier": 105, "refit": true}
{"timestamp": "19:06:36.377025", "frame": 61, "mu": [-0.8338037143056, 1.8447211530791954, 1.321168826678392], "Sigma": [[0.009517217940078912, 0.002296574860928547, -0.00538878009184926], [0.002296574860928547, 0.00402291464611678, -0.0055904484690127805], [-0.00538878009184926, -0.0055904484690127805, 0.022895497823785985]], "chi2_level": 0.997, "chi2_df": 3, "chi2_threshold": 13.931422665512084, "N_raw": 81, "N_roi": 81, "N_inlier": 77, "refit": true}
{"timestamp": "19:06:36.430030", "frame": 62, "mu": [-0.8530211545104163, 1.8757192419247921, 1.3909811877444023], "Sigma": [[0.008267425345361828, 0.0009609669978730075, -0.013234402855815938], [0.0009609669978730075, 0.0031943607865660027, -0.004223615974549387], [-0.013234402855815938, -0.004223615974549387, 0.06084150187195369]], "chi2_level": 0.997, "chi2_df": 3, "chi2_threshold": 13.931422665512084, "N_raw": 76, "N_roi": 76, "N_inlier": 71, "refit": true}
{"timestamp": "19:06:36.477502", "frame": 63, "mu": [-0.9096013930380724, 1.86288768527023, 1.5057443270472985], "Sigma": [[0.0027472160349565544, -0.0005853249969740904, -0.0014237136492179013], [-0.0005853249969740904, 0.0026171023967753127, -0.002177943360662199], [-0.0014237136492179013, -0.002177943360662199, 0.011659228271014418]], "chi2_level": 0.997, "chi2_df": 3, "chi2_threshold": 13.931422665512084, "N_raw": 23, "N_roi": 23, "N_inlier": 21, "refit": true}
{"timestamp": "19:06:36.539805", "frame": 64, "mu": [-0.8476701823642079, 1.9338559416180348, 1.176216535590583], "Sigma": [[0.008362932322571404, -0.0001467813673486287, -0.004524935176143389], [-0.00014678136734862864, 0.002000833299257911, -0.005226984837655111], [-0.004524935176143389, -0.005226984837655111, 0.019878226052201083]], "chi2_level": 0.997, "chi2_df": 3, "chi2_threshold": 13.931422665512084, "N_raw": 72, "N_roi": 72, "N_inlier": 68, "refit": true}
{"timestamp": "19:06:36.592280", "frame": 65, "mu": [-0.9425582645737944, 1.981818630926646, 1.4189531361164327], "Sigma": [[0.005297473351714145, -0.0010359945193837076, -0.0011936018657372064], [-0.0010359945193837076, 0.0038798857927687027, -0.005524134428485059], [-0.0011936018657372064, -0.005524134428485058, 0.014669160193862956]], "chi2_level": 0.997, "chi2_df": 3, "chi2_threshold": 13.931422665512084, "N_raw": 52, "N_roi": 52, "N_inlier": 52, "refit": true}
{"timestamp": "19:06:36.654683", "frame": 66, "mu": [-0.9317456985346235, 2.002328891763817, 1.0916083755851023], "Sigma": [[0.010296066691058826, -0.001237477551615982, -0.01449601320120654], [-0.0012374775516159817, 0.004212635420511575, 0.01571573564502554], [-0.01449601320120654, 0.015715735645025538, 0.20866287949653908]], "chi2_level": 0.997, "chi2_df": 3, "chi2_threshold": 13.931422665512084, "N_raw": 106, "N_roi": 106, "N_inlier": 105, "refit": true}
{"timestamp": "19:06:36.707667", "frame": 67, "mu": [-0.8782300665239763, 2.056209773256185, 1.09679427449583], "Sigma": [[0.0065675520459139705, 0.00010390988740988915, -0.004553901556806584], [0.00010390988740988915, 0.006319263680004448, -0.013113192320792149], [-0.004553901556806583, -0.013113192320792149, 0.23009454238293]], "chi2_level": 0.997, "chi2_df": 3, "chi2_threshold": 13.931422665512084, "N_raw": 80, "N_roi": 80, "N_inlier": 79, "refit": true}
{"timestamp": "19:06:36.769676", "frame": 68, "mu": [-0.9329686898835933, 2.119877472940175, 1.049282932275551], "Sigma": [[0.009243566861124975, 0.0011446421696124768, -0.006201442068184615], [0.001144642169612477, 0.002521110445342971, -0.007730532897588482], [-0.0062014420681846165, -0.007730532897588482, 0.17187327886648732]], "chi2_level": 0.997, "chi2_df": 3, "chi2_threshold": 13.931422665512084, "N_raw": 124, "N_roi": 124, "N_inlier": 122, "refit": true}
{"timestamp": "19:06:36.818435", "frame": 69, "mu": [-0.9714313829159205, 2.1829188076340262, 1.0157045075096782], "Sigma": [[0.007703151956305076, -0.0005520879519733642, -0.004729931154894325], [-0.0005520879519733642, 0.00241572226286561, -0.012084900725299386], [-0.004729931154894326, -0.012084900725299386, 0.1671281953550709]], "chi2_level": 0.997, "chi2_df": 3, "chi2_threshold": 13.931422665512084, "N_raw": 89, "N_roi": 89, "N_inlier": 89, "refit": true}
{"timestamp": "19:06:36.878513", "frame": 70, "mu": [-0.9875000433396066, 2.2154477157798427, 1.064756102881682], "Sigma": [[0.010991365624218518, -0.0016918307919364822, 0.009810967394891335], [-0.0016918307919364822, 0.006520418124999006, -0.020553459030188712], [0.009810967394891335, -0.020553459030188712, 0.20514267729647379]], "chi2_level": 0.997, "chi2_df": 3, "chi2_threshold": 13.931422665512084, "N_raw": 119, "N_roi": 119, "N_inlier": 118, "refit": true}
{"timestamp": "19:06:36.928061", "frame": 71, "mu": [-1.0550305060259344, 2.30938414636949, 1.0723429049836821], "Sigma": [[0.012757889349706878, -0.004308968493139042, 0.015323215926104833], [-0.004308968493139042, 0.010947657634761004, -0.03898730648199753], [0.015323215926104835, -0.038987306481997525, 0.1666580312459259]], "chi2_level": 0.997, "chi2_df": 3, "chi2_threshold": 13.931422665512084, "N_raw": 82, "N_roi": 82, "N_inlier": 79, "refit": true}
{"timestamp": "19:06:36.982573", "frame": 72, "mu": [-1.0211046164130229, 2.369641226238637, 0.9126372184254306], "Sigma": [[0.010117440324514162, -0.0008698190614529612, 0.006520963529017094], [-0.0008698190614529617, 0.01081148221364201, -0.04447979879927753], [0.006520963529017094, -0.04447979879927753, 0.262667330696654]], "chi2_level": 0.997, "chi2_df": 3, "chi2_threshold": 13.931422665512084, "N_raw": 82, "N_roi": 82, "N_inlier": 81, "refit": true}
{"timestamp": "19:06:37.026903", "frame": 73, "mu": [-1.0324242028036148, 2.2772041125835543, 0.6508232730302504], "Sigma": [[0.008682120078253858, -0.0062849578497009735, 0.03681813102893809], [-0.0062849578497009735, 0.021115928470025344, 0.016684929862870172], [0.03681813102893809, 0.016684929862870176, 0.459781151770741]], "chi2_level": 0.997, "chi2_df": 3, "chi2_threshold": 13.931422665512084, "N_raw": 12, "N_roi": 12, "N_inlier": 11, "refit": true}
{"timestamp": "19:06:37.089739", "frame": 74, "mu": [-1.012871028076284, 2.333450466033671, 1.3531797043095386], "Sigma": [[0.01087993762503653, 0.002272675247918803, -0.0017801725880315152], [0.0022726752479188027, 0.005348076602436478, -0.009193101364963591], [-0.001780172588031515, -0.00919310136496359, 0.020025519104310958]], "chi2_level": 0.997, "chi2_df": 3, "chi2_threshold": 13.931422665512084, "N_raw": 77, "N_roi": 76, "N_inlier": 74, "refit": true}
{"timestamp": "19:06:37.142701", "frame": 75, "mu": [-0.9510323678537312, 2.3724209143578245, 1.4209064561471043], "Sigma": [[0.009649858867707447, 0.002347210778596175, -0.007729574996314854], [0.002347210778596175, 0.0051007352977460564, -0.005100302570193843], [-0.007729574996314854, -0.005100302570193843, 0.01172073481020146]], "chi2_level": 0.997, "chi2_df": 3, "chi2_threshold": 13.931422665512084, "N_raw": 57, "N_roi": 57, "N_inlier": 52, "refit": true}
{"timestamp": "19:06:37.196005", "frame": 76, "mu": [-1.0727870168269191, 2.468754072965251, 0.7533491540506988], "Sigma": [[0.010393504794297395, -0.0006611006874157467, 0.01803626085614498], [-0.0006611006874157464, 0.008574167678291047, -0.0384636568799938], [0.018036260856144983, -0.0384636568799938, 0.3097581894927239]], "chi2_level": 0.997, "chi2_df": 3, "chi2_threshold": 13.931422665512084, "N_raw": 47, "N_roi": 47, "N_inlier": 47, "refit": true}
{"timestamp": "19:06:37.257772", "frame": 77, "mu": [-0.9990116023552233, 2.463196748380905, 1.2103048294892067], "Sigma": [[0.01727161418553421, 0.004370720677629409, 0.020171605416486205], [0.004370720677629409, 0.006015060401011862, 0.002430148306587623], [0.020171605416486205, 0.0024301483065876225, 0.16315526718900633]], "chi2_level": 0.997, "chi2_df": 3, "chi2_threshold": 13.931422665512084, "N_raw": 90, "N_roi": 90, "N_inlier": 90, "refit": true}
{"timestamp": "19:06:37.314709", "frame": 78, "mu": [-1.00531161228684, 2.626625219166066, 0.1748856697849809], "Sigma": [[0.021224293089411574, -0.010080806035889752, 0.08848262410472996], [-0.01008080603588975, 0.019642643833680237, -0.07144790104373169], [0.08848262410472996, -0.07144790104373169, 0.5538695485866627]], "chi2_level": 0.997, "chi2_df": 3, "chi2_threshold": 13.931422665512084, "N_raw": 96, "N_roi": 96, "N_inlier": 95, "refit": true}
{"timestamp": "19:06:37.366007", "frame": 79, "mu": [-0.9606634921231286, 2.5638240842231252, 1.4023542434055405], "Sigma": [[0.012300563727594855, 0.002679129353836981, -0.01091046026790201], [0.002679129353836981, 0.006141028517363251, -0.010298927108887291], [-0.01091046026790201, -0.010298927108887291, 0.026924463402921296]], "chi2_level": 0.997, "chi2_df": 3, "chi2_threshold": 13.931422665512084, "N_raw": 75, "N_roi": 75, "N_inlier": 71, "refit": true}
{"timestamp": "19:06:37.418263", "frame": 80, "mu": [-0.9074368010409578, 2.6529834471728395, 1.0588939622071738], "Sigma": [[0.012172237135542292, 0.0011608747420608421, 0.0016999468892757315], [0.0011608747420608421, 0.003971345630879823, -0.01033038430788533], [0.001699946889275732, -0.01033038430788533, 0.052590660999627684]], "chi2_level": 0.997, "chi2_df": 3, "chi2_threshold": 13.931422665512084, "N_raw": 55, "N_roi": 55, "N_inlier": 53, "refit": true}
{"timestamp": "19:06:37.483273", "frame": 81, "mu": [-1.0776030742694207, 2.6919736255582136, 0.9601498922314712], "Sigma": [[0.040415634783480134, -0.0072640189870828275, 0.03882044621898186], [-0.0072640189870828275, 0.006708409486008313, -0.023129793363230965], [0.03882044621898186, -0.023129793363230965, 0.107000347553255]], "chi2_level": 0.997, "chi2_df": 3, "chi2_threshold": 13.931422665512084, "N_raw": 123, "N_roi": 123, "N_inlier": 121, "refit": true}
{"timestamp": "19:06:37.527675", "frame": 82, "mu": [-1.05343760980388, 2.742368536931875, 1.0910151416558498], "Sigma": [[0.01706888012467811, -0.00787353866350636, 0.03227573264617316], [-0.00787353866350636, 0.009313518966032558, -0.043363668325546396], [0.03227573264617316, -0.043363668325546396, 0.24150430420225513]], "chi2_level": 0.997, "chi2_df": 3, "chi2_threshold": 13.931422665512084, "N_raw": 45, "N_roi": 45, "N_inlier": 45, "refit": true}
{"timestamp": "19:06:37.582511", "frame": 83, "mu": [-1.0206070386366388, 2.8134277658380715, 1.0216128562248712], "Sigma": [[0.01263881448177798, -0.005915428919270123, 0.02134745672139947], [-0.005915428919270124, 0.01027603089088205, -0.04598875707467984], [0.02134745672139947, -0.04598875707467984, 0.22924758754544727]], "chi2_level": 0.997, "chi2_df": 3, "chi2_threshold": 13.931422665512084, "N_raw": 55, "N_roi": 55, "N_inlier": 54, "refit": true}
{"timestamp": "19:06:37.635231", "frame": 84, "mu": [-0.9749843214863148, 2.7391012381599897, 1.38572440038662], "Sigma": [[0.007658933396482418, 0.001016638126786255, -0.00902348242285102], [0.001016638126786255, 0.0028405181726829823, -0.008472402783823791], [-0.00902348242285102, -0.008472402783823791, 0.04827861165712114]], "chi2_level": 0.997, "chi2_df": 3, "chi2_threshold": 13.931422665512084, "N_raw": 37, "N_roi": 37, "N_inlier": 34, "refit": true}
{"timestamp": "19:06:37.685229", "frame": 85, "mu": [-0.9692633272971775, 2.7608684800042074, 0.9117719750320165], "Sigma": [[0.0016532429146016959, -0.0007109579113679448, 0.01967317614983167], [-0.0007109579113679448, 0.006358687732533269, 0.0012178297762137805], [0.01967317614983167, 0.0012178297762137813, 0.4289842827746813]], "chi2_level": 0.997, "chi2_df": 3, "chi2_threshold": 13.931422665512084, "N_raw": 9, "N_roi": 9, "N_inlier": 9, "refit": true}
{"timestamp": "19:06:37.746013", "frame": 86, "mu": [-0.9603740438552671, 2.7627532595751503, 1.4583384538851396], "Sigma": [[0.010373665238008138, 0.0019825370111505075, -0.005033247193144275], [0.0019825370111505075, 0.00324193547902814, -0.0036495159854346717], [-0.005033247193144274, -0.0036495159854346717, 0.00765079581299287]], "chi2_level": 0.997, "chi2_df": 3, "chi2_threshold": 13.931422665512084, "N_raw": 42, "N_roi": 42, "N_inlier": 39, "refit": true}
{"timestamp": "19:06:37.797349", "frame": 87, "mu": [-0.9466524973665696, 2.798050384892998, 1.3515289861163544], "Sigma": [[0.004572230387410675, 0.0006841520654327735, -0.0012046117042064544], [0.0006841520654327735, 0.0018799000262517697, -0.005678217598071357], [-0.0012046117042064544, -0.005678217598071357, 0.08945933132062517]], "chi2_level": 0.997, "chi2_df": 3, "chi2_threshold": 13.931422665512084, "N_raw": 24, "N_roi": 24, "N_inlier": 23, "refit": true}
