{"timestamp": "17:49:43.344709", "frame": 1, "mu": [1.1384799971674995, 1.1069149626996928, 0.9305890619859192], "Sigma": [[0.0025358939946443946, -0.002748632627287333, -0.010039076323617412], [-0.002748632627287333, 0.009596252250517369, 0.031162896942385485], [-0.010039076323617412, 0.03116289694238549, 0.1357487922849234]], "chi2_level": 0.997, "chi2_df": 3, "chi2_threshold": 13.931422665512084, "N_raw": 19, "N_roi": 19, "N_inlier": 19, "refit": true}
{"timestamp": "17:49:43.399816", "frame": 2, "mu": [1.1033440990507466, 1.126451046420154, 0.9079798067499745], "Sigma": [[0.003163771546275328, -0.0026445726377325542, -0.006800160785144653], [-0.0026445726377325547, 0.010415353021999552, 0.030177780919438076], [-0.006800160785144653, 0.030177780919438072, 0.12226179020170504]], "chi2_level": 0.997, "chi2_df": 3, "chi2_threshold": 13.931422665512084, "N_raw": 24, "N_roi": 24, "N_inlier": 24, "refit": true}
{"timestamp": "17:49:43.454027", "frame": 3, "mu": [1.1231871042471293, 1.23044084142494, 1.3789518680134218], "Sigma": [[0.0015377362735092134, 0.00033226903862689254, 0.0029460293731959197], [0.00033226903862689254, 0.00355815398776788, 0.013895058173088472], [0.0029460293731959197, 0.013895058173088472, 0.14310080829868418]], "chi2_level": 0.997, "chi2_df": 3, "chi2_threshold": 13.931422665512084, "N_raw": 19, "N_roi": 19, "N_inlier": 19, "refit": true}
{"timestamp": "17:49:43.510118", "frame": 4, "mu": [1.1206218546287525, 1.2740768245332394, 1.5277236043114386], "Sigma": [[0.0050114249850798775, -0.003882809584939233, -0.013594522174359426], [-0.0038828095849392334, 0.005693831644761005, 0.015085959042855226], [-0.013594522174359426, 0.015085959042855226, 0.07994625376385206]], "chi2_level": 0.997, "chi2_df": 3, "chi2_threshold": 13.931422665512084, "N_raw": 28, "N_roi": 28, "N_inlier": 28, "refit": true}
{"timestamp": "17:49:43.562493", "frame": 5, "mu": [1.148495779967948, 1.2872926995707386, 1.4237511645035468], "Sigma": [[0.0025403041288540994, 0.001007940556846384, -0.011612798629891516], [0.0010079405568463842, 0.005675633441912389, 0.0043712323794665945], [-0.011612798629891516, 0.0043712323794665945, 0.16176476055221536]], "chi2_level": 0.997, "chi2_df": 3, "chi2_threshold": 13.931422665512084, "N_raw": 7, "N_roi": 7, "N_inlier": 7, "refit": true}
{"timestamp": "17:49:43.617173", "frame": 6, "mu": [1.1471892540863595, 1.3356379268229313, 1.42256285377099], "Sigma": [[0.002312150569383298, 0.0030060263768165764, -0.0108445034236927], [0.0030060263768165764, 0.004271055593600464, -0.016344374941036296], [-0.0108445034236927, -0.016344374941036296, 0.1303569862462964]], "chi2_level": 0.997, "chi2_df": 3, "chi2_threshold": 13.931422665512084, "N_raw": 7, "N_roi": 7, "N_inlier": 7, "refit": true}
{"timestamp": "17:49:43.837547", "frame": 10, "mu": [1.031968940426133, 1.1375071562939754, 1.1657532840158633], "Sigma": [[0.11730708500546849, 0.11175232688480083, -0.14387483128246106], [0.11175232688480084, 0.13697348599137538, -0.0958610260172361], [-0.14387483128246106, -0.0958610260172361, 0.2530685062094333]], "chi2_level": 0.997, "chi2_df": 3, "chi2_threshold": 13.931422665512084, "N_raw": 8, "N_roi": 8, "N_inlier": 8, "refit": true}
{"timestamp": "17:49:44.443522", "frame": 21, "mu": [1.231872859884679, 1.1929266581730107, 1.014714078878882], "Sigma": [[0.0032028800963973753, -0.0006242731716101719, -0.0032076668639041696], [-0.0006242731716101719, 0.0009657722210842874, 0.0006352829205969584], [-0.0032076668639041696, 0.0006352829205969585, 0.0048062296626825525]], "chi2_level": 0.997, "chi2_df": 3, "chi2_threshold": 13.931422665512084, "N_raw": 11, "N_roi": 11, "N_inlier": 10, "refit": true}
{"timestamp": "17:49:44.560948", "frame": 23, "mu": [1.1116249818009778, 1.4245653039150958, -0.2842555932640525], "Sigma": [[0.0031471500451906785, -0.001116235548680042, -0.004309920737615278], [-0.001116235548680042, 0.002725402827932599, -0.0033187958603376746], [-0.004309920737615278, -0.0033187958603376746, 0.018458522126429608]], "chi2_level": 0.997, "chi2_df": 3, "chi2_threshold": 13.931422665512084, "N_raw": 35, "N_roi": 35, "N_inlier": 31, "refit": true}
{"timestamp": "17:49:44.607320", "frame": 24, "mu": [1.1433230679092876, 1.214894775591052, 0.7508108313982816], "Sigma": [[0.00817117447172233, -0.010763652872622686, -0.03747889721133413], [-0.010763652872622684, 0.024194870742553356, 0.08509164519128577], [-0.03747889721133413, 0.08509164519128577, 0.38878119369207476]], "chi2_level": 0.997, "chi2_df": 3, "chi2_threshold": 13.931422665512084, "N_raw": 10, "N_roi": 10, "N_inlier": 10, "refit": true}
{"timestamp": "17:49:44.661620", "frame": 25, "mu": [1.0584981775511024, 1.35820764532121, 1.3984856500524434], "Sigma": [[0.006632587986537106, -0.0014153011976078427, -0.01952688712463597], [-0.0014153011976078427, 0.0017292825888024414, 0.004963817850514244], [-0.019526887124635975, 0.004963817850514245, 0.06074337569281444]], "chi2_level": 0.997, "chi2_df": 3, "chi2_threshold": 13.931422665512084, "N_raw": 7, "N_roi": 7, "N_inlier": 7, "refit": true}
{"timestamp": "17:49:44.776026", "frame": 27, "mu": [0.979490135839868, 1.29068526555365, 1.3646465703448263], "Sigma": [[0.005949171160348317, 0.00323730696149911, 0.02627016026631591], [0.0032373069614991096, 0.008589785521471474, 0.038767528369935925], [0.02627016026631591, 0.038767528369935925, 0.29963994653775233]], "chi2_level": 0.997, "chi2_df": 3, "chi2_threshold": 13.931422665512084, "N_raw": 35, "N_roi": 35, "N_inlier": 35, "refit": true}
{"timestamp": "17:49:44.829014", "frame": 28, "mu": [1.040074273532519, 1.227301312731635, 1.1722617016164785], "Sigma": [[0.010524082113141231, -0.01663398219019086, -0.05130825917365319], [-0.01663398219019086, 0.047398663216972836, 0.11436553751875726], [-0.051308259173653184, 0.11436553751875725, 0.31218908724828476]], "chi2_level": 0.997, "chi2_df": 3, "chi2_threshold": 13.931422665512084, "N_raw": 7, "N_roi": 7, "N_inlier": 7, "refit": true}
{"timestamp": "17:49:44.885442", "frame": 29, "mu": [1.0556272520923018, 1.16755005600934, 1.002445927056582], "Sigma": [[0.004061574746624834, -0.005477022957657859, -0.028812668081735715], [-0.005477022957657857, 0.03741113648710264, 0.12176702923752107], [-0.028812668081735715, 0.12176702923752107, 0.4384252773828013]], "chi2_level": 0.997, "chi2_df": 3, "chi2_threshold": 13.931422665512084, "N_raw": 11, "N_roi": 11, "N_inlier": 10, "refit": true}
{"timestamp": "17:49:44.939076", "frame": 30, "mu": [0.8856179444169042, 1.4329267965318346, -0.2929578637846718], "Sigma": [[0.006372614577583717, -0.001353363931024429, 0.015532598938454496], [-0.001353363931024429, 0.014015268973285148, -0.04191587719746216], [0.015532598938454496, -0.041915877197462155, 0.1491861460392105]], "chi2_level": 0.997, "chi2_df": 3, "chi2_threshold": 13.931422665512084, "N_raw": 7, "N_roi": 7, "N_inlier": 7, "refit": true}
{"timestamp": "17:49:44.998831", "frame": 31, "mu": [0.8839841936516414, 1.2614555982111295, 1.4999891914490204], "Sigma": [[0.004702449052047177, -0.0012681217427257107, -0.006982176141442344], [-0.0012681217427257109, 0.004034813159021665, 0.0016297017121636392], [-0.006982176141442344, 0.0016297017121636392, 0.016960913936809104]], "chi2_level": 0.997, "chi2_df": 3, "chi2_threshold": 13.931422665512084, "N_raw": 40, "N_roi": 40, "N_inlier": 39, "refit": true}
{"timestamp": "17:49:45.052789", "frame": 32, "mu": [0.8119895254285123, 1.3652172485199985, -0.364136309045683], "Sigma": [[0.013544928384819783, -0.003723514964061334, 0.012001647687905959], [-0.003723514964061334, 0.015503529337593833, -0.05791176290745937], [0.012001647687905959, -0.05791176290745937, 0.24697486904070856]], "chi2_level": 0.997, "chi2_df": 3, "chi2_threshold": 13.931422665512084, "N_raw": 23, "N_roi": 23, "N_inlier": 23, "refit": true}
{"timestamp": "17:49:45.166714", "frame": 34, "mu": [0.8221828671004889, 1.2957076240281309, -0.28418746818196394], "Sigma": [[0.004813141349270405, 0.0008257051838024403, -0.01002089945810472], [0.0008257051838024403, 0.004995649904267756, -0.005307560823999752], [-0.01002089945810472, -0.005307560823999752, 0.02764551021654102]], "chi2_level": 0.997, "chi2_df": 3, "chi2_threshold": 13.931422665512084, "N_raw": 55, "N_roi": 55, "N_inlier": 51, "refit": true}
{"timestamp": "17:49:45.220271", "frame": 35, "mu": [0.7529351428926946, 1.2634310510199909, -0.16548821879059103], "Sigma": [[0.006926830260965479, -2.225980717734803e-05, -0.006192698489229937], [-2.225980717734807e-05, 0.0030366898747072536, 0.0008968306390760734], [-0.006192698489229937, 0.0008968306390760732, 0.006092363991538514]], "chi2_level": 0.997, "chi2_df": 3, "chi2_threshold": 13.931422665512084, "N_raw": 51, "N_roi": 51, "N_inlier": 50, "refit": true}
{"timestamp": "17:49:45.276111", "frame": 36, "mu": [0.7211473870972233, 1.2685121610586194, -0.17986578274428955], "Sigma": [[0.004865665291299659, 0.00013624540140886845, -0.005602081308905276], [0.00013624540140886847, 0.003116465832581514, -0.0018210680119475479], [-0.005602081308905276, -0.0018210680119475479, 0.009626383447152253]], "chi2_level": 0.997, "chi2_df": 3, "chi2_threshold": 13.931422665512084, "N_raw": 52, "N_roi": 52, "N_inlier": 50, "refit": true}
{"timestamp": "17:49:45.327180", "frame": 37, "mu": [0.7079517558773927, 1.0940267062714055, 1.3978162641101484], "Sigma": [[0.002457899212496539, -0.0025433784558323382, -0.006161497534291406], [-0.0025433784558323382, 0.0043052705168960355, 0.006911189616505178], [-0.006161497534291407, 0.006911189616505179, 0.02517503153569185]], "chi2_level": 0.997, "chi2_df": 3, "chi2_threshold": 13.931422665512084, "N_raw": 24, "N_roi": 24, "N_inlier": 24, "refit": true}
{"timestamp": "17:49:45.381996", "frame": 38, "mu": [0.6796983403517048, 1.1149319921054894, 1.3059414056730945], "Sigma": [[0.0037564875914265937, -0.0005335976963998257, -0.011442233774441417], [-0.0005335976963998257, 0.0019513229135632707, 0.0004012911668302001], [-0.011442233774441417, 0.0004012911668302003, 0.19639818304329837]], "chi2_level": 0.997, "chi2_df": 3, "chi2_threshold": 13.931422665512084, "N_raw": 29, "N_roi": 29, "N_inlier": 29, "refit": true}
{"timestamp": "17:49:45.443200", "frame": 39, "mu": [0.5967004679208183, 1.1894471214567195, 1.510346870829858], "Sigma": [[0.004133527999261534, -0.0009479262119837353, -0.003163701191730344], [-0.0009479262119837354, 0.0034752628448489744, -0.0022037469329523624], [-0.003163701191730344, -0.0022037469329523624, 0.005561921569186965]], "chi2_level": 0.997, "chi2_df": 3, "chi2_threshold": 13.931422665512084, "N_raw": 65, "N_roi": 65, "N_inlier": 59, "refit": true}
{"timestamp": "17:49:45.496417", "frame": 40, "mu": [0.5594522534848386, 1.2284152348557569, -0.17550113908767176], "Sigma": [[0.003039361534699912, -0.000591197277792188, 0.00146342531782392], [-0.000591197277792188, 0.009368777646700462, -0.02067503654715081], [0.00146342531782392, -0.020675036547150808, 0.06483252946424989]], "chi2_level": 0.997, "chi2_df": 3, "chi2_threshold": 13.931422665512084, "N_raw": 45, "N_roi": 45, "N_inlier": 43, "refit": true}
{"timestamp": "17:49:45.550202", "frame": 41, "mu": [0.47938538932903185, 1.08094428254456, 1.0664551366897164], "Sigma": [[0.006898576220547821, 0.0006528986065069734, 0.030428995262270265], [0.0006528986065069734, 0.015528474545072182, 0.013615374283940187], [0.030428995262270265, 0.013615374283940187, 0.1847475557490559]], "chi2_level": 0.997, "chi2_df": 3, "chi2_threshold": 13.931422665512084, "N_raw": 48, "N_roi": 48, "N_inlier": 47, "refit": true}
{"timestamp": "17:49:45.607254", "frame": 42, "mu": [0.48205119914077144, 1.086826993631359, 1.3336732017702209], "Sigma": [[0.0029763860397317558, -0.0017254610284657527, -0.002847274476143178], [-0.0017254610284657525, 0.008106692243892414, 0.00497545301247021], [-0.002847274476143178, 0.00497545301247021, 0.022712595604252612]], "chi2_level": 0.997, "chi2_df": 3, "chi2_threshold": 13.931422665512084, "N_raw": 60, "N_roi": 60, "N_inlier": 57, "refit": true}
{"timestamp": "17:49:45.662968", "frame": 43, "mu": [0.4488474136281813, 1.2663246185017605, -0.250154753470495], "Sigma": [[0.0038688148422404795, -0.0007836284329531782, -0.0021798129816233795], [-0.000783628432953178, 0.00792181472892381, -0.0030040858869403784], [-0.0021798129816233795, -0.0030040858869403784, 0.027519841688191733]], "chi2_level": 0.997, "chi2_df": 3, "chi2_threshold": 13.931422665512084, "N_raw": 64, "N_roi": 64, "N_inlier": 60, "refit": true}
{"timestamp": "17:49:45.716394", "frame": 44, "mu": [0.40680027844498245, 1.0737171636046432, 1.2844475206962338], "Sigma": [[0.0031185151520388226, -0.0008370491383278011, -0.0020349098171360837], [-0.000837049138327801, 0.003795471741125842, -0.0016250402227746786], [-0.0020349098171360837, -0.0016250402227746788, 0.0030302388364055284]], "chi2_level": 0.997, "chi2_df": 3, "chi2_threshold": 13.931422665512084, "N_raw": 57, "N_roi": 57, "N_inlier": 54, "refit": true}
{"timestamp": "17:49:45.772289", "frame": 45, "mu": [0.34610839804014487, 1.2245573738694464, -0.2688509306937924], "Sigma": [[0.004690952079750185, -0.0009438103869155196, -0.001628239650920901], [-0.0009438103869155196, 0.004274747432021199, -0.0027552542439849862], [-0.0016282396509209012, -0.0027552542439849862, 0.03429859570524494]], "chi2_level": 0.997, "chi2_df": 3, "chi2_threshold": 13.931422665512084, "N_raw": 59, "N_roi": 58, "N_inlier": 55, "refit": true}
{"timestamp": "17:49:45.828051", "frame": 46, "mu": [0.2602337048791294, 1.1965123186513358, 1.5925827642568766], "Sigma": [[0.0023881484141179674, -0.00018580858187181872, -0.0018828615251725968], [-0.00018580858187181872, 0.004889615755047912, -0.0015194669404573775], [-0.0018828615251725968, -0.0015194669404573775, 0.002233444493406362]], "chi2_level": 0.997, "chi2_df": 3, "chi2_threshold": 13.931422665512084, "N_raw": 60, "N_roi": 60, "N_inlier": 55, "refit": true}
{"timestamp": "17:49:45.887123", "frame": 47, "mu": [0.21245015720339339, 1.2483956512572187, 1.6050933565841556], "Sigma": [[0.00466825690127379, 0.0007335030613193721, -0.004990292986917737], [0.000733503061319372, 0.004043284987432369, -0.003815327003317717], [-0.004990292986917737, -0.003815327003317716, 0.017691093538502532]], "chi2_level": 0.997, "chi2_df": 3, "chi2_threshold": 13.931422665512084, "N_raw": 89, "N_roi": 89, "N_inlier": 86, "refit": true}
{"timestamp": "17:49:45.939285", "frame": 48, "mu": [0.1732457470807636, 1.2009954380269654, 1.5970437929035417], "Sigma": [[0.0029013283608042327, -0.0004798656841010862, -0.002382005602458299], [-0.00047986568410108616, 0.006507399654632017, -0.0011982456473393268], [-0.002382005602458299, -0.0011982456473393268, 0.0026910002321995606]], "chi2_level": 0.997, "chi2_df": 3, "chi2_threshold": 13.931422665512084, "N_raw": 69, "N_roi": 69, "N_inlier": 69, "refit": true}
{"timestamp": "17:49:45.992827", "frame": 49, "mu": [0.13288960669696637, 1.27918667021688, -0.07163402173487747], "Sigma": [[0.0033116243833313107, 0.00039685674199944757, -0.0021659840318492235], [0.00039685674199944757, 0.004935946301581155, 0.0001242006744066702], [-0.0021659840318492235, 0.0001242006744066702, 0.001719610090957467]], "chi2_level": 0.997, "chi2_df": 3, "chi2_threshold": 13.931422665512084, "N_raw": 64, "N_roi": 64, "N_inlier": 62, "refit": true}
{"timestamp": "17:49:46.048404", "frame": 50, "mu": [0.09372681751586391, 1.2271467079799885, 1.554279270177266], "Sigma": [[0.002687136240307764, 0.0005779903930309033, -0.0007869670595941583], [0.0005779903930309032, 0.004355431053741517, -0.004110687608968361], [-0.0007869670595941582, -0.004110687608968361, 0.005927561374019075]], "chi2_level": 0.997, "chi2_df": 3, "chi2_threshold": 13.931422665512084, "N_raw": 70, "N_roi": 70, "N_inlier": 66, "refit": true}
{"timestamp": "17:49:46.101342", "frame": 51, "mu": [0.05974618328592024, 1.2738498639630633, -0.08545160373862927], "Sigma": [[0.0034143811853485926, 0.0013531434635209282, -0.000613399856177021], [0.001353143463520928, 0.004245792453220365, -0.00041493286790052837], [-0.000613399856177021, -0.00041493286790052837, 0.005728057089504722]], "chi2_level": 0.997, "chi2_df": 3, "chi2_threshold": 13.931422665512084, "N_raw": 54, "N_roi": 54, "N_inlier": 53, "refit": true}
{"timestamp": "17:49:46.152761", "frame": 52, "mu": [-0.03461981682379556, 1.3453474604900628, -0.683559776885117], "Sigma": [[0.010032291955484255, -0.008670935895233534, 0.03109308945905131], [-0.008670935895233534, 0.009649408515951042, -0.028094086637590943], [0.03109308945905131, -0.028094086637590943, 0.12814634472896744]], "chi2_level": 0.997, "chi2_df": 3, "chi2_threshold": 13.931422665512084, "N_raw": 28, "N_roi": 28, "N_inlier": 28, "refit": true}
{"timestamp": "17:49:46.210705", "frame": 53, "mu": [-0.04471846015341016, 1.1908402826333422, 1.4705028699447378], "Sigma": [[0.0024304689724821754, 0.0006444130595135094, -0.0006700444398499753], [0.0006444130595135094, 0.0029196573050971775, -0.0030545275244357375], [-0.0006700444398499753, -0.0030545275244357375, 0.0034234088050693274]], "chi2_level": 0.997, "chi2_df": 3, "chi2_threshold": 13.931422665512084, "N_raw": 53, "N_roi": 53, "N_inlier": 50, "refit": true}
{"timestamp": "17:49:46.261394", "frame": 54, "mu": [-0.030756404375235816, 1.0965342023315605, 0.9867780034092459], "Sigma": [[0.0013371944833836288, -0.0008605441857573914, -0.004225586847094408], [-0.0008605441857573914, 0.004336660970210152, 0.005036949883170003], [-0.004225586847094408, 0.005036949883170003, 0.047988971577686286]], "chi2_level": 0.997, "chi2_df": 3, "chi2_threshold": 13.931422665512084, "N_raw": 16, "N_roi": 16, "N_inlier": 16, "refit": true}
{"timestamp": "17:49:46.322738", "frame": 55, "mu": [-0.09961225947705842, 1.1092848162588356, 1.2035984454452082], "Sigma": [[0.002066225969723754, -0.0010439763507983433, -0.005289650470500675], [-0.0010439763507983436, 0.009600197420026463, 0.02839902139622211], [-0.005289650470500675, 0.02839902139622211, 0.14009205832456303]], "chi2_level": 0.997, "chi2_df": 3, "chi2_threshold": 13.931422665512084, "N_raw": 64, "N_roi": 64, "N_inlier": 64, "refit": true}
{"timestamp": "17:49:46.377412", "frame": 56, "mu": [-0.17508529553958652, 1.1259317219555616, 1.3654729723872263], "Sigma": [[0.00602154389910213, -0.00562767901913316, -0.023980161210195496], [-0.00562767901913316, 0.010654181152870073, 0.033802511974050896], [-0.0239801612101955, 0.033802511974050896, 0.15099565006044482]], "chi2_level": 0.997, "chi2_df": 3, "chi2_threshold": 13.931422665512084, "N_raw": 63, "N_roi": 63, "N_inlier": 63, "refit": true}
{"timestamp": "17:49:46.436305", "frame": 57, "mu": [-0.24367678934453227, 1.0683191218406731, 1.2298117322009288], "Sigma": [[0.004103856548162684, -0.0024995766170268557, -0.012569037172277267], [-0.0024995766170268557, 0.0044243007868305295, 0.010293416524263407], [-0.012569037172277267, 0.010293416524263407, 0.07378711805997076]], "chi2_level": 0.997, "chi2_df": 3, "chi2_threshold": 13.931422665512084, "N_raw": 79, "N_roi": 79, "N_inlier": 76, "refit": true}
{"timestamp": "17:49:46.494759", "frame": 58, "mu": [-0.29721913544788714, 1.123521661081575, 1.3013085889879479], "Sigma": [[0.0036146670720198547, -0.003938364628485844, -0.012962880207247878], [-0.003938364628485845, 0.011439847039890627, 0.027198089737852548], [-0.012962880207247878, 0.027198089737852548, 0.11483342903390316]], "chi2_level": 0.997, "chi2_df": 3, "chi2_threshold": 13.931422665512084, "N_raw": 99, "N_roi": 99, "N_inlier": 96, "refit": true}
{"timestamp": "17:49:46.542318", "frame": 59, "mu": [-0.4030237745355869, 1.1539446123945167, 1.579828717313177], "Sigma": [[0.0028290663201712514, -0.0006692154625456158, -0.00254447897264932], [-0.0006692154625456158, 0.0043847570540867485, 0.00033825099180248303], [-0.0025444789726493202, 0.0003382509918024841, 0.01771978819786645]], "chi2_level": 0.997, "chi2_df": 3, "chi2_threshold": 13.931422665512084, "N_raw": 62, "N_roi": 59, "N_inlier": 57, "refit": true}
{"timestamp": "17:49:46.596444", "frame": 60, "mu": [-0.4654874147904779, 1.1295719317591926, 1.640031769697267], "Sigma": [[0.003448994155838863, -0.00033460137760065725, -0.0023721435052189545], [-0.00033460137760065714, 0.003529128299101448, -0.001999847035015826], [-0.0023721435052189545, -0.001999847035015826, 0.005113321262514251]], "chi2_level": 0.997, "chi2_df": 3, "chi2_threshold": 13.931422665512084, "N_raw": 50, "N_roi": 50, "N_inlier": 47, "refit": true}
{"timestamp": "17:49:46.654076", "frame": 61, "mu": [-0.4875329840783508, 1.181957215265741, -0.2576987386149246], "Sigma": [[0.003830855414385273, 0.0019305351086264637, 0.0032219120178386875], [0.0019305351086264637, 0.011016180997796806, 0.002485911986305949], [0.0032219120178386875, 0.002485911986305949, 0.016810574456382843]], "chi2_level": 0.997, "chi2_df": 3, "chi2_threshold": 13.931422665512084, "N_raw": 64, "N_roi": 64, "N_inlier": 63, "refit": true}
{"timestamp": "17:49:46.707341", "frame": 62, "mu": [-0.4368977746660278, 1.1264081668036032, 1.1433154507772716], "Sigma": [[0.004805272882912774, -0.0013996672098649438, -0.011322302310449884], [-0.0013996672098649436, 0.0045521470164685916, 0.014602156131590181], [-0.011322302310449884, 0.014602156131590178, 0.0928774918108054]], "chi2_level": 0.997, "chi2_df": 3, "chi2_threshold": 13.931422665512084, "N_raw": 63, "N_roi": 63, "N_inlier": 62, "refit": true}
{"timestamp": "17:49:46.765446", "frame": 63, "mu": [-0.570062957632182, 1.146451247552326, 1.5215339523555398], "Sigma": [[0.004298188930520494, 0.000259969734095517, -0.002384005553992423], [0.00025996973409551704, 0.004907184271359609, -0.0016224211102053015], [-0.002384005553992423, -0.0016224211102053012, 0.012186314803298707]], "chi2_level": 0.997, "chi2_df": 3, "chi2_threshold": 13.931422665512084, "N_raw": 72, "N_roi": 72, "N_inlier": 68, "refit": true}
{"timestamp": "17:49:46.812377", "frame": 64, "mu": [-0.675776810419731, 1.1215164995474647, 1.6328663729946957], "Sigma": [[0.0035688403741084627, -3.126457227205638e-06, -0.0072726605732645186], [-3.126457227205665e-06, 0.001228981584202367, -0.0002823742494079712], [-0.0072726605732645186, -0.0002823742494079711, 0.03567113090714401]], "chi2_level": 0.997, "chi2_df": 3, "chi2_threshold": 13.931422665512084, "N_raw": 25, "N_roi": 25, "N_inlier": 24, "refit": true}
{"timestamp": "17:49:46.876418", "frame": 65, "mu": [-0.6971669180433531, 1.188146243443525, 1.5260364010802976], "Sigma": [[0.00492502920505448, 0.0013535536867928166, -0.0017877072339395413], [0.0013535536867928164, 0.003774903666353898, -0.008231852075216383], [-0.0017877072339395415, -0.008231852075216383, 0.024894654707690193]], "chi2_level": 0.997, "chi2_df": 3, "chi2_threshold": 13.931422665512084, "N_raw": 90, "N_roi": 90, "N_inlier": 85, "refit": true}
{"timestamp": "17:49:46.926999", "frame": 66, "mu": [-0.7124630985026803, 1.2140944537058915, 1.590417404660293], "Sigma": [[0.0035015255645923352, 0.0002945103525369547, -0.00814578810843209], [0.0002945103525369548, 0.005394604424516484, 0.002572647852523507], [-0.008145788108432092, 0.002572647852523507, 0.04699475094283443]], "chi2_level": 0.997, "chi2_df": 3, "chi2_threshold": 13.931422665512084, "N_raw": 56, "N_roi": 56, "N_inlier": 52, "refit": true}
{"timestamp": "17:49:46.979363", "frame": 67, "mu": [-0.790521734925563, 1.1737578417729204, 1.5310682429503801], "Sigma": [[0.0035557406085623047, -0.0009448034617450382, -0.012220678660054085], [-0.0009448034617450382, 0.0021913605903047793, 0.00618191907183118], [-0.012220678660054086, 0.00618191907183118, 0.10271406072326891]], "chi2_level": 0.997, "chi2_df": 3, "chi2_threshold": 13.931422665512084, "N_raw": 40, "N_roi": 40, "N_inlier": 38, "refit": true}
{"timestamp": "17:49:47.033177", "frame": 68, "mu": [-0.8774518785260859, 1.1747135218430445, 1.7389530743083255], "Sigma": [[0.03672116539854546, 0.023611963844296403, -0.025225302256496607], [0.023611963844296403, 0.018103791963884664, -0.019963634307764988], [-0.025225302256496607, -0.019963634307764988, 0.024887025842689217]], "chi2_level": 0.997, "chi2_df": 3, "chi2_threshold": 13.931422665512084, "N_raw": 28, "N_roi": 28, "N_inlier": 26, "refit": true}
{"timestamp": "17:49:47.087040", "frame": 69, "mu": [-1.1322912539505543, 1.03256698240248, 1.7245601812323264], "Sigma": [[0.03715714897875594, 0.025953682202650062, -0.05481133376919198], [0.025953682202650062, 0.0241480970383823, -0.035053652792043546], [-0.05481133376919198, -0.035053652792043546, 0.3140932753386926]], "chi2_level": 0.997, "chi2_df": 3, "chi2_threshold": 13.931422665512084, "N_raw": 27, "N_roi": 27, "N_inlier": 26, "refit": true}
{"timestamp": "17:49:47.150234", "frame": 70, "mu": [-1.0507139127956344, 1.285519289144631, -0.44189109924735664], "Sigma": [[0.025960657835191803, 0.03359090641788204, -0.06535545506920103], [0.03359090641788204, 0.06102627427861393, -0.13496678401766782], [-0.06535545506920103, -0.13496678401766782, 0.3489835884804741]], "chi2_level": 0.997, "chi2_df": 3, "chi2_threshold": 13.931422665512084, "N_raw": 86, "N_roi": 86, "N_inlier": 86, "refit": true}
{"timestamp": "17:49:47.202659", "frame": 71, "mu": [-1.0588175383353182, 1.2138845564806993, 0.9839600865011976], "Sigma": [[0.018857695647353, 0.01413320002398809, -0.030009040835894837], [0.014133200023988088, 0.017184910887438724, -0.058783803975164764], [-0.030009040835894837, -0.058783803975164764, 0.3578077912067389]], "chi2_level": 0.997, "chi2_df": 3, "chi2_threshold": 13.931422665512084, "N_raw": 61, "N_roi": 61, "N_inlier": 61, "refit": true}
{"timestamp": "17:49:47.252349", "frame": 72, "mu": [-1.2133275982661378, 1.0637973910711986, 1.7805343388947295], "Sigma": [[0.036231767777524196, 0.030162641439480192, -0.03098953630037619], [0.030162641439480192, 0.030286254881802997, -0.029815503179615184], [-0.030989536300376187, -0.029815503179615184, 0.03312603181106369]], "chi2_level": 0.997, "chi2_df": 3, "chi2_threshold": 13.931422665512084, "N_raw": 26, "N_roi": 26, "N_inlier": 25, "refit": true}
{"timestamp": "17:49:47.310858", "frame": 73, "mu": [-1.2829868448517194, 1.02017437249468, 1.54227784544138], "Sigma": [[0.046527355972065775, 0.029516392362303055, -0.02904901499108128], [0.029516392362303055, 0.033519155146773234, -0.03448226209651285], [-0.02904901499108128, -0.03448226209651285, 0.1338391618609107]], "chi2_level": 0.997, "chi2_df": 3, "chi2_threshold": 13.931422665512084, "N_raw": 49, "N_roi": 49, "N_inlier": 48, "refit": true}
{"timestamp": "17:49:47.367124", "frame": 74, "mu": [-1.2732351963712403, 1.0414530253248455, 1.6522770708443035], "Sigma": [[0.043013735838452485, 0.026064160239438895, -0.014659481765313986], [0.026064160239438895, 0.023221722919736464, -0.009647121323380376], [-0.014659481765313986, -0.009647121323380376, 0.020597916970913607]], "chi2_level": 0.997, "chi2_df": 3, "chi2_threshold": 13.931422665512084, "N_raw": 56, "N_roi": 56, "N_inlier": 53, "refit": true}
{"timestamp": "17:49:47.424453", "frame": 75, "mu": [-1.3464846697644948, 1.108468140898719, -0.11373573556423658], "Sigma": [[0.014784424433965196, 0.01607577673718906, 0.02410052240884207], [0.01607577673718906, 0.030258311651361024, 0.037762038759391534], [0.024100522408842064, 0.037762038759391534, 0.12442114044287392]], "chi2_level": 0.997, "chi2_df": 3, "chi2_threshold": 13.931422665512084, "N_raw": 77, "N_roi": 77, "N_inlier": 74, "refit": true}
{"timestamp": "17:49:47.470743", "frame": 76, "mu": [-1.1802770997130254, 1.2736374422499537, 1.540915462058844], "Sigma": [[0.045155592217193063, 0.028425785250000925, -0.038037188346942634], [0.028425785250000925, 0.02233523051321524, -0.03207994316381027], [-0.038037188346942634, -0.03207994316381027, 0.07601229346330574]], "chi2_level": 0.997, "chi2_df": 3, "chi2_threshold": 13.931422665512084, "N_raw": 14, "N_roi": 14, "N_inlier": 14, "refit": true}
{"timestamp": "17:49:47.524790", "frame": 77, "mu": [-1.0236467739044703, 1.3879574778355777, 1.4223052283853634], "Sigma": [[0.000721033345062322, -0.00012468558165169884, 0.000585708959323118], [-0.00012468558165169884, 0.003184449061857178, -0.0027039416061481213], [0.0005857089593231182, -0.0027039416061481213, 0.03262519162638442]], "chi2_level": 0.997, "chi2_df": 3, "chi2_threshold": 13.931422665512084, "N_raw": 10, "N_roi": 10, "N_inlier": 9, "refit": true}
{"timestamp": "17:49:47.582715", "frame": 78, "mu": [-1.2577579898469897, 1.362450605399441, -0.16344081908436822], "Sigma": [[0.032572179895771367, 0.03405069220400377, -0.027282545979420956], [0.03405069220400377, 0.041624481291720306, -0.04852441164482091], [-0.02728254597942096, -0.04852441164482091, 0.16610269774350897]], "chi2_level": 0.997, "chi2_df": 3, "chi2_threshold": 13.931422665512084, "N_raw": 30, "N_roi": 30, "N_inlier": 29, "refit": true}
{"timestamp": "17:49:47.638218", "frame": 79, "mu": [-1.1432837987970172, 1.3958078117433161, 1.0102776785359402], "Sigma": [[0.006977270657276063, 0.0019944051994737868, -0.01443438175798877], [0.0019944051994737868, 0.002492602345094356, 0.0007261744181369105], [-0.01443438175798877, 0.0007261744181369112, 0.12584395904404835]], "chi2_level": 0.997, "chi2_df": 3, "chi2_threshold": 13.931422665512084, "N_raw": 29, "N_roi": 29, "N_inlier": 28, "refit": true}
{"timestamp": "17:49:47.698789", "frame": 80, "mu": [-1.1057734209892724, 1.5171851332952904, 1.170678809776172], "Sigma": [[0.010776191357229441, -0.00031775587716383047, -0.04227495344199314], [-0.00031775587716383047, 0.00341163508261786, -0.00164426097482341], [-0.04227495344199314, -0.00164426097482341, 0.3028195332512457]], "chi2_level": 0.997, "chi2_df": 3, "chi2_threshold": 13.931422665512084, "N_raw": 67, "N_roi": 67, "N_inlier": 62, "refit": true}
{"timestamp": "17:49:47.753704", "frame": 81, "mu": [-1.2740422588403102, 1.5505519140826336, -0.29156787149347657], "Sigma": [[0.06103825112720596, 0.07745220715569454, -0.142896474816197], [0.07745220715569454, 0.11504304027918194, -0.22164878398097065], [-0.142896474816197, -0.22164878398097065, 0.48845609999756373]], "chi2_level": 0.997, "chi2_df": 3, "chi2_threshold": 13.931422665512084, "N_raw": 66, "N_roi": 66, "N_inlier": 65, "refit": true}
{"timestamp": "17:49:47.808570", "frame": 82, "mu": [-1.3279475141248487, 1.4817787912989373, 1.4952531097268271], "Sigma": [[0.029926824077452084, 0.02297807038687566, -0.07538689328822248], [0.02297807038687566, 0.02627253405181701, -0.0793356813691801], [-0.0753868932882225, -0.07933568136918008, 0.4481526123036205]], "chi2_level": 0.997, "chi2_df": 3, "chi2_threshold": 13.931422665512084, "N_raw": 64, "N_roi": 64, "N_inlier": 63, "refit": true}
{"timestamp": "17:49:47.863570", "frame": 83, "mu": [-1.3625157972812736, 1.6375521029342341, -0.15761738845053086], "Sigma": [[0.02730316170505637, 0.04034531603148548, -0.06525088770370352], [0.04034531603148548, 0.09730241196743958, -0.18828911141813987], [-0.06525088770370352, -0.18828911141813987, 0.4311663314785855]], "chi2_level": 0.997, "chi2_df": 3, "chi2_threshold": 13.931422665512084, "N_raw": 59, "N_roi": 59, "N_inlier": 59, "refit": true}
{"timestamp": "17:49:47.914266", "frame": 84, "mu": [-1.2156092144980337, 1.6175059872339548, 1.3781163573349542], "Sigma": [[0.006053689733058011, -0.0028222596583746522, 0.018979197608677695], [-0.0028222596583746522, 0.008146251375892031, -0.028105126047155184], [0.018979197608677695, -0.028105126047155184, 0.25629097502341347]], "chi2_level": 0.997, "chi2_df": 3, "chi2_threshold": 13.931422665512084, "N_raw": 39, "N_roi": 39, "N_inlier": 39, "refit": true}
{"timestamp": "17:49:47.971468", "frame": 85, "mu": [-1.3307193713169987, 1.6304293665657075, 0.025344109658371874], "Sigma": [[0.03320264058124091, 0.02689151093018584, -0.019213902429250813], [0.02689151093018584, 0.03618966859903407, -0.030568251202343404], [-0.019213902429250813, -0.030568251202343404, 0.05326390581701597]], "chi2_level": 0.997, "chi2_df": 3, "chi2_threshold": 13.931422665512084, "N_raw": 56, "N_roi": 56, "N_inlier": 53, "refit": true}
{"timestamp": "17:49:48.027239", "frame": 86, "mu": [-1.322917887043469, 1.6418612640939598, 1.6211788484044365], "Sigma": [[0.010148379658233139, -0.0010638280261850565, -0.004986119377499609], [-0.0010638280261850565, 0.003609824338444824, -0.003241471603795883], [-0.004986119377499609, -0.0032414716037958828, 0.019009482777668524]], "chi2_level": 0.997, "chi2_df": 3, "chi2_threshold": 13.931422665512084, "N_raw": 59, "N_roi": 59, "N_inlier": 52, "refit": true}
{"timestamp": "17:49:48.083208", "frame": 87, "mu": [-1.2753384276998647, 1.741023288363707, 1.5646923886791482], "Sigma": [[0.01084243311130656, -0.000872937497845555, -0.0038009705739408305], [-0.000872937497845555, 0.0057615983606587595, -0.0022453098581989633], [-0.003800970573940831, -0.0022453098581989637, 0.0038797053417444537]], "chi2_level": 0.997, "chi2_df": 3, "chi2_threshold": 13.931422665512084, "N_raw": 64, "N_roi": 64, "N_inlier": 61, "refit": true}
{"timestamp": "17:49:48.136449", "frame": 88, "mu": [-1.3204845637442277, 1.8430937346799516, -0.13719166363941038], "Sigma": [[0.007768290952406043, -0.0010924536791190665, 0.0075802021456570405], [-0.0010924536791190665, 0.008943221707474169, 0.011059341970865423], [0.007580202145657041, 0.011059341970865423, 0.04166720286926848]], "chi2_level": 0.997, "chi2_df": 3, "chi2_threshold": 13.931422665512084, "N_raw": 51, "N_roi": 51, "N_inlier": 47, "refit": true}
{"timestamp": "17:49:48.189739", "frame": 89, "mu": [-1.3110498165209155, 1.8227987783716326, 1.6140899198178782], "Sigma": [[0.007530610827717475, 0.001667142170483951, -0.008301169699869437], [0.001667142170483951, 0.004044208208965524, -0.004383421545274737], [-0.008301169699869437, -0.004383421545274737, 0.0262603991643114]], "chi2_level": 0.997, "chi2_df": 3, "chi2_threshold": 13.931422665512084, "N_raw": 44, "N_roi": 44, "N_inlier": 40, "refit": true}
{"timestamp": "17:49:48.243077", "frame": 90, "mu": [-1.4180765326788671, 1.8158165947960951, 1.3008724754224166], "Sigma": [[0.09832110419093656, 0.07409432373359195, -0.15823930320187707], [0.07409432373359195, 0.059391439996789655, -0.13359222127364268], [-0.1582393032018771, -0.13359222127364268, 0.4049172929720601]], "chi2_level": 0.997, "chi2_df": 3, "chi2_threshold": 13.931422665512084, "N_raw": 32, "N_roi": 32, "N_inlier": 32, "refit": true}
{"timestamp": "17:49:48.295358", "frame": 91, "mu": [-1.2730779826092111, 1.9752278411860809, 1.0152308318499121], "Sigma": [[0.013794542103424115, 0.006896155450222825, 0.0480772273483094], [0.006896155450222825, 0.0072582201840978074, 0.02034203368278646], [0.04807722734830941, 0.02034203368278646, 0.32818409530313125]], "chi2_level": 0.997, "chi2_df": 3, "chi2_threshold": 13.931422665512084, "N_raw": 11, "N_roi": 11, "N_inlier": 11, "refit": true}
{"timestamp": "17:49:48.362800", "frame": 92, "mu": [-1.273789277199664, 2.0534576925318366, 0.033447109924397395], "Sigma": [[0.012300675224643643, 0.008559603983268618, -0.015537354161289879], [0.008559603983268618, 0.020990325202776203, -0.02667735280716678], [-0.015537354161289879, -0.02667735280716678, 0.04726714732727809]], "chi2_level": 0.997, "chi2_df": 3, "chi2_threshold": 13.931422665512084, "N_raw": 94, "N_roi": 94, "N_inlier": 87, "refit": true}
{"timestamp": "17:49:48.415136", "frame": 93, "mu": [-1.2988702617473626, 2.042375820717088, 1.5366049548252938], "Sigma": [[0.009354632073744906, 0.002610678512686546, -0.011453499678314886], [0.002610678512686546, 0.007020584298466438, -0.011549273346757507], [-0.011453499678314886, -0.011549273346757507, 0.03918817113522564]], "chi2_level": 0.997, "chi2_df": 3, "chi2_threshold": 13.931422665512084, "N_raw": 74, "N_roi": 74, "N_inlier": 69, "refit": true}
{"timestamp": "17:49:48.474339", "frame": 94, "mu": [-1.3658385942791869, 2.0987115200368995, 1.2158515370979524], "Sigma": [[0.02093938612671454, -0.004050149916190013, 0.039127547652604906], [-0.004050149916190013, 0.00859753927140242, -0.029922049309294263], [0.039127547652604906, -0.02992204930929426, 0.2209453899420464]], "chi2_level": 0.997, "chi2_df": 3, "chi2_threshold": 13.931422665512084, "N_raw": 97, "N_roi": 97, "N_inlier": 96, "refit": true}
{"timestamp": "17:49:48.524265", "frame": 95, "mu": [-1.2600921279672073, 2.118631219750317, 1.4787300205908376], "Sigma": [[0.009752288874128755, 0.002625745078671287, -0.010475149752897225], [0.002625745078671287, 0.0070240273007324576, -0.009801166940445982], [-0.010475149752897225, -0.009801166940445982, 0.024207958132703787]], "chi2_level": 0.997, "chi2_df": 3, "chi2_threshold": 13.931422665512084, "N_raw": 70, "N_roi": 70, "N_inlier": 66, "refit": true}
{"timestamp": "17:49:48.577631", "frame": 96, "mu": [-1.324654782958517, 2.1384436333169785, 1.5788298721683258], "Sigma": [[0.010299940859475049, 0.003988698400660601, -0.011664686951921318], [0.003988698400660601, 0.007231108451690264, -0.008052260592308976], [-0.01166468695192132, -0.008052260592308976, 0.019839452620512118]], "chi2_level": 0.997, "chi2_df": 3, "chi2_threshold": 13.931422665512084, "N_raw": 60, "N_roi": 60, "N_inlier": 57, "refit": true}
{"timestamp": "17:49:48.631087", "frame": 97, "mu": [-1.3322453891144193, 2.182646958308474, 1.428333190477862], "Sigma": [[0.008105002573396634, 0.0022737880557248203, -0.006221415172877194], [0.0022737880557248203, 0.003860741263299973, -0.008355137877001744], [-0.006221415172877194, -0.008355137877001746, 0.021310229057813466]], "chi2_level": 0.997, "chi2_df": 3, "chi2_threshold": 13.931422665512084, "N_raw": 51, "N_roi": 51, "N_inlier": 49, "refit": true}
{"timestamp": "17:49:48.680086", "frame": 98, "mu": [-1.317929666987324, 2.1874604176736674, 1.0445603976494051], "Sigma": [[0.0028498039502142993, 0.0015003005600218462, 0.013086555428599699], [0.0015003005600218466, 0.015983979600327436, 0.06642359034916832], [0.013086555428599697, 0.06642359034916831, 0.4060578553848982]], "chi2_level": 0.997, "chi2_df": 3, "chi2_threshold": 13.931422665512084, "N_raw": 12, "N_roi": 11, "N_inlier": 11, "refit": true}
{"timestamp": "17:49:48.743630", "frame": 99, "mu": [-1.3255574313800187, 2.3094523950746972, 1.5059034532137048], "Sigma": [[0.01087403652546816, 0.003644760489599867, -0.007444940056273733], [0.003644760489599867, 0.00697172667708061, -0.010867803596921046], [-0.007444940056273733, -0.010867803596921046, 0.022559846817130996]], "chi2_level": 0.997, "chi2_df": 3, "chi2_threshold": 13.931422665512084, "N_raw": 68, "N_roi": 68, "N_inlier": 66, "refit": true}
{"timestamp": "17:49:48.893875", "frame": 100, "mu": [-1.3035569852988145, 2.343047232742984, 1.2476900507634132], "Sigma": [[0.005723527446962809, 0.00015414157672819217, 0.008905930753775748], [0.00015414157672819233, 0.0037084252639634037, -0.009753940301707842], [0.008905930753775746, -0.009753940301707842, 0.11609342381242041]], "chi2_level": 0.997, "chi2_df": 3, "chi2_threshold": 13.931422665512084, "N_raw": 41, "N_roi": 41, "N_inlier": 38, "refit": true}
{"timestamp": "17:49:48.940372", "frame": 101, "mu": [-1.4031964782412922, 2.606719773258981, -0.3509805681198347], "Sigma": [[0.016720526197816, -0.013007105574454794, 0.04965872566008921], [-0.013007105574454792, 0.0320663854072689, -0.09264166520867709], [0.04965872566008922, -0.09264166520867709, 0.3534393158132682]], "chi2_level": 0.997, "chi2_df": 3, "chi2_threshold": 13.931422665512084, "N_raw": 61, "N_roi": 61, "N_inlier": 61, "refit": true}
{"timestamp": "17:49:48.971789", "frame": 102, "mu": [-1.3775745234386942, 2.476273673921043, 1.1329495508018144], "Sigma": [[0.012329209510557578, 0.0002993832724344846, 0.010574849320125338], [0.0002993832724344845, 0.006704585982757251, -0.024631671340275864], [0.010574849320125335, -0.024631671340275864, 0.42092563448081727]], "chi2_level": 0.997, "chi2_df": 3, "chi2_threshold": 13.931422665512084, "N_raw": 107, "N_roi": 107, "N_inlier": 107, "refit": true}
