{"timestamp": "18:47:51.802606", "frame": 5, "mu": [1.1163891833314852, 1.2988747673467562, 1.5625033891302311], "Sigma": [[0.005674603515533423, -0.002471183810281313, -0.0027949977070553652], [-0.002471183810281313, 0.003935329066458862, -0.0002974006799435344], [-0.0027949977070553652, -0.00029740067994353444, 0.0026782616341902]], "chi2_level": 0.997, "chi2_df": 3, "chi2_threshold": 13.931422665512084, "N_raw": 41, "N_roi": 41, "N_inlier": 39, "refit": true}
{"timestamp": "18:47:51.910920", "frame": 7, "mu": [1.0676205115759232, 1.3848346013710058, -0.012878572429643825], "Sigma": [[0.00445931521507872, -0.0008013191686733344, -0.0026039016523239], [-0.0008013191686733345, 0.00266711879991645, 0.0015639682028455004], [-0.0026039016523239, 0.0015639682028455004, 0.002343360782803741]], "chi2_level": 0.997, "chi2_df": 3, "chi2_threshold": 13.931422665512084, "N_raw": 30, "N_roi": 30, "N_inlier": 29, "refit": true}
{"timestamp": "18:47:51.968680", "frame": 8, "mu": [1.0584830428988292, 1.4004175686469829, -0.18292783977776425], "Sigma": [[0.003637867133915993, 0.00021624270596954498, -0.014307158253598483], [0.00021624270596954487, 0.005979756028805759, -0.02487968076898348], [-0.014307158253598483, -0.02487968076898348, 0.23268443193943045]], "chi2_level": 0.997, "chi2_df": 3, "chi2_threshold": 13.931422665512084, "N_raw": 29, "N_roi": 29, "N_inlier": 29, "refit": true}
{"timestamp": "18:47:52.021405", "frame": 9, "mu": [1.1467762302301827, 1.3540695751645593, 1.0620838030962934], "Sigma": [[0.01024238585857151, 0.003151254687097785, -0.037303014585043], [0.003151254687097786, 0.005075365692058292, -0.019660631976230733], [-0.03730301458504301, -0.01966063197623073, 0.17438460027818686]], "chi2_level": 0.997, "chi2_df": 3, "chi2_threshold": 13.931422665512084, "N_raw": 16, "N_roi": 16, "N_inlier": 16, "refit": true}
{"timestamp": "18:47:52.077139", "frame": 10, "mu": [1.016792617973154, 1.2930077691674846, 1.4476579404621865], "Sigma": [[0.014580638972714732, -0.010077204051617782, -0.03503987804160554], [-0.010077204051617786, 0.012320652438857266, 0.02462517867557955], [-0.03503987804160554, 0.02462517867557955, 0.09542990779790317]], "chi2_level": 0.997, "chi2_df": 3, "chi2_threshold": 13.931422665512084, "N_raw": 24, "N_roi": 24, "N_inlier": 23, "refit": true}
{"timestamp": "18:47:52.130683", "frame": 11, "mu": [0.9812414712525865, 1.2440665515062925, 1.0385990912837162], "Sigma": [[0.013796713525473896, 0.003714290708020599, 0.04254818610838121], [0.003714290708020599, 0.0020520748649882283, 0.020077762168502405], [0.0425481861083812, 0.020077762168502402, 0.32952430803071714]], "chi2_level": 0.997, "chi2_df": 3, "chi2_threshold": 13.931422665512084, "N_raw": 9, "N_roi": 9, "N_inlier": 9, "refit": true}
{"timestamp": "18:47:52.186408", "frame": 12, "mu": [0.9712539119303357, 1.2698417333423677, 1.331202886119945], "Sigma": [[0.009157188109942408, -0.0025889931606329353, -0.04075921682409048], [-0.0025889931606329353, 0.0036512527136701614, 0.020671895423122304], [-0.040759216824090484, 0.020671895423122307, 0.2381523919435288]], "chi2_level": 0.997, "chi2_df": 3, "chi2_threshold": 13.931422665512084, "N_raw": 15, "N_roi": 15, "N_inlier": 15, "refit": true}
{"timestamp": "18:47:52.241028", "frame": 13, "mu": [0.8734472996052705, 1.2908709510932628, 1.5409361369240926], "Sigma": [[0.006398296961396244, 0.0003686729647737161, -0.010067032562043382], [0.0003686729647737161, 0.001960196338860307, -0.003345082040255843], [-0.010067032562043382, -0.003345082040255843, 0.02082860492293092]], "chi2_level": 0.997, "chi2_df": 3, "chi2_threshold": 13.931422665512084, "N_raw": 19, "N_roi": 19, "N_inlier": 18, "refit": true}
{"timestamp": "18:47:52.300675", "frame": 14, "mu": [0.8571393333063068, 1.2386372457474484, 1.534015505770284], "Sigma": [[0.005794274018441913, -0.001614656118980489, -0.003166340205826744], [-0.0016146561189804892, 0.0028414154696364503, 0.0001665380121545548], [-0.003166340205826744, 0.00016653801215455483, 0.0023665012277953408]], "chi2_level": 0.997, "chi2_df": 3, "chi2_threshold": 13.931422665512084, "N_raw": 45, "N_roi": 45, "N_inlier": 40, "refit": true}
{"timestamp": "18:47:52.363755", "frame": 15, "mu": [0.85296399977514, 1.2253324179486937, 1.2378971905003104], "Sigma": [[0.009824085999210542, -0.007406112986073576, -0.009400539871024967], [-0.007406112986073576, 0.015233708489718207, -0.007142650599376107], [-0.009400539871024967, -0.007142650599376109, 0.15346717326450102]], "chi2_level": 0.997, "chi2_df": 3, "chi2_threshold": 13.931422665512084, "N_raw": 99, "N_roi": 98, "N_inlier": 95, "refit": true}
{"timestamp": "18:47:52.413132", "frame": 16, "mu": [0.7930142232673214, 1.2155519276459712, 1.4815488473315068], "Sigma": [[0.006463327704090606, -0.002638834034118229, -0.0077163215174863384], [-0.002638834034118229, 0.004982385968868131, 0.0027240260398538824], [-0.0077163215174863384, 0.0027240260398538824, 0.01213392197964958]], "chi2_level": 0.997, "chi2_df": 3, "chi2_threshold": 13.931422665512084, "N_raw": 59, "N_roi": 59, "N_inlier": 57, "refit": true}
{"timestamp": "18:47:52.469094", "frame": 17, "mu": [0.7388939033002553, 1.226720781865067, 1.4042800743433421], "Sigma": [[0.005212422707537175, -0.0022832532515150482, -0.0005262710799849819], [-0.0022832532515150482, 0.011750019311413352, -0.02497988212329083], [-0.000526271079984982, -0.02497988212329083, 0.08592207869414747]], "chi2_level": 0.997, "chi2_df": 3, "chi2_threshold": 13.931422665512084, "N_raw": 75, "N_roi": 75, "N_inlier": 73, "refit": true}
{"timestamp": "18:47:52.526296", "frame": 18, "mu": [0.6970169620633522, 1.3271773399447788, -0.011749415047658404], "Sigma": [[0.00499242721968235, -0.0031769233314164124, 0.022613076118747744], [-0.0031769233314164124, 0.039323822852080303, -0.10480372084259527], [0.022613076118747744, -0.10480372084259526, 0.5411715814844673]], "chi2_level": 0.997, "chi2_df": 3, "chi2_threshold": 13.931422665512084, "N_raw": 84, "N_roi": 84, "N_inlier": 82, "refit": true}
{"timestamp": "18:47:52.575603", "frame": 19, "mu": [0.6021630925999476, 1.183586832410493, 1.5593658896221607], "Sigma": [[0.0036115382687263494, -0.001220126986016389, -0.004246307241587907], [-0.0012201269860163887, 0.0033473225861449666, -0.00047956491349884127], [-0.004246307241587908, -0.0004795649134988412, 0.0070413101208335665]], "chi2_level": 0.997, "chi2_df": 3, "chi2_threshold": 13.931422665512084, "N_raw": 45, "N_roi": 45, "N_inlier": 42, "refit": true}
{"timestamp": "18:47:52.634594", "frame": 20, "mu": [0.6454335422719961, 1.0886759291097938, 1.3929101100554575], "Sigma": [[0.005368584368974466, 0.00010405092556918077, -0.0035773541803383172], [0.00010405092556918071, 0.004855179615809425, -0.00272116035248641], [-0.0035773541803383172, -0.00272116035248641, 0.0041926573265341025]], "chi2_level": 0.997, "chi2_df": 3, "chi2_threshold": 13.931422665512084, "N_raw": 74, "N_roi": 74, "N_inlier": 71, "refit": true}
{"timestamp": "18:47:52.683691", "frame": 21, "mu": [0.6048789506630369, 1.0409062299024328, 1.1498704723596034], "Sigma": [[0.002373343089249857, -0.0005014537565858364, -0.00483923326714835], [-0.0005014537565858364, 0.006000699993033413, -0.01586833865913232], [-0.00483923326714835, -0.01586833865913232, 0.19718315851276494]], "chi2_level": 0.997, "chi2_df": 3, "chi2_threshold": 13.931422665512084, "N_raw": 34, "N_roi": 34, "N_inlier": 34, "refit": true}
{"timestamp": "18:47:52.740852", "frame": 22, "mu": [0.5366690156112467, 1.1496257959568832, 0.9755504303935231], "Sigma": [[0.005959703259731951, -0.0015193743117149637, 0.0024895119934388423], [-0.0015193743117149637, 0.0021472095189371205, -0.004220733898502369], [0.0024895119934388427, -0.004220733898502369, 0.153154737490637]], "chi2_level": 0.997, "chi2_df": 3, "chi2_threshold": 13.931422665512084, "N_raw": 41, "N_roi": 41, "N_inlier": 41, "refit": true}
{"timestamp": "18:47:52.796368", "frame": 23, "mu": [0.43157095169510745, 1.1287857709340507, 1.2888817328427855], "Sigma": [[0.0039108336704841064, -0.0019057338719976062, 0.014201450454373387], [-0.0019057338719976062, 0.005946551598789442, -0.00776259863839912], [0.014201450454373387, -0.00776259863839912, 0.14721504563621635]], "chi2_level": 0.997, "chi2_df": 3, "chi2_threshold": 13.931422665512084, "N_raw": 49, "N_roi": 49, "N_inlier": 49, "refit": true}
{"timestamp": "18:47:52.855351", "frame": 24, "mu": [0.3609716558872684, 1.2608465003639797, -0.07523269144631599], "Sigma": [[0.004514435932801147, -0.0003867547198325225, 0.015683904186726445], [-0.0003867547198325226, 0.013300221760970867, -0.03538126156966724], [0.015683904186726442, -0.03538126156966725, 0.2658580558474346]], "chi2_level": 0.997, "chi2_df": 3, "chi2_threshold": 13.931422665512084, "N_raw": 76, "N_roi": 76, "N_inlier": 74, "refit": true}
{"timestamp": "18:47:52.908793", "frame": 25, "mu": [0.29671488431752463, 1.175180562303287, 1.5340484500219418], "Sigma": [[0.003136848767071441, 7.561196616305167e-05, -0.002398582968617121], [7.56119661630517e-05, 0.00411325900833156, -0.0016041079733973371], [-0.002398582968617121, -0.0016041079733973371, 0.00974589923023352]], "chi2_level": 0.997, "chi2_df": 3, "chi2_threshold": 13.931422665512084, "N_raw": 64, "N_roi": 64, "N_inlier": 61, "refit": true}
{"timestamp": "18:47:52.965568", "frame": 26, "mu": [0.2460478662983908, 1.1758204246323665, 1.4740068598321459], "Sigma": [[0.0035467803998566385, -0.00055639133509829, -0.0044242193167172185], [-0.0005563913350982901, 0.003335237037855568, -0.0027778215478036095], [-0.0044242193167172185, -0.0027778215478036095, 0.014205170047092396]], "chi2_level": 0.997, "chi2_df": 3, "chi2_threshold": 13.931422665512084, "N_raw": 77, "N_roi": 77, "N_inlier": 73, "refit": true}
{"timestamp": "18:47:53.021427", "frame": 27, "mu": [0.18920291399375766, 1.1732403349813034, 1.5191477603471286], "Sigma": [[0.003449434614951905, 0.0003733825116524301, -0.004639219106895853], [0.0003733825116524299, 0.004413637752444893, -0.004366066943845547], [-0.004639219106895853, -0.004366066943845547, 0.012480056289814913]], "chi2_level": 0.997, "chi2_df": 3, "chi2_threshold": 13.931422665512084, "N_raw": 82, "N_roi": 82, "N_inlier": 79, "refit": true}
{"timestamp": "18:47:53.074552", "frame": 28, "mu": [0.07298839956817194, 1.1922706038784514, 1.6166680015054178], "Sigma": [[0.0027556498262455396, 0.00019297077110286617, -0.00013303131885501168], [0.00019297077110286623, 0.0054441387791270305, -0.001866086979713257], [-0.0001330313188550117, -0.0018660869797132568, 0.0006777919105783631]], "chi2_level": 0.997, "chi2_df": 3, "chi2_threshold": 13.931422665512084, "N_raw": 67, "N_roi": 67, "N_inlier": 64, "refit": true}
{"timestamp": "18:47:53.130695", "frame": 29, "mu": [0.029031416796214703, 1.1864559839143893, 1.5716027034444502], "Sigma": [[0.003086406126668796, 9.972115984837422e-05, -0.0013103930714654347], [9.972115984837422e-05, 0.00628219123946987, -0.00359818418614068], [-0.0013103930714654347, -0.0035981841861406796, 0.0028045785600173444]], "chi2_level": 0.997, "chi2_df": 3, "chi2_threshold": 13.931422665512084, "N_raw": 81, "N_roi": 81, "N_inlier": 77, "refit": true}
{"timestamp": "18:47:53.185094", "frame": 30, "mu": [-0.034443483402278784, 1.1180431464968577, -0.6526054177948921], "Sigma": [[0.003169776875844626, 0.0009033034730496963, 0.005574860732971502], [0.0009033034730496963, 0.006664380897639266, -0.0038436097229912506], [0.005574860732971502, -0.0038436097229912498, 0.0871389537985558]], "chi2_level": 0.997, "chi2_df": 3, "chi2_threshold": 13.931422665512084, "N_raw": 73, "N_roi": 73, "N_inlier": 70, "refit": true}
{"timestamp": "18:47:53.240419", "frame": 31, "mu": [-0.11311962799544446, 1.2143978209412858, 1.2182156900888192], "Sigma": [[0.010520781618856511, -0.0022286377843253463, 0.050965660091684295], [-0.0022286377843253463, 0.002271030903277317, -0.014832397228414356], [0.050965660091684295, -0.014832397228414358, 0.3645002527809587]], "chi2_level": 0.997, "chi2_df": 3, "chi2_threshold": 13.931422665512084, "N_raw": 76, "N_roi": 76, "N_inlier": 74, "refit": true}
{"timestamp": "18:47:53.295625", "frame": 32, "mu": [-0.18369770797075927, 1.1852212136443927, -0.4272877517922072], "Sigma": [[0.003104573620863895, 0.00010955115044667513, -0.00030657400581975066], [0.00010955115044667508, 0.00436911984359524, -0.003219006673115742], [-0.0003065740058197505, -0.0032190066731157415, 0.007904746076464637]], "chi2_level": 0.997, "chi2_df": 3, "chi2_threshold": 13.931422665512084, "N_raw": 71, "N_roi": 71, "N_inlier": 67, "refit": true}
{"timestamp": "18:47:53.350573", "frame": 33, "mu": [-0.22664605546247185, 1.2443540604983594, -0.2649156580326846], "Sigma": [[0.0027800837803538085, 0.0012183484805668426, 0.009911614154485073], [0.0012183484805668424, 0.007324698965185515, 0.00015707683668962093], [0.009911614154485073, 0.00015707683668962093, 0.1471550956232603]], "chi2_level": 0.997, "chi2_df": 3, "chi2_threshold": 13.931422665512084, "N_raw": 75, "N_roi": 75, "N_inlier": 71, "refit": true}
{"timestamp": "18:47:53.405178", "frame": 34, "mu": [-0.2868400949497621, 1.3239741887472019, -0.30932460901372827], "Sigma": [[0.0043156451935637994, -0.0014711151594549807, 0.014160602337105744], [-0.0014711151594549807, 0.012209559460638696, -0.02158354093746276], [0.014160602337105747, -0.021583540937462755, 0.1077918358321289]], "chi2_level": 0.997, "chi2_df": 3, "chi2_threshold": 13.931422665512084, "N_raw": 75, "N_roi": 75, "N_inlier": 71, "refit": true}
{"timestamp": "18:47:53.459694", "frame": 35, "mu": [-0.3584089028342915, 1.1849045077436924, 1.5282822435856247], "Sigma": [[0.0036152970107478774, -0.00037603781312561466, -0.004470880542594167], [-0.00037603781312561466, 0.0033859646777641616, -0.0007977715607276411], [-0.004470880542594167, -0.000797771560727641, 0.030270872327114274]], "chi2_level": 0.997, "chi2_df": 3, "chi2_threshold": 13.931422665512084, "N_raw": 73, "N_roi": 72, "N_inlier": 68, "refit": true}
{"timestamp": "18:47:53.518792", "frame": 36, "mu": [-0.4388312542997499, 1.2007743449636197, 1.4770425187506282], "Sigma": [[0.006100498717037961, 0.0011923926542225104, -0.011903509954857653], [0.0011923926542225104, 0.00463229573817991, -0.005381610212235579], [-0.011903509954857653, -0.005381610212235579, 0.04011135809282499]], "chi2_level": 0.997, "chi2_df": 3, "chi2_threshold": 13.931422665512084, "N_raw": 104, "N_roi": 104, "N_inlier": 98, "refit": true}
{"timestamp": "18:47:53.577579", "frame": 37, "mu": [-0.48828303905157033, 1.1897110242964088, 1.1880085867748804], "Sigma": [[0.007411005920927676, 0.00010904042827706164, -0.034942374404609344], [0.00010904042827706161, 0.0032973478253918915, -0.004564387444933025], [-0.034942374404609344, -0.004564387444933024, 0.29829251445126787]], "chi2_level": 0.997, "chi2_df": 3, "chi2_threshold": 13.931422665512084, "N_raw": 126, "N_roi": 126, "N_inlier": 124, "refit": true}
{"timestamp": "18:47:53.625866", "frame": 38, "mu": [-0.5633566624062937, 1.15285881185835, 1.2071777487695108], "Sigma": [[0.00409009695822214, -0.001088183246722545, -0.01520164928635518], [-0.0010881832467225451, 0.005368699874968272, 0.003115664248912059], [-0.01520164928635518, 0.003115664248912059, 0.2203994963556272]], "chi2_level": 0.997, "chi2_df": 3, "chi2_threshold": 13.931422665512084, "N_raw": 75, "N_roi": 75, "N_inlier": 75, "refit": true}
{"timestamp": "18:47:53.679491", "frame": 39, "mu": [-0.6719123531636226, 1.1641042986502979, 1.5385261924949574], "Sigma": [[0.01494852372614282, 0.003665546766502631, -0.018395404318841062], [0.003665546766502631, 0.009140484183274388, 0.005084244432676253], [-0.01839540431884106, 0.005084244432676252, 0.14451124210530428]], "chi2_level": 0.997, "chi2_df": 3, "chi2_threshold": 13.931422665512084, "N_raw": 69, "N_roi": 69, "N_inlier": 64, "refit": true}
{"timestamp": "18:47:53.736128", "frame": 40, "mu": [-0.7308578260116395, 1.1675475500658663, 1.4251174487695044], "Sigma": [[0.007229934263119734, -0.0034716804570171737, -0.023210185950646844], [-0.0034716804570171737, 0.008922255404231097, 0.02040272191332193], [-0.023210185950646847, 0.020402721913321927, 0.11925330886877931]], "chi2_level": 0.997, "chi2_df": 3, "chi2_threshold": 13.931422665512084, "N_raw": 79, "N_roi": 79, "N_inlier": 77, "refit": true}
{"timestamp": "18:47:53.794557", "frame": 41, "mu": [-0.8476169162089604, 1.179737447771672, 1.5872234517362767], "Sigma": [[0.02095081031521146, 0.012186155746796509, -0.00976837391635384], [0.012186155746796509, 0.012219061581204086, -0.005753687682204677], [-0.00976837391635384, -0.005753687682204677, 0.005543168520539857]], "chi2_level": 0.997, "chi2_df": 3, "chi2_threshold": 13.931422665512084, "N_raw": 52, "N_roi": 52, "N_inlier": 50, "refit": true}
{"timestamp": "18:47:53.840888", "frame": 42, "mu": [-1.0004389474031166, 1.10924549476472, 1.6261530527551624], "Sigma": [[0.06585123220039414, 0.030974298847106965, -0.0805672188351505], [0.030974298847106965, 0.019579066674717278, -0.027671306543260665], [-0.08056721883515049, -0.02767130654326067, 0.15622111823088516]], "chi2_level": 0.997, "chi2_df": 3, "chi2_threshold": 13.931422665512084, "N_raw": 46, "N_roi": 46, "N_inlier": 44, "refit": true}
{"timestamp": "18:47:53.897497", "frame": 43, "mu": [-0.966743216249111, 1.2019716310458843, 1.2897848670562633], "Sigma": [[0.062394848921115686, 0.04852043548006204, -0.07846780719902724], [0.04852043548006204, 0.046319543106056314, -0.06684547345868687], [-0.07846780719902724, -0.06684547345868687, 0.1907873659363627]], "chi2_level": 0.997, "chi2_df": 3, "chi2_threshold": 13.931422665512084, "N_raw": 49, "N_roi": 49, "N_inlier": 48, "refit": true}
{"timestamp": "18:47:53.951677", "frame": 44, "mu": [-0.9488940667819402, 1.2656398382434333, 1.1447020076550363], "Sigma": [[0.04110622455144826, 0.018703971318007002, -0.09663967472812672], [0.018703971318007002, 0.014024618924650978, -0.025202877472768496], [-0.09663967472812672, -0.025202877472768496, 0.37960186262001305]], "chi2_level": 0.997, "chi2_df": 3, "chi2_threshold": 13.931422665512084, "N_raw": 53, "N_roi": 53, "N_inlier": 53, "refit": true}
{"timestamp": "18:47:54.009703", "frame": 45, "mu": [-1.0793315919672481, 1.4004539726938683, -0.5905347158832711], "Sigma": [[0.06710200468170702, 0.0768437630604344, -0.07273735153952922], [0.0768437630604344, 0.09257904948323063, -0.09495590518939177], [-0.0727373515395292, -0.09495590518939179, 0.23717891010395725]], "chi2_level": 0.997, "chi2_df": 3, "chi2_threshold": 13.931422665512084, "N_raw": 73, "N_roi": 72, "N_inlier": 70, "refit": true}
{"timestamp": "18:47:54.059439", "frame": 46, "mu": [-0.9501622044152875, 1.3378580060829361, 0.8615550506520744], "Sigma": [[0.0024943328396538193, 0.0021908689691557794, 0.004555246807503881], [0.0021908689691557794, 0.021291086651582247, 0.0711326165512468], [0.004555246807503882, 0.07113261655124681, 0.3072872185405054]], "chi2_level": 0.997, "chi2_df": 3, "chi2_threshold": 13.931422665512084, "N_raw": 32, "N_roi": 32, "N_inlier": 32, "refit": true}
{"timestamp": "18:47:54.123316", "frame": 47, "mu": [-1.1627796497524425, 1.3268213525423924, 1.1816090587703914], "Sigma": [[0.05455086688603866, 0.0415932089485969, -0.07174076450770968], [0.04159320894859689, 0.043317124337293025, -0.0509236741809991], [-0.07174076450770968, -0.05092367418099911, 0.3116537902091822]], "chi2_level": 0.997, "chi2_df": 3, "chi2_threshold": 13.931422665512084, "N_raw": 93, "N_roi": 93, "N_inlier": 93, "refit": true}
{"timestamp": "18:47:54.178470", "frame": 48, "mu": [-1.2465053499120982, 1.3624015839219512, 1.4459426556962363], "Sigma": [[0.06577917418085531, 0.05442590977842496, -0.07810615825202641], [0.05442590977842496, 0.054793977179866525, -0.07516456213259942], [-0.07810615825202641, -0.07516456213259942, 0.17925056656938157]], "chi2_level": 0.997, "chi2_df": 3, "chi2_threshold": 13.931422665512084, "N_raw": 96, "N_roi": 96, "N_inlier": 94, "refit": true}
{"timestamp": "18:47:54.229467", "frame": 49, "mu": [-1.206856675086993, 1.5925648951716656, -0.31816662353183506], "Sigma": [[0.06082397597992294, 0.06444085345317627, -0.035499194377856515], [0.06444085345317627, 0.08638569792059625, -0.06231076887611386], [-0.035499194377856515, -0.06231076887611386, 0.0815429090658283]], "chi2_level": 0.997, "chi2_df": 3, "chi2_threshold": 13.931422665512084, "N_raw": 69, "N_roi": 69, "N_inlier": 67, "refit": true}
{"timestamp": "18:47:54.283884", "frame": 50, "mu": [-1.1133741003043671, 1.6444118743249891, 1.3242711346784461], "Sigma": [[0.010651296259343223, 0.005700762895439916, -0.007485923660708703], [0.005700762895439916, 0.006542693923439958, -0.0008936908616590715], [-0.007485923660708703, -0.0008936908616590713, 0.11897070596336715]], "chi2_level": 0.997, "chi2_df": 3, "chi2_threshold": 13.931422665512084, "N_raw": 64, "N_roi": 64, "N_inlier": 58, "refit": true}
{"timestamp": "18:47:54.338411", "frame": 51, "mu": [-1.2895505937795662, 1.6540380673246098, -0.3947310442310488], "Sigma": [[0.053542067069930005, 0.05853967532235241, -0.03571915939527965], [0.05853967532235241, 0.07104484893592655, -0.046465889387868824], [-0.03571915939527965, -0.04646588938786882, 0.08803631249074875]], "chi2_level": 0.997, "chi2_df": 3, "chi2_threshold": 13.931422665512084, "N_raw": 62, "N_roi": 62, "N_inlier": 60, "refit": true}
{"timestamp": "18:47:54.395299", "frame": 52, "mu": [-1.1865279142204668, 1.6863625877398623, 1.436081471960929], "Sigma": [[0.028274195733515257, 0.01713278019369979, 0.005007694771593309], [0.017132780193699786, 0.015214379724302557, 0.0018335784223638828], [0.005007694771593309, 0.0018335784223638828, 0.04018086565286836]], "chi2_level": 0.997, "chi2_df": 3, "chi2_threshold": 13.931422665512084, "N_raw": 71, "N_roi": 71, "N_inlier": 66, "refit": true}
{"timestamp": "18:47:54.449613", "frame": 53, "mu": [-1.3100159397797138, 1.7579187351514307, -0.40378849406006273], "Sigma": [[0.07008358777962474, 0.04759490613270156, 0.026523157418160213], [0.047594906132701564, 0.041162526889794646, 0.013769375805097], [0.026523157418160213, 0.013769375805097003, 0.08888918526945053]], "chi2_level": 0.997, "chi2_df": 3, "chi2_threshold": 13.931422665512084, "N_raw": 70, "N_roi": 70, "N_inlier": 69, "refit": true}
{"timestamp": "18:47:54.504712", "frame": 54, "mu": [-1.281361418523669, 1.8122773068487763, 1.4959342482655202], "Sigma": [[0.009525669456998781, -0.0002680733095577835, -0.004093737226351913], [-0.00026807330955778356, 0.00459559204200431, -0.006180124349738114], [-0.004093737226351913, -0.006180124349738114, 0.017799084647782095]], "chi2_level": 0.997, "chi2_df": 3, "chi2_threshold": 13.931422665512084, "N_raw": 70, "N_roi": 70, "N_inlier": 64, "refit": true}
{"timestamp": "18:47:54.559786", "frame": 55, "mu": [-1.2736316783202284, 1.9565717385488541, -0.1825125036474899], "Sigma": [[0.009379984288264536, 0.004197144452129152, -0.0063720332380154026], [0.004197144452129152, 0.011987802595080073, -0.013392694005986592], [-0.0063720332380154026, -0.013392694005986592, 0.13213831267975293]], "chi2_level": 0.997, "chi2_df": 3, "chi2_threshold": 13.931422665512084, "N_raw": 68, "N_roi": 68, "N_inlier": 68, "refit": true}
{"timestamp": "18:47:54.610799", "frame": 56, "mu": [-1.2933404090137552, 1.8915671574529138, 1.667928247397302], "Sigma": [[0.008099371163337987, 0.0006010194399206086, -0.008227820878932156], [0.0006010194399206087, 0.00480905696102685, -0.0041073206249341455], [-0.008227820878932156, -0.0041073206249341455, 0.025632794159823676]], "chi2_level": 0.997, "chi2_df": 3, "chi2_threshold": 13.931422665512084, "N_raw": 49, "N_roi": 49, "N_inlier": 47, "refit": true}
{"timestamp": "18:47:54.672368", "frame": 57, "mu": [-1.3145714020371964, 2.04161634908621, 1.0069390526636872], "Sigma": [[0.009010026244298464, 0.002086483956107521, 0.0051527360332665195], [0.002086483956107521, 0.002721791317800426, -0.014218529707029857], [0.00515273603326652, -0.014218529707029859, 0.16476912935611968]], "chi2_level": 0.997, "chi2_df": 3, "chi2_threshold": 13.931422665512084, "N_raw": 89, "N_roi": 89, "N_inlier": 86, "refit": true}
{"timestamp": "18:47:54.727274", "frame": 58, "mu": [-1.3367241806170034, 2.076938038130261, 1.2926273492291542], "Sigma": [[0.00939600669160393, -0.0025927763596183878, 0.009418448844284798], [-0.0025927763596183873, 0.011859600864309467, -0.039584994156860766], [0.009418448844284798, -0.03958499415686077, 0.18208669687188891]], "chi2_level": 0.997, "chi2_df": 3, "chi2_threshold": 13.931422665512084, "N_raw": 89, "N_roi": 89, "N_inlier": 83, "refit": true}
{"timestamp": "18:47:54.782771", "frame": 59, "mu": [-1.3482980999624767, 2.1040596378540237, 1.409448288015436], "Sigma": [[0.01188737032162643, -0.0038793861934351866, 0.01231314294106218], [-0.0038793861934351866, 0.0185240231072323, -0.041223107543788315], [0.01231314294106218, -0.041223107543788315, 0.13364407197317943]], "chi2_level": 0.997, "chi2_df": 3, "chi2_threshold": 13.931422665512084, "N_raw": 87, "N_roi": 87, "N_inlier": 85, "refit": true}
{"timestamp": "18:47:54.827116", "frame": 60, "mu": [-1.332781158773467, 2.162995518147997, 1.5190632812952456], "Sigma": [[0.007235213841623876, 0.0019790399380662112, -0.01195363130711738], [0.0019790399380662117, 0.005653574144914022, -0.025843786460691177], [-0.01195363130711738, -0.025843786460691177, 0.14196600091661285]], "chi2_level": 0.997, "chi2_df": 3, "chi2_threshold": 13.931422665512084, "N_raw": 21, "N_roi": 21, "N_inlier": 19, "refit": true}
{"timestamp": "18:47:54.886971", "frame": 61, "mu": [-1.3167064113601934, 2.209906419346799, 1.5306292702980848], "Sigma": [[0.007227760976471457, 0.00161399751518992, -0.006964137535347992], [0.0016139975151899205, 0.007391549147602607, -0.016247140157037827], [-0.006964137535347991, -0.016247140157037827, 0.07493843617715784]], "chi2_level": 0.997, "chi2_df": 3, "chi2_threshold": 13.931422665512084, "N_raw": 49, "N_roi": 49, "N_inlier": 47, "refit": true}
{"timestamp": "18:47:54.941530", "frame": 62, "mu": [-1.4625700122541037, 2.2115440527023145, 1.4036931619659883], "Sigma": [[0.0068896075586598665, 0.0017706992198644638, -0.01319053021468582], [0.0017706992198644638, 0.005834412930155243, -0.017184820983816428], [-0.01319053021468582, -0.017184820983816424, 0.27873433623796134]], "chi2_level": 0.997, "chi2_df": 3, "chi2_threshold": 13.931422665512084, "N_raw": 50, "N_roi": 50, "N_inlier": 49, "refit": true}
{"timestamp": "18:47:54.995964", "frame": 63, "mu": [-1.382748812151414, 2.411548734256253, -0.010779640437115018], "Sigma": [[0.015203070178088817, -0.00613411937728686, 0.021441847711840017], [-0.00613411937728686, 0.023635800218565713, -0.04783631368278799], [0.021441847711840017, -0.04783631368278799, 0.1141820464437565]], "chi2_level": 0.997, "chi2_df": 3, "chi2_threshold": 13.931422665512084, "N_raw": 46, "N_roi": 46, "N_inlier": 44, "refit": true}
{"timestamp": "18:47:55.059654", "frame": 64, "mu": [-1.3970028032006725, 2.386030748470181, 1.1361771475826068], "Sigma": [[0.023848142407403787, 0.013567325996404542, 0.032788192214455496], [0.013567325996404542, 0.016822648898072355, 0.025065984970381355], [0.032788192214455496, 0.025065984970381358, 0.19975388707437994]], "chi2_level": 0.997, "chi2_df": 3, "chi2_threshold": 13.931422665512084, "N_raw": 103, "N_roi": 103, "N_inlier": 103, "refit": true}
{"timestamp": "18:47:55.105128", "frame": 65, "mu": [-1.3438980568998624, 2.5099778349616693, 1.303181763319285], "Sigma": [[0.00712545956484478, 0.0022294395244206668, -0.0036138981866403585], [0.0022294395244206668, 0.0030063522487380496, -0.015880968677161312], [-0.0036138981866403585, -0.015880968677161312, 0.11324020915184224]], "chi2_level": 0.997, "chi2_df": 3, "chi2_threshold": 13.931422665512084, "N_raw": 36, "N_roi": 36, "N_inlier": 34, "refit": true}
{"timestamp": "18:47:55.163055", "frame": 66, "mu": [-1.3290855389083736, 2.545866814111408, 0.01618626242461124], "Sigma": [[0.010668365772201321, 0.004231105425502856, 0.009737493023739928], [0.004231105425502856, 0.009906315200142986, 0.005304512812465289], [0.009737493023739928, 0.00530451281246529, 0.04124499792717651]], "chi2_level": 0.997, "chi2_df": 3, "chi2_threshold": 13.931422665512084, "N_raw": 57, "N_roi": 57, "N_inlier": 53, "refit": true}
{"timestamp": "18:47:55.220934", "frame": 67, "mu": [-1.4487299504109319, 2.6972222734527316, -0.01999683528358478], "Sigma": [[0.03918471944530851, -0.017053792667383327, 0.03663907121050157], [-0.017053792667383327, 0.025445206290240337, -0.04789532093850693], [0.03663907121050157, -0.04789532093850693, 0.09857923550860445]], "chi2_level": 0.997, "chi2_df": 3, "chi2_threshold": 13.931422665512084, "N_raw": 80, "N_roi": 80, "N_inlier": 78, "refit": true}
{"timestamp": "18:47:55.273745", "frame": 68, "mu": [-1.3265181880352135, 2.6593466804242265, 0.20382748233236073], "Sigma": [[0.013939939317647266, -0.0008666760304470676, -0.0019470352063065345], [-0.0008666760304470676, 0.015111262558913388, -0.01874481978354744], [-0.0019470352063065345, -0.01874481978354744, 0.03451719956221465]], "chi2_level": 0.997, "chi2_df": 3, "chi2_threshold": 13.931422665512084, "N_raw": 62, "N_roi": 62, "N_inlier": 59, "refit": true}
{"timestamp": "18:47:55.329645", "frame": 69, "mu": [-1.3422507108899313, 2.676722664971923, 1.5536289216435002], "Sigma": [[0.014197650089030745, 0.0027424862945330743, -0.008576386017807455], [0.002742486294533074, 0.007991335092881255, -0.007122039317958953], [-0.008576386017807455, -0.007122039317958953, 0.014422519594517076]], "chi2_level": 0.997, "chi2_df": 3, "chi2_threshold": 13.931422665512084, "N_raw": 71, "N_roi": 71, "N_inlier": 68, "refit": true}
{"timestamp": "18:47:55.379738", "frame": 70, "mu": [-1.3234705304593275, 2.7013530115586564, 1.6170651118973494], "Sigma": [[0.0104447812513859, 0.0026148805480387554, -0.007329839562227587], [0.0026148805480387554, 0.004260128041928292, -0.0023208877993126003], [-0.007329839562227587, -0.0023208877993126, 0.006526818483343373]], "chi2_level": 0.997, "chi2_df": 3, "chi2_threshold": 13.931422665512084, "N_raw": 40, "N_roi": 40, "N_inlier": 37, "refit": true}
{"timestamp": "18:47:55.439034", "frame": 71, "mu": [-1.3637078317356943, 2.880332695414161, 0.05100073720666938], "Sigma": [[0.012230113281989244, 0.008755460865578296, -0.023679893068737183], [0.008755460865578296, 0.03712353406187015, -0.09925654788701588], [-0.023679893068737183, -0.09925654788701588, 0.2984102024778526]], "chi2_level": 0.997, "chi2_df": 3, "chi2_threshold": 13.931422665512084, "N_raw": 72, "N_roi": 72, "N_inlier": 72, "refit": true}
{"timestamp": "18:47:55.496345", "frame": 72, "mu": [-1.2878127356239175, 2.6262325019787895, 0.8369086447386272], "Sigma": [[0.013339646808029825, 0.011933015675812602, -0.0023319500662987783], [0.011933015675812602, 0.4481969834233909, 0.598883120326032], [-0.0023319500662987765, 0.598883120326032, 1.1549710439071819]], "chi2_level": 0.997, "chi2_df": 3, "chi2_threshold": 13.931422665512084, "N_raw": 84, "N_roi": 84, "N_inlier": 83, "refit": true}
{"timestamp": "18:47:55.546380", "frame": 73, "mu": [-1.388127310444351, 2.9604727432806826, 0.8887467646424768], "Sigma": [[0.009576983397792881, -0.0019063985249525304, -0.009420520350803685], [-0.0019063985249525304, 0.004121675949839461, 0.00625176585078184], [-0.009420520350803683, 0.006251765850781839, 0.18355404036164577]], "chi2_level": 0.997, "chi2_df": 3, "chi2_threshold": 13.931422665512084, "N_raw": 41, "N_roi": 41, "N_inlier": 40, "refit": true}
{"timestamp": "18:47:55.606414", "frame": 74, "mu": [-1.3291694821286602, 2.997506674822414, 1.4082893988424703], "Sigma": [[0.02562515806729128, -0.006067485847475778, 0.013373732877040224], [-0.00606748584747578, 0.010217324195690913, -0.018030270244767128], [0.013373732877040223, -0.01803027024476713, 0.047425757080647286]], "chi2_level": 0.997, "chi2_df": 3, "chi2_threshold": 13.931422665512084, "N_raw": 65, "N_roi": 65, "N_inlier": 65, "refit": true}
{"timestamp": "18:47:55.659522", "frame": 75, "mu": [-1.4208732143697178, 3.0524164969643905, 0.9609792300066611], "Sigma": [[0.022467767896020664, 0.003280788874865311, 0.027774960826750593], [0.003280788874865311, 0.004812170548744403, -0.007836342145150114], [0.027774960826750593, -0.007836342145150114, 0.1830966617718282]], "chi2_level": 0.997, "chi2_df": 3, "chi2_threshold": 13.931422665512084, "N_raw": 75, "N_roi": 75, "N_inlier": 73, "refit": true}
{"timestamp": "18:47:55.713203", "frame": 76, "mu": [-1.3521850312716002, 3.1435292022071777, 1.0860365649888142], "Sigma": [[0.01436245967429066, -0.002264639964177402, 0.02827762549028017], [-0.002264639964177402, 0.0068801459932662885, -0.03140037004166474], [0.028277625490280175, -0.03140037004166473, 0.21676120501426752]], "chi2_level": 0.997, "chi2_df": 3, "chi2_threshold": 13.931422665512084, "N_raw": 62, "N_roi": 62, "N_inlier": 61, "refit": true}
{"timestamp": "18:47:55.764814", "frame": 77, "mu": [-1.3042919005976992, 3.2186657482965666, 1.0041771693901946], "Sigma": [[0.01096517192127298, -0.00163699456784615, 0.016649958752397435], [-0.0016369945678461502, 0.009265425520302278, -0.043004733758956165], [0.016649958752397435, -0.043004733758956165, 0.243246826511846]], "chi2_level": 0.997, "chi2_df": 3, "chi2_threshold": 13.931422665512084, "N_raw": 41, "N_roi": 40, "N_inlier": 40, "refit": true}
{"timestamp": "18:47:55.823313", "frame": 78, "mu": [-1.2135111632293236, 3.160149857533688, 1.3347735738901416], "Sigma": [[0.012424029752384316, 0.0018790088094889218, -0.0031426085796869055], [0.0018790088094889218, 0.005209421711775297, -0.01662097854417734], [-0.0031426085796869055, -0.016620978544177344, 0.06911622941937348]], "chi2_level": 0.997, "chi2_df": 3, "chi2_threshold": 13.931422665512084, "N_raw": 52, "N_roi": 49, "N_inlier": 47, "refit": true}
{"timestamp": "18:47:55.874120", "frame": 79, "mu": [-1.159911168090582, 3.250432207623007, 1.4400049690794914], "Sigma": [[0.012791260340993134, 0.00017265529008518202, -0.0038228779693496463], [0.00017265529008518197, 0.0035051197076059765, -0.018470319687915095], [-0.003822877969349647, -0.018470319687915092, 0.16236515456431408]], "chi2_level": 0.997, "chi2_df": 3, "chi2_threshold": 13.931422665512084, "N_raw": 40, "N_roi": 39, "N_inlier": 39, "refit": true}
{"timestamp": "18:47:55.932747", "frame": 80, "mu": [-1.034975241760599, 3.359017279673599, -0.1700815260620892], "Sigma": [[0.0133750235247662, -0.005099048898331506, 0.003536026059175012], [-0.005099048898331505, 0.02079528230591829, -0.042087324493329435], [0.003536026059175011, -0.042087324493329435, 0.09963994288660191]], "chi2_level": 0.997, "chi2_df": 3, "chi2_threshold": 13.931422665512084, "N_raw": 44, "N_roi": 40, "N_inlier": 39, "refit": true}
{"timestamp": "18:47:55.984259", "frame": 81, "mu": [-0.9816755685567632, 3.227405256046164, 1.2003288983076446], "Sigma": [[0.012004297566130235, -0.0015215845023285842, -0.023204458788505807], [-0.0015215845023285844, 0.0028129302939273555, 0.0014985752606719409], [-0.023204458788505807, 0.0014985752606719409, 0.05035022265942179]], "chi2_level": 0.997, "chi2_df": 3, "chi2_threshold": 13.931422665512084, "N_raw": 42, "N_roi": 40, "N_inlier": 37, "refit": true}
{"timestamp": "18:47:56.041813", "frame": 82, "mu": [-1.008072129659327, 3.3472932210459763, 0.23055720179992262], "Sigma": [[0.016774921991051493, 0.0028722428328153866, -0.021599370838391536], [0.0028722428328153866, 0.0054245719911304585, -0.00173965082312531], [-0.021599370838391536, -0.00173965082312531, 0.03285821289242398]], "chi2_level": 0.997, "chi2_df": 3, "chi2_threshold": 13.931422665512084, "N_raw": 53, "N_roi": 53, "N_inlier": 51, "refit": true}
{"timestamp": "18:47:56.094898", "frame": 83, "mu": [-1.098390114449665, 3.4177450123931603, 0.9653209838027765], "Sigma": [[0.030174780976731493, -0.005026847505135662, 0.036595440722016634], [-0.005026847505135662, 0.010587399145936054, -0.04341666184154669], [0.036595440722016634, -0.04341666184154669, 0.25780255965200277]], "chi2_level": 0.997, "chi2_df": 3, "chi2_threshold": 13.931422665512084, "N_raw": 38, "N_roi": 36, "N_inlier": 36, "refit": true}
{"timestamp": "18:47:56.151478", "frame": 84, "mu": [-0.9965107838764364, 3.4052445348784754, 1.3132671973197212], "Sigma": [[0.030718478928441366, -0.004222751152485137, 0.04667331947215423], [-0.004222751152485137, 0.005805760964796798, -0.01654485112733078], [0.04667331947215423, -0.01654485112733078, 0.17524633890857458]], "chi2_level": 0.997, "chi2_df": 3, "chi2_threshold": 13.931422665512084, "N_raw": 52, "N_roi": 50, "N_inlier": 50, "refit": true}
{"timestamp": "18:47:56.201947", "frame": 85, "mu": [-0.9247045319355625, 3.4364789798678097, 1.2590364343471185], "Sigma": [[0.01647819453203288, -0.005961381717762006, 0.048128287042407084], [-0.005961381717762006, 0.005241082911554077, -0.02081774631158942], [0.048128287042407084, -0.02081774631158942, 0.17213073476827162]], "chi2_level": 0.997, "chi2_df": 3, "chi2_threshold": 13.931422665512084, "N_raw": 16, "N_roi": 13, "N_inlier": 13, "refit": true}
{"timestamp": "18:47:56.259364", "frame": 86, "mu": [-0.8835806809043433, 3.5429107966358475, 0.09440556277447953], "Sigma": [[0.021651079135020516, -0.01868578351915711, 0.032341206486622476], [-0.018685783519157107, 0.04086940150171862, -0.06628485314259852], [0.032341206486622476, -0.06628485314259852, 0.13477611761871833]], "chi2_level": 0.997, "chi2_df": 3, "chi2_threshold": 13.931422665512084, "N_raw": 48, "N_roi": 46, "N_inlier": 46, "refit": true}
{"timestamp": "18:47:56.317188", "frame": 87, "mu": [-0.772848009557881, 3.4475678145404265, 1.4256598614420994], "Sigma": [[0.016151353694275672, 0.002561856325875374, -0.0005209036632441884], [0.0025618563258753744, 0.008119580583502027, 0.008369360817660008], [-0.0005209036632441882, 0.008369360817660008, 0.011018328491056257]], "chi2_level": 0.997, "chi2_df": 3, "chi2_threshold": 13.931422665512084, "N_raw": 57, "N_roi": 54, "N_inlier": 50, "refit": true}
{"timestamp": "18:47:56.370704", "frame": 88, "mu": [-0.7414888965951506, 3.4813145740845153, 1.415576153655818], "Sigma": [[0.019752575098638335, 0.002776621357343989, -0.011047789118160234], [0.002776621357343989, 0.0056533632357965895, 0.002112857601966344], [-0.011047789118160237, 0.002112857601966345, 0.013339501840732558]], "chi2_level": 0.997, "chi2_df": 3, "chi2_threshold": 13.931422665512084, "N_raw": 50, "N_roi": 48, "N_inlier": 48, "refit": true}
{"timestamp": "18:47:56.425833", "frame": 89, "mu": [-0.7257283391956648, 3.534270680087595, 1.4098874997992832], "Sigma": [[0.019996535140546723, 0.00021071444358037228, -0.011776118589825905], [0.00021071444358037228, 0.0025710016870823804, -0.004245271397346836], [-0.011776118589825905, -0.004245271397346837, 0.015665422572360293]], "chi2_level": 0.997, "chi2_df": 3, "chi2_threshold": 13.931422665512084, "N_raw": 54, "N_roi": 48, "N_inlier": 46, "refit": true}
{"timestamp": "18:47:56.533699", "frame": 91, "mu": [-0.6606250140528676, 3.5700031031430677, 1.2426426548881473], "Sigma": [[0.010054364419929672, 0.0008443002173854341, -0.004180188137617224], [0.0008443002173854342, 0.002101057595264963, -0.0027255107549802506], [-0.004180188137617224, -0.0027255107549802506, 0.005464370373102284]], "chi2_level": 0.997, "chi2_df": 3, "chi2_threshold": 13.931422665512084, "N_raw": 41, "N_roi": 27, "N_inlier": 25, "refit": true}
{"timestamp": "18:47:56.595661", "frame": 92, "mu": [-0.5957057118223471, 3.588273241596416, 1.354433506635752], "Sigma": [[0.025253415220612484, -0.00029435160965569343, -0.00693084687320801], [-0.0002943516096556935, 0.00632304503600874, -0.007532745872721458], [-0.006930846873208009, -0.007532745872721458, 0.012790021779891372]], "chi2_level": 0.997, "chi2_df": 3, "chi2_threshold": 13.931422665512084, "N_raw": 83, "N_roi": 81, "N_inlier": 78, "refit": true}
