{"timestamp": "18:49:37.259156", "frame": 1, "mu": [1.567039820996835, 2.6977692841258016, 1.0460933820729978], "Sigma": [[0.01653789802705971, -0.006775080798674719, -0.002898208640816787], [-0.006775080798674719, 0.009056004439015082, 0.00046948768643982603], [-0.002898208640816787, 0.00046948768643982587, 0.0024370248965222786]], "chi2_level": 0.997, "chi2_df": 3, "chi2_threshold": 13.931422665512084, "N_raw": 54, "N_roi": 54, "N_inlier": 52, "refit": true}
{"timestamp": "18:49:37.317158", "frame": 2, "mu": [1.631947933431436, 2.7212204567057183, 1.150078769092292], "Sigma": [[0.014110312825842337, -0.004748132269402339, -0.004915928892613074], [-0.004748132269402339, 0.007708007757912658, -0.00047300004716441154], [-0.004915928892613074, -0.00047300004716441154, 0.006975738476141603]], "chi2_level": 0.997, "chi2_df": 3, "chi2_threshold": 13.931422665512084, "N_raw": 57, "N_roi": 57, "N_inlier": 55, "refit": true}
{"timestamp": "18:49:37.368757", "frame": 3, "mu": [1.4920053030790852, 2.738407212319975, 1.2857893326984224], "Sigma": [[0.016799810520839852, -0.005953555256037853, -0.001062832473085753], [-0.005953555256037852, 0.004891674185606494, -0.0001181133755904821], [-0.0010628324730857527, -0.0001181133755904821, 0.005931501397931664]], "chi2_level": 0.997, "chi2_df": 3, "chi2_threshold": 13.931422665512084, "N_raw": 30, "N_roi": 30, "N_inlier": 29, "refit": true}
{"timestamp": "18:49:37.425333", "frame": 4, "mu": [1.5488557362220017, 2.7620536274025715, 1.3196002450642719], "Sigma": [[0.010392812681443929, -0.004758057420266229, -0.003192587993322147], [-0.004758057420266231, 0.0038303462848124745, -0.0048389061037336974], [-0.003192587993322148, -0.004838906103733697, 0.02684830009661677]], "chi2_level": 0.997, "chi2_df": 3, "chi2_threshold": 13.931422665512084, "N_raw": 46, "N_roi": 44, "N_inlier": 41, "refit": true}
{"timestamp": "18:49:37.477324", "frame": 5, "mu": [1.5545376427143913, 2.711168458726966, 1.3955012613504403], "Sigma": [[0.0019784237343603906, -6.35832093402951e-05, -0.0021799929633100207], [-6.358320934029502e-05, 0.002048744035409208, -0.005521596436229451], [-0.0021799929633100207, -0.005521596436229451, 0.03217689895978318]], "chi2_level": 0.997, "chi2_df": 3, "chi2_threshold": 13.931422665512084, "N_raw": 14, "N_roi": 14, "N_inlier": 13, "refit": true}
{"timestamp": "18:49:37.539958", "frame": 6, "mu": [1.5709052730481174, 2.8267581022628097, -0.17236085719402572], "Sigma": [[0.01986324668276434, -0.0027130423248917348, -0.006986354997185376], [-0.0027130423248917348, 0.00861135899348883, -0.01429433283702984], [-0.006986354997185378, -0.01429433283702984, 0.038862781756980797]], "chi2_level": 0.997, "chi2_df": 3, "chi2_threshold": 13.931422665512084, "N_raw": 72, "N_roi": 72, "N_inlier": 72, "refit": true}
{"timestamp": "18:49:37.594265", "frame": 7, "mu": [1.5472170581846, 2.692369097443743, 1.097034952885673], "Sigma": [[0.015123534432776748, -0.00524531992335384, -0.004510882659543833], [-0.00524531992335384, 0.0034401365891057623, -0.006148183000102921], [-0.004510882659543833, -0.006148183000102921, 0.06543418997339533]], "chi2_level": 0.997, "chi2_df": 3, "chi2_threshold": 13.931422665512084, "N_raw": 63, "N_roi": 63, "N_inlier": 63, "refit": true}
{"timestamp": "18:49:37.645799", "frame": 8, "mu": [1.561237413534923, 2.7034288582653634, 1.050099712935975], "Sigma": [[0.012186889939909266, -0.004101505828090585, -0.004330104525311509], [-0.004101505828090585, 0.0038011966473826156, -0.0021470036650913316], [-0.004330104525311509, -0.0021470036650913316, 0.01251813787408466]], "chi2_level": 0.997, "chi2_df": 3, "chi2_threshold": 13.931422665512084, "N_raw": 41, "N_roi": 41, "N_inlier": 40, "refit": true}
{"timestamp": "18:49:37.703465", "frame": 9, "mu": [1.5611900555897038, 2.6950342369776994, 1.2931448373804844], "Sigma": [[0.01354054550757352, -0.005304209039803614, -0.0026473817786561854], [-0.005304209039803615, 0.004613266983750646, -0.009137276462842325], [-0.0026473817786561845, -0.009137276462842325, 0.049713232436545435]], "chi2_level": 0.997, "chi2_df": 3, "chi2_threshold": 13.931422665512084, "N_raw": 64, "N_roi": 64, "N_inlier": 64, "refit": true}
{"timestamp": "18:49:37.753092", "frame": 10, "mu": [1.5711165748270006, 2.7140662491334258, 1.1666270298113854], "Sigma": [[0.009045380091907302, -0.005158613712338927, -0.0044630500373507905], [-0.005158613712338927, 0.004133899402633185, -0.00116137987056354], [-0.0044630500373507905, -0.00116137987056354, 0.021181821447025816]], "chi2_level": 0.997, "chi2_df": 3, "chi2_threshold": 13.931422665512084, "N_raw": 26, "N_roi": 26, "N_inlier": 24, "refit": true}
{"timestamp": "18:49:37.810207", "frame": 11, "mu": [1.514232880101523, 2.689626994605068, 1.5128191955615342], "Sigma": [[0.010229662803669914, -0.005217745527951626, -0.0021928356028467506], [-0.005217745527951626, 0.007926869115799949, -0.0020751322471825734], [-0.0021928356028467506, -0.0020751322471825734, 0.004114566515724145]], "chi2_level": 0.997, "chi2_df": 3, "chi2_threshold": 13.931422665512084, "N_raw": 46, "N_roi": 46, "N_inlier": 46, "refit": true}
{"timestamp": "18:49:37.861010", "frame": 12, "mu": [1.4887298446495223, 2.692105878036976, 1.540522245494779], "Sigma": [[0.0033416567687119324, 1.7166054538508073e-05, -0.005745036898738755], [1.716605453850791e-05, 0.002337740039035045, -0.004078115085908149], [-0.005745036898738755, -0.004078115085908149, 0.030505460489760716]], "chi2_level": 0.997, "chi2_df": 3, "chi2_threshold": 13.931422665512084, "N_raw": 11, "N_roi": 11, "N_inlier": 11, "refit": true}
{"timestamp": "18:49:37.918359", "frame": 13, "mu": [1.6138561113869323, 2.6680603471886384, 1.209178192459541], "Sigma": [[0.012471991213245354, -0.0038037867013907918, -0.003685255669034907], [-0.0038037867013907918, 0.0032278677372118377, -0.002398000582448789], [-0.003685255669034907, -0.002398000582448789, 0.009722865024850313]], "chi2_level": 0.997, "chi2_df": 3, "chi2_threshold": 13.931422665512084, "N_raw": 33, "N_roi": 32, "N_inlier": 31, "refit": true}
{"timestamp": "18:49:37.975589", "frame": 14, "mu": [1.6048181908074812, 2.6350351428980217, 1.3174478419333169], "Sigma": [[0.01347567511048207, -0.008575858920941482, -0.004234704662515689], [-0.008575858920941482, 0.009457557307803064, 0.001965083451581376], [-0.004234704662515689, 0.001965083451581376, 0.0027522578745603162]], "chi2_level": 0.997, "chi2_df": 3, "chi2_threshold": 13.931422665512084, "N_raw": 43, "N_roi": 43, "N_inlier": 41, "refit": true}
{"timestamp": "18:49:38.035513", "frame": 15, "mu": [1.5560707847609798, 2.63712169037051, 1.185585215872956], "Sigma": [[0.02262248390200943, -0.010795226086893688, -0.02763112588776814], [-0.010795226086893688, 0.008226586205565361, 0.00628134054869821], [-0.027631125887768136, 0.00628134054869821, 0.06477214108683113]], "chi2_level": 0.997, "chi2_df": 3, "chi2_threshold": 13.931422665512084, "N_raw": 81, "N_roi": 81, "N_inlier": 80, "refit": true}
{"timestamp": "18:49:38.084238", "frame": 16, "mu": [1.6207444346815303, 2.6199237744817503, 0.962182881605178], "Sigma": [[0.011926198426545498, -0.004060830287512748, -0.013987985773794936], [-0.0040608302875127485, 0.005910609097196407, -0.00047109911131562555], [-0.013987985773794936, -0.00047109911131562555, 0.047184829731111]], "chi2_level": 0.997, "chi2_df": 3, "chi2_threshold": 13.931422665512084, "N_raw": 33, "N_roi": 33, "N_inlier": 33, "refit": true}
{"timestamp": "18:49:38.135899", "frame": 17, "mu": [1.4865329962256466, 2.58924167417549, 1.2153292699235356], "Sigma": [[0.0020203215978596527, -0.0011056893698419678, -0.005256661141974037], [-0.0011056893698419678, 0.0023368092378496714, -0.0017700811722816037], [-0.005256661141974037, -0.0017700811722816037, 0.058319843246514416]], "chi2_level": 0.997, "chi2_df": 3, "chi2_threshold": 13.931422665512084, "N_raw": 12, "N_roi": 12, "N_inlier": 12, "refit": true}
{"timestamp": "18:49:38.201715", "frame": 18, "mu": [1.5431764991913195, 2.5442716075212397, 1.0648223756603277], "Sigma": [[0.019595780493759964, -0.007318423910381186, -0.011880760513212643], [-0.007318423910381186, 0.006357379146204028, -0.0032649076795187907], [-0.011880760513212643, -0.003264907679518791, 0.06501288008808083]], "chi2_level": 0.997, "chi2_df": 3, "chi2_threshold": 13.931422665512084, "N_raw": 88, "N_roi": 88, "N_inlier": 88, "refit": true}
{"timestamp": "18:49:38.257268", "frame": 19, "mu": [1.52319663640904, 2.487541288643934, 1.0000924875052335], "Sigma": [[0.02067367171765157, -0.002666058051209808, -0.008490404341554646], [-0.002666058051209808, 0.004691104985219939, -0.004236198130736732], [-0.008490404341554646, -0.004236198130736732, 0.04562664654541674]], "chi2_level": 0.997, "chi2_df": 3, "chi2_threshold": 13.931422665512084, "N_raw": 87, "N_roi": 87, "N_inlier": 87, "refit": true}
{"timestamp": "18:49:38.311872", "frame": 20, "mu": [1.512034019118372, 2.42903185210876, 0.9398971052765703], "Sigma": [[0.021414275904993556, -0.003754967707766337, -0.0006480202531280784], [-0.0037549677077663365, 0.0055172747600841275, -0.004460245537705618], [-0.0006480202531280786, -0.004460245537705618, 0.017904166238280835]], "chi2_level": 0.997, "chi2_df": 3, "chi2_threshold": 13.931422665512084, "N_raw": 84, "N_roi": 84, "N_inlier": 83, "refit": true}
{"timestamp": "18:49:38.368601", "frame": 21, "mu": [1.4999025824661743, 2.4520592789935143, 1.1516325328252834], "Sigma": [[0.021295387880587595, -0.007397562561805556, -0.021038624656901216], [-0.007397562561805555, 0.005771467099030518, 0.00046969422458376575], [-0.02103862465690122, 0.0004696942245837658, 0.060470341099078374]], "chi2_level": 0.997, "chi2_df": 3, "chi2_threshold": 13.931422665512084, "N_raw": 90, "N_roi": 90, "N_inlier": 90, "refit": true}
{"timestamp": "18:49:38.419350", "frame": 22, "mu": [1.5027270848922123, 2.309600047972915, 0.8548564638398322], "Sigma": [[0.016114765426611808, -0.0020865256635181437, -0.0014839055387572216], [-0.0020865256635181437, 0.010401448607219026, 0.0016353122063785274], [-0.0014839055387572213, 0.0016353122063785276, 0.0019241946466139969]], "chi2_level": 0.997, "chi2_df": 3, "chi2_threshold": 13.931422665512084, "N_raw": 65, "N_roi": 65, "N_inlier": 62, "refit": true}
{"timestamp": "18:49:38.475550", "frame": 23, "mu": [1.518043710021858, 2.2981482758543383, 0.9716614043658327], "Sigma": [[0.016200388738883666, -0.006561560165607136, -0.012958339336720625], [-0.006561560165607136, 0.004316592115220229, 0.0007898706734687318], [-0.012958339336720623, 0.0007898706734687318, 0.04149504175173168]], "chi2_level": 0.997, "chi2_df": 3, "chi2_threshold": 13.931422665512084, "N_raw": 69, "N_roi": 69, "N_inlier": 68, "refit": true}
{"timestamp": "18:49:38.529474", "frame": 24, "mu": [1.4568291120425043, 2.2834679953594432, 1.1473593478501818], "Sigma": [[0.015053081077133773, -0.008194279092652404, -0.013199911885815763], [-0.008194279092652404, 0.006527650207516362, 0.0040213907702761915], [-0.013199911885815763, 0.0040213907702761915, 0.039476371402618296]], "chi2_level": 0.997, "chi2_df": 3, "chi2_threshold": 13.931422665512084, "N_raw": 65, "N_roi": 65, "N_inlier": 62, "refit": true}
{"timestamp": "18:49:38.586183", "frame": 25, "mu": [1.4413174752077844, 2.253079690847291, 1.1912327384439672], "Sigma": [[0.014568849107895307, -0.006396051767332441, -0.007512706193386513], [-0.006396051767332441, 0.005296692852478203, -0.00382398031815176], [-0.007512706193386512, -0.0038239803181517604, 0.03268027836550312]], "chi2_level": 0.997, "chi2_df": 3, "chi2_threshold": 13.931422665512084, "N_raw": 77, "N_roi": 77, "N_inlier": 75, "refit": true}
{"timestamp": "18:49:38.640079", "frame": 26, "mu": [1.4161453143447513, 2.2413326500540913, 1.1752074036323266], "Sigma": [[0.012134733875682436, -0.00593396390637774, -0.0013977345410618287], [-0.00593396390637774, 0.006884999044315624, -0.0059950400413492], [-0.001397734541061829, -0.0059950400413492, 0.016511942780389036]], "chi2_level": 0.997, "chi2_df": 3, "chi2_threshold": 13.931422665512084, "N_raw": 69, "N_roi": 69, "N_inlier": 67, "refit": true}
{"timestamp": "18:49:38.701275", "frame": 27, "mu": [1.418542036366365, 2.3198119634255288, -0.42509502070072624], "Sigma": [[0.020883868936649425, -0.005679673131743199, -0.01247197663742131], [-0.005679673131743199, 0.008578560415036803, -0.013328019066266534], [-0.01247197663742131, -0.013328019066266534, 0.057365352137211965]], "chi2_level": 0.997, "chi2_df": 3, "chi2_threshold": 13.931422665512084, "N_raw": 107, "N_roi": 107, "N_inlier": 107, "refit": true}
{"timestamp": "18:49:38.752547", "frame": 28, "mu": [1.3674734227250402, 2.1105904096159334, 1.0852697236245707], "Sigma": [[0.012033062742447118, -0.006194060207448577, 0.004831715245103152], [-0.006194060207448577, 0.005156523488539733, -0.00691738011345682], [0.004831715245103152, -0.006917380113456821, 0.06264485136110502]], "chi2_level": 0.997, "chi2_df": 3, "chi2_threshold": 13.931422665512084, "N_raw": 85, "N_roi": 85, "N_inlier": 82, "refit": true}
{"timestamp": "18:49:38.806663", "frame": 29, "mu": [1.4170141277142694, 2.031250480953196, 0.9042627895860313], "Sigma": [[0.01371015407645672, -0.006358014739597961, -0.00682737127828711], [-0.006358014739597962, 0.004975020516235713, 0.00829729377527098], [-0.006827371278287109, 0.008297293775270982, 0.07224221239993012]], "chi2_level": 0.997, "chi2_df": 3, "chi2_threshold": 13.931422665512084, "N_raw": 75, "N_roi": 75, "N_inlier": 72, "refit": true}
{"timestamp": "18:49:38.864431", "frame": 30, "mu": [1.382570280635834, 1.9834459629865229, 1.0815744345973524], "Sigma": [[0.0134418406647428, -0.00640715580049369, -0.008758841548247607], [-0.00640715580049369, 0.0068338686366085, 0.004663169773653416], [-0.008758841548247605, 0.004663169773653416, 0.0727400612626889]], "chi2_level": 0.997, "chi2_df": 3, "chi2_threshold": 13.931422665512084, "N_raw": 96, "N_roi": 96, "N_inlier": 94, "refit": true}
{"timestamp": "18:49:38.919530", "frame": 31, "mu": [1.3368543517874236, 1.9674932043030982, 1.1426743861279152], "Sigma": [[0.014324095174576586, -0.007729227592190674, -0.00574811195223403], [-0.007729227592190674, 0.008985687704946085, 0.003953843933227864], [-0.0057481119522340305, 0.003953843933227864, 0.046465577386610675]], "chi2_level": 0.997, "chi2_df": 3, "chi2_threshold": 13.931422665512084, "N_raw": 93, "N_roi": 93, "N_inlier": 90, "refit": true}
{"timestamp": "18:49:38.977663", "frame": 32, "mu": [1.329194450545441, 1.8899172843503886, 1.0954862606942222], "Sigma": [[0.013578724525471337, -0.009650335688958294, -0.016084476529058485], [-0.009650335688958294, 0.011096721597857137, 0.005929144839980232], [-0.016084476529058485, 0.005929144839980231, 0.07378055009474635]], "chi2_level": 0.997, "chi2_df": 3, "chi2_threshold": 13.931422665512084, "N_raw": 115, "N_roi": 114, "N_inlier": 111, "refit": true}
{"timestamp": "18:49:39.027348", "frame": 33, "mu": [1.3232216801378387, 1.9556930602568965, -0.5582496384835153], "Sigma": [[0.01172546067626577, 0.0012374486636465478, 0.019770172579949882], [0.0012374486636465476, 0.006975469322879093, -0.002553599510200332], [0.019770172579949882, -0.002553599510200332, 0.1601645754187532]], "chi2_level": 0.997, "chi2_df": 3, "chi2_threshold": 13.931422665512084, "N_raw": 74, "N_roi": 74, "N_inlier": 70, "refit": true}
{"timestamp": "18:49:39.083409", "frame": 34, "mu": [1.2600850758318367, 1.8143399885971705, 1.1972943123092274], "Sigma": [[0.01140141725956161, -0.007199052234628758, -0.004569877355405011], [-0.007199052234628758, 0.01252149736676724, 0.0010015594749958234], [-0.004569877355405011, 0.0010015594749958234, 0.026264999694947493]], "chi2_level": 0.997, "chi2_df": 3, "chi2_threshold": 13.931422665512084, "N_raw": 90, "N_roi": 90, "N_inlier": 86, "refit": true}
{"timestamp": "18:49:39.138889", "frame": 35, "mu": [1.2107240226498304, 1.744989776357476, 1.0910279109598349], "Sigma": [[0.00831491599354474, -0.0054153870847613375, -0.006884658507436365], [-0.0054153870847613375, 0.007038467407192822, 0.003948318695188988], [-0.006884658507436364, 0.003948318695188987, 0.07132634152742781]], "chi2_level": 0.997, "chi2_df": 3, "chi2_threshold": 13.931422665512084, "N_raw": 92, "N_roi": 92, "N_inlier": 89, "refit": true}
{"timestamp": "18:49:39.194038", "frame": 36, "mu": [1.1842365721819994, 1.750045461284825, 1.184688635963034], "Sigma": [[0.011661117562726397, -0.0037348232758833435, -0.013553263513965158], [-0.003734823275883343, 0.0061964611100160496, -0.010323708621182929], [-0.013553263513965158, -0.010323708621182929, 0.10792268788507323]], "chi2_level": 0.997, "chi2_df": 3, "chi2_threshold": 13.931422665512084, "N_raw": 100, "N_roi": 100, "N_inlier": 98, "refit": true}
{"timestamp": "18:49:39.247743", "frame": 37, "mu": [1.2050252710845906, 1.6094046177856005, 1.1900729397032912], "Sigma": [[0.015150402403279228, -0.00843216387235221, -0.02151972650165364], [-0.00843216387235221, 0.007382045843017256, 0.010298467273310722], [-0.02151972650165364, 0.010298467273310722, 0.0502725005717292]], "chi2_level": 0.997, "chi2_df": 3, "chi2_threshold": 13.931422665512084, "N_raw": 80, "N_roi": 80, "N_inlier": 77, "refit": true}
{"timestamp": "18:49:39.303236", "frame": 38, "mu": [1.1976880543602475, 1.575360799446551, 1.0034666755699242], "Sigma": [[0.013453350349618105, -0.011421564493670742, -0.025356162060349588], [-0.011421564493670738, 0.014754983354740668, 0.027687839888850728], [-0.025356162060349588, 0.027687839888850728, 0.12500542338041593]], "chi2_level": 0.997, "chi2_df": 3, "chi2_threshold": 13.931422665512084, "N_raw": 87, "N_roi": 87, "N_inlier": 85, "refit": true}
{"timestamp": "18:49:39.361739", "frame": 39, "mu": [1.1639042912051902, 1.5257458322650423, 1.0046849302750818], "Sigma": [[0.016657239944395677, -0.01545630294766961, -0.02233877442994248], [-0.01545630294766961, 0.017221992722255386, 0.0171709045227788], [-0.022338774429942476, 0.017170904522778797, 0.05876201861367775]], "chi2_level": 0.997, "chi2_df": 3, "chi2_threshold": 13.931422665512084, "N_raw": 111, "N_roi": 111, "N_inlier": 109, "refit": true}
{"timestamp": "18:49:39.416345", "frame": 40, "mu": [1.050022097805879, 1.561273001742124, 1.158159621329085], "Sigma": [[0.015239730178561848, -0.006368759615249223, -0.003372918480456761], [-0.006368759615249223, 0.005100970850459114, -0.003433837674335675], [-0.0033729184804567615, -0.003433837674335675, 0.031238075599136446]], "chi2_level": 0.997, "chi2_df": 3, "chi2_threshold": 13.931422665512084, "N_raw": 105, "N_roi": 105, "N_inlier": 102, "refit": true}
{"timestamp": "18:49:39.477232", "frame": 41, "mu": [0.9152363244013412, 1.5552331903993253, 1.156380515836174], "Sigma": [[0.028178042098999646, -0.010523099514451592, 0.020272863236561283], [-0.010523099514451592, 0.006882059153721641, -0.01368571102957677], [0.020272863236561283, -0.01368571102957677, 0.08036379897412495]], "chi2_level": 0.997, "chi2_df": 3, "chi2_threshold": 13.931422665512084, "N_raw": 149, "N_roi": 148, "N_inlier": 146, "refit": true}
{"timestamp": "18:49:39.524038", "frame": 42, "mu": [0.9291282413517654, 1.6350272252265745, -0.4772676070926729], "Sigma": [[0.05007264102064339, -0.030251282045161226, 0.013921487478446567], [-0.030251282045161226, 0.024432095488903533, -0.017171936651896626], [0.013921487478446567, -0.017171936651896626, 0.02793584141551271]], "chi2_level": 0.997, "chi2_df": 3, "chi2_threshold": 13.931422665512084, "N_raw": 93, "N_roi": 93, "N_inlier": 92, "refit": true}
{"timestamp": "18:49:39.585291", "frame": 43, "mu": [0.8591205547340857, 1.4704589868181202, 1.102710695716071], "Sigma": [[0.03879429395452676, -0.024151376503525633, 0.016693400316024704], [-0.024151376503525633, 0.018726588326746847, -0.018904179855306576], [0.016693400316024704, -0.018904179855306576, 0.05015785275629224]], "chi2_level": 0.997, "chi2_df": 3, "chi2_threshold": 13.931422665512084, "N_raw": 135, "N_roi": 135, "N_inlier": 135, "refit": true}
{"timestamp": "18:49:39.640119", "frame": 44, "mu": [0.8163227711569809, 1.4067788143454447, 1.1605440073721618], "Sigma": [[0.042872189770025146, -0.025416771567918585, 0.014736940806566127], [-0.025416771567918585, 0.018918082512023454, -0.013118639686816685], [0.014736940806566127, -0.013118639686816685, 0.05985782095530232]], "chi2_level": 0.997, "chi2_df": 3, "chi2_threshold": 13.931422665512084, "N_raw": 132, "N_roi": 132, "N_inlier": 129, "refit": true}
{"timestamp": "18:49:39.692461", "frame": 45, "mu": [0.7564126274402959, 1.4131045462431662, 1.119194460076475], "Sigma": [[0.02615761298531146, -0.023856978412551598, 0.014551444355833863], [-0.023856978412551598, 0.029355818209411137, -0.0224036650276815], [0.014551444355833863, -0.0224036650276815, 0.040039900944234125]], "chi2_level": 0.997, "chi2_df": 3, "chi2_threshold": 13.931422665512084, "N_raw": 118, "N_roi": 118, "N_inlier": 118, "refit": true}
{"timestamp": "18:49:39.741506", "frame": 46, "mu": [0.8079175980071351, 1.4188885611689823, -0.38930727552317107], "Sigma": [[0.009146418635413487, 0.00022541276612830725, 0.0048151909588164295], [0.00022541276612830728, 0.004273148927254337, -0.005367974792688198], [0.00481519095881643, -0.005367974792688198, 0.04858901447156296]], "chi2_level": 0.997, "chi2_df": 3, "chi2_threshold": 13.931422665512084, "N_raw": 73, "N_roi": 73, "N_inlier": 68, "refit": true}
{"timestamp": "18:49:39.796448", "frame": 47, "mu": [0.7646736314626024, 1.2825458351879269, 1.2740434585916862], "Sigma": [[0.006211356650321309, -0.0027545756950575415, -0.002096852044116482], [-0.0027545756950575415, 0.0046555737605506456, -0.00505488180418398], [-0.002096852044116482, -0.00505488180418398, 0.04159337646296615]], "chi2_level": 0.997, "chi2_df": 3, "chi2_threshold": 13.931422665512084, "N_raw": 75, "N_roi": 75, "N_inlier": 71, "refit": true}
{"timestamp": "18:49:39.852123", "frame": 48, "mu": [0.695203791061763, 1.256848180311989, 1.0862243955750372], "Sigma": [[0.0045199754577559936, -0.0018306437505547129, -0.003914480139434033], [-0.0018306437505547129, 0.006007330113396949, 0.026770993254912768], [-0.0039144801394340335, 0.026770993254912768, 0.3393567163244505]], "chi2_level": 0.997, "chi2_df": 3, "chi2_threshold": 13.931422665512084, "N_raw": 79, "N_roi": 79, "N_inlier": 78, "refit": true}
{"timestamp": "18:49:39.909610", "frame": 49, "mu": [0.6782715903989721, 1.176498777465261, -0.4254128843479421], "Sigma": [[0.007200891596835132, -0.006324237523681077, 0.0038187142784482436], [-0.006324237523681077, 0.014422668112433978, 0.054864410151600596], [0.0038187142784482453, 0.054864410151600596, 1.7111422111297292]], "chi2_level": 0.997, "chi2_df": 3, "chi2_threshold": 13.931422665512084, "N_raw": 99, "N_roi": 99, "N_inlier": 99, "refit": true}
{"timestamp": "18:49:39.964305", "frame": 50, "mu": [0.608533497710058, 1.2186421473743803, 1.344979174135926], "Sigma": [[0.008296382548640605, -0.0053854996445580425, -0.0016712384212124298], [-0.0053854996445580425, 0.008204743776102317, -0.0036075033802208953], [-0.0016712384212124298, -0.0036075033802208953, 0.010751269057497554]], "chi2_level": 0.997, "chi2_df": 3, "chi2_threshold": 13.931422665512084, "N_raw": 96, "N_roi": 96, "N_inlier": 91, "refit": true}
{"timestamp": "18:49:40.016836", "frame": 51, "mu": [0.5055878916011464, 1.2268170680221189, 1.4319681770020587], "Sigma": [[0.003662304299737, -0.0014547054200975602, -0.0038594439540602836], [-0.0014547054200975602, 0.005570087029859265, -0.0020317853939603673], [-0.0038594439540602836, -0.0020317853939603673, 0.012083822323224793]], "chi2_level": 0.997, "chi2_df": 3, "chi2_threshold": 13.931422665512084, "N_raw": 74, "N_roi": 74, "N_inlier": 69, "refit": true}
{"timestamp": "18:49:40.072374", "frame": 52, "mu": [0.4809582190236474, 1.1748206413851832, 1.4273417363382148], "Sigma": [[0.004716778136010878, -0.0015723831278691234, -0.0064956753377569286], [-0.0015723831278691234, 0.006652134665047052, 0.0008435647389012695], [-0.0064956753377569286, 0.0008435647389012695, 0.010287877314243077]], "chi2_level": 0.997, "chi2_df": 3, "chi2_threshold": 13.931422665512084, "N_raw": 75, "N_roi": 75, "N_inlier": 71, "refit": true}
{"timestamp": "18:49:40.124302", "frame": 53, "mu": [0.4334803500863751, 1.1484752866945964, 1.301318751500637], "Sigma": [[0.004025439038457784, -0.0018619008221887757, -0.007563515845219842], [-0.0018619008221887757, 0.004676677002734458, 0.004895418792012741], [-0.007563515845219842, 0.004895418792012741, 0.1586331044676377]], "chi2_level": 0.997, "chi2_df": 3, "chi2_threshold": 13.931422665512084, "N_raw": 61, "N_roi": 61, "N_inlier": 59, "refit": true}
{"timestamp": "18:49:40.178923", "frame": 54, "mu": [0.32920712061396595, 1.2088334284232714, 1.4667866657499746], "Sigma": [[0.0037008897583709274, -0.00045518935702200354, -0.002713393854431625], [-0.00045518935702200354, 0.0035147821728674904, -0.0017041729406467214], [-0.0027133938544316254, -0.0017041729406467214, 0.007033229663442779]], "chi2_level": 0.997, "chi2_df": 3, "chi2_threshold": 13.931422665512084, "N_raw": 65, "N_roi": 65, "N_inlier": 60, "refit": true}
{"timestamp": "18:49:40.234058", "frame": 55, "mu": [0.30259018174188, 1.187673345282459, -0.5246648963874746], "Sigma": [[0.002624022285158196, 0.0008082545921667126, 0.0034147239190777065], [0.0008082545921667127, 0.007730018715112168, 0.005638425774323757], [0.0034147239190777065, 0.005638425774323757, 0.018794102349860762]], "chi2_level": 0.997, "chi2_df": 3, "chi2_threshold": 13.931422665512084, "N_raw": 52, "N_roi": 52, "N_inlier": 49, "refit": true}
{"timestamp": "18:49:40.293550", "frame": 56, "mu": [0.20185686038882464, 1.282595671672015, 0.16669209213060857], "Sigma": [[0.003952665361571145, -0.0017532521563492845, 0.023692842757949417], [-0.0017532521563492847, 0.010374239797706523, -0.033624026369221904], [0.023692842757949417, -0.033624026369221904, 0.36557321253111513]], "chi2_level": 0.997, "chi2_df": 3, "chi2_threshold": 13.931422665512084, "N_raw": 88, "N_roi": 88, "N_inlier": 85, "refit": true}
{"timestamp": "18:49:40.347026", "frame": 57, "mu": [0.1615011801792419, 1.2577145001103134, -0.17117672387078056], "Sigma": [[0.0038845497459650304, 0.001069547111273684, 0.020417295978314938], [0.001069547111273684, 0.006797955890542666, 0.006067469936654572], [0.020417295978314938, 0.006067469936654572, 0.33302268985823197]], "chi2_level": 0.997, "chi2_df": 3, "chi2_threshold": 13.931422665512084, "N_raw": 80, "N_roi": 80, "N_inlier": 77, "refit": true}
{"timestamp": "18:49:40.400945", "frame": 58, "mu": [0.10277593953966593, 1.25001604603316, 1.5811552449012845], "Sigma": [[0.0035605216198632836, -0.00015093584697400728, -0.0025214557240683605], [-0.00015093584697400733, 0.0046220763298422856, -0.004595001378589663], [-0.0025214557240683605, -0.004595001378589663, 0.007593936976598357]], "chi2_level": 0.997, "chi2_df": 3, "chi2_threshold": 13.931422665512084, "N_raw": 81, "N_roi": 81, "N_inlier": 78, "refit": true}
{"timestamp": "18:49:40.455845", "frame": 59, "mu": [0.028604096920072805, 1.2501665069151566, 1.5666918109718486], "Sigma": [[0.0029841233070108403, 0.0002642301919186273, -0.002359123330800521], [0.00026423019191862727, 0.00346017561040933, -0.006045954158180081], [-0.002359123330800521, -0.006045954158180081, 0.012487406692905849]], "chi2_level": 0.997, "chi2_df": 3, "chi2_threshold": 13.931422665512084, "N_raw": 74, "N_roi": 74, "N_inlier": 72, "refit": true}
{"timestamp": "18:49:40.504401", "frame": 60, "mu": [-0.021685613209215686, 1.1628033127819748, 1.4588977725739736], "Sigma": [[0.0015751912879031378, 0.0003585221620086967, 0.003676693990663839], [0.0003585221620086966, 0.0024928734741040013, 0.005344730763885031], [0.0036766939906638387, 0.0053447307638850305, 0.17138876718205553]], "chi2_level": 0.997, "chi2_df": 3, "chi2_threshold": 13.931422665512084, "N_raw": 31, "N_roi": 31, "N_inlier": 29, "refit": true}
{"timestamp": "18:49:40.563116", "frame": 61, "mu": [-0.06711889862579783, 1.2162571078855344, 1.5432137907929167], "Sigma": [[0.002697092913150791, 0.0009735366556491962, -0.00333069113981446], [0.0009735366556491963, 0.006831739355531352, -0.0011453695319236256], [-0.00333069113981446, -0.0011453695319236256, 0.006055060578798044]], "chi2_level": 0.997, "chi2_df": 3, "chi2_threshold": 13.931422665512084, "N_raw": 64, "N_roi": 64, "N_inlier": 59, "refit": true}
{"timestamp": "18:49:40.621790", "frame": 62, "mu": [-0.1374372021682572, 1.2318544320782518, 1.5492725043194497], "Sigma": [[0.004675690989685994, 0.0006425085765492252, -0.0033482140511406845], [0.0006425085765492253, 0.004193029516992907, -0.0041419252285277985], [-0.0033482140511406845, -0.0041419252285277985, 0.011552457831659408]], "chi2_level": 0.997, "chi2_df": 3, "chi2_threshold": 13.931422665512084, "N_raw": 85, "N_roi": 85, "N_inlier": 81, "refit": true}
{"timestamp": "18:49:40.683086", "frame": 63, "mu": [-0.22474955070439517, 1.1928964613535715, 1.4864286129077993], "Sigma": [[0.004467396747812572, 0.00254715070846174, 0.003654408013202603], [0.00254715070846174, 0.008104767953153668, 0.0007813761052659835], [0.003654408013202603, 0.0007813761052659833, 0.006985439820457143]], "chi2_level": 0.997, "chi2_df": 3, "chi2_threshold": 13.931422665512084, "N_raw": 89, "N_roi": 88, "N_inlier": 83, "refit": true}
{"timestamp": "18:49:40.729168", "frame": 64, "mu": [-0.3149687077269101, 1.2366916579070548, 1.5541450479230114], "Sigma": [[0.003480745414060081, -0.001053836524012631, -0.00328743614853649], [-0.001053836524012631, 0.003563062413865681, -0.000501009639475968], [-0.00328743614853649, -0.0005010096394759682, 0.018909479915477624]], "chi2_level": 0.997, "chi2_df": 3, "chi2_threshold": 13.931422665512084, "N_raw": 63, "N_roi": 63, "N_inlier": 60, "refit": true}
{"timestamp": "18:49:40.784100", "frame": 65, "mu": [-0.33551661757748935, 1.241817845544599, 1.4936556800480412], "Sigma": [[0.003203025629179922, 0.0002911198458657705, -0.004472103823295516], [0.00029111984586577044, 0.003596601211411128, -0.005204735937555927], [-0.004472103823295517, -0.005204735937555927, 0.029718939256697406]], "chi2_level": 0.997, "chi2_df": 3, "chi2_threshold": 13.931422665512084, "N_raw": 70, "N_roi": 70, "N_inlier": 69, "refit": true}
{"timestamp": "18:49:40.851164", "frame": 66, "mu": [-0.3769747102401786, 1.2299093296084167, 1.0638932947046478], "Sigma": [[0.004937133573032061, 0.0004156165969151828, -0.011131252381929701], [0.0004156165969151828, 0.007116480626531725, -0.013445191022669811], [-0.011131252381929701, -0.013445191022669811, 0.2233035717669317]], "chi2_level": 0.997, "chi2_df": 3, "chi2_threshold": 13.931422665512084, "N_raw": 150, "N_roi": 150, "N_inlier": 150, "refit": true}
{"timestamp": "18:49:40.903521", "frame": 67, "mu": [-0.4849052411659656, 1.2072772874571778, 0.9812966531859585], "Sigma": [[0.00517436720112028, 0.00019619999474539045, -0.022418138151401576], [0.00019619999474539037, 0.012361072300343284, -0.011605196968010843], [-0.022418138151401576, -0.011605196968010843, 0.29440548224903246]], "chi2_level": 0.997, "chi2_df": 3, "chi2_threshold": 13.931422665512084, "N_raw": 121, "N_roi": 121, "N_inlier": 121, "refit": true}
{"timestamp": "18:49:40.955565", "frame": 68, "mu": [-0.5894628857784006, 1.241660209006639, 1.6063291187783255], "Sigma": [[0.00531687101419547, 0.00021039325059089674, -0.0016109978936431723], [0.00021039325059089676, 0.005213143553610386, -0.0029000584252753467], [-0.001610997893643172, -0.0029000584252753467, 0.008795239767356133]], "chi2_level": 0.997, "chi2_df": 3, "chi2_threshold": 13.931422665512084, "N_raw": 79, "N_roi": 79, "N_inlier": 75, "refit": true}
{"timestamp": "18:49:41.011255", "frame": 69, "mu": [-0.6275063452121299, 1.227994642327836, 1.4385795514057622], "Sigma": [[0.006998762185367046, -0.00065275020031111, -0.011507436315320354], [-0.00065275020031111, 0.007413702909348206, 0.0005063825864933709], [-0.011507436315320353, 0.0005063825864933711, 0.05320594117113822]], "chi2_level": 0.997, "chi2_df": 3, "chi2_threshold": 13.931422665512084, "N_raw": 108, "N_roi": 108, "N_inlier": 104, "refit": true}
{"timestamp": "18:49:41.061104", "frame": 70, "mu": [-0.7085078055461678, 1.2250858066201127, 1.2620843829383104], "Sigma": [[0.004455001737062898, -0.002834149484581031, -0.0008766493670800965], [-0.002834149484581031, 0.010484622965365177, 0.013634311796599113], [-0.0008766493670800948, 0.013634311796599111, 0.13915392019235695]], "chi2_level": 0.997, "chi2_df": 3, "chi2_threshold": 13.931422665512084, "N_raw": 78, "N_roi": 78, "N_inlier": 74, "refit": true}
{"timestamp": "18:49:41.114446", "frame": 71, "mu": [-0.7573660446293459, 1.2291921467243687, 1.431057548914431], "Sigma": [[0.005863599222147659, 0.00035121551231557055, -0.010361046944950878], [0.0003512155123155707, 0.004933428641501355, -0.0014475472253136197], [-0.010361046944950878, -0.00144754722531362, 0.033941424238407875]], "chi2_level": 0.997, "chi2_df": 3, "chi2_threshold": 13.931422665512084, "N_raw": 72, "N_roi": 72, "N_inlier": 67, "refit": true}
{"timestamp": "18:49:41.183505", "frame": 72, "mu": [-0.8959482624953584, 1.2677878662601851, 1.686874728051066], "Sigma": [[0.007177065517081318, 0.0007375024441291256, -0.010773508785274088], [0.0007375024441291256, 0.0025022972750431745, -0.0036971165403729216], [-0.010773508785274088, -0.003697116540372922, 0.03670137456619489]], "chi2_level": 0.997, "chi2_df": 3, "chi2_threshold": 13.931422665512084, "N_raw": 51, "N_roi": 49, "N_inlier": 44, "refit": true}
{"timestamp": "18:49:41.263034", "frame": 73, "mu": [-0.8543503334536858, 1.4908333250182102, -0.523346173940235], "Sigma": [[0.0025898630530240565, 0.004969750257282273, -0.01039681078611011], [0.004969750257282273, 0.03855435790160293, -0.061067340340111284], [-0.01039681078611011, -0.061067340340111284, 0.11730471443543589]], "chi2_level": 0.997, "chi2_df": 3, "chi2_threshold": 13.931422665512084, "N_raw": 18, "N_roi": 18, "N_inlier": 17, "refit": true}
{"timestamp": "18:49:41.302248", "frame": 74, "mu": [-0.8994386957237337, 1.4648336286733326, -0.6632133971077521], "Sigma": [[0.008736187207127854, 0.004184503419516089, -0.029252669226937384], [0.004184503419516089, 0.008472921709151439, -0.019518645858737686], [-0.029252669226937384, -0.019518645858737686, 0.20361039496322395]], "chi2_level": 0.997, "chi2_df": 3, "chi2_threshold": 13.931422665512084, "N_raw": 84, "N_roi": 84, "N_inlier": 83, "refit": true}
{"timestamp": "18:49:41.366502", "frame": 75, "mu": [-0.9890776983787128, 1.5186436692823266, -0.6898067044667721], "Sigma": [[0.05851108481078828, 0.06117250359601843, -0.07015495782805085], [0.06117250359601844, 0.07892038611296817, -0.055734716683698254], [-0.07015495782805085, -0.055734716683698254, 0.20748524819485267]], "chi2_level": 0.997, "chi2_df": 3, "chi2_threshold": 13.931422665512084, "N_raw": 44, "N_roi": 44, "N_inlier": 44, "refit": true}
{"timestamp": "18:49:41.396198", "frame": 76, "mu": [-1.1278445813471112, 1.250031730700517, 1.1545526177385623], "Sigma": [[0.060638542900217404, 0.01930124503117972, -0.16466372096586585], [0.01930124503117972, 0.014358645320370615, -0.03771126544742631], [-0.16466372096586582, -0.03771126544742631, 0.543597452066528]], "chi2_level": 0.997, "chi2_df": 3, "chi2_threshold": 13.931422665512084, "N_raw": 58, "N_roi": 58, "N_inlier": 56, "refit": true}
{"timestamp": "18:49:41.463635", "frame": 77, "mu": [-1.0555479637198566, 1.6896744772599923, -0.7132362181811935], "Sigma": [[0.006412867071111732, 0.0058393863702206564, -0.01960929509935499], [0.0058393863702206564, 0.023219307396360366, -0.06433074033917766], [-0.01960929509935499, -0.06433074033917766, 0.22293619829041253]], "chi2_level": 0.997, "chi2_df": 3, "chi2_threshold": 13.931422665512084, "N_raw": 71, "N_roi": 71, "N_inlier": 70, "refit": true}
{"timestamp": "18:49:41.501396", "frame": 78, "mu": [-1.3030599009308765, 1.3815559919186016, 1.5969717206470713], "Sigma": [[0.015819842147538274, 0.013310616242972985, -0.02622914926188573], [0.013310616242972985, 0.01983123481546758, -0.03322761768775733], [-0.02622914926188573, -0.03322761768775734, 0.14063826023083967]], "chi2_level": 0.997, "chi2_df": 3, "chi2_threshold": 13.931422665512084, "N_raw": 87, "N_roi": 83, "N_inlier": 82, "refit": true}
{"timestamp": "18:49:41.566170", "frame": 79, "mu": [-1.4220258179818066, 1.3225583608761713, 1.7525811279984431], "Sigma": [[0.025108259757249084, 0.02510052650883971, -0.02932461617544696], [0.02510052650883971, 0.032893955884660195, -0.04056026493452165], [-0.02932461617544696, -0.04056026493452165, 0.07287130573351112]], "chi2_level": 0.997, "chi2_df": 3, "chi2_threshold": 13.931422665512084, "N_raw": 74, "N_roi": 74, "N_inlier": 69, "refit": true}
{"timestamp": "18:49:41.628067", "frame": 80, "mu": [-1.444506376735504, 1.3883905526853808, 1.6105022879281081], "Sigma": [[0.027616893156517636, 0.03214357410166552, -0.0489536551813073], [0.03214357410166552, 0.044220075031713976, -0.06468755425743074], [-0.0489536551813073, -0.06468755425743074, 0.25764085512372265]], "chi2_level": 0.997, "chi2_df": 3, "chi2_threshold": 13.931422665512084, "N_raw": 39, "N_roi": 39, "N_inlier": 39, "refit": true}
{"timestamp": "18:49:41.662766", "frame": 81, "mu": [-1.6474916116292873, 1.2347239988826468, 1.7677166731761815], "Sigma": [[0.01860915914365826, 0.014456184350570566, -0.009351506712024182], [0.014456184350570566, 0.020795668742688088, -0.008047086376696757], [-0.009351506712024182, -0.008047086376696757, 0.005392441476980849]], "chi2_level": 0.997, "chi2_df": 3, "chi2_threshold": 13.931422665512084, "N_raw": 58, "N_roi": 58, "N_inlier": 56, "refit": true}
{"timestamp": "18:49:41.727755", "frame": 82, "mu": [-1.5643889798304418, 1.4007776923227406, 1.5629479853544508], "Sigma": [[0.02995716230623486, 0.02499463365526232, -0.03851461407769567], [0.02499463365526232, 0.03404517663215625, -0.03367017824393956], [-0.03851461407769567, -0.03367017824393956, 0.10186166310609623]], "chi2_level": 0.997, "chi2_df": 3, "chi2_threshold": 13.931422665512084, "N_raw": 128, "N_roi": 128, "N_inlier": 127, "refit": true}
{"timestamp": "18:49:41.783413", "frame": 83, "mu": [-1.6131548800352933, 1.5394374262034713, -0.0028534652702037113], "Sigma": [[0.02881819505271844, 0.02313718768569334, -0.014986013606059055], [0.02313718768569334, 0.03710349288362424, -0.03478124737313634], [-0.014986013606059055, -0.03478124737313634, 0.04914012388649478]], "chi2_level": 0.997, "chi2_df": 3, "chi2_threshold": 13.931422665512084, "N_raw": 130, "N_roi": 130, "N_inlier": 127, "refit": true}
{"timestamp": "18:49:41.834575", "frame": 84, "mu": [-1.6957325454393684, 1.4995100762693465, 0.29424762077191785], "Sigma": [[0.02798545202830003, 0.02205828844067113, 0.0753409193296182], [0.02205828844067113, 0.026398092535360906, 0.06982909282183421], [0.0753409193296182, 0.06982909282183421, 0.4086075662811634]], "chi2_level": 0.997, "chi2_df": 3, "chi2_threshold": 13.931422665512084, "N_raw": 97, "N_roi": 97, "N_inlier": 95, "refit": true}
{"timestamp": "18:49:41.887217", "frame": 85, "mu": [-1.7199911821303007, 1.529159936677232, 1.697685014530035], "Sigma": [[0.027225601175376438, 0.02221878735643481, -0.022576842721724902], [0.02221878735643481, 0.026042646523985847, -0.01998960135483621], [-0.0225768427217249, -0.01998960135483621, 0.020346133250832406]], "chi2_level": 0.997, "chi2_df": 3, "chi2_threshold": 13.931422665512084, "N_raw": 88, "N_roi": 88, "N_inlier": 84, "refit": true}
{"timestamp": "18:49:41.939364", "frame": 86, "mu": [-1.796770356617497, 1.550504239048196, 1.6899950557201737], "Sigma": [[0.02894450260823654, 0.01841698325713933, -0.009533300809772337], [0.01841698325713933, 0.01856234183923508, -0.010850697867078218], [-0.009533300809772334, -0.010850697867078218, 0.02353511778101379]], "chi2_level": 0.997, "chi2_df": 3, "chi2_threshold": 13.931422665512084, "N_raw": 64, "N_roi": 64, "N_inlier": 62, "refit": true}
