{"timestamp": "18:50:10.315633", "frame": 1, "mu": [1.1455704434373806, 2.9189833186035945, 1.1515019671574225], "Sigma": [[0.015199672970108548, -0.004007586263058704, -0.004377839962566067], [-0.004007586263058704, 0.003695142685408628, -0.008988515725237472], [-0.004377839962566068, -0.008988515725237472, 0.0536130435516201]], "chi2_level": 0.997, "chi2_df": 3, "chi2_threshold": 13.931422665512084, "N_raw": 76, "N_roi": 76, "N_inlier": 76, "refit": true}
{"timestamp": "18:50:10.368935", "frame": 2, "mu": [1.1934171917167564, 2.8712129728233453, 1.1553307346491408], "Sigma": [[0.013626538534326918, -0.0023857847937802995, 0.005854575939901029], [-0.0023857847937802986, 0.002496184472410759, -0.0036785675488475705], [0.005854575939901029, -0.0036785675488475705, 0.013656144090578312]], "chi2_level": 0.997, "chi2_df": 3, "chi2_threshold": 13.931422665512084, "N_raw": 43, "N_roi": 43, "N_inlier": 41, "refit": true}
{"timestamp": "18:50:10.425576", "frame": 3, "mu": [1.2529634398927494, 2.8446126398955003, 1.028156467763821], "Sigma": [[0.03325651261171137, -0.0032736353351348908, -0.0031708220479436024], [-0.0032736353351348908, 0.0027234578682858368, -0.0022609815199090043], [-0.0031708220479436024, -0.0022609815199090043, 0.010290953665611615]], "chi2_level": 0.997, "chi2_df": 3, "chi2_threshold": 13.931422665512084, "N_raw": 54, "N_roi": 54, "N_inlier": 54, "refit": true}
{"timestamp": "18:50:10.476205", "frame": 4, "mu": [1.3731014704691542, 3.0365143322490176, -0.29006747673516864], "Sigma": [[0.017131547973476876, -0.0003348510417615783, -0.009897075499628314], [-0.0003348510417615782, 0.0039224684936504115, -0.003509202827423124], [-0.009897075499628314, -0.003509202827423124, 0.010934810927153205]], "chi2_level": 0.997, "chi2_df": 3, "chi2_threshold": 13.931422665512084, "N_raw": 28, "N_roi": 28, "N_inlier": 27, "refit": true}
{"timestamp": "18:50:10.530643", "frame": 5, "mu": [1.0482280652080516, 2.836464227436665, 0.9141639721366889], "Sigma": [[0.011406664070291098, 0.000635834101083622, -0.011719430939652822], [0.0006358341010836222, 0.003081200696208318, -0.00621416168967447], [-0.011719430939652824, -0.00621416168967447, 0.03585764370052726]], "chi2_level": 0.997, "chi2_df": 3, "chi2_threshold": 13.931422665512084, "N_raw": 18, "N_roi": 18, "N_inlier": 17, "refit": true}
{"timestamp": "18:50:10.593238", "frame": 6, "mu": [1.1693820505457961, 2.8685406575585497, 1.0955974817845153], "Sigma": [[0.0192623267618999, -0.003203239968570564, -0.004109588603871667], [-0.003203239968570564, 0.0039463248573320025, -0.004517705519555619], [-0.004109588603871667, -0.004517705519555619, 0.013175353446871754]], "chi2_level": 0.997, "chi2_df": 3, "chi2_threshold": 13.931422665512084, "N_raw": 68, "N_roi": 68, "N_inlier": 66, "refit": true}
{"timestamp": "18:50:10.648908", "frame": 7, "mu": [1.1458205288194252, 2.8464602018953307, 1.1480641374601637], "Sigma": [[0.015262155487912115, -0.0005779456639267792, -0.00044330815983629373], [-0.0005779456639267794, 0.0052266555484486, -0.008453479629301028], [-0.00044330815983629384, -0.008453479629301028, 0.030179294410796507]], "chi2_level": 0.997, "chi2_df": 3, "chi2_threshold": 13.931422665512084, "N_raw": 76, "N_roi": 76, "N_inlier": 76, "refit": true}
{"timestamp": "18:50:10.705498", "frame": 8, "mu": [1.1643050119218283, 2.939335497155044, -0.37051578637013727], "Sigma": [[0.02401406858608442, 0.0038478766217595064, 0.01668032411105563], [0.0038478766217595064, 0.008182769898102711, -0.003370304249990488], [0.01668032411105563, -0.003370304249990488, 0.08354813932244368]], "chi2_level": 0.997, "chi2_df": 3, "chi2_threshold": 13.931422665512084, "N_raw": 87, "N_roi": 87, "N_inlier": 87, "refit": true}
{"timestamp": "18:50:10.762925", "frame": 9, "mu": [1.1838788719476767, 2.775596077237302, 0.990549622092864], "Sigma": [[0.030962129376293133, -0.0031239870718356502, -0.01849654782356879], [-0.0031239870718356502, 0.006990372861769382, -0.004653282589071635], [-0.01849654782356879, -0.004653282589071634, 0.027992248461276105]], "chi2_level": 0.997, "chi2_df": 3, "chi2_threshold": 13.931422665512084, "N_raw": 106, "N_roi": 106, "N_inlier": 104, "refit": true}
{"timestamp": "18:50:10.811042", "frame": 10, "mu": [1.1479613093633332, 2.746983973986597, 1.1184198947003807], "Sigma": [[0.02592921982060465, -0.005733323743857717, -0.0244623298692402], [-0.005733323743857717, 0.0037844799277989834, -3.367738162136458e-05], [-0.0244623298692402, -3.367738162136436e-05, 0.03924139963003245]], "chi2_level": 0.997, "chi2_df": 3, "chi2_threshold": 13.931422665512084, "N_raw": 58, "N_roi": 58, "N_inlier": 58, "refit": true}
{"timestamp": "18:50:10.869818", "frame": 11, "mu": [1.2227712759485034, 2.786656530115386, -0.27619232050086495], "Sigma": [[0.026214465790504703, 0.0016348091271766844, 0.07691997433420726], [0.001634809127176684, 0.013747486537578906, -0.015038787986272938], [0.07691997433420728, -0.01503878798627294, 0.34099588975012546]], "chi2_level": 0.997, "chi2_df": 3, "chi2_threshold": 13.931422665512084, "N_raw": 84, "N_roi": 83, "N_inlier": 83, "refit": true}
{"timestamp": "18:50:10.924048", "frame": 12, "mu": [1.1754884424505785, 2.6643225711723906, 0.9422813165885207], "Sigma": [[0.020124169707588766, -0.0038437825328986558, -0.009148242816417108], [-0.0038437825328986558, 0.0034336464092791824, -0.0016627211111839577], [-0.00914824281641711, -0.0016627211111839577, 0.026050168874789868]], "chi2_level": 0.997, "chi2_df": 3, "chi2_threshold": 13.931422665512084, "N_raw": 77, "N_roi": 77, "N_inlier": 75, "refit": true}
{"timestamp": "18:50:10.975343", "frame": 13, "mu": [1.1184956187083333, 2.587425614274217, 0.8792091755837927], "Sigma": [[0.0311036100693631, -0.0033522323054535805, -0.01396470359175303], [-0.003352232305453581, 0.002436158491820578, -0.0025950248694487053], [-0.01396470359175303, -0.0025950248694487053, 0.023532721550228453]], "chi2_level": 0.997, "chi2_df": 3, "chi2_threshold": 13.931422665512084, "N_raw": 57, "N_roi": 57, "N_inlier": 56, "refit": true}
{"timestamp": "18:50:11.034551", "frame": 14, "mu": [1.2576344246814817, 2.5427349277117757, 1.0730053762626452], "Sigma": [[0.02350739570645735, -0.005202380562149118, -0.011754629723037948], [-0.005202380562149118, 0.003015232126567078, -0.002413703116262585], [-0.011754629723037948, -0.0024137031162625847, 0.03829963570500801]], "chi2_level": 0.997, "chi2_df": 3, "chi2_threshold": 13.931422665512084, "N_raw": 83, "N_roi": 83, "N_inlier": 83, "refit": true}
{"timestamp": "18:50:11.086622", "frame": 15, "mu": [1.1255311546500066, 2.5123147226692475, 0.9852407111504619], "Sigma": [[0.014696515550489628, -0.0015373096012071508, 0.006398854277761398], [-0.0015373096012071508, 0.0025100233150747676, -0.004694318238460629], [0.006398854277761397, -0.004694318238460629, 0.01746352754851628]], "chi2_level": 0.997, "chi2_df": 3, "chi2_threshold": 13.931422665512084, "N_raw": 60, "N_roi": 60, "N_inlier": 57, "refit": true}
{"timestamp": "18:50:11.140114", "frame": 16, "mu": [1.1890957112599292, 2.4495333522455796, 1.1930768384362218], "Sigma": [[0.006286584904405442, -0.0024957342849264187, 0.00097417801392341], [-0.0024957342849264187, 0.003986279743190976, -0.012271410656553827], [0.0009741780139234095, -0.012271410656553829, 0.07920555797588738]], "chi2_level": 0.997, "chi2_df": 3, "chi2_threshold": 13.931422665512084, "N_raw": 46, "N_roi": 46, "N_inlier": 42, "refit": true}
{"timestamp": "18:50:11.201241", "frame": 17, "mu": [1.2581454246236659, 2.408300213289335, 1.0510447840189523], "Sigma": [[0.020771805080794813, -0.0057850531716403045, -0.02049050058888602], [-0.0057850531716403045, 0.0033585920549918857, 0.0008278820637434474], [-0.02049050058888602, 0.0008278820637434474, 0.04564221120416446]], "chi2_level": 0.997, "chi2_df": 3, "chi2_threshold": 13.931422665512084, "N_raw": 87, "N_roi": 87, "N_inlier": 84, "refit": true}
{"timestamp": "18:50:11.246836", "frame": 18, "mu": [1.2317201615333129, 2.383926726042337, 0.8696967223189754], "Sigma": [[0.005168253010768226, 6.728140118478961e-05, -0.018240005040178663], [6.728140118478977e-05, 0.001687561368826377, -0.009817754888416482], [-0.018240005040178663, -0.009817754888416482, 0.1658374060576005]], "chi2_level": 0.997, "chi2_df": 3, "chi2_threshold": 13.931422665512084, "N_raw": 22, "N_roi": 22, "N_inlier": 22, "refit": true}
{"timestamp": "18:50:11.305454", "frame": 19, "mu": [1.1947821380097323, 2.349238383603792, 1.0950862697436348], "Sigma": [[0.0148497119019148, -0.0046381230458771875, -0.0009022600451509344], [-0.004638123045877188, 0.0028332856911673417, -0.0031461832641783757], [-0.0009022600451509346, -0.0031461832641783757, 0.04375267378620447]], "chi2_level": 0.997, "chi2_df": 3, "chi2_threshold": 13.931422665512084, "N_raw": 52, "N_roi": 52, "N_inlier": 50, "refit": true}
{"timestamp": "18:50:11.363905", "frame": 20, "mu": [1.187651898009636, 2.2814876832545226, 0.9542382732561941], "Sigma": [[0.014668875033087166, -0.00419693292612059, -0.00616421745726195], [-0.00419693292612059, 0.002215907260404346, 1.3368323382519694e-05], [-0.00616421745726195, 1.3368323382519803e-05, 0.07788921666466095]], "chi2_level": 0.997, "chi2_df": 3, "chi2_threshold": 13.931422665512084, "N_raw": 78, "N_roi": 78, "N_inlier": 75, "refit": true}
{"timestamp": "18:50:11.423057", "frame": 21, "mu": [1.14168786234477, 2.240841175709768, 1.038155261674858], "Sigma": [[0.01667481334319668, -0.005932276518009676, 0.006117852210380137], [-0.005932276518009677, 0.0040037860475103685, -0.003778047471789687], [0.006117852210380137, -0.003778047471789687, 0.05993197251674198]], "chi2_level": 0.997, "chi2_df": 3, "chi2_threshold": 13.931422665512084, "N_raw": 94, "N_roi": 94, "N_inlier": 92, "refit": true}
{"timestamp": "18:50:11.479142", "frame": 22, "mu": [1.1786456674146986, 2.204922577937143, 1.0614020862131062], "Sigma": [[0.017846092325940616, -0.005985159830394244, 0.005378290886130586], [-0.005985159830394244, 0.005475444270009387, -0.009584999108961385], [0.005378290886130586, -0.009584999108961385, 0.05689959846276009]], "chi2_level": 0.997, "chi2_df": 3, "chi2_threshold": 13.931422665512084, "N_raw": 101, "N_roi": 101, "N_inlier": 98, "refit": true}
{"timestamp": "18:50:11.531519", "frame": 23, "mu": [1.1577181857496854, 2.1575399561798045, 1.1440586436703155], "Sigma": [[0.016530826227289245, -0.0068885176949870916, 0.004814725627256339], [-0.0068885176949870916, 0.006339476411187644, -0.005403412806728964], [0.004814725627256339, -0.005403412806728965, 0.03801769201417461]], "chi2_level": 0.997, "chi2_df": 3, "chi2_threshold": 13.931422665512084, "N_raw": 91, "N_roi": 91, "N_inlier": 87, "refit": true}
{"timestamp": "18:50:11.583962", "frame": 24, "mu": [1.2102783969151714, 2.056568561611991, 1.166691543631603], "Sigma": [[0.019915505876159652, -0.00948415258419641, -0.012164520874320487], [-0.00948415258419641, 0.007820756235470305, 0.0020713171364487868], [-0.012164520874320489, 0.0020713171364487868, 0.018764488598113502]], "chi2_level": 0.997, "chi2_df": 3, "chi2_threshold": 13.931422665512084, "N_raw": 83, "N_roi": 83, "N_inlier": 81, "refit": true}
{"timestamp": "18:50:11.644546", "frame": 25, "mu": [1.1943120503999778, 1.9559494163205826, 0.996516445799865], "Sigma": [[0.02340566493118215, -0.016138071344491967, -0.016600862692618477], [-0.016138071344491967, 0.014286438109593019, 0.00881690011690549], [-0.016600862692618477, 0.00881690011690549, 0.062053188101075574]], "chi2_level": 0.997, "chi2_df": 3, "chi2_threshold": 13.931422665512084, "N_raw": 112, "N_roi": 111, "N_inlier": 107, "refit": true}
{"timestamp": "18:50:11.693632", "frame": 26, "mu": [1.1092686000652754, 1.9562480862252805, 1.057102096364931], "Sigma": [[0.01186161504678043, -0.008497890201097648, -0.004794743427128965], [-0.008497890201097648, 0.007392565643992052, -5.010311018734635e-05], [-0.004794743427128965, -5.010311018734635e-05, 0.026742526268677985]], "chi2_level": 0.997, "chi2_df": 3, "chi2_threshold": 13.931422665512084, "N_raw": 70, "N_roi": 70, "N_inlier": 68, "refit": true}
{"timestamp": "18:50:11.748737", "frame": 27, "mu": [1.1409690464226898, 1.8723175182597154, 1.1347923917925118], "Sigma": [[0.015557187562728494, -0.006629002225778209, -0.007892099588474014], [-0.006629002225778208, 0.007366056447456478, 0.00011418083961147325], [-0.007892099588474014, 0.00011418083961147325, 0.009177400525328611]], "chi2_level": 0.997, "chi2_df": 3, "chi2_threshold": 13.931422665512084, "N_raw": 75, "N_roi": 75, "N_inlier": 72, "refit": true}
{"timestamp": "18:50:11.805296", "frame": 28, "mu": [1.072955475067833, 1.8498301609759809, 1.2437172087751425], "Sigma": [[0.02003733307723067, -0.009297615488526995, -0.01965666682110743], [-0.009297615488526994, 0.007022794924619056, 0.005608440832883033], [-0.01965666682110743, 0.005608440832883033, 0.029135308431784107]], "chi2_level": 0.997, "chi2_df": 3, "chi2_threshold": 13.931422665512084, "N_raw": 85, "N_roi": 85, "N_inlier": 81, "refit": true}
{"timestamp": "18:50:11.867768", "frame": 29, "mu": [1.0652394737105821, 1.7833015667167125, 1.072070881806207], "Sigma": [[0.021700993617223312, -0.010247179848211798, -0.023513675830624886], [-0.010247179848211796, 0.006332228371474525, 0.005928198218670078], [-0.023513675830624886, 0.005928198218670078, 0.07210701282901236]], "chi2_level": 0.997, "chi2_df": 3, "chi2_threshold": 13.931422665512084, "N_raw": 131, "N_roi": 131, "N_inlier": 127, "refit": true}
{"timestamp": "18:50:11.922781", "frame": 30, "mu": [1.0076273870222585, 1.7552800477201211, 1.0448579270336793], "Sigma": [[0.015577452199953401, -0.006960984437758572, -0.01801747384896893], [-0.006960984437758572, 0.005501344094731621, 0.0018492461492390063], [-0.01801747384896893, 0.001849246149239005, 0.08227894855516087]], "chi2_level": 0.997, "chi2_df": 3, "chi2_threshold": 13.931422665512084, "N_raw": 127, "N_roi": 127, "N_inlier": 123, "refit": true}
{"timestamp": "18:50:11.969208", "frame": 31, "mu": [0.9614052428969768, 1.7247770115970102, 1.2024499921801288], "Sigma": [[0.010348969106884268, -0.0025605571079022563, -0.006452492605401051], [-0.0025605571079022563, 0.0018687113761475433, -0.001492289846205775], [-0.006452492605401051, -0.001492289846205775, 0.01866005749785755]], "chi2_level": 0.997, "chi2_df": 3, "chi2_threshold": 13.931422665512084, "N_raw": 71, "N_roi": 71, "N_inlier": 65, "refit": true}
{"timestamp": "18:50:12.025456", "frame": 32, "mu": [0.9320600417697428, 1.6948177432571514, 1.1747494111982215], "Sigma": [[0.012316582553048369, -0.005475503204338013, -0.012172075797520152], [-0.005475503204338014, 0.004556716026033412, 0.0005202148237911164], [-0.012172075797520152, 0.0005202148237911162, 0.032495014521743096]], "chi2_level": 0.997, "chi2_df": 3, "chi2_threshold": 13.931422665512084, "N_raw": 86, "N_roi": 86, "N_inlier": 84, "refit": true}
{"timestamp": "18:50:12.079739", "frame": 33, "mu": [0.8262776741560545, 1.712576858599879, 1.3195294889832265], "Sigma": [[0.011946435091832108, -0.005372794626545423, -0.004841718704018271], [-0.005372794626545424, 0.0060666823357575245, -0.0040928563370437], [-0.004841718704018271, -0.0040928563370437, 0.02312952350798241]], "chi2_level": 0.997, "chi2_df": 3, "chi2_threshold": 13.931422665512084, "N_raw": 84, "N_roi": 82, "N_inlier": 80, "refit": true}
{"timestamp": "18:50:12.137310", "frame": 34, "mu": [0.8195236449608427, 1.63559242720187, 1.222156703153292], "Sigma": [[0.010417897127626844, -0.004628249633509161, -0.018120815529547987], [-0.00462824963350916, 0.005383978983625325, 0.008803454584797936], [-0.018120815529547987, 0.008803454584797936, 0.08804454095446264]], "chi2_level": 0.997, "chi2_df": 3, "chi2_threshold": 13.931422665512084, "N_raw": 97, "N_roi": 97, "N_inlier": 93, "refit": true}
{"timestamp": "18:50:12.191144", "frame": 35, "mu": [0.744482924880167, 1.6208358254177, 1.2231312315587815], "Sigma": [[0.006433341070952858, -0.0018155490165240344, -0.007237303190883964], [-0.0018155490165240342, 0.0032684555442902483, 0.00020711653704386535], [-0.007237303190883964, 0.00020711653704386524, 0.07310997023371842]], "chi2_level": 0.997, "chi2_df": 3, "chi2_threshold": 13.931422665512084, "N_raw": 92, "N_roi": 92, "N_inlier": 88, "refit": true}
{"timestamp": "18:50:12.245477", "frame": 36, "mu": [0.7115619594786782, 1.7077860597949424, -0.15133498602815806], "Sigma": [[0.006837517728252467, -0.0035143036775722065, 0.013584433533008818], [-0.0035143036775722065, 0.013100936495131532, -0.05190289435779212], [0.013584433533008821, -0.05190289435779212, 0.36059907710785805]], "chi2_level": 0.997, "chi2_df": 3, "chi2_threshold": 13.931422665512084, "N_raw": 82, "N_roi": 82, "N_inlier": 80, "refit": true}
{"timestamp": "18:50:12.299577", "frame": 37, "mu": [0.6873500177353421, 1.5337648944678566, 1.22008648362797], "Sigma": [[0.005436066937435373, -0.0029870064232068927, -0.011854672715374335], [-0.0029870064232068927, 0.005032128600200958, -0.0022221599703853593], [-0.011854672715374333, -0.0022221599703853593, 0.07047155843182606]], "chi2_level": 0.997, "chi2_df": 3, "chi2_threshold": 13.931422665512084, "N_raw": 74, "N_roi": 74, "N_inlier": 70, "refit": true}
{"timestamp": "18:50:12.356527", "frame": 38, "mu": [0.6149167589728666, 1.5130315201022688, 1.2417497368474684], "Sigma": [[0.0071838750378966304, -0.0037445278693666586, -0.01629827431105439], [-0.0037445278693666586, 0.0046556279409569745, 0.0068881521914314885], [-0.016298274311054392, 0.006888152191431489, 0.07217214995568653]], "chi2_level": 0.997, "chi2_df": 3, "chi2_threshold": 13.931422665512084, "N_raw": 85, "N_roi": 85, "N_inlier": 80, "refit": true}
{"timestamp": "18:50:12.413707", "frame": 39, "mu": [0.5939173908345601, 1.4289240430530084, 1.1569063411627425], "Sigma": [[0.0064313205359147274, -0.003509668099228357, -0.009674755653703165], [-0.003509668099228357, 0.004835897079663712, 0.010283444951723328], [-0.009674755653703165, 0.010283444951723328, 0.10911618363323793]], "chi2_level": 0.997, "chi2_df": 3, "chi2_threshold": 13.931422665512084, "N_raw": 103, "N_roi": 103, "N_inlier": 99, "refit": true}
{"timestamp": "18:50:12.466299", "frame": 40, "mu": [0.5366623693844047, 1.4484913928846295, 1.2686027442597783], "Sigma": [[0.006241976419077228, -0.003606282462901875, -0.011242734253746802], [-0.0036062824629018754, 0.0053367548192897, 0.01107908769406685], [-0.011242734253746802, 0.01107908769406685, 0.11558873923765883]], "chi2_level": 0.997, "chi2_df": 3, "chi2_threshold": 13.931422665512084, "N_raw": 80, "N_roi": 80, "N_inlier": 78, "refit": true}
{"timestamp": "18:50:12.523563", "frame": 41, "mu": [0.4997365840585008, 1.36684056788169, 1.026880678443611], "Sigma": [[0.008216613768188986, -0.01000342549280569, -0.0008804279123034199], [-0.01000342549280569, 0.018783615236168293, 0.004314511212662853], [-0.0008804279123034199, 0.004314511212662853, 0.10782143848095718]], "chi2_level": 0.997, "chi2_df": 3, "chi2_threshold": 13.931422665512084, "N_raw": 106, "N_roi": 106, "N_inlier": 105, "refit": true}
{"timestamp": "18:50:12.574049", "frame": 42, "mu": [0.4507581036073283, 1.2911273685727391, 1.1957337245842825], "Sigma": [[0.006300069192473342, -0.002869813638282715, -0.006359915678190758], [-0.0028698136382827154, 0.005785298750900009, 0.0003225117641227866], [-0.006359915678190756, 0.0003225117641227865, 0.009041299626922296]], "chi2_level": 0.997, "chi2_df": 3, "chi2_threshold": 13.931422665512084, "N_raw": 78, "N_roi": 78, "N_inlier": 74, "refit": true}
{"timestamp": "18:50:12.630574", "frame": 43, "mu": [0.3683573801915695, 1.359789176111754, 1.318419793398984], "Sigma": [[0.007726891296718666, -0.008440902864502595, -0.0188497557429764], [-0.008440902864502595, 0.017690056344276346, 0.019562409540526557], [-0.0188497557429764, 0.019562409540526557, 0.1003239978676004]], "chi2_level": 0.997, "chi2_df": 3, "chi2_threshold": 13.931422665512084, "N_raw": 85, "N_roi": 85, "N_inlier": 82, "refit": true}
{"timestamp": "18:50:12.679887", "frame": 44, "mu": [0.2871330736640382, 1.4697058820749684, 1.5348865659876887], "Sigma": [[0.005656899408035647, -0.0022736877458193637, -0.009631760499793467], [-0.0022736877458193645, 0.005234908564718986, 0.005522577240520858], [-0.009631760499793467, 0.005522577240520858, 0.018083672210659492]], "chi2_level": 0.997, "chi2_df": 3, "chi2_threshold": 13.931422665512084, "N_raw": 51, "N_roi": 51, "N_inlier": 48, "refit": true}
{"timestamp": "18:50:12.738243", "frame": 45, "mu": [0.1985453430534645, 1.4173811932561935, 1.5128786078785907], "Sigma": [[0.004126722581759962, -0.0024070051817625614, -0.004324226731806371], [-0.002407005181762561, 0.0084045887154389, 0.003164536686220586], [-0.004324226731806371, 0.003164536686220586, 0.0071971094749202925]], "chi2_level": 0.997, "chi2_df": 3, "chi2_threshold": 13.931422665512084, "N_raw": 72, "N_roi": 72, "N_inlier": 67, "refit": true}
{"timestamp": "18:50:12.791622", "frame": 46, "mu": [0.1024029935356525, 1.4478171512665767, 1.5849525588187805], "Sigma": [[0.004913454754215559, -0.002410194134724959, -0.005082100845803947], [-0.002410194134724959, 0.0052274485774969045, 0.002993187571827897], [-0.005082100845803947, 0.0029931875718278967, 0.00965026996998382]], "chi2_level": 0.997, "chi2_df": 3, "chi2_threshold": 13.931422665512084, "N_raw": 57, "N_roi": 57, "N_inlier": 54, "refit": true}
{"timestamp": "18:50:12.847757", "frame": 47, "mu": [0.11846882478556844, 1.4110298325121382, 1.4911152455087318], "Sigma": [[0.003867094634497299, -0.0038621704118704573, -0.007828617992206802], [-0.0038621704118704573, 0.012941400799477606, 0.010514405956156252], [-0.007828617992206802, 0.010514405956156254, 0.0200585700903883]], "chi2_level": 0.997, "chi2_df": 3, "chi2_threshold": 13.931422665512084, "N_raw": 72, "N_roi": 70, "N_inlier": 68, "refit": true}
{"timestamp": "18:50:12.905708", "frame": 48, "mu": [0.07496207988027978, 1.509667648957596, -0.2755475088853104], "Sigma": [[0.005290766493370302, -0.0011775258956925542, 0.007147661604380771], [-0.0011775258956925542, 0.008398393622956963, -0.012619474016658833], [0.007147661604380771, -0.012619474016658833, 0.1067514125153695]], "chi2_level": 0.997, "chi2_df": 3, "chi2_threshold": 13.931422665512084, "N_raw": 80, "N_roi": 80, "N_inlier": 76, "refit": true}
{"timestamp": "18:50:12.956062", "frame": 49, "mu": [0.046747051562933274, 1.4459102480977963, 1.3330152818587586], "Sigma": [[0.002982568263629263, -0.00169158398530822, -0.006342440271519572], [-0.00169158398530822, 0.01238875168128725, 0.03430386753812248], [-0.006342440271519572, 0.03430386753812248, 0.11575446900677648]], "chi2_level": 0.997, "chi2_df": 3, "chi2_threshold": 13.931422665512084, "N_raw": 57, "N_roi": 56, "N_inlier": 54, "refit": true}
{"timestamp": "18:50:13.014250", "frame": 50, "mu": [-0.08092855477855727, 1.454711715367047, 1.4669827965598237], "Sigma": [[0.005212424741691172, -0.0025134919126227227, -0.01527316519346518], [-0.0025134919126227227, 0.010283195017820731, 0.03015179604259826], [-0.01527316519346518, 0.030151796042598256, 0.16878323007832177]], "chi2_level": 0.997, "chi2_df": 3, "chi2_threshold": 13.931422665512084, "N_raw": 76, "N_roi": 76, "N_inlier": 74, "refit": true}
{"timestamp": "18:50:13.068949", "frame": 51, "mu": [-0.1084998376511461, 1.4712037700820875, 1.6038767168547141], "Sigma": [[0.005204578395223994, 0.0001124477926132514, -0.002467591722330584], [0.00011244779261325146, 0.006069197448994238, -0.001065050408773987], [-0.002467591722330584, -0.001065050408773987, 0.0032798273826122886]], "chi2_level": 0.997, "chi2_df": 3, "chi2_threshold": 13.931422665512084, "N_raw": 77, "N_roi": 77, "N_inlier": 73, "refit": true}
{"timestamp": "18:50:13.123158", "frame": 52, "mu": [-0.19334135441800845, 1.4175436762112328, 1.5064744467664137], "Sigma": [[0.006980292504133209, -0.0014630069849727433, 0.008645379097887143], [-0.0014630069849727435, 0.005716878562746779, 0.001672573441019606], [0.008645379097887143, 0.001672573441019606, 0.0771292281446922]], "chi2_level": 0.997, "chi2_df": 3, "chi2_threshold": 13.931422665512084, "N_raw": 67, "N_roi": 64, "N_inlier": 61, "refit": true}
{"timestamp": "18:50:13.178711", "frame": 53, "mu": [-0.26206616193343457, 1.4492250504238409, 1.6314962135797617], "Sigma": [[0.005551383714666981, -0.0014934751516870858, -0.003970844423262041], [-0.0014934751516870858, 0.009947418069239902, 0.004707807976298042], [-0.003970844423262041, 0.004707807976298042, 0.0075946562342663225]], "chi2_level": 0.997, "chi2_df": 3, "chi2_threshold": 13.931422665512084, "N_raw": 78, "N_roi": 78, "N_inlier": 75, "refit": true}
{"timestamp": "18:50:13.235602", "frame": 54, "mu": [-0.3057251133886364, 1.4684960208054656, 1.5198658091929695], "Sigma": [[0.005091844122995062, -0.0002836455394932255, -0.0032665981443942413], [-0.0002836455394932255, 0.006631692957004858, -0.0037269980227853813], [-0.0032665981443942413, -0.0037269980227853813, 0.007122019399406714]], "chi2_level": 0.997, "chi2_df": 3, "chi2_threshold": 13.931422665512084, "N_raw": 85, "N_roi": 83, "N_inlier": 80, "refit": true}
{"timestamp": "18:50:13.292969", "frame": 55, "mu": [-0.3454870886700199, 1.4614806235518492, -0.011205086548223213], "Sigma": [[0.005608349350549825, 0.0019672897792251676, 0.04712534126401057], [0.0019672897792251676, 0.012661147717407036, 0.04046176596087338], [0.04712534126401056, 0.04046176596087338, 0.767836084217121]], "chi2_level": 0.997, "chi2_df": 3, "chi2_threshold": 13.931422665512084, "N_raw": 102, "N_roi": 102, "N_inlier": 101, "refit": true}
{"timestamp": "18:50:13.343759", "frame": 56, "mu": [-0.44513048041454684, 1.48546042885464, 1.5484126564333802], "Sigma": [[0.0062493767125336155, -0.00024450456187617627, -0.002440998032584658], [-0.0002445045618761763, 0.005995739123362144, 3.31965396741613e-05], [-0.002440998032584658, 3.319653967416141e-05, 0.0016569518161703254]], "chi2_level": 0.997, "chi2_df": 3, "chi2_threshold": 13.931422665512084, "N_raw": 72, "N_roi": 72, "N_inlier": 70, "refit": true}
{"timestamp": "18:50:13.409796", "frame": 57, "mu": [-0.44695783637216524, 1.479654028572023, 1.0767677988760676], "Sigma": [[0.007860746086106941, 0.0013605347488107426, -0.021303589045031577], [0.0013605347488107422, 0.0070205116633840214, -0.02369292983385196], [-0.021303589045031577, -0.02369292983385196, 0.16071940926832826]], "chi2_level": 0.997, "chi2_df": 3, "chi2_threshold": 13.931422665512084, "N_raw": 143, "N_roi": 143, "N_inlier": 140, "refit": true}
{"timestamp": "18:50:13.462036", "frame": 58, "mu": [-0.5012163905127579, 1.54391822578016, 1.0468322933293694], "Sigma": [[0.00999193074306858, 0.0005465240743247803, -0.03769818065323526], [0.0005465240743247803, 0.004927071169473823, -0.012760507811873373], [-0.03769818065323527, -0.012760507811873373, 0.3516426625088666]], "chi2_level": 0.997, "chi2_df": 3, "chi2_threshold": 13.931422665512084, "N_raw": 128, "N_roi": 128, "N_inlier": 127, "refit": true}
{"timestamp": "18:50:13.511018", "frame": 59, "mu": [-0.5723421911750161, 1.6805043212390076, -0.2242419209343043], "Sigma": [[0.006275120440906346, -0.0009716023817772398, 0.010020539775945029], [-0.0009716023817772397, 0.022200139943434567, -0.056754361298879286], [0.010020539775945029, -0.056754361298879286, 0.2038769780510624]], "chi2_level": 0.997, "chi2_df": 3, "chi2_threshold": 13.931422665512084, "N_raw": 87, "N_roi": 87, "N_inlier": 87, "refit": true}
{"timestamp": "18:50:13.565521", "frame": 60, "mu": [-0.6319819778682103, 1.6573072331708254, -0.08331715733691605], "Sigma": [[0.007042400961381072, -0.0035915397654495054, 0.022820738075314873], [-0.0035915397654495054, 0.011293383619273826, -0.019696481490465417], [0.022820738075314873, -0.019696481490465417, 0.2636335183157232]], "chi2_level": 0.997, "chi2_df": 3, "chi2_threshold": 13.931422665512084, "N_raw": 82, "N_roi": 80, "N_inlier": 79, "refit": true}
{"timestamp": "18:50:13.621094", "frame": 61, "mu": [-0.6908640589262871, 1.5505636057447678, 1.3333681245970899], "Sigma": [[0.006209927930330662, -0.0009682086906953844, -0.011081920680057436], [-0.0009682086906953845, 0.008582802898102052, 0.016648945844015793], [-0.011081920680057436, 0.016648945844015797, 0.2244411243149229]], "chi2_level": 0.997, "chi2_df": 3, "chi2_threshold": 13.931422665512084, "N_raw": 87, "N_roi": 86, "N_inlier": 84, "refit": true}
{"timestamp": "18:50:13.669815", "frame": 62, "mu": [-0.6957602338844813, 1.6875727475754707, 1.3381948710140452], "Sigma": [[0.007229337143840479, 0.0022899090770531934, 0.0031762625753184066], [0.0022899090770531934, 0.003912074540821987, 0.013248687745623322], [0.0031762625753184066, 0.013248687745623322, 0.06373039398400263]], "chi2_level": 0.997, "chi2_df": 3, "chi2_threshold": 13.931422665512084, "N_raw": 44, "N_roi": 43, "N_inlier": 42, "refit": true}
{"timestamp": "18:50:13.729599", "frame": 63, "mu": [-0.7843842329357865, 1.6425604640812386, 1.4094828865882252], "Sigma": [[0.006399751995557843, 0.0020978017859605187, -0.0012992998244017956], [0.0020978017859605187, 0.007885762203804252, -0.0037468256706130435], [-0.0012992998244017956, -0.0037468256706130435, 0.021164841715508767]], "chi2_level": 0.997, "chi2_df": 3, "chi2_threshold": 13.931422665512084, "N_raw": 86, "N_roi": 86, "N_inlier": 83, "refit": true}
{"timestamp": "18:50:13.782492", "frame": 64, "mu": [-0.8099109108602954, 1.7871035761703407, -0.13797389364787263], "Sigma": [[0.006411999065222616, 0.0034237130116468208, -0.0020729535442686456], [0.00342371301164682, 0.008569424612606043, -0.0066040502120149145], [-0.0020729535442686464, -0.0066040502120149145, 0.023877234423767622]], "chi2_level": 0.997, "chi2_df": 3, "chi2_threshold": 13.931422665512084, "N_raw": 72, "N_roi": 72, "N_inlier": 68, "refit": true}
{"timestamp": "18:50:13.845949", "frame": 65, "mu": [-0.8113553762431363, 1.6361706954487265, 1.0051471724128804], "Sigma": [[0.018356056220394254, -0.010559880617341626, -0.060260507719716666], [-0.010559880617341626, 0.017727527347528187, 0.06213651982157351], [-0.06026050771971667, 0.06213651982157351, 0.3386159220912467]], "chi2_level": 0.997, "chi2_df": 3, "chi2_threshold": 13.931422665512084, "N_raw": 123, "N_roi": 123, "N_inlier": 120, "refit": true}
{"timestamp": "18:50:13.899267", "frame": 66, "mu": [-0.8992289799336741, 1.7421718822678078, 1.124781639956154], "Sigma": [[0.014905636807946319, -0.007472783863612614, -0.02484524772591086], [-0.007472783863612614, 0.016987452824099677, 0.02756749208123708], [-0.02484524772591086, 0.02756749208123708, 0.32497281282232743]], "chi2_level": 0.997, "chi2_df": 3, "chi2_threshold": 13.931422665512084, "N_raw": 100, "N_roi": 100, "N_inlier": 100, "refit": true}
{"timestamp": "18:50:13.947156", "frame": 67, "mu": [-0.90837371563877, 1.9146135852184916, -0.7494030746548563], "Sigma": [[0.006930939778020058, 0.005279378417499585, -0.016267029891177717], [0.005279378417499584, 0.01842628311608263, -0.0273977590926188], [-0.016267029891177717, -0.027397759092618802, 0.16579481900664259]], "chi2_level": 0.997, "chi2_df": 3, "chi2_threshold": 13.931422665512084, "N_raw": 59, "N_roi": 59, "N_inlier": 58, "refit": true}
{"timestamp": "18:50:14.007301", "frame": 68, "mu": [-0.9684045219913787, 1.9072104895037891, 1.2001623918340383], "Sigma": [[0.007226524097114713, 0.0015716830600565612, -0.0004231826826084275], [0.0015716830600565614, 0.003419940421466533, -0.012451023910294236], [-0.0004231826826084275, -0.012451023910294236, 0.1783596443686458]], "chi2_level": 0.997, "chi2_df": 3, "chi2_threshold": 13.931422665512084, "N_raw": 93, "N_roi": 93, "N_inlier": 92, "refit": true}
{"timestamp": "18:50:14.055767", "frame": 69, "mu": [-1.0307298124930795, 1.9240121941657689, 0.9059552922121091], "Sigma": [[0.0194702894297185, 0.0009489694102077343, 0.049134677664203805], [0.0009489694102077343, 0.006141908768869996, 0.008490559363086861], [0.0491346776642038, 0.00849055936308686, 0.23277945412587578]], "chi2_level": 0.997, "chi2_df": 3, "chi2_threshold": 13.931422665512084, "N_raw": 55, "N_roi": 55, "N_inlier": 54, "refit": true}
{"timestamp": "18:50:14.115760", "frame": 70, "mu": [-1.0908259488132646, 1.9675080650599748, 1.1942940256881676], "Sigma": [[0.017875068076872183, -0.0054743328440223435, 0.027346214620648224], [-0.0054743328440223435, 0.013580519557966275, -0.03438908712187359], [0.027346214620648224, -0.03438908712187359, 0.1810302838250851]], "chi2_level": 0.997, "chi2_df": 3, "chi2_threshold": 13.931422665512084, "N_raw": 90, "N_roi": 90, "N_inlier": 85, "refit": true}
{"timestamp": "18:50:14.170290", "frame": 71, "mu": [-1.0021988413138034, 1.9833947312802411, 1.285796190376779], "Sigma": [[0.010439701275798114, 0.003128390512852199, -0.010257161778797144], [0.003128390512852199, 0.003689504065370333, -0.009082100022436921], [-0.010257161778797144, -0.009082100022436921, 0.03796566501843586]], "chi2_level": 0.997, "chi2_df": 3, "chi2_threshold": 13.931422665512084, "N_raw": 78, "N_roi": 78, "N_inlier": 73, "refit": true}
{"timestamp": "18:50:14.225360", "frame": 72, "mu": [-1.0453049799909542, 2.0454868561080715, 1.3166903184970173], "Sigma": [[0.013062101982729986, 0.0029570754452779057, -0.016372406777266292], [0.0029570754452779057, 0.0037687266182008673, -0.011327382724171324], [-0.016372406777266292, -0.011327382724171324, 0.07966323577541724]], "chi2_level": 0.997, "chi2_df": 3, "chi2_threshold": 13.931422665512084, "N_raw": 80, "N_roi": 80, "N_inlier": 75, "refit": true}
{"timestamp": "18:50:14.278195", "frame": 73, "mu": [-1.0326206499725439, 2.0790402501621488, 1.2918284165754546], "Sigma": [[0.008521063524944158, 0.0009149099776477196, -0.005964456233646909], [0.0009149099776477195, 0.005448228633500413, -0.01786513446655838], [-0.005964456233646909, -0.01786513446655838, 0.06991350360661999]], "chi2_level": 0.997, "chi2_df": 3, "chi2_threshold": 13.931422665512084, "N_raw": 68, "N_roi": 68, "N_inlier": 65, "refit": true}
{"timestamp": "18:50:14.330598", "frame": 74, "mu": [-1.1076888070651978, 2.1427297065751834, 1.3698379396678004], "Sigma": [[0.009175533443770359, 0.0024060758180751846, -0.008054255520301668], [0.0024060758180751846, 0.0029136923449143036, -0.0079124800559886], [-0.008054255520301668, -0.0079124800559886, 0.025817778459917944]], "chi2_level": 0.997, "chi2_df": 3, "chi2_threshold": 13.931422665512084, "N_raw": 59, "N_roi": 59, "N_inlier": 56, "refit": true}
{"timestamp": "18:50:14.384262", "frame": 75, "mu": [-1.0588918020035065, 2.1930435517177154, 0.873239466521771], "Sigma": [[0.005880032532815473, -0.0016083515590710029, -0.002306366460782256], [-0.0016083515590710029, 0.003946593179623504, 0.012995075123219062], [-0.002306366460782255, 0.012995075123219062, 0.13497769478296837]], "chi2_level": 0.997, "chi2_df": 3, "chi2_threshold": 13.931422665512084, "N_raw": 44, "N_roi": 44, "N_inlier": 42, "refit": true}
{"timestamp": "18:50:14.445608", "frame": 76, "mu": [-1.1245567843636541, 2.418185194504791, -0.3697046300740764], "Sigma": [[0.009164980802781492, -0.0011652481578154578, 0.004116753933708955], [-0.0011652481578154578, 0.016464561408338782, -0.04406445412704423], [0.004116753933708955, -0.04406445412704424, 0.16274363778650922]], "chi2_level": 0.997, "chi2_df": 3, "chi2_threshold": 13.931422665512084, "N_raw": 83, "N_roi": 83, "N_inlier": 81, "refit": true}
{"timestamp": "18:50:14.503619", "frame": 77, "mu": [-1.1483752940422098, 2.2786037762402467, 1.2230805522960633], "Sigma": [[0.009496324463767832, 0.0011513000240678975, -0.004924808908413958], [0.0011513000240678968, 0.006549291457341252, -0.0011954072686295465], [-0.004924808908413959, -0.001195407268629546, 0.20302399255152798]], "chi2_level": 0.997, "chi2_df": 3, "chi2_threshold": 13.931422665512084, "N_raw": 103, "N_roi": 103, "N_inlier": 102, "refit": true}
{"timestamp": "18:50:14.553327", "frame": 78, "mu": [-1.124145955078058, 2.416855472695825, 0.037850129718754316], "Sigma": [[0.008636094825041919, 0.0002578080272152243, -0.0011044769040029568], [0.00025780802721522405, 0.01480953328600834, -0.030182823135475004], [-0.001104476904002955, -0.030182823135475004, 0.08835892011812488]], "chi2_level": 0.997, "chi2_df": 3, "chi2_threshold": 13.931422665512084, "N_raw": 63, "N_roi": 63, "N_inlier": 61, "refit": true}
{"timestamp": "18:50:14.610511", "frame": 79, "mu": [-1.166155654970357, 2.4358538452229683, 1.230155236442028], "Sigma": [[0.014483582959508735, -0.0023854402163256782, -0.0020663980947586962], [-0.0023854402163256782, 0.004272367722929285, -0.018258196508325553], [-0.0020663980947586962, -0.018258196508325553, 0.11027054743119215]], "chi2_level": 0.997, "chi2_df": 3, "chi2_threshold": 13.931422665512084, "N_raw": 80, "N_roi": 78, "N_inlier": 75, "refit": true}
{"timestamp": "18:50:14.670843", "frame": 80, "mu": [-1.2366971950127172, 2.4925577007601105, 1.040794885307826], "Sigma": [[0.02608605171942746, -0.008414223045886661, 0.023015497824876704], [-0.008414223045886661, 0.009350296795983625, -0.028955695808824365], [0.023015497824876704, -0.02895569580882436, 0.10665930002283566]], "chi2_level": 0.997, "chi2_df": 3, "chi2_threshold": 13.931422665512084, "N_raw": 121, "N_roi": 121, "N_inlier": 119, "refit": true}
{"timestamp": "18:50:14.720344", "frame": 81, "mu": [-1.1803856616605262, 2.5169297806259703, 1.1006938145645515], "Sigma": [[0.010712154522820856, -0.001267796423904873, 0.005408975510483102], [-0.0012677964239048729, 0.007477422964684343, -0.02851560657368582], [0.005408975510483102, -0.02851560657368582, 0.19685053410348893]], "chi2_level": 0.997, "chi2_df": 3, "chi2_threshold": 13.931422665512084, "N_raw": 81, "N_roi": 81, "N_inlier": 80, "refit": true}
{"timestamp": "18:50:14.773123", "frame": 82, "mu": [-1.1402454955238313, 2.6348905626525188, -0.15986450455588738], "Sigma": [[0.01181617238484133, 0.00502339938782467, -0.015921934340513297], [0.00502339938782467, 0.03069939273777566, -0.09275651939141738], [-0.015921934340513293, -0.09275651939141738, 0.3505507138145528]], "chi2_level": 0.997, "chi2_df": 3, "chi2_threshold": 13.931422665512084, "N_raw": 72, "N_roi": 72, "N_inlier": 71, "refit": true}
{"timestamp": "18:50:14.824571", "frame": 83, "mu": [-1.2416349684669756, 2.827589216126558, -1.0629112863294032], "Sigma": [[0.012398280393517229, 0.007480790449678917, 0.015235142533358939], [0.007480790449678917, 0.06723044385186036, -0.03219798507890685], [0.015235142533358939, -0.032197985078906845, 0.15314338844413591]], "chi2_level": 0.997, "chi2_df": 3, "chi2_threshold": 13.931422665512084, "N_raw": 45, "N_roi": 45, "N_inlier": 45, "refit": true}
{"timestamp": "18:50:14.883777", "frame": 84, "mu": [-1.1849303669184836, 2.6120550225667913, 1.1239061159360326], "Sigma": [[0.017986067459504734, 0.0031121531821111355, 0.02931900118218593], [0.0031121531821111355, 0.004518778856769864, -0.007912396982915586], [0.029319001182185934, -0.007912396982915586, 0.24983324918618133]], "chi2_level": 0.997, "chi2_df": 3, "chi2_threshold": 13.931422665512084, "N_raw": 78, "N_roi": 78, "N_inlier": 77, "refit": true}
{"timestamp": "18:50:14.935366", "frame": 85, "mu": [-1.1635215755745125, 2.666977386102126, 0.8818887948265024], "Sigma": [[0.040077397466122586, 0.002516633078191542, 0.02601165428331939], [0.002516633078191542, 0.0013546707178396118, 0.0034582475887535774], [0.02601165428331939, 0.003458247588753578, 0.051981132610593006]], "chi2_level": 0.997, "chi2_df": 3, "chi2_threshold": 13.931422665512084, "N_raw": 49, "N_roi": 49, "N_inlier": 46, "refit": true}
{"timestamp": "18:50:14.988504", "frame": 86, "mu": [-1.1697061886475495, 2.9399806869493204, -0.3793225105466186], "Sigma": [[0.027358589721419305, -0.006871937254862335, 0.03779753750619547], [-0.006871937254862336, 0.011999025035817358, -0.03818386109501936], [0.03779753750619547, -0.03818386109501935, 0.14618892957908464]], "chi2_level": 0.997, "chi2_df": 3, "chi2_threshold": 13.931422665512084, "N_raw": 38, "N_roi": 38, "N_inlier": 37, "refit": true}
