{"timestamp": "17:55:13.776045", "frame": 1, "mu": [1.3508931504742212, 3.1304654282939106, 0.94658355217021], "Sigma": [[0.021921810891793903, -0.0011277650532192439, -0.02720284829698544], [-0.0011277650532192439, 0.0013751929548880815, 0.0019090943798514668], [-0.027202848296985438, 0.0019090943798514668, 0.21361883860443626]], "chi2_level": 0.997, "chi2_df": 3, "chi2_threshold": 13.931422665512084, "N_raw": 13, "N_roi": 13, "N_inlier": 13, "refit": true}
{"timestamp": "17:55:13.836201", "frame": 2, "mu": [1.28630455814481, 3.1545061861537564, 1.1905966457882797], "Sigma": [[0.0286213436201124, -0.009324649315807834, -0.02716210842468407], [-0.009324649315807834, 0.004781676717866417, 0.006795505005852163], [-0.02716210842468407, 0.006795505005852163, 0.03397574366288654]], "chi2_level": 0.997, "chi2_df": 3, "chi2_threshold": 13.931422665512084, "N_raw": 51, "N_roi": 51, "N_inlier": 50, "refit": true}
{"timestamp": "17:55:13.887801", "frame": 3, "mu": [1.154453206602331, 2.920526851557751, 1.3329240232261657], "Sigma": [[0.1230246802654555, 0.2558667132598758, -0.0831670102435526], [0.2558667132598758, 0.6643057951397421, -0.09447011972633253], [-0.0831670102435526, -0.09447011972633253, 0.11593171958742125]], "chi2_level": 0.997, "chi2_df": 3, "chi2_threshold": 13.931422665512084, "N_raw": 8, "N_roi": 8, "N_inlier": 8, "refit": true}
{"timestamp": "17:55:13.946170", "frame": 4, "mu": [1.0734679090753636, 3.1692211444826968, 1.2052157994035673], "Sigma": [[0.013500666358326339, -0.004672632699843504, 0.0006610427838667675], [-0.004672632699843504, 0.0029412741458213106, -0.004330066128656197], [0.0006610427838667673, -0.004330066128656198, 0.01943726746117054]], "chi2_level": 0.997, "chi2_df": 3, "chi2_threshold": 13.931422665512084, "N_raw": 34, "N_roi": 34, "N_inlier": 34, "refit": true}
{"timestamp": "17:55:14.002412", "frame": 5, "mu": [1.068135552698138, 3.303856567399031, -0.16784212839886462], "Sigma": [[0.017101687116601094, -0.0037451244752323126, 0.0023810384339806997], [-0.0037451244752323126, 0.004111684893400033, -0.002178378809258576], [0.0023810384339806997, -0.002178378809258576, 0.002084302474138369]], "chi2_level": 0.997, "chi2_df": 3, "chi2_threshold": 13.931422665512084, "N_raw": 38, "N_roi": 38, "N_inlier": 38, "refit": true}
{"timestamp": "17:55:14.060293", "frame": 6, "mu": [1.1774804353573192, 3.2094840856594367, -0.43344004226640426], "Sigma": [[0.023726180916295567, 0.005097873435699224, 0.04655698155700232], [0.005097873435699224, 0.006594357010481447, 0.006625409261631477], [0.04655698155700232, 0.006625409261631477, 0.1691169132572532]], "chi2_level": 0.997, "chi2_df": 3, "chi2_threshold": 13.931422665512084, "N_raw": 65, "N_roi": 65, "N_inlier": 65, "refit": true}
{"timestamp": "17:55:14.115562", "frame": 7, "mu": [1.2461647681062107, 3.0741891511552186, 1.039565764122691], "Sigma": [[0.02207400904331337, -0.0032788892286180964, -0.0054178999356696185], [-0.003278889228618097, 0.004594972443277939, -0.0012717517574093173], [-0.0054178999356696185, -0.0012717517574093173, 0.004343758608507679]], "chi2_level": 0.997, "chi2_df": 3, "chi2_threshold": 13.931422665512084, "N_raw": 57, "N_roi": 57, "N_inlier": 56, "refit": true}
{"timestamp": "17:55:14.171403", "frame": 8, "mu": [1.1757962265646487, 3.113439346864976, 1.0660748464621215], "Sigma": [[0.036280507928664385, -0.0047262683743419485, -0.01035133249770552], [-0.0047262683743419485, 0.005256261739694406, 0.0007857799513050598], [-0.01035133249770552, 0.0007857799513050596, 0.004371427623683877]], "chi2_level": 0.997, "chi2_df": 3, "chi2_threshold": 13.931422665512084, "N_raw": 68, "N_roi": 68, "N_inlier": 66, "refit": true}
{"timestamp": "17:55:14.217570", "frame": 9, "mu": [1.1682398232672413, 3.1322151045084747, 1.0591663722704605], "Sigma": [[0.03531808374781716, 0.0032352432673318204, -0.006957474854424393], [0.0032352432673318204, 0.0005896424597227448, 0.00010564838706147847], [-0.006957474854424393, 0.00010564838706147845, 0.004380137677183647]], "chi2_level": 0.997, "chi2_df": 3, "chi2_threshold": 13.931422665512084, "N_raw": 5, "N_roi": 5, "N_inlier": 5, "refit": true}
{"timestamp": "17:55:14.278744", "frame": 10, "mu": [1.029833581507063, 3.1204685789750393, 1.0099049225833194], "Sigma": [[0.0186099332469393, -0.004135167220322065, -0.0064818370903562995], [-0.004135167220322065, 0.004441771076209859, -0.00013107453739932324], [-0.0064818370903562995, -0.0001310745373993233, 0.004920780237791272]], "chi2_level": 0.997, "chi2_df": 3, "chi2_threshold": 13.931422665512084, "N_raw": 47, "N_roi": 47, "N_inlier": 45, "refit": true}
{"timestamp": "17:55:14.332450", "frame": 11, "mu": [1.1981037095403753, 3.1589483674004457, 1.1055673563355224], "Sigma": [[0.023207295056688577, -0.0016086348149419109, -0.0004762257003045458], [-0.0016086348149419107, 0.0027276601077513914, -0.00043445284872125733], [-0.00047622570030454573, -0.00043445284872125733, 0.00032779655537726717]], "chi2_level": 0.997, "chi2_df": 3, "chi2_threshold": 13.931422665512084, "N_raw": 42, "N_roi": 42, "N_inlier": 40, "refit": true}
{"timestamp": "17:55:14.383623", "frame": 12, "mu": [1.1527422434830352, 3.097688507933901, 1.0043059989002925], "Sigma": [[0.014448316480270623, 0.0002693814196022662, 0.0012337334372171777], [0.000269381419602266, 0.0011230397660225019, -0.0004953687336325985], [0.0012337334372171777, -0.0004953687336325984, 0.0030533595751762125]], "chi2_level": 0.997, "chi2_df": 3, "chi2_threshold": 13.931422665512084, "N_raw": 19, "N_roi": 19, "N_inlier": 19, "refit": true}
{"timestamp": "17:55:14.496276", "frame": 14, "mu": [1.0611044125390954, 3.123780715661491, 1.0101370016711284], "Sigma": [[0.011940154635202977, -0.0021875984208191606, -0.0017833034330759234], [-0.00218759842081916, 0.004770915608863057, 0.0004353259784550023], [-0.0017833034330759234, 0.0004353259784550023, 0.0020960931518315723]], "chi2_level": 0.997, "chi2_df": 3, "chi2_threshold": 13.931422665512084, "N_raw": 36, "N_roi": 36, "N_inlier": 34, "refit": true}
{"timestamp": "17:55:14.552955", "frame": 15, "mu": [1.108227946665209, 3.107867489198359, 1.0234374320628428], "Sigma": [[0.020819940995004664, -0.004780758644528928, -0.0041476856901072265], [-0.004780758644528928, 0.003367287685274306, -0.002852360454716589], [-0.004147685690107227, -0.002852360454716589, 0.011709111509298447]], "chi2_level": 0.997, "chi2_df": 3, "chi2_threshold": 13.931422665512084, "N_raw": 54, "N_roi": 54, "N_inlier": 54, "refit": true}
{"timestamp": "17:55:14.605364", "frame": 16, "mu": [1.1686481072832657, 3.109384820233513, 1.0492613978533567], "Sigma": [[0.016294594121526708, -0.004031447125920028, -0.006604608134974911], [-0.0040314471259200275, 0.0024696975536842147, 0.0011072396337934863], [-0.00660460813497491, 0.0011072396337934863, 0.0037444661282582023]], "chi2_level": 0.997, "chi2_df": 3, "chi2_threshold": 13.931422665512084, "N_raw": 27, "N_roi": 27, "N_inlier": 26, "refit": true}
{"timestamp": "17:55:14.773433", "frame": 19, "mu": [1.127720745723498, 3.106661461303617, 1.0023057752331384], "Sigma": [[0.016697144165492343, -0.0011897468197246519, 0.0074830849367346535], [-0.001189746819724652, 0.002940478258583232, -0.00420356309436207], [0.0074830849367346535, -0.00420356309436207, 0.011048559392934131]], "chi2_level": 0.997, "chi2_df": 3, "chi2_threshold": 13.931422665512084, "N_raw": 49, "N_roi": 49, "N_inlier": 47, "refit": true}
{"timestamp": "17:55:14.828384", "frame": 20, "mu": [1.1604545602640608, 3.1126407444793673, 1.1299546116522143], "Sigma": [[0.014860467324515637, -0.0031603488388726843, 0.006162351554165703], [-0.0031603488388726847, 0.003101866966198316, -0.006638515717274315], [0.006162351554165703, -0.006638515717274315, 0.016762268990637832]], "chi2_level": 0.997, "chi2_df": 3, "chi2_threshold": 13.931422665512084, "N_raw": 51, "N_roi": 48, "N_inlier": 48, "refit": true}
{"timestamp": "17:55:14.889076", "frame": 21, "mu": [1.223861738216699, 3.100608594303386, 1.2162230529141724], "Sigma": [[0.02465062735883988, -0.00437419252080657, -0.013267802600886286], [-0.00437419252080657, 0.005062665206817771, -0.005476804448520466], [-0.013267802600886286, -0.005476804448520466, 0.024075632508187013]], "chi2_level": 0.997, "chi2_df": 3, "chi2_threshold": 13.931422665512084, "N_raw": 82, "N_roi": 82, "N_inlier": 79, "refit": true}
{"timestamp": "17:55:14.933706", "frame": 22, "mu": [1.1339273255347448, 3.1602169986476407, 1.2201417528037994], "Sigma": [[0.017227242020110087, -0.0030582173109168897, -0.005044825611832284], [-0.0030582173109168897, 0.003660108570654556, 0.00203460430252834], [-0.005044825611832284, 0.00203460430252834, 0.0029741934786290773]], "chi2_level": 0.997, "chi2_df": 3, "chi2_threshold": 13.931422665512084, "N_raw": 16, "N_roi": 16, "N_inlier": 16, "refit": true}
{"timestamp": "17:55:14.997450", "frame": 23, "mu": [1.2458863160625397, 3.0997658548499665, 1.1999069254919887], "Sigma": [[0.031378968484661415, -0.004738176589587608, -0.023166882710247243], [-0.004738176589587608, 0.004691891725562205, -0.0004651519769725244], [-0.023166882710247243, -0.0004651519769725243, 0.023109510276189533]], "chi2_level": 0.997, "chi2_df": 3, "chi2_threshold": 13.931422665512084, "N_raw": 76, "N_roi": 76, "N_inlier": 73, "refit": true}
{"timestamp": "17:55:15.047452", "frame": 24, "mu": [1.2600935357012357, 3.100200856087105, 1.2303313307167318], "Sigma": [[0.01728157373670553, -0.0031190716254009534, -0.0035213852270516892], [-0.0031190716254009534, 0.005235227396557451, 0.0015812844165102404], [-0.0035213852270516897, 0.0015812844165102404, 0.0016633120725565817]], "chi2_level": 0.997, "chi2_df": 3, "chi2_threshold": 13.931422665512084, "N_raw": 46, "N_roi": 46, "N_inlier": 45, "refit": true}
{"timestamp": "17:55:15.100235", "frame": 25, "mu": [1.1034300698285924, 3.2232725813711895, -0.005044606507243532], "Sigma": [[0.013800947028653065, -0.0009649748220371032, 0.004115397587215472], [-0.000964974822037103, 0.01561968603503035, -0.03721202754440284], [0.004115397587215473, -0.03721202754440284, 0.15029406296432887]], "chi2_level": 0.997, "chi2_df": 3, "chi2_threshold": 13.931422665512084, "N_raw": 30, "N_roi": 30, "N_inlier": 30, "refit": true}
{"timestamp": "17:55:15.157115", "frame": 26, "mu": [1.2788847794894136, 3.120396094773377, 0.9976409498391879], "Sigma": [[0.01767657855692386, -0.0029479076162338917, -0.008182524152408752], [-0.0029479076162338917, 0.0040541457966737785, -0.0022588188041010597], [-0.008182524152408752, -0.0022588188041010597, 0.02879170251210305]], "chi2_level": 0.997, "chi2_df": 3, "chi2_threshold": 13.931422665512084, "N_raw": 41, "N_roi": 41, "N_inlier": 38, "refit": true}
{"timestamp": "17:55:15.212438", "frame": 27, "mu": [1.282358357817442, 3.1669013791420966, -0.5000915082319858], "Sigma": [[0.028179446278069696, 0.008622067310402859, 0.014128403476947826], [0.008622067310402859, 0.00867707223485118, 0.014154521728974225], [0.014128403476947826, 0.014154521728974225, 0.10096848705154521]], "chi2_level": 0.997, "chi2_df": 3, "chi2_threshold": 13.931422665512084, "N_raw": 44, "N_roi": 44, "N_inlier": 43, "refit": true}
{"timestamp": "17:55:15.271585", "frame": 28, "mu": [1.2703932442091932, 3.087591344237424, 1.0634057466113749], "Sigma": [[0.02301426479742849, -0.008034293693708113, -0.019239694900685743], [-0.008034293693708113, 0.007304051744718082, 0.0030089968454867933], [-0.019239694900685743, 0.0030089968454867933, 0.021476213970050576]], "chi2_level": 0.997, "chi2_df": 3, "chi2_threshold": 13.931422665512084, "N_raw": 69, "N_roi": 69, "N_inlier": 66, "refit": true}
{"timestamp": "17:55:15.328755", "frame": 29, "mu": [1.2648017348863059, 3.045722345616855, 1.1084178077257418], "Sigma": [[0.024747116697067358, -0.004320397527223376, -0.011121403337593053], [-0.004320397527223376, 0.0023767835662093276, -0.004883294116483847], [-0.011121403337593051, -0.004883294116483847, 0.04785889805543149]], "chi2_level": 0.997, "chi2_df": 3, "chi2_threshold": 13.931422665512084, "N_raw": 80, "N_roi": 80, "N_inlier": 79, "refit": true}
{"timestamp": "17:55:15.382727", "frame": 30, "mu": [1.2528069845780638, 3.0277496174194702, 1.1646826276212738], "Sigma": [[0.02869383196857475, -0.007215075869898961, -0.024070283383800947], [-0.007215075869898961, 0.005009723517937746, -0.00029939124219455476], [-0.024070283383800944, -0.0002993912421945551, 0.04494250850382345]], "chi2_level": 0.997, "chi2_df": 3, "chi2_threshold": 13.931422665512084, "N_raw": 80, "N_roi": 80, "N_inlier": 79, "refit": true}
{"timestamp": "17:55:15.437663", "frame": 31, "mu": [1.2751481329228178, 2.9892848820032065, 1.1290427188206433], "Sigma": [[0.02636028940776757, -0.007063664545646482, -0.026285544590732506], [-0.007063664545646482, 0.004554093556026507, 0.00035993320418063453], [-0.026285544590732506, 0.00035993320418063507, 0.04943951510978528]], "chi2_level": 0.997, "chi2_df": 3, "chi2_threshold": 13.931422665512084, "N_raw": 79, "N_roi": 79, "N_inlier": 77, "refit": true}
{"timestamp": "17:55:15.489786", "frame": 32, "mu": [1.1819440141027744, 3.005500476501791, 1.0405876387607875], "Sigma": [[0.017854832215682664, -0.003632149082960859, -0.0019203097572009847], [-0.003632149082960859, 0.002800512144509655, -0.004290906683583213], [-0.0019203097572009847, -0.004290906683583213, 0.01796788324641066]], "chi2_level": 0.997, "chi2_df": 3, "chi2_threshold": 13.931422665512084, "N_raw": 56, "N_roi": 56, "N_inlier": 53, "refit": true}
{"timestamp": "17:55:15.543503", "frame": 33, "mu": [1.127854503317867, 2.9762565865977875, 1.1617879132283353], "Sigma": [[0.013869437040295392, -0.003370706885795492, -0.004987737929600911], [-0.003370706885795492, 0.0021708196282768794, -0.005166456813863307], [-0.004987737929600911, -0.005166456813863307, 0.04380684632815754]], "chi2_level": 0.997, "chi2_df": 3, "chi2_threshold": 13.931422665512084, "N_raw": 48, "N_roi": 48, "N_inlier": 47, "refit": true}
{"timestamp": "17:55:15.601956", "frame": 34, "mu": [1.115314091123204, 2.980240680413376, 1.02799747484384], "Sigma": [[0.02424322671801827, -0.008169316135053985, -0.020786917234567884], [-0.008169316135053985, 0.004362270570429449, 0.0015567847668042744], [-0.020786917234567884, 0.0015567847668042742, 0.04596663838413497]], "chi2_level": 0.997, "chi2_df": 3, "chi2_threshold": 13.931422665512084, "N_raw": 68, "N_roi": 68, "N_inlier": 68, "refit": true}
{"timestamp": "17:55:15.652483", "frame": 35, "mu": [1.1148653747164348, 2.9195218950595048, 0.901364411519231], "Sigma": [[0.01400284041701533, -0.0017715284795581363, -0.004823054742598696], [-0.0017715284795581363, 0.0013217575142617964, -0.002406721392068505], [-0.004823054742598696, -0.002406721392068505, 0.014979277725050904]], "chi2_level": 0.997, "chi2_df": 3, "chi2_threshold": 13.931422665512084, "N_raw": 43, "N_roi": 43, "N_inlier": 42, "refit": true}
{"timestamp": "17:55:15.706277", "frame": 36, "mu": [1.372236579460798, 2.826895807934113, 0.9130862696322384], "Sigma": [[0.014964054632129785, -0.004701075099439945, -0.013619601669822241], [-0.004701075099439945, 0.0025801687622112887, 0.0014132107761937033], [-0.013619601669822241, 0.001413210776193703, 0.05396218544310148]], "chi2_level": 0.997, "chi2_df": 3, "chi2_threshold": 13.931422665512084, "N_raw": 36, "N_roi": 36, "N_inlier": 33, "refit": true}
{"timestamp": "17:55:15.769432", "frame": 37, "mu": [1.1255719240023982, 2.8280276918162, 1.0096276832230724], "Sigma": [[0.025305551777665483, -0.006801836396291613, -0.011359263560978248], [-0.006801836396291613, 0.004726352620411956, -0.0042727279777629796], [-0.011359263560978248, -0.0042727279777629796, 0.03175568650953741]], "chi2_level": 0.997, "chi2_df": 3, "chi2_threshold": 13.931422665512084, "N_raw": 88, "N_roi": 88, "N_inlier": 86, "refit": true}
{"timestamp": "17:55:15.823284", "frame": 38, "mu": [1.1841605451405997, 2.773690046406016, 0.9008719321493994], "Sigma": [[0.039228141795164206, -0.008788222095023616, -0.015117210129560748], [-0.008788222095023616, 0.004499316599726774, 0.0015009458426809273], [-0.015117210129560748, 0.001500945842680927, 0.009075030731923709]], "chi2_level": 0.997, "chi2_df": 3, "chi2_threshold": 13.931422665512084, "N_raw": 74, "N_roi": 74, "N_inlier": 69, "refit": true}
{"timestamp": "17:55:15.872396", "frame": 39, "mu": [1.0207315852264867, 2.7851990769307395, 1.1336207086206527], "Sigma": [[0.010958451109494791, -0.005944841496493518, -0.009210027065397326], [-0.005944841496493518, 0.005025515710937989, 0.0022450143214272954], [-0.009210027065397326, 0.0022450143214272954, 0.027567426791811508]], "chi2_level": 0.997, "chi2_df": 3, "chi2_threshold": 13.931422665512084, "N_raw": 39, "N_roi": 39, "N_inlier": 36, "refit": true}
{"timestamp": "17:55:15.930332", "frame": 40, "mu": [1.0933426407483535, 2.750935568042832, 1.0476291558259159], "Sigma": [[0.019952453135309793, -0.0059216867021262614, 0.007087449702217044], [-0.005921686702126261, 0.004882186130894652, -0.006298397746913864], [0.007087449702217044, -0.006298397746913865, 0.014104042585040596]], "chi2_level": 0.997, "chi2_df": 3, "chi2_threshold": 13.931422665512084, "N_raw": 66, "N_roi": 66, "N_inlier": 63, "refit": true}
{"timestamp": "17:55:15.987652", "frame": 41, "mu": [1.107502305957967, 2.7040077500311024, 1.0195962541854557], "Sigma": [[0.0188669678822707, -0.008244369680027968, -0.005394196116237699], [-0.008244369680027968, 0.00579636285984296, -0.004233330151400061], [-0.005394196116237699, -0.004233330151400062, 0.026620486181059312]], "chi2_level": 0.997, "chi2_df": 3, "chi2_threshold": 13.931422665512084, "N_raw": 79, "N_roi": 79, "N_inlier": 75, "refit": true}
{"timestamp": "17:55:16.044198", "frame": 42, "mu": [1.1269791046519042, 2.6682529019720858, 1.0922880681243026], "Sigma": [[0.026669349548136073, -0.008667247970409606, 0.000647228228689917], [-0.008667247970409606, 0.005065355366496895, -0.005718001134151999], [0.0006472282286899167, -0.005718001134151999, 0.02229705561678727]], "chi2_level": 0.997, "chi2_df": 3, "chi2_threshold": 13.931422665512084, "N_raw": 85, "N_roi": 85, "N_inlier": 84, "refit": true}
{"timestamp": "17:55:16.099552", "frame": 43, "mu": [1.0951546457864998, 2.6548835160464463, 1.021342086799317], "Sigma": [[0.027230117633015943, -0.01047107349397387, 0.011996615803457126], [-0.010471073493973871, 0.006923253220925486, -0.010222948861711528], [0.011996615803457126, -0.01022294886171153, 0.020751585562738737]], "chi2_level": 0.997, "chi2_df": 3, "chi2_threshold": 13.931422665512084, "N_raw": 92, "N_roi": 92, "N_inlier": 88, "refit": true}
{"timestamp": "17:55:16.154595", "frame": 44, "mu": [1.1127170876906112, 2.5962059537586444, 0.9775044149296233], "Sigma": [[0.01653528986026149, -0.005561680544794931, 0.009138039829821], [-0.005561680544794931, 0.00429975586218107, -0.006754188768842755], [0.009138039829821, -0.006754188768842756, 0.11752690932639429]], "chi2_level": 0.997, "chi2_df": 3, "chi2_threshold": 13.931422665512084, "N_raw": 92, "N_roi": 92, "N_inlier": 90, "refit": true}
{"timestamp": "17:55:16.206870", "frame": 45, "mu": [1.0494383069359392, 2.6035544846814624, 1.0524092380072283], "Sigma": [[0.016508126736794183, -0.007680706122188324, 0.006614618876153847], [-0.007680706122188324, 0.0056215642407102485, -0.009372637373548806], [0.006614618876153847, -0.009372637373548808, 0.026339918950176358]], "chi2_level": 0.997, "chi2_df": 3, "chi2_threshold": 13.931422665512084, "N_raw": 73, "N_roi": 73, "N_inlier": 73, "refit": true}
{"timestamp": "17:55:16.261120", "frame": 46, "mu": [1.06870485452305, 2.5409531649622905, 0.9235233355537711], "Sigma": [[0.024248257337788015, -0.011833129387221614, 0.01914019304577295], [-0.011833129387221614, 0.007486212086285486, -0.012934409536941312], [0.019140193045772955, -0.012934409536941312, 0.039527375935218434]], "chi2_level": 0.997, "chi2_df": 3, "chi2_threshold": 13.931422665512084, "N_raw": 71, "N_roi": 71, "N_inlier": 69, "refit": true}
{"timestamp": "17:55:16.315181", "frame": 47, "mu": [1.1497866778107242, 2.426440552777968, -0.9870707058521152], "Sigma": [[0.022247387133094966, -0.01662528633046801, -0.008548944611703404], [-0.01662528633046801, 0.01351117140657006, 0.0033142019308692538], [-0.008548944611703403, 0.003314201930869254, 0.04976124541118511]], "chi2_level": 0.997, "chi2_df": 3, "chi2_threshold": 13.931422665512084, "N_raw": 57, "N_roi": 57, "N_inlier": 52, "refit": true}
{"timestamp": "17:55:16.372004", "frame": 48, "mu": [1.1657875469207184, 2.372474245966504, 1.017175816407477], "Sigma": [[0.020707246615722, -0.017533318946535065, -0.022377650277759426], [-0.017533318946535065, 0.019416081679270197, 0.017369902032385375], [-0.02237765027775943, 0.017369902032385375, 0.030676509967783483]], "chi2_level": 0.997, "chi2_df": 3, "chi2_threshold": 13.931422665512084, "N_raw": 69, "N_roi": 69, "N_inlier": 66, "refit": true}
{"timestamp": "17:55:16.432366", "frame": 49, "mu": [0.966597460508146, 2.455026508387962, 1.1132858998737267], "Sigma": [[0.01468412810630446, -0.007694857858005104, -0.006416933982496459], [-0.007694857858005104, 0.008719330235446916, -0.010092969451625916], [-0.00641693398249646, -0.010092969451625917, 0.06680667812769303]], "chi2_level": 0.997, "chi2_df": 3, "chi2_threshold": 13.931422665512084, "N_raw": 102, "N_roi": 102, "N_inlier": 99, "refit": true}
{"timestamp": "17:55:16.480831", "frame": 50, "mu": [1.0134377263937295, 2.3712159039033245, 1.2162374452621587], "Sigma": [[0.011420211190627761, -0.0035449541404299163, -0.0025739640722796005], [-0.0035449541404299163, 0.004084249358633448, -0.015367533490306813], [-0.0025739640722796013, -0.015367533490306813, 0.09993971627138559]], "chi2_level": 0.997, "chi2_df": 3, "chi2_threshold": 13.931422665512084, "N_raw": 54, "N_roi": 54, "N_inlier": 51, "refit": true}
{"timestamp": "17:55:16.532070", "frame": 51, "mu": [0.9604020223623438, 2.3567732211594543, 1.1897822258517161], "Sigma": [[0.008161587975495939, -0.0011373518741853604, -0.00564253158935051], [-0.0011373518741853604, 0.0010534321855230303, -0.0027479963016943227], [-0.00564253158935051, -0.0027479963016943227, 0.05835301272091198]], "chi2_level": 0.997, "chi2_df": 3, "chi2_threshold": 13.931422665512084, "N_raw": 33, "N_roi": 33, "N_inlier": 29, "refit": true}
{"timestamp": "17:55:16.593584", "frame": 52, "mu": [0.86394615203672, 2.485095636401745, -0.6171398779989062], "Sigma": [[0.011509950850546579, 0.002028067837645911, 0.037375388680136054], [0.002028067837645911, 0.00909916424155545, -0.006065783582484465], [0.03737538868013605, -0.006065783582484468, 0.32655027244792856]], "chi2_level": 0.997, "chi2_df": 3, "chi2_threshold": 13.931422665512084, "N_raw": 80, "N_roi": 80, "N_inlier": 78, "refit": true}
{"timestamp": "17:55:16.650253", "frame": 53, "mu": [0.9445867882046132, 2.316614523029089, 1.0549757065767014], "Sigma": [[0.014917581004684573, -0.010295150432971934, -0.00603890223455536], [-0.010295150432971934, 0.010141661620449898, -0.0012732915278643386], [-0.00603890223455536, -0.0012732915278643392, 0.026882664279842955]], "chi2_level": 0.997, "chi2_df": 3, "chi2_threshold": 13.931422665512084, "N_raw": 87, "N_roi": 87, "N_inlier": 83, "refit": true}
{"timestamp": "17:55:16.706021", "frame": 54, "mu": [0.8765397537072351, 2.3009738416457672, 1.1018515521434131], "Sigma": [[0.015072819308729795, -0.007622720608097612, -0.010699203070542309], [-0.007622720608097611, 0.005216440507092914, -0.0012194629047293417], [-0.010699203070542309, -0.0012194629047293417, 0.05762429211634855]], "chi2_level": 0.997, "chi2_df": 3, "chi2_threshold": 13.931422665512084, "N_raw": 93, "N_roi": 93, "N_inlier": 88, "refit": true}
{"timestamp": "17:55:16.763115", "frame": 55, "mu": [0.8537948935342842, 2.2735103479991694, 1.055390351450443], "Sigma": [[0.016640658547961873, -0.005056589839415768, 0.004055043801059645], [-0.00505658983941577, 0.0038873933823438483, -0.0026202444098520463], [0.004055043801059647, -0.0026202444098520463, 0.0821131917232219]], "chi2_level": 0.997, "chi2_df": 3, "chi2_threshold": 13.931422665512084, "N_raw": 104, "N_roi": 104, "N_inlier": 101, "refit": true}
{"timestamp": "17:55:16.815698", "frame": 56, "mu": [0.8649487988802134, 2.211376640374539, 0.9281745572914368], "Sigma": [[0.01563050883079521, -0.0067243228574595595, 0.012702544131351468], [-0.00672432285745956, 0.005902000498842622, -0.004418484903355863], [0.012702544131351468, -0.004418484903355863, 0.10561300540155102]], "chi2_level": 0.997, "chi2_df": 3, "chi2_threshold": 13.931422665512084, "N_raw": 89, "N_roi": 89, "N_inlier": 87, "refit": true}
{"timestamp": "17:55:16.868712", "frame": 57, "mu": [0.8121803723323406, 2.2243124094010276, 1.117007379106995], "Sigma": [[0.011538559638336424, -0.0040157596263409685, 0.00022122165910948375], [-0.004015759626340968, 0.0033830930474596475, -0.006454981382373312], [0.00022122165910948367, -0.006454981382373311, 0.036785958553091365]], "chi2_level": 0.997, "chi2_df": 3, "chi2_threshold": 13.931422665512084, "N_raw": 79, "N_roi": 79, "N_inlier": 78, "refit": true}
{"timestamp": "17:55:16.920969", "frame": 58, "mu": [0.6884891035747683, 2.2862475684780494, 1.0975306651416559], "Sigma": [[0.02639406184084837, -0.017857229319522053, 0.014334283560931433], [-0.017857229319522053, 0.015380812680065256, -0.015442758360495466], [0.014334283560931433, -0.015442758360495464, 0.026165220806964165]], "chi2_level": 0.997, "chi2_df": 3, "chi2_threshold": 13.931422665512084, "N_raw": 59, "N_roi": 59, "N_inlier": 56, "refit": true}
{"timestamp": "17:55:16.979437", "frame": 59, "mu": [0.6724788857751085, 2.2255980981166643, 1.0688815552705409], "Sigma": [[0.013756294208675543, -0.004094219493084183, 0.0039144197001424455], [-0.004094219493084183, 0.004369588356309227, -0.007969407838306087], [0.0039144197001424455, -0.007969407838306087, 0.02454597883294475]], "chi2_level": 0.997, "chi2_df": 3, "chi2_threshold": 13.931422665512084, "N_raw": 82, "N_roi": 82, "N_inlier": 78, "refit": true}
{"timestamp": "17:55:17.038382", "frame": 60, "mu": [0.5788992270310025, 2.204981253177188, 1.040502675489014], "Sigma": [[0.02059115811918838, -0.007220023139691755, 0.016329844085104725], [-0.007220023139691755, 0.005418018107966679, -0.011243895439179726], [0.016329844085104725, -0.011243895439179726, 0.055906346191316084]], "chi2_level": 0.997, "chi2_df": 3, "chi2_threshold": 13.931422665512084, "N_raw": 108, "N_roi": 108, "N_inlier": 106, "refit": true}
{"timestamp": "17:55:17.085039", "frame": 61, "mu": [0.5317858377701344, 2.2297129764889863, 0.8890506139923738], "Sigma": [[0.01705842386354689, -0.003222945295623556, 0.007660563593562009], [-0.0032229452956235565, 0.0036487919359477743, -0.0066669935808332925], [0.007660563593562009, -0.0066669935808332925, 0.019712077342664253]], "chi2_level": 0.997, "chi2_df": 3, "chi2_threshold": 13.931422665512084, "N_raw": 55, "N_roi": 55, "N_inlier": 52, "refit": true}
{"timestamp": "17:55:17.146683", "frame": 62, "mu": [0.5280116120864012, 2.155017738261347, 1.0789421345772925], "Sigma": [[0.02570407014608761, -0.013280915259053802, 0.007612451345684137], [-0.013280915259053803, 0.012023124627174593, -0.009353133087815015], [0.007612451345684137, -0.009353133087815015, 0.01150593538347971]], "chi2_level": 0.997, "chi2_df": 3, "chi2_threshold": 13.931422665512084, "N_raw": 106, "N_roi": 106, "N_inlier": 104, "refit": true}
{"timestamp": "17:55:17.201193", "frame": 63, "mu": [0.4906815967724458, 2.1394477806228323, -0.929462696686114], "Sigma": [[0.017744281022753307, -0.0050038622789406505, 0.012350381515266783], [-0.0050038622789406505, 0.008406947549301705, -0.00041246401822823975], [0.012350381515266783, -0.00041246401822823985, 0.0315005673801913]], "chi2_level": 0.997, "chi2_df": 3, "chi2_threshold": 13.931422665512084, "N_raw": 90, "N_roi": 90, "N_inlier": 87, "refit": true}
{"timestamp": "17:55:17.253612", "frame": 64, "mu": [0.4955957185029389, 2.0643532174026, -0.7424222869845634], "Sigma": [[0.014161866453768162, -0.008850173657450004, 0.030109538235570422], [-0.008850173657450004, 0.009382941235558348, -0.017250065826116743], [0.03010953823557043, -0.017250065826116746, 0.3474848508056467]], "chi2_level": 0.997, "chi2_df": 3, "chi2_threshold": 13.931422665512084, "N_raw": 76, "N_roi": 76, "N_inlier": 75, "refit": true}
{"timestamp": "17:55:17.313956", "frame": 65, "mu": [0.493493161880047, 2.0393238858593326, 1.1274253827048326], "Sigma": [[0.030911129897196948, -0.02197754986247542, 0.0006404473801278783], [-0.021977549862475416, 0.020326487341286018, -0.004130027660573486], [0.0006404473801278785, -0.004130027660573486, 0.006233933922095763]], "chi2_level": 0.997, "chi2_df": 3, "chi2_threshold": 13.931422665512084, "N_raw": 120, "N_roi": 120, "N_inlier": 115, "refit": true}
{"timestamp": "17:55:17.370114", "frame": 66, "mu": [0.44527078143626164, 2.009677859611882, 1.2349983088580139], "Sigma": [[0.018762674923179193, -0.013146663756321567, -0.0004895146514578052], [-0.013146663756321567, 0.014864112670685953, -0.014118110634244365], [-0.0004895146514578049, -0.014118110634244365, 0.05140185901380462]], "chi2_level": 0.997, "chi2_df": 3, "chi2_threshold": 13.931422665512084, "N_raw": 116, "N_roi": 116, "N_inlier": 112, "refit": true}
{"timestamp": "17:55:17.420913", "frame": 67, "mu": [0.44693412960085993, 1.9413409880473302, -0.42476452571606166], "Sigma": [[0.013668524572087419, -0.00565139874320081, 0.07467491325269449], [-0.00565139874320081, 0.004531024968689371, -0.03238215930401299], [0.07467491325269449, -0.03238215930401299, 0.8711787643193772]], "chi2_level": 0.997, "chi2_df": 3, "chi2_threshold": 13.931422665512084, "N_raw": 92, "N_roi": 92, "N_inlier": 92, "refit": true}
{"timestamp": "17:55:17.477889", "frame": 68, "mu": [0.4035755120208639, 1.9309327715734927, 1.1566149129679346], "Sigma": [[0.01276004939323361, -0.005826499557979962, 0.004442065610352289], [-0.005826499557979962, 0.0050083945875823484, -0.010714030694685319], [0.004442065610352289, -0.010714030694685319, 0.07110907677753275]], "chi2_level": 0.997, "chi2_df": 3, "chi2_threshold": 13.931422665512084, "N_raw": 109, "N_roi": 109, "N_inlier": 105, "refit": true}
{"timestamp": "17:55:17.535208", "frame": 69, "mu": [0.42221381606685643, 1.8644048580639712, 1.2102519543336505], "Sigma": [[0.01997027768371676, -0.012440882899234427, -0.008700327022016738], [-0.012440882899234427, 0.011361530240752864, 0.00147330169917069], [-0.00870032702201674, 0.0014733016991706894, 0.12732372718662352]], "chi2_level": 0.997, "chi2_df": 3, "chi2_threshold": 13.931422665512084, "N_raw": 119, "N_roi": 119, "N_inlier": 117, "refit": true}
{"timestamp": "17:55:17.588158", "frame": 70, "mu": [0.41364802149684887, 1.9437217724102713, -0.568784393714112], "Sigma": [[0.025688528195717764, -0.016642566137309044, 0.01683664970209634], [-0.016642566137309044, 0.019358518461636706, -0.047267444800386006], [0.016836649702096345, -0.047267444800386006, 0.2713210389824931]], "chi2_level": 0.997, "chi2_df": 3, "chi2_threshold": 13.931422665512084, "N_raw": 108, "N_roi": 108, "N_inlier": 107, "refit": true}
{"timestamp": "17:55:17.640952", "frame": 71, "mu": [0.3147981531467496, 1.8370599092433213, 1.361829696407281], "Sigma": [[0.008029387005514548, -0.005305764709554802, -0.018640723994821057], [-0.005305764709554801, 0.009178879891403426, 0.011551337798054874], [-0.018640723994821057, 0.011551337798054874, 0.07720565467879013]], "chi2_level": 0.997, "chi2_df": 3, "chi2_threshold": 13.931422665512084, "N_raw": 89, "N_roi": 89, "N_inlier": 84, "refit": true}
{"timestamp": "17:55:17.694537", "frame": 72, "mu": [0.25399659257516, 1.755024512709268, 1.1156430931877908], "Sigma": [[0.016590284764181295, -0.005921295229218532, 0.021267161741237217], [-0.005921295229218531, 0.006323369486588303, 0.008241547270101861], [0.021267161741237217, 0.008241547270101863, 0.18426734817769222]], "chi2_level": 0.997, "chi2_df": 3, "chi2_threshold": 13.931422665512084, "N_raw": 85, "N_roi": 85, "N_inlier": 82, "refit": true}
{"timestamp": "17:55:17.745092", "frame": 73, "mu": [0.29215449100937496, 1.6977632793264152, 1.1479100721865778], "Sigma": [[0.005518308127589452, 9.621598923540897e-05, -0.0002093836260314883], [9.621598923540903e-05, 0.0012403602445673575, 0.005338089285105963], [-0.0002093836260314881, 0.005338089285105962, 0.04224934843435377]], "chi2_level": 0.997, "chi2_df": 3, "chi2_threshold": 13.931422665512084, "N_raw": 57, "N_roi": 55, "N_inlier": 53, "refit": true}
{"timestamp": "17:55:17.798387", "frame": 74, "mu": [0.1444850838670071, 1.850660140103599, 0.09527352838826557], "Sigma": [[0.006577656800273395, -0.00018703075301389888, -0.008129797987473032], [-0.00018703075301389872, 0.0026107262370143464, -0.00014336962766180015], [-0.00812979798747303, -0.0001433696276618001, 0.011085958903699544]], "chi2_level": 0.997, "chi2_df": 3, "chi2_threshold": 13.931422665512084, "N_raw": 41, "N_roi": 41, "N_inlier": 38, "refit": true}
{"timestamp": "17:55:17.848593", "frame": 75, "mu": [0.2069040859034073, 1.7525161032529433, 1.426892261579543], "Sigma": [[0.0018819808193666066, -0.0017841545938080095, -0.001913721919058146], [-0.0017841545938080093, 0.0043400015028761535, 0.0008655026645281055], [-0.0019137219190581457, 0.0008655026645281055, 0.006751983751687997]], "chi2_level": 0.997, "chi2_df": 3, "chi2_threshold": 13.931422665512084, "N_raw": 16, "N_roi": 13, "N_inlier": 13, "refit": true}
{"timestamp": "17:55:17.910522", "frame": 76, "mu": [0.0870293591558295, 1.8059072904347298, 1.5520091213097968], "Sigma": [[0.005589149536428921, -0.002065368707355865, -0.005371484912145291], [-0.0020653687073558654, 0.005422394818926152, 0.0008177831623429085], [-0.005371484912145291, 0.0008177831623429085, 0.005871203540610603]], "chi2_level": 0.997, "chi2_df": 3, "chi2_threshold": 13.931422665512084, "N_raw": 61, "N_roi": 60, "N_inlier": 56, "refit": true}
{"timestamp": "17:55:17.970732", "frame": 77, "mu": [0.046846227230256055, 1.8012168092757093, 1.4374256475500473], "Sigma": [[0.004260397475628287, -0.0017355573403639133, -0.004460458165351086], [-0.0017355573403639133, 0.002935192668870989, -0.002649839508934277], [-0.004460458165351086, -0.0026498395089342773, 0.03305852083117821]], "chi2_level": 0.997, "chi2_df": 3, "chi2_threshold": 13.931422665512084, "N_raw": 64, "N_roi": 64, "N_inlier": 59, "refit": true}
{"timestamp": "17:55:18.020528", "frame": 78, "mu": [-0.028886490069327173, 1.8232135096440676, 1.6638646779589907], "Sigma": [[0.006668636353946422, -0.0013343221092181104, -0.006028699125443531], [-0.0013343221092181104, 0.006014428646466177, 4.414567940537158e-06], [-0.006028699125443531, 4.414567940536995e-06, 0.0069059959342283065]], "chi2_level": 0.997, "chi2_df": 3, "chi2_threshold": 13.931422665512084, "N_raw": 67, "N_roi": 67, "N_inlier": 65, "refit": true}
{"timestamp": "17:55:18.081693", "frame": 79, "mu": [-0.04814658589260625, 1.7923548918748444, 1.6241202459279134], "Sigma": [[0.0071166168522628056, -0.00219962997301365, -0.008235586621231316], [-0.0021996299730136504, 0.007988699957278493, 0.002390302989435329], [-0.008235586621231316, 0.002390302989435329, 0.01020411546814891]], "chi2_level": 0.997, "chi2_df": 3, "chi2_threshold": 13.931422665512084, "N_raw": 77, "N_roi": 77, "N_inlier": 73, "refit": true}
{"timestamp": "17:55:18.134418", "frame": 80, "mu": [-0.12999808360407697, 1.6842886390837595, 0.7234559912147173], "Sigma": [[0.010465336095499404, -0.001371358186979621, 0.040793105964286425], [-0.001371358186979621, 0.0038042128952820806, 0.007919305794095851], [0.040793105964286425, 0.007919305794095851, 0.497140150020937]], "chi2_level": 0.997, "chi2_df": 3, "chi2_threshold": 13.931422665512084, "N_raw": 92, "N_roi": 92, "N_inlier": 92, "refit": true}
{"timestamp": "17:55:18.178844", "frame": 81, "mu": [-0.17898190577835293, 1.805380856298833, 0.8518695645647845], "Sigma": [[0.017705769025090242, 0.003819192706824139, 0.07146475148016437], [0.003819192706824138, 0.009558604488230326, 0.045074197132622916], [0.07146475148016437, 0.045074197132622916, 0.4908591107412533]], "chi2_level": 0.997, "chi2_df": 3, "chi2_threshold": 13.931422665512084, "N_raw": 13, "N_roi": 11, "N_inlier": 10, "refit": true}
{"timestamp": "17:55:18.242794", "frame": 82, "mu": [-0.19966370587504448, 1.757837340896715, 1.3891087807674505], "Sigma": [[0.012036630233225593, -0.007466498453261329, 0.022072964879758548], [-0.007466498453261328, 0.01296982122316209, -0.01798095173773953], [0.02207296487975855, -0.01798095173773953, 0.10389945751176403]], "chi2_level": 0.997, "chi2_df": 3, "chi2_threshold": 13.931422665512084, "N_raw": 73, "N_roi": 71, "N_inlier": 68, "refit": true}
{"timestamp": "17:55:18.297129", "frame": 83, "mu": [-0.2588373023233218, 1.793308327431787, 1.44521669869196], "Sigma": [[0.010912841223481485, -0.008319149438008844, 0.017482761482122307], [-0.008319149438008846, 0.015090985450609615, -0.021389715534193325], [0.017482761482122307, -0.021389715534193325, 0.07442535018341187]], "chi2_level": 0.997, "chi2_df": 3, "chi2_threshold": 13.931422665512084, "N_raw": 73, "N_roi": 73, "N_inlier": 70, "refit": true}
{"timestamp": "17:55:18.346998", "frame": 84, "mu": [-0.3290137740704799, 1.7623955369324407, 1.3284405082713482], "Sigma": [[0.010147213184081382, -0.008956636743306462, 0.027019334201168355], [-0.008956636743306462, 0.014400321277724141, -0.027626194301616665], [0.027019334201168355, -0.02762619430161667, 0.16671518234591517]], "chi2_level": 0.997, "chi2_df": 3, "chi2_threshold": 13.931422665512084, "N_raw": 35, "N_roi": 35, "N_inlier": 34, "refit": true}
{"timestamp": "17:55:18.407427", "frame": 85, "mu": [-0.39062656412923225, 1.7933969736873798, 1.3115220936922756], "Sigma": [[0.01746359485590067, -0.016180949758200613, 0.030224439872095506], [-0.016180949758200613, 0.02680869049937016, -0.041378313129341766], [0.030224439872095502, -0.041378313129341766, 0.08729051809716928]], "chi2_level": 0.997, "chi2_df": 3, "chi2_threshold": 13.931422665512084, "N_raw": 77, "N_roi": 77, "N_inlier": 74, "refit": true}
{"timestamp": "17:55:18.461848", "frame": 86, "mu": [-0.36190669794976726, 1.7153375662545762, 1.4629029333343535], "Sigma": [[0.005456079675373125, -0.0002797591274056225, -0.0025086749114405166], [-0.0002797591274056226, 0.009610179500527, 0.0032588881629869292], [-0.002508674911440517, 0.0032588881629869292, 0.0024862718714025915]], "chi2_level": 0.997, "chi2_df": 3, "chi2_threshold": 13.931422665512084, "N_raw": 70, "N_roi": 68, "N_inlier": 65, "refit": true}
{"timestamp": "17:55:18.516039", "frame": 87, "mu": [-0.4111631718837677, 1.6990535884497246, 1.3473612978408074], "Sigma": [[0.004659815283044366, 0.0006427007512537649, -0.007467359275663686], [0.0006427007512537649, 0.00816348191596747, 0.0022570433774687267], [-0.007467359275663686, 0.0022570433774687267, 0.08659584906677877]], "chi2_level": 0.997, "chi2_df": 3, "chi2_threshold": 13.931422665512084, "N_raw": 55, "N_roi": 53, "N_inlier": 50, "refit": true}
{"timestamp": "17:55:18.583511", "frame": 88, "mu": [-0.44670695913670766, 1.763976911026338, 1.0272422527161462], "Sigma": [[0.009747063861296507, 0.0030953783242404494, -0.030230360342086232], [0.003095378324240449, 0.013057662055355483, -0.037131095905910474], [-0.03023036034208623, -0.037131095905910474, 0.2583466111146156]], "chi2_level": 0.997, "chi2_df": 3, "chi2_threshold": 13.931422665512084, "N_raw": 150, "N_roi": 150, "N_inlier": 149, "refit": true}
{"timestamp": "17:55:18.637242", "frame": 89, "mu": [-0.5155431569741236, 1.7457637665869832, 1.0268676201313267], "Sigma": [[0.006756726121000725, 0.0011583671001484006, -0.010315405094161175], [0.0011583671001484004, 0.010932862994972252, -0.030939971153703706], [-0.010315405094161175, -0.030939971153703706, 0.28219331644790546]], "chi2_level": 0.997, "chi2_df": 3, "chi2_threshold": 13.931422665512084, "N_raw": 121, "N_roi": 121, "N_inlier": 121, "refit": true}
