{"timestamp": "19:08:39.958007", "frame": 1, "mu": [1.51750453188491, 3.142842685336938, 1.1557683227938473], "Sigma": [[0.012463788953342785, -0.004224973200938921, -0.004689104572156464], [-0.004224973200938921, 0.0028425319410876363, -0.0020582770346931475], [-0.004689104572156463, -0.0020582770346931475, 0.014891463629174026]], "chi2_level": 0.997, "chi2_df": 3, "chi2_threshold": 13.931422665512084, "N_raw": 32, "N_roi": 31, "N_inlier": 31, "refit": true}
{"timestamp": "19:08:40.015387", "frame": 2, "mu": [1.5420133852862816, 3.149275381445914, 1.2469689474746937], "Sigma": [[0.018655551957905813, -0.003154375749703878, -0.01956288033287872], [-0.003154375749703878, 0.0034317425017438676, -0.0010422269141323688], [-0.019562880332878715, -0.0010422269141323688, 0.037177195333204245]], "chi2_level": 0.997, "chi2_df": 3, "chi2_threshold": 13.931422665512084, "N_raw": 27, "N_roi": 27, "N_inlier": 27, "refit": true}
{"timestamp": "19:08:40.069616", "frame": 3, "mu": [1.4840672633094976, 3.088556716069344, 1.5424665101851045], "Sigma": [[0.008635815992750569, -0.003448797385975722, -0.006266641815255166], [-0.0034487973859757223, 0.0028192370608980284, -0.0018713901727941623], [-0.006266641815255166, -0.0018713901727941623, 0.023938075466099582]], "chi2_level": 0.997, "chi2_df": 3, "chi2_threshold": 13.931422665512084, "N_raw": 25, "N_roi": 25, "N_inlier": 24, "refit": true}
{"timestamp": "19:08:40.129847", "frame": 4, "mu": [1.5520784557276264, 3.0820633744286177, 1.0641566694545959], "Sigma": [[0.01991040362616417, -0.0046126502623632624, -0.014033675514308409], [-0.0046126502623632624, 0.006407083709028371, -0.014229505760822997], [-0.014033675514308409, -0.014229505760822995, 0.11674587721546353]], "chi2_level": 0.997, "chi2_df": 3, "chi2_threshold": 13.931422665512084, "N_raw": 59, "N_roi": 59, "N_inlier": 59, "refit": true}
{"timestamp": "19:08:40.181517", "frame": 5, "mu": [1.6837611165091344, 3.091275969431564, 1.0902033978555414], "Sigma": [[0.016405082322893214, -0.0035018163813074895, -0.013342282568242728], [-0.0035018163813074895, 0.008211398757399848, -0.0008506859913408407], [-0.01334228256824273, -0.0008506859913408407, 0.04528163065170916]], "chi2_level": 0.997, "chi2_df": 3, "chi2_threshold": 13.931422665512084, "N_raw": 38, "N_roi": 38, "N_inlier": 38, "refit": true}
{"timestamp": "19:08:40.241648", "frame": 6, "mu": [1.4866487918675362, 3.0869316551281116, 1.2816269779653384], "Sigma": [[0.015443437618451406, -0.0048281417861700555, -0.02021535241284527], [-0.0048281417861700555, 0.0051139355416882715, -0.007682578269928743], [-0.02021535241284527, -0.007682578269928745, 0.12100843098968388]], "chi2_level": 0.997, "chi2_df": 3, "chi2_threshold": 13.931422665512084, "N_raw": 68, "N_roi": 68, "N_inlier": 68, "refit": true}
{"timestamp": "19:08:40.292780", "frame": 7, "mu": [1.5669312397144117, 3.1118616654039655, 0.12472219811371585], "Sigma": [[0.02213274524761032, 0.0072974268150027815, -0.03999184874955073], [0.0072974268150027815, 0.011634273517478212, -0.02911576965509026], [-0.03999184874955073, -0.02911576965509026, 0.1048770049948642]], "chi2_level": 0.997, "chi2_df": 3, "chi2_threshold": 13.931422665512084, "N_raw": 47, "N_roi": 47, "N_inlier": 47, "refit": true}
{"timestamp": "19:08:40.348277", "frame": 8, "mu": [1.505260397942509, 3.0539080690607063, 1.027179364218885], "Sigma": [[0.017087381710163996, -0.006585551925028821, -0.007356603331206429], [-0.006585551925028821, 0.007082529187377162, -0.0011272208136427738], [-0.00735660333120643, -0.0011272208136427738, 0.032440612791508575]], "chi2_level": 0.997, "chi2_df": 3, "chi2_threshold": 13.931422665512084, "N_raw": 53, "N_roi": 52, "N_inlier": 50, "refit": true}
{"timestamp": "19:08:40.407410", "frame": 9, "mu": [1.5902964349864095, 3.0791674073434097, 0.8886942794446768], "Sigma": [[0.021569778811906904, -0.00465668154495876, -0.017107901210880377], [-0.004656681544958761, 0.008130323354011823, -0.0054444917000183776], [-0.017107901210880377, -0.0054444917000183776, 0.20708455514567314]], "chi2_level": 0.997, "chi2_df": 3, "chi2_threshold": 13.931422665512084, "N_raw": 75, "N_roi": 75, "N_inlier": 75, "refit": true}
{"timestamp": "19:08:40.457637", "frame": 10, "mu": [1.429762935295964, 3.073277246232039, 1.3140884210935513], "Sigma": [[0.016976095140133443, -0.005386340812388328, -0.02103038904358861], [-0.005386340812388328, 0.0037775065792739993, -0.001207934297927449], [-0.021030389043588605, -0.0012079342979274491, 0.0612425100718637]], "chi2_level": 0.997, "chi2_df": 3, "chi2_threshold": 13.931422665512084, "N_raw": 43, "N_roi": 43, "N_inlier": 41, "refit": true}
{"timestamp": "19:08:40.512241", "frame": 11, "mu": [1.6415788745625481, 2.9612419981439193, 0.8018440927403936], "Sigma": [[0.020691539491785902, -0.011553041271861922, -0.008963215434252915], [-0.011553041271861922, 0.009036557115335606, 0.0040365222215946826], [-0.008963215434252913, 0.0040365222215946826, 0.0058357475896414586]], "chi2_level": 0.997, "chi2_df": 3, "chi2_threshold": 13.931422665512084, "N_raw": 43, "N_roi": 42, "N_inlier": 40, "refit": true}
{"timestamp": "19:08:40.571799", "frame": 12, "mu": [1.5313190089806752, 3.1166226679873166, -0.09616628383487139], "Sigma": [[0.01896145139319854, 0.0024031217636053376, -0.026705909159692134], [0.0024031217636053376, 0.01817243862149475, -0.0439238611376626], [-0.026705909159692134, -0.0439238611376626, 0.1431899013855745]], "chi2_level": 0.997, "chi2_df": 3, "chi2_threshold": 13.931422665512084, "N_raw": 68, "N_roi": 68, "N_inlier": 68, "refit": true}
{"timestamp": "19:08:40.625820", "frame": 13, "mu": [1.6000664509605032, 2.9611662999973913, 1.0616060297197896], "Sigma": [[0.02367431113946139, -0.005511439274575267, -0.023500805453678063], [-0.005511439274575267, 0.004644776617544041, -0.004638682011333096], [-0.023500805453678063, -0.004638682011333096, 0.10081221166690825]], "chi2_level": 0.997, "chi2_df": 3, "chi2_threshold": 13.931422665512084, "N_raw": 63, "N_roi": 63, "N_inlier": 61, "refit": true}
{"timestamp": "19:08:40.676886", "frame": 14, "mu": [1.5669803112794818, 3.1119073607715024, -0.1714991502496945], "Sigma": [[0.01419430789501278, 0.0013871568547494286, -0.01693641591490544], [0.0013871568547494289, 0.01224436830590254, -0.024744705437389655], [-0.016936415914905436, -0.024744705437389655, 0.07868369106846852]], "chi2_level": 0.997, "chi2_df": 3, "chi2_threshold": 13.931422665512084, "N_raw": 39, "N_roi": 39, "N_inlier": 39, "refit": true}
{"timestamp": "19:08:40.736419", "frame": 15, "mu": [1.4805924754792505, 2.8895325025051024, 1.0981213611779017], "Sigma": [[0.015963352778446578, -0.006500753727750758, -0.0112145209135231], [-0.006500753727750758, 0.00688380355440145, -0.002372926644448654], [-0.0112145209135231, -0.0023729266444486546, 0.07965030414425023]], "chi2_level": 0.997, "chi2_df": 3, "chi2_threshold": 13.931422665512084, "N_raw": 70, "N_roi": 70, "N_inlier": 70, "refit": true}
{"timestamp": "19:08:40.792642", "frame": 16, "mu": [1.5438937778954858, 2.803620615507491, 0.880549015937222], "Sigma": [[0.028606398341611022, -0.006585129551180821, -0.01002383456909809], [-0.006585129551180822, 0.006726975472382931, -0.0021814942841239388], [-0.01002383456909809, -0.002181494284123939, 0.009709905909120225]], "chi2_level": 0.997, "chi2_df": 3, "chi2_threshold": 13.931422665512084, "N_raw": 81, "N_roi": 80, "N_inlier": 80, "refit": true}
{"timestamp": "19:08:40.845034", "frame": 17, "mu": [1.5110844219076773, 2.8055379821060336, 1.1010989005011271], "Sigma": [[0.02021599510492026, -0.0059752112525571855, 0.0027798721809587576], [-0.005975211252557186, 0.005826158866843348, -0.0043339704846538886], [0.0027798721809587576, -0.0043339704846538886, 0.005854517632920065]], "chi2_level": 0.997, "chi2_df": 3, "chi2_threshold": 13.931422665512084, "N_raw": 59, "N_roi": 59, "N_inlier": 57, "refit": true}
{"timestamp": "19:08:40.900509", "frame": 18, "mu": [1.5212531504140625, 2.7984462164688333, 0.9943136913473922], "Sigma": [[0.02921329873049582, -0.0068830212322211655, -0.014759146071012348], [-0.006883021232221165, 0.005700623516571547, 0.0007846846218527782], [-0.01475914607101235, 0.0007846846218527782, 0.01656127888437202]], "chi2_level": 0.997, "chi2_df": 3, "chi2_threshold": 13.931422665512084, "N_raw": 69, "N_roi": 69, "N_inlier": 69, "refit": true}
{"timestamp": "19:08:40.956705", "frame": 19, "mu": [1.5192921511677075, 2.733991152469064, 1.0329922929477366], "Sigma": [[0.024847597062448358, -0.008250865191032422, -0.008972222510286385], [-0.008250865191032422, 0.006103327480988707, -0.0009699123656867073], [-0.008972222510286385, -0.0009699123656867076, 0.015027059848334124]], "chi2_level": 0.997, "chi2_df": 3, "chi2_threshold": 13.931422665512084, "N_raw": 70, "N_roi": 70, "N_inlier": 70, "refit": true}
{"timestamp": "19:08:41.012792", "frame": 20, "mu": [1.5064538347811243, 2.6712242959413293, 0.9356415808075403], "Sigma": [[0.02403995456159026, -0.004099795654952505, -0.003295956165802285], [-0.004099795654952505, 0.004562866902461895, -0.003495798653328906], [-0.003295956165802285, -0.003495798653328907, 0.01691066199489195]], "chi2_level": 0.997, "chi2_df": 3, "chi2_threshold": 13.931422665512084, "N_raw": 77, "N_roi": 77, "N_inlier": 75, "refit": true}
{"timestamp": "19:08:41.070407", "frame": 21, "mu": [1.499463918663457, 2.703521856810617, 1.1952714131993953], "Sigma": [[0.021922210019315803, -0.007406207991762014, -0.01753514741264681], [-0.007406207991762014, 0.006290236794042753, -0.004859597629826604], [-0.01753514741264681, -0.004859597629826603, 0.05891706314308254]], "chi2_level": 0.997, "chi2_df": 3, "chi2_threshold": 13.931422665512084, "N_raw": 89, "N_roi": 89, "N_inlier": 89, "refit": true}
{"timestamp": "19:08:41.122211", "frame": 22, "mu": [1.4731729126872286, 2.6384381807695534, 1.2102115588448863], "Sigma": [[0.014385574033682994, -0.0050465387993349365, 0.006589232355882329], [-0.0050465387993349365, 0.003827991566937714, -0.012434538630191935], [0.00658923235588233, -0.012434538630191937, 0.07379207542808121]], "chi2_level": 0.997, "chi2_df": 3, "chi2_threshold": 13.931422665512084, "N_raw": 74, "N_roi": 74, "N_inlier": 74, "refit": true}
{"timestamp": "19:08:41.177223", "frame": 23, "mu": [1.5090016171177112, 2.7620980636635903, -0.2244592558649407], "Sigma": [[0.013872377185371827, -0.004765833563769247, -0.0064891814989805185], [-0.004765833563769247, 0.009804048968103283, -0.015684914756743752], [-0.006489181498980517, -0.015684914756743752, 0.04678136702497797]], "chi2_level": 0.997, "chi2_df": 3, "chi2_threshold": 13.931422665512084, "N_raw": 67, "N_roi": 66, "N_inlier": 64, "refit": true}
{"timestamp": "19:08:41.227280", "frame": 24, "mu": [1.507895058875888, 2.609944080321846, 1.2766973703219207], "Sigma": [[0.008182460875226108, -0.004463826772445562, -0.005627696152436105], [-0.004463826772445561, 0.003176046622119515, -0.00044110826141687], [-0.005627696152436105, -0.0004411082614168701, 0.03747433215695769]], "chi2_level": 0.997, "chi2_df": 3, "chi2_threshold": 13.931422665512084, "N_raw": 39, "N_roi": 36, "N_inlier": 34, "refit": true}
{"timestamp": "19:08:41.285275", "frame": 25, "mu": [1.526648960755486, 2.640919756286662, -0.30368911561574347], "Sigma": [[0.020453251856241222, -0.0018240271223021126, 0.00787138552510798], [-0.0018240271223021126, 0.004136496552814045, -0.007326279820643352], [0.007871385525107978, -0.007326279820643352, 0.09310744019923561]], "chi2_level": 0.997, "chi2_df": 3, "chi2_threshold": 13.931422665512084, "N_raw": 63, "N_roi": 63, "N_inlier": 62, "refit": true}
{"timestamp": "19:08:41.341479", "frame": 26, "mu": [1.4825639398648223, 2.514421327502934, 1.1946663037116398], "Sigma": [[0.01223416040038424, -0.0071219503467226785, -0.01283509174802449], [-0.0071219503467226785, 0.005645546240004052, 0.0033279624047836097], [-0.01283509174802449, 0.0033279624047836097, 0.09679667447600245]], "chi2_level": 0.997, "chi2_df": 3, "chi2_threshold": 13.931422665512084, "N_raw": 69, "N_roi": 69, "N_inlier": 69, "refit": true}
{"timestamp": "19:08:41.398373", "frame": 27, "mu": [1.5065947490779676, 2.4573976891369855, 0.9980703806943333], "Sigma": [[0.01711987198781636, -0.009748290714937656, -0.0010050664816070051], [-0.009748290714937657, 0.008325869907751212, -0.006916679821252829], [-0.0010050664816070053, -0.006916679821252829, 0.049187020376483884]], "chi2_level": 0.997, "chi2_df": 3, "chi2_threshold": 13.931422665512084, "N_raw": 86, "N_roi": 86, "N_inlier": 86, "refit": true}
{"timestamp": "19:08:41.453927", "frame": 28, "mu": [1.4998556137607573, 2.393568450566389, 1.0474207130056201], "Sigma": [[0.016968276349983123, -0.009341512706823657, -0.019716351654528622], [-0.009341512706823657, 0.0073626745756932835, 0.014061970498892153], [-0.01971635165452862, 0.014061970498892155, 0.10914001235028731]], "chi2_level": 0.997, "chi2_df": 3, "chi2_threshold": 13.931422665512084, "N_raw": 82, "N_roi": 82, "N_inlier": 82, "refit": true}
{"timestamp": "19:08:41.509466", "frame": 29, "mu": [1.486324081354792, 2.365216880302903, 0.9510641475003054], "Sigma": [[0.015838947932930204, -0.00716159554447611, -0.005932732848822406], [-0.00716159554447611, 0.00547458736891178, 6.467528031916464e-05], [-0.005932732848822406, 6.46752803191645e-05, 0.0593513452254463]], "chi2_level": 0.997, "chi2_df": 3, "chi2_threshold": 13.931422665512084, "N_raw": 86, "N_roi": 83, "N_inlier": 83, "refit": true}
{"timestamp": "19:08:41.563570", "frame": 30, "mu": [1.5127843140973338, 2.284662224755394, 0.9877537943368844], "Sigma": [[0.023698510462284685, -0.012711321069491643, -0.022064218352891175], [-0.012711321069491643, 0.009260210304596833, 0.013026202087535937], [-0.022064218352891175, 0.013026202087535937, 0.07194748970214417]], "chi2_level": 0.997, "chi2_df": 3, "chi2_threshold": 13.931422665512084, "N_raw": 88, "N_roi": 88, "N_inlier": 88, "refit": true}
{"timestamp": "19:08:41.616284", "frame": 31, "mu": [1.4889445055688337, 2.2744925910294795, 0.9986976181666171], "Sigma": [[0.01410054387894021, -0.008355325367411147, -0.013383414662802484], [-0.008355325367411147, 0.0066995747126725735, 0.004341506765365678], [-0.013383414662802486, 0.004341506765365677, 0.04407610665011932]], "chi2_level": 0.997, "chi2_df": 3, "chi2_threshold": 13.931422665512084, "N_raw": 65, "N_roi": 65, "N_inlier": 65, "refit": true}
{"timestamp": "19:08:41.669701", "frame": 32, "mu": [1.3938200839489014, 2.2478359462167155, 1.0830747438539963], "Sigma": [[0.01340649168860448, -0.007639870961141399, -0.007159820647405716], [-0.007639870961141398, 0.005207422036240522, 0.0036381560620010788], [-0.007159820647405716, 0.0036381560620010788, 0.04072894072825936]], "chi2_level": 0.997, "chi2_df": 3, "chi2_threshold": 13.931422665512084, "N_raw": 58, "N_roi": 58, "N_inlier": 57, "refit": true}
{"timestamp": "19:08:41.725368", "frame": 33, "mu": [1.3634216372645496, 2.1851952550146043, 1.0069078711168726], "Sigma": [[0.014533583391728114, -0.006327681454936894, 0.0010277535320873349], [-0.006327681454936894, 0.0051026475006144476, -0.005455062659101488], [0.0010277535320873353, -0.005455062659101488, 0.013375385235239312]], "chi2_level": 0.997, "chi2_df": 3, "chi2_threshold": 13.931422665512084, "N_raw": 66, "N_roi": 66, "N_inlier": 65, "refit": true}
{"timestamp": "19:08:41.787039", "frame": 34, "mu": [1.3913179758285026, 2.145126937027847, -0.4178884453009218], "Sigma": [[0.020609170406339982, -0.008127944212401005, 0.0913787826532001], [-0.008127944212401001, 0.006332454150599581, -0.05264162010352013], [0.0913787826532001, -0.05264162010352012, 0.8780738276933994]], "chi2_level": 0.997, "chi2_df": 3, "chi2_threshold": 13.931422665512084, "N_raw": 102, "N_roi": 102, "N_inlier": 100, "refit": true}
{"timestamp": "19:08:41.840070", "frame": 35, "mu": [1.3726887754202406, 2.067630246542923, 0.8885758359629943], "Sigma": [[0.02418704107547593, -0.006672050927777172, -0.0073440173727038335], [-0.006672050927777172, 0.0054546362614378, 0.0002830895649963618], [-0.0073440173727038335, 0.00028308956499636213, 0.02345639055105739]], "chi2_level": 0.997, "chi2_df": 3, "chi2_threshold": 13.931422665512084, "N_raw": 88, "N_roi": 88, "N_inlier": 85, "refit": true}
{"timestamp": "19:08:41.894628", "frame": 36, "mu": [1.289500935567748, 2.244476292680188, 0.04614246387812529], "Sigma": [[0.02006183654565983, -0.010852570796386029, 0.023218201403346163], [-0.010852570796386029, 0.020728170990244328, -0.07060923842250805], [0.023218201403346163, -0.07060923842250805, 0.4482483865630619]], "chi2_level": 0.997, "chi2_df": 3, "chi2_threshold": 13.931422665512084, "N_raw": 91, "N_roi": 91, "N_inlier": 89, "refit": true}
{"timestamp": "19:08:41.952088", "frame": 37, "mu": [1.349727623468354, 2.0150932801427848, 0.9727570183465197], "Sigma": [[0.022569576154765354, -0.006756761040399635, -0.013242533521537762], [-0.006756761040399635, 0.004422864787782705, 0.00021638499698369213], [-0.013242533521537762, 0.00021638499698369202, 0.033578261041349734]], "chi2_level": 0.997, "chi2_df": 3, "chi2_threshold": 13.931422665512084, "N_raw": 98, "N_roi": 98, "N_inlier": 94, "refit": true}
{"timestamp": "19:08:42.007051", "frame": 38, "mu": [1.3282005997714499, 2.0356027279176425, 1.108250541418731], "Sigma": [[0.019776847658060676, -0.008558864348860657, -0.02180405141662198], [-0.008558864348860657, 0.006643125289141628, 0.0028830923783465987], [-0.02180405141662198, 0.0028830923783465987, 0.058528415049822945]], "chi2_level": 0.997, "chi2_df": 3, "chi2_threshold": 13.931422665512084, "N_raw": 106, "N_roi": 106, "N_inlier": 106, "refit": true}
{"timestamp": "19:08:42.059029", "frame": 39, "mu": [1.3166016112869021, 1.9738346062301588, 1.1276074350660783], "Sigma": [[0.016289729451792884, -0.009707557390647954, -0.01610818659074212], [-0.009707557390647954, 0.008790203708709986, 0.007956276060484104], [-0.01610818659074212, 0.007956276060484104, 0.04585420985987622]], "chi2_level": 0.997, "chi2_df": 3, "chi2_threshold": 13.931422665512084, "N_raw": 86, "N_roi": 86, "N_inlier": 83, "refit": true}
{"timestamp": "19:08:42.114889", "frame": 40, "mu": [1.222782236394216, 1.9767004038920728, 1.1651545643599437], "Sigma": [[0.014816093094479467, -0.009209895162136189, -0.004204521528181819], [-0.009209895162136189, 0.010438014493318442, -0.004190185918925024], [-0.004204521528181819, -0.004190185918925024, 0.016423061609547318]], "chi2_level": 0.997, "chi2_df": 3, "chi2_threshold": 13.931422665512084, "N_raw": 93, "N_roi": 93, "N_inlier": 90, "refit": true}
{"timestamp": "19:08:42.169730", "frame": 41, "mu": [1.173531761058064, 1.9211925224166513, 1.2467146977931114], "Sigma": [[0.010695230555232707, -0.005366311834378343, -0.006197378437842159], [-0.005366311834378344, 0.006558902379445927, -0.005434884483532784], [-0.00619737843784216, -0.005434884483532784, 0.037172769237836106]], "chi2_level": 0.997, "chi2_df": 3, "chi2_threshold": 13.931422665512084, "N_raw": 85, "N_roi": 85, "N_inlier": 83, "refit": true}
{"timestamp": "19:08:42.220479", "frame": 42, "mu": [1.161562053697863, 1.861212726026347, 1.1811712604719744], "Sigma": [[0.01950555896838905, -0.01230697318450202, -0.012153635345446123], [-0.01230697318450202, 0.011890356396291464, -0.008109409771643084], [-0.012153635345446123, -0.008109409771643086, 0.10865028554217007]], "chi2_level": 0.997, "chi2_df": 3, "chi2_threshold": 13.931422665512084, "N_raw": 63, "N_roi": 63, "N_inlier": 61, "refit": true}
{"timestamp": "19:08:42.278062", "frame": 43, "mu": [1.1910139202556669, 1.7980931381414815, 1.246357225944184], "Sigma": [[0.012696452790019774, -0.004708985299981068, -0.00274461102697143], [-0.004708985299981068, 0.0048427508170772625, -0.005292621643118512], [-0.0027446110269714295, -0.005292621643118512, 0.02797865575596451]], "chi2_level": 0.997, "chi2_df": 3, "chi2_threshold": 13.931422665512084, "N_raw": 83, "N_roi": 83, "N_inlier": 79, "refit": true}
{"timestamp": "19:08:42.331410", "frame": 44, "mu": [1.173074627653699, 1.7888494742402816, 1.3224982793119606], "Sigma": [[0.0096643825956847, -0.0048899468754575025, 0.0003514169035775623], [-0.004889946875457502, 0.007297993203539393, -0.003369879909404247], [0.0003514169035775624, -0.003369879909404247, 0.0033874697109654616]], "chi2_level": 0.997, "chi2_df": 3, "chi2_threshold": 13.931422665512084, "N_raw": 62, "N_roi": 62, "N_inlier": 59, "refit": true}
{"timestamp": "19:08:42.396460", "frame": 45, "mu": [1.1418120784401526, 1.7287739500847754, 1.0358626031337235], "Sigma": [[0.011915913714613207, -0.004919190874741443, -0.0028304226002988787], [-0.004919190874741442, 0.006036227361136231, 0.0029437612064204524], [-0.0028304226002988783, 0.0029437612064204524, 0.11389662543898346]], "chi2_level": 0.997, "chi2_df": 3, "chi2_threshold": 13.931422665512084, "N_raw": 128, "N_roi": 128, "N_inlier": 126, "refit": true}
{"timestamp": "19:08:42.448017", "frame": 46, "mu": [1.1038661115831925, 1.683791653772217, 1.0271006724866725], "Sigma": [[0.011186657155827421, -0.007046045575617155, -0.022713524987212002], [-0.007046045575617155, 0.010123489770104214, 0.029140145867948462], [-0.022713524987212002, 0.029140145867948462, 0.2417283644715864]], "chi2_level": 0.997, "chi2_df": 3, "chi2_threshold": 13.931422665512084, "N_raw": 112, "N_roi": 112, "N_inlier": 111, "refit": true}
{"timestamp": "19:08:42.499675", "frame": 47, "mu": [1.0947964911686645, 1.679730959337703, 1.192209353670968], "Sigma": [[0.008859132466275257, -0.00427040696483839, -0.002503338949652372], [-0.00427040696483839, 0.009462690788080708, -0.0007655166475844654], [-0.0025033389496523723, -0.0007655166475844654, 0.027413173787807655]], "chi2_level": 0.997, "chi2_df": 3, "chi2_threshold": 13.931422665512084, "N_raw": 81, "N_roi": 81, "N_inlier": 77, "refit": true}
{"timestamp": "19:08:42.556689", "frame": 48, "mu": [1.0446003636633705, 1.6407968099551518, 1.1509378951515998], "Sigma": [[0.008682040058705669, -0.00327748935694706, 0.00545349736898813], [-0.00327748935694706, 0.0063809635549873745, -0.003841817013347297], [0.00545349736898813, -0.003841817013347297, 0.07144095824763977]], "chi2_level": 0.997, "chi2_df": 3, "chi2_threshold": 13.931422665512084, "N_raw": 100, "N_roi": 100, "N_inlier": 96, "refit": true}
{"timestamp": "19:08:42.617274", "frame": 49, "mu": [1.019092322891483, 1.6262832909723697, 0.9898380977962862], "Sigma": [[0.01263814348158958, -0.011689154875440401, 0.0015798108293753907], [-0.011689154875440401, 0.017760460013980954, -0.011338429430970489], [0.0015798108293753907, -0.011338429430970489, 0.06357153840702226]], "chi2_level": 0.997, "chi2_df": 3, "chi2_threshold": 13.931422665512084, "N_raw": 142, "N_roi": 142, "N_inlier": 142, "refit": true}
{"timestamp": "19:08:42.667358", "frame": 50, "mu": [0.9689972318712485, 1.6075210819492445, 1.0848902064202466], "Sigma": [[0.007263495240572312, -0.006810462320815279, 0.006601640195235062], [-0.006810462320815279, 0.011896633839685547, -0.022378529798177303], [0.006601640195235063, -0.022378529798177303, 0.09406984872462094]], "chi2_level": 0.997, "chi2_df": 3, "chi2_threshold": 13.931422665512084, "N_raw": 103, "N_roi": 103, "N_inlier": 101, "refit": true}
{"timestamp": "19:08:42.726481", "frame": 51, "mu": [0.9425249020004047, 1.529735664763617, 0.9984550467671023], "Sigma": [[0.01581138417147901, -0.015650420181516612, -0.0035469012145283143], [-0.015650420181516616, 0.02634614969757363, -0.025260360011337316], [-0.003546901214528314, -0.02526036001133732, 0.1390095306473507]], "chi2_level": 0.997, "chi2_df": 3, "chi2_threshold": 13.931422665512084, "N_raw": 130, "N_roi": 130, "N_inlier": 128, "refit": true}
{"timestamp": "19:08:42.777371", "frame": 52, "mu": [1.0050780398367554, 1.4618566991668958, 0.8168433247762311], "Sigma": [[0.01451810134490391, -0.0018203013726421056, -0.047247941518000464], [-0.0018203013726421058, 0.00883052477960804, -0.022250773090016353], [-0.047247941518000464, -0.022250773090016353, 0.27459047139759035]], "chi2_level": 0.997, "chi2_df": 3, "chi2_threshold": 13.931422665512084, "N_raw": 103, "N_roi": 103, "N_inlier": 102, "refit": true}
{"timestamp": "19:08:42.837999", "frame": 53, "mu": [0.8909696458762255, 1.4352982055787287, 1.1451248472844322], "Sigma": [[0.012335805779854393, -0.0068962514475069195, -0.0026937107865111004], [-0.0068962514475069195, 0.008745051361436003, -0.011394974611193187], [-0.0026937107865111004, -0.011394974611193187, 0.08456251161493344]], "chi2_level": 0.997, "chi2_df": 3, "chi2_threshold": 13.931422665512084, "N_raw": 147, "N_roi": 147, "N_inlier": 142, "refit": true}
{"timestamp": "19:08:42.884586", "frame": 54, "mu": [0.803102470464616, 1.469975725203096, 1.2242195040739625], "Sigma": [[0.007437618241890113, -0.003525128472556654, 0.0062754596290343035], [-0.003525128472556654, 0.004780952637049355, -0.018434684601403677], [0.006275459629034304, -0.018434684601403677, 0.12795695835900586]], "chi2_level": 0.997, "chi2_df": 3, "chi2_threshold": 13.931422665512084, "N_raw": 93, "N_roi": 93, "N_inlier": 93, "refit": true}
{"timestamp": "19:08:42.943665", "frame": 55, "mu": [0.7952422531001854, 1.4143687084319372, 1.2992632371873334], "Sigma": [[0.0075242639921922665, -0.002160868012111668, -0.004842334720880413], [-0.0021608680121116683, 0.0037947908464425004, -0.005286480468296545], [-0.004842334720880411, -0.005286480468296545, 0.06381224367656446]], "chi2_level": 0.997, "chi2_df": 3, "chi2_threshold": 13.931422665512084, "N_raw": 114, "N_roi": 114, "N_inlier": 111, "refit": true}
{"timestamp": "19:08:42.996497", "frame": 56, "mu": [0.7757724482677029, 1.360367688619514, 1.35632726644544], "Sigma": [[0.008905555745095795, -0.003072899159410189, -0.015480121966091094], [-0.0030728991594101886, 0.00441999147195921, 0.001399706123573698], [-0.015480121966091094, 0.001399706123573698, 0.044985387545330546]], "chi2_level": 0.997, "chi2_df": 3, "chi2_threshold": 13.931422665512084, "N_raw": 99, "N_roi": 99, "N_inlier": 96, "refit": true}
{"timestamp": "19:08:43.046588", "frame": 57, "mu": [0.7457924607802745, 1.3509352963098111, 1.3098041830705203], "Sigma": [[0.006994465543272405, -0.0039696119906897755, -0.006031082895326707], [-0.003969611990689776, 0.0035002577888288535, 0.0016620676914810286], [-0.006031082895326708, 0.0016620676914810288, 0.04830614626858309]], "chi2_level": 0.997, "chi2_df": 3, "chi2_threshold": 13.931422665512084, "N_raw": 65, "N_roi": 65, "N_inlier": 63, "refit": true}
{"timestamp": "19:08:43.105453", "frame": 58, "mu": [0.5960515975359216, 1.3890002483869188, 1.1842768833522335], "Sigma": [[0.013791887697732695, -0.004633903344242454, 0.024573070607143237], [-0.004633903344242454, 0.005536199618287753, -0.01640992078477954], [0.024573070607143237, -0.01640992078477954, 0.10272016186770008]], "chi2_level": 0.997, "chi2_df": 3, "chi2_threshold": 13.931422665512084, "N_raw": 99, "N_roi": 99, "N_inlier": 95, "refit": true}
{"timestamp": "19:08:43.163580", "frame": 59, "mu": [0.5163902868244347, 1.3744609806056312, 1.2185794100835965], "Sigma": [[0.022480237543422557, -0.007212691571443778, 0.039139535022618306], [-0.007212691571443778, 0.006592847702080582, -0.017875492565324266], [0.039139535022618306, -0.017875492565324266, 0.10454921420520912]], "chi2_level": 0.997, "chi2_df": 3, "chi2_threshold": 13.931422665512084, "N_raw": 112, "N_roi": 112, "N_inlier": 109, "refit": true}
{"timestamp": "19:08:43.219746", "frame": 60, "mu": [0.5294994249392464, 1.3762969435182837, 1.258841711958556], "Sigma": [[0.01508961216592339, -0.008697397117790752, 0.020906136831423082], [-0.008697397117790752, 0.009274373864363738, -0.021737114167303638], [0.020906136831423082, -0.021737114167303638, 0.06755546992862099]], "chi2_level": 0.997, "chi2_df": 3, "chi2_threshold": 13.931422665512084, "N_raw": 113, "N_roi": 111, "N_inlier": 108, "refit": true}
{"timestamp": "19:08:43.271326", "frame": 61, "mu": [0.46084887532023094, 1.3749963776895353, 1.222183322140867], "Sigma": [[0.01987503972963507, -0.012915278365823294, 0.0274476894161383], [-0.012915278365823294, 0.013827776129383804, -0.025534103149553483], [0.0274476894161383, -0.025534103149553483, 0.060106871428562934]], "chi2_level": 0.997, "chi2_df": 3, "chi2_threshold": 13.931422665512084, "N_raw": 96, "N_roi": 96, "N_inlier": 92, "refit": true}
{"timestamp": "19:08:43.327912", "frame": 62, "mu": [0.4703765142409878, 1.29292990999914, 1.1398287623497565], "Sigma": [[0.02752050957933357, -0.023741755550955194, 0.01116722834290991], [-0.023741755550955194, 0.023859800966503655, -0.009290295398196865], [0.011167228342909912, -0.009290295398196863, 0.07945898982983844]], "chi2_level": 0.997, "chi2_df": 3, "chi2_threshold": 13.931422665512084, "N_raw": 104, "N_roi": 104, "N_inlier": 99, "refit": true}
{"timestamp": "19:08:43.382777", "frame": 63, "mu": [0.5118777670509294, 1.2210919820024184, 1.3626591791711529], "Sigma": [[0.0058835164000799614, -0.0028374659246131967, -0.008702304315618033], [-0.0028374659246131967, 0.004808067121929406, 0.0013144006675185854], [-0.008702304315618033, 0.0013144006675185854, 0.03265643599421815]], "chi2_level": 0.997, "chi2_df": 3, "chi2_threshold": 13.931422665512084, "N_raw": 102, "N_roi": 102, "N_inlier": 96, "refit": true}
{"timestamp": "19:08:43.437979", "frame": 64, "mu": [0.45208644415864907, 1.2131295370349688, 1.1211991968459973], "Sigma": [[0.018774543930743806, -0.01441764253489115, 0.0076759569349980645], [-0.01441764253489115, 0.017362630611639982, -0.002402201156107798], [0.0076759569349980645, -0.0024022011561077986, 0.10742029610955936]], "chi2_level": 0.997, "chi2_df": 3, "chi2_threshold": 13.931422665512084, "N_raw": 107, "N_roi": 107, "N_inlier": 103, "refit": true}
{"timestamp": "19:08:43.489662", "frame": 65, "mu": [0.4552366611349421, 1.135569054070578, 1.303206091414615], "Sigma": [[0.005230695690659352, -0.0022680093037869926, -0.013817908400667472], [-0.0022680093037869926, 0.006336550359231163, 0.009096460990907032], [-0.013817908400667472, 0.009096460990907032, 0.080698138978656]], "chi2_level": 0.997, "chi2_df": 3, "chi2_threshold": 13.931422665512084, "N_raw": 82, "N_roi": 82, "N_inlier": 77, "refit": true}
{"timestamp": "19:08:43.546093", "frame": 66, "mu": [0.3697795025149871, 1.1538736089078938, 1.292683373378797], "Sigma": [[0.0035009646227853, 0.0003144128133999813, -0.00477507223238024], [0.00031441281339998145, 0.0068639733978763644, 0.009541318640248292], [-0.00477507223238024, 0.009541318640248292, 0.11588939538926281]], "chi2_level": 0.997, "chi2_df": 3, "chi2_threshold": 13.931422665512084, "N_raw": 100, "N_roi": 100, "N_inlier": 98, "refit": true}
{"timestamp": "19:08:43.597667", "frame": 67, "mu": [0.31054003328788843, 1.1397634180611427, 1.2917721253162877], "Sigma": [[0.0023009989104819566, 0.0007779461421640073, 0.002769271158476217], [0.0007779461421640069, 0.018863648693742477, 0.026129613688067318], [0.002769271158476217, 0.02612961368806732, 0.06645527780265226]], "chi2_level": 0.997, "chi2_df": 3, "chi2_threshold": 13.931422665512084, "N_raw": 68, "N_roi": 68, "N_inlier": 65, "refit": true}
{"timestamp": "19:08:43.653405", "frame": 68, "mu": [0.2656268684039302, 1.13864591292441, 1.2603607486322443], "Sigma": [[0.0039479039214268255, -0.0026453651871927693, 0.0023921688626653012], [-0.002645365187192769, 0.006064318980155953, 0.004643901368750269], [0.0023921688626653004, 0.004643901368750269, 0.2764841609760533]], "chi2_level": 0.997, "chi2_df": 3, "chi2_threshold": 13.931422665512084, "N_raw": 76, "N_roi": 76, "N_inlier": 76, "refit": true}
{"timestamp": "19:08:43.705829", "frame": 69, "mu": [0.20314678553406268, 1.1511311075109896, 0.9082245388747214], "Sigma": [[0.004515415172246656, 0.00014820287731576724, 0.019846835783122657], [0.00014820287731576724, 0.0030616044224652944, 0.020333620918906448], [0.01984683578312266, 0.020333620918906448, 0.5647012483244659]], "chi2_level": 0.997, "chi2_df": 3, "chi2_threshold": 13.931422665512084, "N_raw": 64, "N_roi": 64, "N_inlier": 64, "refit": true}
{"timestamp": "19:08:43.763030", "frame": 70, "mu": [0.17792237772302635, 1.176766449474215, 1.5852906128946216], "Sigma": [[0.002881707092244995, 0.0001317733518874226, -0.0025827185583011296], [0.00013177335188742248, 0.006349852345882203, -0.001209353115707073], [-0.0025827185583011296, -0.001209353115707073, 0.003732707211228736]], "chi2_level": 0.997, "chi2_df": 3, "chi2_threshold": 13.931422665512084, "N_raw": 74, "N_roi": 74, "N_inlier": 70, "refit": true}
{"timestamp": "19:08:43.815890", "frame": 71, "mu": [0.11186590171108293, 1.1810981515472407, 1.575791625004262], "Sigma": [[0.0031374244139989256, 0.0012384305305210808, -0.0041398813350729275], [0.0012384305305210808, 0.005086683243886128, -0.0026730694773113173], [-0.0041398813350729275, -0.0026730694773113178, 0.008392025898883056]], "chi2_level": 0.997, "chi2_df": 3, "chi2_threshold": 13.931422665512084, "N_raw": 65, "N_roi": 65, "N_inlier": 61, "refit": true}
{"timestamp": "19:08:43.863038", "frame": 72, "mu": [0.08319596634616223, 1.1978479853618744, 0.8777022244015784], "Sigma": [[0.016580181523589376, -0.008990377951043804, 0.034847485916614504], [-0.008990377951043804, 0.007532145604369732, -0.030533157401354566], [0.034847485916614504, -0.030533157401354566, 0.539543845546191]], "chi2_level": 0.997, "chi2_df": 3, "chi2_threshold": 13.931422665512084, "N_raw": 10, "N_roi": 10, "N_inlier": 10, "refit": true}
{"timestamp": "19:08:43.921064", "frame": 73, "mu": [0.05516217427645434, 1.0220044034315587, 1.126377470308932], "Sigma": [[0.002042595988363429, 0.0014630338008151387, -0.009828922930293551], [0.0014630338008151387, 0.0038076483619566585, -0.02494902683689141], [-0.009828922930293551, -0.02494902683689141, 0.17769192135650627]], "chi2_level": 0.997, "chi2_df": 3, "chi2_threshold": 13.931422665512084, "N_raw": 32, "N_roi": 32, "N_inlier": 30, "refit": true}
{"timestamp": "19:08:43.976022", "frame": 74, "mu": [-0.05726812719786169, 1.195623383067587, 1.5305992101445955], "Sigma": [[0.003290648260763243, -0.0006305911411043716, -0.0031046559793664356], [-0.0006305911411043717, 0.0023645244564880325, -0.0012801310761986833], [-0.0031046559793664365, -0.001280131076198683, 0.17204636432869344]], "chi2_level": 0.997, "chi2_df": 3, "chi2_threshold": 13.931422665512084, "N_raw": 36, "N_roi": 36, "N_inlier": 34, "refit": true}
{"timestamp": "19:08:44.034282", "frame": 75, "mu": [-0.037856661131365744, 1.1617729536724675, 1.1323500694020785], "Sigma": [[0.007906580381583274, -0.004689887103703094, -0.0570681018844583], [-0.004689887103703094, 0.005752028726172927, 0.047063528234684106], [-0.057068101884458294, 0.047063528234684106, 0.5760775228744549]], "chi2_level": 0.997, "chi2_df": 3, "chi2_threshold": 13.931422665512084, "N_raw": 58, "N_roi": 58, "N_inlier": 58, "refit": true}
{"timestamp": "19:08:44.087928", "frame": 76, "mu": [-0.13062488104415182, 1.2028031841528437, 1.5842440314300055], "Sigma": [[0.002746709259375757, 0.00030221374392857723, -0.0010911037504805847], [0.00030221374392857723, 0.0020556970426198764, -0.002848062956194773], [-0.0010911037504805847, -0.002848062956194773, 0.009910567827021747]], "chi2_level": 0.997, "chi2_df": 3, "chi2_threshold": 13.931422665512084, "N_raw": 50, "N_roi": 50, "N_inlier": 47, "refit": true}
{"timestamp": "19:08:44.140959", "frame": 77, "mu": [-0.15922224037492094, 1.195224866868892, 1.4707262866397226], "Sigma": [[0.004505895602898451, -0.00219102394292813, -0.026212887734962963], [-0.00219102394292813, 0.004379471801363069, 0.017451117517669187], [-0.02621288773496296, 0.017451117517669187, 0.24694166460041136]], "chi2_level": 0.997, "chi2_df": 3, "chi2_threshold": 13.931422665512084, "N_raw": 25, "N_roi": 25, "N_inlier": 25, "refit": true}
{"timestamp": "19:08:44.199475", "frame": 78, "mu": [-0.24533675803823243, 1.2089201307413013, 1.628313796957021], "Sigma": [[0.0030065915241472307, -0.0011595808336839382, -0.0018613193955844152], [-0.0011595808336839384, 0.005951909259384785, 0.004484463234155946], [-0.001861319395584415, 0.004484463234155946, 0.016100712663685825]], "chi2_level": 0.997, "chi2_df": 3, "chi2_threshold": 13.931422665512084, "N_raw": 58, "N_roi": 58, "N_inlier": 55, "refit": true}
{"timestamp": "19:08:44.256948", "frame": 79, "mu": [-0.2659036326699547, 1.2169307308869195, 1.510043228160612], "Sigma": [[0.0022177391389448273, -0.00011531077643906555, -0.0024165203712181284], [-0.00011531077643906558, 0.003782281868012079, -0.004384234816429201], [-0.0024165203712181284, -0.004384234816429201, 0.02307114746463529]], "chi2_level": 0.997, "chi2_df": 3, "chi2_threshold": 13.931422665512084, "N_raw": 68, "N_roi": 68, "N_inlier": 65, "refit": true}
{"timestamp": "19:08:44.303629", "frame": 80, "mu": [-0.3508987372502559, 1.2581754665703897, 0.9479570678237106], "Sigma": [[0.004666632137046502, -5.2851240377831e-05, 0.03842511605741369], [-5.285124037783073e-05, 0.006406171951719401, -0.027534334342328704], [0.038425116057413694, -0.027534334342328704, 0.5423923373255589]], "chi2_level": 0.997, "chi2_df": 3, "chi2_threshold": 13.931422665512084, "N_raw": 10, "N_roi": 10, "N_inlier": 10, "refit": true}
{"timestamp": "19:08:44.367225", "frame": 81, "mu": [-0.3448909738957207, 1.2433983623473406, 1.5611877244429477], "Sigma": [[0.004210308618255059, 0.0007941693099193694, -0.0017485014201573165], [0.0007941693099193692, 0.0026486064182766923, -0.0049273746672725246], [-0.0017485014201573169, -0.004927374667272525, 0.016015515846878492]], "chi2_level": 0.997, "chi2_df": 3, "chi2_threshold": 13.931422665512084, "N_raw": 74, "N_roi": 74, "N_inlier": 71, "refit": true}
{"timestamp": "19:08:44.425547", "frame": 82, "mu": [-0.38166403459974835, 1.2943949010663853, 0.1795810677407183], "Sigma": [[0.004529003548871052, -0.0004525596229573586, 0.01919571788320837], [-0.0004525596229573587, 0.005849941138251743, -0.009926976578756668], [0.01919571788320837, -0.009926976578756668, 0.2594682671426633]], "chi2_level": 0.997, "chi2_df": 3, "chi2_threshold": 13.931422665512084, "N_raw": 91, "N_roi": 91, "N_inlier": 89, "refit": true}
{"timestamp": "19:08:44.482375", "frame": 83, "mu": [-0.4618614515759227, 1.1819023037579957, 1.3727420103963823], "Sigma": [[0.005460569181919187, 0.0019592754543630605, -0.0001425743863083788], [0.0019592754543630605, 0.012128643011775351, -0.003109318377223536], [-0.0001425743863083788, -0.003109318377223536, 0.0028113572912396236]], "chi2_level": 0.997, "chi2_df": 3, "chi2_threshold": 13.931422665512084, "N_raw": 101, "N_roi": 101, "N_inlier": 99, "refit": true}
{"timestamp": "19:08:44.529439", "frame": 84, "mu": [-0.4853174573693858, 1.2436126160508996, 1.5655865778687015], "Sigma": [[0.0036712677901391067, -0.00014746418976033392, -0.004029112769220043], [-0.00014746418976033384, 0.0028710644780779522, -0.0038320476258896464], [-0.004029112769220043, -0.0038320476258896464, 0.014327707273563093]], "chi2_level": 0.997, "chi2_df": 3, "chi2_threshold": 13.931422665512084, "N_raw": 50, "N_roi": 50, "N_inlier": 49, "refit": true}
{"timestamp": "19:08:44.580739", "frame": 85, "mu": [-0.5457585038051199, 1.2603445627493337, 1.4035395498927963], "Sigma": [[0.003004011707040479, -0.0007573791826013149, 0.010961180872595122], [-0.0007573791826013149, 0.0025848762924201955, -0.016853976300620063], [0.010961180872595122, -0.016853976300620063, 0.2309697379044828]], "chi2_level": 0.997, "chi2_df": 3, "chi2_threshold": 13.931422665512084, "N_raw": 28, "N_roi": 28, "N_inlier": 27, "refit": true}
{"timestamp": "19:08:44.648744", "frame": 86, "mu": [-0.6380517163496269, 1.2311639536125911, 1.257256047673687], "Sigma": [[0.020906945759479687, 0.013129976980074742, -0.03150853269936453], [0.013129976980074742, 0.012832307749570136, -0.023395131899247256], [-0.03150853269936453, -0.023395131899247256, 0.196217314044228]], "chi2_level": 0.997, "chi2_df": 3, "chi2_threshold": 13.931422665512084, "N_raw": 121, "N_roi": 121, "N_inlier": 113, "refit": true}
