{"timestamp": "17:57:58.249349", "frame": 23, "mu": [-2.3689268569775144, 4.316175221228929, 1.2092581442928938], "Sigma": [[0.008022260072562867, 0.0028151441837603527, -0.004333745648636973], [0.0028151441837603527, 0.004571325650235777, -0.0054681117557588855], [-0.004333745648636973, -0.0054681117557588855, 0.00845158413975106]], "chi2_level": 0.997, "chi2_df": 3, "chi2_threshold": 13.931422665512084, "N_raw": 43, "N_roi": 20, "N_inlier": 20, "refit": true}
{"timestamp": "17:57:58.307340", "frame": 24, "mu": [-2.3313479276574407, 4.310777823473992, 1.075910603801016], "Sigma": [[0.01196214250445216, 0.008319536903836548, -0.00770491178844401], [0.008319536903836548, 0.017477845361864076, -0.006506315883362776], [-0.00770491178844401, -0.006506315883362774, 0.008176367332761602]], "chi2_level": 0.997, "chi2_df": 3, "chi2_threshold": 13.931422665512084, "N_raw": 50, "N_roi": 30, "N_inlier": 30, "refit": true}
{"timestamp": "17:57:58.355885", "frame": 25, "mu": [-2.347802667367039, 4.3562251805380905, 1.2653347712386789], "Sigma": [[0.0074604195653269175, 0.011156758100982931, -0.013830753273586785], [0.011156758100982931, 0.02812594096241039, -0.018358142611484402], [-0.013830753273586785, -0.018358142611484402, 0.028195904352226023]], "chi2_level": 0.997, "chi2_df": 3, "chi2_threshold": 13.931422665512084, "N_raw": 7, "N_roi": 5, "N_inlier": 5, "refit": true}
{"timestamp": "17:57:58.413372", "frame": 26, "mu": [-2.362466247667884, 4.186138844377415, 1.0140403823943545], "Sigma": [[0.0067070328120789405, 0.0029876235048112015, -0.0010116809525757124], [0.0029876235048112015, 0.004501788670612372, -0.002640073990936006], [-0.0010116809525757124, -0.002640073990936006, 0.0035839501422287533]], "chi2_level": 0.997, "chi2_df": 3, "chi2_threshold": 13.931422665512084, "N_raw": 27, "N_roi": 16, "N_inlier": 15, "refit": true}
{"timestamp": "17:57:58.465853", "frame": 27, "mu": [-2.2065517392691802, 4.368345975184349, 1.1068075560216926], "Sigma": [[0.005478896646399558, 0.010930556760251429, -0.009382106160841173], [0.010930556760251429, 0.025592062504584866, -0.023057941967266782], [-0.009382106160841171, -0.023057941967266782, 0.027540715106718475]], "chi2_level": 0.997, "chi2_df": 3, "chi2_threshold": 13.931422665512084, "N_raw": 8, "N_roi": 7, "N_inlier": 7, "refit": true}
{"timestamp": "17:57:58.523450", "frame": 28, "mu": [-2.1607125951373636, 4.347481956672059, 1.3915678499025346], "Sigma": [[0.027899362844824683, 0.012891400688581748, -0.003501334182278236], [0.012891400688581748, 0.007508820872258092, -0.0018726568457365757], [-0.003501334182278236, -0.0018726568457365757, 0.0004823826709250702]], "chi2_level": 0.997, "chi2_df": 3, "chi2_threshold": 13.931422665512084, "N_raw": 26, "N_roi": 26, "N_inlier": 25, "refit": true}
{"timestamp": "17:57:58.634780", "frame": 30, "mu": [-2.0595367219438865, 4.259764411175815, 1.18858136022655], "Sigma": [[0.02948500444271543, 0.013031733913982387, -0.004705840083797054], [0.013031733913982387, 0.01113053619517366, 0.0018558432307929351], [-0.004705840083797054, 0.0018558432307929356, 0.007333109583019782]], "chi2_level": 0.997, "chi2_df": 3, "chi2_threshold": 13.931422665512084, "N_raw": 41, "N_roi": 40, "N_inlier": 40, "refit": true}
{"timestamp": "17:57:58.688943", "frame": 31, "mu": [-1.9785127117310037, 4.272870039159616, 1.2089494615064424], "Sigma": [[0.01862498991596865, 0.0059570174674878195, -0.012889778965864117], [0.0059570174674878195, 0.007028021584591108, -0.001379086836357359], [-0.012889778965864117, -0.0013790868363573593, 0.012507938243638906]], "chi2_level": 0.997, "chi2_df": 3, "chi2_threshold": 13.931422665512084, "N_raw": 27, "N_roi": 25, "N_inlier": 24, "refit": true}
{"timestamp": "17:57:58.744798", "frame": 32, "mu": [-1.9042500131998223, 4.262484347221162, 1.2159229038438393], "Sigma": [[0.03094153138722197, 0.009689451620384568, -0.019856618866540054], [0.00968945162038457, 0.007207525196746928, -0.005617126193802849], [-0.019856618866540054, -0.005617126193802849, 0.014111915460643198]], "chi2_level": 0.997, "chi2_df": 3, "chi2_threshold": 13.931422665512084, "N_raw": 42, "N_roi": 40, "N_inlier": 40, "refit": true}
{"timestamp": "17:57:58.802045", "frame": 33, "mu": [-1.8536400372190793, 4.344549435184673, 0.4284571411736304], "Sigma": [[0.03262410465236926, 0.011977807933633879, -0.015522247039303667], [0.011977807933633879, 0.008263746698973168, -0.003396072467003889], [-0.015522247039303667, -0.003396072467003889, 0.010723321726065514]], "chi2_level": 0.997, "chi2_df": 3, "chi2_threshold": 13.931422665512084, "N_raw": 44, "N_roi": 43, "N_inlier": 43, "refit": true}
{"timestamp": "17:57:58.851615", "frame": 34, "mu": [-1.7572976435603258, 4.38295709258498, 1.4198358236463202], "Sigma": [[0.007027813517887684, 0.001275133348811383, -0.0027641869602399146], [0.0012751333488113831, 0.006150282711693007, 0.008403028444525378], [-0.0027641869602399146, 0.008403028444525376, 0.015517063101779402]], "chi2_level": 0.997, "chi2_df": 3, "chi2_threshold": 13.931422665512084, "N_raw": 15, "N_roi": 15, "N_inlier": 15, "refit": true}
{"timestamp": "17:57:58.910801", "frame": 35, "mu": [-1.644995880336737, 4.294937249383134, 1.1491853145841109], "Sigma": [[0.02793175254063706, 0.0008782638074016466, -0.035211438107332876], [0.0008782638074016466, 0.00399899649908478, 0.001955561560848912], [-0.035211438107332876, 0.0019555615608489126, 0.050314235993266676]], "chi2_level": 0.997, "chi2_df": 3, "chi2_threshold": 13.931422665512084, "N_raw": 41, "N_roi": 38, "N_inlier": 36, "refit": true}
{"timestamp": "17:57:58.960256", "frame": 36, "mu": [-1.6786046339854364, 4.492809997259319, 0.2834443714573987], "Sigma": [[0.009196998358493547, -0.005527883509689213, 0.007957971068885192], [-0.005527883509689213, 0.014979829130446626, -0.017925277561944016], [0.007957971068885192, -0.017925277561944016, 0.03138775411726861]], "chi2_level": 0.997, "chi2_df": 3, "chi2_threshold": 13.931422665512084, "N_raw": 10, "N_roi": 7, "N_inlier": 7, "refit": true}
{"timestamp": "17:57:59.023691", "frame": 37, "mu": [-1.6584733965317355, 4.345084323793531, 1.3481527151022636], "Sigma": [[0.030339483967607245, 0.00662849319289229, -0.013775956713150506], [0.00662849319289229, 0.006335552640778987, -0.004541130728298429], [-0.013775956713150506, -0.004541130728298429, 0.009481657504019908]], "chi2_level": 0.997, "chi2_df": 3, "chi2_threshold": 13.931422665512084, "N_raw": 61, "N_roi": 51, "N_inlier": 49, "refit": true}
{"timestamp": "17:57:59.074701", "frame": 38, "mu": [-1.6118387429925254, 4.40147323598549, 1.1934480414408182], "Sigma": [[0.01701572481694742, 0.004332503309854668, -0.00300220018949398], [0.004332503309854666, 0.004195306476728158, -0.0031416964412224954], [-0.0030022001894939804, -0.0031416964412224954, 0.004722188720005533]], "chi2_level": 0.997, "chi2_df": 3, "chi2_threshold": 13.931422665512084, "N_raw": 31, "N_roi": 21, "N_inlier": 20, "refit": true}
{"timestamp": "17:57:59.129422", "frame": 39, "mu": [-1.4623966183521013, 4.42463046826024, 1.3773361331968883], "Sigma": [[0.020186320482016573, 0.0061337312210070355, -0.008161275355756246], [0.006133731221007035, 0.005494331597723698, -0.002787794644247693], [-0.008161275355756246, -0.002787794644247693, 0.005341690378226808]], "chi2_level": 0.997, "chi2_df": 3, "chi2_threshold": 13.931422665512084, "N_raw": 31, "N_roi": 31, "N_inlier": 31, "refit": true}
{"timestamp": "17:57:59.190161", "frame": 40, "mu": [-1.465757992347136, 4.442014674606429, 0.4366025075887637], "Sigma": [[0.02803453800049783, 0.006754112626345756, -0.0065815923026981285], [0.006754112626345756, 0.007315890526078368, -0.0027695409819055734], [-0.0065815923026981285, -0.002769540981905574, 0.004350471196046163]], "chi2_level": 0.997, "chi2_df": 3, "chi2_threshold": 13.931422665512084, "N_raw": 73, "N_roi": 49, "N_inlier": 48, "refit": true}
{"timestamp": "17:57:59.247779", "frame": 41, "mu": [-1.3349129902427024, 4.430632923313203, 1.2748076951854008], "Sigma": [[0.02751091211930634, 0.0033043532298041873, -0.010928363157289987], [0.0033043532298041873, 0.007316197833264403, -0.0009698915544495844], [-0.010928363157289987, -0.0009698915544495845, 0.007140621134675637]], "chi2_level": 0.997, "chi2_df": 3, "chi2_threshold": 13.931422665512084, "N_raw": 79, "N_roi": 57, "N_inlier": 57, "refit": true}
{"timestamp": "17:57:59.295508", "frame": 42, "mu": [-1.254975486101637, 4.458421957716408, 1.3610146427286542], "Sigma": [[0.016742038557276254, 0.001908396836004109, -0.01098656787624326], [0.0019083968360041094, 0.004606297337583907, 0.0014581261024050598], [-0.01098656787624326, 0.0014581261024050598, 0.011960611716789834]], "chi2_level": 0.997, "chi2_df": 3, "chi2_threshold": 13.931422665512084, "N_raw": 40, "N_roi": 36, "N_inlier": 33, "refit": true}
{"timestamp": "17:57:59.348149", "frame": 43, "mu": [-1.1726546738525971, 4.426570245710764, 1.0758812749980688], "Sigma": [[0.009607877482631049, -0.00016581920514383605, 0.008782341953976503], [-0.00016581920514383605, 0.0029160607731389047, -0.007068433749645556], [0.008782341953976504, -0.007068433749645556, 0.07997144521003635]], "chi2_level": 0.997, "chi2_df": 3, "chi2_threshold": 13.931422665512084, "N_raw": 22, "N_roi": 20, "N_inlier": 19, "refit": true}
{"timestamp": "17:57:59.403123", "frame": 44, "mu": [-1.1672965212521507, 4.43667851426137, 1.280839334189389], "Sigma": [[0.021724035710673786, 0.003672951454540784, -0.010013222074539106], [0.0036729514545407833, 0.0030924339779364205, 0.000742049354900334], [-0.010013222074539106, 0.000742049354900334, 0.008685488670338382]], "chi2_level": 0.997, "chi2_df": 3, "chi2_threshold": 13.931422665512084, "N_raw": 28, "N_roi": 26, "N_inlier": 26, "refit": true}
{"timestamp": "17:57:59.459756", "frame": 45, "mu": [-1.0900389480091484, 4.439128280110673, 1.3657653737728923], "Sigma": [[0.022211979777317342, 0.005918484482943021, -0.0021791048089801588], [0.005918484482943021, 0.007229792981510459, 0.008275947025903403], [-0.0021791048089801588, 0.008275947025903403, 0.015511430645299447]], "chi2_level": 0.997, "chi2_df": 3, "chi2_threshold": 13.931422665512084, "N_raw": 40, "N_roi": 37, "N_inlier": 37, "refit": true}
{"timestamp": "17:57:59.514054", "frame": 46, "mu": [-1.1194272649593164, 4.370697068188114, 1.1989137295808228], "Sigma": [[0.019680070580555754, 0.0036957830247968345, -0.007221592905961946], [0.0036957830247968345, 0.0027192394513528887, -0.0004527840978842769], [-0.007221592905961946, -0.00045278409788427677, 0.004903661191859828]], "chi2_level": 0.997, "chi2_df": 3, "chi2_threshold": 13.931422665512084, "N_raw": 31, "N_roi": 25, "N_inlier": 25, "refit": true}
{"timestamp": "17:57:59.620993", "frame": 48, "mu": [-0.8958917744988579, 4.445764845547824, 0.8283163080722544], "Sigma": [[0.01024377599876956, 0.008820707447969754, -0.02710451993382025], [0.008820707447969754, 0.011783983361984857, -0.02800147460627068], [-0.02710451993382025, -0.028001474606270685, 0.08517724526262248]], "chi2_level": 0.997, "chi2_df": 3, "chi2_threshold": 13.931422665512084, "N_raw": 9, "N_roi": 7, "N_inlier": 7, "refit": true}
{"timestamp": "17:57:59.677609", "frame": 49, "mu": [-0.9400643074683938, 4.441541188812006, 1.06555876682943], "Sigma": [[0.012086197914419469, 0.004613414100371549, -0.009627416994843237], [0.004613414100371549, 0.005651396104938796, -0.003668048541617014], [-0.009627416994843239, -0.003668048541617014, 0.015426932407779504]], "chi2_level": 0.997, "chi2_df": 3, "chi2_threshold": 13.931422665512084, "N_raw": 23, "N_roi": 19, "N_inlier": 18, "refit": true}
{"timestamp": "17:57:59.788862", "frame": 51, "mu": [-0.7597715395287157, 4.3786425266571625, 1.206371959921903], "Sigma": [[0.02597411261416678, 0.002858087119037868, -0.0076938223832090265], [0.0028580871190378686, 0.004273400337574838, 0.0014454136153550705], [-0.0076938223832090265, 0.0014454136153550707, 0.004748509660622761]], "chi2_level": 0.997, "chi2_df": 3, "chi2_threshold": 13.931422665512084, "N_raw": 35, "N_roi": 35, "N_inlier": 35, "refit": true}
{"timestamp": "17:57:59.845084", "frame": 52, "mu": [-0.6866873286360443, 4.424033252959708, 1.2902467658830192], "Sigma": [[0.029341708347337715, 0.004147551271453996, -0.008572506680661594], [0.004147551271453996, 0.004376100947267205, 0.0012356935354525377], [-0.008572506680661595, 0.0012356935354525377, 0.004969458007036852]], "chi2_level": 0.997, "chi2_df": 3, "chi2_threshold": 13.931422665512084, "N_raw": 41, "N_roi": 38, "N_inlier": 37, "refit": true}
{"timestamp": "17:57:59.898183", "frame": 53, "mu": [-0.6430431906766437, 4.392315802305234, 1.1560526099621815], "Sigma": [[0.025908233251850862, 0.0025637123063688184, -0.007010707669084945], [0.0025637123063688184, 0.0018296272062310838, -0.0009757549808780776], [-0.007010707669084945, -0.0009757549808780776, 0.003205035195856995]], "chi2_level": 0.997, "chi2_df": 3, "chi2_threshold": 13.931422665512084, "N_raw": 26, "N_roi": 26, "N_inlier": 25, "refit": true}
{"timestamp": "17:57:59.952939", "frame": 54, "mu": [-0.5352622119175036, 4.374979618216234, 1.2908579051987825], "Sigma": [[0.023829752040832312, 0.00031273367999320567, -0.009750240378236352], [0.00031273367999320534, 0.002514183319954076, 0.0002894574365400963], [-0.009750240378236352, 0.000289457436540096, 0.005676055439407551]], "chi2_level": 0.997, "chi2_df": 3, "chi2_threshold": 13.931422665512084, "N_raw": 26, "N_roi": 26, "N_inlier": 25, "refit": true}
{"timestamp": "17:58:00.005813", "frame": 55, "mu": [-0.5926836545792546, 4.485079559295582, 0.5144416306182769], "Sigma": [[0.00011896061822511735, -3.434117100042217e-05, -0.0005222896120236565], [-3.434117100042217e-05, 0.0075996677383950734, -0.0031039712839245116], [-0.0005222896120236565, -0.003103971283924511, 0.004055983394007009]], "chi2_level": 0.997, "chi2_df": 3, "chi2_threshold": 13.931422665512084, "N_raw": 11, "N_roi": 5, "N_inlier": 5, "refit": true}
{"timestamp": "17:58:00.119822", "frame": 57, "mu": [-0.4660141028594603, 4.467406982696319, 1.2292423665137686], "Sigma": [[0.021029482362886542, 0.0008148973429113082, -0.007752685452716906], [0.0008148973429113082, 0.0021401257207522674, -0.0034697438071382277], [-0.007752685452716906, -0.0034697438071382277, 0.009453703160657193]], "chi2_level": 0.997, "chi2_df": 3, "chi2_threshold": 13.931422665512084, "N_raw": 37, "N_roi": 33, "N_inlier": 31, "refit": true}
{"timestamp": "17:58:00.171065", "frame": 58, "mu": [-0.4052060044107849, 4.477364081209469, 1.4429094721616806], "Sigma": [[0.003414937229066181, -0.0014023481537754846, -0.002344806124871854], [-0.0014023481537754846, 0.0032510189857107505, -0.001773470728844857], [-0.0023448061248718542, -0.0017734707288448574, 0.0050045833246326115]], "chi2_level": 0.997, "chi2_df": 3, "chi2_threshold": 13.931422665512084, "N_raw": 9, "N_roi": 5, "N_inlier": 5, "refit": true}
{"timestamp": "17:58:00.230111", "frame": 59, "mu": [-0.3751473962416622, 4.548731307679866, 0.668701188977973], "Sigma": [[0.02321697568031277, 0.0023716330132223865, -0.0027911742757313653], [0.0023716330132223865, 0.0007941425003688515, -4.924952787219749e-06], [-0.0027911742757313653, -4.9249527872197765e-06, 0.0005962681752073742]], "chi2_level": 0.997, "chi2_df": 3, "chi2_threshold": 13.931422665512084, "N_raw": 35, "N_roi": 13, "N_inlier": 13, "refit": true}
{"timestamp": "17:58:00.280377", "frame": 60, "mu": [-0.2937323947961126, 4.517180128266433, 1.1795660915408794], "Sigma": [[0.004244108658171672, -0.0003035943562324478, 0.0006204026410220706], [-0.00030359435623244764, 0.001495689242662124, -0.0022646443323434073], [0.0006204026410220705, -0.0022646443323434073, 0.014110093738546742]], "chi2_level": 0.997, "chi2_df": 3, "chi2_threshold": 13.931422665512084, "N_raw": 11, "N_roi": 8, "N_inlier": 8, "refit": true}
{"timestamp": "17:58:00.338810", "frame": 61, "mu": [-0.2625593222072851, 4.553676959113737, 1.4060776515628686], "Sigma": [[0.02255471972849965, 0.0007840773546464626, -0.011883448804269864], [0.0007840773546464626, 0.0022106760267630735, -0.0023518992222291753], [-0.011883448804269864, -0.0023518992222291758, 0.010258668244503407]], "chi2_level": 0.997, "chi2_df": 3, "chi2_threshold": 13.931422665512084, "N_raw": 35, "N_roi": 32, "N_inlier": 31, "refit": true}
{"timestamp": "17:58:00.394653", "frame": 62, "mu": [-0.1549552594119444, 4.598695507490248, 0.43825851435489493], "Sigma": [[0.018664627130422447, 0.0030739405231459908, -0.008823097638103832], [0.0030739405231459908, 0.0033405116460178347, -0.0024318894849466163], [-0.008823097638103834, -0.0024318894849466163, 0.005707432241317337]], "chi2_level": 0.997, "chi2_df": 3, "chi2_threshold": 13.931422665512084, "N_raw": 33, "N_roi": 30, "N_inlier": 30, "refit": true}
{"timestamp": "17:58:00.500393", "frame": 64, "mu": [-0.019857959501311362, 4.509160279123481, 1.310216766270898], "Sigma": [[0.0005239354005026342, -0.001678302347133224, 0.0002564499599448316], [-0.001678302347133224, 0.0071305924666540755, -0.0010897261211234343], [0.0002564499599448316, -0.0010897261211234345, 0.0001675597726235675]], "chi2_level": 0.997, "chi2_df": 3, "chi2_threshold": 13.931422665512084, "N_raw": 7, "N_roi": 5, "N_inlier": 5, "refit": true}
{"timestamp": "17:58:00.557713", "frame": 65, "mu": [0.05973828806468063, 4.440004573184508, 1.1634250104734594], "Sigma": [[0.02079201812564046, -0.002036638893746956, -0.011303544454963396], [-0.002036638893746956, 0.0013631343717815964, 7.24016463016766e-05], [-0.011303544454963396, 7.240164630167658e-05, 0.009910607273017503]], "chi2_level": 0.997, "chi2_df": 3, "chi2_threshold": 13.931422665512084, "N_raw": 28, "N_roi": 25, "N_inlier": 25, "refit": true}
{"timestamp": "17:58:00.668999", "frame": 67, "mu": [0.11268196448046458, 4.418316110401521, 1.0787558404167248], "Sigma": [[0.019228500420436626, -0.0020391634110055352, -0.008199532958273865], [-0.0020391634110055352, 0.0020946009353906437, 0.0013721344625713837], [-0.008199532958273865, 0.0013721344625713837, 0.004600295690698871]], "chi2_level": 0.997, "chi2_df": 3, "chi2_threshold": 13.931422665512084, "N_raw": 30, "N_roi": 25, "N_inlier": 24, "refit": true}
{"timestamp": "17:58:00.779598", "frame": 69, "mu": [0.2115343041414335, 4.449565688246279, 1.1680693640524407], "Sigma": [[0.025214303720615942, 0.001757255920039441, -0.010791210083214774], [0.001757255920039441, 0.006289685138426981, -0.0031377869831756455], [-0.010791210083214774, -0.0031377869831756455, 0.007333359423437193]], "chi2_level": 0.997, "chi2_df": 3, "chi2_threshold": 13.931422665512084, "N_raw": 31, "N_roi": 29, "N_inlier": 27, "refit": true}
{"timestamp": "17:58:00.831599", "frame": 70, "mu": [0.3534458905641582, 4.610801747916838, 1.1772033430458262], "Sigma": [[0.01458803546675512, 0.023701491475796643, -0.015642615520170565], [0.023701491475796643, 0.04059154618923667, -0.02333796261686681], [-0.015642615520170565, -0.02333796261686681, 0.021767215500752106]], "chi2_level": 0.997, "chi2_df": 3, "chi2_threshold": 13.931422665512084, "N_raw": 10, "N_roi": 7, "N_inlier": 7, "refit": true}
{"timestamp": "17:58:00.889768", "frame": 71, "mu": [0.3548064309488741, 4.509880729323394, 1.2423241297997516], "Sigma": [[0.015780871839134222, -0.006709035403066713, 0.001423330559840735], [-0.006709035403066714, 0.012593553582501535, -0.011809199075396093], [0.0014233305598407347, -0.011809199075396093, 0.031955145430682716]], "chi2_level": 0.997, "chi2_df": 3, "chi2_threshold": 13.931422665512084, "N_raw": 38, "N_roi": 33, "N_inlier": 33, "refit": true}
{"timestamp": "17:58:00.942897", "frame": 72, "mu": [0.4574019499566497, 4.549805994878318, 1.3307408617550882], "Sigma": [[0.010379777712673092, -0.0027093042738843666, -0.007027738792294834], [-0.0027093042738843658, 0.011562612841430706, -0.013934079844116102], [-0.007027738792294835, -0.013934079844116104, 0.06479577038941804]], "chi2_level": 0.997, "chi2_df": 3, "chi2_threshold": 13.931422665512084, "N_raw": 26, "N_roi": 22, "N_inlier": 22, "refit": true}
{"timestamp": "17:58:01.001317", "frame": 73, "mu": [0.410776354382682, 4.568799340651025, 1.6516046473077286], "Sigma": [[0.022500957510662965, -0.003836092815624933, -0.013601952784216269], [-0.003836092815624933, 0.0037688418081823437, 0.004808741676149652], [-0.013601952784216269, 0.004808741676149652, 0.012321191061618032]], "chi2_level": 0.997, "chi2_df": 3, "chi2_threshold": 13.931422665512084, "N_raw": 41, "N_roi": 37, "N_inlier": 34, "refit": true}
{"timestamp": "17:58:01.053298", "frame": 74, "mu": [0.5549639839164746, 4.537268823669138, 1.3720845808610296], "Sigma": [[0.01343416187953206, -0.003162628466277357, -0.011038683504315867], [-0.003162628466277357, 0.003299419471240372, 0.0020278952978446674], [-0.011038683504315867, 0.002027895297844667, 0.0138385158846138]], "chi2_level": 0.997, "chi2_df": 3, "chi2_threshold": 13.931422665512084, "N_raw": 23, "N_roi": 21, "N_inlier": 20, "refit": true}
{"timestamp": "17:58:01.108949", "frame": 75, "mu": [0.5249558012062983, 4.611301988052716, 1.4747191646098705], "Sigma": [[0.022906959216930527, 0.000894748098241255, -0.021982449960389252], [0.0008947480982412554, 0.006394545489717734, -0.009659460620502202], [-0.021982449960389252, -0.009659460620502202, 0.04832715958509767]], "chi2_level": 0.997, "chi2_df": 3, "chi2_threshold": 13.931422665512084, "N_raw": 29, "N_roi": 29, "N_inlier": 28, "refit": true}
{"timestamp": "17:58:01.162758", "frame": 76, "mu": [0.5716112736919887, 4.568546209278527, 0.6132214431850224], "Sigma": [[0.008283671542968758, 0.0007707989525598776, -0.006911141618368514], [0.0007707989525598777, 0.001878843940634748, -0.00035145803472980304], [-0.0069111416183685135, -0.00035145803472980304, 0.008303732628383522]], "chi2_level": 0.997, "chi2_df": 3, "chi2_threshold": 13.931422665512084, "N_raw": 17, "N_roi": 16, "N_inlier": 16, "refit": true}
{"timestamp": "17:58:01.217238", "frame": 77, "mu": [0.5871916691928449, 4.582627385267106, 0.49570556136458194], "Sigma": [[0.011880713532210405, 0.000131794731757385, -0.008258983791409146], [0.0001317947317573849, 0.0016065137688530489, 0.0006223595000916864], [-0.008258983791409146, 0.0006223595000916864, 0.009171704914702527]], "chi2_level": 0.997, "chi2_df": 3, "chi2_threshold": 13.931422665512084, "N_raw": 20, "N_roi": 19, "N_inlier": 19, "refit": true}
{"timestamp": "17:58:01.271356", "frame": 78, "mu": [0.7121420307266308, 4.503705694558677, 1.2384926540855536], "Sigma": [[0.00893318597842844, -0.0016793997281554637, -0.007626591288422659], [-0.0016793997281554637, 0.0009669589190588944, -0.0009696650105149554], [-0.00762659128842266, -0.0009696650105149553, 0.0189108400395192]], "chi2_level": 0.997, "chi2_df": 3, "chi2_threshold": 13.931422665512084, "N_raw": 11, "N_roi": 11, "N_inlier": 11, "refit": true}
{"timestamp": "17:58:01.381918", "frame": 80, "mu": [0.8270869315080469, 4.5783659904915, 1.1805929844966891], "Sigma": [[0.0076394584041397425, 0.00015951794294114235, -0.011076059135867601], [0.00015951794294114256, 0.004959089538835038, -0.016985305045766036], [-0.011076059135867601, -0.016985305045766036, 0.10142410145502448]], "chi2_level": 0.997, "chi2_df": 3, "chi2_threshold": 13.931422665512084, "N_raw": 20, "N_roi": 17, "N_inlier": 17, "refit": true}
{"timestamp": "17:58:01.440916", "frame": 81, "mu": [0.8281715861494426, 4.670168469448217, 0.13175226754641145], "Sigma": [[0.013530795922497759, -0.0003087358597779315, 0.038684270611195774], [-0.0003087358597779315, 0.011770568502272162, -0.03680744223147476], [0.038684270611195774, -0.036807442231474766, 0.34840232096192053]], "chi2_level": 0.997, "chi2_df": 3, "chi2_threshold": 13.931422665512084, "N_raw": 44, "N_roi": 39, "N_inlier": 39, "refit": true}
{"timestamp": "17:58:01.491935", "frame": 82, "mu": [0.8815468078017332, 4.634783758719641, 1.3603874366514246], "Sigma": [[0.008011907958988193, -0.002258223866985175, -0.0022482216166392725], [-0.002258223866985175, 0.003230464608336511, -0.00880734906649213], [-0.0022482216166392725, -0.00880734906649213, 0.11556667898970863]], "chi2_level": 0.997, "chi2_df": 3, "chi2_threshold": 13.931422665512084, "N_raw": 17, "N_roi": 15, "N_inlier": 15, "refit": true}
{"timestamp": "17:58:01.547361", "frame": 83, "mu": [0.9686006277894875, 4.66553192290682, 1.2290862376796703], "Sigma": [[0.011231421879597372, -0.003684641410976651, 0.004885706068766997], [-0.003684641410976651, 0.003358000616167677, -0.006451843407247312], [0.004885706068766997, -0.006451843407247313, 0.06660198053569898]], "chi2_level": 0.997, "chi2_df": 3, "chi2_threshold": 13.931422665512084, "N_raw": 19, "N_roi": 17, "N_inlier": 17, "refit": true}
{"timestamp": "17:58:01.600787", "frame": 84, "mu": [1.0468924827333366, 4.658021807915518, 0.5399887555151044], "Sigma": [[0.0012284849497733654, 0.003676741428317549, -0.00801901064921872], [0.003676741428317549, 0.013104647620570025, -0.026623375959395176], [-0.00801901064921872, -0.026623375959395172, 0.06769445775971525]], "chi2_level": 0.997, "chi2_df": 3, "chi2_threshold": 13.931422665512084, "N_raw": 8, "N_roi": 6, "N_inlier": 6, "refit": true}
{"timestamp": "17:58:01.655956", "frame": 85, "mu": [1.1756110495175442, 4.689083636915286, 1.19986979967276], "Sigma": [[0.009837768735630656, 0.003871681035406098, -0.030192337733478757], [0.0038716810354060974, 0.0022565008875243446, -0.010182480311106369], [-0.030192337733478757, -0.01018248031110637, 0.12101036455151927]], "chi2_level": 0.997, "chi2_df": 3, "chi2_threshold": 13.931422665512084, "N_raw": 7, "N_roi": 7, "N_inlier": 7, "refit": true}
{"timestamp": "17:58:01.710022", "frame": 86, "mu": [1.2078342568198357, 4.606862793033895, 1.3124822288361786], "Sigma": [[0.0006918830902856133, 0.0009903458362656998, -0.00013570537315807707], [0.0009903458362656998, 0.0063337544326251705, -0.0009638720570889529], [-0.00013570537315807707, -0.0009638720570889529, 0.00014812683126187425]], "chi2_level": 0.997, "chi2_df": 3, "chi2_threshold": 13.931422665512084, "N_raw": 5, "N_roi": 5, "N_inlier": 5, "refit": true}
{"timestamp": "17:58:01.764576", "frame": 87, "mu": [1.265495306454484, 4.578979531593509, 1.2687601799705293], "Sigma": [[0.0005309475247895943, 0.0011490490226704207, 0.00017763348828541678], [0.0011490490226704205, 0.00835942405103642, 0.003444266142567059], [0.00017763348828541678, 0.0034442661425670585, 0.004687144104842106]], "chi2_level": 0.997, "chi2_df": 3, "chi2_threshold": 13.931422665512084, "N_raw": 6, "N_roi": 5, "N_inlier": 5, "refit": true}
{"timestamp": "17:58:01.820815", "frame": 88, "mu": [1.3636306847421755, 4.606149493550617, 1.0836972839099044], "Sigma": [[0.009657917585967487, 0.009906538852278553, -0.036427462116595775], [0.009906538852278553, 0.01953982854703427, -0.031176744235811814], [-0.036427462116595775, -0.031176744235811807, 0.1501165217345597]], "chi2_level": 0.997, "chi2_df": 3, "chi2_threshold": 13.931422665512084, "N_raw": 9, "N_roi": 6, "N_inlier": 6, "refit": true}
{"timestamp": "17:58:02.040020", "frame": 92, "mu": [1.2570471301004793, 3.9808535578087225, 0.4868498294986427], "Sigma": [[0.2401582352058941, 0.7445564178494424, 0.11186629194145883], [0.7445564178494424, 2.3514516994192105, 0.28716023647132277], [0.11186629194145883, 0.28716023647132277, 0.13953113845103543]], "chi2_level": 0.997, "chi2_df": 3, "chi2_threshold": 13.931422665512084, "N_raw": 7, "N_roi": 5, "N_inlier": 5, "refit": true}
{"timestamp": "17:58:02.095536", "frame": 93, "mu": [1.5262750650106225, 4.635781214659001, 1.0958667006000713], "Sigma": [[0.0005332734225235239, -0.0029092426931622635, 0.0081943121734092], [-0.002909242693162263, 0.03300590104020767, -0.05059292945132335], [0.0081943121734092, -0.05059292945132335, 0.16200517086160363]], "chi2_level": 0.997, "chi2_df": 3, "chi2_threshold": 13.931422665512084, "N_raw": 9, "N_roi": 6, "N_inlier": 6, "refit": true}
{"timestamp": "17:58:02.150956", "frame": 94, "mu": [1.669182812227848, 4.549615204725651, 1.2534139462215739], "Sigma": [[0.004519399547290095, 0.004817601115983507, -0.016402566608090793], [0.004817601115983507, 0.01686297486627572, -0.032982040888178375], [-0.016402566608090793, -0.032982040888178375, 0.1134365663572808]], "chi2_level": 0.997, "chi2_df": 3, "chi2_threshold": 13.931422665512084, "N_raw": 11, "N_roi": 9, "N_inlier": 9, "refit": true}
{"timestamp": "17:58:02.540866", "frame": 100, "mu": [1.861477465542132, 4.524072865291659, 1.3919077579988426], "Sigma": [[0.003646180915283552, 0.0026990318652974554, -0.008134080742079995], [0.0026990318652974554, 0.002368799190401855, -0.006054784724036087], [-0.008134080742079995, -0.006054784724036088, 0.02094863598523651]], "chi2_level": 0.997, "chi2_df": 3, "chi2_threshold": 13.931422665512084, "N_raw": 8, "N_roi": 5, "N_inlier": 5, "refit": true}
{"timestamp": "17:58:02.576420", "frame": 101, "mu": [1.922366021195644, 4.472577498979199, 1.203811939671705], "Sigma": [[0.010287136229857033, 0.0007850039117814923, -0.025309579372168833], [0.0007850039117814922, 0.0003081146087585282, -0.0006499694722918766], [-0.025309579372168833, -0.0006499694722918766, 0.06918362196973608]], "chi2_level": 0.997, "chi2_df": 3, "chi2_threshold": 13.931422665512084, "N_raw": 5, "N_roi": 5, "N_inlier": 5, "refit": true}
{"timestamp": "17:58:02.866495", "frame": 107, "mu": [2.1531171038311614, 4.462200169670248, 1.1850178134540812], "Sigma": [[0.013792528015562468, -0.005361999215941649, -0.002421767267469914], [-0.005361999215941649, 0.0053184206119999316, -0.0003334842436674712], [-0.0024217672674699134, -0.0003334842436674714, 0.004268169219711501]], "chi2_level": 0.997, "chi2_df": 3, "chi2_threshold": 13.931422665512084, "N_raw": 21, "N_roi": 18, "N_inlier": 18, "refit": true}
{"timestamp": "17:58:02.924021", "frame": 108, "mu": [2.1239745042533706, 4.4466707715202825, 1.0997787115902466], "Sigma": [[0.027708079649578547, -0.013510204072338258, -0.009681094945254966], [-0.013510204072338258, 0.009718314663735147, 0.004533428498369458], [-0.009681094945254966, 0.004533428498369458, 0.00516637004769677]], "chi2_level": 0.997, "chi2_df": 3, "chi2_threshold": 13.931422665512084, "N_raw": 34, "N_roi": 30, "N_inlier": 30, "refit": true}
{"timestamp": "17:58:02.981119", "frame": 109, "mu": [2.162171192045922, 4.469343097500831, 1.1511723900049995], "Sigma": [[0.017702501151845244, -0.004633779516332975, -0.0011533506583219677], [-0.004633779516332974, 0.0027551126431670657, 2.6230904480962767e-05], [-0.0011533506583219677, 2.6230904480962835e-05, 0.00030281716939708434]], "chi2_level": 0.997, "chi2_df": 3, "chi2_threshold": 13.931422665512084, "N_raw": 47, "N_roi": 14, "N_inlier": 13, "refit": true}
{"timestamp": "17:58:03.033026", "frame": 110, "mu": [2.0824783643045017, 4.430891513116892, 1.1239366021054926], "Sigma": [[0.02328998427639831, -0.005119864253302925, -0.0065925897430075455], [-0.0051198642533029255, 0.00270984245300909, 0.0014079278802314236], [-0.0065925897430075455, 0.0014079278802314236, 0.002998862966771829]], "chi2_level": 0.997, "chi2_df": 3, "chi2_threshold": 13.931422665512084, "N_raw": 21, "N_roi": 16, "N_inlier": 16, "refit": true}
{"timestamp": "17:58:03.089595", "frame": 111, "mu": [2.236257627620786, 4.417842887904377, 1.0316650737199748], "Sigma": [[0.026338653835514744, -0.012237369906502257, -0.006517975603268849], [-0.012237369906502257, 0.008575502460196551, 0.0009383444125376343], [-0.006517975603268849, 0.0009383444125376344, 0.005683033531753627]], "chi2_level": 0.997, "chi2_df": 3, "chi2_threshold": 13.931422665512084, "N_raw": 40, "N_roi": 34, "N_inlier": 33, "refit": true}
{"timestamp": "17:58:03.144908", "frame": 112, "mu": [2.3001203190982653, 4.383986971430502, 1.1750835857519788], "Sigma": [[0.015453740410027837, -0.006121901770381382, -9.382918625287388e-05], [-0.006121901770381382, 0.004383214459584658, -0.0002526935706209205], [-9.382918625287385e-05, -0.0002526935706209205, 0.00033326954447011577]], "chi2_level": 0.997, "chi2_df": 3, "chi2_threshold": 13.931422665512084, "N_raw": 40, "N_roi": 21, "N_inlier": 19, "refit": true}
{"timestamp": "17:58:03.201307", "frame": 113, "mu": [2.3681527087595575, 4.296543293782531, 1.0748663900982092], "Sigma": [[0.004660043818175898, -0.0015420424686389063, -0.004211675431153217], [-0.0015420424686389063, 0.0032713676067881556, -0.0005866941880214472], [-0.004211675431153217, -0.0005866941880214474, 0.007672973236217066]], "chi2_level": 0.997, "chi2_df": 3, "chi2_threshold": 13.931422665512084, "N_raw": 47, "N_roi": 10, "N_inlier": 10, "refit": true}
{"timestamp": "17:58:03.255021", "frame": 114, "mu": [2.2694541539888267, 4.320646719249829, 1.182924642022502], "Sigma": [[0.010885318785825169, -0.004640788761319678, -0.002359576272663195], [-0.004640788761319678, 0.0042917488475842066, -0.001194000250488063], [-0.002359576272663195, -0.001194000250488063, 0.004347422046679646]], "chi2_level": 0.997, "chi2_df": 3, "chi2_threshold": 13.931422665512084, "N_raw": 31, "N_roi": 18, "N_inlier": 17, "refit": true}
{"timestamp": "17:58:03.306580", "frame": 115, "mu": [2.3453821135049724, 4.276121971281319, 1.2317752594866942], "Sigma": [[0.006005563369700318, 0.0024806905748927387, -0.008888086184598097], [0.0024806905748927387, 0.0024335389703937353, -0.0011352423214725624], [-0.008888086184598095, -0.0011352423214725624, 0.01795118312677758]], "chi2_level": 0.997, "chi2_df": 3, "chi2_threshold": 13.931422665512084, "N_raw": 9, "N_roi": 5, "N_inlier": 5, "refit": true}
{"timestamp": "17:58:03.361226", "frame": 116, "mu": [2.370164613091273, 4.218541284178952, 1.3067016880741238], "Sigma": [[0.003016803627464943, -0.0008977606593860864, -0.0032585513130205766], [-0.0008977606593860861, 0.0030820686955548558, -0.0025520760611386093], [-0.0032585513130205766, -0.0025520760611386093, 0.011054219522952543]], "chi2_level": 0.997, "chi2_df": 3, "chi2_threshold": 13.931422665512084, "N_raw": 16, "N_roi": 6, "N_inlier": 6, "refit": true}
{"timestamp": "17:58:03.419479", "frame": 117, "mu": [2.32126024795695, 4.208327596288845, 1.2515001924296376], "Sigma": [[0.008282514277556077, -0.004534180822923254, -0.004904535429770199], [-0.0045341808229232535, 0.006160918514267891, 5.047664489949113e-05], [-0.0049045354297702, 5.047664489949102e-05, 0.011253781961281859]], "chi2_level": 0.997, "chi2_df": 3, "chi2_threshold": 13.931422665512084, "N_raw": 41, "N_roi": 22, "N_inlier": 22, "refit": true}
{"timestamp": "17:58:03.472095", "frame": 118, "mu": [2.213668487181031, 4.349812238475713, 0.3282528190809126], "Sigma": [[0.005471269558528219, -0.0050497441491679255, -0.0007445887316197661], [-0.0050497441491679255, 0.009111378244570017, -0.0030745668451055514], [-0.0007445887316197661, -0.0030745668451055514, 0.005282024112826509]], "chi2_level": 0.997, "chi2_df": 3, "chi2_threshold": 13.931422665512084, "N_raw": 15, "N_roi": 12, "N_inlier": 12, "refit": true}
{"timestamp": "17:58:03.525895", "frame": 119, "mu": [2.361735575850031, 4.108697690625328, 1.2372248967795247], "Sigma": [[0.0034124680229445222, -0.0009593313384929992, -0.009509205885932993], [-0.0009593313384929992, 0.003263883965697595, -0.004120238071301476], [-0.009509205885932993, -0.004120238071301477, 0.04423604535356014]], "chi2_level": 0.997, "chi2_df": 3, "chi2_threshold": 13.931422665512084, "N_raw": 11, "N_roi": 7, "N_inlier": 7, "refit": true}
{"timestamp": "17:58:03.581975", "frame": 120, "mu": [2.2604074092044533, 4.2053037749230215, 0.41689789746860156], "Sigma": [[0.0015680096342463189, 0.0022401766316096834, -0.0026952791270357726], [0.0022401766316096834, 0.007686323988427707, -0.0064310530235030345], [-0.0026952791270357726, -0.0064310530235030345, 0.00775357920118118]], "chi2_level": 0.997, "chi2_df": 3, "chi2_threshold": 13.931422665512084, "N_raw": 11, "N_roi": 5, "N_inlier": 5, "refit": true}
{"timestamp": "17:58:03.639113", "frame": 121, "mu": [2.2911707699570854, 4.052903770371167, 1.1213304326207358], "Sigma": [[0.010900705026956475, -0.006378561235921962, -0.0040387598325914], [-0.00637856123592196, 0.009002432490257886, 0.004518252414181908], [-0.0040387598325914, 0.004518252414181907, 0.004723291765510067]], "chi2_level": 0.997, "chi2_df": 3, "chi2_threshold": 13.931422665512084, "N_raw": 29, "N_roi": 25, "N_inlier": 25, "refit": true}
{"timestamp": "17:58:03.693908", "frame": 122, "mu": [2.287650593033112, 4.032089630644939, 1.1412415910154894], "Sigma": [[0.015338119019098895, -0.007660419594031462, -0.006932686245276628], [-0.007660419594031463, 0.006798653371307291, 0.0016793687673635612], [-0.006932686245276628, 0.0016793687673635612, 0.006197058215274109]], "chi2_level": 0.997, "chi2_df": 3, "chi2_threshold": 13.931422665512084, "N_raw": 30, "N_roi": 26, "N_inlier": 25, "refit": true}
{"timestamp": "17:58:03.750173", "frame": 123, "mu": [2.2528744852745017, 4.028574965034595, 1.1098828993122078], "Sigma": [[0.017498036096532405, -0.009476258555006101, -0.0052534742077194685], [-0.009476258555006101, 0.010664344095633807, 0.001254129041327786], [-0.005253474207719468, 0.001254129041327786, 0.004374999761206579]], "chi2_level": 0.997, "chi2_df": 3, "chi2_threshold": 13.931422665512084, "N_raw": 41, "N_roi": 38, "N_inlier": 38, "refit": true}
{"timestamp": "17:58:03.803972", "frame": 124, "mu": [2.2464432395485963, 3.9141158117664894, 1.1139111628795941], "Sigma": [[0.017393768323377485, -0.010841189819717219, -0.006034281238035734], [-0.010841189819717219, 0.012414629191886599, 0.00815441328821761], [-0.006034281238035734, 0.00815441328821761, 0.00723521746056811]], "chi2_level": 0.997, "chi2_df": 3, "chi2_threshold": 13.931422665512084, "N_raw": 32, "N_roi": 31, "N_inlier": 30, "refit": true}
{"timestamp": "17:58:03.854602", "frame": 125, "mu": [2.161230636992837, 4.168973446849096, 0.1409321204035211], "Sigma": [[0.0005434262956491669, -0.0005926206090436109, -8.348925267493637e-06], [-0.0005926206090436109, 0.015906819048180473, 0.00041630010155905276], [-8.348925267493639e-06, 0.00041630010155905276, 1.1994331967755215e-05]], "chi2_level": 0.997, "chi2_df": 3, "chi2_threshold": 13.931422665512084, "N_raw": 6, "N_roi": 6, "N_inlier": 6, "refit": true}
{"timestamp": "17:58:03.913132", "frame": 126, "mu": [2.196734294722841, 3.887410254070413, 1.1135920805774515], "Sigma": [[0.011557812594991557, -0.005594749568873662, -0.006013729252023804], [-0.005594749568873662, 0.0059566991802697195, 0.0009613536409099821], [-0.006013729252023804, 0.0009613536409099821, 0.00783888331271416]], "chi2_level": 0.997, "chi2_df": 3, "chi2_threshold": 13.931422665512084, "N_raw": 26, "N_roi": 26, "N_inlier": 26, "refit": true}
{"timestamp": "17:58:03.965975", "frame": 127, "mu": [2.107790777143892, 3.8449501546515, 1.1376645197131605], "Sigma": [[0.0033649116247735722, 0.00030755921480492206, 0.0006232634135468522], [0.00030755921480492206, 0.005125074089012392, 0.0026145253457280676], [0.0006232634135468522, 0.0026145253457280676, 0.0023401805025937993]], "chi2_level": 0.997, "chi2_df": 3, "chi2_threshold": 13.931422665512084, "N_raw": 13, "N_roi": 13, "N_inlier": 13, "refit": true}
{"timestamp": "17:58:04.026908", "frame": 128, "mu": [2.0772746679421226, 3.917856332144816, 0.4124888838632756], "Sigma": [[0.019125503421266066, -0.0066999087802676535, -0.012671199768677225], [-0.006699908780267652, 0.008048128655817024, 0.005530121606297542], [-0.012671199768677224, 0.005530121606297542, 0.011886892382383222]], "chi2_level": 0.997, "chi2_df": 3, "chi2_threshold": 13.931422665512084, "N_raw": 45, "N_roi": 44, "N_inlier": 44, "refit": true}
{"timestamp": "17:58:04.081276", "frame": 129, "mu": [1.9676548138461474, 3.899194899548584, 1.2077119717629534], "Sigma": [[0.023313166295383395, -0.011587287329788528, -0.007376700696707884], [-0.01158728732978853, 0.012808889230486979, 0.0074520291452709105], [-0.007376700696707884, 0.0074520291452709105, 0.006049729027423837]], "chi2_level": 0.997, "chi2_df": 3, "chi2_threshold": 13.931422665512084, "N_raw": 44, "N_roi": 44, "N_inlier": 44, "refit": true}
