{"timestamp": "18:42:40.264102", "frame": 4, "mu": [-1.4438542161736336, 4.958854686482647, 1.2361909998936258], "Sigma": [[0.003573230611689602, -0.00037262567890684043, -7.805034675336384e-05], [-0.00037262567890684043, 0.001341796822454977, -0.0008656033997313493], [-7.805034675336382e-05, -0.0008656033997313493, 0.0009501384711595431]], "chi2_level": 0.997, "chi2_df": 3, "chi2_threshold": 13.931422665512084, "N_raw": 30, "N_roi": 6, "N_inlier": 6, "refit": true}
{"timestamp": "18:42:40.379088", "frame": 6, "mu": [-1.316255105011027, 4.938947471177799, 1.3479709938963849], "Sigma": [[0.013661605994674898, 0.0007065459686419172, -0.005730995997949533], [0.0007065459686419172, 0.001031315112027096, -0.0021102610333198187], [-0.005730995997949535, -0.002110261033319818, 0.007680268645203588]], "chi2_level": 0.997, "chi2_df": 3, "chi2_threshold": 13.931422665512084, "N_raw": 57, "N_roi": 18, "N_inlier": 18, "refit": true}
{"timestamp": "18:42:40.487542", "frame": 8, "mu": [-1.3038430347544394, 4.933768554008138, 1.2100055465987365], "Sigma": [[0.029575241070732384, 0.003681324268431728, -0.012425772530740587], [0.003681324268431729, 0.0019289156420329381, -0.002065797657504837], [-0.012425772530740587, -0.002065797657504837, 0.006799765352541434]], "chi2_level": 0.997, "chi2_df": 3, "chi2_threshold": 13.931422665512084, "N_raw": 50, "N_roi": 27, "N_inlier": 26, "refit": true}
{"timestamp": "18:42:40.543460", "frame": 9, "mu": [-1.3911891399994483, 4.92412200589343, 0.5462971669367647], "Sigma": [[0.019265027582701547, 0.0026320329843851913, -0.002951259397293071], [0.0026320329843851913, 0.0018849102924861072, -0.0005151818024042585], [-0.0029512593972930708, -0.0005151818024042585, 0.0006655224315474823]], "chi2_level": 0.997, "chi2_df": 3, "chi2_threshold": 13.931422665512084, "N_raw": 35, "N_roi": 21, "N_inlier": 19, "refit": true}
{"timestamp": "18:42:40.602429", "frame": 10, "mu": [-1.3991668957945163, 4.915348772749043, 0.3932666212319902], "Sigma": [[0.028308762606290706, 0.0013111217051324769, 0.006401254555140792], [0.0013111217051324769, 0.003177772219194415, -0.004976836661564384], [0.006401254555140792, -0.004976836661564385, 0.01276099430893281]], "chi2_level": 0.997, "chi2_df": 3, "chi2_threshold": 13.931422665512084, "N_raw": 64, "N_roi": 28, "N_inlier": 28, "refit": true}
{"timestamp": "18:42:40.655987", "frame": 11, "mu": [-1.304563888584154, 4.91939969261671, 0.5164915251509625], "Sigma": [[0.018432728258075178, 2.6153715671381646e-05, 0.00943250509899061], [2.615371567138208e-05, 0.0027608050724214793, -0.004298803895453533], [0.009432505098990612, -0.004298803895453534, 0.012469442453032832]], "chi2_level": 0.997, "chi2_df": 3, "chi2_threshold": 13.931422665512084, "N_raw": 58, "N_roi": 20, "N_inlier": 20, "refit": true}
{"timestamp": "18:42:40.707726", "frame": 12, "mu": [-1.0974184867266674, 4.945098119814761, 0.7361525039169139], "Sigma": [[0.030997418675692126, 0.004049870309192192, -0.020161293359399025], [0.004049870309192192, 0.0019484918653927747, -0.005081006067695513], [-0.020161293359399025, -0.005081006067695513, 0.024459570903262895]], "chi2_level": 0.997, "chi2_df": 3, "chi2_threshold": 13.931422665512084, "N_raw": 37, "N_roi": 27, "N_inlier": 26, "refit": true}
{"timestamp": "18:42:40.765191", "frame": 13, "mu": [-1.243175215015247, 4.863994849370443, 1.0042871279020051], "Sigma": [[0.02541055414518223, 0.005127411004458195, -0.009789646758922393], [0.005127411004458194, 0.006947719611439065, -0.002243662853297616], [-0.009789646758922393, -0.002243662853297616, 0.005971363250614031]], "chi2_level": 0.997, "chi2_df": 3, "chi2_threshold": 13.931422665512084, "N_raw": 54, "N_roi": 46, "N_inlier": 46, "refit": true}
{"timestamp": "18:42:40.823057", "frame": 14, "mu": [-1.2570977704845443, 4.7895303847058734, 0.7426792640945856], "Sigma": [[0.03972749327799071, 0.005923510871312144, -0.014205893957037743], [0.005923510871312143, 0.009829317098663125, 0.00011298052969075383], [-0.014205893957037743, 0.00011298052969075388, 0.007641439746997413]], "chi2_level": 0.997, "chi2_df": 3, "chi2_threshold": 13.931422665512084, "N_raw": 69, "N_roi": 68, "N_inlier": 67, "refit": true}
{"timestamp": "18:42:40.876891", "frame": 15, "mu": [-1.1786427119874892, 4.747795986001259, 0.7645442043354096], "Sigma": [[0.033153551767934664, 0.006628559088179271, -0.016153922208230906], [0.006628559088179272, 0.005757825291428127, -0.00881857222604036], [-0.016153922208230906, -0.00881857222604036, 0.019299376625088908]], "chi2_level": 0.997, "chi2_df": 3, "chi2_threshold": 13.931422665512084, "N_raw": 62, "N_roi": 62, "N_inlier": 62, "refit": true}
{"timestamp": "18:42:40.924894", "frame": 16, "mu": [-1.0271055610741144, 4.745861248655794, 0.9815679309222931], "Sigma": [[0.005844008025928658, 0.0014826412834171554, 0.00019174283152623817], [0.0014826412834171554, 0.0015250484518882078, -0.0035738481883489095], [0.00019174283152623796, -0.0035738481883489095, 0.0155017462472855]], "chi2_level": 0.997, "chi2_df": 3, "chi2_threshold": 13.931422665512084, "N_raw": 14, "N_roi": 14, "N_inlier": 14, "refit": true}
{"timestamp": "18:42:40.982586", "frame": 17, "mu": [-1.0819589875361777, 4.727128194272712, 1.111499947079144], "Sigma": [[0.0271264601046019, 0.005122696545170811, 0.002312862674190478], [0.005122696545170812, 0.0035371085224430447, -0.0015724932237567348], [0.002312862674190478, -0.0015724932237567348, 0.005372399344319154]], "chi2_level": 0.997, "chi2_df": 3, "chi2_threshold": 13.931422665512084, "N_raw": 39, "N_roi": 39, "N_inlier": 38, "refit": true}
{"timestamp": "18:42:41.093473", "frame": 19, "mu": [-0.9762919263531521, 4.638004181603365, 0.9074102334184673], "Sigma": [[0.03095974021459588, 0.00435490773954414, -0.01673659208484453], [0.00435490773954414, 0.004996093366417007, -0.00017735209338299386], [-0.01673659208484453, -0.0001773520933829937, 0.01164306907587855]], "chi2_level": 0.997, "chi2_df": 3, "chi2_threshold": 13.931422665512084, "N_raw": 45, "N_roi": 39, "N_inlier": 39, "refit": true}
{"timestamp": "18:42:41.143773", "frame": 20, "mu": [-0.9202640902893722, 4.55320857127745, 0.7992734650774876], "Sigma": [[0.008065304640065735, 0.00030131261960506374, -0.004947722218139695], [0.0003013126196050638, 0.0013976560702343343, -0.0025175645938089256], [-0.004947722218139695, -0.0025175645938089256, 0.015720725045763467]], "chi2_level": 0.997, "chi2_df": 3, "chi2_threshold": 13.931422665512084, "N_raw": 13, "N_roi": 13, "N_inlier": 13, "refit": true}
{"timestamp": "18:42:41.205973", "frame": 21, "mu": [-0.8867967820060365, 4.580967709724719, 0.8542281715190769], "Sigma": [[0.0250781179933865, 0.005667940804179341, -0.010700438723135048], [0.005667940804179341, 0.007488725988159284, -0.006338913446005602], [-0.010700438723135048, -0.006338913446005602, 0.00948522417430576]], "chi2_level": 0.997, "chi2_df": 3, "chi2_threshold": 13.931422665512084, "N_raw": 55, "N_roi": 53, "N_inlier": 53, "refit": true}
{"timestamp": "18:42:41.259946", "frame": 22, "mu": [-0.8893866072907847, 4.5145756202208425, 1.0072852036405784], "Sigma": [[0.03042187740260876, 0.003297339269980132, -0.009591986724183184], [0.0032973392699801327, 0.004481156803569273, -0.004975448246777326], [-0.009591986724183184, -0.004975448246777326, 0.010817908391386376]], "chi2_level": 0.997, "chi2_df": 3, "chi2_threshold": 13.931422665512084, "N_raw": 51, "N_roi": 51, "N_inlier": 51, "refit": true}
{"timestamp": "18:42:41.314645", "frame": 23, "mu": [-0.7822940102735754, 4.526574862812935, 0.9794621026976104], "Sigma": [[0.027745558779083874, 0.005754376282969173, 0.0030827987578922276], [0.005754376282969173, 0.004482282686241062, -0.002675630633263478], [0.0030827987578922276, -0.002675630633263478, 0.007016281393800426]], "chi2_level": 0.997, "chi2_df": 3, "chi2_threshold": 13.931422665512084, "N_raw": 50, "N_roi": 45, "N_inlier": 44, "refit": true}
{"timestamp": "18:42:41.368003", "frame": 24, "mu": [-0.6996905912438126, 4.442784792467193, 0.726882042123457], "Sigma": [[0.033177548747557926, 0.0037877314523040604, -0.01873001214057894], [0.003787731452304061, 0.006147877289394818, 0.0015730300078407827], [-0.01873001214057894, 0.0015730300078407827, 0.016462972168726053]], "chi2_level": 0.997, "chi2_df": 3, "chi2_threshold": 13.931422665512084, "N_raw": 39, "N_roi": 38, "N_inlier": 38, "refit": true}
{"timestamp": "18:42:41.422633", "frame": 25, "mu": [-0.7090848865848401, 4.406784486257144, 0.855903517681417], "Sigma": [[0.03006526125105281, 0.0030977748809084384, -0.011779254397358878], [0.0030977748809084384, 0.0023481517881111863, -0.003330076272732908], [-0.011779254397358878, -0.003330076272732908, 0.01060787116153781]], "chi2_level": 0.997, "chi2_df": 3, "chi2_threshold": 13.931422665512084, "N_raw": 39, "N_roi": 38, "N_inlier": 37, "refit": true}
{"timestamp": "18:42:41.479015", "frame": 26, "mu": [-0.587535371627039, 4.39088409736096, 0.9171416051253108], "Sigma": [[0.027850198926560592, 0.00514600946803616, 0.004142315973928416], [0.005146009468036162, 0.002540481935395006, -0.003977865850538954], [0.004142315973928416, -0.003977865850538954, 0.023587887691184268]], "chi2_level": 0.997, "chi2_df": 3, "chi2_threshold": 13.931422665512084, "N_raw": 44, "N_roi": 43, "N_inlier": 43, "refit": true}
{"timestamp": "18:42:41.531852", "frame": 27, "mu": [-0.3240822270663306, 4.472336633578629, 0.9077554118398948], "Sigma": [[0.020353694336055307, 0.008630490070675812, 0.00529406935786005], [0.008630490070675812, 0.008339827796792208, 0.005586697338763541], [0.005294069357860051, 0.005586697338763541, 0.005719591587686584]], "chi2_level": 0.997, "chi2_df": 3, "chi2_threshold": 13.931422665512084, "N_raw": 25, "N_roi": 23, "N_inlier": 20, "refit": true}
{"timestamp": "18:42:41.588960", "frame": 28, "mu": [-0.47206942831468723, 4.245521509589697, 0.8483344788986938], "Sigma": [[0.02740682311103514, 0.0013075540883843025, -0.008437310403575522], [0.0013075540883843025, 0.0014526063153057604, -0.0030102467237698625], [-0.008437310403575522, -0.003010246723769863, 0.022678950830076258]], "chi2_level": 0.997, "chi2_df": 3, "chi2_threshold": 13.931422665512084, "N_raw": 44, "N_roi": 41, "N_inlier": 40, "refit": true}
{"timestamp": "18:42:41.648137", "frame": 29, "mu": [-0.3580748227308971, 4.184146071114018, 0.8373032809807084], "Sigma": [[0.030350508153960717, 0.0011766616859656912, -0.003936456538336746], [0.0011766616859656912, 0.005359085075236494, -0.004425993124754515], [-0.0039364565383367455, -0.004425993124754515, 0.006661126000296984]], "chi2_level": 0.997, "chi2_df": 3, "chi2_threshold": 13.931422665512084, "N_raw": 71, "N_roi": 68, "N_inlier": 68, "refit": true}
{"timestamp": "18:42:41.699837", "frame": 30, "mu": [-0.3491184194374486, 4.132076984206046, 0.8752506544124753], "Sigma": [[0.02991406082630733, 0.004612368744664261, 0.004225460171722127], [0.004612368744664261, 0.004108820750582819, 4.825578835818855e-05], [0.004225460171722126, 4.825578835818844e-05, 0.0030874789534000077]], "chi2_level": 0.997, "chi2_df": 3, "chi2_threshold": 13.931422665512084, "N_raw": 49, "N_roi": 45, "N_inlier": 45, "refit": true}
{"timestamp": "18:42:41.761886", "frame": 31, "mu": [-0.31566361253635455, 4.1176820630117925, 1.0029116659607291], "Sigma": [[0.036012006329983554, 0.0074520539963742185, -0.002008358682588241], [0.007452053996374219, 0.011297704817449261, -0.0014215387033645372], [-0.002008358682588241, -0.0014215387033645372, 0.0004962613726726898]], "chi2_level": 0.997, "chi2_df": 3, "chi2_threshold": 13.931422665512084, "N_raw": 98, "N_roi": 86, "N_inlier": 84, "refit": true}
{"timestamp": "18:42:41.815055", "frame": 32, "mu": [-0.28189787400711813, 4.0259994582925955, 0.8922684703259569], "Sigma": [[0.02772896146389349, 0.0021574338171651635, -0.006863914113991204], [0.0021574338171651635, 0.008017590530621082, -0.006724136720290941], [-0.006863914113991206, -0.006724136720290941, 0.008956704130164424]], "chi2_level": 0.997, "chi2_df": 3, "chi2_threshold": 13.931422665512084, "N_raw": 86, "N_roi": 82, "N_inlier": 82, "refit": true}
{"timestamp": "18:42:41.871077", "frame": 33, "mu": [-0.2290901157648906, 4.019902869905074, 0.9791751648802187], "Sigma": [[0.028673578778377052, 0.006964013384892214, -0.007378016632615315], [0.006964013384892215, 0.013499674886329062, -0.007505540816623422], [-0.0073780166326153146, -0.007505540816623423, 0.009087883470989362]], "chi2_level": 0.997, "chi2_df": 3, "chi2_threshold": 13.931422665512084, "N_raw": 96, "N_roi": 95, "N_inlier": 95, "refit": true}
{"timestamp": "18:42:41.925712", "frame": 34, "mu": [-0.14087030922226865, 3.940342317740254, -0.8124326827543626], "Sigma": [[0.02564583661432128, 0.003626718149771085, 0.054176115058666305], [0.0036267181497710846, 0.0094189028316974, -0.003271119897739827], [0.054176115058666305, -0.003271119897739827, 0.4217775506787772]], "chi2_level": 0.997, "chi2_df": 3, "chi2_threshold": 13.931422665512084, "N_raw": 86, "N_roi": 85, "N_inlier": 85, "refit": true}
{"timestamp": "18:42:41.977750", "frame": 35, "mu": [-0.09572101849724927, 3.7921434523904347, 0.9093006874140099], "Sigma": [[0.017295459205427327, 0.000653190649587121, -0.015214825149893745], [0.0006531906495871204, 0.015280977088166158, 0.0007885985279445734], [-0.015214825149893745, 0.0007885985279445734, 0.01769668315572523]], "chi2_level": 0.997, "chi2_df": 3, "chi2_threshold": 13.931422665512084, "N_raw": 73, "N_roi": 73, "N_inlier": 69, "refit": true}
{"timestamp": "18:42:42.031358", "frame": 36, "mu": [-0.13136800348201016, 3.7250821404814145, 1.1438279437873318], "Sigma": [[0.02251493468497883, -0.0059079144632607685, -0.01956314653350854], [-0.0059079144632607685, 0.008398637728426755, 0.0085805631096052], [-0.01956314653350854, 0.0085805631096052, 0.02070881531349363]], "chi2_level": 0.997, "chi2_df": 3, "chi2_threshold": 13.931422665512084, "N_raw": 58, "N_roi": 58, "N_inlier": 55, "refit": true}
{"timestamp": "18:42:42.084773", "frame": 37, "mu": [-0.007195504258759787, 3.714805142649098, 1.1179734741916136], "Sigma": [[0.01684396935885662, -0.006001598491716458, -0.014461446521666574], [-0.006001598491716458, 0.012596019884553625, 0.0180297123629952], [-0.014461446521666574, 0.0180297123629952, 0.029560352118063855]], "chi2_level": 0.997, "chi2_df": 3, "chi2_threshold": 13.931422665512084, "N_raw": 48, "N_roi": 48, "N_inlier": 46, "refit": true}
{"timestamp": "18:42:42.140056", "frame": 38, "mu": [0.027106336271892097, 3.722863059135026, -0.19579565792970874], "Sigma": [[0.016338912993455124, 0.002918009274297814, 0.02624026864722305], [0.0029180092742978137, 0.007115929686404909, 0.01346509732000676], [0.02624026864722305, 0.01346509732000676, 0.11943022041516888]], "chi2_level": 0.997, "chi2_df": 3, "chi2_threshold": 13.931422665512084, "N_raw": 53, "N_roi": 52, "N_inlier": 51, "refit": true}
{"timestamp": "18:42:42.196593", "frame": 39, "mu": [0.018705854314584488, 3.6037430915563258, 1.2020176436044114], "Sigma": [[0.018211544855824213, -0.003973246464126826, -0.0138210582391756], [-0.003973246464126826, 0.007858015727052097, 0.007846535552429352], [-0.0138210582391756, 0.007846535552429352, 0.015063317205649846]], "chi2_level": 0.997, "chi2_df": 3, "chi2_threshold": 13.931422665512084, "N_raw": 58, "N_roi": 55, "N_inlier": 51, "refit": true}
{"timestamp": "18:42:42.252955", "frame": 40, "mu": [0.11190227571739114, 3.6160122502352166, 1.0990524614737105], "Sigma": [[0.02021992676582234, -0.0007721367725444086, -0.012567955513445653], [-0.0007721367725444086, 0.006741502710200935, -0.004204811461622184], [-0.012567955513445653, -0.004204811461622184, 0.012598961329916978]], "chi2_level": 0.997, "chi2_df": 3, "chi2_threshold": 13.931422665512084, "N_raw": 70, "N_roi": 70, "N_inlier": 70, "refit": true}
{"timestamp": "18:42:42.308522", "frame": 41, "mu": [0.17069496523249394, 3.593980873418151, 1.1813566306424699], "Sigma": [[0.020086856022965033, 0.0019106900434906883, -0.012555862706428556], [0.0019106900434906879, 0.006291340844740656, -0.004590185182043451], [-0.012555862706428556, -0.004590185182043451, 0.013336562713982833]], "chi2_level": 0.997, "chi2_df": 3, "chi2_threshold": 13.931422665512084, "N_raw": 73, "N_roi": 70, "N_inlier": 68, "refit": true}
{"timestamp": "18:42:42.359351", "frame": 42, "mu": [0.14418431142733967, 3.506348845882991, 1.1261573346846194], "Sigma": [[0.019970252862006724, 0.0017188846334665452, -0.010953739893793132], [0.0017188846334665454, 0.0033537985074052756, -0.0046962108290544225], [-0.01095373989379313, -0.0046962108290544225, 0.05149448243278475]], "chi2_level": 0.997, "chi2_df": 3, "chi2_threshold": 13.931422665512084, "N_raw": 46, "N_roi": 46, "N_inlier": 44, "refit": true}
{"timestamp": "18:42:42.417941", "frame": 43, "mu": [0.2073611920846053, 3.4814635294217338, 1.1199977045303104], "Sigma": [[0.02121194534380607, -4.149208938799843e-05, -0.008285359680057754], [-4.1492089387998104e-05, 0.00473851443366036, -0.0058955193901295035], [-0.008285359680057754, -0.0058955193901295035, 0.017005647404779067]], "chi2_level": 0.997, "chi2_df": 3, "chi2_threshold": 13.931422665512084, "N_raw": 71, "N_roi": 71, "N_inlier": 71, "refit": true}
{"timestamp": "18:42:42.477269", "frame": 44, "mu": [0.3107900876293137, 3.423432932661582, 0.9531027556875582], "Sigma": [[0.05565901428423273, 0.007257057314984628, -0.019973946290339432], [0.007257057314984628, 0.004848142701703508, -0.0047466397703486395], [-0.019973946290339432, -0.0047466397703486395, 0.010276892367506911]], "chi2_level": 0.997, "chi2_df": 3, "chi2_threshold": 13.931422665512084, "N_raw": 72, "N_roi": 72, "N_inlier": 69, "refit": true}
{"timestamp": "18:42:42.529798", "frame": 45, "mu": [0.40315572607589273, 3.3573332524776136, 1.0487017526134668], "Sigma": [[0.04303133512047155, 0.004696861795746769, -0.007901774583030437], [0.004696861795746768, 0.0026563364652289856, -0.00782289197471209], [-0.007901774583030437, -0.00782289197471209, 0.04706232865694994]], "chi2_level": 0.997, "chi2_df": 3, "chi2_threshold": 13.931422665512084, "N_raw": 78, "N_roi": 77, "N_inlier": 76, "refit": true}
{"timestamp": "18:42:42.582661", "frame": 46, "mu": [0.48213561731257504, 3.392380000855703, -0.4147811975934748], "Sigma": [[0.022443393347339677, 0.0058202732073246765, 0.035254291040367716], [0.005820273207324676, 0.010248289574284551, 0.01934016052166927], [0.035254291040367716, 0.01934016052166927, 0.1261758000868893]], "chi2_level": 0.997, "chi2_df": 3, "chi2_threshold": 13.931422665512084, "N_raw": 67, "N_roi": 67, "N_inlier": 66, "refit": true}
{"timestamp": "18:42:42.636977", "frame": 47, "mu": [0.5590016519641263, 3.1787249026106976, 0.925807787006308], "Sigma": [[0.020954406437265163, 0.0004665107088176104, -0.0029892360883699274], [0.00046651070881761046, 0.00256175706256881, -0.003934571784724235], [-0.002989236088369927, -0.003934571784724235, 0.016105658777051383]], "chi2_level": 0.997, "chi2_df": 3, "chi2_threshold": 13.931422665512084, "N_raw": 66, "N_roi": 66, "N_inlier": 65, "refit": true}
{"timestamp": "18:42:42.693206", "frame": 48, "mu": [0.5365257547315998, 3.120683597123737, 0.8917873906974967], "Sigma": [[0.01711548046413002, -0.004079701211667486, -0.0024821465106274416], [-0.004079701211667487, 0.005599925131465883, -0.002719291427487766], [-0.0024821465106274416, -0.0027192914274877657, 0.004756129298398822]], "chi2_level": 0.997, "chi2_df": 3, "chi2_threshold": 13.931422665512084, "N_raw": 65, "N_roi": 65, "N_inlier": 64, "refit": true}
{"timestamp": "18:42:42.748927", "frame": 49, "mu": [0.6425722633414223, 3.267488011080297, -0.06904021318543616], "Sigma": [[0.03303156148794512, 0.003101302594472651, 0.04674272086627278], [0.003101302594472651, 0.010106158173042784, -0.009854484856047962], [0.046742720866272784, -0.009854484856047962, 0.14445622050286733]], "chi2_level": 0.997, "chi2_df": 3, "chi2_threshold": 13.931422665512084, "N_raw": 80, "N_roi": 80, "N_inlier": 80, "refit": true}
{"timestamp": "18:42:42.804386", "frame": 50, "mu": [0.5594036603760508, 3.1639107390438417, -0.27004478325164794], "Sigma": [[0.020538428368100513, 0.0011106899597227561, 0.0011337339750532088], [0.0011106899597227563, 0.0073436635784557775, -0.0050686586937414], [0.0011337339750532092, -0.0050686586937414, 0.009770602772100267]], "chi2_level": 0.997, "chi2_df": 3, "chi2_threshold": 13.931422665512084, "N_raw": 78, "N_roi": 78, "N_inlier": 77, "refit": true}
{"timestamp": "18:42:42.861508", "frame": 51, "mu": [0.6405415382615157, 3.055902625968847, -0.06965611187712048], "Sigma": [[0.021501348584612213, -0.0067049463382462815, 0.03666389101574672], [-0.0067049463382462815, 0.016251638422451878, -0.043027892972795176], [0.03666389101574672, -0.04302789297279518, 0.21586325230583103]], "chi2_level": 0.997, "chi2_df": 3, "chi2_threshold": 13.931422665512084, "N_raw": 93, "N_roi": 93, "N_inlier": 92, "refit": true}
{"timestamp": "18:42:42.916432", "frame": 52, "mu": [0.7387296883760794, 2.80899827263366, 0.856163575753981], "Sigma": [[0.0245117280150135, 3.698034222902912e-05, -0.02074974916576986], [3.698034222902901e-05, 0.013234555240461498, 0.0005368312651815115], [-0.02074974916576986, 0.0005368312651815116, 0.023941967405839867]], "chi2_level": 0.997, "chi2_df": 3, "chi2_threshold": 13.931422665512084, "N_raw": 88, "N_roi": 88, "N_inlier": 86, "refit": true}
{"timestamp": "18:42:42.969704", "frame": 53, "mu": [0.7398042254851377, 2.9745275192776797, -0.09722377851138769], "Sigma": [[0.019126812132888867, 0.003055523900255524, -0.01517084716423348], [0.003055523900255524, 0.011015766523945857, -0.010725935710477195], [-0.015170847164233482, -0.010725935710477195, 0.024683654134780342]], "chi2_level": 0.997, "chi2_df": 3, "chi2_threshold": 13.931422665512084, "N_raw": 83, "N_roi": 83, "N_inlier": 79, "refit": true}
{"timestamp": "18:42:43.024076", "frame": 54, "mu": [0.8101196529026398, 2.716847501444916, -0.8089730911724734], "Sigma": [[0.013361052672497688, -0.00506158486123664, 0.027770364850376202], [-0.005061584861236641, 0.015817677579934332, -0.02611051423877834], [0.027770364850376202, -0.026110514238778342, 0.2594963014926515]], "chi2_level": 0.997, "chi2_df": 3, "chi2_threshold": 13.931422665512084, "N_raw": 76, "N_roi": 73, "N_inlier": 72, "refit": true}
{"timestamp": "18:42:43.076944", "frame": 55, "mu": [0.8983823791272474, 2.598399715752456, 1.0173887146774667], "Sigma": [[0.014782039580000664, -0.007035393240317191, -0.009307388904558017], [-0.007035393240317191, 0.009864982433579346, 0.0033091971029208184], [-0.009307388904558017, 0.0033091971029208184, 0.007267093126380385]], "chi2_level": 0.997, "chi2_df": 3, "chi2_threshold": 13.931422665512084, "N_raw": 66, "N_roi": 64, "N_inlier": 61, "refit": true}
{"timestamp": "18:42:43.134573", "frame": 56, "mu": [0.9236728962574539, 2.723704499380314, -0.2236624630281917], "Sigma": [[0.015385236834192458, -0.007425493526409817, 0.005921746965695741], [-0.0074254935264098185, 0.02158224559608272, -0.02965007822421871], [0.005921746965695741, -0.02965007822421871, 0.10931157373813608]], "chi2_level": 0.997, "chi2_df": 3, "chi2_threshold": 13.931422665512084, "N_raw": 76, "N_roi": 76, "N_inlier": 73, "refit": true}
{"timestamp": "18:42:43.183779", "frame": 57, "mu": [0.9678783903506932, 2.5046335343372093, 1.0709415670058808], "Sigma": [[0.013929069731254615, -0.007944220274571718, -0.011944471733293662], [-0.007944220274571718, 0.00880138721815211, 0.0075767667699382325], [-0.011944471733293662, 0.0075767667699382325, 0.010955943279110454]], "chi2_level": 0.997, "chi2_df": 3, "chi2_threshold": 13.931422665512084, "N_raw": 46, "N_roi": 46, "N_inlier": 44, "refit": true}
{"timestamp": "18:42:43.241550", "frame": 58, "mu": [1.0377071112773832, 2.4702848886693016, 1.071058142605113], "Sigma": [[0.014550963914844004, -0.008533738260754719, -0.017970320901923006], [-0.008533738260754719, 0.008552207058508144, 0.0067420877482728455], [-0.017970320901923006, 0.0067420877482728455, 0.03146134981660481]], "chi2_level": 0.997, "chi2_df": 3, "chi2_threshold": 13.931422665512084, "N_raw": 66, "N_roi": 64, "N_inlier": 64, "refit": true}
{"timestamp": "18:42:43.299114", "frame": 59, "mu": [1.0724441627117165, 2.4661743080201877, 1.1036384517508604], "Sigma": [[0.014398975752119894, -0.0011952257759075759, 0.0031887717471714475], [-0.0011952257759075759, 0.0027384974093234496, -0.005756044010805005], [0.0031887717471714475, -0.0057560440108050046, 0.019733815584850357]], "chi2_level": 0.997, "chi2_df": 3, "chi2_threshold": 13.931422665512084, "N_raw": 75, "N_roi": 72, "N_inlier": 70, "refit": true}
{"timestamp": "18:42:43.353564", "frame": 60, "mu": [1.0778356339507196, 2.4587170141635584, 1.2759160451415847], "Sigma": [[0.014010275776634782, -0.003137411836023054, -0.0021473041470529315], [-0.0031374118360230534, 0.0027639077413056665, -0.0027951379841575853], [-0.002147304147052932, -0.0027951379841575853, 0.03863334901343308]], "chi2_level": 0.997, "chi2_df": 3, "chi2_threshold": 13.931422665512084, "N_raw": 71, "N_roi": 71, "N_inlier": 67, "refit": true}
{"timestamp": "18:42:43.405902", "frame": 61, "mu": [1.1399784799598531, 2.4582983177387883, -0.2037902882014229], "Sigma": [[0.011677605915107398, 0.0013628088612856184, 0.033659166299643384], [0.0013628088612856184, 0.005109457245123049, 0.0012015613259515785], [0.033659166299643384, 0.0012015613259515785, 0.14173158746968958]], "chi2_level": 0.997, "chi2_df": 3, "chi2_threshold": 13.931422665512084, "N_raw": 58, "N_roi": 55, "N_inlier": 53, "refit": true}
{"timestamp": "18:42:43.462558", "frame": 62, "mu": [1.1653520371101724, 2.34018950306413, 1.094492994268754], "Sigma": [[0.010666853914608603, -0.0013091566988423392, -0.002868120307011314], [-0.001309156698842339, 0.0022017847064073537, 0.0011784632969859586], [-0.002868120307011315, 0.0011784632969859584, 0.07753384106153684]], "chi2_level": 0.997, "chi2_df": 3, "chi2_threshold": 13.931422665512084, "N_raw": 63, "N_roi": 63, "N_inlier": 61, "refit": true}
{"timestamp": "18:42:43.516076", "frame": 63, "mu": [1.2451989577593405, 2.2357715208200024, 0.8486772763771534], "Sigma": [[0.014555836820713998, -0.00405290747720094, -0.0027357544491742893], [-0.00405290747720094, 0.003109143201522411, -0.0020561460766347025], [-0.0027357544491742893, -0.0020561460766347025, 0.00667850461626258]], "chi2_level": 0.997, "chi2_df": 3, "chi2_threshold": 13.931422665512084, "N_raw": 56, "N_roi": 56, "N_inlier": 52, "refit": true}
{"timestamp": "18:42:43.571259", "frame": 64, "mu": [1.2378383461935303, 2.202998757745852, 1.1127086802209383], "Sigma": [[0.011748437228758127, -0.003929487988337192, 0.0037157031742515393], [-0.003929487988337192, 0.0018742178401916108, -0.0011255271134023802], [0.003715703174251538, -0.0011255271134023802, 0.04886628235810206]], "chi2_level": 0.997, "chi2_df": 3, "chi2_threshold": 13.931422665512084, "N_raw": 57, "N_roi": 57, "N_inlier": 57, "refit": true}
{"timestamp": "18:42:43.627660", "frame": 65, "mu": [1.3156250620416843, 2.071615542881017, 0.8777949503257216], "Sigma": [[0.014135529688347127, -0.0065879924398482385, -0.0036911622190539386], [-0.0065879924398482385, 0.007213581798460476, -0.0013634296851267927], [-0.0036911622190539386, -0.0013634296851267927, 0.004348072304540843]], "chi2_level": 0.997, "chi2_df": 3, "chi2_threshold": 13.931422665512084, "N_raw": 65, "N_roi": 64, "N_inlier": 61, "refit": true}
{"timestamp": "18:42:43.674883", "frame": 66, "mu": [1.2864306147855091, 2.0441685597400054, 0.9781334142166875], "Sigma": [[0.005405084869974381, -0.0010790566051974396, -0.007677478965809425], [-0.0010790566051974394, 0.001584465996820211, 0.003635426835140703], [-0.007677478965809425, 0.003635426835140702, 0.02771137863800253]], "chi2_level": 0.997, "chi2_df": 3, "chi2_threshold": 13.931422665512084, "N_raw": 14, "N_roi": 13, "N_inlier": 13, "refit": true}
{"timestamp": "18:42:43.736541", "frame": 67, "mu": [1.3146056653013116, 2.0272175319472554, 1.0925596201499124], "Sigma": [[0.011249660837854171, -0.005587824359693282, -0.007200767051876928], [-0.005587824359693282, 0.004763059189732419, 0.0004943324686897664], [-0.007200767051876929, 0.0004943324686897659, 0.03852921346191154]], "chi2_level": 0.997, "chi2_df": 3, "chi2_threshold": 13.931422665512084, "N_raw": 65, "N_roi": 64, "N_inlier": 64, "refit": true}
{"timestamp": "18:42:43.790935", "frame": 68, "mu": [1.3330878256103522, 1.9661588711678615, 1.1756476538691316], "Sigma": [[0.012235544914358807, -0.007475714529134736, -0.021386472164299255], [-0.007475714529134736, 0.008086882748010229, 0.018134737792180083], [-0.021386472164299255, 0.018134737792180083, 0.10571741248624625]], "chi2_level": 0.997, "chi2_df": 3, "chi2_threshold": 13.931422665512084, "N_raw": 59, "N_roi": 59, "N_inlier": 58, "refit": true}
{"timestamp": "18:42:43.838858", "frame": 69, "mu": [1.2537769937453205, 1.7280678910934704, 1.2244421403544807], "Sigma": [[0.118318265733217, 0.15936771450990264, -0.11426052956203168], [0.15936771450990267, 0.24254176130889166, -0.11548984898677356], [-0.1142605295620317, -0.11548984898677356, 0.16581245059119754]], "chi2_level": 0.997, "chi2_df": 3, "chi2_threshold": 13.931422665512084, "N_raw": 8, "N_roi": 8, "N_inlier": 8, "refit": true}
{"timestamp": "18:42:43.896452", "frame": 70, "mu": [1.4128082611685862, 1.970963005309183, 1.3243293040824462], "Sigma": [[0.006088122225012653, -0.00464227576060538, -0.006949037346265528], [-0.00464227576060538, 0.005734747410470463, 0.007559929241771717], [-0.006949037346265528, 0.007559929241771717, 0.03413021970325207]], "chi2_level": 0.997, "chi2_df": 3, "chi2_threshold": 13.931422665512084, "N_raw": 33, "N_roi": 33, "N_inlier": 32, "refit": true}
{"timestamp": "18:42:43.953700", "frame": 71, "mu": [1.4714159821810815, 1.8768737755996503, 1.357066535065284], "Sigma": [[0.009106887911933504, -0.0028642383845494377, -0.004597071470668939], [-0.0028642383845494377, 0.0050354956962776485, 0.009966221410699798], [-0.004597071470668939, 0.009966221410699796, 0.09738005158235521]], "chi2_level": 0.997, "chi2_df": 3, "chi2_threshold": 13.931422665512084, "N_raw": 42, "N_roi": 41, "N_inlier": 39, "refit": true}
{"timestamp": "18:42:44.004940", "frame": 72, "mu": [1.4935998236282606, 1.8378246171553432, 0.8369415473839792], "Sigma": [[0.004625304451337158, 0.0005871696759830674, -0.02084106654750941], [0.0005871696759830673, 0.0042042530014350255, -0.02658580869044672], [-0.020841066547509408, -0.02658580869044672, 0.33601014655272693]], "chi2_level": 0.997, "chi2_df": 3, "chi2_threshold": 13.931422665512084, "N_raw": 11, "N_roi": 8, "N_inlier": 8, "refit": true}
{"timestamp": "18:42:44.062169", "frame": 73, "mu": [1.4934595441911938, 1.840542149190184, 1.1444017721681163], "Sigma": [[0.00374691239202018, -0.001563241738223946, -0.007802769187152654], [-0.0015632417382239459, 0.0038073241468460257, -0.0056763556079134515], [-0.007802769187152655, -0.0056763556079134515, 0.05569191946409559]], "chi2_level": 0.997, "chi2_df": 3, "chi2_threshold": 13.931422665512084, "N_raw": 26, "N_roi": 22, "N_inlier": 21, "refit": true}
{"timestamp": "18:42:44.118522", "frame": 74, "mu": [1.5895118232154248, 1.7448174682999622, 1.2657587132181205], "Sigma": [[0.005871993549023776, -0.0034694898115409816, -0.006822423761581977], [-0.0034694898115409816, 0.0040461032538752, 0.0021324622249600388], [-0.006822423761581977, 0.0021324622249600383, 0.03360403044596275]], "chi2_level": 0.997, "chi2_df": 3, "chi2_threshold": 13.931422665512084, "N_raw": 44, "N_roi": 44, "N_inlier": 40, "refit": true}
{"timestamp": "18:42:44.168980", "frame": 75, "mu": [1.694316047521824, 1.7313276154092874, 1.5187473796975177], "Sigma": [[0.002373076878696754, 0.0007831890898516758, -0.004581106623053651], [0.0007831890898516756, 0.002710554566589529, 0.0068576342795430905], [-0.00458110662305365, 0.0068576342795430905, 0.06551642124385815]], "chi2_level": 0.997, "chi2_df": 3, "chi2_threshold": 13.931422665512084, "N_raw": 9, "N_roi": 9, "N_inlier": 9, "refit": true}
{"timestamp": "18:42:44.222909", "frame": 76, "mu": [1.711285939351471, 1.677954921218347, 1.4766168897020797], "Sigma": [[0.003607983872619553, 0.0005482273572116196, 0.0005907302800227698], [0.0005482273572116195, 0.003281509986286407, 0.0037476102841893883], [0.0005907302800227698, 0.0037476102841893883, 0.05305369809014754]], "chi2_level": 0.997, "chi2_df": 3, "chi2_threshold": 13.931422665512084, "N_raw": 10, "N_roi": 10, "N_inlier": 10, "refit": true}
{"timestamp": "18:42:44.284903", "frame": 77, "mu": [1.7826802191462319, 1.6126985099072846, 1.329889270895476], "Sigma": [[0.007589624433313331, -0.006825585833843718, -0.005189153850670415], [-0.006825585833843719, 0.009334152181732737, -0.0010747058731749018], [-0.0051891538506704145, -0.0010747058731749018, 0.03537640936743903]], "chi2_level": 0.997, "chi2_df": 3, "chi2_threshold": 13.931422665512084, "N_raw": 50, "N_roi": 49, "N_inlier": 49, "refit": true}
{"timestamp": "18:42:44.336863", "frame": 78, "mu": [1.8746081785590847, 1.5059448088515741, 1.532934648032939], "Sigma": [[0.009136104951088525, -0.005078906074506598, 0.0028863388366681232], [-0.005078906074506599, 0.008847401131168435, -0.0003251357061400833], [0.0028863388366681232, -0.00032513570614008325, 0.0018256090315493167]], "chi2_level": 0.997, "chi2_df": 3, "chi2_threshold": 13.931422665512084, "N_raw": 29, "N_roi": 29, "N_inlier": 29, "refit": true}
{"timestamp": "18:42:44.393125", "frame": 79, "mu": [1.9375373439800656, 1.472042152964792, 1.472257595567735], "Sigma": [[0.0048769862527508956, -0.003082643228532288, -0.002097967636826852], [-0.003082643228532289, 0.007901439500872272, -0.0025015706766519075], [-0.002097967636826852, -0.0025015706766519075, 0.011669689542232591]], "chi2_level": 0.997, "chi2_df": 3, "chi2_threshold": 13.931422665512084, "N_raw": 32, "N_roi": 32, "N_inlier": 32, "refit": true}
{"timestamp": "18:42:44.443796", "frame": 80, "mu": [1.956586549385264, 1.4966161556701212, 1.444013824665816], "Sigma": [[0.0023685777170783743, -0.00021827982681283908, -0.008473062622834268], [-0.00021827982681283908, 0.0007335545528523484, 0.005788752234159923], [-0.008473062622834268, 0.005788752234159922, 0.07314133962609251]], "chi2_level": 0.997, "chi2_df": 3, "chi2_threshold": 13.931422665512084, "N_raw": 5, "N_roi": 5, "N_inlier": 5, "refit": true}
{"timestamp": "18:42:45.216920", "frame": 93, "mu": [2.3419039685647602, 1.2249688097830704, -0.5912533932123452], "Sigma": [[0.002998302644115138, -0.0016397880952221202, -0.0004231846176486156], [-0.0016397880952221202, 0.004822423358638114, -0.0001800635029516116], [-0.0004231846176486156, -0.00018006350295161157, 0.00010396388669560889]], "chi2_level": 0.997, "chi2_df": 3, "chi2_threshold": 13.931422665512084, "N_raw": 8, "N_roi": 8, "N_inlier": 8, "refit": true}
