{"timestamp": "19:00:54.735820", "frame": 46, "mu": [1.4485306225047945, 0.7233218253529707, 1.2321133036276521], "Sigma": [[0.24947758905392775, 0.06312343817271812, -0.07330079468255062], [0.06312343817271812, 0.06130367358782744, -0.14500281879188565], [-0.07330079468255062, -0.14500281879188565, 0.3860007287247252]], "chi2_level": 0.997, "chi2_df": 3, "chi2_threshold": 13.931422665512084, "N_raw": 7, "N_roi": 7, "N_inlier": 7, "refit": true}
{"timestamp": "19:00:54.955952", "frame": 50, "mu": [1.4810061693569097, 0.8330693150007149, 1.351548556034627], "Sigma": [[0.0011748057302483153, 0.0013636433058954174, -0.002792018279977292], [0.0013636433058954174, 0.0035581338452606165, -0.003205401054503494], [-0.002792018279977292, -0.003205401054503494, 0.0120422317217124]], "chi2_level": 0.997, "chi2_df": 3, "chi2_threshold": 13.931422665512084, "N_raw": 5, "N_roi": 5, "N_inlier": 5, "refit": true}
{"timestamp": "19:00:55.011104", "frame": 51, "mu": [1.4450626770692159, 0.8974988806849814, 1.5148226636840465], "Sigma": [[0.0015845618839873548, 0.0018179336010435887, 0.0036555464243051053], [0.001817933601043589, 0.008834583108482905, 0.022157152149273475], [0.003655546424305105, 0.022157152149273475, 0.08616419482599838]], "chi2_level": 0.997, "chi2_df": 3, "chi2_threshold": 13.931422665512084, "N_raw": 8, "N_roi": 8, "N_inlier": 8, "refit": true}
{"timestamp": "19:00:55.067662", "frame": 52, "mu": [1.3947998883051116, 1.0048852257660852, 1.639799645871521], "Sigma": [[0.003510859418179827, -0.0010397764021914538, 0.00016758234596916705], [-0.0010397764021914538, 0.0026636602159090033, -0.0007570111198118073], [0.00016758234596916705, -0.0007570111198118073, 0.00022150853955155579]], "chi2_level": 0.997, "chi2_df": 3, "chi2_threshold": 13.931422665512084, "N_raw": 22, "N_roi": 22, "N_inlier": 20, "refit": true}
{"timestamp": "19:00:55.120728", "frame": 53, "mu": [1.304740844997859, 0.9820013575758082, 1.1857698748239154], "Sigma": [[0.005886645360758784, 0.008455214642465538, -0.01979645481023137], [0.008455214642465538, 0.012822959335204043, -0.03317733478800961], [-0.01979645481023137, -0.033177334788009605, 0.17198536579347365]], "chi2_level": 0.997, "chi2_df": 3, "chi2_threshold": 13.931422665512084, "N_raw": 5, "N_roi": 5, "N_inlier": 5, "refit": true}
{"timestamp": "19:00:55.234457", "frame": 55, "mu": [1.233743176359381, 1.1013100573459367, 1.504305252078455], "Sigma": [[0.005450503917140775, -0.002254978767785436, -0.0036912175063138057], [-0.0022549787677854363, 0.005222266097760028, 0.006359527971231644], [-0.0036912175063138052, 0.006359527971231644, 0.028691785388849794]], "chi2_level": 0.997, "chi2_df": 3, "chi2_threshold": 13.931422665512084, "N_raw": 31, "N_roi": 31, "N_inlier": 31, "refit": true}
{"timestamp": "19:00:55.288959", "frame": 56, "mu": [1.186278941222146, 1.1782662356937579, 1.5618749477727627], "Sigma": [[0.004948444168673144, -0.0015319846723126185, -0.0008564791391436604], [-0.0015319846723126185, 0.004243761948278558, 0.003986783845744569], [-0.0008564791391436604, 0.003986783845744569, 0.018255649655525105]], "chi2_level": 0.997, "chi2_df": 3, "chi2_threshold": 13.931422665512084, "N_raw": 31, "N_roi": 31, "N_inlier": 30, "refit": true}
{"timestamp": "19:00:55.346923", "frame": 57, "mu": [1.1758595674327414, 1.2661028481249745, 1.6320295844164021], "Sigma": [[0.004837516302445065, -0.0010578985750344739, -5.587948100538656e-05], [-0.0010578985750344739, 0.004530358820533121, 0.0005528665269572823], [-5.587948100538656e-05, 0.0005528665269572823, 0.00029616011033901864]], "chi2_level": 0.997, "chi2_df": 3, "chi2_threshold": 13.931422665512084, "N_raw": 35, "N_roi": 35, "N_inlier": 35, "refit": true}
{"timestamp": "19:00:55.402253", "frame": 58, "mu": [1.13021730026937, 1.3159773708679845, 1.681364058694134], "Sigma": [[0.003689844745430027, -0.0017624686748742536, -0.0023750991446097186], [-0.0017624686748742534, 0.006809756534262687, 0.00619775870573369], [-0.0023750991446097186, 0.00619775870573369, 0.01666333474202557]], "chi2_level": 0.997, "chi2_df": 3, "chi2_threshold": 13.931422665512084, "N_raw": 34, "N_roi": 34, "N_inlier": 33, "refit": true}
{"timestamp": "19:00:55.452650", "frame": 59, "mu": [1.1442607604242356, 1.2556167405020502, 1.2731990524593257], "Sigma": [[0.006323740708579572, -0.008910559527300651, -0.04201729906208379], [-0.008910559527300653, 0.017638943596827678, 0.06854094899773483], [-0.04201729906208379, 0.06854094899773482, 0.29769185613915355]], "chi2_level": 0.997, "chi2_df": 3, "chi2_threshold": 13.931422665512084, "N_raw": 6, "N_roi": 6, "N_inlier": 6, "refit": true}
{"timestamp": "19:00:55.507769", "frame": 60, "mu": [1.037088911548178, 1.3671205304898566, 1.5327059550544946], "Sigma": [[0.0038095829418427346, 0.0008634784039556252, -0.010316580810125715], [0.0008634784039556252, 0.0031638043699668424, 0.005397837535364135], [-0.010316580810125715, 0.005397837535364135, 0.049220353107461756]], "chi2_level": 0.997, "chi2_df": 3, "chi2_threshold": 13.931422665512084, "N_raw": 6, "N_roi": 6, "N_inlier": 6, "refit": true}
{"timestamp": "19:00:55.564389", "frame": 61, "mu": [1.0363936936098441, 1.4354051732108744, 1.6222516783948109], "Sigma": [[0.0025010172860861087, -0.0007642121483273025, -0.005244829325998506], [-0.0007642121483273026, 0.0030766390316897857, 0.009913907177285], [-0.005244829325998505, 0.009913907177285, 0.05605801834058104]], "chi2_level": 0.997, "chi2_df": 3, "chi2_threshold": 13.931422665512084, "N_raw": 16, "N_roi": 16, "N_inlier": 16, "refit": true}
{"timestamp": "19:00:55.618404", "frame": 62, "mu": [1.0292140076403293, 1.4076961169091118, 1.401759354411181], "Sigma": [[0.006097353161294239, -0.005640149244729268, -0.035995259907914585], [-0.005640149244729269, 0.009924546139116149, 0.04490867748386759], [-0.035995259907914585, 0.04490867748386759, 0.2587385485000491]], "chi2_level": 0.997, "chi2_df": 3, "chi2_threshold": 13.931422665512084, "N_raw": 6, "N_roi": 6, "N_inlier": 6, "refit": true}
{"timestamp": "19:00:55.672889", "frame": 63, "mu": [1.0161593929556259, 1.330416348534092, 0.9248634533121205], "Sigma": [[0.003075060493848932, -0.002622335390641406, -0.010533628237759418], [-0.002622335390641406, 0.009375909502248514, 0.06108244571163953], [-0.010533628237759418, 0.06108244571163953, 0.5745696081247395]], "chi2_level": 0.997, "chi2_df": 3, "chi2_threshold": 13.931422665512084, "N_raw": 8, "N_roi": 8, "N_inlier": 8, "refit": true}
{"timestamp": "19:00:55.729806", "frame": 64, "mu": [0.9715249359022762, 1.436548866731775, 1.1498419770224613], "Sigma": [[0.0058657493879403005, -0.0038244158106728746, 0.012103817606031055], [-0.003824415810672874, 0.013057278020514882, 0.02195955386556537], [0.012103817606031055, 0.02195955386556537, 0.2922584181569094]], "chi2_level": 0.997, "chi2_df": 3, "chi2_threshold": 13.931422665512084, "N_raw": 19, "N_roi": 19, "N_inlier": 19, "refit": true}
{"timestamp": "19:00:55.786632", "frame": 65, "mu": [0.8490775248787004, 1.5326228026772888, 1.2225515983810218], "Sigma": [[0.00581354188128136, -0.002327092612438849, 0.0215428170100621], [-0.002327092612438849, 0.003450206100971515, -0.012645888586438815], [0.0215428170100621, -0.012645888586438815, 0.44541655103015526]], "chi2_level": 0.997, "chi2_df": 3, "chi2_threshold": 13.931422665512084, "N_raw": 33, "N_roi": 33, "N_inlier": 32, "refit": true}
{"timestamp": "19:00:55.838027", "frame": 66, "mu": [0.826249903037612, 1.598630134974592, 1.124605965659391], "Sigma": [[0.011856074474338646, -0.003718440096140022, 0.06126627773247499], [-0.003718440096140022, 0.01213611604870518, -0.04752283892088347], [0.061266277732475, -0.04752283892088347, 0.4322205239664791]], "chi2_level": 0.997, "chi2_df": 3, "chi2_threshold": 13.931422665512084, "N_raw": 8, "N_roi": 8, "N_inlier": 8, "refit": true}
{"timestamp": "19:00:55.895947", "frame": 67, "mu": [0.7873869301254478, 1.5018362733128507, 1.1540019754265245], "Sigma": [[0.0042925873064668385, -0.0036304716790778154, 0.014417984557870144], [-0.003630471679077816, 0.008369220314218722, -0.03541192211393249], [0.014417984557870144, -0.03541192211393249, 0.1901505839213241]], "chi2_level": 0.997, "chi2_df": 3, "chi2_threshold": 13.931422665512084, "N_raw": 26, "N_roi": 26, "N_inlier": 25, "refit": true}
{"timestamp": "19:00:55.952145", "frame": 68, "mu": [0.8119141073374201, 1.5482207568288402, -0.6501359416142144], "Sigma": [[0.007662644183721924, 0.0003777963572104824, 0.02978010007053046], [0.0003777963572104825, 0.006936664395026593, -0.012465246570173316], [0.02978010007053046, -0.012465246570173314, 0.19666622468154835]], "chi2_level": 0.997, "chi2_df": 3, "chi2_threshold": 13.931422665512084, "N_raw": 38, "N_roi": 38, "N_inlier": 37, "refit": true}
{"timestamp": "19:00:56.012808", "frame": 69, "mu": [0.7455384965739738, 1.625211920302802, -0.6549684092035442], "Sigma": [[0.004200352250810419, 0.002597020180191476, 0.006815083587737994], [0.002597020180191476, 0.0062364473622825425, 0.013047152295844243], [0.006815083587737994, 0.013047152295844243, 0.2064074518767642]], "chi2_level": 0.997, "chi2_df": 3, "chi2_threshold": 13.931422665512084, "N_raw": 71, "N_roi": 71, "N_inlier": 70, "refit": true}
{"timestamp": "19:00:56.068634", "frame": 70, "mu": [0.7009383840245047, 1.5686609068375885, 1.0101421284328531], "Sigma": [[0.005327277990926599, -0.0022573288634396334, -0.0037006956951800723], [-0.0022573288634396334, 0.002432443035008453, 0.0013768562789812449], [-0.003700695695180072, 0.0013768562789812449, 0.021550670904487545]], "chi2_level": 0.997, "chi2_df": 3, "chi2_threshold": 13.931422665512084, "N_raw": 53, "N_roi": 53, "N_inlier": 49, "refit": true}
{"timestamp": "19:00:56.125382", "frame": 71, "mu": [0.7880414089524208, 1.8918869839684669, -0.5830402040459804], "Sigma": [[0.017779527659347236, 0.002809099920350315, -0.0051649545951234594], [0.002809099920350315, 0.03227670661108156, -0.10420196123265642], [-0.005164954595123459, -0.10420196123265642, 0.3962616039499972]], "chi2_level": 0.997, "chi2_df": 3, "chi2_threshold": 13.931422665512084, "N_raw": 85, "N_roi": 85, "N_inlier": 84, "refit": true}
{"timestamp": "19:00:56.178857", "frame": 72, "mu": [0.6164787628393339, 1.7721107365084126, -0.09469843140711878], "Sigma": [[0.006675578894403274, -0.0006091887634079591, 0.02746330156593469], [-0.000609188763407959, 0.00832481360708349, -0.03528875307904526], [0.027463301565934687, -0.03528875307904526, 0.3969293568367817]], "chi2_level": 0.997, "chi2_df": 3, "chi2_threshold": 13.931422665512084, "N_raw": 81, "N_roi": 81, "N_inlier": 79, "refit": true}
{"timestamp": "19:00:56.230791", "frame": 73, "mu": [0.4883519937541944, 1.673501056497779, 1.307000090235182], "Sigma": [[0.004346206271323714, 0.0004724810968203021, -0.0035324822831357275], [0.00047248109682030207, 0.004117203552220364, -0.0036077137898767363], [-0.003532482283135728, -0.0036077137898767363, 0.04553234388607832]], "chi2_level": 0.997, "chi2_df": 3, "chi2_threshold": 13.931422665512084, "N_raw": 54, "N_roi": 54, "N_inlier": 51, "refit": true}
{"timestamp": "19:00:56.291168", "frame": 74, "mu": [0.5106348094303332, 1.7370621334189074, 1.328358568245346], "Sigma": [[0.00822788353123179, -0.00019313114223453917, -0.007585651977262239], [-0.00019313114223453907, 0.0056974488882003665, -0.0038517718402696025], [-0.00758565197726224, -0.0038517718402696025, 0.02529213897469899]], "chi2_level": 0.997, "chi2_df": 3, "chi2_threshold": 13.931422665512084, "N_raw": 98, "N_roi": 98, "N_inlier": 94, "refit": true}
{"timestamp": "19:00:56.342860", "frame": 75, "mu": [0.4578304027745116, 1.8451458436720931, -0.09600325728752789], "Sigma": [[0.006391234498978319, 0.0023733577792124996, 0.0020204998743262874], [0.002373357779212499, 0.006798726245030373, 0.004562036504836595], [0.002020499874326287, 0.004562036504836595, 0.004356302108917972]], "chi2_level": 0.997, "chi2_df": 3, "chi2_threshold": 13.931422665512084, "N_raw": 66, "N_roi": 66, "N_inlier": 62, "refit": true}
{"timestamp": "19:00:56.398504", "frame": 76, "mu": [0.4359871284292533, 1.8104490888388285, 1.3985995475762547], "Sigma": [[0.0055413358891812595, -0.0003782976511070622, -0.005117510536220196], [-0.0003782976511070624, 0.00518222333921776, 0.007360433157363195], [-0.005117510536220197, 0.007360433157363195, 0.09536044286277683]], "chi2_level": 0.997, "chi2_df": 3, "chi2_threshold": 13.931422665512084, "N_raw": 80, "N_roi": 80, "N_inlier": 76, "refit": true}
{"timestamp": "19:00:56.449157", "frame": 77, "mu": [0.4480283116227633, 1.8583909199995883, 1.4158197325338184], "Sigma": [[0.007057476326208958, 0.003750681187892777, 0.006517193025688606], [0.003750681187892777, 0.0049889134307800785, 0.0019213784817681393], [0.006517193025688606, 0.0019213784817681391, 0.022644936597766473]], "chi2_level": 0.997, "chi2_df": 3, "chi2_threshold": 13.931422665512084, "N_raw": 45, "N_roi": 45, "N_inlier": 42, "refit": true}
{"timestamp": "19:00:56.501779", "frame": 78, "mu": [0.4070894848773896, 1.9238293286705481, 1.5772397255192825], "Sigma": [[0.0034440006335813202, -6.466340965949086e-05, 0.002180344544446088], [-6.466340965949086e-05, 0.002253238174786014, 0.0012976770883519465], [0.002180344544446088, 0.0012976770883519465, 0.027252960957123443]], "chi2_level": 0.997, "chi2_df": 3, "chi2_threshold": 13.931422665512084, "N_raw": 36, "N_roi": 35, "N_inlier": 33, "refit": true}
{"timestamp": "19:00:56.559242", "frame": 79, "mu": [0.3978263371500732, 1.9865845497298518, 1.675473801427632], "Sigma": [[0.004169475384717145, 0.00019416215910080838, -0.001617571432413286], [0.00019416215910080816, 0.004877223271845072, 0.001809898387463493], [-0.001617571432413286, 0.0018098983874634928, 0.018919444687439575]], "chi2_level": 0.997, "chi2_df": 3, "chi2_threshold": 13.931422665512084, "N_raw": 50, "N_roi": 50, "N_inlier": 46, "refit": true}
{"timestamp": "19:00:56.616316", "frame": 80, "mu": [0.31630525674851523, 1.9911207583438055, 1.2189073081737112], "Sigma": [[0.007739602807847673, 0.0009833116199936243, -0.01791903603718718], [0.0009833116199936243, 0.0024050151615668328, -0.0046222063334369805], [-0.017919036037187176, -0.00462220633343698, 0.14973740436171248]], "chi2_level": 0.997, "chi2_df": 3, "chi2_threshold": 13.931422665512084, "N_raw": 63, "N_roi": 62, "N_inlier": 60, "refit": true}
{"timestamp": "19:00:56.671431", "frame": 81, "mu": [0.26279354188300896, 1.9993732453824116, 1.3712502408569245], "Sigma": [[0.007736205128835604, 0.0007323107177498713, -0.00254368604791025], [0.0007323107177498713, 0.00293246091919901, -0.003049310402465294], [-0.00254368604791025, -0.003049310402465294, 0.004840573625022199]], "chi2_level": 0.997, "chi2_df": 3, "chi2_threshold": 13.931422665512084, "N_raw": 63, "N_roi": 61, "N_inlier": 56, "refit": true}
{"timestamp": "19:00:56.725031", "frame": 82, "mu": [0.23832684140419952, 2.1048931062792295, 1.107417917011345], "Sigma": [[0.006701481686046408, 0.0017588333816006964, -0.025228846106579605], [0.0017588333816006966, 0.0034579880210306676, -0.004487076872569998], [-0.025228846106579602, -0.004487076872569997, 0.3401395378697621]], "chi2_level": 0.997, "chi2_df": 3, "chi2_threshold": 13.931422665512084, "N_raw": 59, "N_roi": 59, "N_inlier": 59, "refit": true}
{"timestamp": "19:00:56.784221", "frame": 83, "mu": [0.20837830357149653, 2.086628760622227, 1.2139309828417404], "Sigma": [[0.00805168013914422, -0.000549512668047611, -0.004268321759630182], [-0.000549512668047611, 0.002681885977019571, -0.011473171015674292], [-0.004268321759630182, -0.01147317101567429, 0.15630342194451355]], "chi2_level": 0.997, "chi2_df": 3, "chi2_threshold": 13.931422665512084, "N_raw": 85, "N_roi": 85, "N_inlier": 82, "refit": true}
{"timestamp": "19:00:56.844607", "frame": 84, "mu": [0.1320806120946722, 2.135315031150787, 1.121078062593163], "Sigma": [[0.007599782544434378, -0.0007947702676745255, -0.0007836552588090316], [-0.0007947702676745255, 0.0035323306488595167, -0.010526532160097357], [-0.0007836552588090327, -0.010526532160097357, 0.3045094302133411]], "chi2_level": 0.997, "chi2_df": 3, "chi2_threshold": 13.931422665512084, "N_raw": 106, "N_roi": 103, "N_inlier": 99, "refit": true}
{"timestamp": "19:00:56.894857", "frame": 85, "mu": [0.16250459385217428, 2.399338204000183, 1.4444088616544206], "Sigma": [[0.024690579155249068, 0.0851871897135966, -0.0320616806424343], [0.0851871897135966, 0.45667486156948045, -0.1495411329559625], [-0.0320616806424343, -0.1495411329559625, 0.05417839571337657]], "chi2_level": 0.997, "chi2_df": 3, "chi2_threshold": 13.931422665512084, "N_raw": 82, "N_roi": 82, "N_inlier": 78, "refit": true}
{"timestamp": "19:00:56.948846", "frame": 86, "mu": [0.13176041623519452, 2.247336154522817, 1.4110491304458348], "Sigma": [[0.008895580695483444, 0.0009659876844707139, -0.004032329484361219], [0.0009659876844707137, 0.002573022406686019, -0.004882086048504805], [-0.004032329484361219, -0.004882086048504805, 0.09975747283822131]], "chi2_level": 0.997, "chi2_df": 3, "chi2_threshold": 13.931422665512084, "N_raw": 78, "N_roi": 78, "N_inlier": 75, "refit": true}
{"timestamp": "19:00:57.002315", "frame": 87, "mu": [0.04202611971337564, 2.2816909360796673, 1.547130347531104], "Sigma": [[0.012289767417879389, -0.0018861943949375847, 0.023170945196911888], [-0.0018861943949375851, 0.011278341436434861, -0.017566780830724906], [0.023170945196911888, -0.017566780830724906, 0.09101446475300934]], "chi2_level": 0.997, "chi2_df": 3, "chi2_threshold": 13.931422665512084, "N_raw": 65, "N_roi": 65, "N_inlier": 62, "refit": true}
{"timestamp": "19:00:57.058375", "frame": 88, "mu": [0.017518615661705216, 2.3299717257938553, 1.48607934036498], "Sigma": [[0.009433133105815191, 0.0015316787402183325, -0.0020868372049047284], [0.0015316787402183322, 0.004739373894954785, -0.004461535917124291], [-0.0020868372049047284, -0.0044615359171242906, 0.04385970773310264]], "chi2_level": 0.997, "chi2_df": 3, "chi2_threshold": 13.931422665512084, "N_raw": 73, "N_roi": 68, "N_inlier": 65, "refit": true}
{"timestamp": "19:00:57.110399", "frame": 89, "mu": [-0.04257340520375399, 2.3546196610932495, 1.3840216810140151], "Sigma": [[0.006067358868920368, 0.00012942008048398213, 0.006595515776482926], [0.00012942008048398213, 0.004463949730518851, -0.0011533266829953093], [0.006595515776482926, -0.0011533266829953093, 0.15874312679855004]], "chi2_level": 0.997, "chi2_df": 3, "chi2_threshold": 13.931422665512084, "N_raw": 53, "N_roi": 53, "N_inlier": 50, "refit": true}
{"timestamp": "19:00:57.170493", "frame": 90, "mu": [-0.0090741241233254, 2.406590769407511, 1.2460678197772361], "Sigma": [[0.02125768218190118, 0.002023275721646174, -0.05447960447062837], [0.002023275721646174, 0.0022734943816722832, -0.015905790728833163], [-0.05447960447062836, -0.015905790728833163, 0.2414092799193114]], "chi2_level": 0.997, "chi2_df": 3, "chi2_threshold": 13.931422665512084, "N_raw": 89, "N_roi": 87, "N_inlier": 83, "refit": true}
{"timestamp": "19:00:57.224738", "frame": 91, "mu": [-0.14796688765960175, 2.407547358387812, 1.4402610777528402], "Sigma": [[0.012940533492305424, 0.0018024939047937172, -0.009775829248970063], [0.0018024939047937174, 0.008205994747549879, -0.0036099426390749203], [-0.009775829248970063, -0.0036099426390749203, 0.011857144894262194]], "chi2_level": 0.997, "chi2_df": 3, "chi2_threshold": 13.931422665512084, "N_raw": 87, "N_roi": 87, "N_inlier": 84, "refit": true}
{"timestamp": "19:00:57.276466", "frame": 92, "mu": [-0.07286735242712906, 2.450681231376001, 1.124957119583104], "Sigma": [[0.022742572919879876, 0.0007286566248791368, -0.06667453076306726], [0.0007286566248791368, 0.0033904291487929644, -0.01243481275671925], [-0.06667453076306726, -0.012434812756719248, 0.3245553980955637]], "chi2_level": 0.997, "chi2_df": 3, "chi2_threshold": 13.931422665512084, "N_raw": 65, "N_roi": 65, "N_inlier": 63, "refit": true}
{"timestamp": "19:00:57.339477", "frame": 93, "mu": [-0.14304290000582442, 2.5201577659712617, -0.23753191646625368], "Sigma": [[0.01959108985001028, 0.0021501593054504917, 0.06642127504062592], [0.0021501593054504917, 0.005111496268056233, -0.005821330665570942], [0.06642127504062592, -0.005821330665570942, 0.576696748282986]], "chi2_level": 0.997, "chi2_df": 3, "chi2_threshold": 13.931422665512084, "N_raw": 119, "N_roi": 119, "N_inlier": 118, "refit": true}
{"timestamp": "19:00:57.391989", "frame": 94, "mu": [-0.19148265932928676, 2.549237739684248, 1.1619505345372367], "Sigma": [[0.013809942303420884, 0.004119712108510225, -0.024846047282640085], [0.004119712108510225, 0.01069867522890774, -0.04252837897269653], [-0.024846047282640085, -0.04252837897269653, 0.217687653090152]], "chi2_level": 0.997, "chi2_df": 3, "chi2_threshold": 13.931422665512084, "N_raw": 90, "N_roi": 90, "N_inlier": 87, "refit": true}
{"timestamp": "19:00:57.442843", "frame": 95, "mu": [-0.25701080594048364, 2.5177896325806355, 1.2690617726035027], "Sigma": [[0.012595927487376658, -0.0012088698391172284, -0.013042229190854036], [-0.0012088698391172284, 0.00253231830349946, -0.0011868687593032648], [-0.013042229190854036, -0.001186868759303265, 0.11494008825152485]], "chi2_level": 0.997, "chi2_df": 3, "chi2_threshold": 13.931422665512084, "N_raw": 66, "N_roi": 64, "N_inlier": 62, "refit": true}
{"timestamp": "19:00:57.497457", "frame": 96, "mu": [-0.2570686526981835, 2.5158989361146866, 0.6914509610197925], "Sigma": [[0.008953008442562504, -0.0009571740567663527, -0.01073574756742394], [-0.0009571740567663526, 0.0035584343049931202, 0.021916613329891498], [-0.010735747567423935, 0.021916613329891498, 0.44326801074290956]], "chi2_level": 0.997, "chi2_df": 3, "chi2_threshold": 13.931422665512084, "N_raw": 72, "N_roi": 71, "N_inlier": 70, "refit": true}
{"timestamp": "19:00:57.552402", "frame": 97, "mu": [-0.3025848138034697, 2.6562273533057184, -0.5707677031772289], "Sigma": [[0.014800349350363297, 0.0042829657461127615, 0.025537284580716656], [0.0042829657461127615, 0.008429811067986062, 0.017679867326968336], [0.025537284580716652, 0.017679867326968333, 0.12240284720053822]], "chi2_level": 0.997, "chi2_df": 3, "chi2_threshold": 13.931422665512084, "N_raw": 64, "N_roi": 64, "N_inlier": 61, "refit": true}
{"timestamp": "19:00:57.614457", "frame": 98, "mu": [-0.45948382209651834, 2.636239200413147, -0.4428174364360339], "Sigma": [[0.022277551673139218, -0.004758198638697291, 0.13895029675114495], [-0.004758198638697291, 0.009063478377067846, -0.034866348607155304], [0.13895029675114495, -0.034866348607155304, 1.2375594938767283]], "chi2_level": 0.997, "chi2_df": 3, "chi2_threshold": 13.931422665512084, "N_raw": 116, "N_roi": 116, "N_inlier": 115, "refit": true}
{"timestamp": "19:00:57.665150", "frame": 99, "mu": [-0.48098290478472644, 2.6973585130128304, 0.7386348478179561], "Sigma": [[0.02248322154986164, -0.0066723227801094385, 0.04353426448158973], [-0.0066723227801094385, 0.012201970103644278, -0.031172702914299192], [0.04353426448158972, -0.031172702914299192, 0.2867608680766892]], "chi2_level": 0.997, "chi2_df": 3, "chi2_threshold": 13.931422665512084, "N_raw": 82, "N_roi": 82, "N_inlier": 81, "refit": true}
{"timestamp": "19:00:57.794766", "frame": 100, "mu": [-0.450411773850955, 2.8072619828558363, 0.005644770888464503], "Sigma": [[0.01176759843839202, 0.006821503028045078, -0.027700961346080036], [0.006821503028045078, 0.018886608496903684, -0.05845478570476625], [-0.02770096134608004, -0.05845478570476625, 0.20213550728952603]], "chi2_level": 0.997, "chi2_df": 3, "chi2_threshold": 13.931422665512084, "N_raw": 65, "N_roi": 65, "N_inlier": 63, "refit": true}
{"timestamp": "19:00:57.801535", "frame": 101, "mu": [-0.41723612621821915, 2.9999110720529356, -0.5084656749480669], "Sigma": [[0.012860062391840317, -0.004839217595772114, -0.0023381656443995707], [-0.004839217595772114, 0.008445147051180024, -0.01726944511362214], [-0.00233816564439957, -0.01726944511362214, 0.061961170453815675]], "chi2_level": 0.997, "chi2_df": 3, "chi2_threshold": 13.931422665512084, "N_raw": 30, "N_roi": 30, "N_inlier": 28, "refit": true}
{"timestamp": "19:00:57.833432", "frame": 102, "mu": [-0.5598632425916947, 2.8136247752935564, 1.204789547923187], "Sigma": [[0.017995979830548757, -0.0006137555032783191, -0.008904714874236243], [-0.0006137555032783189, 0.01327773512242801, -0.03514661402678469], [-0.008904714874236243, -0.03514661402678469, 0.2533585528204042]], "chi2_level": 0.997, "chi2_df": 3, "chi2_threshold": 13.931422665512084, "N_raw": 86, "N_roi": 86, "N_inlier": 85, "refit": true}
{"timestamp": "19:00:57.887878", "frame": 103, "mu": [-0.5600060584735637, 2.821870828213023, 1.2747590519376453], "Sigma": [[0.01599723210011222, 0.0019334995188049682, -0.02485446087121993], [0.0019334995188049682, 0.007206850104820942, -0.013540111917096052], [-0.024854460871219935, -0.013540111917096052, 0.15897833235624]], "chi2_level": 0.997, "chi2_df": 3, "chi2_threshold": 13.931422665512084, "N_raw": 102, "N_roi": 98, "N_inlier": 97, "refit": true}
{"timestamp": "19:00:57.945507", "frame": 104, "mu": [-0.5948780979647159, 2.8939923675200045, 1.159989197182186], "Sigma": [[0.013054465223457167, 0.0027726413812049428, -0.016461280824564314], [0.0027726413812049428, 0.007421991931377866, -0.023168934620134595], [-0.016461280824564314, -0.023168934620134595, 0.1509313786397574]], "chi2_level": 0.997, "chi2_df": 3, "chi2_threshold": 13.931422665512084, "N_raw": 118, "N_roi": 113, "N_inlier": 112, "refit": true}
{"timestamp": "19:00:57.994927", "frame": 105, "mu": [-0.6762158579300255, 2.918139029327042, 1.1415546224937116], "Sigma": [[0.00982590085328247, 0.00018017298898818674, 0.000735174380246178], [0.00018017298898818652, 0.00801549192380629, -0.03494085246941181], [0.0007351743802461782, -0.03494085246941181, 0.22318260582694624]], "chi2_level": 0.997, "chi2_df": 3, "chi2_threshold": 13.931422665512084, "N_raw": 80, "N_roi": 78, "N_inlier": 78, "refit": true}
{"timestamp": "19:00:58.050785", "frame": 106, "mu": [-0.6942226581199077, 2.9416499013041144, -0.28746163233302136], "Sigma": [[0.014014691375802394, 0.0004917638739721693, 0.07674858163163335], [0.0004917638739721691, 0.013200172978205048, -0.012399469873828634], [0.07674858163163337, -0.01239946987382863, 0.6583971703760997]], "chi2_level": 0.997, "chi2_df": 3, "chi2_threshold": 13.931422665512084, "N_raw": 91, "N_roi": 91, "N_inlier": 91, "refit": true}
{"timestamp": "19:00:58.100848", "frame": 107, "mu": [-0.710216620370204, 2.9547231690923206, 1.3680930624561443], "Sigma": [[0.010783672085809567, -0.0005067573609781014, 0.006290319174874961], [-0.0005067573609781014, 0.003849819896659022, -0.017193775649001708], [0.006290319174874961, -0.017193775649001708, 0.12353467970631159]], "chi2_level": 0.997, "chi2_df": 3, "chi2_threshold": 13.931422665512084, "N_raw": 54, "N_roi": 52, "N_inlier": 51, "refit": true}
{"timestamp": "19:00:58.155021", "frame": 108, "mu": [-0.7632059525625977, 3.028720724592995, 1.158775754894864], "Sigma": [[0.009964933163299583, -0.0001481719413359888, 0.027739769959066293], [-0.00014817194133598873, 0.005320288870181613, -0.022833342944453945], [0.027739769959066293, -0.022833342944453945, 0.3547374039700091]], "chi2_level": 0.997, "chi2_df": 3, "chi2_threshold": 13.931422665512084, "N_raw": 52, "N_roi": 51, "N_inlier": 50, "refit": true}
{"timestamp": "19:00:58.202994", "frame": 109, "mu": [-0.7909950084454601, 3.1961663606134665, -0.20195252406750766], "Sigma": [[0.0021276649173307244, 0.001694912752704108, -0.0033493032646451427], [0.0016949127527041085, 0.05031314149145942, -0.10425353874988309], [-0.0033493032646451427, -0.10425353874988309, 0.22990174152572354]], "chi2_level": 0.997, "chi2_df": 3, "chi2_threshold": 13.931422665512084, "N_raw": 11, "N_roi": 11, "N_inlier": 11, "refit": true}
{"timestamp": "19:00:58.258635", "frame": 110, "mu": [-0.784767013548952, 3.0700566794317945, 1.2172595515057094], "Sigma": [[0.001962469993384182, 0.0026368010849202755, -0.006248749889208628], [0.002636801084920275, 0.0039821692289367105, -0.009577924986430116], [-0.006248749889208628, -0.009577924986430116, 0.04008974018589192]], "chi2_level": 0.997, "chi2_df": 3, "chi2_threshold": 13.931422665512084, "N_raw": 12, "N_roi": 9, "N_inlier": 8, "refit": true}
{"timestamp": "19:00:58.320912", "frame": 111, "mu": [-0.7593591125422178, 3.127949256200563, 0.9260166097570199], "Sigma": [[0.01809339108320151, 0.0042252644534584724, -0.028049994191728475], [0.0042252644534584724, 0.003723948273085487, -0.011106872114228561], [-0.028049994191728475, -0.011106872114228561, 0.07078557265674074]], "chi2_level": 0.997, "chi2_df": 3, "chi2_threshold": 13.931422665512084, "N_raw": 63, "N_roi": 60, "N_inlier": 58, "refit": true}
{"timestamp": "19:00:58.378349", "frame": 112, "mu": [-0.8869167108659042, 3.1145256040719267, 1.1850478926080517], "Sigma": [[0.018549859458528314, 0.00864909763911172, -0.03075244090392485], [0.00864909763911172, 0.009053393768540386, -0.02350532432213593], [-0.03075244090392485, -0.02350532432213593, 0.08047203427135312]], "chi2_level": 0.997, "chi2_df": 3, "chi2_threshold": 13.931422665512084, "N_raw": 78, "N_roi": 78, "N_inlier": 76, "refit": true}
{"timestamp": "19:00:58.426518", "frame": 113, "mu": [-0.8141666292119402, 3.20026333274, 0.8014646124673702], "Sigma": [[0.022579188847666697, 0.0075382983296963905, -0.03889635848514732], [0.0075382983296963905, 0.006070298372410522, -0.019238195007743084], [-0.03889635848514732, -0.019238195007743084, 0.08465467113690744]], "chi2_level": 0.997, "chi2_df": 3, "chi2_threshold": 13.931422665512084, "N_raw": 30, "N_roi": 27, "N_inlier": 27, "refit": true}
{"timestamp": "19:00:58.483402", "frame": 114, "mu": [-1.037296039531329, 3.1631632456439105, 1.2975619185836949], "Sigma": [[0.00848655428326566, 0.0033016899654116287, -0.006144707123119336], [0.0033016899654116287, 0.006571415457356226, -0.017870069377970404], [-0.006144707123119337, -0.017870069377970404, 0.056136913383950576]], "chi2_level": 0.997, "chi2_df": 3, "chi2_threshold": 13.931422665512084, "N_raw": 44, "N_roi": 44, "N_inlier": 42, "refit": true}
{"timestamp": "19:00:58.537472", "frame": 115, "mu": [-1.0416640743985384, 3.1972968399683337, 1.3901007038965734], "Sigma": [[0.010982167345701049, 0.002638046912007059, -0.008486226773465399], [0.002638046912007059, 0.0031171630203546226, -0.010261520975383655], [-0.008486226773465397, -0.010261520975383654, 0.042388060741365766]], "chi2_level": 0.997, "chi2_df": 3, "chi2_threshold": 13.931422665512084, "N_raw": 38, "N_roi": 38, "N_inlier": 37, "refit": true}
{"timestamp": "19:00:58.588497", "frame": 116, "mu": [-1.1316717888621823, 3.2550803375906807, 1.103536779744461], "Sigma": [[0.012900066789419597, -0.006469764444645244, 0.05502320079204893], [-0.006469764444645244, 0.004567442197611207, -0.023068506697123792], [0.05502320079204893, -0.023068506697123795, 0.25460819133170665]], "chi2_level": 0.997, "chi2_df": 3, "chi2_threshold": 13.931422665512084, "N_raw": 6, "N_roi": 6, "N_inlier": 6, "refit": true}
{"timestamp": "19:00:58.649342", "frame": 117, "mu": [-1.164720941739429, 3.336673267427723, 1.0492746023327877], "Sigma": [[0.01205892535626086, 4.0083527137737326e-05, -0.0007592090465269549], [4.008352713773754e-05, 0.018561958877474236, -0.06268428708274232], [-0.0007592090465269555, -0.06268428708274232, 0.22903958811774552]], "chi2_level": 0.997, "chi2_df": 3, "chi2_threshold": 13.931422665512084, "N_raw": 47, "N_roi": 47, "N_inlier": 46, "refit": true}
{"timestamp": "19:00:58.704254", "frame": 118, "mu": [-1.158516476746061, 3.259810157689815, 1.470068320617485], "Sigma": [[0.016474540523209246, 0.005914481889718622, -0.009243071031989073], [0.005914481889718622, 0.006457929481390369, -0.008244370017268708], [-0.009243071031989073, -0.008244370017268708, 0.012734384243722285]], "chi2_level": 0.997, "chi2_df": 3, "chi2_threshold": 13.931422665512084, "N_raw": 52, "N_roi": 52, "N_inlier": 52, "refit": true}
{"timestamp": "19:00:58.758726", "frame": 119, "mu": [-1.2809969454758188, 3.2480576083868153, 1.5190978980069463], "Sigma": [[0.014086478411417877, 0.002242544103640308, -0.011220897817295444], [0.0022425441036403077, 0.005582860447753074, -0.014947045604261133], [-0.011220897817295444, -0.014947045604261135, 0.0858581123093526]], "chi2_level": 0.997, "chi2_df": 3, "chi2_threshold": 13.931422665512084, "N_raw": 49, "N_roi": 49, "N_inlier": 46, "refit": true}
{"timestamp": "19:00:58.816746", "frame": 120, "mu": [-1.1420276769190734, 3.391542311579474, 1.1063124693757298], "Sigma": [[0.0173991604671297, 0.0007024284884040397, -0.028223436998445664], [0.0007024284884040398, 0.0029189217147441897, 0.010387652114507675], [-0.028223436998445664, 0.010387652114507675, 0.2181845180725627]], "chi2_level": 0.997, "chi2_df": 3, "chi2_threshold": 13.931422665512084, "N_raw": 66, "N_roi": 64, "N_inlier": 63, "refit": true}
{"timestamp": "19:00:58.870742", "frame": 121, "mu": [-1.2581002070728897, 3.402092052649606, 1.3010914985892978], "Sigma": [[0.01632325877988624, 0.004878416748010402, -0.020306376882180642], [0.004878416748010402, 0.0036930980254519623, -0.011822397591247022], [-0.020306376882180642, -0.011822397591247022, 0.07616803886224896]], "chi2_level": 0.997, "chi2_df": 3, "chi2_threshold": 13.931422665512084, "N_raw": 56, "N_roi": 54, "N_inlier": 54, "refit": true}
{"timestamp": "19:00:58.922104", "frame": 122, "mu": [-1.2383289876601327, 3.4480437555957395, 1.001333546156814], "Sigma": [[0.01099428768779116, 0.0025126057276574575, -0.01720048540601809], [0.0025126057276574575, 0.0032895975282556294, -0.008469526956301286], [-0.017200485406018092, -0.008469526956301286, 0.04342855703398505]], "chi2_level": 0.997, "chi2_df": 3, "chi2_threshold": 13.931422665512084, "N_raw": 36, "N_roi": 36, "N_inlier": 35, "refit": true}
{"timestamp": "19:00:58.977912", "frame": 123, "mu": [-1.3505730712716688, 3.4582738305708385, 1.1102548918884407], "Sigma": [[0.015647954083417303, 0.004702068669163611, -0.023611653992423265], [0.004702068669163612, 0.002861100534554466, -0.011656807278381927], [-0.023611653992423265, -0.011656807278381927, 0.05728584739772345]], "chi2_level": 0.997, "chi2_df": 3, "chi2_threshold": 13.931422665512084, "N_raw": 43, "N_roi": 41, "N_inlier": 41, "refit": true}
{"timestamp": "19:00:59.032845", "frame": 124, "mu": [-1.438342668475955, 3.488360171247621, -0.10068573237327508], "Sigma": [[0.016995701019926604, 0.009042041614706746, 0.028618557816823133], [0.009042041614706746, 0.009260384035606039, 0.013623622728632493], [0.028618557816823133, 0.013623622728632497, 0.1209248409216461]], "chi2_level": 0.997, "chi2_df": 3, "chi2_threshold": 13.931422665512084, "N_raw": 40, "N_roi": 40, "N_inlier": 37, "refit": true}
{"timestamp": "19:00:59.089289", "frame": 125, "mu": [-1.4575284220240938, 3.5120244723196405, 1.5419138300493598], "Sigma": [[0.013513839620828654, 0.0033316130124945854, -0.014004227100182091], [0.0033316130124945854, 0.003887748919993853, -0.009030128570116185], [-0.01400422710018209, -0.009030128570116185, 0.03491549277259902]], "chi2_level": 0.997, "chi2_df": 3, "chi2_threshold": 13.931422665512084, "N_raw": 47, "N_roi": 43, "N_inlier": 40, "refit": true}
{"timestamp": "19:00:59.142335", "frame": 126, "mu": [-1.5221937098613063, 3.541473726342746, -0.27081702956785236], "Sigma": [[0.014679369596477214, 0.004905941338129298, -0.011785649867768104], [0.004905941338129298, 0.008145529454292857, -0.010101844107379021], [-0.011785649867768106, -0.010101844107379021, 0.02188816320119476]], "chi2_level": 0.997, "chi2_df": 3, "chi2_threshold": 13.931422665512084, "N_raw": 38, "N_roi": 38, "N_inlier": 35, "refit": true}
{"timestamp": "19:00:59.201186", "frame": 127, "mu": [-1.5354449662687255, 3.633600598752093, 1.302606410684276], "Sigma": [[0.015403289603394288, 0.006275688238834014, -0.01543906837430561], [0.006275688238834014, 0.008538789866306263, -0.03396660050388095], [-0.01543906837430561, -0.03396660050388095, 0.21779036498043375]], "chi2_level": 0.997, "chi2_df": 3, "chi2_threshold": 13.931422665512084, "N_raw": 57, "N_roi": 57, "N_inlier": 57, "refit": true}
{"timestamp": "19:00:59.251320", "frame": 128, "mu": [-1.605032059524592, 3.734113714280944, 0.7398166598224559], "Sigma": [[0.014204291866691433, 0.003185798808969886, -0.007629230076726506], [0.0031857988089698855, 0.0040939359329047065, -0.014771267023241382], [-0.007629230076726506, -0.014771267023241382, 0.06731300584873157]], "chi2_level": 0.997, "chi2_df": 3, "chi2_threshold": 13.931422665512084, "N_raw": 31, "N_roi": 31, "N_inlier": 30, "refit": true}
{"timestamp": "19:00:59.304546", "frame": 129, "mu": [-1.6059161394308428, 3.718303743974346, 0.8771564329984392], "Sigma": [[0.012016253740827775, -0.0011409415472979007, 0.011914000779228315], [-0.0011409415472979005, 0.017738033171507652, -0.04705638232403182], [0.011914000779228315, -0.04705638232403182, 0.15291050381039117]], "chi2_level": 0.997, "chi2_df": 3, "chi2_threshold": 13.931422665512084, "N_raw": 12, "N_roi": 12, "N_inlier": 12, "refit": true}
{"timestamp": "19:00:59.359384", "frame": 130, "mu": [-1.4661847084892337, 3.7599930397149874, 0.8128022154499202], "Sigma": [[0.023363935146284476, 0.008871599296848854, -0.05319930260356098], [0.008871599296848852, 0.007812766958332117, -0.0409239560973698], [-0.05319930260356098, -0.0409239560973698, 0.2635890632796171]], "chi2_level": 0.997, "chi2_df": 3, "chi2_threshold": 13.931422665512084, "N_raw": 18, "N_roi": 18, "N_inlier": 17, "refit": true}
{"timestamp": "19:00:59.412901", "frame": 131, "mu": [-1.5320336041660199, 3.7411613857455452, 1.2600119204722853], "Sigma": [[0.012100439063883651, 0.004558598530544885, -0.04444930595715265], [0.0045585985305448854, 0.0035433243851447165, -0.01708877488783449], [-0.04444930595715265, -0.01708877488783449, 0.18407114241029435]], "chi2_level": 0.997, "chi2_df": 3, "chi2_threshold": 13.931422665512084, "N_raw": 12, "N_roi": 12, "N_inlier": 12, "refit": true}
{"timestamp": "19:00:59.468416", "frame": 132, "mu": [-1.5878675722306124, 3.777625489681115, 1.0926207930430254], "Sigma": [[0.010667526788514537, 0.0051727292377591865, -0.0031110712808624496], [0.0051727292377591865, 0.004691090692658765, -0.0011474196077195418], [-0.0031110712808624496, -0.0011474196077195418, 0.0034130703450655207]], "chi2_level": 0.997, "chi2_df": 3, "chi2_threshold": 13.931422665512084, "N_raw": 18, "N_roi": 18, "N_inlier": 17, "refit": true}
{"timestamp": "19:00:59.525640", "frame": 133, "mu": [-1.808088560454725, 3.6955252597248993, 1.506438114951933], "Sigma": [[0.018556355951793706, 0.007278529008090422, -0.013911006702059756], [0.007278529008090422, 0.004636927317145934, -0.007872604386799797], [-0.013911006702059756, -0.007872604386799797, 0.021090685654629973]], "chi2_level": 0.997, "chi2_df": 3, "chi2_threshold": 13.931422665512084, "N_raw": 28, "N_roi": 27, "N_inlier": 26, "refit": true}
{"timestamp": "19:00:59.581652", "frame": 134, "mu": [-1.7475825611277536, 3.805393322592509, 1.360578894929746], "Sigma": [[0.022416491632315946, 0.012236692364149608, -0.03540412007508237], [0.012236692364149608, 0.007913971437955579, -0.022949460753163647], [-0.03540412007508237, -0.022949460753163647, 0.08453371520006193]], "chi2_level": 0.997, "chi2_df": 3, "chi2_threshold": 13.931422665512084, "N_raw": 35, "N_roi": 34, "N_inlier": 33, "refit": true}
{"timestamp": "19:00:59.633578", "frame": 135, "mu": [-1.8219922546574925, 3.840537177961452, 0.0754341448876927], "Sigma": [[0.0168023659991154, 0.016571078922450026, 0.011848555809085564], [0.016571078922450026, 0.021014378459491986, 0.00437182992662742], [0.011848555809085566, 0.00437182992662742, 0.17353576642841553]], "chi2_level": 0.997, "chi2_df": 3, "chi2_threshold": 13.931422665512084, "N_raw": 13, "N_roi": 13, "N_inlier": 13, "refit": true}
