{"timestamp": "18:57:06.927543", "frame": 37, "mu": [1.776411179431713, 0.7270782480550162, 1.4103653941144778], "Sigma": [[0.003708732173703283, -0.0023622856341912225, -0.001275675089670963], [-0.0023622856341912225, 0.004915177917390735, -0.0012643897378925076], [-0.0012756750896709631, -0.0012643897378925076, 0.0024581634446641594]], "chi2_level": 0.997, "chi2_df": 3, "chi2_threshold": 13.931422665512084, "N_raw": 20, "N_roi": 20, "N_inlier": 19, "refit": true}
{"timestamp": "18:57:06.984668", "frame": 38, "mu": [1.748018445521095, 0.7601642189454432, 1.4248236272413628], "Sigma": [[0.0036463628707026027, -0.002708853182262573, 0.0008327725225032941], [-0.002708853182262573, 0.007384136021147372, -0.0009847607870535336], [0.0008327725225032941, -0.0009847607870535336, 0.000648499991056605]], "chi2_level": 0.997, "chi2_df": 3, "chi2_threshold": 13.931422665512084, "N_raw": 18, "N_roi": 18, "N_inlier": 17, "refit": true}
{"timestamp": "18:57:07.092582", "frame": 40, "mu": [1.8078362694389312, 0.7633619215706695, 1.1292265828598873], "Sigma": [[0.004005359756389344, -0.0015915753481251342, -0.006169239754411478], [-0.0015915753481251342, 0.0010120375561033592, 0.003518320480167817], [-0.006169239754411478, 0.003518320480167817, 0.014483648335795424]], "chi2_level": 0.997, "chi2_df": 3, "chi2_threshold": 13.931422665512084, "N_raw": 5, "N_roi": 5, "N_inlier": 5, "refit": true}
{"timestamp": "18:57:07.148646", "frame": 41, "mu": [1.815512461773222, 0.8437584817970312, 1.384840389652455], "Sigma": [[0.004581066191493804, -0.00046958516408402703, -0.005416015647226298], [-0.00046958516408402687, 0.0004504637957405767, 0.00588132461718247], [-0.005416015647226298, 0.00588132461718247, 0.08074845123347464]], "chi2_level": 0.997, "chi2_df": 3, "chi2_threshold": 13.931422665512084, "N_raw": 5, "N_roi": 5, "N_inlier": 5, "refit": true}
{"timestamp": "18:57:07.314823", "frame": 44, "mu": [1.8168788451340805, 0.9941068293205972, 1.34045950590579], "Sigma": [[0.002174855452203484, 9.580675577351424e-05, -0.004641786164187459], [9.580675577351427e-05, 0.0005907229525920131, -0.0032925942059132303], [-0.004641786164187459, -0.0032925942059132303, 0.0439733469393754]], "chi2_level": 0.997, "chi2_df": 3, "chi2_threshold": 13.931422665512084, "N_raw": 6, "N_roi": 6, "N_inlier": 6, "refit": true}
{"timestamp": "18:57:07.367325", "frame": 45, "mu": [1.8488469714281812, 0.9051367105822872, 1.082541548053112], "Sigma": [[0.004470690338850834, -0.0012408100300291608, -0.0024235208375922193], [-0.0012408100300291608, 0.0005381389788636266, 0.0007227206694625388], [-0.0024235208375922193, 0.0007227206694625388, 0.001937520678195118]], "chi2_level": 0.997, "chi2_df": 3, "chi2_threshold": 13.931422665512084, "N_raw": 5, "N_roi": 5, "N_inlier": 5, "refit": true}
{"timestamp": "18:57:07.422640", "frame": 46, "mu": [1.724196914867798, 1.2111993675034138, 1.400721482727545], "Sigma": [[0.0017341536195767157, -0.0005995939897389966, -0.008246950620864626], [-0.0005995939897389966, 0.004202668599548046, 0.011236720111040682], [-0.008246950620864626, 0.011236720111040682, 0.05796122006036245]], "chi2_level": 0.997, "chi2_df": 3, "chi2_threshold": 13.931422665512084, "N_raw": 5, "N_roi": 5, "N_inlier": 5, "refit": true}
{"timestamp": "18:57:07.479603", "frame": 47, "mu": [1.7323146395972904, 1.1479627830474213, 1.4020061368275485], "Sigma": [[0.003409330794187846, -0.00183861021613732, 0.0002654610201333459], [-0.00183861021613732, 0.003954165639619135, -0.0011877927124647268], [0.0002654610201333459, -0.0011877927124647268, 0.0003901846458385966]], "chi2_level": 0.997, "chi2_df": 3, "chi2_threshold": 13.931422665512084, "N_raw": 19, "N_roi": 19, "N_inlier": 18, "refit": true}
{"timestamp": "18:57:07.533325", "frame": 48, "mu": [1.7437044003262077, 1.392349129360554, -0.572897743090423], "Sigma": [[0.007476637337693544, 0.0049146090284053895, -0.018676226110462147], [0.0049146090284053895, 0.005366935468262844, -0.009614333895541127], [-0.018676226110462147, -0.009614333895541127, 0.058141600899363384]], "chi2_level": 0.997, "chi2_df": 3, "chi2_threshold": 13.931422665512084, "N_raw": 6, "N_roi": 6, "N_inlier": 6, "refit": true}
{"timestamp": "18:57:07.591310", "frame": 49, "mu": [1.752040884881664, 1.2512305826902603, 1.4276446172782713], "Sigma": [[0.005271222602379134, -0.0025260588371186004, -0.0025991030396466776], [-0.002526058837118601, 0.00555749683296805, -0.000977966877765567], [-0.0025991030396466776, -0.000977966877765567, 0.007587947597055976]], "chi2_level": 0.997, "chi2_df": 3, "chi2_threshold": 13.931422665512084, "N_raw": 32, "N_roi": 32, "N_inlier": 32, "refit": true}
{"timestamp": "18:57:07.649468", "frame": 50, "mu": [1.7168149943374578, 1.3311641778594816, 1.4921790407244226], "Sigma": [[0.007835138928971573, -0.003461875726675517, 0.0018822180191212404], [-0.003461875726675517, 0.007020101482263578, -0.0035400058949673656], [0.0018822180191212404, -0.0035400058949673656, 0.008614220075302138]], "chi2_level": 0.997, "chi2_df": 3, "chi2_threshold": 13.931422665512084, "N_raw": 40, "N_roi": 40, "N_inlier": 38, "refit": true}
{"timestamp": "18:57:07.700087", "frame": 51, "mu": [1.682082924929861, 1.393615404562184, 1.1643944008670986], "Sigma": [[0.00975628624756092, -2.653785721785072e-05, -0.027174505213979915], [-2.653785721785072e-05, 0.0030841711270271034, 0.0007033768766808049], [-0.027174505213979915, 0.0007033768766808058, 0.0787822332460832]], "chi2_level": 0.997, "chi2_df": 3, "chi2_threshold": 13.931422665512084, "N_raw": 7, "N_roi": 7, "N_inlier": 7, "refit": true}
{"timestamp": "18:57:07.753658", "frame": 52, "mu": [1.710026469898673, 1.5783161849867477, -0.33878034437862337], "Sigma": [[0.0024313156721226985, -0.002076373154871521, 0.0002927128877384978], [-0.002076373154871521, 0.013647305281003578, -0.02092658598254608], [0.0002927128877384974, -0.02092658598254608, 0.0379163855153599]], "chi2_level": 0.997, "chi2_df": 3, "chi2_threshold": 13.931422665512084, "N_raw": 6, "N_roi": 6, "N_inlier": 6, "refit": true}
{"timestamp": "18:57:07.814621", "frame": 53, "mu": [1.6359216852082217, 1.5304637140306794, 1.4771378962115853], "Sigma": [[0.008488521420440093, -0.003829788847651284, 0.001266216692898758], [-0.003829788847651284, 0.00827462551871192, -0.0026361015572432733], [0.0012662166928987578, -0.0026361015572432733, 0.002141754795959834]], "chi2_level": 0.997, "chi2_df": 3, "chi2_threshold": 13.931422665512084, "N_raw": 49, "N_roi": 49, "N_inlier": 48, "refit": true}
{"timestamp": "18:57:07.869305", "frame": 54, "mu": [1.6063967908746704, 1.712186397229366, -0.2297971880796216], "Sigma": [[0.005328763216713782, -0.0037059587567909343, -0.002274031378978452], [-0.0037059587567909343, 0.010237708343505002, -0.0039846486507252084], [-0.002274031378978452, -0.0039846486507252084, 0.006116135194807582]], "chi2_level": 0.997, "chi2_df": 3, "chi2_threshold": 13.931422665512084, "N_raw": 43, "N_roi": 43, "N_inlier": 42, "refit": true}
{"timestamp": "18:57:07.924082", "frame": 55, "mu": [1.6338895086636818, 1.6697806343263175, -0.13820465903085574], "Sigma": [[0.007561794358571535, -0.001891565758514408, 0.012380949699699917], [-0.001891565758514408, 0.006070218356799944, -0.0029967103863225777], [0.012380949699699917, -0.0029967103863225777, 0.03837653986584641]], "chi2_level": 0.997, "chi2_df": 3, "chi2_threshold": 13.931422665512084, "N_raw": 40, "N_roi": 40, "N_inlier": 40, "refit": true}
{"timestamp": "18:57:07.978158", "frame": 56, "mu": [1.6628483185727752, 1.6680322350438985, 1.5490659250391834], "Sigma": [[0.007491277881660077, -0.004661609843309421, -0.0010851119841226668], [-0.004661609843309421, 0.006958032239375299, -0.0004414271290515341], [-0.0010851119841226668, -0.0004414271290515342, 0.0012032549694090439]], "chi2_level": 0.997, "chi2_df": 3, "chi2_threshold": 13.931422665512084, "N_raw": 36, "N_roi": 36, "N_inlier": 34, "refit": true}
{"timestamp": "18:57:08.030128", "frame": 57, "mu": [1.5956905614298418, 1.7608261136719194, 1.503040622548322], "Sigma": [[0.004165376990328125, -0.002512688226205167, 0.0006652938424047189], [-0.0025126882262051673, 0.00398338210391161, -0.0010821089214831346], [0.0006652938424047189, -0.0010821089214831346, 0.0002951534406952544]], "chi2_level": 0.997, "chi2_df": 3, "chi2_threshold": 13.931422665512084, "N_raw": 20, "N_roi": 20, "N_inlier": 20, "refit": true}
{"timestamp": "18:57:08.086627", "frame": 58, "mu": [1.6240973614952985, 1.7992234048475801, 1.5695197580773805], "Sigma": [[0.006434069107475964, -0.0025413526267035287, 0.0006643683052233629], [-0.0025413526267035282, 0.00629082901901195, 0.0006853743504737459], [0.0006643683052233629, 0.000685374350473746, 0.0006560118550034443]], "chi2_level": 0.997, "chi2_df": 3, "chi2_threshold": 13.931422665512084, "N_raw": 32, "N_roi": 32, "N_inlier": 32, "refit": true}
{"timestamp": "18:57:08.140237", "frame": 59, "mu": [1.6684524540631456, 1.7871258165782804, 1.290658274354386], "Sigma": [[0.005102037334172236, -0.0017205272270560826, -0.020130601695953095], [-0.0017205272270560826, 0.0018734067738926964, 0.0067825635720696435], [-0.020130601695953095, 0.0067825635720696435, 0.14265585164108185]], "chi2_level": 0.997, "chi2_df": 3, "chi2_threshold": 13.931422665512084, "N_raw": 15, "N_roi": 15, "N_inlier": 15, "refit": true}
{"timestamp": "18:57:08.192766", "frame": 60, "mu": [1.571227809395317, 1.6880402642519006, 1.232836960896753], "Sigma": [[0.22265792274002316, 0.22001142545376373, -0.15022359646706335], [0.22001142545376373, 0.2254182586623404, -0.12214496709223512], [-0.15022359646706335, -0.12214496709223512, 0.27222864255586554]], "chi2_level": 0.997, "chi2_df": 3, "chi2_threshold": 13.931422665512084, "N_raw": 9, "N_roi": 9, "N_inlier": 9, "refit": true}
{"timestamp": "18:57:08.249288", "frame": 61, "mu": [1.7096262421432644, 1.899793779001549, 1.2070318997629252], "Sigma": [[0.005449709519136227, -0.0014526775439567834, 0.01211522319426439], [-0.0014526775439567831, 0.002639886050409132, -0.008363035868396311], [0.012115223194264394, -0.008363035868396313, 0.2796562973318369]], "chi2_level": 0.997, "chi2_df": 3, "chi2_threshold": 13.931422665512084, "N_raw": 9, "N_roi": 9, "N_inlier": 9, "refit": true}
{"timestamp": "18:57:08.306309", "frame": 62, "mu": [1.65304713796586, 2.1077481317740343, -0.20766374755166173], "Sigma": [[0.0021831808525028897, 0.003615145450405219, -0.009996906676832482], [0.0036151454504052185, 0.011379413784253391, -0.0325685040356196], [-0.00999690667683248, -0.0325685040356196, 0.10320740399541137]], "chi2_level": 0.997, "chi2_df": 3, "chi2_threshold": 13.931422665512084, "N_raw": 7, "N_roi": 7, "N_inlier": 7, "refit": true}
{"timestamp": "18:57:08.358642", "frame": 63, "mu": [1.7098402494890532, 2.029438616096236, 1.2984387373277975], "Sigma": [[0.004616308919865379, 0.0020971756919401525, -0.011290930520287578], [0.0020971756919401525, 0.0023787826448365187, -0.019056058592069356], [-0.011290930520287578, -0.019056058592069356, 0.24271094398350612]], "chi2_level": 0.997, "chi2_df": 3, "chi2_threshold": 13.931422665512084, "N_raw": 9, "N_roi": 9, "N_inlier": 9, "refit": true}
{"timestamp": "18:57:08.415532", "frame": 64, "mu": [1.7324372644238129, 2.0398418380281, 1.5345240790265786], "Sigma": [[0.004629850675553416, -0.001314511145496182, -0.004022340573153362], [-0.001314511145496182, 0.004810556449946458, -0.013881661393330988], [-0.004022340573153361, -0.013881661393330986, 0.11471381929864444]], "chi2_level": 0.997, "chi2_df": 3, "chi2_threshold": 13.931422665512084, "N_raw": 23, "N_roi": 23, "N_inlier": 23, "refit": true}
{"timestamp": "18:57:08.471808", "frame": 65, "mu": [1.7663362277566677, 2.0478785197590623, 1.7664557991574341], "Sigma": [[0.007696910335459761, -0.002647495161262812, 0.00023870655956581384], [-0.002647495161262812, 0.005298168246837689, 0.0017213147208654132], [0.00023870655956581387, 0.001721314720865413, 0.0015502057018686054]], "chi2_level": 0.997, "chi2_df": 3, "chi2_threshold": 13.931422665512084, "N_raw": 31, "N_roi": 31, "N_inlier": 29, "refit": true}
{"timestamp": "18:57:08.523833", "frame": 66, "mu": [1.625098438060415, 1.9398774954554534, 1.4971458699586402], "Sigma": [[0.23599260582264384, 0.2595327031343886, -0.11540890695780905], [0.2595327031343886, 0.28857927189942134, -0.11749847502651121], [-0.11540890695780903, -0.1174984750265112, 0.26083971185595367]], "chi2_level": 0.997, "chi2_df": 3, "chi2_threshold": 13.931422665512084, "N_raw": 7, "N_roi": 7, "N_inlier": 7, "refit": true}
{"timestamp": "18:57:08.577641", "frame": 67, "mu": [1.623065114471358, 2.209219348270241, 1.5364494550316532], "Sigma": [[0.0031550055450788117, 0.0025910495536056784, -0.005076801521914802], [0.0025910495536056784, 0.0022875562331796506, -0.0030210853636474045], [-0.005076801521914802, -0.0030210853636474053, 0.021239000551006217]], "chi2_level": 0.997, "chi2_df": 3, "chi2_threshold": 13.931422665512084, "N_raw": 5, "N_roi": 5, "N_inlier": 5, "refit": true}
{"timestamp": "18:57:08.636144", "frame": 68, "mu": [1.6706022455787934, 2.247300740704498, 1.7275726963552227], "Sigma": [[0.006457212809048827, -0.003141708380764358, 2.1699412946468548e-05], [-0.0031417083807643584, 0.003935787000344498, 0.0004552594578798597], [2.1699412946468548e-05, 0.0004552594578798597, 0.0008437990035437595]], "chi2_level": 0.997, "chi2_df": 3, "chi2_threshold": 13.931422665512084, "N_raw": 22, "N_roi": 22, "N_inlier": 21, "refit": true}
{"timestamp": "18:57:08.690005", "frame": 69, "mu": [1.68032662846444, 2.325788741136507, 1.3639709566473512], "Sigma": [[0.010530997336970759, 0.009144922812676733, -0.037900383675639845], [0.009144922812676733, 0.015451627962311832, -0.048615562590747285], [-0.037900383675639845, -0.04861556259074729, 0.19094499718505495]], "chi2_level": 0.997, "chi2_df": 3, "chi2_threshold": 13.931422665512084, "N_raw": 13, "N_roi": 13, "N_inlier": 13, "refit": true}
{"timestamp": "18:57:08.743325", "frame": 70, "mu": [1.6349959889808914, 2.341001311597936, 1.3111765196473906], "Sigma": [[0.014028554594481485, -0.0050873692446862006, -0.03623697364850504], [-0.0050873692446862006, 0.0050222332495646945, 0.022098619923881846], [-0.03623697364850504, 0.022098619923881846, 0.14045274738977082]], "chi2_level": 0.997, "chi2_df": 3, "chi2_threshold": 13.931422665512084, "N_raw": 7, "N_roi": 7, "N_inlier": 7, "refit": true}
{"timestamp": "18:57:08.855873", "frame": 72, "mu": [1.6245139715982446, 2.437429466708033, 1.5972550747882568], "Sigma": [[0.005049710633802675, -0.001942218688292777, -0.01071909175542759], [-0.001942218688292777, 0.003054277635599644, -0.00028316581135869674], [-0.01071909175542759, -0.00028316581135869674, 0.06686611129491296]], "chi2_level": 0.997, "chi2_df": 3, "chi2_threshold": 13.931422665512084, "N_raw": 20, "N_roi": 20, "N_inlier": 19, "refit": true}
{"timestamp": "18:57:08.907874", "frame": 73, "mu": [1.5647059834798163, 2.524114776370699, 1.6208876106817856], "Sigma": [[0.0003128948189137107, 0.00033685159039303946, 0.0008765198662969321], [0.0003368515903930393, 0.01049132307698606, -0.007397352734374035], [0.0008765198662969323, -0.007397352734374035, 0.016840839625378155]], "chi2_level": 0.997, "chi2_df": 3, "chi2_threshold": 13.931422665512084, "N_raw": 6, "N_roi": 6, "N_inlier": 6, "refit": true}
{"timestamp": "18:57:08.964669", "frame": 74, "mu": [1.595103941552888, 2.5618944097784935, 1.3624443201549135], "Sigma": [[0.0014304309549232769, -0.0009853707858437488, 0.003588142438739363], [-0.000985370785843749, 0.003371441438607385, -0.014808822928899845], [0.003588142438739363, -0.014808822928899845, 0.10048312855453241]], "chi2_level": 0.997, "chi2_df": 3, "chi2_threshold": 13.931422665512084, "N_raw": 8, "N_roi": 8, "N_inlier": 8, "refit": true}
{"timestamp": "18:57:09.020009", "frame": 75, "mu": [1.3805539039513688, 2.173602212380937, 1.4255645201875828], "Sigma": [[0.4803508240318055, 0.6624812816130716, -0.3054310341844311], [0.6624812816130716, 0.9300239252247995, -0.36154605695432085], [-0.3054310341844311, -0.36154605695432085, 0.41740426233991174]], "chi2_level": 0.997, "chi2_df": 3, "chi2_threshold": 13.931422665512084, "N_raw": 16, "N_roi": 5, "N_inlier": 5, "refit": true}
{"timestamp": "18:57:09.128561", "frame": 77, "mu": [1.6524168958256287, 2.632025308626172, 1.1987079527864035], "Sigma": [[0.002909517405502951, -0.0008667349290166343, -0.0020888316165118418], [-0.0008667349290166342, 0.0033367432470533887, 0.0013370287783004216], [-0.0020888316165118418, 0.0013370287783004216, 0.0030729647906004493]], "chi2_level": 0.997, "chi2_df": 3, "chi2_threshold": 13.931422665512084, "N_raw": 10, "N_roi": 9, "N_inlier": 9, "refit": true}
{"timestamp": "18:57:09.183279", "frame": 78, "mu": [1.7349058759156275, 2.8356121349862207, 1.5180810606687585], "Sigma": [[0.1350666286517472, 0.04923776186917842, -0.07606717692539322], [0.04923776186917842, 0.020388646847204386, -0.033490418398049886], [-0.07606717692539322, -0.033490418398049886, 0.06325663716307578]], "chi2_level": 0.997, "chi2_df": 3, "chi2_threshold": 13.931422665512084, "N_raw": 8, "N_roi": 6, "N_inlier": 6, "refit": true}
{"timestamp": "18:57:09.238651", "frame": 79, "mu": [1.586452998747495, 2.7850439644755793, 1.3022998231206455], "Sigma": [[0.0010934818012236925, 0.0008188368485212642, -0.0031693727318385517], [0.000818836848521264, 0.004528651444305187, -0.0062601887700920456], [-0.0031693727318385517, -0.0062601887700920456, 0.014410326962223398]], "chi2_level": 0.997, "chi2_df": 3, "chi2_threshold": 13.931422665512084, "N_raw": 9, "N_roi": 5, "N_inlier": 5, "refit": true}
{"timestamp": "18:57:09.293596", "frame": 80, "mu": [1.6316305172005998, 2.7928315110232074, 1.139640291979689], "Sigma": [[0.008487609351637324, -0.00029532157293106915, -0.031711095549137466], [-0.00029532157293106915, 0.0027699371130093277, 0.008669832420060813], [-0.031711095549137466, 0.008669832420060813, 0.1553275711189195]], "chi2_level": 0.997, "chi2_df": 3, "chi2_threshold": 13.931422665512084, "N_raw": 9, "N_roi": 9, "N_inlier": 9, "refit": true}
{"timestamp": "18:57:09.348644", "frame": 81, "mu": [1.6591772313943334, 2.8781024753782036, 1.4312128995741331], "Sigma": [[0.0045636646850043625, 0.0005607632602459627, -0.018809324133306493], [0.0005607632602459627, 0.001574475498106181, -0.0038482931939721734], [-0.018809324133306493, -0.0038482931939721734, 0.08369382171679701]], "chi2_level": 0.997, "chi2_df": 3, "chi2_threshold": 13.931422665512084, "N_raw": 9, "N_roi": 6, "N_inlier": 6, "refit": true}
{"timestamp": "18:57:09.403200", "frame": 82, "mu": [1.6480959455992372, 2.889506770094258, 1.2692741273444312], "Sigma": [[0.0038899515315285295, -0.003620062752955432, -0.026756696930116668], [-0.003620062752955432, 0.00540937233322409, 0.0214864476695007], [-0.026756696930116668, 0.021486447669500704, 0.20575463173633463]], "chi2_level": 0.997, "chi2_df": 3, "chi2_threshold": 13.931422665512084, "N_raw": 10, "N_roi": 6, "N_inlier": 6, "refit": true}
{"timestamp": "18:57:09.462639", "frame": 83, "mu": [1.5916866443732482, 2.994298207737021, 1.5457627681275385], "Sigma": [[0.011231575201650476, -0.004109756595571779, -0.011470731262083728], [-0.004109756595571779, 0.0039023155620935513, 0.00017570382392126664], [-0.011470731262083728, 0.00017570382392126664, 0.027191988820603953]], "chi2_level": 0.997, "chi2_df": 3, "chi2_threshold": 13.931422665512084, "N_raw": 37, "N_roi": 37, "N_inlier": 35, "refit": true}
{"timestamp": "18:57:09.516356", "frame": 84, "mu": [1.6503616963438876, 2.9784413718400433, 1.1775462105547163], "Sigma": [[0.008366491055177212, -0.004232437310729094, -0.033253259780615364], [-0.004232437310729094, 0.004460329352021813, 0.02277530095677885], [-0.03325325978061536, 0.02277530095677885, 0.2764895032928387]], "chi2_level": 0.997, "chi2_df": 3, "chi2_threshold": 13.931422665512084, "N_raw": 26, "N_roi": 26, "N_inlier": 26, "refit": true}
{"timestamp": "18:57:09.572008", "frame": 85, "mu": [1.650135635354973, 3.1443323675434063, 0.9563534986412078], "Sigma": [[0.008157095824205518, -0.004972465353234815, -0.006063633527995875], [-0.004972465353234815, 0.005780020568764023, -0.005299622542392225], [-0.006063633527995875, -0.005299622542392224, 0.045260670199992935]], "chi2_level": 0.997, "chi2_df": 3, "chi2_threshold": 13.931422665512084, "N_raw": 26, "N_roi": 26, "N_inlier": 25, "refit": true}
{"timestamp": "18:57:09.624602", "frame": 86, "mu": [1.6419927163932468, 3.127069119241228, 1.309490654379678], "Sigma": [[0.005571465246353481, -0.0018386508466597703, -0.0017138681951020013], [-0.0018386508466597701, 0.001948668680872733, -0.0030556037669217523], [-0.0017138681951020015, -0.0030556037669217523, 0.016546612019501045]], "chi2_level": 0.997, "chi2_df": 3, "chi2_threshold": 13.931422665512084, "N_raw": 12, "N_roi": 12, "N_inlier": 12, "refit": true}
{"timestamp": "18:57:09.680391", "frame": 87, "mu": [1.706563068392724, 3.1180167074311065, 1.4330177576772634], "Sigma": [[0.00895555514078448, -0.003459432080996145, -0.0068414589743110935], [-0.0034594320809961457, 0.006818491097914956, -0.018852644904881467], [-0.006841458974311094, -0.018852644904881467, 0.09518795853090928]], "chi2_level": 0.997, "chi2_df": 3, "chi2_threshold": 13.931422665512084, "N_raw": 25, "N_roi": 25, "N_inlier": 24, "refit": true}
{"timestamp": "18:57:09.736564", "frame": 88, "mu": [1.6335966404520927, 3.1787532802188316, 1.6384234683200354], "Sigma": [[0.009701182315623958, -0.0032140242490984903, -0.0031551929494786865], [-0.00321402424909849, 0.0058256839950520944, -0.016959210575341145], [-0.003155192949478686, -0.01695921057534114, 0.17072477937112443]], "chi2_level": 0.997, "chi2_df": 3, "chi2_threshold": 13.931422665512084, "N_raw": 25, "N_roi": 25, "N_inlier": 24, "refit": true}
{"timestamp": "18:57:09.843622", "frame": 90, "mu": [1.633284635905164, 3.2687748650420443, 1.4683660305318622], "Sigma": [[0.004348929237269486, 0.0026803421281084957, -0.014655548206556708], [0.0026803421281084957, 0.00199218603552371, -0.008269957789102812], [-0.014655548206556708, -0.008269957789102812, 0.05721334878773888]], "chi2_level": 0.997, "chi2_df": 3, "chi2_threshold": 13.931422665512084, "N_raw": 9, "N_roi": 6, "N_inlier": 6, "refit": true}
{"timestamp": "18:57:09.902159", "frame": 91, "mu": [1.6924624377412876, 3.3912316283578945, 0.08586668925587414], "Sigma": [[0.017649403675708518, 0.0011759742839896215, -0.033041102298692365], [0.0011759742839896215, 0.004791628162084695, -0.012052450096659353], [-0.033041102298692365, -0.012052450096659353, 0.09365242787749534]], "chi2_level": 0.997, "chi2_df": 3, "chi2_threshold": 13.931422665512084, "N_raw": 30, "N_roi": 30, "N_inlier": 28, "refit": true}
{"timestamp": "18:57:09.957665", "frame": 92, "mu": [1.6385906314271874, 3.332854068414197, 1.5664708650202352], "Sigma": [[0.010697824837558533, -0.0020752865249601023, -0.011671447473406742], [-0.002075286524960102, 0.003323570442303029, 0.00010423099816629145], [-0.011671447473406742, 0.00010423099816629156, 0.030331629738593748]], "chi2_level": 0.997, "chi2_df": 3, "chi2_threshold": 13.931422665512084, "N_raw": 34, "N_roi": 32, "N_inlier": 32, "refit": true}
{"timestamp": "18:57:10.011694", "frame": 93, "mu": [1.719334070274142, 3.3803990330790015, 1.3373064158051733], "Sigma": [[0.008303079070991945, -0.002929739418979583, -0.01000751574148838], [-0.002929739418979583, 0.0019340690167316112, -0.0006807518847286257], [-0.01000751574148838, -0.0006807518847286255, 0.04173431760376062]], "chi2_level": 0.997, "chi2_df": 3, "chi2_threshold": 13.931422665512084, "N_raw": 25, "N_roi": 22, "N_inlier": 22, "refit": true}
{"timestamp": "18:57:10.070616", "frame": 94, "mu": [1.7420978356349834, 3.4015675689601195, 1.0970053835772315], "Sigma": [[0.02139669085965006, -0.009163383388268513, -0.032175725153305426], [-0.009163383388268513, 0.005959061095761847, 0.006099306253416208], [-0.032175725153305426, 0.006099306253416207, 0.09832711554129306]], "chi2_level": 0.997, "chi2_df": 3, "chi2_threshold": 13.931422665512084, "N_raw": 60, "N_roi": 60, "N_inlier": 59, "refit": true}
{"timestamp": "18:57:10.123721", "frame": 95, "mu": [1.6008956625490462, 3.4606847587087497, 1.423420383644797], "Sigma": [[0.016934221479692663, -0.007131816197156136, -0.01076058031676988], [-0.007131816197156136, 0.005100948040310895, 0.0008283080743574072], [-0.01076058031676988, 0.0008283080743574074, 0.016463378579584836]], "chi2_level": 0.997, "chi2_df": 3, "chi2_threshold": 13.931422665512084, "N_raw": 36, "N_roi": 36, "N_inlier": 34, "refit": true}
{"timestamp": "18:57:10.178359", "frame": 96, "mu": [1.623817370047105, 3.498181504013987, 1.3205017846706413], "Sigma": [[0.019842933072682645, -0.01014116546626646, -0.013706357783356451], [-0.01014116546626646, 0.0075589275827128875, 0.0034999229912575963], [-0.013706357783356451, 0.0034999229912575968, 0.01954118015572153]], "chi2_level": 0.997, "chi2_df": 3, "chi2_threshold": 13.931422665512084, "N_raw": 38, "N_roi": 38, "N_inlier": 38, "refit": true}
{"timestamp": "18:57:10.283197", "frame": 98, "mu": [1.6342841937378676, 3.633696816521738, 1.2955984010653248], "Sigma": [[0.002925392366069792, 0.0029936897976513524, -0.011349097038006134], [0.0029936897976513524, 0.005566818692353676, -0.025597941189834564], [-0.011349097038006134, -0.025597941189834564, 0.12413696558689089]], "chi2_level": 0.997, "chi2_df": 3, "chi2_threshold": 13.931422665512084, "N_raw": 5, "N_roi": 5, "N_inlier": 5, "refit": true}
{"timestamp": "18:57:10.339744", "frame": 99, "mu": [1.7181190786133027, 3.558865743840508, 1.3179171840829145], "Sigma": [[0.0063589022983874775, -0.001159996399208217, -0.0019998224688859705], [-0.001159996399208217, 0.0015468510675883287, -0.0017231246948177087], [-0.0019998224688859705, -0.001723124694817709, 0.004525124543206198]], "chi2_level": 0.997, "chi2_df": 3, "chi2_threshold": 13.931422665512084, "N_raw": 11, "N_roi": 11, "N_inlier": 11, "refit": true}
{"timestamp": "18:57:10.430177", "frame": 100, "mu": [1.6176695083356312, 3.652833292984729, 1.2010625967986044], "Sigma": [[0.013962809092321624, -0.006906485194571797, -0.005768165844051562], [-0.006906485194571797, 0.0056606943322152475, 0.0032793264765681503], [-0.005768165844051562, 0.0032793264765681503, 0.003618959269310671]], "chi2_level": 0.997, "chi2_df": 3, "chi2_threshold": 13.931422665512084, "N_raw": 24, "N_roi": 24, "N_inlier": 23, "refit": true}
{"timestamp": "18:57:10.470978", "frame": 101, "mu": [1.7224329585799487, 3.639892919343364, 1.0288835867567703], "Sigma": [[0.0024997465324919635, -0.0004170501846946593, -0.0008909158477635503], [-0.0004170501846946592, 0.001070629684044557, -0.00465792396613487], [-0.0008909158477635503, -0.00465792396613487, 0.036434443427774466]], "chi2_level": 0.997, "chi2_df": 3, "chi2_threshold": 13.931422665512084, "N_raw": 8, "N_roi": 8, "N_inlier": 8, "refit": true}
{"timestamp": "18:57:10.506866", "frame": 102, "mu": [1.6380830045893857, 3.7395915531759734, 1.2095109518725518], "Sigma": [[0.016647720802600317, -0.00765530089006277, -0.01403883087160879], [-0.00765530089006277, 0.004406024398058103, 0.0029959941890552143], [-0.01403883087160879, 0.0029959941890552143, 0.0374109478855008]], "chi2_level": 0.997, "chi2_df": 3, "chi2_threshold": 13.931422665512084, "N_raw": 32, "N_roi": 32, "N_inlier": 32, "refit": true}
{"timestamp": "18:57:10.563623", "frame": 103, "mu": [1.587370131709769, 3.8384261452103723, 1.707076186250255], "Sigma": [[0.02127905454678701, -0.007958459438429601, -0.0077567532119788216], [-0.007958459438429601, 0.006058800365954251, 0.0020800749285326894], [-0.0077567532119788216, 0.0020800749285326894, 0.005142529139191132]], "chi2_level": 0.997, "chi2_df": 3, "chi2_threshold": 13.931422665512084, "N_raw": 36, "N_roi": 36, "N_inlier": 35, "refit": true}
{"timestamp": "18:57:10.621822", "frame": 104, "mu": [1.6271770845853264, 3.8581971610399806, 1.2076808621646966], "Sigma": [[0.029854596199020905, -0.0126761030695156, -0.030979827154824967], [-0.0126761030695156, 0.006693425152585325, 0.006726235967390536], [-0.030979827154824967, 0.006726235967390535, 0.09367474926587216]], "chi2_level": 0.997, "chi2_df": 3, "chi2_threshold": 13.931422665512084, "N_raw": 63, "N_roi": 61, "N_inlier": 61, "refit": true}
{"timestamp": "18:57:10.672818", "frame": 105, "mu": [1.621568127149518, 3.9341241300794128, 1.409887523958743], "Sigma": [[0.020285262196483307, -0.00958001543193452, -0.02189931847251453], [-0.009580015431934518, 0.006100249907449091, 0.006897901463613188], [-0.02189931847251453, 0.006897901463613188, 0.04310484927193622]], "chi2_level": 0.997, "chi2_df": 3, "chi2_threshold": 13.931422665512084, "N_raw": 34, "N_roi": 34, "N_inlier": 33, "refit": true}
{"timestamp": "18:57:10.729023", "frame": 106, "mu": [1.622035320302791, 3.99905905194908, 1.4398580931907299], "Sigma": [[0.017690258505648072, -0.006636983816356899, -0.009328169758192903], [-0.006636983816356898, 0.00464715620728199, -0.0004470391476270214], [-0.009328169758192903, -0.0004470391476270217, 0.016695065964569156]], "chi2_level": 0.997, "chi2_df": 3, "chi2_threshold": 13.931422665512084, "N_raw": 45, "N_roi": 33, "N_inlier": 33, "refit": true}
{"timestamp": "18:57:10.780828", "frame": 107, "mu": [1.5266098522382812, 4.035994370033555, 1.6295530562873453], "Sigma": [[0.011250405230811547, -0.00352226184257934, -0.008115858727350492], [-0.00352226184257934, 0.0032452492522105705, -0.0015859680032298531], [-0.008115858727350492, -0.0015859680032298531, 0.017305672959852258]], "chi2_level": 0.997, "chi2_df": 3, "chi2_threshold": 13.931422665512084, "N_raw": 20, "N_roi": 20, "N_inlier": 20, "refit": true}
{"timestamp": "18:57:10.832598", "frame": 108, "mu": [1.668581520339958, 3.7761595062835083, 0.8827826313588909], "Sigma": [[0.008107868590096915, -0.042826095986216624, -0.07804867966219438], [-0.04282609598621663, 0.6827442344381702, 0.9045738290013662], [-0.07804867966219438, 0.9045738290013662, 1.405662885865003]], "chi2_level": 0.997, "chi2_df": 3, "chi2_threshold": 13.931422665512084, "N_raw": 6, "N_roi": 6, "N_inlier": 6, "refit": true}
{"timestamp": "18:57:10.889240", "frame": 109, "mu": [1.6701254489791142, 4.169134041420536, 1.1389037990378992], "Sigma": [[0.003992389552056986, 0.0013425862832894292, -0.005618932080616834], [0.0013425862832894292, 0.010265197714497363, -0.02975782425419271], [-0.005618932080616834, -0.029757824254192707, 0.09536124943284496]], "chi2_level": 0.997, "chi2_df": 3, "chi2_threshold": 13.931422665512084, "N_raw": 7, "N_roi": 7, "N_inlier": 7, "refit": true}
{"timestamp": "18:57:10.944882", "frame": 110, "mu": [1.7005073839415994, 4.11289973819432, 1.324509417184912], "Sigma": [[0.008405530001367617, -0.0027383700450360213, -0.0063969773139049575], [-0.0027383700450360213, 0.004706014661451353, -0.003539528802600285], [-0.0063969773139049575, -0.003539528802600285, 0.01911452065955114]], "chi2_level": 0.997, "chi2_df": 3, "chi2_threshold": 13.931422665512084, "N_raw": 20, "N_roi": 19, "N_inlier": 18, "refit": true}
{"timestamp": "18:57:10.998624", "frame": 111, "mu": [1.7729441716482701, 4.135255721127455, 1.0070520460765837], "Sigma": [[0.02748447016662235, -0.0015494508200868883, -0.08214031110384656], [-0.0015494508200868883, 0.0016037685855135994, 0.006387351634334438], [-0.08214031110384656, 0.006387351634334438, 0.2732913770062499]], "chi2_level": 0.997, "chi2_df": 3, "chi2_threshold": 13.931422665512084, "N_raw": 10, "N_roi": 10, "N_inlier": 10, "refit": true}
{"timestamp": "18:57:11.057844", "frame": 112, "mu": [1.6036216233396678, 4.1870129934042595, 1.5461155189468714], "Sigma": [[0.02021200781543509, -0.006264330557115274, -0.011792262005414817], [-0.006264330557115274, 0.004820067439979141, 0.00033849800059947556], [-0.011792262005414816, 0.00033849800059947567, 0.021217044502648892]], "chi2_level": 0.997, "chi2_df": 3, "chi2_threshold": 13.931422665512084, "N_raw": 38, "N_roi": 38, "N_inlier": 36, "refit": true}
{"timestamp": "18:57:11.161978", "frame": 114, "mu": [1.6342238156738067, 4.279146619255256, 1.2893922998591942], "Sigma": [[0.03564587971270127, -0.005013322996697774, -0.07083036750207897], [-0.005013322996697775, 0.0015963401282623672, 0.01132215690792628], [-0.07083036750207895, 0.011322156907926281, 0.14957988804797864]], "chi2_level": 0.997, "chi2_df": 3, "chi2_threshold": 13.931422665512084, "N_raw": 6, "N_roi": 6, "N_inlier": 6, "refit": true}
{"timestamp": "18:57:11.216860", "frame": 115, "mu": [1.6583049373373895, 4.323476321905654, 1.1920245950506745], "Sigma": [[0.01685480901943832, -0.0017656783031880711, -0.046899569905382174], [-0.0017656783031880707, 0.0006715003926424479, 0.006066245362912519], [-0.046899569905382174, 0.006066245362912519, 0.1350627209913581]], "chi2_level": 0.997, "chi2_df": 3, "chi2_threshold": 13.931422665512084, "N_raw": 6, "N_roi": 6, "N_inlier": 6, "refit": true}
{"timestamp": "18:57:11.278013", "frame": 116, "mu": [1.6676437046760495, 4.354318249520211, 1.1879313387152233], "Sigma": [[0.026919455879981225, -0.012953510020733923, -0.03593071419251483], [-0.012953510020733923, 0.006882787476010436, 0.016594456360729124], [-0.035930714192514826, 0.016594456360729124, 0.10692002381693143]], "chi2_level": 0.997, "chi2_df": 3, "chi2_threshold": 13.931422665512084, "N_raw": 36, "N_roi": 36, "N_inlier": 35, "refit": true}
{"timestamp": "18:57:11.330716", "frame": 117, "mu": [1.4866910122931745, 4.459341304310968, 1.6228193110625648], "Sigma": [[0.014909617775690817, -0.004336026408749956, -0.007640661918753013], [-0.0043360264087499555, 0.003401335226512729, 0.00047091031269383285], [-0.007640661918753013, 0.0004709103126938331, 0.00790296230160497]], "chi2_level": 0.997, "chi2_df": 3, "chi2_threshold": 13.931422665512084, "N_raw": 26, "N_roi": 25, "N_inlier": 24, "refit": true}
{"timestamp": "18:57:11.384855", "frame": 118, "mu": [1.5446968141873445, 4.490967299221506, 1.620100215099968], "Sigma": [[0.012153408324113064, -0.0037534904705243182, -0.00717864436933279], [-0.0037534904705243182, 0.002923372400556467, 0.0007776340956189177], [-0.00717864436933279, 0.0007776340956189179, 0.00801784452003461]], "chi2_level": 0.997, "chi2_df": 3, "chi2_threshold": 13.931422665512084, "N_raw": 18, "N_roi": 18, "N_inlier": 18, "refit": true}
{"timestamp": "18:57:11.437489", "frame": 119, "mu": [1.3405476308100883, 3.952610896767796, 1.7255846599454867], "Sigma": [[0.23442846920469695, 0.7012942850913325, -0.07094754707664279], [0.7012942850913325, 2.1107077942723365, -0.2058119873758857], [-0.07094754707664278, -0.2058119873758857, 0.026094564071503686]], "chi2_level": 0.997, "chi2_df": 3, "chi2_threshold": 13.931422665512084, "N_raw": 5, "N_roi": 5, "N_inlier": 5, "refit": true}
{"timestamp": "18:57:11.494525", "frame": 120, "mu": [1.603528819255849, 4.527359433006766, 1.404122516177225], "Sigma": [[0.013569450599651062, -0.004062650133910073, -0.007603801846437076], [-0.004062650133910073, 0.003637939029130348, 0.0013729134889377695], [-0.007603801846437076, 0.0013729134889377695, 0.007370553780342124]], "chi2_level": 0.997, "chi2_df": 3, "chi2_threshold": 13.931422665512084, "N_raw": 21, "N_roi": 21, "N_inlier": 21, "refit": true}
{"timestamp": "18:57:11.552194", "frame": 121, "mu": [1.5169488913767224, 4.595087991961849, 1.4890781596196632], "Sigma": [[0.014759230328508243, -0.0047632510568791885, -0.013063104924854683], [-0.0047632510568791885, 0.003992296193122541, 0.0006550937162194088], [-0.013063104924854683, 0.0006550937162194088, 0.02016981733499558]], "chi2_level": 0.997, "chi2_df": 3, "chi2_threshold": 13.931422665512084, "N_raw": 29, "N_roi": 28, "N_inlier": 27, "refit": true}
{"timestamp": "18:57:11.603851", "frame": 122, "mu": [1.4816640215744936, 4.6348377240424545, 1.514798140741633], "Sigma": [[0.009784910882936168, -0.0018827088686589489, 0.000676005082969656], [-0.0018827088686589489, 0.0024879280403574244, -0.0003857346255962004], [0.0006760050829696559, -0.0003857346255962004, 7.850372449725058e-05]], "chi2_level": 0.997, "chi2_df": 3, "chi2_threshold": 13.931422665512084, "N_raw": 14, "N_roi": 14, "N_inlier": 14, "refit": true}
{"timestamp": "18:57:11.658278", "frame": 123, "mu": [1.5815106365979434, 4.645349244457556, 0.5845690526001618], "Sigma": [[0.0180393126810424, 0.015822681601869334, -0.06432370702605049], [0.015822681601869334, 0.014208839320468252, -0.05569041077162308], [-0.06432370702605049, -0.05569041077162308, 0.24032425247138997]], "chi2_level": 0.997, "chi2_df": 3, "chi2_threshold": 13.931422665512084, "N_raw": 6, "N_roi": 6, "N_inlier": 6, "refit": true}
{"timestamp": "18:57:11.713588", "frame": 124, "mu": [1.653480382248341, 4.659535654639185, 1.274279882242746], "Sigma": [[0.009844011362417587, -0.0026056608474463146, 0.001391511967331223], [-0.0026056608474463146, 0.001905477602723701, -0.004343254089365752], [0.0013915119673312236, -0.004343254089365752, 0.01977342668712352]], "chi2_level": 0.997, "chi2_df": 3, "chi2_threshold": 13.931422665512084, "N_raw": 12, "N_roi": 12, "N_inlier": 12, "refit": true}
{"timestamp": "18:57:11.767046", "frame": 125, "mu": [1.5164085268124816, 4.758533695049929, 1.3338326243146885], "Sigma": [[0.00257490722218834, 0.0016830888072996684, -0.013283205987043011], [0.0016830888072996684, 0.001181413100368708, -0.009370394985955037], [-0.013283205987043011, -0.009370394985955039, 0.07561267104622318]], "chi2_level": 0.997, "chi2_df": 3, "chi2_threshold": 13.931422665512084, "N_raw": 5, "N_roi": 5, "N_inlier": 5, "refit": true}
{"timestamp": "18:57:11.823601", "frame": 126, "mu": [1.503042680138116, 4.794599819364209, 1.395885954140805], "Sigma": [[0.011383497547205109, -0.0027408976128228363, -0.015452120811893021], [-0.0027408976128228363, 0.0015268559874755715, 0.0018760772858035675], [-0.015452120811893021, 0.0018760772858035677, 0.10243131024968524]], "chi2_level": 0.997, "chi2_df": 3, "chi2_threshold": 13.931422665512084, "N_raw": 13, "N_roi": 13, "N_inlier": 13, "refit": true}
{"timestamp": "18:57:11.881753", "frame": 127, "mu": [1.573517798744688, 4.807363827477116, 1.1800795196667548], "Sigma": [[0.026306342567393927, -0.009271640807341448, -0.014386689441037184], [-0.009271640807341448, 0.004554428012454294, 0.0008751578913758879], [-0.014386689441037184, 0.0008751578913758878, 0.03329763793733678]], "chi2_level": 0.997, "chi2_df": 3, "chi2_threshold": 13.931422665512084, "N_raw": 31, "N_roi": 31, "N_inlier": 31, "refit": true}
{"timestamp": "18:57:11.990745", "frame": 129, "mu": [1.6061056673256247, 4.900235005200709, 1.324413090343357], "Sigma": [[0.01730703556281065, -0.008071259922250197, -0.02829551493982549], [-0.008071259922250197, 0.004769713037165499, 0.010704678719973961], [-0.02829551493982549, 0.010704678719973961, 0.06616627133697746]], "chi2_level": 0.997, "chi2_df": 3, "chi2_threshold": 13.931422665512084, "N_raw": 23, "N_roi": 19, "N_inlier": 18, "refit": true}
{"timestamp": "18:57:12.044763", "frame": 130, "mu": [1.646827265696221, 4.835679345926635, 0.9896839074953733], "Sigma": [[0.022575858870445505, -0.0107849265055905, -0.029039911506701637], [-0.010784926505590502, 0.006264966073341193, 0.012949571283555793], [-0.029039911506701637, 0.012949571283555793, 0.04702954610300712]], "chi2_level": 0.997, "chi2_df": 3, "chi2_threshold": 13.931422665512084, "N_raw": 19, "N_roi": 19, "N_inlier": 19, "refit": true}
{"timestamp": "18:57:12.102065", "frame": 131, "mu": [1.681436280320838, 4.875404744390305, 1.1363926613873776], "Sigma": [[0.022005340786551603, -0.007678841869540565, -0.024528499031104132], [-0.007678841869540563, 0.004605534803512247, 0.007645172312886261], [-0.02452849903110413, 0.007645172312886261, 0.03279653481275778]], "chi2_level": 0.997, "chi2_df": 3, "chi2_threshold": 13.931422665512084, "N_raw": 31, "N_roi": 23, "N_inlier": 23, "refit": true}
