{"timestamp": "19:02:20.029458", "frame": 37, "mu": [-2.318636548359485, 1.0360394608028531, 1.2149769631488936], "Sigma": [[0.010302948458444238, 0.012296564155296785, -0.009674037595160303], [0.012296564155296785, 0.015961976881886997, -0.011390682008841229], [-0.009674037595160303, -0.011390682008841229, 0.009425426974005913]], "chi2_level": 0.997, "chi2_df": 3, "chi2_threshold": 13.931422665512084, "N_raw": 7, "N_roi": 7, "N_inlier": 7, "refit": true}
{"timestamp": "19:02:20.090439", "frame": 38, "mu": [-2.3461584859183557, 1.245135391207145, -0.5814604299149478], "Sigma": [[0.008514277282388035, 0.00720158072954961, -0.0019378803928181618], [0.007201580729549611, 0.02374619441497909, -0.0034714819393193304], [-0.0019378803928181622, -0.0034714819393193304, 0.0021118176832064144]], "chi2_level": 0.997, "chi2_df": 3, "chi2_threshold": 13.931422665512084, "N_raw": 47, "N_roi": 43, "N_inlier": 43, "refit": true}
{"timestamp": "19:02:20.139415", "frame": 39, "mu": [-2.106474176905636, 0.9512255105466707, 1.1593485478000454], "Sigma": [[0.34744341358435993, -0.13521668365813921, 0.09269056489047547], [-0.13521668365813921, 0.07031140975154343, -0.04495698401443874], [0.09269056489047549, -0.04495698401443874, 0.030591174630308013]], "chi2_level": 0.997, "chi2_df": 3, "chi2_threshold": 13.931422665512084, "N_raw": 12, "N_roi": 12, "N_inlier": 12, "refit": true}
{"timestamp": "19:02:20.197819", "frame": 40, "mu": [-2.2538659161385524, 1.1087197082862592, 1.1358243333649487], "Sigma": [[0.00516578135775146, 0.005704574565483855, -0.000491597573266349], [0.005704574565483855, 0.011419672739848586, -0.0039455797081775325], [-0.000491597573266349, -0.003945579708177533, 0.018432850354920052]], "chi2_level": 0.997, "chi2_df": 3, "chi2_threshold": 13.931422665512084, "N_raw": 32, "N_roi": 32, "N_inlier": 32, "refit": true}
{"timestamp": "19:02:20.254271", "frame": 41, "mu": [-2.239573513855284, 1.103011402931749, 1.2466343936330282], "Sigma": [[0.009000073022932606, 0.008190963158536197, -0.006411138820202744], [0.008190963158536197, 0.017707204478702956, -0.008718541014429568], [-0.006411138820202744, -0.008718541014429568, 0.006060163260158842]], "chi2_level": 0.997, "chi2_df": 3, "chi2_threshold": 13.931422665512084, "N_raw": 38, "N_roi": 38, "N_inlier": 38, "refit": true}
{"timestamp": "19:02:20.306771", "frame": 42, "mu": [-2.1841902130605715, 1.1015305459457494, 1.1562507837942562], "Sigma": [[0.005249664755620929, 0.0035090790584442963, -0.003455500691076552], [0.0035090790584442963, 0.007518384011968959, -0.003960003733792547], [-0.003455500691076552, -0.003960003733792547, 0.003471845470777014]], "chi2_level": 0.997, "chi2_df": 3, "chi2_threshold": 13.931422665512084, "N_raw": 23, "N_roi": 23, "N_inlier": 23, "refit": true}
{"timestamp": "19:02:20.361856", "frame": 43, "mu": [-2.187645638973086, 1.151127139715334, 1.268436178998341], "Sigma": [[0.005044655997583475, 0.002802557281848995, -0.0054006014438308875], [0.0028025572818489953, 0.012170152305284876, -0.0018910951834785266], [-0.0054006014438308875, -0.0018910951834785264, 0.006185259771627841]], "chi2_level": 0.997, "chi2_df": 3, "chi2_threshold": 13.931422665512084, "N_raw": 25, "N_roi": 25, "N_inlier": 25, "refit": true}
{"timestamp": "19:02:20.418643", "frame": 44, "mu": [-2.180044132983096, 1.202763735569159, 1.2090963957348038], "Sigma": [[0.007034700835180647, 0.004549915668552078, -0.003938420515328664], [0.004549915668552078, 0.01161083612415357, -0.006476342178719965], [-0.003938420515328664, -0.006476342178719965, 0.005037549753318836]], "chi2_level": 0.997, "chi2_df": 3, "chi2_threshold": 13.931422665512084, "N_raw": 38, "N_roi": 38, "N_inlier": 38, "refit": true}
{"timestamp": "19:02:20.471156", "frame": 45, "mu": [-2.151067289952172, 1.3237780945733013, -0.38602411696688677], "Sigma": [[0.005301728381606819, 0.006314256163862371, -0.003296067754276466], [0.006314256163862371, 0.01080027565990419, -0.004184232521984253], [-0.003296067754276466, -0.004184232521984254, 0.002441585567063055]], "chi2_level": 0.997, "chi2_df": 3, "chi2_threshold": 13.931422665512084, "N_raw": 20, "N_roi": 20, "N_inlier": 19, "refit": true}
{"timestamp": "19:02:20.533920", "frame": 46, "mu": [-2.1582047386868126, 1.1739002266619476, 1.0188548585295543], "Sigma": [[0.015405255658947249, 0.015002130407124203, -0.004749367672729718], [0.015002130407124203, 0.021067178722446372, -0.012118213331568312], [-0.004749367672729718, -0.012118213331568314, 0.015392913194795842]], "chi2_level": 0.997, "chi2_df": 3, "chi2_threshold": 13.931422665512084, "N_raw": 72, "N_roi": 72, "N_inlier": 72, "refit": true}
{"timestamp": "19:02:20.582171", "frame": 47, "mu": [-2.191347017595151, 1.1202823876345054, 0.9170645979132496], "Sigma": [[0.008054579190820794, 0.008093724591310312, -0.005672925928272476], [0.008093724591310312, 0.011482591577352687, -0.00694307159763213], [-0.005672925928272476, -0.00694307159763213, 0.00561508785911628]], "chi2_level": 0.997, "chi2_df": 3, "chi2_threshold": 13.931422665512084, "N_raw": 25, "N_roi": 25, "N_inlier": 25, "refit": true}
{"timestamp": "19:02:20.639070", "frame": 48, "mu": [-2.183302545355663, 1.2501534490011867, 1.1645544315054244], "Sigma": [[0.008485149000594576, 0.008646589725021369, -0.004124370688557869], [0.008646589725021369, 0.011614579518671817, -0.007783323224681501], [-0.004124370688557869, -0.007783323224681501, 0.00794045175895706]], "chi2_level": 0.997, "chi2_df": 3, "chi2_threshold": 13.931422665512084, "N_raw": 35, "N_roi": 35, "N_inlier": 35, "refit": true}
{"timestamp": "19:02:20.691886", "frame": 49, "mu": [-2.114786316782627, 1.268277484620103, 1.2060740784957555], "Sigma": [[0.004705696748236024, 0.003927145423040799, -0.0017623691202055813], [0.0039271454230407985, 0.005593031347961808, -0.004586839061728393], [-0.0017623691202055816, -0.004586839061728393, 0.006715239903650588]], "chi2_level": 0.997, "chi2_df": 3, "chi2_threshold": 13.931422665512084, "N_raw": 25, "N_roi": 25, "N_inlier": 25, "refit": true}
{"timestamp": "19:02:20.748669", "frame": 50, "mu": [-2.0839894482396244, 1.3286344133092665, 1.1362299111383412], "Sigma": [[0.009639536299334847, 0.006935639569661865, 0.0022271913459275287], [0.006935639569661865, 0.007670746962841138, -0.0024843959312031995], [0.0022271913459275287, -0.0024843959312031987, 0.01974755856677378]], "chi2_level": 0.997, "chi2_df": 3, "chi2_threshold": 13.931422665512084, "N_raw": 35, "N_roi": 35, "N_inlier": 35, "refit": true}
{"timestamp": "19:02:20.805826", "frame": 51, "mu": [-2.0672659086496616, 1.3361047968192477, 1.2335062949142896], "Sigma": [[0.008178859462586027, 0.005951081597519084, 0.0014298633474399728], [0.005951081597519083, 0.008920145694306056, -0.0052819601207609], [0.0014298633474399726, -0.0052819601207609, 0.02304951380899912]], "chi2_level": 0.997, "chi2_df": 3, "chi2_threshold": 13.931422665512084, "N_raw": 49, "N_roi": 49, "N_inlier": 49, "refit": true}
{"timestamp": "19:02:20.859682", "frame": 52, "mu": [-2.060244844762161, 1.4464623680778044, 1.1595407866738698], "Sigma": [[0.0119331228764181, 0.007833830513420278, -0.007475856993978661], [0.007833830513420278, 0.010976433648863304, -0.008448788614384566], [-0.007475856993978661, -0.008448788614384568, 0.013251221611875691]], "chi2_level": 0.997, "chi2_df": 3, "chi2_threshold": 13.931422665512084, "N_raw": 42, "N_roi": 42, "N_inlier": 42, "refit": true}
{"timestamp": "19:02:20.911869", "frame": 53, "mu": [-2.0953863633483203, 1.6613406500942163, -0.31805076996079773], "Sigma": [[0.009807140079739101, 0.009477437474828354, -0.006425644265883676], [0.009477437474828355, 0.011664088859416175, -0.012737748184780698], [-0.006425644265883676, -0.012737748184780696, 0.02566952289384493]], "chi2_level": 0.997, "chi2_df": 3, "chi2_threshold": 13.931422665512084, "N_raw": 20, "N_roi": 20, "N_inlier": 20, "refit": true}
{"timestamp": "19:02:20.968259", "frame": 54, "mu": [-2.061714168179941, 1.4819606767575813, 1.5435365357140038], "Sigma": [[0.010520384938570732, 0.0069618258600506, -0.00832364684440163], [0.0069618258600506, 0.010042253475415383, -0.006094723297511544], [-0.00832364684440163, -0.006094723297511544, 0.00733079129261703]], "chi2_level": 0.997, "chi2_df": 3, "chi2_threshold": 13.931422665512084, "N_raw": 31, "N_roi": 31, "N_inlier": 31, "refit": true}
{"timestamp": "19:02:21.025328", "frame": 55, "mu": [-2.018935400099323, 1.4775575161269503, 1.4336143379573592], "Sigma": [[0.00982317090262153, 0.006490270589425987, -0.005078059256022161], [0.006490270589425987, 0.010567776511334443, -0.009867814335597549], [-0.005078059256022161, -0.009867814335597549, 0.013424662957235224]], "chi2_level": 0.997, "chi2_df": 3, "chi2_threshold": 13.931422665512084, "N_raw": 41, "N_roi": 41, "N_inlier": 41, "refit": true}
{"timestamp": "19:02:21.076096", "frame": 56, "mu": [-1.890886915507942, 1.5638879783958437, 1.2836224314010325], "Sigma": [[0.008367897961155807, 0.0069311432045823605, -0.011972596322339008], [0.0069311432045823605, 0.008814861542054445, -0.013595462075517217], [-0.011972596322339008, -0.013595462075517217, 0.03837302219083143]], "chi2_level": 0.997, "chi2_df": 3, "chi2_threshold": 13.931422665512084, "N_raw": 11, "N_roi": 10, "N_inlier": 10, "refit": true}
{"timestamp": "19:02:21.130549", "frame": 57, "mu": [-1.8060400253563693, 1.7663597645759794, 0.7611015600987132], "Sigma": [[0.0017769272971080417, 0.001039346183754791, -0.00884760380139841], [0.001039346183754791, 0.00621032996391457, -0.03280091975946606], [-0.00884760380139841, -0.03280091975946606, 0.23812896263453928]], "chi2_level": 0.997, "chi2_df": 3, "chi2_threshold": 13.931422665512084, "N_raw": 8, "N_roi": 8, "N_inlier": 8, "refit": true}
{"timestamp": "19:02:21.192704", "frame": 58, "mu": [-1.9212056000528945, 1.667400527549193, 1.4877230589191417], "Sigma": [[0.01603517629281369, 0.010997010153421955, -0.010184133354187929], [0.010997010153421957, 0.016579592950650517, -0.008776901189656752], [-0.010184133354187929, -0.008776901189656752, 0.007933860389381682]], "chi2_level": 0.997, "chi2_df": 3, "chi2_threshold": 13.931422665512084, "N_raw": 64, "N_roi": 64, "N_inlier": 61, "refit": true}
{"timestamp": "19:02:21.249950", "frame": 59, "mu": [-1.8888835035919846, 1.7704160116169463, 1.6544179566305883], "Sigma": [[0.02033040334785948, 0.012952522486681895, -0.016936159548112215], [0.012952522486681897, 0.017018698388418952, -0.012871882320302617], [-0.016936159548112215, -0.012871882320302615, 0.017542985096221233]], "chi2_level": 0.997, "chi2_df": 3, "chi2_threshold": 13.931422665512084, "N_raw": 77, "N_roi": 77, "N_inlier": 73, "refit": true}
{"timestamp": "19:02:21.301797", "frame": 60, "mu": [-1.8605403701816516, 1.756125318398592, 1.5976600336508135], "Sigma": [[0.02825447595166533, 0.02307796396866329, -0.042210566209802], [0.02307796396866329, 0.02557759022226614, -0.04125375016872315], [-0.042210566209802, -0.04125375016872315, 0.08834573568571151]], "chi2_level": 0.997, "chi2_df": 3, "chi2_threshold": 13.931422665512084, "N_raw": 55, "N_roi": 55, "N_inlier": 53, "refit": true}
{"timestamp": "19:02:21.351085", "frame": 61, "mu": [-1.683198981725041, 1.9115311028598925, 1.053144041839938], "Sigma": [[0.06963585924711432, 0.07150511262452522, -0.1533903712252485], [0.07150511262452522, 0.08295780943982142, -0.17372135162073715], [-0.15339037122524854, -0.17372135162073715, 0.40728894449837466]], "chi2_level": 0.997, "chi2_df": 3, "chi2_threshold": 13.931422665512084, "N_raw": 15, "N_roi": 15, "N_inlier": 15, "refit": true}
{"timestamp": "19:02:21.404753", "frame": 62, "mu": [-1.7152718509765366, 1.8855383801180767, 1.4875759652287943], "Sigma": [[0.019438363156025172, 0.00672080437028213, -0.012017157468498919], [0.006720804370282131, 0.008966758850131226, -0.008208208688036407], [-0.01201715746849892, -0.008208208688036407, 0.014378328683817167]], "chi2_level": 0.997, "chi2_df": 3, "chi2_threshold": 13.931422665512084, "N_raw": 6, "N_roi": 6, "N_inlier": 6, "refit": true}
{"timestamp": "19:02:21.459658", "frame": 63, "mu": [-1.490842942419378, 2.0176592978824406, 1.0152118756843964], "Sigma": [[0.001991057113606521, -0.004941245887008612, 0.007213806788650801], [-0.004941245887008612, 0.013855710337919692, -0.024569225363269408], [0.0072138067886508015, -0.02456922536326941, 0.06369164787003671]], "chi2_level": 0.997, "chi2_df": 3, "chi2_threshold": 13.931422665512084, "N_raw": 8, "N_roi": 5, "N_inlier": 5, "refit": true}
{"timestamp": "19:02:21.515972", "frame": 64, "mu": [-1.4934788735432596, 2.070487857236851, 0.779513941641765], "Sigma": [[0.006547494067447095, -0.0010769421586697672, 0.005341846432481324], [-0.001076942158669767, 0.0020030345692647424, -0.015075696865416665], [0.005341846432481325, -0.015075696865416665, 0.34202504320890653]], "chi2_level": 0.997, "chi2_df": 3, "chi2_threshold": 13.931422665512084, "N_raw": 11, "N_roi": 9, "N_inlier": 9, "refit": true}
{"timestamp": "19:02:21.570996", "frame": 65, "mu": [-1.5575371689434694, 2.1187481934886505, 1.0390217767244998], "Sigma": [[0.02050781109163554, 0.0009290461412533851, 0.058144431619365736], [0.0009290461412533851, 0.0020440338752970686, -0.0017372381197304117], [0.058144431619365736, -0.001737238119730412, 0.2218914823880762]], "chi2_level": 0.997, "chi2_df": 3, "chi2_threshold": 13.931422665512084, "N_raw": 8, "N_roi": 8, "N_inlier": 8, "refit": true}
{"timestamp": "19:02:21.634180", "frame": 66, "mu": [-1.5328814298033864, 2.179089073641564, 0.9738448112972399], "Sigma": [[0.013256373976087437, -0.0028248779621797377, 0.02844990342047623], [-0.0028248779621797377, 0.008744372421225381, -0.04210327788922013], [0.028449903420476225, -0.04210327788922013, 0.329113815194959]], "chi2_level": 0.997, "chi2_df": 3, "chi2_threshold": 13.931422665512084, "N_raw": 70, "N_roi": 70, "N_inlier": 69, "refit": true}
{"timestamp": "19:02:21.682092", "frame": 67, "mu": [-1.3807422665586206, 2.375893805487615, -0.3852102419376291], "Sigma": [[0.00597059726179846, -0.012405378539148576, 0.03054394641712163], [-0.012405378539148576, 0.02813389659474742, -0.06840278707474443], [0.03054394641712163, -0.06840278707474443, 0.17695651185603825]], "chi2_level": 0.997, "chi2_df": 3, "chi2_threshold": 13.931422665512084, "N_raw": 8, "N_roi": 8, "N_inlier": 8, "refit": true}
{"timestamp": "19:02:21.740968", "frame": 68, "mu": [-1.2744372827121746, 2.187070834079178, 1.186706793283015], "Sigma": [[0.005364079140656729, 0.0013528519576544635, -0.0034741899730851107], [0.0013528519576544637, 0.003528144115941177, -0.010975740271748644], [-0.0034741899730851107, -0.010975740271748646, 0.04259575122369379]], "chi2_level": 0.997, "chi2_df": 3, "chi2_threshold": 13.931422665512084, "N_raw": 36, "N_roi": 36, "N_inlier": 33, "refit": true}
{"timestamp": "19:02:21.798639", "frame": 69, "mu": [-1.2868335838606175, 2.316246374636304, -0.4599562845995112], "Sigma": [[0.009644285598960701, 0.007948113039604235, 0.011714994813883457], [0.007948113039604235, 0.01841979605251892, 0.005775666282065099], [0.011714994813883453, 0.005775666282065099, 0.05254424487781462]], "chi2_level": 0.997, "chi2_df": 3, "chi2_threshold": 13.931422665512084, "N_raw": 55, "N_roi": 55, "N_inlier": 53, "refit": true}
{"timestamp": "19:02:21.853286", "frame": 70, "mu": [-1.2647728199987913, 2.281405162041923, 1.3852545488721288], "Sigma": [[0.007010826397501093, 0.0009478640673685707, -0.0074524199148714495], [0.0009478640673685707, 0.0023902896116339625, -0.005877086888558182], [-0.0074524199148714495, -0.005877086888558182, 0.029629312900121767]], "chi2_level": 0.997, "chi2_df": 3, "chi2_threshold": 13.931422665512084, "N_raw": 42, "N_roi": 42, "N_inlier": 41, "refit": true}
{"timestamp": "19:02:21.911012", "frame": 71, "mu": [-1.3027158684035844, 2.323882650239367, 1.5159128129805346], "Sigma": [[0.013282954213368498, 0.000283495655361064, -0.017031182747080313], [0.000283495655361064, 0.0051656990317745935, -0.00669992579204955], [-0.017031182747080313, -0.00669992579204955, 0.03799734867025298]], "chi2_level": 0.997, "chi2_df": 3, "chi2_threshold": 13.931422665512084, "N_raw": 69, "N_roi": 69, "N_inlier": 65, "refit": true}
{"timestamp": "19:02:21.962717", "frame": 72, "mu": [-1.2496581039172476, 2.3881774213973608, 1.4251472352674464], "Sigma": [[0.011383437432556563, 0.002453292932108636, -0.013016879694724232], [0.002453292932108636, 0.004274200505545758, -0.006899148470755111], [-0.013016879694724232, -0.006899148470755111, 0.024988839431195946]], "chi2_level": 0.997, "chi2_df": 3, "chi2_threshold": 13.931422665512084, "N_raw": 44, "N_roi": 44, "N_inlier": 41, "refit": true}
{"timestamp": "19:02:22.024432", "frame": 73, "mu": [-1.1860865431030438, 2.4397328788751613, -0.18595457105671465], "Sigma": [[0.013531327209526609, -0.0007975065608579394, -0.02316419554934255], [-0.0007975065608579392, 0.009744793809667444, -0.007453868930635427], [-0.02316419554934255, -0.007453868930635427, 0.1154749315837454]], "chi2_level": 0.997, "chi2_df": 3, "chi2_threshold": 13.931422665512084, "N_raw": 89, "N_roi": 89, "N_inlier": 87, "refit": true}
{"timestamp": "19:02:22.077694", "frame": 74, "mu": [-1.1644243501379061, 2.4363099620283526, 1.4152992493967107], "Sigma": [[0.012921706139763832, -3.643675897880548e-05, -0.011188103997499848], [-3.643675897880537e-05, 0.005529024839832757, -0.006432773758481523], [-0.011188103997499848, -0.006432773758481523, 0.027635704961256613]], "chi2_level": 0.997, "chi2_df": 3, "chi2_threshold": 13.931422665512084, "N_raw": 76, "N_roi": 76, "N_inlier": 72, "refit": true}
{"timestamp": "19:02:22.128239", "frame": 75, "mu": [-1.083524813316882, 2.4755061891721004, 1.107272789119041], "Sigma": [[0.012221063589311283, 0.0009559203279365653, -0.003948975895076808], [0.0009559203279365652, 0.0022074340945555148, -0.0029897301999335657], [-0.003948975895076808, -0.0029897301999335657, 0.045079507668153364]], "chi2_level": 0.997, "chi2_df": 3, "chi2_threshold": 13.931422665512084, "N_raw": 46, "N_roi": 46, "N_inlier": 43, "refit": true}
{"timestamp": "19:02:22.184921", "frame": 76, "mu": [-1.0784346520629624, 2.5165596131815815, 1.3648031816601562], "Sigma": [[0.012073058198268951, 0.0005620722000329547, -0.01655498789492099], [0.0005620722000329547, 0.003324668627577079, -0.0047434879674899295], [-0.01655498789492099, -0.0047434879674899295, 0.12128212738814419]], "chi2_level": 0.997, "chi2_df": 3, "chi2_threshold": 13.931422665512084, "N_raw": 61, "N_roi": 61, "N_inlier": 58, "refit": true}
{"timestamp": "19:02:22.236305", "frame": 77, "mu": [-1.068301878863595, 2.5499226221144236, 1.016729968241502], "Sigma": [[0.005654353406349787, 0.0009262914668243993, -0.010445310196610208], [0.0009262914668243991, 0.005017670089503541, -0.009212810037666544], [-0.01044531019661021, -0.009212810037666544, 0.39254153316942586]], "chi2_level": 0.997, "chi2_df": 3, "chi2_threshold": 13.931422665512084, "N_raw": 34, "N_roi": 34, "N_inlier": 34, "refit": true}
{"timestamp": "19:02:22.295033", "frame": 78, "mu": [-1.0351335185078816, 2.615949878041882, 1.0968427841647554], "Sigma": [[0.011078508226161242, 0.00274823636957035, -0.02720867401340967], [0.0027482363695703503, 0.004009375216788952, -0.0244930908500128], [-0.02720867401340967, -0.024493090850012795, 0.3325387757824943]], "chi2_level": 0.997, "chi2_df": 3, "chi2_threshold": 13.931422665512084, "N_raw": 57, "N_roi": 57, "N_inlier": 56, "refit": true}
{"timestamp": "19:02:22.356199", "frame": 79, "mu": [-0.9824178442645114, 2.648419067708417, 1.1788788788466305], "Sigma": [[0.015050464994868609, 0.0022800241031879086, -0.01813310271292505], [0.002280024103187909, 0.009829394223051275, -0.02242299291002698], [-0.01813310271292505, -0.02242299291002698, 0.1825670753014149]], "chi2_level": 0.997, "chi2_df": 3, "chi2_threshold": 13.931422665512084, "N_raw": 97, "N_roi": 97, "N_inlier": 95, "refit": true}
{"timestamp": "19:02:22.406851", "frame": 80, "mu": [-0.9533530092859837, 2.6678306611720393, 1.3580249532039903], "Sigma": [[0.012104650939605338, 0.0005819708944519392, -0.0075293283497177895], [0.0005819708944519394, 0.004813834545207485, -0.00802865359427635], [-0.0075293283497177895, -0.00802865359427635, 0.030108081048162545]], "chi2_level": 0.997, "chi2_df": 3, "chi2_threshold": 13.931422665512084, "N_raw": 68, "N_roi": 68, "N_inlier": 65, "refit": true}
{"timestamp": "19:02:22.460587", "frame": 81, "mu": [-0.9091630716811971, 2.903241825525572, -0.349740717627888], "Sigma": [[0.011152736776593408, 0.0007830853488403752, -0.0029776211150232944], [0.0007830853488403758, 0.06552256905807588, -0.17759611881056062], [-0.0029776211150232957, -0.17759611881056064, 0.5071833130750585]], "chi2_level": 0.997, "chi2_df": 3, "chi2_threshold": 13.931422665512084, "N_raw": 60, "N_roi": 60, "N_inlier": 60, "refit": true}
{"timestamp": "19:02:22.512508", "frame": 82, "mu": [-0.8761960810707237, 2.740871914004479, 1.414421198281096], "Sigma": [[0.007948291719382421, 0.00012874670911173895, -0.019826758182276336], [0.00012874670911173895, 0.0055578503543761435, -0.018627666213631454], [-0.019826758182276336, -0.018627666213631457, 0.24456935174035702]], "chi2_level": 0.997, "chi2_df": 3, "chi2_threshold": 13.931422665512084, "N_raw": 35, "N_roi": 35, "N_inlier": 34, "refit": true}
{"timestamp": "19:02:22.572243", "frame": 83, "mu": [-0.8111057080927977, 2.775170903051202, 1.3050836063245081], "Sigma": [[0.010940904351468595, 0.001483983335998911, -0.010583403098019988], [0.0014839833359989105, 0.007149175509723414, -0.017787121789809283], [-0.010583403098019988, -0.017787121789809283, 0.05932063739457491]], "chi2_level": 0.997, "chi2_df": 3, "chi2_threshold": 13.931422665512084, "N_raw": 67, "N_roi": 65, "N_inlier": 63, "refit": true}
{"timestamp": "19:02:22.627437", "frame": 84, "mu": [-0.7735064986288698, 2.8783299979315036, 0.01632336503873733], "Sigma": [[0.009441246289599423, 0.0021621894589383237, -0.006611410838738028], [0.0021621894589383232, 0.012226264244234617, -0.02043112798195819], [-0.006611410838738028, -0.020431127981958192, 0.03792283428996803]], "chi2_level": 0.997, "chi2_df": 3, "chi2_threshold": 13.931422665512084, "N_raw": 58, "N_roi": 58, "N_inlier": 55, "refit": true}
{"timestamp": "19:02:22.674508", "frame": 85, "mu": [-0.7564110910912157, 2.852090025903664, 0.8426921767940693], "Sigma": [[0.003137945232945915, -0.0012419849041864104, -0.0042078664041547195], [-0.0012419849041864102, 0.006833833627274425, -0.023849765599722086], [-0.004207866404154719, -0.023849765599722086, 0.38638214184457315]], "chi2_level": 0.997, "chi2_df": 3, "chi2_threshold": 13.931422665512084, "N_raw": 12, "N_roi": 12, "N_inlier": 12, "refit": true}
{"timestamp": "19:02:22.741099", "frame": 86, "mu": [-0.7797097858139834, 2.8896034021935635, 0.9223297465965858], "Sigma": [[0.023519820804314043, -0.0032000499883685436, 0.03145710990535512], [-0.0032000499883685436, 0.002445855408894888, -0.014640658092033541], [0.03145710990535512, -0.01464065809203354, 0.12724571304928467]], "chi2_level": 0.997, "chi2_df": 3, "chi2_threshold": 13.931422665512084, "N_raw": 96, "N_roi": 94, "N_inlier": 91, "refit": true}
{"timestamp": "19:02:22.789783", "frame": 87, "mu": [-0.7288133398798563, 2.966012952831881, 0.3488727205422547], "Sigma": [[0.013885822281953971, 0.0017684865482292707, 0.00696966833935001], [0.0017684865482292707, 0.005110153852105506, -0.02627468346971358], [0.00696966833935001, -0.02627468346971358, 0.3240728353820667]], "chi2_level": 0.997, "chi2_df": 3, "chi2_threshold": 13.931422665512084, "N_raw": 50, "N_roi": 46, "N_inlier": 46, "refit": true}
{"timestamp": "19:02:22.845920", "frame": 88, "mu": [-0.6826301796992165, 3.15815940566795, -0.3128300514488589], "Sigma": [[0.03364035840082927, -0.00840277428910217, 0.031514268635951775], [-0.00840277428910217, 0.011812683951079437, -0.031330952235537335], [0.031514268635951775, -0.031330952235537335, 0.10467681786521282]], "chi2_level": 0.997, "chi2_df": 3, "chi2_threshold": 13.931422665512084, "N_raw": 69, "N_roi": 69, "N_inlier": 68, "refit": true}
{"timestamp": "19:02:22.907471", "frame": 89, "mu": [-0.6744656744548289, 2.999995879188589, 0.7747503612098948], "Sigma": [[0.0371144957921426, 0.00013378801381666887, 0.04646508517910116], [0.00013378801381666903, 0.003184080695952659, -0.014204147396370149], [0.04646508517910116, -0.014204147396370145, 0.1754962850834795]], "chi2_level": 0.997, "chi2_df": 3, "chi2_threshold": 13.931422665512084, "N_raw": 106, "N_roi": 106, "N_inlier": 106, "refit": true}
{"timestamp": "19:02:22.958050", "frame": 90, "mu": [-0.5768050313216838, 3.0327648966693204, 1.201370638817417], "Sigma": [[0.016973853668992733, -0.0014827314578223902, 0.003712297546530993], [-0.0014827314578223902, 0.0037668606802565394, -0.022701958064460098], [0.003712297546530992, -0.022701958064460098, 0.19474411026438496]], "chi2_level": 0.997, "chi2_df": 3, "chi2_threshold": 13.931422665512084, "N_raw": 71, "N_roi": 71, "N_inlier": 70, "refit": true}
{"timestamp": "19:02:23.008018", "frame": 91, "mu": [-0.5117712760471473, 3.0403073427661487, 1.2870300250202633], "Sigma": [[0.013137889492578778, -1.2225875386777754e-05, -0.0035526940601444392], [-1.2225875386777754e-05, 0.0023061690875368366, -0.011644485981825364], [-0.00355269406014444, -0.011644485981825364, 0.14084025852613644]], "chi2_level": 0.997, "chi2_df": 3, "chi2_threshold": 13.931422665512084, "N_raw": 50, "N_roi": 50, "N_inlier": 49, "refit": true}
{"timestamp": "19:02:23.066497", "frame": 92, "mu": [-0.45541531166791654, 3.068333660384855, 1.3668424223736526], "Sigma": [[0.018569741728915557, -0.00037499200050724625, -0.0053325253210856575], [-0.0003749920005072464, 0.003968292038108662, -0.005683963312012924], [-0.0053325253210856575, -0.005683963312012925, 0.04372264204206852]], "chi2_level": 0.997, "chi2_df": 3, "chi2_threshold": 13.931422665512084, "N_raw": 70, "N_roi": 70, "N_inlier": 67, "refit": true}
{"timestamp": "19:02:23.124274", "frame": 93, "mu": [-0.4623601558652508, 3.136497005468408, 1.1038726617998738], "Sigma": [[0.021982907476219685, 0.0012364052554856926, -0.05537121635130405], [0.0012364052554856924, 0.0059924821142434284, -0.024880299080517254], [-0.05537121635130405, -0.024880299080517254, 0.5044179834550141]], "chi2_level": 0.997, "chi2_df": 3, "chi2_threshold": 13.931422665512084, "N_raw": 79, "N_roi": 78, "N_inlier": 77, "refit": true}
{"timestamp": "19:02:23.176372", "frame": 94, "mu": [-0.4299508951419669, 3.2343358073592268, 0.7908226195392557], "Sigma": [[0.011612557698720126, 0.0003550563345005787, 2.117107840920139e-05], [0.0003550563345005791, 0.013371459597341276, -0.056642029198108304], [2.1171078409199656e-05, -0.056642029198108304, 0.6486631827140864]], "chi2_level": 0.997, "chi2_df": 3, "chi2_threshold": 13.931422665512084, "N_raw": 59, "N_roi": 59, "N_inlier": 59, "refit": true}
{"timestamp": "19:02:23.230123", "frame": 95, "mu": [-0.48186600579697914, 3.2426537351583233, 1.559769205486335], "Sigma": [[0.02029400131628463, 0.0015882658732404267, -0.017326246301361342], [0.0015882658732404265, 0.005126185701633313, -0.0017952184460348687], [-0.017326246301361342, -0.0017952184460348687, 0.016587132104928286]], "chi2_level": 0.997, "chi2_df": 3, "chi2_threshold": 13.931422665512084, "N_raw": 62, "N_roi": 62, "N_inlier": 57, "refit": true}
{"timestamp": "19:02:23.291000", "frame": 96, "mu": [-0.444784779082176, 3.3704047947655593, -0.6102309087044262], "Sigma": [[0.017240128890108418, 0.0060787680301081295, 0.04131940962922993], [0.006078768030108129, 0.03525547158473953, -0.03610640223837402], [0.04131940962922993, -0.03610640223837402, 0.48705807525334877]], "chi2_level": 0.997, "chi2_df": 3, "chi2_threshold": 13.931422665512084, "N_raw": 102, "N_roi": 102, "N_inlier": 101, "refit": true}
{"timestamp": "19:02:23.341507", "frame": 97, "mu": [-0.3660344444375153, 3.328852004531117, 1.3757200270190078], "Sigma": [[0.01877730794857438, -0.002270705075247595, -0.007693801536140881], [-0.002270705075247595, 0.004628104597564044, -0.005743143012311478], [-0.00769380153614088, -0.005743143012311479, 0.018621839757987018]], "chi2_level": 0.997, "chi2_df": 3, "chi2_threshold": 13.931422665512084, "N_raw": 66, "N_roi": 66, "N_inlier": 62, "refit": true}
{"timestamp": "19:02:23.398918", "frame": 98, "mu": [-0.37444945181828393, 3.3786201379285346, 1.0636491974444042], "Sigma": [[0.018381609197260763, 0.0007802314030021511, 0.024885302790928036], [0.0007802314030021508, 0.005281246825304204, -0.015826744910401896], [0.024885302790928043, -0.015826744910401896, 0.3454787567401684]], "chi2_level": 0.997, "chi2_df": 3, "chi2_threshold": 13.931422665512084, "N_raw": 84, "N_roi": 84, "N_inlier": 84, "refit": true}
{"timestamp": "19:02:23.444507", "frame": 99, "mu": [-0.3886159294381359, 3.402567310438533, 0.7253911405593376], "Sigma": [[0.011470756251677696, 0.0013738099185241531, 0.010772770186379866], [0.0013738099185241534, 0.0038730177784727566, -0.012839037231914475], [0.010772770186379864, -0.012839037231914477, 0.2388854124731318]], "chi2_level": 0.997, "chi2_df": 3, "chi2_threshold": 13.931422665512084, "N_raw": 22, "N_roi": 22, "N_inlier": 22, "refit": true}
{"timestamp": "19:02:23.571087", "frame": 100, "mu": [-0.333466359795592, 3.4986657539282815, 1.0604467780046898], "Sigma": [[0.015779467734210434, -0.0005873691559458707, -0.019819595203409757], [-0.0005873691559458707, 0.0033962440663287416, -0.011459623356901896], [-0.019819595203409757, -0.011459623356901896, 0.22849324944599916]], "chi2_level": 0.997, "chi2_df": 3, "chi2_threshold": 13.931422665512084, "N_raw": 70, "N_roi": 70, "N_inlier": 70, "refit": true}
{"timestamp": "19:02:23.602400", "frame": 101, "mu": [-0.23044876884801557, 3.52132649696525, 0.9379307077176221], "Sigma": [[0.020967183570768894, -0.0033701819919516596, 0.014981790469125403], [-0.0033701819919516596, 0.010460274240760967, -0.041153458757829234], [0.0149817904691254, -0.04115345875782924, 0.3176941665112745]], "chi2_level": 0.997, "chi2_df": 3, "chi2_threshold": 13.931422665512084, "N_raw": 102, "N_roi": 102, "N_inlier": 102, "refit": true}
{"timestamp": "19:02:23.635097", "frame": 102, "mu": [-0.18939878245014266, 3.536994942058267, 1.329568889288386], "Sigma": [[0.01517064730715935, -0.0034436426072905067, 0.006115438029336772], [-0.0034436426072905063, 0.007771846271911258, -0.02318056766944296], [0.00611543802933677, -0.02318056766944296, 0.07794460953565716]], "chi2_level": 0.997, "chi2_df": 3, "chi2_threshold": 13.931422665512084, "N_raw": 58, "N_roi": 58, "N_inlier": 56, "refit": true}
{"timestamp": "19:02:23.667779", "frame": 103, "mu": [-0.17713682963938582, 3.666865532425045, 0.7525948054449048], "Sigma": [[0.00378823802885574, -0.002394503466014858, 0.005457020821606875], [-0.0023945034660148574, 0.030246690419572946, -0.06467261488539006], [0.0054570208216068745, -0.06467261488539006, 0.1817125572349392]], "chi2_level": 0.997, "chi2_df": 3, "chi2_threshold": 13.931422665512084, "N_raw": 12, "N_roi": 12, "N_inlier": 11, "refit": true}
{"timestamp": "19:02:23.724422", "frame": 104, "mu": [-0.14148233913949823, 3.592544858440421, 0.3933181884298129], "Sigma": [[0.019675462250312657, -0.0004857975476954121, -0.008463150046624785], [-0.0004857975476954121, 0.00847744616342915, -0.012391479728595323], [-0.008463150046624783, -0.012391479728595323, 0.024073596380282027]], "chi2_level": 0.997, "chi2_df": 3, "chi2_threshold": 13.931422665512084, "N_raw": 61, "N_roi": 61, "N_inlier": 56, "refit": true}
{"timestamp": "19:02:23.778506", "frame": 105, "mu": [-0.1566738149741727, 3.6500632310671546, 1.508536270404882], "Sigma": [[0.016935350426368675, -0.001324459978190285, 0.006570458612329441], [-0.0013244599781902851, 0.0029922591898519013, -0.004908481296966411], [0.006570458612329441, -0.00490848129696641, 0.015819657182850888]], "chi2_level": 0.997, "chi2_df": 3, "chi2_threshold": 13.931422665512084, "N_raw": 48, "N_roi": 48, "N_inlier": 46, "refit": true}
{"timestamp": "19:02:23.831165", "frame": 106, "mu": [-0.15082795579325284, 3.7126369306453095, 0.7971400970680435], "Sigma": [[0.01235933102189313, -0.0033179096159893055, 0.0012316207677191386], [-0.003317909615989305, 0.0037934880991401577, -0.008391501115265952], [0.0012316207677191382, -0.00839150111526595, 0.04047681033498127]], "chi2_level": 0.997, "chi2_df": 3, "chi2_threshold": 13.931422665512084, "N_raw": 31, "N_roi": 29, "N_inlier": 28, "refit": true}
{"timestamp": "19:02:23.887883", "frame": 107, "mu": [-0.158467275491115, 3.741635501896882, 0.7709627706061105], "Sigma": [[0.025785814978109417, -0.005677762381277712, 0.008791805997464413], [-0.005677762381277712, 0.002793963012070801, -0.007643051864499759], [0.008791805997464413, -0.007643051864499759, 0.04370071617822287]], "chi2_level": 0.997, "chi2_df": 3, "chi2_threshold": 13.931422665512084, "N_raw": 48, "N_roi": 47, "N_inlier": 47, "refit": true}
{"timestamp": "19:02:23.945236", "frame": 108, "mu": [-0.05702883537681909, 3.793749132923414, 1.072766386469039], "Sigma": [[0.0196109963414497, -0.002189329279304377, 0.006601344674398584], [-0.002189329279304377, 0.002060434961255026, -0.007864554646454032], [0.006601344674398584, -0.007864554646454032, 0.04367336872730798]], "chi2_level": 0.997, "chi2_df": 3, "chi2_threshold": 13.931422665512084, "N_raw": 62, "N_roi": 62, "N_inlier": 61, "refit": true}
{"timestamp": "19:02:23.997001", "frame": 109, "mu": [0.06412028356053581, 3.771803820796199, 1.5759603059182716], "Sigma": [[0.01279056293409434, -0.0007223758889726179, -0.008340789161179158], [-0.0007223758889726179, 0.002525225746407338, -0.002394680793979047], [-0.008340789161179158, -0.002394680793979047, 0.011859697323146177]], "chi2_level": 0.997, "chi2_df": 3, "chi2_threshold": 13.931422665512084, "N_raw": 36, "N_roi": 36, "N_inlier": 33, "refit": true}
{"timestamp": "19:02:24.056774", "frame": 110, "mu": [-0.0013684940697916243, 3.8339900548862618, 1.4361662496813552], "Sigma": [[0.025579521281822205, -0.00893188776159147, 0.03131255727937733], [-0.008931887761591468, 0.0072507707749787115, -0.023055647386315894], [0.03131255727937733, -0.023055647386315894, 0.1518084870358655]], "chi2_level": 0.997, "chi2_df": 3, "chi2_threshold": 13.931422665512084, "N_raw": 67, "N_roi": 65, "N_inlier": 64, "refit": true}
{"timestamp": "19:02:24.104272", "frame": 111, "mu": [0.1516648974032247, 3.8247989963071696, 1.3897721944997499], "Sigma": [[0.0041499491005687755, -0.002345825692041324, 0.007291690713973336], [-0.0023458256920413237, 0.00852423672530376, -0.03859479394175595], [0.007291690713973336, -0.03859479394175595, 0.19278291871092082]], "chi2_level": 0.997, "chi2_df": 3, "chi2_threshold": 13.931422665512084, "N_raw": 16, "N_roi": 16, "N_inlier": 16, "refit": true}
{"timestamp": "19:02:24.161853", "frame": 112, "mu": [0.16686730530948854, 3.8359296788217847, 0.5022827325491779], "Sigma": [[0.010985185126140112, 0.0007872785201043404, -0.006498898313078077], [0.00078727852010434, 0.02147040766345361, -0.037579677524742436], [-0.006498898313078076, -0.037579677524742436, 0.07281372618687884]], "chi2_level": 0.997, "chi2_df": 3, "chi2_threshold": 13.931422665512084, "N_raw": 34, "N_roi": 34, "N_inlier": 32, "refit": true}
{"timestamp": "19:02:24.217188", "frame": 113, "mu": [0.1688330832839517, 3.9011791079948566, 1.4498518386934252], "Sigma": [[0.020022815942732322, -0.006544251542706093, -0.006490131210845175], [-0.006544251542706093, 0.007819055789080922, -0.017340935882464093], [-0.006490131210845176, -0.017340935882464093, 0.08574458397932674]], "chi2_level": 0.997, "chi2_df": 3, "chi2_threshold": 13.931422665512084, "N_raw": 42, "N_roi": 42, "N_inlier": 42, "refit": true}
{"timestamp": "19:02:24.271289", "frame": 114, "mu": [0.20073908709386956, 3.8791338342093025, 1.486721403293982], "Sigma": [[0.01185202064231504, -0.0015005019097925655, -0.004129467624266136], [-0.0015005019097925655, 0.005591053965652845, -0.024101304735503322], [-0.004129467624266133, -0.024101304735503322, 0.12809479393515813]], "chi2_level": 0.997, "chi2_df": 3, "chi2_threshold": 13.931422665512084, "N_raw": 27, "N_roi": 27, "N_inlier": 27, "refit": true}
{"timestamp": "19:02:24.324132", "frame": 115, "mu": [0.264000882117339, 3.9028254519104912, 1.4784982825732682], "Sigma": [[0.009408852300466937, -0.00031364804031728253, -0.007805577482250949], [-0.00031364804031728275, 0.0009344439032375409, -0.0018450906199638946], [-0.00780557748225095, -0.0018450906199638942, 0.019981924269279666]], "chi2_level": 0.997, "chi2_df": 3, "chi2_threshold": 13.931422665512084, "N_raw": 20, "N_roi": 19, "N_inlier": 19, "refit": true}
{"timestamp": "19:02:24.382385", "frame": 116, "mu": [0.20543559261161182, 3.904962253237684, 0.7736728281633602], "Sigma": [[0.015068913305675459, 0.002394706528395665, -0.013166482824714082], [0.002394706528395665, 0.0042307021721897575, -0.0018766099248155544], [-0.013166482824714082, -0.0018766099248155544, 0.01452251361562422]], "chi2_level": 0.997, "chi2_df": 3, "chi2_threshold": 13.931422665512084, "N_raw": 39, "N_roi": 39, "N_inlier": 38, "refit": true}
{"timestamp": "19:02:24.439132", "frame": 117, "mu": [0.21121885654384162, 3.9884854260197273, 1.5807529763310153], "Sigma": [[0.020193369817617726, -0.00045630221855691975, -0.011862368542155253], [-0.00045630221855691975, 0.0035487669445844815, -0.003998346729059165], [-0.011862368542155253, -0.003998346729059165, 0.018647454000525872]], "chi2_level": 0.997, "chi2_df": 3, "chi2_threshold": 13.931422665512084, "N_raw": 52, "N_roi": 51, "N_inlier": 49, "refit": true}
{"timestamp": "19:02:24.493171", "frame": 118, "mu": [0.24998082004001515, 4.04495620248858, 1.5783637960480157], "Sigma": [[0.018098326797380614, -0.0014464575064677865, -0.00733152810117507], [-0.0014464575064677863, 0.003836897665430999, -0.0055394260141219485], [-0.00733152810117507, -0.0055394260141219485, 0.01788274178101415]], "chi2_level": 0.997, "chi2_df": 3, "chi2_threshold": 13.931422665512084, "N_raw": 51, "N_roi": 50, "N_inlier": 48, "refit": true}
{"timestamp": "19:02:24.545789", "frame": 119, "mu": [0.26945614436758786, 4.123948982757929, 1.4579601787296939], "Sigma": [[0.012391502224731964, -0.003290080331406581, -0.0058347315030522], [-0.003290080331406581, 0.00298937026447492, -0.004628561129661217], [-0.0058347315030522, -0.004628561129661217, 0.03096049961040174]], "chi2_level": 0.997, "chi2_df": 3, "chi2_threshold": 13.931422665512084, "N_raw": 33, "N_roi": 33, "N_inlier": 30, "refit": true}
{"timestamp": "19:02:24.604803", "frame": 120, "mu": [0.2795477987185047, 4.210046898316221, 1.383068279918004], "Sigma": [[0.021196019395953006, -0.004991626886714428, -0.010165305833795685], [-0.004991626886714428, 0.003661455347125962, -0.004211929483916063], [-0.010165305833795685, -0.004211929483916063, 0.03972993301004564]], "chi2_level": 0.997, "chi2_df": 3, "chi2_threshold": 13.931422665512084, "N_raw": 52, "N_roi": 50, "N_inlier": 49, "refit": true}
{"timestamp": "19:02:24.658320", "frame": 121, "mu": [0.3206942662704657, 4.239750285971911, -0.0027435636160107156], "Sigma": [[0.013736652087000268, 0.0037140847560783656, 0.04171424777249911], [0.0037140847560783656, 0.00914161548381091, -0.013915555910310221], [0.041714247772499116, -0.013915555910310221, 0.4069759285649342]], "chi2_level": 0.997, "chi2_df": 3, "chi2_threshold": 13.931422665512084, "N_raw": 42, "N_roi": 42, "N_inlier": 42, "refit": true}
{"timestamp": "19:02:24.707870", "frame": 122, "mu": [0.39575507949185207, 4.186469067657161, 1.6196456228094505], "Sigma": [[0.008914748707304843, -0.001432261746897593, -0.0020842600732142776], [-0.0014322617468975928, 0.003525247967031859, -0.005655630113898473], [-0.0020842600732142776, -0.005655630113898474, 0.016996981229201798]], "chi2_level": 0.997, "chi2_df": 3, "chi2_threshold": 13.931422665512084, "N_raw": 22, "N_roi": 22, "N_inlier": 21, "refit": true}
