{"timestamp": "19:26:51.022616", "frame": 19, "mu": [-2.1077933590927036, 4.621386167226173, 1.3077776863802004], "Sigma": [[0.37585400918421735, -0.7388237443019299, 0.14648458552028268], [-0.7388237443019297, 1.5187848216590314, -0.30226219417788425], [0.14648458552028265, -0.30226219417788425, 0.06017552201938857]], "chi2_level": 0.997, "chi2_df": 3, "chi2_threshold": 13.931422665512084, "N_raw": 54, "N_roi": 9, "N_inlier": 9, "refit": true}
{"timestamp": "19:26:51.128008", "frame": 21, "mu": [-2.2323454825315765, 4.94333450516945, 1.1425455844414312], "Sigma": [[0.011717802239320578, 0.001597160747625981, 0.014550632270594433], [0.001597160747625981, 0.0009574551425899221, 0.0010842284657940867], [0.014550632270594431, 0.0010842284657940865, 0.04857502987893292]], "chi2_level": 0.997, "chi2_df": 3, "chi2_threshold": 13.931422665512084, "N_raw": 23, "N_roi": 16, "N_inlier": 15, "refit": true}
{"timestamp": "19:26:51.185937", "frame": 22, "mu": [-2.163835769827618, 4.927499621519564, 1.2901826551248505], "Sigma": [[0.01776758351030183, 0.002803824648169359, 0.00490820144623501], [0.002803824648169359, 0.0022714894573746514, -0.005495079524837026], [0.004908201446235011, -0.005495079524837026, 0.027774949396307765]], "chi2_level": 0.997, "chi2_df": 3, "chi2_threshold": 13.931422665512084, "N_raw": 43, "N_roi": 24, "N_inlier": 24, "refit": true}
{"timestamp": "19:26:51.245271", "frame": 23, "mu": [-2.0600512679867666, 4.890728445134223, 1.1379862382760537], "Sigma": [[0.039857428169557084, 0.005943898788504411, -0.017329086120043663], [0.005943898788504411, 0.0036817008433217193, -0.005371301874659832], [-0.017329086120043663, -0.005371301874659832, 0.01403514196076697]], "chi2_level": 0.997, "chi2_df": 3, "chi2_threshold": 13.931422665512084, "N_raw": 55, "N_roi": 41, "N_inlier": 39, "refit": true}
{"timestamp": "19:26:51.300191", "frame": 24, "mu": [-2.10856944012817, 4.833968625583139, 0.8532175091706126], "Sigma": [[0.0379095259635991, 0.010579798781346916, -0.00132610162843101], [0.010579798781346916, 0.003975851010070878, -0.00047886653428302927], [-0.0013261016284310096, -0.00047886653428302894, 0.07951997791320559]], "chi2_level": 0.997, "chi2_df": 3, "chi2_threshold": 13.931422665512084, "N_raw": 59, "N_roi": 49, "N_inlier": 49, "refit": true}
{"timestamp": "19:26:51.354444", "frame": 25, "mu": [-2.2031046360208424, 4.745728087208074, 0.4797498403318266], "Sigma": [[0.03167128445861474, 0.0010913266595913894, -0.029191926398873632], [0.0010913266595913894, 0.004178054211627807, -0.0022290155215648065], [-0.029191926398873632, -0.0022290155215648065, 0.03648245034738044]], "chi2_level": 0.997, "chi2_df": 3, "chi2_threshold": 13.931422665512084, "N_raw": 51, "N_roi": 46, "N_inlier": 44, "refit": true}
{"timestamp": "19:26:51.402966", "frame": 26, "mu": [-2.2295797857327555, 4.743210271254747, 0.8064349628447992], "Sigma": [[0.024059708983349786, 0.00023217843875778725, 0.01808736195692794], [0.00023217843875778725, 0.0010146346258344539, 0.0010215182808858035], [0.01808736195692794, 0.0010215182808858032, 0.029303352417903203]], "chi2_level": 0.997, "chi2_df": 3, "chi2_threshold": 13.931422665512084, "N_raw": 9, "N_roi": 9, "N_inlier": 9, "refit": true}
{"timestamp": "19:26:51.461548", "frame": 27, "mu": [-2.251288055121139, 4.736780623932961, 0.8664792927555115], "Sigma": [[0.0197734505684444, -0.00038208305266112787, 0.0013815706892744855], [-0.00038208305266112835, 0.0018147665498965844, -0.002370357001748192], [0.0013815706892744855, -0.002370357001748192, 0.024104110404134203]], "chi2_level": 0.997, "chi2_df": 3, "chi2_threshold": 13.931422665512084, "N_raw": 32, "N_roi": 21, "N_inlier": 21, "refit": true}
{"timestamp": "19:26:51.516231", "frame": 28, "mu": [-2.0969386636792087, 4.6724264397492155, 1.0532103039014675], "Sigma": [[0.027171963919740423, 0.008585095408395563, -0.01587290703320525], [0.008585095408395563, 0.004200082166209129, -0.008624150958663077], [-0.01587290703320525, -0.008624150958663075, 0.022341342057290672]], "chi2_level": 0.997, "chi2_df": 3, "chi2_threshold": 13.931422665512084, "N_raw": 35, "N_roi": 32, "N_inlier": 31, "refit": true}
{"timestamp": "19:26:51.570181", "frame": 29, "mu": [-2.035841141309188, 4.6613092543231955, 1.192255965358354], "Sigma": [[0.01867292423001561, 0.004949785454158538, -0.01688600440563229], [0.004949785454158538, 0.0021689514028296352, -0.006766664854784523], [-0.01688600440563229, -0.006766664854784523, 0.030195126014678216]], "chi2_level": 0.997, "chi2_df": 3, "chi2_threshold": 13.931422665512084, "N_raw": 21, "N_roi": 21, "N_inlier": 21, "refit": true}
{"timestamp": "19:26:51.627450", "frame": 30, "mu": [-2.1781602382196823, 4.686270267967026, 0.2307739873740446], "Sigma": [[0.03165462692226691, 0.01055970437218695, -0.006237342631260761], [0.01055970437218695, 0.0073563942470836075, -0.006315689961008192], [-0.0062373426312607606, -0.006315689961008192, 0.007478500399917961]], "chi2_level": 0.997, "chi2_df": 3, "chi2_threshold": 13.931422665512084, "N_raw": 37, "N_roi": 34, "N_inlier": 34, "refit": true}
{"timestamp": "19:26:51.680885", "frame": 31, "mu": [-2.198024533432366, 4.537462419620987, 0.9737102054612251], "Sigma": [[0.02223417563748603, 0.0038271935760153925, -0.00821917359483827], [0.0038271935760153925, 0.002241010640502522, -0.005567831850310918], [-0.008219173594838269, -0.005567831850310918, 0.0215501919915861]], "chi2_level": 0.997, "chi2_df": 3, "chi2_threshold": 13.931422665512084, "N_raw": 29, "N_roi": 29, "N_inlier": 29, "refit": true}
{"timestamp": "19:26:51.736241", "frame": 32, "mu": [-2.1345102191086824, 4.541638491071832, 1.008184774442043], "Sigma": [[0.027311189813894278, 0.006945812569726923, -0.015340168015942103], [0.006945812569726923, 0.004241310096756703, -0.006718791119941352], [-0.015340168015942103, -0.006718791119941352, 0.01501434660698409]], "chi2_level": 0.997, "chi2_df": 3, "chi2_threshold": 13.931422665512084, "N_raw": 36, "N_roi": 35, "N_inlier": 35, "refit": true}
{"timestamp": "19:26:51.793698", "frame": 33, "mu": [-2.14012546299403, 4.451760770150066, 0.9255100628531971], "Sigma": [[0.027312035679148985, 0.00644432651545646, -0.019666952779124773], [0.00644432651545646, 0.00415729026390895, -0.007869444610250347], [-0.019666952779124773, -0.007869444610250347, 0.021619205131284024]], "chi2_level": 0.997, "chi2_df": 3, "chi2_threshold": 13.931422665512084, "N_raw": 40, "N_roi": 37, "N_inlier": 37, "refit": true}
{"timestamp": "19:26:51.845941", "frame": 34, "mu": [-2.1967038399307977, 4.433259755447415, 0.834008487295243], "Sigma": [[0.022424228485748068, 0.004125341124258752, -0.016772698015518117], [0.004125341124258752, 0.0028041296334789766, -0.0028407826176123905], [-0.016772698015518117, -0.002840782617612391, 0.014063936468913857]], "chi2_level": 0.997, "chi2_df": 3, "chi2_threshold": 13.931422665512084, "N_raw": 26, "N_roi": 23, "N_inlier": 22, "refit": true}
{"timestamp": "19:26:51.903886", "frame": 35, "mu": [-2.2333129182327967, 4.3499869367232185, 0.9286453871026318], "Sigma": [[0.02684248087535593, 0.006164407300349001, -0.02082114806307452], [0.006164407300349001, 0.004826836829466182, -0.009510764382887536], [-0.020821148063074515, -0.009510764382887536, 0.028012955156078583]], "chi2_level": 0.997, "chi2_df": 3, "chi2_threshold": 13.931422665512084, "N_raw": 51, "N_roi": 43, "N_inlier": 43, "refit": true}
{"timestamp": "19:26:51.960013", "frame": 36, "mu": [-2.1604635896844404, 4.3222259737460265, 0.9482039363941052], "Sigma": [[0.03492721148302168, 0.0058691375581798105, -0.020128542410184736], [0.0058691375581798105, 0.003167068446124263, -0.00664588298616741], [-0.02012854241018474, -0.00664588298616741, 0.0205519093793365]], "chi2_level": 0.997, "chi2_df": 3, "chi2_threshold": 13.931422665512084, "N_raw": 56, "N_roi": 44, "N_inlier": 43, "refit": true}
{"timestamp": "19:26:52.012734", "frame": 37, "mu": [-2.0785724126919423, 4.28300499278508, 0.7503342493425528], "Sigma": [[0.0295051748015484, 0.007590300685238233, -0.017522835803200514], [0.007590300685238234, 0.0026747409718636114, -0.006823796784759187], [-0.017522835803200514, -0.006823796784759187, 0.034047189442589075]], "chi2_level": 0.997, "chi2_df": 3, "chi2_threshold": 13.931422665512084, "N_raw": 41, "N_roi": 38, "N_inlier": 38, "refit": true}
{"timestamp": "19:26:52.066737", "frame": 38, "mu": [-2.1909644020258865, 4.215817879849712, 0.9697866787153444], "Sigma": [[0.028249037769901876, 0.006564653429046434, -0.01945138072771491], [0.006564653429046434, 0.0022995597336745435, -0.007609365913610235], [-0.019451380727714913, -0.007609365913610235, 0.040207709367192784]], "chi2_level": 0.997, "chi2_df": 3, "chi2_threshold": 13.931422665512084, "N_raw": 38, "N_roi": 38, "N_inlier": 37, "refit": true}
{"timestamp": "19:26:52.123607", "frame": 39, "mu": [-2.216045071668701, 4.159067117946375, 0.9836627103040888], "Sigma": [[0.02962018655710426, 0.007342361941671177, -0.013009544777570884], [0.007342361941671177, 0.0043097205167302215, -0.008600915831941338], [-0.013009544777570884, -0.008600915831941338, 0.022479599361157933]], "chi2_level": 0.997, "chi2_df": 3, "chi2_threshold": 13.931422665512084, "N_raw": 50, "N_roi": 45, "N_inlier": 45, "refit": true}
{"timestamp": "19:26:52.172897", "frame": 40, "mu": [-2.2089219515233314, 4.112256292003551, 0.8839665758923665], "Sigma": [[0.010655797896290634, 0.0010161198761086, 0.022299062289473974], [0.0010161198761086, 0.00026827454455585027, 0.002411620603291694], [0.022299062289473974, 0.0024116206032916945, 0.051991211912977044]], "chi2_level": 0.997, "chi2_df": 3, "chi2_threshold": 13.931422665512084, "N_raw": 5, "N_roi": 5, "N_inlier": 5, "refit": true}
{"timestamp": "19:26:52.236407", "frame": 41, "mu": [-2.2163434102390007, 4.052122030727355, 1.0718195433148496], "Sigma": [[0.026790302869960387, 0.005756492007424599, -0.012704612723817942], [0.005756492007424599, 0.0060448944607290524, -0.006442361033806442], [-0.012704612723817944, -0.006442361033806443, 0.01172227129073461]], "chi2_level": 0.997, "chi2_df": 3, "chi2_threshold": 13.931422665512084, "N_raw": 60, "N_roi": 48, "N_inlier": 47, "refit": true}
{"timestamp": "19:26:52.288522", "frame": 42, "mu": [-2.089470705747635, 4.016028592830883, 1.0332445273525925], "Sigma": [[0.0252399695932556, 0.008070405305712887, -0.017365780124488504], [0.008070405305712887, 0.004702109790579075, -0.009402372597569902], [-0.0173657801244885, -0.009402372597569902, 0.022872338145209795]], "chi2_level": 0.997, "chi2_df": 3, "chi2_threshold": 13.931422665512084, "N_raw": 42, "N_roi": 40, "N_inlier": 40, "refit": true}
{"timestamp": "19:26:52.346482", "frame": 43, "mu": [-2.189098622113953, 3.9682818181993422, 1.0490372599627247], "Sigma": [[0.0308492219984648, 0.006878775693461582, -0.01936026294561277], [0.006878775693461582, 0.005669338240379326, -0.008465194139650434], [-0.019360262945612775, -0.008465194139650432, 0.01894673059226064]], "chi2_level": 0.997, "chi2_df": 3, "chi2_threshold": 13.931422665512084, "N_raw": 60, "N_roi": 49, "N_inlier": 49, "refit": true}
{"timestamp": "19:26:52.399755", "frame": 44, "mu": [-2.1556940200497925, 3.9255463802949833, 1.056423765902128], "Sigma": [[0.03617028900509395, 0.008481597446791398, -0.01605302516578621], [0.0084815974467914, 0.004918545046485662, -0.00848041659898928], [-0.01605302516578621, -0.00848041659898928, 0.01795755312223471]], "chi2_level": 0.997, "chi2_df": 3, "chi2_threshold": 13.931422665512084, "N_raw": 57, "N_roi": 52, "N_inlier": 52, "refit": true}
{"timestamp": "19:26:52.456467", "frame": 45, "mu": [-2.155306500173618, 3.882165494172843, 1.1249598357191548], "Sigma": [[0.031832001402193166, 0.00933351359329749, -0.010328873612135185], [0.009333513593297493, 0.006407507144541363, -0.009180189006234083], [-0.010328873612135185, -0.009180189006234083, 0.01911094761358834]], "chi2_level": 0.997, "chi2_df": 3, "chi2_threshold": 13.931422665512084, "N_raw": 60, "N_roi": 56, "N_inlier": 56, "refit": true}
{"timestamp": "19:26:52.512167", "frame": 46, "mu": [-2.199357585339388, 3.8450483510277076, 1.1183642849691702], "Sigma": [[0.033065706650480274, 0.009051631855862453, -0.0075327687627257936], [0.009051631855862453, 0.00612183785184319, -0.008097024857481826], [-0.0075327687627257936, -0.008097024857481826, 0.015128415374183584]], "chi2_level": 0.997, "chi2_df": 3, "chi2_threshold": 13.931422665512084, "N_raw": 72, "N_roi": 54, "N_inlier": 54, "refit": true}
{"timestamp": "19:26:52.568282", "frame": 47, "mu": [-2.210229269659533, 3.7853272329618495, 1.1541700141028304], "Sigma": [[0.03249917526116776, 0.011494140775154045, -0.0074545317859572606], [0.011494140775154045, 0.00832415518113294, -0.011894327591986446], [-0.007454531785957261, -0.011894327591986446, 0.026602629688718432]], "chi2_level": 0.997, "chi2_df": 3, "chi2_threshold": 13.931422665512084, "N_raw": 69, "N_roi": 64, "N_inlier": 64, "refit": true}
{"timestamp": "19:26:52.619478", "frame": 48, "mu": [-2.2236422138311895, 3.7094291180332237, 0.9528515984060333], "Sigma": [[0.02515460866951215, 0.007972086786118401, -0.005670846807485273], [0.007972086786118403, 0.005806078399967497, -0.005776014068072739], [-0.005670846807485272, -0.005776014068072738, 0.011274918701212683]], "chi2_level": 0.997, "chi2_df": 3, "chi2_threshold": 13.931422665512084, "N_raw": 49, "N_roi": 46, "N_inlier": 46, "refit": true}
{"timestamp": "19:26:52.673065", "frame": 49, "mu": [-2.117334484428683, 3.7003269054252437, 1.1107348572134466], "Sigma": [[0.03045861260048191, 0.008357647853637885, -0.012936054395042527], [0.008357647853637885, 0.004387662531510547, -0.006116200795118051], [-0.012936054395042525, -0.006116200795118051, 0.021652071092048038]], "chi2_level": 0.997, "chi2_df": 3, "chi2_threshold": 13.931422665512084, "N_raw": 40, "N_roi": 40, "N_inlier": 39, "refit": true}
{"timestamp": "19:26:52.732356", "frame": 50, "mu": [-2.193015955553777, 3.633150157168105, 1.0897539985775702], "Sigma": [[0.030837234743810688, 0.01078746002376374, 0.00045705233694279387], [0.01078746002376374, 0.0069313488778139564, -0.0074177615100783235], [0.00045705233694279344, -0.0074177615100783235, 0.02788981594423974]], "chi2_level": 0.997, "chi2_df": 3, "chi2_threshold": 13.931422665512084, "N_raw": 71, "N_roi": 63, "N_inlier": 62, "refit": true}
{"timestamp": "19:26:52.783501", "frame": 51, "mu": [-2.193828940146775, 3.5773226895593155, 1.0367821969448623], "Sigma": [[0.02380171762031969, 0.006091719046926468, -0.012775461584637368], [0.006091719046926467, 0.00450314742765011, -0.00694594406896767], [-0.012775461584637368, -0.00694594406896767, 0.014349736692787196]], "chi2_level": 0.997, "chi2_df": 3, "chi2_threshold": 13.931422665512084, "N_raw": 44, "N_roi": 44, "N_inlier": 42, "refit": true}
{"timestamp": "19:26:52.838162", "frame": 52, "mu": [-2.24546508972111, 3.4972269792968773, 1.2156228208354998], "Sigma": [[0.018989768636709665, 0.005972409976548736, -0.014274661148273138], [0.005972409976548736, 0.0035426594568117127, -0.00872212155998696], [-0.014274661148273138, -0.00872212155998696, 0.02596345759771332]], "chi2_level": 0.997, "chi2_df": 3, "chi2_threshold": 13.931422665512084, "N_raw": 39, "N_roi": 37, "N_inlier": 35, "refit": true}
{"timestamp": "19:26:52.895158", "frame": 53, "mu": [-2.235441587675035, 3.4406020599671256, 1.1454342641568167], "Sigma": [[0.021984785020215683, 0.009049529413291957, -0.008580074038341098], [0.009049529413291957, 0.007693628825861777, -0.008688006104676406], [-0.008580074038341098, -0.008688006104676408, 0.012119719778179817]], "chi2_level": 0.997, "chi2_df": 3, "chi2_threshold": 13.931422665512084, "N_raw": 57, "N_roi": 48, "N_inlier": 48, "refit": true}
{"timestamp": "19:26:52.949204", "frame": 54, "mu": [-2.236256035970959, 3.433449246482226, 1.0823320023115823], "Sigma": [[0.017533759396339037, 0.005021619868078274, -0.005923425163886868], [0.005021619868078274, 0.0033522323240382686, -0.00726277345053787], [-0.005923425163886869, -0.00726277345053787, 0.022796955396025526]], "chi2_level": 0.997, "chi2_df": 3, "chi2_threshold": 13.931422665512084, "N_raw": 42, "N_roi": 40, "N_inlier": 40, "refit": true}
{"timestamp": "19:26:52.999884", "frame": 55, "mu": [-2.27319624265738, 3.380497017464581, 1.0465553645182644], "Sigma": [[0.004862074466420532, 0.0015884035629422167, -0.008472840906422285], [0.0015884035629422167, 0.0042103900153256804, -0.02067509120762448], [-0.008472840906422285, -0.02067509120762448, 0.10870990788782]], "chi2_level": 0.997, "chi2_df": 3, "chi2_threshold": 13.931422665512084, "N_raw": 17, "N_roi": 15, "N_inlier": 15, "refit": true}
{"timestamp": "19:26:53.052658", "frame": 56, "mu": [-2.2535440657967265, 3.3254952787402146, 1.1588538035888187], "Sigma": [[0.005215225386214378, -0.001509911847565792, 0.006781716449894665], [-0.001509911847565792, 0.0012286241209208085, -0.004909346028690979], [0.006781716449894666, -0.004909346028690979, 0.021831793912260047]], "chi2_level": 0.997, "chi2_df": 3, "chi2_threshold": 13.931422665512084, "N_raw": 5, "N_roi": 5, "N_inlier": 5, "refit": true}
{"timestamp": "19:26:53.114159", "frame": 57, "mu": [-2.244871074666687, 3.2684149304594747, 1.2473775463718184], "Sigma": [[0.015197350254035394, 0.007725558098468357, -0.010913281954832557], [0.007725558098468357, 0.005262322330813308, -0.010714291873110095], [-0.010913281954832555, -0.010714291873110095, 0.037655523020764164]], "chi2_level": 0.997, "chi2_df": 3, "chi2_threshold": 13.931422665512084, "N_raw": 48, "N_roi": 33, "N_inlier": 33, "refit": true}
{"timestamp": "19:26:53.165146", "frame": 58, "mu": [-2.0562939519504564, 2.851185176238457, 1.0315518676774829], "Sigma": [[0.51533601241106, -0.6802976155511669, 0.19571182746753701], [-0.6802976155511669, 0.9088374162039187, -0.2612336188916441], [0.19571182746753707, -0.26123361889164415, 0.0750978079173427]], "chi2_level": 0.997, "chi2_df": 3, "chi2_threshold": 13.931422665512084, "N_raw": 19, "N_roi": 5, "N_inlier": 5, "refit": true}
{"timestamp": "19:26:53.225609", "frame": 59, "mu": [-2.226482117922275, 3.1612257033109072, 0.9912653056838934], "Sigma": [[0.01910503699315369, 0.004829600157910412, -0.009526965895680157], [0.004829600157910412, 0.0032359007718449836, -0.004858439227250245], [-0.009526965895680157, -0.004858439227250245, 0.009733243258483047]], "chi2_level": 0.997, "chi2_df": 3, "chi2_threshold": 13.931422665512084, "N_raw": 60, "N_roi": 31, "N_inlier": 31, "refit": true}
{"timestamp": "19:26:53.277268", "frame": 60, "mu": [-2.2659306771048784, 3.1851680230282655, -0.6164891104206691], "Sigma": [[0.01915678510818332, 0.014048023908901187, 0.03758487137471215], [0.014048023908901187, 0.016612879896311845, 0.039705365971661286], [0.03758487137471215, 0.039705365971661286, 0.13320912205365462]], "chi2_level": 0.997, "chi2_df": 3, "chi2_threshold": 13.931422665512084, "N_raw": 39, "N_roi": 33, "N_inlier": 33, "refit": true}
{"timestamp": "19:26:53.329343", "frame": 61, "mu": [-2.265281837927524, 3.0229190913820476, 1.0483199292990375], "Sigma": [[0.009585980306892552, 0.003232463251669462, -0.0053431415238442805], [0.0032324632516694614, 0.0030934140706896985, -0.00465444510627116], [-0.0053431415238442805, -0.00465444510627116, 0.0083309320559427]], "chi2_level": 0.997, "chi2_df": 3, "chi2_threshold": 13.931422665512084, "N_raw": 21, "N_roi": 21, "N_inlier": 20, "refit": true}
{"timestamp": "19:26:53.387779", "frame": 62, "mu": [-2.215183751023271, 2.9709588194498124, 1.0683487370804081], "Sigma": [[0.014580726576921289, 0.005964562515665228, -0.011255662569265096], [0.005964562515665227, 0.003567409861255401, -0.00625267201819826], [-0.011255662569265098, -0.0062526720181982605, 0.013494986947628386]], "chi2_level": 0.997, "chi2_df": 3, "chi2_threshold": 13.931422665512084, "N_raw": 42, "N_roi": 24, "N_inlier": 24, "refit": true}
{"timestamp": "19:26:53.446774", "frame": 63, "mu": [-2.285758067830234, 2.9074640385971886, 1.0852782293058039], "Sigma": [[0.017268281257597967, 0.006168817561995107, -0.006930257441789893], [0.006168817561995107, 0.0073043180140151195, -0.005998530220038065], [-0.006930257441789893, -0.005998530220038065, 0.007951523890048412]], "chi2_level": 0.997, "chi2_df": 3, "chi2_threshold": 13.931422665512084, "N_raw": 74, "N_roi": 44, "N_inlier": 44, "refit": true}
{"timestamp": "19:26:53.556987", "frame": 65, "mu": [-2.3510913400760254, 2.9014169182238065, -0.028446217916333425], "Sigma": [[0.009130073160428742, 0.0047161558420628176, -0.004993615756189484], [0.004716155842062818, 0.009058051815261488, -0.00611777537938827], [-0.004993615756189485, -0.00611777537938827, 0.005497088513518949]], "chi2_level": 0.997, "chi2_df": 3, "chi2_threshold": 13.931422665512084, "N_raw": 64, "N_roi": 29, "N_inlier": 28, "refit": true}
{"timestamp": "19:26:53.617350", "frame": 66, "mu": [-2.290128922833087, 2.789946149546751, 0.4311650074009284], "Sigma": [[0.015054665662532855, 0.0011614995577445928, 0.06552783389600829], [0.0011614995577445932, 0.007716011364343672, 0.008878182422045217], [0.0655278338960083, 0.008878182422045215, 0.42999405845105637]], "chi2_level": 0.997, "chi2_df": 3, "chi2_threshold": 13.931422665512084, "N_raw": 104, "N_roi": 62, "N_inlier": 62, "refit": true}
{"timestamp": "19:26:53.668348", "frame": 67, "mu": [-2.185615333131247, 2.8717106533988583, -0.13731613906984597], "Sigma": [[0.02727624383816859, 0.00835832805826913, -0.007825931211618828], [0.00835832805826913, 0.00570073846499435, -0.006560555474096568], [-0.007825931211618828, -0.006560555474096567, 0.01328602434288583]], "chi2_level": 0.997, "chi2_df": 3, "chi2_threshold": 13.931422665512084, "N_raw": 69, "N_roi": 38, "N_inlier": 37, "refit": true}
{"timestamp": "19:26:53.718976", "frame": 68, "mu": [-2.153024123754224, 2.7183108155756397, 1.1790876613424799], "Sigma": [[0.022062342331243646, 0.00824811566256835, 0.0046087936812739], [0.008248115662568351, 0.005827299657071297, 0.0007538238008055315], [0.004608793681273901, 0.000753823800805532, 0.050112734000976746]], "chi2_level": 0.997, "chi2_df": 3, "chi2_threshold": 13.931422665512084, "N_raw": 46, "N_roi": 46, "N_inlier": 46, "refit": true}
{"timestamp": "19:26:53.779438", "frame": 69, "mu": [-2.1904447352793817, 2.6506021184007205, 1.0988725023960098], "Sigma": [[0.027149240616604703, 0.006487580010945857, -3.285902640739243e-05], [0.006487580010945857, 0.005069655820162871, -0.0018037720425686217], [-3.285902640739308e-05, -0.001803772042568622, 0.03315667499263848]], "chi2_level": 0.997, "chi2_df": 3, "chi2_threshold": 13.931422665512084, "N_raw": 80, "N_roi": 64, "N_inlier": 64, "refit": true}
{"timestamp": "19:26:53.827365", "frame": 70, "mu": [-2.182205389469116, 2.60097905090014, 1.1085709177308858], "Sigma": [[0.03468694251140924, 0.009316036492796494, 0.021237991397109093], [0.009316036492796494, 0.004187615185908677, 0.004908572862658546], [0.021237991397109093, 0.004908572862658547, 0.02656745354647089]], "chi2_level": 0.997, "chi2_df": 3, "chi2_threshold": 13.931422665512084, "N_raw": 36, "N_roi": 22, "N_inlier": 22, "refit": true}
{"timestamp": "19:26:53.889867", "frame": 71, "mu": [-2.236028023244326, 2.5440015630896884, 1.0329793796603484], "Sigma": [[0.019727373843336064, 0.007253914762693776, 0.002808792663607413], [0.007253914762693776, 0.004581925564158307, -0.004361773717717654], [0.002808792663607413, -0.004361773717717654, 0.029375680741242742]], "chi2_level": 0.997, "chi2_df": 3, "chi2_threshold": 13.931422665512084, "N_raw": 81, "N_roi": 57, "N_inlier": 56, "refit": true}
{"timestamp": "19:26:53.944074", "frame": 72, "mu": [-2.1957686996082133, 2.4981485057382553, 1.0743087656772898], "Sigma": [[0.014696361748443224, 0.00671639839042605, -0.00018709810413765978], [0.006716398390426051, 0.005137092621249924, -0.007795005838792333], [-0.00018709810413765978, -0.007795005838792333, 0.03802064125987036]], "chi2_level": 0.997, "chi2_df": 3, "chi2_threshold": 13.931422665512084, "N_raw": 78, "N_roi": 53, "N_inlier": 53, "refit": true}
{"timestamp": "19:26:54.002247", "frame": 73, "mu": [-2.2532424988887065, 2.369645672149283, 1.1000363521801835], "Sigma": [[0.02028068996582743, 0.00906043250442408, -0.005113521046059333], [0.009060432504424079, 0.0053540953541076275, -0.00809237096196164], [-0.005113521046059332, -0.008092370961961639, 0.04778218440320269]], "chi2_level": 0.997, "chi2_df": 3, "chi2_threshold": 13.931422665512084, "N_raw": 105, "N_roi": 61, "N_inlier": 60, "refit": true}
{"timestamp": "19:26:54.060619", "frame": 74, "mu": [-2.248840012132502, 2.4166967576461795, -0.10481251077074047], "Sigma": [[0.024710408280611763, 0.0171907582762224, -0.007559911791266282], [0.0171907582762224, 0.021405084209882196, -0.016271860860755983], [-0.007559911791266282, -0.016271860860755983, 0.017976701408702285]], "chi2_level": 0.997, "chi2_df": 3, "chi2_threshold": 13.931422665512084, "N_raw": 115, "N_roi": 66, "N_inlier": 64, "refit": true}
{"timestamp": "19:26:54.110233", "frame": 75, "mu": [-2.2314396096616598, 2.2798537325934203, 1.1737674760265162], "Sigma": [[0.02261103003359408, 0.014267053379796509, -0.014195013114800648], [0.014267053379796509, 0.011757781370534653, -0.01604176307489194], [-0.01419501311480065, -0.01604176307489194, 0.03255154891139862]], "chi2_level": 0.997, "chi2_df": 3, "chi2_threshold": 13.931422665512084, "N_raw": 86, "N_roi": 62, "N_inlier": 61, "refit": true}
{"timestamp": "19:26:54.159531", "frame": 76, "mu": [-2.2817576738271614, 2.1825173909769164, 1.203800456346367], "Sigma": [[0.020412177262784673, 0.016010765111258273, -0.015416865817988259], [0.016010765111258273, 0.014498776251442186, -0.016762425261865364], [-0.015416865817988257, -0.01676242526186536, 0.0288012947815734]], "chi2_level": 0.997, "chi2_df": 3, "chi2_threshold": 13.931422665512084, "N_raw": 49, "N_roi": 26, "N_inlier": 25, "refit": true}
{"timestamp": "19:26:54.216601", "frame": 77, "mu": [-2.2402536170533467, 2.1443522436777465, 1.1432024917976307], "Sigma": [[0.017973142683112318, 0.014192115177677336, -0.022638263666653995], [0.014192115177677336, 0.014697589994150015, -0.023515782291152643], [-0.022638263666653995, -0.023515782291152643, 0.051410172404741605]], "chi2_level": 0.997, "chi2_df": 3, "chi2_threshold": 13.931422665512084, "N_raw": 69, "N_roi": 47, "N_inlier": 46, "refit": true}
{"timestamp": "19:26:54.273870", "frame": 78, "mu": [-2.1884304185617833, 2.1516382794801405, 1.0409457894325347], "Sigma": [[0.023783018111794216, 0.014987720807569428, -0.01785596621844733], [0.014987720807569428, 0.011878614211231894, -0.015030317268763655], [-0.017855966218447334, -0.015030317268763655, 0.02564835854178328]], "chi2_level": 0.997, "chi2_df": 3, "chi2_threshold": 13.931422665512084, "N_raw": 85, "N_roi": 47, "N_inlier": 47, "refit": true}
{"timestamp": "19:26:54.329467", "frame": 79, "mu": [-2.235230294241098, 2.0550685236827846, 1.0456479974903745], "Sigma": [[0.022999438748651853, 0.01642981845733887, -0.016784950583104048], [0.016429818457338874, 0.013229202517305099, -0.016915212326504878], [-0.016784950583104048, -0.016915212326504878, 0.04329495252750884]], "chi2_level": 0.997, "chi2_df": 3, "chi2_threshold": 13.931422665512084, "N_raw": 87, "N_roi": 68, "N_inlier": 67, "refit": true}
{"timestamp": "19:26:54.385619", "frame": 80, "mu": [-2.2714114527452995, 1.9700473949365624, 1.0338366128427006], "Sigma": [[0.0221919714804859, 0.017971479487568484, -0.00483089715697544], [0.017971479487568484, 0.015894972949414977, -0.007882021724940083], [-0.00483089715697544, -0.007882021724940083, 0.044154128806824025]], "chi2_level": 0.997, "chi2_df": 3, "chi2_threshold": 13.931422665512084, "N_raw": 90, "N_roi": 62, "N_inlier": 62, "refit": true}
{"timestamp": "19:26:54.433682", "frame": 81, "mu": [-2.3674195704627796, 1.9969215118660724, -0.6229391268536649], "Sigma": [[0.01813566806386054, 0.01497817425638051, 0.008442800309742994], [0.014978174256380511, 0.021185126948646806, 0.0035109692857569373], [0.008442800309742994, 0.003510969285756937, 0.018384673896090796]], "chi2_level": 0.997, "chi2_df": 3, "chi2_threshold": 13.931422665512084, "N_raw": 41, "N_roi": 18, "N_inlier": 17, "refit": true}
{"timestamp": "19:26:54.490907", "frame": 82, "mu": [-2.219908993193713, 1.8692176136531655, 0.9716564711106654], "Sigma": [[0.022231455506526054, 0.015627407017173495, -0.019211744526956776], [0.015627407017173495, 0.012471643917000534, -0.017203925754558504], [-0.01921174452695678, -0.017203925754558504, 0.034660603326883914]], "chi2_level": 0.997, "chi2_df": 3, "chi2_threshold": 13.931422665512084, "N_raw": 67, "N_roi": 59, "N_inlier": 58, "refit": true}
{"timestamp": "19:26:54.546065", "frame": 83, "mu": [-2.2629659730853646, 1.7809018193437172, 1.1487803751723895], "Sigma": [[0.019400551701199212, 0.013241978635333228, -0.009863336159103238], [0.013241978635333228, 0.011837953374628061, -0.011976758420417639], [-0.009863336159103238, -0.011976758420417639, 0.02683276976946554]], "chi2_level": 0.997, "chi2_df": 3, "chi2_threshold": 13.931422665512084, "N_raw": 68, "N_roi": 56, "N_inlier": 56, "refit": true}
{"timestamp": "19:26:54.602959", "frame": 84, "mu": [-2.2483010274215767, 1.7017646442570296, 1.1363871957195144], "Sigma": [[0.02105294762559548, 0.01496584281811842, -0.014532441305449197], [0.01496584281811842, 0.016953240483164482, -0.017836298536229308], [-0.014532441305449197, -0.017836298536229308, 0.02371685620392272]], "chi2_level": 0.997, "chi2_df": 3, "chi2_threshold": 13.931422665512084, "N_raw": 79, "N_roi": 69, "N_inlier": 69, "refit": true}
{"timestamp": "19:26:54.655383", "frame": 85, "mu": [-2.3104376365269936, 1.790299692098593, -0.4738743973704495], "Sigma": [[0.013909081376528427, 0.009801237489895333, 0.0025504155624878466], [0.009801237489895333, 0.015534561014218852, -0.010797011571113915], [0.0025504155624878457, -0.010797011571113915, 0.020650831869861788]], "chi2_level": 0.997, "chi2_df": 3, "chi2_threshold": 13.931422665512084, "N_raw": 57, "N_roi": 47, "N_inlier": 46, "refit": true}
{"timestamp": "19:26:54.707959", "frame": 86, "mu": [-2.247346000478687, 1.70722769199915, -0.3960179694990643], "Sigma": [[0.01147417537968838, 0.014104954560948648, 0.003262608289439489], [0.014104954560948648, 0.028128404001445072, 0.0065742130763228185], [0.003262608289439489, 0.0065742130763228185, 0.015903894319306805]], "chi2_level": 0.997, "chi2_df": 3, "chi2_threshold": 13.931422665512084, "N_raw": 44, "N_roi": 44, "N_inlier": 44, "refit": true}
{"timestamp": "19:26:54.763878", "frame": 87, "mu": [-2.212769448630255, 1.5748443745430567, 1.0605336317726755], "Sigma": [[0.01598632595754465, 0.010189678682705207, 0.0074178473263090865], [0.010189678682705207, 0.00899116788248645, -0.0001815860360310812], [0.007417847326309086, -0.00018158603603108108, 0.04385455754751146]], "chi2_level": 0.997, "chi2_df": 3, "chi2_threshold": 13.931422665512084, "N_raw": 50, "N_roi": 49, "N_inlier": 49, "refit": true}
{"timestamp": "19:26:54.821939", "frame": 88, "mu": [-2.1956774566755484, 1.52148878964995, 1.1785759492669905], "Sigma": [[0.015166359078625553, 0.012868769415202878, -0.01370442892508469], [0.012868769415202878, 0.0159768781829445, -0.021461988568064624], [-0.01370442892508469, -0.021461988568064624, 0.03693838414718689]], "chi2_level": 0.997, "chi2_df": 3, "chi2_threshold": 13.931422665512084, "N_raw": 69, "N_roi": 69, "N_inlier": 68, "refit": true}
{"timestamp": "19:26:54.878981", "frame": 89, "mu": [-2.0990409664632392, 1.5131768942320416, 1.0647409906754766], "Sigma": [[0.01955349361174343, 0.01450382900387515, -0.014082026106982993], [0.014503829003875146, 0.014058987574704392, -0.017751382261583917], [-0.014082026106982991, -0.017751382261583917, 0.03767033079551614]], "chi2_level": 0.997, "chi2_df": 3, "chi2_threshold": 13.931422665512084, "N_raw": 79, "N_roi": 79, "N_inlier": 77, "refit": true}
{"timestamp": "19:26:54.939958", "frame": 90, "mu": [-2.1962241612049618, 1.5804714897046672, -0.6181002921795771], "Sigma": [[0.019714831909076694, 0.013397095568651483, 0.016940622157737457], [0.013397095568651485, 0.031096133987072894, -0.013873131565877286], [0.016940622157737457, -0.013873131565877286, 0.08496988298090713]], "chi2_level": 0.997, "chi2_df": 3, "chi2_threshold": 13.931422665512084, "N_raw": 128, "N_roi": 123, "N_inlier": 122, "refit": true}
{"timestamp": "19:26:54.993749", "frame": 91, "mu": [-2.113792984726193, 1.4084680963145428, 1.0529975081051053], "Sigma": [[0.025607599561438404, 0.015584878498838956, 0.005686078848901027], [0.015584878498838956, 0.013719640897138445, -0.006377335218934332], [0.005686078848901028, -0.006377335218934332, 0.055128272066133154]], "chi2_level": 0.997, "chi2_df": 3, "chi2_threshold": 13.931422665512084, "N_raw": 114, "N_roi": 114, "N_inlier": 114, "refit": true}
{"timestamp": "19:26:55.045698", "frame": 92, "mu": [-2.0882251768672235, 1.2894660218973033, 1.1212128496717317], "Sigma": [[0.018922208203171018, 0.011280689125636116, -0.013320455117590984], [0.011280689125636116, 0.018161069728527882, -0.016619739151939872], [-0.013320455117590982, -0.016619739151939872, 0.01885193209737221]], "chi2_level": 0.997, "chi2_df": 3, "chi2_threshold": 13.931422665512084, "N_raw": 86, "N_roi": 86, "N_inlier": 86, "refit": true}
{"timestamp": "19:26:55.096346", "frame": 93, "mu": [-2.080027398065524, 1.257085372490942, 1.0990042565422737], "Sigma": [[0.014316620394241386, 0.008391822128649175, -0.007203778766363552], [0.008391822128649175, 0.010438173100777876, -0.010391214089982125], [-0.007203778766363553, -0.010391214089982125, 0.014722078974649668]], "chi2_level": 0.997, "chi2_df": 3, "chi2_threshold": 13.931422665512084, "N_raw": 64, "N_roi": 64, "N_inlier": 63, "refit": true}
{"timestamp": "19:26:55.149836", "frame": 94, "mu": [-2.1538237455604503, 1.160910228706899, 1.2631762658412198], "Sigma": [[0.010131821387680044, 0.0069641950633448245, -0.006741868918209356], [0.006964195063344824, 0.009877152907737106, -0.011548235024987447], [-0.006741868918209356, -0.011548235024987448, 0.01686993476715884]], "chi2_level": 0.997, "chi2_df": 3, "chi2_threshold": 13.931422665512084, "N_raw": 49, "N_roi": 49, "N_inlier": 48, "refit": true}
{"timestamp": "19:26:55.206900", "frame": 95, "mu": [-2.1105549459579636, 1.1580092408289953, 1.2199775649693758], "Sigma": [[0.014094279066079613, 0.00896185675824979, -0.010182035276843542], [0.00896185675824979, 0.011153724250730215, -0.013906739550053938], [-0.01018203527684354, -0.013906739550053938, 0.024696155779207734]], "chi2_level": 0.997, "chi2_df": 3, "chi2_threshold": 13.931422665512084, "N_raw": 66, "N_roi": 66, "N_inlier": 65, "refit": true}
{"timestamp": "19:26:55.259830", "frame": 96, "mu": [-2.1110692981556474, 1.2977683031104632, -0.43007793370510955], "Sigma": [[0.00928692262078155, 0.006820365447748688, -0.0017933190990391602], [0.006820365447748688, 0.014459089573993488, -0.01285554390783795], [-0.0017933190990391604, -0.012855543907837948, 0.019751594234107432]], "chi2_level": 0.997, "chi2_df": 3, "chi2_threshold": 13.931422665512084, "N_raw": 56, "N_roi": 56, "N_inlier": 55, "refit": true}
{"timestamp": "19:26:55.312050", "frame": 97, "mu": [-2.0997099617633173, 1.0800024175499077, 1.2064424533589027], "Sigma": [[0.00796173723326744, 0.0066010158531751035, -0.0022852228092465096], [0.0066010158531751035, 0.007457658847192798, -0.0069184444305227894], [-0.002285222809246509, -0.0069184444305227894, 0.01833155489306247]], "chi2_level": 0.997, "chi2_df": 3, "chi2_threshold": 13.931422665512084, "N_raw": 43, "N_roi": 43, "N_inlier": 42, "refit": true}
{"timestamp": "19:26:55.366943", "frame": 98, "mu": [-2.1144583683756064, 1.0254862006745347, 1.299041478222944], "Sigma": [[0.007798258106532532, 0.007022111597380402, -0.00502902618510354], [0.007022111597380401, 0.010120220564362787, -0.009654063875142598], [-0.005029026185103541, -0.009654063875142598, 0.011932106182355962]], "chi2_level": 0.997, "chi2_df": 3, "chi2_threshold": 13.931422665512084, "N_raw": 39, "N_roi": 39, "N_inlier": 36, "refit": true}
{"timestamp": "19:26:55.424044", "frame": 99, "mu": [-2.0947045068416723, 0.9890616936895177, 1.238026438895785], "Sigma": [[0.008913221755616572, 0.00798240183921842, -0.0029805113119234445], [0.00798240183921842, 0.012777915288666534, -0.011121592560593651], [-0.0029805113119234445, -0.011121592560593654, 0.016157696336164654]], "chi2_level": 0.997, "chi2_df": 3, "chi2_threshold": 13.931422665512084, "N_raw": 52, "N_roi": 52, "N_inlier": 52, "refit": true}
{"timestamp": "19:26:55.588080", "frame": 100, "mu": [-2.087540025120635, 1.0081428328669955, 1.2432753997098014], "Sigma": [[0.0073180770180848445, 0.006359755000562655, 0.0003631452515832884], [0.006359755000562654, 0.009248286564071605, -0.009020796540620706], [0.00036314525158328827, -0.009020796540620706, 0.03958973953867026]], "chi2_level": 0.997, "chi2_df": 3, "chi2_threshold": 13.931422665512084, "N_raw": 57, "N_roi": 57, "N_inlier": 57, "refit": true}
{"timestamp": "19:26:55.592488", "frame": 101, "mu": [-2.0660940471702594, 1.1384904008365788, -0.6626927149999254], "Sigma": [[0.007754989723432077, 0.007923773365545672, 0.002890404699084309], [0.007923773365545672, 0.013965553905195847, -0.005885865646674585], [0.002890404699084309, -0.005885865646674585, 0.01774585101524221]], "chi2_level": 0.997, "chi2_df": 3, "chi2_threshold": 13.931422665512084, "N_raw": 51, "N_roi": 51, "N_inlier": 51, "refit": true}
{"timestamp": "19:26:55.620604", "frame": 102, "mu": [-2.0537840318666993, 0.8738508595892007, 1.1865200436711987], "Sigma": [[0.009725264838820186, 0.009946073148052676, -0.0035348362421093312], [0.009946073148052676, 0.016275883406478356, -0.00879845153699854], [-0.0035348362421093312, -0.00879845153699854, 0.007851648960553547]], "chi2_level": 0.997, "chi2_df": 3, "chi2_threshold": 13.931422665512084, "N_raw": 42, "N_roi": 42, "N_inlier": 42, "refit": true}
{"timestamp": "19:26:55.653067", "frame": 103, "mu": [-2.044836363991622, 0.8409739364739078, 1.138487992029457], "Sigma": [[0.013091042936188934, 0.013655012974503986, 0.0020059062532076645], [0.013655012974503986, 0.02017336894894636, -0.006109743793086495], [0.0020059062532076645, -0.006109743793086495, 0.01569998097581894]], "chi2_level": 0.997, "chi2_df": 3, "chi2_threshold": 13.931422665512084, "N_raw": 67, "N_roi": 67, "N_inlier": 67, "refit": true}
{"timestamp": "19:26:55.699922", "frame": 104, "mu": [-2.0135389545571503, 0.7816390741357127, 1.1084498723718903], "Sigma": [[0.012839459965599041, 0.013078644122209758, -0.0005065464863679471], [0.013078644122209758, 0.017271719169203725, -0.006412435787708704], [-0.0005065464863679473, -0.006412435787708704, 0.012449233354948153]], "chi2_level": 0.997, "chi2_df": 3, "chi2_threshold": 13.931422665512084, "N_raw": 59, "N_roi": 59, "N_inlier": 58, "refit": true}
{"timestamp": "19:26:55.755104", "frame": 105, "mu": [-1.9776575397965588, 0.731876098686969, 1.108605616343593], "Sigma": [[0.00992400432789033, 0.009832262593742803, -0.001544778601408847], [0.009832262593742803, 0.015085844462611917, -0.007869465598255876], [-0.001544778601408847, -0.007869465598255876, 0.010938391085540837]], "chi2_level": 0.997, "chi2_df": 3, "chi2_threshold": 13.931422665512084, "N_raw": 52, "N_roi": 52, "N_inlier": 51, "refit": true}
{"timestamp": "19:26:55.810071", "frame": 106, "mu": [-1.939912689120172, 0.7048626009446157, 1.0708874905248187], "Sigma": [[0.010256684414347246, 0.009164978298445366, -0.00048788437369895563], [0.009164978298445366, 0.012319942332872381, -0.005857496163600647], [-0.00048788437369895574, -0.005857496163600647, 0.010682173893953676]], "chi2_level": 0.997, "chi2_df": 3, "chi2_threshold": 13.931422665512084, "N_raw": 57, "N_roi": 57, "N_inlier": 54, "refit": true}
