{"timestamp": "17:44:07.259771", "frame": 1, "mu": [-1.5598192200734378, 4.934182216829088, 1.2551929054277], "Sigma": [[0.011725551397935683, 0.0004646755166007882, -0.0023718894484970094], [0.00046467551660078787, 0.00163829592166657, -0.0006399812234190445], [-0.00237188944849701, -0.0006399812234190445, 0.0009067170955856125]], "chi2_level": 0.997, "chi2_df": 3, "chi2_threshold": 13.931422665512084, "N_raw": 44, "N_roi": 16, "N_inlier": 16, "refit": true}
{"timestamp": "17:44:07.315676", "frame": 2, "mu": [-1.5110688290923442, 4.935358646191462, 1.2726929351624832], "Sigma": [[0.03468159169888657, 0.0038826912285644874, -0.008077310714429804], [0.0038826912285644874, 0.0020269253863397915, -0.001465138961785699], [-0.008077310714429804, -0.001465138961785699, 0.0035212054813391833]], "chi2_level": 0.997, "chi2_df": 3, "chi2_threshold": 13.931422665512084, "N_raw": 52, "N_roi": 24, "N_inlier": 24, "refit": true}
{"timestamp": "17:44:07.370203", "frame": 3, "mu": [-1.5194206065140994, 4.938543154403703, 1.267479092956576], "Sigma": [[0.020931545654892553, 0.00195308804303022, -0.001299465522755021], [0.00195308804303022, 0.001969333704503085, -0.0005176408914319031], [-0.001299465522755021, -0.0005176408914319031, 0.0002859585477739334]], "chi2_level": 0.997, "chi2_df": 3, "chi2_threshold": 13.931422665512084, "N_raw": 44, "N_roi": 22, "N_inlier": 21, "refit": true}
{"timestamp": "17:44:07.422428", "frame": 4, "mu": [-1.509545885635018, 4.953210256041845, 1.2315779550516333], "Sigma": [[0.01451641552782011, 0.002284791624367382, -0.008891632973296305], [0.002284791624367382, 0.0017438319673125197, -0.0033087608248286013], [-0.008891632973296305, -0.0033087608248286013, 0.010492578925268328]], "chi2_level": 0.997, "chi2_df": 3, "chi2_threshold": 13.931422665512084, "N_raw": 25, "N_roi": 12, "N_inlier": 12, "refit": true}
{"timestamp": "17:44:07.477424", "frame": 5, "mu": [-1.5285539773602388, 4.939249797778909, 0.5537327208577799], "Sigma": [[0.017695995005214227, 0.002882622056894112, -0.0026939592776175953], [0.0028826220568941114, 0.0014757490432465467, -0.0006535551143197309], [-0.002693959277617595, -0.0006535551143197309, 0.0006283657844285314]], "chi2_level": 0.997, "chi2_df": 3, "chi2_threshold": 13.931422665512084, "N_raw": 33, "N_roi": 15, "N_inlier": 15, "refit": true}
{"timestamp": "17:44:07.587952", "frame": 7, "mu": [-1.4902711032342932, 4.919687159748021, 1.3400374474307497], "Sigma": [[0.012087092674077187, 0.0028645223569649897, -0.007037743249136764], [0.0028645223569649897, 0.0013116005579045722, -0.0024474644242925957], [-0.007037743249136764, -0.0024474644242925957, 0.00666694099236031]], "chi2_level": 0.997, "chi2_df": 3, "chi2_threshold": 13.931422665512084, "N_raw": 12, "N_roi": 10, "N_inlier": 10, "refit": true}
{"timestamp": "17:44:07.643060", "frame": 8, "mu": [-1.4741078045693023, 4.915513577604569, 1.116828261564426], "Sigma": [[0.017707382922340552, 0.002904527102255172, -0.010725564994646223], [0.0029045271022551723, 0.00236366231021741, -0.0005645572101601736], [-0.010725564994646223, -0.0005645572101601735, 0.008050893819044688]], "chi2_level": 0.997, "chi2_df": 3, "chi2_threshold": 13.931422665512084, "N_raw": 26, "N_roi": 20, "N_inlier": 20, "refit": true}
{"timestamp": "17:44:07.700964", "frame": 9, "mu": [-1.4628451022304607, 4.903614141496837, 1.2308774338470223], "Sigma": [[0.026863361082753095, 0.003744681730113066, -0.010247810077516843], [0.003744681730113065, 0.003034224337043664, -0.0016050571135520241], [-0.010247810077516843, -0.0016050571135520241, 0.005518205506808033]], "chi2_level": 0.997, "chi2_df": 3, "chi2_threshold": 13.931422665512084, "N_raw": 37, "N_roi": 32, "N_inlier": 32, "refit": true}
{"timestamp": "17:44:07.757605", "frame": 10, "mu": [-1.4710708976135678, 4.929968133441303, 1.1871255647404346], "Sigma": [[0.021730846954196067, 0.0019428574549297598, -0.012832450908920566], [0.0019428574549297598, 0.0018378000597767611, -0.0010915138401608147], [-0.012832450908920566, -0.0010915138401608147, 0.009627456216644585]], "chi2_level": 0.997, "chi2_df": 3, "chi2_threshold": 13.931422665512084, "N_raw": 45, "N_roi": 22, "N_inlier": 21, "refit": true}
{"timestamp": "17:44:07.812665", "frame": 11, "mu": [-1.4898967217886214, 4.889894337965279, 1.2381254013973584], "Sigma": [[0.031214875135373944, 0.005768357265002178, -0.00980600301728074], [0.005768357265002178, 0.004024790811317282, -0.0016636331960003942], [-0.00980600301728074, -0.0016636331960003942, 0.004256296755896799]], "chi2_level": 0.997, "chi2_df": 3, "chi2_threshold": 13.931422665512084, "N_raw": 43, "N_roi": 36, "N_inlier": 35, "refit": true}
{"timestamp": "17:44:08.031119", "frame": 15, "mu": [-1.4624604530876502, 4.907540424657509, 1.409770251657061], "Sigma": [[0.024036597895059762, 0.005975814413667064, 0.0018472549387263562], [0.0059758144136670644, 0.003995394678681752, 0.0011779124282318238], [0.0018472549387263562, 0.0011779124282318236, 0.005449340095256219]], "chi2_level": 0.997, "chi2_df": 3, "chi2_threshold": 13.931422665512084, "N_raw": 38, "N_roi": 26, "N_inlier": 26, "refit": true}
{"timestamp": "17:44:08.138891", "frame": 17, "mu": [-1.4072979343359844, 4.907129738732004, 1.2074626186210842], "Sigma": [[0.007128266217322561, 0.0006218559525492575, -0.003641709416451584], [0.0006218559525492573, 0.002374384553718998, -0.0033491671379876115], [-0.003641709416451584, -0.0033491671379876115, 0.006346352337354494]], "chi2_level": 0.997, "chi2_df": 3, "chi2_threshold": 13.931422665512084, "N_raw": 24, "N_roi": 6, "N_inlier": 6, "refit": true}
{"timestamp": "17:44:08.196520", "frame": 18, "mu": [-1.3807102963504598, 4.8600861414367, 1.4558207143365292], "Sigma": [[0.02141007378087849, 0.005723030435565586, -0.004476902492236347], [0.005723030435565586, 0.0028784710820124633, -0.0016390505545260106], [-0.0044769024922363485, -0.0016390505545260108, 0.0012814234179912727]], "chi2_level": 0.997, "chi2_df": 3, "chi2_threshold": 13.931422665512084, "N_raw": 38, "N_roi": 23, "N_inlier": 22, "refit": true}
{"timestamp": "17:44:08.247041", "frame": 19, "mu": [-1.0830199343775886, 4.247111637433263, 0.931443709047918], "Sigma": [[0.22482018562058392, -0.7301018104800929, 0.13788026142531404], [-0.730101810480093, 2.5041506886897498, -0.5335882601638391], [0.13788026142531404, -0.5335882601638391, 0.14120918568342616]], "chi2_level": 0.997, "chi2_df": 3, "chi2_threshold": 13.931422665512084, "N_raw": 7, "N_roi": 5, "N_inlier": 5, "refit": true}
{"timestamp": "17:44:08.304866", "frame": 20, "mu": [-1.297887152976852, 4.858583244431893, 1.3739960011890677], "Sigma": [[0.02037076402983172, 0.003811301820996646, -0.006836565470663081], [0.003811301820996646, 0.0026379849936411333, -0.006623451950175625], [-0.006836565470663081, -0.006623451950175625, 0.028122292571983946]], "chi2_level": 0.997, "chi2_df": 3, "chi2_threshold": 13.931422665512084, "N_raw": 36, "N_roi": 33, "N_inlier": 33, "refit": true}
{"timestamp": "17:44:08.361241", "frame": 21, "mu": [-1.3265854383213802, 4.831361586803238, 1.3043150452399526], "Sigma": [[0.02505261494700442, 0.005356654715775837, -0.0033553039949894056], [0.005356654715775837, 0.0029989304298703666, -0.006151913305592704], [-0.0033553039949894056, -0.006151913305592706, 0.02299789731729667]], "chi2_level": 0.997, "chi2_df": 3, "chi2_threshold": 13.931422665512084, "N_raw": 37, "N_roi": 37, "N_inlier": 37, "refit": true}
{"timestamp": "17:44:08.414116", "frame": 22, "mu": [-1.2710623009480007, 4.84425233234018, 1.1262634209653721], "Sigma": [[0.018202381842872213, 0.0033872781293413845, -0.009697223635422171], [0.0033872781293413845, 0.002192532638496234, -0.005318852330835679], [-0.009697223635422171, -0.005318852330835679, 0.02553985551083096]], "chi2_level": 0.997, "chi2_df": 3, "chi2_threshold": 13.931422665512084, "N_raw": 25, "N_roi": 25, "N_inlier": 24, "refit": true}
{"timestamp": "17:44:08.472478", "frame": 23, "mu": [-1.2858847231259691, 4.790043108752339, 1.191783936625249], "Sigma": [[0.031002762898577844, 0.006030012778873104, -0.016784606452366936], [0.006030012778873104, 0.00486571626608874, -0.007020761645597907], [-0.016784606452366936, -0.007020761645597907, 0.017069825401379315]], "chi2_level": 0.997, "chi2_df": 3, "chi2_threshold": 13.931422665512084, "N_raw": 53, "N_roi": 52, "N_inlier": 51, "refit": true}
{"timestamp": "17:44:08.526295", "frame": 24, "mu": [-1.169225756330706, 4.82381750928062, 0.7243490240613296], "Sigma": [[0.01734010932714352, 0.001485909431916354, -0.009903491642116461], [0.0014859094319163541, 0.001856476701536282, -0.006537829737478218], [-0.009903491642116461, -0.006537829737478218, 0.04906948941744279]], "chi2_level": 0.997, "chi2_df": 3, "chi2_threshold": 13.931422665512084, "N_raw": 31, "N_roi": 25, "N_inlier": 25, "refit": true}
{"timestamp": "17:44:08.584500", "frame": 25, "mu": [-1.200009735662093, 4.7298058378264, 0.9536153875229735], "Sigma": [[0.025579373349363433, 0.0060814542785146315, -0.013553437105634794], [0.0060814542785146315, 0.006143369584094866, -0.011396416256660897], [-0.013553437105634794, -0.011396416256660897, 0.025729102352064166]], "chi2_level": 0.997, "chi2_df": 3, "chi2_threshold": 13.931422665512084, "N_raw": 62, "N_roi": 59, "N_inlier": 59, "refit": true}
{"timestamp": "17:44:08.634074", "frame": 26, "mu": [-1.152982045904607, 4.76765383020792, 0.9365730091298271], "Sigma": [[0.012424897122377886, 0.0016260298624877299, -0.006319701340006147], [0.0016260298624877299, 0.0015344538582382889, -0.0037517073155898147], [-0.006319701340006149, -0.0037517073155898147, 0.014573245028791459]], "chi2_level": 0.997, "chi2_df": 3, "chi2_threshold": 13.931422665512084, "N_raw": 23, "N_roi": 20, "N_inlier": 20, "refit": true}
{"timestamp": "17:44:08.695067", "frame": 27, "mu": [-1.1267817623887915, 4.705046307112113, 1.0188151438632178], "Sigma": [[0.02755714927311425, 0.007773005143175616, -0.015912443578669326], [0.007773005143175616, 0.005810700753038046, -0.010019230545524635], [-0.015912443578669326, -0.010019230545524635, 0.02250356303212488]], "chi2_level": 0.997, "chi2_df": 3, "chi2_threshold": 13.931422665512084, "N_raw": 59, "N_roi": 53, "N_inlier": 53, "refit": true}
{"timestamp": "17:44:08.745169", "frame": 28, "mu": [-1.111263635864799, 4.630548473622578, 0.937135462620208], "Sigma": [[0.011424851573949547, 0.003397719938620496, -0.0021375733482367856], [0.003397719938620496, 0.0032999512751701234, -0.0027483730876516153], [-0.002137573348236786, -0.0027483730876516153, 0.004635585780163338]], "chi2_level": 0.997, "chi2_df": 3, "chi2_threshold": 13.931422665512084, "N_raw": 26, "N_roi": 23, "N_inlier": 23, "refit": true}
{"timestamp": "17:44:08.801421", "frame": 29, "mu": [-1.0732684125536538, 4.6078580030649645, 1.1085259938170087], "Sigma": [[0.02703443047448788, 0.005756608010622161, -0.005144619938913145], [0.005756608010622161, 0.0054620728027017255, -0.0028118589956130854], [-0.005144619938913145, -0.0028118589956130854, 0.0024891801852171113]], "chi2_level": 0.997, "chi2_df": 3, "chi2_threshold": 13.931422665512084, "N_raw": 47, "N_roi": 47, "N_inlier": 46, "refit": true}
{"timestamp": "17:44:08.852503", "frame": 30, "mu": [-1.0145739805079956, 4.629540384917002, 0.9639053257549615], "Sigma": [[0.009537178073523925, 0.011039244089928343, 0.0029470881154205673], [0.011039244089928343, 0.01314548261300606, 0.003743746848889961], [0.0029470881154205673, 0.0037437468488899605, 0.007930832114444066]], "chi2_level": 0.997, "chi2_df": 3, "chi2_threshold": 13.931422665512084, "N_raw": 5, "N_roi": 5, "N_inlier": 5, "refit": true}
{"timestamp": "17:44:08.907395", "frame": 31, "mu": [-1.118587917791384, 4.555551458368351, 1.110651966845855], "Sigma": [[0.008832729642313767, 0.0018953513203189293, -0.002069266057420722], [0.0018953513203189293, 0.0024344967189923487, -0.0006549261886412412], [-0.002069266057420722, -0.0006549261886412412, 0.0007077795460225074]], "chi2_level": 0.997, "chi2_df": 3, "chi2_threshold": 13.931422665512084, "N_raw": 18, "N_roi": 18, "N_inlier": 17, "refit": true}
{"timestamp": "17:44:08.968506", "frame": 32, "mu": [-0.9766260501062463, 4.5806733895500225, 1.1211213503848452], "Sigma": [[0.03342700206629953, 0.007641565115473246, -0.01980097238498342], [0.007641565115473245, 0.0058249157833095335, -0.006738427802930939], [-0.01980097238498342, -0.006738427802930939, 0.015204145185564953]], "chi2_level": 0.997, "chi2_df": 3, "chi2_threshold": 13.931422665512084, "N_raw": 55, "N_roi": 52, "N_inlier": 52, "refit": true}
{"timestamp": "17:44:09.024739", "frame": 33, "mu": [-0.8978136545216512, 4.568917010255408, 0.9534946442299415], "Sigma": [[0.0442860045956104, 0.014726024177217007, -0.018107329432517888], [0.014726024177217007, 0.01008257451813054, -0.00561789683948398], [-0.01810732943251789, -0.00561789683948398, 0.010495435165717399]], "chi2_level": 0.997, "chi2_df": 3, "chi2_threshold": 13.931422665512084, "N_raw": 56, "N_roi": 56, "N_inlier": 56, "refit": true}
{"timestamp": "17:44:09.081457", "frame": 34, "mu": [-0.856333619248398, 4.564835107144082, 1.109443717495162], "Sigma": [[0.03993010357838315, 0.011941911125203566, -0.007029136999336908], [0.011941911125203567, 0.009835686206921488, -0.005463374776259613], [-0.007029136999336909, -0.005463374776259613, 0.0038271200514304374]], "chi2_level": 0.997, "chi2_df": 3, "chi2_threshold": 13.931422665512084, "N_raw": 72, "N_roi": 67, "N_inlier": 66, "refit": true}
{"timestamp": "17:44:09.135436", "frame": 35, "mu": [-0.7287378092562733, 4.56197447683521, 1.1050007767437404], "Sigma": [[0.03578435973178273, 0.010501029883801926, -0.00026704972249993287], [0.010501029883801926, 0.007730198361534573, -0.0011568602491471207], [-0.0002670497224999329, -0.0011568602491471207, 0.0005793538614298504]], "chi2_level": 0.997, "chi2_df": 3, "chi2_threshold": 13.931422665512084, "N_raw": 55, "N_roi": 50, "N_inlier": 50, "refit": true}
{"timestamp": "17:44:09.185998", "frame": 36, "mu": [-0.772452185516507, 4.500773112355319, 0.9220836224464042], "Sigma": [[0.020374144536122733, 0.007160384361173146, 0.00139791281834656], [0.007160384361173146, 0.00622461331962777, -0.0010852041807265366], [0.00139791281834656, -0.0010852041807265368, 0.007089954898998416]], "chi2_level": 0.997, "chi2_df": 3, "chi2_threshold": 13.931422665512084, "N_raw": 36, "N_roi": 34, "N_inlier": 34, "refit": true}
{"timestamp": "17:44:09.244038", "frame": 37, "mu": [-0.7189336059033571, 4.452648190819067, 0.9113115037146382], "Sigma": [[0.035187209872520386, 0.005763844555924796, -0.008865366923197116], [0.005763844555924796, 0.0027132105025163417, -0.006533498280234522], [-0.008865366923197116, -0.006533498280234522, 0.024152181100613727]], "chi2_level": 0.997, "chi2_df": 3, "chi2_threshold": 13.931422665512084, "N_raw": 54, "N_roi": 52, "N_inlier": 52, "refit": true}
{"timestamp": "17:44:09.298598", "frame": 38, "mu": [-0.628727125827227, 4.414058532689424, 0.9854452305504694], "Sigma": [[0.03665468890157016, 0.004756150669327504, -0.0020974664303218676], [0.004756150669327504, 0.004181447557688868, -0.0032070065542601023], [-0.0020974664303218676, -0.0032070065542601023, 0.015411969200611561]], "chi2_level": 0.997, "chi2_df": 3, "chi2_threshold": 13.931422665512084, "N_raw": 56, "N_roi": 56, "N_inlier": 55, "refit": true}
{"timestamp": "17:44:09.360161", "frame": 39, "mu": [-0.6321371903679303, 4.467191727039556, 0.09988078736902078], "Sigma": [[0.03893818696668122, 0.006210828488327081, 0.012102782012439715], [0.00621082848832708, 0.00626578304839259, 0.0028213769842977505], [0.012102782012439715, 0.00282137698429775, 0.007757524603099117]], "chi2_level": 0.997, "chi2_df": 3, "chi2_threshold": 13.931422665512084, "N_raw": 62, "N_roi": 59, "N_inlier": 57, "refit": true}
{"timestamp": "17:44:09.410086", "frame": 40, "mu": [-0.6344875384787593, 4.406551537776011, 0.11642373273108085], "Sigma": [[0.03995642739550107, 0.007030643347951759, -0.005357450993502478], [0.007030643347951759, 0.0064180088895415014, 0.0009959391519362502], [-0.005357450993502478, 0.00099593915193625, 0.003383831914461303]], "chi2_level": 0.997, "chi2_df": 3, "chi2_threshold": 13.931422665512084, "N_raw": 61, "N_roi": 59, "N_inlier": 58, "refit": true}
{"timestamp": "17:44:09.464026", "frame": 41, "mu": [-0.5855411704858228, 4.302599516736184, 1.0419614671101416], "Sigma": [[0.03571469766765838, 0.008165111456258756, 0.004537806509434044], [0.008165111456258756, 0.007950212933926578, 0.003676091413074089], [0.004537806509434044, 0.003676091413074089, 0.0026899709153188475]], "chi2_level": 0.997, "chi2_df": 3, "chi2_threshold": 13.931422665512084, "N_raw": 54, "N_roi": 54, "N_inlier": 52, "refit": true}
{"timestamp": "17:44:09.522515", "frame": 42, "mu": [-0.6184312556914765, 4.237039679007566, 1.0441210852488618], "Sigma": [[0.03814446309603137, 0.011174560823114705, 0.00018910455018880494], [0.011174560823114705, 0.011139942461332224, -0.004653027917500744], [0.00018910455018880483, -0.004653027917500744, 0.0065839692569388646]], "chi2_level": 0.997, "chi2_df": 3, "chi2_threshold": 13.931422665512084, "N_raw": 79, "N_roi": 78, "N_inlier": 78, "refit": true}
{"timestamp": "17:44:09.581124", "frame": 43, "mu": [-0.5433519592980509, 4.229982047023385, 1.0083440298459256], "Sigma": [[0.03932135428873511, 0.008618085856861385, -0.00747829487657657], [0.008618085856861385, 0.012600786643177661, -0.003737689745349196], [-0.00747829487657657, -0.0037376897453491958, 0.006401059373956648]], "chi2_level": 0.997, "chi2_df": 3, "chi2_threshold": 13.931422665512084, "N_raw": 94, "N_roi": 91, "N_inlier": 87, "refit": true}
{"timestamp": "17:44:09.633964", "frame": 44, "mu": [-0.5240750377926633, 4.149267295546229, 0.9430136786730976], "Sigma": [[0.03651326691224334, 0.00565623915395933, -0.01911411924162832], [0.00565623915395933, 0.008472810354717085, -0.00867381699992914], [-0.01911411924162832, -0.008673816999929139, 0.02435111438230434]], "chi2_level": 0.997, "chi2_df": 3, "chi2_threshold": 13.931422665512084, "N_raw": 84, "N_roi": 84, "N_inlier": 83, "refit": true}
{"timestamp": "17:44:09.687232", "frame": 45, "mu": [-0.5177915402192697, 4.10215209841155, 1.1627449713394236], "Sigma": [[0.03077274868007833, 0.004139211390695776, -0.006260566627658152], [0.004139211390695776, 0.00611569817020048, -0.0053336197034963995], [-0.006260566627658153, -0.005333619703496399, 0.007705063940422771]], "chi2_level": 0.997, "chi2_df": 3, "chi2_threshold": 13.931422665512084, "N_raw": 66, "N_roi": 66, "N_inlier": 63, "refit": true}
{"timestamp": "17:44:09.735979", "frame": 46, "mu": [-0.4910939461072136, 4.032305373501335, 1.3200082126099668], "Sigma": [[0.02038233752835183, 0.004908134065531315, 0.0024351899906335087], [0.004908134065531315, 0.003969809878523751, -0.0003815967762878054], [0.0024351899906335087, -0.0003815967762878054, 0.014121473615181963]], "chi2_level": 0.997, "chi2_df": 3, "chi2_threshold": 13.931422665512084, "N_raw": 35, "N_roi": 35, "N_inlier": 34, "refit": true}
{"timestamp": "17:44:09.802018", "frame": 47, "mu": [-0.44208059703234687, 4.033917556621491, 0.9960503206276299], "Sigma": [[0.03147623701651618, 0.0019518387830382558, -0.0181616524241947], [0.0019518387830382556, 0.006101450014990831, -0.008700420380045535], [-0.0181616524241947, -0.008700420380045535, 0.024431384039043658]], "chi2_level": 0.997, "chi2_df": 3, "chi2_threshold": 13.931422665512084, "N_raw": 82, "N_roi": 80, "N_inlier": 79, "refit": true}
{"timestamp": "17:44:09.851473", "frame": 48, "mu": [-0.406462011611568, 3.9191262007175585, 0.9266675416043574], "Sigma": [[0.02383776996259976, 0.0047350405503586365, -0.016953294062980663], [0.004735040550358636, 0.01804245626497182, -0.0036068437108061112], [-0.016953294062980663, -0.003606843710806112, 0.014648727391082054]], "chi2_level": 0.997, "chi2_df": 3, "chi2_threshold": 13.931422665512084, "N_raw": 71, "N_roi": 69, "N_inlier": 69, "refit": true}
{"timestamp": "17:44:09.912108", "frame": 49, "mu": [-0.31000908910513814, 4.101311481454252, 0.021350382774805825], "Sigma": [[0.02332597765441591, 0.004246949912725271, -0.008946646312060432], [0.00424694991272527, 0.015515078159800945, -0.010596076348895807], [-0.008946646312060432, -0.010596076348895807, 0.01953254745330342]], "chi2_level": 0.997, "chi2_df": 3, "chi2_threshold": 13.931422665512084, "N_raw": 89, "N_roi": 88, "N_inlier": 88, "refit": true}
{"timestamp": "17:44:09.966299", "frame": 50, "mu": [-0.2687881815013927, 3.8766539430025184, 0.9530944899097851], "Sigma": [[0.026471662566158783, 0.0036065219059209465, -0.017909704735416164], [0.0036065219059209465, 0.011868809811836724, -0.005644092946945317], [-0.017909704735416164, -0.005644092946945317, 0.02237438434610775]], "chi2_level": 0.997, "chi2_df": 3, "chi2_threshold": 13.931422665512084, "N_raw": 95, "N_roi": 90, "N_inlier": 90, "refit": true}
{"timestamp": "17:44:10.019527", "frame": 51, "mu": [-0.2606709125448272, 3.850839246086771, 1.0192858894187609], "Sigma": [[0.025417527216246412, 0.0045595902377224854, -0.008545153290728856], [0.0045595902377224854, 0.008966172563895937, -0.003376087682783362], [-0.008545153290728856, -0.003376087682783362, 0.006465109389013947]], "chi2_level": 0.997, "chi2_df": 3, "chi2_threshold": 13.931422665512084, "N_raw": 74, "N_roi": 74, "N_inlier": 73, "refit": true}
{"timestamp": "17:44:10.071876", "frame": 52, "mu": [-0.21653016599282768, 3.8770385157227545, 1.1162762856169075], "Sigma": [[0.026313097958458053, 0.0036994987671687208, -0.01386708130033627], [0.0036994987671687208, 0.005503822213773658, -0.008647724126602911], [-0.013867081300336271, -0.008647724126602911, 0.02260453297700405]], "chi2_level": 0.997, "chi2_df": 3, "chi2_threshold": 13.931422665512084, "N_raw": 76, "N_roi": 75, "N_inlier": 74, "refit": true}
{"timestamp": "17:44:10.125036", "frame": 53, "mu": [-0.23475310702656949, 3.913932765421406, 0.10869675291200799], "Sigma": [[0.017146881659964544, 0.0032038013485087818, -0.007122044491056613], [0.0032038013485087818, 0.012951186639464476, -0.019943328870380566], [-0.007122044491056613, -0.019943328870380566, 0.04035404289073258]], "chi2_level": 0.997, "chi2_df": 3, "chi2_threshold": 13.931422665512084, "N_raw": 61, "N_roi": 60, "N_inlier": 55, "refit": true}
{"timestamp": "17:44:10.183145", "frame": 54, "mu": [-0.2627214248052937, 3.7541204152573644, 0.9943283316991145], "Sigma": [[0.026756278512325, 0.005739000086793867, -0.024243620830544158], [0.0057390000867938665, 0.006946072816349643, -0.022782456217795746], [-0.024243620830544158, -0.022782456217795746, 0.1720907863103953]], "chi2_level": 0.997, "chi2_df": 3, "chi2_threshold": 13.931422665512084, "N_raw": 79, "N_roi": 79, "N_inlier": 79, "refit": true}
{"timestamp": "17:44:10.242726", "frame": 55, "mu": [-0.13234039515531498, 3.866622648524661, 0.013268752859055337], "Sigma": [[0.041058582069036814, 0.013697877772254757, -0.016418579388741233], [0.013697877772254757, 0.011630102728557957, -0.008222002429690026], [-0.016418579388741233, -0.008222002429690026, 0.013508443588265591]], "chi2_level": 0.997, "chi2_df": 3, "chi2_threshold": 13.931422665512084, "N_raw": 88, "N_roi": 88, "N_inlier": 84, "refit": true}
{"timestamp": "17:44:10.293062", "frame": 56, "mu": [-0.18321930314151794, 3.6721252002679874, 1.102594644239862], "Sigma": [[0.035559336630470076, 0.0016522044114569976, -0.00737722485484414], [0.0016522044114569974, 0.0046897938341919475, -0.0047204011480293925], [-0.00737722485484414, -0.004720401148029393, 0.012739095894603838]], "chi2_level": 0.997, "chi2_df": 3, "chi2_threshold": 13.931422665512084, "N_raw": 84, "N_roi": 84, "N_inlier": 81, "refit": true}
{"timestamp": "17:44:10.344403", "frame": 57, "mu": [-0.10568908780390858, 3.645257723431836, 1.1586504877204393], "Sigma": [[0.020972519454825866, 0.000837879995672738, 0.001303168623859955], [0.0008378799956727379, 0.0020339508300883436, -0.007173140805378939], [0.0013031686238599558, -0.007173140805378939, 0.04368226643710171]], "chi2_level": 0.997, "chi2_df": 3, "chi2_threshold": 13.931422665512084, "N_raw": 59, "N_roi": 59, "N_inlier": 58, "refit": true}
{"timestamp": "17:44:10.406194", "frame": 58, "mu": [0.03623592823078926, 3.6395343334607704, 1.172778451396002], "Sigma": [[0.033299305673991766, 0.006385283343850118, -0.01005848349004674], [0.006385283343850118, 0.006422274315005588, -0.017735334979240763], [-0.010058483490046736, -0.017735334979240763, 0.06240668670714476]], "chi2_level": 0.997, "chi2_df": 3, "chi2_threshold": 13.931422665512084, "N_raw": 99, "N_roi": 99, "N_inlier": 96, "refit": true}
{"timestamp": "17:44:10.459009", "frame": 59, "mu": [0.03530426431047827, 3.5784193749714404, 1.1248205722090885], "Sigma": [[0.024954779503511743, 0.0022673352439369276, -0.009665974549617967], [0.0022673352439369276, 0.007161132452752334, -0.017889238436979996], [-0.009665974549617967, -0.017889238436979996, 0.06786968753502884]], "chi2_level": 0.997, "chi2_df": 3, "chi2_threshold": 13.931422665512084, "N_raw": 81, "N_roi": 81, "N_inlier": 79, "refit": true}
{"timestamp": "17:44:10.512444", "frame": 60, "mu": [0.11908587585348031, 3.5345960967282544, 1.232630375444531], "Sigma": [[0.018207148318531256, 0.0037331933696636947, -0.007593736546216437], [0.0037331933696636943, 0.005271741716783923, -0.010181312478818176], [-0.007593736546216437, -0.010181312478818176, 0.030829067521163094]], "chi2_level": 0.997, "chi2_df": 3, "chi2_threshold": 13.931422665512084, "N_raw": 73, "N_roi": 73, "N_inlier": 69, "refit": true}
{"timestamp": "17:44:10.568048", "frame": 61, "mu": [0.15178103277032703, 3.477757984379372, 1.1200682411831222], "Sigma": [[0.02551067957588124, 0.005988791159170383, 0.00414897845886296], [0.005988791159170384, 0.006291810138830979, -0.004398696717672642], [0.00414897845886296, -0.004398696717672642, 0.011607206194304455]], "chi2_level": 0.997, "chi2_df": 3, "chi2_threshold": 13.931422665512084, "N_raw": 77, "N_roi": 77, "N_inlier": 75, "refit": true}
{"timestamp": "17:44:10.618452", "frame": 62, "mu": [0.14412196008233302, 3.4507164355958437, 0.2403565591353969], "Sigma": [[0.009965685926563815, -0.00037255819832306077, 0.0035825561382937495], [-0.000372558198323061, 0.019308408730895683, -0.042329047213146606], [0.0035825561382937495, -0.042329047213146606, 0.10302482550906183]], "chi2_level": 0.997, "chi2_df": 3, "chi2_threshold": 13.931422665512084, "N_raw": 46, "N_roi": 46, "N_inlier": 44, "refit": true}
{"timestamp": "17:44:10.679042", "frame": 63, "mu": [0.14520670896950627, 3.4529627517029233, 0.09426976804175713], "Sigma": [[0.021987309623324028, 0.004001683050443513, -0.0026363424324913672], [0.004001683050443513, 0.012912927551936685, -0.016055716482950427], [-0.0026363424324913677, -0.016055716482950427, 0.02356856285147698]], "chi2_level": 0.997, "chi2_df": 3, "chi2_threshold": 13.931422665512084, "N_raw": 91, "N_roi": 91, "N_inlier": 88, "refit": true}
{"timestamp": "17:44:10.736502", "frame": 64, "mu": [0.17525009437488961, 3.3225606235265133, 1.1935848541378862], "Sigma": [[0.026274934575211704, 0.006528304136030659, -0.008759305673414975], [0.006528304136030659, 0.008180130559013439, -0.013602139333074827], [-0.008759305673414973, -0.013602139333074827, 0.03500932822243445]], "chi2_level": 0.997, "chi2_df": 3, "chi2_threshold": 13.931422665512084, "N_raw": 104, "N_roi": 104, "N_inlier": 100, "refit": true}
{"timestamp": "17:44:10.791259", "frame": 65, "mu": [0.172440059777359, 3.27621698808236, -0.33933990030306366], "Sigma": [[0.027406297543099346, 0.007872543193895003, 0.10517405694324838], [0.007872543193895003, 0.009373327479844906, 0.02534008916378825], [0.10517405694324838, 0.025340089163788253, 0.7570337132555859]], "chi2_level": 0.997, "chi2_df": 3, "chi2_threshold": 13.931422665512084, "N_raw": 98, "N_roi": 98, "N_inlier": 98, "refit": true}
{"timestamp": "17:44:10.848627", "frame": 66, "mu": [0.23284799214232524, 3.1903816721305143, 0.9922811535231171], "Sigma": [[0.029766272139983896, 0.0061059432951395915, -0.018858886255471503], [0.0061059432951395915, 0.007327116240981394, -0.010852015702444415], [-0.018858886255471507, -0.010852015702444416, 0.052870876362267165]], "chi2_level": 0.997, "chi2_df": 3, "chi2_threshold": 13.931422665512084, "N_raw": 109, "N_roi": 109, "N_inlier": 109, "refit": true}
{"timestamp": "17:44:10.901699", "frame": 67, "mu": [0.24615174014348523, 3.1094464053533395, 0.9453320678746242], "Sigma": [[0.04166573116359014, 0.0009288589933277141, -0.042769643051563555], [0.0009288589933277138, 0.009015291553441492, -0.005166874329344219], [-0.042769643051563555, -0.0051668743293442196, 0.05338313192145756]], "chi2_level": 0.997, "chi2_df": 3, "chi2_threshold": 13.931422665512084, "N_raw": 104, "N_roi": 102, "N_inlier": 100, "refit": true}
{"timestamp": "17:44:10.957280", "frame": 68, "mu": [0.2893900299648911, 3.254629138568371, -0.07881392908745159], "Sigma": [[0.023819962988035633, 0.0073313443270995315, -0.016539278014744342], [0.0073313443270995315, 0.013333618749763904, -0.016715812538122963], [-0.016539278014744342, -0.016715812538122963, 0.03488265846188103]], "chi2_level": 0.997, "chi2_df": 3, "chi2_threshold": 13.931422665512084, "N_raw": 104, "N_roi": 104, "N_inlier": 100, "refit": true}
{"timestamp": "17:44:11.013915", "frame": 69, "mu": [0.34123035304197075, 3.224758244334979, -0.2126455017519659], "Sigma": [[0.020086061484378283, 0.00580784243723311, -0.018897074374993477], [0.005807842437233109, 0.017106082996432032, -0.008298329724427272], [-0.018897074374993477, -0.008298329724427272, 0.025013286821502785]], "chi2_level": 0.997, "chi2_df": 3, "chi2_threshold": 13.931422665512084, "N_raw": 112, "N_roi": 112, "N_inlier": 109, "refit": true}
{"timestamp": "17:44:11.062877", "frame": 70, "mu": [0.3330653791828533, 3.010359703637558, 1.2611883887847692], "Sigma": [[0.014907347851254365, 1.0349696122457304e-05, -0.011616812421315162], [1.0349696122457467e-05, 0.007725658576960736, -0.004390014712698984], [-0.011616812421315162, -0.004390014712698984, 0.01950735971054844]], "chi2_level": 0.997, "chi2_df": 3, "chi2_threshold": 13.931422665512084, "N_raw": 79, "N_roi": 79, "N_inlier": 79, "refit": true}
{"timestamp": "17:44:11.121353", "frame": 71, "mu": [0.3907373747850056, 2.9953613109506936, 1.2114877306045355], "Sigma": [[0.018666320010902307, 0.00021411030943931404, -0.017449748204961202], [0.00021411030943931396, 0.006123872999225539, -0.007485695652262935], [-0.017449748204961202, -0.007485695652262935, 0.05557968687925592]], "chi2_level": 0.997, "chi2_df": 3, "chi2_threshold": 13.931422665512084, "N_raw": 99, "N_roi": 99, "N_inlier": 95, "refit": true}
{"timestamp": "17:44:11.174288", "frame": 72, "mu": [0.4336510475617935, 2.8852707355364435, 1.0009997143129226], "Sigma": [[0.01862480909399424, 0.0022414283876318513, -0.013416916239311261], [0.0022414283876318513, 0.006513068696625799, -0.00857994038930502], [-0.013416916239311261, -0.00857994038930502, 0.023359398351291846]], "chi2_level": 0.997, "chi2_df": 3, "chi2_threshold": 13.931422665512084, "N_raw": 94, "N_roi": 94, "N_inlier": 94, "refit": true}
{"timestamp": "17:44:11.228265", "frame": 73, "mu": [0.40751829060465866, 2.8838727939699935, 1.3371084933026114], "Sigma": [[0.016021194116852995, 0.0007993049717543266, -0.0029754650675895746], [0.0007993049717543265, 0.007804646562854873, -0.0027939042458618294], [-0.0029754650675895746, -0.002793904245861829, 0.00406224415425533]], "chi2_level": 0.997, "chi2_df": 3, "chi2_threshold": 13.931422665512084, "N_raw": 82, "N_roi": 82, "N_inlier": 81, "refit": true}
{"timestamp": "17:44:11.283367", "frame": 74, "mu": [0.47817672066633976, 2.8354575695723834, -0.6088309663779292], "Sigma": [[0.016566447100410157, 0.0026833870785995285, 0.038454106841775165], [0.002683387078599529, 0.005872375696353096, -0.0059687468738666245], [0.038454106841775165, -0.0059687468738666245, 0.3938619223578612]], "chi2_level": 0.997, "chi2_df": 3, "chi2_threshold": 13.931422665512084, "N_raw": 80, "N_roi": 80, "N_inlier": 80, "refit": true}
{"timestamp": "17:44:11.336388", "frame": 75, "mu": [0.4765953377799845, 2.7550218979673704, 1.1811675861849376], "Sigma": [[0.013311730089920384, -0.0008685290346806911, 0.0010707669259012028], [-0.0008685290346806911, 0.0035420396082655597, -0.005643565680795069], [0.0010707669259012026, -0.005643565680795069, 0.012010524401061071]], "chi2_level": 0.997, "chi2_df": 3, "chi2_threshold": 13.931422665512084, "N_raw": 69, "N_roi": 69, "N_inlier": 66, "refit": true}
{"timestamp": "17:44:11.392854", "frame": 76, "mu": [0.4888903171979928, 2.719521074425775, 1.0848644272282384], "Sigma": [[0.01733555290828348, 0.0015036995122732928, -0.0011494803499542306], [0.001503699512273293, 0.0035067542261277085, -0.006399111424676638], [-0.001149480349954231, -0.006399111424676638, 0.018195690534682698]], "chi2_level": 0.997, "chi2_df": 3, "chi2_threshold": 13.931422665512084, "N_raw": 75, "N_roi": 73, "N_inlier": 69, "refit": true}
{"timestamp": "17:44:11.447212", "frame": 77, "mu": [0.5115300633345585, 2.684812517588147, 0.9871804873669752], "Sigma": [[0.014934782617915107, -0.0011321166498577968, -0.008239430702794816], [-0.001132116649857797, 0.001891133210779781, -0.004265615825283738], [-0.008239430702794816, -0.004265615825283738, 0.03006369022981107]], "chi2_level": 0.997, "chi2_df": 3, "chi2_threshold": 13.931422665512084, "N_raw": 68, "N_roi": 68, "N_inlier": 66, "refit": true}
{"timestamp": "17:44:11.506732", "frame": 78, "mu": [0.6857347711131374, 2.671290272778449, 1.0619208669603646], "Sigma": [[0.04502564427520221, 0.002591576185712026, -0.019942924675822794], [0.002591576185712026, 0.0038265818855067408, -0.008640787502080374], [-0.019942924675822794, -0.008640787502080374, 0.05939407634437953]], "chi2_level": 0.997, "chi2_df": 3, "chi2_threshold": 13.931422665512084, "N_raw": 106, "N_roi": 106, "N_inlier": 106, "refit": true}
{"timestamp": "17:44:11.551665", "frame": 79, "mu": [0.6586121180758908, 2.603427380591218, 0.9692239014589125], "Sigma": [[0.013869277708242091, -0.004083613524776335, -0.007913568352181223], [-0.004083613524776335, 0.0024069998697341527, 0.0008143000235325696], [-0.007913568352181223, 0.0008143000235325696, 0.01233646624139352]], "chi2_level": 0.997, "chi2_df": 3, "chi2_threshold": 13.931422665512084, "N_raw": 32, "N_roi": 32, "N_inlier": 31, "refit": true}
{"timestamp": "17:44:11.610335", "frame": 80, "mu": [0.6954540274957052, 2.5963570649606984, -0.6017614282982227], "Sigma": [[0.011041875120688513, 0.003689167841892436, 0.013822391644557359], [0.003689167841892436, 0.005106712111666648, 0.0038939378897452723], [0.01382239164455736, 0.0038939378897452728, 0.12195119549803068]], "chi2_level": 0.997, "chi2_df": 3, "chi2_threshold": 13.931422665512084, "N_raw": 62, "N_roi": 62, "N_inlier": 62, "refit": true}
{"timestamp": "17:44:11.661024", "frame": 81, "mu": [0.6452174574255015, 2.712459055129486, -0.4977838909957476], "Sigma": [[0.009428091977152256, 0.001495831196520359, -0.004494795458262764], [0.001495831196520359, 0.02106281702177819, -0.04487372351858612], [-0.004494795458262764, -0.04487372351858612, 0.1123015479440311]], "chi2_level": 0.997, "chi2_df": 3, "chi2_threshold": 13.931422665512084, "N_raw": 33, "N_roi": 30, "N_inlier": 29, "refit": true}
{"timestamp": "17:44:11.722801", "frame": 82, "mu": [0.7398713225809184, 2.565152802864385, -0.388896756062091], "Sigma": [[0.011941738833746687, 0.0007642869295017992, 0.0018983477321135487], [0.0007642869295017992, 0.008818192362713457, -0.01163638868132772], [0.0018983477321135485, -0.011636388681327717, 0.18063483962089025]], "chi2_level": 0.997, "chi2_df": 3, "chi2_threshold": 13.931422665512084, "N_raw": 79, "N_roi": 79, "N_inlier": 77, "refit": true}
{"timestamp": "17:44:11.779938", "frame": 83, "mu": [0.8255583940706547, 2.3747168588242666, 1.0165099947842886], "Sigma": [[0.025201131306329068, 0.003387469428872387, -0.003923416272805725], [0.003387469428872387, 0.005163461792697931, -0.005532365621363504], [-0.003923416272805725, -0.005532365621363504, 0.022498863074913708]], "chi2_level": 0.997, "chi2_df": 3, "chi2_threshold": 13.931422665512084, "N_raw": 94, "N_roi": 94, "N_inlier": 94, "refit": true}
{"timestamp": "17:44:11.835179", "frame": 84, "mu": [0.8902845335554616, 2.356227891491451, 1.0563666470460615], "Sigma": [[0.031057780714823582, 0.009220615286343737, -0.005554963548149696], [0.009220615286343738, 0.007091451201131248, -0.004725093044490058], [-0.005554963548149696, -0.004725093044490057, 0.019421166940969424]], "chi2_level": 0.997, "chi2_df": 3, "chi2_threshold": 13.931422665512084, "N_raw": 88, "N_roi": 87, "N_inlier": 83, "refit": true}
{"timestamp": "17:44:11.886006", "frame": 85, "mu": [0.8306913229211352, 2.3000919819516, 1.07645490609679], "Sigma": [[0.010961635924101805, 0.0015573637493960645, -0.008579209323791732], [0.0015573637493960645, 0.00159788015802988, -0.004450605477767366], [-0.008579209323791732, -0.0044506054777673654, 0.06839609812945005]], "chi2_level": 0.997, "chi2_df": 3, "chi2_threshold": 13.931422665512084, "N_raw": 68, "N_roi": 68, "N_inlier": 68, "refit": true}
{"timestamp": "17:44:11.942872", "frame": 86, "mu": [0.8170773874182465, 2.217063658845408, 1.035298362361504], "Sigma": [[0.012742736400024891, 0.0030252008838486267, -0.0004899219585105875], [0.0030252008838486267, 0.004368437235017998, -0.006648345536440948], [-0.0004899219585105868, -0.006648345536440947, 0.02949690815603369]], "chi2_level": 0.997, "chi2_df": 3, "chi2_threshold": 13.931422665512084, "N_raw": 81, "N_roi": 81, "N_inlier": 78, "refit": true}
{"timestamp": "17:44:11.997106", "frame": 87, "mu": [0.8559072673634055, 2.1711772028448326, 1.1329904252897287], "Sigma": [[0.010532524372026095, 0.0016698400832189154, -0.004996086747031385], [0.001669840083218915, 0.003083104384724387, -0.006144693316614546], [-0.004996086747031385, -0.006144693316614547, 0.05172334527294965]], "chi2_level": 0.997, "chi2_df": 3, "chi2_threshold": 13.931422665512084, "N_raw": 76, "N_roi": 76, "N_inlier": 73, "refit": true}
{"timestamp": "17:44:12.051691", "frame": 88, "mu": [0.8561969235662533, 2.0870358733052763, 1.0945065950251986], "Sigma": [[0.010966975643457283, 0.0005956504980214913, 0.007509391284829985], [0.0005956504980214912, 0.0012989230405194782, 0.0035650019401543827], [0.007509391284829985, 0.0035650019401543827, 0.055652723375421584]], "chi2_level": 0.997, "chi2_df": 3, "chi2_threshold": 13.931422665512084, "N_raw": 70, "N_roi": 70, "N_inlier": 66, "refit": true}
{"timestamp": "17:44:12.102146", "frame": 89, "mu": [0.8819761408322974, 2.142705593650892, -0.4075564980265561], "Sigma": [[0.007927655820295532, 0.003589210708168247, 0.014787933612419965], [0.003589210708168247, 0.005764291445860356, 0.0047986909772337084], [0.014787933612419967, 0.0047986909772337084, 0.11332917189787846]], "chi2_level": 0.997, "chi2_df": 3, "chi2_threshold": 13.931422665512084, "N_raw": 46, "N_roi": 46, "N_inlier": 44, "refit": true}
{"timestamp": "17:44:12.157822", "frame": 90, "mu": [0.9384728134601138, 2.14471891103223, -0.20726372620910072], "Sigma": [[0.009287764461848503, -0.0015008523814215105, -0.003835469753129828], [-0.0015008523814215105, 0.0056528295803517, -0.006901418239972176], [-0.003835469753129828, -0.006901418239972176, 0.026142344494216905]], "chi2_level": 0.997, "chi2_df": 3, "chi2_threshold": 13.931422665512084, "N_raw": 47, "N_roi": 47, "N_inlier": 45, "refit": true}
{"timestamp": "17:44:12.213920", "frame": 91, "mu": [0.9496198584696914, 2.031945795741022, 1.1623455868987527], "Sigma": [[0.006933460028345628, -0.004927256730376415, -0.009867840424498205], [-0.004927256730376415, 0.0111122048481623, 0.004140917769689799], [-0.009867840424498205, 0.004140917769689799, 0.10223191589843916]], "chi2_level": 0.997, "chi2_df": 3, "chi2_threshold": 13.931422665512084, "N_raw": 56, "N_roi": 56, "N_inlier": 55, "refit": true}
