{"timestamp": "14:39:18.239393", "frame": 38, "mu": [1.7427997922283551, 0.9675409290679796, 1.3570472519897119], "Sigma": [[0.004100270812696213, -0.0011332449600233662, 1.0117682899307278e-05], [-0.0011332449600233662, 0.0028014820695464893, -0.0007294494653500167], [1.0117682899307386e-05, -0.0007294494653500167, 0.0002726934995155006]], "chi2_level": 0.997, "chi2_df": 3, "chi2_threshold": 13.931422665512084, "N_raw": 15, "N_roi": 15, "N_inlier": 14, "refit": true}
{"timestamp": "14:39:18.404392", "frame": 41, "mu": [1.733679118711149, 1.2099971722679468, -0.3626078018671608], "Sigma": [[0.005322006717443328, -0.0012971206435926314, 0.0006826824594045181], [-0.0012971206435926311, 0.004874192647750446, 0.0005329308082666757], [0.0006826824594045181, 0.0005329308082666758, 0.0018405023436169094]], "chi2_level": 0.997, "chi2_df": 3, "chi2_threshold": 13.931422665512084, "N_raw": 24, "N_roi": 24, "N_inlier": 23, "refit": true}
{"timestamp": "14:39:18.573768", "frame": 44, "mu": [1.73635106338305, 1.271288707270581, 1.362339253526575], "Sigma": [[0.008498813013834334, -0.001941281486162565, -0.015777403841072367], [-0.0019412814861625648, 0.004924683631155803, -0.00075457254226698], [-0.015777403841072367, -0.0007545725422669798, 0.06871945564336462]], "chi2_level": 0.997, "chi2_df": 3, "chi2_threshold": 13.931422665512084, "N_raw": 31, "N_roi": 31, "N_inlier": 30, "refit": true}
{"timestamp": "14:39:18.627899", "frame": 45, "mu": [1.7087597497141547, 1.2359291281335079, 1.431078072117006], "Sigma": [[0.006855790382055796, -0.0023105216611806144, -1.1920870076368912e-05], [-0.0023105216611806144, 0.006565147645282426, 0.0006648247637886258], [-1.1920870076368932e-05, 0.0006648247637886258, 0.0002774487351454348]], "chi2_level": 0.997, "chi2_df": 3, "chi2_threshold": 13.931422665512084, "N_raw": 33, "N_roi": 33, "N_inlier": 31, "refit": true}
{"timestamp": "14:39:18.791282", "frame": 48, "mu": [1.6773399716714041, 1.4655250348685462, 1.295972270263665], "Sigma": [[0.004190035612382899, 0.00043813627634587516, 0.00389023419511557], [0.0004381362763458752, 0.0020146344761874197, -0.0022699296132937183], [0.0038902341951155698, -0.0022699296132937183, 0.035090942178782704]], "chi2_level": 0.997, "chi2_df": 3, "chi2_threshold": 13.931422665512084, "N_raw": 13, "N_roi": 13, "N_inlier": 13, "refit": true}
{"timestamp": "14:39:19.066970", "frame": 53, "mu": [1.6702592680944115, 1.6902628303649048, 1.1916486135562931], "Sigma": [[0.004334948458788517, -0.0038152039034572965, -0.00622975188835701], [-0.0038152039034572965, 0.003699264542385127, 0.0068612468364886835], [-0.006229751888357008, 0.0068612468364886835, 0.033780422581780926]], "chi2_level": 0.997, "chi2_df": 3, "chi2_threshold": 13.931422665512084, "N_raw": 22, "N_roi": 22, "N_inlier": 21, "refit": true}
{"timestamp": "14:39:19.340801", "frame": 58, "mu": [1.6640916096467027, 1.9400005319061147, 1.198151222119143], "Sigma": [[0.01004973521881059, -0.002656168172719542, -0.028489955866189406], [-0.002656168172719542, 0.005664354599021363, 0.026224954339605363], [-0.028489955866189406, 0.026224954339605366, 0.19299219506381876]], "chi2_level": 0.997, "chi2_df": 3, "chi2_threshold": 13.931422665512084, "N_raw": 16, "N_roi": 16, "N_inlier": 16, "refit": true}
{"timestamp": "14:39:19.617685", "frame": 63, "mu": [1.8746516037836096, 1.9314357995748705, 0.5665164783824922], "Sigma": [[0.012908705850192352, -0.00789748457497784, -0.023841321972494636], [-0.00789748457497784, 0.008760645075970876, 0.01976202954979545], [-0.023841321972494636, 0.01976202954979545, 0.11997591160673055]], "chi2_level": 0.997, "chi2_df": 3, "chi2_threshold": 13.931422665512084, "N_raw": 27, "N_roi": 26, "N_inlier": 25, "refit": true}
{"timestamp": "14:39:19.674926", "frame": 64, "mu": [1.7499245607627398, 2.15532059087515, 1.1766194632121303], "Sigma": [[0.020605379203697143, -0.023532486892750594, -0.06722668336321488], [-0.023532486892750594, 0.03224586541779895, 0.08511906980895186], [-0.06722668336321488, 0.08511906980895186, 0.27189407470079935]], "chi2_level": 0.997, "chi2_df": 3, "chi2_threshold": 13.931422665512084, "N_raw": 41, "N_roi": 38, "N_inlier": 38, "refit": true}
{"timestamp": "14:39:19.730574", "frame": 65, "mu": [1.9139308008895517, 1.9796597339652446, 0.48366176571948827], "Sigma": [[0.015168441057728748, -0.013836978295282557, -0.011445454400022289], [-0.013836978295282557, 0.01633274280504167, 0.010253116123268964], [-0.01144545440002229, 0.010253116123268964, 0.02075914026521311]], "chi2_level": 0.997, "chi2_df": 3, "chi2_threshold": 13.931422665512084, "N_raw": 41, "N_roi": 41, "N_inlier": 38, "refit": true}
{"timestamp": "14:39:20.000403", "frame": 70, "mu": [1.6823256817953378, 2.4603450578974133, 1.0551734204688232], "Sigma": [[0.005003220329749908, -0.0018487230341120904, -0.0003922891580036385], [-0.0018487230341120906, 0.0023655979084599155, -0.0007748380071224758], [-0.00039228915800363853, -0.0007748380071224757, 0.0013596474903456348]], "chi2_level": 0.997, "chi2_df": 3, "chi2_threshold": 13.931422665512084, "N_raw": 18, "N_roi": 18, "N_inlier": 17, "refit": true}
{"timestamp": "14:39:20.055730", "frame": 71, "mu": [1.6425832844517565, 2.4750706505294824, 1.0212488757895888], "Sigma": [[0.006106844147962912, -0.004491188113193536, -0.002102904184597091], [-0.004491188113193536, 0.005441901113530775, 0.001009105129974784], [-0.002102904184597091, 0.0010091051299747841, 0.0028756163576469434]], "chi2_level": 0.997, "chi2_df": 3, "chi2_threshold": 13.931422665512084, "N_raw": 20, "N_roi": 20, "N_inlier": 20, "refit": true}
{"timestamp": "14:39:20.111781", "frame": 72, "mu": [1.614606111962557, 2.50050047118455, 0.9135963563704338], "Sigma": [[0.005493991677362662, -0.001173644011083404, 0.0012436456684818834], [-0.001173644011083404, 0.0025769747421088315, 3.969847926856614e-05], [0.0012436456684818834, 3.969847926856614e-05, 0.0006771979025613655]], "chi2_level": 0.997, "chi2_df": 3, "chi2_threshold": 13.931422665512084, "N_raw": 21, "N_roi": 12, "N_inlier": 11, "refit": true}
{"timestamp": "14:39:20.444763", "frame": 78, "mu": [1.621904681659839, 2.788639580985566, 1.212246537697447], "Sigma": [[0.012797289956250174, -0.005462213180229814, -0.004873348650798293], [-0.005462213180229814, 0.005632421247569043, -0.0008702171711931152], [-0.004873348650798294, -0.0008702171711931151, 0.006605821272755893]], "chi2_level": 0.997, "chi2_df": 3, "chi2_threshold": 13.931422665512084, "N_raw": 45, "N_roi": 43, "N_inlier": 42, "refit": true}
{"timestamp": "14:39:20.662727", "frame": 82, "mu": [1.6614347682675563, 2.9616025635688015, 1.0150823875405668], "Sigma": [[0.012898381813952501, -0.009560906795250276, -0.019204561552410838], [-0.009560906795250278, 0.008414342049481055, 0.017330743348543398], [-0.019204561552410838, 0.017330743348543398, 0.0719121708134692]], "chi2_level": 0.997, "chi2_df": 3, "chi2_threshold": 13.931422665512084, "N_raw": 34, "N_roi": 34, "N_inlier": 34, "refit": true}
{"timestamp": "14:39:20.717571", "frame": 83, "mu": [1.628505163052163, 3.0385452177555203, 1.333618541509365], "Sigma": [[0.005894951828691978, -0.0020848699681634973, -0.006751175977605807], [-0.0020848699681634973, 0.002046433498715994, 0.003486386025708124], [-0.006751175977605807, 0.003486386025708125, 0.05727089424519754]], "chi2_level": 0.997, "chi2_df": 3, "chi2_threshold": 13.931422665512084, "N_raw": 21, "N_roi": 18, "N_inlier": 18, "refit": true}
{"timestamp": "14:39:20.771792", "frame": 84, "mu": [1.731125116955586, 3.05525311944674, 0.9821893139922405], "Sigma": [[0.005894814190894582, -0.0029584591722189735, -0.016980575725648258], [-0.0029584591722189735, 0.0029333594858648076, 0.004605349439352677], [-0.016980575725648258, 0.004605349439352677, 0.09410337674034493]], "chi2_level": 0.997, "chi2_df": 3, "chi2_threshold": 13.931422665512084, "N_raw": 19, "N_roi": 16, "N_inlier": 16, "refit": true}
{"timestamp": "14:39:20.830991", "frame": 85, "mu": [1.8031228688305705, 3.300907891676086, -0.42906132806357444], "Sigma": [[0.02151975972158299, 0.009600238025970728, -0.05657459070822643], [0.009600238025970728, 0.013198827011929216, -0.03962990263405794], [-0.05657459070822643, -0.03962990263405794, 0.17728223429643203]], "chi2_level": 0.997, "chi2_df": 3, "chi2_threshold": 13.931422665512084, "N_raw": 24, "N_roi": 20, "N_inlier": 20, "refit": true}
{"timestamp": "14:39:20.880691", "frame": 86, "mu": [1.7593198875640443, 3.1572151363078937, 0.59018536088175], "Sigma": [[0.005521388371673931, -0.0007258821576377761, -0.0094829219789857], [-0.0007258821576377761, 0.002943656379885794, -0.004698302184638017], [-0.0094829219789857, -0.004698302184638016, 0.06186858527881844]], "chi2_level": 0.997, "chi2_df": 3, "chi2_threshold": 13.931422665512084, "N_raw": 18, "N_roi": 15, "N_inlier": 15, "refit": true}
{"timestamp": "14:39:20.937740", "frame": 87, "mu": [1.9452196116563392, 3.0120056559900257, 0.48664268718546355], "Sigma": [[0.019689083778679638, -0.011033088425038765, -0.029042882727554207], [-0.011033088425038765, 0.008429565707191779, 0.014654715107650785], [-0.02904288272755421, 0.014654715107650785, 0.060885845133426875]], "chi2_level": 0.997, "chi2_df": 3, "chi2_threshold": 13.931422665512084, "N_raw": 25, "N_roi": 20, "N_inlier": 20, "refit": true}
{"timestamp": "14:39:20.991919", "frame": 88, "mu": [1.9605888778699212, 3.0332226644751517, 0.4176382145922256], "Sigma": [[0.009682211410311552, -0.007131107760586944, -0.00852092840337698], [-0.007131107760586944, 0.008195398633080343, 0.006427870969917926], [-0.008520928403376982, 0.006427870969917926, 0.018101874969329943]], "chi2_level": 0.997, "chi2_df": 3, "chi2_threshold": 13.931422665512084, "N_raw": 21, "N_roi": 21, "N_inlier": 20, "refit": true}
{"timestamp": "14:39:21.051572", "frame": 89, "mu": [1.8525292311931245, 3.1445613011020455, 0.7682227654990696], "Sigma": [[0.033510874855613916, -0.02374019532599036, -0.06265279218683058], [-0.02374019532599036, 0.019238162163755207, 0.04739110572885788], [-0.06265279218683058, 0.04739110572885788, 0.18294582638143256]], "chi2_level": 0.997, "chi2_df": 3, "chi2_threshold": 13.931422665512084, "N_raw": 55, "N_roi": 55, "N_inlier": 55, "refit": true}
{"timestamp": "14:39:21.213790", "frame": 92, "mu": [1.8442010385655527, 3.254205532877801, 0.6522968485655346], "Sigma": [[0.025376594150059866, -0.016966331384122568, -0.03954432558488402], [-0.016966331384122568, 0.013385443911542663, 0.02315989917272255], [-0.03954432558488402, 0.023159899172722553, 0.08649678702095742]], "chi2_level": 0.997, "chi2_df": 3, "chi2_threshold": 13.931422665512084, "N_raw": 40, "N_roi": 40, "N_inlier": 40, "refit": true}
{"timestamp": "14:39:21.270895", "frame": 93, "mu": [1.6321172002300925, 3.4207047604084413, 1.1533085585777525], "Sigma": [[0.01837101537981211, -0.008543820145886666, -0.011483487259712752], [-0.008543820145886666, 0.006656935245413824, 0.00042983466885732156], [-0.011483487259712752, 0.00042983466885732167, 0.02065021761156188]], "chi2_level": 0.997, "chi2_df": 3, "chi2_threshold": 13.931422665512084, "N_raw": 50, "N_roi": 47, "N_inlier": 46, "refit": true}
{"timestamp": "14:39:21.324628", "frame": 94, "mu": [1.63675607804949, 3.524696044575011, -0.21490613128401442], "Sigma": [[0.019378261095268242, -0.0031044479992270277, 0.04776926222735943], [-0.0031044479992270273, 0.004259970818254783, -0.006271738600802991], [0.04776926222735944, -0.006271738600802991, 0.1843430590397386]], "chi2_level": 0.997, "chi2_df": 3, "chi2_threshold": 13.931422665512084, "N_raw": 38, "N_roi": 38, "N_inlier": 38, "refit": true}
{"timestamp": "14:39:21.597885", "frame": 99, "mu": [1.6187225784356043, 3.6582261209920315, 1.2336166337179075], "Sigma": [[0.019887766480608766, -0.010108647319161317, -0.006841876590882446], [-0.010108647319161317, 0.006792103554986348, 0.0032047884958826805], [-0.006841876590882445, 0.0032047884958826805, 0.006243053476943415]], "chi2_level": 0.997, "chi2_df": 3, "chi2_threshold": 13.931422665512084, "N_raw": 31, "N_roi": 28, "N_inlier": 27, "refit": true}
{"timestamp": "14:39:21.764312", "frame": 102, "mu": [1.6060478059404506, 3.8493525949925487, -0.007791967662932998], "Sigma": [[0.01748938122288301, -0.005874772597006945, -0.0056479276620171786], [-0.005874772597006945, 0.00516350012934914, 0.0036947155515503925], [-0.0056479276620171786, 0.0036947155515503925, 0.004728225019039229]], "chi2_level": 0.997, "chi2_df": 3, "chi2_threshold": 13.931422665512084, "N_raw": 39, "N_roi": 36, "N_inlier": 35, "refit": true}
{"timestamp": "14:39:21.815750", "frame": 103, "mu": [1.6213446297411793, 3.797589209614962, 1.2288608906468181], "Sigma": [[0.010700051459077741, -0.003337850715513198, -0.00532874799089933], [-0.0033378507155131984, 0.0020872244213301036, 0.0008330356592684788], [-0.00532874799089933, 0.0008330356592684787, 0.008836442622669216]], "chi2_level": 0.997, "chi2_df": 3, "chi2_threshold": 13.931422665512084, "N_raw": 20, "N_roi": 20, "N_inlier": 19, "refit": true}
{"timestamp": "14:39:21.983726", "frame": 106, "mu": [1.5448940322856466, 3.9724953048094065, 1.1206884612999792], "Sigma": [[0.01598855314311987, -0.006244718819979624, -0.011568964514148274], [-0.006244718819979624, 0.0031261256111704723, 0.003379458120104342], [-0.011568964514148274, 0.0033794581201043424, 0.04548042990742642]], "chi2_level": 0.997, "chi2_df": 3, "chi2_threshold": 13.931422665512084, "N_raw": 30, "N_roi": 30, "N_inlier": 30, "refit": true}
{"timestamp": "14:39:22.091535", "frame": 108, "mu": [1.5261334738663455, 4.086087718783991, 1.3063140879258046], "Sigma": [[0.018898490403351724, -0.006341177339253686, -0.016208405644844725], [-0.006341177339253687, 0.003356390886863967, 0.00188405423430682], [-0.016208405644844725, 0.0018840542343068203, 0.028715610650518024]], "chi2_level": 0.997, "chi2_df": 3, "chi2_threshold": 13.931422665512084, "N_raw": 32, "N_roi": 32, "N_inlier": 32, "refit": true}
{"timestamp": "14:39:22.313868", "frame": 112, "mu": [1.6202986311026022, 4.232278809030035, 1.092903387690858], "Sigma": [[0.020963454104217485, -0.00994589904572389, -0.005252542595863474], [-0.00994589904572389, 0.009936522090706468, -0.0025769593881080737], [-0.005252542595863475, -0.0025769593881080737, 0.018067288817174808]], "chi2_level": 0.997, "chi2_df": 3, "chi2_threshold": 13.931422665512084, "N_raw": 37, "N_roi": 37, "N_inlier": 36, "refit": true}
{"timestamp": "14:39:22.421976", "frame": 114, "mu": [1.5879917715697638, 4.31131415850851, 0.9813364928154087], "Sigma": [[0.01892878328188008, -0.0068133651076573995, -0.006036063960468834], [-0.0068133651076573995, 0.003814348164169202, 0.0013539725523729366], [-0.006036063960468834, 0.0013539725523729362, 0.005646586546853026]], "chi2_level": 0.997, "chi2_df": 3, "chi2_threshold": 13.931422665512084, "N_raw": 22, "N_roi": 22, "N_inlier": 21, "refit": true}
{"timestamp": "14:39:22.587855", "frame": 117, "mu": [1.608274800963186, 4.459863014840704, 0.9486549525496768], "Sigma": [[0.027545836253640148, -0.01171551166907273, -0.028249868167373855], [-0.01171551166907273, 0.006459783286619448, 0.008772456157016882], [-0.028249868167373855, 0.008772456157016882, 0.04737942736592694]], "chi2_level": 0.997, "chi2_df": 3, "chi2_threshold": 13.931422665512084, "N_raw": 33, "N_roi": 33, "N_inlier": 33, "refit": true}
{"timestamp": "14:39:22.970626", "frame": 124, "mu": [1.41802383821682, 4.771159397413275, 1.0496719474189191], "Sigma": [[0.008819038556817753, -0.001959570436698494, -0.003527969583271137], [-0.001959570436698494, 0.003368310108975304, 0.0009724712405795927], [-0.003527969583271137, 0.0009724712405795927, 0.004622536515120793]], "chi2_level": 0.997, "chi2_df": 3, "chi2_threshold": 13.931422665512084, "N_raw": 15, "N_roi": 15, "N_inlier": 14, "refit": true}
{"timestamp": "14:39:24.124480", "frame": 145, "mu": [2.0553526757994187, 4.936803373858641, 0.19222187173768912], "Sigma": [[0.008552358902787034, -0.003315654156222399, -0.005259171390184392], [-0.003315654156222399, 0.002235283405990093, 0.001498392251432554], [-0.005259171390184391, 0.0014983922514325537, 0.006151432433878205]], "chi2_level": 0.997, "chi2_df": 3, "chi2_threshold": 13.931422665512084, "N_raw": 19, "N_roi": 10, "N_inlier": 10, "refit": true}
