{"timestamp": "14:30:03.293691", "frame": 5, "mu": [1.498570426153424, 0.8569781238062778, 1.3621171320687189], "Sigma": [[0.007140397260604186, -0.001223497417595195, -0.006805912140473454], [-0.001223497417595195, 0.0018265363104905089, 0.000531005811016703], [-0.006805912140473454, 0.0005310058110167028, 0.007424286769127361]], "chi2_level": 0.997, "chi2_df": 3, "chi2_threshold": 13.931422665512084, "N_raw": 20, "N_roi": 20, "N_inlier": 20, "refit": true}
{"timestamp": "14:30:03.403413", "frame": 7, "mu": [1.4840070927740712, 0.8996236389844404, 1.4332475904891826], "Sigma": [[0.008657634449262335, -0.0031480930081368803, -0.0027068011578758296], [-0.0031480930081368803, 0.002961051226474697, 0.0003280848228837687], [-0.0027068011578758296, 0.00032808482288376875, 0.0012694669377993786]], "chi2_level": 0.997, "chi2_df": 3, "chi2_threshold": 13.931422665512084, "N_raw": 23, "N_roi": 23, "N_inlier": 23, "refit": true}
{"timestamp": "14:30:03.465732", "frame": 8, "mu": [1.5119401885178216, 0.9017582373508044, 1.4009873190403994], "Sigma": [[0.016693965980185282, -0.008137320563233911, -0.01090534546983802], [-0.008137320563233911, 0.008414970152519035, 0.003799398381397506], [-0.01090534546983802, 0.0037993983813975054, 0.008167019127205358]], "chi2_level": 0.997, "chi2_df": 3, "chi2_threshold": 13.931422665512084, "N_raw": 51, "N_roi": 51, "N_inlier": 51, "refit": true}
{"timestamp": "14:30:03.518134", "frame": 9, "mu": [1.4425956553530617, 1.0406156199746448, -0.28427007764631856], "Sigma": [[0.007639556497429779, -2.3437515128039087e-05, -0.0042359852281701645], [-2.3437515128039033e-05, 0.0041610155843201675, -0.00012071437320950449], [-0.0042359852281701645, -0.00012071437320950443, 0.0026953847832708855]], "chi2_level": 0.997, "chi2_df": 3, "chi2_threshold": 13.931422665512084, "N_raw": 34, "N_roi": 34, "N_inlier": 33, "refit": true}
{"timestamp": "14:30:03.846656", "frame": 15, "mu": [1.579099159387151, 0.9086997100460616, 1.281901546996198], "Sigma": [[0.007182589677789473, -0.0026918677868560826, -0.005532316024448284], [-0.002691867786856083, 0.010169584104958928, -0.007168323160910567], [-0.005532316024448284, -0.007168323160910567, 0.02174059674827629]], "chi2_level": 0.997, "chi2_df": 3, "chi2_threshold": 13.931422665512084, "N_raw": 28, "N_roi": 28, "N_inlier": 28, "refit": true}
{"timestamp": "14:30:03.954987", "frame": 17, "mu": [1.4304337973237213, 0.9322275699014181, 1.3831606288216922], "Sigma": [[0.009937620494449491, -0.003410403672007928, -0.013313980382973266], [-0.003410403672007928, 0.007095193772245832, -0.0013514594428096615], [-0.013313980382973267, -0.0013514594428096615, 0.02895280275878514]], "chi2_level": 0.997, "chi2_df": 3, "chi2_threshold": 13.931422665512084, "N_raw": 21, "N_roi": 21, "N_inlier": 20, "refit": true}
{"timestamp": "14:30:04.008847", "frame": 18, "mu": [1.4092994038612243, 0.9343701722591632, 1.4340257870336561], "Sigma": [[0.007240644512027766, -0.0016096570369171074, -0.013460570230471506], [-0.0016096570369171076, 0.002369867476848371, 0.0038109294090466874], [-0.013460570230471506, 0.003810929409046687, 0.03245701868865612]], "chi2_level": 0.997, "chi2_df": 3, "chi2_threshold": 13.931422665512084, "N_raw": 16, "N_roi": 16, "N_inlier": 16, "refit": true}
{"timestamp": "14:30:04.066397", "frame": 19, "mu": [1.4423447419359299, 0.8863648708444707, 1.399196725716664], "Sigma": [[0.010883793763458134, -0.007639724174565951, -0.008230333680386347], [-0.007639724174565951, 0.007918565002468897, 0.005436154253553061], [-0.008230333680386347, 0.005436154253553061, 0.007350474516363027]], "chi2_level": 0.997, "chi2_df": 3, "chi2_threshold": 13.931422665512084, "N_raw": 30, "N_roi": 30, "N_inlier": 30, "refit": true}
{"timestamp": "14:30:04.397525", "frame": 25, "mu": [1.1858807290414375, 0.9176668513749183, 1.3163571786865105], "Sigma": [[0.011071966509245716, -0.010757306590699423, -0.01207482160417709], [-0.010757306590699423, 0.01408790698669327, 0.016221560687361324], [-0.01207482160417709, 0.016221560687361324, 0.022763669951647462]], "chi2_level": 0.997, "chi2_df": 3, "chi2_threshold": 13.931422665512084, "N_raw": 32, "N_roi": 32, "N_inlier": 30, "refit": true}
{"timestamp": "14:30:04.454392", "frame": 26, "mu": [1.0463852094974508, 1.0547573045641696, 1.4215696506075768], "Sigma": [[0.01863956140182862, -0.008578293292414142, -0.030440795302323007], [-0.008578293292414142, 0.007083868624365139, 0.013008994754614766], [-0.030440795302323007, 0.013008994754614766, 0.05458136698817168]], "chi2_level": 0.997, "chi2_df": 3, "chi2_threshold": 13.931422665512084, "N_raw": 36, "N_roi": 36, "N_inlier": 33, "refit": true}
{"timestamp": "14:30:04.511140", "frame": 27, "mu": [0.9971950078950365, 0.9930377170368956, 1.3166122398322668], "Sigma": [[0.011691259009024563, -0.005829141250274192, -0.027282270572450425], [-0.0058291412502741915, 0.011417895451102033, 0.01957453274984726], [-0.027282270572450425, 0.01957453274984726, 0.09822630833570639]], "chi2_level": 0.997, "chi2_df": 3, "chi2_threshold": 13.931422665512084, "N_raw": 55, "N_roi": 55, "N_inlier": 51, "refit": true}
{"timestamp": "14:30:04.562444", "frame": 28, "mu": [0.9147040642768953, 1.0169665725450594, 1.3846151180106556], "Sigma": [[0.0045390817639498005, -0.004779235496132633, -0.008466484500502991], [-0.004779235496132633, 0.007887517288067842, 0.012378424691776285], [-0.008466484500502991, 0.012378424691776281, 0.026852366949310105]], "chi2_level": 0.997, "chi2_df": 3, "chi2_threshold": 13.931422665512084, "N_raw": 31, "N_roi": 31, "N_inlier": 30, "refit": true}
{"timestamp": "14:30:04.616322", "frame": 29, "mu": [1.0134439937711022, 0.9449946740485947, 1.2421277548652265], "Sigma": [[0.00421613784215084, -0.0024904135128458096, -0.004478305556560364], [-0.0024904135128458096, 0.003977637752323422, 0.0010538820056026138], [-0.004478305556560364, 0.0010538820056026138, 0.007544294475778034]], "chi2_level": 0.997, "chi2_df": 3, "chi2_threshold": 13.931422665512084, "N_raw": 29, "N_roi": 29, "N_inlier": 29, "refit": true}
{"timestamp": "14:30:04.670618", "frame": 30, "mu": [0.9535321775272556, 1.048524644558612, 1.3094282984359218], "Sigma": [[0.007024301463609899, -0.0009891175372035185, -0.006786823006744269], [-0.0009891175372035185, 0.0030120673236145234, 0.0001659733662276527], [-0.006786823006744269, 0.00016597336622765273, 0.008119902314781316]], "chi2_level": 0.997, "chi2_df": 3, "chi2_threshold": 13.931422665512084, "N_raw": 23, "N_roi": 23, "N_inlier": 21, "refit": true}
{"timestamp": "14:30:04.724086", "frame": 31, "mu": [0.9338641061867364, 0.9029884088576544, 0.9562578868568972], "Sigma": [[0.021903738048474237, -0.019739835598346387, -0.08029258141343323], [-0.019739835598346387, 0.025063778945542868, 0.0753044940722124], [-0.08029258141343323, 0.0753044940722124, 0.3603893103392015]], "chi2_level": 0.997, "chi2_df": 3, "chi2_threshold": 13.931422665512084, "N_raw": 10, "N_roi": 10, "N_inlier": 10, "refit": true}
{"timestamp": "14:30:04.839741", "frame": 33, "mu": [0.684487415873144, 1.0643797592068918, -0.4870453890814283], "Sigma": [[0.003748591482349726, 0.0016983954586977752, 0.0022294682261908747], [0.001698395458697775, 0.00375034320854865, 0.0006628759641449776], [0.0022294682261908747, 0.0006628759641449776, 0.010599982661051218]], "chi2_level": 0.997, "chi2_df": 3, "chi2_threshold": 13.931422665512084, "N_raw": 53, "N_roi": 53, "N_inlier": 49, "refit": true}
{"timestamp": "14:30:04.902623", "frame": 34, "mu": [0.6753295174055419, 1.1706786830802636, -0.4528547631384308], "Sigma": [[0.0043324396467461284, -0.00018636782445144966, -0.00412392876341848], [-0.00018636782445144944, 0.009210151396495682, -0.013746078385429319], [-0.004123928763418481, -0.013746078385429319, 0.04480152002004702]], "chi2_level": 0.997, "chi2_df": 3, "chi2_threshold": 13.931422665512084, "N_raw": 100, "N_roi": 100, "N_inlier": 95, "refit": true}
{"timestamp": "14:30:04.959176", "frame": 35, "mu": [0.6184079854372796, 1.052557598218944, 1.289495512548787], "Sigma": [[0.004415138026460568, -0.0007482919932538614, -0.002354835166390624], [-0.0007482919932538614, 0.013421367037503639, -0.018719074044595937], [-0.002354835166390624, -0.018719074044595937, 0.03398454202228858]], "chi2_level": 0.997, "chi2_df": 3, "chi2_threshold": 13.931422665512084, "N_raw": 105, "N_roi": 105, "N_inlier": 99, "refit": true}
{"timestamp": "14:30:05.007101", "frame": 36, "mu": [0.45709522312824064, 1.024010536069474, 1.2484577474894745], "Sigma": [[0.008164691761133358, -0.007396516369114016, 0.02519064786444126], [-0.007396516369114016, 0.013424635907399715, -0.024294234053504296], [0.02519064786444126, -0.024294234053504293, 0.20832493025018817]], "chi2_level": 0.997, "chi2_df": 3, "chi2_threshold": 13.931422665512084, "N_raw": 50, "N_roi": 50, "N_inlier": 49, "refit": true}
{"timestamp": "14:30:05.061142", "frame": 37, "mu": [0.569426952988693, 0.8339417712301781, 1.255187873364813], "Sigma": [[0.011950003837647655, -0.008407308097625306, -0.01594052078702027], [-0.008407308097625304, 0.008746681627375522, 0.00957001355942566], [-0.015940520787020268, 0.00957001355942566, 0.024426909298241012]], "chi2_level": 0.997, "chi2_df": 3, "chi2_threshold": 13.931422665512084, "N_raw": 53, "N_roi": 53, "N_inlier": 47, "refit": true}
{"timestamp": "14:30:05.113416", "frame": 38, "mu": [0.342324534924935, 0.969083394008287, 1.331208050298854], "Sigma": [[0.0017386600527015304, -0.00044092200303612176, 0.008107375693973086], [-0.00044092200303612176, 0.002379455696880636, -0.009414231678361813], [0.008107375693973086, -0.009414231678361812, 0.15085220887002337]], "chi2_level": 0.997, "chi2_df": 3, "chi2_threshold": 13.931422665512084, "N_raw": 40, "N_roi": 40, "N_inlier": 39, "refit": true}
{"timestamp": "14:30:05.174759", "frame": 39, "mu": [0.3133472205207026, 0.9827515822983606, 1.3565867650404806], "Sigma": [[0.0024710729163125804, -0.0011427592754057444, -0.0012737109346314958], [-0.0011427592754057444, 0.0037285455354976868, -0.004904512530048449], [-0.0012737109346314958, -0.004904512530048449, 0.013460401949403981]], "chi2_level": 0.997, "chi2_df": 3, "chi2_threshold": 13.931422665512084, "N_raw": 82, "N_roi": 82, "N_inlier": 82, "refit": true}
{"timestamp": "14:30:05.227274", "frame": 40, "mu": [0.24867357014623614, 0.9920370832752634, 1.4316778386338225], "Sigma": [[0.003003168106760699, 0.0001702930456806689, -0.0021449090123066466], [0.00017029304568066887, 0.0023175324149344347, -0.0028810373346999704], [-0.0021449090123066466, -0.0028810373346999704, 0.0054253170449782]], "chi2_level": 0.997, "chi2_df": 3, "chi2_threshold": 13.931422665512084, "N_raw": 64, "N_roi": 64, "N_inlier": 61, "refit": true}
{"timestamp": "14:30:05.281333", "frame": 41, "mu": [0.18522051830100048, 0.9733886665394271, 1.485455451562328], "Sigma": [[0.002746253012316828, 0.00022918594842238273, -0.0028185857134598712], [0.00022918594842238275, 0.0032833352255135983, -0.0022171362676834602], [-0.0028185857134598712, -0.0022171362676834602, 0.006517489874508255]], "chi2_level": 0.997, "chi2_df": 3, "chi2_threshold": 13.931422665512084, "N_raw": 61, "N_roi": 61, "N_inlier": 59, "refit": true}
{"timestamp": "14:30:05.330644", "frame": 42, "mu": [0.11294386746302525, 1.0024389136160583, 1.1948338513201762], "Sigma": [[0.0028411018460876842, 0.0016835286175194658, -0.01162978188688343], [0.0016835286175194658, 0.0026184799840103736, -0.019499680238126958], [-0.011629781886883432, -0.01949968023812696, 0.358119581658042]], "chi2_level": 0.997, "chi2_df": 3, "chi2_threshold": 13.931422665512084, "N_raw": 21, "N_roi": 21, "N_inlier": 21, "refit": true}
{"timestamp": "14:30:05.394556", "frame": 43, "mu": [0.029388753461926903, 1.0322087668641877, -0.2436730685935859], "Sigma": [[0.003990123556666725, 0.0006634928566954081, 0.04496373788235541], [0.0006634928566954079, 0.007589636458354616, -0.007484113657203389], [0.04496373788235541, -0.007484113657203392, 0.7531985583490174]], "chi2_level": 0.997, "chi2_df": 3, "chi2_threshold": 13.931422665512084, "N_raw": 82, "N_roi": 82, "N_inlier": 81, "refit": true}
{"timestamp": "14:30:05.442525", "frame": 44, "mu": [-0.016927726205429955, 0.9683174059015376, 1.3894273920198696], "Sigma": [[0.003258521933474966, 0.0006717328546596247, 0.011922975565547259], [0.0006717328546596247, 0.002992954544799512, 0.014979282232844827], [0.01192297556554726, 0.014979282232844827, 0.1467221640910445]], "chi2_level": 0.997, "chi2_df": 3, "chi2_threshold": 13.931422665512084, "N_raw": 26, "N_roi": 26, "N_inlier": 24, "refit": true}
{"timestamp": "14:30:05.509341", "frame": 45, "mu": [-0.06192969238930989, 0.9232900296088429, 1.1384245611962753], "Sigma": [[0.0028714398862120048, -0.0019386432623828547, -0.00348530447775341], [-0.0019386432623828545, 0.004645462941235094, -0.0007452944280967141], [-0.0034853044777534096, -0.0007452944280967141, 0.030880039362772338]], "chi2_level": 0.997, "chi2_df": 3, "chi2_threshold": 13.931422665512084, "N_raw": 113, "N_roi": 113, "N_inlier": 110, "refit": true}
{"timestamp": "14:30:05.612833", "frame": 47, "mu": [-0.2122589231203466, 0.9147626970308377, 1.270340651015949], "Sigma": [[0.0035643508945494935, -0.0022491007945794977, -0.011450378469012396], [-0.0022491007945794977, 0.0032033370876812777, 0.010988005290912414], [-0.011450378469012396, 0.010988005290912414, 0.09249272025592511]], "chi2_level": 0.997, "chi2_df": 3, "chi2_threshold": 13.931422665512084, "N_raw": 72, "N_roi": 72, "N_inlier": 69, "refit": true}
{"timestamp": "14:30:05.670595", "frame": 48, "mu": [-0.2845551662949894, 0.9475171090470575, 1.4133726708238137], "Sigma": [[0.004175395663871681, -0.0027381536239077507, -0.008414033441853187], [-0.002738153623907751, 0.006925524947503933, 0.008545951468789087], [-0.008414033441853186, 0.008545951468789085, 0.04697721655950737]], "chi2_level": 0.997, "chi2_df": 3, "chi2_threshold": 13.931422665512084, "N_raw": 88, "N_roi": 88, "N_inlier": 84, "refit": true}
{"timestamp": "14:30:05.727834", "frame": 49, "mu": [-0.3358911508490614, 0.9296026723236627, 1.400848249398048], "Sigma": [[0.0036698830656718053, -0.0026341015899203173, -0.003908611525824559], [-0.0026341015899203177, 0.007573591599191487, 0.007342994098576746], [-0.003908611525824559, 0.007342994098576747, 0.03239443933199204]], "chi2_level": 0.997, "chi2_df": 3, "chi2_threshold": 13.931422665512084, "N_raw": 98, "N_roi": 95, "N_inlier": 94, "refit": true}
{"timestamp": "14:30:05.781853", "frame": 50, "mu": [-0.389138800340656, 0.9401521657747868, 1.416881092223143], "Sigma": [[0.004757287208805201, -0.0017631230482305742, -0.005659123674150875], [-0.0017631230482305742, 0.003184214178870911, -0.0009160288278591356], [-0.005659123674150874, -0.0009160288278591356, 0.011791006983723696]], "chi2_level": 0.997, "chi2_df": 3, "chi2_threshold": 13.931422665512084, "N_raw": 87, "N_roi": 85, "N_inlier": 82, "refit": true}
{"timestamp": "14:30:05.829100", "frame": 51, "mu": [-0.4612528104817816, 0.8919451262558072, 1.2547189106046788], "Sigma": [[0.002852991083659025, -0.0034274719196810697, 0.0007342161298861598], [-0.0034274719196810697, 0.009621192638250998, 0.015043421072682096], [0.0007342161298861611, 0.015043421072682094, 0.12955693075877844]], "chi2_level": 0.997, "chi2_df": 3, "chi2_threshold": 13.931422665512084, "N_raw": 40, "N_roi": 38, "N_inlier": 36, "refit": true}
{"timestamp": "14:30:05.890809", "frame": 52, "mu": [-0.516744131285465, 0.9245689702770961, 1.3027395609456178], "Sigma": [[0.005818798472743917, -0.0020550936777907294, -0.012831841930583732], [-0.0020550936777907294, 0.0038343043492207324, 0.005688362532970477], [-0.012831841930583732, 0.005688362532970478, 0.06927117739887245]], "chi2_level": 0.997, "chi2_df": 3, "chi2_threshold": 13.931422665512084, "N_raw": 100, "N_roi": 100, "N_inlier": 98, "refit": true}
{"timestamp": "14:30:05.944896", "frame": 53, "mu": [-0.6340692344568517, 0.9556220253363772, 1.462052216530766], "Sigma": [[0.0043072947653902465, -0.0006744976027363527, -0.0011790312405223213], [-0.0006744976027363527, 0.0041332358055269315, -0.005196139814694948], [-0.0011790312405223216, -0.005196139814694948, 0.011967563253143113]], "chi2_level": 0.997, "chi2_df": 3, "chi2_threshold": 13.931422665512084, "N_raw": 84, "N_roi": 84, "N_inlier": 79, "refit": true}
{"timestamp": "14:30:05.999272", "frame": 54, "mu": [-0.7881073585947443, 0.9989486234427488, -0.2156720644257749], "Sigma": [[0.04482549994545603, 0.03161487864665996, -0.01118547582774492], [0.03161487864665996, 0.03762984188152632, -0.05594494566946058], [-0.011185475827744918, -0.05594494566946058, 0.21377040613248993]], "chi2_level": 0.997, "chi2_df": 3, "chi2_threshold": 13.931422665512084, "N_raw": 80, "N_roi": 80, "N_inlier": 77, "refit": true}
{"timestamp": "14:30:06.055344", "frame": 55, "mu": [-0.9152875516423291, 0.9128006575969401, -0.3717190506539511], "Sigma": [[0.032780213174254544, 0.018097601653087284, -0.03425123861083609], [0.018097601653087284, 0.015061495742787421, -0.02274580665475716], [-0.034251238610836086, -0.02274580665475716, 0.06784470631492572]], "chi2_level": 0.997, "chi2_df": 3, "chi2_threshold": 13.931422665512084, "N_raw": 93, "N_roi": 92, "N_inlier": 90, "refit": true}
{"timestamp": "14:30:06.106243", "frame": 56, "mu": [-0.9362202972551954, 0.8218840832646128, 1.3771460577954573], "Sigma": [[0.03582299516881021, 0.010633056099457305, -0.08182868896301898], [0.010633056099457304, 0.007500336870442335, -0.026043511514862155], [-0.08182868896301898, -0.026043511514862155, 0.2140258388780999]], "chi2_level": 0.997, "chi2_df": 3, "chi2_threshold": 13.931422665512084, "N_raw": 53, "N_roi": 50, "N_inlier": 49, "refit": true}
{"timestamp": "14:30:06.165380", "frame": 57, "mu": [-1.0133624696752976, 0.8155513687108397, 1.458301276384216], "Sigma": [[0.02201256876968458, 0.0036653855802505735, -0.03288812272989547], [0.0036653855802505735, 0.005773223922493441, -0.005503899935252547], [-0.03288812272989547, -0.005503899935252547, 0.07248404797257027]], "chi2_level": 0.997, "chi2_df": 3, "chi2_threshold": 13.931422665512084, "N_raw": 90, "N_roi": 88, "N_inlier": 85, "refit": true}
{"timestamp": "14:30:06.224358", "frame": 58, "mu": [-1.0569028210073794, 0.856775190661185, 0.28393751245814114], "Sigma": [[0.023542599680121845, -0.0008756641035927316, 0.06524395338470232], [-0.0008756641035927315, 0.0071919940164400864, -0.002567255101157638], [0.06524395338470233, -0.0025672551011576387, 0.5119226892737382]], "chi2_level": 0.997, "chi2_df": 3, "chi2_threshold": 13.931422665512084, "N_raw": 112, "N_roi": 111, "N_inlier": 111, "refit": true}
{"timestamp": "14:30:06.278827", "frame": 59, "mu": [-1.1224420291348225, 0.8561964605629068, 1.3900208088796597], "Sigma": [[0.02297662151438693, 0.012705608553247282, -0.04090730237957593], [0.012705608553247282, 0.021287721654744907, -0.04125924193725192], [-0.04090730237957594, -0.04125924193725191, 0.13775593810434175]], "chi2_level": 0.997, "chi2_df": 3, "chi2_threshold": 13.931422665512084, "N_raw": 114, "N_roi": 114, "N_inlier": 113, "refit": true}
{"timestamp": "14:30:06.327288", "frame": 60, "mu": [-1.1984395237812668, 0.8556351889452127, 1.4933290848546181], "Sigma": [[0.01926167049052022, 0.010914101286404992, -0.025914876755220567], [0.010914101286404992, 0.01481042307805294, -0.017498913646041392], [-0.025914876755220563, -0.017498913646041392, 0.09417179943278987]], "chi2_level": 0.997, "chi2_df": 3, "chi2_threshold": 13.931422665512084, "N_raw": 61, "N_roi": 61, "N_inlier": 55, "refit": true}
{"timestamp": "14:30:06.388611", "frame": 61, "mu": [-1.2207173522245653, 0.7782091974751276, 1.4019976057171257], "Sigma": [[0.018431589633558638, 0.01056947715687496, -0.004675303450615502], [0.01056947715687496, 0.01745138063247548, -0.00483557867086541], [-0.004675303450615502, -0.00483557867086541, 0.004075625763342091]], "chi2_level": 0.997, "chi2_df": 3, "chi2_threshold": 13.931422665512084, "N_raw": 108, "N_roi": 108, "N_inlier": 107, "refit": true}
{"timestamp": "14:30:06.440665", "frame": 62, "mu": [-1.326093177632979, 0.8126836542407885, 1.4980877809433546], "Sigma": [[0.015199886566800094, 0.01309809031575747, 0.00428454687420218], [0.013098090315757472, 0.01934536592770474, 0.002525388824013786], [0.00428454687420218, 0.0025253888240137864, 0.01582418391695468]], "chi2_level": 0.997, "chi2_df": 3, "chi2_threshold": 13.931422665512084, "N_raw": 82, "N_roi": 82, "N_inlier": 80, "refit": true}
{"timestamp": "14:30:06.494157", "frame": 63, "mu": [-1.3059194435489785, 0.9843377893910009, 1.5490302724550324], "Sigma": [[0.020237927924170562, 0.00958756311067684, -0.010226340196695398], [0.00958756311067684, 0.009478935281506182, -0.008834927480813465], [-0.010226340196695398, -0.008834927480813465, 0.009678916777889204]], "chi2_level": 0.997, "chi2_df": 3, "chi2_threshold": 13.931422665512084, "N_raw": 77, "N_roi": 77, "N_inlier": 76, "refit": true}
{"timestamp": "14:30:06.551321", "frame": 64, "mu": [-1.343633213025006, 0.951290674143305, 1.3945675672046105], "Sigma": [[0.02488618631623806, 0.013294976787754462, -0.049788729304522425], [0.013294976787754459, 0.029433433658420848, 0.017750910159813796], [-0.04978872930452241, 0.017750910159813796, 0.25320818451299987]], "chi2_level": 0.997, "chi2_df": 3, "chi2_threshold": 13.931422665512084, "N_raw": 92, "N_roi": 92, "N_inlier": 92, "refit": true}
{"timestamp": "14:30:06.600760", "frame": 65, "mu": [-1.4509701663531323, 0.8613504519765983, 1.3562095310661666], "Sigma": [[0.026472226014361513, 0.0285101296089839, -0.009676632088392093], [0.0285101296089839, 0.040917512454611935, 0.01874574830521821], [-0.009676632088392095, 0.01874574830521821, 0.13399124314133184]], "chi2_level": 0.997, "chi2_df": 3, "chi2_threshold": 13.931422665512084, "N_raw": 52, "N_roi": 52, "N_inlier": 52, "refit": true}
{"timestamp": "14:30:06.665721", "frame": 66, "mu": [-1.4379229746362037, 1.0326091499764787, 1.127662813191687], "Sigma": [[0.03123552489189696, 0.017557081770701775, -0.059484105333122705], [0.017557081770701775, 0.01779354894829356, -0.016243218225666725], [-0.059484105333122705, -0.016243218225666725, 0.3122571756850728]], "chi2_level": 0.997, "chi2_df": 3, "chi2_threshold": 13.931422665512084, "N_raw": 122, "N_roi": 122, "N_inlier": 122, "refit": true}
{"timestamp": "14:30:06.724897", "frame": 67, "mu": [-1.4510002778576157, 1.1023539465290901, 1.338419867040253], "Sigma": [[0.024930132524353964, 0.01463753688291778, -0.007915724262813208], [0.014637536882917784, 0.013585574895650198, -0.013982934692992877], [-0.007915724262813208, -0.013982934692992877, 0.094444193624869]], "chi2_level": 0.997, "chi2_df": 3, "chi2_threshold": 13.931422665512084, "N_raw": 150, "N_roi": 150, "N_inlier": 150, "refit": true}
{"timestamp": "14:30:06.779974", "frame": 68, "mu": [-1.4756779176274413, 1.1922007002441277, 1.2934628447688865], "Sigma": [[0.025077041874457317, 0.012843258545080796, -0.028756935672995972], [0.012843258545080793, 0.01598356048462754, -0.04004123419282107], [-0.028756935672995972, -0.04004123419282107, 0.2114547221543102]], "chi2_level": 0.997, "chi2_df": 3, "chi2_threshold": 13.931422665512084, "N_raw": 150, "N_roi": 150, "N_inlier": 150, "refit": true}
{"timestamp": "14:30:06.830030", "frame": 69, "mu": [-1.510227412728879, 1.2771930314020152, 0.5496521532490669], "Sigma": [[0.02461035483108681, 0.010246765778758625, 0.07837924384943931], [0.010246765778758625, 0.014417591267768204, 0.0362547456208914], [0.07837924384943931, 0.036254745620891406, 0.4822314271730213]], "chi2_level": 0.997, "chi2_df": 3, "chi2_threshold": 13.931422665512084, "N_raw": 115, "N_roi": 115, "N_inlier": 115, "refit": true}
{"timestamp": "14:30:06.884168", "frame": 70, "mu": [-1.5444688681190075, 1.3150323406755084, 0.4374741326522395], "Sigma": [[0.02527988879378896, 0.013586319609231463, 0.08947620577555045], [0.013586319609231465, 0.017799816209136197, 0.06471221933240909], [0.08947620577555045, 0.06471221933240909, 0.555370892182681]], "chi2_level": 0.997, "chi2_df": 3, "chi2_threshold": 13.931422665512084, "N_raw": 106, "N_roi": 106, "N_inlier": 106, "refit": true}
{"timestamp": "14:30:06.930810", "frame": 71, "mu": [-1.6746917633120857, 1.2559026052208504, 1.6394650956967256], "Sigma": [[0.015856972680770645, 0.010064584793182138, -0.013250462618349012], [0.01006458479318214, 0.011314328308011145, -0.007746119398694394], [-0.013250462618349014, -0.0077461193986943944, 0.04191904485282384]], "chi2_level": 0.997, "chi2_df": 3, "chi2_threshold": 13.931422665512084, "N_raw": 47, "N_roi": 47, "N_inlier": 43, "refit": true}
{"timestamp": "14:30:06.992841", "frame": 72, "mu": [-1.5995891864043132, 1.4121269830295506, 1.500458101817064], "Sigma": [[0.025446920057449286, 0.010864236583682133, -0.01804603369837525], [0.010864236583682133, 0.01428936313738241, -0.011609044759040813], [-0.01804603369837525, -0.011609044759040813, 0.01536199595349665]], "chi2_level": 0.997, "chi2_df": 3, "chi2_threshold": 13.931422665512084, "N_raw": 107, "N_roi": 107, "N_inlier": 107, "refit": true}
{"timestamp": "14:30:07.041246", "frame": 73, "mu": [-1.7491099753584882, 1.3811916271650957, 1.6929133284140159], "Sigma": [[0.013381724351140057, 0.008307760988720048, -0.010595168085272492], [0.00830776098872005, 0.011852445225487463, -0.011799283754346659], [-0.010595168085272492, -0.011799283754346659, 0.027545318648406255]], "chi2_level": 0.997, "chi2_df": 3, "chi2_threshold": 13.931422665512084, "N_raw": 60, "N_roi": 60, "N_inlier": 58, "refit": true}
{"timestamp": "14:30:07.095647", "frame": 74, "mu": [-1.8081083786159855, 1.4613162019304675, 1.8452913510249889], "Sigma": [[0.02385701828379655, 0.015404297048175194, -0.02523974565464094], [0.015404297048175194, 0.01774472360369167, -0.016963149551939935], [-0.02523974565464094, -0.016963149551939935, 0.038954116436977035]], "chi2_level": 0.997, "chi2_df": 3, "chi2_threshold": 13.931422665512084, "N_raw": 59, "N_roi": 59, "N_inlier": 57, "refit": true}
{"timestamp": "14:30:07.153257", "frame": 75, "mu": [-1.8208078059438382, 1.5378829908681864, 1.834911978893526], "Sigma": [[0.018697739956442732, 0.015014096263471062, -0.01733114844595241], [0.015014096263471065, 0.02005058880653708, -0.020803677775829536], [-0.017331148445952408, -0.020803677775829536, 0.03457671864491069]], "chi2_level": 0.997, "chi2_df": 3, "chi2_threshold": 13.931422665512084, "N_raw": 74, "N_roi": 74, "N_inlier": 71, "refit": true}
{"timestamp": "14:30:07.208330", "frame": 76, "mu": [-1.873268887072418, 1.5427065067441674, 1.9515149091465902], "Sigma": [[0.021543590878800457, 0.020073701829052208, -0.022263023145561753], [0.020073701829052205, 0.02766361381326043, -0.023888657124127632], [-0.022263023145561753, -0.023888657124127632, 0.027416239973814385]], "chi2_level": 0.997, "chi2_df": 3, "chi2_threshold": 13.931422665512084, "N_raw": 73, "N_roi": 73, "N_inlier": 70, "refit": true}
{"timestamp": "14:30:07.262974", "frame": 77, "mu": [-1.934853044310637, 1.583632535581326, 1.8832486282151528], "Sigma": [[0.020350319419693508, 0.016432893441085825, -0.01690977464354157], [0.016432893441085825, 0.022564428175806246, -0.016579100679627406], [-0.01690977464354157, -0.016579100679627406, 0.0162369805430587]], "chi2_level": 0.997, "chi2_df": 3, "chi2_threshold": 13.931422665512084, "N_raw": 69, "N_roi": 69, "N_inlier": 67, "refit": true}
{"timestamp": "14:30:07.310410", "frame": 78, "mu": [-1.9074566241645827, 1.7347646062568909, 1.5239268010757332], "Sigma": [[0.045975303490552, 0.03640749811951556, -0.073142160095969], [0.03640749811951556, 0.03558833980124401, -0.0660637815281627], [-0.073142160095969, -0.06606378152816271, 0.31197844772713695]], "chi2_level": 0.997, "chi2_df": 3, "chi2_threshold": 13.931422665512084, "N_raw": 22, "N_roi": 22, "N_inlier": 22, "refit": true}
{"timestamp": "14:30:07.367784", "frame": 79, "mu": [-1.6684127951342773, 2.123664328263173, -0.26498491490123915], "Sigma": [[0.006368743495608165, -0.004920878014943241, 0.01641188432405377], [-0.004920878014943241, 0.02057161315581519, -0.04745703452605114], [0.016411884324053775, -0.04745703452605114, 0.12547108687538577]], "chi2_level": 0.997, "chi2_df": 3, "chi2_threshold": 13.931422665512084, "N_raw": 33, "N_roi": 33, "N_inlier": 30, "refit": true}
{"timestamp": "14:30:07.427151", "frame": 80, "mu": [-2.043289416001644, 1.7120980752463548, 1.9522850694266547], "Sigma": [[0.03136879996913395, 0.029864187527731283, -0.030364832372717504], [0.029864187527731283, 0.03744705674674147, -0.028652434413504395], [-0.030364832372717504, -0.028652434413504395, 0.030619967008315485]], "chi2_level": 0.997, "chi2_df": 3, "chi2_threshold": 13.931422665512084, "N_raw": 68, "N_roi": 68, "N_inlier": 67, "refit": true}
{"timestamp": "14:30:07.476230", "frame": 81, "mu": [-2.0158394004820694, 1.806811569824889, 0.053611982129950025], "Sigma": [[0.0915124408430395, 0.09135719892360393, -0.060280321426174115], [0.09135719892360394, 0.10918148553259141, -0.10069052098726562], [-0.060280321426174115, -0.10069052098726561, 0.14615754889233287]], "chi2_level": 0.997, "chi2_df": 3, "chi2_threshold": 13.931422665512084, "N_raw": 27, "N_roi": 27, "N_inlier": 27, "refit": true}
{"timestamp": "14:30:07.530571", "frame": 82, "mu": [-2.0004446181615116, 1.8795751608695945, 1.758259752017792], "Sigma": [[0.10072227780411357, 0.08253717232779248, -0.11075357496828223], [0.08253717232779248, 0.07837586445193388, -0.10031884338325202], [-0.11075357496828223, -0.10031884338325203, 0.23118736961035366]], "chi2_level": 0.997, "chi2_df": 3, "chi2_threshold": 13.931422665512084, "N_raw": 20, "N_roi": 20, "N_inlier": 20, "refit": true}
{"timestamp": "14:30:07.590133", "frame": 83, "mu": [-1.7897307181333264, 2.1083433783400234, 1.6687212687033903], "Sigma": [[0.13538313836381907, 0.10803852163849464, -0.12429272214646611], [0.10803852163849463, 0.0917378817412889, -0.10153002259629534], [-0.12429272214646611, -0.10153002259629533, 0.13678161941056358]], "chi2_level": 0.997, "chi2_df": 3, "chi2_threshold": 13.931422665512084, "N_raw": 52, "N_roi": 49, "N_inlier": 46, "refit": true}
{"timestamp": "14:30:07.745304", "frame": 84, "mu": [-1.9970662311186829, 2.0509933385518235, 1.8841247267390389], "Sigma": [[0.115571840153257, 0.10564924720130972, -0.09476033713930782], [0.10564924720130972, 0.10271598644267571, -0.08723035474895474], [-0.09476033713930782, -0.08723035474895474, 0.07987174514886572]], "chi2_level": 0.997, "chi2_df": 3, "chi2_threshold": 13.931422665512084, "N_raw": 37, "N_roi": 35, "N_inlier": 35, "refit": true}
{"timestamp": "14:30:07.768487", "frame": 85, "mu": [-1.7467182519531397, 2.435453332969729, 1.2623535446451097], "Sigma": [[0.006215979658633433, -0.00039473852959299224, 0.020365688022568898], [-0.00039473852959299224, 0.0040970937859537955, 0.005519488940509635], [0.020365688022568898, 0.005519488940509637, 0.2534091187098122]], "chi2_level": 0.997, "chi2_df": 3, "chi2_threshold": 13.931422665512084, "N_raw": 17, "N_roi": 17, "N_inlier": 17, "refit": true}
{"timestamp": "14:30:07.813554", "frame": 86, "mu": [-1.6241282343227879, 2.47685704426675, 1.1567136578021042], "Sigma": [[0.010727008483181998, 0.003559862791092815, -0.00674261153636559], [0.003559862791092815, 0.0038060667088720157, -0.0063837901081467766], [-0.00674261153636559, -0.0063837901081467766, 0.015202253858014063]], "chi2_level": 0.997, "chi2_df": 3, "chi2_threshold": 13.931422665512084, "N_raw": 45, "N_roi": 45, "N_inlier": 42, "refit": true}
{"timestamp": "14:30:07.837360", "frame": 87, "mu": [-1.9003673990899739, 2.553902934386859, 0.8496909126298271], "Sigma": [[0.02950530337057669, -0.0018392150488214158, 0.049884160096225025], [-0.001839215048821415, 0.0036917831633627063, -0.012110922717815456], [0.049884160096225025, -0.012110922717815461, 0.11917540331361268]], "chi2_level": 0.997, "chi2_df": 3, "chi2_threshold": 13.931422665512084, "N_raw": 14, "N_roi": 14, "N_inlier": 14, "refit": true}
{"timestamp": "14:30:07.868960", "frame": 88, "mu": [-1.764588487870245, 2.5976332563895106, 1.6478164206881185], "Sigma": [[0.00713494163706138, 0.003611244385332337, -0.008166028251306967], [0.0036112443853323372, 0.005870654833627716, -0.008721181302945039], [-0.008166028251306967, -0.008721181302945039, 0.021725527213326126]], "chi2_level": 0.997, "chi2_df": 3, "chi2_threshold": 13.931422665512084, "N_raw": 33, "N_roi": 33, "N_inlier": 31, "refit": true}
{"timestamp": "14:30:07.923482", "frame": 89, "mu": [-1.6605739387299903, 2.7028452273066623, 1.0863647409692994], "Sigma": [[0.018229703826866502, 0.0036551802782194094, -0.006613615229780387], [0.0036551802782194094, 0.0026437376962780627, -0.001995785718014932], [-0.006613615229780387, -0.0019957857180149317, 0.1097962995818062]], "chi2_level": 0.997, "chi2_df": 3, "chi2_threshold": 13.931422665512084, "N_raw": 78, "N_roi": 78, "N_inlier": 78, "refit": true}
{"timestamp": "14:30:07.977469", "frame": 90, "mu": [-1.7027062505844246, 2.726517327563409, 1.3244236280756247], "Sigma": [[0.014213014892902002, 0.0032996577712990924, -0.005939559253330817], [0.0032996577712990924, 0.006309102857769787, -0.008390013767745796], [-0.005939559253330818, -0.008390013767745796, 0.013332399166250378]], "chi2_level": 0.997, "chi2_df": 3, "chi2_threshold": 13.931422665512084, "N_raw": 62, "N_roi": 60, "N_inlier": 59, "refit": true}
{"timestamp": "14:30:08.085098", "frame": 92, "mu": [-1.7774012553109388, 2.927896611567639, 1.5315963624961346], "Sigma": [[0.014253604721647073, 0.005438796026947447, -0.012854521000084159], [0.005438796026947447, 0.008048870399168502, -0.014908972596804668], [-0.012854521000084159, -0.014908972596804666, 0.0399199166771851]], "chi2_level": 0.997, "chi2_df": 3, "chi2_threshold": 13.931422665512084, "N_raw": 59, "N_roi": 59, "N_inlier": 57, "refit": true}
{"timestamp": "14:30:08.137351", "frame": 93, "mu": [-1.7227774101685052, 3.0066857039152093, 1.3049107546071266], "Sigma": [[0.015695620682844576, 0.002785294744720142, -0.009415029372816628], [0.002785294744720142, 0.002610532827944599, -0.004877549106854492], [-0.009415029372816628, -0.004877549106854492, 0.02337222825401556]], "chi2_level": 0.997, "chi2_df": 3, "chi2_threshold": 13.931422665512084, "N_raw": 36, "N_roi": 36, "N_inlier": 36, "refit": true}
{"timestamp": "14:30:08.190501", "frame": 94, "mu": [-1.797737164015762, 3.070063921044255, 0.7815698401789897], "Sigma": [[0.009463919836939802, -0.0008265146346224339, 0.00422029116856128], [-0.0008265146346224341, 0.0023027273904929592, -0.010604475199566532], [0.0042202911685612805, -0.010604475199566532, 0.30461705625307894]], "chi2_level": 0.997, "chi2_df": 3, "chi2_threshold": 13.931422665512084, "N_raw": 18, "N_roi": 18, "N_inlier": 17, "refit": true}
{"timestamp": "14:30:08.247087", "frame": 95, "mu": [-1.772547657143304, 3.1072079021677594, 0.9525364849683764], "Sigma": [[0.01777986515960354, 0.004609977759203496, 0.03982184123899838], [0.004609977759203496, 0.00227371890270427, 0.01123037840730238], [0.03982184123899839, 0.01123037840730238, 0.22456606146992034]], "chi2_level": 0.997, "chi2_df": 3, "chi2_threshold": 13.931422665512084, "N_raw": 32, "N_roi": 32, "N_inlier": 31, "refit": true}
{"timestamp": "14:30:08.361152", "frame": 97, "mu": [-1.6271777019070472, 3.3215961635440583, 0.08217803192437594], "Sigma": [[0.018938678654884446, 0.003268012609623887, -0.010610725805750829], [0.003268012609623887, 0.014326538072156123, -0.028258886912311876], [-0.01061072580575083, -0.028258886912311876, 0.07831706410664709]], "chi2_level": 0.997, "chi2_df": 3, "chi2_threshold": 13.931422665512084, "N_raw": 55, "N_roi": 54, "N_inlier": 53, "refit": true}
{"timestamp": "14:30:08.413453", "frame": 98, "mu": [-1.5183119991878142, 3.2390732046932396, 1.088941767411173], "Sigma": [[0.018033200404304374, -0.002019682440537525, -0.015265718183041253], [-0.0020196824405375245, 0.00428602245764688, 0.0007893984878311346], [-0.015265718183041252, 0.0007893984878311344, 0.015441919802379236]], "chi2_level": 0.997, "chi2_df": 3, "chi2_threshold": 13.931422665512084, "N_raw": 46, "N_roi": 46, "N_inlier": 44, "refit": true}
{"timestamp": "14:30:08.465105", "frame": 99, "mu": [-1.3981056438714996, 3.2649942148240996, 1.1860543518335196], "Sigma": [[0.01082845440088992, -0.00188771081439362, -0.01159589306591842], [-0.00188771081439362, 0.0031769914997431294, 0.0031338821365998015], [-0.01159589306591842, 0.003133882136599801, 0.014001156008418919]], "chi2_level": 0.997, "chi2_df": 3, "chi2_threshold": 13.931422665512084, "N_raw": 21, "N_roi": 21, "N_inlier": 19, "refit": true}
{"timestamp": "14:30:08.633564", "frame": 100, "mu": [-1.3644351233899707, 3.3396470134548384, 1.2839380901859945], "Sigma": [[0.014630863418046905, -0.005117102871429049, -0.023647841229370616], [-0.005117102871429049, 0.007127751943307682, 0.014181719785664054], [-0.023647841229370616, 0.014181719785664055, 0.04655432848566084]], "chi2_level": 0.997, "chi2_df": 3, "chi2_threshold": 13.931422665512084, "N_raw": 35, "N_roi": 35, "N_inlier": 31, "refit": true}
{"timestamp": "14:30:08.649999", "frame": 101, "mu": [-1.5909368882084718, 3.4091270170745687, 0.8614085353175908], "Sigma": [[0.05973166646153161, -0.005659519634708723, 0.0647294188585858], [-0.005659519634708723, 0.006068405545747617, -0.01637148997524763], [0.0647294188585858, -0.016371489975247632, 0.14312423003354954]], "chi2_level": 0.997, "chi2_df": 3, "chi2_threshold": 13.931422665512084, "N_raw": 68, "N_roi": 66, "N_inlier": 66, "refit": true}
{"timestamp": "14:30:08.682133", "frame": 102, "mu": [-1.321412746712425, 3.4147967923225075, 1.1874282186866505], "Sigma": [[0.02272597891360957, 0.00042915717294024253, 0.0027497160642610302], [0.00042915717294024274, 0.005751623766151621, -0.0031639164455328785], [0.0027497160642610294, -0.0031639164455328794, 0.03302332307828691]], "chi2_level": 0.997, "chi2_df": 3, "chi2_threshold": 13.931422665512084, "N_raw": 38, "N_roi": 38, "N_inlier": 37, "refit": true}
{"timestamp": "14:30:08.712887", "frame": 103, "mu": [-1.4078041841992976, 3.5460156739009365, 0.9822757949146409], "Sigma": [[0.035685510910377555, -0.008678840478551109, 0.0496404217413762], [-0.008678840478551109, 0.009650649754056063, -0.033567973393035105], [0.0496404217413762, -0.033567973393035105, 0.1659681771306171]], "chi2_level": 0.997, "chi2_df": 3, "chi2_threshold": 13.931422665512084, "N_raw": 55, "N_roi": 55, "N_inlier": 55, "refit": true}
{"timestamp": "14:30:08.794855", "frame": 105, "mu": [-1.184942512498517, 3.582258345592102, 1.0534368085854886], "Sigma": [[0.01083687571943202, 0.001696129780395957, -0.0058492759257034645], [0.0016961297803959573, 0.0013764471846288771, -0.0020685100830828643], [-0.0058492759257034645, -0.0020685100830828643, 0.006017288670867304]], "chi2_level": 0.997, "chi2_df": 3, "chi2_threshold": 13.931422665512084, "N_raw": 24, "N_roi": 24, "N_inlier": 22, "refit": true}
{"timestamp": "14:30:08.849748", "frame": 106, "mu": [-1.134279134570604, 3.6041687130842996, 1.0358209824530136], "Sigma": [[0.00992795195606443, 0.00013578898676982858, 0.0015075418652905797], [0.00013578898676982836, 0.0013284553402912595, -0.001823639754452063], [0.0015075418652905795, -0.001823639754452063, 0.0054458405542246084]], "chi2_level": 0.997, "chi2_df": 3, "chi2_threshold": 13.931422665512084, "N_raw": 17, "N_roi": 15, "N_inlier": 13, "refit": true}
{"timestamp": "14:30:08.904742", "frame": 107, "mu": [-1.0870426905145623, 3.7786828185868133, 0.01895078501244147], "Sigma": [[0.01106972515837573, 0.00019172372756516185, -0.0009290525928511631], [0.00019172372756516201, 0.0041235080948559145, -0.004654585408625181], [-0.000929052592851163, -0.004654585408625182, 0.006516336570969189]], "chi2_level": 0.997, "chi2_df": 3, "chi2_threshold": 13.931422665512084, "N_raw": 24, "N_roi": 24, "N_inlier": 23, "refit": true}
