{"timestamp": "14:25:52.349500", "frame": 19, "mu": [0.5683731641808085, 0.2941552106735801, 0.6917885760450555], "Sigma": [[1.2577938248070855, 0.004913652355898448, 0.5185671380202304], [0.004913652355898447, 0.0032459553951922596, 0.0017530572265666506], [0.5185671380202304, 0.0017530572265666501, 0.22126125962048956]], "chi2_level": 0.997, "chi2_df": 3, "chi2_threshold": 13.931422665512084, "N_raw": 16, "N_roi": 16, "N_inlier": 15, "refit": true}
{"timestamp": "14:25:52.404029", "frame": 20, "mu": [-0.6387572000177829, 0.2699545354528905, 0.6910424432285323], "Sigma": [[1.1407875200405455, -0.014673369601177284, 0.24576914134005656], [-0.014673369601177284, 0.010257018003596687, -0.0018086100015173197], [0.24576914134005656, -0.0018086100015173166, 0.30915362937210705]], "chi2_level": 0.997, "chi2_df": 3, "chi2_threshold": 13.931422665512084, "N_raw": 13, "N_roi": 13, "N_inlier": 13, "refit": true}
{"timestamp": "14:25:52.459529", "frame": 21, "mu": [-0.0009889676663836083, 0.34853645127995275, 1.0109081116714487], "Sigma": [[1.3759293937625878, -0.1065394208699869, -0.048345865232365996], [-0.10653942086998688, 0.016038026821906658, -0.021556741426876996], [-0.048345865232366, -0.021556741426876996, 0.15202696775665112]], "chi2_level": 0.997, "chi2_df": 3, "chi2_threshold": 13.931422665512084, "N_raw": 22, "N_roi": 22, "N_inlier": 22, "refit": true}
{"timestamp": "14:25:52.516673", "frame": 22, "mu": [-0.11905456215097061, 0.30187096286005116, 1.0057360713264059], "Sigma": [[1.5245117871785416, -0.053737774996156534, 0.01491351747776799], [-0.05373777499615653, 0.03584655766074218, -0.04347559259677525], [0.014913517477767984, -0.04347559259677525, 0.10084998229932773]], "chi2_level": 0.997, "chi2_df": 3, "chi2_threshold": 13.931422665512084, "N_raw": 41, "N_roi": 41, "N_inlier": 41, "refit": true}
{"timestamp": "14:25:52.575588", "frame": 23, "mu": [-0.425056050655734, 0.30506330091072853, 1.2864351836190933], "Sigma": [[1.2007515430271691, -0.03470479655492449, -0.063490875922159], [-0.03470479655492449, 0.010009047381480648, 0.004841018989381437], [-0.063490875922159, 0.004841018989381437, 0.04349303431966779]], "chi2_level": 0.997, "chi2_df": 3, "chi2_threshold": 13.931422665512084, "N_raw": 68, "N_roi": 68, "N_inlier": 65, "refit": true}
{"timestamp": "14:25:52.629067", "frame": 24, "mu": [-0.9583453850094136, 0.3888995264070464, 1.4093356131184818], "Sigma": [[0.4803534494200042, -0.01950206549368452, 0.016867139018059057], [-0.019502065493684523, 0.005590380140705435, -0.003767670990903039], [0.016867139018059057, -0.00376767099090304, 0.009156206943203321]], "chi2_level": 0.997, "chi2_df": 3, "chi2_threshold": 13.931422665512084, "N_raw": 59, "N_roi": 59, "N_inlier": 57, "refit": true}
{"timestamp": "14:25:52.687347", "frame": 25, "mu": [-0.911659443696542, 0.5109824957913645, -0.4951528259236513], "Sigma": [[0.4134585522438115, -0.01636662000778056, 0.0037026323419994565], [-0.01636662000778056, 0.008614618528282459, -0.0019954964396561516], [0.0037026323419994556, -0.001995496439656151, 0.007386594428945227]], "chi2_level": 0.997, "chi2_df": 3, "chi2_threshold": 13.931422665512084, "N_raw": 78, "N_roi": 78, "N_inlier": 72, "refit": true}
{"timestamp": "14:25:52.739329", "frame": 26, "mu": [-1.1345542675278453, 0.4661062614457058, 1.5035086136863713], "Sigma": [[0.006182011339866767, 0.0026801624816874792, 0.0034774508574330855], [0.0026801624816874792, 0.004156876287652736, -0.0019828386400853196], [0.0034774508574330855, -0.0019828386400853196, 0.011219317978892265]], "chi2_level": 0.997, "chi2_df": 3, "chi2_threshold": 13.931422665512084, "N_raw": 58, "N_roi": 58, "N_inlier": 58, "refit": true}
{"timestamp": "14:25:52.795800", "frame": 27, "mu": [-1.1017209513587414, 0.5143531143660031, 1.4943097842482609], "Sigma": [[0.007136087799235449, 0.003128562256463464, 0.0030200479576484914], [0.0031285622564634643, 0.004638705162537951, -0.0016799459888859254], [0.003020047957648492, -0.0016799459888859254, 0.008370104761741723]], "chi2_level": 0.997, "chi2_df": 3, "chi2_threshold": 13.931422665512084, "N_raw": 64, "N_roi": 64, "N_inlier": 62, "refit": true}
{"timestamp": "14:25:52.853542", "frame": 28, "mu": [-1.0727773958851325, 0.588057383875746, 1.4957732979022382], "Sigma": [[0.005964584959814653, 0.0027282052896223374, 0.003219704327784122], [0.0027282052896223374, 0.003857928738633336, -0.0022476422578725833], [0.003219704327784122, -0.0022476422578725833, 0.00999093414792836]], "chi2_level": 0.997, "chi2_df": 3, "chi2_threshold": 13.931422665512084, "N_raw": 60, "N_roi": 60, "N_inlier": 58, "refit": true}
{"timestamp": "14:25:52.910532", "frame": 29, "mu": [-1.043329637219647, 0.7610423937337851, -0.27461594484042134], "Sigma": [[0.01008916445978404, 0.0040466228481376085, -0.0009362430751566318], [0.0040466228481376085, 0.009383747279102263, -0.005082776569902326], [-0.0009362430751566317, -0.005082776569902326, 0.003997598471527094]], "chi2_level": 0.997, "chi2_df": 3, "chi2_threshold": 13.931422665512084, "N_raw": 79, "N_roi": 79, "N_inlier": 76, "refit": true}
{"timestamp": "14:25:52.959791", "frame": 30, "mu": [-1.108796454350488, 0.6917746417076495, 1.4752989664235086], "Sigma": [[0.012692052156017774, 0.005690753124051283, -0.018828706025550035], [0.005690753124051282, 0.009354409827611545, -0.009933122072385283], [-0.018828706025550035, -0.009933122072385283, 0.0710869020340274]], "chi2_level": 0.997, "chi2_df": 3, "chi2_threshold": 13.931422665512084, "N_raw": 41, "N_roi": 41, "N_inlier": 39, "refit": true}
{"timestamp": "14:25:53.013033", "frame": 31, "mu": [-1.0057545936926129, 0.7747823223346872, 1.4193111846569624], "Sigma": [[0.023034528468207544, 0.017837450903028164, -0.04741981207352983], [0.017837450903028164, 0.026834608224615662, -0.07811805713972893], [-0.04741981207352983, -0.07811805713972894, 0.24996338155872153]], "chi2_level": 0.997, "chi2_df": 3, "chi2_threshold": 13.931422665512084, "N_raw": 34, "N_roi": 34, "N_inlier": 31, "refit": true}
{"timestamp": "14:25:53.066289", "frame": 32, "mu": [-0.8934089512207306, 1.1515192720491898, -0.5855736507258178], "Sigma": [[0.023594968020743973, 0.031010593849326376, -0.038580255502046155], [0.03101059384932638, 0.10602288654772349, -0.17479726972444182], [-0.038580255502046155, -0.17479726972444182, 0.3208185780536086]], "chi2_level": 0.997, "chi2_df": 3, "chi2_threshold": 13.931422665512084, "N_raw": 16, "N_roi": 16, "N_inlier": 16, "refit": true}
{"timestamp": "14:25:53.123129", "frame": 33, "mu": [-0.7655228521507155, 0.9692889481968967, 1.1739815310575765], "Sigma": [[0.015091423040592225, 0.0029958249798412075, -0.013240153614868166], [0.0029958249798412075, 0.009962535967052585, -0.02608853730919859], [-0.013240153614868166, -0.02608853730919859, 0.23864492620547342]], "chi2_level": 0.997, "chi2_df": 3, "chi2_threshold": 13.931422665512084, "N_raw": 21, "N_roi": 19, "N_inlier": 19, "refit": true}
{"timestamp": "14:25:53.185637", "frame": 34, "mu": [-0.7087375619992907, 1.0945787303525618, 1.394799724042389], "Sigma": [[0.02110360873024103, 0.00991333657406348, -0.027685365444614356], [0.009913336574063483, 0.016094506632641614, -0.007877527985099097], [-0.027685365444614356, -0.007877527985099097, 0.0626467816763414]], "chi2_level": 0.997, "chi2_df": 3, "chi2_threshold": 13.931422665512084, "N_raw": 79, "N_roi": 79, "N_inlier": 76, "refit": true}
{"timestamp": "14:25:53.235397", "frame": 35, "mu": [-0.6731828797166121, 1.1251677418309676, 1.4350566038950086], "Sigma": [[0.028352382753082675, 0.013773027958732921, -0.012984218747628076], [0.01377302795873292, 0.011738838294755673, -0.013339613516342285], [-0.012984218747628075, -0.013339613516342285, 0.0728177084739242]], "chi2_level": 0.997, "chi2_df": 3, "chi2_threshold": 13.931422665512084, "N_raw": 39, "N_roi": 39, "N_inlier": 38, "refit": true}
{"timestamp": "14:25:53.289387", "frame": 36, "mu": [-0.6177459432632498, 1.4007880354307953, -0.6576451663869121], "Sigma": [[0.0024047055997306714, 0.0006459298551196222, -0.0067616870115194995], [0.000645929855119622, 0.014890980548733062, -0.05842567152505179], [-0.0067616870115194995, -0.05842567152505179, 0.28591191803632005]], "chi2_level": 0.997, "chi2_df": 3, "chi2_threshold": 13.931422665512084, "N_raw": 40, "N_roi": 40, "N_inlier": 39, "refit": true}
{"timestamp": "14:25:53.350214", "frame": 37, "mu": [-0.5261128071836135, 1.22951783929663, 1.3196881341966735], "Sigma": [[0.00575605591463618, -0.0033450779812639955, -0.006721034404712672], [-0.0033450779812639955, 0.005846616147816963, 0.006066164403792568], [-0.006721034404712672, 0.006066164403792568, 0.037622241813310954]], "chi2_level": 0.997, "chi2_df": 3, "chi2_threshold": 13.931422665512084, "N_raw": 75, "N_roi": 75, "N_inlier": 73, "refit": true}
{"timestamp": "14:25:53.406706", "frame": 38, "mu": [-0.5146412190410216, 1.261250506072587, 1.2991947172758964], "Sigma": [[0.005081545854441701, -0.0028056981697164893, -0.004373655688379212], [-0.0028056981697164897, 0.003969458719157523, 0.0020445743430060575], [-0.00437365568837921, 0.0020445743430060575, 0.05063699325894619]], "chi2_level": 0.997, "chi2_df": 3, "chi2_threshold": 13.931422665512084, "N_raw": 86, "N_roi": 86, "N_inlier": 83, "refit": true}
{"timestamp": "14:25:53.462435", "frame": 39, "mu": [-0.4423696749310292, 1.3546015161078278, -0.26522159466045414], "Sigma": [[0.005090239342449145, -0.001968679350440209, 0.025605460278506458], [-0.0019686793504402086, 0.012735157264478906, -0.01640466212225697], [0.025605460278506458, -0.016404662122256976, 0.3268561515311237]], "chi2_level": 0.997, "chi2_df": 3, "chi2_threshold": 13.931422665512084, "N_raw": 88, "N_roi": 86, "N_inlier": 85, "refit": true}
{"timestamp": "14:25:53.517083", "frame": 40, "mu": [-0.4790712425799655, 1.3832859733026408, 1.245302886680466], "Sigma": [[0.004873894184897735, -0.0011098027365162586, -0.006878725191631263], [-0.0011098027365162586, 0.001878295855869261, 0.0051398533438793], [-0.006878725191631262, 0.0051398533438793, 0.07836494809637809]], "chi2_level": 0.997, "chi2_df": 3, "chi2_threshold": 13.931422665512084, "N_raw": 86, "N_roi": 86, "N_inlier": 83, "refit": true}
{"timestamp": "14:25:53.572745", "frame": 41, "mu": [-0.34880864630028974, 1.5233249429967908, 1.041764045170687], "Sigma": [[0.0136114915251753, 0.013045348858706701, -0.04774943992576488], [0.013045348858706701, 0.024803983390245386, -0.08202732246868569], [-0.04774943992576487, -0.08202732246868569, 0.29211301926243416]], "chi2_level": 0.997, "chi2_df": 3, "chi2_threshold": 13.931422665512084, "N_raw": 89, "N_roi": 89, "N_inlier": 88, "refit": true}
{"timestamp": "14:25:53.626418", "frame": 42, "mu": [-0.33588392140048096, 1.5234293845883922, 1.4571528594806749], "Sigma": [[0.005474874113281314, -0.001011999996495785, -0.004413007556871108], [-0.001011999996495785, 0.004473301634009959, -0.0028754908781517445], [-0.004413007556871108, -0.0028754908781517445, 0.007876082207983607]], "chi2_level": 0.997, "chi2_df": 3, "chi2_threshold": 13.931422665512084, "N_raw": 78, "N_roi": 78, "N_inlier": 72, "refit": true}
{"timestamp": "14:25:53.680661", "frame": 43, "mu": [-0.33740675013084837, 1.5828803891727965, 1.3658197888721402], "Sigma": [[0.009857905188453859, 0.004253284760443553, 0.030038115533020753], [0.004253284760443553, 0.007331197485299415, 0.02046543941813976], [0.030038115533020753, 0.02046543941813976, 0.18198604583311692]], "chi2_level": 0.997, "chi2_df": 3, "chi2_threshold": 13.931422665512084, "N_raw": 76, "N_roi": 76, "N_inlier": 73, "refit": true}
{"timestamp": "14:25:53.743857", "frame": 44, "mu": [-0.2800918502385784, 1.6196256597473426, 1.2076270593584209], "Sigma": [[0.016135227348793107, 0.003011164011087326, 0.03921347108574796], [0.003011164011087326, 0.007439810883457148, 0.015405888872978956], [0.03921347108574796, 0.015405888872978956, 0.2817092262552374]], "chi2_level": 0.997, "chi2_df": 3, "chi2_threshold": 13.931422665512084, "N_raw": 134, "N_roi": 132, "N_inlier": 132, "refit": true}
{"timestamp": "14:25:53.797063", "frame": 45, "mu": [-0.23211884011765951, 1.6974604633039745, 0.882389397551223], "Sigma": [[0.01890698706701776, -0.000895528569209463, 0.04205849943972566], [-0.000895528569209463, 0.004280861883725108, -0.000824790247874743], [0.04205849943972566, -0.0008247902478747429, 0.2898965947947748]], "chi2_level": 0.997, "chi2_df": 3, "chi2_threshold": 13.931422665512084, "N_raw": 115, "N_roi": 111, "N_inlier": 111, "refit": true}
{"timestamp": "14:25:53.855914", "frame": 46, "mu": [-0.18166470696670564, 1.9460743579158217, -0.450756392762154], "Sigma": [[0.0158056760895557, -0.012622261106807788, 0.04019872192420949], [-0.012622261106807788, 0.03042504722127245, -0.08491351247932147], [0.04019872192420949, -0.08491351247932147, 0.2892532880126408]], "chi2_level": 0.997, "chi2_df": 3, "chi2_threshold": 13.931422665512084, "N_raw": 145, "N_roi": 144, "N_inlier": 143, "refit": true}
{"timestamp": "14:25:53.905017", "frame": 47, "mu": [-0.13336369171380427, 1.814904806836558, 1.0935927473994793], "Sigma": [[0.016587582735292934, -0.0015371963991357284, 0.03564921538697443], [-0.0015371963991357282, 0.0030011052021460625, 0.0012135690161629163], [0.03564921538697442, 0.001213569016162917, 0.28027848989626053]], "chi2_level": 0.997, "chi2_df": 3, "chi2_threshold": 13.931422665512084, "N_raw": 98, "N_roi": 98, "N_inlier": 97, "refit": true}
{"timestamp": "14:25:53.956986", "frame": 48, "mu": [-0.0686209973045419, 1.847427780997248, 1.4937831935620847], "Sigma": [[0.006525308582072619, -0.00256724417698922, -0.004771241111579514], [-0.00256724417698922, 0.0058091446612583975, 0.003433620178231088], [-0.004771241111579514, 0.003433620178231088, 0.0947442351199782]], "chi2_level": 0.997, "chi2_df": 3, "chi2_threshold": 13.931422665512084, "N_raw": 86, "N_roi": 82, "N_inlier": 79, "refit": true}
{"timestamp": "14:25:54.012387", "frame": 49, "mu": [-0.0659161875016218, 1.8547938635593881, 1.0747113393100884], "Sigma": [[0.007843725117604668, 8.434281995569796e-05, 0.011902769373965536], [8.434281995569813e-05, 0.009669215505194862, 0.052576696813895867], [0.011902769373965536, 0.052576696813895867, 0.5861081160134142]], "chi2_level": 0.997, "chi2_df": 3, "chi2_threshold": 13.931422665512084, "N_raw": 92, "N_roi": 89, "N_inlier": 87, "refit": true}
{"timestamp": "14:25:54.062200", "frame": 50, "mu": [0.06356640828148662, 1.930423217572238, 1.2687192637517757], "Sigma": [[0.008131543899697299, 0.0016125184896433361, 0.007875511214788612], [0.0016125184896433361, 0.006430538705542913, 0.007935745873611242], [0.007875511214788612, 0.00793574587361124, 0.20365365731518084]], "chi2_level": 0.997, "chi2_df": 3, "chi2_threshold": 13.931422665512084, "N_raw": 54, "N_roi": 54, "N_inlier": 51, "refit": true}
{"timestamp": "14:25:54.121702", "frame": 51, "mu": [0.01677006538284416, 1.9465666761955258, 1.0466983261118266], "Sigma": [[0.011466338462455735, 0.009433874190517742, 0.04314733870581832], [0.009433874190517742, 0.019346265537147064, 0.06122234279542595], [0.04314733870581833, 0.06122234279542596, 0.28487111209580057]], "chi2_level": 0.997, "chi2_df": 3, "chi2_threshold": 13.931422665512084, "N_raw": 87, "N_roi": 87, "N_inlier": 82, "refit": true}
{"timestamp": "14:25:54.170967", "frame": 52, "mu": [0.01845550518424135, 1.9484459902901274, 0.7996055800548311], "Sigma": [[0.008139482509035201, -0.006846760118242428, 0.011362522258800778], [-0.0068467601182424275, 0.1294442235351689, 0.20096277924927908], [0.011362522258800776, 0.20096277924927908, 0.40268184440686466]], "chi2_level": 0.997, "chi2_df": 3, "chi2_threshold": 13.931422665512084, "N_raw": 46, "N_roi": 45, "N_inlier": 44, "refit": true}
{"timestamp": "14:25:54.229154", "frame": 53, "mu": [0.15190843209051832, 1.9885791578835617, 0.8944995167597884], "Sigma": [[0.018057026980678945, 0.01762898640375518, 0.07074305877601811], [0.01762898640375518, 0.03011759506227376, 0.103709703125194], [0.07074305877601811, 0.103709703125194, 0.4514529936536749]], "chi2_level": 0.997, "chi2_df": 3, "chi2_threshold": 13.931422665512084, "N_raw": 73, "N_roi": 72, "N_inlier": 70, "refit": true}
{"timestamp": "14:25:54.278052", "frame": 54, "mu": [0.19318325891485888, 1.948304900084109, 0.46352721720990164], "Sigma": [[0.008338568713677219, 0.02405823354232879, 0.053695236918170366], [0.024058233542328788, 0.1747939917435983, 0.2790401398170518], [0.053695236918170366, 0.2790401398170518, 0.6688619999280235]], "chi2_level": 0.997, "chi2_df": 3, "chi2_threshold": 13.931422665512084, "N_raw": 22, "N_roi": 22, "N_inlier": 22, "refit": true}
{"timestamp": "14:25:54.337926", "frame": 55, "mu": [0.3179833542220348, 2.248952608582015, 1.209331144270904], "Sigma": [[0.0057989943514639795, -0.0010831483959168138, -0.0065578895446203244], [-0.0010831483959168136, 0.0043713945052002165, 0.011121047131866667], [-0.006557889544620323, 0.011121047131866667, 0.20534388689926783]], "chi2_level": 0.997, "chi2_df": 3, "chi2_threshold": 13.931422665512084, "N_raw": 56, "N_roi": 53, "N_inlier": 52, "refit": true}
{"timestamp": "14:25:54.391149", "frame": 56, "mu": [0.4420581922897605, 2.208254573238225, 1.270711442729836], "Sigma": [[0.0051519041340978575, -0.0014462289506166218, -0.002422714921553313], [-0.0014462289506166218, 0.006218448325531816, -0.0011078669231770844], [-0.0024227149215533127, -0.0011078669231770846, 0.18507093567686428]], "chi2_level": 0.997, "chi2_df": 3, "chi2_threshold": 13.931422665512084, "N_raw": 45, "N_roi": 45, "N_inlier": 45, "refit": true}
{"timestamp": "14:25:54.447307", "frame": 57, "mu": [0.4296107232154084, 2.29062354402485, 0.8473984698474775], "Sigma": [[0.004574703425220149, -0.0009784300771521557, -0.01232797624562863], [-0.0009784300771521557, 0.002708422293770958, 0.00654457468830388], [-0.01232797624562863, 0.00654457468830388, 0.2824948311131962]], "chi2_level": 0.997, "chi2_df": 3, "chi2_threshold": 13.931422665512084, "N_raw": 57, "N_roi": 54, "N_inlier": 53, "refit": true}
{"timestamp": "14:25:54.500240", "frame": 58, "mu": [0.4948563177594825, 2.3599628383899263, 0.47268988446622057], "Sigma": [[0.006605401609927699, 0.0019907345078598003, -0.004091044573935456], [0.0019907345078597994, 0.0035611447787746286, 0.0027417113539450495], [-0.004091044573935456, 0.0027417113539450503, 0.2204006306657325]], "chi2_level": 0.997, "chi2_df": 3, "chi2_threshold": 13.931422665512084, "N_raw": 38, "N_roi": 36, "N_inlier": 36, "refit": true}
{"timestamp": "14:25:54.551655", "frame": 59, "mu": [0.5792473728820259, 2.445998669489066, 0.7141273343078033], "Sigma": [[0.005139815011260184, 0.004933111781075799, -0.04147570084941406], [0.0049331117810758, 0.013357949744039792, -0.019320937116934715], [-0.041475700849414064, -0.019320937116934715, 0.4704925484783643]], "chi2_level": 0.997, "chi2_df": 3, "chi2_threshold": 13.931422665512084, "N_raw": 13, "N_roi": 11, "N_inlier": 11, "refit": true}
{"timestamp": "14:25:54.609192", "frame": 60, "mu": [0.6665607498709972, 2.5277508244372733, -0.274057297031886], "Sigma": [[0.008648994206068293, 0.00011857211460599044, -0.004817525300569902], [0.00011857211460599088, 0.029305516501329447, -0.04904141171262933], [-0.004817525300569901, -0.04904141171262933, 0.09204047878110733]], "chi2_level": 0.997, "chi2_df": 3, "chi2_threshold": 13.931422665512084, "N_raw": 35, "N_roi": 33, "N_inlier": 31, "refit": true}
{"timestamp": "14:25:54.667712", "frame": 61, "mu": [0.5729329799750753, 2.4906800170303764, 0.9262780085837081], "Sigma": [[0.012541187434768434, -0.0035301550632827056, 0.016899952275984606], [-0.0035301550632827056, 0.004923686322889457, 0.0035793887690025164], [0.016899952275984606, 0.0035793887690025164, 0.08261436096787086]], "chi2_level": 0.997, "chi2_df": 3, "chi2_threshold": 13.931422665512084, "N_raw": 68, "N_roi": 66, "N_inlier": 64, "refit": true}
{"timestamp": "14:25:54.722758", "frame": 62, "mu": [0.6563594437843187, 2.6697323674823847, -0.5824850205202696], "Sigma": [[0.014583457447735947, 0.0017803317961124355, 0.06061542842013039], [0.0017803317961124355, 0.01437935254301158, 0.02193550083002672], [0.06061542842013039, 0.021935500830026725, 0.37256083211299784]], "chi2_level": 0.997, "chi2_df": 3, "chi2_threshold": 13.931422665512084, "N_raw": 58, "N_roi": 57, "N_inlier": 55, "refit": true}
{"timestamp": "14:25:54.771262", "frame": 63, "mu": [0.6894968920759201, 2.566227821389504, 0.7821296303313292], "Sigma": [[0.01822534076383821, -0.0031907191105339534, 0.0548884204760515], [-0.0031907191105339542, 0.004424514168270349, -0.007102370370164576], [0.0548884204760515, -0.007102370370164576, 0.17504765322645713]], "chi2_level": 0.997, "chi2_df": 3, "chi2_threshold": 13.931422665512084, "N_raw": 15, "N_roi": 12, "N_inlier": 12, "refit": true}
{"timestamp": "14:25:54.825510", "frame": 64, "mu": [0.8668869535182452, 2.6676216581567487, 0.41349304054921715], "Sigma": [[0.003491456762817835, 4.6406059347970686e-05, -0.023944342168957734], [4.6406059347970686e-05, 0.0028252890312333257, -0.01845072333781864], [-0.023944342168957737, -0.01845072333781864, 0.44617712721389985]], "chi2_level": 0.997, "chi2_df": 3, "chi2_threshold": 13.931422665512084, "N_raw": 17, "N_roi": 15, "N_inlier": 15, "refit": true}
{"timestamp": "14:25:54.882384", "frame": 65, "mu": [0.8916927484112865, 2.7020244658107777, 1.0007105496520101], "Sigma": [[0.004824210294574389, -0.0021776658230818246, -0.00010539998152854599], [-0.0021776658230818246, 0.005323963885425768, -0.012770488545173828], [-0.00010539998152854599, -0.01277048854517383, 0.05198213149044254]], "chi2_level": 0.997, "chi2_df": 3, "chi2_threshold": 13.931422665512084, "N_raw": 23, "N_roi": 22, "N_inlier": 21, "refit": true}
{"timestamp": "14:25:54.937398", "frame": 66, "mu": [0.9221384639758043, 2.731409344159974, 1.0729408450889077], "Sigma": [[0.008741745526025602, -0.0042554502452864735, -0.006155644748041689], [-0.0042554502452864735, 0.005895434011934841, -0.007570753128491953], [-0.006155644748041689, -0.007570753128491952, 0.06740846488846645]], "chi2_level": 0.997, "chi2_df": 3, "chi2_threshold": 13.931422665512084, "N_raw": 31, "N_roi": 31, "N_inlier": 30, "refit": true}
{"timestamp": "14:25:54.992496", "frame": 67, "mu": [0.9782749546295757, 2.7602796221557844, 1.1519099210196029], "Sigma": [[0.0049678387172090565, -0.0022124568736293804, -0.00632514318975485], [-0.002212456873629381, 0.002526276814718671, 0.001459308908637523], [-0.00632514318975485, 0.0014593089086375232, 0.11508419783707796]], "chi2_level": 0.997, "chi2_df": 3, "chi2_threshold": 13.931422665512084, "N_raw": 23, "N_roi": 23, "N_inlier": 21, "refit": true}
{"timestamp": "14:25:55.053794", "frame": 68, "mu": [1.0656812685483765, 2.7772845177376033, 1.0154941341812618], "Sigma": [[0.012213699835521947, -0.003421893866473658, 0.0037577692502715867], [-0.003421893866473658, 0.0054243497470942885, 0.011529828756963638], [0.0037577692502715867, 0.011529828756963637, 0.2009787363722689]], "chi2_level": 0.997, "chi2_df": 3, "chi2_threshold": 13.931422665512084, "N_raw": 76, "N_roi": 76, "N_inlier": 75, "refit": true}
{"timestamp": "14:25:55.105311", "frame": 69, "mu": [1.0260789809522082, 2.9266936889251527, 1.331476874502789], "Sigma": [[0.014833830800795611, -0.005408577263742966, -0.01665801512020393], [-0.005408577263742966, 0.0060621740879458355, 0.011040399921238224], [-0.01665801512020393, 0.011040399921238226, 0.049548702459249215]], "chi2_level": 0.997, "chi2_df": 3, "chi2_threshold": 13.931422665512084, "N_raw": 43, "N_roi": 43, "N_inlier": 42, "refit": true}
{"timestamp": "14:25:55.159592", "frame": 70, "mu": [1.0625750430786944, 3.0902795030091186, -0.1742515761362434], "Sigma": [[0.00817832100625924, -0.0030297570642054015, 0.004766397473812137], [-0.0030297570642054015, 0.00635220646326078, -0.023256126441572586], [0.0047663974738121374, -0.02325612644157259, 0.12703940478368864]], "chi2_level": 0.997, "chi2_df": 3, "chi2_threshold": 13.931422665512084, "N_raw": 39, "N_roi": 38, "N_inlier": 37, "refit": true}
{"timestamp": "14:25:55.210333", "frame": 71, "mu": [1.0767864159354676, 2.88630415532968, 0.7661243060418277], "Sigma": [[0.006320016229505268, 0.004478467406891686, 0.027668108310747376], [0.004478467406891687, 0.00810545137462479, 0.0399991930601563], [0.027668108310747376, 0.0399991930601563, 0.2651298933631126]], "chi2_level": 0.997, "chi2_df": 3, "chi2_threshold": 13.931422665512084, "N_raw": 11, "N_roi": 11, "N_inlier": 10, "refit": true}
{"timestamp": "14:25:55.326208", "frame": 73, "mu": [1.3282917483927796, 3.1067786442583283, 1.355188574279797], "Sigma": [[0.01454391807023181, -0.006148800281404972, -0.008104094175098192], [-0.006148800281404971, 0.006955522352556617, -0.0009412651836869388], [-0.008104094175098192, -0.0009412651836869389, 0.013074032431924875]], "chi2_level": 0.997, "chi2_df": 3, "chi2_threshold": 13.931422665512084, "N_raw": 56, "N_roi": 54, "N_inlier": 51, "refit": true}
{"timestamp": "14:25:55.433230", "frame": 75, "mu": [1.3910980940865123, 3.198707622322992, 1.1176650816903118], "Sigma": [[0.010653016824530714, -0.004676854994654898, -0.00672039016732622], [-0.004676854994654898, 0.004123144611778198, 0.001092307166771426], [-0.00672039016732622, 0.001092307166771426, 0.018046136213965565]], "chi2_level": 0.997, "chi2_df": 3, "chi2_threshold": 13.931422665512084, "N_raw": 35, "N_roi": 35, "N_inlier": 33, "refit": true}
{"timestamp": "14:25:55.489248", "frame": 76, "mu": [1.4530226323263573, 3.2223175763403558, 1.0240369037262664], "Sigma": [[0.01615759596801892, -0.005573188023783417, 0.0017372669101975062], [-0.005573188023783417, 0.003735620833977065, -0.004392916675417398], [0.0017372669101975058, -0.004392916675417398, 0.012828027330583974]], "chi2_level": 0.997, "chi2_df": 3, "chi2_threshold": 13.931422665512084, "N_raw": 42, "N_roi": 42, "N_inlier": 40, "refit": true}
{"timestamp": "14:25:55.544147", "frame": 77, "mu": [1.4378049845510457, 3.3203893282845818, 1.1652661508464284], "Sigma": [[0.009369784564604397, -0.0034296795425051026, -0.010152978547852333], [-0.0034296795425051026, 0.002617633235947037, 8.286122064768506e-05], [-0.010152978547852333, 8.286122064768463e-05, 0.028401025370221194]], "chi2_level": 0.997, "chi2_df": 3, "chi2_threshold": 13.931422665512084, "N_raw": 32, "N_roi": 32, "N_inlier": 29, "refit": true}
{"timestamp": "14:25:55.600431", "frame": 78, "mu": [1.4951014901479025, 3.361340038245783, 1.287051171072787], "Sigma": [[0.019132794089846333, -0.009404022318138291, -0.030791996374341726], [-0.009404022318138291, 0.006792396608273609, 0.015396249780000131], [-0.030791996374341726, 0.015396249780000131, 0.1082252592178528]], "chi2_level": 0.997, "chi2_df": 3, "chi2_threshold": 13.931422665512084, "N_raw": 51, "N_roi": 50, "N_inlier": 50, "refit": true}
{"timestamp": "14:25:55.710411", "frame": 80, "mu": [1.5328821057962934, 3.4957073173621094, 1.2285325080687761], "Sigma": [[0.011789914295446065, -0.007346012421244559, 0.0023155873356965583], [-0.007346012421244559, 0.0063845199159340655, -0.003321228672040419], [0.0023155873356965583, -0.003321228672040419, 0.1358985909555882]], "chi2_level": 0.997, "chi2_df": 3, "chi2_threshold": 13.931422665512084, "N_raw": 46, "N_roi": 46, "N_inlier": 46, "refit": true}
{"timestamp": "14:25:55.763575", "frame": 81, "mu": [1.5465198504002284, 3.422266265310074, 0.7239246965684311], "Sigma": [[0.01460181732464202, 0.003024401364486934, 0.02955597438711889], [0.003024401364486934, 0.00312443848266876, 0.014964017528345298], [0.02955597438711889, 0.014964017528345298, 0.14369411880502334]], "chi2_level": 0.997, "chi2_df": 3, "chi2_threshold": 13.931422665512084, "N_raw": 34, "N_roi": 34, "N_inlier": 33, "refit": true}
{"timestamp": "14:25:55.818393", "frame": 82, "mu": [1.6682641381855472, 3.5986589047171935, 1.2270777521560368], "Sigma": [[0.01739736201147018, -0.007151222599180298, -0.003925171150317118], [-0.007151222599180298, 0.005046310347300236, -0.0018319349173807095], [-0.003925171150317118, -0.0018319349173807093, 0.009552728202313336]], "chi2_level": 0.997, "chi2_df": 3, "chi2_threshold": 13.931422665512084, "N_raw": 37, "N_roi": 37, "N_inlier": 35, "refit": true}
{"timestamp": "14:25:55.873212", "frame": 83, "mu": [1.7050571693714338, 3.6474787619860507, 1.2249273297759102], "Sigma": [[0.019811560149097882, -0.008921219265284, -0.015552046381371813], [-0.008921219265284, 0.005377247225244747, 0.003993376191808576], [-0.015552046381371813, 0.003993376191808574, 0.02468688182253989]], "chi2_level": 0.997, "chi2_df": 3, "chi2_threshold": 13.931422665512084, "N_raw": 34, "N_roi": 34, "N_inlier": 33, "refit": true}
{"timestamp": "14:25:55.927299", "frame": 84, "mu": [1.7533429678830843, 3.6527657846130746, 1.1323919986199291], "Sigma": [[0.014572635603280449, -0.0086580769120364, -0.004756075832743154], [-0.0086580769120364, 0.007659706149235217, 0.002016674760088277], [-0.004756075832743154, 0.0020166747600882766, 0.005722898096848452]], "chi2_level": 0.997, "chi2_df": 3, "chi2_threshold": 13.931422665512084, "N_raw": 25, "N_roi": 23, "N_inlier": 23, "refit": true}
{"timestamp": "14:25:55.981480", "frame": 85, "mu": [1.7240631801686854, 3.7391357187741496, 1.2183300878046772], "Sigma": [[0.009317913437963633, -0.003924110267609773, -0.0057414146384947035], [-0.003924110267609773, 0.003569691212523807, 0.000492485783075631], [-0.005741414638494704, 0.0004924857830756309, 0.008435975279897933]], "chi2_level": 0.997, "chi2_df": 3, "chi2_threshold": 13.931422665512084, "N_raw": 21, "N_roi": 18, "N_inlier": 18, "refit": true}
{"timestamp": "14:25:56.037325", "frame": 86, "mu": [1.7541398788531777, 3.785826894961994, 1.5250304271619455], "Sigma": [[0.020000778095148185, -0.009438115548086545, -0.010561396668412023], [-0.009438115548086545, 0.006196245775009948, 0.004323861981241605], [-0.010561396668412023, 0.004323861981241605, 0.008593486353927317]], "chi2_level": 0.997, "chi2_df": 3, "chi2_threshold": 13.931422665512084, "N_raw": 29, "N_roi": 28, "N_inlier": 25, "refit": true}
{"timestamp": "14:25:56.091985", "frame": 87, "mu": [2.0321608597570973, 3.6141613516664743, 0.5137141531461871], "Sigma": [[0.019760176696241694, -0.015207293373081635, -0.044622563777183606], [-0.015207293373081635, 0.013859572546308123, 0.034778841211681615], [-0.044622563777183606, 0.034778841211681615, 0.15769990794174274]], "chi2_level": 0.997, "chi2_df": 3, "chi2_threshold": 13.931422665512084, "N_raw": 24, "N_roi": 23, "N_inlier": 22, "refit": true}
{"timestamp": "14:25:56.148085", "frame": 88, "mu": [1.8285095622717307, 3.920747227712395, 1.5020091112574423], "Sigma": [[0.020594106934364104, -0.009790880167134464, -0.011889690347088647], [-0.009790880167134464, 0.007639867603662992, 0.0037392388427777987], [-0.011889690347088647, 0.0037392388427777987, 0.011536735651014506]], "chi2_level": 0.997, "chi2_df": 3, "chi2_threshold": 13.931422665512084, "N_raw": 35, "N_roi": 35, "N_inlier": 34, "refit": true}
{"timestamp": "14:25:56.258284", "frame": 90, "mu": [1.8508056475974588, 4.0427992162545365, 1.4189828178937167], "Sigma": [[0.018581963657193473, -0.0076964901774290405, -0.01108494888288907], [-0.0076964901774290405, 0.005239044153020713, 8.27234443074866e-05], [-0.01108494888288907, 8.272344430748679e-05, 0.023442568141358637]], "chi2_level": 0.997, "chi2_df": 3, "chi2_threshold": 13.931422665512084, "N_raw": 36, "N_roi": 31, "N_inlier": 31, "refit": true}
{"timestamp": "14:25:56.313880", "frame": 91, "mu": [1.9236041771901404, 4.050941873904762, 0.6568878709838346], "Sigma": [[0.017253025592655236, -0.0060640692984442034, -0.01201074136495606], [-0.0060640692984442034, 0.0075972590761547954, -0.0016656162893276235], [-0.01201074136495606, -0.0016656162893276243, 0.03228172027160109]], "chi2_level": 0.997, "chi2_df": 3, "chi2_threshold": 13.931422665512084, "N_raw": 39, "N_roi": 38, "N_inlier": 36, "refit": true}
{"timestamp": "14:25:56.368565", "frame": 92, "mu": [1.967043380574071, 4.113762783626406, 1.5585596112604543], "Sigma": [[0.017452883816801587, -0.009055367510268657, -0.008618521560254253], [-0.009055367510268657, 0.008247414876578043, 0.002656416092648806], [-0.008618521560254253, 0.002656416092648806, 0.008753222004043966]], "chi2_level": 0.997, "chi2_df": 3, "chi2_threshold": 13.931422665512084, "N_raw": 35, "N_roi": 31, "N_inlier": 31, "refit": true}
{"timestamp": "14:25:56.476261", "frame": 94, "mu": [2.0460981206908726, 4.16187063510689, 1.4233611511970468], "Sigma": [[0.012128304550809318, -0.0012972556462280134, -0.0077326509576107335], [-0.0012972556462280136, 0.0028647598332600843, -0.006140438599791204], [-0.007732650957610735, -0.006140438599791204, 0.02989496577089583]], "chi2_level": 0.997, "chi2_df": 3, "chi2_threshold": 13.931422665512084, "N_raw": 18, "N_roi": 16, "N_inlier": 15, "refit": true}
{"timestamp": "14:25:56.533654", "frame": 95, "mu": [2.0563011031862315, 4.221411641295276, 1.3344900322310418], "Sigma": [[0.024727243793953448, -0.012012159806401737, -0.013560251847477557], [-0.012012159806401735, 0.008478222863609303, 0.003264975180388104], [-0.01356025184747756, 0.0032649751803881036, 0.016501265578564607]], "chi2_level": 0.997, "chi2_df": 3, "chi2_threshold": 13.931422665512084, "N_raw": 35, "N_roi": 35, "N_inlier": 35, "refit": true}
{"timestamp": "14:25:56.676276", "frame": 96, "mu": [2.0591544284823557, 4.252644558392144, 0.6218104690934361], "Sigma": [[0.01920332884529636, -0.006106456643963757, -0.010708840899985732], [-0.006106456643963759, 0.004771824940199311, 0.002466408863363736], [-0.010708840899985732, 0.002466408863363736, 0.008262019974788813]], "chi2_level": 0.997, "chi2_df": 3, "chi2_threshold": 13.931422665512084, "N_raw": 27, "N_roi": 24, "N_inlier": 24, "refit": true}
{"timestamp": "14:25:56.707250", "frame": 97, "mu": [2.125137228661681, 4.2643468574275465, 1.605727178463068], "Sigma": [[0.015531721171537666, -0.006924752749214068, -0.012811221009861283], [-0.006924752749214069, 0.005455119680379069, 0.0033364959278098945], [-0.012811221009861287, 0.003336495927809894, 0.020849730720748808]], "chi2_level": 0.997, "chi2_df": 3, "chi2_threshold": 13.931422665512084, "N_raw": 23, "N_roi": 22, "N_inlier": 21, "refit": true}
{"timestamp": "14:25:56.752100", "frame": 98, "mu": [2.1366210273275974, 4.311521349600967, 1.581121454378436], "Sigma": [[0.028108023422599552, -0.012915294314769624, -0.002733909195309391], [-0.012915294314769624, 0.011744769895401514, -0.0004000443379898672], [-0.002733909195309391, -0.0004000443379898672, 0.004031228023056588]], "chi2_level": 0.997, "chi2_df": 3, "chi2_threshold": 13.931422665512084, "N_raw": 53, "N_roi": 52, "N_inlier": 49, "refit": true}
{"timestamp": "14:25:56.782874", "frame": 99, "mu": [2.2452495869672258, 4.354645442232404, 1.4728968947769148], "Sigma": [[0.024209639362161903, -0.0008368534431395423, -0.021667282550864874], [-0.0008368534431395421, 0.00869476828769728, -0.010639119682675502], [-0.02166728255086487, -0.010639119682675502, 0.04555807348562493]], "chi2_level": 0.997, "chi2_df": 3, "chi2_threshold": 13.931422665512084, "N_raw": 62, "N_roi": 39, "N_inlier": 38, "refit": true}
{"timestamp": "14:25:56.896978", "frame": 100, "mu": [2.3543261218541875, 4.52476592291659, 1.2696303089646974], "Sigma": [[0.019599858529835406, 0.006583180032317769, -0.019407490030506448], [0.006583180032317771, 0.010689031512204876, -0.001699674327985572], [-0.019407490030506448, -0.001699674327985572, 0.028287075121652572]], "chi2_level": 0.997, "chi2_df": 3, "chi2_threshold": 13.931422665512084, "N_raw": 44, "N_roi": 14, "N_inlier": 14, "refit": true}
{"timestamp": "14:25:56.965977", "frame": 102, "mu": [2.3135118754435533, 4.37973112813993, 0.7925273155313451], "Sigma": [[0.013873455669231856, -0.007872662677359296, -0.009190266396814594], [-0.007872662677359296, 0.005365981654716004, 0.006664436660894174], [-0.009190266396814596, 0.006664436660894173, 0.07395067485513276]], "chi2_level": 0.997, "chi2_df": 3, "chi2_threshold": 13.931422665512084, "N_raw": 32, "N_roi": 25, "N_inlier": 25, "refit": true}
