{"timestamp": "14:34:12.363957", "frame": 1, "mu": [0.7473257718810532, 1.583123895644824, 1.26142893180185], "Sigma": [[0.005263995922317183, -0.002726873811677958, -0.00021843492499932149], [-0.002726873811677958, 0.004058533127098583, -0.006899709563640314], [-0.00021843492499932062, -0.006899709563640314, 0.08097847339924119]], "chi2_level": 0.997, "chi2_df": 3, "chi2_threshold": 13.931422665512084, "N_raw": 56, "N_roi": 56, "N_inlier": 53, "refit": true}
{"timestamp": "14:34:12.424788", "frame": 2, "mu": [0.8170627858387463, 1.5337142743911916, 1.356442611020916], "Sigma": [[0.009531345276823687, -0.0016884568623660014, -0.0035676481031267212], [-0.0016884568623660014, 0.0038113411496169857, -0.0023715206335652847], [-0.0035676481031267217, -0.0023715206335652847, 0.005475540526734045]], "chi2_level": 0.997, "chi2_df": 3, "chi2_threshold": 13.931422665512084, "N_raw": 70, "N_roi": 70, "N_inlier": 66, "refit": true}
{"timestamp": "14:34:12.481114", "frame": 3, "mu": [0.7736174927355884, 1.545906130676955, 1.4025834599588627], "Sigma": [[0.010985147580221172, -0.002267282624667315, -0.009518474433901384], [-0.002267282624667315, 0.005680432803039302, 0.000816083922101349], [-0.009518474433901384, 0.0008160839221013489, 0.009328891018758091]], "chi2_level": 0.997, "chi2_df": 3, "chi2_threshold": 13.931422665512084, "N_raw": 82, "N_roi": 82, "N_inlier": 77, "refit": true}
{"timestamp": "14:34:12.532575", "frame": 4, "mu": [0.7495085414975023, 1.4919299629692357, 1.357361553129656], "Sigma": [[0.008386788222388843, -0.00389635644874854, -0.012984702567401578], [-0.00389635644874854, 0.004483589248805935, 0.004521909927019585], [-0.012984702567401578, 0.004521909927019585, 0.06372552069788512]], "chi2_level": 0.997, "chi2_df": 3, "chi2_threshold": 13.931422665512084, "N_raw": 54, "N_roi": 54, "N_inlier": 51, "refit": true}
{"timestamp": "14:34:12.590719", "frame": 5, "mu": [0.7792133357634969, 1.5906014795882502, -0.43676219795429294], "Sigma": [[0.008754016934895628, 0.002955004903876119, 0.0024527623346685505], [0.002955004903876119, 0.005617698063373265, 0.0014301322997452373], [0.0024527623346685505, 0.0014301322997452373, 0.042353238448344675]], "chi2_level": 0.997, "chi2_df": 3, "chi2_threshold": 13.931422665512084, "N_raw": 77, "N_roi": 77, "N_inlier": 73, "refit": true}
{"timestamp": "14:34:12.640903", "frame": 6, "mu": [0.6282446141987734, 1.477083670782614, 1.136294814712202], "Sigma": [[0.005070444754764707, -0.00219548634976377, -0.01903041972185629], [-0.00219548634976377, 0.0048080257474945815, 0.031002923739670455], [-0.01903041972185629, 0.03100292373967046, 0.4412954536006907]], "chi2_level": 0.997, "chi2_df": 3, "chi2_threshold": 13.931422665512084, "N_raw": 43, "N_roi": 43, "N_inlier": 42, "refit": true}
{"timestamp": "14:34:12.698085", "frame": 7, "mu": [0.6331563414519975, 1.4851186058150263, 1.2872810195595863], "Sigma": [[0.005673493255816428, -0.0027157818647402686, -0.015260248471493923], [-0.0027157818647402686, 0.006132182206682403, 0.0076161664750812085], [-0.015260248471493923, 0.0076161664750812085, 0.11297008977679604]], "chi2_level": 0.997, "chi2_df": 3, "chi2_threshold": 13.931422665512084, "N_raw": 65, "N_roi": 65, "N_inlier": 62, "refit": true}
{"timestamp": "14:34:12.752187", "frame": 8, "mu": [0.6270977436786815, 1.477637913207014, 1.2558554454210054], "Sigma": [[0.006322952965474538, -0.0008783166027058142, -0.010719071935121116], [-0.0008783166027058142, 0.0034905213764061457, -0.00015232000401623142], [-0.010719071935121116, -0.00015232000401623185, 0.1772353075371995]], "chi2_level": 0.997, "chi2_df": 3, "chi2_threshold": 13.931422665512084, "N_raw": 56, "N_roi": 56, "N_inlier": 54, "refit": true}
{"timestamp": "14:34:12.803790", "frame": 9, "mu": [0.5817343364435045, 1.4622623941817103, 1.2079984029907527], "Sigma": [[0.013471928649326032, -0.0034711800181408225, -0.04383806731553772], [-0.0034711800181408225, 0.0028156571802682904, 0.00978197670134251], [-0.04383806731553772, 0.00978197670134251, 0.20484323342502048]], "chi2_level": 0.997, "chi2_df": 3, "chi2_threshold": 13.931422665512084, "N_raw": 40, "N_roi": 40, "N_inlier": 39, "refit": true}
{"timestamp": "14:34:12.859274", "frame": 10, "mu": [0.5210277779533118, 1.511631481524132, 1.2029117412625663], "Sigma": [[0.003955834869291558, -0.0016118296565596894, -0.009786078896245276], [-0.0016118296565596894, 0.0014973669871405006, 0.004913952850170525], [-0.009786078896245276, 0.004913952850170525, 0.05535972826880665]], "chi2_level": 0.997, "chi2_df": 3, "chi2_threshold": 13.931422665512084, "N_raw": 36, "N_roi": 36, "N_inlier": 32, "refit": true}
{"timestamp": "14:34:12.918404", "frame": 11, "mu": [0.4382877975143485, 1.5095030405291054, 0.9773555041444513], "Sigma": [[0.013897686565482572, -0.001599363057554478, 0.03558613829342278], [-0.001599363057554478, 0.0027453083403801773, -0.005078072881928733], [0.035586138293422775, -0.005078072881928733, 0.15015614576491884]], "chi2_level": 0.997, "chi2_df": 3, "chi2_threshold": 13.931422665512084, "N_raw": 67, "N_roi": 67, "N_inlier": 64, "refit": true}
{"timestamp": "14:34:12.972537", "frame": 12, "mu": [0.4172845297944932, 1.4662200245126567, 1.2119704033563834], "Sigma": [[0.005423694608692342, -0.0018034138863540863, -0.014086455260503755], [-0.0018034138863540863, 0.004394873878093593, 0.004408553047181185], [-0.014086455260503755, 0.004408553047181185, 0.07864112017996164]], "chi2_level": 0.997, "chi2_df": 3, "chi2_threshold": 13.931422665512084, "N_raw": 59, "N_roi": 59, "N_inlier": 56, "refit": true}
{"timestamp": "14:34:13.023114", "frame": 13, "mu": [0.34962946259877886, 1.5105942100512002, 1.0935581424889418], "Sigma": [[0.002584655512233365, -0.0017023745657825178, -0.015432244768044898], [-0.0017023745657825178, 0.007925497264140331, 0.004959982771584905], [-0.015432244768044898, 0.004959982771584903, 0.3765509890985812]], "chi2_level": 0.997, "chi2_df": 3, "chi2_threshold": 13.931422665512084, "N_raw": 21, "N_roi": 21, "N_inlier": 20, "refit": true}
{"timestamp": "14:34:13.082881", "frame": 14, "mu": [0.24424689849829254, 1.5580474870899106, 1.3976379298194643], "Sigma": [[0.005280938975631744, -0.0019381137324272894, -0.013592794343069613], [-0.0019381137324272894, 0.006876022588650893, 0.014714684833408844], [-0.013592794343069613, 0.014714684833408846, 0.1219814782754882]], "chi2_level": 0.997, "chi2_df": 3, "chi2_threshold": 13.931422665512084, "N_raw": 61, "N_roi": 61, "N_inlier": 59, "refit": true}
{"timestamp": "14:34:13.140484", "frame": 15, "mu": [0.22808220836513537, 1.575795800478394, 1.415312828967256], "Sigma": [[0.006129828180238501, -0.001045546372901515, -0.00781398985895904], [-0.001045546372901515, 0.004594644124392534, -0.002013041008722021], [-0.00781398985895904, -0.0020130410087220206, 0.014187278985796694]], "chi2_level": 0.997, "chi2_df": 3, "chi2_threshold": 13.931422665512084, "N_raw": 81, "N_roi": 81, "N_inlier": 76, "refit": true}
{"timestamp": "14:34:13.195963", "frame": 16, "mu": [0.16181898046350757, 1.508546093706368, 1.0105522007496228], "Sigma": [[0.0043026393283241374, -0.0005453309007948475, 0.0023848909642054093], [-0.0005453309007948475, 0.007890076113629903, 0.04474545458214002], [0.002384890964205409, 0.04474545458214002, 0.4312930570851445]], "chi2_level": 0.997, "chi2_df": 3, "chi2_threshold": 13.931422665512084, "N_raw": 75, "N_roi": 75, "N_inlier": 75, "refit": true}
{"timestamp": "14:34:13.251268", "frame": 17, "mu": [0.12306031240105807, 1.5165794026829182, 1.194183512475266], "Sigma": [[0.011142105766196864, -0.004141353545534473, 0.00024423413705772137], [-0.004141353545534473, 0.011761799975172283, 0.03425175679616997], [0.00024423413705772137, 0.03425175679616997, 0.21598447862459721]], "chi2_level": 0.997, "chi2_df": 3, "chi2_threshold": 13.931422665512084, "N_raw": 86, "N_roi": 86, "N_inlier": 85, "refit": true}
{"timestamp": "14:34:13.311678", "frame": 18, "mu": [0.008288541803839578, 1.496897275668019, 1.0720741839194745], "Sigma": [[0.01753730810393215, 0.003807197795539365, 0.04067639457464101], [0.003807197795539365, 0.012482941424139962, 0.04398332895579965], [0.04067639457464101, 0.04398332895579965, 0.29479770665489746]], "chi2_level": 0.997, "chi2_df": 3, "chi2_threshold": 13.931422665512084, "N_raw": 126, "N_roi": 126, "N_inlier": 126, "refit": true}
{"timestamp": "14:34:13.357775", "frame": 19, "mu": [0.034903753699028275, 1.5651947839743279, 1.3730068647477123], "Sigma": [[0.007624291214006005, -0.000839231011445527, 0.013450486187481741], [-0.0008392310114455268, 0.006726660261193372, 0.007474338839525764], [0.013450486187481745, 0.007474338839525764, 0.08128859897007254]], "chi2_level": 0.997, "chi2_df": 3, "chi2_threshold": 13.931422665512084, "N_raw": 55, "N_roi": 55, "N_inlier": 52, "refit": true}
{"timestamp": "14:34:13.412431", "frame": 20, "mu": [-0.039484365580398854, 1.4884790306643003, 1.1058381412553329], "Sigma": [[0.005733955405998294, -0.0034503503158803033, 0.00029932066504835975], [-0.003450350315880304, 0.011919445238210072, 0.029549546867209547], [0.0002993206650483589, 0.029549546867209543, 0.13416201821889803]], "chi2_level": 0.997, "chi2_df": 3, "chi2_threshold": 13.931422665512084, "N_raw": 57, "N_roi": 57, "N_inlier": 54, "refit": true}
{"timestamp": "14:34:13.468211", "frame": 21, "mu": [-0.09561786068228106, 1.4980507621520356, 1.3387310600202664], "Sigma": [[0.004903203098296407, -0.0004914967221764341, -0.0017609380135675061], [-0.0004914967221764341, 0.0073322160120084185, -0.0004727409525768282], [-0.0017609380135675061, -0.0004727409525768283, 0.0012658852439702143]], "chi2_level": 0.997, "chi2_df": 3, "chi2_threshold": 13.931422665512084, "N_raw": 68, "N_roi": 68, "N_inlier": 65, "refit": true}
{"timestamp": "14:34:13.524752", "frame": 22, "mu": [-0.20112639383569977, 1.5565645016210046, -0.5261946794892891], "Sigma": [[0.004436253640274924, 0.0036014085073563817, 0.01286339550255155], [0.0036014085073563817, 0.029066640045265317, -0.023636732941732033], [0.01286339550255155, -0.023636732941732033, 0.1645471994551825]], "chi2_level": 0.997, "chi2_df": 3, "chi2_threshold": 13.931422665512084, "N_raw": 76, "N_roi": 76, "N_inlier": 75, "refit": true}
{"timestamp": "14:34:13.585462", "frame": 23, "mu": [-0.22484197805944198, 1.509093329625132, 1.2620158984772223], "Sigma": [[0.006574657576330792, -0.0006646365488153995, -0.013214260389808411], [-0.0006646365488153995, 0.0063596256241882495, 0.00267931404855176], [-0.013214260389808411, 0.0026793140485517597, 0.12396364284269099]], "chi2_level": 0.997, "chi2_df": 3, "chi2_threshold": 13.931422665512084, "N_raw": 105, "N_roi": 105, "N_inlier": 104, "refit": true}
{"timestamp": "14:34:13.640549", "frame": 24, "mu": [-0.3142364268217789, 1.4523355328997787, 1.3437648716511463], "Sigma": [[0.005080495374560282, -0.0003226260747156924, -0.005193967588228087], [-0.00032262607471569263, 0.025148376635645883, 0.01160656042542272], [-0.005193967588228087, 0.011606560425422718, 0.024620992483837728]], "chi2_level": 0.997, "chi2_df": 3, "chi2_threshold": 13.931422665512084, "N_raw": 105, "N_roi": 105, "N_inlier": 100, "refit": true}
{"timestamp": "14:34:13.695410", "frame": 25, "mu": [-0.3720724473561437, 1.4820989180565483, 1.3350933649737984], "Sigma": [[0.006144486014814197, -0.0012951045486364167, -0.005276492818739095], [-0.0012951045486364167, 0.015264894697276337, 0.003041388926662933], [-0.005276492818739096, 0.003041388926662933, 0.008428400285998979]], "chi2_level": 0.997, "chi2_df": 3, "chi2_threshold": 13.931422665512084, "N_raw": 100, "N_roi": 100, "N_inlier": 97, "refit": true}
{"timestamp": "14:34:13.746634", "frame": 26, "mu": [-0.447487368994471, 1.485321190085332, 1.3975637428345746], "Sigma": [[0.0052531562007942165, 0.0003692860818246118, -0.0016312666789511194], [0.0003692860818246118, 0.016335783164016186, 0.00476261564798072], [-0.0016312666789511196, 0.00476261564798072, 0.005357460584981912]], "chi2_level": 0.997, "chi2_df": 3, "chi2_threshold": 13.931422665512084, "N_raw": 83, "N_roi": 83, "N_inlier": 81, "refit": true}
{"timestamp": "14:34:13.798085", "frame": 27, "mu": [-0.46372902244459985, 1.5891537408076908, 1.3051814242568192], "Sigma": [[0.005545702642007814, 0.0005988149349530355, -0.0016734178257469651], [0.0005988149349530354, 0.009960857461648154, 0.004002968996908236], [-0.0016734178257469651, 0.004002968996908236, 0.04534931454881068]], "chi2_level": 0.997, "chi2_df": 3, "chi2_threshold": 13.931422665512084, "N_raw": 59, "N_roi": 59, "N_inlier": 55, "refit": true}
{"timestamp": "14:34:13.856192", "frame": 28, "mu": [-0.5226937048806432, 1.5783176849701959, 1.3414068349845967], "Sigma": [[0.0069768823863379575, 0.0043658879817742805, -0.0053668344934961545], [0.0043658879817742805, 0.012246995217961245, -0.004407074839201511], [-0.0053668344934961545, -0.004407074839201511, 0.009249582960810668]], "chi2_level": 0.997, "chi2_df": 3, "chi2_threshold": 13.931422665512084, "N_raw": 88, "N_roi": 88, "N_inlier": 83, "refit": true}
{"timestamp": "14:34:13.914958", "frame": 29, "mu": [-0.6310164013185426, 1.5595261519955916, 1.1524669812042718], "Sigma": [[0.008076233180849863, 0.0004132667600971571, 0.014956062555467324], [0.0004132667600971571, 0.010637411438339692, -0.0011465454017016326], [0.014956062555467328, -0.0011465454017016326, 0.22880364814256968]], "chi2_level": 0.997, "chi2_df": 3, "chi2_threshold": 13.931422665512084, "N_raw": 106, "N_roi": 106, "N_inlier": 105, "refit": true}
{"timestamp": "14:34:13.969465", "frame": 30, "mu": [-0.6557846709046038, 1.607426013900518, 1.2628134630257868], "Sigma": [[0.009047680537660205, 0.004654625608691152, -0.00863120518700922], [0.004654625608691152, 0.012220873105756475, -0.011058799646161743], [-0.00863120518700922, -0.011058799646161743, 0.10134858176755737]], "chi2_level": 0.997, "chi2_df": 3, "chi2_threshold": 13.931422665512084, "N_raw": 98, "N_roi": 96, "N_inlier": 92, "refit": true}
{"timestamp": "14:34:14.021647", "frame": 31, "mu": [-0.6810527508157176, 1.713666557407095, 1.3129035724174298], "Sigma": [[0.008819185900356935, 0.0024693242765154, -0.005084506967116291], [0.0024693242765154, 0.004979330054630175, -0.00027387915432273025], [-0.005084506967116291, -0.00027387915432273025, 0.03263646901594222]], "chi2_level": 0.997, "chi2_df": 3, "chi2_threshold": 13.931422665512084, "N_raw": 77, "N_roi": 77, "N_inlier": 71, "refit": true}
{"timestamp": "14:34:14.081140", "frame": 32, "mu": [-0.7587526699559514, 1.6097000283352596, 1.1824339591976907], "Sigma": [[0.011201461386623717, 0.005088227903320984, -0.012845670962415717], [0.005088227903320984, 0.011540198508803402, -0.00940459147120997], [-0.012845670962415717, -0.00940459147120997, 0.03925138440933931]], "chi2_level": 0.997, "chi2_df": 3, "chi2_threshold": 13.931422665512084, "N_raw": 118, "N_roi": 118, "N_inlier": 112, "refit": true}
{"timestamp": "14:34:14.132929", "frame": 33, "mu": [-0.8078515537116999, 1.6159517913270058, 1.0475377777305566], "Sigma": [[0.009633191311116738, -0.00475025822483676, -0.036088475719674606], [-0.00475025822483676, 0.013174102466984281, 0.047656542058158474], [-0.036088475719674606, 0.04765654205815846, 0.28086729185832054]], "chi2_level": 0.997, "chi2_df": 3, "chi2_threshold": 13.931422665512084, "N_raw": 84, "N_roi": 84, "N_inlier": 81, "refit": true}
{"timestamp": "14:34:14.189257", "frame": 34, "mu": [-0.8776951516105852, 1.669440099715285, 0.8972029588527758], "Sigma": [[0.006256362334213902, 0.002610275690881309, 0.005317501566471965], [0.002610275690881309, 0.006624509007607595, 0.028945313519523463], [0.005317501566471967, 0.028945313519523463, 0.22568814024025136]], "chi2_level": 0.997, "chi2_df": 3, "chi2_threshold": 13.931422665512084, "N_raw": 99, "N_roi": 99, "N_inlier": 99, "refit": true}
{"timestamp": "14:34:14.244854", "frame": 35, "mu": [-0.9118425333602845, 1.7909672568571162, 1.026227900048219], "Sigma": [[0.017394236259181513, 0.006150010792047536, 0.030646885508912088], [0.006150010792047536, 0.005141857704601563, 0.0185070262751141], [0.030646885508912088, 0.0185070262751141, 0.19219891490840887]], "chi2_level": 0.997, "chi2_df": 3, "chi2_threshold": 13.931422665512084, "N_raw": 96, "N_roi": 96, "N_inlier": 94, "refit": true}
{"timestamp": "14:34:14.305390", "frame": 36, "mu": [-0.9834282563757527, 1.8266418399140658, 0.9631074872173551], "Sigma": [[0.031014714141162428, -5.703880626384901e-05, 0.03936322239193699], [-5.703880626384901e-05, 0.0034855767765415075, -0.008424750408485868], [0.03936322239193699, -0.008424750408485868, 0.14867030208250473]], "chi2_level": 0.997, "chi2_df": 3, "chi2_threshold": 13.931422665512084, "N_raw": 138, "N_roi": 137, "N_inlier": 135, "refit": true}
{"timestamp": "14:34:14.357279", "frame": 37, "mu": [-0.9820033004816034, 1.849337323498264, 1.169487086836573], "Sigma": [[0.014150445064093745, 0.003160482608296657, -0.004334457724921739], [0.003160482608296657, 0.0029077284081671538, -0.004120091642430767], [-0.00433445772492174, -0.004120091642430767, 0.08048248746026707]], "chi2_level": 0.997, "chi2_df": 3, "chi2_threshold": 13.931422665512084, "N_raw": 116, "N_roi": 116, "N_inlier": 105, "refit": true}
{"timestamp": "14:34:14.407687", "frame": 38, "mu": [-1.0495169079237465, 1.8933281247296698, 1.248697522826496], "Sigma": [[0.011036170084722723, 0.002165835313563494, -0.00018104829576936522], [0.002165835313563494, 0.0030083136233021108, -0.001795047285751645], [-0.0001810482957693648, -0.0017950472857516447, 0.06040059594141527]], "chi2_level": 0.997, "chi2_df": 3, "chi2_threshold": 13.931422665512084, "N_raw": 85, "N_roi": 85, "N_inlier": 81, "refit": true}
{"timestamp": "14:34:14.463122", "frame": 39, "mu": [-1.0809710422367542, 2.062303863145725, 0.035348601089995], "Sigma": [[0.016472751057774473, -0.0036783208181577695, 0.03687116651006915], [-0.0036783208181577704, 0.011700701828464258, -0.02202775479317355], [0.03687116651006915, -0.02202775479317355, 0.22946561667168855]], "chi2_level": 0.997, "chi2_df": 3, "chi2_threshold": 13.931422665512084, "N_raw": 93, "N_roi": 93, "N_inlier": 93, "refit": true}
{"timestamp": "14:34:14.520116", "frame": 40, "mu": [-1.042560276201524, 2.025454887182989, 0.9622589046823415], "Sigma": [[0.014202592013350888, 0.00022161495941445145, -0.011025359919502827], [0.0002216149594144514, 0.0030498683589087403, 0.00542252652222725], [-0.011025359919502827, 0.00542252652222725, 0.11601635754929696]], "chi2_level": 0.997, "chi2_df": 3, "chi2_threshold": 13.931422665512084, "N_raw": 110, "N_roi": 110, "N_inlier": 108, "refit": true}
{"timestamp": "14:34:14.576935", "frame": 41, "mu": [-1.0983332957545833, 2.090201943692243, 0.997910876888867], "Sigma": [[0.01507809996434391, 0.002014237592394682, 0.00713725820127993], [0.002014237592394682, 0.0021422919053062407, -0.006425838381126559], [0.007137258201279929, -0.006425838381126559, 0.23150484859664436]], "chi2_level": 0.997, "chi2_df": 3, "chi2_threshold": 13.931422665512084, "N_raw": 113, "N_roi": 113, "N_inlier": 113, "refit": true}
{"timestamp": "14:34:14.624063", "frame": 42, "mu": [-1.1402567363508629, 2.1397814836163884, 1.1091841115900367], "Sigma": [[0.012139393821562589, 0.002758903743230685, 0.0025726301933775104], [0.002758903743230685, 0.002213638795267341, 0.0012605630104571735], [0.0025726301933775104, 0.0012605630104571739, 0.14786111487987505]], "chi2_level": 0.997, "chi2_df": 3, "chi2_threshold": 13.931422665512084, "N_raw": 68, "N_roi": 68, "N_inlier": 67, "refit": true}
{"timestamp": "14:34:14.680678", "frame": 43, "mu": [-1.09456710506234, 2.1906046576099945, 1.2849623361725262], "Sigma": [[0.020771935416304003, -0.0002425261596843575, 0.004252474508678472], [-0.0002425261596843575, 0.0035443080598215274, -0.001784088688652612], [0.004252474508678472, -0.001784088688652612, 0.02231691585921772]], "chi2_level": 0.997, "chi2_df": 3, "chi2_threshold": 13.931422665512084, "N_raw": 82, "N_roi": 82, "N_inlier": 79, "refit": true}
{"timestamp": "14:34:14.735565", "frame": 44, "mu": [-1.0960195036226956, 2.2371028221278113, 1.0897695021385223], "Sigma": [[0.011620148691717612, -0.00039255178339117375, 0.019649603690167185], [-0.00039255178339117386, 0.005819872681846408, -0.002557843333467652], [0.019649603690167185, -0.002557843333467652, 0.18856713322648236]], "chi2_level": 0.997, "chi2_df": 3, "chi2_threshold": 13.931422665512084, "N_raw": 71, "N_roi": 71, "N_inlier": 70, "refit": true}
{"timestamp": "14:34:14.785367", "frame": 45, "mu": [-1.164490787372447, 2.3167038579856274, 1.2497882232053767], "Sigma": [[0.014289119510608647, -0.0047359743627843065, 0.036197344659513825], [-0.0047359743627843065, 0.007077390740839259, -0.01667367124466371], [0.03619734465951383, -0.01667367124466371, 0.18155596684361827]], "chi2_level": 0.997, "chi2_df": 3, "chi2_threshold": 13.931422665512084, "N_raw": 46, "N_roi": 46, "N_inlier": 46, "refit": true}
{"timestamp": "14:34:14.843097", "frame": 46, "mu": [-1.217759760661259, 2.379797226234853, 1.4423700832767614], "Sigma": [[0.013407872234305796, 0.0032278071989345555, -0.004480732978333499], [0.0032278071989345555, 0.0033894946699855226, -0.0066011549952242335], [-0.004480732978333498, -0.0066011549952242335, 0.03551856763244966]], "chi2_level": 0.997, "chi2_df": 3, "chi2_threshold": 13.931422665512084, "N_raw": 68, "N_roi": 68, "N_inlier": 64, "refit": true}
{"timestamp": "14:34:14.901964", "frame": 47, "mu": [-1.1894889458617184, 2.412314172672674, 1.268262220211954], "Sigma": [[0.017600509774873055, 0.004376053618677016, 0.0051493374952250575], [0.004376053618677015, 0.0024865635472518036, 0.0007649147744895222], [0.005149337495225059, 0.0007649147744895222, 0.08531334628857934]], "chi2_level": 0.997, "chi2_df": 3, "chi2_threshold": 13.931422665512084, "N_raw": 86, "N_roi": 86, "N_inlier": 83, "refit": true}
{"timestamp": "14:34:14.960178", "frame": 48, "mu": [-1.1634425425331407, 2.5363811777769047, 0.1362333878753356], "Sigma": [[0.04072439571590536, -0.0033300643941312283, 0.1547878161425788], [-0.0033300643941312283, 0.011424480700761243, -0.017657947295753696], [0.1547878161425788, -0.017657947295753696, 0.7122096793518503]], "chi2_level": 0.997, "chi2_df": 3, "chi2_threshold": 13.931422665512084, "N_raw": 111, "N_roi": 111, "N_inlier": 111, "refit": true}
{"timestamp": "14:34:15.015084", "frame": 49, "mu": [-1.0813877278233148, 2.4644272703201224, 0.9305610297903959], "Sigma": [[0.03965685052180834, 0.011661395446663825, 0.04126268053837408], [0.011661395446663825, 0.006819783509792175, 0.013880652213912258], [0.04126268053837408, 0.013880652213912256, 0.12090530385138304]], "chi2_level": 0.997, "chi2_df": 3, "chi2_threshold": 13.931422665512084, "N_raw": 98, "N_roi": 97, "N_inlier": 96, "refit": true}
{"timestamp": "14:34:15.062029", "frame": 50, "mu": [-1.007390382420856, 2.5942705214133652, 1.24799561511186], "Sigma": [[0.013347734260529001, 3.3526525980479376e-05, -0.0008293130308213353], [3.3526525980479376e-05, 0.0014226798604269856, -0.0028971577650768335], [-0.0008293130308213351, -0.0028971577650768335, 0.059056242792625904]], "chi2_level": 0.997, "chi2_df": 3, "chi2_threshold": 13.931422665512084, "N_raw": 54, "N_roi": 54, "N_inlier": 51, "refit": true}
{"timestamp": "14:34:15.114928", "frame": 51, "mu": [-1.002234057584094, 2.721369210744765, 0.0023955230556235657], "Sigma": [[0.009914211023476982, 0.003378417586292725, -0.009552004650383077], [0.0033784175862927256, 0.004758379344405147, -0.00829866047134081], [-0.009552004650383077, -0.00829866047134081, 0.017730083719018137]], "chi2_level": 0.997, "chi2_df": 3, "chi2_threshold": 13.931422665512084, "N_raw": 41, "N_roi": 41, "N_inlier": 37, "refit": true}
{"timestamp": "14:34:15.174346", "frame": 52, "mu": [-1.0592243469406277, 2.847464551997886, -0.18456189891669977], "Sigma": [[0.025899585867362768, -0.011801579062242978, 0.03449387066681024], [-0.011801579062242978, 0.01872564665697999, -0.048755153362205365], [0.03449387066681024, -0.048755153362205365, 0.14316035379169603]], "chi2_level": 0.997, "chi2_df": 3, "chi2_threshold": 13.931422665512084, "N_raw": 69, "N_roi": 69, "N_inlier": 69, "refit": true}
{"timestamp": "14:34:15.224058", "frame": 53, "mu": [-0.9750905975965611, 2.713562081077586, 1.1081226272885594], "Sigma": [[0.011202439701498654, 0.0011996479886292057, 0.010701364151584094], [0.0011996479886292057, 0.001443504923649532, 0.004862954168297775], [0.010701364151584096, 0.004862954168297775, 0.13948344850261682]], "chi2_level": 0.997, "chi2_df": 3, "chi2_threshold": 13.931422665512084, "N_raw": 42, "N_roi": 42, "N_inlier": 42, "refit": true}
{"timestamp": "14:34:15.276152", "frame": 54, "mu": [-1.0157289445656168, 2.791466207235491, 1.3012907311344801], "Sigma": [[0.0027771205215875363, -0.00021511680462821148, 0.014902314872273779], [-0.00021511680462821148, 0.0026823352857375036, -0.006425009784793656], [0.01490231487227378, -0.006425009784793656, 0.19495593713463247]], "chi2_level": 0.997, "chi2_df": 3, "chi2_threshold": 13.931422665512084, "N_raw": 13, "N_roi": 13, "N_inlier": 13, "refit": true}
{"timestamp": "14:34:15.329973", "frame": 55, "mu": [-0.9351450379735866, 2.888653687598214, 0.10313523235978317], "Sigma": [[0.0018155154231903768, -0.0004521196551310185, -0.0011582877651563058], [-0.0004521196551310186, 0.003536124280098199, -0.0022220709630200466], [-0.001158287765156306, -0.0022220709630200466, 0.004443599113816983]], "chi2_level": 0.997, "chi2_df": 3, "chi2_threshold": 13.931422665512084, "N_raw": 11, "N_roi": 11, "N_inlier": 10, "refit": true}
{"timestamp": "14:34:15.449148", "frame": 57, "mu": [-0.8329122489822787, 2.86255174311758, 1.18804470413789], "Sigma": [[0.020505681792997665, 0.000551977541706002, 0.019130234990450676], [0.0005519775417060018, 0.004870491983897056, 0.00023366205850309369], [0.019130234990450672, 0.00023366205850309358, 0.08193269043677479]], "chi2_level": 0.997, "chi2_df": 3, "chi2_threshold": 13.931422665512084, "N_raw": 71, "N_roi": 69, "N_inlier": 67, "refit": true}
{"timestamp": "14:34:15.499136", "frame": 58, "mu": [-0.8366985945734422, 2.9498358696067055, 1.0612556696429614], "Sigma": [[0.01159798201183141, -0.0004956745858124411, 0.005320962661508898], [-0.0004956745858124411, 0.0013684015319521386, -0.003609729400858933], [0.005320962661508898, -0.0036097294008589327, 0.028701462649639218]], "chi2_level": 0.997, "chi2_df": 3, "chi2_threshold": 13.931422665512084, "N_raw": 37, "N_roi": 37, "N_inlier": 33, "refit": true}
{"timestamp": "14:34:15.551330", "frame": 59, "mu": [-0.8195872702988385, 3.050773825971578, 0.6922534296642565], "Sigma": [[0.014796411946949741, -0.002096640415627662, 0.0381130553145968], [-0.002096640415627663, 0.019846411164125055, -0.0275747796741179], [0.0381130553145968, -0.0275747796741179, 0.20274403805679467]], "chi2_level": 0.997, "chi2_df": 3, "chi2_threshold": 13.931422665512084, "N_raw": 19, "N_roi": 19, "N_inlier": 19, "refit": true}
{"timestamp": "14:34:15.610059", "frame": 60, "mu": [-0.6952127641735129, 2.9722738785737373, 0.998063945564998], "Sigma": [[0.02487638030508114, -0.0005691201154013536, 0.04465233387478636], [-0.0005691201154013538, 0.0019817108898079663, -0.0027956309817014674], [0.04465233387478636, -0.002795630981701468, 0.22729005612599887]], "chi2_level": 0.997, "chi2_df": 3, "chi2_threshold": 13.931422665512084, "N_raw": 42, "N_roi": 38, "N_inlier": 37, "refit": true}
{"timestamp": "14:34:15.665712", "frame": 61, "mu": [-0.686989487786492, 3.2222027008243757, -0.3260444825149291], "Sigma": [[0.018567210182231033, -0.01415294688836332, 0.04034071875857919], [-0.014152946888363318, 0.037555131928106195, -0.09202894904829596], [0.04034071875857918, -0.09202894904829598, 0.2415227250536613]], "chi2_level": 0.997, "chi2_df": 3, "chi2_threshold": 13.931422665512084, "N_raw": 45, "N_roi": 45, "N_inlier": 45, "refit": true}
{"timestamp": "14:34:15.717539", "frame": 62, "mu": [-0.566329972392419, 3.1547346791713062, 0.5569545809868363], "Sigma": [[0.004378104819790363, -2.2665996664087632e-05, -0.0007907515837667798], [-2.266599666408774e-05, 0.008460213634027986, -0.036154919862022517], [-0.0007907515837667798, -0.036154919862022517, 0.23863984940815033]], "chi2_level": 0.997, "chi2_df": 3, "chi2_threshold": 13.931422665512084, "N_raw": 22, "N_roi": 18, "N_inlier": 18, "refit": true}
{"timestamp": "14:34:15.773238", "frame": 63, "mu": [-0.4734865661407938, 3.169762024200886, 0.1205629229687206], "Sigma": [[0.010658270699753088, 0.0017167063079060346, -0.00021567223450600595], [0.0017167063079060344, 0.008968963385905113, -0.019608299451465996], [-0.00021567223450600574, -0.019608299451465996, 0.05963803250085924]], "chi2_level": 0.997, "chi2_df": 3, "chi2_threshold": 13.931422665512084, "N_raw": 32, "N_roi": 27, "N_inlier": 25, "refit": true}
{"timestamp": "14:34:15.826774", "frame": 64, "mu": [-0.40900226188518735, 3.1007212898831713, 1.3558631735091562], "Sigma": [[0.013617123658786107, 0.0010273113936101318, -0.0034644051784986445], [0.0010273113936101318, 0.002355197225176987, 0.00024020006325121832], [-0.003464405178498645, 0.0002402000632512182, 0.0029235136008984963]], "chi2_level": 0.997, "chi2_df": 3, "chi2_threshold": 13.931422665512084, "N_raw": 29, "N_roi": 29, "N_inlier": 27, "refit": true}
{"timestamp": "14:34:15.882371", "frame": 65, "mu": [-0.3564543286459491, 3.2052224161060328, -0.4179420037119206], "Sigma": [[0.006363749932918761, -0.0004981949181560573, -0.006719214006741714], [-0.0004981949181560575, 0.0034696570126283273, 0.008102152327188526], [-0.006719214006741714, 0.008102152327188526, 0.03305306245381064]], "chi2_level": 0.997, "chi2_df": 3, "chi2_threshold": 13.931422665512084, "N_raw": 23, "N_roi": 20, "N_inlier": 19, "refit": true}
{"timestamp": "14:34:15.993884", "frame": 67, "mu": [-0.19977587659962087, 3.148175391162173, 1.220015360754782], "Sigma": [[0.010361541782211804, 0.0011667393620531233, 0.0067689832526835495], [0.0011667393620531231, 0.0054545490587891345, -0.015970873027790704], [0.0067689832526835495, -0.015970873027790707, 0.08755780319405762]], "chi2_level": 0.997, "chi2_df": 3, "chi2_threshold": 13.931422665512084, "N_raw": 40, "N_roi": 40, "N_inlier": 39, "refit": true}
{"timestamp": "14:34:16.053534", "frame": 68, "mu": [-0.1807960141769295, 3.218185622909398, -0.3558456673289435], "Sigma": [[0.014472502272967876, 0.009349686108186837, 0.04139931312602817], [0.009349686108186839, 0.01562571381446982, 0.031742096803673604], [0.04139931312602817, 0.031742096803673604, 0.18821307517644922]], "chi2_level": 0.997, "chi2_df": 3, "chi2_threshold": 13.931422665512084, "N_raw": 66, "N_roi": 66, "N_inlier": 63, "refit": true}
{"timestamp": "14:34:16.108649", "frame": 69, "mu": [-0.12994068894509647, 3.216099421763981, -0.04464414464274214], "Sigma": [[0.014305793136264703, 0.0013233685174859977, 0.0007578512614123012], [0.0013233685174859975, 0.006992389749216368, -0.008642314925404916], [0.0007578512614123021, -0.008642314925404918, 0.01476090474533303]], "chi2_level": 0.997, "chi2_df": 3, "chi2_threshold": 13.931422665512084, "N_raw": 66, "N_roi": 66, "N_inlier": 63, "refit": true}
{"timestamp": "14:34:16.161063", "frame": 70, "mu": [0.016471076028172472, 3.1329521593209297, 1.3344510319784155], "Sigma": [[0.011028340133994315, -0.00032622862530911473, 0.0019567862176186274], [-0.00032622862530911457, 0.003739686660366055, -0.007407906155455467], [0.001956786217618627, -0.007407906155455467, 0.03887441623873054]], "chi2_level": 0.997, "chi2_df": 3, "chi2_threshold": 13.931422665512084, "N_raw": 55, "N_roi": 50, "N_inlier": 46, "refit": true}
{"timestamp": "14:34:16.217915", "frame": 71, "mu": [0.055620899733431844, 3.12649089909892, 1.3089014111904373], "Sigma": [[0.014558453443398428, -0.0010410140182399888, -0.007939304532052716], [-0.0010410140182399886, 0.0034797521075403486, -0.006362451245853944], [-0.007939304532052717, -0.006362451245853944, 0.02520706949815097]], "chi2_level": 0.997, "chi2_df": 3, "chi2_threshold": 13.931422665512084, "N_raw": 68, "N_roi": 67, "N_inlier": 64, "refit": true}
{"timestamp": "14:34:16.269063", "frame": 72, "mu": [0.12113777048374272, 3.114640956132013, 1.2484235628062625], "Sigma": [[0.008508606136635543, -0.0008868352580527789, -0.00021265091469728394], [-0.0008868352580527791, 0.0014838117226270186, -0.002491424039418371], [-0.000212650914697284, -0.002491424039418371, 0.008193388306985629]], "chi2_level": 0.997, "chi2_df": 3, "chi2_threshold": 13.931422665512084, "N_raw": 32, "N_roi": 29, "N_inlier": 28, "refit": true}
{"timestamp": "14:34:16.432074", "frame": 75, "mu": [0.3227750039272109, 3.194351053231292, -0.5039127426067607], "Sigma": [[0.011748440908514566, 0.013895327037633957, 0.004270946226027158], [0.013895327037633957, 0.03611678386194142, -0.02383153246747307], [0.004270946226027158, -0.023831532467473077, 0.20746969530153173]], "chi2_level": 0.997, "chi2_df": 3, "chi2_threshold": 13.931422665512084, "N_raw": 27, "N_roi": 27, "N_inlier": 26, "refit": true}
{"timestamp": "14:34:16.490475", "frame": 76, "mu": [0.3463170260350731, 2.9724367912923015, 1.0778504151147854], "Sigma": [[0.010846270008019883, -0.0004117724583726737, 0.0009846042908484383], [-0.00041177245837267367, 0.000961753076639177, -0.0038125723088546577], [0.0009846042908484383, -0.0038125723088546577, 0.02508523950694981]], "chi2_level": 0.997, "chi2_df": 3, "chi2_threshold": 13.931422665512084, "N_raw": 50, "N_roi": 50, "N_inlier": 47, "refit": true}
{"timestamp": "14:34:16.544022", "frame": 77, "mu": [0.37120803556709997, 2.942314218092254, 0.8322945253325783], "Sigma": [[0.010558231104922901, 0.0012062372207828876, -0.016382309941660025], [0.0012062372207828878, 0.004201075691654928, -0.015256210034086917], [-0.016382309941660025, -0.015256210034086918, 0.1168918030958663]], "chi2_level": 0.997, "chi2_df": 3, "chi2_threshold": 13.931422665512084, "N_raw": 34, "N_roi": 31, "N_inlier": 31, "refit": true}
{"timestamp": "14:34:16.600929", "frame": 78, "mu": [0.46190271570753794, 2.885437877577214, 1.0690673924491247], "Sigma": [[0.010333692453712648, -0.00032922179977738287, 0.0005439553574686129], [-0.00032922179977738303, 0.0014172841403994718, -0.007857296318766995], [0.0005439553574686129, -0.007857296318766995, 0.05449759800922703]], "chi2_level": 0.997, "chi2_df": 3, "chi2_threshold": 13.931422665512084, "N_raw": 52, "N_roi": 52, "N_inlier": 50, "refit": true}
{"timestamp": "14:34:16.656879", "frame": 79, "mu": [0.49954177739903977, 2.865006821436789, 0.9948882603340773], "Sigma": [[0.010941076095849822, 1.8434625849871283e-05, -0.0028135358798752085], [1.8434625849871365e-05, 0.002013167874406734, -0.009567130160544366], [-0.002813535879875208, -0.009567130160544366, 0.05349648713968341]], "chi2_level": 0.997, "chi2_df": 3, "chi2_threshold": 13.931422665512084, "N_raw": 56, "N_roi": 53, "N_inlier": 51, "refit": true}
{"timestamp": "14:34:16.714325", "frame": 80, "mu": [0.549388614610036, 2.803298654132817, 0.6643661824486269], "Sigma": [[0.01408164483966214, -0.0035270126100315855, -0.024977583239493346], [-0.0035270126100315855, 0.0031432560298339405, -0.0055839566958335056], [-0.024977583239493346, -0.0055839566958335056, 0.18084421515474716]], "chi2_level": 0.997, "chi2_df": 3, "chi2_threshold": 13.931422665512084, "N_raw": 75, "N_roi": 75, "N_inlier": 74, "refit": true}
{"timestamp": "14:34:16.771738", "frame": 81, "mu": [0.6190518472035198, 2.7406680246834862, 0.7512418830590225], "Sigma": [[0.023722531080022865, -0.011101005328463887, -0.04882150758068668], [-0.011101005328463885, 0.0109728897723526, 0.027879550467713714], [-0.04882150758068667, 0.027879550467713714, 0.2431582172481222]], "chi2_level": 0.997, "chi2_df": 3, "chi2_threshold": 13.931422665512084, "N_raw": 83, "N_roi": 83, "N_inlier": 82, "refit": true}
{"timestamp": "14:34:16.824605", "frame": 82, "mu": [0.5830331064018955, 2.7097945923790916, 0.9626483891908493], "Sigma": [[0.01286330345481931, -0.0027643592222118558, 0.0010787964645703747], [-0.0027643592222118558, 0.0023148399757513282, -0.005371985099559035], [0.0010787964645703747, -0.005371985099559036, 0.02586208481436718]], "chi2_level": 0.997, "chi2_df": 3, "chi2_threshold": 13.931422665512084, "N_raw": 73, "N_roi": 73, "N_inlier": 69, "refit": true}
{"timestamp": "14:34:16.878578", "frame": 83, "mu": [0.6156351176114958, 2.632841818188885, 0.9538525552545294], "Sigma": [[0.0087568951749721, -0.0016480768167296536, 0.0019229165995902028], [-0.0016480768167296538, 0.004657019230724995, -0.01640428054350457], [0.0019229165995902026, -0.01640428054350457, 0.06798024426389729]], "chi2_level": 0.997, "chi2_df": 3, "chi2_threshold": 13.931422665512084, "N_raw": 65, "N_roi": 65, "N_inlier": 62, "refit": true}
{"timestamp": "14:34:16.931482", "frame": 84, "mu": [0.6841565949856498, 2.579160402679599, 1.0111135121386465], "Sigma": [[0.016062405937534777, -0.0014926685531210862, -0.007770113689714768], [-0.0014926685531210862, 0.0022946532849984834, -0.0021017559729285483], [-0.007770113689714768, -0.0021017559729285483, 0.014474040207066224]], "chi2_level": 0.997, "chi2_df": 3, "chi2_threshold": 13.931422665512084, "N_raw": 55, "N_roi": 55, "N_inlier": 52, "refit": true}
{"timestamp": "14:34:16.990362", "frame": 85, "mu": [0.6789971295750842, 2.5049190292081605, 0.9796848947205871], "Sigma": [[0.02469852857316635, -0.005399055911486343, -0.01772271698066135], [-0.005399055911486343, 0.005683969478858657, 0.0006905961405361146], [-0.01772271698066135, 0.0006905961405361147, 0.01948747026073276]], "chi2_level": 0.997, "chi2_df": 3, "chi2_threshold": 13.931422665512084, "N_raw": 78, "N_roi": 78, "N_inlier": 75, "refit": true}
{"timestamp": "14:34:17.041377", "frame": 86, "mu": [0.6905218329453244, 2.4227179499108416, 0.8646842895289414], "Sigma": [[0.011764413006256734, -0.002643160868309218, -0.005951803942496569], [-0.0026431608683092174, 0.0023985986691440215, -0.005491212396296977], [-0.005951803942496569, -0.005491212396296977, 0.04199298254703729]], "chi2_level": 0.997, "chi2_df": 3, "chi2_threshold": 13.931422665512084, "N_raw": 47, "N_roi": 47, "N_inlier": 44, "refit": true}
{"timestamp": "14:34:17.106058", "frame": 87, "mu": [0.7363876510953768, 2.347375761177403, 0.6077625127835293], "Sigma": [[0.01626436476086012, -0.006356229033711944, -0.03711903710749455], [-0.006356229033711944, 0.0058143702906583855, 0.02383656681898451], [-0.03711903710749455, 0.02383656681898451, 0.3608243000836652]], "chi2_level": 0.997, "chi2_df": 3, "chi2_threshold": 13.931422665512084, "N_raw": 113, "N_roi": 113, "N_inlier": 113, "refit": true}
{"timestamp": "14:34:17.156150", "frame": 88, "mu": [0.6916903676795728, 2.300715782874957, 1.0112865524121684], "Sigma": [[0.013831261590564043, -0.004883298947082272, -0.005509364011662712], [-0.004883298947082272, 0.005058620328678044, -0.003557734981994396], [-0.005509364011662712, -0.003557734981994396, 0.025639711388549535]], "chi2_level": 0.997, "chi2_df": 3, "chi2_threshold": 13.931422665512084, "N_raw": 73, "N_roi": 73, "N_inlier": 70, "refit": true}
{"timestamp": "14:34:17.208089", "frame": 89, "mu": [0.7877894116576899, 2.225140273489584, 0.8644286383365094], "Sigma": [[0.00830977422063907, -0.0028752044939592348, -0.0036057238058578235], [-0.0028752044939592348, 0.0031814995546448795, -0.003944049632577901], [-0.003605723805857824, -0.003944049632577901, 0.021283944317586033]], "chi2_level": 0.997, "chi2_df": 3, "chi2_threshold": 13.931422665512084, "N_raw": 59, "N_roi": 59, "N_inlier": 55, "refit": true}
{"timestamp": "14:34:17.271930", "frame": 90, "mu": [0.7896629321317746, 2.3693994394646305, -0.49504561172424805], "Sigma": [[0.026960149167964215, 0.0011423786385176902, -0.02639022052436456], [0.0011423786385176904, 0.005946139400123676, -0.011596529750958665], [-0.02639022052436456, -0.011596529750958665, 0.05635071322069256]], "chi2_level": 0.997, "chi2_df": 3, "chi2_threshold": 13.931422665512084, "N_raw": 121, "N_roi": 121, "N_inlier": 118, "refit": true}
