{"timestamp": "14:13:06.725629", "frame": 1, "mu": [0.9606863035216681, 1.4090568446854699, 1.5271016867084102], "Sigma": [[0.005214728127529105, -0.001231102186188058, -0.0036794383070961785], [-0.001231102186188058, 0.00348725429172722, 0.00013310422018050004], [-0.0036794383070961785, 0.0001331042201805001, 0.005817595323688414]], "chi2_level": 0.997, "chi2_df": 3, "chi2_threshold": 13.931422665512084, "N_raw": 38, "N_roi": 38, "N_inlier": 36, "refit": true}
{"timestamp": "14:13:06.783380", "frame": 2, "mu": [0.9540666495374804, 1.4041498817504126, 1.4549151412163748], "Sigma": [[0.010347397446943166, -0.004936837165442805, -0.015623600883599783], [-0.004936837165442805, 0.0045943724870544855, 0.006756426653972081], [-0.015623600883599783, 0.006756426653972081, 0.02875538467798798]], "chi2_level": 0.997, "chi2_df": 3, "chi2_threshold": 13.931422665512084, "N_raw": 42, "N_roi": 42, "N_inlier": 40, "refit": true}
{"timestamp": "14:13:06.836981", "frame": 3, "mu": [0.9348264680037094, 1.4862374048618174, -0.17188299565932957], "Sigma": [[0.007303488294673773, 0.000718465017192683, -0.00964218020244062], [0.000718465017192683, 0.0018049486414768812, -0.0014770680302499779], [-0.009642180202440618, -0.0014770680302499779, 0.017573333205783918]], "chi2_level": 0.997, "chi2_df": 3, "chi2_threshold": 13.931422665512084, "N_raw": 25, "N_roi": 25, "N_inlier": 23, "refit": true}
{"timestamp": "14:13:06.892084", "frame": 4, "mu": [1.02025181025766, 1.3536994608760458, 1.3222517406120458], "Sigma": [[0.007922180737622082, -0.00637658799431203, -0.011487882578056656], [-0.00637658799431203, 0.008680849979504612, 0.009390266496731917], [-0.011487882578056654, 0.009390266496731917, 0.01729646151749113]], "chi2_level": 0.997, "chi2_df": 3, "chi2_threshold": 13.931422665512084, "N_raw": 37, "N_roi": 37, "N_inlier": 37, "refit": true}
{"timestamp": "14:13:06.951270", "frame": 5, "mu": [0.9578628927701606, 1.3558720463239173, 1.3246451495362146], "Sigma": [[0.008943780977909021, -0.006317644848671446, -0.01394212977996196], [-0.006317644848671446, 0.007232614732722663, 0.008790255242516426], [-0.01394212977996196, 0.008790255242516426, 0.026582795335127727]], "chi2_level": 0.997, "chi2_df": 3, "chi2_threshold": 13.931422665512084, "N_raw": 54, "N_roi": 54, "N_inlier": 53, "refit": true}
{"timestamp": "14:13:07.006742", "frame": 6, "mu": [0.9348556977208426, 1.4018689235112525, -0.6582730031909112], "Sigma": [[0.005785234257006381, -0.0010405382731612355, -0.0039267532513448215], [-0.0010405382731612357, 0.0022551420213936264, 0.003305806358499132], [-0.0039267532513448215, 0.003305806358499132, 0.046729767965274664]], "chi2_level": 0.997, "chi2_df": 3, "chi2_threshold": 13.931422665512084, "N_raw": 63, "N_roi": 63, "N_inlier": 60, "refit": true}
{"timestamp": "14:13:07.061242", "frame": 7, "mu": [0.8811767252025576, 1.4282847668080798, 1.395883563541818], "Sigma": [[0.005152691535115003, -0.0035002825875977556, -0.008496716763228097], [-0.0035002825875977556, 0.005092588941389969, 0.006453293383026016], [-0.008496716763228095, 0.006453293383026016, 0.03043749689790249]], "chi2_level": 0.997, "chi2_df": 3, "chi2_threshold": 13.931422665512084, "N_raw": 53, "N_roi": 53, "N_inlier": 49, "refit": true}
{"timestamp": "14:13:07.111048", "frame": 8, "mu": [0.9819593547866216, 1.2782966168872392, 0.9463974865794446], "Sigma": [[0.025917775787663966, -0.02318680706401957, -0.09157475968433942], [-0.02318680706401957, 0.024301251853335433, 0.08074733175839488], [-0.09157475968433942, 0.08074733175839488, 0.33331796078077786]], "chi2_level": 0.997, "chi2_df": 3, "chi2_threshold": 13.931422665512084, "N_raw": 15, "N_roi": 15, "N_inlier": 15, "refit": true}
{"timestamp": "14:13:07.173333", "frame": 9, "mu": [0.8736324475951095, 1.3642213853060399, 1.2458654793968709], "Sigma": [[0.006667828076491512, -0.004076967158301765, -0.013463786264524304], [-0.004076967158301765, 0.006213377360269879, 0.009994103602955579], [-0.013463786264524304, 0.00999410360295558, 0.07770014157870267]], "chi2_level": 0.997, "chi2_df": 3, "chi2_threshold": 13.931422665512084, "N_raw": 78, "N_roi": 78, "N_inlier": 75, "refit": true}
{"timestamp": "14:13:07.234946", "frame": 10, "mu": [0.9156873765512109, 1.2337417258887613, 0.7929675633019501], "Sigma": [[0.01439594491094462, -0.020036572499614543, -0.05785831277547613], [-0.020036572499614543, 0.033980575033624526, 0.09767439945840695], [-0.05785831277547613, 0.09767439945840695, 0.39767032128947966]], "chi2_level": 0.997, "chi2_df": 3, "chi2_threshold": 13.931422665512084, "N_raw": 110, "N_roi": 110, "N_inlier": 109, "refit": true}
{"timestamp": "14:13:07.286458", "frame": 11, "mu": [0.8356427419610478, 1.3395530077677882, 1.2068002256579087], "Sigma": [[0.006660356646846431, -0.0034481935590956244, -0.007097372688928063], [-0.0034481935590956244, 0.0032703638142934288, 0.0040162944529913034], [-0.007097372688928063, 0.0040162944529913034, 0.048715929087192626]], "chi2_level": 0.997, "chi2_df": 3, "chi2_threshold": 13.931422665512084, "N_raw": 91, "N_roi": 91, "N_inlier": 85, "refit": true}
{"timestamp": "14:13:07.341108", "frame": 12, "mu": [0.7856806424175572, 1.3484660952182983, 1.3369532501188757], "Sigma": [[0.006900674841833794, -0.003767867005685749, -0.009030167889881776], [-0.0037678670056857486, 0.006115082560764882, 0.002878298532187789], [-0.009030167889881775, 0.0028782985321877896, 0.0202856175392348]], "chi2_level": 0.997, "chi2_df": 3, "chi2_threshold": 13.931422665512084, "N_raw": 79, "N_roi": 79, "N_inlier": 72, "refit": true}
{"timestamp": "14:13:07.400112", "frame": 13, "mu": [0.6838117767129059, 1.2953035116116827, 0.8396594438974444], "Sigma": [[0.016148971340433478, 0.004176708858048025, 0.05483946098404447], [0.004176708858048025, 0.010092085009087098, 0.04735697756357327], [0.05483946098404448, 0.04735697756357327, 0.4311726840364585]], "chi2_level": 0.997, "chi2_df": 3, "chi2_threshold": 13.931422665512084, "N_raw": 111, "N_roi": 111, "N_inlier": 109, "refit": true}
{"timestamp": "14:13:07.448820", "frame": 14, "mu": [0.6850848110807329, 1.3138771198066408, 1.107972128583989], "Sigma": [[0.009656096740451736, -0.0005307059752044908, 0.016456012082126072], [-0.0005307059752044905, 0.00645663727753185, 0.026584792473204062], [0.016456012082126072, 0.026584792473204062, 0.23907092013290115]], "chi2_level": 0.997, "chi2_df": 3, "chi2_threshold": 13.931422665512084, "N_raw": 70, "N_roi": 70, "N_inlier": 68, "refit": true}
{"timestamp": "14:13:07.508748", "frame": 15, "mu": [0.6089414948267597, 1.4693851458137257, -0.15191614443688672], "Sigma": [[0.010932631158823999, -0.013802955264691214, 0.07256417328085467], [-0.013802955264691214, 0.03249763558085787, -0.16195847276173664], [0.07256417328085467, -0.16195847276173664, 1.1215130864535987]], "chi2_level": 0.997, "chi2_df": 3, "chi2_threshold": 13.931422665512084, "N_raw": 100, "N_roi": 100, "N_inlier": 97, "refit": true}
{"timestamp": "14:13:07.554079", "frame": 16, "mu": [0.6032355199032667, 1.149160956965881, 0.7460049010047869], "Sigma": [[0.013477503825551415, -0.01092410586665437, 0.015805915814997795], [-0.01092410586665437, 0.01592164723207052, -1.761684132291566e-05], [0.015805915814997795, -1.761684132291566e-05, 0.16004445921466498]], "chi2_level": 0.997, "chi2_df": 3, "chi2_threshold": 13.931422665512084, "N_raw": 34, "N_roi": 34, "N_inlier": 33, "refit": true}
{"timestamp": "14:13:07.612543", "frame": 17, "mu": [0.5224653720306658, 1.2724718669785386, 1.083424007118386], "Sigma": [[0.01380711670027051, -0.008505167272530378, 0.0019075238395592704], [-0.008505167272530378, 0.011655992387855677, 0.027982770627449374], [0.0019075238395592723, 0.027982770627449374, 0.2988536096394594]], "chi2_level": 0.997, "chi2_df": 3, "chi2_threshold": 13.931422665512084, "N_raw": 70, "N_roi": 70, "N_inlier": 69, "refit": true}
{"timestamp": "14:13:07.664550", "frame": 18, "mu": [0.4645998308657064, 1.2601163184660122, 1.0070914634198658], "Sigma": [[0.003060920839653209, -0.0004062654436841954, 0.006069365544313289], [-0.0004062654436841954, 0.002229603413050571, 0.008124399649910009], [0.006069365544313289, 0.008124399649910009, 0.13881048173103025]], "chi2_level": 0.997, "chi2_df": 3, "chi2_threshold": 13.931422665512084, "N_raw": 46, "N_roi": 46, "N_inlier": 44, "refit": true}
{"timestamp": "14:13:07.726882", "frame": 19, "mu": [0.459706324462526, 1.2931876366963868, 1.190728096664229], "Sigma": [[0.005049582942306083, -0.003433475339161128, -0.00955441414368828], [-0.0034334753391611276, 0.0054307987989298985, 0.005027124433541939], [-0.009554414143688282, 0.005027124433541939, 0.043576311935890254]], "chi2_level": 0.997, "chi2_df": 3, "chi2_threshold": 13.931422665512084, "N_raw": 93, "N_roi": 93, "N_inlier": 90, "refit": true}
{"timestamp": "14:13:07.781632", "frame": 20, "mu": [0.3788145335003805, 1.3144580454678843, 1.2824535978361555], "Sigma": [[0.0040722755602354815, -0.0004896000140302766, -0.0013417391230634928], [-0.0004896000140302766, 0.0037720870269907373, -0.003642077993351125], [-0.0013417391230634928, -0.003642077993351125, 0.023710893860142006]], "chi2_level": 0.997, "chi2_df": 3, "chi2_threshold": 13.931422665512084, "N_raw": 91, "N_roi": 91, "N_inlier": 87, "refit": true}
{"timestamp": "14:13:07.838905", "frame": 21, "mu": [0.30515278392098577, 1.3157650543437283, 1.0750350801703783], "Sigma": [[0.004642307671244965, -0.0022717424347241943, 0.008703492051910315], [-0.002271742434724194, 0.011115153696379406, 0.01622817416210559], [0.008703492051910316, 0.01622817416210559, 0.2691532722872961]], "chi2_level": 0.997, "chi2_df": 3, "chi2_threshold": 13.931422665512084, "N_raw": 101, "N_roi": 101, "N_inlier": 100, "refit": true}
{"timestamp": "14:13:07.886603", "frame": 22, "mu": [0.26667263569848143, 1.3544592766485088, 1.4500682475089972], "Sigma": [[0.003872795449203691, -0.0014503671888137818, -0.0026387414902836435], [-0.0014503671888137818, 0.004054877352858323, -0.0019103996580341074], [-0.0026387414902836435, -0.0019103996580341074, 0.005934323135918744]], "chi2_level": 0.997, "chi2_df": 3, "chi2_threshold": 13.931422665512084, "N_raw": 65, "N_roi": 65, "N_inlier": 62, "refit": true}
{"timestamp": "14:13:07.940422", "frame": 23, "mu": [0.26858791464650106, 1.3244226682988662, 1.2528464363900234], "Sigma": [[0.007930119382509135, -0.0010891250210497568, -0.011721045600209265], [-0.0010891250210497568, 0.0026015879742280028, -0.004001612712139086], [-0.011721045600209267, -0.004001612712139086, 0.11491125612345848]], "chi2_level": 0.997, "chi2_df": 3, "chi2_threshold": 13.931422665512084, "N_raw": 50, "N_roi": 50, "N_inlier": 48, "refit": true}
{"timestamp": "14:13:07.994866", "frame": 24, "mu": [0.13310948282703502, 1.2886752761521145, 0.5975273512507817], "Sigma": [[0.006502055077783178, -0.006156599130695973, 0.032897038299668384], [-0.006156599130695973, 0.010225580245988594, -0.05363632736247881], [0.03289703829966839, -0.05363632736247881, 0.448648724939135]], "chi2_level": 0.997, "chi2_df": 3, "chi2_threshold": 13.931422665512084, "N_raw": 50, "N_roi": 50, "N_inlier": 49, "refit": true}
{"timestamp": "14:13:08.053143", "frame": 25, "mu": [0.08744198781574236, 1.3818890674516289, 1.4554003911058717], "Sigma": [[0.0037727806989016196, -0.001052950821994636, -0.005339978090500896], [-0.0010529508219946362, 0.006255361158415297, 0.007178117788464518], [-0.005339978090500896, 0.007178117788464518, 0.08695633054881484]], "chi2_level": 0.997, "chi2_df": 3, "chi2_threshold": 13.931422665512084, "N_raw": 69, "N_roi": 69, "N_inlier": 67, "refit": true}
{"timestamp": "14:13:08.107253", "frame": 26, "mu": [0.052160524487833815, 1.3388290736003159, 1.4173742667657863], "Sigma": [[0.0034246774574189353, -0.0012103251803942353, -0.008479514969453138], [-0.0012103251803942355, 0.006538733374736706, 0.0047710128089123085], [-0.008479514969453138, 0.0047710128089123085, 0.08228876580157606]], "chi2_level": 0.997, "chi2_df": 3, "chi2_threshold": 13.931422665512084, "N_raw": 63, "N_roi": 63, "N_inlier": 60, "refit": true}
{"timestamp": "14:13:08.168748", "frame": 27, "mu": [-0.000414156946751744, 1.3308133127645723, 1.322324632950165], "Sigma": [[0.006693423178828843, -0.0010468561954663047, -0.006764628795199843], [-0.0010468561954663047, 0.006801078808516342, 0.0016409965480630709], [-0.006764628795199843, 0.001640996548063071, 0.0270133828066451]], "chi2_level": 0.997, "chi2_df": 3, "chi2_threshold": 13.931422665512084, "N_raw": 110, "N_roi": 110, "N_inlier": 105, "refit": true}
{"timestamp": "14:13:08.223824", "frame": 28, "mu": [-0.04943880624217777, 1.3214785605381352, 1.1758211111944183], "Sigma": [[0.005318201639730539, -0.0013017031992924699, -0.004041615570428581], [-0.0013017031992924699, 0.0037473549946094482, 0.00652523369318821], [-0.004041615570428581, 0.006525233693188211, 0.0763441281928577]], "chi2_level": 0.997, "chi2_df": 3, "chi2_threshold": 13.931422665512084, "N_raw": 108, "N_roi": 108, "N_inlier": 106, "refit": true}
{"timestamp": "14:13:08.279298", "frame": 29, "mu": [-0.1052197917324067, 1.3440958347812966, 1.2683723516392926], "Sigma": [[0.005284665363649658, 0.001028440710486954, 0.0001464734814721879], [0.0010284407104869542, 0.00967140001026766, 0.021553264597808784], [0.00014647348147218812, 0.021553264597808784, 0.12216657348562465]], "chi2_level": 0.997, "chi2_df": 3, "chi2_threshold": 13.931422665512084, "N_raw": 106, "N_roi": 106, "N_inlier": 103, "refit": true}
{"timestamp": "14:13:08.333530", "frame": 30, "mu": [-0.15273118711554678, 1.4093006724950436, 1.3440396354949342], "Sigma": [[0.00475752788130266, 0.00038103886074457706, -0.0024325717071173782], [0.00038103886074457706, 0.007451555418967054, 0.0001209819177119965], [-0.0024325717071173782, 0.00012098191771199671, 0.044656976752689675]], "chi2_level": 0.997, "chi2_df": 3, "chi2_threshold": 13.931422665512084, "N_raw": 102, "N_roi": 102, "N_inlier": 99, "refit": true}
{"timestamp": "14:13:08.380328", "frame": 31, "mu": [-0.2360021255552658, 1.269317848929367, 1.001143496702877], "Sigma": [[0.0029826042639540936, -0.000435484412328638, 0.0067012408065280395], [-0.0004354844123286378, 0.00820499057309178, -0.005189507119167781], [0.0067012408065280395, -0.005189507119167782, 0.34039179542012404]], "chi2_level": 0.997, "chi2_df": 3, "chi2_threshold": 13.931422665512084, "N_raw": 52, "N_roi": 52, "N_inlier": 52, "refit": true}
{"timestamp": "14:13:08.445741", "frame": 32, "mu": [-0.2693003570709292, 1.4000203635551696, 1.2244306310822328], "Sigma": [[0.003664522724899762, -0.0015206504238809628, -0.004221021167849781], [-0.0015206504238809628, 0.013115460595526523, 0.013085700395693225], [-0.004221021167849782, 0.013085700395693223, 0.22635280186955073]], "chi2_level": 0.997, "chi2_df": 3, "chi2_threshold": 13.931422665512084, "N_raw": 99, "N_roi": 99, "N_inlier": 99, "refit": true}
{"timestamp": "14:13:08.497552", "frame": 33, "mu": [-0.31260406231947147, 1.4116386492240771, -0.17238483791681497], "Sigma": [[0.005013847509523596, -0.00013391283621074103, 0.03658531134487904], [-0.00013391283621074114, 0.010719321415793213, 0.008829831576697134], [0.03658531134487904, 0.008829831576697136, 0.5825234674853551]], "chi2_level": 0.997, "chi2_df": 3, "chi2_threshold": 13.931422665512084, "N_raw": 97, "N_roi": 97, "N_inlier": 96, "refit": true}
{"timestamp": "14:13:08.555562", "frame": 34, "mu": [-0.3772947925762306, 1.3691998351186696, 1.3301021084760682], "Sigma": [[0.0069181149399145875, 0.0029059959964192086, 0.0018733693399308124], [0.002905995996419208, 0.019567435280667213, 0.0039013121313639784], [0.0018733693399308124, 0.0039013121313639784, 0.003394263491997604]], "chi2_level": 0.997, "chi2_df": 3, "chi2_threshold": 13.931422665512084, "N_raw": 115, "N_roi": 115, "N_inlier": 111, "refit": true}
{"timestamp": "14:13:08.609113", "frame": 35, "mu": [-0.4324888021225363, 1.4090528759690812, 1.2764296246457438], "Sigma": [[0.004608196181172549, 0.00030758764838494, -0.0025023471308282226], [0.0003075876483849399, 0.011214029131052563, 0.007909397184902196], [-0.0025023471308282226, 0.007909397184902196, 0.06800228203530263]], "chi2_level": 0.997, "chi2_df": 3, "chi2_threshold": 13.931422665512084, "N_raw": 113, "N_roi": 113, "N_inlier": 109, "refit": true}
{"timestamp": "14:13:08.663124", "frame": 36, "mu": [-0.4809844151530851, 1.3320422709384396, 1.2078377950007289], "Sigma": [[0.005641197842379298, 0.0005650250652579471, -0.0029341769225962374], [0.0005650250652579471, 0.0062120370649502875, -0.0010796072721546346], [-0.0029341769225962374, -0.0010796072721546346, 0.024375417632356015]], "chi2_level": 0.997, "chi2_df": 3, "chi2_threshold": 13.931422665512084, "N_raw": 97, "N_roi": 97, "N_inlier": 93, "refit": true}
{"timestamp": "14:13:08.716168", "frame": 37, "mu": [-0.5034325363218514, 1.4564274475925347, 1.228128122243922], "Sigma": [[0.005912997616556061, 0.0037108336983470106, -0.005552465497122344], [0.0037108336983470106, 0.008951710177852143, 0.004502341045658397], [-0.005552465497122344, 0.004502341045658397, 0.05477763877252151]], "chi2_level": 0.997, "chi2_df": 3, "chi2_threshold": 13.931422665512084, "N_raw": 86, "N_roi": 85, "N_inlier": 82, "refit": true}
{"timestamp": "14:13:08.773956", "frame": 38, "mu": [-0.5415484365548451, 1.4898824368140655, 1.251588679820471], "Sigma": [[0.005511847384897228, 0.003459693569585397, -0.004344785752092599], [0.003459693569585397, 0.01554894801080119, -0.00244515402603992], [-0.004344785752092599, -0.00244515402603992, 0.02160688551283913]], "chi2_level": 0.997, "chi2_df": 3, "chi2_threshold": 13.931422665512084, "N_raw": 100, "N_roi": 99, "N_inlier": 93, "refit": true}
{"timestamp": "14:13:08.831340", "frame": 39, "mu": [-0.5837527941317598, 1.4568877283873298, 1.0685288986519559], "Sigma": [[0.012913411353014635, 0.0027263066349256827, -0.032106197529989194], [0.0027263066349256827, 0.01167928653187999, -0.007929020580477448], [-0.032106197529989194, -0.00792902058047745, 0.15056786869080466]], "chi2_level": 0.997, "chi2_df": 3, "chi2_threshold": 13.931422665512084, "N_raw": 127, "N_roi": 127, "N_inlier": 125, "refit": true}
{"timestamp": "14:13:08.883478", "frame": 40, "mu": [-0.5690199625304904, 1.5437925930957077, 0.9256055909746954], "Sigma": [[0.010456598111789972, -0.003197078608692243, -0.04037366978788243], [-0.003197078608692243, 0.0070865243331812555, 0.01894643883197635], [-0.04037366978788243, 0.01894643883197635, 0.2854674988741337]], "chi2_level": 0.997, "chi2_df": 3, "chi2_threshold": 13.931422665512084, "N_raw": 105, "N_roi": 105, "N_inlier": 103, "refit": true}
{"timestamp": "14:13:08.944173", "frame": 41, "mu": [-0.687905560679737, 1.5319461632208902, 0.9034676741963877], "Sigma": [[0.018231953062098995, 0.0033293728516201044, -0.04992552457848435], [0.003329372851620105, 0.006610554689855128, -0.01925509668321143], [-0.04992552457848435, -0.01925509668321143, 0.2539760876835186]], "chi2_level": 0.997, "chi2_df": 3, "chi2_threshold": 13.931422665512084, "N_raw": 136, "N_roi": 136, "N_inlier": 134, "refit": true}
{"timestamp": "14:13:08.997662", "frame": 42, "mu": [-0.7404856612702744, 1.5592537294161806, 0.8264427561512017], "Sigma": [[0.015411400265064483, 0.002187750963920967, -0.04284698238538284], [0.002187750963920967, 0.004101833090514316, -0.0075299763972949685], [-0.04284698238538284, -0.0075299763972949685, 0.2757364594333863]], "chi2_level": 0.997, "chi2_df": 3, "chi2_threshold": 13.931422665512084, "N_raw": 128, "N_roi": 128, "N_inlier": 127, "refit": true}
{"timestamp": "14:13:09.052055", "frame": 43, "mu": [-0.8210998280428234, 1.5955403437913216, 1.0823171600653705], "Sigma": [[0.011393459183143731, 0.003566520341543088, -0.023568165299486007], [0.003566520341543089, 0.006275398978070397, -0.0264831758640396], [-0.023568165299486007, -0.0264831758640396, 0.19738946834388507]], "chi2_level": 0.997, "chi2_df": 3, "chi2_threshold": 13.931422665512084, "N_raw": 124, "N_roi": 124, "N_inlier": 122, "refit": true}
{"timestamp": "14:13:09.104689", "frame": 44, "mu": [-0.8052373756534299, 1.6524531960985447, 1.1233749227048757], "Sigma": [[0.00870912028916911, 0.0016280554015543824, -0.003609636866382488], [0.0016280554015543824, 0.0035354408476492554, -0.01722204644585725], [-0.0036096368663824877, -0.01722204644585725, 0.17938664428508425]], "chi2_level": 0.997, "chi2_df": 3, "chi2_threshold": 13.931422665512084, "N_raw": 107, "N_roi": 107, "N_inlier": 105, "refit": true}
{"timestamp": "14:13:09.160376", "frame": 45, "mu": [-0.8287881565126705, 1.6786530214828224, 1.0661166329416767], "Sigma": [[0.009052650148652966, 0.002291180773200122, 0.004565601945087178], [0.002291180773200122, 0.00596214813587556, -0.02105533514987181], [0.004565601945087178, -0.02105533514987181, 0.2001927975892405]], "chi2_level": 0.997, "chi2_df": 3, "chi2_threshold": 13.931422665512084, "N_raw": 114, "N_roi": 114, "N_inlier": 113, "refit": true}
{"timestamp": "14:13:09.205483", "frame": 46, "mu": [-0.8574627046153126, 1.6995004634682553, 1.1461414068170184], "Sigma": [[0.009288880431186837, 0.0025739577820395867, 0.007997153031977525], [0.0025739577820395867, 0.0026203874595531213, 0.003347870641974877], [0.007997153031977525, 0.003347870641974877, 0.10248031916439133]], "chi2_level": 0.997, "chi2_df": 3, "chi2_threshold": 13.931422665512084, "N_raw": 48, "N_roi": 48, "N_inlier": 45, "refit": true}
{"timestamp": "14:13:09.255382", "frame": 47, "mu": [-0.848751207448458, 1.7439404736079793, 1.21526437888805], "Sigma": [[0.0036783268697904046, -0.00029176870700961207, 0.02511365280838649], [-0.0002917687070096123, 0.007693349862438759, 0.007120940685946304], [0.02511365280838649, 0.0071209406859463024, 0.28895034347601145]], "chi2_level": 0.997, "chi2_df": 3, "chi2_threshold": 13.931422665512084, "N_raw": 14, "N_roi": 14, "N_inlier": 13, "refit": true}
{"timestamp": "14:13:09.315019", "frame": 48, "mu": [-0.8246298082514408, 1.577609338803639, 0.47416956244190833], "Sigma": [[0.007712755794245242, -0.004758636425684365, -0.014563750957281848], [-0.004758636425684365, 0.01215597854975692, 0.02938054584529089], [-0.014563750957281848, 0.02938054584529089, 0.10886941014460104]], "chi2_level": 0.997, "chi2_df": 3, "chi2_threshold": 13.931422665512084, "N_raw": 46, "N_roi": 45, "N_inlier": 43, "refit": true}
{"timestamp": "14:13:09.373436", "frame": 49, "mu": [-0.9598005736697688, 1.844051450103475, 1.27801750574501], "Sigma": [[0.015070278982657552, 0.0026678001522725085, 0.00660437452360685], [0.0026678001522725085, 0.0053546853730503064, 0.01935115016191521], [0.006604374523606852, 0.01935115016191521, 0.11699377377576671]], "chi2_level": 0.997, "chi2_df": 3, "chi2_threshold": 13.931422665512084, "N_raw": 76, "N_roi": 76, "N_inlier": 75, "refit": true}
{"timestamp": "14:13:09.436137", "frame": 50, "mu": [-0.9512522751549519, 1.8758839394476154, 0.9811559821536455], "Sigma": [[0.011813841106469264, 0.0025497109482928177, 0.0014397760846355113], [0.0025497109482928173, 0.003783118492176521, 0.007918252453675246], [0.0014397760846355113, 0.007918252453675246, 0.12104686123150417]], "chi2_level": 0.997, "chi2_df": 3, "chi2_threshold": 13.931422665512084, "N_raw": 115, "N_roi": 115, "N_inlier": 115, "refit": true}
{"timestamp": "14:13:09.492609", "frame": 51, "mu": [-0.905204804180923, 2.0859393747459194, -0.36152373258396], "Sigma": [[0.012740003544385566, 0.003868193862697606, 0.01502857726059844], [0.003868193862697606, 0.014183128578350713, -0.0107845990967998], [0.015028577260598442, -0.0107845990967998, 0.08499285849580246]], "chi2_level": 0.997, "chi2_df": 3, "chi2_threshold": 13.931422665512084, "N_raw": 120, "N_roi": 120, "N_inlier": 117, "refit": true}
{"timestamp": "14:13:09.544690", "frame": 52, "mu": [-0.9073494347844439, 2.003146666033434, 1.1752055648925148], "Sigma": [[0.014141410141539277, 0.0018403925185285705, -0.004287430502157405], [0.001840392518528571, 0.002867376239769406, -0.005818433529203775], [-0.004287430502157404, -0.005818433529203775, 0.058979289844726564]], "chi2_level": 0.997, "chi2_df": 3, "chi2_threshold": 13.931422665512084, "N_raw": 113, "N_roi": 113, "N_inlier": 109, "refit": true}
{"timestamp": "14:13:09.599895", "frame": 53, "mu": [-0.9197422057011719, 2.0318850398610917, 0.9439430803582575], "Sigma": [[0.018019389144796373, 0.0013831616370793502, 0.01198049291286632], [0.0013831616370793502, 0.002536845017070085, -0.007516708950133821], [0.01198049291286632, -0.007516708950133821, 0.0885275048570373]], "chi2_level": 0.997, "chi2_df": 3, "chi2_threshold": 13.931422665512084, "N_raw": 110, "N_roi": 110, "N_inlier": 108, "refit": true}
{"timestamp": "14:13:09.657423", "frame": 54, "mu": [-1.0419754508922312, 2.0847698623706328, 0.8301114338349773], "Sigma": [[0.037232733771463467, 0.00022993494662624326, 0.040849324906685386], [0.00022993494662624326, 0.0018959433416276328, -0.0024974089042711905], [0.040849324906685386, -0.0024974089042711905, 0.12158712857146463]], "chi2_level": 0.997, "chi2_df": 3, "chi2_threshold": 13.931422665512084, "N_raw": 123, "N_roi": 123, "N_inlier": 122, "refit": true}
{"timestamp": "14:13:09.706693", "frame": 55, "mu": [-0.9227407873914092, 2.1579400396543797, 1.213531740927221], "Sigma": [[0.013051124576671328, -0.0017830213552280125, -0.0029451874856029595], [-0.001783021355228012, 0.0058772742907929245, -0.011864720809039324], [-0.0029451874856029595, -0.011864720809039324, 0.060591582042125905]], "chi2_level": 0.997, "chi2_df": 3, "chi2_threshold": 13.931422665512084, "N_raw": 81, "N_roi": 81, "N_inlier": 77, "refit": true}
{"timestamp": "14:13:09.759542", "frame": 56, "mu": [-0.9003946836211187, 2.1636273891942177, 1.2598604059611926], "Sigma": [[0.01070993523228749, 0.002343637515436375, -0.0020513590131333802], [0.002343637515436375, 0.0054589329753690465, -0.003695168419674394], [-0.0020513590131333794, -0.003695168419674394, 0.01777224714693302]], "chi2_level": 0.997, "chi2_df": 3, "chi2_threshold": 13.931422665512084, "N_raw": 74, "N_roi": 74, "N_inlier": 70, "refit": true}
{"timestamp": "14:13:09.815779", "frame": 57, "mu": [-1.0022583775816785, 2.217810525564102, 1.2531485047763133], "Sigma": [[0.014927835579245633, -0.0010887670993206802, 0.0031466386963957204], [-0.0010887670993206802, 0.00304097183435727, -0.004583112020122303], [0.00314663869639572, -0.004583112020122303, 0.05443296924675863]], "chi2_level": 0.997, "chi2_df": 3, "chi2_threshold": 13.931422665512084, "N_raw": 79, "N_roi": 79, "N_inlier": 75, "refit": true}
{"timestamp": "14:13:09.873202", "frame": 58, "mu": [-0.9991969641625115, 2.1868471024212273, 0.8241401687843916], "Sigma": [[0.012731037329797775, -0.0033064910561784117, -0.0117864041680667], [-0.0033064910561784117, 0.01404897132657088, 0.041174703580210394], [-0.011786404168066702, 0.041174703580210394, 0.22392171264589525]], "chi2_level": 0.997, "chi2_df": 3, "chi2_threshold": 13.931422665512084, "N_raw": 100, "N_roi": 99, "N_inlier": 97, "refit": true}
{"timestamp": "14:13:09.925876", "frame": 59, "mu": [-0.9367574157111023, 2.357887130940425, 1.1413852147169683], "Sigma": [[0.010391347535779997, 0.00030400151307678096, -0.010207065977542219], [0.000304001513076781, 0.0029204909787684617, -2.881937400709073e-05], [-0.010207065977542219, -2.881937400709062e-05, 0.1448620302417725]], "chi2_level": 0.997, "chi2_df": 3, "chi2_threshold": 13.931422665512084, "N_raw": 81, "N_roi": 81, "N_inlier": 79, "refit": true}
{"timestamp": "14:13:09.980781", "frame": 60, "mu": [-0.9977478312181604, 2.4380887488257246, 1.2017057606040777], "Sigma": [[0.014360861443883441, 0.0005469977919549071, -0.002765214917721858], [0.0005469977919549072, 0.0016777909717637831, 0.0010405929991097113], [-0.0027652149177218566, 0.0010405929991097113, 0.11205820738270333]], "chi2_level": 0.997, "chi2_df": 3, "chi2_threshold": 13.931422665512084, "N_raw": 84, "N_roi": 82, "N_inlier": 79, "refit": true}
{"timestamp": "14:13:10.038310", "frame": 61, "mu": [-0.9732719597875723, 2.4282634746247633, 1.0409887369849666], "Sigma": [[0.012211422061351508, 0.0009608389941940415, 0.001404174516848884], [0.0009608389941940416, 0.009429373666326131, 0.029476217102201684], [0.0014041745168488844, 0.029476217102201684, 0.2277651114044291]], "chi2_level": 0.997, "chi2_df": 3, "chi2_threshold": 13.931422665512084, "N_raw": 103, "N_roi": 103, "N_inlier": 102, "refit": true}
{"timestamp": "14:13:10.090448", "frame": 62, "mu": [-0.9718253782447083, 2.5070634416032296, 1.2117906251647066], "Sigma": [[0.00954788267417585, 6.800459663269348e-05, -0.005837281393199077], [6.800459663269343e-05, 0.008980599435641787, 0.015400253522418673], [-0.005837281393199077, 0.015400253522418673, 0.21643850011301197]], "chi2_level": 0.997, "chi2_df": 3, "chi2_threshold": 13.931422665512084, "N_raw": 83, "N_roi": 83, "N_inlier": 82, "refit": true}
{"timestamp": "14:13:10.138384", "frame": 63, "mu": [-1.0212166121646915, 2.598589032189534, 0.8831450937262131], "Sigma": [[0.013936442629135903, -0.002658207819775823, 0.01706725250201097], [-0.002658207819775823, 0.0019362481208697437, -0.013729326311619711], [0.017067252502010972, -0.013729326311619711, 0.14719522098055893]], "chi2_level": 0.997, "chi2_df": 3, "chi2_threshold": 13.931422665512084, "N_raw": 34, "N_roi": 34, "N_inlier": 34, "refit": true}
{"timestamp": "14:13:10.196241", "frame": 64, "mu": [-1.0073747448568138, 2.6180530725337836, 0.9049871665612426], "Sigma": [[0.016224122787187413, -0.0030134254284373708, 0.03369336939221908], [-0.0030134254284373708, 0.003778045525671209, -0.019430726342386854], [0.03369336939221908, -0.01943072634238685, 0.17934038943467004]], "chi2_level": 0.997, "chi2_df": 3, "chi2_threshold": 13.931422665512084, "N_raw": 62, "N_roi": 60, "N_inlier": 59, "refit": true}
{"timestamp": "14:13:10.247661", "frame": 65, "mu": [-1.0654408402093294, 2.6354666407840597, 0.46607471064165484], "Sigma": [[0.015093943758460253, 0.0005520482891931185, 0.023736715751728456], [0.0005520482891931186, 0.0021081183793825904, -0.0020151460748732857], [0.023736715751728456, -0.0020151460748732857, 0.10683148923981581]], "chi2_level": 0.997, "chi2_df": 3, "chi2_threshold": 13.931422665512084, "N_raw": 28, "N_roi": 28, "N_inlier": 28, "refit": true}
{"timestamp": "14:13:10.306481", "frame": 66, "mu": [-1.0165280738823053, 2.746778521044983, 0.7561606532278614], "Sigma": [[0.016891731771562626, -0.002518637951229567, 0.03575715691485063], [-0.0025186379512295676, 0.00627104763124432, -0.01129242186364361], [0.03575715691485064, -0.01129242186364361, 0.18527567871792702]], "chi2_level": 0.997, "chi2_df": 3, "chi2_threshold": 13.931422665512084, "N_raw": 61, "N_roi": 61, "N_inlier": 61, "refit": true}
{"timestamp": "14:13:10.468671", "frame": 69, "mu": [-1.0844848570130168, 2.7754852635713987, 0.5894328582817115], "Sigma": [[0.015865196476052935, 0.0028444011843906207, 0.019604389943121216], [0.0028444011843906203, 0.00223748715347309, 0.008576295922618538], [0.019604389943121216, 0.008576295922618538, 0.11855238264592835]], "chi2_level": 0.997, "chi2_df": 3, "chi2_threshold": 13.931422665512084, "N_raw": 43, "N_roi": 43, "N_inlier": 41, "refit": true}
{"timestamp": "14:13:10.526794", "frame": 70, "mu": [-0.8736450683558418, 2.855751997241519, 1.1500632676311833], "Sigma": [[0.02224656700141517, -0.0008996312165859921, 0.023877295257004015], [-0.000899631216585992, 0.0033129074869075606, -0.004099109729820808], [0.02387729525700402, -0.004099109729820808, 0.10652472482493981]], "chi2_level": 0.997, "chi2_df": 3, "chi2_threshold": 13.931422665512084, "N_raw": 63, "N_roi": 63, "N_inlier": 62, "refit": true}
{"timestamp": "14:13:10.582398", "frame": 71, "mu": [-0.8552612972801992, 2.944148772878519, 1.1062399974918287], "Sigma": [[0.03260878934050137, -0.0015344779187393865, 0.042764360194125856], [-0.0015344779187393862, 0.001968233498179096, -0.002982016267189692], [0.042764360194125856, -0.002982016267189692, 0.1346877434398411]], "chi2_level": 0.997, "chi2_df": 3, "chi2_threshold": 13.931422665512084, "N_raw": 65, "N_roi": 65, "N_inlier": 64, "refit": true}
{"timestamp": "14:13:10.630907", "frame": 72, "mu": [-0.771354977183466, 3.0389250159528616, 1.272010437750803], "Sigma": [[0.011449313944566894, -0.0030407296889607477, 0.012176572347240903], [-0.0030407296889607477, 0.0018200881617902855, -0.009630850117405278], [0.012176572347240905, -0.009630850117405278, 0.08206883990153759]], "chi2_level": 0.997, "chi2_df": 3, "chi2_threshold": 13.931422665512084, "N_raw": 24, "N_roi": 24, "N_inlier": 24, "refit": true}
{"timestamp": "14:13:10.685947", "frame": 73, "mu": [-0.8481065385909435, 3.0660053397099256, 0.93679397249737], "Sigma": [[0.008900071100879562, -0.005820446999400354, 0.0238572243904411], [-0.005820446999400354, 0.007858360126050038, -0.029594141700331724], [0.0238572243904411, -0.029594141700331728, 0.14246587736237448]], "chi2_level": 0.997, "chi2_df": 3, "chi2_threshold": 13.931422665512084, "N_raw": 18, "N_roi": 18, "N_inlier": 18, "refit": true}
{"timestamp": "14:13:10.742725", "frame": 74, "mu": [-0.7098773776637026, 3.075453836509234, 1.2440506485317118], "Sigma": [[0.013502656268819552, -0.0019148073512739502, 0.015516293911407816], [-0.0019148073512739502, 0.00304797434444074, -0.011408438994752919], [0.015516293911407818, -0.011408438994752917, 0.08570689739300978]], "chi2_level": 0.997, "chi2_df": 3, "chi2_threshold": 13.931422665512084, "N_raw": 36, "N_roi": 36, "N_inlier": 35, "refit": true}
{"timestamp": "14:13:10.794686", "frame": 75, "mu": [-0.6879762175234507, 3.0662333539322852, 1.0955584605096425], "Sigma": [[0.00862151401643539, -0.0015923467628844164, 0.024821244424620366], [-0.0015923467628844164, 0.001655312459719884, -0.0031767922730684735], [0.024821244424620362, -0.003176792273068473, 0.18765023685592117]], "chi2_level": 0.997, "chi2_df": 3, "chi2_threshold": 13.931422665512084, "N_raw": 15, "N_roi": 15, "N_inlier": 15, "refit": true}
{"timestamp": "14:13:10.850422", "frame": 76, "mu": [-0.6673930364026037, 3.312501238571023, -0.2196677191803827], "Sigma": [[0.003905942626054559, -0.002435417978162469, 0.004460553722579984], [-0.00243541797816247, 0.026437237116314197, -0.06264228428736224], [0.004460553722579984, -0.06264228428736224, 0.16449250500876597]], "chi2_level": 0.997, "chi2_df": 3, "chi2_threshold": 13.931422665512084, "N_raw": 18, "N_roi": 16, "N_inlier": 16, "refit": true}
{"timestamp": "14:13:10.906139", "frame": 77, "mu": [-0.602068278233573, 3.148607933049731, 0.9967798875800945], "Sigma": [[0.007069292206491444, -0.0015740355140210023, 0.013195450835979216], [-0.0015740355140210023, 0.003253966536406085, -0.014933650114348896], [0.013195450835979216, -0.014933650114348896, 0.18506065556613868]], "chi2_level": 0.997, "chi2_df": 3, "chi2_threshold": 13.931422665512084, "N_raw": 27, "N_roi": 27, "N_inlier": 27, "refit": true}
{"timestamp": "14:13:10.963476", "frame": 78, "mu": [-0.5983863544553129, 3.1753059366484897, 1.3003851339976964], "Sigma": [[0.014456848231491725, 0.0009704176271475911, 0.011476880565233856], [0.0009704176271475913, 0.00486137831789549, 0.0016614845994122728], [0.011476880565233856, 0.0016614845994122702, 0.21092311666537253]], "chi2_level": 0.997, "chi2_df": 3, "chi2_threshold": 13.931422665512084, "N_raw": 42, "N_roi": 42, "N_inlier": 41, "refit": true}
{"timestamp": "14:13:11.079901", "frame": 80, "mu": [-0.46109966669292657, 3.300601275531458, -0.7682617538153077], "Sigma": [[0.021287329315778765, 0.017865508477256795, 0.03186304200928958], [0.0178655084772568, 0.04550459737957328, -0.02411553047438092], [0.03186304200928958, -0.02411553047438092, 0.5756488222656182]], "chi2_level": 0.997, "chi2_df": 3, "chi2_threshold": 13.931422665512084, "N_raw": 80, "N_roi": 76, "N_inlier": 75, "refit": true}
{"timestamp": "14:13:11.133325", "frame": 81, "mu": [-0.4589155505981642, 3.2784874948182594, -0.5521830859933626], "Sigma": [[0.015839320279692655, 0.004851991795733615, 0.032268920557396594], [0.004851991795733615, 0.010418722395051665, 0.013227799260006053], [0.032268920557396594, 0.013227799260006053, 0.14284858641633844]], "chi2_level": 0.997, "chi2_df": 3, "chi2_threshold": 13.931422665512084, "N_raw": 70, "N_roi": 70, "N_inlier": 67, "refit": true}
{"timestamp": "14:13:11.183177", "frame": 82, "mu": [-0.37286393909967364, 3.3490727523600357, 1.4126752930536366], "Sigma": [[0.013803021929503622, 0.0011075007590250607, -0.002517814736920711], [0.0011075007590250607, 0.0022535418414680267, -0.0021900466097416176], [-0.0025178147369207112, -0.0021900466097416176, 0.009497462716854617]], "chi2_level": 0.997, "chi2_df": 3, "chi2_threshold": 13.931422665512084, "N_raw": 37, "N_roi": 34, "N_inlier": 33, "refit": true}
{"timestamp": "14:13:11.238095", "frame": 83, "mu": [-0.27641754884938446, 3.2660259627697994, 1.2783748087794253], "Sigma": [[0.011998479555133414, -0.00043301864465048227, -0.00510864630600426], [-0.00043301864465048205, 0.0034001672436715473, -0.0010807775090871461], [-0.00510864630600426, -0.0010807775090871461, 0.00365283429675053]], "chi2_level": 0.997, "chi2_df": 3, "chi2_threshold": 13.931422665512084, "N_raw": 39, "N_roi": 39, "N_inlier": 37, "refit": true}
{"timestamp": "14:13:11.291456", "frame": 84, "mu": [-0.19483477464226898, 3.32636546756194, 1.1445948349407007], "Sigma": [[0.012100803956801643, 0.0012096965377822832, -0.010993550283525074], [0.0012096965377822828, 0.007699995285026196, -0.03157433380560107], [-0.010993550283525076, -0.03157433380560107, 0.17918073191328776]], "chi2_level": 0.997, "chi2_df": 3, "chi2_threshold": 13.931422665512084, "N_raw": 30, "N_roi": 30, "N_inlier": 30, "refit": true}
{"timestamp": "14:13:11.344885", "frame": 85, "mu": [-0.2298446648008356, 3.366933619158925, 0.521709748465606], "Sigma": [[0.009336739855397558, 0.00012967769593272, 0.029793875818514975], [0.0001296776959327199, 0.009255481337135782, -0.04476513867169488], [0.02979387581851497, -0.04476513867169488, 0.44191529568044063]], "chi2_level": 0.997, "chi2_df": 3, "chi2_threshold": 13.931422665512084, "N_raw": 13, "N_roi": 11, "N_inlier": 10, "refit": true}
{"timestamp": "14:13:11.401381", "frame": 86, "mu": [-0.17545724824027736, 3.299507880861996, 1.2967038094838936], "Sigma": [[0.011628929005553958, -0.0002808783128851896, -0.005507655929816154], [-0.0002808783128851897, 0.0021514765996709403, 0.0015566042847099594], [-0.005507655929816154, 0.0015566042847099597, 0.004631178872650902]], "chi2_level": 0.997, "chi2_df": 3, "chi2_threshold": 13.931422665512084, "N_raw": 28, "N_roi": 28, "N_inlier": 25, "refit": true}
{"timestamp": "14:13:11.460134", "frame": 87, "mu": [-0.11485575820483504, 3.2828811098266546, 1.2121486895516946], "Sigma": [[0.014160663798382612, -0.0009336385831501707, -0.004030470930703248], [-0.0009336385831501707, 0.003942270294586305, -0.00029335762752239484], [-0.004030470930703248, -0.0002933576275223949, 0.002602514444201874]], "chi2_level": 0.997, "chi2_df": 3, "chi2_threshold": 13.931422665512084, "N_raw": 49, "N_roi": 49, "N_inlier": 45, "refit": true}
{"timestamp": "14:13:11.514084", "frame": 88, "mu": [-0.04413046255106835, 3.3145584279749527, 1.1000404909269546], "Sigma": [[0.012041319486738212, -0.0005806038873775431, -0.009564944885429333], [-0.0005806038873775433, 0.0035930610442581248, -0.0016442561736912497], [-0.009564944885429333, -0.0016442561736912495, 0.01053774666530879]], "chi2_level": 0.997, "chi2_df": 3, "chi2_threshold": 13.931422665512084, "N_raw": 45, "N_roi": 45, "N_inlier": 43, "refit": true}
{"timestamp": "14:13:11.568909", "frame": 89, "mu": [-0.0005444405484049323, 3.326735640723421, 1.2511602379385598], "Sigma": [[0.016464769493611132, 0.0008670370615708818, 0.0005743509918843347], [0.0008670370615708818, 0.004629900193843898, 0.004011441278375193], [0.0005743509918843348, 0.004011441278375192, 0.00411045696446343]], "chi2_level": 0.997, "chi2_df": 3, "chi2_threshold": 13.931422665512084, "N_raw": 42, "N_roi": 42, "N_inlier": 41, "refit": true}
