{"timestamp": "13:55:23.966906", "frame": 14, "mu": [2.318066391226426, 1.8810350618141547, 1.0723908776946165], "Sigma": [[0.011056397981426129, -0.009903015069193635, 0.002401246949968314], [-0.009903015069193635, 0.01223488351583585, -0.003347593418617709], [0.002401246949968314, -0.0033475934186177085, 0.001055364652296212]], "chi2_level": 0.997, "chi2_df": 3, "chi2_threshold": 13.931422665512084, "N_raw": 19, "N_roi": 19, "N_inlier": 18, "refit": true}
{"timestamp": "13:55:24.021450", "frame": 15, "mu": [2.382643551952315, 1.6602866634633495, 1.1387645986286217], "Sigma": [[0.003645640730595829, -0.0037486531071158876, -0.0019252137094871902], [-0.0037486531071158876, 0.005035264078925476, -0.0017528512352877432], [-0.0019252137094871904, -0.0017528512352877436, 0.013726681877340293]], "chi2_level": 0.997, "chi2_df": 3, "chi2_threshold": 13.931422665512084, "N_raw": 18, "N_roi": 18, "N_inlier": 17, "refit": true}
{"timestamp": "13:55:24.077436", "frame": 16, "mu": [2.3285887534398806, 1.754865948797196, 1.1397701312057569], "Sigma": [[0.009260662135065791, -0.012057308123815674, 0.0006744956921985125], [-0.012057308123815674, 0.02238653406160155, -0.003884979016925081], [0.0006744956921985125, -0.0038849790169250813, 0.0020341818726662356]], "chi2_level": 0.997, "chi2_df": 3, "chi2_threshold": 13.931422665512084, "N_raw": 25, "N_roi": 25, "N_inlier": 25, "refit": true}
{"timestamp": "13:55:24.134578", "frame": 17, "mu": [2.343907013074933, 1.6216042744285346, 1.1814352216760564], "Sigma": [[0.0055314982708434, -0.006577872024509489, -0.0017130601732003182], [-0.006577872024509489, 0.011476031449658133, -0.003097772943590077], [-0.001713060173200318, -0.0030977729435900767, 0.009327065523272381]], "chi2_level": 0.997, "chi2_df": 3, "chi2_threshold": 13.931422665512084, "N_raw": 25, "N_roi": 25, "N_inlier": 25, "refit": true}
{"timestamp": "13:55:24.187406", "frame": 18, "mu": [2.2628245996494707, 1.7663034545987037, 0.9957235171860706], "Sigma": [[0.009952984932064467, -0.010074241771160465, -0.001379137616047309], [-0.010074241771160463, 0.01194336741588624, 0.0010373802672580983], [-0.001379137616047309, 0.0010373802672580985, 0.0004974475020023827]], "chi2_level": 0.997, "chi2_df": 3, "chi2_threshold": 13.931422665512084, "N_raw": 15, "N_roi": 14, "N_inlier": 13, "refit": true}
{"timestamp": "13:55:24.300402", "frame": 20, "mu": [2.1603399617097043, 1.7917053673048218, 1.1037862353487393], "Sigma": [[0.008754717528415596, -0.01016091901252867, -0.002957222275506856], [-0.01016091901252867, 0.015114987475962622, -0.0026653605404879464], [-0.002957222275506856, -0.0026653605404879464, 0.01753247662020534]], "chi2_level": 0.997, "chi2_df": 3, "chi2_threshold": 13.931422665512084, "N_raw": 34, "N_roi": 34, "N_inlier": 34, "refit": true}
{"timestamp": "13:55:24.354780", "frame": 21, "mu": [2.1134824127827856, 1.8599411805378796, 1.13086164354426], "Sigma": [[0.010872741606214197, -0.01018915886059335, -0.004631638481647927], [-0.01018915886059335, 0.011496623748989436, 0.0022654809839478744], [-0.004631638481647927, 0.002265480983947874, 0.008095071747059679]], "chi2_level": 0.997, "chi2_df": 3, "chi2_threshold": 13.931422665512084, "N_raw": 26, "N_roi": 26, "N_inlier": 25, "refit": true}
{"timestamp": "13:55:24.407667", "frame": 22, "mu": [2.0539074543512603, 1.8590859565315594, 1.0314943859538286], "Sigma": [[0.008181701015096772, -0.007230680846841041, -0.0014426708395327537], [-0.007230680846841041, 0.010722048327723025, 0.002006746182680047], [-0.0014426708395327537, 0.002006746182680047, 0.0006061056757518804]], "chi2_level": 0.997, "chi2_df": 3, "chi2_threshold": 13.931422665512084, "N_raw": 19, "N_roi": 19, "N_inlier": 19, "refit": true}
{"timestamp": "13:55:24.466921", "frame": 23, "mu": [1.963357397924, 1.9085148405376395, 1.0659917034916935], "Sigma": [[0.01191729268400174, -0.009717558524657641, -0.003882493416739073], [-0.00971755852465764, 0.014449451902220101, 0.0015377959883200094], [-0.003882493416739073, 0.0015377959883200094, 0.0025054313402631642]], "chi2_level": 0.997, "chi2_df": 3, "chi2_threshold": 13.931422665512084, "N_raw": 45, "N_roi": 45, "N_inlier": 43, "refit": true}
{"timestamp": "13:55:24.519310", "frame": 24, "mu": [1.884346343514645, 1.9169540537023262, 1.0527096777546707], "Sigma": [[0.003975303837247678, -0.003979861063795325, -0.0010126168597848117], [-0.003979861063795325, 0.005546786588035516, -0.0030385194645278072], [-0.0010126168597848117, -0.0030385194645278072, 0.019919055880670694]], "chi2_level": 0.997, "chi2_df": 3, "chi2_threshold": 13.931422665512084, "N_raw": 24, "N_roi": 24, "N_inlier": 24, "refit": true}
{"timestamp": "13:55:24.575064", "frame": 25, "mu": [1.8708503149122004, 1.9867672223948516, 1.190728509237112], "Sigma": [[0.004810967369503119, -0.0033219780398836465, -0.001718898028877034], [-0.0033219780398836465, 0.003480831622735549, -0.0028064413191859843], [-0.001718898028877034, -0.0028064413191859843, 0.014555228301799004]], "chi2_level": 0.997, "chi2_df": 3, "chi2_threshold": 13.931422665512084, "N_raw": 29, "N_roi": 29, "N_inlier": 26, "refit": true}
{"timestamp": "13:55:24.634622", "frame": 26, "mu": [1.848841102133615, 1.8719264897894747, 1.188802346066204], "Sigma": [[0.008865827776953264, -0.00671993868104881, -0.002179002185811627], [-0.00671993868104881, 0.010074410079941384, -0.007342497297275279], [-0.0021790021858116276, -0.007342497297275279, 0.029542661109668238]], "chi2_level": 0.997, "chi2_df": 3, "chi2_threshold": 13.931422665512084, "N_raw": 61, "N_roi": 61, "N_inlier": 60, "refit": true}
{"timestamp": "13:55:24.685390", "frame": 27, "mu": [1.7483018089679638, 1.9457242232083152, 1.2974911731547434], "Sigma": [[0.008566865071310896, -0.006882573568296205, -0.007930356433430957], [-0.006882573568296204, 0.007145109623825423, 0.005413778592504862], [-0.007930356433430956, 0.005413778592504862, 0.02252333516230348]], "chi2_level": 0.997, "chi2_df": 3, "chi2_threshold": 13.931422665512084, "N_raw": 33, "N_roi": 33, "N_inlier": 33, "refit": true}
{"timestamp": "13:55:24.743599", "frame": 28, "mu": [1.7339745776831152, 1.8772707322722002, 1.0533159422969731], "Sigma": [[0.00909524904091766, -0.007329395781069028, -0.010024621803210957], [-0.007329395781069028, 0.008868125988938066, 0.003155536622174902], [-0.010024621803210957, 0.003155536622174902, 0.05905965892010962]], "chi2_level": 0.997, "chi2_df": 3, "chi2_threshold": 13.931422665512084, "N_raw": 57, "N_roi": 57, "N_inlier": 55, "refit": true}
{"timestamp": "13:55:24.798048", "frame": 29, "mu": [1.772767382393491, 1.7702547853450445, -1.1558543411265558], "Sigma": [[0.011353703261469934, -0.0028285392343967847, -0.004173630118324929], [-0.002828539234396784, 0.010421264966858126, 0.018935102679255335], [-0.004173630118324927, 0.018935102679255335, 0.0913315795536094]], "chi2_level": 0.997, "chi2_df": 3, "chi2_threshold": 13.931422665512084, "N_raw": 45, "N_roi": 45, "N_inlier": 44, "refit": true}
{"timestamp": "13:55:24.855504", "frame": 30, "mu": [1.6552997607309956, 1.8715849507635076, -0.8407391495704268], "Sigma": [[0.009651382160708913, -0.005835658828069885, -0.004711950448790557], [-0.005835658828069885, 0.012614490509004326, 0.02842406624342111], [-0.004711950448790557, 0.02842406624342111, 0.1390592335603726]], "chi2_level": 0.997, "chi2_df": 3, "chi2_threshold": 13.931422665512084, "N_raw": 60, "N_roi": 57, "N_inlier": 57, "refit": true}
{"timestamp": "13:55:24.906283", "frame": 31, "mu": [1.5765808724005443, 1.921746446859449, 1.2735015756794408], "Sigma": [[0.006846610914320288, -0.003745014193012186, -0.0032849937011454494], [-0.003745014193012186, 0.00433031015644598, 0.0014823126106291809], [-0.0032849937011454494, 0.0014823126106291806, 0.011710744603800487]], "chi2_level": 0.997, "chi2_df": 3, "chi2_threshold": 13.931422665512084, "N_raw": 34, "N_roi": 34, "N_inlier": 31, "refit": true}
{"timestamp": "13:55:24.961450", "frame": 32, "mu": [1.5311176475209416, 1.9815524644868567, 0.9493987076320872], "Sigma": [[0.006876499396170453, -0.006689165821400033, -0.012693728460334773], [-0.006689165821400032, 0.013500415620205002, 0.02238734055151316], [-0.012693728460334773, 0.02238734055151316, 0.10577106584601736]], "chi2_level": 0.997, "chi2_df": 3, "chi2_threshold": 13.931422665512084, "N_raw": 39, "N_roi": 39, "N_inlier": 37, "refit": true}
{"timestamp": "13:55:25.019053", "frame": 33, "mu": [1.4749561989023185, 1.9753860212481427, 1.2823214069300513], "Sigma": [[0.010336258341721286, -0.005731216138994601, -0.008863044511932342], [-0.005731216138994601, 0.006013067804787845, 0.0008633227903190745], [-0.008863044511932342, 0.0008633227903190746, 0.017007988653523893]], "chi2_level": 0.997, "chi2_df": 3, "chi2_threshold": 13.931422665512084, "N_raw": 53, "N_roi": 53, "N_inlier": 51, "refit": true}
{"timestamp": "13:55:25.073609", "frame": 34, "mu": [1.4672486382460992, 1.8792526659589646, 1.045068801724476], "Sigma": [[0.016049173343284526, -0.017631390419814284, -0.03342493884389458], [-0.017631390419814284, 0.024939268074627433, 0.05766471433030784], [-0.03342493884389458, 0.05766471433030784, 0.2346659876778627]], "chi2_level": 0.997, "chi2_df": 3, "chi2_threshold": 13.931422665512084, "N_raw": 54, "N_roi": 52, "N_inlier": 50, "refit": true}
{"timestamp": "13:55:25.125452", "frame": 35, "mu": [1.3900773192762608, 1.986977606132414, 1.2337655303001198], "Sigma": [[0.0052030741810509115, -0.0006263739755158736, 0.006210833055018247], [-0.0006263739755158734, 0.0050404907311882964, 0.02489387672084482], [0.006210833055018248, 0.024893876720844817, 0.2250983152730827]], "chi2_level": 0.997, "chi2_df": 3, "chi2_threshold": 13.931422665512084, "N_raw": 26, "N_roi": 26, "N_inlier": 25, "refit": true}
{"timestamp": "13:55:25.183726", "frame": 36, "mu": [1.3988802746235587, 1.9231523083222575, 1.084944069097533], "Sigma": [[0.01029898826426801, -0.009746195149053467, -0.010578632750408955], [-0.009746195149053467, 0.013644600249098814, 0.006920507685875911], [-0.010578632750408955, 0.006920507685875911, 0.016668520171595973]], "chi2_level": 0.997, "chi2_df": 3, "chi2_threshold": 13.931422665512084, "N_raw": 57, "N_roi": 57, "N_inlier": 54, "refit": true}
{"timestamp": "13:55:25.239864", "frame": 37, "mu": [1.3727543650343135, 1.8184991270467792, 0.8841448634966554], "Sigma": [[0.00940171149272546, -0.007060076234239455, -0.015933967514479366], [-0.007060076234239454, 0.009503014996199228, 0.013089777106999975], [-0.01593396751447937, 0.013089777106999975, 0.09480984159741788]], "chi2_level": 0.997, "chi2_df": 3, "chi2_threshold": 13.931422665512084, "N_raw": 59, "N_roi": 59, "N_inlier": 57, "refit": true}
{"timestamp": "13:55:25.293863", "frame": 38, "mu": [1.2946267031885115, 1.8795458025080491, -1.0043669420461934], "Sigma": [[0.010300079725201446, -0.005840792459179126, -0.02657604589811286], [-0.005840792459179126, 0.0071260897543837425, 0.010408316827554961], [-0.02657604589811286, 0.010408316827554961, 0.1189214317840593]], "chi2_level": 0.997, "chi2_df": 3, "chi2_threshold": 13.931422665512084, "N_raw": 52, "N_roi": 52, "N_inlier": 50, "refit": true}
{"timestamp": "13:55:25.347581", "frame": 39, "mu": [1.2583620429635867, 1.8151925541733414, 1.0022178627741878], "Sigma": [[0.006967079387254048, -0.00768674528533049, -0.01474640890517621], [-0.00768674528533049, 0.01348074714967683, 0.017636657689024247], [-0.014746408905176213, 0.017636657689024247, 0.0655970415582981]], "chi2_level": 0.997, "chi2_df": 3, "chi2_threshold": 13.931422665512084, "N_raw": 49, "N_roi": 48, "N_inlier": 45, "refit": true}
{"timestamp": "13:55:25.405559", "frame": 40, "mu": [1.1926259750843669, 1.858842626287235, 1.1040851551563458], "Sigma": [[0.011144079755247139, -0.009342445750703879, -0.01610392146269356], [-0.009342445750703879, 0.013846966082729329, 0.011157256702025168], [-0.01610392146269356, 0.011157256702025168, 0.035468892582188535]], "chi2_level": 0.997, "chi2_df": 3, "chi2_threshold": 13.931422665512084, "N_raw": 73, "N_roi": 73, "N_inlier": 70, "refit": true}
{"timestamp": "13:55:25.459817", "frame": 41, "mu": [1.1223426493695652, 1.8961286152954404, 1.1468286821582385], "Sigma": [[0.009273370277969139, -0.004531795957728229, -0.005176257756227614], [-0.004531795957728229, 0.0061325428062781, -0.0005219763467047127], [-0.005176257756227614, -0.0005219763467047127, 0.026412514999921807]], "chi2_level": 0.997, "chi2_df": 3, "chi2_threshold": 13.931422665512084, "N_raw": 61, "N_roi": 58, "N_inlier": 55, "refit": true}
{"timestamp": "13:55:25.517380", "frame": 42, "mu": [1.0942793692433384, 2.0480542551557375, -0.5554088739397279], "Sigma": [[0.011190626459487592, 0.0007928233406803311, -0.03847309925061426], [0.0007928233406803309, 0.020389981698043003, -0.02833897415075797], [-0.03847309925061426, -0.02833897415075798, 0.6559061961336111]], "chi2_level": 0.997, "chi2_df": 3, "chi2_threshold": 13.931422665512084, "N_raw": 74, "N_roi": 69, "N_inlier": 69, "refit": true}
{"timestamp": "13:55:25.563881", "frame": 43, "mu": [1.0429713576566868, 1.9958903424663534, 1.0404755823352523], "Sigma": [[0.0056106459704994074, -0.0036713179855087136, -0.03392208453139394], [-0.0036713179855087136, 0.009007849728473547, 0.07110937440204007], [-0.03392208453139395, 0.07110937440204007, 0.6720301219177313]], "chi2_level": 0.997, "chi2_df": 3, "chi2_threshold": 13.931422665512084, "N_raw": 17, "N_roi": 17, "N_inlier": 17, "refit": true}
{"timestamp": "13:55:25.622328", "frame": 44, "mu": [1.0190295330662402, 2.006727221788969, -1.0172214582942873], "Sigma": [[0.007969482377217703, 0.0027395672712675683, 0.02451477952420008], [0.0027395672712675683, 0.009958081011571862, 0.023310372162522443], [0.024514779524200083, 0.023310372162522443, 0.20892800383148288]], "chi2_level": 0.997, "chi2_df": 3, "chi2_threshold": 13.931422665512084, "N_raw": 44, "N_roi": 44, "N_inlier": 44, "refit": true}
{"timestamp": "13:55:25.675748", "frame": 45, "mu": [0.9336075616491063, 2.081301417888074, 1.163607162020188], "Sigma": [[0.012443083343288969, -0.0026684798931456426, -0.009142626074485467], [-0.002668479893145642, 0.003230604302055383, 0.02813635709902972], [-0.009142626074485467, 0.028136357099029716, 0.36078869171830025]], "chi2_level": 0.997, "chi2_df": 3, "chi2_threshold": 13.931422665512084, "N_raw": 32, "N_roi": 30, "N_inlier": 28, "refit": true}
{"timestamp": "13:55:25.732693", "frame": 46, "mu": [0.9083443604068083, 2.0004271723064204, 1.0258280088793883], "Sigma": [[0.008842326384455082, -0.0043787558572760885, 0.011380097699719715], [-0.0043787558572760885, 0.009349715998041635, 0.006270295223060058], [0.011380097699719715, 0.006270295223060058, 0.17248400213713744]], "chi2_level": 0.997, "chi2_df": 3, "chi2_threshold": 13.931422665512084, "N_raw": 48, "N_roi": 48, "N_inlier": 47, "refit": true}
{"timestamp": "13:55:25.793528", "frame": 47, "mu": [0.8091805262066025, 1.9547866325728767, 0.9791012407985702], "Sigma": [[0.014695233721375845, -0.0021577713312203404, 0.04089847060887087], [-0.0021577713312203404, 0.0060847353573185705, 0.0037653703776754], [0.04089847060887087, 0.0037653703776753997, 0.3074651784205407]], "chi2_level": 0.997, "chi2_df": 3, "chi2_threshold": 13.931422665512084, "N_raw": 89, "N_roi": 88, "N_inlier": 87, "refit": true}
{"timestamp": "13:55:25.845515", "frame": 48, "mu": [0.7589559186378266, 2.121443782738, -0.1729102159355183], "Sigma": [[0.009880004953058798, -0.0006670135480491696, -0.013999200112623166], [-0.0006670135480491697, 0.00801384961202648, -0.009679211507115324], [-0.013999200112623162, -0.009679211507115322, 0.09274404368457936]], "chi2_level": 0.997, "chi2_df": 3, "chi2_threshold": 13.931422665512084, "N_raw": 60, "N_roi": 60, "N_inlier": 57, "refit": true}
{"timestamp": "13:55:25.902568", "frame": 49, "mu": [0.7160716619982472, 1.9724055187937444, 1.085558492597822], "Sigma": [[0.00831899558404993, -0.004203842012931241, -0.0014811474013486686], [-0.004203842012931241, 0.0056874310480152, 0.0005547408406107552], [-0.0014811474013486682, 0.0005547408406107549, 0.1183533068509584]], "chi2_level": 0.997, "chi2_df": 3, "chi2_threshold": 13.931422665512084, "N_raw": 80, "N_roi": 80, "N_inlier": 79, "refit": true}
{"timestamp": "13:55:25.955050", "frame": 50, "mu": [0.6360381824953056, 2.1528790384637557, -0.5944185746957292], "Sigma": [[0.010984729848552524, 0.005299119444377521, -0.009798413212377979], [0.005299119444377521, 0.005679177333551578, -0.003002363475388563], [-0.009798413212377977, -0.0030023634753885632, 0.20407775212677817]], "chi2_level": 0.997, "chi2_df": 3, "chi2_threshold": 13.931422665512084, "N_raw": 57, "N_roi": 57, "N_inlier": 54, "refit": true}
{"timestamp": "13:55:26.008438", "frame": 51, "mu": [0.5944389032769907, 2.015128554214493, 1.2084852713416898], "Sigma": [[0.006958090714333272, -0.005037902415089682, -0.01661774941302021], [-0.005037902415089682, 0.009405367007025909, 0.0323267472555766], [-0.01661774941302021, 0.03232674725557659, 0.24828282349925088]], "chi2_level": 0.997, "chi2_df": 3, "chi2_threshold": 13.931422665512084, "N_raw": 47, "N_roi": 47, "N_inlier": 46, "refit": true}
{"timestamp": "13:55:26.062132", "frame": 52, "mu": [0.5405554010499489, 2.0340392648833796, 1.208483764366715], "Sigma": [[0.005380595659561693, -0.004051082146768161, -0.01272563402214254], [-0.004051082146768161, 0.007031006323733528, 0.010769968356869004], [-0.01272563402214254, 0.010769968356869006, 0.1455430627121084]], "chi2_level": 0.997, "chi2_df": 3, "chi2_threshold": 13.931422665512084, "N_raw": 42, "N_roi": 42, "N_inlier": 42, "refit": true}
{"timestamp": "13:55:26.124912", "frame": 53, "mu": [0.4690495113615518, 2.1820708597699734, -0.3676478401807488], "Sigma": [[0.008313127920119567, -0.0048778464363840954, 0.06580709622615238], [-0.0048778464363840954, 0.03421944392103979, -0.08058447751918237], [0.06580709622615238, -0.08058447751918235, 0.9538105153302089]], "chi2_level": 0.997, "chi2_df": 3, "chi2_threshold": 13.931422665512084, "N_raw": 92, "N_roi": 89, "N_inlier": 89, "refit": true}
{"timestamp": "13:55:26.169079", "frame": 54, "mu": [0.3122716392841985, 2.033521995709257, 0.39056004182905085], "Sigma": [[0.01578940900714377, 0.0011470585959855897, 0.03424590999328695], [0.00114705859598559, 0.0022517997787609824, 0.021365032864946495], [0.03424590999328695, 0.021365032864946492, 0.40236257547780846]], "chi2_level": 0.997, "chi2_df": 3, "chi2_threshold": 13.931422665512084, "N_raw": 16, "N_roi": 15, "N_inlier": 14, "refit": true}
{"timestamp": "13:55:26.230191", "frame": 55, "mu": [0.4358051116733906, 2.1506392361235593, -0.2527367635293717], "Sigma": [[0.006989214790622103, -0.0005246692223235377, -0.008113338354563286], [-0.0005246692223235377, 0.00625253756600471, -0.0037389907107357808], [-0.008113338354563286, -0.0037389907107357803, 0.017414445734159685]], "chi2_level": 0.997, "chi2_df": 3, "chi2_threshold": 13.931422665512084, "N_raw": 70, "N_roi": 70, "N_inlier": 66, "refit": true}
{"timestamp": "13:55:26.291643", "frame": 56, "mu": [0.24277264038874183, 2.0170050870228082, 0.7928739490344792], "Sigma": [[0.0458315125855079, -0.009631952406535006, 0.09095263062359103], [-0.009631952406535006, 0.010604558478492992, -0.014960632594331256], [0.09095263062359103, -0.014960632594331254, 0.2376739427374859]], "chi2_level": 0.997, "chi2_df": 3, "chi2_threshold": 13.931422665512084, "N_raw": 104, "N_roi": 104, "N_inlier": 102, "refit": true}
{"timestamp": "13:55:26.346863", "frame": 57, "mu": [0.20720476153134926, 1.981261690645459, 0.912555984450177], "Sigma": [[0.04510199118780408, -0.003377000151538467, 0.10124274790514938], [-0.0033770001515384665, 0.005615199200657176, -0.008018124611208644], [0.1012427479051494, -0.008018124611208644, 0.2922536735703856]], "chi2_level": 0.997, "chi2_df": 3, "chi2_threshold": 13.931422665512084, "N_raw": 104, "N_roi": 100, "N_inlier": 98, "refit": true}
{"timestamp": "13:55:26.395321", "frame": 58, "mu": [0.21730905836255965, 2.0623611849283883, 1.1007055618427972], "Sigma": [[0.007438912252795298, -0.001518117789578255, -0.009975876879668881], [-0.001518117789578255, 0.0010649290438495532, -0.00022953795802633592], [-0.009975876879668881, -0.00022953795802633592, 0.0818514149821417]], "chi2_level": 0.997, "chi2_df": 3, "chi2_threshold": 13.931422665512084, "N_raw": 61, "N_roi": 61, "N_inlier": 56, "refit": true}
{"timestamp": "13:55:26.450186", "frame": 59, "mu": [0.20949452809822916, 1.938788645806164, 1.0962450090350937], "Sigma": [[0.007811280826380904, -0.0025253674958973155, 0.006483510976693455], [-0.002525367495897316, 0.004727078929509859, -0.009923602793938488], [0.006483510976693456, -0.009923602793938488, 0.07172832905878865]], "chi2_level": 0.997, "chi2_df": 3, "chi2_threshold": 13.931422665512084, "N_raw": 62, "N_roi": 62, "N_inlier": 59, "refit": true}
{"timestamp": "13:55:26.505796", "frame": 60, "mu": [0.1475764770307691, 1.9935991056434041, -0.8372725023741197], "Sigma": [[0.009662035716040086, -8.383933020560694e-05, 0.0063299116029821275], [-8.383933020560716e-05, 0.007907065345997106, -0.007162815963965868], [0.0063299116029821275, -0.007162815963965868, 0.10969517185102416]], "chi2_level": 0.997, "chi2_df": 3, "chi2_threshold": 13.931422665512084, "N_raw": 70, "N_roi": 69, "N_inlier": 68, "refit": true}
{"timestamp": "13:55:26.553930", "frame": 61, "mu": [0.020317637726204447, 2.040809776663756, 0.9903399790343856], "Sigma": [[0.005964752459204726, 0.0012983857154365602, -0.0041563186457133795], [0.0012983857154365602, 0.004769870931883816, -0.026904376862464316], [-0.0041563186457133795, -0.026904376862464316, 0.3529285226356181]], "chi2_level": 0.997, "chi2_df": 3, "chi2_threshold": 13.931422665512084, "N_raw": 18, "N_roi": 18, "N_inlier": 18, "refit": true}
{"timestamp": "13:55:26.612354", "frame": 62, "mu": [-0.0232305217563435, 2.1246301416534754, -0.13865987165247617], "Sigma": [[0.0056195402246657184, -0.0009371216231816516, -0.003107121975330416], [-0.0009371216231816516, 0.0037991869180433162, -0.0004896053052887729], [-0.0031071219753304163, -0.0004896053052887729, 0.004873772743514872]], "chi2_level": 0.997, "chi2_df": 3, "chi2_threshold": 13.931422665512084, "N_raw": 49, "N_roi": 46, "N_inlier": 42, "refit": true}
{"timestamp": "13:55:26.669936", "frame": 63, "mu": [-0.12040552037308622, 2.0736316070541543, 1.189150451445022], "Sigma": [[0.008264988548788087, -0.0030978365964713416, -0.0008274581444192922], [-0.0030978365964713416, 0.0035794549593442583, -0.008531269702954779], [-0.0008274581444192904, -0.008531269702954777, 0.13563950462608693]], "chi2_level": 0.997, "chi2_df": 3, "chi2_threshold": 13.931422665512084, "N_raw": 62, "N_roi": 62, "N_inlier": 60, "refit": true}
{"timestamp": "13:55:26.730666", "frame": 64, "mu": [-0.14981052318555757, 2.0866734049895883, 0.9308006291143422], "Sigma": [[0.00989596934976167, -0.0008984899843985869, 0.01221339481277472], [-0.0008984899843985869, 0.00547048653186401, 0.019792601640258044], [0.01221339481277472, 0.019792601640258048, 0.31386685593288144]], "chi2_level": 0.997, "chi2_df": 3, "chi2_threshold": 13.931422665512084, "N_raw": 94, "N_roi": 94, "N_inlier": 94, "refit": true}
{"timestamp": "13:55:26.785305", "frame": 65, "mu": [-0.18852663588570906, 2.059240334859981, -0.251144608039479], "Sigma": [[0.010878632596484203, 3.4360142576612534e-05, 0.07527338515277995], [3.43601425766124e-05, 0.009665130624101643, -0.004943376591420499], [0.07527338515277995, -0.004943376591420499, 0.7645800715128118]], "chi2_level": 0.997, "chi2_df": 3, "chi2_threshold": 13.931422665512084, "N_raw": 91, "N_roi": 91, "N_inlier": 91, "refit": true}
{"timestamp": "13:55:26.838931", "frame": 66, "mu": [-0.21171285076210916, 2.1875441994856537, -0.117202501940584], "Sigma": [[0.008586049999644069, -0.004825430637735446, 0.030729487390790806], [-0.004825430637735446, 0.019709286622056597, -0.07207168950969048], [0.030729487390790806, -0.07207168950969048, 0.4683922949413704]], "chi2_level": 0.997, "chi2_df": 3, "chi2_threshold": 13.931422665512084, "N_raw": 91, "N_roi": 91, "N_inlier": 90, "refit": true}
{"timestamp": "13:55:26.890944", "frame": 67, "mu": [-0.303007988406423, 2.0528488022200717, 1.169996304507571], "Sigma": [[0.009247574903139296, -0.0014949435745470478, -0.009789298592973335], [-0.0014949435745470476, 0.004713053263329323, 0.003750326522362456], [-0.009789298592973335, 0.0037503265223624554, 0.14680647985100273]], "chi2_level": 0.997, "chi2_df": 3, "chi2_threshold": 13.931422665512084, "N_raw": 68, "N_roi": 68, "N_inlier": 67, "refit": true}
{"timestamp": "13:55:26.942536", "frame": 68, "mu": [-0.34973639969156467, 2.0074743859465576, 1.0617117063194261], "Sigma": [[0.004900211000517505, -0.00039859032385842607, -0.014196989809533832], [-0.0003985903238584264, 0.006574564626486909, -0.006088192179013799], [-0.014196989809533832, -0.006088192179013799, 0.17825543642690075]], "chi2_level": 0.997, "chi2_df": 3, "chi2_threshold": 13.931422665512084, "N_raw": 42, "N_roi": 42, "N_inlier": 41, "refit": true}
{"timestamp": "13:55:27.003575", "frame": 69, "mu": [-0.4178951152924857, 2.089732685936896, 1.308800700094392], "Sigma": [[0.009363105794907638, -0.0029335137637933, -0.0042599295997986395], [-0.0029335137637933, 0.007416308165861892, -0.000880565410209906], [-0.00425992959979864, -0.0008805654102099061, 0.01840215692508365]], "chi2_level": 0.997, "chi2_df": 3, "chi2_threshold": 13.931422665512084, "N_raw": 86, "N_roi": 84, "N_inlier": 79, "refit": true}
{"timestamp": "13:55:27.059115", "frame": 70, "mu": [-0.48447254551593383, 2.1061997668212498, 1.425013494857272], "Sigma": [[0.00889087432184922, -0.0024788486865239164, -0.01080530237275855], [-0.002478848686523917, 0.012317658430431878, 0.00341699368187325], [-0.010805302372758552, 0.0034169936818732503, 0.014643606894102006]], "chi2_level": 0.997, "chi2_df": 3, "chi2_threshold": 13.931422665512084, "N_raw": 91, "N_roi": 91, "N_inlier": 85, "refit": true}
{"timestamp": "13:55:27.113196", "frame": 71, "mu": [-0.5170334586243165, 2.1887376776613072, -0.021156691019020894], "Sigma": [[0.00976710406670425, -0.0018258625867036353, -0.009071265653779024], [-0.0018258625867036353, 0.011167432339397959, 0.0037406845452851185], [-0.009071265653779024, 0.0037406845452851185, 0.013767967187409611]], "chi2_level": 0.997, "chi2_df": 3, "chi2_threshold": 13.931422665512084, "N_raw": 83, "N_roi": 79, "N_inlier": 77, "refit": true}
{"timestamp": "13:55:27.169384", "frame": 72, "mu": [-0.5758642226437, 2.1557172013118313, 1.150447091425039], "Sigma": [[0.006817335919688818, -0.0009027901229747392, -0.016330049467835134], [-0.0009027901229747394, 0.0074268991546216625, 0.020611810212213737], [-0.01633004946783513, 0.020611810212213737, 0.2605260052763954]], "chi2_level": 0.997, "chi2_df": 3, "chi2_threshold": 13.931422665512084, "N_raw": 85, "N_roi": 83, "N_inlier": 83, "refit": true}
{"timestamp": "13:55:27.222161", "frame": 73, "mu": [-0.6409761516076703, 2.147629036108441, 1.204442056543407], "Sigma": [[0.007745405202846342, -0.00030433021744155587, 0.004526982480341125], [-0.00030433021744155565, 0.008300545636171278, 0.014557853017975977], [0.004526982480341124, 0.014557853017975976, 0.2015710739939734]], "chi2_level": 0.997, "chi2_df": 3, "chi2_threshold": 13.931422665512084, "N_raw": 76, "N_roi": 76, "N_inlier": 76, "refit": true}
{"timestamp": "13:55:27.286772", "frame": 74, "mu": [-0.7416078073994978, 2.1383490868583355, 0.9951394874204271], "Sigma": [[0.014390531339440587, -0.0013801404731057314, 0.01948207354302926], [-0.0013801404731057314, 0.0061649850513170856, 0.008443760567566513], [0.01948207354302926, 0.008443760567566513, 0.29598890117004456]], "chi2_level": 0.997, "chi2_df": 3, "chi2_threshold": 13.931422665512084, "N_raw": 133, "N_roi": 129, "N_inlier": 129, "refit": true}
{"timestamp": "13:55:27.338217", "frame": 75, "mu": [-0.8058353602130733, 2.305293694667532, -0.4477586135919241], "Sigma": [[0.01982990949852159, -0.012323005375502454, 0.03872114870637258], [-0.012323005375502454, 0.022617562148734952, -0.06566171773365448], [0.03872114870637258, -0.06566171773365448, 0.2559229665635279]], "chi2_level": 0.997, "chi2_df": 3, "chi2_threshold": 13.931422665512084, "N_raw": 104, "N_roi": 102, "N_inlier": 102, "refit": true}
{"timestamp": "13:55:27.382365", "frame": 76, "mu": [-0.8167697898722499, 2.1814605096922866, 1.357924404417213], "Sigma": [[0.007128680444352241, 0.0008004763965392956, 0.00314518831761504], [0.0008004763965392956, 0.005875770975702968, 0.019126258494673126], [0.003145188317615039, 0.019126258494673122, 0.21800199849119392]], "chi2_level": 0.997, "chi2_df": 3, "chi2_threshold": 13.931422665512084, "N_raw": 42, "N_roi": 42, "N_inlier": 42, "refit": true}
{"timestamp": "13:55:27.436364", "frame": 77, "mu": [-0.8657656613380309, 2.1566339157197043, 1.2665017743152411], "Sigma": [[0.01104863926907529, -0.00023859500632904013, 0.016039467353177947], [-0.00023859500632903997, 0.005507276587298141, 0.011859172453775556], [0.016039467353177947, 0.011859172453775556, 0.18815870336761828]], "chi2_level": 0.997, "chi2_df": 3, "chi2_threshold": 13.931422665512084, "N_raw": 42, "N_roi": 42, "N_inlier": 42, "refit": true}
{"timestamp": "13:55:27.492565", "frame": 78, "mu": [-0.9014274191045304, 2.1296755229555666, 1.2613284422078053], "Sigma": [[0.01394147002709826, -0.002759650306977027, 0.01870064638545571], [-0.0027596503069770265, 0.005600164706790541, 0.004587862890456255], [0.018700646385455714, 0.004587862890456255, 0.19024178875966832]], "chi2_level": 0.997, "chi2_df": 3, "chi2_threshold": 13.931422665512084, "N_raw": 48, "N_roi": 48, "N_inlier": 48, "refit": true}
{"timestamp": "13:55:27.546810", "frame": 79, "mu": [-0.9343399695176193, 2.1171280659372527, 1.379128091692684], "Sigma": [[0.008097499387112175, -0.0017299618889621777, -0.011493825111958067], [-0.0017299618889621777, 0.005878137153080254, 0.00487132504580684], [-0.011493825111958067, 0.004871325045806841, 0.019412780820591738]], "chi2_level": 0.997, "chi2_df": 3, "chi2_threshold": 13.931422665512084, "N_raw": 44, "N_roi": 44, "N_inlier": 40, "refit": true}
{"timestamp": "13:55:27.604591", "frame": 80, "mu": [-0.9640241635883824, 2.1152089478888074, 1.0767607391332017], "Sigma": [[0.012210764446717625, 0.0024833578819944027, -0.04418491741018348], [0.0024833578819944023, 0.00727373356815127, -0.020669306355031048], [-0.04418491741018349, -0.02066930635503105, 0.23968546189972442]], "chi2_level": 0.997, "chi2_df": 3, "chi2_threshold": 13.931422665512084, "N_raw": 59, "N_roi": 59, "N_inlier": 57, "refit": true}
{"timestamp": "13:55:27.660023", "frame": 81, "mu": [-0.9973808111085511, 2.422422281140195, -0.6029096417918971], "Sigma": [[0.010169405971329397, 0.01309879413241492, -0.0313858257208834], [0.01309879413241492, 0.04613440851782276, -0.09111284696927291], [-0.0313858257208834, -0.09111284696927291, 0.20242587992313815]], "chi2_level": 0.997, "chi2_df": 3, "chi2_threshold": 13.931422665512084, "N_raw": 51, "N_roi": 49, "N_inlier": 46, "refit": true}
{"timestamp": "13:55:27.716876", "frame": 82, "mu": [-1.1157545391854793, 2.14577643750704, 1.0576708822581466], "Sigma": [[0.012187273233708617, 0.0050608759452478395, -0.029214368730836413], [0.0050608759452478395, 0.008408933675821522, -0.023523066852689508], [-0.029214368730836413, -0.023523066852689505, 0.14511882462571485]], "chi2_level": 0.997, "chi2_df": 3, "chi2_threshold": 13.931422665512084, "N_raw": 76, "N_roi": 76, "N_inlier": 74, "refit": true}
{"timestamp": "13:55:27.773723", "frame": 83, "mu": [-1.165534610778137, 2.1265737650789847, 1.1255589410598428], "Sigma": [[0.010772426108795448, 0.005797996566107201, -0.01812253496895641], [0.005797996566107201, 0.012812114844315584, -0.016557067023215657], [-0.01812253496895641, -0.016557067023215657, 0.07638152515474221]], "chi2_level": 0.997, "chi2_df": 3, "chi2_threshold": 13.931422665512084, "N_raw": 84, "N_roi": 84, "N_inlier": 81, "refit": true}
{"timestamp": "13:55:27.824459", "frame": 84, "mu": [-1.253951442764841, 2.2333880120264813, 0.8641380831712551], "Sigma": [[0.007701787773241623, 0.0019873444044559204, -0.0039071588163210455], [0.0019873444044559204, 0.004002672562703112, -0.02351127368870816], [-0.003907158816321045, -0.023511273688708163, 0.3220755249724428]], "chi2_level": 0.997, "chi2_df": 3, "chi2_threshold": 13.931422665512084, "N_raw": 59, "N_roi": 59, "N_inlier": 59, "refit": true}
{"timestamp": "13:55:27.878624", "frame": 85, "mu": [-1.3465466700596156, 2.2008703380069785, 1.4853232347046526], "Sigma": [[0.009486431162222449, 0.001434976068237032, -0.011420521756640606], [0.0014349760682370325, 0.0035596325523427493, -0.0066495362012546685], [-0.011420521756640607, -0.0066495362012546685, 0.023378513670773753]], "chi2_level": 0.997, "chi2_df": 3, "chi2_threshold": 13.931422665512084, "N_raw": 50, "N_roi": 50, "N_inlier": 47, "refit": true}
{"timestamp": "13:55:27.932259", "frame": 86, "mu": [-1.402762760874045, 2.172216885265265, 1.42966713040525], "Sigma": [[0.00844137227952675, 0.0010329751398828577, -0.010679557896067747], [0.001032975139882858, 0.004156103540152872, -0.003633708553754577], [-0.010679557896067747, -0.003633708553754577, 0.017768363123607273]], "chi2_level": 0.997, "chi2_df": 3, "chi2_threshold": 13.931422665512084, "N_raw": 42, "N_roi": 42, "N_inlier": 39, "refit": true}
{"timestamp": "13:55:27.983714", "frame": 87, "mu": [-1.4993437519128732, 2.1126731038056668, 1.5503578351059153], "Sigma": [[0.008549855810649166, 0.0011505258993650702, -0.00634836575839641], [0.0011505258993650702, 0.0027783529890649666, -5.999208469632778e-05], [-0.00634836575839641, -5.9992084696327836e-05, 0.005590188716549226]], "chi2_level": 0.997, "chi2_df": 3, "chi2_threshold": 13.931422665512084, "N_raw": 25, "N_roi": 25, "N_inlier": 23, "refit": true}
{"timestamp": "13:55:28.092357", "frame": 89, "mu": [-1.5728166748216788, 2.2475965227580414, 1.4649700246746422], "Sigma": [[0.003092190197702474, 0.0008150477580069961, -0.004344834435816238], [0.0008150477580069959, 0.010256997928213359, -0.0030613399287641513], [-0.004344834435816238, -0.0030613399287641513, 0.012787336069385723]], "chi2_level": 0.997, "chi2_df": 3, "chi2_threshold": 13.931422665512084, "N_raw": 14, "N_roi": 14, "N_inlier": 13, "refit": true}
{"timestamp": "13:55:28.152278", "frame": 90, "mu": [-1.6873754308353108, 2.135974028717553, 1.5568232714381107], "Sigma": [[0.009645631825442466, 0.004241715689024021, -0.010301097881551324], [0.004241715689024022, 0.01101631493911851, -0.0020320220209392096], [-0.010301097881551324, -0.002032022020939209, 0.013741280856316361]], "chi2_level": 0.997, "chi2_df": 3, "chi2_threshold": 13.931422665512084, "N_raw": 52, "N_roi": 52, "N_inlier": 48, "refit": true}
{"timestamp": "13:55:28.206682", "frame": 91, "mu": [-1.7139297534407165, 2.1653797200338896, 1.4571273316991693], "Sigma": [[0.008470748514091977, 0.002300268276575314, -0.007878673749101315], [0.002300268276575314, 0.010257529968534055, -0.0004697894646547607], [-0.007878673749101315, -0.0004697894646547604, 0.010838929403346772]], "chi2_level": 0.997, "chi2_df": 3, "chi2_threshold": 13.931422665512084, "N_raw": 46, "N_roi": 46, "N_inlier": 45, "refit": true}
{"timestamp": "13:55:28.263743", "frame": 92, "mu": [-1.7927696082022033, 2.1885804039906422, 1.5301882964510567], "Sigma": [[0.02459559553745485, 0.011508516299525578, -0.04083217772965393], [0.011508516299525578, 0.015722859541598008, -0.011442790833666939], [-0.04083217772965393, -0.011442790833666939, 0.11480021431573556]], "chi2_level": 0.997, "chi2_df": 3, "chi2_threshold": 13.931422665512084, "N_raw": 58, "N_roi": 58, "N_inlier": 57, "refit": true}
{"timestamp": "13:55:28.322743", "frame": 93, "mu": [-2.0053531805397364, 1.9696015204897979, 1.66993211493274], "Sigma": [[0.04118136492315479, 0.0299536576152237, -0.05190601288524877], [0.029953657615223707, 0.031262441138190634, -0.027632335670922683], [-0.05190601288524877, -0.027632335670922683, 0.0892089891571908]], "chi2_level": 0.997, "chi2_df": 3, "chi2_threshold": 13.931422665512084, "N_raw": 83, "N_roi": 83, "N_inlier": 80, "refit": true}
{"timestamp": "13:55:28.374267", "frame": 94, "mu": [-1.9982500263107106, 2.1016454793521326, 1.407704226837891], "Sigma": [[0.027170970811401872, 0.017625508993487922, -0.02167192002762636], [0.017625508993487922, 0.015789793134804386, -0.016020618096710293], [-0.02167192002762636, -0.016020618096710293, 0.021633621156794017]], "chi2_level": 0.997, "chi2_df": 3, "chi2_threshold": 13.931422665512084, "N_raw": 58, "N_roi": 58, "N_inlier": 56, "refit": true}
{"timestamp": "13:55:28.427742", "frame": 95, "mu": [-2.002346232339344, 2.2621692848494668, -0.30471203863383445], "Sigma": [[0.01697256108820368, 0.00937765600371459, 0.0014207108213866045], [0.009377656003714591, 0.022791983300788132, -0.03016248619422599], [0.0014207108213866054, -0.030162486194225995, 0.06718197326001973]], "chi2_level": 0.997, "chi2_df": 3, "chi2_threshold": 13.931422665512084, "N_raw": 50, "N_roi": 50, "N_inlier": 48, "refit": true}
{"timestamp": "13:55:28.485742", "frame": 96, "mu": [-2.1310856580499538, 2.02223226961283, 1.6586814522562257], "Sigma": [[0.027136958264828932, 0.021135443017101917, -0.02925729606516489], [0.021135443017101917, 0.025969969117193535, -0.026603684751899625], [-0.02925729606516489, -0.02660368475189962, 0.061663902746652136]], "chi2_level": 0.997, "chi2_df": 3, "chi2_threshold": 13.931422665512084, "N_raw": 71, "N_roi": 71, "N_inlier": 68, "refit": true}
{"timestamp": "13:55:28.537860", "frame": 97, "mu": [-2.224042070475596, 1.9591013600085092, 1.7916727710960028], "Sigma": [[0.02550849295362957, 0.02506815404401961, -0.031364528409914175], [0.025068154044019606, 0.03168072287136654, -0.03404442687145251], [-0.031364528409914175, -0.03404442687145252, 0.06752172627766515]], "chi2_level": 0.997, "chi2_df": 3, "chi2_threshold": 13.931422665512084, "N_raw": 47, "N_roi": 46, "N_inlier": 44, "refit": true}
{"timestamp": "13:55:28.590157", "frame": 98, "mu": [-2.267358232330606, 1.8220613274607849, 1.568032252802812], "Sigma": [[0.01809243340313283, 0.017488348529625525, -0.019529771217604904], [0.017488348529625525, 0.031741140636780484, -0.03185252105710232], [-0.0195297712176049, -0.03185252105710232, 0.12176648392105098]], "chi2_level": 0.997, "chi2_df": 3, "chi2_threshold": 13.931422665512084, "N_raw": 32, "N_roi": 32, "N_inlier": 31, "refit": true}
{"timestamp": "13:55:28.644366", "frame": 99, "mu": [-2.247495693006601, 2.019220376923349, 1.5479069685796734], "Sigma": [[0.01642784688505807, 0.013448241365843685, -0.019419708272978058], [0.013448241365843685, 0.013200298900770232, -0.018955654138433503], [-0.019419708272978058, -0.018955654138433503, 0.030285003746019626]], "chi2_level": 0.997, "chi2_df": 3, "chi2_threshold": 13.931422665512084, "N_raw": 35, "N_roi": 33, "N_inlier": 32, "refit": true}
{"timestamp": "13:55:28.807273", "frame": 100, "mu": [-2.329205993912709, 1.9399127040125854, 1.5485453950191483], "Sigma": [[0.01158371007453419, 0.008072060616579783, -0.010072223951914802], [0.008072060616579783, 0.010133806041638065, -0.009564861765607117], [-0.010072223951914802, -0.009564861765607115, 0.016090492073159678]], "chi2_level": 0.997, "chi2_df": 3, "chi2_threshold": 13.931422665512084, "N_raw": 32, "N_roi": 26, "N_inlier": 26, "refit": true}
{"timestamp": "13:55:28.836936", "frame": 101, "mu": [-2.341860791343359, 1.9314213238726508, 1.5754743229683772], "Sigma": [[0.0102794296392763, 0.008468086211837322, -0.019203525099237725], [0.008468086211837322, 0.01631680060494759, -0.02171233849225044], [-0.019203525099237725, -0.02171233849225044, 0.06186631522684516]], "chi2_level": 0.997, "chi2_df": 3, "chi2_threshold": 13.931422665512084, "N_raw": 49, "N_roi": 37, "N_inlier": 36, "refit": true}
