{"timestamp": "14:45:41.637779", "frame": 21, "mu": [-1.8640035677174396, 4.942856704737608, 0.914728995206338], "Sigma": [[0.02273974653865042, 0.003205564521864361, -0.011988117654073887], [0.003205564521864361, 0.0017085290210777624, -0.0012332002694043294], [-0.011988117654073887, -0.0012332002694043292, 0.007955607677764976]], "chi2_level": 0.997, "chi2_df": 3, "chi2_threshold": 13.931422665512084, "N_raw": 32, "N_roi": 16, "N_inlier": 16, "refit": true}
{"timestamp": "14:45:41.855116", "frame": 25, "mu": [-1.7149789335926298, 4.844561415563925, 0.683799227064633], "Sigma": [[0.01296473049165499, 0.007840118662998477, -0.022606182999782412], [0.007840118662998477, 0.00706403212837057, -0.019293908747841603], [-0.022606182999782412, -0.0192939087478416, 0.06338515918915646]], "chi2_level": 0.997, "chi2_df": 3, "chi2_threshold": 13.931422665512084, "N_raw": 14, "N_roi": 11, "N_inlier": 11, "refit": true}
{"timestamp": "14:45:41.913256", "frame": 26, "mu": [-1.471305736912294, 4.868151255074865, 0.2011473882433767], "Sigma": [[0.03878105743892588, 0.0035306630268819488, -0.04211791208939279], [0.0035306630268819488, 0.004213547380006178, -0.009257312895872925], [-0.04211791208939279, -0.009257312895872923, 0.06403263607117488]], "chi2_level": 0.997, "chi2_df": 3, "chi2_threshold": 13.931422665512084, "N_raw": 41, "N_roi": 40, "N_inlier": 40, "refit": true}
{"timestamp": "14:45:41.970625", "frame": 27, "mu": [-1.4984002998573391, 4.824885537365392, 0.35932679674415396], "Sigma": [[0.021670593975322193, 0.0014962774635097756, -0.013102344098677037], [0.0014962774635097758, 0.001223636590360988, -0.0031052811498298036], [-0.013102344098677037, -0.003105281149829804, 0.03285779915795618]], "chi2_level": 0.997, "chi2_df": 3, "chi2_threshold": 13.931422665512084, "N_raw": 34, "N_roi": 29, "N_inlier": 28, "refit": true}
{"timestamp": "14:45:42.077792", "frame": 29, "mu": [-1.5653023185447477, 4.748003393565611, 0.567972936929192], "Sigma": [[0.011968568493446683, 0.0020396756336111123, -0.007050715675532419], [0.0020396756336111123, 0.0022052045071674726, -0.002988402284682149], [-0.007050715675532419, -0.002988402284682149, 0.008519536452081273]], "chi2_level": 0.997, "chi2_df": 3, "chi2_threshold": 13.931422665512084, "N_raw": 21, "N_roi": 20, "N_inlier": 19, "refit": true}
{"timestamp": "14:45:42.189541", "frame": 31, "mu": [-1.4645125580018665, 4.6133693637104916, 0.4521672844834567], "Sigma": [[0.019737849671062378, 0.0044920352721454886, -0.008063078437439268], [0.004492035272145488, 0.0028252317221934987, -0.0030790228400106433], [-0.00806307843743927, -0.0030790228400106433, 0.008239471073357213]], "chi2_level": 0.997, "chi2_df": 3, "chi2_threshold": 13.931422665512084, "N_raw": 28, "N_roi": 25, "N_inlier": 24, "refit": true}
{"timestamp": "14:45:42.245823", "frame": 32, "mu": [-1.5181082895859173, 4.573207979829425, 0.8780771315968733], "Sigma": [[0.025467542837390306, 0.005922147332847349, -0.00967495766472757], [0.005922147332847349, 0.002896340121424588, -0.006581740087424006], [-0.00967495766472757, -0.006581740087424006, 0.023597797016550758]], "chi2_level": 0.997, "chi2_df": 3, "chi2_threshold": 13.931422665512084, "N_raw": 45, "N_roi": 44, "N_inlier": 40, "refit": true}
{"timestamp": "14:45:42.303072", "frame": 33, "mu": [-1.4180756332370519, 4.561128647566367, 0.6386579195087175], "Sigma": [[0.03413841178788862, 0.005379893169631098, -0.027626973591881612], [0.005379893169631098, 0.004441933353619017, -0.008330771697667192], [-0.027626973591881612, -0.008330771697667192, 0.03858411465833588]], "chi2_level": 0.997, "chi2_df": 3, "chi2_threshold": 13.931422665512084, "N_raw": 60, "N_roi": 60, "N_inlier": 59, "refit": true}
{"timestamp": "14:45:42.353338", "frame": 34, "mu": [-1.430220006633024, 4.5118353167511644, 0.7196724759628601], "Sigma": [[0.018873836545555148, 0.0046612780456186985, -0.01340317273625751], [0.0046612780456186985, 0.0023396723137401815, -0.004945180511110302], [-0.01340317273625751, -0.004945180511110302, 0.017135658454219247]], "chi2_level": 0.997, "chi2_df": 3, "chi2_threshold": 13.931422665512084, "N_raw": 24, "N_roi": 24, "N_inlier": 23, "refit": true}
{"timestamp": "14:45:42.410249", "frame": 35, "mu": [-1.2816335417822893, 4.528552835100572, 0.7766141169276605], "Sigma": [[0.030778025905689878, 0.007049719176914191, -0.013814193303299813], [0.007049719176914191, 0.004848208089692648, -0.0036534530111428528], [-0.013814193303299813, -0.0036534530111428523, 0.00782179314048513]], "chi2_level": 0.997, "chi2_df": 3, "chi2_threshold": 13.931422665512084, "N_raw": 42, "N_roi": 42, "N_inlier": 41, "refit": true}
{"timestamp": "14:45:42.463364", "frame": 36, "mu": [-1.2860244813761856, 4.422071017043601, 0.6437622323905589], "Sigma": [[0.013907918707523446, 0.001534048305550509, -0.00286157356128275], [0.001534048305550509, 0.0010296581687530106, -0.003501078220411482], [-0.00286157356128275, -0.0035010782204114824, 0.02071892634145775]], "chi2_level": 0.997, "chi2_df": 3, "chi2_threshold": 13.931422665512084, "N_raw": 25, "N_roi": 25, "N_inlier": 25, "refit": true}
{"timestamp": "14:45:42.519252", "frame": 37, "mu": [-1.2401799912549012, 4.39312203672453, 0.5294460783801205], "Sigma": [[0.020956251367548806, -4.8434956460130854e-05, -0.02132180289057501], [-4.84349564601308e-05, 0.0010292734243978572, -0.0018040337860524879], [-0.02132180289057501, -0.0018040337860524877, 0.03588861908786754]], "chi2_level": 0.997, "chi2_df": 3, "chi2_threshold": 13.931422665512084, "N_raw": 35, "N_roi": 34, "N_inlier": 34, "refit": true}
{"timestamp": "14:45:42.578680", "frame": 38, "mu": [-1.1928881805986822, 4.483195639938987, -0.6213465829561228], "Sigma": [[0.027837797168850573, 0.017664481250168625, 0.06786353324481392], [0.017664481250168625, 0.020483443061590036, 0.05860026716318979], [0.06786353324481392, 0.05860026716318979, 0.276171056823936]], "chi2_level": 0.997, "chi2_df": 3, "chi2_threshold": 13.931422665512084, "N_raw": 56, "N_roi": 54, "N_inlier": 54, "refit": true}
{"timestamp": "14:45:42.628773", "frame": 39, "mu": [-1.2681468520903123, 4.316332037089522, 0.8402236627739158], "Sigma": [[0.016653356163589757, 0.00257606806539799, -0.012110701744320787], [0.00257606806539799, 0.0010550057887938503, -0.0038565758448221646], [-0.012110701744320784, -0.0038565758448221637, 0.02085008873987023]], "chi2_level": 0.997, "chi2_df": 3, "chi2_threshold": 13.931422665512084, "N_raw": 23, "N_roi": 23, "N_inlier": 23, "refit": true}
{"timestamp": "14:45:42.686200", "frame": 40, "mu": [-1.1368973446806785, 4.259350366069296, 0.6371586182035001], "Sigma": [[0.02984468503885812, 0.0043488142369676915, -0.010198764721012058], [0.0043488142369676915, 0.0034090871189864603, -0.003160983195169958], [-0.010198764721012058, -0.003160983195169958, 0.008918160673304532]], "chi2_level": 0.997, "chi2_df": 3, "chi2_threshold": 13.931422665512084, "N_raw": 45, "N_roi": 45, "N_inlier": 44, "refit": true}
{"timestamp": "14:45:42.739312", "frame": 41, "mu": [-1.0723989955326847, 4.335519519798242, 0.6811239135591728], "Sigma": [[0.014557054593900927, 0.0029448415756668034, -0.00617244642894701], [0.0029448415756668034, 0.0021124732235614325, -0.004290819533175469], [-0.00617244642894701, -0.004290819533175469, 0.012690947175784189]], "chi2_level": 0.997, "chi2_df": 3, "chi2_threshold": 13.931422665512084, "N_raw": 28, "N_roi": 27, "N_inlier": 27, "refit": true}
{"timestamp": "14:45:42.802348", "frame": 42, "mu": [-1.0294970370687966, 4.264153265989081, 0.7143096689033679], "Sigma": [[0.027491061537730163, 0.0077937416124884695, -0.01260861527130107], [0.00779374161248847, 0.007487426947494106, -0.012348201743775917], [-0.01260861527130107, -0.012348201743775917, 0.0268362055659689]], "chi2_level": 0.997, "chi2_df": 3, "chi2_threshold": 13.931422665512084, "N_raw": 77, "N_roi": 75, "N_inlier": 75, "refit": true}
{"timestamp": "14:45:42.856796", "frame": 43, "mu": [-1.0460989919590404, 4.227210159974441, 0.8382693409461904], "Sigma": [[0.03389733730735302, 0.011774163531113577, -0.01823547698354018], [0.011774163531113577, 0.00973784618827705, -0.01618844648751704], [-0.018235476983540177, -0.01618844648751704, 0.03910489238745367]], "chi2_level": 0.997, "chi2_df": 3, "chi2_threshold": 13.931422665512084, "N_raw": 72, "N_roi": 69, "N_inlier": 69, "refit": true}
{"timestamp": "14:45:42.909456", "frame": 44, "mu": [-0.9757933029044992, 4.23107766541565, 0.8134621837021575], "Sigma": [[0.025402887329192533, 0.012642124730467608, -0.011346142134324218], [0.01264212473046761, 0.015413544798632352, -0.011372067787012144], [-0.011346142134324218, -0.011372067787012144, 0.02018558319874604]], "chi2_level": 0.997, "chi2_df": 3, "chi2_threshold": 13.931422665512084, "N_raw": 57, "N_roi": 54, "N_inlier": 52, "refit": true}
{"timestamp": "14:45:42.962647", "frame": 45, "mu": [-1.094189100625209, 4.070302614787488, 0.7890609390348524], "Sigma": [[0.024916288974562016, 0.005403314390476276, -0.009440249759027746], [0.005403314390476276, 0.006159128292414866, -0.003981347849675444], [-0.009440249759027746, -0.003981347849675444, 0.007956273781387744]], "chi2_level": 0.997, "chi2_df": 3, "chi2_threshold": 13.931422665512084, "N_raw": 54, "N_roi": 54, "N_inlier": 53, "refit": true}
{"timestamp": "14:45:43.018903", "frame": 46, "mu": [-0.9890194377100698, 4.110277183678566, 0.6433769740930415], "Sigma": [[0.029920708368617974, 0.018989382862917556, -0.007158167772457688], [0.018989382862917552, 0.023040591579172216, 0.0023342649297748825], [-0.007158167772457688, 0.002334264929774883, 0.009101465824791493]], "chi2_level": 0.997, "chi2_df": 3, "chi2_threshold": 13.931422665512084, "N_raw": 61, "N_roi": 61, "N_inlier": 59, "refit": true}
{"timestamp": "14:45:43.073488", "frame": 47, "mu": [-0.964748122303282, 4.038341703680192, 0.8147500841166906], "Sigma": [[0.02106823816150042, 0.0034298462254384546, -0.010728566081272334], [0.0034298462254384546, 0.002571979067478147, -0.00878586285145323], [-0.010728566081272336, -0.00878586285145323, 0.041288704058066776]], "chi2_level": 0.997, "chi2_df": 3, "chi2_threshold": 13.931422665512084, "N_raw": 55, "N_roi": 55, "N_inlier": 55, "refit": true}
{"timestamp": "14:45:43.129551", "frame": 48, "mu": [-0.9055664728824852, 3.9804681979708, 0.648359613573166], "Sigma": [[0.03293350034578453, 0.009837878727813183, -0.03839841349321914], [0.009837878727813183, 0.009569357577328888, -0.016202774442366067], [-0.03839841349321914, -0.016202774442366067, 0.059511327765574565]], "chi2_level": 0.997, "chi2_df": 3, "chi2_threshold": 13.931422665512084, "N_raw": 61, "N_roi": 59, "N_inlier": 59, "refit": true}
{"timestamp": "14:45:43.180385", "frame": 49, "mu": [-0.90510709767787, 3.8710919191178306, 0.7272052567533372], "Sigma": [[0.015455767649157485, 0.0051526354863467225, -0.005064961866517203], [0.0051526354863467225, 0.004650217068074323, -0.0041749967523065975], [-0.005064961866517203, -0.0041749967523065975, 0.007257510561472959]], "chi2_level": 0.997, "chi2_df": 3, "chi2_threshold": 13.931422665512084, "N_raw": 35, "N_roi": 33, "N_inlier": 32, "refit": true}
{"timestamp": "14:45:43.238593", "frame": 50, "mu": [-0.7871549464988633, 3.9368699252282644, 0.7239740906353139], "Sigma": [[0.017537071470179137, 0.0038595704451140763, -0.01401963603082803], [0.0038595704451140763, 0.002284152741255054, -0.00864331887905575], [-0.01401963603082803, -0.00864331887905575, 0.07052957704725223]], "chi2_level": 0.997, "chi2_df": 3, "chi2_threshold": 13.931422665512084, "N_raw": 55, "N_roi": 55, "N_inlier": 55, "refit": true}
{"timestamp": "14:45:43.290710", "frame": 51, "mu": [-0.8290441932587329, 3.882312021667026, 0.9645192406289766], "Sigma": [[0.023170444595416964, 0.0044016656985708495, -0.0034833924859548697], [0.0044016656985708495, 0.0024153064849525892, -0.003365553291048796], [-0.00348339248595487, -0.0033655532910487965, 0.008060417362338715]], "chi2_level": 0.997, "chi2_df": 3, "chi2_threshold": 13.931422665512084, "N_raw": 42, "N_roi": 42, "N_inlier": 40, "refit": true}
{"timestamp": "14:45:43.343235", "frame": 52, "mu": [-0.6974161750142397, 3.8763841084782955, 0.9644039081883946], "Sigma": [[0.019157280761092896, 0.00412000249808914, 0.004803820277182679], [0.00412000249808914, 0.0019192479190171955, -4.170808478994262e-05], [0.004803820277182679, -4.170808478994254e-05, 0.005001005774333132]], "chi2_level": 0.997, "chi2_df": 3, "chi2_threshold": 13.931422665512084, "N_raw": 25, "N_roi": 25, "N_inlier": 24, "refit": true}
{"timestamp": "14:45:43.407158", "frame": 53, "mu": [-0.6192814751859382, 3.861940391733281, 0.7581809678650914], "Sigma": [[0.0309794862502746, 0.003338105211080704, -0.006017991880601871], [0.003338105211080704, 0.003820022748515009, -0.00503158376277613], [-0.006017991880601871, -0.00503158376277613, 0.0595734791077236]], "chi2_level": 0.997, "chi2_df": 3, "chi2_threshold": 13.931422665512084, "N_raw": 82, "N_roi": 77, "N_inlier": 73, "refit": true}
{"timestamp": "14:45:43.460189", "frame": 54, "mu": [-0.6991793524158207, 3.7992228250589744, 0.9005929754220454], "Sigma": [[0.027210512513193563, 0.0006670991679892421, -0.019563900755850402], [0.0006670991679892422, 0.002215537789758898, -0.006754862636098419], [-0.019563900755850405, -0.006754862636098419, 0.07918147622593608]], "chi2_level": 0.997, "chi2_df": 3, "chi2_threshold": 13.931422665512084, "N_raw": 63, "N_roi": 63, "N_inlier": 59, "refit": true}
{"timestamp": "14:45:43.517140", "frame": 55, "mu": [-0.46287496302366227, 3.822792483289486, 0.7770400532288841], "Sigma": [[0.028771731132097824, 0.0021538306859879143, -0.015515725872527905], [0.0021538306859879143, 0.0072356341668863, -0.005420386057699641], [-0.015515725872527905, -0.00542038605769964, 0.07357455969140822]], "chi2_level": 0.997, "chi2_df": 3, "chi2_threshold": 13.931422665512084, "N_raw": 80, "N_roi": 77, "N_inlier": 74, "refit": true}
{"timestamp": "14:45:43.574519", "frame": 56, "mu": [-0.4389618994981635, 3.79934328789122, 0.7686338081806492], "Sigma": [[0.0339119414730963, 0.008558899209253349, -0.01908768477349691], [0.008558899209253349, 0.0132811158916396, -0.011874043050468876], [-0.01908768477349691, -0.011874043050468878, 0.03699663420403339]], "chi2_level": 0.997, "chi2_df": 3, "chi2_threshold": 13.931422665512084, "N_raw": 94, "N_roi": 94, "N_inlier": 89, "refit": true}
{"timestamp": "14:45:43.633759", "frame": 57, "mu": [-0.45720432101455555, 3.777477814077975, 0.8674388473902366], "Sigma": [[0.0435059313683669, 0.014613643456213455, -0.022234337877958643], [0.014613643456213455, 0.01183915366820623, -0.01494455950634728], [-0.022234337877958643, -0.01494455950634728, 0.026418439340967596]], "chi2_level": 0.997, "chi2_df": 3, "chi2_threshold": 13.931422665512084, "N_raw": 100, "N_roi": 95, "N_inlier": 94, "refit": true}
{"timestamp": "14:45:43.682892", "frame": 58, "mu": [-0.35924312422032634, 3.6999196349363324, 0.8517152118619222], "Sigma": [[0.03227755306672227, 0.008797011930727138, -0.023818094915482903], [0.008797011930727138, 0.005525308272770836, -0.013747933817304197], [-0.023818094915482903, -0.013747933817304197, 0.04188958661959166]], "chi2_level": 0.997, "chi2_df": 3, "chi2_threshold": 13.931422665512084, "N_raw": 84, "N_roi": 84, "N_inlier": 79, "refit": true}
{"timestamp": "14:45:43.735247", "frame": 59, "mu": [-0.4192315614275993, 3.6241127922643575, 0.7921976617870404], "Sigma": [[0.0245563371921897, -0.0019480340630454605, -0.011783287657918995], [-0.00194803406304546, 0.0033080627955703193, -0.003305504013208384], [-0.011783287657918994, -0.003305504013208384, 0.026683280532575602]], "chi2_level": 0.997, "chi2_df": 3, "chi2_threshold": 13.931422665512084, "N_raw": 66, "N_roi": 64, "N_inlier": 62, "refit": true}
{"timestamp": "14:45:43.792831", "frame": 60, "mu": [-0.3375943294632583, 3.6066950952106134, 0.8312965551474646], "Sigma": [[0.03008569200244403, 0.005365284871797594, -0.014535533285937664], [0.005365284871797593, 0.005373141466090639, -0.009902828839034131], [-0.014535533285937664, -0.009902828839034131, 0.024232703602473808]], "chi2_level": 0.997, "chi2_df": 3, "chi2_threshold": 13.931422665512084, "N_raw": 84, "N_roi": 84, "N_inlier": 83, "refit": true}
{"timestamp": "14:45:43.847971", "frame": 61, "mu": [-0.24250351674712933, 3.726251815595641, -0.08067013197495881], "Sigma": [[0.025435264555285695, 0.004745967909369418, -0.0046598183040471785], [0.004745967909369417, 0.00979598643420397, -0.01803689639099182], [-0.0046598183040471785, -0.01803689639099182, 0.037197256859774874]], "chi2_level": 0.997, "chi2_df": 3, "chi2_threshold": 13.931422665512084, "N_raw": 82, "N_roi": 81, "N_inlier": 79, "refit": true}
{"timestamp": "14:45:43.904922", "frame": 62, "mu": [-0.19505755689098872, 3.550127122012741, 0.9967844290848595], "Sigma": [[0.02581440248877883, 0.006470087833238302, -0.005628244007756394], [0.006470087833238304, 0.007022275069810231, -0.011838890613453244], [-0.0056282440077563955, -0.011838890613453243, 0.033626830795175644]], "chi2_level": 0.997, "chi2_df": 3, "chi2_threshold": 13.931422665512084, "N_raw": 99, "N_roi": 96, "N_inlier": 93, "refit": true}
{"timestamp": "14:45:43.957005", "frame": 63, "mu": [-0.2552293248013813, 3.4674989497517776, 0.9546737591529219], "Sigma": [[0.022194553192545874, 0.0007800908819122932, -0.001060606907220454], [0.0007800908819122926, 0.005445514464283597, -0.00784122307032092], [-0.0010606069072204537, -0.00784122307032092, 0.0166526449768782]], "chi2_level": 0.997, "chi2_df": 3, "chi2_threshold": 13.931422665512084, "N_raw": 81, "N_roi": 81, "N_inlier": 81, "refit": true}
{"timestamp": "14:45:44.011084", "frame": 64, "mu": [-0.19398609353900548, 3.4570952193174724, 1.0060761337090784], "Sigma": [[0.02122371490387552, 0.004102557589531936, 0.0038758820684118237], [0.004102557589531935, 0.0059400707035178165, -0.008303714166663728], [0.0038758820684118224, -0.00830371416666373, 0.044116931975716873]], "chi2_level": 0.997, "chi2_df": 3, "chi2_threshold": 13.931422665512084, "N_raw": 75, "N_roi": 75, "N_inlier": 72, "refit": true}
{"timestamp": "14:45:44.067191", "frame": 65, "mu": [-0.2061478404315368, 3.393106647785077, 1.0772684709352824], "Sigma": [[0.02451400521726354, 0.003684076996320308, 0.0042781208016752295], [0.003684076996320308, 0.005523496987044748, -0.0059242179479383076], [0.0042781208016752295, -0.005924217947938308, 0.021150488000276853]], "chi2_level": 0.997, "chi2_df": 3, "chi2_threshold": 13.931422665512084, "N_raw": 76, "N_roi": 76, "N_inlier": 73, "refit": true}
{"timestamp": "14:45:44.124130", "frame": 66, "mu": [-0.09769713242684826, 3.353420943843758, 0.5636823319785189], "Sigma": [[0.024027412194293288, 0.004340676383547326, -0.0058863727619917535], [0.004340676383547326, 0.009039538794542981, -0.0353989321663174], [-0.005886372761991752, -0.03539893216631739, 0.2357177348028934]], "chi2_level": 0.997, "chi2_df": 3, "chi2_threshold": 13.931422665512084, "N_raw": 93, "N_roi": 93, "N_inlier": 93, "refit": true}
{"timestamp": "14:45:44.180089", "frame": 67, "mu": [-0.06243830103885867, 3.334977392570029, 0.8858920626833733], "Sigma": [[0.027387749971052, 0.003636216341651468, -0.019998246859669423], [0.003636216341651468, 0.010924173783319727, -0.0024443964497908944], [-0.019998246859669423, -0.002444396449790894, 0.0223561629010192]], "chi2_level": 0.997, "chi2_df": 3, "chi2_threshold": 13.931422665512084, "N_raw": 101, "N_roi": 101, "N_inlier": 96, "refit": true}
{"timestamp": "14:45:44.237034", "frame": 68, "mu": [-0.014341632538687737, 3.393017902524023, -0.05301526923358223], "Sigma": [[0.025688964217533056, 0.00037137797707639233, 0.08954523957211737], [0.00037137797707639217, 0.025093505116631023, 0.0027055562100496413], [0.08954523957211738, 0.0027055562100496413, 0.4123572833840929]], "chi2_level": 0.997, "chi2_df": 3, "chi2_threshold": 13.931422665512084, "N_raw": 114, "N_roi": 114, "N_inlier": 113, "refit": true}
{"timestamp": "14:45:44.288289", "frame": 69, "mu": [0.021730287224945164, 3.253427828137177, 0.834090312225427], "Sigma": [[0.021956465341326885, 0.002392582066666965, -0.020475027143517437], [0.002392582066666965, 0.007494506848610389, -0.00913028782703693], [-0.020475027143517434, -0.00913028782703693, 0.03133382128862168]], "chi2_level": 0.997, "chi2_df": 3, "chi2_threshold": 13.931422665512084, "N_raw": 82, "N_roi": 82, "N_inlier": 76, "refit": true}
{"timestamp": "14:45:44.345161", "frame": 70, "mu": [0.020474114543126438, 3.202619914512724, 0.951921263287956], "Sigma": [[0.014803585024683034, 0.0009951469523617406, -0.0069937365122845555], [0.0009951469523617404, 0.006677625421217044, -0.00439255295626333], [-0.0069937365122845555, -0.00439255295626333, 0.008611788591878737]], "chi2_level": 0.997, "chi2_df": 3, "chi2_threshold": 13.931422665512084, "N_raw": 71, "N_roi": 71, "N_inlier": 68, "refit": true}
{"timestamp": "14:45:44.396738", "frame": 71, "mu": [-0.01338288416965477, 3.125922155790292, 0.9930793859252309], "Sigma": [[0.018932327221155926, -0.0005720452199790073, -0.008474287286897786], [-0.0005720452199790073, 0.0069039065448766946, -0.0014137500515980206], [-0.008474287286897786, -0.0014137500515980206, 0.005560664975729982]], "chi2_level": 0.997, "chi2_df": 3, "chi2_threshold": 13.931422665512084, "N_raw": 78, "N_roi": 75, "N_inlier": 71, "refit": true}
{"timestamp": "14:45:44.454563", "frame": 72, "mu": [0.11430423696882108, 3.155889014215685, 0.9686071881434035], "Sigma": [[0.02277013776559312, 0.004239484951197018, -0.006682649667842918], [0.004239484951197019, 0.008282010160840866, -0.003201030230894698], [-0.006682649667842918, -0.003201030230894698, 0.11357768805398291]], "chi2_level": 0.997, "chi2_df": 3, "chi2_threshold": 13.931422665512084, "N_raw": 89, "N_roi": 89, "N_inlier": 88, "refit": true}
{"timestamp": "14:45:44.512854", "frame": 73, "mu": [0.1563855094741315, 3.1495406867222124, 0.8208712428660693], "Sigma": [[0.025411249079062743, -0.0028077504120502823, 0.015097771110939864], [-0.0028077504120502823, 0.011565852660890849, -0.03642333216807311], [0.015097771110939864, -0.03642333216807311, 0.2450398795234603]], "chi2_level": 0.997, "chi2_df": 3, "chi2_threshold": 13.931422665512084, "N_raw": 114, "N_roi": 114, "N_inlier": 114, "refit": true}
{"timestamp": "14:45:44.562305", "frame": 74, "mu": [0.2008767679899173, 3.0447259468319, 0.8956408086792167], "Sigma": [[0.01877438642475162, -0.0007096825742937162, -0.015120150770529372], [-0.0007096825742937166, 0.00391478831892791, -0.010789346763659738], [-0.015120150770529372, -0.010789346763659738, 0.09707656432776597]], "chi2_level": 0.997, "chi2_df": 3, "chi2_threshold": 13.931422665512084, "N_raw": 76, "N_roi": 76, "N_inlier": 75, "refit": true}
{"timestamp": "14:45:44.613878", "frame": 75, "mu": [0.23364153576755586, 3.0364271874943896, 0.920149788701898], "Sigma": [[0.013211852265436056, -0.0028399450519706977, -0.009800280817565047], [-0.0028399450519706977, 0.003994257721897594, -0.005867275033013769], [-0.009800280817565048, -0.005867275033013769, 0.1264878035115853]], "chi2_level": 0.997, "chi2_df": 3, "chi2_threshold": 13.931422665512084, "N_raw": 59, "N_roi": 58, "N_inlier": 57, "refit": true}
{"timestamp": "14:45:44.675475", "frame": 76, "mu": [0.354790239836663, 3.148696192067125, -0.41787953147383927], "Sigma": [[0.02118340426644748, 0.008901643420596878, 0.03338334447524735], [0.008901643420596878, 0.02161026656928844, -0.020593398555922314], [0.03338334447524735, -0.020593398555922314, 0.27168858432006976]], "chi2_level": 0.997, "chi2_df": 3, "chi2_threshold": 13.931422665512084, "N_raw": 96, "N_roi": 93, "N_inlier": 91, "refit": true}
{"timestamp": "14:45:44.728103", "frame": 77, "mu": [0.34041232572524693, 2.9779127546941266, -0.7551012581935057], "Sigma": [[0.016602740224566974, 0.0033623303445677287, 0.07923962438902474], [0.0033623303445677283, 0.00611645750112083, 0.01809022340017909], [0.07923962438902474, 0.01809022340017909, 0.8879897757338481]], "chi2_level": 0.997, "chi2_df": 3, "chi2_threshold": 13.931422665512084, "N_raw": 84, "N_roi": 84, "N_inlier": 83, "refit": true}
{"timestamp": "14:45:44.783111", "frame": 78, "mu": [0.3694984179663204, 3.109150741143195, -0.34022698071480784], "Sigma": [[0.016591889123112515, -0.005330906413504606, 0.0240637927893745], [-0.005330906413504605, 0.014125774592940572, -0.04004043497850323], [0.0240637927893745, -0.04004043497850323, 0.2010314972528681]], "chi2_level": 0.997, "chi2_df": 3, "chi2_threshold": 13.931422665512084, "N_raw": 79, "N_roi": 77, "N_inlier": 77, "refit": true}
{"timestamp": "14:45:44.837952", "frame": 79, "mu": [0.44138463497428, 2.9171324927297606, 0.7159059720712879], "Sigma": [[0.018298826131562754, 6.065334972550076e-05, 0.012065414043949136], [6.065334972550087e-05, 0.0029034016972349, -0.0019048919132283817], [0.012065414043949133, -0.0019048919132283817, 0.22710859201047154]], "chi2_level": 0.997, "chi2_df": 3, "chi2_threshold": 13.931422665512084, "N_raw": 79, "N_roi": 79, "N_inlier": 77, "refit": true}
{"timestamp": "14:45:44.891047", "frame": 80, "mu": [0.5858337393356452, 2.85215048967395, 0.7757204364204114], "Sigma": [[0.036799763468626095, 0.004910814719530289, -0.007317162055283545], [0.004910814719530289, 0.005687662789501892, -0.0023745574947193677], [-0.007317162055283545, -0.0023745574947193677, 0.004050560295386234]], "chi2_level": 0.997, "chi2_df": 3, "chi2_threshold": 13.931422665512084, "N_raw": 74, "N_roi": 73, "N_inlier": 66, "refit": true}
{"timestamp": "14:45:44.947421", "frame": 81, "mu": [0.6373986620256912, 3.030302742607917, -0.37005269148315006], "Sigma": [[0.0286054195528447, 0.0034155229575865706, -0.01360063611710141], [0.0034155229575865706, 0.005563522145706335, -0.006655401612512421], [-0.01360063611710141, -0.006655401612512421, 0.01370002749013083]], "chi2_level": 0.997, "chi2_df": 3, "chi2_threshold": 13.931422665512084, "N_raw": 82, "N_roi": 82, "N_inlier": 77, "refit": true}
{"timestamp": "14:45:45.005854", "frame": 82, "mu": [0.6040182940785367, 2.790682679323897, 0.9004450712886333], "Sigma": [[0.032537650842577946, 0.0041015816568367724, -0.014002438426985375], [0.0041015816568367724, 0.003564069929572019, -0.009091650091563179], [-0.014002438426985375, -0.009091650091563179, 0.028273832732584755]], "chi2_level": 0.997, "chi2_df": 3, "chi2_threshold": 13.931422665512084, "N_raw": 101, "N_roi": 100, "N_inlier": 95, "refit": true}
{"timestamp": "14:45:45.059178", "frame": 83, "mu": [0.6519766478311108, 2.727469089550735, 0.7937025722729967], "Sigma": [[0.03279035290257668, 0.006728651263489869, -0.0016548275035923794], [0.006728651263489869, 0.006795640015606253, -0.002610613617012875], [-0.0016548275035923794, -0.002610613617012875, 0.006263092861477832]], "chi2_level": 0.997, "chi2_df": 3, "chi2_threshold": 13.931422665512084, "N_raw": 91, "N_roi": 88, "N_inlier": 85, "refit": true}
{"timestamp": "14:45:45.112687", "frame": 84, "mu": [0.6459542665882863, 2.646491944999619, 0.7912422117368211], "Sigma": [[0.02602261110844111, 0.005545536517546009, -0.000729074079608214], [0.005545536517546008, 0.006358696812187008, -0.00345978432643763], [-0.0007290740796082141, -0.003459784326437629, 0.007341105457562595]], "chi2_level": 0.997, "chi2_df": 3, "chi2_threshold": 13.931422665512084, "N_raw": 75, "N_roi": 75, "N_inlier": 70, "refit": true}
{"timestamp": "14:45:45.157755", "frame": 85, "mu": [0.6487923090427882, 2.597335189699732, 0.5969549942599112], "Sigma": [[0.005926046172916589, -0.0022986743401077177, -0.0251367044021828], [-0.0022986743401077177, 0.0025761646638135854, 0.008076311449177968], [-0.0251367044021828, 0.008076311449177968, 0.28248666287749263]], "chi2_level": 0.997, "chi2_df": 3, "chi2_threshold": 13.931422665512084, "N_raw": 16, "N_roi": 16, "N_inlier": 16, "refit": true}
{"timestamp": "14:45:45.217153", "frame": 86, "mu": [0.6589504208620486, 2.7126886414567064, -0.7822573388349725], "Sigma": [[0.015763154720660356, 0.01099640936102218, 0.023742245493057174], [0.01099640936102218, 0.023988843483069407, 0.0106461480734838], [0.023742245493057174, 0.0106461480734838, 0.137825920770615]], "chi2_level": 0.997, "chi2_df": 3, "chi2_threshold": 13.931422665512084, "N_raw": 53, "N_roi": 53, "N_inlier": 52, "refit": true}
{"timestamp": "14:45:45.273478", "frame": 87, "mu": [0.6726059965099095, 2.5023549909551193, 1.1060326245831027], "Sigma": [[0.011457701799831443, -0.0008843383186393, 0.001914041594403844], [-0.0008843383186393, 0.0017613404600803286, -0.0028318700069606562], [0.0019140415944038443, -0.0028318700069606562, 0.018332444790890072]], "chi2_level": 0.997, "chi2_df": 3, "chi2_threshold": 13.931422665512084, "N_raw": 60, "N_roi": 60, "N_inlier": 57, "refit": true}
{"timestamp": "14:45:45.330654", "frame": 88, "mu": [0.6665448123144531, 2.4281739920525283, 0.9702513237941692], "Sigma": [[0.010317904499173131, -0.00033268714399234476, -0.000471175242352689], [-0.00033268714399234476, 0.0010804920208430005, -0.003320691456162669], [-0.0004711752423526897, -0.0033206914561626695, 0.03157637911057752]], "chi2_level": 0.997, "chi2_df": 3, "chi2_threshold": 13.931422665512084, "N_raw": 70, "N_roi": 70, "N_inlier": 66, "refit": true}
{"timestamp": "14:45:45.383886", "frame": 89, "mu": [0.7514281318437916, 2.3808670104251783, 0.96990378635646], "Sigma": [[0.012405957583983272, 0.0010504131037945722, -0.0026577981311273835], [0.0010504131037945722, 0.0033436411704529352, -0.003352245791890367], [-0.0026577981311273835, -0.003352245791890367, 0.011920332280867965]], "chi2_level": 0.997, "chi2_df": 3, "chi2_threshold": 13.931422665512084, "N_raw": 60, "N_roi": 60, "N_inlier": 57, "refit": true}
{"timestamp": "14:45:45.438769", "frame": 90, "mu": [0.8508399563118935, 2.3177746381137396, 0.9202296356377551], "Sigma": [[0.012649353216659455, -0.00021476964831507292, -0.01096324337346159], [-0.0002147696483150733, 0.003179639704211387, 0.014770347776000912], [-0.010963243373461589, 0.01477034777600091, 0.14700110386133544]], "chi2_level": 0.997, "chi2_df": 3, "chi2_threshold": 13.931422665512084, "N_raw": 54, "N_roi": 54, "N_inlier": 53, "refit": true}
{"timestamp": "14:45:45.495437", "frame": 91, "mu": [0.7711099366571252, 2.2584849275400094, 0.9299116068071346], "Sigma": [[0.013719152536730466, -0.005174468712483338, -0.005133369677745747], [-0.005174468712483338, 0.003815889773252535, -0.001013418967747991], [-0.005133369677745747, -0.001013418967747991, 0.009607444743331132]], "chi2_level": 0.997, "chi2_df": 3, "chi2_threshold": 13.931422665512084, "N_raw": 67, "N_roi": 65, "N_inlier": 60, "refit": true}
{"timestamp": "14:45:45.550745", "frame": 92, "mu": [0.8600449037663854, 2.271976416983624, 0.9624917582137953], "Sigma": [[0.01159897228836155, -0.003389416999966462, -0.01781563511279114], [-0.003389416999966462, 0.0042689369101928274, -0.00546445896184748], [-0.01781563511279114, -0.005464458961847482, 0.09314858000513387]], "chi2_level": 0.997, "chi2_df": 3, "chi2_threshold": 13.931422665512084, "N_raw": 68, "N_roi": 67, "N_inlier": 64, "refit": true}
{"timestamp": "14:45:45.604505", "frame": 93, "mu": [0.9187653106982536, 2.2466471295868735, 0.9069761120218963], "Sigma": [[0.016256347366643015, -0.0014490361890247975, -0.007525388708124562], [-0.0014490361890247972, 0.0035839618779696086, 0.006762337064462999], [-0.007525388708124562, 0.0067623370644629985, 0.05258699075601972]], "chi2_level": 0.997, "chi2_df": 3, "chi2_threshold": 13.931422665512084, "N_raw": 50, "N_roi": 50, "N_inlier": 48, "refit": true}
{"timestamp": "14:45:45.655544", "frame": 94, "mu": [1.031506952484365, 2.222404210951018, 1.0302998828245469], "Sigma": [[0.012680019713896895, -0.004949598161604885, -0.01702303775684104], [-0.004949598161604885, 0.0047601663341738, 0.006765488454351762], [-0.01702303775684104, 0.006765488454351762, 0.26547072558936097]], "chi2_level": 0.997, "chi2_df": 3, "chi2_threshold": 13.931422665512084, "N_raw": 35, "N_roi": 34, "N_inlier": 34, "refit": true}
{"timestamp": "14:45:45.714491", "frame": 95, "mu": [0.9783413923618164, 2.363567302623185, -1.1224076684393889], "Sigma": [[0.010014254863676785, 0.000823378998963844, 0.03502321755165849], [0.0008233789989638435, 0.009289817439715214, 0.018503842480364314], [0.035023217551658485, 0.01850384248036431, 0.7196167555757977]], "chi2_level": 0.997, "chi2_df": 3, "chi2_threshold": 13.931422665512084, "N_raw": 61, "N_roi": 61, "N_inlier": 60, "refit": true}
{"timestamp": "14:45:45.769962", "frame": 96, "mu": [1.0479709535251835, 2.150900207717499, 1.1567523205497756], "Sigma": [[0.00857160083558933, -0.002487204895706887, -0.00046915070154971355], [-0.002487204895706887, 0.005147068686605945, -0.003702862189010855], [-0.0004691507015497136, -0.003702862189010855, 0.0068617178841715466]], "chi2_level": 0.997, "chi2_df": 3, "chi2_threshold": 13.931422665512084, "N_raw": 61, "N_roi": 61, "N_inlier": 56, "refit": true}
{"timestamp": "14:45:45.824387", "frame": 97, "mu": [1.0405382615887189, 2.1310899213309042, -0.8248710578464696], "Sigma": [[0.010330995975257105, -0.0007134192890593848, 0.00514229044541186], [-0.0007134192890593846, 0.005666367031129969, 0.0038773787788212192], [0.00514229044541186, 0.0038773787788212192, 0.159603258566226]], "chi2_level": 0.997, "chi2_df": 3, "chi2_threshold": 13.931422665512084, "N_raw": 63, "N_roi": 63, "N_inlier": 62, "refit": true}
{"timestamp": "14:45:45.879576", "frame": 98, "mu": [1.1018808063110987, 2.1996507217046717, -0.18185602249942837], "Sigma": [[0.013265410417768, -0.0006572351483574252, 0.0016152007458499693], [-0.0006572351483574252, 0.005915597133660342, -0.0006271504319052729], [0.0016152007458499693, -0.0006271504319052728, 0.001898896461681751]], "chi2_level": 0.997, "chi2_df": 3, "chi2_threshold": 13.931422665512084, "N_raw": 68, "N_roi": 68, "N_inlier": 63, "refit": true}
{"timestamp": "14:45:45.932584", "frame": 99, "mu": [1.0968208048625903, 2.0546818520451673, 1.2576720299608648], "Sigma": [[0.008703199893937594, -0.0008836555336475584, 0.0023630084977973517], [-0.0008836555336475583, 0.008081358804718585, 0.010190710946802333], [0.0023630084977973517, 0.010190710946802333, 0.08958531634220665]], "chi2_level": 0.997, "chi2_df": 3, "chi2_threshold": 13.931422665512084, "N_raw": 54, "N_roi": 54, "N_inlier": 52, "refit": true}
{"timestamp": "14:45:46.101195", "frame": 100, "mu": [1.1045427730409538, 1.9846301799755435, 1.183733501463005], "Sigma": [[0.008424542636742591, -0.002718915358509156, -0.0038179022583057615], [-0.002718915358509157, 0.003680068604773469, -0.001164467584179969], [-0.0038179022583057615, -0.001164467584179969, 0.03668193442032373]], "chi2_level": 0.997, "chi2_df": 3, "chi2_threshold": 13.931422665512084, "N_raw": 44, "N_roi": 44, "N_inlier": 41, "refit": true}
{"timestamp": "14:45:46.126552", "frame": 101, "mu": [1.180142490896304, 1.880940613361872, 0.7309056397559304], "Sigma": [[0.010322533404203851, -0.002617191107999065, -0.014522792604354831], [-0.002617191107999065, 0.00162313017384354, 0.005844816461657118], [-0.01452279260435483, 0.005844816461657118, 0.07135035942543182]], "chi2_level": 0.997, "chi2_df": 3, "chi2_threshold": 13.931422665512084, "N_raw": 40, "N_roi": 39, "N_inlier": 38, "refit": true}
{"timestamp": "14:45:46.158584", "frame": 102, "mu": [1.2031054115400903, 2.013975362683108, 1.3173750787554326], "Sigma": [[0.0070556270987165515, -0.0032354393842010803, -0.007432746989185195], [-0.0032354393842010803, 0.006922272051607556, 0.005071922476877716], [-0.007432746989185195, 0.005071922476877716, 0.08943806858651114]], "chi2_level": 0.997, "chi2_df": 3, "chi2_threshold": 13.931422665512084, "N_raw": 52, "N_roi": 51, "N_inlier": 48, "refit": true}
{"timestamp": "14:45:46.198655", "frame": 103, "mu": [1.2646672649057356, 1.8800506959105294, 0.7892438848726081], "Sigma": [[0.012058644223307935, -0.008612617653651074, -0.024861028641378284], [-0.008612617653651074, 0.014372514161853008, 0.03262809610056981], [-0.024861028641378284, 0.03262809610056981, 0.16009165363358388]], "chi2_level": 0.997, "chi2_df": 3, "chi2_threshold": 13.931422665512084, "N_raw": 46, "N_roi": 46, "N_inlier": 46, "refit": true}
{"timestamp": "14:45:46.230547", "frame": 104, "mu": [1.2218717772900425, 1.874922445270595, 1.1735847681672025], "Sigma": [[0.01231902775711871, -0.0026749859020170105, -0.013274343649736117], [-0.0026749859020170105, 0.0024816811299879444, -0.00012255472559242006], [-0.013274343649736117, -0.00012255472559242017, 0.0624347149222932]], "chi2_level": 0.997, "chi2_df": 3, "chi2_threshold": 13.931422665512084, "N_raw": 53, "N_roi": 53, "N_inlier": 50, "refit": true}
{"timestamp": "14:45:46.260231", "frame": 105, "mu": [1.222579977508743, 1.8963759700302396, 1.368583014634203], "Sigma": [[0.006687155654567139, -0.0021201896841565528, 0.0003388550187290268], [-0.0021201896841565528, 0.004667676271506916, -0.001669791944753129], [0.00033885501872902673, -0.001669791944753129, 0.0008092388252908662]], "chi2_level": 0.997, "chi2_df": 3, "chi2_threshold": 13.931422665512084, "N_raw": 40, "N_roi": 38, "N_inlier": 37, "refit": true}
{"timestamp": "14:45:46.313823", "frame": 106, "mu": [1.3013184176035275, 1.8502951909206138, 0.9459470502518449], "Sigma": [[0.012269227707732385, -0.008837837654608924, -0.06097814701197158], [-0.008837837654608924, 0.01259141764511189, 0.03387016262220366], [-0.06097814701197158, 0.033870162622203666, 0.46866539138560936]], "chi2_level": 0.997, "chi2_df": 3, "chi2_threshold": 13.931422665512084, "N_raw": 21, "N_roi": 18, "N_inlier": 17, "refit": true}
{"timestamp": "14:45:46.371737", "frame": 107, "mu": [1.3355951673531783, 1.749191042883705, 1.13985780490198], "Sigma": [[0.010414407946644796, -0.007074774237442931, -0.011394522120299337], [-0.007074774237442931, 0.006336371045504433, 0.0055917546131936955], [-0.011394522120299335, 0.005591754613193696, 0.019920512358343162]], "chi2_level": 0.997, "chi2_df": 3, "chi2_threshold": 13.931422665512084, "N_raw": 52, "N_roi": 49, "N_inlier": 46, "refit": true}
{"timestamp": "14:45:46.476969", "frame": 109, "mu": [1.3142908869276377, 1.868653140409384, -0.4384187854735067], "Sigma": [[0.015682410083255743, 0.009016764813354793, -0.051241865774115485], [0.009016764813354793, 0.013414096883799216, -0.051849765916050436], [-0.051241865774115485, -0.051849765916050436, 0.2502028384171076]], "chi2_level": 0.997, "chi2_df": 3, "chi2_threshold": 13.931422665512084, "N_raw": 14, "N_roi": 14, "N_inlier": 14, "refit": true}
{"timestamp": "14:45:46.537714", "frame": 110, "mu": [1.3282991999863611, 1.6860173286634164, 1.3631431731245087], "Sigma": [[0.009022090442202532, -0.0018695398412186734, 0.0010569251949729425], [-0.0018695398412186728, 0.011338820359427975, 0.00506756992977983], [0.0010569251949729425, 0.00506756992977983, 0.00298533967751698]], "chi2_level": 0.997, "chi2_df": 3, "chi2_threshold": 13.931422665512084, "N_raw": 57, "N_roi": 54, "N_inlier": 53, "refit": true}
{"timestamp": "14:45:46.588897", "frame": 111, "mu": [1.2996969032545478, 1.6171688015335588, 1.3153482759813908], "Sigma": [[0.005447994190860122, -0.0011122473931422425, 0.0010767875375935461], [-0.0011122473931422425, 0.004451515653277077, 0.0008819380274760823], [0.0010767875375935461, 0.0008819380274760823, 0.0009682488488997379]], "chi2_level": 0.997, "chi2_df": 3, "chi2_threshold": 13.931422665512084, "N_raw": 25, "N_roi": 25, "N_inlier": 24, "refit": true}
{"timestamp": "14:45:46.646278", "frame": 112, "mu": [1.4151384940303282, 1.5955364046322413, 1.4295662014400072], "Sigma": [[0.0065282757474992344, -0.000522181924543142, 0.006236603576178974], [-0.0005221819245431418, 0.009053652339893083, 0.006102915298538807], [0.006236603576178973, 0.006102915298538807, 0.011376245204742686]], "chi2_level": 0.997, "chi2_df": 3, "chi2_threshold": 13.931422665512084, "N_raw": 41, "N_roi": 37, "N_inlier": 36, "refit": true}
