{"timestamp": "14:30:35.347528", "frame": 2, "mu": [1.219791635463456, 0.8301803439796838, 1.5025371949268906], "Sigma": [[0.002199538277345797, 0.00013104009465631094, -0.0017585176662248145], [0.00013104009465631097, 0.0025289965732905196, -0.0013080364192103347], [-0.0017585176662248145, -0.0013080364192103347, 0.0022943001573854462]], "chi2_level": 0.997, "chi2_df": 3, "chi2_threshold": 13.931422665512084, "N_raw": 15, "N_roi": 15, "N_inlier": 14, "refit": true}
{"timestamp": "14:30:35.402787", "frame": 3, "mu": [1.2502445657473542, 0.8508148293231005, 1.4489794295850678], "Sigma": [[0.0044892555375184925, -0.0018899806934972552, -0.002972856929104687], [-0.0018899806934972552, 0.003517886726402961, -0.0005549625303813508], [-0.002972856929104687, -0.0005549625303813509, 0.003484520291494012]], "chi2_level": 0.997, "chi2_df": 3, "chi2_threshold": 13.931422665512084, "N_raw": 17, "N_roi": 17, "N_inlier": 14, "refit": true}
{"timestamp": "14:30:35.568392", "frame": 6, "mu": [1.365951901192407, 0.9987753669048353, 0.8592159849669649], "Sigma": [[0.01763705701091011, -0.001243239174979718, -0.06844131413485025], [-0.001243239174979718, 0.022552407841790523, 0.0031049284135106145], [-0.06844131413485025, 0.003104928413510618, 0.3492371804769451]], "chi2_level": 0.997, "chi2_df": 3, "chi2_threshold": 13.931422665512084, "N_raw": 11, "N_roi": 11, "N_inlier": 11, "refit": true}
{"timestamp": "14:30:35.623797", "frame": 7, "mu": [1.20400806498138, 1.0354533675481052, 1.3782652705870042], "Sigma": [[0.011073971812785181, -0.009085305757252343, -0.03445960711292524], [-0.009085305757252339, 0.012132135911077464, 0.0389618493013229], [-0.03445960711292524, 0.0389618493013229, 0.1615095271004431]], "chi2_level": 0.997, "chi2_df": 3, "chi2_threshold": 13.931422665512084, "N_raw": 18, "N_roi": 18, "N_inlier": 17, "refit": true}
{"timestamp": "14:30:35.679363", "frame": 8, "mu": [1.1511599905983072, 1.1358102662047211, 1.5477979640269806], "Sigma": [[0.004272776778922898, -0.0018966463005566498, -0.003172290845182657], [-0.00189664630055665, 0.0033628853645896748, 0.001796914881503735], [-0.003172290845182657, 0.001796914881503735, 0.004131334474436292]], "chi2_level": 0.997, "chi2_df": 3, "chi2_threshold": 13.931422665512084, "N_raw": 23, "N_roi": 23, "N_inlier": 20, "refit": true}
{"timestamp": "14:30:35.735926", "frame": 9, "mu": [1.1604140870343966, 1.1507981158397416, 1.5012020249792206], "Sigma": [[0.003396106649069172, -0.0004582029112090285, -0.0021467246628405403], [-0.00045820291120902837, 0.0022574259308662296, -0.00048219582833357603], [-0.0021467246628405403, -0.0004821958283335761, 0.0019951773321911486]], "chi2_level": 0.997, "chi2_df": 3, "chi2_threshold": 13.931422665512084, "N_raw": 23, "N_roi": 23, "N_inlier": 22, "refit": true}
{"timestamp": "14:30:35.790445", "frame": 10, "mu": [1.36251961114391, 1.0587134938925093, 0.9685915368895172], "Sigma": [[0.029144792397968744, -0.012312421025851596, -0.11030908964585219], [-0.012312421025851596, 0.021445206155526142, 0.05152125139689338], [-0.11030908964585219, 0.05152125139689338, 0.4618174747326624]], "chi2_level": 0.997, "chi2_df": 3, "chi2_threshold": 13.931422665512084, "N_raw": 12, "N_roi": 12, "N_inlier": 12, "refit": true}
{"timestamp": "14:30:35.849222", "frame": 11, "mu": [1.2095512818376792, 1.1660218861047023, 1.46993948140874], "Sigma": [[0.005925473017975229, -0.00045627953037151686, -0.004281437877246585], [-0.00045627953037151686, 0.0029903551434605816, -0.0013416878794896248], [-0.004281437877246585, -0.0013416878794896248, 0.006195470062969434]], "chi2_level": 0.997, "chi2_df": 3, "chi2_threshold": 13.931422665512084, "N_raw": 42, "N_roi": 42, "N_inlier": 40, "refit": true}
{"timestamp": "14:30:35.906418", "frame": 12, "mu": [1.2622626374439139, 1.259547292189768, -0.23935524848156212], "Sigma": [[0.007039855358233691, -0.0012792262920042236, -0.006288400584762106], [-0.0012792262920042238, 0.004978959764342309, -0.001484346706536651], [-0.006288400584762106, -0.0014843467065366507, 0.0076253355201857985]], "chi2_level": 0.997, "chi2_df": 3, "chi2_threshold": 13.931422665512084, "N_raw": 47, "N_roi": 47, "N_inlier": 46, "refit": true}
{"timestamp": "14:30:35.958939", "frame": 13, "mu": [1.275614370544904, 1.1612523195507316, 1.4267058586635368], "Sigma": [[0.0071955503086649246, -0.0022115160217046227, -0.0032375006202560227], [-0.0022115160217046227, 0.004287408920786749, -0.0002598373760989848], [-0.003237500620256022, -0.00025983737609898487, 0.0023339894477000314]], "chi2_level": 0.997, "chi2_df": 3, "chi2_threshold": 13.931422665512084, "N_raw": 38, "N_roi": 38, "N_inlier": 38, "refit": true}
{"timestamp": "14:30:36.010223", "frame": 14, "mu": [1.299994783064722, 1.1235917551797836, 1.2006545501931447], "Sigma": [[0.024288012580450442, -0.007024634799284614, -0.09121648943672334], [-0.007024634799284614, 0.003679747856162536, 0.033119160393432864], [-0.09121648943672334, 0.033119160393432864, 0.41124421864019806]], "chi2_level": 0.997, "chi2_df": 3, "chi2_threshold": 13.931422665512084, "N_raw": 11, "N_roi": 11, "N_inlier": 10, "refit": true}
{"timestamp": "14:30:36.064994", "frame": 15, "mu": [1.3169422589276307, 1.1838046914773896, 1.2971326820974216], "Sigma": [[0.009444023599091625, -0.001151957489864332, -0.009820074563960437], [-0.001151957489864332, 0.009614472747443883, -0.012680467217436339], [-0.009820074563960437, -0.01268046721743634, 0.03927885104619334]], "chi2_level": 0.997, "chi2_df": 3, "chi2_threshold": 13.931422665512084, "N_raw": 15, "N_roi": 15, "N_inlier": 15, "refit": true}
{"timestamp": "14:30:36.177703", "frame": 17, "mu": [1.1936081034490031, 1.1566386687323618, 1.4220977186838477], "Sigma": [[0.005553248214602313, -0.0031330913095747267, -0.004616965512033911], [-0.0031330913095747263, 0.0032875155589009867, 0.0015843489442938557], [-0.004616965512033911, 0.001584348944293856, 0.004984187813056629]], "chi2_level": 0.997, "chi2_df": 3, "chi2_threshold": 13.931422665512084, "N_raw": 27, "N_roi": 27, "N_inlier": 25, "refit": true}
{"timestamp": "14:30:36.234100", "frame": 18, "mu": [1.160259540516581, 1.1786798212603737, 1.4111886917505831], "Sigma": [[0.010366730799319235, -0.005686470289372136, -0.026172537191733646], [-0.005686470289372136, 0.007647515712259957, 0.022244225467009434], [-0.02617253719173365, 0.02224422546700944, 0.11978024338838035]], "chi2_level": 0.997, "chi2_df": 3, "chi2_threshold": 13.931422665512084, "N_raw": 41, "N_roi": 41, "N_inlier": 39, "refit": true}
{"timestamp": "14:30:36.289127", "frame": 19, "mu": [1.0998335796122074, 1.1991600862166685, 1.4744785692772573], "Sigma": [[0.005938494382151787, -0.0022476444435159406, -0.0036422413912261934], [-0.0022476444435159406, 0.004458689878520888, 0.0008115957176784112], [-0.003642241391226194, 0.0008115957176784112, 0.002696312414128478]], "chi2_level": 0.997, "chi2_df": 3, "chi2_threshold": 13.931422665512084, "N_raw": 39, "N_roi": 39, "N_inlier": 37, "refit": true}
{"timestamp": "14:30:36.344172", "frame": 20, "mu": [1.1670176882393402, 1.1644529947023665, 1.2585850038170254], "Sigma": [[0.019580581828052404, -0.008579722089697744, -0.03539742341711104], [-0.008579722089697742, 0.005552410245775416, 0.016844347218246868], [-0.03539742341711104, 0.016844347218246868, 0.07929770445838083]], "chi2_level": 0.997, "chi2_df": 3, "chi2_threshold": 13.931422665512084, "N_raw": 35, "N_roi": 35, "N_inlier": 33, "refit": true}
{"timestamp": "14:30:36.397608", "frame": 21, "mu": [1.0843317079736046, 1.2016222381427046, 1.3644389993711705], "Sigma": [[0.012239304919520681, -0.008234304961947693, -0.029571470161444013], [-0.008234304961947693, 0.008010866147804246, 0.022892259446339002], [-0.029571470161444013, 0.022892259446339002, 0.09937764772663138]], "chi2_level": 0.997, "chi2_df": 3, "chi2_threshold": 13.931422665512084, "N_raw": 24, "N_roi": 24, "N_inlier": 22, "refit": true}
{"timestamp": "14:30:36.503743", "frame": 23, "mu": [1.0932114043148855, 1.1811952704644195, 0.8821586214584213], "Sigma": [[0.016482314638589405, -0.010738421279681346, -0.05106719839111629], [-0.010738421279681346, 0.010523352209367405, 0.02605936720003791], [-0.05106719839111629, 0.026059367200037906, 0.4323642114503844]], "chi2_level": 0.997, "chi2_df": 3, "chi2_threshold": 13.931422665512084, "N_raw": 10, "N_roi": 10, "N_inlier": 10, "refit": true}
{"timestamp": "14:30:36.560036", "frame": 24, "mu": [1.0953986437946992, 1.1720465756209308, 0.9599131323088395], "Sigma": [[0.0625565775323762, -0.03447316342497275, -0.1680874319600369], [-0.03447316342497275, 0.02045016930633503, 0.09439268793888202], [-0.16808743196003692, 0.09439268793888202, 0.4684117408570199]], "chi2_level": 0.997, "chi2_df": 3, "chi2_threshold": 13.931422665512084, "N_raw": 12, "N_roi": 12, "N_inlier": 12, "refit": true}
{"timestamp": "14:30:36.617678", "frame": 25, "mu": [0.916741570528439, 1.370860350119118, -0.27673991365566925], "Sigma": [[0.012964092732847666, 0.002274842452076785, -0.03589853161948253], [0.002274842452076785, 0.003253345685683067, -0.006919819497464397], [-0.03589853161948253, -0.006919819497464397, 0.12339464885307663]], "chi2_level": 0.997, "chi2_df": 3, "chi2_threshold": 13.931422665512084, "N_raw": 34, "N_roi": 34, "N_inlier": 32, "refit": true}
{"timestamp": "14:30:36.729124", "frame": 27, "mu": [0.8686677675430071, 1.26428008572123, 1.3842206592085766], "Sigma": [[0.008865330596716695, -0.005693498154361997, -0.015689160750955507], [-0.005693498154361997, 0.006862375050589601, 0.013201817963034343], [-0.01568916075095551, 0.013201817963034343, 0.042534135030922196]], "chi2_level": 0.997, "chi2_df": 3, "chi2_threshold": 13.931422665512084, "N_raw": 42, "N_roi": 42, "N_inlier": 39, "refit": true}
{"timestamp": "14:30:36.789676", "frame": 28, "mu": [0.8785766468378076, 1.2461793948896018, 1.2761474369805894], "Sigma": [[0.014690648952180668, -0.008543051424616881, -0.0358433221513067], [-0.008543051424616881, 0.009440705195648201, 0.028218256633554845], [-0.0358433221513067, 0.028218256633554845, 0.14392368204601638]], "chi2_level": 0.997, "chi2_df": 3, "chi2_threshold": 13.931422665512084, "N_raw": 84, "N_roi": 84, "N_inlier": 82, "refit": true}
{"timestamp": "14:30:36.843060", "frame": 29, "mu": [0.8246581942640107, 1.249759769622258, 0.9472689943451329], "Sigma": [[0.01332098196097369, -0.0034844081458813925, -0.06077016329421221], [-0.0034844081458813925, 0.024388988925426347, 0.05029175395269274], [-0.06077016329421221, 0.05029175395269274, 0.43977547373679987]], "chi2_level": 0.997, "chi2_df": 3, "chi2_threshold": 13.931422665512084, "N_raw": 64, "N_roi": 64, "N_inlier": 63, "refit": true}
{"timestamp": "14:30:36.900373", "frame": 30, "mu": [0.7689513205596009, 1.3582665243203251, -0.13010134976452223], "Sigma": [[0.006989304001889559, -0.002072026478409866, 0.015372326545973076], [-0.002072026478409866, 0.009961924107861338, -0.05771831023533053], [0.015372326545973076, -0.05771831023533053, 0.504472996361385]], "chi2_level": 0.997, "chi2_df": 3, "chi2_threshold": 13.931422665512084, "N_raw": 84, "N_roi": 84, "N_inlier": 82, "refit": true}
{"timestamp": "14:30:36.950670", "frame": 31, "mu": [0.6684139510222875, 1.2493370302296247, 1.3171749557836097], "Sigma": [[0.013454157044795528, -0.006557663458182006, -0.045537554415768906], [-0.006557663458182006, 0.006483407137984208, 0.02566860672320321], [-0.045537554415768906, 0.02566860672320321, 0.19983809612995082]], "chi2_level": 0.997, "chi2_df": 3, "chi2_threshold": 13.931422665512084, "N_raw": 49, "N_roi": 49, "N_inlier": 46, "refit": true}
{"timestamp": "14:30:37.008773", "frame": 32, "mu": [0.6152169335445197, 1.2314689905703353, 1.042014407064699], "Sigma": [[0.014772835544270684, 0.0009701396366264157, 0.05491085026728431], [0.0009701396366264157, 0.0032987885857493873, 0.016171526908207924], [0.05491085026728431, 0.016171526908207924, 0.371906547709789]], "chi2_level": 0.997, "chi2_df": 3, "chi2_threshold": 13.931422665512084, "N_raw": 67, "N_roi": 67, "N_inlier": 65, "refit": true}
{"timestamp": "14:30:37.064688", "frame": 33, "mu": [0.5143730317009174, 1.3005450340293156, 1.1135579770574013], "Sigma": [[0.01935205586616435, -0.0034017942045903708, 0.05316525277719366], [-0.0034017942045903703, 0.0038847879511562395, -0.010403861900527295], [0.05316525277719365, -0.010403861900527295, 0.2422264244198106]], "chi2_level": 0.997, "chi2_df": 3, "chi2_threshold": 13.931422665512084, "N_raw": 77, "N_roi": 77, "N_inlier": 74, "refit": true}
{"timestamp": "14:30:37.119086", "frame": 34, "mu": [0.4459027713263673, 1.4179201513268267, -0.37424041159265337], "Sigma": [[0.0066214724672605295, 0.0002367786345691115, -0.01657759102991442], [0.00023677863456911166, 0.005385135583225658, -0.006195280071444964], [-0.016577591029914417, -0.006195280071444963, 0.059592991524016]], "chi2_level": 0.997, "chi2_df": 3, "chi2_threshold": 13.931422665512084, "N_raw": 67, "N_roi": 67, "N_inlier": 62, "refit": true}
{"timestamp": "14:30:37.176318", "frame": 35, "mu": [0.4423730034624597, 1.2399376674074285, 1.2146964154598296], "Sigma": [[0.010974782308058694, -0.0047596827669217365, -0.02233007715634193], [-0.004759682766921736, 0.003285740565083674, 0.009815709906479944], [-0.02233007715634193, 0.009815709906479944, 0.07031292172550871]], "chi2_level": 0.997, "chi2_df": 3, "chi2_threshold": 13.931422665512084, "N_raw": 82, "N_roi": 82, "N_inlier": 77, "refit": true}
{"timestamp": "14:30:37.229695", "frame": 36, "mu": [0.3545091744467052, 1.385777891536203, -0.33706370704322736], "Sigma": [[0.00459042055922928, -5.005813687142664e-05, -0.005282202311430603], [-5.005813687142656e-05, 0.012279817994473861, -0.03105336114113096], [-0.005282202311430603, -0.031053361141130963, 0.13775125466808416]], "chi2_level": 0.997, "chi2_df": 3, "chi2_threshold": 13.931422665512084, "N_raw": 71, "N_roi": 69, "N_inlier": 67, "refit": true}
{"timestamp": "14:30:37.280120", "frame": 37, "mu": [0.30685069654316255, 1.2702993386710217, 1.2435754221607396], "Sigma": [[0.0024943505993712234, -0.001992114941515356, -0.0040745689693395815], [-0.001992114941515356, 0.004523716513532934, 0.010731998871883083], [-0.004074568969339582, 0.010731998871883083, 0.16941604087117232]], "chi2_level": 0.997, "chi2_df": 3, "chi2_threshold": 13.931422665512084, "N_raw": 44, "N_roi": 44, "N_inlier": 42, "refit": true}
{"timestamp": "14:30:37.331226", "frame": 38, "mu": [0.25828589443662797, 1.2127216548295214, 0.8063983393053202], "Sigma": [[0.001793928309021541, -0.0035280811264733073, 6.856296295523322e-05], [-0.0035280811264733073, 0.015202287677987493, -0.049322531783683135], [6.856296295523279e-05, -0.049322531783683135, 0.40541084482281736]], "chi2_level": 0.997, "chi2_df": 3, "chi2_threshold": 13.931422665512084, "N_raw": 18, "N_roi": 18, "N_inlier": 18, "refit": true}
{"timestamp": "14:30:37.391264", "frame": 39, "mu": [0.15107123653620103, 1.2719598946431887, 0.9448099632841478], "Sigma": [[0.0068075545972331826, -0.005567678183161276, -0.04289540149824796], [-0.005567678183161276, 0.009064510399603161, 0.057887106037741325], [-0.04289540149824796, 0.05788710603774132, 0.505831224891644]], "chi2_level": 0.997, "chi2_df": 3, "chi2_threshold": 13.931422665512084, "N_raw": 53, "N_roi": 53, "N_inlier": 52, "refit": true}
{"timestamp": "14:30:37.443213", "frame": 40, "mu": [0.05137938446131356, 1.3468468240839688, 1.1445006138945069], "Sigma": [[0.0037395706350124994, -0.0014505923395694035, 0.0189718624025743], [-0.0014505923395694035, 0.005625087401030434, -0.007444898459090759], [0.0189718624025743, -0.007444898459090759, 0.20208884377901495]], "chi2_level": 0.997, "chi2_df": 3, "chi2_threshold": 13.931422665512084, "N_raw": 33, "N_roi": 31, "N_inlier": 30, "refit": true}
{"timestamp": "14:30:37.508399", "frame": 41, "mu": [0.04899036520928433, 1.2534833168193937, 1.2632313735285308], "Sigma": [[0.006305656366288681, -0.0017965842258822436, -0.01617163687828386], [-0.0017965842258822436, 0.0037042471954446617, 0.0044945642027204545], [-0.016171636878283862, 0.0044945642027204545, 0.09853834976358328]], "chi2_level": 0.997, "chi2_df": 3, "chi2_threshold": 13.931422665512084, "N_raw": 102, "N_roi": 102, "N_inlier": 100, "refit": true}
{"timestamp": "14:30:37.568144", "frame": 42, "mu": [0.0033254590544218128, 1.287907056379707, 0.12139455235851776], "Sigma": [[0.014019290503062108, -0.010107715762191022, 0.02443080056744527], [-0.010107715762191022, 0.014009620857239826, -0.047798027604687474], [0.02443080056744527, -0.047798027604687474, 0.3515407304757103]], "chi2_level": 0.997, "chi2_df": 3, "chi2_threshold": 13.931422665512084, "N_raw": 127, "N_roi": 127, "N_inlier": 126, "refit": true}
{"timestamp": "14:30:37.616806", "frame": 43, "mu": [-0.1286003780996938, 1.2843534167396453, 1.4464544029758852], "Sigma": [[0.005211521439037115, -0.0019240209457961363, -0.004618714713329725], [-0.0019240209457961363, 0.006690211502958513, -0.0003675351588347662], [-0.004618714713329725, -0.00036753515883476614, 0.005766887916853649]], "chi2_level": 0.997, "chi2_df": 3, "chi2_threshold": 13.931422665512084, "N_raw": 81, "N_roi": 81, "N_inlier": 76, "refit": true}
{"timestamp": "14:30:37.675947", "frame": 44, "mu": [-0.14175570889616484, 1.2995759982002006, 1.14124885213167], "Sigma": [[0.007531076563072441, 0.004329391482385876, -0.022071564595941003], [0.004329391482385876, 0.01411583928249578, -0.021694208641808457], [-0.022071564595941003, -0.021694208641808453, 0.11105759117530223]], "chi2_level": 0.997, "chi2_df": 3, "chi2_threshold": 13.931422665512084, "N_raw": 117, "N_roi": 117, "N_inlier": 114, "refit": true}
{"timestamp": "14:30:37.728430", "frame": 45, "mu": [-0.2548041195994254, 1.2948048484766599, 1.3644097888053848], "Sigma": [[0.0046949862426835355, -0.0028607864655775745, -0.007585387416212045], [-0.002860786465577574, 0.006802354675289803, 0.0032960745165563554], [-0.007585387416212045, 0.003296074516556356, 0.03544551627051288]], "chi2_level": 0.997, "chi2_df": 3, "chi2_threshold": 13.931422665512084, "N_raw": 96, "N_roi": 96, "N_inlier": 92, "refit": true}
{"timestamp": "14:30:37.783035", "frame": 46, "mu": [-0.3171950152071272, 1.391425317677207, -0.3469309599931871], "Sigma": [[0.0036947591968445916, -0.0006145460773822741, -0.006545724188836781], [-0.000614546077382274, 0.009069914935667089, -8.576906893865662e-07], [-0.006545724188836781, -8.576906893865933e-07, 0.05510815682764576]], "chi2_level": 0.997, "chi2_df": 3, "chi2_threshold": 13.931422665512084, "N_raw": 98, "N_roi": 96, "N_inlier": 93, "refit": true}
{"timestamp": "14:30:37.841623", "frame": 47, "mu": [-0.3776490634810258, 1.43066223480338, -0.3439091715701422], "Sigma": [[0.0068784564552479685, 0.0040636113480782676, -0.013198232594853313], [0.0040636113480782676, 0.013755694340739128, -0.008392848730868312], [-0.013198232594853313, -0.008392848730868312, 0.053637387650507774]], "chi2_level": 0.997, "chi2_df": 3, "chi2_threshold": 13.931422665512084, "N_raw": 116, "N_roi": 116, "N_inlier": 112, "refit": true}
{"timestamp": "14:30:37.895401", "frame": 48, "mu": [-0.4345025621526782, 1.2669026914542987, 1.3293451062779116], "Sigma": [[0.006773298312621464, -0.005437651171776407, -0.011794706316208933], [-0.005437651171776407, 0.01875780609035734, 0.01767631859593201], [-0.011794706316208933, 0.01767631859593201, 0.05250373795893758]], "chi2_level": 0.997, "chi2_df": 3, "chi2_threshold": 13.931422665512084, "N_raw": 114, "N_roi": 114, "N_inlier": 110, "refit": true}
{"timestamp": "14:30:37.948941", "frame": 49, "mu": [-0.4885220447935551, 1.1915477716480516, 1.2363604929187917], "Sigma": [[0.005794019368211281, 0.0024397684009384753, -0.005826634257794752], [0.0024397684009384757, 0.013174636050632009, -0.006204566158645384], [-0.0058266342577947515, -0.006204566158645385, 0.018658993951672496]], "chi2_level": 0.997, "chi2_df": 3, "chi2_threshold": 13.931422665512084, "N_raw": 99, "N_roi": 99, "N_inlier": 95, "refit": true}
{"timestamp": "14:30:37.999746", "frame": 50, "mu": [-0.627901874100153, 1.3690195330024557, -0.21134532993034344], "Sigma": [[0.0065486168492260325, -0.0025337696858598715, -0.006831905323116005], [-0.0025337696858598715, 0.007525960126803201, 0.0038976430947589803], [-0.006831905323116005, 0.0038976430947589803, 0.011873343696307935]], "chi2_level": 0.997, "chi2_df": 3, "chi2_threshold": 13.931422665512084, "N_raw": 67, "N_roi": 67, "N_inlier": 62, "refit": true}
{"timestamp": "14:30:38.056706", "frame": 51, "mu": [-0.6673510407596502, 1.345756766332497, 1.324052037795973], "Sigma": [[0.00615533033470531, -0.0012019173419737963, -0.01299461724869144], [-0.0012019173419737963, 0.005935224005503963, 0.005431302822811165], [-0.01299461724869144, 0.005431302822811165, 0.06355268075082121]], "chi2_level": 0.997, "chi2_df": 3, "chi2_threshold": 13.931422665512084, "N_raw": 93, "N_roi": 93, "N_inlier": 89, "refit": true}
{"timestamp": "14:30:38.112282", "frame": 52, "mu": [-0.7981899761898457, 1.3548429745013928, -0.04390384627207344], "Sigma": [[0.022620980168174487, 0.011812565132634881, 0.006724956772507842], [0.011812565132634881, 0.017616731717335774, -0.0020128870946018967], [0.006724956772507843, -0.002012887094601896, 0.16173926122793]], "chi2_level": 0.997, "chi2_df": 3, "chi2_threshold": 13.931422665512084, "N_raw": 88, "N_roi": 88, "N_inlier": 85, "refit": true}
{"timestamp": "14:30:38.163706", "frame": 53, "mu": [-0.9109034435250456, 1.2934490075480933, 1.467808178235031], "Sigma": [[0.030592215088164607, 0.0217485856126238, -0.02964438581161792], [0.021748585612623803, 0.02754360905473683, -0.0198422551250923], [-0.029644385811617917, -0.0198422551250923, 0.03813807159015051]], "chi2_level": 0.997, "chi2_df": 3, "chi2_threshold": 13.931422665512084, "N_raw": 65, "N_roi": 65, "N_inlier": 62, "refit": true}
{"timestamp": "14:30:38.219002", "frame": 54, "mu": [-0.8984891016872489, 1.4481744095718718, -0.5442608904319408], "Sigma": [[0.06825079905763812, 0.055797490250957434, -0.128493024801285], [0.055797490250957434, 0.05122133856843526, -0.11359609501508358], [-0.12849302480128502, -0.11359609501508358, 0.36068400675657647]], "chi2_level": 0.997, "chi2_df": 3, "chi2_threshold": 13.931422665512084, "N_raw": 72, "N_roi": 72, "N_inlier": 70, "refit": true}
{"timestamp": "14:30:38.276212", "frame": 55, "mu": [-0.9719907752923376, 1.2317069638226312, 0.9888489352848453], "Sigma": [[0.07295540637662959, 0.03657919286008934, -0.12991555833412624], [0.03657919286008934, 0.02836493446487756, -0.05759139058902276], [-0.12991555833412627, -0.05759139058902275, 0.3397924318376789]], "chi2_level": 0.997, "chi2_df": 3, "chi2_threshold": 13.931422665512084, "N_raw": 86, "N_roi": 86, "N_inlier": 86, "refit": true}
{"timestamp": "14:30:38.340955", "frame": 56, "mu": [-1.1878282683419852, 1.2312823824943684, 1.4288152157460292], "Sigma": [[0.04567648518572748, 0.03142317368018507, -0.059883990795070854], [0.03142317368018507, 0.03484290455281306, -0.040002978200861454], [-0.059883990795070854, -0.040002978200861454, 0.1879200230441553]], "chi2_level": 0.997, "chi2_df": 3, "chi2_threshold": 13.931422665512084, "N_raw": 150, "N_roi": 150, "N_inlier": 150, "refit": true}
{"timestamp": "14:30:38.384994", "frame": 57, "mu": [-1.233603167548078, 1.2868449668145265, 1.2791062911562192], "Sigma": [[0.046288773025364605, 0.036535803570182115, -0.08012013452873519], [0.036535803570182115, 0.03770800942914446, -0.08500219244412512], [-0.08012013452873519, -0.08500219244412512, 0.2883420170486929]], "chi2_level": 0.997, "chi2_df": 3, "chi2_threshold": 13.931422665512084, "N_raw": 73, "N_roi": 73, "N_inlier": 73, "refit": true}
{"timestamp": "14:30:38.449810", "frame": 58, "mu": [-1.202102419279493, 1.4153176871530422, -0.2549496909380034], "Sigma": [[0.07172863037609573, 0.05287139392112038, -0.05527823693710796], [0.05287139392112038, 0.047874493281543216, -0.04408182463904937], [-0.05527823693710796, -0.04408182463904937, 0.06836132874053207]], "chi2_level": 0.997, "chi2_df": 3, "chi2_threshold": 13.931422665512084, "N_raw": 150, "N_roi": 150, "N_inlier": 148, "refit": true}
{"timestamp": "14:30:38.506460", "frame": 59, "mu": [-1.3634494470770253, 1.32694426012808, 1.5539919179242134], "Sigma": [[0.04172481279601032, 0.032618565997993, -0.022342461118138895], [0.032618565997993, 0.03861858466580896, -0.0180949060452366], [-0.022342461118138895, -0.0180949060452366, 0.013009500430879346]], "chi2_level": 0.997, "chi2_df": 3, "chi2_threshold": 13.931422665512084, "N_raw": 149, "N_roi": 149, "N_inlier": 147, "refit": true}
{"timestamp": "14:30:38.556171", "frame": 60, "mu": [-1.3177599307821621, 1.3814940416221042, 1.4430164863606174], "Sigma": [[0.09875075981101719, 0.06873772509570696, -0.07896622289853807], [0.06873772509570696, 0.060422468189814865, -0.03713302649407618], [-0.07896622289853807, -0.03713302649407618, 0.13015464246965244]], "chi2_level": 0.997, "chi2_df": 3, "chi2_threshold": 13.931422665512084, "N_raw": 112, "N_roi": 112, "N_inlier": 111, "refit": true}
{"timestamp": "14:30:38.615138", "frame": 61, "mu": [-1.4714363427050112, 1.4446293245658914, -0.10087376920931071], "Sigma": [[0.06552973739685511, 0.053689891100800136, -0.03900340681757242], [0.053689891100800136, 0.05842894470064153, -0.015964948447547093], [-0.03900340681757242, -0.015964948447547093, 0.0676727760397278]], "chi2_level": 0.997, "chi2_df": 3, "chi2_threshold": 13.931422665512084, "N_raw": 141, "N_roi": 141, "N_inlier": 139, "refit": true}
{"timestamp": "14:30:38.666297", "frame": 62, "mu": [-1.4633236987782277, 1.5508572516024157, -0.0729564475767694], "Sigma": [[0.05609070652056947, 0.054795796086502105, -0.0353313182122132], [0.054795796086502105, 0.06552291755528195, -0.03583736630007524], [-0.0353313182122132, -0.03583736630007524, 0.0272421705360747]], "chi2_level": 0.997, "chi2_df": 3, "chi2_threshold": 13.931422665512084, "N_raw": 112, "N_roi": 112, "N_inlier": 110, "refit": true}
{"timestamp": "14:30:38.722272", "frame": 63, "mu": [-1.42108196710473, 1.6550630697316095, -0.460267341111404], "Sigma": [[0.11520256476185292, 0.08651391028444701, -0.11257052965147143], [0.08651391028444701, 0.0756227185286055, -0.08804514791123344], [-0.11257052965147145, -0.08804514791123344, 0.29486144676826004]], "chi2_level": 0.997, "chi2_df": 3, "chi2_threshold": 13.931422665512084, "N_raw": 123, "N_roi": 123, "N_inlier": 122, "refit": true}
{"timestamp": "14:30:38.774445", "frame": 64, "mu": [-1.356018021430756, 1.6497174718754486, 1.178474865057023], "Sigma": [[0.10304985463632803, 0.0634181642717625, -0.09832486127162815], [0.0634181642717625, 0.04372596681468256, -0.06447074507882844], [-0.09832486127162815, -0.06447074507882844, 0.11537901228427486]], "chi2_level": 0.997, "chi2_df": 3, "chi2_threshold": 13.931422665512084, "N_raw": 102, "N_roi": 101, "N_inlier": 98, "refit": true}
{"timestamp": "14:30:38.829249", "frame": 65, "mu": [-1.2659671565263872, 1.8524918060525912, 1.331553835684508], "Sigma": [[0.057402414156350424, 0.03292381220913049, -0.04450898597781268], [0.03292381220913049, 0.026626373108848165, -0.03528490001757179], [-0.04450898597781268, -0.03528490001757179, 0.06844632720667387]], "chi2_level": 0.997, "chi2_df": 3, "chi2_threshold": 13.931422665512084, "N_raw": 98, "N_roi": 98, "N_inlier": 95, "refit": true}
{"timestamp": "14:30:38.882128", "frame": 66, "mu": [-1.2539118436983452, 1.9594227738964507, 1.2826195689144384], "Sigma": [[0.0191107605597734, 0.0014096360361752452, 0.013155972016709913], [0.0014096360361752452, 0.006714682302164637, 0.0042046255016324596], [0.013155972016709913, 0.0042046255016324596, 0.09694215265811608]], "chi2_level": 0.997, "chi2_df": 3, "chi2_threshold": 13.931422665512084, "N_raw": 91, "N_roi": 91, "N_inlier": 82, "refit": true}
{"timestamp": "14:30:38.933740", "frame": 67, "mu": [-1.3155368025053475, 2.008587393949348, -0.017679660621312324], "Sigma": [[0.01204061084270284, -0.000523731657932629, -0.003802307065582773], [-0.0005237316579326293, 0.006845186813726264, -0.003267076549516314], [-0.003802307065582773, -0.003267076549516314, 0.016835016687540963]], "chi2_level": 0.997, "chi2_df": 3, "chi2_threshold": 13.931422665512084, "N_raw": 60, "N_roi": 60, "N_inlier": 55, "refit": true}
{"timestamp": "14:30:38.986498", "frame": 68, "mu": [-1.3381783394382671, 2.1156377921411993, -0.4356734335533102], "Sigma": [[0.015527954715306791, 0.002740282140724453, 0.002335666736055734], [0.002740282140724453, 0.004986559407378422, 0.003634725152790904], [0.0023356667360557334, 0.003634725152790905, 0.026788613859686547]], "chi2_level": 0.997, "chi2_df": 3, "chi2_threshold": 13.931422665512084, "N_raw": 58, "N_roi": 58, "N_inlier": 54, "refit": true}
{"timestamp": "14:30:39.037373", "frame": 69, "mu": [-1.6278852651765254, 2.0255055979405885, -0.1253608839112068], "Sigma": [[0.07648811001545933, 0.06340338236145798, 0.0056250537274884875], [0.06340338236145798, 0.0880215853551241, -0.03794992572662555], [0.0056250537274884875, -0.03794992572662555, 0.11357325240259937]], "chi2_level": 0.997, "chi2_df": 3, "chi2_threshold": 13.931422665512084, "N_raw": 25, "N_roi": 25, "N_inlier": 25, "refit": true}
{"timestamp": "14:30:39.090194", "frame": 70, "mu": [-1.3421139980841053, 2.1222385168124096, 1.3124181138369984], "Sigma": [[0.0014572184539267867, 8.152835403156703e-05, 0.005329184834132099], [8.152835403156726e-05, 0.00683938482876074, 0.019276351239760365], [0.005329184834132099, 0.019276351239760365, 0.13478802141839877]], "chi2_level": 0.997, "chi2_df": 3, "chi2_threshold": 13.931422665512084, "N_raw": 15, "N_roi": 15, "N_inlier": 14, "refit": true}
{"timestamp": "14:30:39.154045", "frame": 71, "mu": [-1.3777220209484267, 2.3335049770525726, 0.18469153280961992], "Sigma": [[0.013625853339568065, 0.004475077895528943, -0.012784682673007815], [0.004475077895528943, 0.011269318883003596, -0.004217169630108393], [-0.012784682673007815, -0.004217169630108393, 0.014252975204911304]], "chi2_level": 0.997, "chi2_df": 3, "chi2_threshold": 13.931422665512084, "N_raw": 70, "N_roi": 70, "N_inlier": 69, "refit": true}
{"timestamp": "14:30:39.210226", "frame": 72, "mu": [-1.3794948814800314, 2.3333908371452776, 1.33377277931535], "Sigma": [[0.013307197111129859, -5.597204601202172e-05, -0.005838760552823431], [-5.597204601202172e-05, 0.011943311697316229, 0.019366051850649393], [-0.005838760552823432, 0.019366051850649393, 0.11070658183437426]], "chi2_level": 0.997, "chi2_df": 3, "chi2_threshold": 13.931422665512084, "N_raw": 77, "N_roi": 77, "N_inlier": 75, "refit": true}
{"timestamp": "14:30:39.263404", "frame": 73, "mu": [-1.4334546489046214, 2.482870135201575, -0.017322714061595013], "Sigma": [[0.007644003276435683, 0.003453707350929567, -0.00979529321327644], [0.003453707350929566, 0.01648362219747375, -0.03132794252859746], [-0.009795293213276442, -0.03132794252859746, 0.19330578447508964]], "chi2_level": 0.997, "chi2_df": 3, "chi2_threshold": 13.931422665512084, "N_raw": 63, "N_roi": 63, "N_inlier": 62, "refit": true}
{"timestamp": "14:30:39.317833", "frame": 74, "mu": [-1.436815986627973, 2.494465925123774, 0.08077895512179602], "Sigma": [[0.012999676432359029, 0.0030211445497236875, -0.005272060112766272], [0.0030211445497236875, 0.011947381918357142, -0.016618397227341868], [-0.005272060112766272, -0.016618397227341868, 0.046502781695983764]], "chi2_level": 0.997, "chi2_df": 3, "chi2_threshold": 13.931422665512084, "N_raw": 61, "N_roi": 61, "N_inlier": 57, "refit": true}
{"timestamp": "14:30:39.370094", "frame": 75, "mu": [-1.5242143855951533, 2.4950884752180436, 1.2424576732866064], "Sigma": [[0.008225894811062848, 0.0026782582676063995, -0.018875512595147702], [0.0026782582676063995, 0.005062433449489795, -0.01750980735108114], [-0.018875512595147702, -0.01750980735108114, 0.22400993739864508]], "chi2_level": 0.997, "chi2_df": 3, "chi2_threshold": 13.931422665512084, "N_raw": 44, "N_roi": 44, "N_inlier": 43, "refit": true}
{"timestamp": "14:30:39.425167", "frame": 76, "mu": [-1.5343193047266985, 2.490632500902359, 0.5724340008153358], "Sigma": [[0.012460500301644363, 0.006116269039486205, 0.01236909498504589], [0.0061162690394862065, 0.005360465947606165, 0.010097487190324474], [0.012369094985045887, 0.010097487190324474, 0.19497075860121343]], "chi2_level": 0.997, "chi2_df": 3, "chi2_threshold": 13.931422665512084, "N_raw": 50, "N_roi": 50, "N_inlier": 49, "refit": true}
{"timestamp": "14:30:39.485243", "frame": 77, "mu": [-1.5131962450078136, 2.6789481908100847, 0.9687400127999909], "Sigma": [[0.015900317452940498, -0.0005120552022277601, 0.01654885125827403], [-0.0005120552022277598, 0.006788899959464194, -0.011042212625669037], [0.01654885125827403, -0.011042212625669037, 0.25257503449702073]], "chi2_level": 0.997, "chi2_df": 3, "chi2_threshold": 13.931422665512084, "N_raw": 77, "N_roi": 77, "N_inlier": 77, "refit": true}
{"timestamp": "14:30:39.530652", "frame": 78, "mu": [-1.4001445543559685, 2.77460299395686, 0.9560505974220129], "Sigma": [[0.035959759797339695, -0.025438852651875933, 0.07420322722888387], [-0.025438852651875937, 0.021012057259090278, -0.048561772927995975], [0.07420322722888387, -0.048561772927995975, 0.17948707329220995]], "chi2_level": 0.997, "chi2_df": 3, "chi2_threshold": 13.931422665512084, "N_raw": 11, "N_roi": 11, "N_inlier": 10, "refit": true}
{"timestamp": "14:30:39.594273", "frame": 79, "mu": [-1.436703750638734, 2.735147034703335, 1.2401151982558092], "Sigma": [[0.04044057176422583, -0.0003715233351847616, -0.011235977599799659], [-0.0003715233351847617, 0.004018353172031675, -0.0025108555441500074], [-0.011235977599799659, -0.0025108555441500074, 0.020502991715128278]], "chi2_level": 0.997, "chi2_df": 3, "chi2_threshold": 13.931422665512084, "N_raw": 82, "N_roi": 82, "N_inlier": 80, "refit": true}
{"timestamp": "14:30:39.651976", "frame": 80, "mu": [-1.3761814861780717, 2.798547265791518, 1.184894626150702], "Sigma": [[0.045495717961942475, -0.010218237301316163, -0.020726257265914823], [-0.010218237301316165, 0.008705403390862522, 0.014469166256418621], [-0.020726257265914823, 0.014469166256418621, 0.0961007690999392]], "chi2_level": 0.997, "chi2_df": 3, "chi2_threshold": 13.931422665512084, "N_raw": 86, "N_roi": 86, "N_inlier": 85, "refit": true}
{"timestamp": "14:30:39.703827", "frame": 81, "mu": [-1.4939565544244775, 2.8950992212691626, 1.1587069909177108], "Sigma": [[0.021835867330268714, 0.006446637514418174, 0.01492028546396746], [0.006446637514418174, 0.007566494102015789, 0.020387412808539236], [0.014920285463967462, 0.020387412808539236, 0.13087023632319897]], "chi2_level": 0.997, "chi2_df": 3, "chi2_threshold": 13.931422665512084, "N_raw": 68, "N_roi": 67, "N_inlier": 66, "refit": true}
{"timestamp": "14:30:39.760992", "frame": 82, "mu": [-1.4878107934789826, 2.9305510126401324, 1.0588413685561475], "Sigma": [[0.048190082014377494, 0.008129574798397095, 0.04157490026218924], [0.008129574798397095, 0.006801044868014803, 0.01592196444962354], [0.041574900262189234, 0.015921964449623544, 0.10611698961164173]], "chi2_level": 0.997, "chi2_df": 3, "chi2_threshold": 13.931422665512084, "N_raw": 83, "N_roi": 83, "N_inlier": 82, "refit": true}
{"timestamp": "14:30:39.807166", "frame": 83, "mu": [-1.2164187640177924, 2.9482283062315324, 1.2503369163872182], "Sigma": [[0.010786551619401138, -0.003367344370749942, -0.011653128226048269], [-0.003367344370749942, 0.0043634223920512236, 0.004552283131382012], [-0.011653128226048266, 0.004552283131382012, 0.015069017673887504]], "chi2_level": 0.997, "chi2_df": 3, "chi2_threshold": 13.931422665512084, "N_raw": 22, "N_roi": 21, "N_inlier": 20, "refit": true}
{"timestamp": "14:30:39.863806", "frame": 84, "mu": [-1.2583319713423775, 3.093936147428278, 1.455259033647463], "Sigma": [[0.016086245434202832, 0.00016254861518611818, -0.008910102732628393], [0.00016254861518611775, 0.005793941104653738, 0.0007780695536503887], [-0.008910102732628395, 0.0007780695536503891, 0.031104899211956034]], "chi2_level": 0.997, "chi2_df": 3, "chi2_threshold": 13.931422665512084, "N_raw": 47, "N_roi": 47, "N_inlier": 45, "refit": true}
{"timestamp": "14:30:39.916734", "frame": 85, "mu": [-1.2238385693493445, 3.110074779667745, 1.2054382139406452], "Sigma": [[0.012793284611911001, -0.0037810655566907015, 0.017301266970667657], [-0.0037810655566907015, 0.0053518708049489225, -0.016272052955691806], [0.017301266970667663, -0.01627205295569181, 0.0768177083361523]], "chi2_level": 0.997, "chi2_df": 3, "chi2_threshold": 13.931422665512084, "N_raw": 24, "N_roi": 24, "N_inlier": 23, "refit": true}
{"timestamp": "14:30:39.973116", "frame": 86, "mu": [-1.534931164636954, 3.512143373481061, -0.47981425794271254], "Sigma": [[0.03136246411124165, -0.013250668770016622, 0.03726448331418232], [-0.01325066877001662, 0.02000607142381284, -0.04205372786432509], [0.03726448331418232, -0.04205372786432509, 0.10651981125042702]], "chi2_level": 0.997, "chi2_df": 3, "chi2_threshold": 13.931422665512084, "N_raw": 27, "N_roi": 27, "N_inlier": 27, "refit": true}
{"timestamp": "14:30:40.030692", "frame": 87, "mu": [-1.208142770416796, 3.2837218575752427, 0.026172719850952285], "Sigma": [[0.014832081099762478, 0.0053057761243439075, 0.007905922343900936], [0.0053057761243439075, 0.008292209640474238, 0.009026183838300807], [0.007905922343900936, 0.009026183838300807, 0.05514524444159631]], "chi2_level": 0.997, "chi2_df": 3, "chi2_threshold": 13.931422665512084, "N_raw": 49, "N_roi": 49, "N_inlier": 47, "refit": true}
{"timestamp": "14:30:40.080848", "frame": 88, "mu": [-1.147163077913905, 3.3712128902492844, 0.19061549602885924], "Sigma": [[0.004033757785998349, 4.82292887161088e-05, 0.0020747673971704132], [4.822928871610875e-05, 0.0033167772718174504, 0.0019002734801230633], [0.002074767397170413, 0.0019002734801230633, 0.0073529322510143815]], "chi2_level": 0.997, "chi2_df": 3, "chi2_threshold": 13.931422665512084, "N_raw": 19, "N_roi": 16, "N_inlier": 15, "refit": true}
{"timestamp": "14:30:40.138048", "frame": 89, "mu": [-1.1749450304314455, 3.392052807520002, 0.05275886519081536], "Sigma": [[0.012957621157235085, 0.0017569602161752616, -0.0020221592871615514], [0.001756960216175262, 0.0038774990571171894, -0.0028947681032951604], [-0.0020221592871615514, -0.0028947681032951604, 0.003670868087637536]], "chi2_level": 0.997, "chi2_df": 3, "chi2_threshold": 13.931422665512084, "N_raw": 35, "N_roi": 35, "N_inlier": 33, "refit": true}
{"timestamp": "14:30:40.249194", "frame": 91, "mu": [-1.0008982554475383, 3.525389679722118, -0.019496156390828603], "Sigma": [[0.012522660433244548, 0.008957832758203655, -0.011489403786687153], [0.008957832758203655, 0.03353273459663, -0.05768311207988801], [-0.011489403786687153, -0.05768311207988801, 0.11143656323298075]], "chi2_level": 0.997, "chi2_df": 3, "chi2_threshold": 13.931422665512084, "N_raw": 40, "N_roi": 40, "N_inlier": 38, "refit": true}
{"timestamp": "14:30:40.300082", "frame": 92, "mu": [-1.0568223630224427, 3.6378834040697154, -0.4022421436739208], "Sigma": [[0.013068810746758048, 9.343695462184307e-05, 0.030377528547634126], [9.343695462184134e-05, 0.0379551466056199, -0.11004546159017357], [0.030377528547634123, -0.11004546159017359, 0.4637479464604168]], "chi2_level": 0.997, "chi2_df": 3, "chi2_threshold": 13.931422665512084, "N_raw": 14, "N_roi": 10, "N_inlier": 10, "refit": true}
{"timestamp": "14:30:40.358456", "frame": 93, "mu": [-0.9125128181510521, 3.4507153005221003, 1.1610007990932574], "Sigma": [[0.010366868413728117, 0.0004868677094991727, -0.004114438403067571], [0.0004868677094991728, 0.001692908644748682, -0.0031655654836069283], [-0.004114438403067571, -0.0031655654836069283, 0.009862102749505754]], "chi2_level": 0.997, "chi2_df": 3, "chi2_threshold": 13.931422665512084, "N_raw": 38, "N_roi": 35, "N_inlier": 32, "refit": true}
