{"timestamp": "13:57:48.678533", "frame": 44, "mu": [1.4657685231613249, 0.8242546214448756, 1.3069465859539313], "Sigma": [[0.001419511925292635, -0.00037232337183747485, -0.00029764786720669144], [-0.00037232337183747474, 0.009631035273670053, -0.0013439829542724246], [-0.00029764786720669144, -0.0013439829542724246, 0.0004429972220414048]], "chi2_level": 0.997, "chi2_df": 3, "chi2_threshold": 13.931422665512084, "N_raw": 10, "N_roi": 10, "N_inlier": 10, "refit": true}
{"timestamp": "13:57:48.843613", "frame": 47, "mu": [1.2503282002141207, 0.9738881026467364, 0.9119173643870048], "Sigma": [[0.10027315385659584, 0.0665669747844008, -0.09491362641373326], [0.0665669747844008, 0.05845859131272079, -0.10998434895811393], [-0.09491362641373324, -0.10998434895811392, 0.3576757203082381]], "chi2_level": 0.997, "chi2_df": 3, "chi2_threshold": 13.931422665512084, "N_raw": 10, "N_roi": 10, "N_inlier": 10, "refit": true}
{"timestamp": "13:57:48.901225", "frame": 48, "mu": [1.2986369952747085, 1.1039687579645108, 1.428566392560657], "Sigma": [[0.004699401590309855, -0.0030746935812532693, 6.658565902346088e-06], [-0.0030746935812532693, 0.0071537709938076, 0.003943280162440942], [6.658565902346088e-06, 0.003943280162440942, 0.0079202909201125]], "chi2_level": 0.997, "chi2_df": 3, "chi2_threshold": 13.931422665512084, "N_raw": 27, "N_roi": 27, "N_inlier": 25, "refit": true}
{"timestamp": "13:57:48.956194", "frame": 49, "mu": [1.2057272202919658, 1.1238905260737782, 1.1681148877368448], "Sigma": [[0.003228377864233827, -0.002497134195506868, 0.010832522953468548], [-0.002497134195506868, 0.00861664066140048, -0.018963671891802453], [0.010832522953468548, -0.018963671891802453, 0.1441871881949728]], "chi2_level": 0.997, "chi2_df": 3, "chi2_threshold": 13.931422665512084, "N_raw": 25, "N_roi": 25, "N_inlier": 24, "refit": true}
{"timestamp": "13:57:49.010991", "frame": 50, "mu": [1.1810473091073284, 1.1933880809130877, 1.17376347733252], "Sigma": [[0.006643144700642566, -0.00693211592427783, 0.022812329033928228], [-0.00693211592427783, 0.012043470258298368, -0.037065220665018855], [0.02281232903392823, -0.037065220665018855, 0.1694548515354804]], "chi2_level": 0.997, "chi2_df": 3, "chi2_threshold": 13.931422665512084, "N_raw": 26, "N_roi": 26, "N_inlier": 25, "refit": true}
{"timestamp": "13:57:49.068286", "frame": 51, "mu": [1.1676720846387134, 1.2990956806812246, -0.5007625853725504], "Sigma": [[0.004729501848368678, 0.00018902961247585598, -0.002894353166896934], [0.00018902961247585596, 0.006735977736571234, -0.0022705058165429374], [-0.0028943531668969343, -0.0022705058165429374, 0.003200557121134086]], "chi2_level": 0.997, "chi2_df": 3, "chi2_threshold": 13.931422665512084, "N_raw": 50, "N_roi": 50, "N_inlier": 47, "refit": true}
{"timestamp": "13:57:49.120305", "frame": 52, "mu": [1.0593667149293244, 1.1629965555985604, 1.2626803628286771], "Sigma": [[0.0015245337150585603, -0.0011874769777296503, -0.0008139448866727698], [-0.0011874769777296505, 0.0040198259229042655, 0.00014171771116807384], [-0.0008139448866727698, 0.00014171771116807384, 0.0007515636384840043]], "chi2_level": 0.997, "chi2_df": 3, "chi2_threshold": 13.931422665512084, "N_raw": 22, "N_roi": 20, "N_inlier": 18, "refit": true}
{"timestamp": "13:57:49.234174", "frame": 54, "mu": [1.031319819715301, 1.2208430372975883, 1.2471706035883312], "Sigma": [[0.004317575292076221, -0.001509732549475568, -0.0012554055131180132], [-0.001509732549475568, 0.004925239737782311, 5.2547338512546224e-05], [-0.0012554055131180132, 5.254733851254623e-05, 0.0006551989443946575]], "chi2_level": 0.997, "chi2_df": 3, "chi2_threshold": 13.931422665512084, "N_raw": 36, "N_roi": 36, "N_inlier": 35, "refit": true}
{"timestamp": "13:57:49.289893", "frame": 55, "mu": [0.9793561869251318, 1.2483826601228984, 1.20353800584568], "Sigma": [[0.005459652051747689, -0.0018729367446603618, -0.002910752592731003], [-0.001872936744660362, 0.003154839579027457, -0.0006130982820718954], [-0.002910752592731003, -0.0006130982820718954, 0.003293590568705317]], "chi2_level": 0.997, "chi2_df": 3, "chi2_threshold": 13.931422665512084, "N_raw": 43, "N_roi": 43, "N_inlier": 41, "refit": true}
{"timestamp": "13:57:49.346236", "frame": 56, "mu": [0.9629957873120039, 1.3364768280743404, 1.3041705128855914], "Sigma": [[0.006514573646644558, 0.0009623342080737919, 0.002598755953009333], [0.0009623342080737917, 0.014423237342621477, 0.012907085531648942], [0.002598755953009333, 0.012907085531648946, 0.015051327697059509]], "chi2_level": 0.997, "chi2_df": 3, "chi2_threshold": 13.931422665512084, "N_raw": 51, "N_roi": 51, "N_inlier": 50, "refit": true}
{"timestamp": "13:57:49.401454", "frame": 57, "mu": [0.9345886998226312, 1.3950163262097273, 1.2034743947310802], "Sigma": [[0.004806506915255017, -3.160909079503299e-05, 0.00015158013069949524], [-3.160909079503299e-05, 0.005257119386989313, -0.0013021487997756011], [0.00015158013069949526, -0.0013021487997756014, 0.0034335970164641803]], "chi2_level": 0.997, "chi2_df": 3, "chi2_threshold": 13.931422665512084, "N_raw": 48, "N_roi": 48, "N_inlier": 48, "refit": true}
{"timestamp": "13:57:49.514521", "frame": 59, "mu": [0.8915955827739801, 1.546378192925519, 0.9173078222373643], "Sigma": [[0.0075683270894331195, -0.00036559906436468836, -0.035139497449088744], [-0.00036559906436468826, 0.009688285511137746, -0.002899798225651516], [-0.035139497449088744, -0.0028997982256515147, 0.5011066688981425]], "chi2_level": 0.997, "chi2_df": 3, "chi2_threshold": 13.931422665512084, "N_raw": 72, "N_roi": 72, "N_inlier": 72, "refit": true}
{"timestamp": "13:57:49.569359", "frame": 60, "mu": [0.8750442907861997, 1.7663561767054932, -0.7720314247755156], "Sigma": [[0.00754658027996316, -0.001774591677217139, -0.017488660721707575], [-0.001774591677217139, 0.006944464000885547, -0.01072695914669183], [-0.017488660721707575, -0.01072695914669183, 0.21218464629466707]], "chi2_level": 0.997, "chi2_df": 3, "chi2_threshold": 13.931422665512084, "N_raw": 64, "N_roi": 64, "N_inlier": 62, "refit": true}
{"timestamp": "13:57:49.621401", "frame": 61, "mu": [0.8033966515750994, 1.5500564771349903, 1.0587100163519585], "Sigma": [[0.00489150384427283, -0.0006852803256541704, -0.007912536407522933], [-0.0006852803256541699, 0.0036402595654663936, -0.004080649082578722], [-0.007912536407522933, -0.004080649082578722, 0.13742632872133712]], "chi2_level": 0.997, "chi2_df": 3, "chi2_threshold": 13.931422665512084, "N_raw": 50, "N_roi": 50, "N_inlier": 48, "refit": true}
{"timestamp": "13:57:49.681582", "frame": 62, "mu": [0.7623503922604614, 1.6529163030945127, 1.186367001291627], "Sigma": [[0.0067077012184147975, -0.000584824366809173, -0.0018572756882291037], [-0.000584824366809173, 0.005979032658492439, -0.004903514956311394], [-0.0018572756882291037, -0.004903514956311393, 0.011924412882800729]], "chi2_level": 0.997, "chi2_df": 3, "chi2_threshold": 13.931422665512084, "N_raw": 82, "N_roi": 82, "N_inlier": 77, "refit": true}
{"timestamp": "13:57:49.733925", "frame": 63, "mu": [0.7593158221761254, 1.6322354801465921, 1.092883546857495], "Sigma": [[0.005509490020809885, -0.0007127367386336118, -0.00613618252272124], [-0.0007127367386336118, 0.005280452489826968, 0.009147313613534155], [-0.006136182522721239, 0.009147313613534155, 0.11456254070567742]], "chi2_level": 0.997, "chi2_df": 3, "chi2_threshold": 13.931422665512084, "N_raw": 63, "N_roi": 63, "N_inlier": 60, "refit": true}
{"timestamp": "13:57:49.790901", "frame": 64, "mu": [0.7006285587504433, 1.6847735014433844, 0.985712780638652], "Sigma": [[0.007632520629683853, 0.0007793808711976699, -0.01979114995927013], [0.0007793808711976695, 0.006435534961988264, 0.012212140956403281], [-0.019791149959270133, 0.01221214095640328, 0.35090217446742583]], "chi2_level": 0.997, "chi2_df": 3, "chi2_threshold": 13.931422665512084, "N_raw": 75, "N_roi": 75, "N_inlier": 75, "refit": true}
{"timestamp": "13:57:49.845026", "frame": 65, "mu": [0.7011062394079816, 1.7762466550947158, 1.3090143623864436], "Sigma": [[0.0071263312812377, 0.0015029338715223416, -0.0011108929523417064], [0.0015029338715223416, 0.005261923890149533, 0.0002598001892469569], [-0.0011108929523417064, 0.0002598001892469569, 0.03340610029180813]], "chi2_level": 0.997, "chi2_df": 3, "chi2_threshold": 13.931422665512084, "N_raw": 67, "N_roi": 67, "N_inlier": 64, "refit": true}
{"timestamp": "13:57:49.897863", "frame": 66, "mu": [0.6425618093588524, 1.823343710719858, 0.9995611377373453], "Sigma": [[0.00744883623463556, 0.0010530535581259042, -0.013789754219814293], [0.0010530535581259042, 0.002223731951241066, 0.0011967786265643398], [-0.013789754219814295, 0.00119677862656434, 0.15442009375908491]], "chi2_level": 0.997, "chi2_df": 3, "chi2_threshold": 13.931422665512084, "N_raw": 55, "N_roi": 55, "N_inlier": 55, "refit": true}
{"timestamp": "13:57:49.958203", "frame": 67, "mu": [0.5898687797147395, 1.8357055511790121, 1.051765096349291], "Sigma": [[0.006545494832496407, -0.0011154180048218501, 0.0008109604945830482], [-0.0011154180048218501, 0.00394211421863366, -0.00785607832246472], [0.0008109604945830485, -0.00785607832246472, 0.057528658152613335]], "chi2_level": 0.997, "chi2_df": 3, "chi2_threshold": 13.931422665512084, "N_raw": 90, "N_roi": 90, "N_inlier": 87, "refit": true}
{"timestamp": "13:57:50.007166", "frame": 68, "mu": [0.509370652964325, 1.906828334210818, 0.9571181608889852], "Sigma": [[0.00451409836082551, -0.0022827788040810596, 0.00043406775622430914], [-0.0022827788040810596, 0.014388073189671093, -0.0391619669276757], [0.00043406775622430963, -0.0391619669276757, 0.15924475731447946]], "chi2_level": 0.997, "chi2_df": 3, "chi2_threshold": 13.931422665512084, "N_raw": 45, "N_roi": 41, "N_inlier": 40, "refit": true}
{"timestamp": "13:57:50.059270", "frame": 69, "mu": [0.5066524344327243, 1.9320688365247631, 1.0704478674918068], "Sigma": [[0.005027913204660583, -0.0024068951158500557, -0.009441754878432676], [-0.002406895115850056, 0.0031626674521050965, 0.00681656253954326], [-0.009441754878432674, 0.00681656253954326, 0.2880519309077507]], "chi2_level": 0.997, "chi2_df": 3, "chi2_threshold": 13.931422665512084, "N_raw": 31, "N_roi": 28, "N_inlier": 26, "refit": true}
{"timestamp": "13:57:50.113309", "frame": 70, "mu": [0.5285470156111067, 2.073989738831087, 1.3236645450787783], "Sigma": [[0.012838987223252505, -0.007075847080448149, 0.044919185292615585], [-0.007075847080448149, 0.007194571867010364, -0.03383189540192305], [0.044919185292615585, -0.03383189540192305, 0.2325210773000652]], "chi2_level": 0.997, "chi2_df": 3, "chi2_threshold": 13.931422665512084, "N_raw": 27, "N_roi": 27, "N_inlier": 26, "refit": true}
{"timestamp": "13:57:50.170283", "frame": 71, "mu": [0.5300634649320467, 2.100177142946605, 0.944082694531228], "Sigma": [[0.024695853394328466, -0.016133509125844187, -0.010287000225956425], [-0.016133509125844187, 0.01339765744428559, 0.00879368013745642], [-0.010287000225956423, 0.00879368013745642, 0.3004298634265835]], "chi2_level": 0.997, "chi2_df": 3, "chi2_threshold": 13.931422665512084, "N_raw": 39, "N_roi": 39, "N_inlier": 38, "refit": true}
{"timestamp": "13:57:50.228210", "frame": 72, "mu": [0.5295789981088438, 2.089801128165337, 0.8163643030892584], "Sigma": [[0.027937184299400054, -0.009957235671604597, -0.04156350165797315], [-0.009957235671604597, 0.005999899913092391, 0.01246639497989437], [-0.041563501657973144, 0.01246639497989437, 0.32532258948885995]], "chi2_level": 0.997, "chi2_df": 3, "chi2_threshold": 13.931422665512084, "N_raw": 61, "N_roi": 61, "N_inlier": 61, "refit": true}
{"timestamp": "13:57:50.284192", "frame": 73, "mu": [0.3909890864187556, 2.32093706513212, -0.39152232974287493], "Sigma": [[0.031030659209873794, 0.014005817880060004, -0.06100651214091297], [0.014005817880060003, 0.01472943176738121, -0.045868420273201954], [-0.06100651214091297, -0.045868420273201954, 0.21134546007006041]], "chi2_level": 0.997, "chi2_df": 3, "chi2_threshold": 13.931422665512084, "N_raw": 71, "N_roi": 71, "N_inlier": 69, "refit": true}
{"timestamp": "13:57:50.334196", "frame": 74, "mu": [0.5080144137193674, 2.1410676607915256, 0.4850220944671827], "Sigma": [[0.023859202773628838, -0.006925296960269658, -0.06374681613263608], [-0.006925296960269658, 0.003176068972100539, 0.017345134405286886], [-0.0637468161326361, 0.017345134405286886, 0.19147246585130015]], "chi2_level": 0.997, "chi2_df": 3, "chi2_threshold": 13.931422665512084, "N_raw": 34, "N_roi": 32, "N_inlier": 31, "refit": true}
{"timestamp": "13:57:50.391420", "frame": 75, "mu": [0.3871955818120827, 2.249228566927138, 0.7608942281310245], "Sigma": [[0.015854451292087082, 0.001281700308349178, -0.0432727498094872], [0.0012817003083491782, 0.0028300461690168623, -0.011068669197860738], [-0.0432727498094872, -0.011068669197860736, 0.2223809432386265]], "chi2_level": 0.997, "chi2_df": 3, "chi2_threshold": 13.931422665512084, "N_raw": 50, "N_roi": 50, "N_inlier": 49, "refit": true}
{"timestamp": "13:57:50.453184", "frame": 76, "mu": [0.25976596882589714, 2.3151905182030106, 0.9722782712639829], "Sigma": [[0.02908999954007735, 0.0038439362720094792, -0.0707257361211498], [0.0038439362720094792, 0.005789841202235979, -0.013772743133584498], [-0.07072573612114981, -0.013772743133584498, 0.3086560873707878]], "chi2_level": 0.997, "chi2_df": 3, "chi2_threshold": 13.931422665512084, "N_raw": 91, "N_roi": 87, "N_inlier": 86, "refit": true}
{"timestamp": "13:57:50.504437", "frame": 77, "mu": [0.13624545068248897, 2.328128976737641, 1.320658564564856], "Sigma": [[0.008503598809992572, 0.0008151888710687715, 0.0017036018901873545], [0.0008151888710687719, 0.006516825104521632, -0.004342063269305997], [0.0017036018901873547, -0.004342063269305997, 0.015721705522594005]], "chi2_level": 0.997, "chi2_df": 3, "chi2_threshold": 13.931422665512084, "N_raw": 72, "N_roi": 72, "N_inlier": 68, "refit": true}
{"timestamp": "13:57:50.562243", "frame": 78, "mu": [0.13548916575684103, 2.3986624289504643, 1.321948193279969], "Sigma": [[0.009581208806036898, 0.002531960045947708, 0.0017796347078075003], [0.002531960045947707, 0.005138020345210125, -0.005160180174035432], [0.0017796347078075003, -0.005160180174035432, 0.0233755451506149]], "chi2_level": 0.997, "chi2_df": 3, "chi2_threshold": 13.931422665512084, "N_raw": 81, "N_roi": 79, "N_inlier": 75, "refit": true}
{"timestamp": "13:57:50.612781", "frame": 79, "mu": [0.14011518800116643, 2.481199841047018, 1.3919147569627142], "Sigma": [[0.009438804181089727, 2.2022331186479947e-05, -0.00041841954892213925], [2.2022331186480272e-05, 0.0029578751026399872, -0.00014883792085766293], [-0.000418419548922141, -0.00014883792085766234, 0.10130175984679368]], "chi2_level": 0.997, "chi2_df": 3, "chi2_threshold": 13.931422665512084, "N_raw": 54, "N_roi": 54, "N_inlier": 51, "refit": true}
{"timestamp": "13:57:50.669719", "frame": 80, "mu": [0.0872018689451276, 2.515448987090551, 1.4319038892407863], "Sigma": [[0.010719892288302656, 0.00023353464914669568, -0.007427169095703847], [0.00023353464914669568, 0.0050988841154154495, -0.004663422373313605], [-0.007427169095703847, -0.004663422373313605, 0.013730189495493256]], "chi2_level": 0.997, "chi2_df": 3, "chi2_threshold": 13.931422665512084, "N_raw": 73, "N_roi": 73, "N_inlier": 68, "refit": true}
{"timestamp": "13:57:50.724328", "frame": 81, "mu": [0.021959878461127114, 2.5613064115069184, 1.1771621963081762], "Sigma": [[0.01034269558879324, -0.0007157133242362711, 0.02006507936269225], [-0.0007157133242362711, 0.005903811942170846, 0.009648636018952063], [0.020065079362692247, 0.009648636018952063, 0.5265322892440258]], "chi2_level": 0.997, "chi2_df": 3, "chi2_threshold": 13.931422665512084, "N_raw": 65, "N_roi": 65, "N_inlier": 65, "refit": true}
{"timestamp": "13:57:50.775336", "frame": 82, "mu": [0.008298746065952982, 2.540382331820682, 1.2552798099730544], "Sigma": [[0.014597390955676104, -0.0053582101988727485, -0.04540208886339159], [-0.0053582101988727485, 0.00481113764316084, 0.023594190181849974], [-0.04540208886339159, 0.023594190181849974, 0.23245509325851862]], "chi2_level": 0.997, "chi2_df": 3, "chi2_threshold": 13.931422665512084, "N_raw": 43, "N_roi": 43, "N_inlier": 40, "refit": true}
{"timestamp": "13:57:50.840627", "frame": 83, "mu": [-0.10185104221898121, 2.586224617011233, 0.92037732205072], "Sigma": [[0.01236190284117501, 0.0013404606766623853, -0.004190896254752526], [0.0013404606766623851, 0.015900999633611565, 0.007096095124289858], [-0.004190896254752528, 0.007096095124289856, 0.4196599052159268]], "chi2_level": 0.997, "chi2_df": 3, "chi2_threshold": 13.931422665512084, "N_raw": 113, "N_roi": 113, "N_inlier": 110, "refit": true}
{"timestamp": "13:57:50.892859", "frame": 84, "mu": [-0.1378399289018938, 2.6436550129430576, 0.7940621649124252], "Sigma": [[0.013313185649651203, 0.0010117984987525804, 0.03685117874146082], [0.0010117984987525806, 0.0027781362505046726, 0.007878673188849728], [0.03685117874146082, 0.007878673188849728, 0.42811444227867734]], "chi2_level": 0.997, "chi2_df": 3, "chi2_threshold": 13.931422665512084, "N_raw": 81, "N_roi": 81, "N_inlier": 81, "refit": true}
{"timestamp": "13:57:50.952068", "frame": 85, "mu": [-0.155156250056724, 2.7133430268593672, 0.6554869589145822], "Sigma": [[0.01642954829207758, -0.0026235804870941744, 0.013407234506305207], [-0.0026235804870941744, 0.0036281503850770598, 0.0046218796965164476], [0.013407234506305207, 0.004621879696516446, 0.38126109565476257]], "chi2_level": 0.997, "chi2_df": 3, "chi2_threshold": 13.931422665512084, "N_raw": 116, "N_roi": 116, "N_inlier": 116, "refit": true}
{"timestamp": "13:57:51.004286", "frame": 86, "mu": [-0.14759877402355012, 2.810177529553321, 1.2238962166546359], "Sigma": [[0.011737278534212066, 0.000932322383480633, 0.00661702243900779], [0.0009323223834806331, 0.003035924193607593, -0.0004919355094823408], [0.006617022439007791, -0.0004919355094823403, 0.2054455700517879]], "chi2_level": 0.997, "chi2_df": 3, "chi2_threshold": 13.931422665512084, "N_raw": 97, "N_roi": 97, "N_inlier": 96, "refit": true}
{"timestamp": "13:57:51.056290", "frame": 87, "mu": [-0.2700778542484129, 2.80807966109547, 1.0859595093409327], "Sigma": [[0.014693672878252096, 0.005788610399632112, 0.04284329587640151], [0.005788610399632112, 0.008166068719881495, 0.0361938400133198], [0.0428432958764015, 0.0361938400133198, 0.5944151801992791]], "chi2_level": 0.997, "chi2_df": 3, "chi2_threshold": 13.931422665512084, "N_raw": 77, "N_roi": 77, "N_inlier": 77, "refit": true}
{"timestamp": "13:57:51.112465", "frame": 88, "mu": [-0.30893916859996456, 2.8668492945671287, 1.2003593244838169], "Sigma": [[0.016203652967363466, 0.0003117321362639648, 0.027545278249365215], [0.0003117321362639648, 0.008110247127362432, -0.015776789225400135], [0.027545278249365212, -0.015776789225400132, 0.18580040989705682]], "chi2_level": 0.997, "chi2_df": 3, "chi2_threshold": 13.931422665512084, "N_raw": 89, "N_roi": 89, "N_inlier": 88, "refit": true}
{"timestamp": "13:57:51.163747", "frame": 89, "mu": [-0.3109785235460257, 2.9189027692830516, 1.3418529827763384], "Sigma": [[0.017782984845279518, 0.001149250665970526, -0.007367365082481912], [0.001149250665970526, 0.005524085530029982, -0.009218260620088044], [-0.007367365082481913, -0.009218260620088042, 0.2999986295938502]], "chi2_level": 0.997, "chi2_df": 3, "chi2_threshold": 13.931422665512084, "N_raw": 58, "N_roi": 58, "N_inlier": 57, "refit": true}
{"timestamp": "13:57:51.221955", "frame": 90, "mu": [-0.23333910293076565, 2.944766324597016, 0.7405370551913028], "Sigma": [[0.02552360602367149, -0.002815976416182262, -0.009791643662659655], [-0.0028159764161822614, 0.00420887736748789, -0.009321411112766239], [-0.009791643662659655, -0.009321411112766239, 0.10438685510606874]], "chi2_level": 0.997, "chi2_df": 3, "chi2_threshold": 13.931422665512084, "N_raw": 83, "N_roi": 83, "N_inlier": 83, "refit": true}
{"timestamp": "13:57:51.278944", "frame": 91, "mu": [-0.25055296893156753, 2.9571905401159624, 0.9598416978466932], "Sigma": [[0.03252885448471207, 0.0019230395384884998, -0.05705339496952162], [0.0019230395384884995, 0.0024716159391734212, -0.007968102414786873], [-0.05705339496952162, -0.007968102414786873, 0.1571330348900227]], "chi2_level": 0.997, "chi2_df": 3, "chi2_threshold": 13.931422665512084, "N_raw": 101, "N_roi": 99, "N_inlier": 99, "refit": true}
{"timestamp": "13:57:51.327129", "frame": 92, "mu": [-0.30096103448977446, 3.0429698980528332, 0.8507606906350792], "Sigma": [[0.02991093014500528, 0.0008012896911780853, -0.042596545162865], [0.0008012896911780854, 0.002567996698334335, 0.0011915260081519039], [-0.042596545162865, 0.0011915260081519037, 0.12891006291152288]], "chi2_level": 0.997, "chi2_df": 3, "chi2_threshold": 13.931422665512084, "N_raw": 48, "N_roi": 48, "N_inlier": 45, "refit": true}
{"timestamp": "13:57:51.388280", "frame": 93, "mu": [-0.4472761960471013, 3.0432802351141826, 1.1361393042406247], "Sigma": [[0.02955855651675899, 0.005206321879845238, -0.037070109992825756], [0.005206321879845238, 0.004934714572353977, -0.011624198479102652], [-0.037070109992825756, -0.011624198479102652, 0.0720849981284008]], "chi2_level": 0.997, "chi2_df": 3, "chi2_threshold": 13.931422665512084, "N_raw": 94, "N_roi": 92, "N_inlier": 87, "refit": true}
{"timestamp": "13:57:51.440933", "frame": 94, "mu": [-0.4439237266512364, 3.0780448037431367, 0.9335977392394491], "Sigma": [[0.037436154894496476, -0.0021312861807997415, -0.06317220981740013], [-0.0021312861807997415, 0.002309288290718758, 0.0028197057285614746], [-0.06317220981740013, 0.0028197057285614738, 0.14857104059514492]], "chi2_level": 0.997, "chi2_df": 3, "chi2_threshold": 13.931422665512084, "N_raw": 75, "N_roi": 74, "N_inlier": 73, "refit": true}
{"timestamp": "13:57:51.494431", "frame": 95, "mu": [-0.5070481587567082, 3.1744998022627606, 1.0829055161836356], "Sigma": [[0.020502674852980407, 0.005765762885453671, -0.01433488820761835], [0.005765762885453671, 0.005028125405081096, -0.007406550263137176], [-0.01433488820761835, -0.007406550263137176, 0.05322962120039457]], "chi2_level": 0.997, "chi2_df": 3, "chi2_threshold": 13.931422665512084, "N_raw": 63, "N_roi": 63, "N_inlier": 61, "refit": true}
{"timestamp": "13:57:51.547287", "frame": 96, "mu": [-0.6787847895722748, 3.1457083369589762, 1.127384993938016], "Sigma": [[0.01141767960791035, 0.0017410859507887972, -0.014373848445745699], [0.0017410859507887974, 0.0033527408198040917, -0.011873122033007447], [-0.014373848445745699, -0.011873122033007447, 0.05632733307215537]], "chi2_level": 0.997, "chi2_df": 3, "chi2_threshold": 13.931422665512084, "N_raw": 48, "N_roi": 48, "N_inlier": 46, "refit": true}
{"timestamp": "13:57:51.602156", "frame": 97, "mu": [-0.6266119884478702, 3.231871554164787, 1.3247215800160366], "Sigma": [[0.013918330881122964, 0.0014529089740557815, -0.015186772280602825], [0.0014529089740557815, 0.003012471956861762, -0.008835150024212157], [-0.015186772280602823, -0.008835150024212157, 0.04919037273533379]], "chi2_level": 0.997, "chi2_df": 3, "chi2_threshold": 13.931422665512084, "N_raw": 46, "N_roi": 43, "N_inlier": 40, "refit": true}
{"timestamp": "13:57:51.655912", "frame": 98, "mu": [-0.6051453137181602, 3.388659797737378, 0.5807733618704111], "Sigma": [[0.011226849412702444, 0.00040089103082289253, -0.002645005590060672], [0.00040089103082289253, 0.003943054904108191, -0.01377990037769378], [-0.0026450055900606715, -0.013779900377693778, 0.08017097455554195]], "chi2_level": 0.997, "chi2_df": 3, "chi2_threshold": 13.931422665512084, "N_raw": 43, "N_roi": 40, "N_inlier": 39, "refit": true}
{"timestamp": "13:57:51.709604", "frame": 99, "mu": [-0.7444546627180767, 3.2757147521394607, 0.9366128156014819], "Sigma": [[0.007839067988417185, 0.0002706809792390872, -0.0005483999092650007], [0.0002706809792390872, 0.0041058512690164955, -0.016916603882793195], [-0.000548399909265002, -0.016916603882793195, 0.2011523278895212]], "chi2_level": 0.997, "chi2_df": 3, "chi2_threshold": 13.931422665512084, "N_raw": 35, "N_roi": 35, "N_inlier": 33, "refit": true}
{"timestamp": "13:57:51.833517", "frame": 100, "mu": [-0.7707774859867844, 3.2830813272495485, 1.1077133175475582], "Sigma": [[0.015236619386797287, -0.00033557884285576067, -0.010444072645322733], [-0.00033557884285576067, 0.0037586474218535655, -0.006442155534385939], [-0.010444072645322733, -0.006442155534385941, 0.038135308360793777]], "chi2_level": 0.997, "chi2_df": 3, "chi2_threshold": 13.931422665512084, "N_raw": 46, "N_roi": 46, "N_inlier": 43, "refit": true}
{"timestamp": "13:57:51.861634", "frame": 101, "mu": [-0.6981433047963587, 3.5460633041953074, -0.22609902192560508], "Sigma": [[0.009992998087686692, 0.004600467986122927, -0.01667384631560318], [0.0046004679861229286, 0.008177106502236136, -0.025868772358872645], [-0.01667384631560318, -0.025868772358872645, 0.14363313693966787]], "chi2_level": 0.997, "chi2_df": 3, "chi2_threshold": 13.931422665512084, "N_raw": 40, "N_roi": 40, "N_inlier": 39, "refit": true}
{"timestamp": "13:57:51.893900", "frame": 102, "mu": [-0.742340373144963, 3.5448337837040347, 1.3164993509905152], "Sigma": [[0.00921338756526993, 0.0031577865491411007, -0.005841045663153439], [0.003157786549141101, 0.006179754525499917, -0.0032573014289878294], [-0.005841045663153438, -0.003257301428987829, 0.008917420472469325]], "chi2_level": 0.997, "chi2_df": 3, "chi2_threshold": 13.931422665512084, "N_raw": 38, "N_roi": 38, "N_inlier": 36, "refit": true}
{"timestamp": "13:57:51.930112", "frame": 103, "mu": [-0.8551341344341421, 3.521132258109094, 1.443544636655894], "Sigma": [[0.014844854471073634, 0.00508276454076422, -0.013790706996503853], [0.00508276454076422, 0.006060381287341422, -0.00448059289294135], [-0.013790706996503853, -0.00448059289294135, 0.015378518188353634]], "chi2_level": 0.997, "chi2_df": 3, "chi2_threshold": 13.931422665512084, "N_raw": 41, "N_roi": 41, "N_inlier": 40, "refit": true}
{"timestamp": "13:57:51.983626", "frame": 104, "mu": [-0.8974698513236643, 3.548662755294577, 1.5010633077565028], "Sigma": [[0.013487998204459095, 0.0018597500625200198, -0.009000789855033112], [0.0018597500625200196, 0.0031084382686110113, -0.004703743622800744], [-0.009000789855033112, -0.004703743622800744, 0.014262573754876745]], "chi2_level": 0.997, "chi2_df": 3, "chi2_threshold": 13.931422665512084, "N_raw": 37, "N_roi": 37, "N_inlier": 37, "refit": true}
{"timestamp": "13:57:52.042153", "frame": 105, "mu": [-0.9330896667161638, 3.5762605636259277, 1.2244981198276501], "Sigma": [[0.014066842016216448, 0.0026065333589921067, -0.018919547942840398], [0.0026065333589921063, 0.0037268258317736244, -0.010875223685861218], [-0.018919547942840398, -0.010875223685861218, 0.0716079657111208]], "chi2_level": 0.997, "chi2_df": 3, "chi2_threshold": 13.931422665512084, "N_raw": 59, "N_roi": 56, "N_inlier": 56, "refit": true}
{"timestamp": "13:57:52.097849", "frame": 106, "mu": [-0.932717749078556, 3.6534821310637193, 1.2638249965845105], "Sigma": [[0.013857188111195932, 0.0014820016429255534, -0.005285655810788437], [0.0014820016429255534, 0.0054884126670744745, -0.008751674659466094], [-0.005285655810788437, -0.008751674659466094, 0.04784721585891841]], "chi2_level": 0.997, "chi2_df": 3, "chi2_threshold": 13.931422665512084, "N_raw": 57, "N_roi": 57, "N_inlier": 55, "refit": true}
{"timestamp": "13:57:52.152526", "frame": 107, "mu": [-0.980958243560224, 3.6815339960646143, 0.9456485520402191], "Sigma": [[0.014385860259752145, 0.004243574075870521, -0.02561894194867948], [0.004243574075870521, 0.009010474023255022, -0.04320218297826392], [-0.02561894194867948, -0.04320218297826392, 0.2552803363360349]], "chi2_level": 0.997, "chi2_df": 3, "chi2_threshold": 13.931422665512084, "N_raw": 56, "N_roi": 56, "N_inlier": 56, "refit": true}
{"timestamp": "13:57:52.203493", "frame": 108, "mu": [-0.9947514751079143, 3.7060343881424958, 0.8290537669181577], "Sigma": [[0.00834781526394488, 0.003410468985333432, -0.014078188690932934], [0.003410468985333432, 0.00686118147061972, -0.028335211927540148], [-0.014078188690932934, -0.028335211927540148, 0.13440067066726635]], "chi2_level": 0.997, "chi2_df": 3, "chi2_threshold": 13.931422665512084, "N_raw": 31, "N_roi": 31, "N_inlier": 30, "refit": true}
{"timestamp": "13:57:52.255271", "frame": 109, "mu": [-1.1719073287189663, 3.89814524421139, -0.13840975228880864], "Sigma": [[0.005597854240629417, -0.011276902934825628, 0.022228270869047363], [-0.011276902934825628, 0.029244113346787677, -0.05966966035022958], [0.022228270869047363, -0.05966966035022958, 0.13546263549799129]], "chi2_level": 0.997, "chi2_df": 3, "chi2_threshold": 13.931422665512084, "N_raw": 10, "N_roi": 10, "N_inlier": 10, "refit": true}
{"timestamp": "13:57:52.310990", "frame": 110, "mu": [-1.1587502590347127, 3.8269082976356303, 0.9300254162315029], "Sigma": [[0.009028788541135051, -0.004511215461400245, 0.023377087830496142], [-0.004511215461400245, 0.006074036101350088, -0.023372823841579224], [0.023377087830496142, -0.023372823841579224, 0.1287410704210866]], "chi2_level": 0.997, "chi2_df": 3, "chi2_threshold": 13.931422665512084, "N_raw": 19, "N_roi": 19, "N_inlier": 19, "refit": true}
{"timestamp": "13:57:52.371496", "frame": 111, "mu": [-1.1360854953729813, 3.7866715655479166, 1.1482806267069798], "Sigma": [[0.016598525077127203, 0.0008218120100676535, -0.01736215038313925], [0.0008218120100676536, 0.005007937221545981, -0.01977642274527018], [-0.01736215038313925, -0.01977642274527018, 0.15200142622688137]], "chi2_level": 0.997, "chi2_df": 3, "chi2_threshold": 13.931422665512084, "N_raw": 49, "N_roi": 49, "N_inlier": 48, "refit": true}
{"timestamp": "13:57:52.423049", "frame": 112, "mu": [-1.1465800831228927, 3.8667559707330774, 1.317390418084238], "Sigma": [[0.01206869319703977, 0.002140363148409011, -0.009907190386696452], [0.002140363148409011, 0.0012979973816569458, -0.0034588104632636966], [-0.00990719038669645, -0.0034588104632636966, 0.02297428206556945]], "chi2_level": 0.997, "chi2_df": 3, "chi2_threshold": 13.931422665512084, "N_raw": 24, "N_roi": 23, "N_inlier": 21, "refit": true}
{"timestamp": "13:57:52.479681", "frame": 113, "mu": [-1.2394040777782958, 3.896563906784925, -0.40704469895352624], "Sigma": [[0.012042461306353468, 0.008792487810784302, 0.03711819429829479], [0.008792487810784302, 0.012557605823420291, 0.03745624438611562], [0.037118194298294785, 0.037456244386115625, 0.19101778292091734]], "chi2_level": 0.997, "chi2_df": 3, "chi2_threshold": 13.931422665512084, "N_raw": 38, "N_roi": 38, "N_inlier": 38, "refit": true}
{"timestamp": "13:57:52.588330", "frame": 115, "mu": [-1.3294487906107322, 3.9325164585424615, 1.0516014769551938], "Sigma": [[0.015592676591094841, 0.0038467670261350226, -0.014333543578822475], [0.003846767026135022, 0.003893995025273406, -0.005504958053038456], [-0.014333543578822475, -0.005504958053038456, 0.016831725053275313]], "chi2_level": 0.997, "chi2_df": 3, "chi2_threshold": 13.931422665512084, "N_raw": 33, "N_roi": 33, "N_inlier": 32, "refit": true}
{"timestamp": "13:57:52.640982", "frame": 116, "mu": [-1.2997830814150544, 4.057634865081514, 1.0146582771440547], "Sigma": [[0.014268486394858119, 0.00761178648426071, -0.023119686654969475], [0.007611786484260712, 0.006335081836087204, -0.016005762787673353], [-0.023119686654969475, -0.016005762787673353, 0.05072032493633553]], "chi2_level": 0.997, "chi2_df": 3, "chi2_threshold": 13.931422665512084, "N_raw": 15, "N_roi": 13, "N_inlier": 13, "refit": true}
{"timestamp": "13:57:52.864064", "frame": 120, "mu": [-1.6152099338699446, 4.0713788114237035, 1.2294759189134485], "Sigma": [[0.014551305174070588, 0.004773707893129519, -0.008337174334749006], [0.004773707893129519, 0.009489306489168943, -0.026247298517113382], [-0.008337174334749006, -0.026247298517113382, 0.09064730097646617]], "chi2_level": 0.997, "chi2_df": 3, "chi2_threshold": 13.931422665512084, "N_raw": 33, "N_roi": 30, "N_inlier": 29, "refit": true}
{"timestamp": "13:57:52.972381", "frame": 122, "mu": [-1.636737906807942, 4.1069731282040625, 1.0822895366373626], "Sigma": [[0.0190421281751825, 0.004352577780174926, -0.01573536516864292], [0.004352577780174926, 0.0026139448250755877, -0.004374340378222507], [-0.01573536516864292, -0.004374340378222507, 0.015331683861377149]], "chi2_level": 0.997, "chi2_df": 3, "chi2_threshold": 13.931422665512084, "N_raw": 24, "N_roi": 24, "N_inlier": 23, "refit": true}
{"timestamp": "13:57:53.030749", "frame": 123, "mu": [-1.6921522984867037, 4.152672252941669, 1.2316848226684556], "Sigma": [[0.03015938044663915, 0.009387892160154855, -0.008354995184080168], [0.009387892160154853, 0.005998545594534533, -0.0041239549623610545], [-0.008354995184080168, -0.0041239549623610545, 0.005717974978395195]], "chi2_level": 0.997, "chi2_df": 3, "chi2_threshold": 13.931422665512084, "N_raw": 45, "N_roi": 43, "N_inlier": 41, "refit": true}
{"timestamp": "13:57:53.138265", "frame": 125, "mu": [-1.7895240458756536, 4.253848722216163, 1.3134713268547618], "Sigma": [[0.02137528724425465, 0.0056435450945892095, -0.020034051678342796], [0.00564354509458921, 0.0038629046356239535, -0.008268826418031755], [-0.020034051678342796, -0.008268826418031755, 0.025539249563182962]], "chi2_level": 0.997, "chi2_df": 3, "chi2_threshold": 13.931422665512084, "N_raw": 34, "N_roi": 33, "N_inlier": 32, "refit": true}
{"timestamp": "13:57:53.190477", "frame": 126, "mu": [-1.6748488600419735, 4.286760276919002, 0.8260496684661247], "Sigma": [[0.02000764890062908, 0.006626364396656696, -0.04772808788469367], [0.006626364396656696, 0.004132896193775841, -0.019141405485532198], [-0.04772808788469367, -0.019141405485532198, 0.12740898190221295]], "chi2_level": 0.997, "chi2_df": 3, "chi2_threshold": 13.931422665512084, "N_raw": 12, "N_roi": 12, "N_inlier": 12, "refit": true}
{"timestamp": "13:57:53.412625", "frame": 130, "mu": [-1.9001751796774613, 4.471641558587838, 1.0302050082848941], "Sigma": [[0.021921135075718103, 0.006306219200070155, -0.012765359972641874], [0.006306219200070155, 0.00437076226964626, -0.003732994273840673], [-0.012765359972641874, -0.003732994273840673, 0.009410428910420465]], "chi2_level": 0.997, "chi2_df": 3, "chi2_threshold": 13.931422665512084, "N_raw": 24, "N_roi": 24, "N_inlier": 24, "refit": true}
{"timestamp": "13:57:54.015807", "frame": 141, "mu": [-2.285434168327855, 4.80238026189984, 1.0417028514551299], "Sigma": [[0.010021949468588394, 0.0030867625461754133, -0.007635523811642017], [0.0030867625461754138, 0.003177734227024893, -0.0029069498806765055], [-0.007635523811642017, -0.002906949880676506, 0.00789194689328664]], "chi2_level": 0.997, "chi2_df": 3, "chi2_threshold": 13.931422665512084, "N_raw": 20, "N_roi": 17, "N_inlier": 16, "refit": true}
{"timestamp": "13:57:54.128244", "frame": 143, "mu": [-2.3404697978023847, 4.89298531686354, 1.1921678376206934], "Sigma": [[0.008506645390351704, 0.003909589766651228, -0.0086631309169301], [0.003909589766651228, 0.004872083483221416, -0.005745174217886298], [-0.0086631309169301, -0.005745174217886298, 0.012747079720582121]], "chi2_level": 0.997, "chi2_df": 3, "chi2_threshold": 13.931422665512084, "N_raw": 31, "N_roi": 19, "N_inlier": 17, "refit": true}
