{"timestamp": "14:54:47.385378", "frame": 3, "mu": [1.8286122079944152, 1.023375609270577, 1.1165847716619852], "Sigma": [[0.00585908648026682, -0.006806788916320054, -0.007855779732468319], [-0.006806788916320054, 0.009596872134356877, 0.0092311103528185], [-0.00785577973246832, 0.0092311103528185, 0.01669341840516751]], "chi2_level": 0.997, "chi2_df": 3, "chi2_threshold": 13.931422665512084, "N_raw": 19, "N_roi": 19, "N_inlier": 19, "refit": true}
{"timestamp": "14:54:47.549366", "frame": 6, "mu": [1.7987796646646035, 1.0406009976530655, 1.1209612363881134], "Sigma": [[0.006349240537280227, -0.004311607869226197, -0.008516696941439233], [-0.0043116078692261965, 0.004406831878114667, 0.005208113021351205], [-0.008516696941439235, 0.005208113021351205, 0.013269695364217163]], "chi2_level": 0.997, "chi2_df": 3, "chi2_threshold": 13.931422665512084, "N_raw": 13, "N_roi": 13, "N_inlier": 13, "refit": true}
{"timestamp": "14:54:47.606212", "frame": 7, "mu": [1.8035639137232482, 1.0366415455577618, 1.1137937235872069], "Sigma": [[0.0051327212195402825, -0.0038481947354806513, -0.005236176722287946], [-0.0038481947354806513, 0.005484085271886805, 0.0016529355403119561], [-0.005236176722287946, 0.001652935540311956, 0.013943252270640144]], "chi2_level": 0.997, "chi2_df": 3, "chi2_threshold": 13.931422665512084, "N_raw": 26, "N_roi": 26, "N_inlier": 26, "refit": true}
{"timestamp": "14:54:47.713312", "frame": 9, "mu": [1.7941331477768139, 1.0579945640257888, 1.2178889655091982], "Sigma": [[0.0029884056142806797, -0.0005332726329478588, -0.0032286914430233486], [-0.000533272632947859, 0.0019229198471400885, -0.000868145673637543], [-0.0032286914430233486, -0.0008681456736375431, 0.007049835347919829]], "chi2_level": 0.997, "chi2_df": 3, "chi2_threshold": 13.931422665512084, "N_raw": 14, "N_roi": 14, "N_inlier": 14, "refit": true}
{"timestamp": "14:54:47.822592", "frame": 11, "mu": [1.8097456522101998, 0.9424604167883872, 1.0598570179764641], "Sigma": [[0.0012228568356343762, -0.00017910668697399874, -0.00026473789623649737], [-0.00017910668697399863, 0.00426626149677884, -0.0018915326561517493], [-0.00026473789623649737, -0.0018915326561517497, 0.0009374471882658637]], "chi2_level": 0.997, "chi2_df": 3, "chi2_threshold": 13.931422665512084, "N_raw": 12, "N_roi": 12, "N_inlier": 11, "refit": true}
{"timestamp": "14:54:47.881586", "frame": 12, "mu": [1.7605054354304241, 1.270397121301647, -0.6113287345909094], "Sigma": [[0.0032977563664338154, -0.0012338668073164883, -0.004203078669003248], [-0.001233866807316488, 0.009980577294475145, -0.013635531995298888], [-0.004203078669003248, -0.013635531995298888, 0.03651755399828941]], "chi2_level": 0.997, "chi2_df": 3, "chi2_threshold": 13.931422665512084, "N_raw": 26, "N_roi": 26, "N_inlier": 26, "refit": true}
{"timestamp": "14:54:48.156454", "frame": 17, "mu": [1.7269931988052565, 0.9305101201728396, 1.2085216647502017], "Sigma": [[0.0030405822095518863, -0.0029637426574256323, -0.0018492571892158396], [-0.0029637426574256323, 0.007237630822747051, -0.006176898563273443], [-0.0018492571892158394, -0.006176898563273443, 0.020407409260091165]], "chi2_level": 0.997, "chi2_df": 3, "chi2_threshold": 13.931422665512084, "N_raw": 26, "N_roi": 26, "N_inlier": 26, "refit": true}
{"timestamp": "14:54:48.212929", "frame": 18, "mu": [1.6786995962817262, 0.9478563685536598, 1.2050020169486773], "Sigma": [[0.003569154371999458, -0.002474877569402446, -0.002815215952551654], [-0.002474877569402446, 0.0062150885966068365, -0.0014270107097587245], [-0.002815215952551654, -0.0014270107097587245, 0.015475623028239965]], "chi2_level": 0.997, "chi2_df": 3, "chi2_threshold": 13.931422665512084, "N_raw": 26, "N_roi": 26, "N_inlier": 26, "refit": true}
{"timestamp": "14:54:48.268237", "frame": 19, "mu": [1.6714600297853193, 0.9099696991776527, 1.230996396780262], "Sigma": [[0.003771195980491897, -0.003912358215541989, -0.005203775329886326], [-0.003912358215541989, 0.005846143718610866, 0.0027347919097444706], [-0.005203775329886326, 0.00273479190974447, 0.01684718334473161]], "chi2_level": 0.997, "chi2_df": 3, "chi2_threshold": 13.931422665512084, "N_raw": 30, "N_roi": 30, "N_inlier": 29, "refit": true}
{"timestamp": "14:54:48.323099", "frame": 20, "mu": [1.6395900294912633, 0.849712193364621, 1.1992386096407264], "Sigma": [[0.0046960768712477246, -0.003687361273706836, -0.0029795283554826663], [-0.0036873612737068355, 0.005701264123801506, 0.00041806887277068494], [-0.0029795283554826663, 0.00041806887277068494, 0.006129965866917779]], "chi2_level": 0.997, "chi2_df": 3, "chi2_threshold": 13.931422665512084, "N_raw": 25, "N_roi": 25, "N_inlier": 24, "refit": true}
{"timestamp": "14:54:48.380665", "frame": 21, "mu": [1.6160748419697684, 0.8090438301156002, 1.1760327255951086], "Sigma": [[0.006400024150323339, -0.004333001986282771, -0.0008667895512574075], [-0.004333001986282771, 0.01193764149698139, -0.002557438765333125], [-0.0008667895512574075, -0.002557438765333125, 0.0022565897986459443]], "chi2_level": 0.997, "chi2_df": 3, "chi2_threshold": 13.931422665512084, "N_raw": 43, "N_roi": 43, "N_inlier": 42, "refit": true}
{"timestamp": "14:54:48.437028", "frame": 22, "mu": [1.5849808122552798, 0.7509465069717269, 1.226958033620917], "Sigma": [[0.008037966964230195, -0.004836016308864831, -0.0025355140742379214], [-0.004836016308864831, 0.009461200497882398, -0.0015535093373893914], [-0.0025355140742379214, -0.0015535093373893914, 0.007093278118940015]], "chi2_level": 0.997, "chi2_df": 3, "chi2_threshold": 13.931422665512084, "N_raw": 48, "N_roi": 48, "N_inlier": 47, "refit": true}
{"timestamp": "14:54:48.491716", "frame": 23, "mu": [1.551745974896344, 0.7400074755199313, 1.233642424775287], "Sigma": [[0.007724655671461289, -0.004116226821771202, -0.0025014946222093777], [-0.004116226821771201, 0.00724205310817719, -0.002030460827965825], [-0.0025014946222093777, -0.002030460827965825, 0.003967330088311846]], "chi2_level": 0.997, "chi2_df": 3, "chi2_threshold": 13.931422665512084, "N_raw": 47, "N_roi": 47, "N_inlier": 45, "refit": true}
{"timestamp": "14:54:48.545064", "frame": 24, "mu": [1.520751689638055, 0.727679200272352, 1.2397918077711925], "Sigma": [[0.007621300977336908, -0.0051500139012764495, -0.00452724612456639], [-0.0051500139012764495, 0.011793260934307315, 0.0009981368137090508], [-0.00452724612456639, 0.0009981368137090513, 0.010111234899946408]], "chi2_level": 0.997, "chi2_df": 3, "chi2_threshold": 13.931422665512084, "N_raw": 43, "N_roi": 43, "N_inlier": 42, "refit": true}
{"timestamp": "14:54:48.600618", "frame": 25, "mu": [1.4552284260847241, 0.8025002917631657, 1.2743828419522258], "Sigma": [[0.006794029436608157, -0.003909154118128628, 0.0005149148808576318], [-0.003909154118128628, 0.008294060267823955, -0.005673531232465719], [0.0005149148808576321, -0.005673531232465719, 0.016377727863060493]], "chi2_level": 0.997, "chi2_df": 3, "chi2_threshold": 13.931422665512084, "N_raw": 43, "N_roi": 43, "N_inlier": 41, "refit": true}
{"timestamp": "14:54:48.652453", "frame": 26, "mu": [1.3493127473745519, 0.8909645427539007, 1.4197237017104212], "Sigma": [[0.002888338705782219, -0.00093030823627108, -0.0021886519832579735], [-0.0009303082362710801, 0.0032497100436826775, -0.0006909438682467372], [-0.002188651983257974, -0.0006909438682467374, 0.05213660417175278]], "chi2_level": 0.997, "chi2_df": 3, "chi2_threshold": 13.931422665512084, "N_raw": 20, "N_roi": 20, "N_inlier": 20, "refit": true}
{"timestamp": "14:54:48.710675", "frame": 27, "mu": [1.4003473914434579, 0.7441487548807334, 1.2561341101950252], "Sigma": [[0.007630679765128924, -0.012619111359939192, -0.004630916127978062], [-0.012619111359939192, 0.02340801992552919, 0.0008128867485284583], [-0.004630916127978061, 0.0008128867485284577, 0.03247772748474925]], "chi2_level": 0.997, "chi2_df": 3, "chi2_threshold": 13.931422665512084, "N_raw": 37, "N_roi": 37, "N_inlier": 36, "refit": true}
{"timestamp": "14:54:48.763757", "frame": 28, "mu": [1.3890433393660846, 0.7096755969515873, 1.1230469772457108], "Sigma": [[0.003695380484261962, -0.0028176913777941764, -0.007628963948464641], [-0.002817691377794177, 0.006610588018959986, -0.0025025687535998684], [-0.007628963948464641, -0.0025025687535998693, 0.06751522419472715]], "chi2_level": 0.997, "chi2_df": 3, "chi2_threshold": 13.931422665512084, "N_raw": 22, "N_roi": 22, "N_inlier": 21, "refit": true}
{"timestamp": "14:54:48.820461", "frame": 29, "mu": [1.270990641186785, 0.8478533550902997, 1.286928615773713], "Sigma": [[0.004153349426074285, -0.002388825126462684, -0.0022883470386007637], [-0.002388825126462684, 0.0020628723714315646, -0.00033646357399337644], [-0.0022883470386007637, -0.00033646357399337665, 0.02936244594998597]], "chi2_level": 0.997, "chi2_df": 3, "chi2_threshold": 13.931422665512084, "N_raw": 42, "N_roi": 42, "N_inlier": 42, "refit": true}
{"timestamp": "14:54:48.874636", "frame": 30, "mu": [1.3065778073342924, 0.7291854467505402, 1.305228569439601], "Sigma": [[0.0047145100960691985, -0.004547065716113004, -0.004092356921603734], [-0.004547065716113004, 0.006194176970350015, 0.0018808774493660769], [-0.004092356921603734, 0.0018808774493660769, 0.0077343449027710695]], "chi2_level": 0.997, "chi2_df": 3, "chi2_threshold": 13.931422665512084, "N_raw": 35, "N_roi": 35, "N_inlier": 31, "refit": true}
{"timestamp": "14:54:48.930329", "frame": 31, "mu": [1.2635380574377835, 0.6886422501615518, 1.2451758170706475], "Sigma": [[0.009094113420161679, -0.010613612344118659, -0.010421061122757633], [-0.010613612344118659, 0.017942631464841464, 0.007171454681725253], [-0.010421061122757633, 0.007171454681725253, 0.023596878103794957]], "chi2_level": 0.997, "chi2_df": 3, "chi2_threshold": 13.931422665512084, "N_raw": 37, "N_roi": 37, "N_inlier": 35, "refit": true}
{"timestamp": "14:54:49.036181", "frame": 33, "mu": [1.1441489649347862, 0.8056854328544933, 1.3076079672552046], "Sigma": [[0.0033930223812017202, -0.0004988841002699186, -0.0022426878693444746], [-0.0004988841002699185, 0.00753842626519085, 0.0020042886231168297], [-0.0022426878693444746, 0.0020042886231168297, 0.030273907984372312]], "chi2_level": 0.997, "chi2_df": 3, "chi2_threshold": 13.931422665512084, "N_raw": 13, "N_roi": 13, "N_inlier": 13, "refit": true}
{"timestamp": "14:54:49.094224", "frame": 34, "mu": [1.029620411710464, 0.8447493883265533, 1.3635356961518899], "Sigma": [[0.003795641997243145, -0.0024753468852956825, -0.006794352943792443], [-0.002475346885295683, 0.003453844376626208, 0.001716116714451787], [-0.0067943529437924435, 0.0017161167144517867, 0.026095716358708873]], "chi2_level": 0.997, "chi2_df": 3, "chi2_threshold": 13.931422665512084, "N_raw": 29, "N_roi": 29, "N_inlier": 28, "refit": true}
{"timestamp": "14:54:49.149911", "frame": 35, "mu": [0.9519105618834818, 0.8955042591318348, 1.4859738069031778], "Sigma": [[0.0037133306509183296, -0.000456503919416058, -0.0018373858631251267], [-0.00045650391941605786, 0.0036467475182173905, -0.0009141588765495584], [-0.0018373858631251265, -0.0009141588765495584, 0.0015598384932020784]], "chi2_level": 0.997, "chi2_df": 3, "chi2_threshold": 13.931422665512084, "N_raw": 42, "N_roi": 42, "N_inlier": 39, "refit": true}
{"timestamp": "14:54:49.207026", "frame": 36, "mu": [0.9182760689587082, 0.8459593833225955, 1.3714300341616905], "Sigma": [[0.004157023487836053, -0.0013271401144512186, -0.005923168270315962], [-0.0013271401144512186, 0.003477138324570644, -0.0005421827037279552], [-0.005923168270315962, -0.0005421827037279552, 0.01271988607005625]], "chi2_level": 0.997, "chi2_df": 3, "chi2_threshold": 13.931422665512084, "N_raw": 51, "N_roi": 51, "N_inlier": 50, "refit": true}
{"timestamp": "14:54:49.260851", "frame": 37, "mu": [0.8778337067856955, 0.8221455466473957, 1.4092865194274924], "Sigma": [[0.0041956004990123695, -0.003553877418892546, -0.00630501536193004], [-0.003553877418892545, 0.005679665056606488, 0.0059194070808956094], [-0.00630501536193004, 0.005919407080895609, 0.01478407344261529]], "chi2_level": 0.997, "chi2_df": 3, "chi2_threshold": 13.931422665512084, "N_raw": 44, "N_roi": 43, "N_inlier": 42, "refit": true}
{"timestamp": "14:54:49.312093", "frame": 38, "mu": [0.8714948133245775, 0.7725968111649135, 1.255185253323082], "Sigma": [[0.0034175187036159962, -0.0016148856091860668, -0.012798198426492883], [-0.0016148856091860665, 0.0012054171789710663, 0.004805525978866626], [-0.012798198426492883, 0.004805525978866626, 0.14330151207079417]], "chi2_level": 0.997, "chi2_df": 3, "chi2_threshold": 13.931422665512084, "N_raw": 20, "N_roi": 20, "N_inlier": 20, "refit": true}
{"timestamp": "14:54:49.369430", "frame": 39, "mu": [0.8091071293465238, 0.7506813915294459, 1.3739786733796684], "Sigma": [[0.0031462599946916565, -0.0014061973902067388, -0.00285162275573766], [-0.001406197390206739, 0.001948111251770553, -0.0001698075163829038], [-0.00285162275573766, -0.0001698075163829037, 0.005785498976893072]], "chi2_level": 0.997, "chi2_df": 3, "chi2_threshold": 13.931422665512084, "N_raw": 38, "N_roi": 38, "N_inlier": 36, "refit": true}
{"timestamp": "14:54:49.427762", "frame": 40, "mu": [0.7605271383416212, 0.7806532067567925, 1.4112255859143772], "Sigma": [[0.005139517909268952, -0.0017399929573217905, -0.004678468925500208], [-0.0017399929573217905, 0.003004810607227601, 0.0012107758485263443], [-0.004678468925500208, 0.0012107758485263443, 0.010760755531574445]], "chi2_level": 0.997, "chi2_df": 3, "chi2_threshold": 13.931422665512084, "N_raw": 56, "N_roi": 56, "N_inlier": 54, "refit": true}
{"timestamp": "14:54:49.482991", "frame": 41, "mu": [0.7055546316896641, 0.7733555615605842, 1.452722745447297], "Sigma": [[0.0036099690478583833, 0.0003300015424683197, -0.0021648720709559676], [0.0003300015424683198, 0.0032885217606423295, -0.0022119917266428743], [-0.0021648720709559676, -0.0022119917266428743, 0.007678267804539237]], "chi2_level": 0.997, "chi2_df": 3, "chi2_threshold": 13.931422665512084, "N_raw": 53, "N_roi": 53, "N_inlier": 50, "refit": true}
{"timestamp": "14:54:49.535448", "frame": 42, "mu": [0.6648983217563645, 0.8220878751889203, -0.49048873475586324], "Sigma": [[0.0038320898974010635, 0.002013436207319262, -0.008068117294772319], [0.002013436207319262, 0.0028275411378982387, -0.0009001856720566991], [-0.008068117294772319, -0.0009001856720566991, 0.11964802498456836]], "chi2_level": 0.997, "chi2_df": 3, "chi2_threshold": 13.931422665512084, "N_raw": 44, "N_roi": 44, "N_inlier": 43, "refit": true}
{"timestamp": "14:54:49.594236", "frame": 43, "mu": [0.6372880466065922, 0.7287170866955646, 1.383904644890968], "Sigma": [[0.005471353058624935, -0.001579933027733581, -0.0065756393878043185], [-0.001579933027733581, 0.001787441977722498, 0.0018453430822118633], [-0.006575639387804318, 0.0018453430822118631, 0.06950339027870542]], "chi2_level": 0.997, "chi2_df": 3, "chi2_threshold": 13.931422665512084, "N_raw": 59, "N_roi": 59, "N_inlier": 57, "refit": true}
{"timestamp": "14:54:49.647225", "frame": 44, "mu": [0.5572978023193136, 0.7771775862197794, 1.4089548347473115], "Sigma": [[0.0028206517620760724, -0.00035073554250332614, 0.007030685782152976], [-0.00035073554250332625, 0.0033649980000779725, -0.003106458359756777], [0.007030685782152976, -0.003106458359756777, 0.12096477460052958]], "chi2_level": 0.997, "chi2_df": 3, "chi2_threshold": 13.931422665512084, "N_raw": 49, "N_roi": 49, "N_inlier": 47, "refit": true}
{"timestamp": "14:54:49.703873", "frame": 45, "mu": [0.5799593770401119, 0.7486462292666959, 1.3523310018180594], "Sigma": [[0.007098092168218042, -0.002738848522210403, -0.01561752018567051], [-0.002738848522210403, 0.0035380634804143183, 0.006568175901628942], [-0.01561752018567051, 0.006568175901628941, 0.08398949954318619]], "chi2_level": 0.997, "chi2_df": 3, "chi2_threshold": 13.931422665512084, "N_raw": 64, "N_roi": 62, "N_inlier": 59, "refit": true}
{"timestamp": "14:54:49.758891", "frame": 46, "mu": [0.5081788630148751, 0.7494231604081526, 1.3376985636603527], "Sigma": [[0.006247667147515265, 7.227050775540552e-05, -0.018733013404958115], [7.227050775540574e-05, 0.0014974918208724272, -0.003824900261328044], [-0.01873301340495812, -0.003824900261328044, 0.11115568252986624]], "chi2_level": 0.997, "chi2_df": 3, "chi2_threshold": 13.931422665512084, "N_raw": 63, "N_roi": 63, "N_inlier": 59, "refit": true}
{"timestamp": "14:54:49.816497", "frame": 47, "mu": [0.4694281460269234, 0.8107024216084677, 1.418527685241934], "Sigma": [[0.005684102777819695, -0.0001330197075140434, -0.005754746699585675], [-0.00013301970751404345, 0.002198457159993745, -0.0014276021845467867], [-0.005754746699585674, -0.0014276021845467872, 0.0076907641283518275]], "chi2_level": 0.997, "chi2_df": 3, "chi2_threshold": 13.931422665512084, "N_raw": 76, "N_roi": 76, "N_inlier": 72, "refit": true}
{"timestamp": "14:54:49.872447", "frame": 48, "mu": [0.41944880694962783, 0.8076025501598482, 1.3802610292110709], "Sigma": [[0.004549844257845915, -0.0004820435904462513, -0.004831761955390254], [-0.00048204359044625144, 0.0016429783068829132, -0.0013569721191819901], [-0.004831761955390255, -0.0013569721191819901, 0.014852073389215986]], "chi2_level": 0.997, "chi2_df": 3, "chi2_threshold": 13.931422665512084, "N_raw": 81, "N_roi": 81, "N_inlier": 78, "refit": true}
{"timestamp": "14:54:49.926594", "frame": 49, "mu": [0.32044475972734526, 0.8189393377432663, 1.4256707535665256], "Sigma": [[0.0035873861052970555, -0.0007424903657129289, -0.0019634572635163854], [-0.0007424903657129289, 0.0025974295587232296, -0.0020005310814920564], [-0.0019634572635163854, -0.0020005310814920564, 0.004952690105016116]], "chi2_level": 0.997, "chi2_df": 3, "chi2_threshold": 13.931422665512084, "N_raw": 78, "N_roi": 78, "N_inlier": 74, "refit": true}
{"timestamp": "14:54:49.982027", "frame": 50, "mu": [0.3238451828366803, 0.7936447781255934, 1.387001065426598], "Sigma": [[0.008154284772537376, -0.0021505063898251357, -0.007518994569256758], [-0.0021505063898251357, 0.0017929520901147475, 0.0009080339674539034], [-0.007518994569256757, 0.0009080339674539034, 0.010919246101186912]], "chi2_level": 0.997, "chi2_df": 3, "chi2_threshold": 13.931422665512084, "N_raw": 87, "N_roi": 87, "N_inlier": 85, "refit": true}
{"timestamp": "14:54:50.029123", "frame": 51, "mu": [0.2547357409930321, 0.8034535049184072, 1.4704722516932704], "Sigma": [[0.008177669565546943, -0.00045493893383688017, -0.00902056910226131], [-0.00045493893383688017, 0.000306768016200288, 7.220937455814773e-05], [-0.009020569102261311, 7.220937455814773e-05, 0.011786854893863408]], "chi2_level": 0.997, "chi2_df": 3, "chi2_threshold": 13.931422665512084, "N_raw": 18, "N_roi": 18, "N_inlier": 17, "refit": true}
{"timestamp": "14:54:50.085600", "frame": 52, "mu": [0.18537423998089236, 0.7928665372511003, 1.4206803772946945], "Sigma": [[0.0014046370833929727, -0.000547123775309512, -0.0005673298879535016], [-0.000547123775309512, 0.0012881473307981145, -0.0011812030734336602], [-0.0005673298879535015, -0.0011812030734336602, 0.009042633828316257]], "chi2_level": 0.997, "chi2_df": 3, "chi2_threshold": 13.931422665512084, "N_raw": 42, "N_roi": 41, "N_inlier": 38, "refit": true}
{"timestamp": "14:54:50.143662", "frame": 53, "mu": [0.16665633333118285, 0.936603579674802, -0.38516956414415704], "Sigma": [[0.002553543025888713, -0.0003265943196279393, -0.0029990595984030906], [-0.0003265943196279393, 0.002687868028376233, -0.002403382148995995], [-0.0029990595984030906, -0.002403382148995995, 0.007348231077035154]], "chi2_level": 0.997, "chi2_df": 3, "chi2_threshold": 13.931422665512084, "N_raw": 67, "N_roi": 67, "N_inlier": 66, "refit": true}
{"timestamp": "14:54:50.201163", "frame": 54, "mu": [0.13432718444123423, 0.7534449251067827, 1.294557648950834], "Sigma": [[0.004177573590350961, -0.002633491257583733, -0.008895358110947958], [-0.002633491257583733, 0.004567471261029862, 0.004941795941099177], [-0.008895358110947958, 0.0049417959410991774, 0.027719016746379242]], "chi2_level": 0.997, "chi2_df": 3, "chi2_threshold": 13.931422665512084, "N_raw": 81, "N_roi": 81, "N_inlier": 81, "refit": true}
{"timestamp": "14:54:50.253735", "frame": 55, "mu": [0.05200248372930638, 0.8421278326764762, 1.4972802117153037], "Sigma": [[0.002211668360579821, 0.0004468992328855679, -0.0022797146214572376], [0.0004468992328855679, 0.0023665396384551013, -0.0023273835763936604], [-0.0022797146214572376, -0.00232738357639366, 0.004184804162378537]], "chi2_level": 0.997, "chi2_df": 3, "chi2_threshold": 13.931422665512084, "N_raw": 59, "N_roi": 59, "N_inlier": 59, "refit": true}
{"timestamp": "14:54:50.310135", "frame": 56, "mu": [0.004596187228653966, 0.8377952542730558, 1.4131891504073235], "Sigma": [[0.002423901509697771, 0.00017241465383900263, -0.003095503336251213], [0.0001724146538390026, 0.0013332081442327451, -0.0025841378136489106], [-0.003095503336251213, -0.0025841378136489106, 0.010144400185060009]], "chi2_level": 0.997, "chi2_df": 3, "chi2_threshold": 13.931422665512084, "N_raw": 71, "N_roi": 71, "N_inlier": 67, "refit": true}
{"timestamp": "14:54:50.356815", "frame": 57, "mu": [-0.210615396993891, 0.8195226204741037, 1.0790579528546012], "Sigma": [[0.007973259965495565, 0.00018678156609633651, 0.03867493329195378], [0.00018678156609633651, 0.0014807147091430658, -0.00013648898931982326], [0.03867493329195378, -0.00013648898931982283, 0.26582999471213975]], "chi2_level": 0.997, "chi2_df": 3, "chi2_threshold": 13.931422665512084, "N_raw": 12, "N_roi": 12, "N_inlier": 11, "refit": true}
{"timestamp": "14:54:50.411341", "frame": 58, "mu": [-0.2154632956050757, 0.8902708113197578, 0.182300869932327], "Sigma": [[0.061482640850614154, 0.03054680890488732, -0.29732947833010237], [0.03054680890488732, 0.029839334885487095, -0.3249167843743809], [-0.29732947833010237, -0.3249167843743809, 4.179780936345317]], "chi2_level": 0.997, "chi2_df": 3, "chi2_threshold": 13.931422665512084, "N_raw": 10, "N_roi": 10, "N_inlier": 10, "refit": true}
{"timestamp": "14:54:50.475192", "frame": 59, "mu": [-0.1646094125422055, 0.7894809213066882, 1.3747732663448147], "Sigma": [[0.0027800015711842473, 1.3346944084663734e-05, 0.0021578856620337516], [1.3346944084663694e-05, 0.0019513816115108655, -0.00448030146651075], [0.0021578856620337516, -0.00448030146651075, 0.029819970681189696]], "chi2_level": 0.997, "chi2_df": 3, "chi2_threshold": 13.931422665512084, "N_raw": 77, "N_roi": 77, "N_inlier": 71, "refit": true}
{"timestamp": "14:54:50.528866", "frame": 60, "mu": [-0.15876979622065418, 0.7808827747688326, 1.322648039716404], "Sigma": [[0.0012053441550208125, -0.0001196412556473778, -0.0012991328212944202], [-0.00011964125564737778, 0.0009316093354912288, -0.001350115257984426], [-0.0012991328212944202, -0.001350115257984426, 0.005671439243333355]], "chi2_level": 0.997, "chi2_df": 3, "chi2_threshold": 13.931422665512084, "N_raw": 38, "N_roi": 38, "N_inlier": 35, "refit": true}
{"timestamp": "14:54:50.577220", "frame": 61, "mu": [-0.27955002590561356, 0.7192354592734967, 1.3257962417880491], "Sigma": [[0.0038339291910969514, -0.0010345467073461965, -0.015250672170590635], [-0.0010345467073461965, 0.0012251452201726713, -0.0005774861254034197], [-0.015250672170590635, -0.0005774861254034202, 0.22220910013533643]], "chi2_level": 0.997, "chi2_df": 3, "chi2_threshold": 13.931422665512084, "N_raw": 21, "N_roi": 18, "N_inlier": 17, "refit": true}
{"timestamp": "14:54:50.641470", "frame": 62, "mu": [-0.32172295924413463, 0.7236220978328775, 1.3806115915935817], "Sigma": [[0.0016641044335555628, -0.00041261218272487855, -0.0008593410576180295], [-0.00041261218272487855, 0.0013592872615652296, -0.0032155011918874044], [-0.0008593410576180295, -0.0032155011918874044, 0.013490141608903602]], "chi2_level": 0.997, "chi2_df": 3, "chi2_threshold": 13.931422665512084, "N_raw": 83, "N_roi": 80, "N_inlier": 76, "refit": true}
{"timestamp": "14:54:50.697592", "frame": 63, "mu": [-0.34159386080979304, 0.719374949292001, 1.3864386297552105], "Sigma": [[0.0021215422508995747, -0.0013592614545110708, -0.0039834722112470754], [-0.001359261454511071, 0.0033369812338632015, 0.0010832017361375463], [-0.0039834722112470754, 0.0010832017361375463, 0.0230834048335235]], "chi2_level": 0.997, "chi2_df": 3, "chi2_threshold": 13.931422665512084, "N_raw": 82, "N_roi": 82, "N_inlier": 79, "refit": true}
{"timestamp": "14:54:50.752212", "frame": 64, "mu": [-0.3980536015957648, 0.6885158434916023, 1.3613925513153302], "Sigma": [[0.003671383475403153, -0.0033727181247634568, -0.0033783248640553575], [-0.0033727181247634563, 0.005470389085967161, 0.000245507503702398], [-0.0033783248640553575, 0.0002455075037023971, 0.02702970013252648]], "chi2_level": 0.997, "chi2_df": 3, "chi2_threshold": 13.931422665512084, "N_raw": 83, "N_roi": 81, "N_inlier": 73, "refit": true}
{"timestamp": "14:54:50.798332", "frame": 65, "mu": [-0.6328712980981452, 1.0683533615258616, 0.9532078773625535], "Sigma": [[0.05047659356606429, -0.15432272884537065, 0.19262628096497855], [-0.15432272884537063, 1.1197516875856872, -1.4739772630251897], [0.19262628096497852, -1.4739772630251897, 1.9790201924148274]], "chi2_level": 0.997, "chi2_df": 3, "chi2_threshold": 13.931422665512084, "N_raw": 17, "N_roi": 14, "N_inlier": 14, "refit": true}
{"timestamp": "14:54:50.859339", "frame": 66, "mu": [-0.5996519160770547, 0.5380507924839961, 1.3988209966082845], "Sigma": [[0.04850185983555477, -8.39761473309295e-05, -0.05506873594998252], [-8.397614733092983e-05, 0.001880990145195699, 0.00039568493141819495], [-0.05506873594998252, 0.00039568493141819473, 0.07086994775081853]], "chi2_level": 0.997, "chi2_df": 3, "chi2_threshold": 13.931422665512084, "N_raw": 75, "N_roi": 75, "N_inlier": 73, "refit": true}
{"timestamp": "14:54:50.912879", "frame": 67, "mu": [-0.5668661598416546, 0.6452280292601017, 1.1453963299012144], "Sigma": [[0.015677186480221116, 0.011125679910750993, 0.005438083055970872], [0.011125679910750993, 0.020715365674965076, -0.016894911306395893], [0.005438083055970874, -0.016894911306395893, 0.11832635886295034]], "chi2_level": 0.997, "chi2_df": 3, "chi2_threshold": 13.931422665512084, "N_raw": 56, "N_roi": 56, "N_inlier": 55, "refit": true}
{"timestamp": "14:54:50.970860", "frame": 68, "mu": [-0.7988683428684857, 0.612827955147992, 1.6959619126573753], "Sigma": [[0.012224990698501017, 0.0038767982012261107, -0.008111188644344455], [0.0038767982012261103, 0.00432941909702733, -0.0051268182910621084], [-0.008111188644344455, -0.0051268182910621084, 0.01010404646411468]], "chi2_level": 0.997, "chi2_df": 3, "chi2_threshold": 13.931422665512084, "N_raw": 77, "N_roi": 77, "N_inlier": 74, "refit": true}
{"timestamp": "14:54:51.018630", "frame": 69, "mu": [-0.798387535913741, 0.6301890681311925, 1.5485853907015805], "Sigma": [[0.019983271634993593, 0.008155084649448393, -0.026068513438761685], [0.008155084649448393, 0.005825539255176275, -0.010363980897300843], [-0.026068513438761685, -0.010363980897300843, 0.05300831259064456]], "chi2_level": 0.997, "chi2_df": 3, "chi2_threshold": 13.931422665512084, "N_raw": 23, "N_roi": 23, "N_inlier": 21, "refit": true}
{"timestamp": "14:54:51.073389", "frame": 70, "mu": [-0.8249059381256327, 0.6238921248062453, 1.3670680284467087], "Sigma": [[0.023760537183797715, 0.013096663969917717, -0.05254709662438285], [0.013096663969917717, 0.022159473388894034, -0.05054796512651566], [-0.05254709662438285, -0.05054796512651566, 0.15229312104310658]], "chi2_level": 0.997, "chi2_df": 3, "chi2_threshold": 13.931422665512084, "N_raw": 32, "N_roi": 32, "N_inlier": 32, "refit": true}
{"timestamp": "14:54:51.134262", "frame": 71, "mu": [-0.9008481207094831, 0.6150281447326131, 1.5139318412699692], "Sigma": [[0.011882718218431058, 0.006453736576773306, -0.020120347836376618], [0.006453736576773306, 0.006248828513030032, -0.016217438344084446], [-0.020120347836376618, -0.016217438344084446, 0.06281399456261186]], "chi2_level": 0.997, "chi2_df": 3, "chi2_threshold": 13.931422665512084, "N_raw": 74, "N_roi": 74, "N_inlier": 74, "refit": true}
{"timestamp": "14:54:51.198144", "frame": 72, "mu": [-0.9049811556486211, 0.6611467100367845, 1.4704966993079145], "Sigma": [[0.01274827320036251, 0.005344958480547415, -0.01978721248374872], [0.005344958480547415, 0.007227619918576741, -0.015705125415729958], [-0.01978721248374872, -0.015705125415729954, 0.06411938010277286]], "chi2_level": 0.997, "chi2_df": 3, "chi2_threshold": 13.931422665512084, "N_raw": 131, "N_roi": 131, "N_inlier": 131, "refit": true}
{"timestamp": "14:54:51.240966", "frame": 73, "mu": [-1.0148405312514812, 0.5727522575323915, 1.4703758202748174], "Sigma": [[0.00680278797550153, 0.0019492668584961926, -0.002292223027757059], [0.0019492668584961924, 0.0034148916306634483, -0.0038632634858734097], [-0.002292223027757059, -0.003863263485873409, 0.009034683376994439]], "chi2_level": 0.997, "chi2_df": 3, "chi2_threshold": 13.931422665512084, "N_raw": 47, "N_roi": 47, "N_inlier": 44, "refit": true}
{"timestamp": "14:54:51.296767", "frame": 74, "mu": [-1.0665032288372391, 0.5703586870938873, -0.5520328597447], "Sigma": [[0.008474913608730624, 0.0073097746683775024, -0.004450757556092231], [0.0073097746683775024, 0.014096403945569559, -0.011710889996559688], [-0.004450757556092231, -0.011710889996559688, 0.014386847678554436]], "chi2_level": 0.997, "chi2_df": 3, "chi2_threshold": 13.931422665512084, "N_raw": 52, "N_roi": 52, "N_inlier": 49, "refit": true}
{"timestamp": "14:54:51.352344", "frame": 75, "mu": [-0.4956162144323935, 0.321605415447189, 1.2123063290550877], "Sigma": [[0.9084951186639705, -0.03203547324746853, 0.004271786795262992], [-0.03203547324746853, 0.019115759207209995, -0.01346294872868354], [0.004271786795262992, -0.01346294872868354, 0.015809024557261093]], "chi2_level": 0.997, "chi2_df": 3, "chi2_threshold": 13.931422665512084, "N_raw": 46, "N_roi": 46, "N_inlier": 42, "refit": true}
{"timestamp": "14:54:51.411089", "frame": 76, "mu": [-1.0892801017849232, 0.6122318552091109, 1.4544498464150846], "Sigma": [[0.010908186659224372, 0.0026604876812195864, -0.008705415385801149], [0.002660487681219587, 0.0065010034367755, -0.006141073679523166], [-0.008705415385801149, -0.0061410736795231655, 0.03361571057465523]], "chi2_level": 0.997, "chi2_df": 3, "chi2_threshold": 13.931422665512084, "N_raw": 88, "N_roi": 88, "N_inlier": 86, "refit": true}
{"timestamp": "14:54:51.466344", "frame": 77, "mu": [-1.135973386556836, 0.5851519393512005, 1.3465807405530315], "Sigma": [[0.008201781918541005, 0.0023472409308948235, 0.0034879772401351884], [0.002347240930894824, 0.009353251205291046, -0.01672026311403889], [0.0034879772401351884, -0.01672026311403889, 0.06891519424183021]], "chi2_level": 0.997, "chi2_df": 3, "chi2_threshold": 13.931422665512084, "N_raw": 82, "N_roi": 82, "N_inlier": 82, "refit": true}
{"timestamp": "14:54:51.519753", "frame": 78, "mu": [-1.2066455024928417, 0.6542323625800573, -0.4888258189849257], "Sigma": [[0.00848936835342884, 0.0035160840520344697, -0.002328461915351733], [0.0035160840520344697, 0.012413254225350698, -0.007601540652649293], [-0.002328461915351733, -0.007601540652649293, 0.01241974038211403]], "chi2_level": 0.997, "chi2_df": 3, "chi2_threshold": 13.931422665512084, "N_raw": 66, "N_roi": 66, "N_inlier": 63, "refit": true}
{"timestamp": "14:54:51.575809", "frame": 79, "mu": [-1.2602679746158558, 0.4957793783247225, 1.3151830784089347], "Sigma": [[0.007738565013800193, 0.00413045330333161, -0.0011313253398808404], [0.00413045330333161, 0.010804858983285296, -0.008757378465542965], [-0.0011313253398808404, -0.008757378465542965, 0.013349531342736207]], "chi2_level": 0.997, "chi2_df": 3, "chi2_threshold": 13.931422665512084, "N_raw": 76, "N_roi": 76, "N_inlier": 73, "refit": true}
{"timestamp": "14:54:51.633938", "frame": 80, "mu": [-1.290559368502585, 0.5101831013285201, 1.3180045860563112], "Sigma": [[0.009325777367553603, 0.003981888280000971, 0.001472338746115979], [0.003981888280000971, 0.012407090242996252, -0.008786675017142673], [0.0014723387461159786, -0.008786675017142673, 0.01619590793360219]], "chi2_level": 0.997, "chi2_df": 3, "chi2_threshold": 13.931422665512084, "N_raw": 95, "N_roi": 95, "N_inlier": 88, "refit": true}
{"timestamp": "14:54:51.685089", "frame": 81, "mu": [-1.3447599378642117, 0.5341433448566392, 1.3258496245245202], "Sigma": [[0.008180421626140041, 0.0022969516420952916, 0.0009469074134148534], [0.0022969516420952916, 0.007032326589535, -0.003398571315579669], [0.0009469074134148533, -0.0033985713155796696, 0.012753603003761963]], "chi2_level": 0.997, "chi2_df": 3, "chi2_threshold": 13.931422665512084, "N_raw": 71, "N_roi": 71, "N_inlier": 69, "refit": true}
{"timestamp": "14:54:51.742666", "frame": 82, "mu": [-1.1606337425831643, 0.5426582513338443, 1.2380682647286207], "Sigma": [[0.627676188699135, -0.04223914237347254, -0.045295460588329], [-0.04223914237347254, 0.022050212899736278, 0.011602487240629338], [-0.04529546058832899, 0.011602487240629338, 0.03807112327585037]], "chi2_level": 0.997, "chi2_df": 3, "chi2_threshold": 13.931422665512084, "N_raw": 84, "N_roi": 84, "N_inlier": 84, "refit": true}
{"timestamp": "14:54:51.798611", "frame": 83, "mu": [-1.4549121948858559, 0.5655802740933348, 1.2717501817876729], "Sigma": [[0.00996487653034722, 0.006584420484683063, 0.00813290954083248], [0.006584420484683064, 0.014553977886816222, 0.004411740653686903], [0.00813290954083248, 0.004411740653686902, 0.03426215904788417]], "chi2_level": 0.997, "chi2_df": 3, "chi2_threshold": 13.931422665512084, "N_raw": 97, "N_roi": 97, "N_inlier": 91, "refit": true}
{"timestamp": "14:54:51.849342", "frame": 84, "mu": [-1.4854180948741582, 0.6451625781452169, 1.2881767810716624], "Sigma": [[0.007738234932170993, 0.009425300993804495, 0.002085537780358145], [0.009425300993804495, 0.02044274146223457, 0.006986247962852061], [0.0020855377803581446, 0.0069862479628520595, 0.04189466766535534]], "chi2_level": 0.997, "chi2_df": 3, "chi2_threshold": 13.931422665512084, "N_raw": 65, "N_roi": 65, "N_inlier": 59, "refit": true}
{"timestamp": "14:54:51.906646", "frame": 85, "mu": [-1.5458395115241719, 0.6380835365385558, 1.2354048169823597], "Sigma": [[0.010606029106954245, 0.009184149817096029, -0.0045590636789048546], [0.009184149817096029, 0.012465204657366483, -0.005803079659982953], [-0.004559063678904855, -0.005803079659982953, 0.0552098585590987]], "chi2_level": 0.997, "chi2_df": 3, "chi2_threshold": 13.931422665512084, "N_raw": 84, "N_roi": 84, "N_inlier": 81, "refit": true}
{"timestamp": "14:54:51.963178", "frame": 86, "mu": [-1.5532849356617164, 0.6762869185737743, 1.1940536733371148], "Sigma": [[0.015247984666561567, 0.012928221244491863, -0.018139493917342122], [0.012928221244491864, 0.016580332675845487, -0.021849334320758043], [-0.018139493917342122, -0.021849334320758043, 0.09850403024114032]], "chi2_level": 0.997, "chi2_df": 3, "chi2_threshold": 13.931422665512084, "N_raw": 90, "N_roi": 90, "N_inlier": 87, "refit": true}
{"timestamp": "14:54:52.021738", "frame": 87, "mu": [-1.5625252288134563, 0.7239397726159719, 1.0967036640515604], "Sigma": [[0.014972628552320583, 0.015193785009061198, -0.01829426962336149], [0.015193785009061198, 0.025330926098199258, -0.03775820049087579], [-0.01829426962336149, -0.03775820049087579, 0.15086044627369102]], "chi2_level": 0.997, "chi2_df": 3, "chi2_threshold": 13.931422665512084, "N_raw": 114, "N_roi": 114, "N_inlier": 110, "refit": true}
{"timestamp": "14:54:52.072056", "frame": 88, "mu": [-1.6338436276150357, 0.7081700818032313, 1.2415492991112473], "Sigma": [[0.011208858996229277, 0.012303380995379436, 0.00988570938020795], [0.012303380995379436, 0.018479217351513644, 0.011616102633150788], [0.00988570938020795, 0.011616102633150788, 0.04136960423097514]], "chi2_level": 0.997, "chi2_df": 3, "chi2_threshold": 13.931422665512084, "N_raw": 87, "N_roi": 87, "N_inlier": 82, "refit": true}
{"timestamp": "14:54:52.125752", "frame": 89, "mu": [-1.6380232695802706, 0.7626092107177367, 1.3198535968457157], "Sigma": [[0.01000103444392543, 0.005532920191532748, -0.0005108393912989359], [0.005532920191532748, 0.012332816766945403, 0.0011326716099452207], [-0.0005108393912989354, 0.0011326716099452209, 0.032524297025618924]], "chi2_level": 0.997, "chi2_df": 3, "chi2_threshold": 13.931422665512084, "N_raw": 74, "N_roi": 74, "N_inlier": 72, "refit": true}
{"timestamp": "14:54:52.178748", "frame": 90, "mu": [-1.7020302322546832, 0.8636164275638165, -0.5548948535064295], "Sigma": [[0.010956838923247591, 0.007544319850219045, 0.004622814048523563], [0.007544319850219045, 0.011974521362086927, -0.004653611141457071], [0.004622814048523563, -0.004653611141457071, 0.01812765975119423]], "chi2_level": 0.997, "chi2_df": 3, "chi2_threshold": 13.931422665512084, "N_raw": 69, "N_roi": 69, "N_inlier": 68, "refit": true}
{"timestamp": "14:54:52.231774", "frame": 91, "mu": [-1.6918180588435887, 0.7360438604923013, 1.1761134249613965], "Sigma": [[0.009529489694392339, 0.009052921202438165, 0.004616839549856536], [0.009052921202438165, 0.010665928295757122, 0.0015825339130691827], [0.004616839549856536, 0.0015825339130691829, 0.01687882135635698]], "chi2_level": 0.997, "chi2_df": 3, "chi2_threshold": 13.931422665512084, "N_raw": 54, "N_roi": 54, "N_inlier": 54, "refit": true}
{"timestamp": "14:54:52.289505", "frame": 92, "mu": [-1.74001715201366, 0.7880119255593416, 1.2981051740423442], "Sigma": [[0.00901147249442325, 0.006203943883186968, 0.0035588705557621373], [0.006203943883186968, 0.01068452294555997, -0.001485685725774967], [0.003558870555762137, -0.0014856857257749669, 0.02511815624045148]], "chi2_level": 0.997, "chi2_df": 3, "chi2_threshold": 13.931422665512084, "N_raw": 65, "N_roi": 65, "N_inlier": 65, "refit": true}
{"timestamp": "14:54:52.340247", "frame": 93, "mu": [-1.7946602299268628, 0.766191505534701, 1.0955223306410093], "Sigma": [[0.008075347268366506, 0.01065106093459697, 0.006536075703841402], [0.01065106093459697, 0.0160425395847254, 0.010069059160271131], [0.0065360757038414015, 0.010069059160271131, 0.02119441163362315]], "chi2_level": 0.997, "chi2_df": 3, "chi2_threshold": 13.931422665512084, "N_raw": 42, "N_roi": 42, "N_inlier": 42, "refit": true}
{"timestamp": "14:54:52.393695", "frame": 94, "mu": [-1.751281611386951, 0.9017269955054753, 1.3012876158137023], "Sigma": [[0.004611250689119286, 0.00417794150873945, 0.0017887657916760618], [0.00417794150873945, 0.00553065350810182, 0.002140135381838752], [0.001788765791676062, 0.002140135381838752, 0.016624742156689742]], "chi2_level": 0.997, "chi2_df": 3, "chi2_threshold": 13.931422665512084, "N_raw": 31, "N_roi": 31, "N_inlier": 31, "refit": true}
{"timestamp": "14:54:52.453449", "frame": 95, "mu": [-1.8178213342917362, 0.9012934901475235, 1.2759772916740235], "Sigma": [[0.009265022827491748, 0.005818035622293223, 0.0013299108900787808], [0.005818035622293223, 0.009295739670298207, -0.005864358701121971], [0.0013299108900787808, -0.005864358701121971, 0.016519247690787033]], "chi2_level": 0.997, "chi2_df": 3, "chi2_threshold": 13.931422665512084, "N_raw": 64, "N_roi": 64, "N_inlier": 63, "refit": true}
{"timestamp": "14:54:52.511889", "frame": 96, "mu": [-1.8624285775192044, 0.9593028237799136, 1.2291047558057706], "Sigma": [[0.01422616024941299, 0.012443039255606183, 0.005783813369516454], [0.012443039255606183, 0.01835682079579597, -0.0022760226490556867], [0.005783813369516454, -0.0022760226490556867, 0.049168970458816186]], "chi2_level": 0.997, "chi2_df": 3, "chi2_threshold": 13.931422665512084, "N_raw": 86, "N_roi": 86, "N_inlier": 85, "refit": true}
{"timestamp": "14:54:52.563626", "frame": 97, "mu": [-1.9260006769523774, 0.9806872564462447, 1.0977664943958485], "Sigma": [[0.011026613137287, 0.009207554590391444, 0.009404890810820663], [0.009207554590391444, 0.009806623651758875, 0.001946254665284973], [0.009404890810820663, 0.0019462546652849744, 0.05088652119813403]], "chi2_level": 0.997, "chi2_df": 3, "chi2_threshold": 13.931422665512084, "N_raw": 58, "N_roi": 58, "N_inlier": 57, "refit": true}
