{"timestamp": "14:54:10.352170", "frame": 4, "mu": [0.8572432870347191, 1.5359455388067502, 1.3397488413266907], "Sigma": [[0.004445953356114917, -0.001991081542318431, -0.0050283980672060895], [-0.001991081542318431, 0.005669402032445886, 0.011619167417209782], [-0.0050283980672060895, 0.011619167417209784, 0.036343660562741326]], "chi2_level": 0.997, "chi2_df": 3, "chi2_threshold": 13.931422665512084, "N_raw": 29, "N_roi": 29, "N_inlier": 28, "refit": true}
{"timestamp": "14:54:10.408117", "frame": 5, "mu": [0.8261069156465475, 1.6011154161600964, 1.4760597449004311], "Sigma": [[0.004716965069903175, -0.0008506718079431869, -0.0008701023756472188], [-0.0008506718079431872, 0.0025491406969500212, 0.0025569013080383074], [-0.0008701023756472188, 0.0025569013080383074, 0.017742663599702318]], "chi2_level": 0.997, "chi2_df": 3, "chi2_threshold": 13.931422665512084, "N_raw": 32, "N_roi": 32, "N_inlier": 30, "refit": true}
{"timestamp": "14:54:10.464499", "frame": 6, "mu": [0.7052498147032239, 1.6870923141065286, 1.2957491531900696], "Sigma": [[0.020311964680557012, -0.014550579177377811, 0.028704138826904226], [-0.014550579177377811, 0.01311679385790928, -0.02286981197297116], [0.028704138826904223, -0.02286981197297116, 0.051296276506264664]], "chi2_level": 0.997, "chi2_df": 3, "chi2_threshold": 13.931422665512084, "N_raw": 42, "N_roi": 42, "N_inlier": 42, "refit": true}
{"timestamp": "14:54:10.516694", "frame": 7, "mu": [0.8567992347569439, 1.5769704057490808, 1.4664783088826248], "Sigma": [[0.004595623264087724, -0.0015405773344756408, 0.000872479111832958], [-0.0015405773344756408, 0.0023072458539500325, -0.0009123063152363722], [0.0008724791118329579, -0.0009123063152363724, 0.01225245726497716]], "chi2_level": 0.997, "chi2_df": 3, "chi2_threshold": 13.931422665512084, "N_raw": 26, "N_roi": 26, "N_inlier": 25, "refit": true}
{"timestamp": "14:54:10.571226", "frame": 8, "mu": [0.852656202378185, 1.5954677339138468, 1.5128149686580639], "Sigma": [[0.00401849227486175, -0.000686597183537567, -0.0010923922679000608], [-0.000686597183537567, 0.001754333319780481, 0.0005292285586288954], [-0.0010923922679000613, 0.0005292285586288954, 0.000671117073653059]], "chi2_level": 0.997, "chi2_df": 3, "chi2_threshold": 13.931422665512084, "N_raw": 20, "N_roi": 20, "N_inlier": 19, "refit": true}
{"timestamp": "14:54:10.626507", "frame": 9, "mu": [0.8237913846816759, 1.5908015697070979, 1.379228846685368], "Sigma": [[0.009041810961177383, -0.004907899475906686, 0.013542365466130694], [-0.004907899475906686, 0.00676205594153844, -0.01059382244740152], [0.013542365466130694, -0.01059382244740152, 0.03386668391926748]], "chi2_level": 0.997, "chi2_df": 3, "chi2_threshold": 13.931422665512084, "N_raw": 22, "N_roi": 21, "N_inlier": 20, "refit": true}
{"timestamp": "14:54:10.680852", "frame": 10, "mu": [0.8021838499311716, 1.5711343599492764, 1.3909094008443714], "Sigma": [[0.0021469223655150122, -0.00048170202569843365, -0.0010314666719321412], [-0.00048170202569843375, 0.0012788243876785087, -0.0004831959091142774], [-0.0010314666719321412, -0.0004831959091142774, 0.0030370957016617956]], "chi2_level": 0.997, "chi2_df": 3, "chi2_threshold": 13.931422665512084, "N_raw": 18, "N_roi": 18, "N_inlier": 17, "refit": true}
{"timestamp": "14:54:10.738819", "frame": 11, "mu": [0.7941552769983087, 1.599495893692767, 1.3009475353463347], "Sigma": [[0.005062081839412103, -0.0035993784263852746, -0.002386193166018747], [-0.003599378426385274, 0.004419757926346032, -0.0011529982025599505], [-0.002386193166018747, -0.0011529982025599505, 0.036642545499231]], "chi2_level": 0.997, "chi2_df": 3, "chi2_threshold": 13.931422665512084, "N_raw": 40, "N_roi": 40, "N_inlier": 39, "refit": true}
{"timestamp": "14:54:10.796660", "frame": 12, "mu": [0.8314381020431214, 1.5361745407251204, 1.3430429151766412], "Sigma": [[0.006535192444284158, -0.0020363064690786283, -0.0033947183735413586], [-0.0020363064690786287, 0.0039348658864862, -0.0010587134527792353], [-0.003394718373541358, -0.001058713452779235, 0.003815184359475965]], "chi2_level": 0.997, "chi2_df": 3, "chi2_threshold": 13.931422665512084, "N_raw": 55, "N_roi": 53, "N_inlier": 52, "refit": true}
{"timestamp": "14:54:10.856353", "frame": 13, "mu": [0.7483666831743851, 1.6981732123418602, -0.23761634646812002], "Sigma": [[0.01650884114560103, -0.007109534151622953, 0.06594947221303929], [-0.007109534151622951, 0.016925899744448553, -0.0884830978459361], [0.06594947221303929, -0.0884830978459361, 0.6941076744391163]], "chi2_level": 0.997, "chi2_df": 3, "chi2_threshold": 13.931422665512084, "N_raw": 84, "N_roi": 81, "N_inlier": 80, "refit": true}
{"timestamp": "14:54:10.910592", "frame": 14, "mu": [0.855405320417829, 1.7059569643064574, -0.6837009219953609], "Sigma": [[0.011261059478496769, 0.0041123487856363754, -0.05240916493290128], [0.0041123487856363754, 0.012401175355365023, -0.05419448968963351], [-0.05240916493290128, -0.0541944896896335, 0.4760521930504615]], "chi2_level": 0.997, "chi2_df": 3, "chi2_threshold": 13.931422665512084, "N_raw": 72, "N_roi": 71, "N_inlier": 69, "refit": true}
{"timestamp": "14:54:10.968342", "frame": 15, "mu": [0.773504950170954, 1.5508903481896628, 1.003602965661935], "Sigma": [[0.007838224294691656, -0.007012381079328474, -0.025624365421682137], [-0.007012381079328474, 0.014198617544273403, 0.057277718697486754], [-0.025624365421682137, 0.057277718697486754, 0.3762984694583989]], "chi2_level": 0.997, "chi2_df": 3, "chi2_threshold": 13.931422665512084, "N_raw": 98, "N_roi": 98, "N_inlier": 97, "refit": true}
{"timestamp": "14:54:11.018017", "frame": 16, "mu": [0.7433386674177942, 1.5861260291428054, 1.2742758865673791], "Sigma": [[0.010128565787591954, -0.009008671941304752, -0.007106158655460006], [-0.009008671941304756, 0.016061675191066653, 0.028167964327898146], [-0.007106158655460004, 0.028167964327898143, 0.2453156942359079]], "chi2_level": 0.997, "chi2_df": 3, "chi2_threshold": 13.931422665512084, "N_raw": 57, "N_roi": 57, "N_inlier": 55, "refit": true}
{"timestamp": "14:54:11.072101", "frame": 17, "mu": [0.7653202623954469, 1.5781191045385092, 1.310694703140225], "Sigma": [[0.007148288476777917, -0.004011953701868591, -0.015195792490988501], [-0.004011953701868591, 0.013889318372001512, 0.041626915511893556], [-0.015195792490988501, 0.04162691551189357, 0.20656690721452564]], "chi2_level": 0.997, "chi2_df": 3, "chi2_threshold": 13.931422665512084, "N_raw": 64, "N_roi": 64, "N_inlier": 63, "refit": true}
{"timestamp": "14:54:11.136573", "frame": 18, "mu": [0.6961246070693426, 1.6133402013374274, 1.080419225272818], "Sigma": [[0.01032212156544447, -0.009015968749446499, 0.0046618772474078755], [-0.009015968749446499, 0.019780938092731154, 0.021286061456226836], [0.004661877247407877, 0.021286061456226836, 0.2386011394053891]], "chi2_level": 0.997, "chi2_df": 3, "chi2_threshold": 13.931422665512084, "N_raw": 101, "N_roi": 101, "N_inlier": 100, "refit": true}
{"timestamp": "14:54:11.191395", "frame": 19, "mu": [0.6866930717697785, 1.5973116224366908, -0.3021913267116749], "Sigma": [[0.009012018461554678, -0.0030536359171290154, 0.06031383843365017], [-0.003053635917129015, 0.018683682323559547, 0.028398357852544364], [0.06031383843365017, 0.02839835785254436, 1.796322003485759]], "chi2_level": 0.997, "chi2_df": 3, "chi2_threshold": 13.931422665512084, "N_raw": 98, "N_roi": 98, "N_inlier": 97, "refit": true}
{"timestamp": "14:54:11.242912", "frame": 20, "mu": [0.6827030995531793, 1.6445985879728475, -0.38976357614087453], "Sigma": [[0.006514545901190644, -0.0005597092123436966, 0.007746442547443248], [-0.0005597092123436969, 0.007433197832471309, 0.011037161420213396], [0.00774644254744325, 0.011037161420213396, 0.637089556666561]], "chi2_level": 0.997, "chi2_df": 3, "chi2_threshold": 13.931422665512084, "N_raw": 75, "N_roi": 75, "N_inlier": 74, "refit": true}
{"timestamp": "14:54:11.298918", "frame": 21, "mu": [0.6594415799667842, 1.599922534780258, 1.341998111775142], "Sigma": [[0.006290893373638722, -0.00035248705459302353, -0.0058673079112413], [-0.00035248705459302364, 0.0027630800588780303, -0.002247118197630738], [-0.0058673079112413, -0.0022471181976307384, 0.03678244943332376]], "chi2_level": 0.997, "chi2_df": 3, "chi2_threshold": 13.931422665512084, "N_raw": 81, "N_roi": 80, "N_inlier": 76, "refit": true}
{"timestamp": "14:54:11.355734", "frame": 22, "mu": [0.5211730305328208, 1.5354462273873186, 0.7998415623313487], "Sigma": [[0.02470647750525712, 0.005502791402362116, 0.09179771803489131], [0.005502791402362116, 0.007120132569612911, 0.04652489062443053], [0.09179771803489131, 0.04652489062443053, 0.5577883693848938]], "chi2_level": 0.997, "chi2_df": 3, "chi2_threshold": 13.931422665512084, "N_raw": 99, "N_roi": 99, "N_inlier": 97, "refit": true}
{"timestamp": "14:54:11.405764", "frame": 23, "mu": [0.5516646327650498, 1.5641046602625341, 1.2391942284501902], "Sigma": [[0.012351658227120742, -0.003454939392363304, 0.009180079334716163], [-0.003454939392363304, 0.005428940673199912, 0.020537226262111435], [0.009180079334716165, 0.020537226262111435, 0.24268804447561823]], "chi2_level": 0.997, "chi2_df": 3, "chi2_threshold": 13.931422665512084, "N_raw": 53, "N_roi": 53, "N_inlier": 51, "refit": true}
{"timestamp": "14:54:11.458659", "frame": 24, "mu": [0.3237380390113302, 1.5098380591695213, 0.23255458564370657], "Sigma": [[0.0200421970124689, -0.002473970563381077, 0.043724521165333916], [-0.002473970563381077, 0.0034593111998323456, 0.013887538201107906], [0.043724521165333916, 0.013887538201107906, 0.31309863609769]], "chi2_level": 0.997, "chi2_df": 3, "chi2_threshold": 13.931422665512084, "N_raw": 47, "N_roi": 47, "N_inlier": 45, "refit": true}
{"timestamp": "14:54:11.521680", "frame": 25, "mu": [0.47028822115620783, 1.5279322259712893, 0.961805154132772], "Sigma": [[0.018505814282253688, 4.6330155549887775e-05, 0.0630245089604774], [4.6330155549887775e-05, 0.0021639074853720686, 0.0019482384137236614], [0.0630245089604774, 0.001948238413723661, 0.33861186569960106]], "chi2_level": 0.997, "chi2_df": 3, "chi2_threshold": 13.931422665512084, "N_raw": 109, "N_roi": 109, "N_inlier": 106, "refit": true}
{"timestamp": "14:54:11.573121", "frame": 26, "mu": [0.4999426863231357, 1.5434538073353943, 1.3140663785920137], "Sigma": [[0.00649312343681773, -0.0019767417432912603, -0.007870350520909404], [-0.0019767417432912603, 0.0030825947152483516, -0.0023001343957222997], [-0.007870350520909404, -0.0023001343957222997, 0.04855277575964301]], "chi2_level": 0.997, "chi2_df": 3, "chi2_threshold": 13.931422665512084, "N_raw": 79, "N_roi": 79, "N_inlier": 74, "refit": true}
{"timestamp": "14:54:11.628422", "frame": 27, "mu": [0.47422565079288936, 1.583117485991104, -0.28310450273672644], "Sigma": [[0.0069172864995609195, -0.0007774571778487473, 0.01358667688107882], [-0.0007774571778487471, 0.008026605256487476, -0.029477683567485], [0.01358667688107882, -0.029477683567485, 0.493656088764369]], "chi2_level": 0.997, "chi2_df": 3, "chi2_threshold": 13.931422665512084, "N_raw": 80, "N_roi": 80, "N_inlier": 78, "refit": true}
{"timestamp": "14:54:11.680107", "frame": 28, "mu": [0.4124234261187283, 1.5076863747780371, 1.3875846274369854], "Sigma": [[0.00453137998753653, -0.00021180423033252734, -0.00419879162240395], [-0.00021180423033252734, 0.0015288841556133916, 6.261512386856701e-05], [-0.00419879162240395, 6.261512386856712e-05, 0.02065867901896231]], "chi2_level": 0.997, "chi2_df": 3, "chi2_threshold": 13.931422665512084, "N_raw": 55, "N_roi": 55, "N_inlier": 50, "refit": true}
{"timestamp": "14:54:11.734854", "frame": 29, "mu": [0.3912283837098581, 1.5280966112064265, 1.3813555160874678], "Sigma": [[0.0038946631852417955, -0.00014142319942658243, -0.0015924120665406168], [-0.00014142319942658248, 0.004064681913256411, 0.0010618829136704458], [-0.0015924120665406168, 0.0010618829136704454, 0.030537896913517396]], "chi2_level": 0.997, "chi2_df": 3, "chi2_threshold": 13.931422665512084, "N_raw": 67, "N_roi": 67, "N_inlier": 66, "refit": true}
{"timestamp": "14:54:11.794875", "frame": 30, "mu": [0.3314016790338264, 1.5217215704881608, 1.28215051582775], "Sigma": [[0.005330290042509828, -0.0023226048939740144, 0.003478412871842599], [-0.0023226048939740144, 0.007760049576913204, -0.008809851838927452], [0.003478412871842599, -0.008809851838927452, 0.020329852266129662]], "chi2_level": 0.997, "chi2_df": 3, "chi2_threshold": 13.931422665512084, "N_raw": 99, "N_roi": 99, "N_inlier": 95, "refit": true}
{"timestamp": "14:54:11.843726", "frame": 31, "mu": [0.31989933339079757, 1.4532382490821645, 1.2097309284796491], "Sigma": [[0.004001768311108141, -0.0030388035668073776, -0.0031307807098701628], [-0.0030388035668073776, 0.00839800564274015, 0.010354651245904232], [-0.0031307807098701623, 0.010354651245904232, 0.16158256109584335]], "chi2_level": 0.997, "chi2_df": 3, "chi2_threshold": 13.931422665512084, "N_raw": 51, "N_roi": 51, "N_inlier": 49, "refit": true}
{"timestamp": "14:54:11.900472", "frame": 32, "mu": [0.32802310589361056, 1.5253447327265872, -0.6678798557898129], "Sigma": [[0.004568533948332768, 0.0027131999026162373, 0.009952404674279585], [0.0027131999026162373, 0.008903014789098872, 0.0070548501440009445], [0.009952404674279585, 0.0070548501440009445, 0.04288858488318293]], "chi2_level": 0.997, "chi2_df": 3, "chi2_threshold": 13.931422665512084, "N_raw": 67, "N_roi": 66, "N_inlier": 66, "refit": true}
{"timestamp": "14:54:11.960127", "frame": 33, "mu": [0.246277285832944, 1.5132975312736057, 0.9028578295281087], "Sigma": [[0.006769659211238167, -0.0028884322950513547, 0.02713060125286156], [-0.0028884322950513547, 0.008549917006814971, -0.02647035861872714], [0.027130601252861562, -0.02647035861872714, 0.42421331049779076]], "chi2_level": 0.997, "chi2_df": 3, "chi2_threshold": 13.931422665512084, "N_raw": 95, "N_roi": 94, "N_inlier": 94, "refit": true}
{"timestamp": "14:54:12.006957", "frame": 34, "mu": [0.21043810959746367, 1.410040322373559, 1.078566387631154], "Sigma": [[0.004356095504757324, -0.003620801767824134, 0.019037968914869717], [-0.003620801767824134, 0.007370430500212203, -0.025654024604715532], [0.019037968914869717, -0.02565402460471553, 0.189824643411163]], "chi2_level": 0.997, "chi2_df": 3, "chi2_threshold": 13.931422665512084, "N_raw": 33, "N_roi": 33, "N_inlier": 33, "refit": true}
{"timestamp": "14:54:12.068413", "frame": 35, "mu": [0.11014887560659022, 1.4958936729729242, 0.970637989301676], "Sigma": [[0.01572046419356813, -0.0063594481937129035, 0.05456577726870028], [-0.0063594481937129035, 0.008289408355264033, -0.02003738414065176], [0.05456577726870029, -0.020037384140651752, 0.42286917678246644]], "chi2_level": 0.997, "chi2_df": 3, "chi2_threshold": 13.931422665512084, "N_raw": 85, "N_roi": 85, "N_inlier": 84, "refit": true}
{"timestamp": "14:54:12.114501", "frame": 36, "mu": [0.16848154262514478, 1.369770578026022, 0.6446806963696642], "Sigma": [[0.015121508947476625, -0.00799243974837991, 0.03991185442352688], [-0.00799243974837991, 0.008982758222086324, -0.026085836784675076], [0.03991185442352688, -0.026085836784675076, 0.18381019717290883]], "chi2_level": 0.997, "chi2_df": 3, "chi2_threshold": 13.931422665512084, "N_raw": 19, "N_roi": 19, "N_inlier": 17, "refit": true}
{"timestamp": "14:54:12.169380", "frame": 37, "mu": [0.08003737599723947, 1.621681329580761, -0.47159129288026264], "Sigma": [[0.007490389926717714, -0.010490225236106177, 0.033129667807585216], [-0.010490225236106177, 0.020824268302408185, -0.056862473525004134], [0.033129667807585216, -0.05686247352500414, 0.19597063583094662]], "chi2_level": 0.997, "chi2_df": 3, "chi2_threshold": 13.931422665512084, "N_raw": 23, "N_roi": 23, "N_inlier": 23, "refit": true}
{"timestamp": "14:54:12.224428", "frame": 38, "mu": [-0.26604771045551495, 1.8640238144938777, -1.164665011048775], "Sigma": [[0.045584895140117675, -0.025642474457764047, 0.13002434218639236], [-0.025642474457764047, 0.020143995514853748, -0.09036544268045266], [0.13002434218639236, -0.09036544268045266, 0.4338773111423993]], "chi2_level": 0.997, "chi2_df": 3, "chi2_threshold": 13.931422665512084, "N_raw": 18, "N_roi": 18, "N_inlier": 18, "refit": true}
{"timestamp": "14:54:12.282823", "frame": 39, "mu": [-0.007726701184740195, 1.5038587263314787, 1.1837495245317968], "Sigma": [[0.015492419536648929, -0.001500044367404237, -0.06473100007979804], [-0.001500044367404237, 0.0024141182196055063, 0.0034706248484675994], [-0.06473100007979804, 0.0034706248484676, 0.3622737200619214]], "chi2_level": 0.997, "chi2_df": 3, "chi2_threshold": 13.931422665512084, "N_raw": 48, "N_roi": 48, "N_inlier": 46, "refit": true}
{"timestamp": "14:54:12.342319", "frame": 40, "mu": [-0.021625130941552433, 1.512640702993668, 1.33429317867614], "Sigma": [[0.004105111761655458, -0.00046659653585999, -0.006468151751649163], [-0.0004665965358599899, 0.00394516311576395, -0.0026478173050549733], [-0.006468151751649163, -0.0026478173050549733, 0.02321615061796932]], "chi2_level": 0.997, "chi2_df": 3, "chi2_threshold": 13.931422665512084, "N_raw": 76, "N_roi": 76, "N_inlier": 72, "refit": true}
{"timestamp": "14:54:12.396298", "frame": 41, "mu": [-0.13105180484145304, 1.5103487304144472, 1.4745747538556109], "Sigma": [[0.006111881591761993, -0.003372029511402794, -0.007008615070283987], [-0.003372029511402794, 0.006438029460750547, 0.0025295137391855775], [-0.007008615070283987, 0.0025295137391855775, 0.009963113145660554]], "chi2_level": 0.997, "chi2_df": 3, "chi2_threshold": 13.931422665512084, "N_raw": 69, "N_roi": 69, "N_inlier": 65, "refit": true}
{"timestamp": "14:54:12.448631", "frame": 42, "mu": [-0.10578433564343907, 1.5928290357936559, -0.3453389536363126], "Sigma": [[0.004518887829718348, 0.001378566156010533, -0.01912455115629465], [0.001378566156010533, 0.01408282220311681, -0.03900920767667561], [-0.019124551156294647, -0.03900920767667561, 0.19497523646927387]], "chi2_level": 0.997, "chi2_df": 3, "chi2_threshold": 13.931422665512084, "N_raw": 48, "N_roi": 48, "N_inlier": 48, "refit": true}
{"timestamp": "14:54:12.504503", "frame": 43, "mu": [-0.23928324714078295, 1.4675083115329135, 1.3378917892576567], "Sigma": [[0.0036999308406442995, -0.0028929782178829426, -0.00601478001728188], [-0.0028929782178829426, 0.007842738211397474, 0.003938669658752312], [-0.00601478001728188, 0.003938669658752312, 0.022589042173356805]], "chi2_level": 0.997, "chi2_df": 3, "chi2_threshold": 13.931422665512084, "N_raw": 54, "N_roi": 54, "N_inlier": 50, "refit": true}
{"timestamp": "14:54:12.559669", "frame": 44, "mu": [-0.29561149718759383, 1.485030102925455, 1.4019827079939455], "Sigma": [[0.005818031766745508, -0.002646014339016546, -0.015519802765181369], [-0.0026460143390165465, 0.006440579628477668, 0.007827971252405147], [-0.015519802765181369, 0.007827971252405147, 0.08872417959939655]], "chi2_level": 0.997, "chi2_df": 3, "chi2_threshold": 13.931422665512084, "N_raw": 59, "N_roi": 59, "N_inlier": 56, "refit": true}
{"timestamp": "14:54:12.614829", "frame": 45, "mu": [-0.2787165540323852, 1.4360911855292124, 0.9268944012037144], "Sigma": [[0.006474253266086908, -0.0032693688201982547, -0.017409295127525686], [-0.0032693688201982547, 0.005098356333723248, 0.019482699095748846], [-0.017409295127525686, 0.019482699095748846, 0.14594358358934967]], "chi2_level": 0.997, "chi2_df": 3, "chi2_threshold": 13.931422665512084, "N_raw": 54, "N_roi": 54, "N_inlier": 53, "refit": true}
{"timestamp": "14:54:12.669975", "frame": 46, "mu": [-0.2504593798068793, 1.4126790671257279, 0.7916370869604685], "Sigma": [[0.006188669452566361, -0.0013639766626686548, 0.004777157681806835], [-0.0013639766626686546, 0.0023159311331342677, -0.004645833641746649], [0.004777157681806835, -0.004645833641746649, 0.04881261935856948]], "chi2_level": 0.997, "chi2_df": 3, "chi2_threshold": 13.931422665512084, "N_raw": 64, "N_roi": 64, "N_inlier": 61, "refit": true}
{"timestamp": "14:54:12.728470", "frame": 47, "mu": [-0.36339779628989166, 1.5776525941960824, -0.5566284873071928], "Sigma": [[0.005437174917687888, 0.001955506892234486, 0.0018218306964768215], [0.001955506892234486, 0.029391885052455193, -0.03938474216587545], [0.001821830696476821, -0.03938474216587546, 0.14933169340365363]], "chi2_level": 0.997, "chi2_df": 3, "chi2_threshold": 13.931422665512084, "N_raw": 83, "N_roi": 83, "N_inlier": 82, "refit": true}
{"timestamp": "14:54:12.784647", "frame": 48, "mu": [-0.3861007127172945, 1.5646375788855034, -0.4119194468329267], "Sigma": [[0.005167132890900767, 0.0005349686367866343, 0.004818254363740513], [0.0005349686367866344, 0.011884038374439345, 0.004272976198074572], [0.004818254363740513, 0.004272976198074572, 0.023591127910464648]], "chi2_level": 0.997, "chi2_df": 3, "chi2_threshold": 13.931422665512084, "N_raw": 88, "N_roi": 88, "N_inlier": 84, "refit": true}
{"timestamp": "14:54:12.838517", "frame": 49, "mu": [-0.37836633006784737, 1.3877792457406295, 1.1617562726456907], "Sigma": [[0.005808959870915016, -0.002042962171401426, -0.01319507224659992], [-0.002042962171401426, 0.0037107599608227357, 0.006238525888120886], [-0.013195072246599918, 0.006238525888120886, 0.08083279837952806]], "chi2_level": 0.997, "chi2_df": 3, "chi2_threshold": 13.931422665512084, "N_raw": 86, "N_roi": 86, "N_inlier": 82, "refit": true}
{"timestamp": "14:54:12.897974", "frame": 50, "mu": [-0.44027866556202455, 1.4311324476214127, 1.0332938759311712], "Sigma": [[0.006315733134006786, 0.0002654549441318193, 0.0060883626258921904], [0.0002654549441318194, 0.0029358016883608423, 0.0077267747964162616], [0.0060883626258921904, 0.0077267747964162616, 0.2969107473108737]], "chi2_level": 0.997, "chi2_df": 3, "chi2_threshold": 13.931422665512084, "N_raw": 113, "N_roi": 113, "N_inlier": 112, "refit": true}
{"timestamp": "14:54:12.945310", "frame": 51, "mu": [-0.48646292318930556, 1.484267981228735, 1.351353506843026], "Sigma": [[0.004668928414934486, 4.360938971734926e-05, -0.002961126740948685], [4.360938971734921e-05, 0.0031691876636412855, -0.0023045541392124583], [-0.002961126740948685, -0.0023045541392124583, 0.0038058855778981496]], "chi2_level": 0.997, "chi2_df": 3, "chi2_threshold": 13.931422665512084, "N_raw": 56, "N_roi": 56, "N_inlier": 51, "refit": true}
{"timestamp": "14:54:13.005668", "frame": 52, "mu": [-0.5477444397234471, 1.407913824139755, 1.2209426792475369], "Sigma": [[0.005986862055607915, -0.0015787415755368086, -0.010451710969496661], [-0.0015787415755368086, 0.005637591601299373, -0.0009916886878090574], [-0.010451710969496661, -0.0009916886878090577, 0.044932496921174084]], "chi2_level": 0.997, "chi2_df": 3, "chi2_threshold": 13.931422665512084, "N_raw": 104, "N_roi": 102, "N_inlier": 98, "refit": true}
{"timestamp": "14:54:13.059415", "frame": 53, "mu": [-0.6233092496478663, 1.3962959143367548, -0.2916023190801021], "Sigma": [[0.0058475046928548316, -0.0009677027061179659, 0.02569892835898754], [-0.0009677027061179655, 0.010960092051258521, 0.025738937407199746], [0.025698928358987544, 0.02573893740719975, 0.5284790664326172]], "chi2_level": 0.997, "chi2_df": 3, "chi2_threshold": 13.931422665512084, "N_raw": 91, "N_roi": 89, "N_inlier": 89, "refit": true}
{"timestamp": "14:54:13.122002", "frame": 54, "mu": [-0.6223559940296493, 1.6094462579364295, -0.6261575309545444], "Sigma": [[0.008132819223402879, 0.010503374781255188, -0.01059993160523326], [0.010503374781255188, 0.04419226183878643, -0.053418511144592055], [-0.010599931605233258, -0.053418511144592055, 0.15773183866276572]], "chi2_level": 0.997, "chi2_df": 3, "chi2_threshold": 13.931422665512084, "N_raw": 150, "N_roi": 150, "N_inlier": 150, "refit": true}
{"timestamp": "14:54:13.174664", "frame": 55, "mu": [-0.6573019024976389, 1.5944324475685379, -0.5383865850971274], "Sigma": [[0.009072331937622578, 0.010964430532100741, -0.014290485101744691], [0.010964430532100741, 0.03356404336376205, -0.03994259984380355], [-0.014290485101744691, -0.03994259984380355, 0.14862628032204894]], "chi2_level": 0.997, "chi2_df": 3, "chi2_threshold": 13.931422665512084, "N_raw": 123, "N_roi": 123, "N_inlier": 123, "refit": true}
{"timestamp": "14:54:13.228640", "frame": 56, "mu": [-0.6884271010376216, 1.4063644870317067, 0.977636677214456], "Sigma": [[0.015550505526127065, 0.006662802118474188, -0.047676548048487886], [0.006662802118474188, 0.01162759090241121, -0.026349886756487424], [-0.047676548048487886, -0.026349886756487424, 0.23905364301956694]], "chi2_level": 0.997, "chi2_df": 3, "chi2_threshold": 13.931422665512084, "N_raw": 121, "N_roi": 121, "N_inlier": 121, "refit": true}
{"timestamp": "14:54:13.282932", "frame": 57, "mu": [-0.7251724365910533, 1.4609396437703355, 1.0716615085496206], "Sigma": [[0.009580077728184207, 0.0028377156257607767, -0.03312402176008951], [0.0028377156257607767, 0.0054398688571928, -0.01555883517594148], [-0.03312402176008951, -0.015558835175941477, 0.22542518034849393]], "chi2_level": 0.997, "chi2_df": 3, "chi2_threshold": 13.931422665512084, "N_raw": 108, "N_roi": 108, "N_inlier": 105, "refit": true}
{"timestamp": "14:54:13.335522", "frame": 58, "mu": [-0.7752289079582972, 1.443567484664044, 0.9657626594635363], "Sigma": [[0.008062967797885292, 0.00502766853429328, -0.030680877190649096], [0.00502766853429328, 0.011176543238094276, -0.03922015257831512], [-0.030680877190649096, -0.03922015257831512, 0.24794873243842136]], "chi2_level": 0.997, "chi2_df": 3, "chi2_threshold": 13.931422665512084, "N_raw": 98, "N_roi": 98, "N_inlier": 96, "refit": true}
{"timestamp": "14:54:13.388945", "frame": 59, "mu": [-0.8148048451279929, 1.4672845223136366, 1.4046679890400298], "Sigma": [[0.006619585385410795, 0.001941417532818694, -0.004011802303100644], [0.0019414175328186945, 0.007370084157615024, -0.005178841465862926], [-0.004011802303100644, -0.005178841465862926, 0.007257350388803014]], "chi2_level": 0.997, "chi2_df": 3, "chi2_threshold": 13.931422665512084, "N_raw": 82, "N_roi": 82, "N_inlier": 75, "refit": true}
{"timestamp": "14:54:13.440333", "frame": 60, "mu": [-0.8891945631016228, 1.523848086931448, -0.12927774705206646], "Sigma": [[0.0363061073121466, 0.02788201319821409, -0.011251495265403614], [0.02788201319821409, 0.02693198234666122, -0.007596667121258573], [-0.011251495265403616, -0.007596667121258573, 0.008752612195845987]], "chi2_level": 0.997, "chi2_df": 3, "chi2_threshold": 13.931422665512084, "N_raw": 64, "N_roi": 62, "N_inlier": 60, "refit": true}
{"timestamp": "14:54:13.498313", "frame": 61, "mu": [-0.8475099145231795, 1.467677804645342, 1.3348159090240597], "Sigma": [[0.007757434065422576, 0.0008722017762874017, -0.003855365021108403], [0.0008722017762874017, 0.005650273510963894, -0.004427448551396213], [-0.0038553650211084027, -0.004427448551396213, 0.008713428683378955]], "chi2_level": 0.997, "chi2_df": 3, "chi2_threshold": 13.931422665512084, "N_raw": 87, "N_roi": 87, "N_inlier": 80, "refit": true}
{"timestamp": "14:54:13.550132", "frame": 62, "mu": [-0.8605600921593762, 1.444430869362363, 1.19012396651649], "Sigma": [[0.005667881663349051, 0.0010477262960894725, -0.0038639824283134556], [0.0010477262960894725, 0.0018669753181590847, -0.004822114912269811], [-0.003863982428313456, -0.00482211491226981, 0.05182612156846719]], "chi2_level": 0.997, "chi2_df": 3, "chi2_threshold": 13.931422665512084, "N_raw": 62, "N_roi": 62, "N_inlier": 59, "refit": true}
{"timestamp": "14:54:13.604148", "frame": 63, "mu": [-0.8611508373509695, 1.4741075250872635, 1.069160932003813], "Sigma": [[0.006669132338705203, -0.0011619542343204547, 0.0036751816193988656], [-0.0011619542343204547, 0.00317523594328008, -0.0049635521850552545], [0.003675181619398865, -0.004963552185055254, 0.055812658998952866]], "chi2_level": 0.997, "chi2_df": 3, "chi2_threshold": 13.931422665512084, "N_raw": 59, "N_roi": 59, "N_inlier": 57, "refit": true}
{"timestamp": "14:54:13.663008", "frame": 64, "mu": [-0.9137833891911308, 1.5430195984490098, 1.322885941109563], "Sigma": [[0.006805462825174343, 0.0029041249178336417, -0.004044846026380001], [0.0029041249178336417, 0.011243138445778874, 0.0016218044830225782], [-0.004044846026380001, 0.0016218044830225784, 0.023168605824605247]], "chi2_level": 0.997, "chi2_df": 3, "chi2_threshold": 13.931422665512084, "N_raw": 80, "N_roi": 80, "N_inlier": 73, "refit": true}
{"timestamp": "14:54:13.713709", "frame": 65, "mu": [-0.8835019489545236, 1.6287814700385514, 1.407499381391263], "Sigma": [[0.0074596532701502495, -0.00010521941558902737, -0.004512908434696563], [-0.00010521941558902748, 0.004840130983409575, 2.9313216270914584e-06], [-0.004512908434696563, 2.9313216270915126e-06, 0.008845370782667098]], "chi2_level": 0.997, "chi2_df": 3, "chi2_threshold": 13.931422665512084, "N_raw": 57, "N_roi": 57, "N_inlier": 54, "refit": true}
{"timestamp": "14:54:13.774696", "frame": 66, "mu": [-0.8314895062277898, 1.5373260423223143, 0.925332609689902], "Sigma": [[0.008447247340255233, -0.0019547722078998284, -0.01613972677174616], [-0.0019547722078998284, 0.03267857950265619, 0.08704910120465226], [-0.01613972677174616, 0.08704910120465226, 0.2963486753243028]], "chi2_level": 0.997, "chi2_df": 3, "chi2_threshold": 13.931422665512084, "N_raw": 92, "N_roi": 92, "N_inlier": 90, "refit": true}
{"timestamp": "14:54:13.826339", "frame": 67, "mu": [-0.8264253597331384, 1.6595403552743784, 1.0041323957177501], "Sigma": [[0.06474013214358719, 0.01740591676914094, -0.1017729926734379], [0.01740591676914094, 0.011744203846480762, -0.011866481496798923], [-0.1017729926734379, -0.011866481496798923, 0.26289804878690254]], "chi2_level": 0.997, "chi2_df": 3, "chi2_threshold": 13.931422665512084, "N_raw": 67, "N_roi": 67, "N_inlier": 62, "refit": true}
{"timestamp": "14:54:13.885553", "frame": 68, "mu": [-0.9389707643011208, 1.8750849558636562, -0.30636870665667193], "Sigma": [[0.009580552327455628, 0.0025143986648286953, -0.001608746189409234], [0.002514398664828695, 0.010502330357607675, -0.027324179440132774], [-0.001608746189409235, -0.027324179440132774, 0.11015316212798326]], "chi2_level": 0.997, "chi2_df": 3, "chi2_threshold": 13.931422665512084, "N_raw": 98, "N_roi": 98, "N_inlier": 96, "refit": true}
{"timestamp": "14:54:13.947291", "frame": 69, "mu": [-0.9239092561155096, 1.6474076671540674, 0.8778844897208721], "Sigma": [[0.010196560986419046, 0.002534450140973984, 0.004354774680947264], [0.002534450140973984, 0.010167640518194526, 0.02919338534232315], [0.004354774680947264, 0.02919338534232315, 0.2207093527196454]], "chi2_level": 0.997, "chi2_df": 3, "chi2_threshold": 13.931422665512084, "N_raw": 136, "N_roi": 136, "N_inlier": 136, "refit": true}
{"timestamp": "14:54:13.997716", "frame": 70, "mu": [-1.001327205167388, 1.9033196133339318, -0.4369621231201938], "Sigma": [[0.015444047974100586, 0.0004710900887976317, 0.015524886238886875], [0.00047109008879763175, 0.006643202401909967, -0.02383574991087003], [0.015524886238886875, -0.02383574991087003, 0.1391725225601911]], "chi2_level": 0.997, "chi2_df": 3, "chi2_threshold": 13.931422665512084, "N_raw": 105, "N_roi": 105, "N_inlier": 100, "refit": true}
{"timestamp": "14:54:14.059206", "frame": 71, "mu": [-1.0110660935860316, 1.734206227163783, 0.9055104153565567], "Sigma": [[0.013838342880932367, 0.002594632524967811, 0.02536304990125632], [0.002594632524967811, 0.00413589721987929, 0.003916105868915802], [0.025363049901256325, 0.003916105868915801, 0.14910230498216528]], "chi2_level": 0.997, "chi2_df": 3, "chi2_threshold": 13.931422665512084, "N_raw": 150, "N_roi": 150, "N_inlier": 137, "refit": true}
{"timestamp": "14:54:14.111869", "frame": 72, "mu": [-0.9941809526456515, 2.013097925775482, -0.5071507249503036], "Sigma": [[0.014593067105342847, -0.0071274445095046626, 0.023545453647789684], [-0.0071274445095046626, 0.01557502752664454, -0.0425261183052111], [0.023545453647789687, -0.0425261183052111, 0.145701030526828]], "chi2_level": 0.997, "chi2_df": 3, "chi2_threshold": 13.931422665512084, "N_raw": 130, "N_roi": 130, "N_inlier": 126, "refit": true}
{"timestamp": "14:54:14.161744", "frame": 73, "mu": [-1.0628045418460648, 1.8435735581464772, 0.9496409027682154], "Sigma": [[0.015980576337349235, -0.002225538230001688, 0.022359248023425718], [-0.002225538230001688, 0.003779330984185718, -0.017039153501402463], [0.022359248023425718, -0.017039153501402463, 0.1693843067147677]], "chi2_level": 0.997, "chi2_df": 3, "chi2_threshold": 13.931422665512084, "N_raw": 104, "N_roi": 104, "N_inlier": 101, "refit": true}
{"timestamp": "14:54:14.207088", "frame": 74, "mu": [-0.9335980482746007, 1.943948733231064, 0.9041684606313671], "Sigma": [[0.010626164807305468, 0.002498531229682106, 0.02689958179046864], [0.002498531229682106, 0.003971380847144002, 0.0023029051579317576], [0.026899581790468637, 0.0023029051579317567, 0.19408622226202712]], "chi2_level": 0.997, "chi2_df": 3, "chi2_threshold": 13.931422665512084, "N_raw": 32, "N_roi": 32, "N_inlier": 31, "refit": true}
{"timestamp": "14:54:14.267002", "frame": 75, "mu": [-0.9561570127476313, 1.9015490498290577, 1.2006118874763585], "Sigma": [[0.007959047626959806, 0.0008870489508428245, -0.006321009606100898], [0.0008870489508428245, 0.0028932720509953942, -0.005528358101941842], [-0.006321009606100898, -0.005528358101941842, 0.03917105392583674]], "chi2_level": 0.997, "chi2_df": 3, "chi2_threshold": 13.931422665512084, "N_raw": 80, "N_roi": 80, "N_inlier": 77, "refit": true}
{"timestamp": "14:54:14.321388", "frame": 76, "mu": [-0.9601920530490458, 2.0469577917622876, -0.15078035990403105], "Sigma": [[0.00926641457514757, 0.0007034844344120484, -0.004548711854845185], [0.0007034844344120483, 0.00684467089379222, -0.004558778609056361], [-0.004548711854845185, -0.004558778609056361, 0.007428494926586191]], "chi2_level": 0.997, "chi2_df": 3, "chi2_threshold": 13.931422665512084, "N_raw": 72, "N_roi": 72, "N_inlier": 67, "refit": true}
{"timestamp": "14:54:14.375962", "frame": 77, "mu": [-0.9540472752689607, 2.101721917338989, -0.2727812565762306], "Sigma": [[0.008544058242004911, 0.0007705331357510956, -0.003661661658039834], [0.0007705331357510956, 0.007316152570771824, -0.007386470821649332], [-0.003661661658039834, -0.007386470821649333, 0.016990915731417075]], "chi2_level": 0.997, "chi2_df": 3, "chi2_threshold": 13.931422665512084, "N_raw": 73, "N_roi": 73, "N_inlier": 68, "refit": true}
{"timestamp": "14:54:14.431843", "frame": 78, "mu": [-0.9667393832026069, 1.982999386411218, 1.0681366309163298], "Sigma": [[0.00989916412047276, 0.0002143820686152763, -0.0005006475747768432], [0.0002143820686152763, 0.0009118829074137674, -0.0010504756215739092], [-0.0005006475747768432, -0.0010504756215739092, 0.038750968042991885]], "chi2_level": 0.997, "chi2_df": 3, "chi2_threshold": 13.931422665512084, "N_raw": 72, "N_roi": 72, "N_inlier": 69, "refit": true}
{"timestamp": "14:54:14.487662", "frame": 79, "mu": [-0.9505304563777615, 2.0369691674709354, 1.0604862672134214], "Sigma": [[0.008248820914190729, -0.00012502718559674652, -0.007111094066153884], [-0.00012502718559674695, 0.0052510409979332024, 0.013081920826245524], [-0.007111094066153883, 0.013081920826245524, 0.2364460705388434]], "chi2_level": 0.997, "chi2_df": 3, "chi2_threshold": 13.931422665512084, "N_raw": 77, "N_roi": 77, "N_inlier": 75, "refit": true}
{"timestamp": "14:54:14.547928", "frame": 80, "mu": [-1.066053716064578, 2.3244708931082343, -0.28870624031992337], "Sigma": [[0.015301042000668749, -0.009468800411553771, 0.0177351800598236], [-0.009468800411553771, 0.05105143293107749, -0.10018789428967752], [0.0177351800598236, -0.10018789428967752, 0.22963831510886515]], "chi2_level": 0.997, "chi2_df": 3, "chi2_threshold": 13.931422665512084, "N_raw": 110, "N_roi": 110, "N_inlier": 109, "refit": true}
{"timestamp": "14:54:14.603660", "frame": 81, "mu": [-1.0104512147271851, 2.186638169936635, 0.9531741432798866], "Sigma": [[0.011179875973777316, -0.0009356422801728932, -0.006015978231985327], [-0.000935642280172893, 0.005684455812791106, -0.016622394666578156], [-0.006015978231985325, -0.01662239466657816, 0.2439912600915563]], "chi2_level": 0.997, "chi2_df": 3, "chi2_threshold": 13.931422665512084, "N_raw": 118, "N_roi": 116, "N_inlier": 116, "refit": true}
{"timestamp": "14:54:14.659265", "frame": 82, "mu": [-1.0079545780475503, 2.3926252067145337, -0.4787932864955794], "Sigma": [[0.014176154557271633, 0.00045482422911687775, -0.004500704267384262], [0.0004548242291168777, 0.011951721948004633, -0.032813293014915056], [-0.004500704267384263, -0.03281329301491506, 0.13734251780197068]], "chi2_level": 0.997, "chi2_df": 3, "chi2_threshold": 13.931422665512084, "N_raw": 121, "N_roi": 121, "N_inlier": 121, "refit": true}
{"timestamp": "14:54:14.708638", "frame": 83, "mu": [-1.01998070991809, 2.2033847107906332, 0.8744402624068798], "Sigma": [[0.012821398706376589, 0.0012947772078385554, -0.010453248161624785], [0.0012947772078385554, 0.010252036435222775, 0.017644976258174724], [-0.010453248161624783, 0.017644976258174724, 0.2382598938446015]], "chi2_level": 0.997, "chi2_df": 3, "chi2_threshold": 13.931422665512084, "N_raw": 83, "N_roi": 83, "N_inlier": 83, "refit": true}
{"timestamp": "14:54:14.766078", "frame": 84, "mu": [-1.0439272062195175, 2.500962006254701, -0.5008936392793651], "Sigma": [[0.00986231841595723, 0.0004161122578845565, 0.002390935967602703], [0.00041611225788455676, 0.018707694148192962, -0.0685772443738678], [0.002390935967602704, -0.06857724437386778, 0.2977906102949593]], "chi2_level": 0.997, "chi2_df": 3, "chi2_threshold": 13.931422665512084, "N_raw": 95, "N_roi": 95, "N_inlier": 95, "refit": true}
{"timestamp": "14:54:14.822162", "frame": 85, "mu": [-1.107924540515168, 2.583740470729509, -0.6247816638165765], "Sigma": [[0.009091090041306897, 0.0021964408739932346, -0.004074510556437349], [0.0021964408739932346, 0.020873093690485026, -0.06462281107863699], [-0.004074510556437349, -0.06462281107863699, 0.23999313967113026]], "chi2_level": 0.997, "chi2_df": 3, "chi2_threshold": 13.931422665512084, "N_raw": 102, "N_roi": 102, "N_inlier": 102, "refit": true}
{"timestamp": "14:54:14.876198", "frame": 86, "mu": [-1.0622984674916036, 2.3769889961222246, 1.054380809394804], "Sigma": [[0.015307980075369453, -0.0029531266483840855, 0.018811271795478937], [-0.0029531266483840855, 0.007497856987950371, -0.02055026087112776], [0.01881127179547894, -0.02055026087112776, 0.18487739638543257]], "chi2_level": 0.997, "chi2_df": 3, "chi2_threshold": 13.931422665512084, "N_raw": 101, "N_roi": 101, "N_inlier": 101, "refit": true}
{"timestamp": "14:54:14.925010", "frame": 87, "mu": [-1.129913567130256, 2.4944893494069587, 0.6111410493969658], "Sigma": [[0.008148824626151243, 0.0013846318078532655, 0.005198215938827735], [0.0013846318078532655, 0.002055184628693006, -0.01235234430485859], [0.005198215938827736, -0.012352344304858588, 0.22329136906370511]], "chi2_level": 0.997, "chi2_df": 3, "chi2_threshold": 13.931422665512084, "N_raw": 53, "N_roi": 53, "N_inlier": 52, "refit": true}
{"timestamp": "14:54:14.981983", "frame": 88, "mu": [-1.029843879247874, 2.5028455681109176, -0.6706240120844617], "Sigma": [[0.011128053913972728, 0.005849589400191122, 0.030715293286048398], [0.005849589400191122, 0.027465176498460978, -0.006521897942273971], [0.030715293286048398, -0.006521897942273964, 0.15821549266356855]], "chi2_level": 0.997, "chi2_df": 3, "chi2_threshold": 13.931422665512084, "N_raw": 66, "N_roi": 64, "N_inlier": 63, "refit": true}
{"timestamp": "14:54:15.035872", "frame": 89, "mu": [-1.1491186798999857, 2.4443398744443416, 1.1007608175173424], "Sigma": [[0.01470389339351293, 0.0015484934444969175, 0.0038402186724828436], [0.0015484934444969175, 0.002312492833892074, -0.0037280899954359303], [0.003840218672482844, -0.00372808999543593, 0.01518193969169748]], "chi2_level": 0.997, "chi2_df": 3, "chi2_threshold": 13.931422665512084, "N_raw": 62, "N_roi": 62, "N_inlier": 58, "refit": true}
